3 5
0 10 7 12 9 13 1 11 14 5 8 2 6 4 3
3 4 1 13 7 6 12 11 10 9 5 2 0 14 8
10 5 6 2 1 7 12 13 4 11 3 0 14 8 9
5 7 2 10 6 4 1 13 8 9 12 14 11 3 0
4 2 8 1 10 14 0 13 9 5 6 7 3 11 12
8 0 14 9 3 5 1 10 7 12 13 2 11 6 4
4 10 7 2 0 13 1 5 6 3 12 11 9 8 14
4 14 0 8 6 12 7 1 2 13 5 10 3 9 11
1 8 4 11 7 10 13 3 2 6 9 12 5 14 0
5 4 8 14 1 6 11 10 3 9 7 12 0 13 2
8 3 6 1 13 5 9 7 4 11 0 2 10 12 14
6 12 14 13 1 8 4 7 11 5 3 10 9 0 2
2 3 1 12 5 11 7 9 13 14 4 6 8 0 10
9 12 11 4 5 0 8 7 6 10 2 1 14 13 3
12 14 3 0 2 8 11 1 13 9 6 10 7 5 4
13 2 4 0 8 10 3 12 1 6 7 5 11 9 14
3 0 8 2 4 12 7 5 14 9 1 13 10 6 11
2 1 10 12 5 14 13 8 0 4 3 6 11 7 9
5 11 0 6 14 3 12 4 7 13 10 1 9 8 2
11 8 13 14 9 1 6 4 12 10 0 5 7 3 2
14 7 11 0 8 3 9 12 5 2 4 13 1 10 6
12 0 4 13 6 7 9 14 11 1 3 10 5 2 8
14 2 12 9 1 7 0 13 11 4 10 8 3 6 5
8 6 14 12 4 3 0 1 2 13 9 5 10 11 7
10 5 4 0 13 6 3 14 2 7 1 8 11 12 9
11 5 10 0 6 13 7 12 9 4 3 14 2 8 1
14 0 7 10 11 12 3 1 2 9 13 4 8 6 5
2 3 10 13 14 7 5 6 8 11 1 9 12 0 4
10 3 13 12 14 8 1 7 4 5 9 11 2 0 6
9 13 14 1 4 11 2 7 0 3 12 8 6 10 5
2 11 12 9 8 10 0 7 6 14 4 1 3 13 5
14 0 11 10 7 2 13 5 9 8 12 3 4 1 6
4 3 5 9 1 6 8 12 10 0 11 13 2 14 7
1 5 7 11 14 3 6 10 9 4 12 13 0 2 8
10 4 5 14 9 1 6 13 8 11 2 0 12 3 7
2 9 8 12 4 14 6 5 10 1 7 3 13 11 0
3 8 9 11 4 5 0 13 6 7 14 1 12 10 2
11 4 5 14 1 7 0 8 3 2 6 13 10 12 9
2 8 7 13 3 11 0 4 14 9 5 10 12 6 1
11 10 1 0 4 7 13 9 12 6 2 5 8 14 3
3 6 2 14 0 4 10 13 12 5 8 11 1 9 7
1 10 9 2 12 11 8 7 14 4 5 0 3 6 13
5 10 1 0 14 4 6 8 3 12 7 13 11 2 9
11 4 0 9 13 14 6 12 2 8 10 1 5 7 3
0 10 7 4 6 11 5 2 3 8 1 12 9 13 14
8 13 1 2 3 9 4 5 12 0 14 11 7 10 6
11 9 8 3 7 1 10 4 2 14 6 13 5 12 0
11 9 10 14 1 3 8 5 6 2 7 13 0 4 12
7 1 13 9 5 2 4 0 11 10 6 8 14 12 3
2 9 4 7 6 13 10 3 0 12 5 1 14 11 8
