0 0 5 3 9 10 2 0 14 11 6 12 13 15 4 7 1 8
14 1 5 3 9 10 2 14 0 11 6 12 13 15 4 7 1 8
11 1 5 3 9 10 2 14 11 0 6 12 13 15 4 7 1 8
10 1 5 3 9 0 2 14 11 10 6 12 13 15 4 7 1 8
8 2 5 3 9 8 2 14 11 10 6 12 13 15 4 7 1 0
13 3 5 3 9 8 2 14 11 10 6 12 0 15 4 7 1 13
11 1 5 3 9 8 2 14 0 10 6 12 11 15 4 7 1 13
10 1 5 3 9 8 2 14 10 0 6 12 11 15 4 7 1 13
8 1 5 3 9 0 2 14 10 8 6 12 11 15 4 7 1 13
13 2 5 3 9 13 2 14 10 8 6 12 11 15 4 7 1 0
5 3 0 3 9 13 2 14 10 8 6 12 11 15 4 7 1 5
14 3 14 3 9 13 2 0 10 8 6 12 11 15 4 7 1 5
12 1 14 3 9 13 2 12 10 8 6 0 11 15 4 7 1 5
7 1 14 3 9 13 2 12 10 8 6 7 11 15 4 0 1 5
1 1 14 3 9 13 2 12 10 8 6 7 11 15 4 1 0 5
5 1 14 3 9 13 2 12 10 8 6 7 11 15 4 1 5 0
14 3 0 3 9 13 2 12 10 8 6 7 11 15 4 1 5 14
4 2 4 3 9 13 2 12 10 8 6 7 11 15 0 1 5 14
14 2 4 3 9 13 2 12 10 8 6 7 11 15 14 1 5 0
4 3 0 3 9 13 2 12 10 8 6 7 11 15 14 1 5 4
12 3 12 3 9 13 2 0 10 8 6 7 11 15 14 1 5 4
3 1 12 0 9 13 2 3 10 8 6 7 11 15 14 1 5 4
12 1 0 12 9 13 2 3 10 8 6 7 11 15 14 1 5 4
4 3 4 12 9 13 2 3 10 8 6 7 11 15 14 1 5 0
5 1 4 12 9 13 2 3 10 8 6 7 11 15 14 1 0 5
1 1 4 12 9 13 2 3 10 8 6 7 11 15 14 0 1 5
14 1 4 12 9 13 2 3 10 8 6 7 11 15 0 14 1 5
5 2 4 12 9 13 2 3 10 8 6 7 11 15 5 14 1 0
4 3 0 12 9 13 2 3 10 8 6 7 11 15 5 14 1 4
3 3 3 12 9 13 2 0 10 8 6 7 11 15 5 14 1 4
12 1 3 0 9 13 2 12 10 8 6 7 11 15 5 14 1 4
3 1 0 3 9 13 2 12 10 8 6 7 11 15 5 14 1 4
4 3 4 3 9 13 2 12 10 8 6 7 11 15 5 14 1 0
1 1 4 3 9 13 2 12 10 8 6 7 11 15 5 14 0 1
14 1 4 3 9 13 2 12 10 8 6 7 11 15 5 0 14 1
5 1 4 3 9 13 2 12 10 8 6 7 11 15 0 5 14 1
4 2 0 3 9 13 2 12 10 8 6 7 11 15 4 5 14 1
12 3 12 3 9 13 2 0 10 8 6 7 11 15 4 5 14 1
3 1 12 0 9 13 2 3 10 8 6 7 11 15 4 5 14 1
12 1 0 12 9 13 2 3 10 8 6 7 11 15 4 5 14 1
1 3 1 12 9 13 2 3 10 8 6 7 11 15 4 5 14 0
4 2 1 12 9 13 2 3 10 8 6 7 11 15 0 5 14 4
6 1 1 12 9 13 2 3 10 8 0 7 11 15 6 5 14 4
7 1 1 12 9 13 2 3 10 8 7 0 11 15 6 5 14 4
5 1 1 12 9 13 2 3 10 8 7 5 11 15 6 0 14 4
14 1 1 12 9 13 2 3 10 8 7 5 11 15 6 14 0 4
4 1 1 12 9 13 2 3 10 8 7 5 11 15 6 14 4 0
6 2 1 12 9 13 2 3 10 8 7 5 11 15 0 14 4 6
5 3 1 12 9 13 2 3 10 8 7 0 11 15 5 14 4 6
7 1 1 12 9 13 2 3 10 8 0 7 11 15 5 14 4 6
5 1 1 12 9 13 2 3 10 8 5 7 11 15 0 14 4 6
6 2 1 12 9 13 2 3 10 8 5 7 11 15 6 14 4 0
13 2 1 12 9 0 2 3 10 8 5 7 11 15 6 14 4 13
6 3 1 12 9 6 2 3 10 8 5 7 11 15 0 14 4 13
13 2 1 12 9 6 2 3 10 8 5 7 11 15 13 14 4 0
4 1 1 12 9 6 2 3 10 8 5 7 11 15 13 14 0 4
14 1 1 12 9 6 2 3 10 8 5 7 11 15 13 0 14 4
13 1 1 12 9 6 2 3 10 8 5 7 11 15 0 13 14 4
4 2 1 12 9 6 2 3 10 8 5 7 11 15 4 13 14 0
1 3 0 12 9 6 2 3 10 8 5 7 11 15 4 13 14 1
3 3 3 12 9 6 2 0 10 8 5 7 11 15 4 13 14 1
12 1 3 0 9 6 2 12 10 8 5 7 11 15 4 13 14 1
3 1 0 3 9 6 2 12 10 8 5 7 11 15 4 13 14 1
1 3 1 3 9 6 2 12 10 8 5 7 11 15 4 13 14 0
4 2 1 3 9 6 2 12 10 8 5 7 11 15 0 13 14 4
6 3 1 3 9 0 2 12 10 8 5 7 11 15 6 13 14 4
4 2 1 3 9 4 2 12 10 8 5 7 11 15 6 13 14 0
14 1 1 3 9 4 2 12 10 8 5 7 11 15 6 13 0 14
13 1 1 3 9 4 2 12 10 8 5 7 11 15 6 0 13 14
6 1 1 3 9 4 2 12 10 8 5 7 11 15 0 6 13 14
4 3 1 3 9 0 2 12 10 8 5 7 11 15 4 6 13 14
8 1 1 3 9 8 2 12 10 0 5 7 11 15 4 6 13 14
15 1 1 3 9 8 2 12 10 15 5 7 11 0 4 6 13 14
14 1 1 3 9 8 2 12 10 15 5 7 11 14 4 6 13 0
8 2 1 3 9 0 2 12 10 15 5 7 11 14 4 6 13 8
15 1 1 3 9 15 2 12 10 0 5 7 11 14 4 6 13 8
14 1 1 3 9 15 2 12 10 14 5 7 11 0 4 6 13 8
8 1 1 3 9 15 2 12 10 14 5 7 11 8 4 6 13 0
13 1 1 3 9 15 2 12 10 14 5 7 11 8 4 6 0 13
6 1 1 3 9 15 2 12 10 14 5 7 11 8 4 0 6 13
4 1 1 3 9 15 2 12 10 14 5 7 11 8 0 4 6 13
13 2 1 3 9 15 2 12 10 14 5 7 11 8 13 4 6 0
15 2 1 3 9 0 2 12 10 14 5 7 11 8 13 4 6 15
13 3 1 3 9 13 2 12 10 14 5 7 11 8 0 4 6 15
4 1 1 3 9 13 2 12 10 14 5 7 11 8 4 0 6 15
6 1 1 3 9 13 2 12 10 14 5 7 11 8 4 6 0 15
15 1 1 3 9 13 2 12 10 14 5 7 11 8 4 6 15 0
8 1 1 3 9 13 2 12 10 14 5 7 11 0 4 6 15 8
11 1 1 3 9 13 2 12 10 14 5 7 0 11 4 6 15 8
15 1 1 3 9 13 2 12 10 14 5 7 15 11 4 6 0 8
8 1 1 3 9 13 2 12 10 14 5 7 15 11 4 6 8 0
15 3 1 3 9 13 2 12 10 14 5 7 0 11 4 6 8 15
11 1 1 3 9 13 2 12 10 14 5 7 11 0 4 6 8 15
15 1 1 3 9 13 2 12 10 14 5 7 11 15 4 6 8 0
8 1 1 3 9 13 2 12 10 14 5 7 11 15 4 6 0 8
6 1 1 3 9 13 2 12 10 14 5 7 11 15 4 0 6 8
4 1 1 3 9 13 2 12 10 14 5 7 11 15 0 4 6 8
5 1 1 3 9 13 2 12 10 14 0 7 11 15 5 4 6 8
7 1 1 3 9 13 2 12 10 14 7 0 11 15 5 4 6 8
4 1 1 3 9 13 2 12 10 14 7 4 11 15 5 0 6 8
6 1 1 3 9 13 2 12 10 14 7 4 11 15 5 6 0 8
8 1 1 3 9 13 2 12 10 14 7 4 11 15 5 6 8 0
5 2 1 3 9 13 2 12 10 14 7 4 11 15 0 6 8 5
4 3 1 3 9 13 2 12 10 14 7 0 11 15 4 6 8 5
7 1 1 3 9 13 2 12 10 14 0 7 11 15 4 6 8 5
4 1 1 3 9 13 2 12 10 14 4 7 11 15 0 6 8 5
5 2 1 3 9 13 2 12 10 14 4 7 11 15 5 6 8 0
8 1 1 3 9 13 2 12 10 14 4 7 11 15 5 6 0 8
6 1 1 3 9 13 2 12 10 14 4 7 11 15 5 0 6 8
5 1 1 3 9 13 2 12 10 14 4 7 11 15 0 5 6 8
8 2 1 3 9 13 2 12 10 14 4 7 11 15 8 5 6 0
6 1 1 3 9 13 2 12 10 14 4 7 11 15 8 5 0 6
5 1 1 3 9 13 2 12 10 14 4 7 11 15 8 0 5 6
8 1 1 3 9 13 2 12 10 14 4 7 11 15 0 8 5 6
4 1 1 3 9 13 2 12 10 14 0 7 11 15 4 8 5 6
2 1 1 3 9 13 0 12 10 14 2 7 11 15 4 8 5 6
12 1 1 3 9 13 12 0 10 14 2 7 11 15 4 8 5 6
3 1 1 0 9 13 12 3 10 14 2 7 11 15 4 8 5 6
1 1 0 1 9 13 12 3 10 14 2 7 11 15 4 8 5 6
3 3 3 1 9 13 12 0 10 14 2 7 11 15 4 8 5 6
12 1 3 1 9 13 0 12 10 14 2 7 11 15 4 8 5 6
2 1 3 1 9 13 2 12 10 14 0 7 11 15 4 8 5 6
4 1 3 1 9 13 2 12 10 14 4 7 11 15 0 8 5 6
6 2 3 1 9 13 2 12 10 14 4 7 11 15 6 8 5 0
3 3 0 1 9 13 2 12 10 14 4 7 11 15 6 8 5 3
1 1 1 0 9 13 2 12 10 14 4 7 11 15 6 8 5 3
12 1 1 12 9 13 2 0 10 14 4 7 11 15 6 8 5 3
7 1 1 12 9 13 2 7 10 14 4 0 11 15 6 8 5 3
4 1 1 12 9 13 2 7 10 14 0 4 11 15 6 8 5 3
6 1 1 12 9 13 2 7 10 14 6 4 11 15 0 8 5 3
4 3 1 12 9 13 2 7 10 14 6 0 11 15 4 8 5 3
6 1 1 12 9 13 2 7 10 14 0 6 11 15 4 8 5 3
2 1 1 12 9 13 0 7 10 14 2 6 11 15 4 8 5 3
7 1 1 12 9 13 7 0 10 14 2 6 11 15 4 8 5 3
6 1 1 12 9 13 7 6 10 14 2 0 11 15 4 8 5 3
11 1 1 12 9 13 7 6 10 14 2 11 0 15 4 8 5 3
5 1 1 12 9 13 7 6 10 14 2 11 5 15 4 8 0 3
3 1 1 12 9 13 7 6 10 14 2 11 5 15 4 8 3 0
5 3 1 12 9 13 7 6 10 14 2 11 0 15 4 8 3 5
11 1 1 12 9 13 7 6 10 14 2 0 11 15 4 8 3 5
2 1 1 12 9 13 7 6 10 14 0 2 11 15 4 8 3 5
7 1 1 12 9 13 0 6 10 14 7 2 11 15 4 8 3 5
6 1 1 12 9 13 6 0 10 14 7 2 11 15 4 8 3 5
2 1 1 12 9 13 6 2 10 14 7 0 11 15 4 8 3 5
7 1 1 12 9 13 6 2 10 14 0 7 11 15 4 8 3 5
6 1 1 12 9 13 0 2 10 14 6 7 11 15 4 8 3 5
2 1 1 12 9 13 2 0 10 14 6 7 11 15 4 8 3 5
7 1 1 12 9 13 2 7 10 14 6 0 11 15 4 8 3 5
6 1 1 12 9 13 2 7 10 14 0 6 11 15 4 8 3 5
4 1 1 12 9 13 2 7 10 14 4 6 11 15 0 8 3 5
6 3 1 12 9 13 2 7 10 14 4 0 11 15 6 8 3 5
7 1 1 12 9 13 2 0 10 14 4 7 11 15 6 8 3 5
12 1 1 0 9 13 2 12 10 14 4 7 11 15 6 8 3 5
1 1 0 1 9 13 2 12 10 14 4 7 11 15 6 8 3 5
5 3 5 1 9 13 2 12 10 14 4 7 11 15 6 8 3 0
6 2 5 1 9 13 2 12 10 14 4 7 11 15 0 8 3 6
4 1 5 1 9 13 2 12 10 14 0 7 11 15 4 8 3 6
7 1 5 1 9 13 2 12 10 14 7 0 11 15 4 8 3 6
12 1 5 1 9 13 2 0 10 14 7 12 11 15 4 8 3 6
1 1 5 0 9 13 2 1 10 14 7 12 11 15 4 8 3 6
5 1 0 5 9 13 2 1 10 14 7 12 11 15 4 8 3 6
1 3 1 5 9 13 2 0 10 14 7 12 11 15 4 8 3 6
12 1 1 5 9 13 2 12 10 14 7 0 11 15 4 8 3 6
7 1 1 5 9 13 2 12 10 14 0 7 11 15 4 8 3 6
4 1 1 5 9 13 2 12 10 14 4 7 11 15 0 8 3 6
6 2 1 5 9 13 2 12 10 14 4 7 11 15 6 8 3 0
3 1 1 5 9 13 2 12 10 14 4 7 11 15 6 8 0 3
8 1 1 5 9 13 2 12 10 14 4 7 11 15 6 0 8 3
6 1 1 5 9 13 2 12 10 14 4 7 11 15 0 6 8 3
4 1 1 5 9 13 2 12 10 14 0 7 11 15 4 6 8 3
7 1 1 5 9 13 2 12 10 14 7 0 11 15 4 6 8 3
6 1 1 5 9 13 2 12 10 14 7 6 11 15 4 0 8 3
8 1 1 5 9 13 2 12 10 14 7 6 11 15 4 8 0 3
3 1 1 5 9 13 2 12 10 14 7 6 11 15 4 8 3 0
11 3 1 5 9 13 2 12 10 14 7 6 0 15 4 8 3 11
6 1 1 5 9 13 2 12 10 14 7 0 6 15 4 8 3 11
7 1 1 5 9 13 2 12 10 14 0 7 6 15 4 8 3 11
4 1 1 5 9 13 2 12 10 14 4 7 6 15 0 8 3 11
11 2 1 5 9 13 2 12 10 14 4 7 6 15 11 8 3 0
6 3 1 5 9 13 2 12 10 14 4 7 0 15 11 8 3 6
3 1 1 5 9 13 2 12 10 14 4 7 3 15 11 8 0 6
6 1 1 5 9 13 2 12 10 14 4 7 3 15 11 8 6 0
11 2 1 5 9 13 2 12 10 14 4 7 3 15 0 8 6 11
4 1 1 5 9 13 2 12 10 14 0 7 3 15 4 8 6 11
7 1 1 5 9 13 2 12 10 14 7 0 3 15 4 8 6 11
3 1 1 5 9 13 2 12 10 14 7 3 0 15 4 8 6 11
6 1 1 5 9 13 2 12 10 14 7 3 6 15 4 8 0 11
11 1 1 5 9 13 2 12 10 14 7 3 6 15 4 8 11 0
6 3 1 5 9 13 2 12 10 14 7 3 0 15 4 8 11 6
11 1 1 5 9 13 2 12 10 14 7 3 11 15 4 8 0 6
6 1 1 5 9 13 2 12 10 14 7 3 11 15 4 8 6 0
1 3 0 5 9 13 2 12 10 14 7 3 11 15 4 8 6 1
12 3 12 5 9 13 2 0 10 14 7 3 11 15 4 8 6 1
3 1 12 5 9 13 2 3 10 14 7 0 11 15 4 8 6 1
7 1 12 5 9 13 2 3 10 14 0 7 11 15 4 8 6 1
4 1 12 5 9 13 2 3 10 14 4 7 11 15 0 8 6 1
1 2 12 5 9 13 2 3 10 14 4 7 11 15 1 8 6 0
12 3 0 5 9 13 2 3 10 14 4 7 11 15 1 8 6 12
1 2 1 5 9 13 2 3 10 14 4 7 11 15 0 8 6 12
12 2 1 5 9 13 2 3 10 14 4 7 11 15 12 8 6 0
6 1 1 5 9 13 2 3 10 14 4 7 11 15 12 8 0 6
8 1 1 5 9 13 2 3 10 14 4 7 11 15 12 0 8 6
12 1 1 5 9 13 2 3 10 14 4 7 11 15 0 12 8 6
4 1 1 5 9 13 2 3 10 14 0 7 11 15 4 12 8 6
7 1 1 5 9 13 2 3 10 14 7 0 11 15 4 12 8 6
12 1 1 5 9 13 2 3 10 14 7 12 11 15 4 0 8 6
8 1 1 5 9 13 2 3 10 14 7 12 11 15 4 8 0 6
6 1 1 5 9 13 2 3 10 14 7 12 11 15 4 8 6 0
11 3 1 5 9 13 2 3 10 14 7 12 0 15 4 8 6 11
12 1 1 5 9 13 2 3 10 14 7 0 12 15 4 8 6 11
7 1 1 5 9 13 2 3 10 14 0 7 12 15 4 8 6 11
4 1 1 5 9 13 2 3 10 14 4 7 12 15 0 8 6 11
11 2 1 5 9 13 2 3 10 14 4 7 12 15 11 8 6 0
12 3 1 5 9 13 2 3 10 14 4 7 0 15 11 8 6 12
6 1 1 5 9 13 2 3 10 14 4 7 6 15 11 8 0 12
12 1 1 5 9 13 2 3 10 14 4 7 6 15 11 8 12 0
11 2 1 5 9 13 2 3 10 14 4 7 6 15 0 8 12 11
4 1 1 5 9 13 2 3 10 14 0 7 6 15 4 8 12 11
2 1 1 5 9 13 0 3 10 14 2 7 6 15 4 8 12 11
3 1 1 5 9 13 3 0 10 14 2 7 6 15 4 8 12 11
7 1 1 5 9 13 3 7 10 14 2 0 6 15 4 8 12 11
2 1 1 5 9 13 3 7 10 14 0 2 6 15 4 8 12 11
3 1 1 5 9 13 0 7 10 14 3 2 6 15 4 8 12 11
7 1 1 5 9 13 7 0 10 14 3 2 6 15 4 8 12 11
2 1 1 5 9 13 7 2 10 14 3 0 6 15 4 8 12 11
6 1 1 5 9 13 7 2 10 14 3 6 0 15 4 8 12 11
15 1 1 5 9 13 7 2 10 14 3 6 15 0 4 8 12 11
11 1 1 5 9 13 7 2 10 14 3 6 15 11 4 8 12 0
15 3 1 5 9 13 7 2 10 14 3 6 0 11 4 8 12 15
11 1 1 5 9 13 7 2 10 14 3 6 11 0 4 8 12 15
15 1 1 5 9 13 7 2 10 14 3 6 11 15 4 8 12 0
1 3 0 5 9 13 7 2 10 14 3 6 11 15 4 8 12 1
7 1 7 5 9 13 0 2 10 14 3 6 11 15 4 8 12 1
2 1 7 5 9 13 2 0 10 14 3 6 11 15 4 8 12 1
6 1 7 5 9 13 2 6 10 14 3 0 11 15 4 8 12 1
8 1 7 5 9 13 2 6 10 14 3 8 11 15 4 0 12 1
4 1 7 5 9 13 2 6 10 14 3 8 11 15 0 4 12 1
1 2 7 5 9 13 2 6 10 14 3 8 11 15 1 4 12 0
7 3 0 5 9 13 2 6 10 14 3 8 11 15 1 4 12 7
1 2 1 5 9 13 2 6 10 14 3 8 11 15 0 4 12 7
4 1 1 5 9 13 2 6 10 14 3 8 11 15 4 0 12 7
8 1 1 5 9 13 2 6 10 14 3 0 11 15 4 8 12 7
11 1 1 5 9 13 2 6 10 14 3 11 0 15 4 8 12 7
12 1 1 5 9 13 2 6 10 14 3 11 12 15 4 8 0 7
7 1 1 5 9 13 2 6 10 14 3 11 12 15 4 8 7 0
12 3 1 5 9 13 2 6 10 14 3 11 0 15 4 8 7 12
11 1 1 5 9 13 2 6 10 14 3 0 11 15 4 8 7 12
8 1 1 5 9 13 2 6 10 14 3 8 11 15 4 0 7 12
7 1 1 5 9 13 2 6 10 14 3 8 11 15 4 7 0 12
12 1 1 5 9 13 2 6 10 14 3 8 11 15 4 7 12 0
4 2 1 5 9 13 2 6 10 14 3 8 11 15 0 7 12 4
8 3 1 5 9 13 2 6 10 14 3 0 11 15 8 7 12 4
7 1 1 5 9 13 2 6 10 14 3 7 11 15 8 0 12 4
8 1 1 5 9 13 2 6 10 14 3 7 11 15 0 8 12 4
4 2 1 5 9 13 2 6 10 14 3 7 11 15 4 8 12 0
372 3.41