0 0 4 8 2 10 15 11 14 7 5 0 13 6 12 9 1 3
13 1 4 8 2 10 15 11 14 7 5 13 0 6 12 9 1 3
6 1 4 8 2 10 15 11 14 7 5 13 6 0 12 9 1 3
3 1 4 8 2 10 15 11 14 7 5 13 6 3 12 9 1 0
6 3 4 8 2 10 15 11 14 7 5 13 0 3 12 9 1 6
3 1 4 8 2 10 15 11 14 7 5 13 3 0 12 9 1 6
6 1 4 8 2 10 15 11 14 7 5 13 3 6 12 9 1 0
4 3 0 8 2 10 15 11 14 7 5 13 3 6 12 9 1 4
11 3 11 8 2 10 15 0 14 7 5 13 3 6 12 9 1 4
14 1 11 8 2 10 15 14 0 7 5 13 3 6 12 9 1 4
7 1 11 8 2 10 15 14 7 0 5 13 3 6 12 9 1 4
6 1 11 8 2 10 15 14 7 6 5 13 3 0 12 9 1 4
4 1 11 8 2 10 15 14 7 6 5 13 3 4 12 9 1 0
3 3 11 8 2 10 15 14 7 6 5 13 0 4 12 9 1 3
4 1 11 8 2 10 15 14 7 6 5 13 4 0 12 9 1 3
3 1 11 8 2 10 15 14 7 6 5 13 4 3 12 9 1 0
11 3 0 8 2 10 15 14 7 6 5 13 4 3 12 9 1 11
14 3 14 8 2 10 15 0 7 6 5 13 4 3 12 9 1 11
15 1 14 8 2 10 0 15 7 6 5 13 4 3 12 9 1 11
5 1 14 8 2 10 5 15 7 6 0 13 4 3 12 9 1 11
13 1 14 8 2 10 5 15 7 6 13 0 4 3 12 9 1 11
4 1 14 8 2 10 5 15 7 6 13 4 0 3 12 9 1 11
3 1 14 8 2 10 5 15 7 6 13 4 3 0 12 9 1 11
11 1 14 8 2 10 5 15 7 6 13 4 3 11 12 9 1 0
3 3 14 8 2 10 5 15 7 6 13 4 0 11 12 9 1 3
11 1 14 8 2 10 5 15 7 6 13 4 11 0 12 9 1 3
3 1 14 8 2 10 5 15 7 6 13 4 11 3 12 9 1 0
14 3 0 8 2 10 5 15 7 6 13 4 11 3 12 9 1 14
15 3 15 8 2 10 5 0 7 6 13 4 11 3 12 9 1 14
4 1 15 8 2 10 5 4 7 6 13 0 11 3 12 9 1 14
13 1 15 8 2 10 5 4 7 6 0 13 11 3 12 9 1 14
12 1 15 8 2 10 5 4 7 6 12 13 11 3 0 9 1 14
13 3 15 8 2 10 5 4 7 6 12 0 11 3 13 9 1 14
9 1 15 8 2 10 5 4 7 6 12 9 11 3 13 0 1 14
1 1 15 8 2 10 5 4 7 6 12 9 11 3 13 1 0 14
14 1 15 8 2 10 5 4 7 6 12 9 11 3 13 1 14 0
15 3 0 8 2 10 5 4 7 6 12 9 11 3 13 1 14 15
4 3 4 8 2 10 5 0 7 6 12 9 11 3 13 1 14 15
8 1 4 0 2 10 5 8 7 6 12 9 11 3 13 1 14 15
2 1 4 2 0 10 5 8 7 6 12 9 11 3 13 1 14 15
10 1 4 2 10 0 5 8 7 6 12 9 11 3 13 1 14 15
4 2 0 2 10 4 5 8 7 6 12 9 11 3 13 1 14 15
8 3 8 2 10 4 5 0 7 6 12 9 11 3 13 1 14 15
9 1 8 2 10 4 5 9 7 6 12 0 11 3 13 1 14 15
1 1 8 2 10 4 5 9 7 6 12 1 11 3 13 0 14 15
14 1 8 2 10 4 5 9 7 6 12 1 11 3 13 14 0 15
15 1 8 2 10 4 5 9 7 6 12 1 11 3 13 14 15 0
8 3 0 2 10 4 5 9 7 6 12 1 11 3 13 14 15 8
9 3 9 2 10 4 5 0 7 6 12 1 11 3 13 14 15 8
1 1 9 2 10 4 5 1 7 6 12 0 11 3 13 14 15 8
11 1 9 2 10 4 5 1 7 6 12 11 0 3 13 14 15 8
3 1 9 2 10 4 5 1 7 6 12 11 3 0 13 14 15 8
8 1 9 2 10 4 5 1 7 6 12 11 3 8 13 14 15 0
3 3 9 2 10 4 5 1 7 6 12 11 0 8 13 14 15 3
11 1 9 2 10 4 5 1 7 6 12 0 11 8 13 14 15 3
1 1 9 2 10 4 5 0 7 6 12 1 11 8 13 14 15 3
7 1 9 2 10 4 5 7 0 6 12 1 11 8 13 14 15 3
6 1 9 2 10 4 5 7 6 0 12 1 11 8 13 14 15 3
8 1 9 2 10 4 5 7 6 8 12 1 11 0 13 14 15 3
3 1 9 2 10 4 5 7 6 8 12 1 11 3 13 14 15 0
9 3 0 2 10 4 5 7 6 8 12 1 11 3 13 14 15 9
7 3 7 2 10 4 5 0 6 8 12 1 11 3 13 14 15 9
6 1 7 2 10 4 5 6 0 8 12 1 11 3 13 14 15 9
8 1 7 2 10 4 5 6 8 0 12 1 11 3 13 14 15 9
3 1 7 2 10 4 5 6 8 3 12 1 11 0 13 14 15 9
9 1 7 2 10 4 5 6 8 3 12 1 11 9 13 14 15 0
7 3 0 2 10 4 5 6 8 3 12 1 11 9 13 14 15 7
6 3 6 2 10 4 5 0 8 3 12 1 11 9 13 14 15 7
8 1 6 2 10 4 5 8 0 3 12 1 11 9 13 14 15 7
3 1 6 2 10 4 5 8 3 0 12 1 11 9 13 14 15 7
9 1 6 2 10 4 5 8 3 9 12 1 11 0 13 14 15 7
7 1 6 2 10 4 5 8 3 9 12 1 11 7 13 14 15 0
6 3 0 2 10 4 5 8 3 9 12 1 11 7 13 14 15 6
8 3 8 2 10 4 5 0 3 9 12 1 11 7 13 14 15 6
3 1 8 2 10 4 5 3 0 9 12 1 11 7 13 14 15 6
9 1 8 2 10 4 5 3 9 0 12 1 11 7 13 14 15 6
7 1 8 2 10 4 5 3 9 7 12 1 11 0 13 14 15 6
6 1 8 2 10 4 5 3 9 7 12 1 11 6 13 14 15 0
8 3 0 2 10 4 5 3 9 7 12 1 11 6 13 14 15 8
3 3 3 2 10 4 5 0 9 7 12 1 11 6 13 14 15 8
9 1 3 2 10 4 5 9 0 7 12 1 11 6 13 14 15 8
7 1 3 2 10 4 5 9 7 0 12 1 11 6 13 14 15 8
6 1 3 2 10 4 5 9 7 6 12 1 11 0 13 14 15 8
8 1 3 2 10 4 5 9 7 6 12 1 11 8 13 14 15 0
3 3 0 2 10 4 5 9 7 6 12 1 11 8 13 14 15 3
13 2 13 2 10 4 5 9 7 6 12 1 11 8 0 14 15 3
3 2 13 2 10 4 5 9 7 6 12 1 11 8 3 14 15 0
13 3 0 2 10 4 5 9 7 6 12 1 11 8 3 14 15 13
9 3 9 2 10 4 5 0 7 6 12 1 11 8 3 14 15 13
1 1 9 2 10 4 5 1 7 6 12 0 11 8 3 14 15 13
12 1 9 2 10 4 5 1 7 6 0 12 11 8 3 14 15 13
3 1 9 2 10 4 5 1 7 6 3 12 11 8 0 14 15 13
13 2 9 2 10 4 5 1 7 6 3 12 11 8 13 14 15 0
9 3 0 2 10 4 5 1 7 6 3 12 11 8 13 14 15 9
1 3 1 2 10 4 5 0 7 6 3 12 11 8 13 14 15 9
7 1 1 2 10 4 5 7 0 6 3 12 11 8 13 14 15 9
6 1 1 2 10 4 5 7 6 0 3 12 11 8 13 14 15 9
8 1 1 2 10 4 5 7 6 8 3 12 11 0 13 14 15 9
9 1 1 2 10 4 5 7 6 8 3 12 11 9 13 14 15 0
1 3 0 2 10 4 5 7 6 8 3 12 11 9 13 14 15 1
7 3 7 2 10 4 5 0 6 8 3 12 11 9 13 14 15 1
6 1 7 2 10 4 5 6 0 8 3 12 11 9 13 14 15 1
10 1 7 2 0 4 5 6 10 8 3 12 11 9 13 14 15 1
4 1 7 2 4 0 5 6 10 8 3 12 11 9 13 14 15 1
1 2 7 2 4 1 5 6 10 8 3 12 11 9 13 14 15 0
7 3 0 2 4 1 5 6 10 8 3 12 11 9 13 14 15 7
1 2 1 2 4 0 5 6 10 8 3 12 11 9 13 14 15 7
4 1 1 2 0 4 5 6 10 8 3 12 11 9 13 14 15 7
10 1 1 2 10 4 5 6 0 8 3 12 11 9 13 14 15 7
6 1 1 2 10 4 5 0 6 8 3 12 11 9 13 14 15 7
12 1 1 2 10 4 5 12 6 8 3 0 11 9 13 14 15 7
3 1 1 2 10 4 5 12 6 8 0 3 11 9 13 14 15 7
13 1 1 2 10 4 5 12 6 8 13 3 11 9 0 14 15 7
3 3 1 2 10 4 5 12 6 8 13 0 11 9 3 14 15 7
12 1 1 2 10 4 5 0 6 8 13 12 11 9 3 14 15 7
6 1 1 2 10 4 5 6 0 8 13 12 11 9 3 14 15 7
10 1 1 2 0 4 5 6 10 8 13 12 11 9 3 14 15 7
4 1 1 2 4 0 5 6 10 8 13 12 11 9 3 14 15 7
7 2 1 2 4 7 5 6 10 8 13 12 11 9 3 14 15 0
3 2 1 2 4 7 5 6 10 8 13 12 11 9 0 14 15 3
13 1 1 2 4 7 5 6 10 8 0 12 11 9 13 14 15 3
12 1 1 2 4 7 5 6 10 8 12 0 11 9 13 14 15 3
11 1 1 2 4 7 5 6 10 8 12 11 0 9 13 14 15 3
9 1 1 2 4 7 5 6 10 8 12 11 9 0 13 14 15 3
3 1 1 2 4 7 5 6 10 8 12 11 9 3 13 14 15 0
9 3 1 2 4 7 5 6 10 8 12 11 0 3 13 14 15 9
11 1 1 2 4 7 5 6 10 8 12 0 11 3 13 14 15 9
12 1 1 2 4 7 5 6 10 8 0 12 11 3 13 14 15 9
13 1 1 2 4 7 5 6 10 8 13 12 11 3 0 14 15 9
9 2 1 2 4 7 5 6 10 8 13 12 11 3 9 14 15 0
7 2 1 2 4 0 5 6 10 8 13 12 11 3 9 14 15 7
4 1 1 2 0 4 5 6 10 8 13 12 11 3 9 14 15 7
10 1 1 2 10 4 5 6 0 8 13 12 11 3 9 14 15 7
8 1 1 2 10 4 5 6 8 0 13 12 11 3 9 14 15 7
3 1 1 2 10 4 5 6 8 3 13 12 11 0 9 14 15 7
7 1 1 2 10 4 5 6 8 3 13 12 11 7 9 14 15 0
9 2 1 2 10 4 5 6 8 3 13 12 11 7 0 14 15 9
13 1 1 2 10 4 5 6 8 3 0 12 11 7 13 14 15 9
12 1 1 2 10 4 5 6 8 3 12 0 11 7 13 14 15 9
11 1 1 2 10 4 5 6 8 3 12 11 0 7 13 14 15 9
7 1 1 2 10 4 5 6 8 3 12 11 7 0 13 14 15 9
9 1 1 2 10 4 5 6 8 3 12 11 7 9 13 14 15 0
7 3 1 2 10 4 5 6 8 3 12 11 0 9 13 14 15 7
11 1 1 2 10 4 5 6 8 3 12 0 11 9 13 14 15 7
12 1 1 2 10 4 5 6 8 3 0 12 11 9 13 14 15 7
13 1 1 2 10 4 5 6 8 3 13 12 11 9 0 14 15 7
7 2 1 2 10 4 5 6 8 3 13 12 11 9 7 14 15 0
9 1 1 2 10 4 5 6 8 3 13 12 11 0 7 14 15 9
3 1 1 2 10 4 5 6 8 0 13 12 11 3 7 14 15 9
8 1 1 2 10 4 5 6 0 8 13 12 11 3 7 14 15 9
6 1 1 2 10 4 5 0 6 8 13 12 11 3 7 14 15 9
12 1 1 2 10 4 5 12 6 8 13 0 11 3 7 14 15 9
13 1 1 2 10 4 5 12 6 8 0 13 11 3 7 14 15 9
7 1 1 2 10 4 5 12 6 8 7 13 11 3 0 14 15 9
13 3 1 2 10 4 5 12 6 8 7 0 11 3 13 14 15 9
12 1 1 2 10 4 5 0 6 8 7 12 11 3 13 14 15 9
6 1 1 2 10 4 5 6 0 8 7 12 11 3 13 14 15 9
11 1 1 2 10 4 5 6 11 8 7 12 0 3 13 14 15 9
3 1 1 2 10 4 5 6 11 8 7 12 3 0 13 14 15 9
9 1 1 2 10 4 5 6 11 8 7 12 3 9 13 14 15 0
3 3 1 2 10 4 5 6 11 8 7 12 0 9 13 14 15 3
12 1 1 2 10 4 5 6 11 8 7 0 12 9 13 14 15 3
7 1 1 2 10 4 5 6 11 8 0 7 12 9 13 14 15 3
13 1 1 2 10 4 5 6 11 8 13 7 12 9 0 14 15 3
3 2 1 2 10 4 5 6 11 8 13 7 12 9 3 14 15 0
12 3 1 2 10 4 5 6 11 8 13 7 0 9 3 14 15 12
11 1 1 2 10 4 5 6 0 8 13 7 11 9 3 14 15 12
10 1 1 2 0 4 5 6 10 8 13 7 11 9 3 14 15 12
4 1 1 2 4 0 5 6 10 8 13 7 11 9 3 14 15 12
12 2 1 2 4 12 5 6 10 8 13 7 11 9 3 14 15 0
3 2 1 2 4 12 5 6 10 8 13 7 11 9 0 14 15 3
13 1 1 2 4 12 5 6 10 8 0 7 11 9 13 14 15 3
7 1 1 2 4 12 5 6 10 8 7 0 11 9 13 14 15 3
11 1 1 2 4 12 5 6 10 8 7 11 0 9 13 14 15 3
9 1 1 2 4 12 5 6 10 8 7 11 9 0 13 14 15 3
3 1 1 2 4 12 5 6 10 8 7 11 9 3 13 14 15 0
9 3 1 2 4 12 5 6 10 8 7 11 0 3 13 14 15 9
11 1 1 2 4 12 5 6 10 8 7 0 11 3 13 14 15 9
7 1 1 2 4 12 5 6 10 8 0 7 11 3 13 14 15 9
13 1 1 2 4 12 5 6 10 8 13 7 11 3 0 14 15 9
9 2 1 2 4 12 5 6 10 8 13 7 11 3 9 14 15 0
12 2 1 2 4 0 5 6 10 8 13 7 11 3 9 14 15 12
4 1 1 2 0 4 5 6 10 8 13 7 11 3 9 14 15 12
10 1 1 2 10 4 5 6 0 8 13 7 11 3 9 14 15 12
8 1 1 2 10 4 5 6 8 0 13 7 11 3 9 14 15 12
3 1 1 2 10 4 5 6 8 3 13 7 11 0 9 14 15 12
12 1 1 2 10 4 5 6 8 3 13 7 11 12 9 14 15 0
9 2 1 2 10 4 5 6 8 3 13 7 11 12 0 14 15 9
7 3 1 2 10 4 5 6 8 3 13 0 11 12 7 14 15 9
13 1 1 2 10 4 5 6 8 3 0 13 11 12 7 14 15 9
7 1 1 2 10 4 5 6 8 3 7 13 11 12 0 14 15 9
9 2 1 2 10 4 5 6 8 3 7 13 11 12 9 14 15 0
11 3 1 2 10 4 5 6 8 3 7 13 0 12 9 14 15 11
13 1 1 2 10 4 5 6 8 3 7 0 13 12 9 14 15 11
7 1 1 2 10 4 5 6 8 3 0 7 13 12 9 14 15 11
9 1 1 2 10 4 5 6 8 3 9 7 13 12 0 14 15 11
7 3 1 2 10 4 5 6 8 3 9 0 13 12 7 14 15 11
13 1 1 2 10 4 5 6 8 3 9 13 0 12 7 14 15 11
8 1 1 2 10 4 5 6 0 3 9 13 8 12 7 14 15 11
10 1 1 2 0 4 5 6 10 3 9 13 8 12 7 14 15 11
4 1 1 2 4 0 5 6 10 3 9 13 8 12 7 14 15 11
11 2 1 2 4 11 5 6 10 3 9 13 8 12 7 14 15 0
8 3 1 2 4 11 5 6 10 3 9 13 0 12 7 14 15 8
10 1 1 2 4 11 5 6 0 3 9 13 10 12 7 14 15 8
3 1 1 2 4 11 5 6 3 0 9 13 10 12 7 14 15 8
11 1 1 2 4 0 5 6 3 11 9 13 10 12 7 14 15 8
4 1 1 2 0 4 5 6 3 11 9 13 10 12 7 14 15 8
3 1 1 2 3 4 5 6 0 11 9 13 10 12 7 14 15 8
6 1 1 2 3 4 5 0 6 11 9 13 10 12 7 14 15 8
13 1 1 2 3 4 5 13 6 11 9 0 10 12 7 14 15 8
10 1 1 2 3 4 5 13 6 11 9 10 0 12 7 14 15 8
6 1 1 2 3 4 5 13 0 11 9 10 6 12 7 14 15 8
11 1 1 2 3 4 5 13 11 0 9 10 6 12 7 14 15 8
12 1 1 2 3 4 5 13 11 12 9 10 6 0 7 14 15 8
8 1 1 2 3 4 5 13 11 12 9 10 6 8 7 14 15 0
6 3 1 2 3 4 5 13 11 12 9 10 0 8 7 14 15 6
11 1 1 2 3 4 5 13 0 12 9 10 11 8 7 14 15 6
12 1 1 2 3 4 5 13 12 0 9 10 11 8 7 14 15 6
8 1 1 2 3 4 5 13 12 8 9 10 11 0 7 14 15 6
6 1 1 2 3 4 5 13 12 8 9 10 11 6 7 14 15 0
11 3 1 2 3 4 5 13 12 8 9 10 0 6 7 14 15 11
12 1 1 2 3 4 5 13 0 8 9 10 12 6 7 14 15 11
13 1 1 2 3 4 5 0 13 8 9 10 12 6 7 14 15 11
10 1 1 2 3 4 5 10 13 8 9 0 12 6 7 14 15 11
12 1 1 2 3 4 5 10 13 8 9 12 0 6 7 14 15 11
6 1 1 2 3 4 5 10 13 8 9 12 6 0 7 14 15 11
11 1 1 2 3 4 5 10 13 8 9 12 6 11 7 14 15 0
6 3 1 2 3 4 5 10 13 8 9 12 0 11 7 14 15 6
11 1 1 2 3 4 5 10 13 8 9 12 11 0 7 14 15 6
6 1 1 2 3 4 5 10 13 8 9 12 11 6 7 14 15 0
7 2 1 2 3 4 5 10 13 8 9 12 11 6 0 14 15 7
12 3 1 2 3 4 5 10 13 8 9 0 11 6 12 14 15 7
10 1 1 2 3 4 5 0 13 8 9 10 11 6 12 14 15 7
2 1 1 0 3 4 5 2 13 8 9 10 11 6 12 14 15 7
1 1 0 1 3 4 5 2 13 8 9 10 11 6 12 14 15 7
7 3 7 1 3 4 5 2 13 8 9 10 11 6 12 14 15 0
12 2 7 1 3 4 5 2 13 8 9 10 11 6 0 14 15 12
7 2 0 1 3 4 5 2 13 8 9 10 11 6 7 14 15 12
1 1 1 0 3 4 5 2 13 8 9 10 11 6 7 14 15 12
2 1 1 2 3 4 5 0 13 8 9 10 11 6 7 14 15 12
13 1 1 2 3 4 5 13 0 8 9 10 11 6 7 14 15 12
8 1 1 2 3 4 5 13 8 0 9 10 11 6 7 14 15 12
6 1 1 2 3 4 5 13 8 6 9 10 11 0 7 14 15 12
12 1 1 2 3 4 5 13 8 6 9 10 11 12 7 14 15 0
7 2 1 2 3 4 5 13 8 6 9 10 11 12 0 14 15 7
4 3 1 2 3 0 5 13 8 6 9 10 11 12 4 14 15 7
8 3 1 2 3 8 5 13 0 6 9 10 11 12 4 14 15 7
6 1 1 2 3 8 5 13 6 0 9 10 11 12 4 14 15 7
8 1 1 2 3 0 5 13 6 8 9 10 11 12 4 14 15 7
4 3 1 2 3 4 5 13 6 8 9 10 11 12 0 14 15 7
14 1 1 2 3 4 5 13 6 8 9 10 11 12 14 0 15 7
10 1 1 2 3 4 5 13 6 8 9 0 11 12 14 10 15 7
13 1 1 2 3 4 5 0 6 8 9 13 11 12 14 10 15 7
6 1 1 2 3 4 5 6 0 8 9 13 11 12 14 10 15 7
11 1 1 2 3 4 5 6 11 8 9 13 0 12 14 10 15 7
13 1 1 2 3 4 5 6 11 8 9 0 13 12 14 10 15 7
10 1 1 2 3 4 5 6 11 8 9 10 13 12 14 0 15 7
14 1 1 2 3 4 5 6 11 8 9 10 13 12 0 14 15 7
7 2 1 2 3 4 5 6 11 8 9 10 13 12 7 14 15 0
13 3 1 2 3 4 5 6 11 8 9 10 0 12 7 14 15 13
11 1 1 2 3 4 5 6 0 8 9 10 11 12 7 14 15 13
3 1 1 2 0 4 5 6 3 8 9 10 11 12 7 14 15 13
4 1 1 2 4 0 5 6 3 8 9 10 11 12 7 14 15 13
13 2 1 2 4 13 5 6 3 8 9 10 11 12 7 14 15 0
7 2 1 2 4 13 5 6 3 8 9 10 11 12 0 14 15 7
13 3 1 2 4 0 5 6 3 8 9 10 11 12 13 14 15 7
4 1 1 2 0 4 5 6 3 8 9 10 11 12 13 14 15 7
3 1 1 2 3 4 5 6 0 8 9 10 11 12 13 14 15 7
11 1 1 2 3 4 5 6 11 8 9 10 0 12 13 14 15 7
12 1 1 2 3 4 5 6 11 8 9 10 12 0 13 14 15 7
7 1 1 2 3 4 5 6 11 8 9 10 12 7 13 14 15 0
12 3 1 2 3 4 5 6 11 8 9 10 0 7 13 14 15 12
11 1 1 2 3 4 5 6 0 8 9 10 11 7 13 14 15 12
8 1 1 2 3 4 5 6 8 0 9 10 11 7 13 14 15 12
7 1 1 2 3 4 5 6 8 7 9 10 11 0 13 14 15 12
12 1 1 2 3 4 5 6 8 7 9 10 11 12 13 14 15 0
4 2 1 2 3 0 5 6 8 7 9 10 11 12 13 14 15 4
8 3 1 2 3 8 5 6 0 7 9 10 11 12 13 14 15 4
7 1 1 2 3 8 5 6 7 0 9 10 11 12 13 14 15 4
8 1 1 2 3 0 5 6 7 8 9 10 11 12 13 14 15 4
4 2 1 2 3 4 5 6 7 8 9 10 11 12 13 14 15 0
419 2.04