0 0 8 12 14 4 6 15 9 2 13 5 11 3 0 1 7 10
13 1 8 12 14 4 6 15 9 2 0 5 11 3 13 1 7 10
5 1 8 12 14 4 6 15 9 2 5 0 11 3 13 1 7 10
1 1 8 12 14 4 6 15 9 2 5 1 11 3 13 0 7 10
7 1 8 12 14 4 6 15 9 2 5 1 11 3 13 7 0 10
10 1 8 12 14 4 6 15 9 2 5 1 11 3 13 7 10 0
8 3 0 12 14 4 6 15 9 2 5 1 11 3 13 7 10 8
15 3 15 12 14 4 6 0 9 2 5 1 11 3 13 7 10 8
6 1 15 12 14 4 0 6 9 2 5 1 11 3 13 7 10 8
5 1 15 12 14 4 5 6 9 2 0 1 11 3 13 7 10 8
1 1 15 12 14 4 5 6 9 2 1 0 11 3 13 7 10 8
7 1 15 12 14 4 5 6 9 2 1 7 11 3 13 0 10 8
10 1 15 12 14 4 5 6 9 2 1 7 11 3 13 10 0 8
8 1 15 12 14 4 5 6 9 2 1 7 11 3 13 10 8 0
15 3 0 12 14 4 5 6 9 2 1 7 11 3 13 10 8 15
12 1 12 0 14 4 5 6 9 2 1 7 11 3 13 10 8 15
14 1 12 14 0 4 5 6 9 2 1 7 11 3 13 10 8 15
9 1 12 14 9 4 5 6 0 2 1 7 11 3 13 10 8 15
2 1 12 14 9 4 5 6 2 0 1 7 11 3 13 10 8 15
3 1 12 14 9 4 5 6 2 3 1 7 11 0 13 10 8 15
15 1 12 14 9 4 5 6 2 3 1 7 11 15 13 10 8 0
12 3 0 14 9 4 5 6 2 3 1 7 11 15 13 10 8 12
13 2 13 14 9 4 5 6 2 3 1 7 11 15 0 10 8 12
4 3 13 14 9 0 5 6 2 3 1 7 11 15 4 10 8 12
13 2 0 14 9 13 5 6 2 3 1 7 11 15 4 10 8 12
5 1 5 14 9 13 0 6 2 3 1 7 11 15 4 10 8 12
1 1 5 14 9 13 1 6 2 3 0 7 11 15 4 10 8 12
7 1 5 14 9 13 1 6 2 3 7 0 11 15 4 10 8 12
10 1 5 14 9 13 1 6 2 3 7 10 11 15 4 0 8 12
8 1 5 14 9 13 1 6 2 3 7 10 11 15 4 8 0 12
12 1 5 14 9 13 1 6 2 3 7 10 11 15 4 8 12 0
5 3 0 14 9 13 1 6 2 3 7 10 11 15 4 8 12 5
1 1 1 14 9 13 0 6 2 3 7 10 11 15 4 8 12 5
6 1 1 14 9 13 6 0 2 3 7 10 11 15 4 8 12 5
10 1 1 14 9 13 6 10 2 3 7 0 11 15 4 8 12 5
7 1 1 14 9 13 6 10 2 3 0 7 11 15 4 8 12 5
6 1 1 14 9 13 0 10 2 3 6 7 11 15 4 8 12 5
10 1 1 14 9 13 10 0 2 3 6 7 11 15 4 8 12 5
2 1 1 14 9 13 10 2 0 3 6 7 11 15 4 8 12 5
3 1 1 14 9 13 10 2 3 0 6 7 11 15 4 8 12 5
13 1 1 14 9 0 10 2 3 13 6 7 11 15 4 8 12 5
4 3 1 14 9 4 10 2 3 13 6 7 11 15 0 8 12 5
5 2 1 14 9 4 10 2 3 13 6 7 11 15 5 8 12 0
4 2 1 14 9 0 10 2 3 13 6 7 11 15 5 8 12 4
13 1 1 14 9 13 10 2 3 0 6 7 11 15 5 8 12 4
3 1 1 14 9 13 10 2 0 3 6 7 11 15 5 8 12 4
2 1 1 14 9 13 10 0 2 3 6 7 11 15 5 8 12 4
10 1 1 14 9 13 0 10 2 3 6 7 11 15 5 8 12 4
6 1 1 14 9 13 6 10 2 3 0 7 11 15 5 8 12 4
5 1 1 14 9 13 6 10 2 3 5 7 11 15 0 8 12 4
4 2 1 14 9 13 6 10 2 3 5 7 11 15 4 8 12 0
13 2 1 14 9 0 6 10 2 3 5 7 11 15 4 8 12 13
2 3 1 14 9 2 6 10 0 3 5 7 11 15 4 8 12 13
10 1 1 14 9 2 6 0 10 3 5 7 11 15 4 8 12 13
6 1 1 14 9 2 0 6 10 3 5 7 11 15 4 8 12 13
5 1 1 14 9 2 5 6 10 3 0 7 11 15 4 8 12 13
4 1 1 14 9 2 5 6 10 3 4 7 11 15 0 8 12 13
13 2 1 14 9 2 5 6 10 3 4 7 11 15 13 8 12 0
2 2 1 14 9 0 5 6 10 3 4 7 11 15 13 8 12 2
13 3 1 14 9 13 5 6 10 3 4 7 11 15 0 8 12 2
2 2 1 14 9 13 5 6 10 3 4 7 11 15 2 8 12 0
1 3 0 14 9 13 5 6 10 3 4 7 11 15 2 8 12 1
2 2 2 14 9 13 5 6 10 3 4 7 11 15 0 8 12 1
4 1 2 14 9 13 5 6 10 3 0 7 11 15 4 8 12 1
5 1 2 14 9 13 0 6 10 3 5 7 11 15 4 8 12 1
6 1 2 14 9 13 6 0 10 3 5 7 11 15 4 8 12 1
14 1 2 0 9 13 6 14 10 3 5 7 11 15 4 8 12 1
2 1 0 2 9 13 6 14 10 3 5 7 11 15 4 8 12 1
14 3 14 2 9 13 6 0 10 3 5 7 11 15 4 8 12 1
6 1 14 2 9 13 0 6 10 3 5 7 11 15 4 8 12 1
5 1 14 2 9 13 5 6 10 3 0 7 11 15 4 8 12 1
4 1 14 2 9 13 5 6 10 3 4 7 11 15 0 8 12 1
14 2 0 2 9 13 5 6 10 3 4 7 11 15 14 8 12 1
5 1 5 2 9 13 0 6 10 3 4 7 11 15 14 8 12 1
4 1 5 2 9 13 4 6 10 3 0 7 11 15 14 8 12 1
14 1 5 2 9 13 4 6 10 3 14 7 11 15 0 8 12 1
1 2 5 2 9 13 4 6 10 3 14 7 11 15 1 8 12 0
5 3 0 2 9 13 4 6 10 3 14 7 11 15 1 8 12 5
4 1 4 2 9 13 0 6 10 3 14 7 11 15 1 8 12 5
14 1 4 2 9 13 14 6 10 3 0 7 11 15 1 8 12 5
1 1 4 2 9 13 14 6 10 3 1 7 11 15 0 8 12 5
5 2 4 2 9 13 14 6 10 3 1 7 11 15 5 8 12 0
4 3 0 2 9 13 14 6 10 3 1 7 11 15 5 8 12 4
14 1 14 2 9 13 0 6 10 3 1 7 11 15 5 8 12 4
1 1 14 2 9 13 1 6 10 3 0 7 11 15 5 8 12 4
5 1 14 2 9 13 1 6 10 3 5 7 11 15 0 8 12 4
4 2 14 2 9 13 1 6 10 3 5 7 11 15 4 8 12 0
14 3 0 2 9 13 1 6 10 3 5 7 11 15 4 8 12 14
6 3 6 2 9 13 1 0 10 3 5 7 11 15 4 8 12 14
2 1 6 0 9 13 1 2 10 3 5 7 11 15 4 8 12 14
6 1 0 6 9 13 1 2 10 3 5 7 11 15 4 8 12 14
1 1 1 6 9 13 0 2 10 3 5 7 11 15 4 8 12 14
2 1 1 6 9 13 2 0 10 3 5 7 11 15 4 8 12 14
6 1 1 0 9 13 2 6 10 3 5 7 11 15 4 8 12 14
1 1 0 1 9 13 2 6 10 3 5 7 11 15 4 8 12 14
14 3 14 1 9 13 2 6 10 3 5 7 11 15 4 8 12 0
13 2 14 1 9 0 2 6 10 3 5 7 11 15 4 8 12 13
3 1 14 1 9 3 2 6 10 0 5 7 11 15 4 8 12 13
15 1 14 1 9 3 2 6 10 15 5 7 11 0 4 8 12 13
13 1 14 1 9 3 2 6 10 15 5 7 11 13 4 8 12 0
14 3 0 1 9 3 2 6 10 15 5 7 11 13 4 8 12 14
1 1 1 0 9 3 2 6 10 15 5 7 11 13 4 8 12 14
9 1 1 9 0 3 2 6 10 15 5 7 11 13 4 8 12 14
3 1 1 9 3 0 2 6 10 15 5 7 11 13 4 8 12 14
14 2 1 9 3 14 2 6 10 15 5 7 11 13 4 8 12 0
13 1 1 9 3 14 2 6 10 15 5 7 11 0 4 8 12 13
15 1 1 9 3 14 2 6 10 0 5 7 11 15 4 8 12 13
14 1 1 9 3 0 2 6 10 14 5 7 11 15 4 8 12 13
3 1 1 9 0 3 2 6 10 14 5 7 11 15 4 8 12 13
9 1 1 0 9 3 2 6 10 14 5 7 11 15 4 8 12 13
1 1 0 1 9 3 2 6 10 14 5 7 11 15 4 8 12 13
13 3 13 1 9 3 2 6 10 14 5 7 11 15 4 8 12 0
3 2 13 1 9 0 2 6 10 14 5 7 11 15 4 8 12 3
13 2 0 1 9 13 2 6 10 14 5 7 11 15 4 8 12 3
4 2 4 1 9 13 2 6 10 14 5 7 11 15 0 8 12 3
3 2 4 1 9 13 2 6 10 14 5 7 11 15 3 8 12 0
4 3 0 1 9 13 2 6 10 14 5 7 11 15 3 8 12 4
1 1 1 0 9 13 2 6 10 14 5 7 11 15 3 8 12 4
6 1 1 6 9 13 2 0 10 14 5 7 11 15 3 8 12 4
2 1 1 6 9 13 0 2 10 14 5 7 11 15 3 8 12 4
5 1 1 6 9 13 5 2 10 14 0 7 11 15 3 8 12 4
3 1 1 6 9 13 5 2 10 14 3 7 11 15 0 8 12 4
4 2 1 6 9 13 5 2 10 14 3 7 11 15 4 8 12 0
1 3 0 6 9 13 5 2 10 14 3 7 11 15 4 8 12 1
2 3 2 6 9 13 5 0 10 14 3 7 11 15 4 8 12 1
6 1 2 0 9 13 5 6 10 14 3 7 11 15 4 8 12 1
2 1 0 2 9 13 5 6 10 14 3 7 11 15 4 8 12 1
5 1 5 2 9 13 0 6 10 14 3 7 11 15 4 8 12 1
6 1 5 2 9 13 6 0 10 14 3 7 11 15 4 8 12 1
2 1 5 0 9 13 6 2 10 14 3 7 11 15 4 8 12 1
5 1 0 5 9 13 6 2 10 14 3 7 11 15 4 8 12 1
6 1 6 5 9 13 0 2 10 14 3 7 11 15 4 8 12 1
2 1 6 5 9 13 2 0 10 14 3 7 11 15 4 8 12 1
5 1 6 0 9 13 2 5 10 14 3 7 11 15 4 8 12 1
6 1 0 6 9 13 2 5 10 14 3 7 11 15 4 8 12 1
5 3 5 6 9 13 2 0 10 14 3 7 11 15 4 8 12 1
6 1 5 0 9 13 2 6 10 14 3 7 11 15 4 8 12 1
5 1 0 5 9 13 2 6 10 14 3 7 11 15 4 8 12 1
1 3 1 5 9 13 2 6 10 14 3 7 11 15 4 8 12 0
205 1.53