0 0 10 15 12 5 0 14 2 7 9 8 3 11 4 13 6 1
14 1 10 15 12 5 14 0 2 7 9 8 3 11 4 13 6 1
2 1 10 15 12 5 14 2 0 7 9 8 3 11 4 13 6 1
7 1 10 15 12 5 14 2 7 0 9 8 3 11 4 13 6 1
11 1 10 15 12 5 14 2 7 11 9 8 3 0 4 13 6 1
1 1 10 15 12 5 14 2 7 11 9 8 3 1 4 13 6 0
3 3 10 15 12 5 14 2 7 11 9 8 0 1 4 13 6 3
1 1 10 15 12 5 14 2 7 11 9 8 1 0 4 13 6 3
3 1 10 15 12 5 14 2 7 11 9 8 1 3 4 13 6 0
10 3 0 15 12 5 14 2 7 11 9 8 1 3 4 13 6 10
14 1 14 15 12 5 0 2 7 11 9 8 1 3 4 13 6 10
2 1 14 15 12 5 2 0 7 11 9 8 1 3 4 13 6 10
7 1 14 15 12 5 2 7 0 11 9 8 1 3 4 13 6 10
11 1 14 15 12 5 2 7 11 0 9 8 1 3 4 13 6 10
3 1 14 15 12 5 2 7 11 3 9 8 1 0 4 13 6 10
10 1 14 15 12 5 2 7 11 3 9 8 1 10 4 13 6 0
1 3 14 15 12 5 2 7 11 3 9 8 0 10 4 13 6 1
11 1 14 15 12 5 2 7 0 3 9 8 11 10 4 13 6 1
3 1 14 15 12 5 2 7 3 0 9 8 11 10 4 13 6 1
10 1 14 15 12 5 2 7 3 10 9 8 11 0 4 13 6 1
1 1 14 15 12 5 2 7 3 10 9 8 11 1 4 13 6 0
14 3 0 15 12 5 2 7 3 10 9 8 11 1 4 13 6 14
7 3 7 15 12 5 2 0 3 10 9 8 11 1 4 13 6 14
3 1 7 15 12 5 2 3 0 10 9 8 11 1 4 13 6 14
10 1 7 15 12 5 2 3 10 0 9 8 11 1 4 13 6 14
1 1 7 15 12 5 2 3 10 1 9 8 11 0 4 13 6 14
14 1 7 15 12 5 2 3 10 1 9 8 11 14 4 13 6 0
7 3 0 15 12 5 2 3 10 1 9 8 11 14 4 13 6 7
3 3 3 15 12 5 2 0 10 1 9 8 11 14 4 13 6 7
8 1 3 15 12 5 2 8 10 1 9 0 11 14 4 13 6 7
13 1 3 15 12 5 2 8 10 1 9 13 11 14 4 0 6 7
6 1 3 15 12 5 2 8 10 1 9 13 11 14 4 6 0 7
7 1 3 15 12 5 2 8 10 1 9 13 11 14 4 6 7 0
3 3 0 15 12 5 2 8 10 1 9 13 11 14 4 6 7 3
8 3 8 15 12 5 2 0 10 1 9 13 11 14 4 6 7 3
13 1 8 15 12 5 2 13 10 1 9 0 11 14 4 6 7 3
6 1 8 15 12 5 2 13 10 1 9 6 11 14 4 0 7 3
7 1 8 15 12 5 2 13 10 1 9 6 11 14 4 7 0 3
3 1 8 15 12 5 2 13 10 1 9 6 11 14 4 7 3 0
8 3 0 15 12 5 2 13 10 1 9 6 11 14 4 7 3 8
13 3 13 15 12 5 2 0 10 1 9 6 11 14 4 7 3 8
6 1 13 15 12 5 2 6 10 1 9 0 11 14 4 7 3 8
7 1 13 15 12 5 2 6 10 1 9 7 11 14 4 0 3 8
3 1 13 15 12 5 2 6 10 1 9 7 11 14 4 3 0 8
8 1 13 15 12 5 2 6 10 1 9 7 11 14 4 3 8 0
13 3 0 15 12 5 2 6 10 1 9 7 11 14 4 3 8 13
5 2 5 15 12 0 2 6 10 1 9 7 11 14 4 3 8 13
13 2 5 15 12 13 2 6 10 1 9 7 11 14 4 3 8 0
14 1 5 15 12 13 2 6 10 1 9 7 11 0 4 3 8 14
1 1 5 15 12 13 2 6 10 0 9 7 11 1 4 3 8 14
10 1 5 15 12 13 2 6 0 10 9 7 11 1 4 3 8 14
12 1 5 15 0 13 2 6 12 10 9 7 11 1 4 3 8 14
15 1 5 0 15 13 2 6 12 10 9 7 11 1 4 3 8 14
5 1 0 5 15 13 2 6 12 10 9 7 11 1 4 3 8 14
14 3 14 5 15 13 2 6 12 10 9 7 11 1 4 3 8 0
1 1 14 5 15 13 2 6 12 10 9 7 11 0 4 3 8 1
10 1 14 5 15 13 2 6 12 0 9 7 11 10 4 3 8 1
12 1 14 5 15 13 2 6 0 12 9 7 11 10 4 3 8 1
15 1 14 5 0 13 2 6 15 12 9 7 11 10 4 3 8 1
13 1 14 5 13 0 2 6 15 12 9 7 11 10 4 3 8 1
1 2 14 5 13 1 2 6 15 12 9 7 11 10 4 3 8 0
14 3 0 5 13 1 2 6 15 12 9 7 11 10 4 3 8 14
1 2 1 5 13 0 2 6 15 12 9 7 11 10 4 3 8 14
13 1 1 5 0 13 2 6 15 12 9 7 11 10 4 3 8 14
15 1 1 5 15 13 2 6 0 12 9 7 11 10 4 3 8 14
12 1 1 5 15 13 2 6 12 0 9 7 11 10 4 3 8 14
10 1 1 5 15 13 2 6 12 10 9 7 11 0 4 3 8 14
14 1 1 5 15 13 2 6 12 10 9 7 11 14 4 3 8 0
8 1 1 5 15 13 2 6 12 10 9 7 11 14 4 3 0 8
3 1 1 5 15 13 2 6 12 10 9 7 11 14 4 0 3 8
4 1 1 5 15 13 2 6 12 10 9 7 11 14 0 4 3 8
8 2 1 5 15 13 2 6 12 10 9 7 11 14 8 4 3 0
3 1 1 5 15 13 2 6 12 10 9 7 11 14 8 4 0 3
4 1 1 5 15 13 2 6 12 10 9 7 11 14 8 0 4 3
8 1 1 5 15 13 2 6 12 10 9 7 11 14 0 8 4 3
3 2 1 5 15 13 2 6 12 10 9 7 11 14 3 8 4 0
14 1 1 5 15 13 2 6 12 10 9 7 11 0 3 8 4 14
10 1 1 5 15 13 2 6 12 0 9 7 11 10 3 8 4 14
12 1 1 5 15 13 2 6 0 12 9 7 11 10 3 8 4 14
11 1 1 5 15 13 2 6 11 12 9 7 0 10 3 8 4 14
10 1 1 5 15 13 2 6 11 12 9 7 10 0 3 8 4 14
14 1 1 5 15 13 2 6 11 12 9 7 10 14 3 8 4 0
10 3 1 5 15 13 2 6 11 12 9 7 0 14 3 8 4 10
11 1 1 5 15 13 2 6 0 12 9 7 11 14 3 8 4 10
12 1 1 5 15 13 2 6 12 0 9 7 11 14 3 8 4 10
14 1 1 5 15 13 2 6 12 14 9 7 11 0 3 8 4 10
10 1 1 5 15 13 2 6 12 14 9 7 11 10 3 8 4 0
4 1 1 5 15 13 2 6 12 14 9 7 11 10 3 8 0 4
8 1 1 5 15 13 2 6 12 14 9 7 11 10 3 0 8 4
3 1 1 5 15 13 2 6 12 14 9 7 11 10 0 3 8 4
4 2 1 5 15 13 2 6 12 14 9 7 11 10 4 3 8 0
10 1 1 5 15 13 2 6 12 14 9 7 11 0 4 3 8 10
11 1 1 5 15 13 2 6 12 14 9 7 0 11 4 3 8 10
8 1 1 5 15 13 2 6 12 14 9 7 8 11 4 3 0 10
10 1 1 5 15 13 2 6 12 14 9 7 8 11 4 3 10 0
8 3 1 5 15 13 2 6 12 14 9 7 0 11 4 3 10 8
11 1 1 5 15 13 2 6 12 14 9 7 11 0 4 3 10 8
8 1 1 5 15 13 2 6 12 14 9 7 11 8 4 3 10 0
13 2 1 5 15 0 2 6 12 14 9 7 11 8 4 3 10 13
12 3 1 5 15 12 2 6 0 14 9 7 11 8 4 3 10 13
15 1 1 5 0 12 2 6 15 14 9 7 11 8 4 3 10 13
12 1 1 5 12 0 2 6 15 14 9 7 11 8 4 3 10 13
13 2 1 5 12 13 2 6 15 14 9 7 11 8 4 3 10 0
8 1 1 5 12 13 2 6 15 14 9 7 11 0 4 3 10 8
11 1 1 5 12 13 2 6 15 14 9 7 0 11 4 3 10 8
10 1 1 5 12 13 2 6 15 14 9 7 10 11 4 3 0 8
8 1 1 5 12 13 2 6 15 14 9 7 10 11 4 3 8 0
10 3 1 5 12 13 2 6 15 14 9 7 0 11 4 3 8 10
11 1 1 5 12 13 2 6 15 14 9 7 11 0 4 3 8 10
10 1 1 5 12 13 2 6 15 14 9 7 11 10 4 3 8 0
8 1 1 5 12 13 2 6 15 14 9 7 11 10 4 3 0 8
3 1 1 5 12 13 2 6 15 14 9 7 11 10 4 0 3 8
4 1 1 5 12 13 2 6 15 14 9 7 11 10 0 4 3 8
8 2 1 5 12 13 2 6 15 14 9 7 11 10 8 4 3 0
3 1 1 5 12 13 2 6 15 14 9 7 11 10 8 4 0 3
4 1 1 5 12 13 2 6 15 14 9 7 11 10 8 0 4 3
8 1 1 5 12 13 2 6 15 14 9 7 11 10 0 8 4 3
3 2 1 5 12 13 2 6 15 14 9 7 11 10 3 8 4 0
11 3 1 5 12 13 2 6 15 14 9 7 0 10 3 8 4 11
10 1 1 5 12 13 2 6 15 14 9 7 10 0 3 8 4 11
11 1 1 5 12 13 2 6 15 14 9 7 10 11 3 8 4 0
4 1 1 5 12 13 2 6 15 14 9 7 10 11 3 8 0 4
10 1 1 5 12 13 2 6 15 14 9 7 0 11 3 8 10 4
11 1 1 5 12 13 2 6 15 14 9 7 11 0 3 8 10 4
4 1 1 5 12 13 2 6 15 14 9 7 11 4 3 8 10 0
10 1 1 5 12 13 2 6 15 14 9 7 11 4 3 8 0 10
11 1 1 5 12 13 2 6 15 14 9 7 0 4 3 8 11 10
15 1 1 5 12 13 2 6 0 14 9 7 15 4 3 8 11 10
14 1 1 5 12 13 2 6 14 0 9 7 15 4 3 8 11 10
4 1 1 5 12 13 2 6 14 4 9 7 15 0 3 8 11 10
15 1 1 5 12 13 2 6 14 4 9 7 0 15 3 8 11 10
11 1 1 5 12 13 2 6 14 4 9 7 11 15 3 8 0 10
10 1 1 5 12 13 2 6 14 4 9 7 11 15 3 8 10 0
3 2 1 5 12 13 2 6 14 4 9 7 11 15 0 8 10 3
13 3 1 5 12 0 2 6 14 4 9 7 11 15 13 8 10 3
14 3 1 5 12 14 2 6 0 4 9 7 11 15 13 8 10 3
4 1 1 5 12 14 2 6 4 0 9 7 11 15 13 8 10 3
14 1 1 5 12 0 2 6 4 14 9 7 11 15 13 8 10 3
13 3 1 5 12 13 2 6 4 14 9 7 11 15 0 8 10 3
3 2 1 5 12 13 2 6 4 14 9 7 11 15 3 8 10 0
11 3 1 5 12 13 2 6 4 14 9 7 0 15 3 8 10 11
7 1 1 5 12 13 2 6 4 14 9 0 7 15 3 8 10 11
9 1 1 5 12 13 2 6 4 14 0 9 7 15 3 8 10 11
3 1 1 5 12 13 2 6 4 14 3 9 7 15 0 8 10 11
11 2 1 5 12 13 2 6 4 14 3 9 7 15 11 8 10 0
7 3 1 5 12 13 2 6 4 14 3 9 0 15 11 8 10 7
10 1 1 5 12 13 2 6 4 14 3 9 10 15 11 8 0 7
7 1 1 5 12 13 2 6 4 14 3 9 10 15 11 8 7 0
11 2 1 5 12 13 2 6 4 14 3 9 10 15 0 8 7 11
9 3 1 5 12 13 2 6 4 14 3 0 10 15 9 8 7 11
10 1 1 5 12 13 2 6 4 14 3 10 0 15 9 8 7 11
7 1 1 5 12 13 2 6 4 14 3 10 7 15 9 8 0 11
11 1 1 5 12 13 2 6 4 14 3 10 7 15 9 8 11 0
7 3 1 5 12 13 2 6 4 14 3 10 0 15 9 8 11 7
11 1 1 5 12 13 2 6 4 14 3 10 11 15 9 8 0 7
7 1 1 5 12 13 2 6 4 14 3 10 11 15 9 8 7 0
9 2 1 5 12 13 2 6 4 14 3 10 11 15 0 8 7 9
10 3 1 5 12 13 2 6 4 14 3 0 11 15 10 8 7 9
11 1 1 5 12 13 2 6 4 14 3 11 0 15 10 8 7 9
7 1 1 5 12 13 2 6 4 14 3 11 7 15 10 8 0 9
9 1 1 5 12 13 2 6 4 14 3 11 7 15 10 8 9 0
7 3 1 5 12 13 2 6 4 14 3 11 0 15 10 8 9 7
11 1 1 5 12 13 2 6 4 14 3 0 11 15 10 8 9 7
3 1 1 5 12 13 2 6 4 14 0 3 11 15 10 8 9 7
10 1 1 5 12 13 2 6 4 14 10 3 11 15 0 8 9 7
3 3 1 5 12 13 2 6 4 14 10 0 11 15 3 8 9 7
10 1 1 5 12 13 2 6 4 14 0 10 11 15 3 8 9 7
3 1 1 5 12 13 2 6 4 14 3 10 11 15 0 8 9 7
7 2 1 5 12 13 2 6 4 14 3 10 11 15 7 8 9 0
9 1 1 5 12 13 2 6 4 14 3 10 11 15 7 8 0 9
8 1 1 5 12 13 2 6 4 14 3 10 11 15 7 0 8 9
7 1 1 5 12 13 2 6 4 14 3 10 11 15 0 7 8 9
9 2 1 5 12 13 2 6 4 14 3 10 11 15 9 7 8 0
8 1 1 5 12 13 2 6 4 14 3 10 11 15 9 7 0 8
7 1 1 5 12 13 2 6 4 14 3 10 11 15 9 0 7 8
9 1 1 5 12 13 2 6 4 14 3 10 11 15 0 9 7 8
10 3 1 5 12 13 2 6 4 14 3 0 11 15 10 9 7 8
9 1 1 5 12 13 2 6 4 14 3 9 11 15 10 0 7 8
7 1 1 5 12 13 2 6 4 14 3 9 11 15 10 7 0 8
8 1 1 5 12 13 2 6 4 14 3 9 11 15 10 7 8 0
10 2 1 5 12 13 2 6 4 14 3 9 11 15 0 7 8 10
9 3 1 5 12 13 2 6 4 14 3 0 11 15 9 7 8 10
7 1 1 5 12 13 2 6 4 14 3 7 11 15 9 0 8 10
8 1 1 5 12 13 2 6 4 14 3 7 11 15 9 8 0 10
10 1 1 5 12 13 2 6 4 14 3 7 11 15 9 8 10 0
11 3 1 5 12 13 2 6 4 14 3 7 0 15 9 8 10 11
4 1 1 5 12 13 2 6 0 14 3 7 4 15 9 8 10 11
12 1 1 5 0 13 2 6 12 14 3 7 4 15 9 8 10 11
13 1 1 5 13 0 2 6 12 14 3 7 4 15 9 8 10 11
11 2 1 5 13 11 2 6 12 14 3 7 4 15 9 8 10 0
4 3 1 5 13 11 2 6 12 14 3 7 0 15 9 8 10 4
10 1 1 5 13 11 2 6 12 14 3 7 10 15 9 8 0 4
4 1 1 5 13 11 2 6 12 14 3 7 10 15 9 8 4 0
10 3 1 5 13 11 2 6 12 14 3 7 0 15 9 8 4 10
12 1 1 5 13 11 2 6 0 14 3 7 12 15 9 8 4 10
13 1 1 5 0 11 2 6 13 14 3 7 12 15 9 8 4 10
11 1 1 5 11 0 2 6 13 14 3 7 12 15 9 8 4 10
10 2 1 5 11 10 2 6 13 14 3 7 12 15 9 8 4 0
12 3 1 5 11 10 2 6 13 14 3 7 0 15 9 8 4 12
4 1 1 5 11 10 2 6 13 14 3 7 4 15 9 8 0 12
12 1 1 5 11 10 2 6 13 14 3 7 4 15 9 8 12 0
4 3 1 5 11 10 2 6 13 14 3 7 0 15 9 8 12 4
13 1 1 5 11 10 2 6 0 14 3 7 13 15 9 8 12 4
11 1 1 5 0 10 2 6 11 14 3 7 13 15 9 8 12 4
10 1 1 5 10 0 2 6 11 14 3 7 13 15 9 8 12 4
4 2 1 5 10 4 2 6 11 14 3 7 13 15 9 8 12 0
13 3 1 5 10 4 2 6 11 14 3 7 0 15 9 8 12 13
11 1 1 5 10 4 2 6 0 14 3 7 11 15 9 8 12 13
10 1 1 5 0 4 2 6 10 14 3 7 11 15 9 8 12 13
4 1 1 5 4 0 2 6 10 14 3 7 11 15 9 8 12 13
1 2 0 5 4 1 2 6 10 14 3 7 11 15 9 8 12 13
5 1 5 0 4 1 2 6 10 14 3 7 11 15 9 8 12 13
4 1 5 4 0 1 2 6 10 14 3 7 11 15 9 8 12 13
1 1 5 4 1 0 2 6 10 14 3 7 11 15 9 8 12 13
13 2 5 4 1 13 2 6 10 14 3 7 11 15 9 8 12 0
9 2 5 4 1 13 2 6 10 14 3 7 11 15 0 8 12 9
13 3 5 4 1 0 2 6 10 14 3 7 11 15 13 8 12 9
9 2 5 4 1 9 2 6 10 14 3 7 11 15 13 8 12 0
5 3 0 4 1 9 2 6 10 14 3 7 11 15 13 8 12 5
13 2 13 4 1 9 2 6 10 14 3 7 11 15 0 8 12 5
5 2 13 4 1 9 2 6 10 14 3 7 11 15 5 8 12 0
13 3 0 4 1 9 2 6 10 14 3 7 11 15 5 8 12 13
4 1 4 0 1 9 2 6 10 14 3 7 11 15 5 8 12 13
1 1 4 1 0 9 2 6 10 14 3 7 11 15 5 8 12 13
9 1 4 1 9 0 2 6 10 14 3 7 11 15 5 8 12 13
13 2 4 1 9 13 2 6 10 14 3 7 11 15 5 8 12 0
4 3 0 1 9 13 2 6 10 14 3 7 11 15 5 8 12 4
5 2 5 1 9 13 2 6 10 14 3 7 11 15 0 8 12 4
4 2 5 1 9 13 2 6 10 14 3 7 11 15 4 8 12 0
13 2 5 1 9 0 2 6 10 14 3 7 11 15 4 8 12 13
5 2 0 1 9 5 2 6 10 14 3 7 11 15 4 8 12 13
1 1 1 0 9 5 2 6 10 14 3 7 11 15 4 8 12 13
9 1 1 9 0 5 2 6 10 14 3 7 11 15 4 8 12 13
5 1 1 9 5 0 2 6 10 14 3 7 11 15 4 8 12 13
13 2 1 9 5 13 2 6 10 14 3 7 11 15 4 8 12 0
1 3 0 9 5 13 2 6 10 14 3 7 11 15 4 8 12 1
9 1 9 0 5 13 2 6 10 14 3 7 11 15 4 8 12 1
5 1 9 5 0 13 2 6 10 14 3 7 11 15 4 8 12 1
13 1 9 5 13 0 2 6 10 14 3 7 11 15 4 8 12 1
1 2 9 5 13 1 2 6 10 14 3 7 11 15 4 8 12 0
9 3 0 5 13 1 2 6 10 14 3 7 11 15 4 8 12 9
1 2 1 5 13 0 2 6 10 14 3 7 11 15 4 8 12 9
9 2 1 5 13 9 2 6 10 14 3 7 11 15 4 8 12 0
15 1 1 5 13 9 2 6 10 14 3 7 11 0 4 8 12 15
14 1 1 5 13 9 2 6 10 0 3 7 11 14 4 8 12 15
9 1 1 5 13 0 2 6 10 9 3 7 11 14 4 8 12 15
13 1 1 5 0 13 2 6 10 9 3 7 11 14 4 8 12 15
10 1 1 5 10 13 2 6 0 9 3 7 11 14 4 8 12 15
9 1 1 5 10 13 2 6 9 0 3 7 11 14 4 8 12 15
14 1 1 5 10 13 2 6 9 14 3 7 11 0 4 8 12 15
15 1 1 5 10 13 2 6 9 14 3 7 11 15 4 8 12 0
13 2 1 5 10 0 2 6 9 14 3 7 11 15 4 8 12 13
9 3 1 5 10 9 2 6 0 14 3 7 11 15 4 8 12 13
10 1 1 5 0 9 2 6 10 14 3 7 11 15 4 8 12 13
9 1 1 5 9 0 2 6 10 14 3 7 11 15 4 8 12 13
13 2 1 5 9 13 2 6 10 14 3 7 11 15 4 8 12 0
382 2.92