0 0 7 2 4 0 12 6 10 11 5 14 9 8 1 15 13 3
4 1 7 2 0 4 12 6 10 11 5 14 9 8 1 15 13 3
10 1 7 2 10 4 12 6 0 11 5 14 9 8 1 15 13 3
11 1 7 2 10 4 12 6 11 0 5 14 9 8 1 15 13 3
8 1 7 2 10 4 12 6 11 8 5 14 9 0 1 15 13 3
3 1 7 2 10 4 12 6 11 8 5 14 9 3 1 15 13 0
9 3 7 2 10 4 12 6 11 8 5 14 0 3 1 15 13 9
11 1 7 2 10 4 12 6 0 8 5 14 11 3 1 15 13 9
10 1 7 2 0 4 12 6 10 8 5 14 11 3 1 15 13 9
4 1 7 2 4 0 12 6 10 8 5 14 11 3 1 15 13 9
9 2 7 2 4 9 12 6 10 8 5 14 11 3 1 15 13 0
7 3 0 2 4 9 12 6 10 8 5 14 11 3 1 15 13 7
1 2 1 2 4 9 12 6 10 8 5 14 11 3 0 15 13 7
7 2 1 2 4 9 12 6 10 8 5 14 11 3 7 15 13 0
9 2 1 2 4 0 12 6 10 8 5 14 11 3 7 15 13 9
4 1 1 2 0 4 12 6 10 8 5 14 11 3 7 15 13 9
10 1 1 2 10 4 12 6 0 8 5 14 11 3 7 15 13 9
8 1 1 2 10 4 12 6 8 0 5 14 11 3 7 15 13 9
3 1 1 2 10 4 12 6 8 3 5 14 11 0 7 15 13 9
9 1 1 2 10 4 12 6 8 3 5 14 11 9 7 15 13 0
7 2 1 2 10 4 12 6 8 3 5 14 11 9 0 15 13 7
14 3 1 2 10 4 12 6 8 3 5 0 11 9 14 15 13 7
5 1 1 2 10 4 12 6 8 3 0 5 11 9 14 15 13 7
14 1 1 2 10 4 12 6 8 3 14 5 11 9 0 15 13 7
7 2 1 2 10 4 12 6 8 3 14 5 11 9 7 15 13 0
13 1 1 2 10 4 12 6 8 3 14 5 11 9 7 15 0 13
15 1 1 2 10 4 12 6 8 3 14 5 11 9 7 0 15 13
7 1 1 2 10 4 12 6 8 3 14 5 11 9 0 7 15 13
13 2 1 2 10 4 12 6 8 3 14 5 11 9 13 7 15 0
9 1 1 2 10 4 12 6 8 3 14 5 11 0 13 7 15 9
3 1 1 2 10 4 12 6 8 0 14 5 11 3 13 7 15 9
8 1 1 2 10 4 12 6 0 8 14 5 11 3 13 7 15 9
6 1 1 2 10 4 12 0 6 8 14 5 11 3 13 7 15 9
5 1 1 2 10 4 12 5 6 8 14 0 11 3 13 7 15 9
14 1 1 2 10 4 12 5 6 8 0 14 11 3 13 7 15 9
12 1 1 2 10 4 0 5 6 8 12 14 11 3 13 7 15 9
5 1 1 2 10 4 5 0 6 8 12 14 11 3 13 7 15 9
6 1 1 2 10 4 5 6 0 8 12 14 11 3 13 7 15 9
8 1 1 2 10 4 5 6 8 0 12 14 11 3 13 7 15 9
3 1 1 2 10 4 5 6 8 3 12 14 11 0 13 7 15 9
9 1 1 2 10 4 5 6 8 3 12 14 11 9 13 7 15 0
11 3 1 2 10 4 5 6 8 3 12 14 0 9 13 7 15 11
9 1 1 2 10 4 5 6 8 3 12 14 9 0 13 7 15 11
3 1 1 2 10 4 5 6 8 0 12 14 9 3 13 7 15 11
8 1 1 2 10 4 5 6 0 8 12 14 9 3 13 7 15 11
9 1 1 2 10 4 5 6 9 8 12 14 0 3 13 7 15 11
3 1 1 2 10 4 5 6 9 8 12 14 3 0 13 7 15 11
11 1 1 2 10 4 5 6 9 8 12 14 3 11 13 7 15 0
3 3 1 2 10 4 5 6 9 8 12 14 0 11 13 7 15 3
11 1 1 2 10 4 5 6 9 8 12 14 11 0 13 7 15 3
3 1 1 2 10 4 5 6 9 8 12 14 11 3 13 7 15 0
4 2 1 2 10 0 5 6 9 8 12 14 11 3 13 7 15 4
9 3 1 2 10 9 5 6 0 8 12 14 11 3 13 7 15 4
10 1 1 2 0 9 5 6 10 8 12 14 11 3 13 7 15 4
9 1 1 2 9 0 5 6 10 8 12 14 11 3 13 7 15 4
4 2 1 2 9 4 5 6 10 8 12 14 11 3 13 7 15 0
13 2 1 2 9 4 5 6 10 8 12 14 11 3 0 7 15 13
14 3 1 2 9 4 5 6 10 8 12 0 11 3 14 7 15 13
7 1 1 2 9 4 5 6 10 8 12 7 11 3 14 0 15 13
14 1 1 2 9 4 5 6 10 8 12 7 11 3 0 14 15 13
13 2 1 2 9 4 5 6 10 8 12 7 11 3 13 14 15 0
11 3 1 2 9 4 5 6 10 8 12 7 0 3 13 14 15 11
7 1 1 2 9 4 5 6 10 8 12 0 7 3 13 14 15 11
12 1 1 2 9 4 5 6 10 8 0 12 7 3 13 14 15 11
13 1 1 2 9 4 5 6 10 8 13 12 7 3 0 14 15 11
11 2 1 2 9 4 5 6 10 8 13 12 7 3 11 14 15 0
7 3 1 2 9 4 5 6 10 8 13 12 0 3 11 14 15 7
3 1 1 2 9 4 5 6 10 8 13 12 3 0 11 14 15 7
7 1 1 2 9 4 5 6 10 8 13 12 3 7 11 14 15 0
3 3 1 2 9 4 5 6 10 8 13 12 0 7 11 14 15 3
12 1 1 2 9 4 5 6 10 8 13 0 12 7 11 14 15 3
13 1 1 2 9 4 5 6 10 8 0 13 12 7 11 14 15 3
11 1 1 2 9 4 5 6 10 8 11 13 12 7 0 14 15 3
3 2 1 2 9 4 5 6 10 8 11 13 12 7 3 14 15 0
12 3 1 2 9 4 5 6 10 8 11 13 0 7 3 14 15 12
7 1 1 2 9 4 5 6 10 8 11 13 7 0 3 14 15 12
12 1 1 2 9 4 5 6 10 8 11 13 7 12 3 14 15 0
7 3 1 2 9 4 5 6 10 8 11 13 0 12 3 14 15 7
13 1 1 2 9 4 5 6 10 8 11 0 13 12 3 14 15 7
11 1 1 2 9 4 5 6 10 8 0 11 13 12 3 14 15 7
3 1 1 2 9 4 5 6 10 8 3 11 13 12 0 14 15 7
7 2 1 2 9 4 5 6 10 8 3 11 13 12 7 14 15 0
13 3 1 2 9 4 5 6 10 8 3 11 0 12 7 14 15 13
11 1 1 2 9 4 5 6 10 8 3 0 11 12 7 14 15 13
3 1 1 2 9 4 5 6 10 8 0 3 11 12 7 14 15 13
7 1 1 2 9 4 5 6 10 8 7 3 11 12 0 14 15 13
13 2 1 2 9 4 5 6 10 8 7 3 11 12 13 14 15 0
11 3 1 2 9 4 5 6 10 8 7 3 0 12 13 14 15 11
10 1 1 2 9 4 5 6 0 8 7 3 10 12 13 14 15 11
9 1 1 2 0 4 5 6 9 8 7 3 10 12 13 14 15 11
4 1 1 2 4 0 5 6 9 8 7 3 10 12 13 14 15 11
11 2 1 2 4 11 5 6 9 8 7 3 10 12 13 14 15 0
10 3 1 2 4 11 5 6 9 8 7 3 0 12 13 14 15 10
9 1 1 2 4 11 5 6 0 8 7 3 9 12 13 14 15 10
4 1 1 2 0 11 5 6 4 8 7 3 9 12 13 14 15 10
11 1 1 2 11 0 5 6 4 8 7 3 9 12 13 14 15 10
10 2 1 2 11 10 5 6 4 8 7 3 9 12 13 14 15 0
9 3 1 2 11 10 5 6 4 8 7 3 0 12 13 14 15 9
4 1 1 2 11 10 5 6 0 8 7 3 4 12 13 14 15 9
11 1 1 2 0 10 5 6 11 8 7 3 4 12 13 14 15 9
10 1 1 2 10 0 5 6 11 8 7 3 4 12 13 14 15 9
11 3 1 2 10 11 5 6 0 8 7 3 4 12 13 14 15 9
10 1 1 2 0 11 5 6 10 8 7 3 4 12 13 14 15 9
11 1 1 2 11 0 5 6 10 8 7 3 4 12 13 14 15 9
9 2 1 2 11 9 5 6 10 8 7 3 4 12 13 14 15 0
4 3 1 2 11 9 5 6 10 8 7 3 0 12 13 14 15 4
10 1 1 2 11 9 5 6 0 8 7 3 10 12 13 14 15 4
11 1 1 2 0 9 5 6 11 8 7 3 10 12 13 14 15 4
9 1 1 2 9 0 5 6 11 8 7 3 10 12 13 14 15 4
4 2 1 2 9 4 5 6 11 8 7 3 10 12 13 14 15 0
10 3 1 2 9 4 5 6 11 8 7 3 0 12 13 14 15 10
3 1 1 2 9 4 5 6 11 8 7 0 3 12 13 14 15 10
7 1 1 2 9 4 5 6 11 8 0 7 3 12 13 14 15 10
13 1 1 2 9 4 5 6 11 8 13 7 3 12 0 14 15 10
10 2 1 2 9 4 5 6 11 8 13 7 3 12 10 14 15 0
3 3 1 2 9 4 5 6 11 8 13 7 0 12 10 14 15 3
11 1 1 2 9 4 5 6 0 8 13 7 11 12 10 14 15 3
9 1 1 2 0 4 5 6 9 8 13 7 11 12 10 14 15 3
4 1 1 2 4 0 5 6 9 8 13 7 11 12 10 14 15 3
3 2 1 2 4 3 5 6 9 8 13 7 11 12 10 14 15 0
10 2 1 2 4 3 5 6 9 8 13 7 11 12 0 14 15 10
13 1 1 2 4 3 5 6 9 8 0 7 11 12 13 14 15 10
7 1 1 2 4 3 5 6 9 8 7 0 11 12 13 14 15 10
11 1 1 2 4 3 5 6 9 8 7 11 0 12 13 14 15 10
9 1 1 2 4 3 5 6 0 8 7 11 9 12 13 14 15 10
4 1 1 2 0 3 5 6 4 8 7 11 9 12 13 14 15 10
3 1 1 2 3 0 5 6 4 8 7 11 9 12 13 14 15 10
10 2 1 2 3 10 5 6 4 8 7 11 9 12 13 14 15 0
9 3 1 2 3 10 5 6 4 8 7 11 0 12 13 14 15 9
11 1 1 2 3 10 5 6 4 8 7 0 11 12 13 14 15 9
7 1 1 2 3 10 5 6 4 8 0 7 11 12 13 14 15 9
13 1 1 2 3 10 5 6 4 8 13 7 11 12 0 14 15 9
9 2 1 2 3 10 5 6 4 8 13 7 11 12 9 14 15 0
10 2 1 2 3 0 5 6 4 8 13 7 11 12 9 14 15 10
4 3 1 2 3 4 5 6 0 8 13 7 11 12 9 14 15 10
6 1 1 2 3 4 5 0 6 8 13 7 11 12 9 14 15 10
7 1 1 2 3 4 5 7 6 8 13 0 11 12 9 14 15 10
13 1 1 2 3 4 5 7 6 8 0 13 11 12 9 14 15 10
9 1 1 2 3 4 5 7 6 8 9 13 11 12 0 14 15 10
13 3 1 2 3 4 5 7 6 8 9 0 11 12 13 14 15 10
7 1 1 2 3 4 5 0 6 8 9 7 11 12 13 14 15 10
6 1 1 2 3 4 5 6 0 8 9 7 11 12 13 14 15 10
11 1 1 2 3 4 5 6 11 8 9 7 0 12 13 14 15 10
12 1 1 2 3 4 5 6 11 8 9 7 12 0 13 14 15 10
10 1 1 2 3 4 5 6 11 8 9 7 12 10 13 14 15 0
12 3 1 2 3 4 5 6 11 8 9 7 0 10 13 14 15 12
11 1 1 2 3 4 5 6 0 8 9 7 11 10 13 14 15 12
8 1 1 2 3 4 5 6 8 0 9 7 11 10 13 14 15 12
10 1 1 2 3 4 5 6 8 10 9 7 11 0 13 14 15 12
12 1 1 2 3 4 5 6 8 10 9 7 11 12 13 14 15 0
4 2 1 2 3 0 5 6 8 10 9 7 11 12 13 14 15 4
8 3 1 2 3 8 5 6 0 10 9 7 11 12 13 14 15 4
10 1 1 2 3 8 5 6 10 0 9 7 11 12 13 14 15 4
8 1 1 2 3 0 5 6 10 8 9 7 11 12 13 14 15 4
4 2 1 2 3 4 5 6 10 8 9 7 11 12 13 14 15 0
11 3 1 2 3 4 5 6 10 8 9 7 0 12 13 14 15 11
7 1 1 2 3 4 5 6 10 8 9 0 7 12 13 14 15 11
6 1 1 2 3 4 5 0 10 8 9 6 7 12 13 14 15 11
10 1 1 2 3 4 5 10 0 8 9 6 7 12 13 14 15 11
7 1 1 2 3 4 5 10 7 8 9 6 0 12 13 14 15 11
12 1 1 2 3 4 5 10 7 8 9 6 12 0 13 14 15 11
11 1 1 2 3 4 5 10 7 8 9 6 12 11 13 14 15 0
12 3 1 2 3 4 5 10 7 8 9 6 0 11 13 14 15 12
11 1 1 2 3 4 5 10 7 8 9 6 11 0 13 14 15 12
12 1 1 2 3 4 5 10 7 8 9 6 11 12 13 14 15 0
1 3 0 2 3 4 5 10 7 8 9 6 11 12 13 14 15 1
10 3 10 2 3 4 5 0 7 8 9 6 11 12 13 14 15 1
6 1 10 2 3 4 5 6 7 8 9 0 11 12 13 14 15 1
9 1 10 2 3 4 5 6 7 8 0 9 11 12 13 14 15 1
13 1 10 2 3 4 5 6 7 8 13 9 11 12 0 14 15 1
1 2 10 2 3 4 5 6 7 8 13 9 11 12 1 14 15 0
10 3 0 2 3 4 5 6 7 8 13 9 11 12 1 14 15 10
1 2 1 2 3 4 5 6 7 8 13 9 11 12 0 14 15 10
13 1 1 2 3 4 5 6 7 8 0 9 11 12 13 14 15 10
9 1 1 2 3 4 5 6 7 8 9 0 11 12 13 14 15 10
11 1 1 2 3 4 5 6 7 8 9 11 0 12 13 14 15 10
15 1 1 2 3 4 5 6 7 8 9 11 15 12 13 14 0 10
10 1 1 2 3 4 5 6 7 8 9 11 15 12 13 14 10 0
15 3 1 2 3 4 5 6 7 8 9 11 0 12 13 14 10 15
11 1 1 2 3 4 5 6 7 8 9 0 11 12 13 14 10 15
14 1 1 2 3 4 5 6 7 8 9 14 11 12 13 0 10 15
10 1 1 2 3 4 5 6 7 8 9 14 11 12 13 10 0 15
15 1 1 2 3 4 5 6 7 8 9 14 11 12 13 10 15 0
13 2 1 2 3 4 5 6 7 8 9 14 11 12 0 10 15 13
14 3 1 2 3 4 5 6 7 8 9 0 11 12 14 10 15 13
10 1 1 2 3 4 5 6 7 8 9 10 11 12 14 0 15 13
14 1 1 2 3 4 5 6 7 8 9 10 11 12 0 14 15 13
13 2 1 2 3 4 5 6 7 8 9 10 11 12 13 14 15 0
282 1.83