0 0 14 10 9 3 1 7 8 6 0 13 12 4 15 11 5 2
13 1 14 10 9 3 1 7 8 6 13 0 12 4 15 11 5 2
7 1 14 10 9 3 1 0 8 6 13 7 12 4 15 11 5 2
8 1 14 10 9 3 1 8 0 6 13 7 12 4 15 11 5 2
6 1 14 10 9 3 1 8 6 0 13 7 12 4 15 11 5 2
4 1 14 10 9 3 1 8 6 4 13 7 12 0 15 11 5 2
2 1 14 10 9 3 1 8 6 4 13 7 12 2 15 11 5 0
12 3 14 10 9 3 1 8 6 4 13 7 0 2 15 11 5 12
2 1 14 10 9 3 1 8 6 4 13 7 2 0 15 11 5 12
12 1 14 10 9 3 1 8 6 4 13 7 2 12 15 11 5 0
14 3 0 10 9 3 1 8 6 4 13 7 2 12 15 11 5 14
1 1 1 10 9 3 0 8 6 4 13 7 2 12 15 11 5 14
8 1 1 10 9 3 8 0 6 4 13 7 2 12 15 11 5 14
6 1 1 10 9 3 8 6 0 4 13 7 2 12 15 11 5 14
4 1 1 10 9 3 8 6 4 0 13 7 2 12 15 11 5 14
12 1 1 10 9 3 8 6 4 12 13 7 2 0 15 11 5 14
14 1 1 10 9 3 8 6 4 12 13 7 2 14 15 11 5 0
2 3 1 10 9 3 8 6 4 12 13 7 0 14 15 11 5 2
14 1 1 10 9 3 8 6 4 12 13 7 14 0 15 11 5 2
2 1 1 10 9 3 8 6 4 12 13 7 14 2 15 11 5 0
3 2 1 10 9 0 8 6 4 12 13 7 14 2 15 11 5 3
4 3 1 10 9 4 8 6 0 12 13 7 14 2 15 11 5 3
12 1 1 10 9 4 8 6 12 0 13 7 14 2 15 11 5 3
2 1 1 10 9 4 8 6 12 2 13 7 14 0 15 11 5 3
3 1 1 10 9 4 8 6 12 2 13 7 14 3 15 11 5 0
14 3 1 10 9 4 8 6 12 2 13 7 0 3 15 11 5 14
3 1 1 10 9 4 8 6 12 2 13 7 3 0 15 11 5 14
14 1 1 10 9 4 8 6 12 2 13 7 3 14 15 11 5 0
4 2 1 10 9 0 8 6 12 2 13 7 3 14 15 11 5 4
12 3 1 10 9 12 8 6 0 2 13 7 3 14 15 11 5 4
2 1 1 10 9 12 8 6 2 0 13 7 3 14 15 11 5 4
14 1 1 10 9 12 8 6 2 14 13 7 3 0 15 11 5 4
4 1 1 10 9 12 8 6 2 14 13 7 3 4 15 11 5 0
3 3 1 10 9 12 8 6 2 14 13 7 0 4 15 11 5 3
4 1 1 10 9 12 8 6 2 14 13 7 4 0 15 11 5 3
3 1 1 10 9 12 8 6 2 14 13 7 4 3 15 11 5 0
12 2 1 10 9 0 8 6 2 14 13 7 4 3 15 11 5 12
2 3 1 10 9 2 8 6 0 14 13 7 4 3 15 11 5 12
4 1 1 10 9 2 8 6 4 14 13 7 0 3 15 11 5 12
3 1 1 10 9 2 8 6 4 14 13 7 3 0 15 11 5 12
12 1 1 10 9 2 8 6 4 14 13 7 3 12 15 11 5 0
3 3 1 10 9 2 8 6 4 14 13 7 0 12 15 11 5 3
12 1 1 10 9 2 8 6 4 14 13 7 12 0 15 11 5 3
3 1 1 10 9 2 8 6 4 14 13 7 12 3 15 11 5 0
2 2 1 10 9 0 8 6 4 14 13 7 12 3 15 11 5 2
4 3 1 10 9 4 8 6 0 14 13 7 12 3 15 11 5 2
12 1 1 10 9 4 8 6 12 14 13 7 0 3 15 11 5 2
3 1 1 10 9 4 8 6 12 14 13 7 3 0 15 11 5 2
2 1 1 10 9 4 8 6 12 14 13 7 3 2 15 11 5 0
3 3 1 10 9 4 8 6 12 14 13 7 0 2 15 11 5 3
2 1 1 10 9 4 8 6 12 14 13 7 2 0 15 11 5 3
3 1 1 10 9 4 8 6 12 14 13 7 2 3 15 11 5 0
4 2 1 10 9 0 8 6 12 14 13 7 2 3 15 11 5 4
15 3 1 10 9 15 8 6 12 14 13 7 2 3 0 11 5 4
4 2 1 10 9 15 8 6 12 14 13 7 2 3 4 11 5 0
2 3 1 10 9 15 8 6 12 14 13 7 0 3 4 11 5 2
3 1 1 10 9 15 8 6 12 14 13 7 3 0 4 11 5 2
2 1 1 10 9 15 8 6 12 14 13 7 3 2 4 11 5 0
3 3 1 10 9 15 8 6 12 14 13 7 0 2 4 11 5 3
5 1 1 10 9 15 8 6 12 14 13 7 5 2 4 11 0 3
3 1 1 10 9 15 8 6 12 14 13 7 5 2 4 11 3 0
5 3 1 10 9 15 8 6 12 14 13 7 0 2 4 11 3 5
2 1 1 10 9 15 8 6 12 14 13 7 2 0 4 11 3 5
5 1 1 10 9 15 8 6 12 14 13 7 2 5 4 11 3 0
2 3 1 10 9 15 8 6 12 14 13 7 0 5 4 11 3 2
3 1 1 10 9 15 8 6 12 14 13 7 3 5 4 11 0 2
2 1 1 10 9 15 8 6 12 14 13 7 3 5 4 11 2 0
3 3 1 10 9 15 8 6 12 14 13 7 0 5 4 11 2 3
5 1 1 10 9 15 8 6 12 14 13 7 5 0 4 11 2 3
3 1 1 10 9 15 8 6 12 14 13 7 5 3 4 11 2 0
15 2 1 10 9 0 8 6 12 14 13 7 5 3 4 11 2 15
12 3 1 10 9 12 8 6 0 14 13 7 5 3 4 11 2 15
5 1 1 10 9 12 8 6 5 14 13 7 0 3 4 11 2 15
3 1 1 10 9 12 8 6 5 14 13 7 3 0 4 11 2 15
15 1 1 10 9 12 8 6 5 14 13 7 3 15 4 11 2 0
3 3 1 10 9 12 8 6 5 14 13 7 0 15 4 11 2 3
2 1 1 10 9 12 8 6 5 14 13 7 2 15 4 11 0 3
3 1 1 10 9 12 8 6 5 14 13 7 2 15 4 11 3 0
12 2 1 10 9 0 8 6 5 14 13 7 2 15 4 11 3 12
5 3 1 10 9 5 8 6 0 14 13 7 2 15 4 11 3 12
2 1 1 10 9 5 8 6 2 14 13 7 0 15 4 11 3 12
3 1 1 10 9 5 8 6 2 14 13 7 3 15 4 11 0 12
12 1 1 10 9 5 8 6 2 14 13 7 3 15 4 11 12 0
5 2 1 10 9 0 8 6 2 14 13 7 3 15 4 11 12 5
2 3 1 10 9 2 8 6 0 14 13 7 3 15 4 11 12 5
3 1 1 10 9 2 8 6 3 14 13 7 0 15 4 11 12 5
15 1 1 10 9 2 8 6 3 14 13 7 15 0 4 11 12 5
5 1 1 10 9 2 8 6 3 14 13 7 15 5 4 11 12 0
15 3 1 10 9 2 8 6 3 14 13 7 0 5 4 11 12 15
5 1 1 10 9 2 8 6 3 14 13 7 5 0 4 11 12 15
15 1 1 10 9 2 8 6 3 14 13 7 5 15 4 11 12 0
2 2 1 10 9 0 8 6 3 14 13 7 5 15 4 11 12 2
3 3 1 10 9 3 8 6 0 14 13 7 5 15 4 11 12 2
5 1 1 10 9 3 8 6 5 14 13 7 0 15 4 11 12 2
15 1 1 10 9 3 8 6 5 14 13 7 15 0 4 11 12 2
2 1 1 10 9 3 8 6 5 14 13 7 15 2 4 11 12 0
3 2 1 10 9 0 8 6 5 14 13 7 15 2 4 11 12 3
5 3 1 10 9 5 8 6 0 14 13 7 15 2 4 11 12 3
15 1 1 10 9 5 8 6 15 14 13 7 0 2 4 11 12 3
2 1 1 10 9 5 8 6 15 14 13 7 2 0 4 11 12 3
3 1 1 10 9 5 8 6 15 14 13 7 2 3 4 11 12 0
5 2 1 10 9 0 8 6 15 14 13 7 2 3 4 11 12 5
15 3 1 10 9 15 8 6 0 14 13 7 2 3 4 11 12 5
2 1 1 10 9 15 8 6 2 14 13 7 0 3 4 11 12 5
3 1 1 10 9 15 8 6 2 14 13 7 3 0 4 11 12 5
5 1 1 10 9 15 8 6 2 14 13 7 3 5 4 11 12 0
3 3 1 10 9 15 8 6 2 14 13 7 0 5 4 11 12 3
5 1 1 10 9 15 8 6 2 14 13 7 5 0 4 11 12 3
3 1 1 10 9 15 8 6 2 14 13 7 5 3 4 11 12 0
15 2 1 10 9 0 8 6 2 14 13 7 5 3 4 11 12 15
2 3 1 10 9 2 8 6 0 14 13 7 5 3 4 11 12 15
5 1 1 10 9 2 8 6 5 14 13 7 0 3 4 11 12 15
3 1 1 10 9 2 8 6 5 14 13 7 3 0 4 11 12 15
15 1 1 10 9 2 8 6 5 14 13 7 3 15 4 11 12 0
3 3 1 10 9 2 8 6 5 14 13 7 0 15 4 11 12 3
5 1 1 10 9 2 8 6 0 14 13 7 5 15 4 11 12 3
6 1 1 10 9 2 8 0 6 14 13 7 5 15 4 11 12 3
7 1 1 10 9 2 8 7 6 14 13 0 5 15 4 11 12 3
5 1 1 10 9 2 8 7 6 14 13 5 0 15 4 11 12 3
6 1 1 10 9 2 8 7 0 14 13 5 6 15 4 11 12 3
7 1 1 10 9 2 8 0 7 14 13 5 6 15 4 11 12 3
8 1 1 10 9 2 0 8 7 14 13 5 6 15 4 11 12 3
13 1 1 10 9 2 13 8 7 14 0 5 6 15 4 11 12 3
5 1 1 10 9 2 13 8 7 14 5 0 6 15 4 11 12 3
6 1 1 10 9 2 13 8 7 14 5 6 0 15 4 11 12 3
7 1 1 10 9 2 13 8 0 14 5 6 7 15 4 11 12 3
8 1 1 10 9 2 13 0 8 14 5 6 7 15 4 11 12 3
6 1 1 10 9 2 13 6 8 14 5 0 7 15 4 11 12 3
7 1 1 10 9 2 13 6 8 14 5 7 0 15 4 11 12 3
8 1 1 10 9 2 13 6 0 14 5 7 8 15 4 11 12 3
14 1 1 10 9 2 13 6 14 0 5 7 8 15 4 11 12 3
2 1 1 10 9 0 13 6 14 2 5 7 8 15 4 11 12 3
3 2 1 10 9 3 13 6 14 2 5 7 8 15 4 11 12 0
8 3 1 10 9 3 13 6 14 2 5 7 0 15 4 11 12 8
14 1 1 10 9 3 13 6 0 2 5 7 14 15 4 11 12 8
2 1 1 10 9 3 13 6 2 0 5 7 14 15 4 11 12 8
3 1 1 10 9 0 13 6 2 3 5 7 14 15 4 11 12 8
8 2 1 10 9 8 13 6 2 3 5 7 14 15 4 11 12 0
14 3 1 10 9 8 13 6 2 3 5 7 0 15 4 11 12 14
2 1 1 10 9 8 13 6 0 3 5 7 2 15 4 11 12 14
3 1 1 10 9 8 13 6 3 0 5 7 2 15 4 11 12 14
8 1 1 10 9 0 13 6 3 8 5 7 2 15 4 11 12 14
14 2 1 10 9 14 13 6 3 8 5 7 2 15 4 11 12 0
2 3 1 10 9 14 13 6 3 8 5 7 0 15 4 11 12 2
3 1 1 10 9 14 13 6 0 8 5 7 3 15 4 11 12 2
8 1 1 10 9 14 13 6 8 0 5 7 3 15 4 11 12 2
14 1 1 10 9 0 13 6 8 14 5 7 3 15 4 11 12 2
2 2 1 10 9 2 13 6 8 14 5 7 3 15 4 11 12 0
12 1 1 10 9 2 13 6 8 14 5 7 3 15 4 11 0 12
11 1 1 10 9 2 13 6 8 14 5 7 3 15 4 0 11 12
4 1 1 10 9 2 13 6 8 14 5 7 3 15 0 4 11 12
12 2 1 10 9 2 13 6 8 14 5 7 3 15 12 4 11 0
3 3 1 10 9 2 13 6 8 14 5 7 0 15 12 4 11 3
11 1 1 10 9 2 13 6 8 14 5 7 11 15 12 4 0 3
3 1 1 10 9 2 13 6 8 14 5 7 11 15 12 4 3 0
2 2 1 10 9 0 13 6 8 14 5 7 11 15 12 4 3 2
12 3 1 10 9 12 13 6 8 14 5 7 11 15 0 4 3 2
4 1 1 10 9 12 13 6 8 14 5 7 11 15 4 0 3 2
3 1 1 10 9 12 13 6 8 14 5 7 11 15 4 3 0 2
2 1 1 10 9 12 13 6 8 14 5 7 11 15 4 3 2 0
12 2 1 10 9 0 13 6 8 14 5 7 11 15 4 3 2 12
8 3 1 10 9 8 13 6 0 14 5 7 11 15 4 3 2 12
11 1 1 10 9 8 13 6 11 14 5 7 0 15 4 3 2 12
2 1 1 10 9 8 13 6 11 14 5 7 2 15 4 3 0 12
12 1 1 10 9 8 13 6 11 14 5 7 2 15 4 3 12 0
2 3 1 10 9 8 13 6 11 14 5 7 0 15 4 3 12 2
11 1 1 10 9 8 13 6 0 14 5 7 11 15 4 3 12 2
14 1 1 10 9 8 13 6 14 0 5 7 11 15 4 3 12 2
8 1 1 10 9 0 13 6 14 8 5 7 11 15 4 3 12 2
14 3 1 10 9 14 13 6 0 8 5 7 11 15 4 3 12 2
8 1 1 10 9 14 13 6 8 0 5 7 11 15 4 3 12 2
14 1 1 10 9 0 13 6 8 14 5 7 11 15 4 3 12 2
2 2 1 10 9 2 13 6 8 14 5 7 11 15 4 3 12 0
1 3 0 10 9 2 13 6 8 14 5 7 11 15 4 3 12 1
2 2 2 10 9 0 13 6 8 14 5 7 11 15 4 3 12 1
9 1 2 10 0 9 13 6 8 14 5 7 11 15 4 3 12 1
10 1 2 0 10 9 13 6 8 14 5 7 11 15 4 3 12 1
2 1 0 2 10 9 13 6 8 14 5 7 11 15 4 3 12 1
1 3 1 2 10 9 13 6 8 14 5 7 11 15 4 3 12 0
9 2 1 2 10 0 13 6 8 14 5 7 11 15 4 3 12 9
8 3 1 2 10 8 13 6 0 14 5 7 11 15 4 3 12 9
10 1 1 2 0 8 13 6 10 14 5 7 11 15 4 3 12 9
2 1 1 0 2 8 13 6 10 14 5 7 11 15 4 3 12 9
1 1 0 1 2 8 13 6 10 14 5 7 11 15 4 3 12 9
9 3 9 1 2 8 13 6 10 14 5 7 11 15 4 3 12 0
8 2 9 1 2 0 13 6 10 14 5 7 11 15 4 3 12 8
9 2 0 1 2 9 13 6 10 14 5 7 11 15 4 3 12 8
1 1 1 0 2 9 13 6 10 14 5 7 11 15 4 3 12 8
2 1 1 2 0 9 13 6 10 14 5 7 11 15 4 3 12 8
9 1 1 2 9 0 13 6 10 14 5 7 11 15 4 3 12 8
8 2 1 2 9 8 13 6 10 14 5 7 11 15 4 3 12 0
4 2 1 2 9 8 13 6 10 14 5 7 11 15 0 3 12 4
3 1 1 2 9 8 13 6 10 14 5 7 11 15 3 0 12 4
7 1 1 2 9 8 13 6 10 14 5 0 11 15 3 7 12 4
5 1 1 2 9 8 13 6 10 14 0 5 11 15 3 7 12 4
3 1 1 2 9 8 13 6 10 14 3 5 11 15 0 7 12 4
4 2 1 2 9 8 13 6 10 14 3 5 11 15 4 7 12 0
8 2 1 2 9 0 13 6 10 14 3 5 11 15 4 7 12 8
4 3 1 2 9 4 13 6 10 14 3 5 11 15 0 7 12 8
5 3 1 2 9 4 13 6 10 14 3 0 11 15 5 7 12 8
7 1 1 2 9 4 13 6 10 14 3 7 11 15 5 0 12 8
5 1 1 2 9 4 13 6 10 14 3 7 11 15 0 5 12 8
4 3 1 2 9 0 13 6 10 14 3 7 11 15 4 5 12 8
9 1 1 2 0 9 13 6 10 14 3 7 11 15 4 5 12 8
2 1 1 0 2 9 13 6 10 14 3 7 11 15 4 5 12 8
1 1 0 1 2 9 13 6 10 14 3 7 11 15 4 5 12 8
8 3 8 1 2 9 13 6 10 14 3 7 11 15 4 5 12 0
9 2 8 1 2 0 13 6 10 14 3 7 11 15 4 5 12 9
8 2 0 1 2 8 13 6 10 14 3 7 11 15 4 5 12 9
1 1 1 0 2 8 13 6 10 14 3 7 11 15 4 5 12 9
2 1 1 2 0 8 13 6 10 14 3 7 11 15 4 5 12 9
8 1 1 2 8 0 13 6 10 14 3 7 11 15 4 5 12 9
9 2 1 2 8 9 13 6 10 14 3 7 11 15 4 5 12 0
1 3 0 2 8 9 13 6 10 14 3 7 11 15 4 5 12 1
9 2 9 2 8 0 13 6 10 14 3 7 11 15 4 5 12 1
8 1 9 2 0 8 13 6 10 14 3 7 11 15 4 5 12 1
2 1 9 0 2 8 13 6 10 14 3 7 11 15 4 5 12 1
9 1 0 9 2 8 13 6 10 14 3 7 11 15 4 5 12 1
1 3 1 9 2 8 13 6 10 14 3 7 11 15 4 5 12 0
8 2 1 9 2 0 13 6 10 14 3 7 11 15 4 5 12 8
2 1 1 9 0 2 13 6 10 14 3 7 11 15 4 5 12 8
9 1 1 0 9 2 13 6 10 14 3 7 11 15 4 5 12 8
1 1 0 1 9 2 13 6 10 14 3 7 11 15 4 5 12 8
8 3 8 1 9 2 13 6 10 14 3 7 11 15 4 5 12 0
2 2 8 1 9 0 13 6 10 14 3 7 11 15 4 5 12 2
8 2 0 1 9 8 13 6 10 14 3 7 11 15 4 5 12 2
6 3 6 1 9 8 13 0 10 14 3 7 11 15 4 5 12 2
1 1 6 0 9 8 13 1 10 14 3 7 11 15 4 5 12 2
6 1 0 6 9 8 13 1 10 14 3 7 11 15 4 5 12 2
2 3 2 6 9 8 13 1 10 14 3 7 11 15 4 5 12 0
8 2 2 6 9 0 13 1 10 14 3 7 11 15 4 5 12 8
2 2 0 6 9 2 13 1 10 14 3 7 11 15 4 5 12 8
13 1 13 6 9 2 0 1 10 14 3 7 11 15 4 5 12 8
1 1 13 6 9 2 1 0 10 14 3 7 11 15 4 5 12 8
6 1 13 0 9 2 1 6 10 14 3 7 11 15 4 5 12 8
13 1 0 13 9 2 1 6 10 14 3 7 11 15 4 5 12 8
8 3 8 13 9 2 1 6 10 14 3 7 11 15 4 5 12 0
2 2 8 13 9 0 1 6 10 14 3 7 11 15 4 5 12 2
8 2 0 13 9 8 1 6 10 14 3 7 11 15 4 5 12 2
2 3 2 13 9 8 1 6 10 14 3 7 11 15 4 5 12 0
4 2 2 13 9 8 1 6 10 14 3 7 11 15 0 5 12 4
2 2 0 13 9 8 1 6 10 14 3 7 11 15 2 5 12 4
1 1 1 13 9 8 0 6 10 14 3 7 11 15 2 5 12 4
3 1 1 13 9 8 3 6 10 14 0 7 11 15 2 5 12 4
2 1 1 13 9 8 3 6 10 14 2 7 11 15 0 5 12 4
4 2 1 13 9 8 3 6 10 14 2 7 11 15 4 5 12 0
8 2 1 13 9 0 3 6 10 14 2 7 11 15 4 5 12 8
1 2 0 13 9 1 3 6 10 14 2 7 11 15 4 5 12 8
3 1 3 13 9 1 0 6 10 14 2 7 11 15 4 5 12 8
2 1 3 13 9 1 2 6 10 14 0 7 11 15 4 5 12 8
4 1 3 13 9 1 2 6 10 14 4 7 11 15 0 5 12 8
8 2 3 13 9 1 2 6 10 14 4 7 11 15 8 5 12 0
3 3 0 13 9 1 2 6 10 14 4 7 11 15 8 5 12 3
1 2 1 13 9 0 2 6 10 14 4 7 11 15 8 5 12 3
8 3 1 13 9 8 2 6 10 14 4 7 11 15 0 5 12 3
5 1 1 13 9 8 2 6 10 14 4 7 11 15 5 0 12 3
12 1 1 13 9 8 2 6 10 14 4 7 11 15 5 12 0 3
3 1 1 13 9 8 2 6 10 14 4 7 11 15 5 12 3 0
5 2 1 13 9 8 2 6 10 14 4 7 11 15 0 12 3 5
12 1 1 13 9 8 2 6 10 14 4 7 11 15 12 0 3 5
3 1 1 13 9 8 2 6 10 14 4 7 11 15 12 3 0 5
5 1 1 13 9 8 2 6 10 14 4 7 11 15 12 3 5 0
8 2 1 13 9 0 2 6 10 14 4 7 11 15 12 3 5 8
12 3 1 13 9 12 2 6 10 14 4 7 11 15 0 3 5 8
3 1 1 13 9 12 2 6 10 14 4 7 11 15 3 0 5 8
5 1 1 13 9 12 2 6 10 14 4 7 11 15 3 5 0 8
8 1 1 13 9 12 2 6 10 14 4 7 11 15 3 5 8 0
12 2 1 13 9 0 2 6 10 14 4 7 11 15 3 5 8 12
3 3 1 13 9 3 2 6 10 14 4 7 11 15 0 5 8 12
4 1 1 13 9 3 2 6 10 14 0 7 11 15 4 5 8 12
7 1 1 13 9 3 2 6 10 14 7 0 11 15 4 5 8 12
5 1 1 13 9 3 2 6 10 14 7 5 11 15 4 0 8 12
8 1 1 13 9 3 2 6 10 14 7 5 11 15 4 8 0 12
12 1 1 13 9 3 2 6 10 14 7 5 11 15 4 8 12 0
3 2 1 13 9 0 2 6 10 14 7 5 11 15 4 8 12 3
4 3 1 13 9 4 2 6 10 14 7 5 11 15 0 8 12 3
5 3 1 13 9 4 2 6 10 14 7 0 11 15 5 8 12 3
7 1 1 13 9 4 2 6 10 14 0 7 11 15 5 8 12 3
5 1 1 13 9 4 2 6 10 14 5 7 11 15 0 8 12 3
4 3 1 13 9 0 2 6 10 14 5 7 11 15 4 8 12 3
1 2 0 13 9 1 2 6 10 14 5 7 11 15 4 8 12 3
13 1 13 0 9 1 2 6 10 14 5 7 11 15 4 8 12 3
9 1 13 9 0 1 2 6 10 14 5 7 11 15 4 8 12 3
1 1 13 9 1 0 2 6 10 14 5 7 11 15 4 8 12 3
13 2 0 9 1 13 2 6 10 14 5 7 11 15 4 8 12 3
9 1 9 0 1 13 2 6 10 14 5 7 11 15 4 8 12 3
1 1 9 1 0 13 2 6 10 14 5 7 11 15 4 8 12 3
13 1 9 1 13 0 2 6 10 14 5 7 11 15 4 8 12 3
3 2 9 1 13 3 2 6 10 14 5 7 11 15 4 8 12 0
9 3 0 1 13 3 2 6 10 14 5 7 11 15 4 8 12 9
1 1 1 0 13 3 2 6 10 14 5 7 11 15 4 8 12 9
13 1 1 13 0 3 2 6 10 14 5 7 11 15 4 8 12 9
3 1 1 13 3 0 2 6 10 14 5 7 11 15 4 8 12 9
9 2 1 13 3 9 2 6 10 14 5 7 11 15 4 8 12 0
1 3 0 13 3 9 2 6 10 14 5 7 11 15 4 8 12 1
9 2 9 13 3 0 2 6 10 14 5 7 11 15 4 8 12 1
3 1 9 13 0 3 2 6 10 14 5 7 11 15 4 8 12 1
13 1 9 0 13 3 2 6 10 14 5 7 11 15 4 8 12 1
9 1 0 9 13 3 2 6 10 14 5 7 11 15 4 8 12 1
1 3 1 9 13 3 2 6 10 14 5 7 11 15 4 8 12 0
3 2 1 9 13 0 2 6 10 14 5 7 11 15 4 8 12 3
13 1 1 9 0 13 2 6 10 14 5 7 11 15 4 8 12 3
9 1 1 0 9 13 2 6 10 14 5 7 11 15 4 8 12 3
1 1 0 1 9 13 2 6 10 14 5 7 11 15 4 8 12 3
2 1 2 1 9 13 0 6 10 14 5 7 11 15 4 8 12 3
5 1 2 1 9 13 5 6 10 14 0 7 11 15 4 8 12 3
4 1 2 1 9 13 5 6 10 14 4 7 11 15 0 8 12 3
3 2 2 1 9 13 5 6 10 14 4 7 11 15 3 8 12 0
2 3 0 1 9 13 5 6 10 14 4 7 11 15 3 8 12 2
1 1 1 0 9 13 5 6 10 14 4 7 11 15 3 8 12 2
6 1 1 6 9 13 5 0 10 14 4 7 11 15 3 8 12 2
5 1 1 6 9 13 0 5 10 14 4 7 11 15 3 8 12 2
4 1 1 6 9 13 4 5 10 14 0 7 11 15 3 8 12 2
3 1 1 6 9 13 4 5 10 14 3 7 11 15 0 8 12 2
2 2 1 6 9 13 4 5 10 14 3 7 11 15 2 8 12 0
1 3 0 6 9 13 4 5 10 14 3 7 11 15 2 8 12 1
5 3 5 6 9 13 4 0 10 14 3 7 11 15 2 8 12 1
6 1 5 0 9 13 4 6 10 14 3 7 11 15 2 8 12 1
5 1 0 5 9 13 4 6 10 14 3 7 11 15 2 8 12 1
1 3 1 5 9 13 4 6 10 14 3 7 11 15 2 8 12 0
2 2 1 5 9 13 4 6 10 14 3 7 11 15 0 8 12 2
1 2 0 5 9 13 4 6 10 14 3 7 11 15 1 8 12 2
4 1 4 5 9 13 0 6 10 14 3 7 11 15 1 8 12 2
3 1 4 5 9 13 3 6 10 14 0 7 11 15 1 8 12 2
1 1 4 5 9 13 3 6 10 14 1 7 11 15 0 8 12 2
2 2 4 5 9 13 3 6 10 14 1 7 11 15 2 8 12 0
4 3 0 5 9 13 3 6 10 14 1 7 11 15 2 8 12 4
3 1 3 5 9 13 0 6 10 14 1 7 11 15 2 8 12 4
1 1 3 5 9 13 1 6 10 14 0 7 11 15 2 8 12 4
2 1 3 5 9 13 1 6 10 14 2 7 11 15 0 8 12 4
4 2 3 5 9 13 1 6 10 14 2 7 11 15 4 8 12 0
3 3 0 5 9 13 1 6 10 14 2 7 11 15 4 8 12 3
1 1 1 5 9 13 0 6 10 14 2 7 11 15 4 8 12 3
2 1 1 5 9 13 2 6 10 14 0 7 11 15 4 8 12 3
7 1 1 5 9 13 2 6 10 14 7 0 11 15 4 8 12 3
11 1 1 5 9 13 2 6 10 14 7 11 0 15 4 8 12 3
15 1 1 5 9 13 2 6 10 14 7 11 15 0 4 8 12 3
3 1 1 5 9 13 2 6 10 14 7 11 15 3 4 8 12 0
15 3 1 5 9 13 2 6 10 14 7 11 0 3 4 8 12 15
11 1 1 5 9 13 2 6 10 14 7 0 11 3 4 8 12 15
7 1 1 5 9 13 2 6 10 14 0 7 11 3 4 8 12 15
4 1 1 5 9 13 2 6 10 14 4 7 11 3 0 8 12 15
15 2 1 5 9 13 2 6 10 14 4 7 11 3 15 8 12 0
11 3 1 5 9 13 2 6 10 14 4 7 0 3 15 8 12 11
3 1 1 5 9 13 2 6 10 14 4 7 3 0 15 8 12 11
11 1 1 5 9 13 2 6 10 14 4 7 3 11 15 8 12 0
15 2 1 5 9 13 2 6 10 14 4 7 3 11 0 8 12 15
4 1 1 5 9 13 2 6 10 14 0 7 3 11 4 8 12 15
7 1 1 5 9 13 2 6 10 14 7 0 3 11 4 8 12 15
3 1 1 5 9 13 2 6 10 14 7 3 0 11 4 8 12 15
11 1 1 5 9 13 2 6 10 14 7 3 11 0 4 8 12 15
15 1 1 5 9 13 2 6 10 14 7 3 11 15 4 8 12 0
4 2 1 5 9 13 2 6 10 14 7 3 11 15 0 8 12 4
3 3 1 5 9 13 2 6 10 14 7 0 11 15 3 8 12 4
7 1 1 5 9 13 2 6 10 14 0 7 11 15 3 8 12 4
3 1 1 5 9 13 2 6 10 14 3 7 11 15 0 8 12 4
4 2 1 5 9 13 2 6 10 14 3 7 11 15 4 8 12 0
563 11.92