0 0 1 2 15 14 13 9 5 4 10 7 12 8 6 3 0 11
12 1 1 2 15 14 13 9 5 4 10 7 0 8 6 3 12 11
8 1 1 2 15 14 13 9 5 4 10 7 8 0 6 3 12 11
11 1 1 2 15 14 13 9 5 4 10 7 8 11 6 3 12 0
8 3 1 2 15 14 13 9 5 4 10 7 0 11 6 3 12 8
11 1 1 2 15 14 13 9 5 4 10 7 11 0 6 3 12 8
8 1 1 2 15 14 13 9 5 4 10 7 11 8 6 3 12 0
14 2 1 2 15 0 13 9 5 4 10 7 11 8 6 3 12 14
5 3 1 2 15 5 13 9 0 4 10 7 11 8 6 3 12 14
4 1 1 2 15 5 13 9 4 0 10 7 11 8 6 3 12 14
8 1 1 2 15 5 13 9 4 8 10 7 11 0 6 3 12 14
14 1 1 2 15 5 13 9 4 8 10 7 11 14 6 3 12 0
5 2 1 2 15 0 13 9 4 8 10 7 11 14 6 3 12 5
4 3 1 2 15 4 13 9 0 8 10 7 11 14 6 3 12 5
9 1 1 2 15 4 13 0 9 8 10 7 11 14 6 3 12 5
13 1 1 2 15 4 0 13 9 8 10 7 11 14 6 3 12 5
10 1 1 2 15 4 10 13 9 8 0 7 11 14 6 3 12 5
7 1 1 2 15 4 10 13 9 8 7 0 11 14 6 3 12 5
3 1 1 2 15 4 10 13 9 8 7 3 11 14 6 0 12 5
12 1 1 2 15 4 10 13 9 8 7 3 11 14 6 12 0 5
5 1 1 2 15 4 10 13 9 8 7 3 11 14 6 12 5 0
6 2 1 2 15 4 10 13 9 8 7 3 11 14 0 12 5 6
3 3 1 2 15 4 10 13 9 8 7 0 11 14 3 12 5 6
7 1 1 2 15 4 10 13 9 8 0 7 11 14 3 12 5 6
3 1 1 2 15 4 10 13 9 8 3 7 11 14 0 12 5 6
6 2 1 2 15 4 10 13 9 8 3 7 11 14 6 12 5 0
5 1 1 2 15 4 10 13 9 8 3 7 11 14 6 12 0 5
12 1 1 2 15 4 10 13 9 8 3 7 11 14 6 0 12 5
6 1 1 2 15 4 10 13 9 8 3 7 11 14 0 6 12 5
4 3 1 2 15 0 10 13 9 8 3 7 11 14 4 6 12 5
5 2 1 2 15 5 10 13 9 8 3 7 11 14 4 6 12 0
14 1 1 2 15 5 10 13 9 8 3 7 11 0 4 6 12 14
8 1 1 2 15 5 10 13 9 0 3 7 11 8 4 6 12 14
9 1 1 2 15 5 10 13 0 9 3 7 11 8 4 6 12 14
13 1 1 2 15 5 10 0 13 9 3 7 11 8 4 6 12 14
2 1 1 0 15 5 10 2 13 9 3 7 11 8 4 6 12 14
15 1 1 15 0 5 10 2 13 9 3 7 11 8 4 6 12 14
5 1 1 15 5 0 10 2 13 9 3 7 11 8 4 6 12 14
13 3 1 15 5 13 10 2 0 9 3 7 11 8 4 6 12 14
2 1 1 15 5 13 10 0 2 9 3 7 11 8 4 6 12 14
15 1 1 0 5 13 10 15 2 9 3 7 11 8 4 6 12 14
5 1 1 5 0 13 10 15 2 9 3 7 11 8 4 6 12 14
2 1 1 5 2 13 10 15 0 9 3 7 11 8 4 6 12 14
9 1 1 5 2 13 10 15 9 0 3 7 11 8 4 6 12 14
13 1 1 5 2 0 10 15 9 13 3 7 11 8 4 6 12 14
14 2 1 5 2 14 10 15 9 13 3 7 11 8 4 6 12 0
8 1 1 5 2 14 10 15 9 13 3 7 11 0 4 6 12 8
13 1 1 5 2 14 10 15 9 0 3 7 11 13 4 6 12 8
14 1 1 5 2 0 10 15 9 14 3 7 11 13 4 6 12 8
9 3 1 5 2 9 10 15 0 14 3 7 11 13 4 6 12 8
2 1 1 5 0 9 10 15 2 14 3 7 11 13 4 6 12 8
9 1 1 5 9 0 10 15 2 14 3 7 11 13 4 6 12 8
2 3 1 5 9 2 10 15 0 14 3 7 11 13 4 6 12 8
14 1 1 5 9 2 10 15 14 0 3 7 11 13 4 6 12 8
13 1 1 5 9 2 10 15 14 13 3 7 11 0 4 6 12 8
8 1 1 5 9 2 10 15 14 13 3 7 11 8 4 6 12 0
2 2 1 5 9 0 10 15 14 13 3 7 11 8 4 6 12 2
13 1 1 5 9 13 10 15 14 0 3 7 11 8 4 6 12 2
14 1 1 5 9 13 10 15 0 14 3 7 11 8 4 6 12 2
11 1 1 5 9 13 10 15 11 14 3 7 0 8 4 6 12 2
8 1 1 5 9 13 10 15 11 14 3 7 8 0 4 6 12 2
2 1 1 5 9 13 10 15 11 14 3 7 8 2 4 6 12 0
8 3 1 5 9 13 10 15 11 14 3 7 0 2 4 6 12 8
11 1 1 5 9 13 10 15 0 14 3 7 11 2 4 6 12 8
14 1 1 5 9 13 10 15 14 0 3 7 11 2 4 6 12 8
2 1 1 5 9 13 10 15 14 2 3 7 11 0 4 6 12 8
8 1 1 5 9 13 10 15 14 2 3 7 11 8 4 6 12 0
1 3 0 5 9 13 10 15 14 2 3 7 11 8 4 6 12 1
15 3 15 5 9 13 10 0 14 2 3 7 11 8 4 6 12 1
14 1 15 5 9 13 10 14 0 2 3 7 11 8 4 6 12 1
2 1 15 5 9 13 10 14 2 0 3 7 11 8 4 6 12 1
8 1 15 5 9 13 10 14 2 8 3 7 11 0 4 6 12 1
1 1 15 5 9 13 10 14 2 8 3 7 11 1 4 6 12 0
15 3 0 5 9 13 10 14 2 8 3 7 11 1 4 6 12 15
14 3 14 5 9 13 10 0 2 8 3 7 11 1 4 6 12 15
2 1 14 5 9 13 10 2 0 8 3 7 11 1 4 6 12 15
8 1 14 5 9 13 10 2 8 0 3 7 11 1 4 6 12 15
1 1 14 5 9 13 10 2 8 1 3 7 11 0 4 6 12 15
15 1 14 5 9 13 10 2 8 1 3 7 11 15 4 6 12 0
14 3 0 5 9 13 10 2 8 1 3 7 11 15 4 6 12 14
10 1 10 5 9 13 0 2 8 1 3 7 11 15 4 6 12 14
2 1 10 5 9 13 2 0 8 1 3 7 11 15 4 6 12 14
8 1 10 5 9 13 2 8 0 1 3 7 11 15 4 6 12 14
1 1 10 5 9 13 2 8 1 0 3 7 11 15 4 6 12 14
15 1 10 5 9 13 2 8 1 15 3 7 11 0 4 6 12 14
14 1 10 5 9 13 2 8 1 15 3 7 11 14 4 6 12 0
10 3 0 5 9 13 2 8 1 15 3 7 11 14 4 6 12 10
8 3 8 5 9 13 2 0 1 15 3 7 11 14 4 6 12 10
1 1 8 5 9 13 2 1 0 15 3 7 11 14 4 6 12 10
15 1 8 5 9 13 2 1 15 0 3 7 11 14 4 6 12 10
14 1 8 5 9 13 2 1 15 14 3 7 11 0 4 6 12 10
10 1 8 5 9 13 2 1 15 14 3 7 11 10 4 6 12 0
8 3 0 5 9 13 2 1 15 14 3 7 11 10 4 6 12 8
1 3 1 5 9 13 2 0 15 14 3 7 11 10 4 6 12 8
7 1 1 5 9 13 2 7 15 14 3 0 11 10 4 6 12 8
6 1 1 5 9 13 2 7 15 14 3 6 11 10 4 0 12 8
4 1 1 5 9 13 2 7 15 14 3 6 11 10 0 4 12 8
6 3 1 5 9 13 2 7 15 14 3 0 11 10 6 4 12 8
7 1 1 5 9 13 2 0 15 14 3 7 11 10 6 4 12 8
15 1 1 5 9 13 2 15 0 14 3 7 11 10 6 4 12 8
14 1 1 5 9 13 2 15 14 0 3 7 11 10 6 4 12 8
10 1 1 5 9 13 2 15 14 10 3 7 11 0 6 4 12 8
8 1 1 5 9 13 2 15 14 10 3 7 11 8 6 4 12 0
6 2 1 5 9 13 2 15 14 10 3 7 11 8 0 4 12 6
4 1 1 5 9 13 2 15 14 10 3 7 11 8 4 0 12 6
7 1 1 5 9 13 2 15 14 10 3 0 11 8 4 7 12 6
15 1 1 5 9 13 2 0 14 10 3 15 11 8 4 7 12 6
14 1 1 5 9 13 2 14 0 10 3 15 11 8 4 7 12 6
10 1 1 5 9 13 2 14 10 0 3 15 11 8 4 7 12 6
8 1 1 5 9 13 2 14 10 8 3 15 11 0 4 7 12 6
6 1 1 5 9 13 2 14 10 8 3 15 11 6 4 7 12 0
11 3 1 5 9 13 2 14 10 8 3 15 0 6 4 7 12 11
15 1 1 5 9 13 2 14 10 8 3 0 15 6 4 7 12 11
7 1 1 5 9 13 2 14 10 8 3 7 15 6 4 0 12 11
12 1 1 5 9 13 2 14 10 8 3 7 15 6 4 12 0 11
11 1 1 5 9 13 2 14 10 8 3 7 15 6 4 12 11 0
15 3 1 5 9 13 2 14 10 8 3 7 0 6 4 12 11 15
11 1 1 5 9 13 2 14 10 8 3 7 11 6 4 12 0 15
12 1 1 5 9 13 2 14 10 8 3 7 11 6 4 0 12 15
7 1 1 5 9 13 2 14 10 8 3 0 11 6 4 7 12 15
11 1 1 5 9 13 2 14 10 8 3 11 0 6 4 7 12 15
6 1 1 5 9 13 2 14 10 8 3 11 6 0 4 7 12 15
15 1 1 5 9 13 2 14 10 8 3 11 6 15 4 7 12 0
6 3 1 5 9 13 2 14 10 8 3 11 0 15 4 7 12 6
11 1 1 5 9 13 2 14 10 8 3 0 11 15 4 7 12 6
7 1 1 5 9 13 2 14 10 8 3 7 11 15 4 0 12 6
4 1 1 5 9 13 2 14 10 8 3 7 11 15 0 4 12 6
6 2 1 5 9 13 2 14 10 8 3 7 11 15 6 4 12 0
12 1 1 5 9 13 2 14 10 8 3 7 11 15 6 4 0 12
4 1 1 5 9 13 2 14 10 8 3 7 11 15 6 0 4 12
6 1 1 5 9 13 2 14 10 8 3 7 11 15 0 6 4 12
12 2 1 5 9 13 2 14 10 8 3 7 11 15 12 6 4 0
11 3 1 5 9 13 2 14 10 8 3 7 0 15 12 6 4 11
4 1 1 5 9 13 2 14 10 8 3 7 4 15 12 6 0 11
11 1 1 5 9 13 2 14 10 8 3 7 4 15 12 6 11 0
12 2 1 5 9 13 2 14 10 8 3 7 4 15 0 6 11 12
6 1 1 5 9 13 2 14 10 8 3 7 4 15 6 0 11 12
11 1 1 5 9 13 2 14 10 8 3 7 4 15 6 11 0 12
12 1 1 5 9 13 2 14 10 8 3 7 4 15 6 11 12 0
6 2 1 5 9 13 2 14 10 8 3 7 4 15 0 11 12 6
11 1 1 5 9 13 2 14 10 8 3 7 4 15 11 0 12 6
12 1 1 5 9 13 2 14 10 8 3 7 4 15 11 12 0 6
6 1 1 5 9 13 2 14 10 8 3 7 4 15 11 12 6 0
4 3 1 5 9 13 2 14 10 8 3 7 0 15 11 12 6 4
6 1 1 5 9 13 2 14 10 8 3 7 6 15 11 12 0 4
12 1 1 5 9 13 2 14 10 8 3 7 6 15 11 0 12 4
11 1 1 5 9 13 2 14 10 8 3 7 6 15 0 11 12 4
4 2 1 5 9 13 2 14 10 8 3 7 6 15 4 11 12 0
12 1 1 5 9 13 2 14 10 8 3 7 6 15 4 11 0 12
11 1 1 5 9 13 2 14 10 8 3 7 6 15 4 0 11 12
4 1 1 5 9 13 2 14 10 8 3 7 6 15 0 4 11 12
12 2 1 5 9 13 2 14 10 8 3 7 6 15 12 4 11 0
6 3 1 5 9 13 2 14 10 8 3 7 0 15 12 4 11 6
11 1 1 5 9 13 2 14 10 8 3 7 11 15 12 4 0 6
6 1 1 5 9 13 2 14 10 8 3 7 11 15 12 4 6 0
12 2 1 5 9 13 2 14 10 8 3 7 11 15 0 4 6 12
4 1 1 5 9 13 2 14 10 8 3 7 11 15 4 0 6 12
6 1 1 5 9 13 2 14 10 8 3 7 11 15 4 6 0 12
12 1 1 5 9 13 2 14 10 8 3 7 11 15 4 6 12 0
4 2 1 5 9 13 2 14 10 8 3 7 11 15 0 6 12 4
7 3 1 5 9 13 2 14 10 8 3 0 11 15 7 6 12 4
6 1 1 5 9 13 2 14 10 8 3 6 11 15 7 0 12 4
7 1 1 5 9 13 2 14 10 8 3 6 11 15 0 7 12 4
4 2 1 5 9 13 2 14 10 8 3 6 11 15 4 7 12 0
1 3 0 5 9 13 2 14 10 8 3 6 11 15 4 7 12 1
14 3 14 5 9 13 2 0 10 8 3 6 11 15 4 7 12 1
6 1 14 5 9 13 2 6 10 8 3 0 11 15 4 7 12 1
7 1 14 5 9 13 2 6 10 8 3 7 11 15 4 0 12 1
4 1 14 5 9 13 2 6 10 8 3 7 11 15 0 4 12 1
1 2 14 5 9 13 2 6 10 8 3 7 11 15 1 4 12 0
14 3 0 5 9 13 2 6 10 8 3 7 11 15 1 4 12 14
1 2 1 5 9 13 2 6 10 8 3 7 11 15 0 4 12 14
14 2 1 5 9 13 2 6 10 8 3 7 11 15 14 4 12 0
12 1 1 5 9 13 2 6 10 8 3 7 11 15 14 4 0 12
4 1 1 5 9 13 2 6 10 8 3 7 11 15 14 0 4 12
14 1 1 5 9 13 2 6 10 8 3 7 11 15 0 14 4 12
12 2 1 5 9 13 2 6 10 8 3 7 11 15 12 14 4 0
11 3 1 5 9 13 2 6 10 8 3 7 0 15 12 14 4 11
4 1 1 5 9 13 2 6 10 8 3 7 4 15 12 14 0 11
11 1 1 5 9 13 2 6 10 8 3 7 4 15 12 14 11 0
12 2 1 5 9 13 2 6 10 8 3 7 4 15 0 14 11 12
14 1 1 5 9 13 2 6 10 8 3 7 4 15 14 0 11 12
11 1 1 5 9 13 2 6 10 8 3 7 4 15 14 11 0 12
12 1 1 5 9 13 2 6 10 8 3 7 4 15 14 11 12 0
14 2 1 5 9 13 2 6 10 8 3 7 4 15 0 11 12 14
11 1 1 5 9 13 2 6 10 8 3 7 4 15 11 0 12 14
12 1 1 5 9 13 2 6 10 8 3 7 4 15 11 12 0 14
14 1 1 5 9 13 2 6 10 8 3 7 4 15 11 12 14 0
4 3 1 5 9 13 2 6 10 8 3 7 0 15 11 12 14 4
14 1 1 5 9 13 2 6 10 8 3 7 14 15 11 12 0 4
12 1 1 5 9 13 2 6 10 8 3 7 14 15 11 0 12 4
11 1 1 5 9 13 2 6 10 8 3 7 14 15 0 11 12 4
4 2 1 5 9 13 2 6 10 8 3 7 14 15 4 11 12 0
15 1 1 5 9 13 2 6 10 8 3 7 14 0 4 11 12 15
8 1 1 5 9 13 2 6 10 0 3 7 14 8 4 11 12 15
10 1 1 5 9 13 2 6 0 10 3 7 14 8 4 11 12 15
14 1 1 5 9 13 2 6 14 10 3 7 0 8 4 11 12 15
8 1 1 5 9 13 2 6 14 10 3 7 8 0 4 11 12 15
15 1 1 5 9 13 2 6 14 10 3 7 8 15 4 11 12 0
8 3 1 5 9 13 2 6 14 10 3 7 0 15 4 11 12 8
14 1 1 5 9 13 2 6 0 10 3 7 14 15 4 11 12 8
10 1 1 5 9 13 2 6 10 0 3 7 14 15 4 11 12 8
13 1 1 5 9 0 2 6 10 13 3 7 14 15 4 11 12 8
8 2 1 5 9 8 2 6 10 13 3 7 14 15 4 11 12 0
14 3 1 5 9 8 2 6 10 13 3 7 0 15 4 11 12 14
15 1 1 5 9 8 2 6 10 13 3 7 15 0 4 11 12 14
14 1 1 5 9 8 2 6 10 13 3 7 15 14 4 11 12 0
8 2 1 5 9 0 2 6 10 13 3 7 15 14 4 11 12 8
13 1 1 5 9 13 2 6 10 0 3 7 15 14 4 11 12 8
14 1 1 5 9 13 2 6 10 14 3 7 15 0 4 11 12 8
8 1 1 5 9 13 2 6 10 14 3 7 15 8 4 11 12 0
15 3 1 5 9 13 2 6 10 14 3 7 0 8 4 11 12 15
8 1 1 5 9 13 2 6 10 14 3 7 8 0 4 11 12 15
15 1 1 5 9 13 2 6 10 14 3 7 8 15 4 11 12 0
4 2 1 5 9 13 2 6 10 14 3 7 8 15 0 11 12 4
7 3 1 5 9 13 2 6 10 14 3 0 8 15 7 11 12 4
11 1 1 5 9 13 2 6 10 14 3 11 8 15 7 0 12 4
7 1 1 5 9 13 2 6 10 14 3 11 8 15 0 7 12 4
4 2 1 5 9 13 2 6 10 14 3 11 8 15 4 7 12 0
12 1 1 5 9 13 2 6 10 14 3 11 8 15 4 7 0 12
7 1 1 5 9 13 2 6 10 14 3 11 8 15 4 0 7 12
11 1 1 5 9 13 2 6 10 14 3 0 8 15 4 11 7 12
8 1 1 5 9 13 2 6 10 14 3 8 0 15 4 11 7 12
7 1 1 5 9 13 2 6 10 14 3 8 7 15 4 11 0 12
12 1 1 5 9 13 2 6 10 14 3 8 7 15 4 11 12 0
7 3 1 5 9 13 2 6 10 14 3 8 0 15 4 11 12 7
8 1 1 5 9 13 2 6 10 14 3 0 8 15 4 11 12 7
11 1 1 5 9 13 2 6 10 14 3 11 8 15 4 0 12 7
12 1 1 5 9 13 2 6 10 14 3 11 8 15 4 12 0 7
7 1 1 5 9 13 2 6 10 14 3 11 8 15 4 12 7 0
8 3 1 5 9 13 2 6 10 14 3 11 0 15 4 12 7 8
11 1 1 5 9 13 2 6 10 14 3 0 11 15 4 12 7 8
12 1 1 5 9 13 2 6 10 14 3 12 11 15 4 0 7 8
7 1 1 5 9 13 2 6 10 14 3 12 11 15 4 7 0 8
8 1 1 5 9 13 2 6 10 14 3 12 11 15 4 7 8 0
11 3 1 5 9 13 2 6 10 14 3 12 0 15 4 7 8 11
12 1 1 5 9 13 2 6 10 14 3 0 12 15 4 7 8 11
7 1 1 5 9 13 2 6 10 14 3 7 12 15 4 0 8 11
8 1 1 5 9 13 2 6 10 14 3 7 12 15 4 8 0 11
12 1 1 5 9 13 2 6 10 14 3 7 0 15 4 8 12 11
15 1 1 5 9 13 2 6 10 14 3 7 15 0 4 8 12 11
11 1 1 5 9 13 2 6 10 14 3 7 15 11 4 8 12 0
15 3 1 5 9 13 2 6 10 14 3 7 0 11 4 8 12 15
11 1 1 5 9 13 2 6 10 14 3 7 11 0 4 8 12 15
15 1 1 5 9 13 2 6 10 14 3 7 11 15 4 8 12 0
350 2.61