0 0 11 3 7 4 10 8 2 13 0 5 12 15 9 6 1 14
9 1 11 3 7 4 10 8 2 13 9 5 12 15 0 6 1 14
14 2 11 3 7 4 10 8 2 13 9 5 12 15 14 6 1 0
12 3 11 3 7 4 10 8 2 13 9 5 0 15 14 6 1 12
15 1 11 3 7 4 10 8 2 13 9 5 15 0 14 6 1 12
12 1 11 3 7 4 10 8 2 13 9 5 15 12 14 6 1 0
15 3 11 3 7 4 10 8 2 13 9 5 0 12 14 6 1 15
5 1 11 3 7 4 10 8 2 13 9 0 5 12 14 6 1 15
6 1 11 3 7 4 10 8 2 13 9 6 5 12 14 0 1 15
14 1 11 3 7 4 10 8 2 13 9 6 5 12 0 14 1 15
15 2 11 3 7 4 10 8 2 13 9 6 5 12 15 14 1 0
5 3 11 3 7 4 10 8 2 13 9 6 0 12 15 14 1 5
6 1 11 3 7 4 10 8 2 13 9 0 6 12 15 14 1 5
8 1 11 3 7 4 10 0 2 13 9 8 6 12 15 14 1 5
2 1 11 3 7 4 10 2 0 13 9 8 6 12 15 14 1 5
7 1 11 3 0 4 10 2 7 13 9 8 6 12 15 14 1 5
3 1 11 0 3 4 10 2 7 13 9 8 6 12 15 14 1 5
2 1 11 2 3 4 10 0 7 13 9 8 6 12 15 14 1 5
8 1 11 2 3 4 10 8 7 13 9 0 6 12 15 14 1 5
6 1 11 2 3 4 10 8 7 13 9 6 0 12 15 14 1 5
1 1 11 2 3 4 10 8 7 13 9 6 1 12 15 14 0 5
5 1 11 2 3 4 10 8 7 13 9 6 1 12 15 14 5 0
1 3 11 2 3 4 10 8 7 13 9 6 0 12 15 14 5 1
5 1 11 2 3 4 10 8 7 13 9 6 5 12 15 14 0 1
1 1 11 2 3 4 10 8 7 13 9 6 5 12 15 14 1 0
11 3 0 2 3 4 10 8 7 13 9 6 5 12 15 14 1 11
8 3 8 2 3 4 10 0 7 13 9 6 5 12 15 14 1 11
6 1 8 2 3 4 10 6 7 13 9 0 5 12 15 14 1 11
5 1 8 2 3 4 10 6 7 13 9 5 0 12 15 14 1 11
1 1 8 2 3 4 10 6 7 13 9 5 1 12 15 14 0 11
11 1 8 2 3 4 10 6 7 13 9 5 1 12 15 14 11 0
1 3 8 2 3 4 10 6 7 13 9 5 0 12 15 14 11 1
11 1 8 2 3 4 10 6 7 13 9 5 11 12 15 14 0 1
1 1 8 2 3 4 10 6 7 13 9 5 11 12 15 14 1 0
8 3 0 2 3 4 10 6 7 13 9 5 11 12 15 14 1 8
15 2 15 2 3 4 10 6 7 13 9 5 11 12 0 14 1 8
5 3 15 2 3 4 10 6 7 13 9 0 11 12 5 14 1 8
11 1 15 2 3 4 10 6 7 13 9 11 0 12 5 14 1 8
1 1 15 2 3 4 10 6 7 13 9 11 1 12 5 14 0 8
8 1 15 2 3 4 10 6 7 13 9 11 1 12 5 14 8 0
1 3 15 2 3 4 10 6 7 13 9 11 0 12 5 14 8 1
11 1 15 2 3 4 10 6 7 13 9 0 11 12 5 14 8 1
9 1 15 2 3 4 10 6 7 13 0 9 11 12 5 14 8 1
5 1 15 2 3 4 10 6 7 13 5 9 11 12 0 14 8 1
1 2 15 2 3 4 10 6 7 13 5 9 11 12 1 14 8 0
15 3 0 2 3 4 10 6 7 13 5 9 11 12 1 14 8 15
1 2 1 2 3 4 10 6 7 13 5 9 11 12 0 14 8 15
9 3 1 2 3 4 10 6 7 13 5 0 11 12 9 14 8 15
5 1 1 2 3 4 10 6 7 13 0 5 11 12 9 14 8 15
9 1 1 2 3 4 10 6 7 13 9 5 11 12 0 14 8 15
5 3 1 2 3 4 10 6 7 13 9 0 11 12 5 14 8 15
11 1 1 2 3 4 10 6 7 13 9 11 0 12 5 14 8 15
8 1 1 2 3 4 10 6 7 13 9 11 8 12 5 14 0 15
15 1 1 2 3 4 10 6 7 13 9 11 8 12 5 14 15 0
8 3 1 2 3 4 10 6 7 13 9 11 0 12 5 14 15 8
11 1 1 2 3 4 10 6 7 13 9 0 11 12 5 14 15 8
9 1 1 2 3 4 10 6 7 13 0 9 11 12 5 14 15 8
5 1 1 2 3 4 10 6 7 13 5 9 11 12 0 14 15 8
9 3 1 2 3 4 10 6 7 13 5 0 11 12 9 14 15 8
5 1 1 2 3 4 10 6 7 13 0 5 11 12 9 14 15 8
9 1 1 2 3 4 10 6 7 13 9 5 11 12 0 14 15 8
14 1 1 2 3 4 10 6 7 13 9 5 11 12 14 0 15 8
15 1 1 2 3 4 10 6 7 13 9 5 11 12 14 15 0 8
8 1 1 2 3 4 10 6 7 13 9 5 11 12 14 15 8 0
14 2 1 2 3 4 10 6 7 13 9 5 11 12 0 15 8 14
5 3 1 2 3 4 10 6 7 13 9 0 11 12 5 15 8 14
15 1 1 2 3 4 10 6 7 13 9 15 11 12 5 0 8 14
8 1 1 2 3 4 10 6 7 13 9 15 11 12 5 8 0 14
14 1 1 2 3 4 10 6 7 13 9 15 11 12 5 8 14 0
5 2 1 2 3 4 10 6 7 13 9 15 11 12 0 8 14 5
15 3 1 2 3 4 10 6 7 13 9 0 11 12 15 8 14 5
8 1 1 2 3 4 10 6 7 13 9 8 11 12 15 0 14 5
14 1 1 2 3 4 10 6 7 13 9 8 11 12 15 14 0 5
5 1 1 2 3 4 10 6 7 13 9 8 11 12 15 14 5 0
15 2 1 2 3 4 10 6 7 13 9 8 11 12 0 14 5 15
8 3 1 2 3 4 10 6 7 13 9 0 11 12 8 14 5 15
11 1 1 2 3 4 10 6 7 13 9 11 0 12 8 14 5 15
5 1 1 2 3 4 10 6 7 13 9 11 5 12 8 14 0 15
15 1 1 2 3 4 10 6 7 13 9 11 5 12 8 14 15 0
4 2 1 2 3 0 10 6 7 13 9 11 5 12 8 14 15 4
8 3 1 2 3 8 10 6 7 13 9 11 5 12 0 14 15 4
4 2 1 2 3 8 10 6 7 13 9 11 5 12 4 14 15 0
5 3 1 2 3 8 10 6 7 13 9 11 0 12 4 14 15 5
11 1 1 2 3 8 10 6 7 13 9 0 11 12 4 14 15 5
9 1 1 2 3 8 10 6 7 13 0 9 11 12 4 14 15 5
4 1 1 2 3 8 10 6 7 13 4 9 11 12 0 14 15 5
5 2 1 2 3 8 10 6 7 13 4 9 11 12 5 14 15 0
8 2 1 2 3 0 10 6 7 13 4 9 11 12 5 14 15 8
5 3 1 2 3 5 10 6 7 13 4 9 11 12 0 14 15 8
9 3 1 2 3 5 10 6 7 13 4 0 11 12 9 14 15 8
4 1 1 2 3 5 10 6 7 13 0 4 11 12 9 14 15 8
9 1 1 2 3 5 10 6 7 13 9 4 11 12 0 14 15 8
5 3 1 2 3 0 10 6 7 13 9 4 11 12 5 14 15 8
13 1 1 2 3 13 10 6 7 0 9 4 11 12 5 14 15 8
12 1 1 2 3 13 10 6 7 12 9 4 11 0 5 14 15 8
8 1 1 2 3 13 10 6 7 12 9 4 11 8 5 14 15 0
13 2 1 2 3 0 10 6 7 12 9 4 11 8 5 14 15 13
5 3 1 2 3 5 10 6 7 12 9 4 11 8 0 14 15 13
13 2 1 2 3 5 10 6 7 12 9 4 11 8 13 14 15 0
5 2 1 2 3 0 10 6 7 12 9 4 11 8 13 14 15 5
12 1 1 2 3 12 10 6 7 0 9 4 11 8 13 14 15 5
8 1 1 2 3 12 10 6 7 8 9 4 11 0 13 14 15 5
5 1 1 2 3 12 10 6 7 8 9 4 11 5 13 14 15 0
12 2 1 2 3 0 10 6 7 8 9 4 11 5 13 14 15 12
13 3 1 2 3 13 10 6 7 8 9 4 11 5 0 14 15 12
4 3 1 2 3 13 10 6 7 8 9 0 11 5 4 14 15 12
11 1 1 2 3 13 10 6 7 8 9 11 0 5 4 14 15 12
5 1 1 2 3 13 10 6 7 8 9 11 5 0 4 14 15 12
12 1 1 2 3 13 10 6 7 8 9 11 5 12 4 14 15 0
13 2 1 2 3 0 10 6 7 8 9 11 5 12 4 14 15 13
4 3 1 2 3 4 10 6 7 8 9 11 5 12 0 14 15 13
13 2 1 2 3 4 10 6 7 8 9 11 5 12 13 14 15 0
15 1 1 2 3 4 10 6 7 8 9 11 5 12 13 14 0 15
5 1 1 2 3 4 10 6 7 8 9 11 0 12 13 14 5 15
11 1 1 2 3 4 10 6 7 8 9 0 11 12 13 14 5 15
14 1 1 2 3 4 10 6 7 8 9 14 11 12 13 0 5 15
5 1 1 2 3 4 10 6 7 8 9 14 11 12 13 5 0 15
15 1 1 2 3 4 10 6 7 8 9 14 11 12 13 5 15 0
13 2 1 2 3 4 10 6 7 8 9 14 11 12 0 5 15 13
14 3 1 2 3 4 10 6 7 8 9 0 11 12 14 5 15 13
5 1 1 2 3 4 10 6 7 8 9 5 11 12 14 0 15 13
14 1 1 2 3 4 10 6 7 8 9 5 11 12 0 14 15 13
5 3 1 2 3 4 10 6 7 8 9 0 11 12 5 14 15 13
9 1 1 2 3 4 10 6 7 8 0 9 11 12 5 14 15 13
5 1 1 2 3 4 10 6 7 8 5 9 11 12 0 14 15 13
13 2 1 2 3 4 10 6 7 8 5 9 11 12 13 14 15 0
1 3 0 2 3 4 10 6 7 8 5 9 11 12 13 14 15 1
10 1 10 2 3 4 0 6 7 8 5 9 11 12 13 14 15 1
5 1 10 2 3 4 5 6 7 8 0 9 11 12 13 14 15 1
13 1 10 2 3 4 5 6 7 8 13 9 11 12 0 14 15 1
1 2 10 2 3 4 5 6 7 8 13 9 11 12 1 14 15 0
10 3 0 2 3 4 5 6 7 8 13 9 11 12 1 14 15 10
1 2 1 2 3 4 5 6 7 8 13 9 11 12 0 14 15 10
13 1 1 2 3 4 5 6 7 8 0 9 11 12 13 14 15 10
9 1 1 2 3 4 5 6 7 8 9 0 11 12 13 14 15 10
11 1 1 2 3 4 5 6 7 8 9 11 0 12 13 14 15 10
15 1 1 2 3 4 5 6 7 8 9 11 15 12 13 14 0 10
10 1 1 2 3 4 5 6 7 8 9 11 15 12 13 14 10 0
15 3 1 2 3 4 5 6 7 8 9 11 0 12 13 14 10 15
11 1 1 2 3 4 5 6 7 8 9 0 11 12 13 14 10 15
14 1 1 2 3 4 5 6 7 8 9 14 11 12 13 0 10 15
10 1 1 2 3 4 5 6 7 8 9 14 11 12 13 10 0 15
15 1 1 2 3 4 5 6 7 8 9 14 11 12 13 10 15 0
13 2 1 2 3 4 5 6 7 8 9 14 11 12 0 10 15 13
14 3 1 2 3 4 5 6 7 8 9 0 11 12 14 10 15 13
10 1 1 2 3 4 5 6 7 8 9 10 11 12 14 0 15 13
14 1 1 2 3 4 5 6 7 8 9 10 11 12 0 14 15 13
13 2 1 2 3 4 5 6 7 8 9 10 11 12 13 14 15 0
235 1.08