0 0 14 5 8 15 10 3 7 12 6 11 0 4 9 2 1 13
11 1 14 5 8 15 10 3 7 12 6 0 11 4 9 2 1 13
6 1 14 5 8 15 10 3 7 12 0 6 11 4 9 2 1 13
9 1 14 5 8 15 10 3 7 12 9 6 11 4 0 2 1 13
13 2 14 5 8 15 10 3 7 12 9 6 11 4 13 2 1 0
14 3 0 5 8 15 10 3 7 12 9 6 11 4 13 2 1 14
3 3 3 5 8 15 10 0 7 12 9 6 11 4 13 2 1 14
6 1 3 5 8 15 10 6 7 12 9 0 11 4 13 2 1 14
2 1 3 5 8 15 10 6 7 12 9 2 11 4 13 0 1 14
1 1 3 5 8 15 10 6 7 12 9 2 11 4 13 1 0 14
14 1 3 5 8 15 10 6 7 12 9 2 11 4 13 1 14 0
3 3 0 5 8 15 10 6 7 12 9 2 11 4 13 1 14 3
15 2 15 5 8 0 10 6 7 12 9 2 11 4 13 1 14 3
3 2 15 5 8 3 10 6 7 12 9 2 11 4 13 1 14 0
15 3 0 5 8 3 10 6 7 12 9 2 11 4 13 1 14 15
5 1 5 0 8 3 10 6 7 12 9 2 11 4 13 1 14 15
8 1 5 8 0 3 10 6 7 12 9 2 11 4 13 1 14 15
3 1 5 8 3 0 10 6 7 12 9 2 11 4 13 1 14 15
15 2 5 8 3 15 10 6 7 12 9 2 11 4 13 1 14 0
5 3 0 8 3 15 10 6 7 12 9 2 11 4 13 1 14 5
15 2 15 8 3 0 10 6 7 12 9 2 11 4 13 1 14 5
5 2 15 8 3 5 10 6 7 12 9 2 11 4 13 1 14 0
4 1 15 8 3 5 10 6 7 12 9 2 11 0 13 1 14 4
12 1 15 8 3 5 10 6 7 0 9 2 11 12 13 1 14 4
5 1 15 8 3 0 10 6 7 5 9 2 11 12 13 1 14 4
4 2 15 8 3 4 10 6 7 5 9 2 11 12 13 1 14 0
14 1 15 8 3 4 10 6 7 5 9 2 11 12 13 1 0 14
1 1 15 8 3 4 10 6 7 5 9 2 11 12 13 0 1 14
2 1 15 8 3 4 10 6 7 5 9 0 11 12 13 2 1 14
11 1 15 8 3 4 10 6 7 5 9 11 0 12 13 2 1 14
1 1 15 8 3 4 10 6 7 5 9 11 1 12 13 2 0 14
14 1 15 8 3 4 10 6 7 5 9 11 1 12 13 2 14 0
1 3 15 8 3 4 10 6 7 5 9 11 0 12 13 2 14 1
11 1 15 8 3 4 10 6 7 5 9 0 11 12 13 2 14 1
2 1 15 8 3 4 10 6 7 5 9 2 11 12 13 0 14 1
14 1 15 8 3 4 10 6 7 5 9 2 11 12 13 14 0 1
1 1 15 8 3 4 10 6 7 5 9 2 11 12 13 14 1 0
15 3 0 8 3 4 10 6 7 5 9 2 11 12 13 14 1 15
13 2 13 8 3 4 10 6 7 5 9 2 11 12 0 14 1 15
2 3 13 8 3 4 10 6 7 5 9 0 11 12 2 14 1 15
11 1 13 8 3 4 10 6 7 5 9 11 0 12 2 14 1 15
1 1 13 8 3 4 10 6 7 5 9 11 1 12 2 14 0 15
15 1 13 8 3 4 10 6 7 5 9 11 1 12 2 14 15 0
1 3 13 8 3 4 10 6 7 5 9 11 0 12 2 14 15 1
11 1 13 8 3 4 10 6 7 5 9 0 11 12 2 14 15 1
9 1 13 8 3 4 10 6 7 5 0 9 11 12 2 14 15 1
2 1 13 8 3 4 10 6 7 5 2 9 11 12 0 14 15 1
13 2 0 8 3 4 10 6 7 5 2 9 11 12 13 14 15 1
10 1 10 8 3 4 0 6 7 5 2 9 11 12 13 14 15 1
2 1 10 8 3 4 2 6 7 5 0 9 11 12 13 14 15 1
9 1 10 8 3 4 2 6 7 5 9 0 11 12 13 14 15 1
6 1 10 8 3 4 2 0 7 5 9 6 11 12 13 14 15 1
8 1 10 0 3 4 2 8 7 5 9 6 11 12 13 14 15 1
10 1 0 10 3 4 2 8 7 5 9 6 11 12 13 14 15 1
8 3 8 10 3 4 2 0 7 5 9 6 11 12 13 14 15 1
10 1 8 0 3 4 2 10 7 5 9 6 11 12 13 14 15 1
8 1 0 8 3 4 2 10 7 5 9 6 11 12 13 14 15 1
1 3 1 8 3 4 2 10 7 5 9 6 11 12 13 14 15 0
11 3 1 8 3 4 2 10 7 5 9 6 0 12 13 14 15 11
6 1 1 8 3 4 2 10 7 5 9 0 6 12 13 14 15 11
10 1 1 8 3 4 2 0 7 5 9 10 6 12 13 14 15 11
8 1 1 0 3 4 2 8 7 5 9 10 6 12 13 14 15 11
1 1 0 1 3 4 2 8 7 5 9 10 6 12 13 14 15 11
8 3 8 1 3 4 2 0 7 5 9 10 6 12 13 14 15 11
1 1 8 0 3 4 2 1 7 5 9 10 6 12 13 14 15 11
8 1 0 8 3 4 2 1 7 5 9 10 6 12 13 14 15 11
2 1 2 8 3 4 0 1 7 5 9 10 6 12 13 14 15 11
1 1 2 8 3 4 1 0 7 5 9 10 6 12 13 14 15 11
8 1 2 0 3 4 1 8 7 5 9 10 6 12 13 14 15 11
2 1 0 2 3 4 1 8 7 5 9 10 6 12 13 14 15 11
1 1 1 2 3 4 0 8 7 5 9 10 6 12 13 14 15 11
8 1 1 2 3 4 8 0 7 5 9 10 6 12 13 14 15 11
10 1 1 2 3 4 8 10 7 5 9 0 6 12 13 14 15 11
6 1 1 2 3 4 8 10 7 5 9 6 0 12 13 14 15 11
15 1 1 2 3 4 8 10 7 5 9 6 15 12 13 14 0 11
11 1 1 2 3 4 8 10 7 5 9 6 15 12 13 14 11 0
15 3 1 2 3 4 8 10 7 5 9 6 0 12 13 14 11 15
11 1 1 2 3 4 8 10 7 5 9 6 11 12 13 14 0 15
15 1 1 2 3 4 8 10 7 5 9 6 11 12 13 14 15 0
1 3 0 2 3 4 8 10 7 5 9 6 11 12 13 14 15 1
10 3 10 2 3 4 8 0 7 5 9 6 11 12 13 14 15 1
6 1 10 2 3 4 8 6 7 5 9 0 11 12 13 14 15 1
14 1 10 2 3 4 8 6 7 5 9 14 11 12 13 0 15 1
13 1 10 2 3 4 8 6 7 5 9 14 11 12 0 13 15 1
1 2 10 2 3 4 8 6 7 5 9 14 11 12 1 13 15 0
10 3 0 2 3 4 8 6 7 5 9 14 11 12 1 13 15 10
1 2 1 2 3 4 8 6 7 5 9 14 11 12 0 13 15 10
13 1 1 2 3 4 8 6 7 5 9 14 11 12 13 0 15 10
14 1 1 2 3 4 8 6 7 5 9 0 11 12 13 14 15 10
11 1 1 2 3 4 8 6 7 5 9 11 0 12 13 14 15 10
12 1 1 2 3 4 8 6 7 5 9 11 12 0 13 14 15 10
10 1 1 2 3 4 8 6 7 5 9 11 12 10 13 14 15 0
12 3 1 2 3 4 8 6 7 5 9 11 0 10 13 14 15 12
10 1 1 2 3 4 8 6 7 5 9 11 10 0 13 14 15 12
12 1 1 2 3 4 8 6 7 5 9 11 10 12 13 14 15 0
15 1 1 2 3 4 8 6 7 5 9 11 10 12 13 14 0 15
10 1 1 2 3 4 8 6 7 5 9 11 0 12 13 14 10 15
11 1 1 2 3 4 8 6 7 5 9 0 11 12 13 14 10 15
14 1 1 2 3 4 8 6 7 5 9 14 11 12 13 0 10 15
10 1 1 2 3 4 8 6 7 5 9 14 11 12 13 10 0 15
15 1 1 2 3 4 8 6 7 5 9 14 11 12 13 10 15 0
13 2 1 2 3 4 8 6 7 5 9 14 11 12 0 10 15 13
14 3 1 2 3 4 8 6 7 5 9 0 11 12 14 10 15 13
10 1 1 2 3 4 8 6 7 5 9 10 11 12 14 0 15 13
14 1 1 2 3 4 8 6 7 5 9 10 11 12 0 14 15 13
13 2 1 2 3 4 8 6 7 5 9 10 11 12 13 14 15 0
4 2 1 2 3 0 8 6 7 5 9 10 11 12 13 14 15 4
7 3 1 2 3 7 8 6 0 5 9 10 11 12 13 14 15 4
5 1 1 2 3 7 8 6 5 0 9 10 11 12 13 14 15 4
7 1 1 2 3 0 8 6 5 7 9 10 11 12 13 14 15 4
4 2 1 2 3 4 8 6 5 7 9 10 11 12 13 14 15 0
1 3 0 2 3 4 8 6 5 7 9 10 11 12 13 14 15 1
6 3 6 2 3 4 8 0 5 7 9 10 11 12 13 14 15 1
5 1 6 2 3 4 8 5 0 7 9 10 11 12 13 14 15 1
7 1 6 2 3 4 8 5 7 0 9 10 11 12 13 14 15 1
12 1 6 2 3 4 8 5 7 12 9 10 11 0 13 14 15 1
1 1 6 2 3 4 8 5 7 12 9 10 11 1 13 14 15 0
6 3 0 2 3 4 8 5 7 12 9 10 11 1 13 14 15 6
8 1 8 2 3 4 0 5 7 12 9 10 11 1 13 14 15 6
5 1 8 2 3 4 5 0 7 12 9 10 11 1 13 14 15 6
7 1 8 2 3 4 5 7 0 12 9 10 11 1 13 14 15 6
12 1 8 2 3 4 5 7 12 0 9 10 11 1 13 14 15 6
1 1 8 2 3 4 5 7 12 1 9 10 11 0 13 14 15 6
6 1 8 2 3 4 5 7 12 1 9 10 11 6 13 14 15 0
8 3 0 2 3 4 5 7 12 1 9 10 11 6 13 14 15 8
7 3 7 2 3 4 5 0 12 1 9 10 11 6 13 14 15 8
12 1 7 2 3 4 5 12 0 1 9 10 11 6 13 14 15 8
1 1 7 2 3 4 5 12 1 0 9 10 11 6 13 14 15 8
6 1 7 2 3 4 5 12 1 6 9 10 11 0 13 14 15 8
8 1 7 2 3 4 5 12 1 6 9 10 11 8 13 14 15 0
7 3 0 2 3 4 5 12 1 6 9 10 11 8 13 14 15 7
12 3 12 2 3 4 5 0 1 6 9 10 11 8 13 14 15 7
1 1 12 2 3 4 5 1 0 6 9 10 11 8 13 14 15 7
6 1 12 2 3 4 5 1 6 0 9 10 11 8 13 14 15 7
8 1 12 2 3 4 5 1 6 8 9 10 11 0 13 14 15 7
7 1 12 2 3 4 5 1 6 8 9 10 11 7 13 14 15 0
12 3 0 2 3 4 5 1 6 8 9 10 11 7 13 14 15 12
1 3 1 2 3 4 5 0 6 8 9 10 11 7 13 14 15 12
6 1 1 2 3 4 5 6 0 8 9 10 11 7 13 14 15 12
8 1 1 2 3 4 5 6 8 0 9 10 11 7 13 14 15 12
7 1 1 2 3 4 5 6 8 7 9 10 11 0 13 14 15 12
12 1 1 2 3 4 5 6 8 7 9 10 11 12 13 14 15 0
4 2 1 2 3 0 5 6 8 7 9 10 11 12 13 14 15 4
8 3 1 2 3 8 5 6 0 7 9 10 11 12 13 14 15 4
7 1 1 2 3 8 5 6 7 0 9 10 11 12 13 14 15 4
8 1 1 2 3 0 5 6 7 8 9 10 11 12 13 14 15 4
4 2 1 2 3 4 5 6 7 8 9 10 11 12 13 14 15 0
223 5.48