0 0 8 10 4 6 9 11 12 13 0 15 1 7 5 14 3 2
9 1 8 10 4 6 0 11 12 13 9 15 1 7 5 14 3 2
11 1 8 10 4 6 11 0 12 13 9 15 1 7 5 14 3 2
12 1 8 10 4 6 11 12 0 13 9 15 1 7 5 14 3 2
13 1 8 10 4 6 11 12 13 0 9 15 1 7 5 14 3 2
7 1 8 10 4 6 11 12 13 7 9 15 1 0 5 14 3 2
2 1 8 10 4 6 11 12 13 7 9 15 1 2 5 14 3 0
1 3 8 10 4 6 11 12 13 7 9 15 0 2 5 14 3 1
2 1 8 10 4 6 11 12 13 7 9 15 2 0 5 14 3 1
1 1 8 10 4 6 11 12 13 7 9 15 2 1 5 14 3 0
8 3 0 10 4 6 11 12 13 7 9 15 2 1 5 14 3 8
12 3 12 10 4 6 11 0 13 7 9 15 2 1 5 14 3 8
13 1 12 10 4 6 11 13 0 7 9 15 2 1 5 14 3 8
7 1 12 10 4 6 11 13 7 0 9 15 2 1 5 14 3 8
1 1 12 10 4 6 11 13 7 1 9 15 2 0 5 14 3 8
8 1 12 10 4 6 11 13 7 1 9 15 2 8 5 14 3 0
2 3 12 10 4 6 11 13 7 1 9 15 0 8 5 14 3 2
8 1 12 10 4 6 11 13 7 1 9 15 8 0 5 14 3 2
2 1 12 10 4 6 11 13 7 1 9 15 8 2 5 14 3 0
12 3 0 10 4 6 11 13 7 1 9 15 8 2 5 14 3 12
13 3 13 10 4 6 11 0 7 1 9 15 8 2 5 14 3 12
10 1 13 0 4 6 11 10 7 1 9 15 8 2 5 14 3 12
4 1 13 4 0 6 11 10 7 1 9 15 8 2 5 14 3 12
6 1 13 4 6 0 11 10 7 1 9 15 8 2 5 14 3 12
12 2 13 4 6 12 11 10 7 1 9 15 8 2 5 14 3 0
8 3 13 4 6 12 11 10 7 1 9 15 0 2 5 14 3 8
2 1 13 4 6 12 11 10 7 1 9 15 2 0 5 14 3 8
8 1 13 4 6 12 11 10 7 1 9 15 2 8 5 14 3 0
2 3 13 4 6 12 11 10 7 1 9 15 0 8 5 14 3 2
15 1 13 4 6 12 11 10 7 1 9 0 15 8 5 14 3 2
10 1 13 4 6 12 11 0 7 1 9 10 15 8 5 14 3 2
4 1 13 0 6 12 11 4 7 1 9 10 15 8 5 14 3 2
6 1 13 6 0 12 11 4 7 1 9 10 15 8 5 14 3 2
12 1 13 6 12 0 11 4 7 1 9 10 15 8 5 14 3 2
2 2 13 6 12 2 11 4 7 1 9 10 15 8 5 14 3 0
15 3 13 6 12 2 11 4 7 1 9 10 0 8 5 14 3 15
8 1 13 6 12 2 11 4 7 1 9 10 8 0 5 14 3 15
15 1 13 6 12 2 11 4 7 1 9 10 8 15 5 14 3 0
8 3 13 6 12 2 11 4 7 1 9 10 0 15 5 14 3 8
3 1 13 6 12 2 11 4 7 1 9 10 3 15 5 14 0 8
8 1 13 6 12 2 11 4 7 1 9 10 3 15 5 14 8 0
3 3 13 6 12 2 11 4 7 1 9 10 0 15 5 14 8 3
15 1 13 6 12 2 11 4 7 1 9 10 15 0 5 14 8 3
3 1 13 6 12 2 11 4 7 1 9 10 15 3 5 14 8 0
15 3 13 6 12 2 11 4 7 1 9 10 0 3 5 14 8 15
8 1 13 6 12 2 11 4 7 1 9 10 8 3 5 14 0 15
15 1 13 6 12 2 11 4 7 1 9 10 8 3 5 14 15 0
8 3 13 6 12 2 11 4 7 1 9 10 0 3 5 14 15 8
3 1 13 6 12 2 11 4 7 1 9 10 3 0 5 14 15 8
8 1 13 6 12 2 11 4 7 1 9 10 3 8 5 14 15 0
13 3 0 6 12 2 11 4 7 1 9 10 3 8 5 14 15 13
4 3 4 6 12 2 11 0 7 1 9 10 3 8 5 14 15 13
6 1 4 0 12 2 11 6 7 1 9 10 3 8 5 14 15 13
12 1 4 12 0 2 11 6 7 1 9 10 3 8 5 14 15 13
2 1 4 12 2 0 11 6 7 1 9 10 3 8 5 14 15 13
4 2 0 12 2 4 11 6 7 1 9 10 3 8 5 14 15 13
13 3 13 12 2 4 11 6 7 1 9 10 3 8 5 14 15 0
3 3 13 12 2 4 11 6 7 1 9 10 0 8 5 14 15 3
8 1 13 12 2 4 11 6 7 1 9 10 8 0 5 14 15 3
3 1 13 12 2 4 11 6 7 1 9 10 8 3 5 14 15 0
13 3 0 12 2 4 11 6 7 1 9 10 8 3 5 14 15 13
5 2 5 12 2 4 11 6 7 1 9 10 8 3 0 14 15 13
13 2 5 12 2 4 11 6 7 1 9 10 8 3 13 14 15 0
8 3 5 12 2 4 11 6 7 1 9 10 0 3 13 14 15 8
3 1 5 12 2 4 11 6 7 1 9 10 3 0 13 14 15 8
8 1 5 12 2 4 11 6 7 1 9 10 3 8 13 14 15 0
5 3 0 12 2 4 11 6 7 1 9 10 3 8 13 14 15 5
12 1 12 0 2 4 11 6 7 1 9 10 3 8 13 14 15 5
2 1 12 2 0 4 11 6 7 1 9 10 3 8 13 14 15 5
4 1 12 2 4 0 11 6 7 1 9 10 3 8 13 14 15 5
5 2 12 2 4 5 11 6 7 1 9 10 3 8 13 14 15 0
8 1 12 2 4 5 11 6 7 1 9 10 3 0 13 14 15 8
1 1 12 2 4 5 11 6 7 0 9 10 3 1 13 14 15 8
5 1 12 2 4 0 11 6 7 5 9 10 3 1 13 14 15 8
4 1 12 2 0 4 11 6 7 5 9 10 3 1 13 14 15 8
2 1 12 0 2 4 11 6 7 5 9 10 3 1 13 14 15 8
12 1 0 12 2 4 11 6 7 5 9 10 3 1 13 14 15 8
8 3 8 12 2 4 11 6 7 5 9 10 3 1 13 14 15 0
3 3 8 12 2 4 11 6 7 5 9 10 0 1 13 14 15 3
1 1 8 12 2 4 11 6 7 5 9 10 1 0 13 14 15 3
3 1 8 12 2 4 11 6 7 5 9 10 1 3 13 14 15 0
8 3 0 12 2 4 11 6 7 5 9 10 1 3 13 14 15 8
12 1 12 0 2 4 11 6 7 5 9 10 1 3 13 14 15 8
2 1 12 2 0 4 11 6 7 5 9 10 1 3 13 14 15 8
4 1 12 2 4 0 11 6 7 5 9 10 1 3 13 14 15 8
8 2 12 2 4 8 11 6 7 5 9 10 1 3 13 14 15 0
12 3 0 2 4 8 11 6 7 5 9 10 1 3 13 14 15 12
8 2 8 2 4 0 11 6 7 5 9 10 1 3 13 14 15 12
4 1 8 2 0 4 11 6 7 5 9 10 1 3 13 14 15 12
2 1 8 0 2 4 11 6 7 5 9 10 1 3 13 14 15 12
8 1 0 8 2 4 11 6 7 5 9 10 1 3 13 14 15 12
12 3 12 8 2 4 11 6 7 5 9 10 1 3 13 14 15 0
1 3 12 8 2 4 11 6 7 5 9 10 0 3 13 14 15 1
3 1 12 8 2 4 11 6 7 5 9 10 3 0 13 14 15 1
1 1 12 8 2 4 11 6 7 5 9 10 3 1 13 14 15 0
12 3 0 8 2 4 11 6 7 5 9 10 3 1 13 14 15 12
8 1 8 0 2 4 11 6 7 5 9 10 3 1 13 14 15 12
2 1 8 2 0 4 11 6 7 5 9 10 3 1 13 14 15 12
4 1 8 2 4 0 11 6 7 5 9 10 3 1 13 14 15 12
12 2 8 2 4 12 11 6 7 5 9 10 3 1 13 14 15 0
1 1 8 2 4 12 11 6 7 5 9 10 3 0 13 14 15 1
5 1 8 2 4 12 11 6 7 0 9 10 3 5 13 14 15 1
12 1 8 2 4 0 11 6 7 12 9 10 3 5 13 14 15 1
4 1 8 2 0 4 11 6 7 12 9 10 3 5 13 14 15 1
2 1 8 0 2 4 11 6 7 12 9 10 3 5 13 14 15 1
8 1 0 8 2 4 11 6 7 12 9 10 3 5 13 14 15 1
1 3 1 8 2 4 11 6 7 12 9 10 3 5 13 14 15 0
3 3 1 8 2 4 11 6 7 12 9 10 0 5 13 14 15 3
5 1 1 8 2 4 11 6 7 12 9 10 5 0 13 14 15 3
3 1 1 8 2 4 11 6 7 12 9 10 5 3 13 14 15 0
5 3 1 8 2 4 11 6 7 12 9 10 0 3 13 14 15 5
15 1 1 8 2 4 11 6 7 12 9 10 15 3 13 14 0 5
5 1 1 8 2 4 11 6 7 12 9 10 15 3 13 14 5 0
15 3 1 8 2 4 11 6 7 12 9 10 0 3 13 14 5 15
3 1 1 8 2 4 11 6 7 12 9 10 3 0 13 14 5 15
12 1 1 8 2 4 11 6 7 0 9 10 3 12 13 14 5 15
7 1 1 8 2 4 11 6 0 7 9 10 3 12 13 14 5 15
3 1 1 8 2 4 11 6 3 7 9 10 0 12 13 14 5 15
5 1 1 8 2 4 11 6 3 7 9 10 5 12 13 14 0 15
15 1 1 8 2 4 11 6 3 7 9 10 5 12 13 14 15 0
1 3 0 8 2 4 11 6 3 7 9 10 5 12 13 14 15 1
8 1 8 0 2 4 11 6 3 7 9 10 5 12 13 14 15 1
2 1 8 2 0 4 11 6 3 7 9 10 5 12 13 14 15 1
3 1 8 2 3 4 11 6 0 7 9 10 5 12 13 14 15 1
7 1 8 2 3 4 11 6 7 0 9 10 5 12 13 14 15 1
12 1 8 2 3 4 11 6 7 12 9 10 5 0 13 14 15 1
1 1 8 2 3 4 11 6 7 12 9 10 5 1 13 14 15 0
5 3 8 2 3 4 11 6 7 12 9 10 0 1 13 14 15 5
1 1 8 2 3 4 11 6 7 12 9 10 1 0 13 14 15 5
12 1 8 2 3 4 11 6 7 0 9 10 1 12 13 14 15 5
4 1 8 2 3 0 11 6 7 4 9 10 1 12 13 14 15 5
5 2 8 2 3 5 11 6 7 4 9 10 1 12 13 14 15 0
8 3 0 2 3 5 11 6 7 4 9 10 1 12 13 14 15 8
5 2 5 2 3 0 11 6 7 4 9 10 1 12 13 14 15 8
4 1 5 2 3 4 11 6 7 0 9 10 1 12 13 14 15 8
12 1 5 2 3 4 11 6 7 12 9 10 1 0 13 14 15 8
8 1 5 2 3 4 11 6 7 12 9 10 1 8 13 14 15 0
1 3 5 2 3 4 11 6 7 12 9 10 0 8 13 14 15 1
8 1 5 2 3 4 11 6 7 12 9 10 8 0 13 14 15 1
12 1 5 2 3 4 11 6 7 0 9 10 8 12 13 14 15 1
4 1 5 2 3 0 11 6 7 4 9 10 8 12 13 14 15 1
1 2 5 2 3 1 11 6 7 4 9 10 8 12 13 14 15 0
5 3 0 2 3 1 11 6 7 4 9 10 8 12 13 14 15 5
1 2 1 2 3 0 11 6 7 4 9 10 8 12 13 14 15 5
5 2 1 2 3 5 11 6 7 4 9 10 8 12 13 14 15 0
8 3 1 2 3 5 11 6 7 4 9 10 0 12 13 14 15 8
12 1 1 2 3 5 11 6 7 4 9 10 12 0 13 14 15 8
8 1 1 2 3 5 11 6 7 4 9 10 12 8 13 14 15 0
5 2 1 2 3 0 11 6 7 4 9 10 12 8 13 14 15 5
4 1 1 2 3 4 11 6 7 0 9 10 12 8 13 14 15 5
8 1 1 2 3 4 11 6 7 8 9 10 12 0 13 14 15 5
5 1 1 2 3 4 11 6 7 8 9 10 12 5 13 14 15 0
12 3 1 2 3 4 11 6 7 8 9 10 0 5 13 14 15 12
5 1 1 2 3 4 11 6 7 8 9 10 5 0 13 14 15 12
12 1 1 2 3 4 11 6 7 8 9 10 5 12 13 14 15 0
13 2 1 2 3 4 11 6 7 8 9 10 5 12 0 14 15 13
10 3 1 2 3 4 11 6 7 8 9 0 5 12 10 14 15 13
14 1 1 2 3 4 11 6 7 8 9 14 5 12 10 0 15 13
10 1 1 2 3 4 11 6 7 8 9 14 5 12 0 10 15 13
13 2 1 2 3 4 11 6 7 8 9 14 5 12 13 10 15 0
5 3 1 2 3 4 11 6 7 8 9 14 0 12 13 10 15 5
14 1 1 2 3 4 11 6 7 8 9 0 14 12 13 10 15 5
10 1 1 2 3 4 11 6 7 8 9 10 14 12 13 0 15 5
15 1 1 2 3 4 11 6 7 8 9 10 14 12 13 15 0 5
5 1 1 2 3 4 11 6 7 8 9 10 14 12 13 15 5 0
14 3 1 2 3 4 11 6 7 8 9 10 0 12 13 15 5 14
5 1 1 2 3 4 11 6 7 8 9 10 5 12 13 15 0 14
15 1 1 2 3 4 11 6 7 8 9 10 5 12 13 0 15 14
13 1 1 2 3 4 11 6 7 8 9 10 5 12 0 13 15 14
14 2 1 2 3 4 11 6 7 8 9 10 5 12 14 13 15 0
5 3 1 2 3 4 11 6 7 8 9 10 0 12 14 13 15 5
10 1 1 2 3 4 11 6 7 8 9 0 10 12 14 13 15 5
13 1 1 2 3 4 11 6 7 8 9 13 10 12 14 0 15 5
14 1 1 2 3 4 11 6 7 8 9 13 10 12 0 14 15 5
5 2 1 2 3 4 11 6 7 8 9 13 10 12 5 14 15 0
10 3 1 2 3 4 11 6 7 8 9 13 0 12 5 14 15 10
13 1 1 2 3 4 11 6 7 8 9 0 13 12 5 14 15 10
9 1 1 2 3 4 11 6 7 8 0 9 13 12 5 14 15 10
5 1 1 2 3 4 11 6 7 8 5 9 13 12 0 14 15 10
10 2 1 2 3 4 11 6 7 8 5 9 13 12 10 14 15 0
13 3 1 2 3 4 11 6 7 8 5 9 0 12 10 14 15 13
9 1 1 2 3 4 11 6 7 8 5 0 9 12 10 14 15 13
5 1 1 2 3 4 11 6 7 8 0 5 9 12 10 14 15 13
10 1 1 2 3 4 11 6 7 8 10 5 9 12 0 14 15 13
13 2 1 2 3 4 11 6 7 8 10 5 9 12 13 14 15 0
9 3 1 2 3 4 11 6 7 8 10 5 0 12 13 14 15 9
5 1 1 2 3 4 11 6 7 8 10 0 5 12 13 14 15 9
10 1 1 2 3 4 11 6 7 8 0 10 5 12 13 14 15 9
13 1 1 2 3 4 11 6 7 8 13 10 5 12 0 14 15 9
9 2 1 2 3 4 11 6 7 8 13 10 5 12 9 14 15 0
5 3 1 2 3 4 11 6 7 8 13 10 0 12 9 14 15 5
12 1 1 2 3 4 11 6 7 8 13 10 12 0 9 14 15 5
5 1 1 2 3 4 11 6 7 8 13 10 12 5 9 14 15 0
9 2 1 2 3 4 11 6 7 8 13 10 12 5 0 14 15 9
13 1 1 2 3 4 11 6 7 8 0 10 12 5 13 14 15 9
10 1 1 2 3 4 11 6 7 8 10 0 12 5 13 14 15 9
12 1 1 2 3 4 11 6 7 8 10 12 0 5 13 14 15 9
5 1 1 2 3 4 11 6 7 8 10 12 5 0 13 14 15 9
9 1 1 2 3 4 11 6 7 8 10 12 5 9 13 14 15 0
5 3 1 2 3 4 11 6 7 8 10 12 0 9 13 14 15 5
12 1 1 2 3 4 11 6 7 8 10 0 12 9 13 14 15 5
10 1 1 2 3 4 11 6 7 8 0 10 12 9 13 14 15 5
13 1 1 2 3 4 11 6 7 8 13 10 12 9 0 14 15 5
5 2 1 2 3 4 11 6 7 8 13 10 12 9 5 14 15 0
12 3 1 2 3 4 11 6 7 8 13 10 0 9 5 14 15 12
9 1 1 2 3 4 11 6 7 8 13 10 9 0 5 14 15 12
12 1 1 2 3 4 11 6 7 8 13 10 9 12 5 14 15 0
9 3 1 2 3 4 11 6 7 8 13 10 0 12 5 14 15 9
10 1 1 2 3 4 11 6 7 8 13 0 10 12 5 14 15 9
13 1 1 2 3 4 11 6 7 8 0 13 10 12 5 14 15 9
5 1 1 2 3 4 11 6 7 8 5 13 10 12 0 14 15 9
13 3 1 2 3 4 11 6 7 8 5 0 10 12 13 14 15 9
10 1 1 2 3 4 11 6 7 8 5 10 0 12 13 14 15 9
12 1 1 2 3 4 11 6 7 8 5 10 12 0 13 14 15 9
9 1 1 2 3 4 11 6 7 8 5 10 12 9 13 14 15 0
12 3 1 2 3 4 11 6 7 8 5 10 0 9 13 14 15 12
9 1 1 2 3 4 11 6 7 8 5 10 9 0 13 14 15 12
12 1 1 2 3 4 11 6 7 8 5 10 9 12 13 14 15 0
1 3 0 2 3 4 11 6 7 8 5 10 9 12 13 14 15 1
11 1 11 2 3 4 0 6 7 8 5 10 9 12 13 14 15 1
5 1 11 2 3 4 5 6 7 8 0 10 9 12 13 14 15 1
13 1 11 2 3 4 5 6 7 8 13 10 9 12 0 14 15 1
1 2 11 2 3 4 5 6 7 8 13 10 9 12 1 14 15 0
11 3 0 2 3 4 5 6 7 8 13 10 9 12 1 14 15 11
1 2 1 2 3 4 5 6 7 8 13 10 9 12 0 14 15 11
10 3 1 2 3 4 5 6 7 8 13 0 9 12 10 14 15 11
13 1 1 2 3 4 5 6 7 8 0 13 9 12 10 14 15 11
10 1 1 2 3 4 5 6 7 8 10 13 9 12 0 14 15 11
11 2 1 2 3 4 5 6 7 8 10 13 9 12 11 14 15 0
9 3 1 2 3 4 5 6 7 8 10 13 0 12 11 14 15 9
13 1 1 2 3 4 5 6 7 8 10 0 13 12 11 14 15 9
10 1 1 2 3 4 5 6 7 8 0 10 13 12 11 14 15 9
11 1 1 2 3 4 5 6 7 8 11 10 13 12 0 14 15 9
9 2 1 2 3 4 5 6 7 8 11 10 13 12 9 14 15 0
13 3 1 2 3 4 5 6 7 8 11 10 0 12 9 14 15 13
10 1 1 2 3 4 5 6 7 8 11 0 10 12 9 14 15 13
11 1 1 2 3 4 5 6 7 8 0 11 10 12 9 14 15 13
9 1 1 2 3 4 5 6 7 8 9 11 10 12 0 14 15 13
13 2 1 2 3 4 5 6 7 8 9 11 10 12 13 14 15 0
10 3 1 2 3 4 5 6 7 8 9 11 0 12 13 14 15 10
15 1 1 2 3 4 5 6 7 8 9 11 15 12 13 14 0 10
10 1 1 2 3 4 5 6 7 8 9 11 15 12 13 14 10 0
15 3 1 2 3 4 5 6 7 8 9 11 0 12 13 14 10 15
11 1 1 2 3 4 5 6 7 8 9 0 11 12 13 14 10 15
14 1 1 2 3 4 5 6 7 8 9 14 11 12 13 0 10 15
10 1 1 2 3 4 5 6 7 8 9 14 11 12 13 10 0 15
15 1 1 2 3 4 5 6 7 8 9 14 11 12 13 10 15 0
13 2 1 2 3 4 5 6 7 8 9 14 11 12 0 10 15 13
14 3 1 2 3 4 5 6 7 8 9 0 11 12 14 10 15 13
10 1 1 2 3 4 5 6 7 8 9 10 11 12 14 0 15 13
14 1 1 2 3 4 5 6 7 8 9 10 11 12 0 14 15 13
13 2 1 2 3 4 5 6 7 8 9 10 11 12 13 14 15 0
394 1.7