0 0 2 11 13 14 9 3 8 7 5 10 12 6 4 0 15 1
4 1 2 11 13 14 9 3 8 7 5 10 12 6 0 4 15 1
1 2 2 11 13 14 9 3 8 7 5 10 12 6 1 4 15 0
12 3 2 11 13 14 9 3 8 7 5 10 0 6 1 4 15 12
6 1 2 11 13 14 9 3 8 7 5 10 6 0 1 4 15 12
12 1 2 11 13 14 9 3 8 7 5 10 6 12 1 4 15 0
6 3 2 11 13 14 9 3 8 7 5 10 0 12 1 4 15 6
8 1 2 11 13 14 9 3 0 7 5 10 8 12 1 4 15 6
7 1 2 11 13 14 9 3 7 0 5 10 8 12 1 4 15 6
14 1 2 11 13 0 9 3 7 14 5 10 8 12 1 4 15 6
6 2 2 11 13 6 9 3 7 14 5 10 8 12 1 4 15 0
2 3 0 11 13 6 9 3 7 14 5 10 8 12 1 4 15 2
1 2 1 11 13 6 9 3 7 14 5 10 8 12 0 4 15 2
6 3 1 11 13 0 9 3 7 14 5 10 8 12 6 4 15 2
13 1 1 11 0 13 9 3 7 14 5 10 8 12 6 4 15 2
11 1 1 0 11 13 9 3 7 14 5 10 8 12 6 4 15 2
3 1 1 3 11 13 9 0 7 14 5 10 8 12 6 4 15 2
9 1 1 3 11 13 0 9 7 14 5 10 8 12 6 4 15 2
5 1 1 3 11 13 5 9 7 14 0 10 8 12 6 4 15 2
6 1 1 3 11 13 5 9 7 14 6 10 8 12 0 4 15 2
13 3 1 3 11 0 5 9 7 14 6 10 8 12 13 4 15 2
11 1 1 3 0 11 5 9 7 14 6 10 8 12 13 4 15 2
3 1 1 0 3 11 5 9 7 14 6 10 8 12 13 4 15 2
9 1 1 9 3 11 5 0 7 14 6 10 8 12 13 4 15 2
7 1 1 9 3 11 5 7 0 14 6 10 8 12 13 4 15 2
14 1 1 9 3 11 5 7 14 0 6 10 8 12 13 4 15 2
11 1 1 9 3 0 5 7 14 11 6 10 8 12 13 4 15 2
2 2 1 9 3 2 5 7 14 11 6 10 8 12 13 4 15 0
8 3 1 9 3 2 5 7 14 11 6 10 0 12 13 4 15 8
14 1 1 9 3 2 5 7 0 11 6 10 14 12 13 4 15 8
7 1 1 9 3 2 5 0 7 11 6 10 14 12 13 4 15 8
9 1 1 0 3 2 5 9 7 11 6 10 14 12 13 4 15 8
1 1 0 1 3 2 5 9 7 11 6 10 14 12 13 4 15 8
8 3 8 1 3 2 5 9 7 11 6 10 14 12 13 4 15 0
2 2 8 1 3 0 5 9 7 11 6 10 14 12 13 4 15 2
8 2 0 1 3 8 5 9 7 11 6 10 14 12 13 4 15 2
1 1 1 0 3 8 5 9 7 11 6 10 14 12 13 4 15 2
9 1 1 9 3 8 5 0 7 11 6 10 14 12 13 4 15 2
7 1 1 9 3 8 5 7 0 11 6 10 14 12 13 4 15 2
11 1 1 9 3 8 5 7 11 0 6 10 14 12 13 4 15 2
8 1 1 9 3 0 5 7 11 8 6 10 14 12 13 4 15 2
2 2 1 9 3 2 5 7 11 8 6 10 14 12 13 4 15 0
14 3 1 9 3 2 5 7 11 8 6 10 0 12 13 4 15 14
11 1 1 9 3 2 5 7 0 8 6 10 11 12 13 4 15 14
7 1 1 9 3 2 5 0 7 8 6 10 11 12 13 4 15 14
9 1 1 0 3 2 5 9 7 8 6 10 11 12 13 4 15 14
1 1 0 1 3 2 5 9 7 8 6 10 11 12 13 4 15 14
14 3 14 1 3 2 5 9 7 8 6 10 11 12 13 4 15 0
2 2 14 1 3 0 5 9 7 8 6 10 11 12 13 4 15 2
14 2 0 1 3 14 5 9 7 8 6 10 11 12 13 4 15 2
9 3 9 1 3 14 5 0 7 8 6 10 11 12 13 4 15 2
1 1 9 0 3 14 5 1 7 8 6 10 11 12 13 4 15 2
9 1 0 9 3 14 5 1 7 8 6 10 11 12 13 4 15 2
14 2 14 9 3 0 5 1 7 8 6 10 11 12 13 4 15 2
7 3 14 9 3 7 5 1 0 8 6 10 11 12 13 4 15 2
1 1 14 9 3 7 5 0 1 8 6 10 11 12 13 4 15 2
9 1 14 0 3 7 5 9 1 8 6 10 11 12 13 4 15 2
14 1 0 14 3 7 5 9 1 8 6 10 11 12 13 4 15 2
2 3 2 14 3 7 5 9 1 8 6 10 11 12 13 4 15 0
7 2 2 14 3 0 5 9 1 8 6 10 11 12 13 4 15 7
1 3 2 14 3 1 5 9 0 8 6 10 11 12 13 4 15 7
9 1 2 14 3 1 5 0 9 8 6 10 11 12 13 4 15 7
14 1 2 0 3 1 5 14 9 8 6 10 11 12 13 4 15 7
2 1 0 2 3 1 5 14 9 8 6 10 11 12 13 4 15 7
1 2 1 2 3 0 5 14 9 8 6 10 11 12 13 4 15 7
9 3 1 2 3 9 5 14 0 8 6 10 11 12 13 4 15 7
3 1 1 2 0 9 5 14 3 8 6 10 11 12 13 4 15 7
9 1 1 2 9 0 5 14 3 8 6 10 11 12 13 4 15 7
7 2 1 2 9 7 5 14 3 8 6 10 11 12 13 4 15 0
11 3 1 2 9 7 5 14 3 8 6 10 0 12 13 4 15 11
3 1 1 2 9 7 5 14 0 8 6 10 3 12 13 4 15 11
9 1 1 2 0 7 5 14 9 8 6 10 3 12 13 4 15 11
7 1 1 2 7 0 5 14 9 8 6 10 3 12 13 4 15 11
11 2 1 2 7 11 5 14 9 8 6 10 3 12 13 4 15 0
3 3 1 2 7 11 5 14 9 8 6 10 0 12 13 4 15 3
9 1 1 2 7 11 5 14 0 8 6 10 9 12 13 4 15 3
7 1 1 2 0 11 5 14 7 8 6 10 9 12 13 4 15 3
11 1 1 2 11 0 5 14 7 8 6 10 9 12 13 4 15 3
7 3 1 2 11 7 5 14 0 8 6 10 9 12 13 4 15 3
11 1 1 2 0 7 5 14 11 8 6 10 9 12 13 4 15 3
7 1 1 2 7 0 5 14 11 8 6 10 9 12 13 4 15 3
3 2 1 2 7 3 5 14 11 8 6 10 9 12 13 4 15 0
9 3 1 2 7 3 5 14 11 8 6 10 0 12 13 4 15 9
11 1 1 2 7 3 5 14 0 8 6 10 11 12 13 4 15 9
7 1 1 2 0 3 5 14 7 8 6 10 11 12 13 4 15 9
3 1 1 2 3 0 5 14 7 8 6 10 11 12 13 4 15 9
9 2 1 2 3 9 5 14 7 8 6 10 11 12 13 4 15 0
13 2 1 2 3 9 5 14 7 8 6 10 11 12 0 4 15 13
4 1 1 2 3 9 5 14 7 8 6 10 11 12 4 0 15 13
15 1 1 2 3 9 5 14 7 8 6 10 11 12 4 15 0 13
13 1 1 2 3 9 5 14 7 8 6 10 11 12 4 15 13 0
9 2 1 2 3 0 5 14 7 8 6 10 11 12 4 15 13 9
4 3 1 2 3 4 5 14 7 8 6 10 11 12 0 15 13 9
9 2 1 2 3 4 5 14 7 8 6 10 11 12 9 15 13 0
13 1 1 2 3 4 5 14 7 8 6 10 11 12 9 15 0 13
15 1 1 2 3 4 5 14 7 8 6 10 11 12 9 0 15 13
9 1 1 2 3 4 5 14 7 8 6 10 11 12 0 9 15 13
6 1 1 2 3 4 5 14 7 8 0 10 11 12 6 9 15 13
10 1 1 2 3 4 5 14 7 8 10 0 11 12 6 9 15 13
9 1 1 2 3 4 5 14 7 8 10 9 11 12 6 0 15 13
6 1 1 2 3 4 5 14 7 8 10 9 11 12 0 6 15 13
9 3 1 2 3 4 5 14 7 8 10 0 11 12 9 6 15 13
10 1 1 2 3 4 5 14 7 8 0 10 11 12 9 6 15 13
9 1 1 2 3 4 5 14 7 8 9 10 11 12 0 6 15 13
10 3 1 2 3 4 5 14 7 8 9 0 11 12 10 6 15 13
6 1 1 2 3 4 5 14 7 8 9 6 11 12 10 0 15 13
10 1 1 2 3 4 5 14 7 8 9 6 11 12 0 10 15 13
13 2 1 2 3 4 5 14 7 8 9 6 11 12 13 10 15 0
1 3 0 2 3 4 5 14 7 8 9 6 11 12 13 10 15 1
14 3 14 2 3 4 5 0 7 8 9 6 11 12 13 10 15 1
6 1 14 2 3 4 5 6 7 8 9 0 11 12 13 10 15 1
10 1 14 2 3 4 5 6 7 8 9 10 11 12 13 0 15 1
13 1 14 2 3 4 5 6 7 8 9 10 11 12 0 13 15 1
1 2 14 2 3 4 5 6 7 8 9 10 11 12 1 13 15 0
14 3 0 2 3 4 5 6 7 8 9 10 11 12 1 13 15 14
1 2 1 2 3 4 5 6 7 8 9 10 11 12 0 13 15 14
13 1 1 2 3 4 5 6 7 8 9 10 11 12 13 0 15 14
15 1 1 2 3 4 5 6 7 8 9 10 11 12 13 15 0 14
14 1 1 2 3 4 5 6 7 8 9 10 11 12 13 15 14 0
11 3 1 2 3 4 5 6 7 8 9 10 0 12 13 15 14 11
14 1 1 2 3 4 5 6 7 8 9 10 14 12 13 15 0 11
15 1 1 2 3 4 5 6 7 8 9 10 14 12 13 0 15 11
10 1 1 2 3 4 5 6 7 8 9 0 14 12 13 10 15 11
14 1 1 2 3 4 5 6 7 8 9 14 0 12 13 10 15 11
12 1 1 2 3 4 5 6 7 8 9 14 12 0 13 10 15 11
11 1 1 2 3 4 5 6 7 8 9 14 12 11 13 10 15 0
12 3 1 2 3 4 5 6 7 8 9 14 0 11 13 10 15 12
11 1 1 2 3 4 5 6 7 8 9 14 11 0 13 10 15 12
12 1 1 2 3 4 5 6 7 8 9 14 11 12 13 10 15 0
13 2 1 2 3 4 5 6 7 8 9 14 11 12 0 10 15 13
14 3 1 2 3 4 5 6 7 8 9 0 11 12 14 10 15 13
10 1 1 2 3 4 5 6 7 8 9 10 11 12 14 0 15 13
14 1 1 2 3 4 5 6 7 8 9 10 11 12 0 14 15 13
13 2 1 2 3 4 5 6 7 8 9 10 11 12 13 14 15 0
211 0.97