0 0 11 7 0 3 5 9 13 1 15 14 8 6 12 2 4 10
3 1 11 7 3 0 5 9 13 1 15 14 8 6 12 2 4 10
10 2 11 7 3 10 5 9 13 1 15 14 8 6 12 2 4 0
8 3 11 7 3 10 5 9 13 1 15 14 0 6 12 2 4 8
6 1 11 7 3 10 5 9 13 1 15 14 6 0 12 2 4 8
8 1 11 7 3 10 5 9 13 1 15 14 6 8 12 2 4 0
6 3 11 7 3 10 5 9 13 1 15 14 0 8 12 2 4 6
14 1 11 7 3 10 5 9 13 1 15 0 14 8 12 2 4 6
15 1 11 7 3 10 5 9 13 1 0 15 14 8 12 2 4 6
12 1 11 7 3 10 5 9 13 1 12 15 14 8 0 2 4 6
6 2 11 7 3 10 5 9 13 1 12 15 14 8 6 2 4 0
14 3 11 7 3 10 5 9 13 1 12 15 0 8 6 2 4 14
8 1 11 7 3 10 5 9 13 1 12 15 8 0 6 2 4 14
14 1 11 7 3 10 5 9 13 1 12 15 8 14 6 2 4 0
8 3 11 7 3 10 5 9 13 1 12 15 0 14 6 2 4 8
15 1 11 7 3 10 5 9 13 1 12 0 15 14 6 2 4 8
12 1 11 7 3 10 5 9 13 1 0 12 15 14 6 2 4 8
6 1 11 7 3 10 5 9 13 1 6 12 15 14 0 2 4 8
8 2 11 7 3 10 5 9 13 1 6 12 15 14 8 2 4 0
15 3 11 7 3 10 5 9 13 1 6 12 0 14 8 2 4 15
14 1 11 7 3 10 5 9 13 1 6 12 14 0 8 2 4 15
15 1 11 7 3 10 5 9 13 1 6 12 14 15 8 2 4 0
14 3 11 7 3 10 5 9 13 1 6 12 0 15 8 2 4 14
12 1 11 7 3 10 5 9 13 1 6 0 12 15 8 2 4 14
6 1 11 7 3 10 5 9 13 1 0 6 12 15 8 2 4 14
8 1 11 7 3 10 5 9 13 1 8 6 12 15 0 2 4 14
14 2 11 7 3 10 5 9 13 1 8 6 12 15 14 2 4 0
12 3 11 7 3 10 5 9 13 1 8 6 0 15 14 2 4 12
15 1 11 7 3 10 5 9 13 1 8 6 15 0 14 2 4 12
12 1 11 7 3 10 5 9 13 1 8 6 15 12 14 2 4 0
15 3 11 7 3 10 5 9 13 1 8 6 0 12 14 2 4 15
6 1 11 7 3 10 5 9 13 1 8 0 6 12 14 2 4 15
8 1 11 7 3 10 5 9 13 1 0 8 6 12 14 2 4 15
14 1 11 7 3 10 5 9 13 1 14 8 6 12 0 2 4 15
15 2 11 7 3 10 5 9 13 1 14 8 6 12 15 2 4 0
6 3 11 7 3 10 5 9 13 1 14 8 0 12 15 2 4 6
8 1 11 7 3 10 5 9 13 1 14 0 8 12 15 2 4 6
14 1 11 7 3 10 5 9 13 1 0 14 8 12 15 2 4 6
15 1 11 7 3 10 5 9 13 1 15 14 8 12 0 2 4 6
6 2 11 7 3 10 5 9 13 1 15 14 8 12 6 2 4 0
8 3 11 7 3 10 5 9 13 1 15 14 0 12 6 2 4 8
14 1 11 7 3 10 5 9 13 1 15 0 14 12 6 2 4 8
15 1 11 7 3 10 5 9 13 1 0 15 14 12 6 2 4 8
6 1 11 7 3 10 5 9 13 1 6 15 14 12 0 2 4 8
8 2 11 7 3 10 5 9 13 1 6 15 14 12 8 2 4 0
14 3 11 7 3 10 5 9 13 1 6 15 0 12 8 2 4 14
15 1 11 7 3 10 5 9 13 1 6 0 15 12 8 2 4 14
2 1 11 7 3 10 5 9 13 1 6 2 15 12 8 0 4 14
4 1 11 7 3 10 5 9 13 1 6 2 15 12 8 4 0 14
15 1 11 7 3 10 5 9 13 1 6 2 0 12 8 4 15 14
2 1 11 7 3 10 5 9 13 1 6 0 2 12 8 4 15 14
6 1 11 7 3 10 5 9 13 1 0 6 2 12 8 4 15 14
8 1 11 7 3 10 5 9 13 1 8 6 2 12 0 4 15 14
14 2 11 7 3 10 5 9 13 1 8 6 2 12 14 4 15 0
2 3 11 7 3 10 5 9 13 1 8 6 0 12 14 4 15 2
6 1 11 7 3 10 5 9 13 1 8 0 6 12 14 4 15 2
8 1 11 7 3 10 5 9 13 1 0 8 6 12 14 4 15 2
14 1 11 7 3 10 5 9 13 1 14 8 6 12 0 4 15 2
2 2 11 7 3 10 5 9 13 1 14 8 6 12 2 4 15 0
6 3 11 7 3 10 5 9 13 1 14 8 0 12 2 4 15 6
8 1 11 7 3 10 5 9 13 1 14 0 8 12 2 4 15 6
14 1 11 7 3 10 5 9 13 1 0 14 8 12 2 4 15 6
2 1 11 7 3 10 5 9 13 1 2 14 8 12 0 4 15 6
11 2 0 7 3 10 5 9 13 1 2 14 8 12 11 4 15 6
6 3 6 7 3 10 5 9 13 1 2 14 8 12 11 4 15 0
8 3 6 7 3 10 5 9 13 1 2 14 0 12 11 4 15 8
14 1 6 7 3 10 5 9 13 1 2 0 14 12 11 4 15 8
2 1 6 7 3 10 5 9 13 1 0 2 14 12 11 4 15 8
11 1 6 7 3 10 5 9 13 1 11 2 14 12 0 4 15 8
8 2 6 7 3 10 5 9 13 1 11 2 14 12 8 4 15 0
14 3 6 7 3 10 5 9 13 1 11 2 0 12 8 4 15 14
2 1 6 7 3 10 5 9 13 1 11 0 2 12 8 4 15 14
11 1 6 7 3 10 5 9 13 1 0 11 2 12 8 4 15 14
8 1 6 7 3 10 5 9 13 1 8 11 2 12 0 4 15 14
14 2 6 7 3 10 5 9 13 1 8 11 2 12 14 4 15 0
2 3 6 7 3 10 5 9 13 1 8 11 0 12 14 4 15 2
11 1 6 7 3 10 5 9 13 1 8 0 11 12 14 4 15 2
8 1 6 7 3 10 5 9 13 1 0 8 11 12 14 4 15 2
14 1 6 7 3 10 5 9 13 1 14 8 11 12 0 4 15 2
2 2 6 7 3 10 5 9 13 1 14 8 11 12 2 4 15 0
6 3 0 7 3 10 5 9 13 1 14 8 11 12 2 4 15 6
9 3 9 7 3 10 5 0 13 1 14 8 11 12 2 4 15 6
13 1 9 7 3 10 5 13 0 1 14 8 11 12 2 4 15 6
1 1 9 7 3 10 5 13 1 0 14 8 11 12 2 4 15 6
10 1 9 7 3 0 5 13 1 10 14 8 11 12 2 4 15 6
6 2 9 7 3 6 5 13 1 10 14 8 11 12 2 4 15 0
9 3 0 7 3 6 5 13 1 10 14 8 11 12 2 4 15 9
13 3 13 7 3 6 5 0 1 10 14 8 11 12 2 4 15 9
1 1 13 7 3 6 5 1 0 10 14 8 11 12 2 4 15 9
10 1 13 7 3 6 5 1 10 0 14 8 11 12 2 4 15 9
6 1 13 7 3 0 5 1 10 6 14 8 11 12 2 4 15 9
9 2 13 7 3 9 5 1 10 6 14 8 11 12 2 4 15 0
13 3 0 7 3 9 5 1 10 6 14 8 11 12 2 4 15 13
1 3 1 7 3 9 5 0 10 6 14 8 11 12 2 4 15 13
10 1 1 7 3 9 5 10 0 6 14 8 11 12 2 4 15 13
6 1 1 7 3 9 5 10 6 0 14 8 11 12 2 4 15 13
9 1 1 7 3 0 5 10 6 9 14 8 11 12 2 4 15 13
13 2 1 7 3 13 5 10 6 9 14 8 11 12 2 4 15 0
2 2 1 7 3 13 5 10 6 9 14 8 11 12 0 4 15 2
4 1 1 7 3 13 5 10 6 9 14 8 11 12 4 0 15 2
8 1 1 7 3 13 5 10 6 9 14 0 11 12 4 8 15 2
10 1 1 7 3 13 5 0 6 9 14 10 11 12 4 8 15 2
6 1 1 7 3 13 5 6 0 9 14 10 11 12 4 8 15 2
9 1 1 7 3 13 5 6 9 0 14 10 11 12 4 8 15 2
13 1 1 7 3 0 5 6 9 13 14 10 11 12 4 8 15 2
4 3 1 7 3 4 5 6 9 13 14 10 11 12 0 8 15 2
14 1 1 7 3 4 5 6 9 13 0 10 11 12 14 8 15 2
10 1 1 7 3 4 5 6 9 13 10 0 11 12 14 8 15 2
8 1 1 7 3 4 5 6 9 13 10 8 11 12 14 0 15 2
14 1 1 7 3 4 5 6 9 13 10 8 11 12 0 14 15 2
8 3 1 7 3 4 5 6 9 13 10 0 11 12 8 14 15 2
10 1 1 7 3 4 5 6 9 13 0 10 11 12 8 14 15 2
8 1 1 7 3 4 5 6 9 13 8 10 11 12 0 14 15 2
2 2 1 7 3 4 5 6 9 13 8 10 11 12 2 14 15 0
4 2 1 7 3 0 5 6 9 13 8 10 11 12 2 14 15 4
9 3 1 7 3 9 5 6 0 13 8 10 11 12 2 14 15 4
13 1 1 7 3 9 5 6 13 0 8 10 11 12 2 14 15 4
9 1 1 7 3 0 5 6 13 9 8 10 11 12 2 14 15 4
4 2 1 7 3 4 5 6 13 9 8 10 11 12 2 14 15 0
2 2 1 7 3 4 5 6 13 9 8 10 11 12 0 14 15 2
1 2 0 7 3 4 5 6 13 9 8 10 11 12 1 14 15 2
6 3 6 7 3 4 5 0 13 9 8 10 11 12 1 14 15 2
7 1 6 0 3 4 5 7 13 9 8 10 11 12 1 14 15 2
6 1 0 6 3 4 5 7 13 9 8 10 11 12 1 14 15 2
1 2 1 6 3 4 5 7 13 9 8 10 11 12 0 14 15 2
2 2 1 6 3 4 5 7 13 9 8 10 11 12 2 14 15 0
4 2 1 6 3 0 5 7 13 9 8 10 11 12 2 14 15 4
13 3 1 6 3 13 5 7 0 9 8 10 11 12 2 14 15 4
7 1 1 6 3 13 5 0 7 9 8 10 11 12 2 14 15 4
6 1 1 0 3 13 5 6 7 9 8 10 11 12 2 14 15 4
3 1 1 3 0 13 5 6 7 9 8 10 11 12 2 14 15 4
13 1 1 3 13 0 5 6 7 9 8 10 11 12 2 14 15 4
4 2 1 3 13 4 5 6 7 9 8 10 11 12 2 14 15 0
2 2 1 3 13 4 5 6 7 9 8 10 11 12 0 14 15 2
4 3 1 3 13 0 5 6 7 9 8 10 11 12 4 14 15 2
13 1 1 3 0 13 5 6 7 9 8 10 11 12 4 14 15 2
3 1 1 0 3 13 5 6 7 9 8 10 11 12 4 14 15 2
1 1 0 1 3 13 5 6 7 9 8 10 11 12 4 14 15 2
2 3 2 1 3 13 5 6 7 9 8 10 11 12 4 14 15 0
13 2 2 1 3 0 5 6 7 9 8 10 11 12 4 14 15 13
4 3 2 1 3 4 5 6 7 9 8 10 11 12 0 14 15 13
13 2 2 1 3 4 5 6 7 9 8 10 11 12 13 14 15 0
2 3 0 1 3 4 5 6 7 9 8 10 11 12 13 14 15 2
4 2 4 1 3 0 5 6 7 9 8 10 11 12 13 14 15 2
2 2 4 1 3 2 5 6 7 9 8 10 11 12 13 14 15 0
4 3 0 1 3 2 5 6 7 9 8 10 11 12 13 14 15 4
1 1 1 0 3 2 5 6 7 9 8 10 11 12 13 14 15 4
3 1 1 3 0 2 5 6 7 9 8 10 11 12 13 14 15 4
2 1 1 3 2 0 5 6 7 9 8 10 11 12 13 14 15 4
4 2 1 3 2 4 5 6 7 9 8 10 11 12 13 14 15 0
1 3 0 3 2 4 5 6 7 9 8 10 11 12 13 14 15 1
3 1 3 0 2 4 5 6 7 9 8 10 11 12 13 14 15 1
2 1 3 2 0 4 5 6 7 9 8 10 11 12 13 14 15 1
4 1 3 2 4 0 5 6 7 9 8 10 11 12 13 14 15 1
1 2 3 2 4 1 5 6 7 9 8 10 11 12 13 14 15 0
3 3 0 2 4 1 5 6 7 9 8 10 11 12 13 14 15 3
1 2 1 2 4 0 5 6 7 9 8 10 11 12 13 14 15 3
3 2 1 2 4 3 5 6 7 9 8 10 11 12 13 14 15 0
12 1 1 2 4 3 5 6 7 9 8 10 11 0 13 14 15 12
9 1 1 2 4 3 5 6 7 0 8 10 11 9 13 14 15 12
3 1 1 2 4 0 5 6 7 3 8 10 11 9 13 14 15 12
4 1 1 2 0 4 5 6 7 3 8 10 11 9 13 14 15 12
7 1 1 2 7 4 5 6 0 3 8 10 11 9 13 14 15 12
3 1 1 2 7 4 5 6 3 0 8 10 11 9 13 14 15 12
9 1 1 2 7 4 5 6 3 9 8 10 11 0 13 14 15 12
12 1 1 2 7 4 5 6 3 9 8 10 11 12 13 14 15 0
4 2 1 2 7 0 5 6 3 9 8 10 11 12 13 14 15 4
3 3 1 2 7 3 5 6 0 9 8 10 11 12 13 14 15 4
7 1 1 2 0 3 5 6 7 9 8 10 11 12 13 14 15 4
3 1 1 2 3 0 5 6 7 9 8 10 11 12 13 14 15 4
7 3 1 2 3 7 5 6 0 9 8 10 11 12 13 14 15 4
9 1 1 2 3 7 5 6 9 0 8 10 11 12 13 14 15 4
7 1 1 2 3 0 5 6 9 7 8 10 11 12 13 14 15 4
4 2 1 2 3 4 5 6 9 7 8 10 11 12 13 14 15 0
11 3 1 2 3 4 5 6 9 7 8 10 0 12 13 14 15 11
9 1 1 2 3 4 5 6 0 7 8 10 9 12 13 14 15 11
7 1 1 2 3 4 5 6 7 0 8 10 9 12 13 14 15 11
12 1 1 2 3 4 5 6 7 12 8 10 9 0 13 14 15 11
11 1 1 2 3 4 5 6 7 12 8 10 9 11 13 14 15 0
9 3 1 2 3 4 5 6 7 12 8 10 0 11 13 14 15 9
11 1 1 2 3 4 5 6 7 12 8 10 11 0 13 14 15 9
12 1 1 2 3 4 5 6 7 0 8 10 11 12 13 14 15 9
4 1 1 2 3 0 5 6 7 4 8 10 11 12 13 14 15 9
9 2 1 2 3 9 5 6 7 4 8 10 11 12 13 14 15 0
1 3 0 2 3 9 5 6 7 4 8 10 11 12 13 14 15 1
9 2 9 2 3 0 5 6 7 4 8 10 11 12 13 14 15 1
4 1 9 2 3 4 5 6 7 0 8 10 11 12 13 14 15 1
12 1 9 2 3 4 5 6 7 12 8 10 11 0 13 14 15 1
1 1 9 2 3 4 5 6 7 12 8 10 11 1 13 14 15 0
4 2 9 2 3 0 5 6 7 12 8 10 11 1 13 14 15 4
12 1 9 2 3 12 5 6 7 0 8 10 11 1 13 14 15 4
1 1 9 2 3 12 5 6 7 1 8 10 11 0 13 14 15 4
4 1 9 2 3 12 5 6 7 1 8 10 11 4 13 14 15 0
9 3 0 2 3 12 5 6 7 1 8 10 11 4 13 14 15 9
12 2 12 2 3 0 5 6 7 1 8 10 11 4 13 14 15 9
9 2 12 2 3 9 5 6 7 1 8 10 11 4 13 14 15 0
4 1 12 2 3 9 5 6 7 1 8 10 11 0 13 14 15 4
1 1 12 2 3 9 5 6 7 0 8 10 11 1 13 14 15 4
9 1 12 2 3 0 5 6 7 9 8 10 11 1 13 14 15 4
4 2 12 2 3 4 5 6 7 9 8 10 11 1 13 14 15 0
12 3 0 2 3 4 5 6 7 9 8 10 11 1 13 14 15 12
4 2 4 2 3 0 5 6 7 9 8 10 11 1 13 14 15 12
9 1 4 2 3 9 5 6 7 0 8 10 11 1 13 14 15 12
1 1 4 2 3 9 5 6 7 1 8 10 11 0 13 14 15 12
12 1 4 2 3 9 5 6 7 1 8 10 11 12 13 14 15 0
4 3 0 2 3 9 5 6 7 1 8 10 11 12 13 14 15 4
9 2 9 2 3 0 5 6 7 1 8 10 11 12 13 14 15 4
4 2 9 2 3 4 5 6 7 1 8 10 11 12 13 14 15 0
9 3 0 2 3 4 5 6 7 1 8 10 11 12 13 14 15 9
13 2 13 2 3 4 5 6 7 1 8 10 11 12 0 14 15 9
9 2 13 2 3 4 5 6 7 1 8 10 11 12 9 14 15 0
13 3 0 2 3 4 5 6 7 1 8 10 11 12 9 14 15 13
5 1 5 2 3 4 0 6 7 1 8 10 11 12 9 14 15 13
8 1 5 2 3 4 8 6 7 1 0 10 11 12 9 14 15 13
9 1 5 2 3 4 8 6 7 1 9 10 11 12 0 14 15 13
13 2 5 2 3 4 8 6 7 1 9 10 11 12 13 14 15 0
5 3 0 2 3 4 8 6 7 1 9 10 11 12 13 14 15 5
4 2 4 2 3 0 8 6 7 1 9 10 11 12 13 14 15 5
7 3 4 2 3 7 8 6 0 1 9 10 11 12 13 14 15 5
1 1 4 2 3 7 8 6 1 0 9 10 11 12 13 14 15 5
7 1 4 2 3 0 8 6 1 7 9 10 11 12 13 14 15 5
4 2 0 2 3 4 8 6 1 7 9 10 11 12 13 14 15 5
8 1 8 2 3 4 0 6 1 7 9 10 11 12 13 14 15 5
6 1 8 2 3 4 6 0 1 7 9 10 11 12 13 14 15 5
1 1 8 2 3 4 6 1 0 7 9 10 11 12 13 14 15 5
7 1 8 2 3 4 6 1 7 0 9 10 11 12 13 14 15 5
12 1 8 2 3 4 6 1 7 12 9 10 11 0 13 14 15 5
5 1 8 2 3 4 6 1 7 12 9 10 11 5 13 14 15 0
8 3 0 2 3 4 6 1 7 12 9 10 11 5 13 14 15 8
1 3 1 2 3 4 6 0 7 12 9 10 11 5 13 14 15 8
6 1 1 2 3 4 0 6 7 12 9 10 11 5 13 14 15 8
9 1 1 2 3 4 9 6 7 12 0 10 11 5 13 14 15 8
13 1 1 2 3 4 9 6 7 12 13 10 11 5 0 14 15 8
8 2 1 2 3 4 9 6 7 12 13 10 11 5 8 14 15 0
5 1 1 2 3 4 9 6 7 12 13 10 11 0 8 14 15 5
12 1 1 2 3 4 9 6 7 0 13 10 11 12 8 14 15 5
4 1 1 2 3 0 9 6 7 4 13 10 11 12 8 14 15 5
5 2 1 2 3 5 9 6 7 4 13 10 11 12 8 14 15 0
8 2 1 2 3 5 9 6 7 4 13 10 11 12 0 14 15 8
13 1 1 2 3 5 9 6 7 4 0 10 11 12 13 14 15 8
9 1 1 2 3 5 0 6 7 4 9 10 11 12 13 14 15 8
6 1 1 2 3 5 6 0 7 4 9 10 11 12 13 14 15 8
7 1 1 2 3 5 6 7 0 4 9 10 11 12 13 14 15 8
4 1 1 2 3 5 6 7 4 0 9 10 11 12 13 14 15 8
5 1 1 2 3 0 6 7 4 5 9 10 11 12 13 14 15 8
4 3 1 2 3 4 6 7 0 5 9 10 11 12 13 14 15 8
7 1 1 2 3 4 6 0 7 5 9 10 11 12 13 14 15 8
6 1 1 2 3 4 0 6 7 5 9 10 11 12 13 14 15 8
9 1 1 2 3 4 9 6 7 5 0 10 11 12 13 14 15 8
13 1 1 2 3 4 9 6 7 5 13 10 11 12 0 14 15 8
8 2 1 2 3 4 9 6 7 5 13 10 11 12 8 14 15 0
4 2 1 2 3 0 9 6 7 5 13 10 11 12 8 14 15 4
8 3 1 2 3 8 9 6 7 5 13 10 11 12 0 14 15 4
13 1 1 2 3 8 9 6 7 5 0 10 11 12 13 14 15 4
9 1 1 2 3 8 0 6 7 5 9 10 11 12 13 14 15 4
6 1 1 2 3 8 6 0 7 5 9 10 11 12 13 14 15 4
7 1 1 2 3 8 6 7 0 5 9 10 11 12 13 14 15 4
5 1 1 2 3 8 6 7 5 0 9 10 11 12 13 14 15 4
8 1 1 2 3 0 6 7 5 8 9 10 11 12 13 14 15 4
5 3 1 2 3 5 6 7 0 8 9 10 11 12 13 14 15 4
7 1 1 2 3 5 6 0 7 8 9 10 11 12 13 14 15 4
6 1 1 2 3 5 0 6 7 8 9 10 11 12 13 14 15 4
9 1 1 2 3 5 9 6 7 8 0 10 11 12 13 14 15 4
13 1 1 2 3 5 9 6 7 8 13 10 11 12 0 14 15 4
4 2 1 2 3 5 9 6 7 8 13 10 11 12 4 14 15 0
5 2 1 2 3 0 9 6 7 8 13 10 11 12 4 14 15 5
4 3 1 2 3 4 9 6 7 8 13 10 11 12 0 14 15 5
13 1 1 2 3 4 9 6 7 8 0 10 11 12 13 14 15 5
9 1 1 2 3 4 0 6 7 8 9 10 11 12 13 14 15 5
6 1 1 2 3 4 6 0 7 8 9 10 11 12 13 14 15 5
2 1 1 0 3 4 6 2 7 8 9 10 11 12 13 14 15 5
1 1 0 1 3 4 6 2 7 8 9 10 11 12 13 14 15 5
2 3 2 1 3 4 6 0 7 8 9 10 11 12 13 14 15 5
1 1 2 0 3 4 6 1 7 8 9 10 11 12 13 14 15 5
2 1 0 2 3 4 6 1 7 8 9 10 11 12 13 14 15 5
13 2 13 2 3 4 6 1 7 8 9 10 11 12 0 14 15 5
5 2 13 2 3 4 6 1 7 8 9 10 11 12 5 14 15 0
13 3 0 2 3 4 6 1 7 8 9 10 11 12 5 14 15 13
1 3 1 2 3 4 6 0 7 8 9 10 11 12 5 14 15 13
6 1 1 2 3 4 0 6 7 8 9 10 11 12 5 14 15 13
9 1 1 2 3 4 9 6 7 8 0 10 11 12 5 14 15 13
5 1 1 2 3 4 9 6 7 8 5 10 11 12 0 14 15 13
13 2 1 2 3 4 9 6 7 8 5 10 11 12 13 14 15 0
1 3 0 2 3 4 9 6 7 8 5 10 11 12 13 14 15 1
9 1 9 2 3 4 0 6 7 8 5 10 11 12 13 14 15 1
5 1 9 2 3 4 5 6 7 8 0 10 11 12 13 14 15 1
13 1 9 2 3 4 5 6 7 8 13 10 11 12 0 14 15 1
1 2 9 2 3 4 5 6 7 8 13 10 11 12 1 14 15 0
9 3 0 2 3 4 5 6 7 8 13 10 11 12 1 14 15 9
1 2 1 2 3 4 5 6 7 8 13 10 11 12 0 14 15 9
9 2 1 2 3 4 5 6 7 8 13 10 11 12 9 14 15 0
11 3 1 2 3 4 5 6 7 8 13 10 0 12 9 14 15 11
15 1 1 2 3 4 5 6 7 8 13 10 15 12 9 14 0 11
11 1 1 2 3 4 5 6 7 8 13 10 15 12 9 14 11 0
9 2 1 2 3 4 5 6 7 8 13 10 15 12 0 14 11 9
13 1 1 2 3 4 5 6 7 8 0 10 15 12 13 14 11 9
10 1 1 2 3 4 5 6 7 8 10 0 15 12 13 14 11 9
15 1 1 2 3 4 5 6 7 8 10 15 0 12 13 14 11 9
11 1 1 2 3 4 5 6 7 8 10 15 11 12 13 14 0 9
9 1 1 2 3 4 5 6 7 8 10 15 11 12 13 14 9 0
11 3 1 2 3 4 5 6 7 8 10 15 0 12 13 14 9 11
15 1 1 2 3 4 5 6 7 8 10 0 15 12 13 14 9 11
10 1 1 2 3 4 5 6 7 8 0 10 15 12 13 14 9 11
13 1 1 2 3 4 5 6 7 8 13 10 15 12 0 14 9 11
11 2 1 2 3 4 5 6 7 8 13 10 15 12 11 14 9 0
15 3 1 2 3 4 5 6 7 8 13 10 0 12 11 14 9 15
9 1 1 2 3 4 5 6 7 8 13 10 9 12 11 14 0 15
15 1 1 2 3 4 5 6 7 8 13 10 9 12 11 14 15 0
11 2 1 2 3 4 5 6 7 8 13 10 9 12 0 14 15 11
13 1 1 2 3 4 5 6 7 8 0 10 9 12 13 14 15 11
10 1 1 2 3 4 5 6 7 8 10 0 9 12 13 14 15 11
9 1 1 2 3 4 5 6 7 8 10 9 0 12 13 14 15 11
12 1 1 2 3 4 5 6 7 8 10 9 12 0 13 14 15 11
11 1 1 2 3 4 5 6 7 8 10 9 12 11 13 14 15 0
12 3 1 2 3 4 5 6 7 8 10 9 0 11 13 14 15 12
11 1 1 2 3 4 5 6 7 8 10 9 11 0 13 14 15 12
12 1 1 2 3 4 5 6 7 8 10 9 11 12 13 14 15 0
13 2 1 2 3 4 5 6 7 8 10 9 11 12 0 14 15 13
9 3 1 2 3 4 5 6 7 8 10 0 11 12 9 14 15 13
10 1 1 2 3 4 5 6 7 8 0 10 11 12 9 14 15 13
9 1 1 2 3 4 5 6 7 8 9 10 11 12 0 14 15 13
13 2 1 2 3 4 5 6 7 8 9 10 11 12 13 14 15 0
516 4.19