0 0 15 12 2 5 14 8 7 3 0 1 13 11 10 4 6 9
1 1 15 12 2 5 14 8 7 3 1 0 13 11 10 4 6 9
13 1 15 12 2 5 14 8 7 3 1 13 0 11 10 4 6 9
11 1 15 12 2 5 14 8 7 3 1 13 11 0 10 4 6 9
9 1 15 12 2 5 14 8 7 3 1 13 11 9 10 4 6 0
15 3 0 12 2 5 14 8 7 3 1 13 11 9 10 4 6 15
8 3 8 12 2 5 14 0 7 3 1 13 11 9 10 4 6 15
14 1 8 12 2 5 0 14 7 3 1 13 11 9 10 4 6 15
1 1 8 12 2 5 1 14 7 3 0 13 11 9 10 4 6 15
13 1 8 12 2 5 1 14 7 3 13 0 11 9 10 4 6 15
4 1 8 12 2 5 1 14 7 3 13 4 11 9 10 0 6 15
6 1 8 12 2 5 1 14 7 3 13 4 11 9 10 6 0 15
15 1 8 12 2 5 1 14 7 3 13 4 11 9 10 6 15 0
8 3 0 12 2 5 1 14 7 3 13 4 11 9 10 6 15 8
1 1 1 12 2 5 0 14 7 3 13 4 11 9 10 6 15 8
14 1 1 12 2 5 14 0 7 3 13 4 11 9 10 6 15 8
4 1 1 12 2 5 14 4 7 3 13 0 11 9 10 6 15 8
13 1 1 12 2 5 14 4 7 3 0 13 11 9 10 6 15 8
10 1 1 12 2 5 14 4 7 3 10 13 11 9 0 6 15 8
13 3 1 12 2 5 14 4 7 3 10 0 11 9 13 6 15 8
10 1 1 12 2 5 14 4 7 3 0 10 11 9 13 6 15 8
14 1 1 12 2 5 0 4 7 3 14 10 11 9 13 6 15 8
4 1 1 12 2 5 4 0 7 3 14 10 11 9 13 6 15 8
12 1 1 0 2 5 4 12 7 3 14 10 11 9 13 6 15 8
2 1 1 2 0 5 4 12 7 3 14 10 11 9 13 6 15 8
5 1 1 2 5 0 4 12 7 3 14 10 11 9 13 6 15 8
8 2 1 2 5 8 4 12 7 3 14 10 11 9 13 6 15 0
9 1 1 2 5 8 4 12 7 3 14 10 11 0 13 6 15 9
3 1 1 2 5 8 4 12 7 0 14 10 11 3 13 6 15 9
8 1 1 2 5 0 4 12 7 8 14 10 11 3 13 6 15 9
7 3 1 2 5 7 4 12 0 8 14 10 11 3 13 6 15 9
5 1 1 2 0 7 4 12 5 8 14 10 11 3 13 6 15 9
7 1 1 2 7 0 4 12 5 8 14 10 11 3 13 6 15 9
9 2 1 2 7 9 4 12 5 8 14 10 11 3 13 6 15 0
3 1 1 2 7 9 4 12 5 8 14 10 11 0 13 6 15 3
11 1 1 2 7 9 4 12 5 8 14 10 0 11 13 6 15 3
5 1 1 2 7 9 4 12 0 8 14 10 5 11 13 6 15 3
7 1 1 2 0 9 4 12 7 8 14 10 5 11 13 6 15 3
9 1 1 2 9 0 4 12 7 8 14 10 5 11 13 6 15 3
3 2 1 2 9 3 4 12 7 8 14 10 5 11 13 6 15 0
5 3 1 2 9 3 4 12 7 8 14 10 0 11 13 6 15 5
11 1 1 2 9 3 4 12 7 8 14 10 11 0 13 6 15 5
5 1 1 2 9 3 4 12 7 8 14 10 11 5 13 6 15 0
3 2 1 2 9 0 4 12 7 8 14 10 11 5 13 6 15 3
13 3 1 2 9 13 4 12 7 8 14 10 11 5 0 6 15 3
6 1 1 2 9 13 4 12 7 8 14 10 11 5 6 0 15 3
15 1 1 2 9 13 4 12 7 8 14 10 11 5 6 15 0 3
3 1 1 2 9 13 4 12 7 8 14 10 11 5 6 15 3 0
13 2 1 2 9 0 4 12 7 8 14 10 11 5 6 15 3 13
6 3 1 2 9 6 4 12 7 8 14 10 11 5 0 15 3 13
13 2 1 2 9 6 4 12 7 8 14 10 11 5 13 15 3 0
3 1 1 2 9 6 4 12 7 8 14 10 11 5 13 15 0 3
15 1 1 2 9 6 4 12 7 8 14 10 11 5 13 0 15 3
10 1 1 2 9 6 4 12 7 8 14 0 11 5 13 10 15 3
14 1 1 2 9 6 4 12 7 8 0 14 11 5 13 10 15 3
4 1 1 2 9 6 0 12 7 8 4 14 11 5 13 10 15 3
12 1 1 2 9 6 12 0 7 8 4 14 11 5 13 10 15 3
14 1 1 2 9 6 12 14 7 8 4 0 11 5 13 10 15 3
10 1 1 2 9 6 12 14 7 8 4 10 11 5 13 0 15 3
13 1 1 2 9 6 12 14 7 8 4 10 11 5 0 13 15 3
3 2 1 2 9 6 12 14 7 8 4 10 11 5 3 13 15 0
6 2 1 2 9 0 12 14 7 8 4 10 11 5 3 13 15 6
3 3 1 2 9 3 12 14 7 8 4 10 11 5 0 13 15 6
13 1 1 2 9 3 12 14 7 8 4 10 11 5 13 0 15 6
10 1 1 2 9 3 12 14 7 8 4 0 11 5 13 10 15 6
4 1 1 2 9 3 12 14 7 8 0 4 11 5 13 10 15 6
12 1 1 2 9 3 0 14 7 8 12 4 11 5 13 10 15 6
14 1 1 2 9 3 14 0 7 8 12 4 11 5 13 10 15 6
4 1 1 2 9 3 14 4 7 8 12 0 11 5 13 10 15 6
10 1 1 2 9 3 14 4 7 8 12 10 11 5 13 0 15 6
13 1 1 2 9 3 14 4 7 8 12 10 11 5 0 13 15 6
12 1 1 2 9 3 14 4 7 8 0 10 11 5 12 13 15 6
14 1 1 2 9 3 0 4 7 8 14 10 11 5 12 13 15 6
4 1 1 2 9 3 4 0 7 8 14 10 11 5 12 13 15 6
7 1 1 2 9 3 4 7 0 8 14 10 11 5 12 13 15 6
9 1 1 2 0 3 4 7 9 8 14 10 11 5 12 13 15 6
3 1 1 2 3 0 4 7 9 8 14 10 11 5 12 13 15 6
6 2 1 2 3 6 4 7 9 8 14 10 11 5 12 13 15 0
12 2 1 2 3 6 4 7 9 8 14 10 11 5 0 13 15 12
6 3 1 2 3 0 4 7 9 8 14 10 11 5 6 13 15 12
9 3 1 2 3 9 4 7 0 8 14 10 11 5 6 13 15 12
7 1 1 2 3 9 4 0 7 8 14 10 11 5 6 13 15 12
4 1 1 2 3 9 0 4 7 8 14 10 11 5 6 13 15 12
14 1 1 2 3 9 14 4 7 8 0 10 11 5 6 13 15 12
6 1 1 2 3 9 14 4 7 8 6 10 11 5 0 13 15 12
13 1 1 2 3 9 14 4 7 8 6 10 11 5 13 0 15 12
10 1 1 2 3 9 14 4 7 8 6 0 11 5 13 10 15 12
6 1 1 2 3 9 14 4 7 8 0 6 11 5 13 10 15 12
14 1 1 2 3 9 0 4 7 8 14 6 11 5 13 10 15 12
4 1 1 2 3 9 4 0 7 8 14 6 11 5 13 10 15 12
6 1 1 2 3 9 4 6 7 8 14 0 11 5 13 10 15 12
10 1 1 2 3 9 4 6 7 8 14 10 11 5 13 0 15 12
13 1 1 2 3 9 4 6 7 8 14 10 11 5 0 13 15 12
12 2 1 2 3 9 4 6 7 8 14 10 11 5 12 13 15 0
9 2 1 2 3 0 4 6 7 8 14 10 11 5 12 13 15 9
1 2 0 2 3 1 4 6 7 8 14 10 11 5 12 13 15 9
4 1 4 2 3 1 0 6 7 8 14 10 11 5 12 13 15 9
14 1 4 2 3 1 14 6 7 8 0 10 11 5 12 13 15 9
12 1 4 2 3 1 14 6 7 8 12 10 11 5 0 13 15 9
13 1 4 2 3 1 14 6 7 8 12 10 11 5 13 0 15 9
15 1 4 2 3 1 14 6 7 8 12 10 11 5 13 15 0 9
9 1 4 2 3 1 14 6 7 8 12 10 11 5 13 15 9 0
4 3 0 2 3 1 14 6 7 8 12 10 11 5 13 15 9 4
1 2 1 2 3 0 14 6 7 8 12 10 11 5 13 15 9 4
4 2 1 2 3 4 14 6 7 8 12 10 11 5 13 15 9 0
11 3 1 2 3 4 14 6 7 8 12 10 0 5 13 15 9 11
5 1 1 2 3 4 14 6 7 8 12 10 5 0 13 15 9 11
11 1 1 2 3 4 14 6 7 8 12 10 5 11 13 15 9 0
9 1 1 2 3 4 14 6 7 8 12 10 5 11 13 15 0 9
15 1 1 2 3 4 14 6 7 8 12 10 5 11 13 0 15 9
10 1 1 2 3 4 14 6 7 8 12 0 5 11 13 10 15 9
5 1 1 2 3 4 14 6 7 8 12 5 0 11 13 10 15 9
11 1 1 2 3 4 14 6 7 8 12 5 11 0 13 10 15 9
9 1 1 2 3 4 14 6 7 8 12 5 11 9 13 10 15 0
11 3 1 2 3 4 14 6 7 8 12 5 0 9 13 10 15 11
5 1 1 2 3 4 14 6 7 8 12 0 5 9 13 10 15 11
10 1 1 2 3 4 14 6 7 8 12 10 5 9 13 0 15 11
13 1 1 2 3 4 14 6 7 8 12 10 5 9 0 13 15 11
11 2 1 2 3 4 14 6 7 8 12 10 5 9 11 13 15 0
5 3 1 2 3 4 14 6 7 8 12 10 0 9 11 13 15 5
9 1 1 2 3 4 14 6 7 8 12 10 9 0 11 13 15 5
5 1 1 2 3 4 14 6 7 8 12 10 9 5 11 13 15 0
11 2 1 2 3 4 14 6 7 8 12 10 9 5 0 13 15 11
13 1 1 2 3 4 14 6 7 8 12 10 9 5 13 0 15 11
10 1 1 2 3 4 14 6 7 8 12 0 9 5 13 10 15 11
9 1 1 2 3 4 14 6 7 8 12 9 0 5 13 10 15 11
5 1 1 2 3 4 14 6 7 8 12 9 5 0 13 10 15 11
11 1 1 2 3 4 14 6 7 8 12 9 5 11 13 10 15 0
5 3 1 2 3 4 14 6 7 8 12 9 0 11 13 10 15 5
11 1 1 2 3 4 14 6 7 8 12 9 11 0 13 10 15 5
5 1 1 2 3 4 14 6 7 8 12 9 11 5 13 10 15 0
1 3 0 2 3 4 14 6 7 8 12 9 11 5 13 10 15 1
14 1 14 2 3 4 0 6 7 8 12 9 11 5 13 10 15 1
12 1 14 2 3 4 12 6 7 8 0 9 11 5 13 10 15 1
9 1 14 2 3 4 12 6 7 8 9 0 11 5 13 10 15 1
10 1 14 2 3 4 12 6 7 8 9 10 11 5 13 0 15 1
13 1 14 2 3 4 12 6 7 8 9 10 11 5 0 13 15 1
1 2 14 2 3 4 12 6 7 8 9 10 11 5 1 13 15 0
14 3 0 2 3 4 12 6 7 8 9 10 11 5 1 13 15 14
1 2 1 2 3 4 12 6 7 8 9 10 11 5 0 13 15 14
13 1 1 2 3 4 12 6 7 8 9 10 11 5 13 0 15 14
10 1 1 2 3 4 12 6 7 8 9 0 11 5 13 10 15 14
11 1 1 2 3 4 12 6 7 8 9 11 0 5 13 10 15 14
5 1 1 2 3 4 12 6 7 8 9 11 5 0 13 10 15 14
14 1 1 2 3 4 12 6 7 8 9 11 5 14 13 10 15 0
5 3 1 2 3 4 12 6 7 8 9 11 0 14 13 10 15 5
11 1 1 2 3 4 12 6 7 8 9 0 11 14 13 10 15 5
10 1 1 2 3 4 12 6 7 8 9 10 11 14 13 0 15 5
15 1 1 2 3 4 12 6 7 8 9 10 11 14 13 15 0 5
5 1 1 2 3 4 12 6 7 8 9 10 11 14 13 15 5 0
11 3 1 2 3 4 12 6 7 8 9 10 0 14 13 15 5 11
14 1 1 2 3 4 12 6 7 8 9 10 14 0 13 15 5 11
11 1 1 2 3 4 12 6 7 8 9 10 14 11 13 15 5 0
5 1 1 2 3 4 12 6 7 8 9 10 14 11 13 15 0 5
15 1 1 2 3 4 12 6 7 8 9 10 14 11 13 0 15 5
10 1 1 2 3 4 12 6 7 8 9 0 14 11 13 10 15 5
14 1 1 2 3 4 12 6 7 8 9 14 0 11 13 10 15 5
11 1 1 2 3 4 12 6 7 8 9 14 11 0 13 10 15 5
5 1 1 2 3 4 12 6 7 8 9 14 11 5 13 10 15 0
13 2 1 2 3 4 12 6 7 8 9 14 11 5 0 10 15 13
14 3 1 2 3 4 12 6 7 8 9 0 11 5 14 10 15 13
10 1 1 2 3 4 12 6 7 8 9 10 11 5 14 0 15 13
14 1 1 2 3 4 12 6 7 8 9 10 11 5 0 14 15 13
10 3 1 2 3 4 12 6 7 8 9 0 11 5 10 14 15 13
9 1 1 2 3 4 12 6 7 8 0 9 11 5 10 14 15 13
10 1 1 2 3 4 12 6 7 8 10 9 11 5 0 14 15 13
13 2 1 2 3 4 12 6 7 8 10 9 11 5 13 14 15 0
5 1 1 2 3 4 12 6 7 8 10 9 11 0 13 14 15 5
11 1 1 2 3 4 12 6 7 8 10 9 0 11 13 14 15 5
9 1 1 2 3 4 12 6 7 8 10 0 9 11 13 14 15 5
10 1 1 2 3 4 12 6 7 8 0 10 9 11 13 14 15 5
13 1 1 2 3 4 12 6 7 8 13 10 9 11 0 14 15 5
5 2 1 2 3 4 12 6 7 8 13 10 9 11 5 14 15 0
9 3 1 2 3 4 12 6 7 8 13 10 0 11 5 14 15 9
11 1 1 2 3 4 12 6 7 8 13 10 11 0 5 14 15 9
9 1 1 2 3 4 12 6 7 8 13 10 11 9 5 14 15 0
5 2 1 2 3 4 12 6 7 8 13 10 11 9 0 14 15 5
13 1 1 2 3 4 12 6 7 8 0 10 11 9 13 14 15 5
10 1 1 2 3 4 12 6 7 8 10 0 11 9 13 14 15 5
11 1 1 2 3 4 12 6 7 8 10 11 0 9 13 14 15 5
9 1 1 2 3 4 12 6 7 8 10 11 9 0 13 14 15 5
5 1 1 2 3 4 12 6 7 8 10 11 9 5 13 14 15 0
9 3 1 2 3 4 12 6 7 8 10 11 0 5 13 14 15 9
11 1 1 2 3 4 12 6 7 8 10 0 11 5 13 14 15 9
10 1 1 2 3 4 12 6 7 8 0 10 11 5 13 14 15 9
13 1 1 2 3 4 12 6 7 8 13 10 11 5 0 14 15 9
9 2 1 2 3 4 12 6 7 8 13 10 11 5 9 14 15 0
11 3 1 2 3 4 12 6 7 8 13 10 0 5 9 14 15 11
5 1 1 2 3 4 12 6 7 8 13 10 5 0 9 14 15 11
11 1 1 2 3 4 12 6 7 8 13 10 5 11 9 14 15 0
9 2 1 2 3 4 12 6 7 8 13 10 5 11 0 14 15 9
13 1 1 2 3 4 12 6 7 8 0 10 5 11 13 14 15 9
10 1 1 2 3 4 12 6 7 8 10 0 5 11 13 14 15 9
5 1 1 2 3 4 12 6 7 8 10 5 0 11 13 14 15 9
11 1 1 2 3 4 12 6 7 8 10 5 11 0 13 14 15 9
9 1 1 2 3 4 12 6 7 8 10 5 11 9 13 14 15 0
13 2 1 2 3 4 12 6 7 8 10 5 11 9 0 14 15 13
5 3 1 2 3 4 12 6 7 8 10 0 11 9 5 14 15 13
10 1 1 2 3 4 12 6 7 8 0 10 11 9 5 14 15 13
5 1 1 2 3 4 12 6 7 8 5 10 11 9 0 14 15 13
13 2 1 2 3 4 12 6 7 8 5 10 11 9 13 14 15 0
1 3 0 2 3 4 12 6 7 8 5 10 11 9 13 14 15 1
12 1 12 2 3 4 0 6 7 8 5 10 11 9 13 14 15 1
5 1 12 2 3 4 5 6 7 8 0 10 11 9 13 14 15 1
13 1 12 2 3 4 5 6 7 8 13 10 11 9 0 14 15 1
1 2 12 2 3 4 5 6 7 8 13 10 11 9 1 14 15 0
12 3 0 2 3 4 5 6 7 8 13 10 11 9 1 14 15 12
1 2 1 2 3 4 5 6 7 8 13 10 11 9 0 14 15 12
13 1 1 2 3 4 5 6 7 8 0 10 11 9 13 14 15 12
10 1 1 2 3 4 5 6 7 8 10 0 11 9 13 14 15 12
11 1 1 2 3 4 5 6 7 8 10 11 0 9 13 14 15 12
9 1 1 2 3 4 5 6 7 8 10 11 9 0 13 14 15 12
12 1 1 2 3 4 5 6 7 8 10 11 9 12 13 14 15 0
9 3 1 2 3 4 5 6 7 8 10 11 0 12 13 14 15 9
11 1 1 2 3 4 5 6 7 8 10 0 11 12 13 14 15 9
10 1 1 2 3 4 5 6 7 8 0 10 11 12 13 14 15 9
13 1 1 2 3 4 5 6 7 8 13 10 11 12 0 14 15 9
9 2 1 2 3 4 5 6 7 8 13 10 11 12 9 14 15 0
15 1 1 2 3 4 5 6 7 8 13 10 11 12 9 14 0 15
14 1 1 2 3 4 5 6 7 8 13 10 11 12 9 0 14 15
9 1 1 2 3 4 5 6 7 8 13 10 11 12 0 9 14 15
13 1 1 2 3 4 5 6 7 8 0 10 11 12 13 9 14 15
10 1 1 2 3 4 5 6 7 8 10 0 11 12 13 9 14 15
9 1 1 2 3 4 5 6 7 8 10 9 11 12 13 0 14 15
14 1 1 2 3 4 5 6 7 8 10 9 11 12 13 14 0 15
15 1 1 2 3 4 5 6 7 8 10 9 11 12 13 14 15 0
13 2 1 2 3 4 5 6 7 8 10 9 11 12 0 14 15 13
9 3 1 2 3 4 5 6 7 8 10 0 11 12 9 14 15 13
10 1 1 2 3 4 5 6 7 8 0 10 11 12 9 14 15 13
9 1 1 2 3 4 5 6 7 8 9 10 11 12 0 14 15 13
13 2 1 2 3 4 5 6 7 8 9 10 11 12 13 14 15 0
322 8.39