0 0 4 0 2 15 14 9 12 1 5 13 3 7 11 8 6 10
2 1 4 2 0 15 14 9 12 1 5 13 3 7 11 8 6 10
15 1 4 2 15 0 14 9 12 1 5 13 3 7 11 8 6 10
4 2 0 2 15 4 14 9 12 1 5 13 3 7 11 8 6 10
10 3 10 2 15 4 14 9 12 1 5 13 3 7 11 8 6 0
3 3 10 2 15 4 14 9 12 1 5 13 0 7 11 8 6 3
7 1 10 2 15 4 14 9 12 1 5 13 7 0 11 8 6 3
3 1 10 2 15 4 14 9 12 1 5 13 7 3 11 8 6 0
7 3 10 2 15 4 14 9 12 1 5 13 0 3 11 8 6 7
13 1 10 2 15 4 14 9 12 1 5 0 13 3 11 8 6 7
5 1 10 2 15 4 14 9 12 1 0 5 13 3 11 8 6 7
11 1 10 2 15 4 14 9 12 1 11 5 13 3 0 8 6 7
7 2 10 2 15 4 14 9 12 1 11 5 13 3 7 8 6 0
13 3 10 2 15 4 14 9 12 1 11 5 0 3 7 8 6 13
3 1 10 2 15 4 14 9 12 1 11 5 3 0 7 8 6 13
13 1 10 2 15 4 14 9 12 1 11 5 3 13 7 8 6 0
3 3 10 2 15 4 14 9 12 1 11 5 0 13 7 8 6 3
5 1 10 2 15 4 14 9 12 1 11 0 5 13 7 8 6 3
11 1 10 2 15 4 14 9 12 1 0 11 5 13 7 8 6 3
7 1 10 2 15 4 14 9 12 1 7 11 5 13 0 8 6 3
3 2 10 2 15 4 14 9 12 1 7 11 5 13 3 8 6 0
5 3 10 2 15 4 14 9 12 1 7 11 0 13 3 8 6 5
11 1 10 2 15 4 14 9 12 1 7 0 11 13 3 8 6 5
7 1 10 2 15 4 14 9 12 1 0 7 11 13 3 8 6 5
3 1 10 2 15 4 14 9 12 1 3 7 11 13 0 8 6 5
4 3 10 2 15 0 14 9 12 1 3 7 11 13 4 8 6 5
5 2 10 2 15 5 14 9 12 1 3 7 11 13 4 8 6 0
10 3 0 2 15 5 14 9 12 1 3 7 11 13 4 8 6 10
9 3 9 2 15 5 14 0 12 1 3 7 11 13 4 8 6 10
12 1 9 2 15 5 14 12 0 1 3 7 11 13 4 8 6 10
1 1 9 2 15 5 14 12 1 0 3 7 11 13 4 8 6 10
13 1 9 2 15 5 14 12 1 13 3 7 11 0 4 8 6 10
10 1 9 2 15 5 14 12 1 13 3 7 11 10 4 8 6 0
9 3 0 2 15 5 14 12 1 13 3 7 11 10 4 8 6 9
12 3 12 2 15 5 14 0 1 13 3 7 11 10 4 8 6 9
1 1 12 2 15 5 14 1 0 13 3 7 11 10 4 8 6 9
13 1 12 2 15 5 14 1 13 0 3 7 11 10 4 8 6 9
10 1 12 2 15 5 14 1 13 10 3 7 11 0 4 8 6 9
9 1 12 2 15 5 14 1 13 10 3 7 11 9 4 8 6 0
12 3 0 2 15 5 14 1 13 10 3 7 11 9 4 8 6 12
1 3 1 2 15 5 14 0 13 10 3 7 11 9 4 8 6 12
13 1 1 2 15 5 14 13 0 10 3 7 11 9 4 8 6 12
10 1 1 2 15 5 14 13 10 0 3 7 11 9 4 8 6 12
5 1 1 2 15 0 14 13 10 5 3 7 11 9 4 8 6 12
15 1 1 2 0 15 14 13 10 5 3 7 11 9 4 8 6 12
2 1 1 0 2 15 14 13 10 5 3 7 11 9 4 8 6 12
13 1 1 13 2 15 14 0 10 5 3 7 11 9 4 8 6 12
10 1 1 13 2 15 14 10 0 5 3 7 11 9 4 8 6 12
5 1 1 13 2 15 14 10 5 0 3 7 11 9 4 8 6 12
9 1 1 13 2 15 14 10 5 9 3 7 11 0 4 8 6 12
12 1 1 13 2 15 14 10 5 9 3 7 11 12 4 8 6 0
15 2 1 13 2 0 14 10 5 9 3 7 11 12 4 8 6 15
5 3 1 13 2 5 14 10 0 9 3 7 11 12 4 8 6 15
10 1 1 13 2 5 14 0 10 9 3 7 11 12 4 8 6 15
13 1 1 0 2 5 14 13 10 9 3 7 11 12 4 8 6 15
2 1 1 2 0 5 14 13 10 9 3 7 11 12 4 8 6 15
5 1 1 2 5 0 14 13 10 9 3 7 11 12 4 8 6 15
15 2 1 2 5 15 14 13 10 9 3 7 11 12 4 8 6 0
12 1 1 2 5 15 14 13 10 9 3 7 11 0 4 8 6 12
9 1 1 2 5 15 14 13 10 0 3 7 11 9 4 8 6 12
15 1 1 2 5 0 14 13 10 15 3 7 11 9 4 8 6 12
12 2 1 2 5 12 14 13 10 15 3 7 11 9 4 8 6 0
9 1 1 2 5 12 14 13 10 15 3 7 11 0 4 8 6 9
15 1 1 2 5 12 14 13 10 0 3 7 11 15 4 8 6 9
12 1 1 2 5 0 14 13 10 12 3 7 11 15 4 8 6 9
5 1 1 2 0 5 14 13 10 12 3 7 11 15 4 8 6 9
2 1 1 0 2 5 14 13 10 12 3 7 11 15 4 8 6 9
13 1 1 13 2 5 14 0 10 12 3 7 11 15 4 8 6 9
10 1 1 13 2 5 14 10 0 12 3 7 11 15 4 8 6 9
12 1 1 13 2 5 14 10 12 0 3 7 11 15 4 8 6 9
5 1 1 13 2 0 14 10 12 5 3 7 11 15 4 8 6 9
12 3 1 13 2 12 14 10 0 5 3 7 11 15 4 8 6 9
10 1 1 13 2 12 14 0 10 5 3 7 11 15 4 8 6 9
13 1 1 0 2 12 14 13 10 5 3 7 11 15 4 8 6 9
2 1 1 2 0 12 14 13 10 5 3 7 11 15 4 8 6 9
12 1 1 2 12 0 14 13 10 5 3 7 11 15 4 8 6 9
5 1 1 2 12 5 14 13 10 0 3 7 11 15 4 8 6 9
10 1 1 2 12 5 14 13 0 10 3 7 11 15 4 8 6 9
13 1 1 2 12 5 14 0 13 10 3 7 11 15 4 8 6 9
2 1 1 0 12 5 14 2 13 10 3 7 11 15 4 8 6 9
12 1 1 12 0 5 14 2 13 10 3 7 11 15 4 8 6 9
5 1 1 12 5 0 14 2 13 10 3 7 11 15 4 8 6 9
13 3 1 12 5 13 14 2 0 10 3 7 11 15 4 8 6 9
2 1 1 12 5 13 14 0 2 10 3 7 11 15 4 8 6 9
12 1 1 0 5 13 14 12 2 10 3 7 11 15 4 8 6 9
5 1 1 5 0 13 14 12 2 10 3 7 11 15 4 8 6 9
2 1 1 5 2 13 14 12 0 10 3 7 11 15 4 8 6 9
10 1 1 5 2 13 14 12 10 0 3 7 11 15 4 8 6 9
15 1 1 5 2 13 14 12 10 15 3 7 11 0 4 8 6 9
9 1 1 5 2 13 14 12 10 15 3 7 11 9 4 8 6 0
11 3 1 5 2 13 14 12 10 15 3 7 0 9 4 8 6 11
6 1 1 5 2 13 14 12 10 15 3 7 6 9 4 8 0 11
11 1 1 5 2 13 14 12 10 15 3 7 6 9 4 8 11 0
9 1 1 5 2 13 14 12 10 15 3 7 6 0 4 8 11 9
15 1 1 5 2 13 14 12 10 0 3 7 6 15 4 8 11 9
10 1 1 5 2 13 14 12 0 10 3 7 6 15 4 8 11 9
6 1 1 5 2 13 14 12 6 10 3 7 0 15 4 8 11 9
11 1 1 5 2 13 14 12 6 10 3 7 11 15 4 8 0 9
9 1 1 5 2 13 14 12 6 10 3 7 11 15 4 8 9 0
1 3 0 5 2 13 14 12 6 10 3 7 11 15 4 8 9 1
12 3 12 5 2 13 14 0 6 10 3 7 11 15 4 8 9 1
6 1 12 5 2 13 14 6 0 10 3 7 11 15 4 8 9 1
10 1 12 5 2 13 14 6 10 0 3 7 11 15 4 8 9 1
13 1 12 5 2 0 14 6 10 13 3 7 11 15 4 8 9 1
1 2 12 5 2 1 14 6 10 13 3 7 11 15 4 8 9 0
12 3 0 5 2 1 14 6 10 13 3 7 11 15 4 8 9 12
1 2 1 5 2 0 14 6 10 13 3 7 11 15 4 8 9 12
12 2 1 5 2 12 14 6 10 13 3 7 11 15 4 8 9 0
11 3 1 5 2 12 14 6 10 13 3 7 0 15 4 8 9 11
9 1 1 5 2 12 14 6 10 13 3 7 9 15 4 8 0 11
11 1 1 5 2 12 14 6 10 13 3 7 9 15 4 8 11 0
12 2 1 5 2 0 14 6 10 13 3 7 9 15 4 8 11 12
13 1 1 5 2 13 14 6 10 0 3 7 9 15 4 8 11 12
10 1 1 5 2 13 14 6 0 10 3 7 9 15 4 8 11 12
9 1 1 5 2 13 14 6 9 10 3 7 0 15 4 8 11 12
11 1 1 5 2 13 14 6 9 10 3 7 11 15 4 8 0 12
12 1 1 5 2 13 14 6 9 10 3 7 11 15 4 8 12 0
11 3 1 5 2 13 14 6 9 10 3 7 0 15 4 8 12 11
9 1 1 5 2 13 14 6 0 10 3 7 9 15 4 8 12 11
10 1 1 5 2 13 14 6 10 0 3 7 9 15 4 8 12 11
15 1 1 5 2 13 14 6 10 15 3 7 9 0 4 8 12 11
11 1 1 5 2 13 14 6 10 15 3 7 9 11 4 8 12 0
9 3 1 5 2 13 14 6 10 15 3 7 0 11 4 8 12 9
11 1 1 5 2 13 14 6 10 15 3 7 11 0 4 8 12 9
15 1 1 5 2 13 14 6 10 0 3 7 11 15 4 8 12 9
13 1 1 5 2 0 14 6 10 13 3 7 11 15 4 8 12 9
2 1 1 5 0 2 14 6 10 13 3 7 11 15 4 8 12 9
10 1 1 5 10 2 14 6 0 13 3 7 11 15 4 8 12 9
13 1 1 5 10 2 14 6 13 0 3 7 11 15 4 8 12 9
2 1 1 5 10 0 14 6 13 2 3 7 11 15 4 8 12 9
13 3 1 5 10 13 14 6 0 2 3 7 11 15 4 8 12 9
10 1 1 5 0 13 14 6 10 2 3 7 11 15 4 8 12 9
13 1 1 5 13 0 14 6 10 2 3 7 11 15 4 8 12 9
2 1 1 5 13 2 14 6 10 0 3 7 11 15 4 8 12 9
15 1 1 5 13 2 14 6 10 15 3 7 11 0 4 8 12 9
9 1 1 5 13 2 14 6 10 15 3 7 11 9 4 8 12 0
2 2 1 5 13 0 14 6 10 15 3 7 11 9 4 8 12 2
15 1 1 5 13 15 14 6 10 0 3 7 11 9 4 8 12 2
9 1 1 5 13 15 14 6 10 9 3 7 11 0 4 8 12 2
2 1 1 5 13 15 14 6 10 9 3 7 11 2 4 8 12 0
15 2 1 5 13 0 14 6 10 9 3 7 11 2 4 8 12 15
13 1 1 5 0 13 14 6 10 9 3 7 11 2 4 8 12 15
10 1 1 5 10 13 14 6 0 9 3 7 11 2 4 8 12 15
9 1 1 5 10 13 14 6 9 0 3 7 11 2 4 8 12 15
2 1 1 5 10 13 14 6 9 2 3 7 11 0 4 8 12 15
15 1 1 5 10 13 14 6 9 2 3 7 11 15 4 8 12 0
13 2 1 5 10 0 14 6 9 2 3 7 11 15 4 8 12 13
9 3 1 5 10 9 14 6 0 2 3 7 11 15 4 8 12 13
10 1 1 5 0 9 14 6 10 2 3 7 11 15 4 8 12 13
9 1 1 5 9 0 14 6 10 2 3 7 11 15 4 8 12 13
10 3 1 5 9 10 14 6 0 2 3 7 11 15 4 8 12 13
2 1 1 5 9 10 14 6 2 0 3 7 11 15 4 8 12 13
10 1 1 5 9 0 14 6 2 10 3 7 11 15 4 8 12 13
13 2 1 5 9 13 14 6 2 10 3 7 11 15 4 8 12 0
11 3 1 5 9 13 14 6 2 10 3 7 0 15 4 8 12 11
2 1 1 5 9 13 14 6 0 10 3 7 2 15 4 8 12 11
10 1 1 5 9 13 14 6 10 0 3 7 2 15 4 8 12 11
15 1 1 5 9 13 14 6 10 15 3 7 2 0 4 8 12 11
11 1 1 5 9 13 14 6 10 15 3 7 2 11 4 8 12 0
2 3 1 5 9 13 14 6 10 15 3 7 0 11 4 8 12 2
11 1 1 5 9 13 14 6 10 15 3 7 11 0 4 8 12 2
2 1 1 5 9 13 14 6 10 15 3 7 11 2 4 8 12 0
13 2 1 5 9 0 14 6 10 15 3 7 11 2 4 8 12 13
15 1 1 5 9 15 14 6 10 0 3 7 11 2 4 8 12 13
2 1 1 5 9 15 14 6 10 2 3 7 11 0 4 8 12 13
13 1 1 5 9 15 14 6 10 2 3 7 11 13 4 8 12 0
15 2 1 5 9 0 14 6 10 2 3 7 11 13 4 8 12 15
1 2 0 5 9 1 14 6 10 2 3 7 11 13 4 8 12 15
15 3 15 5 9 1 14 6 10 2 3 7 11 13 4 8 12 0
1 2 15 5 9 0 14 6 10 2 3 7 11 13 4 8 12 1
2 1 15 5 9 2 14 6 10 0 3 7 11 13 4 8 12 1
13 1 15 5 9 2 14 6 10 13 3 7 11 0 4 8 12 1
1 1 15 5 9 2 14 6 10 13 3 7 11 1 4 8 12 0
15 3 0 5 9 2 14 6 10 13 3 7 11 1 4 8 12 15
2 2 2 5 9 0 14 6 10 13 3 7 11 1 4 8 12 15
13 1 2 5 9 13 14 6 10 0 3 7 11 1 4 8 12 15
1 1 2 5 9 13 14 6 10 1 3 7 11 0 4 8 12 15
15 1 2 5 9 13 14 6 10 1 3 7 11 15 4 8 12 0
2 3 0 5 9 13 14 6 10 1 3 7 11 15 4 8 12 2
14 1 14 5 9 13 0 6 10 1 3 7 11 15 4 8 12 2
3 1 14 5 9 13 3 6 10 1 0 7 11 15 4 8 12 2
4 1 14 5 9 13 3 6 10 1 4 7 11 15 0 8 12 2
2 2 14 5 9 13 3 6 10 1 4 7 11 15 2 8 12 0
14 3 0 5 9 13 3 6 10 1 4 7 11 15 2 8 12 14
2 2 2 5 9 13 3 6 10 1 4 7 11 15 0 8 12 14
4 1 2 5 9 13 3 6 10 1 0 7 11 15 4 8 12 14
3 1 2 5 9 13 0 6 10 1 3 7 11 15 4 8 12 14
6 1 2 5 9 13 6 0 10 1 3 7 11 15 4 8 12 14
5 1 2 0 9 13 6 5 10 1 3 7 11 15 4 8 12 14
2 1 0 2 9 13 6 5 10 1 3 7 11 15 4 8 12 14
5 3 5 2 9 13 6 0 10 1 3 7 11 15 4 8 12 14
2 1 5 0 9 13 6 2 10 1 3 7 11 15 4 8 12 14
5 1 0 5 9 13 6 2 10 1 3 7 11 15 4 8 12 14
6 1 6 5 9 13 0 2 10 1 3 7 11 15 4 8 12 14
2 1 6 5 9 13 2 0 10 1 3 7 11 15 4 8 12 14
5 1 6 0 9 13 2 5 10 1 3 7 11 15 4 8 12 14
6 1 0 6 9 13 2 5 10 1 3 7 11 15 4 8 12 14
5 3 5 6 9 13 2 0 10 1 3 7 11 15 4 8 12 14
6 1 5 0 9 13 2 6 10 1 3 7 11 15 4 8 12 14
5 1 0 5 9 13 2 6 10 1 3 7 11 15 4 8 12 14
13 2 13 5 9 0 2 6 10 1 3 7 11 15 4 8 12 14
1 1 13 5 9 1 2 6 10 0 3 7 11 15 4 8 12 14
15 1 13 5 9 1 2 6 10 15 3 7 11 0 4 8 12 14
14 1 13 5 9 1 2 6 10 15 3 7 11 14 4 8 12 0
13 3 0 5 9 1 2 6 10 15 3 7 11 14 4 8 12 13
1 2 1 5 9 0 2 6 10 15 3 7 11 14 4 8 12 13
13 2 1 5 9 13 2 6 10 15 3 7 11 14 4 8 12 0
14 1 1 5 9 13 2 6 10 15 3 7 11 0 4 8 12 14
15 1 1 5 9 13 2 6 10 0 3 7 11 15 4 8 12 14
13 1 1 5 9 0 2 6 10 13 3 7 11 15 4 8 12 14
14 2 1 5 9 14 2 6 10 13 3 7 11 15 4 8 12 0
1 3 0 5 9 14 2 6 10 13 3 7 11 15 4 8 12 1
14 2 14 5 9 0 2 6 10 13 3 7 11 15 4 8 12 1
1 2 14 5 9 1 2 6 10 13 3 7 11 15 4 8 12 0
15 1 14 5 9 1 2 6 10 13 3 7 11 0 4 8 12 15
13 1 14 5 9 1 2 6 10 0 3 7 11 13 4 8 12 15
1 1 14 5 9 0 2 6 10 1 3 7 11 13 4 8 12 15
15 2 14 5 9 15 2 6 10 1 3 7 11 13 4 8 12 0
14 3 0 5 9 15 2 6 10 1 3 7 11 13 4 8 12 14
15 2 15 5 9 0 2 6 10 1 3 7 11 13 4 8 12 14
1 1 15 5 9 1 2 6 10 0 3 7 11 13 4 8 12 14
13 1 15 5 9 1 2 6 10 13 3 7 11 0 4 8 12 14
14 1 15 5 9 1 2 6 10 13 3 7 11 14 4 8 12 0
15 3 0 5 9 1 2 6 10 13 3 7 11 14 4 8 12 15
1 2 1 5 9 0 2 6 10 13 3 7 11 14 4 8 12 15
13 1 1 5 9 13 2 6 10 0 3 7 11 14 4 8 12 15
14 1 1 5 9 13 2 6 10 14 3 7 11 0 4 8 12 15
15 1 1 5 9 13 2 6 10 14 3 7 11 15 4 8 12 0
334 5.33