0 0 12 14 10 15 0 1 13 8 6 5 7 3 2 11 9 4
1 1 12 14 10 15 1 0 13 8 6 5 7 3 2 11 9 4
13 1 12 14 10 15 1 13 0 8 6 5 7 3 2 11 9 4
7 1 12 14 10 15 1 13 7 8 6 5 0 3 2 11 9 4
3 1 12 14 10 15 1 13 7 8 6 5 3 0 2 11 9 4
4 1 12 14 10 15 1 13 7 8 6 5 3 4 2 11 9 0
3 3 12 14 10 15 1 13 7 8 6 5 0 4 2 11 9 3
4 1 12 14 10 15 1 13 7 8 6 5 4 0 2 11 9 3
3 1 12 14 10 15 1 13 7 8 6 5 4 3 2 11 9 0
12 3 0 14 10 15 1 13 7 8 6 5 4 3 2 11 9 12
1 1 1 14 10 15 0 13 7 8 6 5 4 3 2 11 9 12
13 1 1 14 10 15 13 0 7 8 6 5 4 3 2 11 9 12
5 1 1 14 10 15 13 5 7 8 6 0 4 3 2 11 9 12
4 1 1 14 10 15 13 5 7 8 6 4 0 3 2 11 9 12
3 1 1 14 10 15 13 5 7 8 6 4 3 0 2 11 9 12
12 1 1 14 10 15 13 5 7 8 6 4 3 12 2 11 9 0
3 3 1 14 10 15 13 5 7 8 6 4 0 12 2 11 9 3
4 1 1 14 10 15 13 5 7 8 6 0 4 12 2 11 9 3
6 1 1 14 10 15 13 5 7 8 0 6 4 12 2 11 9 3
2 1 1 14 10 15 13 5 7 8 2 6 4 12 0 11 9 3
3 2 1 14 10 15 13 5 7 8 2 6 4 12 3 11 9 0
4 3 1 14 10 15 13 5 7 8 2 6 0 12 3 11 9 4
6 1 1 14 10 15 13 5 7 8 2 0 6 12 3 11 9 4
2 1 1 14 10 15 13 5 7 8 0 2 6 12 3 11 9 4
3 1 1 14 10 15 13 5 7 8 3 2 6 12 0 11 9 4
4 2 1 14 10 15 13 5 7 8 3 2 6 12 4 11 9 0
6 3 1 14 10 15 13 5 7 8 3 2 0 12 4 11 9 6
2 1 1 14 10 15 13 5 7 8 3 0 2 12 4 11 9 6
3 1 1 14 10 15 13 5 7 8 0 3 2 12 4 11 9 6
4 1 1 14 10 15 13 5 7 8 4 3 2 12 0 11 9 6
6 2 1 14 10 15 13 5 7 8 4 3 2 12 6 11 9 0
2 3 1 14 10 15 13 5 7 8 4 3 0 12 6 11 9 2
3 1 1 14 10 15 13 5 7 8 4 0 3 12 6 11 9 2
4 1 1 14 10 15 13 5 7 8 0 4 3 12 6 11 9 2
13 1 1 14 10 15 0 5 7 8 13 4 3 12 6 11 9 2
5 1 1 14 10 15 5 0 7 8 13 4 3 12 6 11 9 2
4 1 1 14 10 15 5 4 7 8 13 0 3 12 6 11 9 2
3 1 1 14 10 15 5 4 7 8 13 3 0 12 6 11 9 2
9 1 1 14 10 15 5 4 7 8 13 3 9 12 6 11 0 2
2 1 1 14 10 15 5 4 7 8 13 3 9 12 6 11 2 0
9 3 1 14 10 15 5 4 7 8 13 3 0 12 6 11 2 9
3 1 1 14 10 15 5 4 7 8 13 0 3 12 6 11 2 9
13 1 1 14 10 15 5 4 7 8 0 13 3 12 6 11 2 9
6 1 1 14 10 15 5 4 7 8 6 13 3 12 0 11 2 9
13 3 1 14 10 15 5 4 7 8 6 0 3 12 13 11 2 9
11 1 1 14 10 15 5 4 7 8 6 11 3 12 13 0 2 9
2 1 1 14 10 15 5 4 7 8 6 11 3 12 13 2 0 9
9 1 1 14 10 15 5 4 7 8 6 11 3 12 13 2 9 0
3 3 1 14 10 15 5 4 7 8 6 11 0 12 13 2 9 3
11 1 1 14 10 15 5 4 7 8 6 0 11 12 13 2 9 3
2 1 1 14 10 15 5 4 7 8 6 2 11 12 13 0 9 3
9 1 1 14 10 15 5 4 7 8 6 2 11 12 13 9 0 3
3 1 1 14 10 15 5 4 7 8 6 2 11 12 13 9 3 0
15 2 1 14 10 0 5 4 7 8 6 2 11 12 13 9 3 15
10 1 1 14 0 10 5 4 7 8 6 2 11 12 13 9 3 15
14 1 1 0 14 10 5 4 7 8 6 2 11 12 13 9 3 15
4 1 1 4 14 10 5 0 7 8 6 2 11 12 13 9 3 15
2 1 1 4 14 10 5 2 7 8 6 0 11 12 13 9 3 15
9 1 1 4 14 10 5 2 7 8 6 9 11 12 13 0 3 15
3 1 1 4 14 10 5 2 7 8 6 9 11 12 13 3 0 15
15 1 1 4 14 10 5 2 7 8 6 9 11 12 13 3 15 0
10 2 1 4 14 0 5 2 7 8 6 9 11 12 13 3 15 10
14 1 1 4 0 14 5 2 7 8 6 9 11 12 13 3 15 10
4 1 1 0 4 14 5 2 7 8 6 9 11 12 13 3 15 10
2 1 1 2 4 14 5 0 7 8 6 9 11 12 13 3 15 10
5 1 1 2 4 14 0 5 7 8 6 9 11 12 13 3 15 10
6 1 1 2 4 14 6 5 7 8 0 9 11 12 13 3 15 10
9 1 1 2 4 14 6 5 7 8 9 0 11 12 13 3 15 10
5 1 1 2 4 14 6 0 7 8 9 5 11 12 13 3 15 10
7 1 1 2 4 14 6 7 0 8 9 5 11 12 13 3 15 10
4 1 1 2 0 14 6 7 4 8 9 5 11 12 13 3 15 10
14 1 1 2 14 0 6 7 4 8 9 5 11 12 13 3 15 10
4 3 1 2 14 4 6 7 0 8 9 5 11 12 13 3 15 10
7 1 1 2 14 4 6 0 7 8 9 5 11 12 13 3 15 10
6 1 1 2 14 4 0 6 7 8 9 5 11 12 13 3 15 10
9 1 1 2 14 4 9 6 7 8 0 5 11 12 13 3 15 10
5 1 1 2 14 4 9 6 7 8 5 0 11 12 13 3 15 10
6 1 1 2 14 4 9 0 7 8 5 6 11 12 13 3 15 10
9 1 1 2 14 4 0 9 7 8 5 6 11 12 13 3 15 10
5 1 1 2 14 4 5 9 7 8 0 6 11 12 13 3 15 10
13 1 1 2 14 4 5 9 7 8 13 6 11 12 0 3 15 10
6 3 1 2 14 4 5 9 7 8 13 0 11 12 6 3 15 10
13 1 1 2 14 4 5 9 7 8 0 13 11 12 6 3 15 10
6 1 1 2 14 4 5 9 7 8 6 13 11 12 0 3 15 10
3 1 1 2 14 4 5 9 7 8 6 13 11 12 3 0 15 10
13 1 1 2 14 4 5 9 7 8 6 0 11 12 3 13 15 10
6 1 1 2 14 4 5 9 7 8 0 6 11 12 3 13 15 10
3 1 1 2 14 4 5 9 7 8 3 6 11 12 0 13 15 10
13 1 1 2 14 4 5 9 7 8 3 6 11 12 13 0 15 10
6 1 1 2 14 4 5 9 7 8 3 0 11 12 13 6 15 10
3 1 1 2 14 4 5 9 7 8 0 3 11 12 13 6 15 10
13 1 1 2 14 4 5 9 7 8 13 3 11 12 0 6 15 10
10 2 1 2 14 4 5 9 7 8 13 3 11 12 10 6 15 0
1 3 0 2 14 4 5 9 7 8 13 3 11 12 10 6 15 1
9 3 9 2 14 4 5 0 7 8 13 3 11 12 10 6 15 1
3 1 9 2 14 4 5 3 7 8 13 0 11 12 10 6 15 1
13 1 9 2 14 4 5 3 7 8 0 13 11 12 10 6 15 1
10 1 9 2 14 4 5 3 7 8 10 13 11 12 0 6 15 1
13 3 9 2 14 4 5 3 7 8 10 0 11 12 13 6 15 1
10 1 9 2 14 4 5 3 7 8 0 10 11 12 13 6 15 1
13 1 9 2 14 4 5 3 7 8 13 10 11 12 0 6 15 1
1 2 9 2 14 4 5 3 7 8 13 10 11 12 1 6 15 0
9 3 0 2 14 4 5 3 7 8 13 10 11 12 1 6 15 9
1 2 1 2 14 4 5 3 7 8 13 10 11 12 0 6 15 9
13 1 1 2 14 4 5 3 7 8 0 10 11 12 13 6 15 9
10 1 1 2 14 4 5 3 7 8 10 0 11 12 13 6 15 9
6 1 1 2 14 4 5 3 7 8 10 6 11 12 13 0 15 9
13 1 1 2 14 4 5 3 7 8 10 6 11 12 0 13 15 9
6 3 1 2 14 4 5 3 7 8 10 0 11 12 6 13 15 9
10 1 1 2 14 4 5 3 7 8 0 10 11 12 6 13 15 9
6 1 1 2 14 4 5 3 7 8 6 10 11 12 0 13 15 9
13 1 1 2 14 4 5 3 7 8 6 10 11 12 13 0 15 9
10 1 1 2 14 4 5 3 7 8 6 0 11 12 13 10 15 9
6 1 1 2 14 4 5 3 7 8 0 6 11 12 13 10 15 9
5 1 1 2 14 4 0 3 7 8 5 6 11 12 13 10 15 9
3 1 1 2 14 4 3 0 7 8 5 6 11 12 13 10 15 9
6 1 1 2 14 4 3 6 7 8 5 0 11 12 13 10 15 9
5 1 1 2 14 4 3 6 7 8 0 5 11 12 13 10 15 9
3 1 1 2 14 4 0 6 7 8 3 5 11 12 13 10 15 9
6 1 1 2 14 4 6 0 7 8 3 5 11 12 13 10 15 9
5 1 1 2 14 4 6 5 7 8 3 0 11 12 13 10 15 9
10 1 1 2 14 4 6 5 7 8 3 10 11 12 13 0 15 9
13 1 1 2 14 4 6 5 7 8 3 10 11 12 0 13 15 9
3 1 1 2 14 4 6 5 7 8 0 10 11 12 3 13 15 9
6 1 1 2 14 4 0 5 7 8 6 10 11 12 3 13 15 9
5 1 1 2 14 4 5 0 7 8 6 10 11 12 3 13 15 9
10 1 1 2 14 4 5 10 7 8 6 0 11 12 3 13 15 9
6 1 1 2 14 4 5 10 7 8 0 6 11 12 3 13 15 9
3 1 1 2 14 4 5 10 7 8 3 6 11 12 0 13 15 9
6 3 1 2 14 4 5 10 7 8 3 0 11 12 6 13 15 9
10 1 1 2 14 4 5 0 7 8 3 10 11 12 6 13 15 9
5 1 1 2 14 4 0 5 7 8 3 10 11 12 6 13 15 9
3 1 1 2 14 4 3 5 7 8 0 10 11 12 6 13 15 9
6 1 1 2 14 4 3 5 7 8 6 10 11 12 0 13 15 9
13 1 1 2 14 4 3 5 7 8 6 10 11 12 13 0 15 9
10 1 1 2 14 4 3 5 7 8 6 0 11 12 13 10 15 9
6 1 1 2 14 4 3 5 7 8 0 6 11 12 13 10 15 9
3 1 1 2 14 4 0 5 7 8 3 6 11 12 13 10 15 9
5 1 1 2 14 4 5 0 7 8 3 6 11 12 13 10 15 9
6 1 1 2 14 4 5 6 7 8 3 0 11 12 13 10 15 9
3 1 1 2 14 4 5 6 7 8 0 3 11 12 13 10 15 9
13 1 1 2 14 4 5 6 7 8 13 3 11 12 0 10 15 9
3 3 1 2 14 4 5 6 7 8 13 0 11 12 3 10 15 9
10 1 1 2 14 4 5 6 7 8 13 10 11 12 3 0 15 9
3 1 1 2 14 4 5 6 7 8 13 10 11 12 0 3 15 9
9 2 1 2 14 4 5 6 7 8 13 10 11 12 9 3 15 0
15 1 1 2 14 4 5 6 7 8 13 10 11 12 9 3 0 15
3 1 1 2 14 4 5 6 7 8 13 10 11 12 9 0 3 15
9 1 1 2 14 4 5 6 7 8 13 10 11 12 0 9 3 15
13 1 1 2 14 4 5 6 7 8 0 10 11 12 13 9 3 15
10 1 1 2 14 4 5 6 7 8 10 0 11 12 13 9 3 15
9 1 1 2 14 4 5 6 7 8 10 9 11 12 13 0 3 15
3 1 1 2 14 4 5 6 7 8 10 9 11 12 13 3 0 15
15 1 1 2 14 4 5 6 7 8 10 9 11 12 13 3 15 0
13 2 1 2 14 4 5 6 7 8 10 9 11 12 0 3 15 13
9 3 1 2 14 4 5 6 7 8 10 0 11 12 9 3 15 13
10 1 1 2 14 4 5 6 7 8 0 10 11 12 9 3 15 13
9 1 1 2 14 4 5 6 7 8 9 10 11 12 0 3 15 13
13 2 1 2 14 4 5 6 7 8 9 10 11 12 13 3 15 0
4 2 1 2 14 0 5 6 7 8 9 10 11 12 13 3 15 4
8 1 1 2 14 8 5 6 7 0 9 10 11 12 13 3 15 4
7 1 1 2 14 8 5 6 0 7 9 10 11 12 13 3 15 4
14 1 1 2 0 8 5 6 14 7 9 10 11 12 13 3 15 4
8 1 1 2 8 0 5 6 14 7 9 10 11 12 13 3 15 4
4 2 1 2 8 4 5 6 14 7 9 10 11 12 13 3 15 0
11 3 1 2 8 4 5 6 14 7 9 10 0 12 13 3 15 11
14 1 1 2 8 4 5 6 0 7 9 10 14 12 13 3 15 11
7 1 1 2 8 4 5 6 7 0 9 10 14 12 13 3 15 11
12 1 1 2 8 4 5 6 7 12 9 10 14 0 13 3 15 11
11 1 1 2 8 4 5 6 7 12 9 10 14 11 13 3 15 0
14 3 1 2 8 4 5 6 7 12 9 10 0 11 13 3 15 14
11 1 1 2 8 4 5 6 7 12 9 10 11 0 13 3 15 14
12 1 1 2 8 4 5 6 7 0 9 10 11 12 13 3 15 14
4 1 1 2 8 0 5 6 7 4 9 10 11 12 13 3 15 14
8 1 1 2 0 8 5 6 7 4 9 10 11 12 13 3 15 14
7 1 1 2 7 8 5 6 0 4 9 10 11 12 13 3 15 14
4 1 1 2 7 8 5 6 4 0 9 10 11 12 13 3 15 14
8 1 1 2 7 0 5 6 4 8 9 10 11 12 13 3 15 14
4 3 1 2 7 4 5 6 0 8 9 10 11 12 13 3 15 14
7 1 1 2 0 4 5 6 7 8 9 10 11 12 13 3 15 14
4 1 1 2 4 0 5 6 7 8 9 10 11 12 13 3 15 14
14 2 1 2 4 14 5 6 7 8 9 10 11 12 13 3 15 0
11 3 1 2 4 14 5 6 7 8 9 10 0 12 13 3 15 11
7 1 1 2 4 14 5 6 0 8 9 10 7 12 13 3 15 11
4 1 1 2 0 14 5 6 4 8 9 10 7 12 13 3 15 11
14 1 1 2 14 0 5 6 4 8 9 10 7 12 13 3 15 11
11 2 1 2 14 11 5 6 4 8 9 10 7 12 13 3 15 0
7 3 1 2 14 11 5 6 4 8 9 10 0 12 13 3 15 7
4 1 1 2 14 11 5 6 0 8 9 10 4 12 13 3 15 7
14 1 1 2 0 11 5 6 14 8 9 10 4 12 13 3 15 7
11 1 1 2 11 0 5 6 14 8 9 10 4 12 13 3 15 7
7 2 1 2 11 7 5 6 14 8 9 10 4 12 13 3 15 0
4 3 1 2 11 7 5 6 14 8 9 10 0 12 13 3 15 4
14 1 1 2 11 7 5 6 0 8 9 10 14 12 13 3 15 4
11 1 1 2 0 7 5 6 11 8 9 10 14 12 13 3 15 4
7 1 1 2 7 0 5 6 11 8 9 10 14 12 13 3 15 4
4 2 1 2 7 4 5 6 11 8 9 10 14 12 13 3 15 0
15 1 1 2 7 4 5 6 11 8 9 10 14 12 13 3 0 15
14 1 1 2 7 4 5 6 11 8 9 10 0 12 13 3 14 15
11 1 1 2 7 4 5 6 0 8 9 10 11 12 13 3 14 15
7 1 1 2 0 4 5 6 7 8 9 10 11 12 13 3 14 15
4 1 1 2 4 0 5 6 7 8 9 10 11 12 13 3 14 15
13 3 1 2 4 13 5 6 7 8 9 10 11 12 0 3 14 15
15 2 1 2 4 13 5 6 7 8 9 10 11 12 15 3 14 0
14 1 1 2 4 13 5 6 7 8 9 10 11 12 15 3 0 14
3 1 1 2 4 13 5 6 7 8 9 10 11 12 15 0 3 14
15 1 1 2 4 13 5 6 7 8 9 10 11 12 0 15 3 14
14 2 1 2 4 13 5 6 7 8 9 10 11 12 14 15 3 0
3 1 1 2 4 13 5 6 7 8 9 10 11 12 14 15 0 3
15 1 1 2 4 13 5 6 7 8 9 10 11 12 14 0 15 3
14 1 1 2 4 13 5 6 7 8 9 10 11 12 0 14 15 3
13 3 1 2 4 0 5 6 7 8 9 10 11 12 13 14 15 3
4 1 1 2 0 4 5 6 7 8 9 10 11 12 13 14 15 3
2 1 1 0 2 4 5 6 7 8 9 10 11 12 13 14 15 3
1 1 0 1 2 4 5 6 7 8 9 10 11 12 13 14 15 3
4 2 4 1 2 0 5 6 7 8 9 10 11 12 13 14 15 3
3 2 4 1 2 3 5 6 7 8 9 10 11 12 13 14 15 0
4 3 0 1 2 3 5 6 7 8 9 10 11 12 13 14 15 4
1 1 1 0 2 3 5 6 7 8 9 10 11 12 13 14 15 4
2 1 1 2 0 3 5 6 7 8 9 10 11 12 13 14 15 4
3 1 1 2 3 0 5 6 7 8 9 10 11 12 13 14 15 4
4 2 1 2 3 4 5 6 7 8 9 10 11 12 13 14 15 0
299 2.57