0 0 14 1 0 11 3 2 12 6 7 5 15 13 8 9 10 4
11 1 14 1 11 0 3 2 12 6 7 5 15 13 8 9 10 4
4 2 14 1 11 4 3 2 12 6 7 5 15 13 8 9 10 0
15 3 14 1 11 4 3 2 12 6 7 5 0 13 8 9 10 15
13 1 14 1 11 4 3 2 12 6 7 5 13 0 8 9 10 15
15 1 14 1 11 4 3 2 12 6 7 5 13 15 8 9 10 0
13 3 14 1 11 4 3 2 12 6 7 5 0 15 8 9 10 13
5 1 14 1 11 4 3 2 12 6 7 0 5 15 8 9 10 13
7 1 14 1 11 4 3 2 12 6 0 7 5 15 8 9 10 13
3 1 14 1 11 4 0 2 12 6 3 7 5 15 8 9 10 13
2 1 14 1 11 4 2 0 12 6 3 7 5 15 8 9 10 13
12 1 14 1 11 4 2 12 0 6 3 7 5 15 8 9 10 13
6 1 14 1 11 4 2 12 6 0 3 7 5 15 8 9 10 13
4 1 14 1 11 0 2 12 6 4 3 7 5 15 8 9 10 13
13 2 14 1 11 13 2 12 6 4 3 7 5 15 8 9 10 0
5 3 14 1 11 13 2 12 6 4 3 7 0 15 8 9 10 5
10 1 14 1 11 13 2 12 6 4 3 7 10 15 8 9 0 5
5 1 14 1 11 13 2 12 6 4 3 7 10 15 8 9 5 0
14 3 0 1 11 13 2 12 6 4 3 7 10 15 8 9 5 14
1 1 1 0 11 13 2 12 6 4 3 7 10 15 8 9 5 14
11 1 1 11 0 13 2 12 6 4 3 7 10 15 8 9 5 14
6 1 1 11 6 13 2 12 0 4 3 7 10 15 8 9 5 14
10 1 1 11 6 13 2 12 10 4 3 7 0 15 8 9 5 14
5 1 1 11 6 13 2 12 10 4 3 7 5 15 8 9 0 14
14 1 1 11 6 13 2 12 10 4 3 7 5 15 8 9 14 0
5 3 1 11 6 13 2 12 10 4 3 7 0 15 8 9 14 5
14 1 1 11 6 13 2 12 10 4 3 7 14 15 8 9 0 5
5 1 1 11 6 13 2 12 10 4 3 7 14 15 8 9 5 0
8 2 1 11 6 13 2 12 10 4 3 7 14 15 0 9 5 8
9 1 1 11 6 13 2 12 10 4 3 7 14 15 9 0 5 8
5 1 1 11 6 13 2 12 10 4 3 7 14 15 9 5 0 8
8 1 1 11 6 13 2 12 10 4 3 7 14 15 9 5 8 0
14 3 1 11 6 13 2 12 10 4 3 7 0 15 9 5 8 14
8 1 1 11 6 13 2 12 10 4 3 7 8 15 9 5 0 14
14 1 1 11 6 13 2 12 10 4 3 7 8 15 9 5 14 0
9 2 1 11 6 13 2 12 10 4 3 7 8 15 0 5 14 9
5 1 1 11 6 13 2 12 10 4 3 7 8 15 5 0 14 9
14 1 1 11 6 13 2 12 10 4 3 7 8 15 5 14 0 9
9 1 1 11 6 13 2 12 10 4 3 7 8 15 5 14 9 0
8 3 1 11 6 13 2 12 10 4 3 7 0 15 5 14 9 8
9 1 1 11 6 13 2 12 10 4 3 7 9 15 5 14 0 8
8 1 1 11 6 13 2 12 10 4 3 7 9 15 5 14 8 0
5 2 1 11 6 13 2 12 10 4 3 7 9 15 0 14 8 5
14 1 1 11 6 13 2 12 10 4 3 7 9 15 14 0 8 5
8 1 1 11 6 13 2 12 10 4 3 7 9 15 14 8 0 5
9 1 1 11 6 13 2 12 10 4 3 7 0 15 14 8 9 5
10 1 1 11 6 13 2 12 0 4 3 7 10 15 14 8 9 5
12 1 1 11 6 13 2 0 12 4 3 7 10 15 14 8 9 5
11 1 1 0 6 13 2 11 12 4 3 7 10 15 14 8 9 5
6 1 1 6 0 13 2 11 12 4 3 7 10 15 14 8 9 5
12 1 1 6 12 13 2 11 0 4 3 7 10 15 14 8 9 5
10 1 1 6 12 13 2 11 10 4 3 7 0 15 14 8 9 5
9 1 1 6 12 13 2 11 10 4 3 7 9 15 14 8 0 5
5 1 1 6 12 13 2 11 10 4 3 7 9 15 14 8 5 0
14 2 1 6 12 13 2 11 10 4 3 7 9 15 0 8 5 14
7 3 1 6 12 13 2 11 10 4 3 0 9 15 7 8 5 14
9 1 1 6 12 13 2 11 10 4 3 9 0 15 7 8 5 14
5 1 1 6 12 13 2 11 10 4 3 9 5 15 7 8 0 14
14 1 1 6 12 13 2 11 10 4 3 9 5 15 7 8 14 0
5 3 1 6 12 13 2 11 10 4 3 9 0 15 7 8 14 5
9 1 1 6 12 13 2 11 10 4 3 0 9 15 7 8 14 5
11 1 1 6 12 13 2 0 10 4 3 11 9 15 7 8 14 5
6 1 1 0 12 13 2 6 10 4 3 11 9 15 7 8 14 5
12 1 1 12 0 13 2 6 10 4 3 11 9 15 7 8 14 5
13 1 1 12 13 0 2 6 10 4 3 11 9 15 7 8 14 5
5 2 1 12 13 5 2 6 10 4 3 11 9 15 7 8 14 0
9 3 1 12 13 5 2 6 10 4 3 11 0 15 7 8 14 9
11 1 1 12 13 5 2 6 10 4 3 0 11 15 7 8 14 9
3 1 1 12 13 5 2 6 10 4 0 3 11 15 7 8 14 9
7 1 1 12 13 5 2 6 10 4 7 3 11 15 0 8 14 9
9 2 1 12 13 5 2 6 10 4 7 3 11 15 9 8 14 0
5 2 1 12 13 0 2 6 10 4 7 3 11 15 9 8 14 5
13 1 1 12 0 13 2 6 10 4 7 3 11 15 9 8 14 5
12 1 1 0 12 13 2 6 10 4 7 3 11 15 9 8 14 5
1 1 0 1 12 13 2 6 10 4 7 3 11 15 9 8 14 5
5 3 5 1 12 13 2 6 10 4 7 3 11 15 9 8 14 0
9 2 5 1 12 13 2 6 10 4 7 3 11 15 0 8 14 9
3 3 5 1 12 13 2 6 10 4 7 0 11 15 3 8 14 9
7 1 5 1 12 13 2 6 10 4 0 7 11 15 3 8 14 9
3 1 5 1 12 13 2 6 10 4 3 7 11 15 0 8 14 9
9 2 5 1 12 13 2 6 10 4 3 7 11 15 9 8 14 0
5 3 0 1 12 13 2 6 10 4 3 7 11 15 9 8 14 5
1 1 1 0 12 13 2 6 10 4 3 7 11 15 9 8 14 5
12 1 1 12 0 13 2 6 10 4 3 7 11 15 9 8 14 5
13 1 1 12 13 0 2 6 10 4 3 7 11 15 9 8 14 5
5 2 1 12 13 5 2 6 10 4 3 7 11 15 9 8 14 0
1 3 0 12 13 5 2 6 10 4 3 7 11 15 9 8 14 1
9 2 9 12 13 5 2 6 10 4 3 7 11 15 0 8 14 1
1 2 9 12 13 5 2 6 10 4 3 7 11 15 1 8 14 0
5 2 9 12 13 0 2 6 10 4 3 7 11 15 1 8 14 5
13 1 9 12 0 13 2 6 10 4 3 7 11 15 1 8 14 5
12 1 9 0 12 13 2 6 10 4 3 7 11 15 1 8 14 5
9 1 0 9 12 13 2 6 10 4 3 7 11 15 1 8 14 5
1 2 1 9 12 13 2 6 10 4 3 7 11 15 0 8 14 5
13 3 1 9 12 0 2 6 10 4 3 7 11 15 13 8 14 5
12 1 1 9 0 12 2 6 10 4 3 7 11 15 13 8 14 5
9 1 1 0 9 12 2 6 10 4 3 7 11 15 13 8 14 5
1 1 0 1 9 12 2 6 10 4 3 7 11 15 13 8 14 5
5 3 5 1 9 12 2 6 10 4 3 7 11 15 13 8 14 0
12 2 5 1 9 0 2 6 10 4 3 7 11 15 13 8 14 12
13 3 5 1 9 13 2 6 10 4 3 7 11 15 0 8 14 12
12 2 5 1 9 13 2 6 10 4 3 7 11 15 12 8 14 0
5 3 0 1 9 13 2 6 10 4 3 7 11 15 12 8 14 5
13 2 13 1 9 0 2 6 10 4 3 7 11 15 12 8 14 5
5 2 13 1 9 5 2 6 10 4 3 7 11 15 12 8 14 0
13 3 0 1 9 5 2 6 10 4 3 7 11 15 12 8 14 13
1 1 1 0 9 5 2 6 10 4 3 7 11 15 12 8 14 13
9 1 1 9 0 5 2 6 10 4 3 7 11 15 12 8 14 13
5 1 1 9 5 0 2 6 10 4 3 7 11 15 12 8 14 13
13 2 1 9 5 13 2 6 10 4 3 7 11 15 12 8 14 0
14 1 1 9 5 13 2 6 10 4 3 7 11 15 12 8 0 14
8 1 1 9 5 13 2 6 10 4 3 7 11 15 12 0 8 14
12 1 1 9 5 13 2 6 10 4 3 7 11 15 0 12 8 14
14 2 1 9 5 13 2 6 10 4 3 7 11 15 14 12 8 0
8 1 1 9 5 13 2 6 10 4 3 7 11 15 14 12 0 8
12 1 1 9 5 13 2 6 10 4 3 7 11 15 14 0 12 8
14 1 1 9 5 13 2 6 10 4 3 7 11 15 0 14 12 8
8 2 1 9 5 13 2 6 10 4 3 7 11 15 8 14 12 0
1 3 0 9 5 13 2 6 10 4 3 7 11 15 8 14 12 1
9 1 9 0 5 13 2 6 10 4 3 7 11 15 8 14 12 1
5 1 9 5 0 13 2 6 10 4 3 7 11 15 8 14 12 1
13 1 9 5 13 0 2 6 10 4 3 7 11 15 8 14 12 1
1 2 9 5 13 1 2 6 10 4 3 7 11 15 8 14 12 0
9 3 0 5 13 1 2 6 10 4 3 7 11 15 8 14 12 9
1 2 1 5 13 0 2 6 10 4 3 7 11 15 8 14 12 9
9 2 1 5 13 9 2 6 10 4 3 7 11 15 8 14 12 0
8 2 1 5 13 9 2 6 10 4 3 7 11 15 0 14 12 8
9 3 1 5 13 0 2 6 10 4 3 7 11 15 9 14 12 8
8 2 1 5 13 8 2 6 10 4 3 7 11 15 9 14 12 0
15 1 1 5 13 8 2 6 10 4 3 7 11 0 9 14 12 15
4 1 1 5 13 8 2 6 10 0 3 7 11 4 9 14 12 15
8 1 1 5 13 0 2 6 10 8 3 7 11 4 9 14 12 15
13 1 1 5 0 13 2 6 10 8 3 7 11 4 9 14 12 15
10 1 1 5 10 13 2 6 0 8 3 7 11 4 9 14 12 15
8 1 1 5 10 13 2 6 8 0 3 7 11 4 9 14 12 15
4 1 1 5 10 13 2 6 8 4 3 7 11 0 9 14 12 15
15 1 1 5 10 13 2 6 8 4 3 7 11 15 9 14 12 0
13 2 1 5 10 0 2 6 8 4 3 7 11 15 9 14 12 13
8 3 1 5 10 8 2 6 0 4 3 7 11 15 9 14 12 13
10 1 1 5 0 8 2 6 10 4 3 7 11 15 9 14 12 13
8 1 1 5 8 0 2 6 10 4 3 7 11 15 9 14 12 13
13 2 1 5 8 13 2 6 10 4 3 7 11 15 9 14 12 0
9 2 1 5 8 13 2 6 10 4 3 7 11 15 0 14 12 9
13 3 1 5 8 0 2 6 10 4 3 7 11 15 13 14 12 9
4 1 1 5 8 4 2 6 10 0 3 7 11 15 13 14 12 9
15 1 1 5 8 4 2 6 10 15 3 7 11 0 13 14 12 9
9 1 1 5 8 4 2 6 10 15 3 7 11 9 13 14 12 0
4 2 1 5 8 0 2 6 10 15 3 7 11 9 13 14 12 4
13 3 1 5 8 13 2 6 10 15 3 7 11 9 0 14 12 4
4 2 1 5 8 13 2 6 10 15 3 7 11 9 4 14 12 0
9 1 1 5 8 13 2 6 10 15 3 7 11 0 4 14 12 9
15 1 1 5 8 13 2 6 10 0 3 7 11 15 4 14 12 9
13 1 1 5 8 0 2 6 10 13 3 7 11 15 4 14 12 9
8 1 1 5 0 8 2 6 10 13 3 7 11 15 4 14 12 9
10 1 1 5 10 8 2 6 0 13 3 7 11 15 4 14 12 9
13 1 1 5 10 8 2 6 13 0 3 7 11 15 4 14 12 9
8 1 1 5 10 0 2 6 13 8 3 7 11 15 4 14 12 9
13 3 1 5 10 13 2 6 0 8 3 7 11 15 4 14 12 9
10 1 1 5 0 13 2 6 10 8 3 7 11 15 4 14 12 9
13 1 1 5 13 0 2 6 10 8 3 7 11 15 4 14 12 9
9 2 1 5 13 9 2 6 10 8 3 7 11 15 4 14 12 0
15 1 1 5 13 9 2 6 10 8 3 7 11 0 4 14 12 15
8 1 1 5 13 9 2 6 10 0 3 7 11 8 4 14 12 15
9 1 1 5 13 0 2 6 10 9 3 7 11 8 4 14 12 15
13 1 1 5 0 13 2 6 10 9 3 7 11 8 4 14 12 15
10 1 1 5 10 13 2 6 0 9 3 7 11 8 4 14 12 15
9 1 1 5 10 13 2 6 9 0 3 7 11 8 4 14 12 15
8 1 1 5 10 13 2 6 9 8 3 7 11 0 4 14 12 15
15 1 1 5 10 13 2 6 9 8 3 7 11 15 4 14 12 0
13 2 1 5 10 0 2 6 9 8 3 7 11 15 4 14 12 13
9 3 1 5 10 9 2 6 0 8 3 7 11 15 4 14 12 13
10 1 1 5 0 9 2 6 10 8 3 7 11 15 4 14 12 13
9 1 1 5 9 0 2 6 10 8 3 7 11 15 4 14 12 13
13 2 1 5 9 13 2 6 10 8 3 7 11 15 4 14 12 0
4 2 1 5 9 13 2 6 10 8 3 7 11 15 0 14 12 4
7 3 1 5 9 13 2 6 10 8 3 0 11 15 7 14 12 4
14 1 1 5 9 13 2 6 10 8 3 14 11 15 7 0 12 4
7 1 1 5 9 13 2 6 10 8 3 14 11 15 0 7 12 4
4 2 1 5 9 13 2 6 10 8 3 14 11 15 4 7 12 0
11 3 1 5 9 13 2 6 10 8 3 14 0 15 4 7 12 11
14 1 1 5 9 13 2 6 10 8 3 0 14 15 4 7 12 11
7 1 1 5 9 13 2 6 10 8 3 7 14 15 4 0 12 11
12 1 1 5 9 13 2 6 10 8 3 7 14 15 4 12 0 11
11 1 1 5 9 13 2 6 10 8 3 7 14 15 4 12 11 0
15 1 1 5 9 13 2 6 10 8 3 7 14 0 4 12 11 15
14 1 1 5 9 13 2 6 10 8 3 7 0 14 4 12 11 15
11 1 1 5 9 13 2 6 10 8 3 7 11 14 4 12 0 15
15 1 1 5 9 13 2 6 10 8 3 7 11 14 4 12 15 0
14 1 1 5 9 13 2 6 10 8 3 7 11 0 4 12 15 14
8 1 1 5 9 13 2 6 10 0 3 7 11 8 4 12 15 14
13 1 1 5 9 0 2 6 10 13 3 7 11 8 4 12 15 14
14 2 1 5 9 14 2 6 10 13 3 7 11 8 4 12 15 0
15 1 1 5 9 14 2 6 10 13 3 7 11 8 4 12 0 15
12 1 1 5 9 14 2 6 10 13 3 7 11 8 4 0 12 15
4 1 1 5 9 14 2 6 10 13 3 7 11 8 0 4 12 15
15 2 1 5 9 14 2 6 10 13 3 7 11 8 15 4 12 0
8 1 1 5 9 14 2 6 10 13 3 7 11 0 15 4 12 8
13 1 1 5 9 14 2 6 10 0 3 7 11 13 15 4 12 8
14 1 1 5 9 0 2 6 10 14 3 7 11 13 15 4 12 8
15 3 1 5 9 15 2 6 10 14 3 7 11 13 0 4 12 8
4 1 1 5 9 15 2 6 10 14 3 7 11 13 4 0 12 8
7 1 1 5 9 15 2 6 10 14 3 0 11 13 4 7 12 8
11 1 1 5 9 15 2 6 10 14 3 11 0 13 4 7 12 8
13 1 1 5 9 15 2 6 10 14 3 11 13 0 4 7 12 8
8 1 1 5 9 15 2 6 10 14 3 11 13 8 4 7 12 0
13 3 1 5 9 15 2 6 10 14 3 11 0 8 4 7 12 13
11 1 1 5 9 15 2 6 10 14 3 0 11 8 4 7 12 13
7 1 1 5 9 15 2 6 10 14 3 7 11 8 4 0 12 13
4 1 1 5 9 15 2 6 10 14 3 7 11 8 0 4 12 13
13 2 1 5 9 15 2 6 10 14 3 7 11 8 13 4 12 0
15 2 1 5 9 0 2 6 10 14 3 7 11 8 13 4 12 15
13 3 1 5 9 13 2 6 10 14 3 7 11 8 0 4 12 15
4 1 1 5 9 13 2 6 10 14 3 7 11 8 4 0 12 15
7 1 1 5 9 13 2 6 10 14 3 0 11 8 4 7 12 15
11 1 1 5 9 13 2 6 10 14 3 11 0 8 4 7 12 15
8 1 1 5 9 13 2 6 10 14 3 11 8 0 4 7 12 15
15 1 1 5 9 13 2 6 10 14 3 11 8 15 4 7 12 0
4 2 1 5 9 13 2 6 10 14 3 11 8 15 0 7 12 4
11 3 1 5 9 13 2 6 10 14 3 0 8 15 11 7 12 4
7 1 1 5 9 13 2 6 10 14 3 7 8 15 11 0 12 4
11 1 1 5 9 13 2 6 10 14 3 7 8 15 0 11 12 4
4 2 1 5 9 13 2 6 10 14 3 7 8 15 4 11 12 0
12 1 1 5 9 13 2 6 10 14 3 7 8 15 4 11 0 12
11 1 1 5 9 13 2 6 10 14 3 7 8 15 4 0 11 12
4 1 1 5 9 13 2 6 10 14 3 7 8 15 0 4 11 12
12 2 1 5 9 13 2 6 10 14 3 7 8 15 12 4 11 0
8 3 1 5 9 13 2 6 10 14 3 7 0 15 12 4 11 8
11 1 1 5 9 13 2 6 10 14 3 7 11 15 12 4 0 8
8 1 1 5 9 13 2 6 10 14 3 7 11 15 12 4 8 0
12 2 1 5 9 13 2 6 10 14 3 7 11 15 0 4 8 12
4 1 1 5 9 13 2 6 10 14 3 7 11 15 4 0 8 12
8 1 1 5 9 13 2 6 10 14 3 7 11 15 4 8 0 12
12 1 1 5 9 13 2 6 10 14 3 7 11 15 4 8 12 0
336 4.62