0 0 7 10 2 6 5 15 11 3 4 13 1 14 8 12 0 9
9 1 7 10 2 6 5 15 11 3 4 13 1 14 8 12 9 0
1 3 7 10 2 6 5 15 11 3 4 13 0 14 8 12 9 1
11 1 7 10 2 6 5 15 0 3 4 13 11 14 8 12 9 1
3 1 7 10 2 6 5 15 3 0 4 13 11 14 8 12 9 1
14 1 7 10 2 6 5 15 3 14 4 13 11 0 8 12 9 1
1 1 7 10 2 6 5 15 3 14 4 13 11 1 8 12 9 0
7 3 0 10 2 6 5 15 3 14 4 13 11 1 8 12 9 7
15 3 15 10 2 6 5 0 3 14 4 13 11 1 8 12 9 7
3 1 15 10 2 6 5 3 0 14 4 13 11 1 8 12 9 7
14 1 15 10 2 6 5 3 14 0 4 13 11 1 8 12 9 7
1 1 15 10 2 6 5 3 14 1 4 13 11 0 8 12 9 7
7 1 15 10 2 6 5 3 14 1 4 13 11 7 8 12 9 0
15 3 0 10 2 6 5 3 14 1 4 13 11 7 8 12 9 15
3 3 3 10 2 6 5 0 14 1 4 13 11 7 8 12 9 15
14 1 3 10 2 6 5 14 0 1 4 13 11 7 8 12 9 15
1 1 3 10 2 6 5 14 1 0 4 13 11 7 8 12 9 15
7 1 3 10 2 6 5 14 1 7 4 13 11 0 8 12 9 15
15 1 3 10 2 6 5 14 1 7 4 13 11 15 8 12 9 0
3 3 0 10 2 6 5 14 1 7 4 13 11 15 8 12 9 3
14 3 14 10 2 6 5 0 1 7 4 13 11 15 8 12 9 3
1 1 14 10 2 6 5 1 0 7 4 13 11 15 8 12 9 3
7 1 14 10 2 6 5 1 7 0 4 13 11 15 8 12 9 3
15 1 14 10 2 6 5 1 7 15 4 13 11 0 8 12 9 3
3 1 14 10 2 6 5 1 7 15 4 13 11 3 8 12 9 0
14 3 0 10 2 6 5 1 7 15 4 13 11 3 8 12 9 14
1 3 1 10 2 6 5 0 7 15 4 13 11 3 8 12 9 14
13 1 1 10 2 6 5 13 7 15 4 0 11 3 8 12 9 14
4 1 1 10 2 6 5 13 7 15 0 4 11 3 8 12 9 14
8 1 1 10 2 6 5 13 7 15 8 4 11 3 0 12 9 14
14 2 1 10 2 6 5 13 7 15 8 4 11 3 14 12 9 0
6 2 1 10 2 0 5 13 7 15 8 4 11 3 14 12 9 6
14 3 1 10 2 14 5 13 7 15 8 4 11 3 0 12 9 6
6 2 1 10 2 14 5 13 7 15 8 4 11 3 6 12 9 0
9 1 1 10 2 14 5 13 7 15 8 4 11 3 6 12 0 9
12 1 1 10 2 14 5 13 7 15 8 4 11 3 6 0 12 9
6 1 1 10 2 14 5 13 7 15 8 4 11 3 0 6 12 9
9 2 1 10 2 14 5 13 7 15 8 4 11 3 9 6 12 0
14 2 1 10 2 0 5 13 7 15 8 4 11 3 9 6 12 14
9 3 1 10 2 9 5 13 7 15 8 4 11 3 0 6 12 14
14 2 1 10 2 9 5 13 7 15 8 4 11 3 14 6 12 0
12 1 1 10 2 9 5 13 7 15 8 4 11 3 14 6 0 12
6 1 1 10 2 9 5 13 7 15 8 4 11 3 14 0 6 12
14 1 1 10 2 9 5 13 7 15 8 4 11 3 0 14 6 12
12 2 1 10 2 9 5 13 7 15 8 4 11 3 12 14 6 0
9 2 1 10 2 0 5 13 7 15 8 4 11 3 12 14 6 9
12 3 1 10 2 12 5 13 7 15 8 4 11 3 0 14 6 9
9 2 1 10 2 12 5 13 7 15 8 4 11 3 9 14 6 0
3 1 1 10 2 12 5 13 7 15 8 4 11 0 9 14 6 3
15 1 1 10 2 12 5 13 7 0 8 4 11 15 9 14 6 3
12 1 1 10 2 0 5 13 7 12 8 4 11 15 9 14 6 3
3 2 1 10 2 3 5 13 7 12 8 4 11 15 9 14 6 0
9 2 1 10 2 3 5 13 7 12 8 4 11 15 0 14 6 9
4 3 1 10 2 3 5 13 7 12 8 0 11 15 4 14 6 9
8 1 1 10 2 3 5 13 7 12 0 8 11 15 4 14 6 9
4 1 1 10 2 3 5 13 7 12 4 8 11 15 0 14 6 9
9 2 1 10 2 3 5 13 7 12 4 8 11 15 9 14 6 0
3 2 1 10 2 0 5 13 7 12 4 8 11 15 9 14 6 3
9 3 1 10 2 9 5 13 7 12 4 8 11 15 0 14 6 3
3 2 1 10 2 9 5 13 7 12 4 8 11 15 3 14 6 0
15 1 1 10 2 9 5 13 7 12 4 8 11 0 3 14 6 15
12 1 1 10 2 9 5 13 7 0 4 8 11 12 3 14 6 15
9 1 1 10 2 0 5 13 7 9 4 8 11 12 3 14 6 15
3 3 1 10 2 3 5 13 7 9 4 8 11 12 0 14 6 15
8 3 1 10 2 3 5 13 7 9 4 0 11 12 8 14 6 15
13 1 1 10 2 3 5 0 7 9 4 13 11 12 8 14 6 15
10 1 1 0 2 3 5 10 7 9 4 13 11 12 8 14 6 15
2 1 1 2 0 3 5 10 7 9 4 13 11 12 8 14 6 15
3 1 1 2 3 0 5 10 7 9 4 13 11 12 8 14 6 15
15 2 1 2 3 15 5 10 7 9 4 13 11 12 8 14 6 0
8 2 1 2 3 15 5 10 7 9 4 13 11 12 0 14 6 8
13 3 1 2 3 15 5 10 7 9 4 0 11 12 13 14 6 8
4 1 1 2 3 15 5 10 7 9 0 4 11 12 13 14 6 8
13 1 1 2 3 15 5 10 7 9 13 4 11 12 0 14 6 8
8 2 1 2 3 15 5 10 7 9 13 4 11 12 8 14 6 0
15 2 1 2 3 0 5 10 7 9 13 4 11 12 8 14 6 15
8 3 1 2 3 8 5 10 7 9 13 4 11 12 0 14 6 15
13 1 1 2 3 8 5 10 7 9 0 4 11 12 13 14 6 15
4 1 1 2 3 8 5 10 7 9 4 0 11 12 13 14 6 15
10 1 1 2 3 8 5 0 7 9 4 10 11 12 13 14 6 15
7 1 1 2 3 8 5 7 0 9 4 10 11 12 13 14 6 15
9 1 1 2 3 8 5 7 9 0 4 10 11 12 13 14 6 15
8 1 1 2 3 0 5 7 9 8 4 10 11 12 13 14 6 15
1 2 0 2 3 1 5 7 9 8 4 10 11 12 13 14 6 15
15 3 15 2 3 1 5 7 9 8 4 10 11 12 13 14 6 0
1 2 15 2 3 0 5 7 9 8 4 10 11 12 13 14 6 1
9 3 15 2 3 9 5 7 0 8 4 10 11 12 13 14 6 1
7 1 15 2 3 9 5 0 7 8 4 10 11 12 13 14 6 1
2 1 15 0 3 9 5 2 7 8 4 10 11 12 13 14 6 1
15 1 0 15 3 9 5 2 7 8 4 10 11 12 13 14 6 1
2 3 2 15 3 9 5 0 7 8 4 10 11 12 13 14 6 1
15 1 2 0 3 9 5 15 7 8 4 10 11 12 13 14 6 1
2 1 0 2 3 9 5 15 7 8 4 10 11 12 13 14 6 1
1 3 1 2 3 9 5 15 7 8 4 10 11 12 13 14 6 0
6 1 1 2 3 9 5 15 7 8 4 10 11 12 13 14 0 6
14 1 1 2 3 9 5 15 7 8 4 10 11 12 13 0 14 6
13 1 1 2 3 9 5 15 7 8 4 10 11 12 0 13 14 6
6 2 1 2 3 9 5 15 7 8 4 10 11 12 6 13 14 0
9 2 1 2 3 0 5 15 7 8 4 10 11 12 6 13 14 9
6 3 1 2 3 6 5 15 7 8 4 10 11 12 0 13 14 9
13 1 1 2 3 6 5 15 7 8 4 10 11 12 13 0 14 9
14 1 1 2 3 6 5 15 7 8 4 10 11 12 13 14 0 9
9 1 1 2 3 6 5 15 7 8 4 10 11 12 13 14 9 0
13 2 1 2 3 6 5 15 7 8 4 10 11 12 0 14 9 13
10 3 1 2 3 6 5 15 7 8 4 0 11 12 10 14 9 13
4 1 1 2 3 6 5 15 7 8 0 4 11 12 10 14 9 13
10 1 1 2 3 6 5 15 7 8 10 4 11 12 0 14 9 13
13 2 1 2 3 6 5 15 7 8 10 4 11 12 13 14 9 0
9 1 1 2 3 6 5 15 7 8 10 4 11 12 13 14 0 9
14 1 1 2 3 6 5 15 7 8 10 4 11 12 13 0 14 9
4 1 1 2 3 6 5 15 7 8 10 0 11 12 13 4 14 9
10 1 1 2 3 6 5 15 7 8 0 10 11 12 13 4 14 9
13 1 1 2 3 6 5 15 7 8 13 10 11 12 0 4 14 9
4 1 1 2 3 6 5 15 7 8 13 10 11 12 4 0 14 9
14 1 1 2 3 6 5 15 7 8 13 10 11 12 4 14 0 9
9 1 1 2 3 6 5 15 7 8 13 10 11 12 4 14 9 0
6 2 1 2 3 0 5 15 7 8 13 10 11 12 4 14 9 6
4 3 1 2 3 4 5 15 7 8 13 10 11 12 0 14 9 6
6 2 1 2 3 4 5 15 7 8 13 10 11 12 6 14 9 0
9 1 1 2 3 4 5 15 7 8 13 10 11 12 6 14 0 9
14 1 1 2 3 4 5 15 7 8 13 10 11 12 6 0 14 9
6 1 1 2 3 4 5 15 7 8 13 10 11 12 0 6 14 9
13 1 1 2 3 4 5 15 7 8 0 10 11 12 13 6 14 9
10 1 1 2 3 4 5 15 7 8 10 0 11 12 13 6 14 9
6 1 1 2 3 4 5 15 7 8 10 6 11 12 13 0 14 9
14 1 1 2 3 4 5 15 7 8 10 6 11 12 13 14 0 9
9 1 1 2 3 4 5 15 7 8 10 6 11 12 13 14 9 0
11 3 1 2 3 4 5 15 7 8 10 6 0 12 13 14 9 11
6 1 1 2 3 4 5 15 7 8 10 0 6 12 13 14 9 11
10 1 1 2 3 4 5 15 7 8 0 10 6 12 13 14 9 11
13 1 1 2 3 4 5 15 7 8 13 10 6 12 0 14 9 11
11 2 1 2 3 4 5 15 7 8 13 10 6 12 11 14 9 0
6 3 1 2 3 4 5 15 7 8 13 10 0 12 11 14 9 6
9 1 1 2 3 4 5 15 7 8 13 10 9 12 11 14 0 6
6 1 1 2 3 4 5 15 7 8 13 10 9 12 11 14 6 0
11 2 1 2 3 4 5 15 7 8 13 10 9 12 0 14 6 11
13 1 1 2 3 4 5 15 7 8 0 10 9 12 13 14 6 11
10 1 1 2 3 4 5 15 7 8 10 0 9 12 13 14 6 11
9 1 1 2 3 4 5 15 7 8 10 9 0 12 13 14 6 11
6 1 1 2 3 4 5 15 7 8 10 9 6 12 13 14 0 11
11 1 1 2 3 4 5 15 7 8 10 9 6 12 13 14 11 0
6 3 1 2 3 4 5 15 7 8 10 9 0 12 13 14 11 6
11 1 1 2 3 4 5 15 7 8 10 9 11 12 13 14 0 6
6 1 1 2 3 4 5 15 7 8 10 9 11 12 13 14 6 0
1 3 0 2 3 4 5 15 7 8 10 9 11 12 13 14 6 1
15 3 15 2 3 4 5 0 7 8 10 9 11 12 13 14 6 1
9 1 15 2 3 4 5 9 7 8 10 0 11 12 13 14 6 1
10 1 15 2 3 4 5 9 7 8 0 10 11 12 13 14 6 1
13 1 15 2 3 4 5 9 7 8 13 10 11 12 0 14 6 1
1 2 15 2 3 4 5 9 7 8 13 10 11 12 1 14 6 0
15 3 0 2 3 4 5 9 7 8 13 10 11 12 1 14 6 15
1 2 1 2 3 4 5 9 7 8 13 10 11 12 0 14 6 15
15 2 1 2 3 4 5 9 7 8 13 10 11 12 15 14 6 0
6 1 1 2 3 4 5 9 7 8 13 10 11 12 15 14 0 6
14 1 1 2 3 4 5 9 7 8 13 10 11 12 15 0 14 6
15 1 1 2 3 4 5 9 7 8 13 10 11 12 0 15 14 6
13 1 1 2 3 4 5 9 7 8 0 10 11 12 13 15 14 6
10 1 1 2 3 4 5 9 7 8 10 0 11 12 13 15 14 6
15 1 1 2 3 4 5 9 7 8 10 15 11 12 13 0 14 6
14 1 1 2 3 4 5 9 7 8 10 15 11 12 13 14 0 6
6 1 1 2 3 4 5 9 7 8 10 15 11 12 13 14 6 0
11 3 1 2 3 4 5 9 7 8 10 15 0 12 13 14 6 11
15 1 1 2 3 4 5 9 7 8 10 0 15 12 13 14 6 11
10 1 1 2 3 4 5 9 7 8 0 10 15 12 13 14 6 11
13 1 1 2 3 4 5 9 7 8 13 10 15 12 0 14 6 11
11 2 1 2 3 4 5 9 7 8 13 10 15 12 11 14 6 0
15 3 1 2 3 4 5 9 7 8 13 10 0 12 11 14 6 15
6 1 1 2 3 4 5 9 7 8 13 10 6 12 11 14 0 15
15 1 1 2 3 4 5 9 7 8 13 10 6 12 11 14 15 0
11 2 1 2 3 4 5 9 7 8 13 10 6 12 0 14 15 11
13 1 1 2 3 4 5 9 7 8 0 10 6 12 13 14 15 11
5 1 1 2 3 4 0 9 7 8 5 10 6 12 13 14 15 11
9 1 1 2 3 4 9 0 7 8 5 10 6 12 13 14 15 11
10 1 1 2 3 4 9 10 7 8 5 0 6 12 13 14 15 11
5 1 1 2 3 4 9 10 7 8 0 5 6 12 13 14 15 11
9 1 1 2 3 4 0 10 7 8 9 5 6 12 13 14 15 11
10 1 1 2 3 4 10 0 7 8 9 5 6 12 13 14 15 11
5 1 1 2 3 4 10 5 7 8 9 0 6 12 13 14 15 11
6 1 1 2 3 4 10 5 7 8 9 6 0 12 13 14 15 11
12 1 1 2 3 4 10 5 7 8 9 6 12 0 13 14 15 11
11 1 1 2 3 4 10 5 7 8 9 6 12 11 13 14 15 0
12 3 1 2 3 4 10 5 7 8 9 6 0 11 13 14 15 12
11 1 1 2 3 4 10 5 7 8 9 6 11 0 13 14 15 12
12 1 1 2 3 4 10 5 7 8 9 6 11 12 13 14 15 0
1 3 0 2 3 4 10 5 7 8 9 6 11 12 13 14 15 1
10 1 10 2 3 4 0 5 7 8 9 6 11 12 13 14 15 1
5 1 10 2 3 4 5 0 7 8 9 6 11 12 13 14 15 1
6 1 10 2 3 4 5 6 7 8 9 0 11 12 13 14 15 1
14 1 10 2 3 4 5 6 7 8 9 14 11 12 13 0 15 1
13 1 10 2 3 4 5 6 7 8 9 14 11 12 0 13 15 1
1 2 10 2 3 4 5 6 7 8 9 14 11 12 1 13 15 0
10 3 0 2 3 4 5 6 7 8 9 14 11 12 1 13 15 10
1 2 1 2 3 4 5 6 7 8 9 14 11 12 0 13 15 10
13 1 1 2 3 4 5 6 7 8 9 14 11 12 13 0 15 10
14 1 1 2 3 4 5 6 7 8 9 0 11 12 13 14 15 10
11 1 1 2 3 4 5 6 7 8 9 11 0 12 13 14 15 10
15 1 1 2 3 4 5 6 7 8 9 11 15 12 13 14 0 10
10 1 1 2 3 4 5 6 7 8 9 11 15 12 13 14 10 0
15 3 1 2 3 4 5 6 7 8 9 11 0 12 13 14 10 15
11 1 1 2 3 4 5 6 7 8 9 0 11 12 13 14 10 15
14 1 1 2 3 4 5 6 7 8 9 14 11 12 13 0 10 15
10 1 1 2 3 4 5 6 7 8 9 14 11 12 13 10 0 15
15 1 1 2 3 4 5 6 7 8 9 14 11 12 13 10 15 0
13 2 1 2 3 4 5 6 7 8 9 14 11 12 0 10 15 13
14 3 1 2 3 4 5 6 7 8 9 0 11 12 14 10 15 13
10 1 1 2 3 4 5 6 7 8 9 10 11 12 14 0 15 13
14 1 1 2 3 4 5 6 7 8 9 10 11 12 0 14 15 13
13 2 1 2 3 4 5 6 7 8 9 10 11 12 13 14 15 0
320 2.55