0 0 4 11 2 9 0 6 1 12 10 8 14 5 13 3 7 15
10 1 4 11 2 9 10 6 1 12 0 8 14 5 13 3 7 15
8 1 4 11 2 9 10 6 1 12 8 0 14 5 13 3 7 15
14 1 4 11 2 9 10 6 1 12 8 14 0 5 13 3 7 15
5 1 4 11 2 9 10 6 1 12 8 14 5 0 13 3 7 15
12 1 4 11 2 9 10 6 1 0 8 14 5 12 13 3 7 15
1 1 4 11 2 9 10 6 0 1 8 14 5 12 13 3 7 15
5 1 4 11 2 9 10 6 5 1 8 14 0 12 13 3 7 15
14 1 4 11 2 9 10 6 5 1 8 0 14 12 13 3 7 15
3 1 4 11 2 9 10 6 5 1 8 3 14 12 13 0 7 15
7 1 4 11 2 9 10 6 5 1 8 3 14 12 13 7 0 15
15 1 4 11 2 9 10 6 5 1 8 3 14 12 13 7 15 0
4 3 0 11 2 9 10 6 5 1 8 3 14 12 13 7 15 4
9 2 9 11 2 0 10 6 5 1 8 3 14 12 13 7 15 4
4 2 9 11 2 4 10 6 5 1 8 3 14 12 13 7 15 0
9 3 0 11 2 4 10 6 5 1 8 3 14 12 13 7 15 9
11 1 11 0 2 4 10 6 5 1 8 3 14 12 13 7 15 9
2 1 11 2 0 4 10 6 5 1 8 3 14 12 13 7 15 9
5 1 11 2 5 4 10 6 0 1 8 3 14 12 13 7 15 9
14 1 11 2 5 4 10 6 14 1 8 3 0 12 13 7 15 9
3 1 11 2 5 4 10 6 14 1 8 0 3 12 13 7 15 9
7 1 11 2 5 4 10 6 14 1 8 7 3 12 13 0 15 9
15 1 11 2 5 4 10 6 14 1 8 7 3 12 13 15 0 9
9 1 11 2 5 4 10 6 14 1 8 7 3 12 13 15 9 0
3 3 11 2 5 4 10 6 14 1 8 7 0 12 13 15 9 3
7 1 11 2 5 4 10 6 14 1 8 0 7 12 13 15 9 3
15 1 11 2 5 4 10 6 14 1 8 15 7 12 13 0 9 3
9 1 11 2 5 4 10 6 14 1 8 15 7 12 13 9 0 3
3 1 11 2 5 4 10 6 14 1 8 15 7 12 13 9 3 0
7 3 11 2 5 4 10 6 14 1 8 15 0 12 13 9 3 7
15 1 11 2 5 4 10 6 14 1 8 0 15 12 13 9 3 7
9 1 11 2 5 4 10 6 14 1 8 9 15 12 13 0 3 7
3 1 11 2 5 4 10 6 14 1 8 9 15 12 13 3 0 7
15 1 11 2 5 4 10 6 14 1 8 9 0 12 13 3 15 7
12 1 11 2 5 4 10 6 14 1 8 9 12 0 13 3 15 7
7 1 11 2 5 4 10 6 14 1 8 9 12 7 13 3 15 0
12 3 11 2 5 4 10 6 14 1 8 9 0 7 13 3 15 12
7 1 11 2 5 4 10 6 14 1 8 9 7 0 13 3 15 12
12 1 11 2 5 4 10 6 14 1 8 9 7 12 13 3 15 0
11 3 0 2 5 4 10 6 14 1 8 9 7 12 13 3 15 11
10 1 10 2 5 4 0 6 14 1 8 9 7 12 13 3 15 11
8 1 10 2 5 4 8 6 14 1 0 9 7 12 13 3 15 11
9 1 10 2 5 4 8 6 14 1 9 0 7 12 13 3 15 11
3 1 10 2 5 4 8 6 14 1 9 3 7 12 13 0 15 11
13 1 10 2 5 4 8 6 14 1 9 3 7 12 0 13 15 11
11 2 10 2 5 4 8 6 14 1 9 3 7 12 11 13 15 0
7 3 10 2 5 4 8 6 14 1 9 3 0 12 11 13 15 7
3 1 10 2 5 4 8 6 14 1 9 0 3 12 11 13 15 7
13 1 10 2 5 4 8 6 14 1 9 13 3 12 11 0 15 7
11 1 10 2 5 4 8 6 14 1 9 13 3 12 0 11 15 7
7 2 10 2 5 4 8 6 14 1 9 13 3 12 7 11 15 0
3 3 10 2 5 4 8 6 14 1 9 13 0 12 7 11 15 3
13 1 10 2 5 4 8 6 14 1 9 0 13 12 7 11 15 3
11 1 10 2 5 4 8 6 14 1 9 11 13 12 7 0 15 3
7 1 10 2 5 4 8 6 14 1 9 11 13 12 0 7 15 3
3 2 10 2 5 4 8 6 14 1 9 11 13 12 3 7 15 0
13 3 10 2 5 4 8 6 14 1 9 11 0 12 3 7 15 13
11 1 10 2 5 4 8 6 14 1 9 0 11 12 3 7 15 13
7 1 10 2 5 4 8 6 14 1 9 7 11 12 3 0 15 13
3 1 10 2 5 4 8 6 14 1 9 7 11 12 0 3 15 13
13 2 10 2 5 4 8 6 14 1 9 7 11 12 13 3 15 0
10 3 0 2 5 4 8 6 14 1 9 7 11 12 13 3 15 10
4 2 4 2 5 0 8 6 14 1 9 7 11 12 13 3 15 10
5 1 4 2 0 5 8 6 14 1 9 7 11 12 13 3 15 10
14 1 4 2 14 5 8 6 0 1 9 7 11 12 13 3 15 10
1 1 4 2 14 5 8 6 1 0 9 7 11 12 13 3 15 10
5 1 4 2 14 0 8 6 1 5 9 7 11 12 13 3 15 10
4 2 0 2 14 4 8 6 1 5 9 7 11 12 13 3 15 10
10 3 10 2 14 4 8 6 1 5 9 7 11 12 13 3 15 0
13 2 10 2 14 4 8 6 1 5 9 7 11 12 0 3 15 13
7 3 10 2 14 4 8 6 1 5 9 0 11 12 7 3 15 13
3 1 10 2 14 4 8 6 1 5 9 3 11 12 7 0 15 13
7 1 10 2 14 4 8 6 1 5 9 3 11 12 0 7 15 13
13 2 10 2 14 4 8 6 1 5 9 3 11 12 13 7 15 0
10 3 0 2 14 4 8 6 1 5 9 3 11 12 13 7 15 10
4 2 4 2 14 0 8 6 1 5 9 3 11 12 13 7 15 10
1 3 4 2 14 1 8 6 0 5 9 3 11 12 13 7 15 10
14 1 4 2 0 1 8 6 14 5 9 3 11 12 13 7 15 10
1 1 4 2 1 0 8 6 14 5 9 3 11 12 13 7 15 10
4 2 0 2 1 4 8 6 14 5 9 3 11 12 13 7 15 10
10 3 10 2 1 4 8 6 14 5 9 3 11 12 13 7 15 0
13 2 10 2 1 4 8 6 14 5 9 3 11 12 0 7 15 13
3 3 10 2 1 4 8 6 14 5 9 0 11 12 3 7 15 13
7 1 10 2 1 4 8 6 14 5 9 7 11 12 3 0 15 13
3 1 10 2 1 4 8 6 14 5 9 7 11 12 0 3 15 13
13 2 10 2 1 4 8 6 14 5 9 7 11 12 13 3 15 0
10 3 0 2 1 4 8 6 14 5 9 7 11 12 13 3 15 10
4 2 4 2 1 0 8 6 14 5 9 7 11 12 13 3 15 10
14 3 4 2 1 14 8 6 0 5 9 7 11 12 13 3 15 10
5 1 4 2 1 14 8 6 5 0 9 7 11 12 13 3 15 10
14 1 4 2 1 0 8 6 5 14 9 7 11 12 13 3 15 10
4 2 0 2 1 4 8 6 5 14 9 7 11 12 13 3 15 10
10 3 10 2 1 4 8 6 5 14 9 7 11 12 13 3 15 0
13 2 10 2 1 4 8 6 5 14 9 7 11 12 0 3 15 13
3 1 10 2 1 4 8 6 5 14 9 7 11 12 3 0 15 13
15 1 10 2 1 4 8 6 5 14 9 7 11 12 3 15 0 13
13 1 10 2 1 4 8 6 5 14 9 7 11 12 3 15 13 0
10 3 0 2 1 4 8 6 5 14 9 7 11 12 3 15 13 10
3 2 3 2 1 4 8 6 5 14 9 7 11 12 0 15 13 10
10 2 3 2 1 4 8 6 5 14 9 7 11 12 10 15 13 0
13 1 3 2 1 4 8 6 5 14 9 7 11 12 10 15 0 13
15 1 3 2 1 4 8 6 5 14 9 7 11 12 10 0 15 13
10 1 3 2 1 4 8 6 5 14 9 7 11 12 0 10 15 13
7 3 3 2 1 4 8 6 5 14 9 0 11 12 7 10 15 13
10 1 3 2 1 4 8 6 5 14 9 10 11 12 7 0 15 13
7 1 3 2 1 4 8 6 5 14 9 10 11 12 0 7 15 13
13 2 3 2 1 4 8 6 5 14 9 10 11 12 13 7 15 0
3 3 0 2 1 4 8 6 5 14 9 10 11 12 13 7 15 3
4 2 4 2 1 0 8 6 5 14 9 10 11 12 13 7 15 3
5 3 4 2 1 5 8 6 0 14 9 10 11 12 13 7 15 3
14 1 4 2 1 5 8 6 14 0 9 10 11 12 13 7 15 3
5 1 4 2 1 0 8 6 14 5 9 10 11 12 13 7 15 3
14 3 4 2 1 14 8 6 0 5 9 10 11 12 13 7 15 3
1 1 4 2 0 14 8 6 1 5 9 10 11 12 13 7 15 3
14 1 4 2 14 0 8 6 1 5 9 10 11 12 13 7 15 3
5 1 4 2 14 5 8 6 1 0 9 10 11 12 13 7 15 3
1 1 4 2 14 5 8 6 0 1 9 10 11 12 13 7 15 3
14 1 4 2 0 5 8 6 14 1 9 10 11 12 13 7 15 3
5 1 4 2 5 0 8 6 14 1 9 10 11 12 13 7 15 3
4 2 0 2 5 4 8 6 14 1 9 10 11 12 13 7 15 3
3 3 3 2 5 4 8 6 14 1 9 10 11 12 13 7 15 0
11 3 3 2 5 4 8 6 14 1 9 10 0 12 13 7 15 11
14 1 3 2 5 4 8 6 0 1 9 10 14 12 13 7 15 11
1 1 3 2 5 4 8 6 1 0 9 10 14 12 13 7 15 11
4 1 3 2 5 0 8 6 1 4 9 10 14 12 13 7 15 11
11 2 3 2 5 11 8 6 1 4 9 10 14 12 13 7 15 0
14 3 3 2 5 11 8 6 1 4 9 10 0 12 13 7 15 14
1 1 3 2 5 11 8 6 0 4 9 10 1 12 13 7 15 14
4 1 3 2 5 11 8 6 4 0 9 10 1 12 13 7 15 14
11 1 3 2 5 0 8 6 4 11 9 10 1 12 13 7 15 14
14 2 3 2 5 14 8 6 4 11 9 10 1 12 13 7 15 0
1 3 3 2 5 14 8 6 4 11 9 10 0 12 13 7 15 1
4 1 3 2 5 14 8 6 0 11 9 10 4 12 13 7 15 1
11 1 3 2 5 14 8 6 11 0 9 10 4 12 13 7 15 1
14 1 3 2 5 0 8 6 11 14 9 10 4 12 13 7 15 1
1 2 3 2 5 1 8 6 11 14 9 10 4 12 13 7 15 0
3 3 0 2 5 1 8 6 11 14 9 10 4 12 13 7 15 3
1 2 1 2 5 0 8 6 11 14 9 10 4 12 13 7 15 3
3 2 1 2 5 3 8 6 11 14 9 10 4 12 13 7 15 0
4 3 1 2 5 3 8 6 11 14 9 10 0 12 13 7 15 4
11 1 1 2 5 3 8 6 0 14 9 10 11 12 13 7 15 4
14 1 1 2 5 3 8 6 14 0 9 10 11 12 13 7 15 4
3 1 1 2 5 0 8 6 14 3 9 10 11 12 13 7 15 4
14 3 1 2 5 14 8 6 0 3 9 10 11 12 13 7 15 4
5 1 1 2 0 14 8 6 5 3 9 10 11 12 13 7 15 4
14 1 1 2 14 0 8 6 5 3 9 10 11 12 13 7 15 4
5 3 1 2 14 5 8 6 0 3 9 10 11 12 13 7 15 4
3 1 1 2 14 5 8 6 3 0 9 10 11 12 13 7 15 4
5 1 1 2 14 0 8 6 3 5 9 10 11 12 13 7 15 4
3 3 1 2 14 3 8 6 0 5 9 10 11 12 13 7 15 4
14 1 1 2 0 3 8 6 14 5 9 10 11 12 13 7 15 4
3 1 1 2 3 0 8 6 14 5 9 10 11 12 13 7 15 4
4 2 1 2 3 4 8 6 14 5 9 10 11 12 13 7 15 0
13 2 1 2 3 4 8 6 14 5 9 10 11 12 0 7 15 13
10 3 1 2 3 4 8 6 14 5 9 0 11 12 10 7 15 13
7 1 1 2 3 4 8 6 14 5 9 7 11 12 10 0 15 13
10 1 1 2 3 4 8 6 14 5 9 7 11 12 0 10 15 13
13 2 1 2 3 4 8 6 14 5 9 7 11 12 13 10 15 0
4 2 1 2 3 0 8 6 14 5 9 7 11 12 13 10 15 4
14 3 1 2 3 14 8 6 0 5 9 7 11 12 13 10 15 4
5 1 1 2 3 14 8 6 5 0 9 7 11 12 13 10 15 4
14 1 1 2 3 0 8 6 5 14 9 7 11 12 13 10 15 4
4 2 1 2 3 4 8 6 5 14 9 7 11 12 13 10 15 0
11 3 1 2 3 4 8 6 5 14 9 7 0 12 13 10 15 11
7 1 1 2 3 4 8 6 5 14 9 0 7 12 13 10 15 11
10 1 1 2 3 4 8 6 5 14 9 10 7 12 13 0 15 11
15 1 1 2 3 4 8 6 5 14 9 10 7 12 13 15 0 11
11 1 1 2 3 4 8 6 5 14 9 10 7 12 13 15 11 0
7 3 1 2 3 4 8 6 5 14 9 10 0 12 13 15 11 7
11 1 1 2 3 4 8 6 5 14 9 10 11 12 13 15 0 7
15 1 1 2 3 4 8 6 5 14 9 10 11 12 13 0 15 7
13 1 1 2 3 4 8 6 5 14 9 10 11 12 0 13 15 7
4 3 1 2 3 0 8 6 5 14 9 10 11 12 4 13 15 7
7 2 1 2 3 7 8 6 5 14 9 10 11 12 4 13 15 0
4 2 1 2 3 7 8 6 5 14 9 10 11 12 0 13 15 4
13 1 1 2 3 7 8 6 5 14 9 10 11 12 13 0 15 4
10 1 1 2 3 7 8 6 5 14 9 0 11 12 13 10 15 4
11 1 1 2 3 7 8 6 5 14 9 11 0 12 13 10 15 4
5 1 1 2 3 7 8 6 0 14 9 11 5 12 13 10 15 4
14 1 1 2 3 7 8 6 14 0 9 11 5 12 13 10 15 4
7 1 1 2 3 0 8 6 14 7 9 11 5 12 13 10 15 4
4 2 1 2 3 4 8 6 14 7 9 11 5 12 13 10 15 0
5 3 1 2 3 4 8 6 14 7 9 11 0 12 13 10 15 5
11 1 1 2 3 4 8 6 14 7 9 0 11 12 13 10 15 5
10 1 1 2 3 4 8 6 14 7 9 10 11 12 13 0 15 5
13 1 1 2 3 4 8 6 14 7 9 10 11 12 0 13 15 5
5 2 1 2 3 4 8 6 14 7 9 10 11 12 5 13 15 0
11 3 1 2 3 4 8 6 14 7 9 10 0 12 5 13 15 11
14 1 1 2 3 4 8 6 0 7 9 10 14 12 5 13 15 11
7 1 1 2 3 4 8 6 7 0 9 10 14 12 5 13 15 11
12 1 1 2 3 4 8 6 7 12 9 10 14 0 5 13 15 11
11 1 1 2 3 4 8 6 7 12 9 10 14 11 5 13 15 0
14 3 1 2 3 4 8 6 7 12 9 10 0 11 5 13 15 14
11 1 1 2 3 4 8 6 7 12 9 10 11 0 5 13 15 14
12 1 1 2 3 4 8 6 7 0 9 10 11 12 5 13 15 14
4 1 1 2 3 0 8 6 7 4 9 10 11 12 5 13 15 14
14 2 1 2 3 14 8 6 7 4 9 10 11 12 5 13 15 0
5 2 1 2 3 14 8 6 7 4 9 10 11 12 0 13 15 5
13 1 1 2 3 14 8 6 7 4 9 10 11 12 13 0 15 5
15 1 1 2 3 14 8 6 7 4 9 10 11 12 13 15 0 5
5 1 1 2 3 14 8 6 7 4 9 10 11 12 13 15 5 0
14 2 1 2 3 0 8 6 7 4 9 10 11 12 13 15 5 14
4 1 1 2 3 4 8 6 7 0 9 10 11 12 13 15 5 14
12 1 1 2 3 4 8 6 7 12 9 10 11 0 13 15 5 14
14 1 1 2 3 4 8 6 7 12 9 10 11 14 13 15 5 0
13 2 1 2 3 4 8 6 7 12 9 10 11 14 0 15 5 13
15 1 1 2 3 4 8 6 7 12 9 10 11 14 15 0 5 13
5 1 1 2 3 4 8 6 7 12 9 10 11 14 15 5 0 13
13 1 1 2 3 4 8 6 7 12 9 10 11 14 15 5 13 0
14 1 1 2 3 4 8 6 7 12 9 10 11 0 15 5 13 14
12 1 1 2 3 4 8 6 7 0 9 10 11 12 15 5 13 14
4 1 1 2 3 0 8 6 7 4 9 10 11 12 15 5 13 14
14 2 1 2 3 14 8 6 7 4 9 10 11 12 15 5 13 0
15 2 1 2 3 14 8 6 7 4 9 10 11 12 0 5 13 15
14 3 1 2 3 0 8 6 7 4 9 10 11 12 14 5 13 15
4 1 1 2 3 4 8 6 7 0 9 10 11 12 14 5 13 15
12 1 1 2 3 4 8 6 7 12 9 10 11 0 14 5 13 15
15 1 1 2 3 4 8 6 7 12 9 10 11 15 14 5 13 0
14 2 1 2 3 4 8 6 7 12 9 10 11 15 0 5 13 14
5 1 1 2 3 4 8 6 7 12 9 10 11 15 5 0 13 14
13 1 1 2 3 4 8 6 7 12 9 10 11 15 5 13 0 14
14 1 1 2 3 4 8 6 7 12 9 10 11 15 5 13 14 0
5 2 1 2 3 4 8 6 7 12 9 10 11 15 0 13 14 5
13 1 1 2 3 4 8 6 7 12 9 10 11 15 13 0 14 5
14 1 1 2 3 4 8 6 7 12 9 10 11 15 13 14 0 5
5 1 1 2 3 4 8 6 7 12 9 10 11 15 13 14 5 0
15 1 1 2 3 4 8 6 7 12 9 10 11 0 13 14 5 15
12 1 1 2 3 4 8 6 7 0 9 10 11 12 13 14 5 15
4 1 1 2 3 0 8 6 7 4 9 10 11 12 13 14 5 15
15 2 1 2 3 15 8 6 7 4 9 10 11 12 13 14 5 0
11 3 1 2 3 15 8 6 7 4 9 10 0 12 13 14 5 11
5 1 1 2 3 15 8 6 7 4 9 10 5 12 13 14 0 11
11 1 1 2 3 15 8 6 7 4 9 10 5 12 13 14 11 0
15 2 1 2 3 0 8 6 7 4 9 10 5 12 13 14 11 15
4 1 1 2 3 4 8 6 7 0 9 10 5 12 13 14 11 15
7 1 1 2 3 4 8 6 0 7 9 10 5 12 13 14 11 15
5 1 1 2 3 4 8 6 5 7 9 10 0 12 13 14 11 15
11 1 1 2 3 4 8 6 5 7 9 10 11 12 13 14 0 15
15 1 1 2 3 4 8 6 5 7 9 10 11 12 13 14 15 0
1 3 0 2 3 4 8 6 5 7 9 10 11 12 13 14 15 1
8 1 8 2 3 4 0 6 5 7 9 10 11 12 13 14 15 1
6 1 8 2 3 4 6 0 5 7 9 10 11 12 13 14 15 1
5 1 8 2 3 4 6 5 0 7 9 10 11 12 13 14 15 1
7 1 8 2 3 4 6 5 7 0 9 10 11 12 13 14 15 1
12 1 8 2 3 4 6 5 7 12 9 10 11 0 13 14 15 1
1 1 8 2 3 4 6 5 7 12 9 10 11 1 13 14 15 0
8 3 0 2 3 4 6 5 7 12 9 10 11 1 13 14 15 8
6 1 6 2 3 4 0 5 7 12 9 10 11 1 13 14 15 8
5 1 6 2 3 4 5 0 7 12 9 10 11 1 13 14 15 8
7 1 6 2 3 4 5 7 0 12 9 10 11 1 13 14 15 8
12 1 6 2 3 4 5 7 12 0 9 10 11 1 13 14 15 8
1 1 6 2 3 4 5 7 12 1 9 10 11 0 13 14 15 8
8 1 6 2 3 4 5 7 12 1 9 10 11 8 13 14 15 0
6 3 0 2 3 4 5 7 12 1 9 10 11 8 13 14 15 6
7 3 7 2 3 4 5 0 12 1 9 10 11 8 13 14 15 6
12 1 7 2 3 4 5 12 0 1 9 10 11 8 13 14 15 6
1 1 7 2 3 4 5 12 1 0 9 10 11 8 13 14 15 6
8 1 7 2 3 4 5 12 1 8 9 10 11 0 13 14 15 6
6 1 7 2 3 4 5 12 1 8 9 10 11 6 13 14 15 0
7 3 0 2 3 4 5 12 1 8 9 10 11 6 13 14 15 7
12 3 12 2 3 4 5 0 1 8 9 10 11 6 13 14 15 7
1 1 12 2 3 4 5 1 0 8 9 10 11 6 13 14 15 7
8 1 12 2 3 4 5 1 8 0 9 10 11 6 13 14 15 7
6 1 12 2 3 4 5 1 8 6 9 10 11 0 13 14 15 7
7 1 12 2 3 4 5 1 8 6 9 10 11 7 13 14 15 0
12 3 0 2 3 4 5 1 8 6 9 10 11 7 13 14 15 12
1 3 1 2 3 4 5 0 8 6 9 10 11 7 13 14 15 12
8 1 1 2 3 4 5 8 0 6 9 10 11 7 13 14 15 12
6 1 1 2 3 4 5 8 6 0 9 10 11 7 13 14 15 12
7 1 1 2 3 4 5 8 6 7 9 10 11 0 13 14 15 12
12 1 1 2 3 4 5 8 6 7 9 10 11 12 13 14 15 0
1 3 0 2 3 4 5 8 6 7 9 10 11 12 13 14 15 1
8 3 8 2 3 4 5 0 6 7 9 10 11 12 13 14 15 1
6 1 8 2 3 4 5 6 0 7 9 10 11 12 13 14 15 1
7 1 8 2 3 4 5 6 7 0 9 10 11 12 13 14 15 1
12 1 8 2 3 4 5 6 7 12 9 10 11 0 13 14 15 1
1 1 8 2 3 4 5 6 7 12 9 10 11 1 13 14 15 0
4 2 8 2 3 0 5 6 7 12 9 10 11 1 13 14 15 4
8 2 0 2 3 8 5 6 7 12 9 10 11 1 13 14 15 4
4 3 4 2 3 8 5 6 7 12 9 10 11 1 13 14 15 0
1 1 4 2 3 8 5 6 7 12 9 10 11 0 13 14 15 1
12 1 4 2 3 8 5 6 7 0 9 10 11 12 13 14 15 1
8 1 4 2 3 0 5 6 7 8 9 10 11 12 13 14 15 1
4 2 0 2 3 4 5 6 7 8 9 10 11 12 13 14 15 1
1 3 1 2 3 4 5 6 7 8 9 10 11 12 13 14 15 0
409 12.31