0 0 6 4 13 15 14 12 1 9 5 3 7 11 8 2 0 10
10 1 6 4 13 15 14 12 1 9 5 3 7 11 8 2 10 0
7 3 6 4 13 15 14 12 1 9 5 3 0 11 8 2 10 7
11 1 6 4 13 15 14 12 1 9 5 3 11 0 8 2 10 7
7 1 6 4 13 15 14 12 1 9 5 3 11 7 8 2 10 0
6 3 0 4 13 15 14 12 1 9 5 3 11 7 8 2 10 6
12 3 12 4 13 15 14 0 1 9 5 3 11 7 8 2 10 6
1 1 12 4 13 15 14 1 0 9 5 3 11 7 8 2 10 6
9 1 12 4 13 15 14 1 9 0 5 3 11 7 8 2 10 6
7 1 12 4 13 15 14 1 9 7 5 3 11 0 8 2 10 6
6 1 12 4 13 15 14 1 9 7 5 3 11 6 8 2 10 0
12 3 0 4 13 15 14 1 9 7 5 3 11 6 8 2 10 12
1 3 1 4 13 15 14 0 9 7 5 3 11 6 8 2 10 12
9 1 1 4 13 15 14 9 0 7 5 3 11 6 8 2 10 12
7 1 1 4 13 15 14 9 7 0 5 3 11 6 8 2 10 12
6 1 1 4 13 15 14 9 7 6 5 3 11 0 8 2 10 12
12 1 1 4 13 15 14 9 7 6 5 3 11 12 8 2 10 0
15 2 1 4 13 0 14 9 7 6 5 3 11 12 8 2 10 15
8 3 1 4 13 8 14 9 7 6 5 3 11 12 0 2 10 15
15 2 1 4 13 8 14 9 7 6 5 3 11 12 15 2 10 0
8 2 1 4 13 0 14 9 7 6 5 3 11 12 15 2 10 8
13 1 1 4 0 13 14 9 7 6 5 3 11 12 15 2 10 8
4 1 1 0 4 13 14 9 7 6 5 3 11 12 15 2 10 8
9 1 1 9 4 13 14 0 7 6 5 3 11 12 15 2 10 8
14 1 1 9 4 13 0 14 7 6 5 3 11 12 15 2 10 8
5 1 1 9 4 13 5 14 7 6 0 3 11 12 15 2 10 8
3 1 1 9 4 13 5 14 7 6 3 0 11 12 15 2 10 8
2 1 1 9 4 13 5 14 7 6 3 2 11 12 15 0 10 8
10 1 1 9 4 13 5 14 7 6 3 2 11 12 15 10 0 8
8 1 1 9 4 13 5 14 7 6 3 2 11 12 15 10 8 0
13 2 1 9 4 0 5 14 7 6 3 2 11 12 15 10 8 13
4 1 1 9 0 4 5 14 7 6 3 2 11 12 15 10 8 13
9 1 1 0 9 4 5 14 7 6 3 2 11 12 15 10 8 13
14 1 1 14 9 4 5 0 7 6 3 2 11 12 15 10 8 13
2 1 1 14 9 4 5 2 7 6 3 0 11 12 15 10 8 13
10 1 1 14 9 4 5 2 7 6 3 10 11 12 15 0 8 13
8 1 1 14 9 4 5 2 7 6 3 10 11 12 15 8 0 13
13 1 1 14 9 4 5 2 7 6 3 10 11 12 15 8 13 0
15 2 1 14 9 4 5 2 7 6 3 10 11 12 0 8 13 15
8 1 1 14 9 4 5 2 7 6 3 10 11 12 8 0 13 15
13 1 1 14 9 4 5 2 7 6 3 10 11 12 8 13 0 15
15 1 1 14 9 4 5 2 7 6 3 10 11 12 8 13 15 0
8 2 1 14 9 4 5 2 7 6 3 10 11 12 0 13 15 8
3 1 1 14 9 4 5 2 7 6 0 10 11 12 3 13 15 8
10 1 1 14 9 4 5 2 7 6 10 0 11 12 3 13 15 8
13 1 1 14 9 4 5 2 7 6 10 13 11 12 3 0 15 8
3 1 1 14 9 4 5 2 7 6 10 13 11 12 0 3 15 8
13 3 1 14 9 4 5 2 7 6 10 0 11 12 13 3 15 8
10 1 1 14 9 4 5 2 7 6 0 10 11 12 13 3 15 8
13 1 1 14 9 4 5 2 7 6 13 10 11 12 0 3 15 8
8 2 1 14 9 4 5 2 7 6 13 10 11 12 8 3 15 0
1 3 0 14 9 4 5 2 7 6 13 10 11 12 8 3 15 1
2 3 2 14 9 4 5 0 7 6 13 10 11 12 8 3 15 1
14 1 2 0 9 4 5 14 7 6 13 10 11 12 8 3 15 1
2 1 0 2 9 4 5 14 7 6 13 10 11 12 8 3 15 1
1 3 1 2 9 4 5 14 7 6 13 10 11 12 8 3 15 0
8 2 1 2 9 4 5 14 7 6 13 10 11 12 0 3 15 8
3 1 1 2 9 4 5 14 7 6 13 10 11 12 3 0 15 8
15 1 1 2 9 4 5 14 7 6 13 10 11 12 3 15 0 8
8 1 1 2 9 4 5 14 7 6 13 10 11 12 3 15 8 0
3 2 1 2 9 4 5 14 7 6 13 10 11 12 0 15 8 3
15 1 1 2 9 4 5 14 7 6 13 10 11 12 15 0 8 3
8 1 1 2 9 4 5 14 7 6 13 10 11 12 15 8 0 3
3 1 1 2 9 4 5 14 7 6 13 10 11 12 15 8 3 0
15 2 1 2 9 4 5 14 7 6 13 10 11 12 0 8 3 15
13 1 1 2 9 4 5 14 7 6 0 10 11 12 13 8 3 15
10 1 1 2 9 4 5 14 7 6 10 0 11 12 13 8 3 15
8 1 1 2 9 4 5 14 7 6 10 8 11 12 13 0 3 15
3 1 1 2 9 4 5 14 7 6 10 8 11 12 13 3 0 15
15 1 1 2 9 4 5 14 7 6 10 8 11 12 13 3 15 0
1 3 0 2 9 4 5 14 7 6 10 8 11 12 13 3 15 1
14 3 14 2 9 4 5 0 7 6 10 8 11 12 13 3 15 1
8 1 14 2 9 4 5 8 7 6 10 0 11 12 13 3 15 1
10 1 14 2 9 4 5 8 7 6 0 10 11 12 13 3 15 1
13 1 14 2 9 4 5 8 7 6 13 10 11 12 0 3 15 1
1 2 14 2 9 4 5 8 7 6 13 10 11 12 1 3 15 0
14 3 0 2 9 4 5 8 7 6 13 10 11 12 1 3 15 14
1 2 1 2 9 4 5 8 7 6 13 10 11 12 0 3 15 14
10 3 1 2 9 4 5 8 7 6 13 0 11 12 10 3 15 14
3 1 1 2 9 4 5 8 7 6 13 3 11 12 10 0 15 14
10 1 1 2 9 4 5 8 7 6 13 3 11 12 0 10 15 14
13 1 1 2 9 4 5 8 7 6 0 3 11 12 13 10 15 14
3 1 1 2 9 4 5 8 7 6 3 0 11 12 13 10 15 14
8 1 1 2 9 4 5 0 7 6 3 8 11 12 13 10 15 14
5 1 1 2 9 4 0 5 7 6 3 8 11 12 13 10 15 14
3 1 1 2 9 4 3 5 7 6 0 8 11 12 13 10 15 14
8 1 1 2 9 4 3 5 7 6 8 0 11 12 13 10 15 14
10 1 1 2 9 4 3 5 7 6 8 10 11 12 13 0 15 14
13 1 1 2 9 4 3 5 7 6 8 10 11 12 0 13 15 14
8 1 1 2 9 4 3 5 7 6 0 10 11 12 8 13 15 14
3 1 1 2 9 4 0 5 7 6 3 10 11 12 8 13 15 14
5 1 1 2 9 4 5 0 7 6 3 10 11 12 8 13 15 14
10 1 1 2 9 4 5 10 7 6 3 0 11 12 8 13 15 14
3 1 1 2 9 4 5 10 7 6 0 3 11 12 8 13 15 14
8 1 1 2 9 4 5 10 7 6 8 3 11 12 0 13 15 14
3 3 1 2 9 4 5 10 7 6 8 0 11 12 3 13 15 14
10 1 1 2 9 4 5 0 7 6 8 10 11 12 3 13 15 14
5 1 1 2 9 4 0 5 7 6 8 10 11 12 3 13 15 14
8 1 1 2 9 4 8 5 7 6 0 10 11 12 3 13 15 14
3 1 1 2 9 4 8 5 7 6 3 10 11 12 0 13 15 14
13 1 1 2 9 4 8 5 7 6 3 10 11 12 13 0 15 14
10 1 1 2 9 4 8 5 7 6 3 0 11 12 13 10 15 14
3 1 1 2 9 4 8 5 7 6 0 3 11 12 13 10 15 14
8 1 1 2 9 4 0 5 7 6 8 3 11 12 13 10 15 14
5 1 1 2 9 4 5 0 7 6 8 3 11 12 13 10 15 14
3 1 1 2 9 4 5 3 7 6 8 0 11 12 13 10 15 14
10 1 1 2 9 4 5 3 7 6 8 10 11 12 13 0 15 14
13 1 1 2 9 4 5 3 7 6 8 10 11 12 0 13 15 14
8 1 1 2 9 4 5 3 7 6 0 10 11 12 8 13 15 14
10 1 1 2 9 4 5 3 7 6 10 0 11 12 8 13 15 14
13 1 1 2 9 4 5 3 7 6 10 13 11 12 8 0 15 14
8 1 1 2 9 4 5 3 7 6 10 13 11 12 0 8 15 14
13 3 1 2 9 4 5 3 7 6 10 0 11 12 13 8 15 14
10 1 1 2 9 4 5 3 7 6 0 10 11 12 13 8 15 14
13 1 1 2 9 4 5 3 7 6 13 10 11 12 0 8 15 14
8 1 1 2 9 4 5 3 7 6 13 10 11 12 8 0 15 14
15 1 1 2 9 4 5 3 7 6 13 10 11 12 8 15 0 14
14 1 1 2 9 4 5 3 7 6 13 10 11 12 8 15 14 0
8 2 1 2 9 4 5 3 7 6 13 10 11 12 0 15 14 8
13 1 1 2 9 4 5 3 7 6 0 10 11 12 13 15 14 8
10 1 1 2 9 4 5 3 7 6 10 0 11 12 13 15 14 8
15 1 1 2 9 4 5 3 7 6 10 15 11 12 13 0 14 8
14 1 1 2 9 4 5 3 7 6 10 15 11 12 13 14 0 8
8 1 1 2 9 4 5 3 7 6 10 15 11 12 13 14 8 0
11 3 1 2 9 4 5 3 7 6 10 15 0 12 13 14 8 11
15 1 1 2 9 4 5 3 7 6 10 0 15 12 13 14 8 11
10 1 1 2 9 4 5 3 7 6 0 10 15 12 13 14 8 11
13 1 1 2 9 4 5 3 7 6 13 10 15 12 0 14 8 11
11 2 1 2 9 4 5 3 7 6 13 10 15 12 11 14 8 0
15 3 1 2 9 4 5 3 7 6 13 10 0 12 11 14 8 15
8 1 1 2 9 4 5 3 7 6 13 10 8 12 11 14 0 15
15 1 1 2 9 4 5 3 7 6 13 10 8 12 11 14 15 0
8 3 1 2 9 4 5 3 7 6 13 10 0 12 11 14 15 8
10 1 1 2 9 4 5 3 7 6 13 0 10 12 11 14 15 8
13 1 1 2 9 4 5 3 7 6 0 13 10 12 11 14 15 8
11 1 1 2 9 4 5 3 7 6 11 13 10 12 0 14 15 8
13 3 1 2 9 4 5 3 7 6 11 0 10 12 13 14 15 8
10 1 1 2 9 4 5 3 7 6 11 10 0 12 13 14 15 8
7 1 1 2 9 4 5 3 0 6 11 10 7 12 13 14 15 8
9 1 1 2 0 4 5 3 9 6 11 10 7 12 13 14 15 8
4 1 1 2 4 0 5 3 9 6 11 10 7 12 13 14 15 8
8 2 1 2 4 8 5 3 9 6 11 10 7 12 13 14 15 0
7 3 1 2 4 8 5 3 9 6 11 10 0 12 13 14 15 7
9 1 1 2 4 8 5 3 0 6 11 10 9 12 13 14 15 7
6 1 1 2 4 8 5 3 6 0 11 10 9 12 13 14 15 7
8 1 1 2 4 0 5 3 6 8 11 10 9 12 13 14 15 7
4 1 1 2 0 4 5 3 6 8 11 10 9 12 13 14 15 7
6 1 1 2 6 4 5 3 0 8 11 10 9 12 13 14 15 7
9 1 1 2 6 4 5 3 9 8 11 10 0 12 13 14 15 7
12 1 1 2 6 4 5 3 9 8 11 10 12 0 13 14 15 7
7 1 1 2 6 4 5 3 9 8 11 10 12 7 13 14 15 0
12 3 1 2 6 4 5 3 9 8 11 10 0 7 13 14 15 12
7 1 1 2 6 4 5 3 9 8 11 10 7 0 13 14 15 12
12 1 1 2 6 4 5 3 9 8 11 10 7 12 13 14 15 0
4 2 1 2 6 0 5 3 9 8 11 10 7 12 13 14 15 4
9 3 1 2 6 9 5 3 0 8 11 10 7 12 13 14 15 4
6 1 1 2 0 9 5 3 6 8 11 10 7 12 13 14 15 4
9 1 1 2 9 0 5 3 6 8 11 10 7 12 13 14 15 4
4 2 1 2 9 4 5 3 6 8 11 10 7 12 13 14 15 0
7 3 1 2 9 4 5 3 6 8 11 10 0 12 13 14 15 7
6 1 1 2 9 4 5 3 0 8 11 10 6 12 13 14 15 7
9 1 1 2 0 4 5 3 9 8 11 10 6 12 13 14 15 7
4 1 1 2 4 0 5 3 9 8 11 10 6 12 13 14 15 7
7 2 1 2 4 7 5 3 9 8 11 10 6 12 13 14 15 0
6 3 1 2 4 7 5 3 9 8 11 10 0 12 13 14 15 6
9 1 1 2 4 7 5 3 0 8 11 10 9 12 13 14 15 6
4 1 1 2 0 7 5 3 4 8 11 10 9 12 13 14 15 6
7 1 1 2 7 0 5 3 4 8 11 10 9 12 13 14 15 6
4 3 1 2 7 4 5 3 0 8 11 10 9 12 13 14 15 6
9 1 1 2 7 4 5 3 9 8 11 10 0 12 13 14 15 6
12 1 1 2 7 4 5 3 9 8 11 10 12 0 13 14 15 6
6 1 1 2 7 4 5 3 9 8 11 10 12 6 13 14 15 0
12 3 1 2 7 4 5 3 9 8 11 10 0 6 13 14 15 12
6 1 1 2 7 4 5 3 9 8 11 10 6 0 13 14 15 12
12 1 1 2 7 4 5 3 9 8 11 10 6 12 13 14 15 0
1 3 0 2 7 4 5 3 9 8 11 10 6 12 13 14 15 1
3 3 3 2 7 4 5 0 9 8 11 10 6 12 13 14 15 1
9 1 3 2 7 4 5 9 0 8 11 10 6 12 13 14 15 1
7 1 3 2 0 4 5 9 7 8 11 10 6 12 13 14 15 1
4 1 3 2 4 0 5 9 7 8 11 10 6 12 13 14 15 1
1 2 3 2 4 1 5 9 7 8 11 10 6 12 13 14 15 0
3 3 0 2 4 1 5 9 7 8 11 10 6 12 13 14 15 3
1 2 1 2 4 0 5 9 7 8 11 10 6 12 13 14 15 3
3 2 1 2 4 3 5 9 7 8 11 10 6 12 13 14 15 0
6 3 1 2 4 3 5 9 7 8 11 10 0 12 13 14 15 6
12 1 1 2 4 3 5 9 7 8 11 10 12 0 13 14 15 6
6 1 1 2 4 3 5 9 7 8 11 10 12 6 13 14 15 0
3 2 1 2 4 0 5 9 7 8 11 10 12 6 13 14 15 3
4 1 1 2 0 4 5 9 7 8 11 10 12 6 13 14 15 3
7 1 1 2 7 4 5 9 0 8 11 10 12 6 13 14 15 3
12 1 1 2 7 4 5 9 12 8 11 10 0 6 13 14 15 3
6 1 1 2 7 4 5 9 12 8 11 10 6 0 13 14 15 3
3 1 1 2 7 4 5 9 12 8 11 10 6 3 13 14 15 0
6 3 1 2 7 4 5 9 12 8 11 10 0 3 13 14 15 6
12 1 1 2 7 4 5 9 0 8 11 10 12 3 13 14 15 6
7 1 1 2 0 4 5 9 7 8 11 10 12 3 13 14 15 6
4 1 1 2 4 0 5 9 7 8 11 10 12 3 13 14 15 6
6 2 1 2 4 6 5 9 7 8 11 10 12 3 13 14 15 0
12 3 1 2 4 6 5 9 7 8 11 10 0 3 13 14 15 12
3 1 1 2 4 6 5 9 7 8 11 10 3 0 13 14 15 12
12 1 1 2 4 6 5 9 7 8 11 10 3 12 13 14 15 0
6 2 1 2 4 0 5 9 7 8 11 10 3 12 13 14 15 6
4 1 1 2 0 4 5 9 7 8 11 10 3 12 13 14 15 6
7 1 1 2 7 4 5 9 0 8 11 10 3 12 13 14 15 6
3 1 1 2 7 4 5 9 3 8 11 10 0 12 13 14 15 6
12 1 1 2 7 4 5 9 3 8 11 10 12 0 13 14 15 6
6 1 1 2 7 4 5 9 3 8 11 10 12 6 13 14 15 0
12 3 1 2 7 4 5 9 3 8 11 10 0 6 13 14 15 12
6 1 1 2 7 4 5 9 3 8 11 10 6 0 13 14 15 12
12 1 1 2 7 4 5 9 3 8 11 10 6 12 13 14 15 0
1 3 0 2 7 4 5 9 3 8 11 10 6 12 13 14 15 1
9 3 9 2 7 4 5 0 3 8 11 10 6 12 13 14 15 1
3 1 9 2 7 4 5 3 0 8 11 10 6 12 13 14 15 1
7 1 9 2 0 4 5 3 7 8 11 10 6 12 13 14 15 1
4 1 9 2 4 0 5 3 7 8 11 10 6 12 13 14 15 1
1 2 9 2 4 1 5 3 7 8 11 10 6 12 13 14 15 0
9 3 0 2 4 1 5 3 7 8 11 10 6 12 13 14 15 9
1 2 1 2 4 0 5 3 7 8 11 10 6 12 13 14 15 9
4 1 1 2 0 4 5 3 7 8 11 10 6 12 13 14 15 9
7 1 1 2 7 4 5 3 0 8 11 10 6 12 13 14 15 9
6 1 1 2 7 4 5 3 6 8 11 10 0 12 13 14 15 9
15 1 1 2 7 4 5 3 6 8 11 10 15 12 13 14 0 9
9 1 1 2 7 4 5 3 6 8 11 10 15 12 13 14 9 0
15 3 1 2 7 4 5 3 6 8 11 10 0 12 13 14 9 15
9 1 1 2 7 4 5 3 6 8 11 10 9 12 13 14 0 15
15 1 1 2 7 4 5 3 6 8 11 10 9 12 13 14 15 0
1 3 0 2 7 4 5 3 6 8 11 10 9 12 13 14 15 1
3 3 3 2 7 4 5 0 6 8 11 10 9 12 13 14 15 1
6 1 3 2 7 4 5 6 0 8 11 10 9 12 13 14 15 1
7 1 3 2 0 4 5 6 7 8 11 10 9 12 13 14 15 1
4 1 3 2 4 0 5 6 7 8 11 10 9 12 13 14 15 1
1 2 3 2 4 1 5 6 7 8 11 10 9 12 13 14 15 0
3 3 0 2 4 1 5 6 7 8 11 10 9 12 13 14 15 3
1 2 1 2 4 0 5 6 7 8 11 10 9 12 13 14 15 3
3 2 1 2 4 3 5 6 7 8 11 10 9 12 13 14 15 0
9 3 1 2 4 3 5 6 7 8 11 10 0 12 13 14 15 9
12 1 1 2 4 3 5 6 7 8 11 10 12 0 13 14 15 9
9 1 1 2 4 3 5 6 7 8 11 10 12 9 13 14 15 0
3 2 1 2 4 0 5 6 7 8 11 10 12 9 13 14 15 3
4 1 1 2 0 4 5 6 7 8 11 10 12 9 13 14 15 3
7 1 1 2 7 4 5 6 0 8 11 10 12 9 13 14 15 3
12 1 1 2 7 4 5 6 12 8 11 10 0 9 13 14 15 3
9 1 1 2 7 4 5 6 12 8 11 10 9 0 13 14 15 3
3 1 1 2 7 4 5 6 12 8 11 10 9 3 13 14 15 0
9 3 1 2 7 4 5 6 12 8 11 10 0 3 13 14 15 9
12 1 1 2 7 4 5 6 0 8 11 10 12 3 13 14 15 9
7 1 1 2 0 4 5 6 7 8 11 10 12 3 13 14 15 9
4 1 1 2 4 0 5 6 7 8 11 10 12 3 13 14 15 9
9 2 1 2 4 9 5 6 7 8 11 10 12 3 13 14 15 0
12 3 1 2 4 9 5 6 7 8 11 10 0 3 13 14 15 12
3 1 1 2 4 9 5 6 7 8 11 10 3 0 13 14 15 12
12 1 1 2 4 9 5 6 7 8 11 10 3 12 13 14 15 0
9 2 1 2 4 0 5 6 7 8 11 10 3 12 13 14 15 9
4 1 1 2 0 4 5 6 7 8 11 10 3 12 13 14 15 9
7 1 1 2 7 4 5 6 0 8 11 10 3 12 13 14 15 9
3 1 1 2 7 4 5 6 3 8 11 10 0 12 13 14 15 9
12 1 1 2 7 4 5 6 3 8 11 10 12 0 13 14 15 9
9 1 1 2 7 4 5 6 3 8 11 10 12 9 13 14 15 0
12 3 1 2 7 4 5 6 3 8 11 10 0 9 13 14 15 12
9 1 1 2 7 4 5 6 3 8 11 10 9 0 13 14 15 12
12 1 1 2 7 4 5 6 3 8 11 10 9 12 13 14 15 0
4 2 1 2 7 0 5 6 3 8 11 10 9 12 13 14 15 4
3 3 1 2 7 3 5 6 0 8 11 10 9 12 13 14 15 4
7 1 1 2 0 3 5 6 7 8 11 10 9 12 13 14 15 4
3 1 1 2 3 0 5 6 7 8 11 10 9 12 13 14 15 4
4 2 1 2 3 4 5 6 7 8 11 10 9 12 13 14 15 0
9 3 1 2 3 4 5 6 7 8 11 10 0 12 13 14 15 9
10 1 1 2 3 4 5 6 7 8 11 0 10 12 13 14 15 9
11 1 1 2 3 4 5 6 7 8 0 11 10 12 13 14 15 9
13 1 1 2 3 4 5 6 7 8 13 11 10 12 0 14 15 9
9 2 1 2 3 4 5 6 7 8 13 11 10 12 9 14 15 0
10 3 1 2 3 4 5 6 7 8 13 11 0 12 9 14 15 10
11 1 1 2 3 4 5 6 7 8 13 0 11 12 9 14 15 10
13 1 1 2 3 4 5 6 7 8 0 13 11 12 9 14 15 10
9 1 1 2 3 4 5 6 7 8 9 13 11 12 0 14 15 10
13 3 1 2 3 4 5 6 7 8 9 0 11 12 13 14 15 10
11 1 1 2 3 4 5 6 7 8 9 11 0 12 13 14 15 10
15 1 1 2 3 4 5 6 7 8 9 11 15 12 13 14 0 10
10 1 1 2 3 4 5 6 7 8 9 11 15 12 13 14 10 0
15 3 1 2 3 4 5 6 7 8 9 11 0 12 13 14 10 15
11 1 1 2 3 4 5 6 7 8 9 0 11 12 13 14 10 15
14 1 1 2 3 4 5 6 7 8 9 14 11 12 13 0 10 15
10 1 1 2 3 4 5 6 7 8 9 14 11 12 13 10 0 15
15 1 1 2 3 4 5 6 7 8 9 14 11 12 13 10 15 0
13 2 1 2 3 4 5 6 7 8 9 14 11 12 0 10 15 13
14 3 1 2 3 4 5 6 7 8 9 0 11 12 14 10 15 13
10 1 1 2 3 4 5 6 7 8 9 10 11 12 14 0 15 13
14 1 1 2 3 4 5 6 7 8 9 10 11 12 0 14 15 13
13 2 1 2 3 4 5 6 7 8 9 10 11 12 13 14 15 0
427 3.2