0 0 10 13 4 6 8 14 3 12 1 9 15 11 7 2 0 5
15 1 10 13 4 6 8 14 3 12 1 9 0 11 7 2 15 5
11 1 10 13 4 6 8 14 3 12 1 9 11 0 7 2 15 5
12 1 10 13 4 6 8 14 3 0 1 9 11 12 7 2 15 5
3 1 10 13 4 6 8 14 0 3 1 9 11 12 7 2 15 5
14 1 10 13 4 6 8 0 14 3 1 9 11 12 7 2 15 5
8 1 10 13 4 6 0 8 14 3 1 9 11 12 7 2 15 5
1 1 10 13 4 6 1 8 14 3 0 9 11 12 7 2 15 5
9 1 10 13 4 6 1 8 14 3 9 0 11 12 7 2 15 5
2 1 10 13 4 6 1 8 14 3 9 2 11 12 7 0 15 5
7 1 10 13 4 6 1 8 14 3 9 2 11 12 0 7 15 5
5 2 10 13 4 6 1 8 14 3 9 2 11 12 5 7 15 0
10 3 0 13 4 6 1 8 14 3 9 2 11 12 5 7 15 10
1 1 1 13 4 6 0 8 14 3 9 2 11 12 5 7 15 10
8 1 1 13 4 6 8 0 14 3 9 2 11 12 5 7 15 10
14 1 1 13 4 6 8 14 0 3 9 2 11 12 5 7 15 10
3 1 1 13 4 6 8 14 3 0 9 2 11 12 5 7 15 10
6 1 1 13 4 0 8 14 3 6 9 2 11 12 5 7 15 10
4 1 1 13 0 4 8 14 3 6 9 2 11 12 5 7 15 10
3 1 1 13 3 4 8 14 0 6 9 2 11 12 5 7 15 10
14 1 1 13 3 4 8 0 14 6 9 2 11 12 5 7 15 10
2 1 1 13 3 4 8 2 14 6 9 0 11 12 5 7 15 10
7 1 1 13 3 4 8 2 14 6 9 7 11 12 5 0 15 10
5 1 1 13 3 4 8 2 14 6 9 7 11 12 0 5 15 10
7 3 1 13 3 4 8 2 14 6 9 0 11 12 7 5 15 10
5 1 1 13 3 4 8 2 14 6 9 5 11 12 7 0 15 10
15 1 1 13 3 4 8 2 14 6 9 5 11 12 7 15 0 10
10 1 1 13 3 4 8 2 14 6 9 5 11 12 7 15 10 0
7 2 1 13 3 4 8 2 14 6 9 5 11 12 0 15 10 7
5 3 1 13 3 4 8 2 14 6 9 0 11 12 5 15 10 7
15 1 1 13 3 4 8 2 14 6 9 15 11 12 5 0 10 7
10 1 1 13 3 4 8 2 14 6 9 15 11 12 5 10 0 7
7 1 1 13 3 4 8 2 14 6 9 15 11 12 5 10 7 0
5 2 1 13 3 4 8 2 14 6 9 15 11 12 0 10 7 5
15 3 1 13 3 4 8 2 14 6 9 0 11 12 15 10 7 5
10 1 1 13 3 4 8 2 14 6 9 10 11 12 15 0 7 5
7 1 1 13 3 4 8 2 14 6 9 10 11 12 15 7 0 5
5 1 1 13 3 4 8 2 14 6 9 10 11 12 15 7 5 0
15 2 1 13 3 4 8 2 14 6 9 10 11 12 0 7 5 15
7 1 1 13 3 4 8 2 14 6 9 10 11 12 7 0 5 15
5 1 1 13 3 4 8 2 14 6 9 10 11 12 7 5 0 15
15 1 1 13 3 4 8 2 14 6 9 10 11 12 7 5 15 0
7 2 1 13 3 4 8 2 14 6 9 10 11 12 0 5 15 7
1 2 0 13 3 4 8 2 14 6 9 10 11 12 1 5 15 7
2 3 2 13 3 4 8 0 14 6 9 10 11 12 1 5 15 7
13 1 2 0 3 4 8 13 14 6 9 10 11 12 1 5 15 7
2 1 0 2 3 4 8 13 14 6 9 10 11 12 1 5 15 7
1 2 1 2 3 4 8 13 14 6 9 10 11 12 0 5 15 7
4 3 1 2 3 0 8 13 14 6 9 10 11 12 4 5 15 7
14 3 1 2 3 14 8 13 0 6 9 10 11 12 4 5 15 7
6 1 1 2 3 14 8 13 6 0 9 10 11 12 4 5 15 7
14 1 1 2 3 0 8 13 6 14 9 10 11 12 4 5 15 7
4 3 1 2 3 4 8 13 6 14 9 10 11 12 0 5 15 7
7 2 1 2 3 4 8 13 6 14 9 10 11 12 7 5 15 0
1 3 0 2 3 4 8 13 6 14 9 10 11 12 7 5 15 1
13 3 13 2 3 4 8 0 6 14 9 10 11 12 7 5 15 1
6 1 13 2 3 4 8 6 0 14 9 10 11 12 7 5 15 1
14 1 13 2 3 4 8 6 14 0 9 10 11 12 7 5 15 1
12 1 13 2 3 4 8 6 14 12 9 10 11 0 7 5 15 1
1 1 13 2 3 4 8 6 14 12 9 10 11 1 7 5 15 0
13 3 0 2 3 4 8 6 14 12 9 10 11 1 7 5 15 13
7 2 7 2 3 4 8 6 14 12 9 10 11 1 0 5 15 13
13 2 7 2 3 4 8 6 14 12 9 10 11 1 13 5 15 0
1 1 7 2 3 4 8 6 14 12 9 10 11 0 13 5 15 1
12 1 7 2 3 4 8 6 14 0 9 10 11 12 13 5 15 1
4 1 7 2 3 0 8 6 14 4 9 10 11 12 13 5 15 1
1 2 7 2 3 1 8 6 14 4 9 10 11 12 13 5 15 0
7 3 0 2 3 1 8 6 14 4 9 10 11 12 13 5 15 7
1 2 1 2 3 0 8 6 14 4 9 10 11 12 13 5 15 7
14 3 1 2 3 14 8 6 0 4 9 10 11 12 13 5 15 7
4 1 1 2 3 14 8 6 4 0 9 10 11 12 13 5 15 7
14 1 1 2 3 0 8 6 4 14 9 10 11 12 13 5 15 7
7 2 1 2 3 7 8 6 4 14 9 10 11 12 13 5 15 0
11 3 1 2 3 7 8 6 4 14 9 10 0 12 13 5 15 11
4 1 1 2 3 7 8 6 0 14 9 10 4 12 13 5 15 11
14 1 1 2 3 7 8 6 14 0 9 10 4 12 13 5 15 11
7 1 1 2 3 0 8 6 14 7 9 10 4 12 13 5 15 11
11 2 1 2 3 11 8 6 14 7 9 10 4 12 13 5 15 0
4 3 1 2 3 11 8 6 14 7 9 10 0 12 13 5 15 4
14 1 1 2 3 11 8 6 0 7 9 10 14 12 13 5 15 4
7 1 1 2 3 11 8 6 7 0 9 10 14 12 13 5 15 4
11 1 1 2 3 0 8 6 7 11 9 10 14 12 13 5 15 4
4 2 1 2 3 4 8 6 7 11 9 10 14 12 13 5 15 0
15 1 1 2 3 4 8 6 7 11 9 10 14 12 13 5 0 15
5 1 1 2 3 4 8 6 7 11 9 10 14 12 13 0 5 15
13 1 1 2 3 4 8 6 7 11 9 10 14 12 0 13 5 15
15 2 1 2 3 4 8 6 7 11 9 10 14 12 15 13 5 0
14 3 1 2 3 4 8 6 7 11 9 10 0 12 15 13 5 14
5 1 1 2 3 4 8 6 7 11 9 10 5 12 15 13 0 14
14 1 1 2 3 4 8 6 7 11 9 10 5 12 15 13 14 0
15 2 1 2 3 4 8 6 7 11 9 10 5 12 0 13 14 15
13 1 1 2 3 4 8 6 7 11 9 10 5 12 13 0 14 15
14 1 1 2 3 4 8 6 7 11 9 10 5 12 13 14 0 15
15 1 1 2 3 4 8 6 7 11 9 10 5 12 13 14 15 0
12 1 1 2 3 4 8 6 7 11 9 10 5 0 13 14 15 12
11 1 1 2 3 4 8 6 7 0 9 10 5 11 13 14 15 12
7 1 1 2 3 4 8 6 0 7 9 10 5 11 13 14 15 12
5 1 1 2 3 4 8 6 5 7 9 10 0 11 13 14 15 12
11 1 1 2 3 4 8 6 5 7 9 10 11 0 13 14 15 12
12 1 1 2 3 4 8 6 5 7 9 10 11 12 13 14 15 0
11 3 1 2 3 4 8 6 5 7 9 10 0 12 13 14 15 11
5 1 1 2 3 4 8 6 0 7 9 10 5 12 13 14 15 11
7 1 1 2 3 4 8 6 7 0 9 10 5 12 13 14 15 11
12 1 1 2 3 4 8 6 7 12 9 10 5 0 13 14 15 11
11 1 1 2 3 4 8 6 7 12 9 10 5 11 13 14 15 0
5 3 1 2 3 4 8 6 7 12 9 10 0 11 13 14 15 5
11 1 1 2 3 4 8 6 7 12 9 10 11 0 13 14 15 5
12 1 1 2 3 4 8 6 7 0 9 10 11 12 13 14 15 5
4 1 1 2 3 0 8 6 7 4 9 10 11 12 13 14 15 5
5 2 1 2 3 5 8 6 7 4 9 10 11 12 13 14 15 0
1 3 0 2 3 5 8 6 7 4 9 10 11 12 13 14 15 1
5 2 5 2 3 0 8 6 7 4 9 10 11 12 13 14 15 1
1 2 5 2 3 1 8 6 7 4 9 10 11 12 13 14 15 0
12 1 5 2 3 1 8 6 7 4 9 10 11 0 13 14 15 12
4 1 5 2 3 1 8 6 7 0 9 10 11 4 13 14 15 12
1 1 5 2 3 0 8 6 7 1 9 10 11 4 13 14 15 12
12 2 5 2 3 12 8 6 7 1 9 10 11 4 13 14 15 0
5 3 0 2 3 12 8 6 7 1 9 10 11 4 13 14 15 5
12 2 12 2 3 0 8 6 7 1 9 10 11 4 13 14 15 5
5 2 12 2 3 5 8 6 7 1 9 10 11 4 13 14 15 0
4 1 12 2 3 5 8 6 7 1 9 10 11 0 13 14 15 4
1 1 12 2 3 5 8 6 7 0 9 10 11 1 13 14 15 4
5 1 12 2 3 0 8 6 7 5 9 10 11 1 13 14 15 4
4 2 12 2 3 4 8 6 7 5 9 10 11 1 13 14 15 0
12 3 0 2 3 4 8 6 7 5 9 10 11 1 13 14 15 12
4 2 4 2 3 0 8 6 7 5 9 10 11 1 13 14 15 12
5 1 4 2 3 5 8 6 7 0 9 10 11 1 13 14 15 12
1 1 4 2 3 5 8 6 7 1 9 10 11 0 13 14 15 12
12 1 4 2 3 5 8 6 7 1 9 10 11 12 13 14 15 0
4 3 0 2 3 5 8 6 7 1 9 10 11 12 13 14 15 4
5 2 5 2 3 0 8 6 7 1 9 10 11 12 13 14 15 4
4 2 5 2 3 4 8 6 7 1 9 10 11 12 13 14 15 0
5 3 0 2 3 4 8 6 7 1 9 10 11 12 13 14 15 5
13 2 13 2 3 4 8 6 7 1 9 10 11 12 0 14 15 5
5 2 13 2 3 4 8 6 7 1 9 10 11 12 5 14 15 0
13 3 0 2 3 4 8 6 7 1 9 10 11 12 5 14 15 13
8 1 8 2 3 4 0 6 7 1 9 10 11 12 5 14 15 13
9 1 8 2 3 4 9 6 7 1 0 10 11 12 5 14 15 13
5 1 8 2 3 4 9 6 7 1 5 10 11 12 0 14 15 13
13 2 8 2 3 4 9 6 7 1 5 10 11 12 13 14 15 0
8 3 0 2 3 4 9 6 7 1 5 10 11 12 13 14 15 8
9 1 9 2 3 4 0 6 7 1 5 10 11 12 13 14 15 8
5 1 9 2 3 4 5 6 7 1 0 10 11 12 13 14 15 8
13 1 9 2 3 4 5 6 7 1 13 10 11 12 0 14 15 8
8 2 9 2 3 4 5 6 7 1 13 10 11 12 8 14 15 0
9 3 0 2 3 4 5 6 7 1 13 10 11 12 8 14 15 9
5 1 5 2 3 4 0 6 7 1 13 10 11 12 8 14 15 9
13 1 5 2 3 4 13 6 7 1 0 10 11 12 8 14 15 9
8 1 5 2 3 4 13 6 7 1 8 10 11 12 0 14 15 9
5 2 0 2 3 4 13 6 7 1 8 10 11 12 5 14 15 9
13 1 13 2 3 4 0 6 7 1 8 10 11 12 5 14 15 9
8 1 13 2 3 4 8 6 7 1 0 10 11 12 5 14 15 9
5 1 13 2 3 4 8 6 7 1 5 10 11 12 0 14 15 9
9 2 13 2 3 4 8 6 7 1 5 10 11 12 9 14 15 0
13 3 0 2 3 4 8 6 7 1 5 10 11 12 9 14 15 13
8 1 8 2 3 4 0 6 7 1 5 10 11 12 9 14 15 13
5 1 8 2 3 4 5 6 7 1 0 10 11 12 9 14 15 13
9 1 8 2 3 4 5 6 7 1 9 10 11 12 0 14 15 13
13 2 8 2 3 4 5 6 7 1 9 10 11 12 13 14 15 0
4 2 8 2 3 0 5 6 7 1 9 10 11 12 13 14 15 4
1 1 8 2 3 1 5 6 7 0 9 10 11 12 13 14 15 4
12 1 8 2 3 1 5 6 7 12 9 10 11 0 13 14 15 4
4 1 8 2 3 1 5 6 7 12 9 10 11 4 13 14 15 0
8 3 0 2 3 1 5 6 7 12 9 10 11 4 13 14 15 8
1 2 1 2 3 0 5 6 7 12 9 10 11 4 13 14 15 8
8 2 1 2 3 8 5 6 7 12 9 10 11 4 13 14 15 0
4 1 1 2 3 8 5 6 7 12 9 10 11 0 13 14 15 4
12 1 1 2 3 8 5 6 7 0 9 10 11 12 13 14 15 4
8 1 1 2 3 0 5 6 7 8 9 10 11 12 13 14 15 4
4 2 1 2 3 4 5 6 7 8 9 10 11 12 13 14 15 0
263 3.97