0 0 5 0 6 14 7 3 10 1 4 12 8 13 11 9 15 2
5 1 0 5 6 14 7 3 10 1 4 12 8 13 11 9 15 2
2 3 2 5 6 14 7 3 10 1 4 12 8 13 11 9 15 0
8 3 2 5 6 14 7 3 10 1 4 12 0 13 11 9 15 8
13 1 2 5 6 14 7 3 10 1 4 12 13 0 11 9 15 8
8 1 2 5 6 14 7 3 10 1 4 12 13 8 11 9 15 0
13 3 2 5 6 14 7 3 10 1 4 12 0 8 11 9 15 13
12 1 2 5 6 14 7 3 10 1 4 0 12 8 11 9 15 13
4 1 2 5 6 14 7 3 10 1 0 4 12 8 11 9 15 13
11 1 2 5 6 14 7 3 10 1 11 4 12 8 0 9 15 13
4 3 2 5 6 14 7 3 10 1 11 0 12 8 4 9 15 13
12 1 2 5 6 14 7 3 10 1 11 12 0 8 4 9 15 13
8 1 2 5 6 14 7 3 10 1 11 12 8 0 4 9 15 13
13 1 2 5 6 14 7 3 10 1 11 12 8 13 4 9 15 0
8 3 2 5 6 14 7 3 10 1 11 12 0 13 4 9 15 8
13 1 2 5 6 14 7 3 10 1 11 12 13 0 4 9 15 8
8 1 2 5 6 14 7 3 10 1 11 12 13 8 4 9 15 0
2 3 0 5 6 14 7 3 10 1 11 12 13 8 4 9 15 2
3 3 3 5 6 14 7 0 10 1 11 12 13 8 4 9 15 2
7 1 3 5 6 14 0 7 10 1 11 12 13 8 4 9 15 2
11 1 3 5 6 14 11 7 10 1 0 12 13 8 4 9 15 2
12 1 3 5 6 14 11 7 10 1 12 0 13 8 4 9 15 2
7 1 3 5 6 14 11 0 10 1 12 7 13 8 4 9 15 2
11 1 3 5 6 14 0 11 10 1 12 7 13 8 4 9 15 2
12 1 3 5 6 14 12 11 10 1 0 7 13 8 4 9 15 2
7 1 3 5 6 14 12 11 10 1 7 0 13 8 4 9 15 2
13 1 3 5 6 14 12 11 10 1 7 13 0 8 4 9 15 2
8 1 3 5 6 14 12 11 10 1 7 13 8 0 4 9 15 2
2 1 3 5 6 14 12 11 10 1 7 13 8 2 4 9 15 0
8 3 3 5 6 14 12 11 10 1 7 13 0 2 4 9 15 8
2 1 3 5 6 14 12 11 10 1 7 13 2 0 4 9 15 8
8 1 3 5 6 14 12 11 10 1 7 13 2 8 4 9 15 0
3 3 0 5 6 14 12 11 10 1 7 13 2 8 4 9 15 3
11 3 11 5 6 14 12 0 10 1 7 13 2 8 4 9 15 3
12 1 11 5 6 14 0 12 10 1 7 13 2 8 4 9 15 3
7 1 11 5 6 14 7 12 10 1 0 13 2 8 4 9 15 3
13 1 11 5 6 14 7 12 10 1 13 0 2 8 4 9 15 3
2 1 11 5 6 14 7 12 10 1 13 2 0 8 4 9 15 3
8 1 11 5 6 14 7 12 10 1 13 2 8 0 4 9 15 3
3 1 11 5 6 14 7 12 10 1 13 2 8 3 4 9 15 0
8 3 11 5 6 14 7 12 10 1 13 2 0 3 4 9 15 8
3 1 11 5 6 14 7 12 10 1 13 2 3 0 4 9 15 8
8 1 11 5 6 14 7 12 10 1 13 2 3 8 4 9 15 0
11 3 0 5 6 14 7 12 10 1 13 2 3 8 4 9 15 11
12 3 12 5 6 14 7 0 10 1 13 2 3 8 4 9 15 11
7 1 12 5 6 14 0 7 10 1 13 2 3 8 4 9 15 11
13 1 12 5 6 14 13 7 10 1 0 2 3 8 4 9 15 11
2 1 12 5 6 14 13 7 10 1 2 0 3 8 4 9 15 11
7 1 12 5 6 14 13 0 10 1 2 7 3 8 4 9 15 11
13 1 12 5 6 14 0 13 10 1 2 7 3 8 4 9 15 11
2 1 12 5 6 14 2 13 10 1 0 7 3 8 4 9 15 11
7 1 12 5 6 14 2 13 10 1 7 0 3 8 4 9 15 11
3 1 12 5 6 14 2 13 10 1 7 3 0 8 4 9 15 11
8 1 12 5 6 14 2 13 10 1 7 3 8 0 4 9 15 11
11 1 12 5 6 14 2 13 10 1 7 3 8 11 4 9 15 0
8 3 12 5 6 14 2 13 10 1 7 3 0 11 4 9 15 8
11 1 12 5 6 14 2 13 10 1 7 3 11 0 4 9 15 8
8 1 12 5 6 14 2 13 10 1 7 3 11 8 4 9 15 0
12 3 0 5 6 14 2 13 10 1 7 3 11 8 4 9 15 12
13 3 13 5 6 14 2 0 10 1 7 3 11 8 4 9 15 12
3 1 13 5 6 14 2 3 10 1 7 0 11 8 4 9 15 12
7 1 13 5 6 14 2 3 10 1 0 7 11 8 4 9 15 12
4 1 13 5 6 14 2 3 10 1 4 7 11 8 0 9 15 12
12 2 13 5 6 14 2 3 10 1 4 7 11 8 12 9 15 0
15 1 13 5 6 14 2 3 10 1 4 7 11 8 12 9 0 15
9 1 13 5 6 14 2 3 10 1 4 7 11 8 12 0 9 15
12 1 13 5 6 14 2 3 10 1 4 7 11 8 0 12 9 15
4 1 13 5 6 14 2 3 10 1 0 7 11 8 4 12 9 15
7 1 13 5 6 14 2 3 10 1 7 0 11 8 4 12 9 15
12 1 13 5 6 14 2 3 10 1 7 12 11 8 4 0 9 15
9 1 13 5 6 14 2 3 10 1 7 12 11 8 4 9 0 15
15 1 13 5 6 14 2 3 10 1 7 12 11 8 4 9 15 0
13 3 0 5 6 14 2 3 10 1 7 12 11 8 4 9 15 13
3 3 3 5 6 14 2 0 10 1 7 12 11 8 4 9 15 13
12 1 3 5 6 14 2 12 10 1 7 0 11 8 4 9 15 13
7 1 3 5 6 14 2 12 10 1 0 7 11 8 4 9 15 13
4 1 3 5 6 14 2 12 10 1 4 7 11 8 0 9 15 13
13 2 3 5 6 14 2 12 10 1 4 7 11 8 13 9 15 0
3 3 0 5 6 14 2 12 10 1 4 7 11 8 13 9 15 3
13 2 13 5 6 14 2 12 10 1 4 7 11 8 0 9 15 3
4 1 13 5 6 14 2 12 10 1 0 7 11 8 4 9 15 3
7 1 13 5 6 14 2 12 10 1 7 0 11 8 4 9 15 3
9 1 13 5 6 14 2 12 10 1 7 9 11 8 4 0 15 3
15 1 13 5 6 14 2 12 10 1 7 9 11 8 4 15 0 3
3 1 13 5 6 14 2 12 10 1 7 9 11 8 4 15 3 0
13 3 0 5 6 14 2 12 10 1 7 9 11 8 4 15 3 13
12 3 12 5 6 14 2 0 10 1 7 9 11 8 4 15 3 13
9 1 12 5 6 14 2 9 10 1 7 0 11 8 4 15 3 13
7 1 12 5 6 14 2 9 10 1 0 7 11 8 4 15 3 13
4 1 12 5 6 14 2 9 10 1 4 7 11 8 0 15 3 13
13 2 12 5 6 14 2 9 10 1 4 7 11 8 13 15 3 0
12 3 0 5 6 14 2 9 10 1 4 7 11 8 13 15 3 12
13 2 13 5 6 14 2 9 10 1 4 7 11 8 0 15 3 12
4 1 13 5 6 14 2 9 10 1 0 7 11 8 4 15 3 12
7 1 13 5 6 14 2 9 10 1 7 0 11 8 4 15 3 12
15 1 13 5 6 14 2 9 10 1 7 15 11 8 4 0 3 12
3 1 13 5 6 14 2 9 10 1 7 15 11 8 4 3 0 12
12 1 13 5 6 14 2 9 10 1 7 15 11 8 4 3 12 0
13 3 0 5 6 14 2 9 10 1 7 15 11 8 4 3 12 13
9 3 9 5 6 14 2 0 10 1 7 15 11 8 4 3 12 13
15 1 9 5 6 14 2 15 10 1 7 0 11 8 4 3 12 13
7 1 9 5 6 14 2 15 10 1 0 7 11 8 4 3 12 13
4 1 9 5 6 14 2 15 10 1 4 7 11 8 0 3 12 13
13 2 9 5 6 14 2 15 10 1 4 7 11 8 13 3 12 0
9 3 0 5 6 14 2 15 10 1 4 7 11 8 13 3 12 9
13 2 13 5 6 14 2 15 10 1 4 7 11 8 0 3 12 9
9 2 13 5 6 14 2 15 10 1 4 7 11 8 9 3 12 0
8 1 13 5 6 14 2 15 10 1 4 7 11 0 9 3 12 8
1 1 13 5 6 14 2 15 10 0 4 7 11 1 9 3 12 8
14 1 13 5 6 0 2 15 10 14 4 7 11 1 9 3 12 8
13 2 0 5 6 13 2 15 10 14 4 7 11 1 9 3 12 8
9 2 9 5 6 13 2 15 10 14 4 7 11 1 0 3 12 8
3 1 9 5 6 13 2 15 10 14 4 7 11 1 3 0 12 8
12 1 9 5 6 13 2 15 10 14 4 7 11 1 3 12 0 8
8 1 9 5 6 13 2 15 10 14 4 7 11 1 3 12 8 0
9 3 0 5 6 13 2 15 10 14 4 7 11 1 3 12 8 9
3 2 3 5 6 13 2 15 10 14 4 7 11 1 0 12 8 9
4 1 3 5 6 13 2 15 10 14 0 7 11 1 4 12 8 9
7 1 3 5 6 13 2 15 10 14 7 0 11 1 4 12 8 9
12 1 3 5 6 13 2 15 10 14 7 12 11 1 4 0 8 9
8 1 3 5 6 13 2 15 10 14 7 12 11 1 4 8 0 9
9 1 3 5 6 13 2 15 10 14 7 12 11 1 4 8 9 0
3 3 0 5 6 13 2 15 10 14 7 12 11 1 4 8 9 3
15 3 15 5 6 13 2 0 10 14 7 12 11 1 4 8 9 3
12 1 15 5 6 13 2 12 10 14 7 0 11 1 4 8 9 3
7 1 15 5 6 13 2 12 10 14 0 7 11 1 4 8 9 3
4 1 15 5 6 13 2 12 10 14 4 7 11 1 0 8 9 3
3 2 15 5 6 13 2 12 10 14 4 7 11 1 3 8 9 0
9 1 15 5 6 13 2 12 10 14 4 7 11 1 3 8 0 9
8 1 15 5 6 13 2 12 10 14 4 7 11 1 3 0 8 9
3 1 15 5 6 13 2 12 10 14 4 7 11 1 0 3 8 9
4 1 15 5 6 13 2 12 10 14 0 7 11 1 4 3 8 9
7 1 15 5 6 13 2 12 10 14 7 0 11 1 4 3 8 9
3 1 15 5 6 13 2 12 10 14 7 3 11 1 4 0 8 9
8 1 15 5 6 13 2 12 10 14 7 3 11 1 4 8 0 9
9 1 15 5 6 13 2 12 10 14 7 3 11 1 4 8 9 0
15 3 0 5 6 13 2 12 10 14 7 3 11 1 4 8 9 15
12 3 12 5 6 13 2 0 10 14 7 3 11 1 4 8 9 15
3 1 12 5 6 13 2 3 10 14 7 0 11 1 4 8 9 15
7 1 12 5 6 13 2 3 10 14 0 7 11 1 4 8 9 15
4 1 12 5 6 13 2 3 10 14 4 7 11 1 0 8 9 15
15 2 12 5 6 13 2 3 10 14 4 7 11 1 15 8 9 0
9 1 12 5 6 13 2 3 10 14 4 7 11 1 15 8 0 9
8 1 12 5 6 13 2 3 10 14 4 7 11 1 15 0 8 9
15 1 12 5 6 13 2 3 10 14 4 7 11 1 0 15 8 9
4 1 12 5 6 13 2 3 10 14 0 7 11 1 4 15 8 9
7 1 12 5 6 13 2 3 10 14 7 0 11 1 4 15 8 9
15 1 12 5 6 13 2 3 10 14 7 15 11 1 4 0 8 9
8 1 12 5 6 13 2 3 10 14 7 15 11 1 4 8 0 9
9 1 12 5 6 13 2 3 10 14 7 15 11 1 4 8 9 0
1 1 12 5 6 13 2 3 10 14 7 15 11 0 4 8 9 1
11 1 12 5 6 13 2 3 10 14 7 15 0 11 4 8 9 1
15 1 12 5 6 13 2 3 10 14 7 0 15 11 4 8 9 1
7 1 12 5 6 13 2 3 10 14 0 7 15 11 4 8 9 1
4 1 12 5 6 13 2 3 10 14 4 7 15 11 0 8 9 1
1 2 12 5 6 13 2 3 10 14 4 7 15 11 1 8 9 0
15 3 12 5 6 13 2 3 10 14 4 7 0 11 1 8 9 15
11 1 12 5 6 13 2 3 10 14 4 7 11 0 1 8 9 15
15 1 12 5 6 13 2 3 10 14 4 7 11 15 1 8 9 0
12 3 0 5 6 13 2 3 10 14 4 7 11 15 1 8 9 12
1 2 1 5 6 13 2 3 10 14 4 7 11 15 0 8 9 12
12 2 1 5 6 13 2 3 10 14 4 7 11 15 12 8 9 0
9 1 1 5 6 13 2 3 10 14 4 7 11 15 12 8 0 9
8 1 1 5 6 13 2 3 10 14 4 7 11 15 12 0 8 9
12 1 1 5 6 13 2 3 10 14 4 7 11 15 0 12 8 9
4 1 1 5 6 13 2 3 10 14 0 7 11 15 4 12 8 9
7 1 1 5 6 13 2 3 10 14 7 0 11 15 4 12 8 9
12 1 1 5 6 13 2 3 10 14 7 12 11 15 4 0 8 9
8 1 1 5 6 13 2 3 10 14 7 12 11 15 4 8 0 9
9 1 1 5 6 13 2 3 10 14 7 12 11 15 4 8 9 0
11 3 1 5 6 13 2 3 10 14 7 12 0 15 4 8 9 11
12 1 1 5 6 13 2 3 10 14 7 0 12 15 4 8 9 11
7 1 1 5 6 13 2 3 10 14 0 7 12 15 4 8 9 11
4 1 1 5 6 13 2 3 10 14 4 7 12 15 0 8 9 11
11 2 1 5 6 13 2 3 10 14 4 7 12 15 11 8 9 0
12 3 1 5 6 13 2 3 10 14 4 7 0 15 11 8 9 12
9 1 1 5 6 13 2 3 10 14 4 7 9 15 11 8 0 12
12 1 1 5 6 13 2 3 10 14 4 7 9 15 11 8 12 0
11 2 1 5 6 13 2 3 10 14 4 7 9 15 0 8 12 11
4 1 1 5 6 13 2 3 10 14 0 7 9 15 4 8 12 11
2 1 1 5 6 13 0 3 10 14 2 7 9 15 4 8 12 11
3 1 1 5 6 13 3 0 10 14 2 7 9 15 4 8 12 11
7 1 1 5 6 13 3 7 10 14 2 0 9 15 4 8 12 11
2 1 1 5 6 13 3 7 10 14 0 2 9 15 4 8 12 11
3 1 1 5 6 13 0 7 10 14 3 2 9 15 4 8 12 11
7 1 1 5 6 13 7 0 10 14 3 2 9 15 4 8 12 11
2 1 1 5 6 13 7 2 10 14 3 0 9 15 4 8 12 11
9 1 1 5 6 13 7 2 10 14 3 9 0 15 4 8 12 11
15 1 1 5 6 13 7 2 10 14 3 9 15 0 4 8 12 11
11 1 1 5 6 13 7 2 10 14 3 9 15 11 4 8 12 0
15 3 1 5 6 13 7 2 10 14 3 9 0 11 4 8 12 15
11 1 1 5 6 13 7 2 10 14 3 9 11 0 4 8 12 15
15 1 1 5 6 13 7 2 10 14 3 9 11 15 4 8 12 0
1 3 0 5 6 13 7 2 10 14 3 9 11 15 4 8 12 1
7 1 7 5 6 13 0 2 10 14 3 9 11 15 4 8 12 1
2 1 7 5 6 13 2 0 10 14 3 9 11 15 4 8 12 1
5 1 7 0 6 13 2 5 10 14 3 9 11 15 4 8 12 1
7 1 0 7 6 13 2 5 10 14 3 9 11 15 4 8 12 1
1 3 1 7 6 13 2 5 10 14 3 9 11 15 4 8 12 0
13 2 1 7 6 0 2 5 10 14 3 9 11 15 4 8 12 13
6 1 1 7 0 6 2 5 10 14 3 9 11 15 4 8 12 13
7 1 1 0 7 6 2 5 10 14 3 9 11 15 4 8 12 13
5 1 1 5 7 6 2 0 10 14 3 9 11 15 4 8 12 13
10 1 1 5 7 6 2 10 0 14 3 9 11 15 4 8 12 13
7 1 1 5 0 6 2 10 7 14 3 9 11 15 4 8 12 13
6 1 1 5 6 0 2 10 7 14 3 9 11 15 4 8 12 13
13 2 1 5 6 13 2 10 7 14 3 9 11 15 4 8 12 0
11 3 1 5 6 13 2 10 7 14 3 9 0 15 4 8 12 11
9 1 1 5 6 13 2 10 7 14 3 0 9 15 4 8 12 11
10 1 1 5 6 13 2 0 7 14 3 10 9 15 4 8 12 11
7 1 1 5 6 13 2 7 0 14 3 10 9 15 4 8 12 11
9 1 1 5 6 13 2 7 9 14 3 10 0 15 4 8 12 11
10 1 1 5 6 13 2 7 9 14 3 0 10 15 4 8 12 11
7 1 1 5 6 13 2 0 9 14 3 7 10 15 4 8 12 11
9 1 1 5 6 13 2 9 0 14 3 7 10 15 4 8 12 11
10 1 1 5 6 13 2 9 10 14 3 7 0 15 4 8 12 11
15 1 1 5 6 13 2 9 10 14 3 7 15 0 4 8 12 11
11 1 1 5 6 13 2 9 10 14 3 7 15 11 4 8 12 0
15 3 1 5 6 13 2 9 10 14 3 7 0 11 4 8 12 15
11 1 1 5 6 13 2 9 10 14 3 7 11 0 4 8 12 15
15 1 1 5 6 13 2 9 10 14 3 7 11 15 4 8 12 0
1 3 0 5 6 13 2 9 10 14 3 7 11 15 4 8 12 1
9 3 9 5 6 13 2 0 10 14 3 7 11 15 4 8 12 1
5 1 9 0 6 13 2 5 10 14 3 7 11 15 4 8 12 1
9 1 0 9 6 13 2 5 10 14 3 7 11 15 4 8 12 1
1 3 1 9 6 13 2 5 10 14 3 7 11 15 4 8 12 0
13 2 1 9 6 0 2 5 10 14 3 7 11 15 4 8 12 13
6 1 1 9 0 6 2 5 10 14 3 7 11 15 4 8 12 13
9 1 1 0 9 6 2 5 10 14 3 7 11 15 4 8 12 13
5 1 1 5 9 6 2 0 10 14 3 7 11 15 4 8 12 13
10 1 1 5 9 6 2 10 0 14 3 7 11 15 4 8 12 13
14 1 1 5 9 6 2 10 14 0 3 7 11 15 4 8 12 13
6 1 1 5 9 0 2 10 14 6 3 7 11 15 4 8 12 13
13 2 1 5 9 13 2 10 14 6 3 7 11 15 4 8 12 0
15 1 1 5 9 13 2 10 14 6 3 7 11 0 4 8 12 15
6 1 1 5 9 13 2 10 14 0 3 7 11 6 4 8 12 15
14 1 1 5 9 13 2 10 0 14 3 7 11 6 4 8 12 15
10 1 1 5 9 13 2 0 10 14 3 7 11 6 4 8 12 15
5 1 1 0 9 13 2 5 10 14 3 7 11 6 4 8 12 15
1 1 0 1 9 13 2 5 10 14 3 7 11 6 4 8 12 15
5 3 5 1 9 13 2 0 10 14 3 7 11 6 4 8 12 15
1 1 5 0 9 13 2 1 10 14 3 7 11 6 4 8 12 15
5 1 0 5 9 13 2 1 10 14 3 7 11 6 4 8 12 15
15 3 15 5 9 13 2 1 10 14 3 7 11 6 4 8 12 0
11 3 15 5 9 13 2 1 10 14 3 7 0 6 4 8 12 11
6 1 15 5 9 13 2 1 10 14 3 7 6 0 4 8 12 11
11 1 15 5 9 13 2 1 10 14 3 7 6 11 4 8 12 0
15 3 0 5 9 13 2 1 10 14 3 7 6 11 4 8 12 15
1 3 1 5 9 13 2 0 10 14 3 7 6 11 4 8 12 15
10 1 1 5 9 13 2 10 0 14 3 7 6 11 4 8 12 15
6 1 1 5 9 13 2 10 6 14 3 7 0 11 4 8 12 15
11 1 1 5 9 13 2 10 6 14 3 7 11 0 4 8 12 15
15 1 1 5 9 13 2 10 6 14 3 7 11 15 4 8 12 0
13 2 1 5 9 0 2 10 6 14 3 7 11 15 4 8 12 13
9 1 1 5 0 9 2 10 6 14 3 7 11 15 4 8 12 13
6 1 1 5 6 9 2 10 0 14 3 7 11 15 4 8 12 13
10 1 1 5 6 9 2 0 10 14 3 7 11 15 4 8 12 13
5 1 1 0 6 9 2 5 10 14 3 7 11 15 4 8 12 13
6 1 1 6 0 9 2 5 10 14 3 7 11 15 4 8 12 13
9 1 1 6 9 0 2 5 10 14 3 7 11 15 4 8 12 13
13 2 1 6 9 13 2 5 10 14 3 7 11 15 4 8 12 0
1 3 0 6 9 13 2 5 10 14 3 7 11 15 4 8 12 1
5 3 5 6 9 13 2 0 10 14 3 7 11 15 4 8 12 1
6 1 5 0 9 13 2 6 10 14 3 7 11 15 4 8 12 1
5 1 0 5 9 13 2 6 10 14 3 7 11 15 4 8 12 1
1 3 1 5 9 13 2 6 10 14 3 7 11 15 4 8 12 0
389 0.78