0 0 1 9 15 0 2 13 10 12 3 11 14 5 6 8 7 4
4 2 1 9 15 4 2 13 10 12 3 11 14 5 6 8 7 0
14 3 1 9 15 4 2 13 10 12 3 11 0 5 6 8 7 14
11 1 1 9 15 4 2 13 10 12 3 0 11 5 6 8 7 14
13 1 1 9 15 4 2 0 10 12 3 13 11 5 6 8 7 14
9 1 1 0 15 4 2 9 10 12 3 13 11 5 6 8 7 14
15 1 1 15 0 4 2 9 10 12 3 13 11 5 6 8 7 14
4 1 1 15 4 0 2 9 10 12 3 13 11 5 6 8 7 14
14 2 1 15 4 14 2 9 10 12 3 13 11 5 6 8 7 0
6 2 1 15 4 14 2 9 10 12 3 13 11 5 0 8 7 6
13 3 1 15 4 14 2 9 10 12 3 0 11 5 13 8 7 6
9 1 1 15 4 14 2 0 10 12 3 9 11 5 13 8 7 6
15 1 1 0 4 14 2 15 10 12 3 9 11 5 13 8 7 6
4 1 1 4 0 14 2 15 10 12 3 9 11 5 13 8 7 6
14 1 1 4 14 0 2 15 10 12 3 9 11 5 13 8 7 6
13 3 1 4 14 13 2 15 10 12 3 9 11 5 0 8 7 6
9 3 1 4 14 13 2 15 10 12 3 0 11 5 9 8 7 6
15 1 1 4 14 13 2 0 10 12 3 15 11 5 9 8 7 6
4 1 1 0 14 13 2 4 10 12 3 15 11 5 9 8 7 6
14 1 1 14 0 13 2 4 10 12 3 15 11 5 9 8 7 6
13 1 1 14 13 0 2 4 10 12 3 15 11 5 9 8 7 6
6 2 1 14 13 6 2 4 10 12 3 15 11 5 9 8 7 0
9 2 1 14 13 6 2 4 10 12 3 15 11 5 0 8 7 9
15 3 1 14 13 6 2 4 10 12 3 0 11 5 15 8 7 9
4 1 1 14 13 6 2 0 10 12 3 4 11 5 15 8 7 9
14 1 1 0 13 6 2 14 10 12 3 4 11 5 15 8 7 9
13 1 1 13 0 6 2 14 10 12 3 4 11 5 15 8 7 9
6 1 1 13 6 0 2 14 10 12 3 4 11 5 15 8 7 9
9 2 1 13 6 9 2 14 10 12 3 4 11 5 15 8 7 0
15 2 1 13 6 9 2 14 10 12 3 4 11 5 0 8 7 15
4 3 1 13 6 9 2 14 10 12 3 0 11 5 4 8 7 15
14 1 1 13 6 9 2 0 10 12 3 14 11 5 4 8 7 15
13 1 1 0 6 9 2 13 10 12 3 14 11 5 4 8 7 15
6 1 1 6 0 9 2 13 10 12 3 14 11 5 4 8 7 15
9 1 1 6 9 0 2 13 10 12 3 14 11 5 4 8 7 15
15 2 1 6 9 15 2 13 10 12 3 14 11 5 4 8 7 0
5 1 1 6 9 15 2 13 10 12 3 14 11 0 4 8 7 5
12 1 1 6 9 15 2 13 10 0 3 14 11 12 4 8 7 5
15 1 1 6 9 0 2 13 10 15 3 14 11 12 4 8 7 5
5 2 1 6 9 5 2 13 10 15 3 14 11 12 4 8 7 0
12 1 1 6 9 5 2 13 10 15 3 14 11 0 4 8 7 12
15 1 1 6 9 5 2 13 10 0 3 14 11 15 4 8 7 12
5 1 1 6 9 0 2 13 10 5 3 14 11 15 4 8 7 12
12 2 1 6 9 12 2 13 10 5 3 14 11 15 4 8 7 0
7 1 1 6 9 12 2 13 10 5 3 14 11 15 4 8 0 7
8 1 1 6 9 12 2 13 10 5 3 14 11 15 4 0 8 7
14 1 1 6 9 12 2 13 10 5 3 0 11 15 4 14 8 7
13 1 1 6 9 12 2 0 10 5 3 13 11 15 4 14 8 7
6 1 1 0 9 12 2 6 10 5 3 13 11 15 4 14 8 7
1 1 0 1 9 12 2 6 10 5 3 13 11 15 4 14 8 7
7 3 7 1 9 12 2 6 10 5 3 13 11 15 4 14 8 0
12 2 7 1 9 0 2 6 10 5 3 13 11 15 4 14 8 12
7 2 0 1 9 7 2 6 10 5 3 13 11 15 4 14 8 12
1 1 1 0 9 7 2 6 10 5 3 13 11 15 4 14 8 12
6 1 1 6 9 7 2 0 10 5 3 13 11 15 4 14 8 12
13 1 1 6 9 7 2 13 10 5 3 0 11 15 4 14 8 12
14 1 1 6 9 7 2 13 10 5 3 14 11 15 4 0 8 12
8 1 1 6 9 7 2 13 10 5 3 14 11 15 4 8 0 12
12 1 1 6 9 7 2 13 10 5 3 14 11 15 4 8 12 0
7 2 1 6 9 0 2 13 10 5 3 14 11 15 4 8 12 7
5 1 1 6 9 5 2 13 10 0 3 14 11 15 4 8 12 7
10 1 1 6 9 5 2 13 0 10 3 14 11 15 4 8 12 7
13 1 1 6 9 5 2 0 13 10 3 14 11 15 4 8 12 7
6 1 1 0 9 5 2 6 13 10 3 14 11 15 4 8 12 7
9 1 1 9 0 5 2 6 13 10 3 14 11 15 4 8 12 7
5 1 1 9 5 0 2 6 13 10 3 14 11 15 4 8 12 7
13 3 1 9 5 13 2 6 0 10 3 14 11 15 4 8 12 7
10 1 1 9 5 13 2 6 10 0 3 14 11 15 4 8 12 7
13 1 1 9 5 0 2 6 10 13 3 14 11 15 4 8 12 7
5 1 1 9 0 5 2 6 10 13 3 14 11 15 4 8 12 7
9 1 1 0 9 5 2 6 10 13 3 14 11 15 4 8 12 7
1 1 0 1 9 5 2 6 10 13 3 14 11 15 4 8 12 7
7 3 7 1 9 5 2 6 10 13 3 14 11 15 4 8 12 0
5 2 7 1 9 0 2 6 10 13 3 14 11 15 4 8 12 5
7 2 0 1 9 7 2 6 10 13 3 14 11 15 4 8 12 5
1 1 1 0 9 7 2 6 10 13 3 14 11 15 4 8 12 5
9 1 1 9 0 7 2 6 10 13 3 14 11 15 4 8 12 5
7 1 1 9 7 0 2 6 10 13 3 14 11 15 4 8 12 5
13 1 1 9 7 13 2 6 10 0 3 14 11 15 4 8 12 5
10 1 1 9 7 13 2 6 0 10 3 14 11 15 4 8 12 5
7 1 1 9 0 13 2 6 7 10 3 14 11 15 4 8 12 5
9 1 1 0 9 13 2 6 7 10 3 14 11 15 4 8 12 5
1 1 0 1 9 13 2 6 7 10 3 14 11 15 4 8 12 5
5 3 5 1 9 13 2 6 7 10 3 14 11 15 4 8 12 0
13 2 5 1 9 0 2 6 7 10 3 14 11 15 4 8 12 13
7 3 5 1 9 7 2 6 0 10 3 14 11 15 4 8 12 13
10 1 5 1 9 7 2 6 10 0 3 14 11 15 4 8 12 13
7 1 5 1 9 0 2 6 10 7 3 14 11 15 4 8 12 13
5 2 0 1 9 5 2 6 10 7 3 14 11 15 4 8 12 13
1 1 1 0 9 5 2 6 10 7 3 14 11 15 4 8 12 13
9 1 1 9 0 5 2 6 10 7 3 14 11 15 4 8 12 13
5 1 1 9 5 0 2 6 10 7 3 14 11 15 4 8 12 13
13 2 1 9 5 13 2 6 10 7 3 14 11 15 4 8 12 0
1 3 0 9 5 13 2 6 10 7 3 14 11 15 4 8 12 1
9 1 9 0 5 13 2 6 10 7 3 14 11 15 4 8 12 1
5 1 9 5 0 13 2 6 10 7 3 14 11 15 4 8 12 1
13 1 9 5 13 0 2 6 10 7 3 14 11 15 4 8 12 1
1 2 9 5 13 1 2 6 10 7 3 14 11 15 4 8 12 0
9 3 0 5 13 1 2 6 10 7 3 14 11 15 4 8 12 9
1 2 1 5 13 0 2 6 10 7 3 14 11 15 4 8 12 9
9 2 1 5 13 9 2 6 10 7 3 14 11 15 4 8 12 0
15 1 1 5 13 9 2 6 10 7 3 14 11 0 4 8 12 15
7 1 1 5 13 9 2 6 10 0 3 14 11 7 4 8 12 15
9 1 1 5 13 0 2 6 10 9 3 14 11 7 4 8 12 15
13 1 1 5 0 13 2 6 10 9 3 14 11 7 4 8 12 15
10 1 1 5 10 13 2 6 0 9 3 14 11 7 4 8 12 15
9 1 1 5 10 13 2 6 9 0 3 14 11 7 4 8 12 15
7 1 1 5 10 13 2 6 9 7 3 14 11 0 4 8 12 15
15 1 1 5 10 13 2 6 9 7 3 14 11 15 4 8 12 0
13 2 1 5 10 0 2 6 9 7 3 14 11 15 4 8 12 13
9 3 1 5 10 9 2 6 0 7 3 14 11 15 4 8 12 13
10 1 1 5 0 9 2 6 10 7 3 14 11 15 4 8 12 13
9 1 1 5 9 0 2 6 10 7 3 14 11 15 4 8 12 13
10 3 1 5 9 10 2 6 0 7 3 14 11 15 4 8 12 13
7 1 1 5 9 10 2 6 7 0 3 14 11 15 4 8 12 13
10 1 1 5 9 0 2 6 7 10 3 14 11 15 4 8 12 13
13 2 1 5 9 13 2 6 7 10 3 14 11 15 4 8 12 0
11 3 1 5 9 13 2 6 7 10 3 14 0 15 4 8 12 11
7 1 1 5 9 13 2 6 0 10 3 14 7 15 4 8 12 11
10 1 1 5 9 13 2 6 10 0 3 14 7 15 4 8 12 11
13 1 1 5 9 0 2 6 10 13 3 14 7 15 4 8 12 11
10 3 1 5 9 10 2 6 0 13 3 14 7 15 4 8 12 11
13 1 1 5 9 10 2 6 13 0 3 14 7 15 4 8 12 11
10 1 1 5 9 0 2 6 13 10 3 14 7 15 4 8 12 11
11 2 1 5 9 11 2 6 13 10 3 14 7 15 4 8 12 0
7 3 1 5 9 11 2 6 13 10 3 14 0 15 4 8 12 7
13 1 1 5 9 11 2 6 0 10 3 14 13 15 4 8 12 7
10 1 1 5 9 11 2 6 10 0 3 14 13 15 4 8 12 7
15 1 1 5 9 11 2 6 10 15 3 14 13 0 4 8 12 7
7 1 1 5 9 11 2 6 10 15 3 14 13 7 4 8 12 0
13 3 1 5 9 11 2 6 10 15 3 14 0 7 4 8 12 13
7 1 1 5 9 11 2 6 10 15 3 14 7 0 4 8 12 13
15 1 1 5 9 11 2 6 10 0 3 14 7 15 4 8 12 13
11 1 1 5 9 0 2 6 10 11 3 14 7 15 4 8 12 13
13 2 1 5 9 13 2 6 10 11 3 14 7 15 4 8 12 0
4 2 1 5 9 13 2 6 10 11 3 14 7 15 0 8 12 4
14 3 1 5 9 13 2 6 10 11 3 0 7 15 14 8 12 4
7 1 1 5 9 13 2 6 10 11 3 7 0 15 14 8 12 4
15 1 1 5 9 13 2 6 10 11 3 7 15 0 14 8 12 4
4 1 1 5 9 13 2 6 10 11 3 7 15 4 14 8 12 0
15 3 1 5 9 13 2 6 10 11 3 7 0 4 14 8 12 15
4 1 1 5 9 13 2 6 10 11 3 7 4 0 14 8 12 15
15 1 1 5 9 13 2 6 10 11 3 7 4 15 14 8 12 0
14 2 1 5 9 13 2 6 10 11 3 7 4 15 0 8 12 14
8 1 1 5 9 13 2 6 10 11 3 7 4 15 8 0 12 14
12 1 1 5 9 13 2 6 10 11 3 7 4 15 8 12 0 14
14 1 1 5 9 13 2 6 10 11 3 7 4 15 8 12 14 0
4 3 1 5 9 13 2 6 10 11 3 7 0 15 8 12 14 4
14 1 1 5 9 13 2 6 10 11 3 7 14 15 8 12 0 4
12 1 1 5 9 13 2 6 10 11 3 7 14 15 8 0 12 4
8 1 1 5 9 13 2 6 10 11 3 7 14 15 0 8 12 4
4 2 1 5 9 13 2 6 10 11 3 7 14 15 4 8 12 0
14 3 1 5 9 13 2 6 10 11 3 7 0 15 4 8 12 14
15 1 1 5 9 13 2 6 10 11 3 7 15 0 4 8 12 14
14 1 1 5 9 13 2 6 10 11 3 7 15 14 4 8 12 0
15 3 1 5 9 13 2 6 10 11 3 7 0 14 4 8 12 15
10 1 1 5 9 13 2 6 0 11 3 7 10 14 4 8 12 15
11 1 1 5 9 13 2 6 11 0 3 7 10 14 4 8 12 15
14 1 1 5 9 13 2 6 11 14 3 7 10 0 4 8 12 15
10 1 1 5 9 13 2 6 11 14 3 7 0 10 4 8 12 15
11 1 1 5 9 13 2 6 0 14 3 7 11 10 4 8 12 15
14 1 1 5 9 13 2 6 14 0 3 7 11 10 4 8 12 15
10 1 1 5 9 13 2 6 14 10 3 7 11 0 4 8 12 15
15 1 1 5 9 13 2 6 14 10 3 7 11 15 4 8 12 0
13 2 1 5 9 0 2 6 14 10 3 7 11 15 4 8 12 13
14 3 1 5 9 14 2 6 0 10 3 7 11 15 4 8 12 13
10 1 1 5 9 14 2 6 10 0 3 7 11 15 4 8 12 13
14 1 1 5 9 0 2 6 10 14 3 7 11 15 4 8 12 13
13 2 1 5 9 13 2 6 10 14 3 7 11 15 4 8 12 0
248 4.47