0 0 0 7 11 5 15 10 8 2 1 12 3 9 4 6 13 14
14 3 14 7 11 5 15 10 8 2 1 12 3 9 4 6 13 0
3 3 14 7 11 5 15 10 8 2 1 12 0 9 4 6 13 3
9 1 14 7 11 5 15 10 8 2 1 12 9 0 4 6 13 3
3 1 14 7 11 5 15 10 8 2 1 12 9 3 4 6 13 0
9 3 14 7 11 5 15 10 8 2 1 12 0 3 4 6 13 9
12 1 14 7 11 5 15 10 8 2 1 0 12 3 4 6 13 9
1 1 14 7 11 5 15 10 8 2 0 1 12 3 4 6 13 9
15 1 14 7 11 5 0 10 8 2 15 1 12 3 4 6 13 9
10 1 14 7 11 5 10 0 8 2 15 1 12 3 4 6 13 9
8 1 14 7 11 5 10 8 0 2 15 1 12 3 4 6 13 9
2 1 14 7 11 5 10 8 2 0 15 1 12 3 4 6 13 9
3 1 14 7 11 5 10 8 2 3 15 1 12 0 4 6 13 9
9 1 14 7 11 5 10 8 2 3 15 1 12 9 4 6 13 0
12 3 14 7 11 5 10 8 2 3 15 1 0 9 4 6 13 12
9 1 14 7 11 5 10 8 2 3 15 1 9 0 4 6 13 12
12 1 14 7 11 5 10 8 2 3 15 1 9 12 4 6 13 0
14 3 0 7 11 5 10 8 2 3 15 1 9 12 4 6 13 14
8 3 8 7 11 5 10 0 2 3 15 1 9 12 4 6 13 14
2 1 8 7 11 5 10 2 0 3 15 1 9 12 4 6 13 14
3 1 8 7 11 5 10 2 3 0 15 1 9 12 4 6 13 14
12 1 8 7 11 5 10 2 3 12 15 1 9 0 4 6 13 14
14 1 8 7 11 5 10 2 3 12 15 1 9 14 4 6 13 0
9 3 8 7 11 5 10 2 3 12 15 1 0 14 4 6 13 9
14 1 8 7 11 5 10 2 3 12 15 1 14 0 4 6 13 9
9 1 8 7 11 5 10 2 3 12 15 1 14 9 4 6 13 0
8 3 0 7 11 5 10 2 3 12 15 1 14 9 4 6 13 8
2 3 2 7 11 5 10 0 3 12 15 1 14 9 4 6 13 8
3 1 2 7 11 5 10 3 0 12 15 1 14 9 4 6 13 8
12 1 2 7 11 5 10 3 12 0 15 1 14 9 4 6 13 8
9 1 2 7 11 5 10 3 12 9 15 1 14 0 4 6 13 8
8 1 2 7 11 5 10 3 12 9 15 1 14 8 4 6 13 0
14 3 2 7 11 5 10 3 12 9 15 1 0 8 4 6 13 14
8 1 2 7 11 5 10 3 12 9 15 1 8 0 4 6 13 14
14 1 2 7 11 5 10 3 12 9 15 1 8 14 4 6 13 0
2 3 0 7 11 5 10 3 12 9 15 1 8 14 4 6 13 2
3 3 3 7 11 5 10 0 12 9 15 1 8 14 4 6 13 2
12 1 3 7 11 5 10 12 0 9 15 1 8 14 4 6 13 2
9 1 3 7 11 5 10 12 9 0 15 1 8 14 4 6 13 2
14 1 3 7 11 5 10 12 9 14 15 1 8 0 4 6 13 2
2 1 3 7 11 5 10 12 9 14 15 1 8 2 4 6 13 0
8 3 3 7 11 5 10 12 9 14 15 1 0 2 4 6 13 8
2 1 3 7 11 5 10 12 9 14 15 1 2 0 4 6 13 8
8 1 3 7 11 5 10 12 9 14 15 1 2 8 4 6 13 0
3 3 0 7 11 5 10 12 9 14 15 1 2 8 4 6 13 3
12 3 12 7 11 5 10 0 9 14 15 1 2 8 4 6 13 3
9 1 12 7 11 5 10 9 0 14 15 1 2 8 4 6 13 3
2 1 12 7 11 5 10 9 2 14 15 1 0 8 4 6 13 3
8 1 12 7 11 5 10 9 2 14 15 1 8 0 4 6 13 3
3 1 12 7 11 5 10 9 2 14 15 1 8 3 4 6 13 0
8 3 12 7 11 5 10 9 2 14 15 1 0 3 4 6 13 8
3 1 12 7 11 5 10 9 2 14 15 1 3 0 4 6 13 8
8 1 12 7 11 5 10 9 2 14 15 1 3 8 4 6 13 0
12 3 0 7 11 5 10 9 2 14 15 1 3 8 4 6 13 12
9 3 9 7 11 5 10 0 2 14 15 1 3 8 4 6 13 12
2 1 9 7 11 5 10 2 0 14 15 1 3 8 4 6 13 12
3 1 9 7 11 5 10 2 3 14 15 1 0 8 4 6 13 12
8 1 9 7 11 5 10 2 3 14 15 1 8 0 4 6 13 12
12 1 9 7 11 5 10 2 3 14 15 1 8 12 4 6 13 0
8 3 9 7 11 5 10 2 3 14 15 1 0 12 4 6 13 8
12 1 9 7 11 5 10 2 3 14 15 1 12 0 4 6 13 8
8 1 9 7 11 5 10 2 3 14 15 1 12 8 4 6 13 0
9 3 0 7 11 5 10 2 3 14 15 1 12 8 4 6 13 9
2 3 2 7 11 5 10 0 3 14 15 1 12 8 4 6 13 9
3 1 2 7 11 5 10 3 0 14 15 1 12 8 4 6 13 9
12 1 2 7 11 5 10 3 12 14 15 1 0 8 4 6 13 9
8 1 2 7 11 5 10 3 12 14 15 1 8 0 4 6 13 9
9 1 2 7 11 5 10 3 12 14 15 1 8 9 4 6 13 0
8 3 2 7 11 5 10 3 12 14 15 1 0 9 4 6 13 8
9 1 2 7 11 5 10 3 12 14 15 1 9 0 4 6 13 8
8 1 2 7 11 5 10 3 12 14 15 1 9 8 4 6 13 0
2 3 0 7 11 5 10 3 12 14 15 1 9 8 4 6 13 2
3 3 3 7 11 5 10 0 12 14 15 1 9 8 4 6 13 2
12 1 3 7 11 5 10 12 0 14 15 1 9 8 4 6 13 2
11 1 3 7 0 5 10 12 11 14 15 1 9 8 4 6 13 2
5 1 3 7 5 0 10 12 11 14 15 1 9 8 4 6 13 2
2 2 3 7 5 2 10 12 11 14 15 1 9 8 4 6 13 0
9 3 3 7 5 2 10 12 11 14 15 1 0 8 4 6 13 9
11 1 3 7 5 2 10 12 0 14 15 1 11 8 4 6 13 9
12 1 3 7 5 2 10 0 12 14 15 1 11 8 4 6 13 9
10 1 3 7 5 2 0 10 12 14 15 1 11 8 4 6 13 9
15 1 3 7 5 2 15 10 12 14 0 1 11 8 4 6 13 9
1 1 3 7 5 2 15 10 12 14 1 0 11 8 4 6 13 9
6 1 3 7 5 2 15 10 12 14 1 6 11 8 4 0 13 9
13 1 3 7 5 2 15 10 12 14 1 6 11 8 4 13 0 9
9 1 3 7 5 2 15 10 12 14 1 6 11 8 4 13 9 0
3 3 0 7 5 2 15 10 12 14 1 6 11 8 4 13 9 3
10 3 10 7 5 2 15 0 12 14 1 6 11 8 4 13 9 3
6 1 10 7 5 2 15 6 12 14 1 0 11 8 4 13 9 3
13 1 10 7 5 2 15 6 12 14 1 13 11 8 4 0 9 3
9 1 10 7 5 2 15 6 12 14 1 13 11 8 4 9 0 3
3 1 10 7 5 2 15 6 12 14 1 13 11 8 4 9 3 0
10 3 0 7 5 2 15 6 12 14 1 13 11 8 4 9 3 10
2 2 2 7 5 0 15 6 12 14 1 13 11 8 4 9 3 10
10 2 2 7 5 10 15 6 12 14 1 13 11 8 4 9 3 0
2 3 0 7 5 10 15 6 12 14 1 13 11 8 4 9 3 2
7 1 7 0 5 10 15 6 12 14 1 13 11 8 4 9 3 2
5 1 7 5 0 10 15 6 12 14 1 13 11 8 4 9 3 2
10 1 7 5 10 0 15 6 12 14 1 13 11 8 4 9 3 2
2 2 7 5 10 2 15 6 12 14 1 13 11 8 4 9 3 0
7 3 0 5 10 2 15 6 12 14 1 13 11 8 4 9 3 7
2 2 2 5 10 0 15 6 12 14 1 13 11 8 4 9 3 7
12 3 2 5 10 12 15 6 0 14 1 13 11 8 4 9 3 7
10 1 2 5 0 12 15 6 10 14 1 13 11 8 4 9 3 7
12 1 2 5 12 0 15 6 10 14 1 13 11 8 4 9 3 7
2 2 0 5 12 2 15 6 10 14 1 13 11 8 4 9 3 7
15 1 15 5 12 2 0 6 10 14 1 13 11 8 4 9 3 7
1 1 15 5 12 2 1 6 10 14 0 13 11 8 4 9 3 7
13 1 15 5 12 2 1 6 10 14 13 0 11 8 4 9 3 7
9 1 15 5 12 2 1 6 10 14 13 9 11 8 4 0 3 7
3 1 15 5 12 2 1 6 10 14 13 9 11 8 4 3 0 7
7 1 15 5 12 2 1 6 10 14 13 9 11 8 4 3 7 0
15 3 0 5 12 2 1 6 10 14 13 9 11 8 4 3 7 15
1 1 1 5 12 2 0 6 10 14 13 9 11 8 4 3 7 15
13 1 1 5 12 2 13 6 10 14 0 9 11 8 4 3 7 15
9 1 1 5 12 2 13 6 10 14 9 0 11 8 4 3 7 15
3 1 1 5 12 2 13 6 10 14 9 3 11 8 4 0 7 15
7 1 1 5 12 2 13 6 10 14 9 3 11 8 4 7 0 15
15 1 1 5 12 2 13 6 10 14 9 3 11 8 4 7 15 0
8 1 1 5 12 2 13 6 10 14 9 3 11 0 4 7 15 8
11 1 1 5 12 2 13 6 10 14 9 3 0 11 4 7 15 8
3 1 1 5 12 2 13 6 10 14 9 0 3 11 4 7 15 8
7 1 1 5 12 2 13 6 10 14 9 7 3 11 4 0 15 8
15 1 1 5 12 2 13 6 10 14 9 7 3 11 4 15 0 8
8 1 1 5 12 2 13 6 10 14 9 7 3 11 4 15 8 0
3 3 1 5 12 2 13 6 10 14 9 7 0 11 4 15 8 3
11 1 1 5 12 2 13 6 10 14 9 7 11 0 4 15 8 3
3 1 1 5 12 2 13 6 10 14 9 7 11 3 4 15 8 0
8 1 1 5 12 2 13 6 10 14 9 7 11 3 4 15 0 8
15 1 1 5 12 2 13 6 10 14 9 7 11 3 4 0 15 8
4 1 1 5 12 2 13 6 10 14 9 7 11 3 0 4 15 8
8 2 1 5 12 2 13 6 10 14 9 7 11 3 8 4 15 0
2 2 1 5 12 0 13 6 10 14 9 7 11 3 8 4 15 2
8 3 1 5 12 8 13 6 10 14 9 7 11 3 0 4 15 2
4 1 1 5 12 8 13 6 10 14 9 7 11 3 4 0 15 2
15 1 1 5 12 8 13 6 10 14 9 7 11 3 4 15 0 2
2 1 1 5 12 8 13 6 10 14 9 7 11 3 4 15 2 0
8 2 1 5 12 0 13 6 10 14 9 7 11 3 4 15 2 8
4 3 1 5 12 4 13 6 10 14 9 7 11 3 0 15 2 8
8 2 1 5 12 4 13 6 10 14 9 7 11 3 8 15 2 0
2 1 1 5 12 4 13 6 10 14 9 7 11 3 8 15 0 2
15 1 1 5 12 4 13 6 10 14 9 7 11 3 8 0 15 2
8 1 1 5 12 4 13 6 10 14 9 7 11 3 0 8 15 2
4 3 1 5 12 0 13 6 10 14 9 7 11 3 4 8 15 2
2 2 1 5 12 2 13 6 10 14 9 7 11 3 4 8 15 0
3 1 1 5 12 2 13 6 10 14 9 7 11 0 4 8 15 3
11 1 1 5 12 2 13 6 10 14 9 7 0 11 4 8 15 3
15 1 1 5 12 2 13 6 10 14 9 7 15 11 4 8 0 3
3 1 1 5 12 2 13 6 10 14 9 7 15 11 4 8 3 0
15 3 1 5 12 2 13 6 10 14 9 7 0 11 4 8 3 15
11 1 1 5 12 2 13 6 10 14 9 7 11 0 4 8 3 15
15 1 1 5 12 2 13 6 10 14 9 7 11 15 4 8 3 0
1 3 0 5 12 2 13 6 10 14 9 7 11 15 4 8 3 1
5 1 5 0 12 2 13 6 10 14 9 7 11 15 4 8 3 1
12 1 5 12 0 2 13 6 10 14 9 7 11 15 4 8 3 1
2 1 5 12 2 0 13 6 10 14 9 7 11 15 4 8 3 1
1 2 5 12 2 1 13 6 10 14 9 7 11 15 4 8 3 0
5 3 0 12 2 1 13 6 10 14 9 7 11 15 4 8 3 5
1 2 1 12 2 0 13 6 10 14 9 7 11 15 4 8 3 5
2 1 1 12 0 2 13 6 10 14 9 7 11 15 4 8 3 5
12 1 1 0 12 2 13 6 10 14 9 7 11 15 4 8 3 5
1 1 0 1 12 2 13 6 10 14 9 7 11 15 4 8 3 5
5 3 5 1 12 2 13 6 10 14 9 7 11 15 4 8 3 0
2 2 5 1 12 0 13 6 10 14 9 7 11 15 4 8 3 2
5 2 0 1 12 5 13 6 10 14 9 7 11 15 4 8 3 2
1 1 1 0 12 5 13 6 10 14 9 7 11 15 4 8 3 2
12 1 1 12 0 5 13 6 10 14 9 7 11 15 4 8 3 2
5 1 1 12 5 0 13 6 10 14 9 7 11 15 4 8 3 2
2 2 1 12 5 2 13 6 10 14 9 7 11 15 4 8 3 0
1 3 0 12 5 2 13 6 10 14 9 7 11 15 4 8 3 1
2 2 2 12 5 0 13 6 10 14 9 7 11 15 4 8 3 1
5 1 2 12 0 5 13 6 10 14 9 7 11 15 4 8 3 1
12 1 2 0 12 5 13 6 10 14 9 7 11 15 4 8 3 1
2 1 0 2 12 5 13 6 10 14 9 7 11 15 4 8 3 1
1 3 1 2 12 5 13 6 10 14 9 7 11 15 4 8 3 0
5 2 1 2 12 0 13 6 10 14 9 7 11 15 4 8 3 5
12 1 1 2 0 12 13 6 10 14 9 7 11 15 4 8 3 5
2 1 1 0 2 12 13 6 10 14 9 7 11 15 4 8 3 5
1 1 0 1 2 12 13 6 10 14 9 7 11 15 4 8 3 5
5 3 5 1 2 12 13 6 10 14 9 7 11 15 4 8 3 0
12 2 5 1 2 0 13 6 10 14 9 7 11 15 4 8 3 12
2 1 5 1 0 2 13 6 10 14 9 7 11 15 4 8 3 12
1 1 5 0 1 2 13 6 10 14 9 7 11 15 4 8 3 12
5 1 0 5 1 2 13 6 10 14 9 7 11 15 4 8 3 12
13 1 13 5 1 2 0 6 10 14 9 7 11 15 4 8 3 12
9 1 13 5 1 2 9 6 10 14 0 7 11 15 4 8 3 12
4 1 13 5 1 2 9 6 10 14 4 7 11 15 0 8 3 12
12 2 13 5 1 2 9 6 10 14 4 7 11 15 12 8 3 0
13 3 0 5 1 2 9 6 10 14 4 7 11 15 12 8 3 13
12 2 12 5 1 2 9 6 10 14 4 7 11 15 0 8 3 13
13 2 12 5 1 2 9 6 10 14 4 7 11 15 13 8 3 0
2 2 12 5 1 0 9 6 10 14 4 7 11 15 13 8 3 2
13 3 12 5 1 13 9 6 10 14 4 7 11 15 0 8 3 2
2 2 12 5 1 13 9 6 10 14 4 7 11 15 2 8 3 0
12 3 0 5 1 13 9 6 10 14 4 7 11 15 2 8 3 12
9 1 9 5 1 13 0 6 10 14 4 7 11 15 2 8 3 12
4 1 9 5 1 13 4 6 10 14 0 7 11 15 2 8 3 12
2 1 9 5 1 13 4 6 10 14 2 7 11 15 0 8 3 12
12 2 9 5 1 13 4 6 10 14 2 7 11 15 12 8 3 0
9 3 0 5 1 13 4 6 10 14 2 7 11 15 12 8 3 9
4 1 4 5 1 13 0 6 10 14 2 7 11 15 12 8 3 9
2 1 4 5 1 13 2 6 10 14 0 7 11 15 12 8 3 9
12 1 4 5 1 13 2 6 10 14 12 7 11 15 0 8 3 9
4 2 0 5 1 13 2 6 10 14 12 7 11 15 4 8 3 9
9 3 9 5 1 13 2 6 10 14 12 7 11 15 4 8 3 0
13 2 9 5 1 0 2 6 10 14 12 7 11 15 4 8 3 13
1 1 9 5 0 1 2 6 10 14 12 7 11 15 4 8 3 13
5 1 9 0 5 1 2 6 10 14 12 7 11 15 4 8 3 13
9 1 0 9 5 1 2 6 10 14 12 7 11 15 4 8 3 13
1 2 1 9 5 0 2 6 10 14 12 7 11 15 4 8 3 13
13 2 1 9 5 13 2 6 10 14 12 7 11 15 4 8 3 0
1 3 0 9 5 13 2 6 10 14 12 7 11 15 4 8 3 1
9 1 9 0 5 13 2 6 10 14 12 7 11 15 4 8 3 1
5 1 9 5 0 13 2 6 10 14 12 7 11 15 4 8 3 1
13 1 9 5 13 0 2 6 10 14 12 7 11 15 4 8 3 1
1 2 9 5 13 1 2 6 10 14 12 7 11 15 4 8 3 0
9 3 0 5 13 1 2 6 10 14 12 7 11 15 4 8 3 9
1 2 1 5 13 0 2 6 10 14 12 7 11 15 4 8 3 9
9 2 1 5 13 9 2 6 10 14 12 7 11 15 4 8 3 0
11 3 1 5 13 9 2 6 10 14 12 7 0 15 4 8 3 11
3 1 1 5 13 9 2 6 10 14 12 7 3 15 4 8 0 11
11 1 1 5 13 9 2 6 10 14 12 7 3 15 4 8 11 0
9 2 1 5 13 0 2 6 10 14 12 7 3 15 4 8 11 9
13 1 1 5 0 13 2 6 10 14 12 7 3 15 4 8 11 9
10 1 1 5 10 13 2 6 0 14 12 7 3 15 4 8 11 9
3 1 1 5 10 13 2 6 3 14 12 7 0 15 4 8 11 9
11 1 1 5 10 13 2 6 3 14 12 7 11 15 4 8 0 9
9 1 1 5 10 13 2 6 3 14 12 7 11 15 4 8 9 0
11 3 1 5 10 13 2 6 3 14 12 7 0 15 4 8 9 11
3 1 1 5 10 13 2 6 0 14 12 7 3 15 4 8 9 11
10 1 1 5 0 13 2 6 10 14 12 7 3 15 4 8 9 11
13 1 1 5 13 0 2 6 10 14 12 7 3 15 4 8 9 11
11 2 1 5 13 11 2 6 10 14 12 7 3 15 4 8 9 0
3 3 1 5 13 11 2 6 10 14 12 7 0 15 4 8 9 3
9 1 1 5 13 11 2 6 10 14 12 7 9 15 4 8 0 3
3 1 1 5 13 11 2 6 10 14 12 7 9 15 4 8 3 0
11 2 1 5 13 0 2 6 10 14 12 7 9 15 4 8 3 11
13 1 1 5 0 13 2 6 10 14 12 7 9 15 4 8 3 11
10 1 1 5 10 13 2 6 0 14 12 7 9 15 4 8 3 11
9 1 1 5 10 13 2 6 9 14 12 7 0 15 4 8 3 11
3 1 1 5 10 13 2 6 9 14 12 7 3 15 4 8 0 11
11 1 1 5 10 13 2 6 9 14 12 7 3 15 4 8 11 0
3 3 1 5 10 13 2 6 9 14 12 7 0 15 4 8 11 3
11 1 1 5 10 13 2 6 9 14 12 7 11 15 4 8 0 3
3 1 1 5 10 13 2 6 9 14 12 7 11 15 4 8 3 0
13 2 1 5 10 0 2 6 9 14 12 7 11 15 4 8 3 13
9 3 1 5 10 9 2 6 0 14 12 7 11 15 4 8 3 13
10 1 1 5 0 9 2 6 10 14 12 7 11 15 4 8 3 13
9 1 1 5 9 0 2 6 10 14 12 7 11 15 4 8 3 13
13 2 1 5 9 13 2 6 10 14 12 7 11 15 4 8 3 0
4 2 1 5 9 13 2 6 10 14 12 7 11 15 0 8 3 4
7 3 1 5 9 13 2 6 10 14 12 0 11 15 7 8 3 4
12 1 1 5 9 13 2 6 10 14 0 12 11 15 7 8 3 4
7 1 1 5 9 13 2 6 10 14 7 12 11 15 0 8 3 4
4 2 1 5 9 13 2 6 10 14 7 12 11 15 4 8 3 0
3 1 1 5 9 13 2 6 10 14 7 12 11 15 4 8 0 3
8 1 1 5 9 13 2 6 10 14 7 12 11 15 4 0 8 3
12 1 1 5 9 13 2 6 10 14 7 0 11 15 4 12 8 3
7 1 1 5 9 13 2 6 10 14 0 7 11 15 4 12 8 3
4 1 1 5 9 13 2 6 10 14 4 7 11 15 0 12 8 3
3 2 1 5 9 13 2 6 10 14 4 7 11 15 3 12 8 0
8 1 1 5 9 13 2 6 10 14 4 7 11 15 3 12 0 8
12 1 1 5 9 13 2 6 10 14 4 7 11 15 3 0 12 8
7 1 1 5 9 13 2 6 10 14 4 0 11 15 3 7 12 8
4 1 1 5 9 13 2 6 10 14 0 4 11 15 3 7 12 8
3 1 1 5 9 13 2 6 10 14 3 4 11 15 0 7 12 8
4 3 1 5 9 13 2 6 10 14 3 0 11 15 4 7 12 8
7 1 1 5 9 13 2 6 10 14 3 7 11 15 4 0 12 8
4 1 1 5 9 13 2 6 10 14 3 7 11 15 0 4 12 8
8 2 1 5 9 13 2 6 10 14 3 7 11 15 8 4 12 0
12 1 1 5 9 13 2 6 10 14 3 7 11 15 8 4 0 12
4 1 1 5 9 13 2 6 10 14 3 7 11 15 8 0 4 12
8 1 1 5 9 13 2 6 10 14 3 7 11 15 0 8 4 12
12 2 1 5 9 13 2 6 10 14 3 7 11 15 12 8 4 0
13 2 1 5 9 0 2 6 10 14 3 7 11 15 12 8 4 13
12 3 1 5 9 12 2 6 10 14 3 7 11 15 0 8 4 13
8 1 1 5 9 12 2 6 10 14 3 7 11 15 8 0 4 13
4 1 1 5 9 12 2 6 10 14 3 7 11 15 8 4 0 13
13 1 1 5 9 12 2 6 10 14 3 7 11 15 8 4 13 0
12 2 1 5 9 0 2 6 10 14 3 7 11 15 8 4 13 12
8 3 1 5 9 8 2 6 10 14 3 7 11 15 0 4 13 12
4 1 1 5 9 8 2 6 10 14 3 7 11 15 4 0 13 12
13 1 1 5 9 8 2 6 10 14 3 7 11 15 4 13 0 12
12 1 1 5 9 8 2 6 10 14 3 7 11 15 4 13 12 0
4 2 1 5 9 8 2 6 10 14 3 7 11 15 0 13 12 4
13 1 1 5 9 8 2 6 10 14 3 7 11 15 13 0 12 4
12 1 1 5 9 8 2 6 10 14 3 7 11 15 13 12 0 4
4 1 1 5 9 8 2 6 10 14 3 7 11 15 13 12 4 0
8 2 1 5 9 0 2 6 10 14 3 7 11 15 13 12 4 8
13 3 1 5 9 13 2 6 10 14 3 7 11 15 0 12 4 8
8 2 1 5 9 13 2 6 10 14 3 7 11 15 8 12 4 0
4 1 1 5 9 13 2 6 10 14 3 7 11 15 8 12 0 4
12 1 1 5 9 13 2 6 10 14 3 7 11 15 8 0 12 4
8 1 1 5 9 13 2 6 10 14 3 7 11 15 0 8 12 4
4 2 1 5 9 13 2 6 10 14 3 7 11 15 4 8 12 0
462 2.08