0 0 1 0 14 4 15 11 8 12 10 5 13 2 9 3 6 7
14 1 1 14 0 4 15 11 8 12 10 5 13 2 9 3 6 7
8 1 1 14 8 4 15 11 0 12 10 5 13 2 9 3 6 7
12 1 1 14 8 4 15 11 12 0 10 5 13 2 9 3 6 7
2 1 1 14 8 4 15 11 12 2 10 5 13 0 9 3 6 7
7 1 1 14 8 4 15 11 12 2 10 5 13 7 9 3 6 0
13 3 1 14 8 4 15 11 12 2 10 5 0 7 9 3 6 13
7 1 1 14 8 4 15 11 12 2 10 5 7 0 9 3 6 13
13 1 1 14 8 4 15 11 12 2 10 5 7 13 9 3 6 0
9 2 1 14 8 4 15 11 12 2 10 5 7 13 0 3 6 9
5 3 1 14 8 4 15 11 12 2 10 0 7 13 5 3 6 9
10 1 1 14 8 4 15 11 12 2 0 10 7 13 5 3 6 9
5 1 1 14 8 4 15 11 12 2 5 10 7 13 0 3 6 9
9 2 1 14 8 4 15 11 12 2 5 10 7 13 9 3 6 0
7 3 1 14 8 4 15 11 12 2 5 10 0 13 9 3 6 7
13 1 1 14 8 4 15 11 12 2 5 10 13 0 9 3 6 7
7 1 1 14 8 4 15 11 12 2 5 10 13 7 9 3 6 0
13 3 1 14 8 4 15 11 12 2 5 10 0 7 9 3 6 13
6 1 1 14 8 4 15 11 12 2 5 10 6 7 9 3 0 13
13 1 1 14 8 4 15 11 12 2 5 10 6 7 9 3 13 0
6 3 1 14 8 4 15 11 12 2 5 10 0 7 9 3 13 6
7 1 1 14 8 4 15 11 12 2 5 10 7 0 9 3 13 6
6 1 1 14 8 4 15 11 12 2 5 10 7 6 9 3 13 0
7 3 1 14 8 4 15 11 12 2 5 10 0 6 9 3 13 7
13 1 1 14 8 4 15 11 12 2 5 10 13 6 9 3 0 7
7 1 1 14 8 4 15 11 12 2 5 10 13 6 9 3 7 0
13 3 1 14 8 4 15 11 12 2 5 10 0 6 9 3 7 13
6 1 1 14 8 4 15 11 12 2 5 10 6 0 9 3 7 13
13 1 1 14 8 4 15 11 12 2 5 10 6 13 9 3 7 0
6 3 1 14 8 4 15 11 12 2 5 10 0 13 9 3 7 6
12 1 1 14 8 4 15 11 0 2 5 10 12 13 9 3 7 6
2 1 1 14 8 4 15 11 2 0 5 10 12 13 9 3 7 6
13 1 1 14 8 4 15 11 2 13 5 10 12 0 9 3 7 6
12 1 1 14 8 4 15 11 2 13 5 10 0 12 9 3 7 6
7 1 1 14 8 4 15 11 2 13 5 10 7 12 9 3 0 6
6 1 1 14 8 4 15 11 2 13 5 10 7 12 9 3 6 0
7 3 1 14 8 4 15 11 2 13 5 10 0 12 9 3 6 7
6 1 1 14 8 4 15 11 2 13 5 10 6 12 9 3 0 7
7 1 1 14 8 4 15 11 2 13 5 10 6 12 9 3 7 0
9 2 1 14 8 4 15 11 2 13 5 10 6 12 0 3 7 9
3 1 1 14 8 4 15 11 2 13 5 10 6 12 3 0 7 9
7 1 1 14 8 4 15 11 2 13 5 10 6 12 3 7 0 9
9 1 1 14 8 4 15 11 2 13 5 10 6 12 3 7 9 0
6 3 1 14 8 4 15 11 2 13 5 10 0 12 3 7 9 6
9 1 1 14 8 4 15 11 2 13 5 10 9 12 3 7 0 6
6 1 1 14 8 4 15 11 2 13 5 10 9 12 3 7 6 0
3 2 1 14 8 4 15 11 2 13 5 10 9 12 0 7 6 3
7 1 1 14 8 4 15 11 2 13 5 10 9 12 7 0 6 3
6 1 1 14 8 4 15 11 2 13 5 10 9 12 7 6 0 3
3 1 1 14 8 4 15 11 2 13 5 10 9 12 7 6 3 0
9 3 1 14 8 4 15 11 2 13 5 10 0 12 7 6 3 9
3 1 1 14 8 4 15 11 2 13 5 10 3 12 7 6 0 9
9 1 1 14 8 4 15 11 2 13 5 10 3 12 7 6 9 0
7 2 1 14 8 4 15 11 2 13 5 10 3 12 0 6 9 7
6 1 1 14 8 4 15 11 2 13 5 10 3 12 6 0 9 7
9 1 1 14 8 4 15 11 2 13 5 10 3 12 6 9 0 7
7 1 1 14 8 4 15 11 2 13 5 10 3 12 6 9 7 0
3 3 1 14 8 4 15 11 2 13 5 10 0 12 6 9 7 3
7 1 1 14 8 4 15 11 2 13 5 10 7 12 6 9 0 3
3 1 1 14 8 4 15 11 2 13 5 10 7 12 6 9 3 0
6 2 1 14 8 4 15 11 2 13 5 10 7 12 0 9 3 6
5 1 1 14 8 4 15 11 2 13 0 10 7 12 5 9 3 6
15 1 1 14 8 4 0 11 2 13 15 10 7 12 5 9 3 6
11 1 1 14 8 4 11 0 2 13 15 10 7 12 5 9 3 6
2 1 1 14 8 4 11 2 0 13 15 10 7 12 5 9 3 6
7 1 1 14 8 4 11 2 7 13 15 10 0 12 5 9 3 6
3 1 1 14 8 4 11 2 7 13 15 10 3 12 5 9 0 6
6 1 1 14 8 4 11 2 7 13 15 10 3 12 5 9 6 0
5 2 1 14 8 4 11 2 7 13 15 10 3 12 0 9 6 5
15 1 1 14 8 4 11 2 7 13 0 10 3 12 15 9 6 5
11 1 1 14 8 4 0 2 7 13 11 10 3 12 15 9 6 5
2 1 1 14 8 4 2 0 7 13 11 10 3 12 15 9 6 5
14 1 1 0 8 4 2 14 7 13 11 10 3 12 15 9 6 5
8 1 1 8 0 4 2 14 7 13 11 10 3 12 15 9 6 5
4 1 1 8 4 0 2 14 7 13 11 10 3 12 15 9 6 5
5 2 1 8 4 5 2 14 7 13 11 10 3 12 15 9 6 0
3 3 1 8 4 5 2 14 7 13 11 10 0 12 15 9 6 3
6 1 1 8 4 5 2 14 7 13 11 10 6 12 15 9 0 3
3 1 1 8 4 5 2 14 7 13 11 10 6 12 15 9 3 0
15 2 1 8 4 5 2 14 7 13 11 10 6 12 0 9 3 15
5 3 1 8 4 0 2 14 7 13 11 10 6 12 5 9 3 15
4 1 1 8 0 4 2 14 7 13 11 10 6 12 5 9 3 15
8 1 1 0 8 4 2 14 7 13 11 10 6 12 5 9 3 15
14 1 1 14 8 4 2 0 7 13 11 10 6 12 5 9 3 15
2 1 1 14 8 4 0 2 7 13 11 10 6 12 5 9 3 15
11 1 1 14 8 4 11 2 7 13 0 10 6 12 5 9 3 15
5 1 1 14 8 4 11 2 7 13 5 10 6 12 0 9 3 15
15 2 1 14 8 4 11 2 7 13 5 10 6 12 15 9 3 0
6 3 1 14 8 4 11 2 7 13 5 10 0 12 15 9 3 6
3 1 1 14 8 4 11 2 7 13 5 10 3 12 15 9 0 6
6 1 1 14 8 4 11 2 7 13 5 10 3 12 15 9 6 0
15 2 1 14 8 4 11 2 7 13 5 10 3 12 0 9 6 15
9 1 1 14 8 4 11 2 7 13 5 10 3 12 9 0 6 15
6 1 1 14 8 4 11 2 7 13 5 10 3 12 9 6 0 15
15 1 1 14 8 4 11 2 7 13 5 10 3 12 9 6 15 0
9 2 1 14 8 4 11 2 7 13 5 10 3 12 0 6 15 9
5 1 1 14 8 4 11 2 7 13 0 10 3 12 5 6 15 9
11 1 1 14 8 4 0 2 7 13 11 10 3 12 5 6 15 9
2 1 1 14 8 4 2 0 7 13 11 10 3 12 5 6 15 9
14 1 1 0 8 4 2 14 7 13 11 10 3 12 5 6 15 9
8 1 1 8 0 4 2 14 7 13 11 10 3 12 5 6 15 9
4 1 1 8 4 0 2 14 7 13 11 10 3 12 5 6 15 9
9 2 1 8 4 9 2 14 7 13 11 10 3 12 5 6 15 0
5 2 1 8 4 9 2 14 7 13 11 10 3 12 0 6 15 5
9 3 1 8 4 0 2 14 7 13 11 10 3 12 9 6 15 5
4 1 1 8 0 4 2 14 7 13 11 10 3 12 9 6 15 5
8 1 1 0 8 4 2 14 7 13 11 10 3 12 9 6 15 5
14 1 1 14 8 4 2 0 7 13 11 10 3 12 9 6 15 5
2 1 1 14 8 4 0 2 7 13 11 10 3 12 9 6 15 5
11 1 1 14 8 4 11 2 7 13 0 10 3 12 9 6 15 5
9 1 1 14 8 4 11 2 7 13 9 10 3 12 0 6 15 5
5 2 1 14 8 4 11 2 7 13 9 10 3 12 5 6 15 0
4 2 1 14 8 0 11 2 7 13 9 10 3 12 5 6 15 4
8 1 1 14 0 8 11 2 7 13 9 10 3 12 5 6 15 4
14 1 1 0 14 8 11 2 7 13 9 10 3 12 5 6 15 4
2 1 1 2 14 8 11 0 7 13 9 10 3 12 5 6 15 4
11 1 1 2 14 8 0 11 7 13 9 10 3 12 5 6 15 4
9 1 1 2 14 8 9 11 7 13 0 10 3 12 5 6 15 4
5 1 1 2 14 8 9 11 7 13 5 10 3 12 0 6 15 4
4 2 1 2 14 8 9 11 7 13 5 10 3 12 4 6 15 0
8 2 1 2 14 0 9 11 7 13 5 10 3 12 4 6 15 8
4 3 1 2 14 4 9 11 7 13 5 10 3 12 0 6 15 8
5 1 1 2 14 4 9 11 7 13 0 10 3 12 5 6 15 8
9 1 1 2 14 4 0 11 7 13 9 10 3 12 5 6 15 8
11 1 1 2 14 4 11 0 7 13 9 10 3 12 5 6 15 8
10 1 1 2 14 4 11 10 7 13 9 0 3 12 5 6 15 8
6 1 1 2 14 4 11 10 7 13 9 6 3 12 5 0 15 8
5 1 1 2 14 4 11 10 7 13 9 6 3 12 0 5 15 8
8 2 1 2 14 4 11 10 7 13 9 6 3 12 8 5 15 0
3 3 1 2 14 4 11 10 7 13 9 6 0 12 8 5 15 3
6 1 1 2 14 4 11 10 7 13 9 0 6 12 8 5 15 3
5 1 1 2 14 4 11 10 7 13 9 5 6 12 8 0 15 3
8 1 1 2 14 4 11 10 7 13 9 5 6 12 0 8 15 3
3 2 1 2 14 4 11 10 7 13 9 5 6 12 3 8 15 0
6 3 1 2 14 4 11 10 7 13 9 5 0 12 3 8 15 6
5 1 1 2 14 4 11 10 7 13 9 0 5 12 3 8 15 6
8 1 1 2 14 4 11 10 7 13 9 8 5 12 3 0 15 6
3 1 1 2 14 4 11 10 7 13 9 8 5 12 0 3 15 6
6 2 1 2 14 4 11 10 7 13 9 8 5 12 6 3 15 0
5 3 1 2 14 4 11 10 7 13 9 8 0 12 6 3 15 5
8 1 1 2 14 4 11 10 7 13 9 0 8 12 6 3 15 5
10 1 1 2 14 4 11 0 7 13 9 10 8 12 6 3 15 5
11 1 1 2 14 4 0 11 7 13 9 10 8 12 6 3 15 5
9 1 1 2 14 4 9 11 7 13 0 10 8 12 6 3 15 5
6 1 1 2 14 4 9 11 7 13 6 10 8 12 0 3 15 5
5 2 1 2 14 4 9 11 7 13 6 10 8 12 5 3 15 0
8 3 1 2 14 4 9 11 7 13 6 10 0 12 5 3 15 8
10 1 1 2 14 4 9 11 7 13 6 0 10 12 5 3 15 8
6 1 1 2 14 4 9 11 7 13 0 6 10 12 5 3 15 8
9 1 1 2 14 4 0 11 7 13 9 6 10 12 5 3 15 8
11 1 1 2 14 4 11 0 7 13 9 6 10 12 5 3 15 8
6 1 1 2 14 4 11 6 7 13 9 0 10 12 5 3 15 8
10 1 1 2 14 4 11 6 7 13 9 10 0 12 5 3 15 8
12 1 1 2 14 4 11 6 7 13 9 10 12 0 5 3 15 8
13 1 1 2 14 4 11 6 7 0 9 10 12 13 5 3 15 8
7 1 1 2 14 4 11 6 0 7 9 10 12 13 5 3 15 8
12 1 1 2 14 4 11 6 12 7 9 10 0 13 5 3 15 8
13 1 1 2 14 4 11 6 12 7 9 10 13 0 5 3 15 8
8 1 1 2 14 4 11 6 12 7 9 10 13 8 5 3 15 0
13 3 1 2 14 4 11 6 12 7 9 10 0 8 5 3 15 13
8 1 1 2 14 4 11 6 12 7 9 10 8 0 5 3 15 13
7 1 1 2 14 4 11 6 12 0 9 10 8 7 5 3 15 13
12 1 1 2 14 4 11 6 0 12 9 10 8 7 5 3 15 13
8 1 1 2 14 4 11 6 8 12 9 10 0 7 5 3 15 13
7 1 1 2 14 4 11 6 8 12 9 10 7 0 5 3 15 13
12 1 1 2 14 4 11 6 8 0 9 10 7 12 5 3 15 13
8 1 1 2 14 4 11 6 0 8 9 10 7 12 5 3 15 13
7 1 1 2 14 4 11 6 7 8 9 10 0 12 5 3 15 13
12 1 1 2 14 4 11 6 7 8 9 10 12 0 5 3 15 13
13 1 1 2 14 4 11 6 7 8 9 10 12 13 5 3 15 0
12 3 1 2 14 4 11 6 7 8 9 10 0 13 5 3 15 12
13 1 1 2 14 4 11 6 7 8 9 10 13 0 5 3 15 12
12 1 1 2 14 4 11 6 7 8 9 10 13 12 5 3 15 0
5 2 1 2 14 4 11 6 7 8 9 10 13 12 0 3 15 5
3 1 1 2 14 4 11 6 7 8 9 10 13 12 3 0 15 5
15 1 1 2 14 4 11 6 7 8 9 10 13 12 3 15 0 5
5 1 1 2 14 4 11 6 7 8 9 10 13 12 3 15 5 0
13 3 1 2 14 4 11 6 7 8 9 10 0 12 3 15 5 13
5 1 1 2 14 4 11 6 7 8 9 10 5 12 3 15 0 13
15 1 1 2 14 4 11 6 7 8 9 10 5 12 3 0 15 13
3 1 1 2 14 4 11 6 7 8 9 10 5 12 0 3 15 13
13 2 1 2 14 4 11 6 7 8 9 10 5 12 13 3 15 0
5 3 1 2 14 4 11 6 7 8 9 10 0 12 13 3 15 5
15 1 1 2 14 4 11 6 7 8 9 10 15 12 13 3 0 5
5 1 1 2 14 4 11 6 7 8 9 10 15 12 13 3 5 0
13 2 1 2 14 4 11 6 7 8 9 10 15 12 0 3 5 13
3 1 1 2 14 4 11 6 7 8 9 10 15 12 3 0 5 13
5 1 1 2 14 4 11 6 7 8 9 10 15 12 3 5 0 13
15 1 1 2 14 4 11 6 7 8 9 10 0 12 3 5 15 13
12 1 1 2 14 4 11 6 7 8 9 10 12 0 3 5 15 13
13 1 1 2 14 4 11 6 7 8 9 10 12 13 3 5 15 0
12 3 1 2 14 4 11 6 7 8 9 10 0 13 3 5 15 12
13 1 1 2 14 4 11 6 7 8 9 10 13 0 3 5 15 12
12 1 1 2 14 4 11 6 7 8 9 10 13 12 3 5 15 0
3 2 1 2 14 4 11 6 7 8 9 10 13 12 0 5 15 3
5 1 1 2 14 4 11 6 7 8 9 10 13 12 5 0 15 3
15 1 1 2 14 4 11 6 7 8 9 10 13 12 5 15 0 3
3 1 1 2 14 4 11 6 7 8 9 10 13 12 5 15 3 0
13 3 1 2 14 4 11 6 7 8 9 10 0 12 5 15 3 13
3 1 1 2 14 4 11 6 7 8 9 10 3 12 5 15 0 13
15 1 1 2 14 4 11 6 7 8 9 10 3 12 5 0 15 13
5 1 1 2 14 4 11 6 7 8 9 10 3 12 0 5 15 13
13 2 1 2 14 4 11 6 7 8 9 10 3 12 13 5 15 0
4 2 1 2 14 0 11 6 7 8 9 10 3 12 13 5 15 4
7 3 1 2 14 7 11 6 0 8 9 10 3 12 13 5 15 4
14 1 1 2 0 7 11 6 14 8 9 10 3 12 13 5 15 4
7 1 1 2 7 0 11 6 14 8 9 10 3 12 13 5 15 4
4 2 1 2 7 4 11 6 14 8 9 10 3 12 13 5 15 0
3 3 1 2 7 4 11 6 14 8 9 10 0 12 13 5 15 3
14 1 1 2 7 4 11 6 0 8 9 10 14 12 13 5 15 3
7 1 1 2 0 4 11 6 7 8 9 10 14 12 13 5 15 3
4 1 1 2 4 0 11 6 7 8 9 10 14 12 13 5 15 3
3 2 1 2 4 3 11 6 7 8 9 10 14 12 13 5 15 0
14 3 1 2 4 3 11 6 7 8 9 10 0 12 13 5 15 14
12 1 1 2 4 3 11 6 7 8 9 10 12 0 13 5 15 14
14 1 1 2 4 3 11 6 7 8 9 10 12 14 13 5 15 0
3 2 1 2 4 0 11 6 7 8 9 10 12 14 13 5 15 3
4 1 1 2 0 4 11 6 7 8 9 10 12 14 13 5 15 3
7 1 1 2 7 4 11 6 0 8 9 10 12 14 13 5 15 3
12 1 1 2 7 4 11 6 12 8 9 10 0 14 13 5 15 3
14 1 1 2 7 4 11 6 12 8 9 10 14 0 13 5 15 3
3 1 1 2 7 4 11 6 12 8 9 10 14 3 13 5 15 0
14 3 1 2 7 4 11 6 12 8 9 10 0 3 13 5 15 14
12 1 1 2 7 4 11 6 0 8 9 10 12 3 13 5 15 14
7 1 1 2 0 4 11 6 7 8 9 10 12 3 13 5 15 14
4 1 1 2 4 0 11 6 7 8 9 10 12 3 13 5 15 14
14 2 1 2 4 14 11 6 7 8 9 10 12 3 13 5 15 0
12 3 1 2 4 14 11 6 7 8 9 10 0 3 13 5 15 12
3 1 1 2 4 14 11 6 7 8 9 10 3 0 13 5 15 12
12 1 1 2 4 14 11 6 7 8 9 10 3 12 13 5 15 0
3 3 1 2 4 14 11 6 7 8 9 10 0 12 13 5 15 3
7 1 1 2 4 14 11 6 0 8 9 10 7 12 13 5 15 3
4 1 1 2 0 14 11 6 4 8 9 10 7 12 13 5 15 3
14 1 1 2 14 0 11 6 4 8 9 10 7 12 13 5 15 3
3 2 1 2 14 3 11 6 4 8 9 10 7 12 13 5 15 0
7 3 1 2 14 3 11 6 4 8 9 10 0 12 13 5 15 7
4 1 1 2 14 3 11 6 0 8 9 10 4 12 13 5 15 7
14 1 1 2 0 3 11 6 14 8 9 10 4 12 13 5 15 7
3 1 1 2 3 0 11 6 14 8 9 10 4 12 13 5 15 7
14 3 1 2 3 14 11 6 0 8 9 10 4 12 13 5 15 7
4 1 1 2 3 14 11 6 4 8 9 10 0 12 13 5 15 7
12 1 1 2 3 14 11 6 4 8 9 10 12 0 13 5 15 7
7 1 1 2 3 14 11 6 4 8 9 10 12 7 13 5 15 0
12 3 1 2 3 14 11 6 4 8 9 10 0 7 13 5 15 12
7 1 1 2 3 14 11 6 4 8 9 10 7 0 13 5 15 12
12 1 1 2 3 14 11 6 4 8 9 10 7 12 13 5 15 0
14 2 1 2 3 0 11 6 4 8 9 10 7 12 13 5 15 14
4 3 1 2 3 4 11 6 0 8 9 10 7 12 13 5 15 14
7 1 1 2 3 4 11 6 7 8 9 10 0 12 13 5 15 14
15 1 1 2 3 4 11 6 7 8 9 10 15 12 13 5 0 14
5 1 1 2 3 4 11 6 7 8 9 10 15 12 13 0 5 14
13 1 1 2 3 4 11 6 7 8 9 10 15 12 0 13 5 14
14 2 1 2 3 4 11 6 7 8 9 10 15 12 14 13 5 0
15 3 1 2 3 4 11 6 7 8 9 10 0 12 14 13 5 15
5 1 1 2 3 4 11 6 7 8 9 10 5 12 14 13 0 15
15 1 1 2 3 4 11 6 7 8 9 10 5 12 14 13 15 0
5 3 1 2 3 4 11 6 7 8 9 10 0 12 14 13 15 5
10 1 1 2 3 4 11 6 7 8 9 0 10 12 14 13 15 5
13 1 1 2 3 4 11 6 7 8 9 13 10 12 14 0 15 5
14 1 1 2 3 4 11 6 7 8 9 13 10 12 0 14 15 5
5 2 1 2 3 4 11 6 7 8 9 13 10 12 5 14 15 0
10 3 1 2 3 4 11 6 7 8 9 13 0 12 5 14 15 10
13 1 1 2 3 4 11 6 7 8 9 0 13 12 5 14 15 10
9 1 1 2 3 4 11 6 7 8 0 9 13 12 5 14 15 10
5 1 1 2 3 4 11 6 7 8 5 9 13 12 0 14 15 10
10 2 1 2 3 4 11 6 7 8 5 9 13 12 10 14 15 0
13 3 1 2 3 4 11 6 7 8 5 9 0 12 10 14 15 13
9 1 1 2 3 4 11 6 7 8 5 0 9 12 10 14 15 13
5 1 1 2 3 4 11 6 7 8 0 5 9 12 10 14 15 13
10 1 1 2 3 4 11 6 7 8 10 5 9 12 0 14 15 13
5 3 1 2 3 4 11 6 7 8 10 0 9 12 5 14 15 13
10 1 1 2 3 4 11 6 7 8 0 10 9 12 5 14 15 13
5 1 1 2 3 4 11 6 7 8 5 10 9 12 0 14 15 13
13 2 1 2 3 4 11 6 7 8 5 10 9 12 13 14 15 0
1 3 0 2 3 4 11 6 7 8 5 10 9 12 13 14 15 1
11 1 11 2 3 4 0 6 7 8 5 10 9 12 13 14 15 1
5 1 11 2 3 4 5 6 7 8 0 10 9 12 13 14 15 1
13 1 11 2 3 4 5 6 7 8 13 10 9 12 0 14 15 1
1 2 11 2 3 4 5 6 7 8 13 10 9 12 1 14 15 0
11 3 0 2 3 4 5 6 7 8 13 10 9 12 1 14 15 11
1 2 1 2 3 4 5 6 7 8 13 10 9 12 0 14 15 11
11 2 1 2 3 4 5 6 7 8 13 10 9 12 11 14 15 0
9 3 1 2 3 4 5 6 7 8 13 10 0 12 11 14 15 9
12 1 1 2 3 4 5 6 7 8 13 10 12 0 11 14 15 9
9 1 1 2 3 4 5 6 7 8 13 10 12 9 11 14 15 0
11 2 1 2 3 4 5 6 7 8 13 10 12 9 0 14 15 11
13 1 1 2 3 4 5 6 7 8 0 10 12 9 13 14 15 11
10 1 1 2 3 4 5 6 7 8 10 0 12 9 13 14 15 11
12 1 1 2 3 4 5 6 7 8 10 12 0 9 13 14 15 11
9 1 1 2 3 4 5 6 7 8 10 12 9 0 13 14 15 11
11 1 1 2 3 4 5 6 7 8 10 12 9 11 13 14 15 0
9 3 1 2 3 4 5 6 7 8 10 12 0 11 13 14 15 9
12 1 1 2 3 4 5 6 7 8 10 0 12 11 13 14 15 9
10 1 1 2 3 4 5 6 7 8 0 10 12 11 13 14 15 9
13 1 1 2 3 4 5 6 7 8 13 10 12 11 0 14 15 9
9 2 1 2 3 4 5 6 7 8 13 10 12 11 9 14 15 0
12 3 1 2 3 4 5 6 7 8 13 10 0 11 9 14 15 12
11 1 1 2 3 4 5 6 7 8 13 10 11 0 9 14 15 12
12 1 1 2 3 4 5 6 7 8 13 10 11 12 9 14 15 0
15 1 1 2 3 4 5 6 7 8 13 10 11 12 9 14 0 15
14 1 1 2 3 4 5 6 7 8 13 10 11 12 9 0 14 15
9 1 1 2 3 4 5 6 7 8 13 10 11 12 0 9 14 15
13 1 1 2 3 4 5 6 7 8 0 10 11 12 13 9 14 15
10 1 1 2 3 4 5 6 7 8 10 0 11 12 13 9 14 15
9 1 1 2 3 4 5 6 7 8 10 9 11 12 13 0 14 15
14 1 1 2 3 4 5 6 7 8 10 9 11 12 13 14 0 15
15 1 1 2 3 4 5 6 7 8 10 9 11 12 13 14 15 0
13 2 1 2 3 4 5 6 7 8 10 9 11 12 0 14 15 13
9 3 1 2 3 4 5 6 7 8 10 0 11 12 9 14 15 13
10 1 1 2 3 4 5 6 7 8 0 10 11 12 9 14 15 13
9 1 1 2 3 4 5 6 7 8 9 10 11 12 0 14 15 13
13 2 1 2 3 4 5 6 7 8 9 10 11 12 13 14 15 0
452 21.23