0 0 15 11 2 8 6 12 14 7 9 10 4 5 1 0 13 3
13 1 15 11 2 8 6 12 14 7 9 10 4 5 1 13 0 3
3 1 15 11 2 8 6 12 14 7 9 10 4 5 1 13 3 0
4 3 15 11 2 8 6 12 14 7 9 10 0 5 1 13 3 4
5 1 15 11 2 8 6 12 14 7 9 10 5 0 1 13 3 4
4 1 15 11 2 8 6 12 14 7 9 10 5 4 1 13 3 0
5 3 15 11 2 8 6 12 14 7 9 10 0 4 1 13 3 5
3 1 15 11 2 8 6 12 14 7 9 10 3 4 1 13 0 5
5 1 15 11 2 8 6 12 14 7 9 10 3 4 1 13 5 0
3 3 15 11 2 8 6 12 14 7 9 10 0 4 1 13 5 3
4 1 15 11 2 8 6 12 14 7 9 10 4 0 1 13 5 3
3 1 15 11 2 8 6 12 14 7 9 10 4 3 1 13 5 0
4 3 15 11 2 8 6 12 14 7 9 10 0 3 1 13 5 4
5 1 15 11 2 8 6 12 14 7 9 10 5 3 1 13 0 4
4 1 15 11 2 8 6 12 14 7 9 10 5 3 1 13 4 0
5 3 15 11 2 8 6 12 14 7 9 10 0 3 1 13 4 5
3 1 15 11 2 8 6 12 14 7 9 10 3 0 1 13 4 5
5 1 15 11 2 8 6 12 14 7 9 10 3 5 1 13 4 0
15 3 0 11 2 8 6 12 14 7 9 10 3 5 1 13 4 15
1 2 1 11 2 8 6 12 14 7 9 10 3 5 0 13 4 15
13 1 1 11 2 8 6 12 14 7 9 10 3 5 13 0 4 15
4 1 1 11 2 8 6 12 14 7 9 10 3 5 13 4 0 15
15 1 1 11 2 8 6 12 14 7 9 10 3 5 13 4 15 0
3 3 1 11 2 8 6 12 14 7 9 10 0 5 13 4 15 3
5 1 1 11 2 8 6 12 14 7 9 10 5 0 13 4 15 3
3 1 1 11 2 8 6 12 14 7 9 10 5 3 13 4 15 0
5 3 1 11 2 8 6 12 14 7 9 10 0 3 13 4 15 5
14 1 1 11 2 8 6 12 0 7 9 10 14 3 13 4 15 5
7 1 1 11 2 8 6 12 7 0 9 10 14 3 13 4 15 5
8 1 1 11 2 0 6 12 7 8 9 10 14 3 13 4 15 5
1 2 0 11 2 1 6 12 7 8 9 10 14 3 13 4 15 5
5 3 5 11 2 1 6 12 7 8 9 10 14 3 13 4 15 0
14 3 5 11 2 1 6 12 7 8 9 10 0 3 13 4 15 14
3 1 5 11 2 1 6 12 7 8 9 10 3 0 13 4 15 14
14 1 5 11 2 1 6 12 7 8 9 10 3 14 13 4 15 0
1 2 5 11 2 0 6 12 7 8 9 10 3 14 13 4 15 1
2 1 5 11 0 2 6 12 7 8 9 10 3 14 13 4 15 1
11 1 5 0 11 2 6 12 7 8 9 10 3 14 13 4 15 1
5 1 0 5 11 2 6 12 7 8 9 10 3 14 13 4 15 1
1 3 1 5 11 2 6 12 7 8 9 10 3 14 13 4 15 0
2 2 1 5 11 0 6 12 7 8 9 10 3 14 13 4 15 2
11 1 1 5 0 11 6 12 7 8 9 10 3 14 13 4 15 2
5 1 1 0 5 11 6 12 7 8 9 10 3 14 13 4 15 2
12 1 1 12 5 11 6 0 7 8 9 10 3 14 13 4 15 2
10 1 1 12 5 11 6 10 7 8 9 0 3 14 13 4 15 2
3 1 1 12 5 11 6 10 7 8 9 3 0 14 13 4 15 2
14 1 1 12 5 11 6 10 7 8 9 3 14 0 13 4 15 2
2 1 1 12 5 11 6 10 7 8 9 3 14 2 13 4 15 0
14 3 1 12 5 11 6 10 7 8 9 3 0 2 13 4 15 14
2 1 1 12 5 11 6 10 7 8 9 3 2 0 13 4 15 14
14 1 1 12 5 11 6 10 7 8 9 3 2 14 13 4 15 0
11 2 1 12 5 0 6 10 7 8 9 3 2 14 13 4 15 11
5 1 1 12 0 5 6 10 7 8 9 3 2 14 13 4 15 11
12 1 1 0 12 5 6 10 7 8 9 3 2 14 13 4 15 11
10 1 1 10 12 5 6 0 7 8 9 3 2 14 13 4 15 11
6 1 1 10 12 5 0 6 7 8 9 3 2 14 13 4 15 11
9 1 1 10 12 5 9 6 7 8 0 3 2 14 13 4 15 11
3 1 1 10 12 5 9 6 7 8 3 0 2 14 13 4 15 11
2 1 1 10 12 5 9 6 7 8 3 2 0 14 13 4 15 11
14 1 1 10 12 5 9 6 7 8 3 2 14 0 13 4 15 11
11 1 1 10 12 5 9 6 7 8 3 2 14 11 13 4 15 0
14 3 1 10 12 5 9 6 7 8 3 2 0 11 13 4 15 14
11 1 1 10 12 5 9 6 7 8 3 2 11 0 13 4 15 14
14 1 1 10 12 5 9 6 7 8 3 2 11 14 13 4 15 0
5 2 1 10 12 0 9 6 7 8 3 2 11 14 13 4 15 5
12 1 1 10 0 12 9 6 7 8 3 2 11 14 13 4 15 5
10 1 1 0 10 12 9 6 7 8 3 2 11 14 13 4 15 5
1 1 0 1 10 12 9 6 7 8 3 2 11 14 13 4 15 5
5 3 5 1 10 12 9 6 7 8 3 2 11 14 13 4 15 0
12 2 5 1 10 0 9 6 7 8 3 2 11 14 13 4 15 12
5 2 0 1 10 5 9 6 7 8 3 2 11 14 13 4 15 12
1 1 1 0 10 5 9 6 7 8 3 2 11 14 13 4 15 12
10 1 1 10 0 5 9 6 7 8 3 2 11 14 13 4 15 12
5 1 1 10 5 0 9 6 7 8 3 2 11 14 13 4 15 12
12 2 1 10 5 12 9 6 7 8 3 2 11 14 13 4 15 0
14 1 1 10 5 12 9 6 7 8 3 2 11 0 13 4 15 14
11 1 1 10 5 12 9 6 7 8 3 2 0 11 13 4 15 14
2 1 1 10 5 12 9 6 7 8 3 0 2 11 13 4 15 14
3 1 1 10 5 12 9 6 7 8 0 3 2 11 13 4 15 14
9 1 1 10 5 12 0 6 7 8 9 3 2 11 13 4 15 14
6 1 1 10 5 12 6 0 7 8 9 3 2 11 13 4 15 14
3 1 1 10 5 12 6 3 7 8 9 0 2 11 13 4 15 14
2 1 1 10 5 12 6 3 7 8 9 2 0 11 13 4 15 14
11 1 1 10 5 12 6 3 7 8 9 2 11 0 13 4 15 14
14 1 1 10 5 12 6 3 7 8 9 2 11 14 13 4 15 0
12 2 1 10 5 0 6 3 7 8 9 2 11 14 13 4 15 12
5 1 1 10 0 5 6 3 7 8 9 2 11 14 13 4 15 12
10 1 1 0 10 5 6 3 7 8 9 2 11 14 13 4 15 12
3 1 1 3 10 5 6 0 7 8 9 2 11 14 13 4 15 12
2 1 1 3 10 5 6 2 7 8 9 0 11 14 13 4 15 12
4 1 1 3 10 5 6 2 7 8 9 4 11 14 13 0 15 12
15 1 1 3 10 5 6 2 7 8 9 4 11 14 13 15 0 12
12 1 1 3 10 5 6 2 7 8 9 4 11 14 13 15 12 0
5 2 1 3 10 0 6 2 7 8 9 4 11 14 13 15 12 5
10 1 1 3 0 10 6 2 7 8 9 4 11 14 13 15 12 5
3 1 1 0 3 10 6 2 7 8 9 4 11 14 13 15 12 5
2 1 1 2 3 10 6 0 7 8 9 4 11 14 13 15 12 5
4 1 1 2 3 10 6 4 7 8 9 0 11 14 13 15 12 5
15 1 1 2 3 10 6 4 7 8 9 15 11 14 13 0 12 5
12 1 1 2 3 10 6 4 7 8 9 15 11 14 13 12 0 5
5 1 1 2 3 10 6 4 7 8 9 15 11 14 13 12 5 0
14 1 1 2 3 10 6 4 7 8 9 15 11 0 13 12 5 14
11 1 1 2 3 10 6 4 7 8 9 15 0 11 13 12 5 14
15 1 1 2 3 10 6 4 7 8 9 0 15 11 13 12 5 14
12 1 1 2 3 10 6 4 7 8 9 12 15 11 13 0 5 14
5 1 1 2 3 10 6 4 7 8 9 12 15 11 13 5 0 14
15 1 1 2 3 10 6 4 7 8 9 12 0 11 13 5 15 14
11 1 1 2 3 10 6 4 7 8 9 12 11 0 13 5 15 14
14 1 1 2 3 10 6 4 7 8 9 12 11 14 13 5 15 0
10 2 1 2 3 0 6 4 7 8 9 12 11 14 13 5 15 10
13 3 1 2 3 13 6 4 7 8 9 12 11 14 0 5 15 10
12 3 1 2 3 13 6 4 7 8 9 0 11 14 12 5 15 10
5 1 1 2 3 13 6 4 7 8 9 5 11 14 12 0 15 10
12 1 1 2 3 13 6 4 7 8 9 5 11 14 0 12 15 10
13 3 1 2 3 0 6 4 7 8 9 5 11 14 13 12 15 10
10 2 1 2 3 10 6 4 7 8 9 5 11 14 13 12 15 0
14 1 1 2 3 10 6 4 7 8 9 5 11 0 13 12 15 14
11 1 1 2 3 10 6 4 7 8 9 5 0 11 13 12 15 14
5 1 1 2 3 10 6 4 7 8 9 0 5 11 13 12 15 14
4 1 1 2 3 10 6 0 7 8 9 4 5 11 13 12 15 14
6 1 1 2 3 10 0 6 7 8 9 4 5 11 13 12 15 14
9 1 1 2 3 10 9 6 7 8 0 4 5 11 13 12 15 14
4 1 1 2 3 10 9 6 7 8 4 0 5 11 13 12 15 14
5 1 1 2 3 10 9 6 7 8 4 5 0 11 13 12 15 14
11 1 1 2 3 10 9 6 7 8 4 5 11 0 13 12 15 14
14 1 1 2 3 10 9 6 7 8 4 5 11 14 13 12 15 0
10 2 1 2 3 0 9 6 7 8 4 5 11 14 13 12 15 10
13 3 1 2 3 13 9 6 7 8 4 5 11 14 0 12 15 10
4 1 1 2 3 13 9 6 7 8 0 5 11 14 4 12 15 10
9 1 1 2 3 13 0 6 7 8 9 5 11 14 4 12 15 10
6 1 1 2 3 13 6 0 7 8 9 5 11 14 4 12 15 10
5 1 1 2 3 13 6 5 7 8 9 0 11 14 4 12 15 10
12 1 1 2 3 13 6 5 7 8 9 12 11 14 4 0 15 10
4 1 1 2 3 13 6 5 7 8 9 12 11 14 0 4 15 10
13 3 1 2 3 0 6 5 7 8 9 12 11 14 13 4 15 10
10 2 1 2 3 10 6 5 7 8 9 12 11 14 13 4 15 0
11 3 1 2 3 10 6 5 7 8 9 12 0 14 13 4 15 11
12 1 1 2 3 10 6 5 7 8 9 0 12 14 13 4 15 11
5 1 1 2 3 10 6 0 7 8 9 5 12 14 13 4 15 11
6 1 1 2 3 10 0 6 7 8 9 5 12 14 13 4 15 11
9 1 1 2 3 10 9 6 7 8 0 5 12 14 13 4 15 11
5 1 1 2 3 10 9 6 7 8 5 0 12 14 13 4 15 11
12 1 1 2 3 10 9 6 7 8 5 12 0 14 13 4 15 11
14 1 1 2 3 10 9 6 7 8 5 12 14 0 13 4 15 11
11 1 1 2 3 10 9 6 7 8 5 12 14 11 13 4 15 0
14 3 1 2 3 10 9 6 7 8 5 12 0 11 13 4 15 14
11 1 1 2 3 10 9 6 7 8 5 12 11 0 13 4 15 14
14 1 1 2 3 10 9 6 7 8 5 12 11 14 13 4 15 0
10 2 1 2 3 0 9 6 7 8 5 12 11 14 13 4 15 10
1 2 0 2 3 1 9 6 7 8 5 12 11 14 13 4 15 10
9 1 9 2 3 1 0 6 7 8 5 12 11 14 13 4 15 10
5 1 9 2 3 1 5 6 7 8 0 12 11 14 13 4 15 10
12 1 9 2 3 1 5 6 7 8 12 0 11 14 13 4 15 10
4 1 9 2 3 1 5 6 7 8 12 4 11 14 13 0 15 10
15 1 9 2 3 1 5 6 7 8 12 4 11 14 13 15 0 10
10 1 9 2 3 1 5 6 7 8 12 4 11 14 13 15 10 0
9 3 0 2 3 1 5 6 7 8 12 4 11 14 13 15 10 9
1 2 1 2 3 0 5 6 7 8 12 4 11 14 13 15 10 9
9 2 1 2 3 9 5 6 7 8 12 4 11 14 13 15 10 0
10 1 1 2 3 9 5 6 7 8 12 4 11 14 13 15 0 10
15 1 1 2 3 9 5 6 7 8 12 4 11 14 13 0 15 10
13 1 1 2 3 9 5 6 7 8 12 4 11 14 0 13 15 10
4 3 1 2 3 9 5 6 7 8 12 0 11 14 4 13 15 10
12 1 1 2 3 9 5 6 7 8 0 12 11 14 4 13 15 10
4 1 1 2 3 9 5 6 7 8 4 12 11 14 0 13 15 10
13 1 1 2 3 9 5 6 7 8 4 12 11 14 13 0 15 10
12 1 1 2 3 9 5 6 7 8 4 0 11 14 13 12 15 10
4 1 1 2 3 9 5 6 7 8 0 4 11 14 13 12 15 10
13 1 1 2 3 9 5 6 7 8 13 4 11 14 0 12 15 10
10 2 1 2 3 9 5 6 7 8 13 4 11 14 10 12 15 0
9 2 1 2 3 0 5 6 7 8 13 4 11 14 10 12 15 9
10 3 1 2 3 10 5 6 7 8 13 4 11 14 0 12 15 9
13 1 1 2 3 10 5 6 7 8 0 4 11 14 13 12 15 9
4 1 1 2 3 10 5 6 7 8 4 0 11 14 13 12 15 9
11 1 1 2 3 10 5 6 7 8 4 11 0 14 13 12 15 9
14 1 1 2 3 10 5 6 7 8 4 11 14 0 13 12 15 9
9 1 1 2 3 10 5 6 7 8 4 11 14 9 13 12 15 0
14 3 1 2 3 10 5 6 7 8 4 11 0 9 13 12 15 14
11 1 1 2 3 10 5 6 7 8 4 0 11 9 13 12 15 14
4 1 1 2 3 10 5 6 7 8 0 4 11 9 13 12 15 14
13 1 1 2 3 10 5 6 7 8 13 4 11 9 0 12 15 14
14 2 1 2 3 10 5 6 7 8 13 4 11 9 14 12 15 0
10 2 1 2 3 0 5 6 7 8 13 4 11 9 14 12 15 10
14 3 1 2 3 14 5 6 7 8 13 4 11 9 0 12 15 10
12 1 1 2 3 14 5 6 7 8 13 4 11 9 12 0 15 10
4 1 1 2 3 14 5 6 7 8 13 0 11 9 12 4 15 10
13 1 1 2 3 14 5 6 7 8 0 13 11 9 12 4 15 10
12 1 1 2 3 14 5 6 7 8 12 13 11 9 0 4 15 10
10 2 1 2 3 14 5 6 7 8 12 13 11 9 10 4 15 0
14 2 1 2 3 0 5 6 7 8 12 13 11 9 10 4 15 14
10 3 1 2 3 10 5 6 7 8 12 13 11 9 0 4 15 14
13 3 1 2 3 10 5 6 7 8 12 0 11 9 13 4 15 14
11 1 1 2 3 10 5 6 7 8 12 11 0 9 13 4 15 14
9 1 1 2 3 10 5 6 7 8 12 11 9 0 13 4 15 14
14 1 1 2 3 10 5 6 7 8 12 11 9 14 13 4 15 0
10 2 1 2 3 0 5 6 7 8 12 11 9 14 13 4 15 10
13 3 1 2 3 13 5 6 7 8 12 11 9 14 0 4 15 10
10 2 1 2 3 13 5 6 7 8 12 11 9 14 10 4 15 0
9 3 1 2 3 13 5 6 7 8 12 11 0 14 10 4 15 9
11 1 1 2 3 13 5 6 7 8 12 0 11 14 10 4 15 9
12 1 1 2 3 13 5 6 7 8 0 12 11 14 10 4 15 9
10 1 1 2 3 13 5 6 7 8 10 12 11 14 0 4 15 9
13 3 1 2 3 0 5 6 7 8 10 12 11 14 13 4 15 9
9 2 1 2 3 9 5 6 7 8 10 12 11 14 13 4 15 0
14 1 1 2 3 9 5 6 7 8 10 12 11 0 13 4 15 14
11 1 1 2 3 9 5 6 7 8 10 12 0 11 13 4 15 14
12 1 1 2 3 9 5 6 7 8 10 0 12 11 13 4 15 14
10 1 1 2 3 9 5 6 7 8 0 10 12 11 13 4 15 14
13 1 1 2 3 9 5 6 7 8 13 10 12 11 0 4 15 14
14 2 1 2 3 9 5 6 7 8 13 10 12 11 14 4 15 0
12 3 1 2 3 9 5 6 7 8 13 10 0 11 14 4 15 12
11 1 1 2 3 9 5 6 7 8 13 10 11 0 14 4 15 12
12 1 1 2 3 9 5 6 7 8 13 10 11 12 14 4 15 0
14 2 1 2 3 9 5 6 7 8 13 10 11 12 0 4 15 14
4 1 1 2 3 9 5 6 7 8 13 10 11 12 4 0 15 14
15 1 1 2 3 9 5 6 7 8 13 10 11 12 4 15 0 14
14 1 1 2 3 9 5 6 7 8 13 10 11 12 4 15 14 0
9 2 1 2 3 0 5 6 7 8 13 10 11 12 4 15 14 9
4 3 1 2 3 4 5 6 7 8 13 10 11 12 0 15 14 9
13 1 1 2 3 4 5 6 7 8 0 10 11 12 13 15 14 9
10 1 1 2 3 4 5 6 7 8 10 0 11 12 13 15 14 9
15 1 1 2 3 4 5 6 7 8 10 15 11 12 13 0 14 9
14 1 1 2 3 4 5 6 7 8 10 15 11 12 13 14 0 9
9 1 1 2 3 4 5 6 7 8 10 15 11 12 13 14 9 0
11 3 1 2 3 4 5 6 7 8 10 15 0 12 13 14 9 11
15 1 1 2 3 4 5 6 7 8 10 0 15 12 13 14 9 11
10 1 1 2 3 4 5 6 7 8 0 10 15 12 13 14 9 11
13 1 1 2 3 4 5 6 7 8 13 10 15 12 0 14 9 11
11 2 1 2 3 4 5 6 7 8 13 10 15 12 11 14 9 0
15 3 1 2 3 4 5 6 7 8 13 10 0 12 11 14 9 15
9 1 1 2 3 4 5 6 7 8 13 10 9 12 11 14 0 15
15 1 1 2 3 4 5 6 7 8 13 10 9 12 11 14 15 0
11 2 1 2 3 4 5 6 7 8 13 10 9 12 0 14 15 11
13 1 1 2 3 4 5 6 7 8 0 10 9 12 13 14 15 11
10 1 1 2 3 4 5 6 7 8 10 0 9 12 13 14 15 11
9 1 1 2 3 4 5 6 7 8 10 9 0 12 13 14 15 11
12 1 1 2 3 4 5 6 7 8 10 9 12 0 13 14 15 11
11 1 1 2 3 4 5 6 7 8 10 9 12 11 13 14 15 0
12 3 1 2 3 4 5 6 7 8 10 9 0 11 13 14 15 12
11 1 1 2 3 4 5 6 7 8 10 9 11 0 13 14 15 12
12 1 1 2 3 4 5 6 7 8 10 9 11 12 13 14 15 0
13 2 1 2 3 4 5 6 7 8 10 9 11 12 0 14 15 13
9 3 1 2 3 4 5 6 7 8 10 0 11 12 9 14 15 13
10 1 1 2 3 4 5 6 7 8 0 10 11 12 9 14 15 13
9 1 1 2 3 4 5 6 7 8 9 10 11 12 0 14 15 13
13 2 1 2 3 4 5 6 7 8 9 10 11 12 13 14 15 0
322 1.9