0 0 7 15 11 2 9 1 5 0 4 13 12 14 3 8 10 6
14 1 7 15 11 2 9 1 5 14 4 13 12 0 3 8 10 6
6 1 7 15 11 2 9 1 5 14 4 13 12 6 3 8 10 0
12 3 7 15 11 2 9 1 5 14 4 13 0 6 3 8 10 12
6 1 7 15 11 2 9 1 5 14 4 13 6 0 3 8 10 12
12 1 7 15 11 2 9 1 5 14 4 13 6 12 3 8 10 0
7 3 0 15 11 2 9 1 5 14 4 13 6 12 3 8 10 7
1 3 1 15 11 2 9 0 5 14 4 13 6 12 3 8 10 7
5 1 1 15 11 2 9 5 0 14 4 13 6 12 3 8 10 7
6 1 1 15 11 2 9 5 6 14 4 13 0 12 3 8 10 7
12 1 1 15 11 2 9 5 6 14 4 13 12 0 3 8 10 7
7 1 1 15 11 2 9 5 6 14 4 13 12 7 3 8 10 0
12 3 1 15 11 2 9 5 6 14 4 13 0 7 3 8 10 12
7 1 1 15 11 2 9 5 6 14 4 13 7 0 3 8 10 12
12 1 1 15 11 2 9 5 6 14 4 13 7 12 3 8 10 0
2 2 1 15 11 0 9 5 6 14 4 13 7 12 3 8 10 2
6 3 1 15 11 6 9 5 0 14 4 13 7 12 3 8 10 2
5 1 1 15 11 6 9 0 5 14 4 13 7 12 3 8 10 2
9 1 1 15 11 6 0 9 5 14 4 13 7 12 3 8 10 2
4 1 1 15 11 6 4 9 5 14 0 13 7 12 3 8 10 2
3 1 1 15 11 6 4 9 5 14 3 13 7 12 0 8 10 2
2 2 1 15 11 6 4 9 5 14 3 13 7 12 2 8 10 0
7 3 1 15 11 6 4 9 5 14 3 13 0 12 2 8 10 7
12 1 1 15 11 6 4 9 5 14 3 13 12 0 2 8 10 7
7 1 1 15 11 6 4 9 5 14 3 13 12 7 2 8 10 0
12 3 1 15 11 6 4 9 5 14 3 13 0 7 2 8 10 12
13 1 1 15 11 6 4 9 5 14 3 0 13 7 2 8 10 12
9 1 1 15 11 6 4 0 5 14 3 9 13 7 2 8 10 12
5 1 1 15 11 6 4 5 0 14 3 9 13 7 2 8 10 12
13 1 1 15 11 6 4 5 13 14 3 9 0 7 2 8 10 12
7 1 1 15 11 6 4 5 13 14 3 9 7 0 2 8 10 12
12 1 1 15 11 6 4 5 13 14 3 9 7 12 2 8 10 0
7 3 1 15 11 6 4 5 13 14 3 9 0 12 2 8 10 7
12 1 1 15 11 6 4 5 13 14 3 9 12 0 2 8 10 7
7 1 1 15 11 6 4 5 13 14 3 9 12 7 2 8 10 0
6 2 1 15 11 0 4 5 13 14 3 9 12 7 2 8 10 6
13 3 1 15 11 13 4 5 0 14 3 9 12 7 2 8 10 6
5 1 1 15 11 13 4 0 5 14 3 9 12 7 2 8 10 6
9 1 1 15 11 13 4 9 5 14 3 0 12 7 2 8 10 6
12 1 1 15 11 13 4 9 5 14 3 12 0 7 2 8 10 6
7 1 1 15 11 13 4 9 5 14 3 12 7 0 2 8 10 6
6 1 1 15 11 13 4 9 5 14 3 12 7 6 2 8 10 0
7 3 1 15 11 13 4 9 5 14 3 12 0 6 2 8 10 7
6 1 1 15 11 13 4 9 5 14 3 12 6 0 2 8 10 7
7 1 1 15 11 13 4 9 5 14 3 12 6 7 2 8 10 0
2 2 1 15 11 13 4 9 5 14 3 12 6 7 0 8 10 2
12 3 1 15 11 13 4 9 5 14 3 0 6 7 12 8 10 2
6 1 1 15 11 13 4 9 5 14 3 6 0 7 12 8 10 2
7 1 1 15 11 13 4 9 5 14 3 6 7 0 12 8 10 2
2 1 1 15 11 13 4 9 5 14 3 6 7 2 12 8 10 0
7 3 1 15 11 13 4 9 5 14 3 6 0 2 12 8 10 7
2 1 1 15 11 13 4 9 5 14 3 6 2 0 12 8 10 7
7 1 1 15 11 13 4 9 5 14 3 6 2 7 12 8 10 0
12 2 1 15 11 13 4 9 5 14 3 6 2 7 0 8 10 12
6 3 1 15 11 13 4 9 5 14 3 0 2 7 6 8 10 12
2 1 1 15 11 13 4 9 5 14 3 2 0 7 6 8 10 12
7 1 1 15 11 13 4 9 5 14 3 2 7 0 6 8 10 12
12 1 1 15 11 13 4 9 5 14 3 2 7 12 6 8 10 0
7 3 1 15 11 13 4 9 5 14 3 2 0 12 6 8 10 7
12 1 1 15 11 13 4 9 5 14 3 2 12 0 6 8 10 7
7 1 1 15 11 13 4 9 5 14 3 2 12 7 6 8 10 0
10 1 1 15 11 13 4 9 5 14 3 2 12 7 6 8 0 10
12 1 1 15 11 13 4 9 5 14 3 2 0 7 6 8 12 10
7 1 1 15 11 13 4 9 5 14 3 2 7 0 6 8 12 10
10 1 1 15 11 13 4 9 5 14 3 2 7 10 6 8 12 0
7 3 1 15 11 13 4 9 5 14 3 2 0 10 6 8 12 7
10 1 1 15 11 13 4 9 5 14 3 2 10 0 6 8 12 7
7 1 1 15 11 13 4 9 5 14 3 2 10 7 6 8 12 0
6 2 1 15 11 13 4 9 5 14 3 2 10 7 0 8 12 6
2 3 1 15 11 13 4 9 5 14 3 0 10 7 2 8 12 6
10 1 1 15 11 13 4 9 5 14 3 10 0 7 2 8 12 6
7 1 1 15 11 13 4 9 5 14 3 10 7 0 2 8 12 6
6 1 1 15 11 13 4 9 5 14 3 10 7 6 2 8 12 0
2 2 1 15 11 13 4 9 5 14 3 10 7 6 0 8 12 2
10 3 1 15 11 13 4 9 5 14 3 0 7 6 10 8 12 2
7 1 1 15 11 13 4 9 5 14 3 7 0 6 10 8 12 2
6 1 1 15 11 13 4 9 5 14 3 7 6 0 10 8 12 2
2 1 1 15 11 13 4 9 5 14 3 7 6 2 10 8 12 0
6 3 1 15 11 13 4 9 5 14 3 7 0 2 10 8 12 6
5 1 1 15 11 13 4 9 0 14 3 7 5 2 10 8 12 6
9 1 1 15 11 13 4 0 9 14 3 7 5 2 10 8 12 6
15 1 1 0 11 13 4 15 9 14 3 7 5 2 10 8 12 6
11 1 1 11 0 13 4 15 9 14 3 7 5 2 10 8 12 6
9 1 1 11 9 13 4 15 0 14 3 7 5 2 10 8 12 6
5 1 1 11 9 13 4 15 5 14 3 7 0 2 10 8 12 6
2 1 1 11 9 13 4 15 5 14 3 7 2 0 10 8 12 6
6 1 1 11 9 13 4 15 5 14 3 7 2 6 10 8 12 0
10 2 1 11 9 13 4 15 5 14 3 7 2 6 0 8 12 10
7 3 1 11 9 13 4 15 5 14 3 0 2 6 7 8 12 10
2 1 1 11 9 13 4 15 5 14 3 2 0 6 7 8 12 10
6 1 1 11 9 13 4 15 5 14 3 2 6 0 7 8 12 10
10 1 1 11 9 13 4 15 5 14 3 2 6 10 7 8 12 0
6 3 1 11 9 13 4 15 5 14 3 2 0 10 7 8 12 6
10 1 1 11 9 13 4 15 5 14 3 2 10 0 7 8 12 6
6 1 1 11 9 13 4 15 5 14 3 2 10 6 7 8 12 0
7 2 1 11 9 13 4 15 5 14 3 2 10 6 0 8 12 7
2 3 1 11 9 13 4 15 5 14 3 0 10 6 2 8 12 7
10 1 1 11 9 13 4 15 5 14 3 10 0 6 2 8 12 7
6 1 1 11 9 13 4 15 5 14 3 10 6 0 2 8 12 7
7 1 1 11 9 13 4 15 5 14 3 10 6 7 2 8 12 0
6 3 1 11 9 13 4 15 5 14 3 10 0 7 2 8 12 6
10 1 1 11 9 13 4 15 5 14 3 0 10 7 2 8 12 6
15 1 1 11 9 13 4 0 5 14 3 15 10 7 2 8 12 6
5 1 1 11 9 13 4 5 0 14 3 15 10 7 2 8 12 6
10 1 1 11 9 13 4 5 10 14 3 15 0 7 2 8 12 6
7 1 1 11 9 13 4 5 10 14 3 15 7 0 2 8 12 6
6 1 1 11 9 13 4 5 10 14 3 15 7 6 2 8 12 0
7 3 1 11 9 13 4 5 10 14 3 15 0 6 2 8 12 7
6 1 1 11 9 13 4 5 10 14 3 15 6 0 2 8 12 7
7 1 1 11 9 13 4 5 10 14 3 15 6 7 2 8 12 0
2 2 1 11 9 13 4 5 10 14 3 15 6 7 0 8 12 2
15 3 1 11 9 13 4 5 10 14 3 0 6 7 15 8 12 2
6 1 1 11 9 13 4 5 10 14 3 6 0 7 15 8 12 2
7 1 1 11 9 13 4 5 10 14 3 6 7 0 15 8 12 2
2 1 1 11 9 13 4 5 10 14 3 6 7 2 15 8 12 0
7 3 1 11 9 13 4 5 10 14 3 6 0 2 15 8 12 7
2 1 1 11 9 13 4 5 10 14 3 6 2 0 15 8 12 7
7 1 1 11 9 13 4 5 10 14 3 6 2 7 15 8 12 0
15 2 1 11 9 13 4 5 10 14 3 6 2 7 0 8 12 15
6 3 1 11 9 13 4 5 10 14 3 0 2 7 6 8 12 15
2 1 1 11 9 13 4 5 10 14 3 2 0 7 6 8 12 15
7 1 1 11 9 13 4 5 10 14 3 2 7 0 6 8 12 15
15 1 1 11 9 13 4 5 10 14 3 2 7 15 6 8 12 0
6 2 1 11 9 13 4 5 10 14 3 2 7 15 0 8 12 6
2 3 1 11 9 13 4 5 10 14 3 0 7 15 2 8 12 6
7 1 1 11 9 13 4 5 10 14 3 7 0 15 2 8 12 6
15 1 1 11 9 13 4 5 10 14 3 7 15 0 2 8 12 6
6 1 1 11 9 13 4 5 10 14 3 7 15 6 2 8 12 0
15 3 1 11 9 13 4 5 10 14 3 7 0 6 2 8 12 15
6 1 1 11 9 13 4 5 10 14 3 7 6 0 2 8 12 15
15 1 1 11 9 13 4 5 10 14 3 7 6 15 2 8 12 0
2 2 1 11 9 13 4 5 10 14 3 7 6 15 0 8 12 2
1 2 0 11 9 13 4 5 10 14 3 7 6 15 1 8 12 2
5 3 5 11 9 13 4 0 10 14 3 7 6 15 1 8 12 2
11 1 5 0 9 13 4 11 10 14 3 7 6 15 1 8 12 2
5 1 0 5 9 13 4 11 10 14 3 7 6 15 1 8 12 2
1 2 1 5 9 13 4 11 10 14 3 7 6 15 0 8 12 2
2 2 1 5 9 13 4 11 10 14 3 7 6 15 2 8 12 0
12 1 1 5 9 13 4 11 10 14 3 7 6 15 2 8 0 12
8 1 1 5 9 13 4 11 10 14 3 7 6 15 2 0 8 12
2 1 1 5 9 13 4 11 10 14 3 7 6 15 0 2 8 12
12 2 1 5 9 13 4 11 10 14 3 7 6 15 12 2 8 0
6 3 1 5 9 13 4 11 10 14 3 7 0 15 12 2 8 6
8 1 1 5 9 13 4 11 10 14 3 7 8 15 12 2 0 6
6 1 1 5 9 13 4 11 10 14 3 7 8 15 12 2 6 0
12 2 1 5 9 13 4 11 10 14 3 7 8 15 0 2 6 12
2 1 1 5 9 13 4 11 10 14 3 7 8 15 2 0 6 12
6 1 1 5 9 13 4 11 10 14 3 7 8 15 2 6 0 12
12 1 1 5 9 13 4 11 10 14 3 7 8 15 2 6 12 0
2 2 1 5 9 13 4 11 10 14 3 7 8 15 0 6 12 2
6 1 1 5 9 13 4 11 10 14 3 7 8 15 6 0 12 2
12 1 1 5 9 13 4 11 10 14 3 7 8 15 6 12 0 2
2 1 1 5 9 13 4 11 10 14 3 7 8 15 6 12 2 0
8 3 1 5 9 13 4 11 10 14 3 7 0 15 6 12 2 8
2 1 1 5 9 13 4 11 10 14 3 7 2 15 6 12 0 8
12 1 1 5 9 13 4 11 10 14 3 7 2 15 6 0 12 8
6 1 1 5 9 13 4 11 10 14 3 7 2 15 0 6 12 8
8 2 1 5 9 13 4 11 10 14 3 7 2 15 8 6 12 0
2 3 1 5 9 13 4 11 10 14 3 7 0 15 8 6 12 2
7 1 1 5 9 13 4 11 10 14 3 0 7 15 8 6 12 2
6 1 1 5 9 13 4 11 10 14 3 6 7 15 8 0 12 2
8 1 1 5 9 13 4 11 10 14 3 6 7 15 0 8 12 2
6 3 1 5 9 13 4 11 10 14 3 0 7 15 6 8 12 2
7 1 1 5 9 13 4 11 10 14 3 7 0 15 6 8 12 2
15 1 1 5 9 13 4 11 10 14 3 7 15 0 6 8 12 2
2 1 1 5 9 13 4 11 10 14 3 7 15 2 6 8 12 0
15 3 1 5 9 13 4 11 10 14 3 7 0 2 6 8 12 15
2 1 1 5 9 13 4 11 10 14 3 7 2 0 6 8 12 15
15 1 1 5 9 13 4 11 10 14 3 7 2 15 6 8 12 0
6 2 1 5 9 13 4 11 10 14 3 7 2 15 0 8 12 6
7 3 1 5 9 13 4 11 10 14 3 0 2 15 7 8 12 6
2 1 1 5 9 13 4 11 10 14 3 2 0 15 7 8 12 6
12 1 1 5 9 13 4 11 10 14 3 2 12 15 7 8 0 6
6 1 1 5 9 13 4 11 10 14 3 2 12 15 7 8 6 0
12 3 1 5 9 13 4 11 10 14 3 2 0 15 7 8 6 12
6 1 1 5 9 13 4 11 10 14 3 2 6 15 7 8 0 12
12 1 1 5 9 13 4 11 10 14 3 2 6 15 7 8 12 0
7 2 1 5 9 13 4 11 10 14 3 2 6 15 0 8 12 7
3 1 1 5 9 13 4 11 10 14 0 2 6 15 3 8 12 7
2 1 1 5 9 13 4 11 10 14 2 0 6 15 3 8 12 7
11 1 1 5 9 13 4 0 10 14 2 11 6 15 3 8 12 7
4 1 1 5 9 13 0 4 10 14 2 11 6 15 3 8 12 7
2 1 1 5 9 13 2 4 10 14 0 11 6 15 3 8 12 7
3 1 1 5 9 13 2 4 10 14 3 11 6 15 0 8 12 7
7 2 1 5 9 13 2 4 10 14 3 11 6 15 7 8 12 0
6 3 1 5 9 13 2 4 10 14 3 11 0 15 7 8 12 6
11 1 1 5 9 13 2 4 10 14 3 0 11 15 7 8 12 6
8 1 1 5 9 13 2 4 10 14 3 8 11 15 7 0 12 6
7 1 1 5 9 13 2 4 10 14 3 8 11 15 0 7 12 6
6 2 1 5 9 13 2 4 10 14 3 8 11 15 6 7 12 0
1 3 0 5 9 13 2 4 10 14 3 8 11 15 6 7 12 1
4 3 4 5 9 13 2 0 10 14 3 8 11 15 6 7 12 1
8 1 4 5 9 13 2 8 10 14 3 0 11 15 6 7 12 1
7 1 4 5 9 13 2 8 10 14 3 7 11 15 6 0 12 1
6 1 4 5 9 13 2 8 10 14 3 7 11 15 0 6 12 1
4 2 0 5 9 13 2 8 10 14 3 7 11 15 4 6 12 1
1 3 1 5 9 13 2 8 10 14 3 7 11 15 4 6 12 0
4 2 1 5 9 13 2 8 10 14 3 7 11 15 0 6 12 4
7 3 1 5 9 13 2 8 10 14 3 0 11 15 7 6 12 4
6 1 1 5 9 13 2 8 10 14 3 6 11 15 7 0 12 4
7 1 1 5 9 13 2 8 10 14 3 6 11 15 0 7 12 4
4 2 1 5 9 13 2 8 10 14 3 6 11 15 4 7 12 0
1 3 0 5 9 13 2 8 10 14 3 6 11 15 4 7 12 1
8 3 8 5 9 13 2 0 10 14 3 6 11 15 4 7 12 1
6 1 8 5 9 13 2 6 10 14 3 0 11 15 4 7 12 1
7 1 8 5 9 13 2 6 10 14 3 7 11 15 4 0 12 1
4 1 8 5 9 13 2 6 10 14 3 7 11 15 0 4 12 1
1 2 8 5 9 13 2 6 10 14 3 7 11 15 1 4 12 0
8 3 0 5 9 13 2 6 10 14 3 7 11 15 1 4 12 8
1 2 1 5 9 13 2 6 10 14 3 7 11 15 0 4 12 8
8 2 1 5 9 13 2 6 10 14 3 7 11 15 8 4 12 0
11 3 1 5 9 13 2 6 10 14 3 7 0 15 8 4 12 11
15 1 1 5 9 13 2 6 10 14 3 7 15 0 8 4 12 11
11 1 1 5 9 13 2 6 10 14 3 7 15 11 8 4 12 0
8 2 1 5 9 13 2 6 10 14 3 7 15 11 0 4 12 8
4 1 1 5 9 13 2 6 10 14 3 7 15 11 4 0 12 8
12 1 1 5 9 13 2 6 10 14 3 7 15 11 4 12 0 8
15 1 1 5 9 13 2 6 10 14 3 7 0 11 4 12 15 8
11 1 1 5 9 13 2 6 10 14 3 7 11 0 4 12 15 8
8 1 1 5 9 13 2 6 10 14 3 7 11 8 4 12 15 0
15 1 1 5 9 13 2 6 10 14 3 7 11 8 4 12 0 15
12 1 1 5 9 13 2 6 10 14 3 7 11 8 4 0 12 15
7 1 1 5 9 13 2 6 10 14 3 0 11 8 4 7 12 15
11 1 1 5 9 13 2 6 10 14 3 11 0 8 4 7 12 15
8 1 1 5 9 13 2 6 10 14 3 11 8 0 4 7 12 15
15 1 1 5 9 13 2 6 10 14 3 11 8 15 4 7 12 0
4 2 1 5 9 13 2 6 10 14 3 11 8 15 0 7 12 4
11 3 1 5 9 13 2 6 10 14 3 0 8 15 11 7 12 4
7 1 1 5 9 13 2 6 10 14 3 7 8 15 11 0 12 4
11 1 1 5 9 13 2 6 10 14 3 7 8 15 0 11 12 4
4 2 1 5 9 13 2 6 10 14 3 7 8 15 4 11 12 0
12 1 1 5 9 13 2 6 10 14 3 7 8 15 4 11 0 12
11 1 1 5 9 13 2 6 10 14 3 7 8 15 4 0 11 12
4 1 1 5 9 13 2 6 10 14 3 7 8 15 0 4 11 12
12 2 1 5 9 13 2 6 10 14 3 7 8 15 12 4 11 0
8 3 1 5 9 13 2 6 10 14 3 7 0 15 12 4 11 8
11 1 1 5 9 13 2 6 10 14 3 7 11 15 12 4 0 8
8 1 1 5 9 13 2 6 10 14 3 7 11 15 12 4 8 0
12 2 1 5 9 13 2 6 10 14 3 7 11 15 0 4 8 12
4 1 1 5 9 13 2 6 10 14 3 7 11 15 4 0 8 12
8 1 1 5 9 13 2 6 10 14 3 7 11 15 4 8 0 12
12 1 1 5 9 13 2 6 10 14 3 7 11 15 4 8 12 0
370 2.08