0 0 15 5 11 12 4 13 3 2 8 6 0 10 7 1 9 14
10 1 15 5 11 12 4 13 3 2 8 6 10 0 7 1 9 14
14 1 15 5 11 12 4 13 3 2 8 6 10 14 7 1 9 0
10 3 15 5 11 12 4 13 3 2 8 6 0 14 7 1 9 10
14 1 15 5 11 12 4 13 3 2 8 6 14 0 7 1 9 10
10 1 15 5 11 12 4 13 3 2 8 6 14 10 7 1 9 0
15 3 0 5 11 12 4 13 3 2 8 6 14 10 7 1 9 15
13 3 13 5 11 12 4 0 3 2 8 6 14 10 7 1 9 15
6 1 13 5 11 12 4 6 3 2 8 0 14 10 7 1 9 15
14 1 13 5 11 12 4 6 3 2 8 14 0 10 7 1 9 15
10 1 13 5 11 12 4 6 3 2 8 14 10 0 7 1 9 15
15 1 13 5 11 12 4 6 3 2 8 14 10 15 7 1 9 0
10 3 13 5 11 12 4 6 3 2 8 14 0 15 7 1 9 10
14 1 13 5 11 12 4 6 3 2 8 0 14 15 7 1 9 10
8 1 13 5 11 12 4 6 3 2 0 8 14 15 7 1 9 10
7 1 13 5 11 12 4 6 3 2 7 8 14 15 0 1 9 10
10 2 13 5 11 12 4 6 3 2 7 8 14 15 10 1 9 0
14 3 13 5 11 12 4 6 3 2 7 8 0 15 10 1 9 14
8 1 13 5 11 12 4 6 3 2 7 0 8 15 10 1 9 14
7 1 13 5 11 12 4 6 3 2 0 7 8 15 10 1 9 14
10 1 13 5 11 12 4 6 3 2 10 7 8 15 0 1 9 14
14 2 13 5 11 12 4 6 3 2 10 7 8 15 14 1 9 0
8 3 13 5 11 12 4 6 3 2 10 7 0 15 14 1 9 8
9 1 13 5 11 12 4 6 3 2 10 7 9 15 14 1 0 8
8 1 13 5 11 12 4 6 3 2 10 7 9 15 14 1 8 0
9 3 13 5 11 12 4 6 3 2 10 7 0 15 14 1 8 9
3 1 13 5 11 12 4 6 0 2 10 7 3 15 14 1 8 9
2 1 13 5 11 12 4 6 2 0 10 7 3 15 14 1 8 9
12 1 13 5 11 0 4 6 2 12 10 7 3 15 14 1 8 9
13 2 0 5 11 13 4 6 2 12 10 7 3 15 14 1 8 9
9 3 9 5 11 13 4 6 2 12 10 7 3 15 14 1 8 0
3 3 9 5 11 13 4 6 2 12 10 7 0 15 14 1 8 3
8 1 9 5 11 13 4 6 2 12 10 7 8 15 14 1 0 3
3 1 9 5 11 13 4 6 2 12 10 7 8 15 14 1 3 0
9 3 0 5 11 13 4 6 2 12 10 7 8 15 14 1 3 9
4 1 4 5 11 13 0 6 2 12 10 7 8 15 14 1 3 9
10 1 4 5 11 13 10 6 2 12 0 7 8 15 14 1 3 9
14 1 4 5 11 13 10 6 2 12 14 7 8 15 0 1 3 9
4 2 0 5 11 13 10 6 2 12 14 7 8 15 4 1 3 9
9 3 9 5 11 13 10 6 2 12 14 7 8 15 4 1 3 0
8 3 9 5 11 13 10 6 2 12 14 7 0 15 4 1 3 8
2 1 9 5 11 13 10 6 0 12 14 7 2 15 4 1 3 8
11 1 9 5 0 13 10 6 11 12 14 7 2 15 4 1 3 8
13 1 9 5 13 0 10 6 11 12 14 7 2 15 4 1 3 8
8 2 9 5 13 8 10 6 11 12 14 7 2 15 4 1 3 0
2 3 9 5 13 8 10 6 11 12 14 7 0 15 4 1 3 2
11 1 9 5 13 8 10 6 0 12 14 7 11 15 4 1 3 2
12 1 9 5 13 8 10 6 12 0 14 7 11 15 4 1 3 2
8 1 9 5 13 0 10 6 12 8 14 7 11 15 4 1 3 2
13 1 9 5 0 13 10 6 12 8 14 7 11 15 4 1 3 2
12 1 9 5 12 13 10 6 0 8 14 7 11 15 4 1 3 2
11 1 9 5 12 13 10 6 11 8 14 7 0 15 4 1 3 2
3 1 9 5 12 13 10 6 11 8 14 7 3 15 4 1 0 2
1 1 9 5 12 13 10 6 11 8 14 7 3 15 4 0 1 2
4 1 9 5 12 13 10 6 11 8 14 7 3 15 0 4 1 2
2 2 9 5 12 13 10 6 11 8 14 7 3 15 2 4 1 0
3 3 9 5 12 13 10 6 11 8 14 7 0 15 2 4 1 3
11 1 9 5 12 13 10 6 0 8 14 7 11 15 2 4 1 3
12 1 9 5 0 13 10 6 12 8 14 7 11 15 2 4 1 3
13 1 9 5 13 0 10 6 12 8 14 7 11 15 2 4 1 3
3 2 9 5 13 3 10 6 12 8 14 7 11 15 2 4 1 0
9 3 0 5 13 3 10 6 12 8 14 7 11 15 2 4 1 9
3 2 3 5 13 0 10 6 12 8 14 7 11 15 2 4 1 9
13 1 3 5 0 13 10 6 12 8 14 7 11 15 2 4 1 9
12 1 3 5 12 13 10 6 0 8 14 7 11 15 2 4 1 9
8 1 3 5 12 13 10 6 8 0 14 7 11 15 2 4 1 9
15 1 3 5 12 13 10 6 8 15 14 7 11 0 2 4 1 9
9 1 3 5 12 13 10 6 8 15 14 7 11 9 2 4 1 0
3 3 0 5 12 13 10 6 8 15 14 7 11 9 2 4 1 3
10 1 10 5 12 13 0 6 8 15 14 7 11 9 2 4 1 3
14 1 10 5 12 13 14 6 8 15 0 7 11 9 2 4 1 3
2 1 10 5 12 13 14 6 8 15 2 7 11 9 0 4 1 3
4 1 10 5 12 13 14 6 8 15 2 7 11 9 4 0 1 3
1 1 10 5 12 13 14 6 8 15 2 7 11 9 4 1 0 3
3 1 10 5 12 13 14 6 8 15 2 7 11 9 4 1 3 0
10 3 0 5 12 13 14 6 8 15 2 7 11 9 4 1 3 10
14 1 14 5 12 13 0 6 8 15 2 7 11 9 4 1 3 10
2 1 14 5 12 13 2 6 8 15 0 7 11 9 4 1 3 10
7 1 14 5 12 13 2 6 8 15 7 0 11 9 4 1 3 10
1 1 14 5 12 13 2 6 8 15 7 1 11 9 4 0 3 10
3 1 14 5 12 13 2 6 8 15 7 1 11 9 4 3 0 10
10 1 14 5 12 13 2 6 8 15 7 1 11 9 4 3 10 0
9 1 14 5 12 13 2 6 8 15 7 1 11 0 4 3 10 9
15 1 14 5 12 13 2 6 8 0 7 1 11 15 4 3 10 9
8 1 14 5 12 13 2 6 0 8 7 1 11 15 4 3 10 9
12 1 14 5 0 13 2 6 12 8 7 1 11 15 4 3 10 9
13 1 14 5 13 0 2 6 12 8 7 1 11 15 4 3 10 9
9 2 14 5 13 9 2 6 12 8 7 1 11 15 4 3 10 0
14 3 0 5 13 9 2 6 12 8 7 1 11 15 4 3 10 14
9 2 9 5 13 0 2 6 12 8 7 1 11 15 4 3 10 14
13 1 9 5 0 13 2 6 12 8 7 1 11 15 4 3 10 14
12 1 9 5 12 13 2 6 0 8 7 1 11 15 4 3 10 14
8 1 9 5 12 13 2 6 8 0 7 1 11 15 4 3 10 14
15 1 9 5 12 13 2 6 8 15 7 1 11 0 4 3 10 14
14 1 9 5 12 13 2 6 8 15 7 1 11 14 4 3 10 0
10 1 9 5 12 13 2 6 8 15 7 1 11 14 4 3 0 10
3 1 9 5 12 13 2 6 8 15 7 1 11 14 4 0 3 10
1 1 9 5 12 13 2 6 8 15 7 0 11 14 4 1 3 10
7 1 9 5 12 13 2 6 8 15 0 7 11 14 4 1 3 10
4 1 9 5 12 13 2 6 8 15 4 7 11 14 0 1 3 10
10 2 9 5 12 13 2 6 8 15 4 7 11 14 10 1 3 0
9 3 0 5 12 13 2 6 8 15 4 7 11 14 10 1 3 9
10 2 10 5 12 13 2 6 8 15 4 7 11 14 0 1 3 9
4 1 10 5 12 13 2 6 8 15 0 7 11 14 4 1 3 9
7 1 10 5 12 13 2 6 8 15 7 0 11 14 4 1 3 9
1 1 10 5 12 13 2 6 8 15 7 1 11 14 4 0 3 9
3 1 10 5 12 13 2 6 8 15 7 1 11 14 4 3 0 9
9 1 10 5 12 13 2 6 8 15 7 1 11 14 4 3 9 0
14 1 10 5 12 13 2 6 8 15 7 1 11 0 4 3 9 14
15 1 10 5 12 13 2 6 8 0 7 1 11 15 4 3 9 14
8 1 10 5 12 13 2 6 0 8 7 1 11 15 4 3 9 14
11 1 10 5 12 13 2 6 11 8 7 1 0 15 4 3 9 14
1 1 10 5 12 13 2 6 11 8 7 0 1 15 4 3 9 14
7 1 10 5 12 13 2 6 11 8 0 7 1 15 4 3 9 14
4 1 10 5 12 13 2 6 11 8 4 7 1 15 0 3 9 14
14 2 10 5 12 13 2 6 11 8 4 7 1 15 14 3 9 0
1 3 10 5 12 13 2 6 11 8 4 7 0 15 14 3 9 1
11 1 10 5 12 13 2 6 0 8 4 7 11 15 14 3 9 1
12 1 10 5 0 13 2 6 12 8 4 7 11 15 14 3 9 1
13 1 10 5 13 0 2 6 12 8 4 7 11 15 14 3 9 1
1 2 10 5 13 1 2 6 12 8 4 7 11 15 14 3 9 0
10 3 0 5 13 1 2 6 12 8 4 7 11 15 14 3 9 10
1 2 1 5 13 0 2 6 12 8 4 7 11 15 14 3 9 10
13 1 1 5 0 13 2 6 12 8 4 7 11 15 14 3 9 10
12 1 1 5 12 13 2 6 0 8 4 7 11 15 14 3 9 10
8 1 1 5 12 13 2 6 8 0 4 7 11 15 14 3 9 10
15 1 1 5 12 13 2 6 8 15 4 7 11 0 14 3 9 10
10 1 1 5 12 13 2 6 8 15 4 7 11 10 14 3 9 0
14 2 1 5 12 13 2 6 8 15 4 7 11 10 0 3 9 14
4 1 1 5 12 13 2 6 8 15 0 7 11 10 4 3 9 14
7 1 1 5 12 13 2 6 8 15 7 0 11 10 4 3 9 14
3 1 1 5 12 13 2 6 8 15 7 3 11 10 4 0 9 14
9 1 1 5 12 13 2 6 8 15 7 3 11 10 4 9 0 14
14 1 1 5 12 13 2 6 8 15 7 3 11 10 4 9 14 0
10 1 1 5 12 13 2 6 8 15 7 3 11 0 4 9 14 10
15 1 1 5 12 13 2 6 8 0 7 3 11 15 4 9 14 10
8 1 1 5 12 13 2 6 0 8 7 3 11 15 4 9 14 10
12 1 1 5 0 13 2 6 12 8 7 3 11 15 4 9 14 10
13 1 1 5 13 0 2 6 12 8 7 3 11 15 4 9 14 10
12 3 1 5 13 12 2 6 0 8 7 3 11 15 4 9 14 10
8 1 1 5 13 12 2 6 8 0 7 3 11 15 4 9 14 10
12 1 1 5 13 0 2 6 8 12 7 3 11 15 4 9 14 10
13 1 1 5 0 13 2 6 8 12 7 3 11 15 4 9 14 10
8 1 1 5 8 13 2 6 0 12 7 3 11 15 4 9 14 10
12 1 1 5 8 13 2 6 12 0 7 3 11 15 4 9 14 10
15 1 1 5 8 13 2 6 12 15 7 3 11 0 4 9 14 10
10 1 1 5 8 13 2 6 12 15 7 3 11 10 4 9 14 0
14 1 1 5 8 13 2 6 12 15 7 3 11 10 4 9 0 14
9 1 1 5 8 13 2 6 12 15 7 3 11 10 4 0 9 14
3 1 1 5 8 13 2 6 12 15 7 0 11 10 4 3 9 14
7 1 1 5 8 13 2 6 12 15 0 7 11 10 4 3 9 14
4 1 1 5 8 13 2 6 12 15 4 7 11 10 0 3 9 14
3 1 1 5 8 13 2 6 12 15 4 7 11 10 3 0 9 14
9 1 1 5 8 13 2 6 12 15 4 7 11 10 3 9 0 14
14 1 1 5 8 13 2 6 12 15 4 7 11 10 3 9 14 0
3 2 1 5 8 13 2 6 12 15 4 7 11 10 0 9 14 3
4 1 1 5 8 13 2 6 12 15 0 7 11 10 4 9 14 3
7 1 1 5 8 13 2 6 12 15 7 0 11 10 4 9 14 3
9 1 1 5 8 13 2 6 12 15 7 9 11 10 4 0 14 3
14 1 1 5 8 13 2 6 12 15 7 9 11 10 4 14 0 3
3 1 1 5 8 13 2 6 12 15 7 9 11 10 4 14 3 0
10 1 1 5 8 13 2 6 12 15 7 9 11 0 4 14 3 10
15 1 1 5 8 13 2 6 12 0 7 9 11 15 4 14 3 10
12 1 1 5 8 13 2 6 0 12 7 9 11 15 4 14 3 10
8 1 1 5 0 13 2 6 8 12 7 9 11 15 4 14 3 10
13 1 1 5 13 0 2 6 8 12 7 9 11 15 4 14 3 10
10 2 1 5 13 10 2 6 8 12 7 9 11 15 4 14 3 0
3 1 1 5 13 10 2 6 8 12 7 9 11 15 4 14 0 3
14 1 1 5 13 10 2 6 8 12 7 9 11 15 4 0 14 3
9 1 1 5 13 10 2 6 8 12 7 0 11 15 4 9 14 3
7 1 1 5 13 10 2 6 8 12 0 7 11 15 4 9 14 3
4 1 1 5 13 10 2 6 8 12 4 7 11 15 0 9 14 3
3 2 1 5 13 10 2 6 8 12 4 7 11 15 3 9 14 0
10 2 1 5 13 0 2 6 8 12 4 7 11 15 3 9 14 10
13 1 1 5 0 13 2 6 8 12 4 7 11 15 3 9 14 10
8 1 1 5 8 13 2 6 0 12 4 7 11 15 3 9 14 10
12 1 1 5 8 13 2 6 12 0 4 7 11 15 3 9 14 10
13 1 1 5 8 0 2 6 12 13 4 7 11 15 3 9 14 10
10 2 1 5 8 10 2 6 12 13 4 7 11 15 3 9 14 0
3 2 1 5 8 10 2 6 12 13 4 7 11 15 0 9 14 3
10 3 1 5 8 0 2 6 12 13 4 7 11 15 10 9 14 3
13 1 1 5 8 13 2 6 12 0 4 7 11 15 10 9 14 3
12 1 1 5 8 13 2 6 0 12 4 7 11 15 10 9 14 3
11 1 1 5 8 13 2 6 11 12 4 7 0 15 10 9 14 3
14 1 1 5 8 13 2 6 11 12 4 7 14 15 10 9 0 3
3 1 1 5 8 13 2 6 11 12 4 7 14 15 10 9 3 0
14 3 1 5 8 13 2 6 11 12 4 7 0 15 10 9 3 14
11 1 1 5 8 13 2 6 0 12 4 7 11 15 10 9 3 14
8 1 1 5 0 13 2 6 8 12 4 7 11 15 10 9 3 14
13 1 1 5 13 0 2 6 8 12 4 7 11 15 10 9 3 14
14 2 1 5 13 14 2 6 8 12 4 7 11 15 10 9 3 0
10 2 1 5 13 14 2 6 8 12 4 7 11 15 0 9 3 10
4 1 1 5 13 14 2 6 8 12 0 7 11 15 4 9 3 10
7 1 1 5 13 14 2 6 8 12 7 0 11 15 4 9 3 10
9 1 1 5 13 14 2 6 8 12 7 9 11 15 4 0 3 10
3 1 1 5 13 14 2 6 8 12 7 9 11 15 4 3 0 10
10 1 1 5 13 14 2 6 8 12 7 9 11 15 4 3 10 0
14 2 1 5 13 0 2 6 8 12 7 9 11 15 4 3 10 14
13 1 1 5 0 13 2 6 8 12 7 9 11 15 4 3 10 14
8 1 1 5 8 13 2 6 0 12 7 9 11 15 4 3 10 14
12 1 1 5 8 13 2 6 12 0 7 9 11 15 4 3 10 14
15 1 1 5 8 13 2 6 12 15 7 9 11 0 4 3 10 14
14 1 1 5 8 13 2 6 12 15 7 9 11 14 4 3 10 0
10 1 1 5 8 13 2 6 12 15 7 9 11 14 4 3 0 10
3 1 1 5 8 13 2 6 12 15 7 9 11 14 4 0 3 10
9 1 1 5 8 13 2 6 12 15 7 0 11 14 4 9 3 10
7 1 1 5 8 13 2 6 12 15 0 7 11 14 4 9 3 10
4 1 1 5 8 13 2 6 12 15 4 7 11 14 0 9 3 10
10 2 1 5 8 13 2 6 12 15 4 7 11 14 10 9 3 0
3 1 1 5 8 13 2 6 12 15 4 7 11 14 10 9 0 3
9 1 1 5 8 13 2 6 12 15 4 7 11 14 10 0 9 3
10 1 1 5 8 13 2 6 12 15 4 7 11 14 0 10 9 3
4 1 1 5 8 13 2 6 12 15 0 7 11 14 4 10 9 3
7 1 1 5 8 13 2 6 12 15 7 0 11 14 4 10 9 3
10 1 1 5 8 13 2 6 12 15 7 10 11 14 4 0 9 3
9 1 1 5 8 13 2 6 12 15 7 10 11 14 4 9 0 3
3 1 1 5 8 13 2 6 12 15 7 10 11 14 4 9 3 0
14 1 1 5 8 13 2 6 12 15 7 10 11 0 4 9 3 14
15 1 1 5 8 13 2 6 12 0 7 10 11 15 4 9 3 14
12 1 1 5 8 13 2 6 0 12 7 10 11 15 4 9 3 14
8 1 1 5 0 13 2 6 8 12 7 10 11 15 4 9 3 14
13 1 1 5 13 0 2 6 8 12 7 10 11 15 4 9 3 14
14 2 1 5 13 14 2 6 8 12 7 10 11 15 4 9 3 0
3 1 1 5 13 14 2 6 8 12 7 10 11 15 4 9 0 3
9 1 1 5 13 14 2 6 8 12 7 10 11 15 4 0 9 3
10 1 1 5 13 14 2 6 8 12 7 0 11 15 4 10 9 3
7 1 1 5 13 14 2 6 8 12 0 7 11 15 4 10 9 3
4 1 1 5 13 14 2 6 8 12 4 7 11 15 0 10 9 3
14 3 1 5 13 0 2 6 8 12 4 7 11 15 14 10 9 3
3 2 1 5 13 3 2 6 8 12 4 7 11 15 14 10 9 0
9 1 1 5 13 3 2 6 8 12 4 7 11 15 14 10 0 9
10 1 1 5 13 3 2 6 8 12 4 7 11 15 14 0 10 9
14 1 1 5 13 3 2 6 8 12 4 7 11 15 0 14 10 9
4 1 1 5 13 3 2 6 8 12 0 7 11 15 4 14 10 9
7 1 1 5 13 3 2 6 8 12 7 0 11 15 4 14 10 9
14 1 1 5 13 3 2 6 8 12 7 14 11 15 4 0 10 9
10 1 1 5 13 3 2 6 8 12 7 14 11 15 4 10 0 9
9 1 1 5 13 3 2 6 8 12 7 14 11 15 4 10 9 0
3 2 1 5 13 0 2 6 8 12 7 14 11 15 4 10 9 3
13 1 1 5 0 13 2 6 8 12 7 14 11 15 4 10 9 3
8 1 1 5 8 13 2 6 0 12 7 14 11 15 4 10 9 3
12 1 1 5 8 13 2 6 12 0 7 14 11 15 4 10 9 3
15 1 1 5 8 13 2 6 12 15 7 14 11 0 4 10 9 3
3 1 1 5 8 13 2 6 12 15 7 14 11 3 4 10 9 0
9 1 1 5 8 13 2 6 12 15 7 14 11 3 4 10 0 9
10 1 1 5 8 13 2 6 12 15 7 14 11 3 4 0 10 9
14 1 1 5 8 13 2 6 12 15 7 0 11 3 4 14 10 9
7 1 1 5 8 13 2 6 12 15 0 7 11 3 4 14 10 9
4 1 1 5 8 13 2 6 12 15 4 7 11 3 0 14 10 9
9 2 1 5 8 13 2 6 12 15 4 7 11 3 9 14 10 0
10 1 1 5 8 13 2 6 12 15 4 7 11 3 9 14 0 10
14 1 1 5 8 13 2 6 12 15 4 7 11 3 9 0 14 10
9 1 1 5 8 13 2 6 12 15 4 7 11 3 0 9 14 10
4 1 1 5 8 13 2 6 12 15 0 7 11 3 4 9 14 10
7 1 1 5 8 13 2 6 12 15 7 0 11 3 4 9 14 10
9 1 1 5 8 13 2 6 12 15 7 9 11 3 4 0 14 10
14 1 1 5 8 13 2 6 12 15 7 9 11 3 4 14 0 10
10 1 1 5 8 13 2 6 12 15 7 9 11 3 4 14 10 0
3 1 1 5 8 13 2 6 12 15 7 9 11 0 4 14 10 3
15 1 1 5 8 13 2 6 12 0 7 9 11 15 4 14 10 3
12 1 1 5 8 13 2 6 0 12 7 9 11 15 4 14 10 3
11 1 1 5 8 13 2 6 11 12 7 9 0 15 4 14 10 3
9 1 1 5 8 13 2 6 11 12 7 0 9 15 4 14 10 3
7 1 1 5 8 13 2 6 11 12 0 7 9 15 4 14 10 3
4 1 1 5 8 13 2 6 11 12 4 7 9 15 0 14 10 3
14 1 1 5 8 13 2 6 11 12 4 7 9 15 14 0 10 3
7 1 1 5 8 13 2 6 11 12 4 0 9 15 14 7 10 3
9 1 1 5 8 13 2 6 11 12 4 9 0 15 14 7 10 3
11 1 1 5 8 13 2 6 0 12 4 9 11 15 14 7 10 3
8 1 1 5 0 13 2 6 8 12 4 9 11 15 14 7 10 3
13 1 1 5 13 0 2 6 8 12 4 9 11 15 14 7 10 3
3 2 1 5 13 3 2 6 8 12 4 9 11 15 14 7 10 0
14 2 1 5 13 3 2 6 8 12 4 9 11 15 0 7 10 14
4 1 1 5 13 3 2 6 8 12 0 9 11 15 4 7 10 14
9 1 1 5 13 3 2 6 8 12 9 0 11 15 4 7 10 14
7 1 1 5 13 3 2 6 8 12 9 7 11 15 4 0 10 14
10 1 1 5 13 3 2 6 8 12 9 7 11 15 4 10 0 14
14 1 1 5 13 3 2 6 8 12 9 7 11 15 4 10 14 0
3 2 1 5 13 0 2 6 8 12 9 7 11 15 4 10 14 3
13 1 1 5 0 13 2 6 8 12 9 7 11 15 4 10 14 3
8 1 1 5 8 13 2 6 0 12 9 7 11 15 4 10 14 3
12 1 1 5 8 13 2 6 12 0 9 7 11 15 4 10 14 3
13 1 1 5 8 0 2 6 12 13 9 7 11 15 4 10 14 3
12 3 1 5 8 12 2 6 0 13 9 7 11 15 4 10 14 3
8 1 1 5 0 12 2 6 8 13 9 7 11 15 4 10 14 3
12 1 1 5 12 0 2 6 8 13 9 7 11 15 4 10 14 3
13 1 1 5 12 13 2 6 8 0 9 7 11 15 4 10 14 3
8 1 1 5 12 13 2 6 0 8 9 7 11 15 4 10 14 3
11 1 1 5 12 13 2 6 11 8 9 7 0 15 4 10 14 3
14 1 1 5 12 13 2 6 11 8 9 7 14 15 4 10 0 3
3 1 1 5 12 13 2 6 11 8 9 7 14 15 4 10 3 0
14 3 1 5 12 13 2 6 11 8 9 7 0 15 4 10 3 14
3 1 1 5 12 13 2 6 11 8 9 7 3 15 4 10 0 14
14 1 1 5 12 13 2 6 11 8 9 7 3 15 4 10 14 0
13 2 1 5 12 0 2 6 11 8 9 7 3 15 4 10 14 13
11 3 1 5 12 11 2 6 0 8 9 7 3 15 4 10 14 13
8 1 1 5 12 11 2 6 8 0 9 7 3 15 4 10 14 13
11 1 1 5 12 0 2 6 8 11 9 7 3 15 4 10 14 13
13 2 1 5 12 13 2 6 8 11 9 7 3 15 4 10 14 0
14 1 1 5 12 13 2 6 8 11 9 7 3 15 4 10 0 14
10 1 1 5 12 13 2 6 8 11 9 7 3 15 4 0 10 14
4 1 1 5 12 13 2 6 8 11 9 7 3 15 0 4 10 14
14 2 1 5 12 13 2 6 8 11 9 7 3 15 14 4 10 0
3 3 1 5 12 13 2 6 8 11 9 7 0 15 14 4 10 3
10 1 1 5 12 13 2 6 8 11 9 7 10 15 14 4 0 3
3 1 1 5 12 13 2 6 8 11 9 7 10 15 14 4 3 0
14 2 1 5 12 13 2 6 8 11 9 7 10 15 0 4 3 14
4 1 1 5 12 13 2 6 8 11 9 7 10 15 4 0 3 14
3 1 1 5 12 13 2 6 8 11 9 7 10 15 4 3 0 14
10 1 1 5 12 13 2 6 8 11 9 7 0 15 4 3 10 14
8 1 1 5 12 13 2 6 0 11 9 7 8 15 4 3 10 14
12 1 1 5 0 13 2 6 12 11 9 7 8 15 4 3 10 14
13 1 1 5 13 0 2 6 12 11 9 7 8 15 4 3 10 14
14 2 1 5 13 14 2 6 12 11 9 7 8 15 4 3 10 0
8 3 1 5 13 14 2 6 12 11 9 7 0 15 4 3 10 8
10 1 1 5 13 14 2 6 12 11 9 7 10 15 4 3 0 8
8 1 1 5 13 14 2 6 12 11 9 7 10 15 4 3 8 0
10 3 1 5 13 14 2 6 12 11 9 7 0 15 4 3 8 10
12 1 1 5 13 14 2 6 0 11 9 7 12 15 4 3 8 10
11 1 1 5 13 14 2 6 11 0 9 7 12 15 4 3 8 10
14 1 1 5 13 0 2 6 11 14 9 7 12 15 4 3 8 10
13 1 1 5 0 13 2 6 11 14 9 7 12 15 4 3 8 10
11 1 1 5 11 13 2 6 0 14 9 7 12 15 4 3 8 10
12 1 1 5 11 13 2 6 12 14 9 7 0 15 4 3 8 10
8 1 1 5 11 13 2 6 12 14 9 7 8 15 4 3 0 10
3 1 1 5 11 13 2 6 12 14 9 7 8 15 4 0 3 10
4 1 1 5 11 13 2 6 12 14 9 7 8 15 0 4 3 10
10 2 1 5 11 13 2 6 12 14 9 7 8 15 10 4 3 0
8 3 1 5 11 13 2 6 12 14 9 7 0 15 10 4 3 8
3 1 1 5 11 13 2 6 12 14 9 7 3 15 10 4 0 8
8 1 1 5 11 13 2 6 12 14 9 7 3 15 10 4 8 0
10 2 1 5 11 13 2 6 12 14 9 7 3 15 0 4 8 10
4 1 1 5 11 13 2 6 12 14 9 7 3 15 4 0 8 10
8 1 1 5 11 13 2 6 12 14 9 7 3 15 4 8 0 10
3 1 1 5 11 13 2 6 12 14 9 7 0 15 4 8 3 10
12 1 1 5 11 13 2 6 0 14 9 7 12 15 4 8 3 10
11 1 1 5 0 13 2 6 11 14 9 7 12 15 4 8 3 10
13 1 1 5 13 0 2 6 11 14 9 7 12 15 4 8 3 10
10 2 1 5 13 10 2 6 11 14 9 7 12 15 4 8 3 0
12 3 1 5 13 10 2 6 11 14 9 7 0 15 4 8 3 12
11 1 1 5 13 10 2 6 0 14 9 7 11 15 4 8 3 12
13 1 1 5 0 10 2 6 13 14 9 7 11 15 4 8 3 12
10 1 1 5 10 0 2 6 13 14 9 7 11 15 4 8 3 12
13 3 1 5 10 13 2 6 0 14 9 7 11 15 4 8 3 12
10 1 1 5 0 13 2 6 10 14 9 7 11 15 4 8 3 12
13 1 1 5 13 0 2 6 10 14 9 7 11 15 4 8 3 12
12 2 1 5 13 12 2 6 10 14 9 7 11 15 4 8 3 0
11 3 1 5 13 12 2 6 10 14 9 7 0 15 4 8 3 11
3 1 1 5 13 12 2 6 10 14 9 7 3 15 4 8 0 11
11 1 1 5 13 12 2 6 10 14 9 7 3 15 4 8 11 0
12 2 1 5 13 0 2 6 10 14 9 7 3 15 4 8 11 12
13 1 1 5 0 13 2 6 10 14 9 7 3 15 4 8 11 12
10 1 1 5 10 13 2 6 0 14 9 7 3 15 4 8 11 12
3 1 1 5 10 13 2 6 3 14 9 7 0 15 4 8 11 12
11 1 1 5 10 13 2 6 3 14 9 7 11 15 4 8 0 12
12 1 1 5 10 13 2 6 3 14 9 7 11 15 4 8 12 0
11 3 1 5 10 13 2 6 3 14 9 7 0 15 4 8 12 11
3 1 1 5 10 13 2 6 0 14 9 7 3 15 4 8 12 11
10 1 1 5 0 13 2 6 10 14 9 7 3 15 4 8 12 11
13 1 1 5 13 0 2 6 10 14 9 7 3 15 4 8 12 11
11 2 1 5 13 11 2 6 10 14 9 7 3 15 4 8 12 0
3 3 1 5 13 11 2 6 10 14 9 7 0 15 4 8 12 3
15 1 1 5 13 11 2 6 10 14 9 7 15 0 4 8 12 3
3 1 1 5 13 11 2 6 10 14 9 7 15 3 4 8 12 0
11 2 1 5 13 0 2 6 10 14 9 7 15 3 4 8 12 11
13 1 1 5 0 13 2 6 10 14 9 7 15 3 4 8 12 11
10 1 1 5 10 13 2 6 0 14 9 7 15 3 4 8 12 11
15 1 1 5 10 13 2 6 15 14 9 7 0 3 4 8 12 11
3 1 1 5 10 13 2 6 15 14 9 7 3 0 4 8 12 11
11 1 1 5 10 13 2 6 15 14 9 7 3 11 4 8 12 0
3 3 1 5 10 13 2 6 15 14 9 7 0 11 4 8 12 3
11 1 1 5 10 13 2 6 15 14 9 7 11 0 4 8 12 3
3 1 1 5 10 13 2 6 15 14 9 7 11 3 4 8 12 0
13 2 1 5 10 0 2 6 15 14 9 7 11 3 4 8 12 13
15 3 1 5 10 15 2 6 0 14 9 7 11 3 4 8 12 13
10 1 1 5 0 15 2 6 10 14 9 7 11 3 4 8 12 13
15 1 1 5 15 0 2 6 10 14 9 7 11 3 4 8 12 13
13 2 1 5 15 13 2 6 10 14 9 7 11 3 4 8 12 0
4 2 1 5 15 13 2 6 10 14 9 7 11 3 0 8 12 4
7 3 1 5 15 13 2 6 10 14 9 0 11 3 7 8 12 4
9 1 1 5 15 13 2 6 10 14 0 9 11 3 7 8 12 4
7 1 1 5 15 13 2 6 10 14 7 9 11 3 0 8 12 4
4 2 1 5 15 13 2 6 10 14 7 9 11 3 4 8 12 0
11 3 1 5 15 13 2 6 10 14 7 9 0 3 4 8 12 11
9 1 1 5 15 13 2 6 10 14 7 0 9 3 4 8 12 11
7 1 1 5 15 13 2 6 10 14 0 7 9 3 4 8 12 11
4 1 1 5 15 13 2 6 10 14 4 7 9 3 0 8 12 11
11 2 1 5 15 13 2 6 10 14 4 7 9 3 11 8 12 0
9 3 1 5 15 13 2 6 10 14 4 7 0 3 11 8 12 9
3 1 1 5 15 13 2 6 10 14 4 7 3 0 11 8 12 9
9 1 1 5 15 13 2 6 10 14 4 7 3 9 11 8 12 0
11 2 1 5 15 13 2 6 10 14 4 7 3 9 0 8 12 11
4 1 1 5 15 13 2 6 10 14 0 7 3 9 4 8 12 11
7 1 1 5 15 13 2 6 10 14 7 0 3 9 4 8 12 11
3 1 1 5 15 13 2 6 10 14 7 3 0 9 4 8 12 11
9 1 1 5 15 13 2 6 10 14 7 3 9 0 4 8 12 11
11 1 1 5 15 13 2 6 10 14 7 3 9 11 4 8 12 0
9 3 1 5 15 13 2 6 10 14 7 3 0 11 4 8 12 9
11 1 1 5 15 13 2 6 10 14 7 3 11 0 4 8 12 9
9 1 1 5 15 13 2 6 10 14 7 3 11 9 4 8 12 0
4 2 1 5 15 13 2 6 10 14 7 3 11 9 0 8 12 4
3 3 1 5 15 13 2 6 10 14 7 0 11 9 3 8 12 4
7 1 1 5 15 13 2 6 10 14 0 7 11 9 3 8 12 4
3 1 1 5 15 13 2 6 10 14 3 7 11 9 0 8 12 4
4 2 1 5 15 13 2 6 10 14 3 7 11 9 4 8 12 0
13 2 1 5 15 0 2 6 10 14 3 7 11 9 4 8 12 13
10 3 1 5 15 10 2 6 0 14 3 7 11 9 4 8 12 13
15 1 1 5 0 10 2 6 15 14 3 7 11 9 4 8 12 13
10 1 1 5 10 0 2 6 15 14 3 7 11 9 4 8 12 13
13 2 1 5 10 13 2 6 15 14 3 7 11 9 4 8 12 0
11 3 1 5 10 13 2 6 15 14 3 7 0 9 4 8 12 11
15 1 1 5 10 13 2 6 0 14 3 7 15 9 4 8 12 11
10 1 1 5 0 13 2 6 10 14 3 7 15 9 4 8 12 11
13 1 1 5 13 0 2 6 10 14 3 7 15 9 4 8 12 11
11 2 1 5 13 11 2 6 10 14 3 7 15 9 4 8 12 0
15 3 1 5 13 11 2 6 10 14 3 7 0 9 4 8 12 15
9 1 1 5 13 11 2 6 10 14 3 7 9 0 4 8 12 15
15 1 1 5 13 11 2 6 10 14 3 7 9 15 4 8 12 0
11 2 1 5 13 0 2 6 10 14 3 7 9 15 4 8 12 11
13 1 1 5 0 13 2 6 10 14 3 7 9 15 4 8 12 11
10 1 1 5 10 13 2 6 0 14 3 7 9 15 4 8 12 11
9 1 1 5 10 13 2 6 9 14 3 7 0 15 4 8 12 11
15 1 1 5 10 13 2 6 9 14 3 7 15 0 4 8 12 11
11 1 1 5 10 13 2 6 9 14 3 7 15 11 4 8 12 0
15 3 1 5 10 13 2 6 9 14 3 7 0 11 4 8 12 15
11 1 1 5 10 13 2 6 9 14 3 7 11 0 4 8 12 15
15 1 1 5 10 13 2 6 9 14 3 7 11 15 4 8 12 0
13 2 1 5 10 0 2 6 9 14 3 7 11 15 4 8 12 13
9 3 1 5 10 9 2 6 0 14 3 7 11 15 4 8 12 13
10 1 1 5 0 9 2 6 10 14 3 7 11 15 4 8 12 13
9 1 1 5 9 0 2 6 10 14 3 7 11 15 4 8 12 13
13 2 1 5 9 13 2 6 10 14 3 7 11 15 4 8 12 0
588 59.53