0 0 5 9 10 3 13 4 11 0 8 15 7 6 2 1 12 14
11 1 5 9 10 3 13 4 0 11 8 15 7 6 2 1 12 14
10 1 5 9 0 3 13 4 10 11 8 15 7 6 2 1 12 14
9 1 5 0 9 3 13 4 10 11 8 15 7 6 2 1 12 14
5 1 0 5 9 3 13 4 10 11 8 15 7 6 2 1 12 14
14 3 14 5 9 3 13 4 10 11 8 15 7 6 2 1 12 0
7 3 14 5 9 3 13 4 10 11 8 15 0 6 2 1 12 7
6 1 14 5 9 3 13 4 10 11 8 15 6 0 2 1 12 7
7 1 14 5 9 3 13 4 10 11 8 15 6 7 2 1 12 0
6 3 14 5 9 3 13 4 10 11 8 15 0 7 2 1 12 6
15 1 14 5 9 3 13 4 10 11 8 0 15 7 2 1 12 6
8 1 14 5 9 3 13 4 10 11 0 8 15 7 2 1 12 6
2 1 14 5 9 3 13 4 10 11 2 8 15 7 0 1 12 6
6 2 14 5 9 3 13 4 10 11 2 8 15 7 6 1 12 0
15 3 14 5 9 3 13 4 10 11 2 8 0 7 6 1 12 15
7 1 14 5 9 3 13 4 10 11 2 8 7 0 6 1 12 15
15 1 14 5 9 3 13 4 10 11 2 8 7 15 6 1 12 0
7 3 14 5 9 3 13 4 10 11 2 8 0 15 6 1 12 7
8 1 14 5 9 3 13 4 10 11 2 0 8 15 6 1 12 7
2 1 14 5 9 3 13 4 10 11 0 2 8 15 6 1 12 7
6 1 14 5 9 3 13 4 10 11 6 2 8 15 0 1 12 7
7 2 14 5 9 3 13 4 10 11 6 2 8 15 7 1 12 0
8 3 14 5 9 3 13 4 10 11 6 2 0 15 7 1 12 8
2 1 14 5 9 3 13 4 10 11 6 0 2 15 7 1 12 8
6 1 14 5 9 3 13 4 10 11 0 6 2 15 7 1 12 8
7 1 14 5 9 3 13 4 10 11 7 6 2 15 0 1 12 8
8 2 14 5 9 3 13 4 10 11 7 6 2 15 8 1 12 0
2 3 14 5 9 3 13 4 10 11 7 6 0 15 8 1 12 2
6 1 14 5 9 3 13 4 10 11 7 0 6 15 8 1 12 2
7 1 14 5 9 3 13 4 10 11 0 7 6 15 8 1 12 2
8 1 14 5 9 3 13 4 10 11 8 7 6 15 0 1 12 2
2 2 14 5 9 3 13 4 10 11 8 7 6 15 2 1 12 0
14 3 0 5 9 3 13 4 10 11 8 7 6 15 2 1 12 14
4 3 4 5 9 3 13 0 10 11 8 7 6 15 2 1 12 14
13 1 4 5 9 3 0 13 10 11 8 7 6 15 2 1 12 14
8 1 4 5 9 3 8 13 10 11 0 7 6 15 2 1 12 14
2 1 4 5 9 3 8 13 10 11 2 7 6 15 0 1 12 14
4 2 0 5 9 3 8 13 10 11 2 7 6 15 4 1 12 14
14 3 14 5 9 3 8 13 10 11 2 7 6 15 4 1 12 0
3 2 14 5 9 0 8 13 10 11 2 7 6 15 4 1 12 3
14 2 0 5 9 14 8 13 10 11 2 7 6 15 4 1 12 3
13 3 13 5 9 14 8 0 10 11 2 7 6 15 4 1 12 3
8 1 13 5 9 14 0 8 10 11 2 7 6 15 4 1 12 3
2 1 13 5 9 14 2 8 10 11 0 7 6 15 4 1 12 3
4 1 13 5 9 14 2 8 10 11 4 7 6 15 0 1 12 3
14 3 13 5 9 0 2 8 10 11 4 7 6 15 14 1 12 3
13 2 0 5 9 13 2 8 10 11 4 7 6 15 14 1 12 3
3 3 3 5 9 13 2 8 10 11 4 7 6 15 14 1 12 0
12 1 3 5 9 13 2 8 10 11 4 7 6 15 14 1 0 12
1 1 3 5 9 13 2 8 10 11 4 7 6 15 14 0 1 12
14 1 3 5 9 13 2 8 10 11 4 7 6 15 0 14 1 12
4 1 3 5 9 13 2 8 10 11 0 7 6 15 4 14 1 12
7 1 3 5 9 13 2 8 10 11 7 0 6 15 4 14 1 12
6 1 3 5 9 13 2 8 10 11 7 6 0 15 4 14 1 12
1 1 3 5 9 13 2 8 10 11 7 6 1 15 4 14 0 12
12 1 3 5 9 13 2 8 10 11 7 6 1 15 4 14 12 0
1 3 3 5 9 13 2 8 10 11 7 6 0 15 4 14 12 1
6 1 3 5 9 13 2 8 10 11 7 0 6 15 4 14 12 1
7 1 3 5 9 13 2 8 10 11 0 7 6 15 4 14 12 1
4 1 3 5 9 13 2 8 10 11 4 7 6 15 0 14 12 1
1 2 3 5 9 13 2 8 10 11 4 7 6 15 1 14 12 0
3 3 0 5 9 13 2 8 10 11 4 7 6 15 1 14 12 3
1 2 1 5 9 13 2 8 10 11 4 7 6 15 0 14 12 3
3 2 1 5 9 13 2 8 10 11 4 7 6 15 3 14 12 0
12 1 1 5 9 13 2 8 10 11 4 7 6 15 3 14 0 12
14 1 1 5 9 13 2 8 10 11 4 7 6 15 3 0 14 12
3 1 1 5 9 13 2 8 10 11 4 7 6 15 0 3 14 12
4 1 1 5 9 13 2 8 10 11 0 7 6 15 4 3 14 12
7 1 1 5 9 13 2 8 10 11 7 0 6 15 4 3 14 12
6 1 1 5 9 13 2 8 10 11 7 6 0 15 4 3 14 12
14 1 1 5 9 13 2 8 10 11 7 6 14 15 4 3 0 12
12 1 1 5 9 13 2 8 10 11 7 6 14 15 4 3 12 0
1 3 0 5 9 13 2 8 10 11 7 6 14 15 4 3 12 1
8 3 8 5 9 13 2 0 10 11 7 6 14 15 4 3 12 1
6 1 8 5 9 13 2 6 10 11 7 0 14 15 4 3 12 1
7 1 8 5 9 13 2 6 10 11 0 7 14 15 4 3 12 1
4 1 8 5 9 13 2 6 10 11 4 7 14 15 0 3 12 1
1 2 8 5 9 13 2 6 10 11 4 7 14 15 1 3 12 0
8 3 0 5 9 13 2 6 10 11 4 7 14 15 1 3 12 8
1 2 1 5 9 13 2 6 10 11 4 7 14 15 0 3 12 8
3 1 1 5 9 13 2 6 10 11 4 7 14 15 3 0 12 8
12 1 1 5 9 13 2 6 10 11 4 7 14 15 3 12 0 8
8 1 1 5 9 13 2 6 10 11 4 7 14 15 3 12 8 0
14 3 1 5 9 13 2 6 10 11 4 7 0 15 3 12 8 14
8 1 1 5 9 13 2 6 10 11 4 7 8 15 3 12 0 14
14 1 1 5 9 13 2 6 10 11 4 7 8 15 3 12 14 0
3 2 1 5 9 13 2 6 10 11 4 7 8 15 0 12 14 3
4 1 1 5 9 13 2 6 10 11 0 7 8 15 4 12 14 3
7 1 1 5 9 13 2 6 10 11 7 0 8 15 4 12 14 3
8 1 1 5 9 13 2 6 10 11 7 8 0 15 4 12 14 3
14 1 1 5 9 13 2 6 10 11 7 8 14 15 4 12 0 3
12 1 1 5 9 13 2 6 10 11 7 8 14 15 4 0 12 3
8 1 1 5 9 13 2 6 10 11 7 0 14 15 4 8 12 3
7 1 1 5 9 13 2 6 10 11 0 7 14 15 4 8 12 3
4 1 1 5 9 13 2 6 10 11 4 7 14 15 0 8 12 3
3 2 1 5 9 13 2 6 10 11 4 7 14 15 3 8 12 0
14 3 1 5 9 13 2 6 10 11 4 7 0 15 3 8 12 14
12 1 1 5 9 13 2 6 10 11 4 7 12 15 3 8 0 14
14 1 1 5 9 13 2 6 10 11 4 7 12 15 3 8 14 0
3 2 1 5 9 13 2 6 10 11 4 7 12 15 0 8 14 3
4 1 1 5 9 13 2 6 10 11 0 7 12 15 4 8 14 3
7 1 1 5 9 13 2 6 10 11 7 0 12 15 4 8 14 3
12 1 1 5 9 13 2 6 10 11 7 12 0 15 4 8 14 3
14 1 1 5 9 13 2 6 10 11 7 12 14 15 4 8 0 3
3 1 1 5 9 13 2 6 10 11 7 12 14 15 4 8 3 0
14 3 1 5 9 13 2 6 10 11 7 12 0 15 4 8 3 14
12 1 1 5 9 13 2 6 10 11 7 0 12 15 4 8 3 14
7 1 1 5 9 13 2 6 10 11 0 7 12 15 4 8 3 14
4 1 1 5 9 13 2 6 10 11 4 7 12 15 0 8 3 14
14 2 1 5 9 13 2 6 10 11 4 7 12 15 14 8 3 0
12 3 1 5 9 13 2 6 10 11 4 7 0 15 14 8 3 12
3 1 1 5 9 13 2 6 10 11 4 7 3 15 14 8 0 12
12 1 1 5 9 13 2 6 10 11 4 7 3 15 14 8 12 0
14 2 1 5 9 13 2 6 10 11 4 7 3 15 0 8 12 14
4 1 1 5 9 13 2 6 10 11 0 7 3 15 4 8 12 14
7 1 1 5 9 13 2 6 10 11 7 0 3 15 4 8 12 14
3 1 1 5 9 13 2 6 10 11 7 3 0 15 4 8 12 14
15 1 1 5 9 13 2 6 10 11 7 3 15 0 4 8 12 14
14 1 1 5 9 13 2 6 10 11 7 3 15 14 4 8 12 0
15 3 1 5 9 13 2 6 10 11 7 3 0 14 4 8 12 15
14 1 1 5 9 13 2 6 10 11 7 3 14 0 4 8 12 15
15 1 1 5 9 13 2 6 10 11 7 3 14 15 4 8 12 0
4 2 1 5 9 13 2 6 10 11 7 3 14 15 0 8 12 4
3 3 1 5 9 13 2 6 10 11 7 0 14 15 3 8 12 4
7 1 1 5 9 13 2 6 10 11 0 7 14 15 3 8 12 4
3 1 1 5 9 13 2 6 10 11 3 7 14 15 0 8 12 4
4 2 1 5 9 13 2 6 10 11 3 7 14 15 4 8 12 0
15 1 1 5 9 13 2 6 10 11 3 7 14 0 4 8 12 15
11 1 1 5 9 13 2 6 10 0 3 7 14 11 4 8 12 15
13 1 1 5 9 0 2 6 10 13 3 7 14 11 4 8 12 15
15 2 1 5 9 15 2 6 10 13 3 7 14 11 4 8 12 0
14 3 1 5 9 15 2 6 10 13 3 7 0 11 4 8 12 14
11 1 1 5 9 15 2 6 10 13 3 7 11 0 4 8 12 14
14 1 1 5 9 15 2 6 10 13 3 7 11 14 4 8 12 0
15 2 1 5 9 0 2 6 10 13 3 7 11 14 4 8 12 15
13 1 1 5 9 13 2 6 10 0 3 7 11 14 4 8 12 15
14 1 1 5 9 13 2 6 10 14 3 7 11 0 4 8 12 15
15 1 1 5 9 13 2 6 10 14 3 7 11 15 4 8 12 0
209 0.46