0 0 0 2 4 7 6 3 0 5 1
6 1 5 2 4 7 6 0 3 5 1
7 3 4 0 4 7 6 2 3 5 1
7 3 4 2 4 7 6 1 3 5 0
7 1 6 2 0 7 6 3 4 5 1
6 2 4 0 2 7 6 3 4 5 1
8 3 5 3 2 7 6 0 4 5 1
8 2 6 2 7 0 6 3 4 5 1
8 1 7 2 4 7 6 3 5 0 1
9 2 7 2 4 7 6 3 5 1 0
9 6 3 0 4 7 6 1 3 5 2
9 2 7 2 4 0 6 3 5 7 1
9 3 6 2 0 4 6 3 5 7 1
8 4 4 0 2 4 6 3 5 7 1
9 5 4 3 2 7 6 1 4 5 0
9 4 5 3 2 7 6 4 0 5 1
9 4 5 2 4 7 6 1 3 0 5
9 4 5 2 0 7 6 4 3 5 1
8 5 3 0 2 7 6 4 3 5 1
9 4 5 4 0 7 6 2 3 5 1
9 6 3 2 4 0 6 1 3 5 7
9 7 2 2 0 4 6 1 3 5 7
8 8 0 0 2 4 6 1 3 5 7
