0 0 0 4 2 0 5 6 1 7 3
8 1 7 4 2 5 0 6 1 7 3
8 1 7 4 0 2 5 6 1 7 3
8 2 6 0 4 2 5 6 1 7 3
8 1 7 4 2 7 5 6 1 0 3
8 2 6 4 1 2 5 6 0 7 3
9 3 6 4 1 2 5 6 7 0 3
9 3 6 0 2 5 4 6 1 7 3
9 2 7 4 2 7 5 6 1 3 0
9 2 7 4 2 7 5 6 0 1 3
9 3 6 4 1 2 5 0 6 7 3
9 5 4 0 1 2 5 4 6 7 3
9 2 7 4 2 5 3 6 1 7 0
9 3 6 4 2 5 3 6 1 0 7
9 4 5 4 2 0 3 6 1 5 7
10 5 5 4 2 3 0 6 1 5 7
10 3 7 4 2 7 5 0 6 1 3
10 4 6 4 2 5 6 0 1 7 3
10 5 5 4 2 5 6 1 0 7 3
10 5 5 4 0 2 3 6 1 5 7
10 6 4 0 4 2 3 6 1 5 7
10 6 4 4 1 2 3 6 0 5 7
10 7 3 4 1 2 3 6 5 0 7
10 3 7 6 4 2 5 0 1 7 3
10 3 7 4 2 7 0 6 1 3 5
10 4 6 4 2 5 3 6 0 1 7
10 4 6 4 1 2 5 6 7 3 0
11 5 6 4 1 2 0 6 7 3 5
11 4 7 6 4 2 5 1 0 7 3
11 4 7 5 4 2 0 6 1 7 3
11 5 6 5 4 2 3 6 1 7 0
11 6 5 5 4 2 3 6 1 0 7
11 3 8 4 0 7 5 6 2 1 3
11 4 7 0 4 7 5 6 2 1 3
11 7 4 0 2 3 4 6 1 5 7
11 5 6 4 2 0 5 6 1 3 7
11 4 7 4 2 5 7 6 1 0 3
11 5 6 4 2 0 7 6 1 5 3
11 5 6 4 1 2 5 3 6 7 0
11 6 5 4 1 2 5 3 6 0 7
11 7 4 4 1 2 5 3 0 6 7
11 6 5 0 2 5 6 4 1 7 3
11 7 4 4 1 2 3 0 6 5 7
11 9 2 0 1 2 3 4 6 5 7
11 4 7 4 2 7 5 0 1 3 6
11 5 6 4 2 7 5 1 0 3 6
11 6 5 4 2 7 5 1 3 0 6
11 6 5 4 2 5 6 1 7 0 3
11 7 4 4 2 0 6 1 7 5 3
11 5 6 0 2 7 5 4 6 1 3
11 5 6 4 2 5 3 0 6 1 7
11 7 4 0 2 5 3 4 6 1 7
11 4 7 4 1 0 5 6 7 2 3
11 5 6 4 0 5 3 6 2 1 7
11 6 5 0 4 5 3 6 2 1 7
11 4 7 4 2 5 3 0 1 7 6
11 6 5 0 2 5 3 4 1 7 6
11 5 6 4 2 5 3 1 0 7 6
11 4 7 4 2 0 7 6 1 3 5
11 4 7 6 2 5 4 0 1 7 3
11 5 6 6 2 5 4 1 0 7 3
11 5 6 0 2 7 4 6 1 3 5
11 5 6 0 2 7 5 6 1 3 4
11 5 6 0 2 5 3 6 1 7 4
12 6 6 4 2 3 5 6 1 0 7
12 7 5 5 4 2 3 6 0 1 7
12 8 4 4 2 3 6 0 1 5 7
12 9 3 4 2 3 6 1 0 5 7
12 5 7 4 2 7 5 3 6 1 0
12 6 6 4 2 7 0 6 1 5 3
12 5 7 3 4 2 5 6 1 7 0
12 6 6 3 4 2 5 6 1 0 7
12 4 8 4 7 0 5 6 2 1 3
12 6 6 4 0 2 5 6 1 3 7
12 7 5 0 4 2 5 6 1 3 7
12 7 5 4 1 2 5 6 0 3 7
12 8 4 4 1 2 3 6 5 7 0
12 6 6 4 1 2 0 5 6 7 3
12 7 5 4 1 2 3 5 6 7 0
12 8 4 4 1 2 3 5 6 0 7
12 9 3 4 1 2 3 5 0 6 7
12 10 2 4 1 2 3 0 5 6 7
12 12 0 0 1 2 3 4 5 6 7
