0 0 0 1 2 3 7 6 4 5 0
6 1 5 1 2 3 0 6 4 5 7
7 3 4 0 2 3 1 6 4 5 7
7 2 5 1 2 0 3 6 4 5 7
8 3 5 1 0 2 3 6 4 5 7
7 4 3 0 1 2 3 6 4 5 7
8 2 6 1 2 3 7 0 4 5 6
8 4 4 0 2 3 7 1 4 5 6
8 1 7 1 2 3 7 6 4 0 5
8 3 5 0 2 3 7 6 4 5 1
8 4 4 1 2 3 6 0 4 5 7
8 6 2 0 2 3 6 1 4 5 7
9 4 5 6 2 3 1 0 4 5 7
9 3 6 1 2 0 7 6 4 5 3
9 2 7 1 2 0 7 6 4 3 5
9 3 6 1 2 3 7 4 0 5 6
9 5 4 1 2 3 6 4 0 5 7
9 3 6 1 2 5 3 6 4 0 7
9 4 5 1 4 2 3 6 0 5 7
9 5 4 1 4 2 3 6 5 0 7
9 5 4 6 1 2 3 0 4 5 7
9 6 3 6 1 2 3 4 0 5 7
9 7 2 6 1 2 3 4 5 0 7
9 2 7 1 2 3 7 6 0 4 5
10 3 7 1 2 3 7 0 6 4 5
10 5 5 0 2 3 7 1 6 4 5
10 3 7 1 0 2 7 6 4 3 5
9 4 5 0 1 2 7 6 4 3 5
10 3 7 1 2 7 0 6 4 3 5
10 5 5 1 4 2 3 0 6 5 7
10 4 6 6 2 3 7 0 4 5 1
10 4 6 1 2 5 3 6 0 4 7
10 4 6 1 2 3 7 4 5 0 6
10 5 5 1 2 3 7 4 5 6 0
10 6 4 1 2 3 0 4 5 6 7
10 7 3 1 2 0 3 4 5 6 7
10 8 2 1 0 2 3 4 5 6 7
9 9 0 0 1 2 3 4 5 6 7
