0 0 0 6 1 2 8 4 0 7 3 5
6 1 5 6 1 2 8 4 5 7 3 0
7 2 5 6 1 2 8 4 5 7 0 3
7 3 4 6 1 2 8 4 5 0 7 3
7 5 2 0 1 2 8 4 5 6 7 3
8 4 4 6 1 2 0 4 5 8 7 3
8 1 7 6 1 0 8 4 2 7 3 5
8 3 5 6 1 2 8 4 5 0 3 7
8 5 3 0 1 2 8 4 5 6 3 7
8 4 4 0 1 2 8 4 5 7 3 6
8 1 7 6 1 2 8 0 4 7 3 5
9 2 7 6 1 2 0 8 4 7 3 5
9 2 7 6 1 2 8 3 4 7 0 5
9 3 6 6 1 2 8 3 4 0 7 5
9 5 4 0 1 2 8 3 4 6 7 5
9 5 4 6 1 2 8 4 5 3 7 0
9 4 5 6 1 2 8 4 5 3 0 7
9 3 6 0 1 6 8 4 2 7 3 5
9 3 6 6 1 0 8 4 5 7 3 2
9 4 5 6 1 2 0 4 5 8 3 7
9 6 3 8 1 2 0 4 5 6 7 3
9 3 6 6 1 2 8 0 5 7 4 3
10 4 6 6 1 2 0 8 5 7 4 3
10 2 8 6 0 1 8 4 2 7 3 5
10 3 7 0 6 1 8 4 2 7 3 5
10 3 7 6 1 2 8 3 4 7 5 0
10 4 6 6 1 2 8 0 5 7 3 4
10 2 8 6 0 2 8 1 4 7 3 5
10 3 7 0 6 2 8 1 4 7 3 5
10 4 6 6 1 2 0 3 4 8 7 5
10 5 5 6 1 2 3 0 4 8 7 5
10 6 4 6 1 2 3 4 0 8 7 5
10 7 3 6 1 2 3 4 5 8 7 0
10 3 7 6 1 5 8 4 2 7 3 0
10 5 5 6 1 2 4 0 5 8 7 3
10 6 4 8 1 2 0 4 5 6 3 7
10 6 4 1 0 2 8 4 5 6 7 3
10 3 7 6 1 2 7 8 4 0 3 5
10 5 5 0 1 2 7 8 4 6 3 5
10 5 5 0 1 6 8 4 5 7 3 2
10 5 5 8 1 2 0 4 5 7 3 6
11 6 5 8 1 2 7 4 5 0 3 6
11 4 7 6 1 2 8 5 0 7 4 3
11 7 4 2 1 0 8 4 5 6 7 3
11 5 6 6 1 2 0 8 5 7 3 4
11 6 5 6 1 2 8 0 5 4 7 3
11 5 6 6 1 2 8 3 4 5 7 0
11 7 4 8 1 2 6 4 5 0 7 3
11 5 6 1 0 2 8 4 5 7 3 6
11 5 6 6 1 2 8 3 5 7 0 4
11 6 5 6 1 2 8 3 5 0 7 4
11 8 3 0 1 2 8 3 5 6 7 4
11 4 7 1 0 6 8 4 2 7 3 5
11 4 7 6 1 5 8 4 2 7 0 3
11 5 6 6 1 5 8 4 2 0 7 3
11 7 4 0 1 5 8 4 2 6 7 3
11 9 2 6 1 2 3 4 5 0 7 8
11 11 0 0 1 2 3 4 5 6 7 8
