0 0 0 7 2 4 1 6 5 3 0
7 3 4 0 2 4 1 6 5 3 7
9 4 5 6 2 4 1 0 5 3 7
11 7 4 6 2 4 0 1 5 3 7
11 9 2 0 2 4 6 1 5 3 7
15 12 3 5 2 4 6 1 0 3 7
15 13 2 5 2 4 6 1 3 0 7
17 14 3 5 2 0 6 1 3 4 7
17 14 3 5 2 4 6 1 3 7 0
19 17 2 0 2 4 6 1 3 7 5
14 10 4 6 2 4 3 1 5 0 7
14 11 3 6 2 4 3 1 0 5 7
14 10 4 1 2 4 6 0 5 3 7
14 10 4 2 0 4 6 1 5 3 7
16 12 4 7 2 4 6 1 5 3 0
17 13 4 5 0 4 6 1 2 3 7
17 14 3 0 5 4 6 1 2 3 7
17 13 4 5 2 4 6 0 1 3 7
18 15 3 0 2 4 6 5 1 3 7
19 15 4 5 0 2 6 1 3 4 7
19 16 3 0 5 2 6 1 3 4 7
19 15 4 5 2 6 0 1 3 4 7
20 17 3 0 2 6 5 1 3 4 7
19 15 4 5 2 4 0 1 3 7 6
20 17 3 0 2 4 5 1 3 7 6
20 16 4 5 2 4 6 0 3 7 1
21 18 3 0 2 4 6 5 3 7 1
21 17 4 5 2 0 6 1 3 7 4
22 18 4 1 2 4 6 0 3 7 5
22 18 4 2 0 4 6 1 3 7 5
23 19 4 6 2 4 0 1 3 7 5
24 20 4 3 2 4 6 1 0 7 5
16 12 4 6 0 4 3 1 2 5 7
16 13 3 0 6 4 3 1 2 5 7
16 12 4 6 2 4 3 0 1 5 7
17 14 3 0 2 4 3 6 1 5 7
15 11 4 1 2 4 6 5 0 3 7
15 12 3 1 2 4 6 5 3 0 7
15 11 4 2 5 4 6 1 0 3 7
15 12 3 2 5 4 6 1 3 0 7
17 13 4 7 2 4 6 1 5 0 3
17 14 3 7 2 4 6 1 0 5 3
22 18 4 5 2 6 4 1 3 0 7
22 18 4 5 2 4 7 1 3 0 6
24 20 4 6 2 4 5 1 3 7 0
24 21 3 6 2 4 5 1 3 0 7
17 13 4 1 2 4 6 5 3 7 0
22 18 4 5 2 7 6 1 3 0 4
26 22 4 6 2 4 7 1 3 0 5
26 23 3 6 2 4 7 1 3 5 0
26 24 2 6 2 4 0 1 3 5 7
26 26 0 0 2 4 6 1 3 5 7
