0 0 0 4 7 0 5 1 2 6 3
8 1 7 4 7 6 5 1 2 0 3
8 1 7 4 0 7 5 1 2 6 3
8 2 6 4 2 7 5 1 0 6 3
8 2 6 0 4 7 5 1 2 6 3
9 3 6 4 2 7 5 1 6 0 3
10 4 6 4 2 0 5 1 6 7 3
10 4 6 4 2 7 5 1 6 3 0
12 7 5 0 2 7 5 1 6 3 4
12 7 5 4 2 0 5 1 6 3 7
13 8 5 4 2 3 5 1 6 0 7
13 8 5 4 2 5 0 1 6 3 7
14 10 4 0 2 5 4 1 6 3 7
14 9 5 4 2 3 5 1 0 6 7
16 11 5 4 2 5 3 1 6 0 7
16 12 4 4 2 0 3 1 6 5 7
17 13 4 4 2 3 0 1 6 5 7
18 15 3 0 2 3 4 1 6 5 7
22 18 4 6 2 3 4 1 0 5 7
18 13 5 6 2 5 4 1 0 3 7
18 14 4 6 2 5 4 1 3 0 7
18 15 3 6 2 0 4 1 3 5 7
18 16 2 6 2 4 0 1 3 5 7
18 18 0 0 2 4 6 1 3 5 7
