0 0 0 2 5 6 7 4 0 3 1
7 1 6 2 0 6 7 4 5 3 1
7 2 5 0 2 6 7 4 5 3 1
8 2 6 2 6 0 7 4 5 3 1
10 4 6 7 2 6 0 4 5 3 1
12 7 5 7 2 6 3 4 5 0 1
12 8 4 7 2 0 3 4 5 6 1
12 9 3 7 0 2 3 4 5 6 1
12 10 2 0 7 2 3 4 5 6 1
16 13 3 1 7 2 3 4 5 6 0
14 10 4 7 5 2 3 4 0 6 1
15 11 4 4 7 2 3 0 5 6 1
16 12 4 3 7 2 0 4 5 6 1
17 13 4 5 7 2 3 4 0 6 1
18 14 4 1 7 2 0 4 5 6 3
19 16 3 0 7 2 1 4 5 6 3
18 14 4 1 7 2 3 4 5 0 6
19 15 4 1 7 2 3 0 5 6 4
20 17 3 0 7 2 3 1 5 6 4
20 16 4 1 7 0 3 4 5 6 2
17 13 4 4 7 2 3 1 5 6 0
18 14 4 4 0 2 3 7 5 6 1
18 15 3 0 4 2 3 7 5 6 1
17 13 4 3 7 2 1 4 5 6 0
18 14 4 5 0 2 3 4 7 6 1
18 15 3 0 5 2 3 4 7 6 1
21 17 4 7 0 2 1 4 5 6 3
22 18 4 1 0 2 3 7 5 6 4
21 19 2 0 1 2 3 7 5 6 4
23 20 3 7 1 2 3 0 5 6 4
24 22 2 7 1 2 3 4 5 6 0
25 25 0 0 1 2 3 4 5 6 7
