0 0 0 4 7 5 0 3 6 1 2
9 2 7 0 7 5 4 3 6 1 2
10 3 7 4 7 5 3 0 6 1 2
10 5 5 0 7 5 3 4 6 1 2
12 6 6 7 0 5 3 4 6 1 2
14 8 6 2 7 5 3 4 6 1 0
14 8 6 6 7 5 3 4 0 1 2
13 7 6 7 6 5 3 4 0 1 2
13 7 6 7 5 0 3 4 6 1 2
15 9 6 2 7 5 3 4 6 0 1
15 10 5 2 7 5 3 4 0 6 1
16 11 5 2 0 5 3 4 7 6 1
16 12 4 0 2 5 3 4 7 6 1
17 12 5 2 5 0 3 4 7 6 1
20 15 5 1 2 5 3 4 7 6 0
20 15 5 7 2 5 3 4 0 6 1
23 18 5 1 2 0 3 4 7 6 5
23 19 4 1 0 2 3 4 7 6 5
22 20 2 0 1 2 3 4 7 6 5
26 23 3 5 1 2 3 4 7 6 0
26 23 3 7 1 2 3 4 0 6 5
24 20 4 1 7 2 3 4 0 6 5
25 21 4 4 1 2 3 0 7 6 5
26 22 4 3 1 2 0 4 7 6 5
28 24 4 5 1 2 0 4 7 6 3
29 26 3 0 1 2 5 4 7 6 3
28 24 4 5 1 2 3 4 7 0 6
29 25 4 5 1 2 3 0 7 6 4
30 27 3 0 1 2 3 5 7 6 4
30 26 4 5 1 0 3 4 7 6 2
28 24 4 7 0 2 3 4 1 6 5
28 25 3 0 7 2 3 4 1 6 5
28 24 4 7 1 2 3 0 4 6 5
29 26 3 0 1 2 3 7 4 6 5
28 24 4 7 1 2 3 4 6 0 5
26 22 4 4 1 2 3 7 0 6 5
27 23 4 4 1 2 3 5 7 6 0
27 23 4 3 1 2 5 4 7 6 0
33 29 4 7 1 2 5 4 0 6 3
29 25 4 5 1 2 3 4 0 7 6
30 26 4 5 1 2 3 7 0 6 4
34 30 4 7 1 2 3 5 0 6 4
34 31 3 7 1 2 3 0 5 6 4
35 33 2 7 1 2 3 4 5 6 0
36 36 0 0 1 2 3 4 5 6 7
