0 0 0 7 0 3 5 1 4 6 2
7 1 6 0 7 3 5 1 4 6 2
8 1 7 7 4 3 5 1 0 6 2
8 1 7 7 3 0 5 1 4 6 2
9 2 7 1 7 3 5 0 4 6 2
9 3 6 1 7 3 5 4 0 6 2
10 4 6 1 0 3 5 4 7 6 2
9 5 4 0 1 3 5 4 7 6 2
12 7 5 5 1 3 0 4 7 6 2
12 8 4 5 1 0 3 4 7 6 2
13 8 5 2 1 3 5 4 7 6 0
13 8 5 7 1 3 5 4 0 6 2
13 8 5 5 1 3 2 4 7 6 0
15 11 4 0 1 3 2 4 7 6 5
14 9 5 5 1 6 3 4 7 0 2
14 9 5 5 0 1 3 4 7 6 2
14 10 4 0 5 1 3 4 7 6 2
14 9 5 2 1 3 0 4 7 6 5
14 10 4 2 1 0 3 4 7 6 5
16 11 5 2 1 0 5 4 7 6 3
16 11 5 5 1 0 2 4 7 6 3
16 12 4 5 1 2 0 4 7 6 3
16 13 3 5 1 2 3 4 7 6 0
18 16 2 0 1 2 3 4 7 6 5
17 14 3 0 1 2 5 4 7 6 3
22 19 3 7 1 2 3 4 0 6 5
18 14 4 5 1 2 3 4 7 0 6
19 15 4 5 1 2 3 0 7 6 4
20 17 3 0 1 2 3 5 7 6 4
21 17 4 4 1 2 3 0 7 6 5
21 17 4 1 0 2 3 4 7 6 5
22 18 4 3 1 2 0 4 7 6 5
21 17 4 3 1 2 5 4 7 6 0
21 17 4 7 1 2 5 4 0 6 3
24 20 4 7 0 2 3 4 1 6 5
24 21 3 0 7 2 3 4 1 6 5
24 20 4 7 1 2 3 0 4 6 5
25 22 3 0 1 2 3 7 4 6 5
24 20 4 7 1 2 3 4 6 0 5
19 15 4 5 1 2 3 4 0 7 6
20 16 4 5 1 2 3 7 0 6 4
23 19 4 4 1 2 3 5 7 6 0
24 20 4 7 1 2 3 5 0 6 4
24 21 3 7 1 2 3 0 5 6 4
25 23 2 7 1 2 3 4 5 6 0
26 26 0 0 1 2 3 4 5 6 7
