0 0 0 1 0 3 6 5 2 7 4
7 1 6 1 2 3 6 5 0 7 4
7 1 6 0 1 3 6 5 2 7 4
8 2 6 1 2 3 6 0 5 7 4
8 4 4 0 2 3 6 1 5 7 4
12 7 5 4 2 3 6 1 5 7 0
12 8 4 4 2 3 6 1 5 0 7
12 9 3 4 2 3 6 1 0 5 7
13 9 4 4 2 0 6 1 5 3 7
14 10 4 4 0 3 6 1 2 5 7
14 11 3 0 4 3 6 1 2 5 7
14 10 4 4 2 3 6 0 1 5 7
15 12 3 0 2 3 6 4 1 5 7
15 11 4 4 3 0 6 1 2 5 7
18 14 4 2 4 3 6 1 0 5 7
19 15 4 1 2 3 6 4 0 5 7
19 15 4 2 0 3 6 1 4 5 7
18 16 2 0 2 3 6 1 4 5 7
20 16 4 1 2 3 6 0 4 5 7
20 16 4 2 3 0 6 1 4 5 7
22 18 4 6 2 3 0 1 4 5 7
23 19 4 7 2 3 6 1 4 5 0
23 19 4 6 2 0 3 1 4 5 7
26 22 4 7 2 0 6 1 4 5 3
12 7 5 5 2 3 6 1 0 7 4
15 10 5 4 2 0 6 1 5 7 3
15 10 5 4 0 2 6 1 5 3 7
15 11 4 0 4 2 6 1 5 3 7
15 10 5 4 2 6 0 1 5 3 7
16 12 4 0 2 6 4 1 5 3 7
17 12 5 1 4 3 6 0 2 5 7
18 13 5 6 4 3 0 1 2 5 7
19 14 5 7 4 3 6 1 2 5 0
17 12 5 4 2 3 6 7 1 5 0
19 15 4 0 2 3 6 7 1 5 4
18 13 5 4 2 3 0 6 1 5 7
19 15 4 0 2 3 4 6 1 5 7
18 13 5 4 0 3 6 2 1 5 7
18 14 4 0 4 3 6 2 1 5 7
18 13 5 2 0 3 6 4 1 5 7
19 14 5 6 2 3 0 4 1 5 7
20 15 5 7 2 3 6 4 1 5 0
17 12 5 4 3 5 6 1 2 0 7
17 12 5 4 3 6 0 1 2 5 7
18 14 4 0 3 6 4 1 2 5 7
20 15 5 2 4 3 6 0 1 5 7
20 15 5 2 4 3 6 1 5 0 7
20 15 5 1 0 3 6 4 2 5 7
20 16 4 0 1 3 6 4 2 5 7
21 16 5 1 2 3 6 4 5 0 7
23 18 5 1 2 3 6 7 4 5 0
25 21 4 0 2 3 6 7 4 5 1
24 19 5 1 2 3 0 6 4 5 7
25 21 4 0 2 3 1 6 4 5 7
24 19 5 1 0 3 6 2 4 5 7
24 20 4 0 1 3 6 2 4 5 7
22 17 5 2 3 5 6 1 4 0 7
22 17 5 2 3 6 0 1 4 5 7
23 19 4 0 3 6 2 1 4 5 7
24 19 5 6 2 3 7 1 4 5 0
26 22 4 0 2 3 7 1 4 5 6
26 21 5 6 2 3 1 0 4 5 7
26 21 5 6 2 3 5 1 4 0 7
25 20 5 7 2 3 0 1 4 5 6
25 20 5 7 2 3 6 1 4 0 5
26 21 5 7 2 3 6 0 4 5 1
25 20 5 6 2 5 3 1 4 0 7
25 20 5 6 0 2 3 1 4 5 7
25 21 4 0 6 2 3 1 4 5 7
28 23 5 7 2 5 6 1 4 0 3
28 23 5 7 0 2 6 1 4 5 3
28 24 4 0 7 2 6 1 4 5 3
28 23 5 7 2 6 0 1 4 5 3
29 25 4 0 2 6 7 1 4 5 3
13 8 5 5 2 3 6 1 7 0 4
16 11 5 4 2 7 6 1 5 0 3
16 12 4 4 2 7 6 1 0 5 3
16 11 5 4 5 2 6 1 0 3 7
16 12 4 4 5 2 6 1 3 0 7
17 13 4 4 5 0 6 1 3 2 7
18 14 4 4 0 5 6 1 3 2 7
18 15 3 0 4 5 6 1 3 2 7
17 12 5 1 4 2 6 0 5 3 7
19 15 4 1 0 2 6 4 5 3 7
18 16 2 0 1 2 6 4 5 3 7
21 18 3 6 1 2 0 4 5 3 7
23 21 2 6 1 2 3 4 5 0 7
25 22 3 6 1 0 3 4 5 2 7
25 22 3 6 1 2 3 4 0 5 7
25 22 3 6 1 2 3 4 5 7 0
27 25 2 0 1 2 3 4 5 7 6
21 17 4 4 1 2 6 0 5 3 7
23 19 4 7 1 2 6 4 5 3 0
23 19 4 5 1 2 6 4 0 3 7
23 19 4 6 1 2 7 4 5 3 0
25 22 3 0 1 2 7 4 5 3 6
23 19 4 6 1 0 2 4 5 3 7
25 21 4 6 1 2 4 0 5 3 7
26 23 3 0 1 2 4 6 5 3 7
27 23 4 6 0 1 3 4 5 2 7
27 24 3 0 6 1 3 4 5 2 7
27 23 4 6 1 3 0 4 5 2 7
28 25 3 0 1 3 6 4 5 2 7
27 23 4 6 0 2 3 4 1 5 7
27 24 3 0 6 2 3 4 1 5 7
27 23 4 6 1 2 3 0 4 5 7
28 25 3 0 1 2 3 6 4 5 7
27 23 4 6 1 2 0 4 5 7 3
28 25 3 0 1 2 6 4 5 7 3
28 24 4 6 1 2 3 0 5 7 4
29 26 3 0 1 2 3 6 5 7 4
29 25 4 6 1 0 3 4 5 7 2
30 26 4 4 1 2 3 0 5 7 6
30 26 4 1 0 2 3 4 5 7 6
31 27 4 3 1 2 0 4 5 7 6
32 28 4 5 1 2 3 4 0 7 6
24 20 4 4 1 2 0 6 5 3 7
26 23 3 4 1 2 3 6 5 0 7
24 20 4 7 1 2 0 4 5 3 6
26 23 3 7 1 2 3 4 5 0 6
26 24 2 7 1 2 3 4 5 6 0
27 27 0 0 1 2 3 4 5 6 7
