0 0 0 1 7 0 5 6 4 3 2
9 1 8 1 7 3 5 6 4 0 2
9 1 8 1 0 7 5 6 4 3 2
8 2 6 0 1 7 5 6 4 3 2
10 3 7 6 1 7 5 0 4 3 2
10 4 6 6 1 7 5 4 0 3 2
11 5 6 6 1 7 5 4 3 0 2
12 6 6 6 1 0 5 4 3 7 2
12 6 6 6 1 7 5 4 3 2 0
14 9 5 0 1 7 5 4 3 2 6
14 9 5 6 1 0 5 4 3 2 7
14 10 4 6 1 2 5 4 3 0 7
15 11 4 6 1 2 5 4 0 3 7
15 10 5 6 1 5 0 4 3 2 7
16 12 4 0 1 5 6 4 3 2 7
16 11 5 6 1 2 5 4 3 7 0
18 14 4 0 1 2 5 4 3 7 6
17 12 5 6 0 2 5 4 1 3 7
17 13 4 0 6 2 5 4 1 3 7
17 12 5 6 1 2 5 0 4 3 7
18 14 4 0 1 2 5 6 4 3 7
18 13 5 6 1 5 2 4 3 0 7
18 13 5 4 1 5 6 0 3 2 7
20 16 4 4 0 5 6 1 3 2 7
20 17 3 0 4 5 6 1 3 2 7
21 17 4 4 5 0 6 1 3 2 7
22 18 4 4 5 2 6 1 3 0 7
18 13 5 1 0 5 6 4 3 2 7
20 15 5 3 1 5 6 4 0 2 7
17 12 5 6 1 2 0 4 3 7 5
18 14 4 0 1 2 6 4 3 7 5
21 16 5 5 1 2 0 4 3 7 6
22 17 5 3 1 2 5 4 0 7 6
20 15 5 5 6 2 0 4 1 3 7
22 18 4 5 6 2 3 4 1 0 7
23 19 4 5 6 2 3 4 0 1 7
24 20 4 5 0 2 3 4 6 1 7
24 21 3 0 5 2 3 4 6 1 7
28 24 4 6 5 2 3 4 0 1 7
28 25 3 6 0 2 3 4 5 1 7
28 26 2 0 6 2 3 4 5 1 7
29 25 4 6 5 2 3 4 1 0 7
30 26 4 6 2 0 3 4 5 1 7
31 27 4 4 6 2 3 0 5 1 7
32 28 4 3 6 2 0 4 5 1 7
33 29 4 7 6 2 3 4 5 1 0
31 27 4 6 2 1 3 4 5 0 7
34 30 4 4 0 2 3 6 5 1 7
34 31 3 0 4 2 3 6 5 1 7
35 31 4 3 6 2 1 4 5 0 7
34 30 4 7 6 2 3 4 5 0 1
36 32 4 6 4 2 3 0 5 1 7
21 16 5 1 6 2 5 4 0 3 7
20 15 5 6 1 2 0 5 4 3 7
21 17 4 0 1 2 6 5 4 3 7
22 18 4 6 1 2 3 5 4 0 7
23 19 4 6 1 2 3 5 0 4 7
23 20 3 6 1 2 3 0 5 4 7
24 22 2 0 1 2 3 6 5 4 7
26 22 4 6 1 2 3 7 5 4 0
28 25 3 0 1 2 3 7 5 4 6
27 23 4 6 1 2 0 3 5 4 7
28 25 3 0 1 2 6 3 5 4 7
27 23 4 6 0 2 3 1 5 4 7
27 24 3 0 6 2 3 1 5 4 7
27 23 4 1 0 2 3 6 5 4 7
28 24 4 3 1 2 0 6 5 4 7
29 25 4 7 1 2 3 6 5 4 0
29 25 4 5 1 2 3 6 0 4 7
27 23 4 6 1 2 3 7 5 0 4
30 26 4 7 1 2 3 0 5 4 6
30 26 4 6 1 2 4 3 5 0 7
30 26 4 3 1 2 6 0 5 4 7
29 25 4 1 6 2 3 0 5 4 7
31 27 4 3 1 2 4 6 5 0 7
30 26 4 7 1 2 3 6 5 0 4
30 26 4 5 1 2 3 0 6 4 7
31 28 3 0 1 2 3 5 6 4 7
30 26 4 5 1 2 3 6 4 0 7
21 16 5 5 1 2 0 6 4 3 7
22 17 5 4 1 2 5 6 0 3 7
19 14 5 6 1 0 2 4 3 5 7
19 15 4 6 1 2 0 4 3 5 7
20 17 3 0 1 2 6 4 3 5 7
22 18 4 4 1 2 6 0 3 5 7
24 21 3 4 0 2 6 1 3 5 7
24 22 2 0 4 2 6 1 3 5 7
24 22 2 4 2 0 6 1 3 5 7
26 23 3 4 2 5 6 1 3 0 7
26 23 3 4 2 6 0 1 3 5 7
27 25 2 0 2 6 4 1 3 5 7
22 18 4 1 0 2 6 4 3 5 7
22 19 3 1 2 0 6 4 3 5 7
24 20 4 3 1 2 6 4 0 5 7
24 21 3 3 1 2 6 4 5 0 7
26 22 4 4 3 2 6 1 0 5 7
27 23 4 1 4 2 6 0 3 5 7
28 24 4 6 4 2 0 1 3 5 7
29 25 4 7 4 2 6 1 3 5 0
29 25 4 3 4 2 6 1 0 5 7
28 24 4 4 2 5 6 1 0 3 7
28 24 4 4 2 5 6 1 3 7 0
30 27 3 0 2 5 6 1 3 7 4
28 24 4 4 2 6 7 1 3 5 0
30 27 3 0 2 6 7 1 3 5 4
30 26 4 4 2 6 1 0 3 5 7
31 28 3 0 2 6 1 4 3 5 7
30 26 4 4 2 6 5 1 3 0 7
30 26 4 1 2 6 4 0 3 5 7
30 26 4 2 0 6 4 1 3 5 7
32 28 4 7 2 6 4 1 3 5 0
32 28 4 3 2 6 4 1 0 5 7
24 20 4 1 2 5 6 4 3 0 7
24 20 4 1 2 6 0 4 3 5 7
26 22 4 3 1 0 6 4 5 2 7
26 22 4 3 1 2 6 4 5 7 0
28 25 3 0 1 2 6 4 5 7 3
29 25 4 6 4 0 2 1 3 5 7
29 26 3 6 0 4 2 1 3 5 7
29 27 2 0 6 4 2 1 3 5 7
32 29 3 2 6 4 0 1 3 5 7
32 28 4 7 4 0 6 1 3 5 2
32 29 3 7 0 4 6 1 3 5 2
32 30 2 0 7 4 6 1 3 5 2
36 33 3 2 7 4 6 1 3 5 0
30 26 4 3 0 2 6 1 4 5 7
30 27 3 0 3 2 6 1 4 5 7
30 27 3 3 2 0 6 1 4 5 7
31 27 4 4 2 0 6 1 3 7 5
31 27 4 4 2 0 7 1 3 5 6
33 29 4 7 2 6 0 1 3 5 4
33 30 3 7 2 0 6 1 3 5 4
31 27 4 4 2 0 5 1 3 6 7
31 27 4 2 6 0 4 1 3 5 7
35 31 4 7 2 0 4 1 3 5 6
35 32 3 7 2 4 0 1 3 5 6
35 33 2 7 2 4 6 1 3 5 0
36 36 0 0 2 4 6 1 3 5 7
