0 0 0 7 0 5 6 3 2 1 4
7 1 6 7 2 5 6 3 0 1 4
7 2 5 7 2 5 6 0 3 1 4
8 4 4 0 2 5 6 7 3 1 4
9 4 5 7 2 5 6 4 3 1 0
10 7 3 0 2 5 6 4 3 1 7
12 8 4 4 2 5 6 0 3 1 7
12 7 5 4 2 5 6 7 3 1 0
10 5 5 7 2 5 6 4 3 0 1
10 6 4 7 2 0 6 4 3 5 1
12 7 5 7 2 0 6 4 3 1 5
13 8 5 2 0 5 6 4 3 1 7
14 9 5 6 2 5 0 4 3 1 7
15 10 5 3 2 5 6 4 0 1 7
14 9 5 4 2 5 6 3 0 1 7
16 11 5 4 2 5 0 6 3 1 7
17 13 4 0 2 5 4 6 3 1 7
16 11 5 4 0 5 6 2 3 1 7
16 12 4 0 4 5 6 2 3 1 7
13 8 5 4 2 5 6 7 3 0 1
13 9 4 4 2 0 6 7 3 5 1
15 10 5 4 2 0 6 7 3 1 5
12 7 5 7 0 2 6 4 3 5 1
12 8 4 0 7 2 6 4 3 5 1
12 7 5 7 2 6 0 4 3 5 1
13 9 4 0 2 6 7 4 3 5 1
13 8 5 7 2 1 6 4 3 0 5
13 9 4 7 2 1 6 4 3 5 0
14 12 2 0 2 1 6 4 3 5 7
16 13 3 4 2 1 6 0 3 5 7
15 11 4 7 2 1 6 0 3 5 4
16 13 3 0 2 1 6 7 3 5 4
17 13 4 2 0 1 6 4 3 5 7
18 14 4 6 2 1 0 4 3 5 7
19 15 4 3 2 1 6 4 0 5 7
18 14 4 4 2 1 6 3 0 5 7
19 15 4 4 2 1 6 7 3 5 0
20 16 4 4 2 1 0 6 3 5 7
21 18 3 0 2 1 4 6 3 5 7
20 16 4 4 0 1 6 2 3 5 7
20 17 3 0 4 1 6 2 3 5 7
18 14 4 2 1 0 6 4 3 5 7
19 15 4 6 2 0 1 4 3 5 7
21 17 4 6 2 1 4 0 3 5 7
20 16 4 3 2 1 6 0 4 5 7
21 18 3 0 2 1 6 3 4 5 7
21 17 4 4 2 0 1 6 3 5 7
21 17 4 4 1 0 6 2 3 5 7
22 18 4 2 4 1 6 0 3 5 7
14 9 5 2 5 0 6 4 3 1 7
15 10 5 6 2 0 5 4 3 1 7
17 12 5 6 2 5 4 0 3 1 7
17 12 5 6 2 5 1 4 3 0 7
16 11 5 3 2 5 6 0 4 1 7
17 13 4 0 2 5 6 3 4 1 7
16 11 5 3 2 5 6 4 1 0 7
16 12 4 3 2 0 6 4 1 5 7
15 10 5 4 2 5 6 3 1 0 7
15 11 4 4 2 0 6 3 1 5 7
17 12 5 4 2 0 5 6 3 1 7
19 14 5 4 2 5 1 6 3 0 7
17 12 5 4 5 0 6 2 3 1 7
18 13 5 2 4 5 6 0 3 1 7
15 10 5 4 0 2 6 7 3 5 1
15 11 4 0 4 2 6 7 3 5 1
15 10 5 4 2 6 0 7 3 5 1
16 12 4 0 2 6 4 7 3 5 1
16 11 5 4 2 1 6 7 3 0 5
14 9 5 4 7 2 6 0 3 5 1
15 11 4 4 7 2 6 1 3 5 0
17 14 3 0 7 2 6 1 3 5 4
18 14 4 4 7 0 6 1 3 5 2
19 15 4 7 0 2 6 1 3 5 4
19 16 3 7 2 0 6 1 3 5 4
19 15 4 4 0 7 6 1 3 5 2
19 16 3 0 4 7 6 1 3 5 2
21 17 4 7 2 5 6 1 3 0 4
21 17 4 7 2 6 0 1 3 5 4
22 19 3 0 2 6 7 1 3 5 4
23 19 4 2 4 7 6 1 3 5 0
25 22 3 2 4 0 6 1 3 5 7
25 23 2 2 0 4 6 1 3 5 7
24 24 0 0 2 4 6 1 3 5 7
