0 0 0 3 6 2 1 5 4 0 7
7 1 6 3 6 2 1 5 0 4 7
7 2 5 3 6 2 1 0 5 4 7
8 4 4 0 6 2 1 3 5 4 7
10 5 5 3 6 2 0 1 5 4 7
10 7 3 0 6 2 3 1 5 4 7
12 8 4 1 6 2 3 0 5 4 7
12 8 4 6 0 2 3 1 5 4 7
15 11 4 1 0 2 3 6 5 4 7
14 12 2 0 1 2 3 6 5 4 7
16 13 3 6 1 2 3 0 5 4 7
18 14 4 3 1 2 0 6 5 4 7
19 15 4 7 1 2 3 6 5 4 0
19 15 4 5 1 2 3 6 0 4 7
18 14 4 6 1 2 3 5 0 4 7
19 15 4 6 1 2 3 7 5 4 0
21 18 3 0 1 2 3 7 5 4 6
20 16 4 6 1 2 0 3 5 4 7
21 18 3 0 1 2 6 3 5 4 7
21 17 4 3 1 2 6 0 5 4 7
21 17 4 3 1 2 4 6 5 0 7
20 16 4 7 1 2 3 6 5 0 4
21 17 4 7 1 2 3 0 5 4 6
20 16 4 5 1 2 3 0 6 4 7
21 18 3 0 1 2 3 5 6 4 7
20 16 4 5 1 2 3 6 4 0 7
19 15 4 6 1 2 3 5 4 0 7
20 16 4 6 1 2 3 7 5 0 4
23 19 4 6 1 2 4 3 5 0 7
10 5 5 3 0 2 1 6 5 4 7
10 6 4 0 3 2 1 6 5 4 7
10 5 5 6 0 2 1 3 5 4 7
11 6 5 1 6 2 0 3 5 4 7
13 8 5 3 6 2 4 1 5 0 7
15 10 5 7 6 2 3 1 5 4 0
15 10 5 5 6 2 3 1 0 4 7
14 9 5 1 6 2 3 5 0 4 7
15 10 5 1 6 2 3 7 5 4 0
17 13 4 0 6 2 3 7 5 4 1
14 9 5 6 5 2 3 1 0 4 7
14 9 5 6 2 0 3 1 5 4 7
14 10 4 6 2 4 3 1 5 0 7
14 11 3 6 2 4 3 1 0 5 7
16 12 4 6 0 4 3 1 2 5 7
16 13 3 0 6 4 3 1 2 5 7
16 12 4 6 2 4 3 0 1 5 7
17 14 3 0 2 4 3 6 1 5 7
19 15 4 3 6 4 0 1 2 5 7
20 16 4 2 6 4 3 1 0 5 7
19 15 4 6 2 4 0 3 1 5 7
19 17 2 0 2 4 6 3 1 5 7
21 18 3 3 2 4 6 0 1 5 7
21 19 2 3 2 4 6 1 0 5 7
23 20 3 1 2 4 6 3 0 5 7
23 21 2 1 2 4 6 0 3 5 7
23 23 0 0 2 4 6 1 3 5 7
