0 0 0 1 5 0 4 2 6 3 7
7 1 6 1 5 4 0 2 6 3 7
8 3 5 0 5 4 1 2 6 3 7
10 4 6 1 5 4 2 0 6 3 7
10 6 4 0 5 4 2 1 6 3 7
12 7 5 5 0 4 2 1 6 3 7
13 8 5 2 5 4 0 1 6 3 7
14 9 5 6 5 4 2 1 0 3 7
14 10 4 6 5 4 2 1 3 0 7
13 8 5 5 6 4 2 1 0 3 7
13 9 4 5 6 4 2 1 3 0 7
16 11 5 2 5 4 3 1 6 0 7
15 10 5 6 0 4 2 1 5 3 7
15 11 4 0 6 4 2 1 5 3 7
16 11 5 6 5 0 2 1 3 4 7
16 11 5 6 5 4 2 1 3 7 0
18 14 4 0 5 4 2 1 3 7 6
15 10 5 5 6 0 2 1 3 4 7
15 10 5 5 6 4 2 1 3 7 0
17 13 4 0 6 4 2 1 3 7 5
17 12 5 2 5 4 3 1 0 6 7
17 13 4 2 0 4 3 1 5 6 7
17 14 3 0 2 4 3 1 5 6 7
18 14 4 2 4 0 3 1 5 6 7
19 15 4 1 2 4 3 0 5 6 7
20 16 4 3 2 4 0 1 5 6 7
22 19 3 3 2 4 6 1 5 0 7
22 20 2 3 2 4 6 1 0 5 7
24 21 3 3 0 4 6 1 2 5 7
24 22 2 0 3 4 6 1 2 5 7
24 21 3 3 2 4 6 0 1 5 7
25 23 2 0 2 4 6 3 1 5 7
28 25 3 2 3 4 6 1 0 5 7
28 26 2 2 0 4 6 1 3 5 7
27 27 0 0 2 4 6 1 3 5 7
