0 0 0 4 7 2 1 0 6 5 3
7 2 5 0 7 2 1 4 6 5 3
9 3 6 4 7 2 0 1 6 5 3
10 5 5 0 7 2 4 1 6 5 3
9 3 6 7 0 2 1 4 6 5 3
10 4 6 1 7 2 0 4 6 5 3
10 5 5 1 7 2 3 4 6 5 0
12 8 4 0 7 2 3 4 6 5 1
11 6 5 1 7 2 3 4 6 0 5
11 7 4 1 7 2 3 4 0 6 5
12 8 4 1 0 2 3 4 7 6 5
11 9 2 0 1 2 3 4 7 6 5
15 12 3 5 1 2 3 4 7 6 0
15 12 3 7 1 2 3 4 0 6 5
14 10 4 4 1 2 3 0 7 6 5
15 11 4 3 1 2 0 4 7 6 5
17 13 4 5 1 2 0 4 7 6 3
18 15 3 0 1 2 5 4 7 6 3
17 13 4 5 1 2 3 4 7 0 6
18 14 4 5 1 2 3 0 7 6 4
19 16 3 0 1 2 3 5 7 6 4
19 15 4 5 1 0 3 4 7 6 2
17 13 4 7 0 2 3 4 1 6 5
17 14 3 0 7 2 3 4 1 6 5
17 13 4 7 1 2 3 0 4 6 5
18 15 3 0 1 2 3 7 4 6 5
17 13 4 7 1 2 3 4 6 0 5
15 11 4 4 1 2 3 7 0 6 5
16 12 4 4 1 2 3 5 7 6 0
16 12 4 3 1 2 5 4 7 6 0
22 18 4 7 1 2 5 4 0 6 3
18 14 4 5 1 2 3 4 0 7 6
19 15 4 5 1 2 3 7 0 6 4
23 19 4 7 1 2 3 5 0 6 4
23 20 3 7 1 2 3 0 5 6 4
24 22 2 7 1 2 3 4 5 6 0
25 25 0 0 1 2 3 4 5 6 7
