0 0 0 7 0 6 2 5 1 4 3
8 1 7 7 1 6 2 5 0 4 3
8 2 6 7 1 6 2 0 5 4 3
9 4 5 0 1 6 2 7 5 4 3
10 4 6 7 1 6 2 3 5 4 0
11 7 4 0 1 6 2 3 5 4 7
13 8 5 3 1 6 2 0 5 4 7
14 9 5 2 1 6 0 3 5 4 7
16 12 4 2 1 6 3 0 5 4 7
17 14 3 0 1 6 3 2 5 4 7
16 11 5 3 1 6 0 2 5 4 7
15 10 5 2 1 0 6 3 5 4 7
17 12 5 2 1 6 4 3 5 0 7
17 13 4 2 1 0 4 3 5 6 7
18 14 4 2 1 4 0 3 5 6 7
19 16 3 0 1 4 2 3 5 6 7
20 17 3 2 1 4 3 0 5 6 7
21 19 2 0 1 4 3 2 5 6 7
21 17 4 3 1 4 2 0 5 6 7
22 18 4 2 1 4 3 5 0 6 7
23 19 4 2 1 4 3 7 5 6 0
25 22 3 0 1 4 3 7 5 6 2
24 20 4 2 0 4 3 1 5 6 7
24 21 3 0 2 4 3 1 5 6 7
24 20 4 1 0 4 3 2 5 6 7
24 20 4 3 1 4 0 2 5 6 7
26 22 4 7 1 4 3 2 5 6 0
26 22 4 5 1 4 3 2 0 6 7
26 22 4 2 1 0 3 7 5 6 4
27 23 4 7 1 4 3 0 5 6 2
25 21 4 2 4 0 3 1 5 6 7
26 22 4 1 2 4 3 0 5 6 7
27 23 4 3 2 4 0 1 5 6 7
29 26 3 3 2 4 6 1 5 0 7
29 27 2 3 2 4 6 1 0 5 7
31 28 3 3 0 4 6 1 2 5 7
31 29 2 0 3 4 6 1 2 5 7
31 28 3 3 2 4 6 0 1 5 7
32 30 2 0 2 4 6 3 1 5 7
35 32 3 2 3 4 6 1 0 5 7
35 33 2 2 0 4 6 1 3 5 7
34 34 0 0 2 4 6 1 3 5 7
