0 0 0 6 1 3 7 5 0 2 4
7 1 6 6 1 3 7 0 5 2 4
8 3 5 6 1 3 7 4 5 2 0
8 4 4 6 1 3 0 4 5 2 7
8 5 3 6 1 0 3 4 5 2 7
8 6 2 6 1 2 3 4 5 0 7
9 6 3 0 1 3 6 4 5 2 7
10 7 3 6 1 2 3 4 0 5 7
10 7 3 6 1 2 3 4 5 7 0
12 10 2 0 1 2 3 4 5 7 6
10 6 4 0 1 3 7 4 5 2 6
11 7 4 6 1 3 2 4 5 0 7
10 6 4 6 0 1 3 4 5 2 7
10 7 3 0 6 1 3 4 5 2 7
12 8 4 6 0 2 3 4 1 5 7
12 9 3 0 6 2 3 4 1 5 7
12 8 4 6 1 2 3 0 4 5 7
13 10 3 0 1 2 3 6 4 5 7
12 8 4 6 1 2 0 4 5 7 3
13 10 3 0 1 2 6 4 5 7 3
13 9 4 6 1 2 3 0 5 7 4
14 11 3 0 1 2 3 6 5 7 4
14 10 4 6 1 0 3 4 5 7 2
15 11 4 4 1 2 3 0 5 7 6
15 11 4 1 0 2 3 4 5 7 6
16 12 4 3 1 2 0 4 5 7 6
17 13 4 5 1 2 3 4 0 7 6
12 8 4 6 1 0 2 4 5 3 7
12 9 3 6 1 2 0 4 5 3 7
13 11 2 0 1 2 6 4 5 3 7
16 12 4 1 6 2 3 4 0 5 7
16 13 3 1 6 2 3 4 5 0 7
17 13 4 4 1 2 3 6 0 5 7
17 14 3 4 1 2 3 6 5 0 7
15 11 4 6 1 2 7 4 5 0 3
17 13 4 3 1 2 6 4 5 7 0
17 14 3 3 1 2 6 4 5 0 7
17 13 4 4 1 2 3 6 5 7 0
15 11 4 6 1 7 3 4 5 0 2
19 15 4 3 1 2 7 4 5 0 6
19 16 3 3 1 2 7 4 5 6 0
19 17 2 3 1 2 0 4 5 6 7
19 19 0 0 1 2 3 4 5 6 7
