0 0 0 2 3 6 5 0 1 4 7
7 1 6 2 3 6 5 1 0 4 7
7 2 5 2 0 6 5 1 3 4 7
6 3 3 0 2 6 5 1 3 4 7
9 5 4 5 2 6 0 1 3 4 7
9 6 3 5 2 0 6 1 3 4 7
9 7 2 5 2 4 6 1 3 0 7
11 8 3 5 2 4 6 1 0 3 7
11 8 3 5 2 4 6 1 3 7 0
13 11 2 0 2 4 6 1 3 7 5
12 8 4 5 2 6 4 1 3 0 7
11 7 4 5 0 2 6 1 3 4 7
11 8 3 0 5 2 6 1 3 4 7
13 9 4 5 0 4 6 1 2 3 7
13 10 3 0 5 4 6 1 2 3 7
13 9 4 5 2 4 6 0 1 3 7
14 11 3 0 2 4 6 5 1 3 7
13 9 4 5 2 4 0 1 3 7 6
14 11 3 0 2 4 5 1 3 7 6
14 10 4 5 2 4 6 0 3 7 1
15 12 3 0 2 4 6 5 3 7 1
15 11 4 5 2 0 6 1 3 7 4
16 12 4 1 2 4 6 0 3 7 5
16 12 4 2 0 4 6 1 3 7 5
17 13 4 6 2 4 0 1 3 7 5
18 14 4 3 2 4 6 1 0 7 5
13 9 4 5 2 0 4 1 3 6 7
13 10 3 5 2 4 0 1 3 6 7
14 12 2 0 2 4 5 1 3 6 7
17 13 4 2 5 4 6 1 0 3 7
17 14 3 2 5 4 6 1 3 0 7
18 14 4 1 2 4 6 5 0 3 7
18 15 3 1 2 4 6 5 3 0 7
16 12 4 5 2 4 7 1 3 0 6
18 14 4 6 2 4 5 1 3 7 0
18 15 3 6 2 4 5 1 3 0 7
18 14 4 1 2 4 6 5 3 7 0
16 12 4 5 2 7 6 1 3 0 4
20 16 4 6 2 4 7 1 3 0 5
20 17 3 6 2 4 7 1 3 5 0
20 18 2 6 2 4 0 1 3 5 7
20 20 0 0 2 4 6 1 3 5 7
