0 0 0 3 5 6 1 4 7 0 2
7 1 6 3 5 0 1 4 7 6 2
8 2 6 3 0 5 1 4 7 6 2
8 3 5 0 3 5 1 4 7 6 2
8 2 6 3 5 1 0 4 7 6 2
8 4 4 0 5 1 3 4 7 6 2
10 5 5 5 0 1 3 4 7 6 2
10 6 4 5 1 0 3 4 7 6 2
12 7 5 2 5 1 3 4 7 6 0
12 7 5 7 5 1 3 4 0 6 2
12 8 4 7 0 1 3 4 5 6 2
12 9 3 0 7 1 3 4 5 6 2
12 9 3 7 1 0 3 4 5 6 2
16 12 4 2 7 1 3 4 5 6 0
14 10 4 7 1 6 3 4 5 0 2
14 10 4 7 1 3 0 4 5 6 2
15 12 3 0 1 3 7 4 5 6 2
19 15 4 2 7 0 3 4 5 6 1
15 11 4 7 1 6 3 4 5 2 0
16 14 2 0 1 6 3 4 5 2 7
15 11 4 7 1 3 2 4 5 6 0
16 14 2 0 1 3 2 4 5 6 7
19 16 3 2 1 3 0 4 5 6 7
19 17 2 2 1 0 3 4 5 6 7
21 18 3 2 1 6 3 4 5 0 7
21 18 3 2 0 1 3 4 5 6 7
21 19 2 0 2 1 3 4 5 6 7
19 15 4 2 1 3 7 4 5 6 0
20 16 4 2 0 7 3 4 5 6 1
20 17 3 0 2 7 3 4 5 6 1
18 14 4 7 1 0 3 4 5 2 6
18 15 3 7 1 2 3 4 5 0 6
18 16 2 7 1 2 3 4 5 6 0
19 19 0 0 1 2 3 4 5 6 7
