0 0 0 6 7 3 4 2 5 0 1
8 1 7 6 7 0 4 2 5 3 1
8 1 7 6 7 3 4 2 0 5 1
8 1 7 6 7 3 4 2 5 1 0
10 4 6 0 7 3 4 2 5 1 6
9 2 7 6 0 7 4 2 5 3 1
9 3 6 0 6 7 4 2 5 3 1
9 2 7 6 7 4 0 2 5 3 1
9 4 5 0 7 4 6 2 5 3 1
11 5 6 6 7 4 3 2 5 0 1
11 5 6 2 7 4 6 0 5 3 1
12 7 5 2 7 4 6 1 5 3 0
14 10 4 0 7 4 6 1 5 3 2
13 8 5 2 7 4 6 1 5 0 3
13 9 4 2 7 4 6 1 0 5 3
14 10 4 2 0 4 6 1 7 5 3
13 11 2 0 2 4 6 1 7 5 3
17 14 3 3 2 4 6 1 7 5 0
17 14 3 7 2 4 6 1 0 5 3
16 12 4 1 2 4 6 0 7 5 3
17 13 4 6 2 4 0 1 7 5 3
19 15 4 3 2 4 0 1 7 5 6
20 17 3 0 2 4 3 1 7 5 6
19 15 4 3 2 4 6 1 7 0 5
20 16 4 3 2 4 6 0 7 5 1
21 18 3 0 2 4 6 3 7 5 1
21 17 4 3 2 0 6 1 7 5 4
19 15 4 7 0 4 6 1 2 5 3
19 16 3 0 7 4 6 1 2 5 3
19 15 4 7 2 4 6 0 1 5 3
20 17 3 0 2 4 6 7 1 5 3
19 15 4 7 2 4 6 1 5 0 3
17 13 4 1 2 4 6 7 0 5 3
18 14 4 1 2 4 6 3 7 5 0
18 14 4 6 2 4 3 1 7 5 0
24 20 4 7 2 4 3 1 0 5 6
20 16 4 3 2 4 6 1 0 7 5
21 17 4 3 2 4 6 7 0 5 1
25 21 4 7 2 4 6 3 0 5 1
25 22 3 7 2 4 6 0 3 5 1
26 24 2 7 2 4 6 1 3 5 0
27 27 0 0 2 4 6 1 3 5 7
