0 0 0 1 2 3 7 6 4 5 0
6 1 5 1 2 3 0 6 4 5 7
7 3 4 0 2 3 1 6 4 5 7
8 4 4 1 2 3 6 0 4 5 7
8 6 2 0 2 3 6 1 4 5 7
12 9 3 4 2 3 6 1 0 5 7
9 5 4 1 2 3 6 4 0 5 7
11 7 4 2 0 3 6 1 4 5 7
12 8 4 6 2 3 0 1 4 5 7
13 9 4 7 2 3 6 1 4 5 0
14 10 4 4 0 3 6 1 2 5 7
14 11 3 0 4 3 6 1 2 5 7
14 10 4 4 2 3 6 0 1 5 7
15 12 3 0 2 3 6 4 1 5 7
14 10 4 4 2 3 6 1 5 0 7
12 8 4 2 4 3 6 1 0 5 7
12 8 4 2 3 0 6 1 4 5 7
13 9 4 6 2 0 3 1 4 5 7
16 12 4 7 2 0 6 1 4 5 3
15 11 4 4 3 0 6 1 2 5 7
15 11 4 4 2 0 6 1 5 3 7
8 3 5 0 2 3 7 6 4 5 1
7 2 5 1 2 0 3 6 4 5 7
9 4 5 6 2 3 1 0 4 5 7
11 6 5 4 2 3 1 6 0 5 7
11 6 5 1 2 3 6 7 4 5 0
13 9 4 0 2 3 6 7 4 5 1
12 7 5 1 0 3 6 2 4 5 7
12 8 4 0 1 3 6 2 4 5 7
11 6 5 1 0 3 6 4 2 5 7
11 7 4 0 1 3 6 4 2 5 7
11 6 5 1 2 3 6 4 5 0 7
14 9 5 6 2 3 7 1 4 5 0
16 12 4 0 2 3 7 1 4 5 6
16 11 5 6 2 3 5 1 4 0 7
15 10 5 7 2 3 0 1 4 5 6
15 10 5 7 2 3 6 1 4 0 5
15 10 5 7 2 3 6 0 4 5 1
17 12 5 1 4 3 6 0 2 5 7
18 13 5 6 4 3 0 1 2 5 7
19 14 5 7 4 3 6 1 2 5 0
17 12 5 4 2 3 6 7 1 5 0
19 15 4 0 2 3 6 7 1 5 4
18 13 5 4 2 3 0 6 1 5 7
19 15 4 0 2 3 4 6 1 5 7
18 13 5 4 0 3 6 2 1 5 7
18 14 4 0 4 3 6 2 1 5 7
18 13 5 2 0 3 6 4 1 5 7
19 14 5 6 2 3 0 4 1 5 7
20 15 5 7 2 3 6 4 1 5 0
16 11 5 4 2 3 6 1 5 7 0
18 14 4 0 2 3 6 1 5 7 4
14 9 5 2 4 3 6 0 1 5 7
14 9 5 2 4 3 6 1 5 0 7
14 9 5 2 3 5 6 1 4 0 7
14 9 5 2 3 6 0 1 4 5 7
15 11 4 0 3 6 2 1 4 5 7
15 10 5 6 2 5 3 1 4 0 7
15 10 5 6 0 2 3 1 4 5 7
15 11 4 0 6 2 3 1 4 5 7
18 13 5 7 2 5 6 1 4 0 3
18 13 5 7 0 2 6 1 4 5 3
18 14 4 0 7 2 6 1 4 5 3
18 13 5 7 2 6 0 1 4 5 3
19 15 4 0 2 6 7 1 4 5 3
17 12 5 4 3 5 6 1 2 0 7
17 12 5 4 3 6 0 1 2 5 7
18 14 4 0 3 6 4 1 2 5 7
17 12 5 4 0 2 6 1 5 3 7
17 13 4 0 4 2 6 1 5 3 7
17 12 5 4 2 6 0 1 5 3 7
18 14 4 0 2 6 4 1 5 3 7
8 3 5 1 0 2 3 6 4 5 7
7 4 3 0 1 2 3 6 4 5 7
9 5 4 6 1 2 3 0 4 5 7
9 6 3 6 1 2 3 4 0 5 7
9 7 2 6 1 2 3 4 5 0 7
11 8 3 6 1 0 3 4 5 2 7
11 8 3 6 1 2 3 4 5 7 0
13 11 2 0 1 2 3 4 5 7 6
11 7 4 4 1 2 3 6 0 5 7
11 8 3 4 1 2 3 6 5 0 7
11 7 4 6 0 2 3 4 1 5 7
11 8 3 0 6 2 3 4 1 5 7
13 9 4 6 0 1 3 4 5 2 7
13 10 3 0 6 1 3 4 5 2 7
13 9 4 6 1 3 0 4 5 2 7
14 11 3 0 1 3 6 4 5 2 7
13 9 4 6 1 2 0 4 5 7 3
14 11 3 0 1 2 6 4 5 7 3
14 10 4 6 1 2 3 0 5 7 4
15 12 3 0 1 2 3 6 5 7 4
15 11 4 6 1 0 3 4 5 7 2
16 12 4 4 1 2 3 0 5 7 6
16 12 4 1 0 2 3 4 5 7 6
17 13 4 3 1 2 0 4 5 7 6
18 14 4 5 1 2 3 4 0 7 6
12 8 4 4 1 2 3 0 6 5 7
12 10 2 0 1 2 3 4 6 5 7
13 9 4 4 1 0 3 6 5 2 7
13 9 4 4 1 2 3 6 5 7 0
15 11 4 1 6 2 3 4 0 5 7
15 12 3 1 6 2 3 4 5 0 7
16 12 4 6 1 3 2 4 5 0 7
16 12 4 6 1 2 7 4 5 0 3
18 14 4 3 1 2 6 4 5 7 0
18 15 3 3 1 2 6 4 5 0 7
16 12 4 6 1 7 3 4 5 0 2
20 16 4 3 1 2 7 4 5 0 6
20 17 3 3 1 2 7 4 5 6 0
20 18 2 3 1 2 0 4 5 6 7
20 20 0 0 1 2 3 4 5 6 7
