0 0 0 2 0 5 4 3 7 1 6
7 1 6 0 2 5 4 3 7 1 6
9 2 7 3 2 5 4 0 7 1 6
10 3 7 4 2 5 0 3 7 1 6
10 4 6 4 2 5 6 3 7 1 0
12 7 5 0 2 5 6 3 7 1 4
11 5 6 4 2 5 6 3 7 0 1
11 6 5 4 2 0 6 3 7 5 1
12 6 6 4 2 5 6 0 7 1 3
13 8 5 0 2 5 6 4 7 1 3
13 7 6 4 2 0 6 3 7 1 5
14 8 6 3 2 5 6 0 7 1 4
16 10 6 7 2 5 6 3 0 1 4
16 11 5 7 2 5 6 0 3 1 4
17 13 4 0 2 5 6 7 3 1 4
18 13 5 7 2 5 6 4 3 1 0
19 16 3 0 2 5 6 4 3 1 7
21 17 4 4 2 5 6 0 3 1 7
21 16 5 4 2 5 6 7 3 1 0
19 14 5 7 2 5 6 4 3 0 1
19 15 4 7 2 0 6 4 3 5 1
21 16 5 7 2 0 6 4 3 1 5
22 17 5 2 0 5 6 4 3 1 7
23 18 5 6 2 5 0 4 3 1 7
24 19 5 3 2 5 6 4 0 1 7
23 18 5 4 2 5 6 3 0 1 7
25 20 5 4 2 5 0 6 3 1 7
26 22 4 0 2 5 4 6 3 1 7
25 20 5 4 0 5 6 2 3 1 7
25 21 4 0 4 5 6 2 3 1 7
22 17 5 4 2 5 6 7 3 0 1
22 18 4 4 2 0 6 7 3 5 1
24 19 5 4 2 0 6 7 3 1 5
21 16 5 7 0 2 6 4 3 5 1
21 17 4 0 7 2 6 4 3 5 1
21 16 5 7 2 6 0 4 3 5 1
22 18 4 0 2 6 7 4 3 5 1
22 17 5 7 2 1 6 4 3 0 5
22 18 4 7 2 1 6 4 3 5 0
23 21 2 0 2 1 6 4 3 5 7
25 22 3 4 2 1 6 0 3 5 7
24 20 4 7 2 1 6 0 3 5 4
25 22 3 0 2 1 6 7 3 5 4
26 22 4 2 0 1 6 4 3 5 7
27 23 4 6 2 1 0 4 3 5 7
28 24 4 3 2 1 6 4 0 5 7
27 23 4 4 2 1 6 3 0 5 7
28 24 4 4 2 1 6 7 3 5 0
29 25 4 4 2 1 0 6 3 5 7
30 27 3 0 2 1 4 6 3 5 7
29 25 4 4 0 1 6 2 3 5 7
29 26 3 0 4 1 6 2 3 5 7
27 23 4 2 1 0 6 4 3 5 7
28 24 4 6 2 0 1 4 3 5 7
30 26 4 6 2 1 4 0 3 5 7
29 25 4 3 2 1 6 0 4 5 7
30 27 3 0 2 1 6 3 4 5 7
30 26 4 4 2 0 1 6 3 5 7
30 26 4 4 1 0 6 2 3 5 7
31 27 4 2 4 1 6 0 3 5 7
23 18 5 2 5 0 6 4 3 1 7
24 19 5 6 2 0 5 4 3 1 7
26 21 5 6 2 5 4 0 3 1 7
26 21 5 6 2 5 1 4 3 0 7
25 20 5 3 2 5 6 0 4 1 7
26 22 4 0 2 5 6 3 4 1 7
25 20 5 3 2 5 6 4 1 0 7
25 21 4 3 2 0 6 4 1 5 7
24 19 5 4 2 5 6 3 1 0 7
24 20 4 4 2 0 6 3 1 5 7
26 21 5 4 2 0 5 6 3 1 7
28 23 5 4 2 5 1 6 3 0 7
26 21 5 4 5 0 6 2 3 1 7
27 22 5 2 4 5 6 0 3 1 7
24 19 5 4 0 2 6 7 3 5 1
24 20 4 0 4 2 6 7 3 5 1
24 19 5 4 2 6 0 7 3 5 1
25 21 4 0 2 6 4 7 3 5 1
25 20 5 4 2 1 6 7 3 0 5
23 18 5 4 7 2 6 0 3 5 1
24 20 4 4 7 2 6 1 3 5 0
26 23 3 0 7 2 6 1 3 5 4
27 23 4 4 7 0 6 1 3 5 2
28 24 4 7 0 2 6 1 3 5 4
28 25 3 7 2 0 6 1 3 5 4
28 24 4 4 0 7 6 1 3 5 2
28 25 3 0 4 7 6 1 3 5 2
30 26 4 7 2 5 6 1 3 0 4
30 26 4 7 2 6 0 1 3 5 4
31 28 3 0 2 6 7 1 3 5 4
32 28 4 2 4 7 6 1 3 5 0
34 31 3 2 4 0 6 1 3 5 7
34 32 2 2 0 4 6 1 3 5 7
33 33 0 0 2 4 6 1 3 5 7
