0 0 0 3 4 0 1 5 6 7 2
8 1 7 3 0 4 1 5 6 7 2
8 2 6 0 3 4 1 5 6 7 2
9 2 7 3 6 4 1 5 0 7 2
10 3 7 5 3 4 1 0 6 7 2
12 6 6 5 3 4 0 1 6 7 2
13 8 5 0 3 4 5 1 6 7 2
13 7 6 5 3 4 2 1 6 7 0
13 8 5 5 3 4 2 1 6 0 7
15 10 5 0 3 4 2 1 6 7 5
14 9 5 5 3 4 2 1 0 6 7
14 10 4 5 0 4 2 1 3 6 7
14 11 3 0 5 4 2 1 3 6 7
17 13 4 2 5 4 0 1 3 6 7
19 16 3 2 5 4 6 1 3 0 7
21 17 4 2 5 0 6 1 3 4 7
21 17 4 2 5 4 6 1 0 3 7
21 17 4 2 5 4 6 1 3 7 0
23 20 3 0 5 4 6 1 3 7 2
22 18 4 2 0 5 6 1 3 4 7
21 19 2 0 2 5 6 1 3 4 7
22 18 4 2 0 4 6 1 5 3 7
21 19 2 0 2 4 6 1 5 3 7
25 22 3 5 2 4 6 1 0 3 7
25 23 2 5 2 4 6 1 3 0 7
27 24 3 5 2 0 6 1 3 4 7
27 24 3 5 2 4 6 1 3 7 0
29 27 2 0 2 4 6 1 3 7 5
25 21 4 5 0 4 6 1 3 7 2
24 20 4 1 2 5 6 0 3 4 7
25 21 4 6 2 5 0 1 3 4 7
26 22 4 7 2 5 6 1 3 4 0
26 22 4 3 2 5 6 1 0 4 7
24 20 4 1 2 4 6 0 5 3 7
25 21 4 6 2 4 0 1 5 3 7
26 22 4 7 2 4 6 1 5 3 0
27 23 4 5 0 4 6 1 2 3 7
27 24 3 0 5 4 6 1 2 3 7
27 23 4 5 2 4 6 0 1 3 7
28 25 3 0 2 4 6 5 1 3 7
29 25 4 5 0 2 6 1 3 4 7
29 26 3 0 5 2 6 1 3 4 7
29 25 4 5 2 6 0 1 3 4 7
30 27 3 0 2 6 5 1 3 4 7
29 25 4 5 2 4 0 1 3 7 6
30 27 3 0 2 4 5 1 3 7 6
30 26 4 5 2 4 6 0 3 7 1
31 28 3 0 2 4 6 5 3 7 1
31 27 4 5 2 0 6 1 3 7 4
32 28 4 1 2 4 6 0 3 7 5
32 28 4 2 0 4 6 1 3 7 5
33 29 4 6 2 4 0 1 3 7 5
34 30 4 3 2 4 6 1 0 7 5
26 22 4 6 2 0 5 1 3 4 7
26 23 3 6 2 4 5 1 3 0 7
28 24 4 6 2 5 4 1 3 0 7
28 25 3 6 2 0 4 1 3 5 7
28 26 2 6 2 4 0 1 3 5 7
28 28 0 0 2 4 6 1 3 5 7
