0 0 0 0 4 2 1 6 7 5 3
8 1 7 6 4 2 1 0 7 5 3
10 4 6 6 4 2 0 1 7 5 3
10 6 4 0 4 2 6 1 7 5 3
12 7 5 4 0 2 6 1 7 5 3
12 8 4 4 2 0 6 1 7 5 3
14 9 5 3 4 2 6 1 7 5 0
14 9 5 7 4 2 6 1 0 5 3
13 8 5 4 7 2 6 1 0 5 3
14 9 5 4 2 5 6 1 7 0 3
14 9 5 4 2 6 0 1 7 5 3
15 11 4 0 2 6 4 1 7 5 3
17 12 5 3 4 0 6 1 7 5 2
17 13 4 3 0 4 6 1 7 5 2
17 14 3 0 3 4 6 1 7 5 2
18 14 4 3 7 4 6 1 0 5 2
21 17 4 2 3 4 6 1 7 5 0
21 17 4 7 3 4 6 1 0 5 2
21 18 3 7 0 4 6 1 3 5 2
21 19 2 0 7 4 6 1 3 5 2
25 22 3 2 7 4 6 1 3 5 0
23 19 4 7 4 0 6 1 3 5 2
24 20 4 1 7 4 6 0 3 5 2
25 21 4 6 7 4 0 1 3 5 2
27 23 4 2 7 4 0 1 3 5 6
28 25 3 0 7 4 2 1 3 5 6
27 23 4 2 7 4 6 1 3 0 5
28 24 4 2 7 4 6 0 3 5 1
29 26 3 0 7 4 6 2 3 5 1
29 25 4 2 7 0 6 1 3 5 4
26 22 4 1 7 4 6 2 3 5 0
27 23 4 1 0 4 6 7 3 5 2
27 24 3 0 1 4 6 7 3 5 2
26 22 4 6 7 4 2 1 3 5 0
30 26 4 7 0 4 2 1 3 5 6
31 27 4 2 0 4 6 7 3 5 1
30 28 2 0 2 4 6 7 3 5 1
32 29 3 7 2 4 6 0 3 5 1
33 31 2 7 2 4 6 1 3 5 0
34 34 0 0 2 4 6 1 3 5 7
