0 0 0 1 7 6 4 0 2 5 3
7 2 5 0 7 6 4 1 2 5 3
9 3 6 7 0 6 4 1 2 5 3
9 4 5 7 2 6 4 1 0 5 3
10 4 6 4 7 6 0 1 2 5 3
10 5 5 4 7 0 6 1 2 5 3
11 6 5 4 0 7 6 1 2 5 3
11 7 4 4 2 7 6 1 0 5 3
11 7 4 0 4 7 6 1 2 5 3
13 8 5 4 2 7 6 0 1 5 3
14 10 4 0 2 7 6 4 1 5 3
13 8 5 4 2 7 6 1 5 0 3
15 10 5 3 4 7 6 1 2 5 0
17 13 4 3 4 0 6 1 2 5 7
17 14 3 3 0 4 6 1 2 5 7
17 15 2 3 2 4 6 1 0 5 7
17 15 2 0 3 4 6 1 2 5 7
19 16 3 3 2 4 6 0 1 5 7
20 18 2 0 2 4 6 3 1 5 7
19 16 3 3 2 4 6 1 5 0 7
21 18 3 2 3 4 6 1 0 5 7
21 19 2 2 0 4 6 1 3 5 7
20 20 0 0 2 4 6 1 3 5 7
