0 0 0 5 1 7 3 0 2 4 6
7 2 5 0 1 7 3 5 2 4 6
7 1 6 5 1 7 3 2 0 4 6
8 2 6 5 1 7 3 6 2 4 0
10 5 5 0 1 7 3 6 2 4 5
10 5 5 5 1 0 3 6 2 4 7
11 6 5 5 1 4 3 6 2 0 7
12 7 5 5 1 4 3 6 0 2 7
13 8 5 5 1 4 3 0 6 2 7
14 10 4 0 1 4 3 5 6 2 7
16 11 5 5 0 4 3 1 6 2 7
16 12 4 0 5 4 3 1 6 2 7
18 13 5 6 1 4 3 5 0 2 7
18 14 4 6 1 4 3 0 5 2 7
19 16 3 0 1 4 3 6 5 2 7
17 12 5 5 6 4 3 1 0 2 7
19 14 5 3 5 4 0 1 6 2 7
20 15 5 6 5 4 3 1 0 2 7
19 14 5 6 1 4 3 5 2 0 7
21 16 5 6 1 4 3 7 5 2 0
23 19 4 0 1 4 3 7 5 2 6
22 17 5 6 1 4 0 3 5 2 7
23 19 4 0 1 4 6 3 5 2 7
21 16 5 6 0 4 3 1 5 2 7
21 17 4 0 6 4 3 1 5 2 7
22 17 5 1 0 4 3 6 5 2 7
23 18 5 3 1 4 0 6 5 2 7
24 19 5 7 1 4 3 6 5 2 0
18 13 5 5 6 4 3 1 2 0 7
22 17 5 3 5 4 2 1 6 0 7
21 16 5 6 5 4 3 1 2 0 7
20 15 5 6 1 0 3 5 2 4 7
22 17 5 6 1 4 3 7 5 0 2
24 19 5 6 1 0 3 7 5 2 4
24 20 4 6 1 2 3 7 5 0 4
25 21 4 6 1 2 3 7 5 4 0
26 23 3 6 1 2 3 0 5 4 7
27 25 2 0 1 2 3 6 5 4 7
27 24 3 0 1 2 3 7 5 4 6
28 24 4 6 1 2 3 5 0 4 7
30 26 4 6 1 2 0 3 5 4 7
31 28 3 0 1 2 6 3 5 4 7
30 26 4 6 0 2 3 1 5 4 7
30 27 3 0 6 2 3 1 5 4 7
30 26 4 1 0 2 3 6 5 4 7
31 27 4 3 1 2 0 6 5 4 7
32 28 4 7 1 2 3 6 5 4 0
32 28 4 5 1 2 3 6 0 4 7
29 25 4 7 1 2 3 0 5 4 6
29 25 4 6 1 2 3 5 4 0 7
33 29 4 6 1 2 4 3 5 0 7
33 29 4 3 1 2 6 0 5 4 7
32 28 4 1 6 2 3 0 5 4 7
34 30 4 3 1 2 4 6 5 0 7
33 29 4 7 1 2 3 6 5 0 4
33 29 4 5 1 2 3 0 6 4 7
34 31 3 0 1 2 3 5 6 4 7
33 29 4 5 1 2 3 6 4 0 7
25 20 5 7 1 4 3 0 5 2 6
23 18 5 6 1 0 4 3 5 2 7
25 20 5 6 1 4 2 3 5 0 7
25 20 5 3 1 4 6 0 5 2 7
27 23 4 3 0 4 6 1 5 2 7
27 24 3 0 3 4 6 1 5 2 7
28 24 4 3 5 4 6 1 0 2 7
31 27 4 5 3 4 6 1 0 2 7
31 28 3 5 0 4 6 1 3 2 7
31 29 2 0 5 4 6 1 3 2 7
29 25 4 3 5 4 6 1 2 0 7
32 28 4 5 3 4 6 1 2 0 7
33 29 4 5 4 0 6 1 3 2 7
34 30 4 1 5 4 6 0 3 2 7
35 31 4 6 5 4 0 1 3 2 7
36 32 4 7 5 4 6 1 3 2 0
34 30 4 5 4 2 6 1 3 0 7
37 33 4 1 0 4 6 5 3 2 7
37 34 3 0 1 4 6 5 3 2 7
38 34 4 6 5 4 2 1 3 0 7
37 33 4 7 5 4 6 1 3 0 2
39 35 4 5 1 4 6 0 3 2 7
25 20 5 1 0 4 6 3 5 2 7
27 22 5 5 1 4 6 3 0 2 7
22 17 5 6 4 0 3 1 5 2 7
22 18 4 6 4 2 3 1 5 0 7
23 18 5 1 6 4 3 0 5 2 7
24 19 5 3 6 4 0 1 5 2 7
23 18 5 1 4 0 3 6 5 2 7
23 19 4 1 4 2 3 6 5 0 7
24 19 5 3 1 0 4 6 5 2 7
26 21 5 3 1 4 2 6 5 0 7
25 20 5 7 1 4 3 6 5 0 2
27 22 5 7 1 0 3 6 5 2 4
23 18 5 3 5 4 2 1 0 6 7
23 18 5 6 1 0 3 7 5 4 2
26 21 5 6 1 2 3 7 0 5 4
27 22 5 6 1 2 0 7 5 4 3
28 24 4 0 1 2 6 7 5 4 3
30 25 5 1 0 2 3 7 5 4 6
31 26 5 3 1 2 0 7 5 4 6
32 27 5 5 1 2 3 7 0 4 6
30 25 5 6 0 2 3 5 1 4 7
30 26 4 0 6 2 3 5 1 4 7
32 27 5 6 1 2 7 3 5 4 0
34 30 4 0 1 2 7 3 5 4 6
26 21 5 6 1 0 2 3 5 4 7
34 29 5 1 0 2 6 3 5 4 7
36 31 5 7 1 2 6 3 5 4 0
36 31 5 5 1 2 6 3 0 4 7
32 27 5 6 5 2 3 1 0 4 7
32 27 5 6 2 0 3 1 5 4 7
32 28 4 6 2 4 3 1 5 0 7
32 29 3 6 2 4 3 1 0 5 7
34 30 4 6 0 4 3 1 2 5 7
34 31 3 0 6 4 3 1 2 5 7
34 30 4 6 2 4 3 0 1 5 7
35 32 3 0 2 4 3 6 1 5 7
37 33 4 3 6 4 0 1 2 5 7
38 34 4 2 6 4 3 1 0 5 7
37 33 4 6 2 4 0 3 1 5 7
37 35 2 0 2 4 6 3 1 5 7
39 36 3 3 2 4 6 0 1 5 7
39 37 2 3 2 4 6 1 0 5 7
41 38 3 1 2 4 6 3 0 5 7
41 39 2 1 2 4 6 0 3 5 7
41 41 0 0 2 4 6 1 3 5 7
