0 0 0 3 5 6 4 7 0 2 1
8 1 7 3 0 6 4 7 5 2 1
8 2 6 0 3 6 4 7 5 2 1
9 2 7 3 6 0 4 7 5 2 1
9 3 6 3 6 2 4 7 5 0 1
10 4 6 3 6 2 4 7 5 1 0
11 6 5 3 6 2 4 0 5 1 7
12 8 4 0 6 2 4 3 5 1 7
13 9 4 3 6 2 0 4 5 1 7
13 11 2 0 6 2 3 4 5 1 7
15 12 3 6 0 2 3 4 5 1 7
16 12 4 3 6 2 1 4 5 0 7
16 12 4 4 6 2 3 0 5 1 7
18 14 4 7 6 2 3 4 5 1 0
18 14 4 5 6 2 3 4 0 1 7
17 13 4 6 5 2 3 4 0 1 7
17 13 4 6 2 0 3 4 5 1 7
19 15 4 4 0 2 3 6 5 1 7
19 16 3 0 4 2 3 6 5 1 7
19 15 4 7 6 2 3 4 5 0 1
19 15 4 5 0 2 3 4 6 1 7
19 16 3 0 5 2 3 4 6 1 7
19 15 4 5 6 2 3 4 1 0 7
18 14 4 6 5 2 3 4 1 0 7
18 14 4 6 2 1 3 4 5 0 7
21 17 4 6 4 2 3 0 5 1 7
12 7 5 0 6 2 4 7 5 1 3
14 9 5 3 0 2 4 6 5 1 7
14 10 4 0 3 2 4 6 5 1 7
14 9 5 6 0 2 4 3 5 1 7
15 10 5 4 6 2 0 3 5 1 7
15 10 5 3 6 2 7 4 5 1 0
17 13 4 0 6 2 7 4 5 1 3
15 10 5 3 6 0 2 4 5 1 7
18 13 5 3 6 0 1 4 5 2 7
18 13 5 3 6 2 1 4 0 5 7
18 13 5 3 6 2 1 4 5 7 0
20 16 4 0 6 2 1 4 5 7 3
18 13 5 4 6 2 3 5 0 1 7
19 14 5 4 6 2 3 7 5 1 0
21 17 4 0 6 2 3 7 5 1 4
20 15 5 7 6 2 0 4 5 1 3
21 16 5 7 6 2 3 0 5 1 4
22 17 5 7 6 0 3 4 5 1 2
20 15 5 5 6 2 3 0 4 1 7
21 17 4 0 6 2 3 5 4 1 7
19 14 5 6 5 2 3 0 4 1 7
20 16 4 0 5 2 3 6 4 1 7
19 14 5 6 2 3 0 4 5 1 7
20 16 4 0 2 3 6 4 5 1 7
21 16 5 4 5 2 3 6 0 1 7
21 16 5 4 2 0 3 6 5 1 7
23 18 5 3 4 2 0 6 5 1 7
24 19 5 7 4 2 3 6 5 1 0
24 19 5 5 4 2 3 6 0 1 7
21 16 5 7 6 0 3 4 5 2 1
21 16 5 7 6 2 3 4 0 5 1
21 16 5 5 2 0 3 4 6 1 7
22 17 5 4 5 2 3 0 6 1 7
23 18 5 3 5 2 0 4 6 1 7
24 19 5 7 5 2 3 4 6 1 0
21 16 5 5 6 0 3 4 1 2 7
21 16 5 5 6 2 3 4 1 7 0
23 19 4 0 6 2 3 4 1 7 5
20 15 5 6 5 0 3 4 1 2 7
20 15 5 6 5 2 3 4 1 7 0
22 18 4 0 5 2 3 4 1 7 6
20 15 5 6 2 1 3 4 0 5 7
20 15 5 6 2 1 3 4 5 7 0
22 18 4 0 2 1 3 4 5 7 6
23 18 5 6 4 2 3 5 0 1 7
24 19 5 6 4 2 3 7 5 1 0
26 22 4 0 4 2 3 7 5 1 6
25 20 5 6 4 2 0 3 5 1 7
26 22 4 0 4 2 6 3 5 1 7
16 11 5 6 3 2 4 0 5 1 7
18 14 4 6 3 2 0 4 5 1 7
19 16 3 0 3 2 6 4 5 1 7
21 17 4 6 3 2 1 4 5 0 7
21 17 4 3 0 2 6 4 5 1 7
17 12 5 4 3 2 0 6 5 1 7
18 13 5 4 6 2 1 3 5 0 7
16 11 5 3 6 2 7 4 5 0 1
19 14 5 6 0 2 7 4 5 1 3
16 11 5 3 6 1 2 4 5 0 7
16 11 5 3 0 6 2 4 5 1 7
16 12 4 0 3 6 2 4 5 1 7
19 14 5 3 0 6 1 4 5 2 7
19 15 4 0 3 6 1 4 5 2 7
19 14 5 3 6 1 0 4 5 2 7
19 16 3 0 6 1 3 4 5 2 7
21 17 4 6 0 1 3 4 5 2 7
21 18 3 6 1 0 3 4 5 2 7
21 19 2 6 1 2 3 4 5 0 7
23 20 3 6 1 2 3 4 0 5 7
23 20 3 6 1 2 3 4 5 7 0
25 23 2 0 1 2 3 4 5 7 6
23 19 4 6 1 3 0 4 5 2 7
24 21 3 0 1 3 6 4 5 2 7
25 21 4 6 0 2 3 4 1 5 7
25 22 3 0 6 2 3 4 1 5 7
25 21 4 6 1 2 3 0 4 5 7
26 23 3 0 1 2 3 6 4 5 7
25 21 4 6 1 2 0 4 5 7 3
26 23 3 0 1 2 6 4 5 7 3
26 22 4 6 1 2 3 0 5 7 4
27 24 3 0 1 2 3 6 5 7 4
27 23 4 6 1 0 3 4 5 7 2
28 24 4 4 1 2 3 0 5 7 6
28 24 4 1 0 2 3 4 5 7 6
29 25 4 3 1 2 0 4 5 7 6
30 26 4 5 1 2 3 4 0 7 6
26 22 4 6 1 3 2 4 5 0 7
29 25 4 1 6 2 3 4 0 5 7
29 26 3 1 6 2 3 4 5 0 7
30 26 4 4 1 2 3 6 0 5 7
30 27 3 4 1 2 3 6 5 0 7
28 24 4 6 1 2 7 4 5 0 3
30 26 4 3 1 2 6 4 5 7 0
30 27 3 3 1 2 6 4 5 0 7
30 26 4 4 1 2 3 6 5 7 0
28 24 4 6 1 7 3 4 5 0 2
32 28 4 3 1 2 7 4 5 0 6
32 29 3 3 1 2 7 4 5 6 0
32 30 2 3 1 2 0 4 5 6 7
32 32 0 0 1 2 3 4 5 6 7
