0 0 0 3 1 4 7 2 5 6 0
5 1 4 3 1 4 0 2 5 6 7
5 3 2 0 1 4 3 2 5 6 7
7 4 3 2 1 4 3 0 5 6 7
7 3 4 0 1 4 7 2 5 6 3
6 2 4 3 1 0 4 2 5 6 7
8 4 4 3 1 4 2 0 5 6 7
9 6 3 0 1 4 2 3 5 6 7
8 4 4 1 0 4 3 2 5 6 7
10 6 4 7 1 4 3 2 5 6 0
10 6 4 5 1 4 3 2 0 6 7
9 5 4 2 1 4 3 5 0 6 7
10 6 4 2 1 4 3 7 5 6 0
12 9 3 0 1 4 3 7 5 6 2
11 7 4 2 1 4 0 3 5 6 7
11 7 4 2 0 4 3 1 5 6 7
11 8 3 0 2 4 3 1 5 6 7
9 5 4 1 4 0 3 2 5 6 7
12 8 4 7 1 4 3 0 5 6 2
13 9 4 7 1 0 3 2 5 6 4
11 7 4 5 1 4 3 0 2 6 7
12 9 3 0 1 4 3 5 2 6 7
13 9 4 2 1 0 3 7 5 6 4
12 8 4 2 1 0 4 3 5 6 7
12 8 4 2 4 0 3 1 5 6 7
13 9 4 1 2 4 3 0 5 6 7
14 10 4 3 2 4 0 1 5 6 7
16 13 3 3 2 4 6 1 5 0 7
16 14 2 3 2 4 6 1 0 5 7
18 15 3 3 0 4 6 1 2 5 7
18 16 2 0 3 4 6 1 2 5 7
18 15 3 3 2 4 6 0 1 5 7
19 17 2 0 2 4 6 3 1 5 7
22 19 3 2 3 4 6 1 0 5 7
22 20 2 2 0 4 6 1 3 5 7
21 21 0 0 2 4 6 1 3 5 7
