0 0 0 3 4 1 7 6 0 2 5
9 1 8 3 0 1 7 6 4 2 5
9 2 7 0 3 1 7 6 4 2 5
9 2 7 3 1 0 7 6 4 2 5
9 3 6 3 1 2 7 6 4 0 5
10 4 6 3 1 2 7 6 0 4 5
10 4 6 3 1 2 7 6 4 5 0
10 5 5 3 1 2 0 6 4 5 7
10 7 3 0 1 2 3 6 4 5 7
12 8 4 6 1 2 3 0 4 5 7
12 9 3 6 1 2 3 4 0 5 7
12 10 2 6 1 2 3 4 5 0 7
14 11 3 6 1 0 3 4 5 2 7
14 11 3 6 1 2 3 4 5 7 0
16 14 2 0 1 2 3 4 5 7 6
14 10 4 4 1 2 3 6 0 5 7
14 11 3 4 1 2 3 6 5 0 7
14 10 4 6 0 2 3 4 1 5 7
14 11 3 0 6 2 3 4 1 5 7
16 12 4 6 0 1 3 4 5 2 7
16 13 3 0 6 1 3 4 5 2 7
16 12 4 6 1 3 0 4 5 2 7
17 14 3 0 1 3 6 4 5 2 7
16 12 4 6 1 2 0 4 5 7 3
17 14 3 0 1 2 6 4 5 7 3
17 13 4 6 1 2 3 0 5 7 4
18 15 3 0 1 2 3 6 5 7 4
18 14 4 6 1 0 3 4 5 7 2
19 15 4 4 1 2 3 0 5 7 6
19 15 4 1 0 2 3 4 5 7 6
20 16 4 3 1 2 0 4 5 7 6
21 17 4 5 1 2 3 4 0 7 6
15 11 4 4 1 2 3 0 6 5 7
15 13 2 0 1 2 3 4 6 5 7
16 12 4 4 1 0 3 6 5 2 7
16 12 4 4 1 2 3 6 5 7 0
18 14 4 1 6 2 3 4 0 5 7
18 15 3 1 6 2 3 4 5 0 7
19 15 4 6 1 3 2 4 5 0 7
19 15 4 6 1 2 7 4 5 0 3
21 17 4 3 1 2 6 4 5 7 0
21 18 3 3 1 2 6 4 5 0 7
19 15 4 6 1 7 3 4 5 0 2
23 19 4 3 1 2 7 4 5 0 6
23 20 3 3 1 2 7 4 5 6 0
23 21 2 3 1 2 0 4 5 6 7
23 23 0 0 1 2 3 4 5 6 7
