0 0 0 3 1 7 0 2 6 5 4
7 2 5 0 1 7 3 2 6 5 4
9 3 6 2 1 7 3 0 6 5 4
10 5 5 2 1 7 3 4 6 5 0
12 8 4 0 1 7 3 4 6 5 2
12 8 4 2 1 0 3 4 6 5 7
13 9 4 2 1 5 3 4 6 0 7
13 10 3 2 1 5 3 4 0 6 7
15 11 4 2 0 5 3 4 1 6 7
15 12 3 0 2 5 3 4 1 6 7
15 11 4 2 1 5 3 0 4 6 7
16 13 3 0 1 5 3 2 4 6 7
16 12 4 2 5 0 3 4 1 6 7
19 15 4 1 2 5 3 4 0 6 7
20 16 4 4 1 5 3 2 0 6 7
20 16 4 1 0 5 3 4 2 6 7
19 17 2 0 1 5 3 4 2 6 7
21 17 4 4 1 5 3 0 2 6 7
21 17 4 1 5 0 3 4 2 6 7
23 19 4 3 1 5 0 4 2 6 7
24 20 4 7 1 5 3 4 2 6 0
24 20 4 3 1 0 5 4 2 6 7
27 23 4 7 1 0 3 4 2 6 5
11 6 5 2 1 7 3 4 6 0 5
11 7 4 2 1 7 3 4 0 6 5
16 11 5 6 1 7 3 4 0 5 2
16 12 4 6 1 7 3 4 5 0 2
17 13 4 6 1 0 3 4 5 7 2
17 13 4 6 1 7 3 4 5 2 0
19 16 3 0 1 7 3 4 5 2 6
19 16 3 6 1 0 3 4 5 2 7
19 17 2 6 1 2 3 4 5 0 7
21 18 3 6 1 2 3 4 0 5 7
21 18 3 6 1 2 3 4 5 7 0
23 21 2 0 1 2 3 4 5 7 6
21 17 4 6 0 1 3 4 5 2 7
21 18 3 0 6 1 3 4 5 2 7
21 17 4 6 1 3 0 4 5 2 7
22 19 3 0 1 3 6 4 5 2 7
23 19 4 6 0 2 3 4 1 5 7
23 20 3 0 6 2 3 4 1 5 7
23 19 4 6 1 2 3 0 4 5 7
24 21 3 0 1 2 3 6 4 5 7
23 19 4 6 1 2 0 4 5 7 3
24 21 3 0 1 2 6 4 5 7 3
24 20 4 6 1 2 3 0 5 7 4
25 22 3 0 1 2 3 6 5 7 4
26 22 4 4 1 2 3 0 5 7 6
26 22 4 1 0 2 3 4 5 7 6
27 23 4 3 1 2 0 4 5 7 6
28 24 4 5 1 2 3 4 0 7 6
24 20 4 6 1 3 2 4 5 0 7
27 23 4 1 6 2 3 4 0 5 7
27 24 3 1 6 2 3 4 5 0 7
28 24 4 4 1 2 3 6 0 5 7
28 25 3 4 1 2 3 6 5 0 7
26 22 4 6 1 2 7 4 5 0 3
28 24 4 3 1 2 6 4 5 7 0
28 25 3 3 1 2 6 4 5 0 7
28 24 4 4 1 2 3 6 5 7 0
30 26 4 3 1 2 7 4 5 0 6
30 27 3 3 1 2 7 4 5 6 0
30 28 2 3 1 2 0 4 5 6 7
30 30 0 0 1 2 3 4 5 6 7
