0 0 0 5 2 0 1 7 6 3 4
8 1 7 5 2 3 1 7 6 0 4
8 1 7 5 0 2 1 7 6 3 4
8 2 6 0 5 2 1 7 6 3 4
8 1 7 5 2 1 0 7 6 3 4
9 3 6 0 2 1 5 7 6 3 4
9 2 7 5 2 3 1 7 0 6 4
9 2 7 5 2 3 1 7 6 4 0
10 4 6 5 2 3 1 0 6 4 7
11 6 5 0 2 3 1 5 6 4 7
12 7 5 5 2 3 0 1 6 4 7
13 9 4 0 2 3 5 1 6 4 7
13 8 5 5 2 0 3 1 6 4 7
13 9 4 5 2 4 3 1 6 0 7
14 10 4 5 2 4 3 1 0 6 7
15 10 5 5 2 3 4 1 6 0 7
17 12 5 6 2 3 5 1 0 4 7
14 9 5 5 0 2 3 1 6 4 7
14 10 4 0 5 2 3 1 6 4 7
15 10 5 5 2 4 3 1 6 7 0
17 13 4 0 2 4 3 1 6 7 5
16 11 5 5 0 4 3 1 2 6 7
16 12 4 0 5 4 3 1 2 6 7
16 11 5 5 2 4 3 0 1 6 7
17 13 4 0 2 4 3 5 1 6 7
16 11 5 5 2 0 4 1 6 3 7
16 12 4 5 2 4 0 1 6 3 7
17 14 3 0 2 4 5 1 6 3 7
21 17 4 6 2 4 5 1 0 3 7
21 18 3 6 2 4 5 1 3 0 7
23 19 4 6 2 0 5 1 3 4 7
23 19 4 6 2 4 5 1 3 7 0
25 22 3 0 2 4 5 1 3 7 6
24 20 4 6 2 5 0 1 3 4 7
24 22 2 0 2 5 6 1 3 4 7
24 20 4 6 2 4 0 1 3 7 5
24 22 2 0 2 4 6 1 3 7 5
28 25 3 5 2 4 6 1 3 7 0
28 26 2 5 2 4 6 1 3 0 7
30 27 3 5 2 0 6 1 3 4 7
30 27 3 5 2 4 6 1 0 3 7
28 24 4 5 2 4 0 1 3 7 6
27 23 4 6 2 5 4 1 3 0 7
27 24 3 6 2 0 4 1 3 5 7
27 25 2 6 2 4 0 1 3 5 7
27 27 0 0 2 4 6 1 3 5 7
