0 0 0 3 6 1 2 7 5 0 4
8 1 7 3 6 0 2 7 5 1 4
8 2 6 3 6 2 0 7 5 1 4
8 4 4 0 6 2 3 7 5 1 4
10 5 5 7 6 2 3 0 5 1 4
11 7 4 7 6 2 3 4 5 1 0
12 10 2 0 6 2 3 4 5 1 7
14 11 3 6 0 2 3 4 5 1 7
12 8 4 7 6 2 3 4 5 0 1
15 11 4 4 6 2 3 0 5 1 7
16 12 4 3 6 2 0 4 5 1 7
17 13 4 5 6 2 3 4 0 1 7
16 12 4 6 5 2 3 4 0 1 7
16 12 4 6 2 0 3 4 5 1 7
18 14 4 4 0 2 3 6 5 1 7
18 15 3 0 4 2 3 6 5 1 7
19 15 4 3 6 2 1 4 5 0 7
18 14 4 5 0 2 3 4 6 1 7
18 15 3 0 5 2 3 4 6 1 7
18 14 4 5 6 2 3 4 1 0 7
17 13 4 6 5 2 3 4 1 0 7
17 13 4 6 2 1 3 4 5 0 7
20 16 4 6 4 2 3 0 5 1 7
10 5 5 6 0 2 3 7 5 1 4
12 7 5 4 6 2 3 7 5 1 0
13 8 5 7 0 2 3 6 5 1 4
13 9 4 0 7 2 3 6 5 1 4
13 8 5 7 6 2 0 4 5 1 3
14 10 4 0 6 2 7 4 5 1 3
15 10 5 7 6 0 3 4 5 1 2
14 9 5 7 6 0 3 4 5 2 1
14 9 5 7 6 2 3 4 0 5 1
17 12 5 4 6 2 3 5 0 1 7
19 14 5 4 6 2 0 3 5 1 7
20 16 4 0 6 2 4 3 5 1 7
18 13 5 3 6 2 7 4 5 1 0
18 13 5 3 6 0 2 4 5 1 7
20 15 5 3 6 2 4 0 5 1 7
19 14 5 5 6 2 3 0 4 1 7
20 16 4 0 6 2 3 5 4 1 7
18 13 5 6 5 2 3 0 4 1 7
19 15 4 0 5 2 3 6 4 1 7
18 13 5 6 2 3 0 4 5 1 7
19 15 4 0 2 3 6 4 5 1 7
20 15 5 4 5 2 3 6 0 1 7
20 15 5 4 2 0 3 6 5 1 7
22 17 5 3 4 2 0 6 5 1 7
23 18 5 7 4 2 3 6 5 1 0
23 18 5 5 4 2 3 6 0 1 7
21 16 5 3 6 0 1 4 5 2 7
21 16 5 3 6 2 1 4 0 5 7
21 16 5 3 6 2 1 4 5 7 0
23 19 4 0 6 2 1 4 5 7 3
20 15 5 5 2 0 3 4 6 1 7
21 16 5 4 5 2 3 0 6 1 7
22 17 5 3 5 2 0 4 6 1 7
23 18 5 7 5 2 3 4 6 1 0
20 15 5 5 6 0 3 4 1 2 7
20 15 5 5 6 2 3 4 1 7 0
22 18 4 0 6 2 3 4 1 7 5
19 14 5 6 5 0 3 4 1 2 7
19 14 5 6 5 2 3 4 1 7 0
21 17 4 0 5 2 3 4 1 7 6
19 14 5 6 2 1 3 4 0 5 7
19 14 5 6 2 1 3 4 5 7 0
21 17 4 0 2 1 3 4 5 7 6
22 17 5 6 4 2 3 5 0 1 7
23 18 5 6 4 2 3 7 5 1 0
25 21 4 0 4 2 3 7 5 1 6
24 19 5 6 4 2 0 3 5 1 7
25 21 4 0 4 2 6 3 5 1 7
13 8 5 4 6 2 3 7 5 0 1
15 10 5 6 7 2 3 0 5 1 4
16 12 4 6 7 2 3 4 5 1 0
18 15 3 0 7 2 3 4 5 1 6
17 13 4 6 7 2 3 4 5 0 1
20 16 4 7 0 2 3 4 5 1 6
17 12 5 4 7 2 3 6 5 1 0
16 11 5 7 6 2 1 4 5 0 3
16 11 5 6 0 2 7 4 5 1 3
16 11 5 7 6 1 3 4 5 0 2
16 11 5 7 0 6 3 4 5 1 2
16 12 4 0 7 6 3 4 5 1 2
15 10 5 7 0 6 3 4 5 2 1
15 11 4 0 7 6 3 4 5 2 1
15 10 5 7 0 2 3 4 6 5 1
15 11 4 0 7 2 3 4 6 5 1
18 13 5 4 0 2 3 5 6 1 7
18 14 4 0 4 2 3 5 6 1 7
18 13 5 4 6 2 3 5 1 0 7
22 17 5 4 6 2 1 3 5 0 7
22 17 5 6 0 2 4 3 5 1 7
19 14 5 3 6 2 7 4 5 0 1
19 14 5 3 6 1 2 4 5 0 7
19 14 5 3 0 6 2 4 5 1 7
19 15 4 0 3 6 2 4 5 1 7
23 18 5 3 0 2 4 6 5 1 7
23 19 4 0 3 2 4 6 5 1 7
21 16 5 5 0 2 3 6 4 1 7
21 16 5 6 0 2 3 5 4 1 7
21 16 5 6 2 3 1 4 5 0 7
21 16 5 4 2 3 6 0 5 1 7
21 16 5 2 0 3 6 4 5 1 7
23 18 5 5 2 3 6 4 0 1 7
21 16 5 4 5 2 3 6 1 0 7
21 16 5 4 2 1 3 6 5 0 7
25 20 5 3 4 2 6 0 5 1 7
27 23 4 3 0 2 6 4 5 1 7
27 24 3 0 3 2 6 4 5 1 7
30 26 4 6 3 2 0 4 5 1 7
33 29 4 6 3 2 1 4 5 0 7
25 20 5 3 4 2 1 6 5 0 7
24 19 5 7 4 2 3 6 5 0 1
25 20 5 7 4 2 3 0 5 1 6
20 15 5 5 4 2 3 0 6 1 7
24 19 5 5 4 2 3 6 1 0 7
22 17 5 3 0 6 1 4 5 2 7
22 18 4 0 3 6 1 4 5 2 7
22 17 5 3 6 1 0 4 5 2 7
22 19 3 0 6 1 3 4 5 2 7
24 20 4 6 0 1 3 4 5 2 7
24 21 3 6 1 0 3 4 5 2 7
24 22 2 6 1 2 3 4 5 0 7
26 23 3 6 1 2 3 4 0 5 7
26 23 3 6 1 2 3 4 5 7 0
28 26 2 0 1 2 3 4 5 7 6
26 22 4 6 1 3 0 4 5 2 7
27 24 3 0 1 3 6 4 5 2 7
28 24 4 6 0 2 3 4 1 5 7
28 25 3 0 6 2 3 4 1 5 7
28 24 4 6 1 2 3 0 4 5 7
29 26 3 0 1 2 3 6 4 5 7
28 24 4 6 1 2 0 4 5 7 3
29 26 3 0 1 2 6 4 5 7 3
29 25 4 6 1 2 3 0 5 7 4
30 27 3 0 1 2 3 6 5 7 4
30 26 4 6 1 0 3 4 5 7 2
31 27 4 4 1 2 3 0 5 7 6
31 27 4 1 0 2 3 4 5 7 6
32 28 4 3 1 2 0 4 5 7 6
33 29 4 5 1 2 3 4 0 7 6
29 25 4 6 1 3 2 4 5 0 7
32 28 4 1 6 2 3 4 0 5 7
32 29 3 1 6 2 3 4 5 0 7
33 29 4 4 1 2 3 6 0 5 7
33 30 3 4 1 2 3 6 5 0 7
31 27 4 6 1 2 7 4 5 0 3
33 29 4 3 1 2 6 4 5 7 0
33 30 3 3 1 2 6 4 5 0 7
33 29 4 4 1 2 3 6 5 7 0
31 27 4 6 1 7 3 4 5 0 2
35 31 4 3 1 2 7 4 5 0 6
35 32 3 3 1 2 7 4 5 6 0
35 33 2 3 1 2 0 4 5 6 7
35 35 0 0 1 2 3 4 5 6 7
