0 0 0 3 0 1 2 5 4 7 6
8 1 7 0 3 1 2 5 4 7 6
8 1 7 3 1 0 2 5 4 7 6
8 2 6 3 1 2 0 5 4 7 6
8 4 4 0 1 2 3 5 4 7 6
10 5 5 5 1 2 3 0 4 7 6
10 6 4 5 1 2 3 4 0 7 6
11 7 4 5 1 2 3 4 7 0 6
11 8 3 5 1 2 3 4 7 6 0
13 11 2 0 1 2 3 4 7 6 5
17 14 3 7 1 2 3 4 0 6 5
13 9 4 5 1 2 0 4 7 6 3
14 11 3 0 1 2 5 4 7 6 3
14 10 4 5 1 2 3 0 7 6 4
15 12 3 0 1 2 3 5 7 6 4
15 11 4 5 1 0 3 4 7 6 2
16 12 4 4 1 2 3 0 7 6 5
16 12 4 1 0 2 3 4 7 6 5
17 13 4 3 1 2 0 4 7 6 5
19 15 4 7 0 2 3 4 1 6 5
19 16 3 0 7 2 3 4 1 6 5
19 15 4 7 1 2 3 0 4 6 5
20 17 3 0 1 2 3 7 4 6 5
19 15 4 7 1 2 3 4 6 0 5
18 14 4 3 1 2 5 4 7 6 0
18 14 4 7 1 2 5 4 0 6 3
15 11 4 5 1 2 3 7 0 6 4
18 14 4 4 1 2 3 5 7 6 0
19 15 4 7 1 2 3 5 0 6 4
19 16 3 7 1 2 3 0 5 6 4
20 18 2 7 1 2 3 4 5 6 0
21 21 0 0 1 2 3 4 5 6 7
