0 0 0 4 8 5 7 3 2 6 1 0
12 3 9 4 8 5 7 0 2 6 1 3
13 4 9 4 8 5 7 2 0 6 1 3
13 5 8 4 8 5 7 2 3 6 1 0
17 8 9 4 8 5 7 0 3 6 1 2
18 9 9 4 8 5 0 7 3 6 1 2
19 10 9 4 8 5 6 7 3 0 1 2
21 13 8 4 8 5 6 0 3 7 1 2
22 14 8 4 8 5 6 3 0 7 1 2
22 15 7 4 8 5 6 3 2 7 1 0
26 18 8 4 8 5 6 0 2 7 1 3
27 19 8 4 8 5 6 2 0 7 1 3
27 20 7 4 8 5 6 2 3 7 1 0
31 23 8 0 8 5 6 2 3 7 1 4
34 26 8 2 8 5 6 0 3 7 1 4
35 27 8 2 8 5 6 3 0 7 1 4
35 28 7 2 8 5 6 3 4 7 1 0
39 31 8 2 8 5 6 0 4 7 1 3
40 32 8 2 8 5 6 4 0 7 1 3
40 33 7 2 8 5 6 4 3 7 1 0
44 36 8 0 8 5 6 4 3 7 1 2
46 38 8 5 8 0 6 4 3 7 1 2
47 40 7 5 8 2 6 4 3 7 1 0
46 39 7 5 8 3 6 4 0 7 1 2
46 40 6 5 8 3 6 4 2 7 1 0
50 43 7 5 8 3 6 0 2 7 1 4
51 44 7 5 8 3 6 2 0 7 1 4
51 45 6 5 8 3 6 2 4 7 1 0
55 48 7 0 8 3 6 2 4 7 1 5
58 51 7 2 8 3 6 0 4 7 1 5
59 52 7 2 8 3 6 4 0 7 1 5
59 53 6 2 8 3 6 4 5 7 1 0
63 56 7 2 8 3 6 0 5 7 1 4
63 57 6 2 8 3 6 5 0 7 1 4
63 58 5 2 8 3 6 5 4 7 1 0
67 61 6 0 8 3 6 5 4 7 1 2
68 62 6 8 0 3 6 5 4 7 1 2
68 62 6 6 8 3 0 5 4 7 1 2
65 59 6 2 8 3 6 5 4 7 0 1
67 60 7 2 8 3 6 5 4 0 7 1
68 62 6 2 8 3 6 5 4 1 7 0
72 65 7 0 8 3 6 5 4 1 7 2
73 67 6 1 8 3 6 5 4 0 7 2
74 69 5 1 8 3 6 5 4 2 7 0
73 68 5 1 8 3 6 5 4 7 0 2
73 69 4 1 8 3 6 5 4 7 2 0
75 70 5 1 8 3 6 5 0 7 2 4
77 71 6 1 8 3 6 0 5 7 2 4
78 72 6 1 8 3 0 6 5 7 2 4
78 72 6 1 8 3 6 2 5 7 0 4
78 73 5 1 8 3 6 2 5 7 4 0
82 76 6 1 8 3 6 0 5 7 4 2
82 77 5 1 8 3 6 5 0 7 4 2
82 78 4 1 8 3 6 5 2 7 4 0
84 79 5 1 8 3 6 5 2 7 0 4
86 80 6 1 8 3 6 5 2 0 7 4
87 82 5 1 8 3 6 5 2 4 7 0
89 83 6 1 8 3 6 5 2 4 0 7
89 83 6 1 8 3 6 5 0 4 7 2
89 83 6 1 8 0 6 5 2 3 7 4
90 85 5 1 8 4 6 5 2 3 7 0
92 86 6 1 8 4 6 5 2 3 0 7
92 86 6 1 8 4 6 5 0 3 7 2
90 84 6 1 0 8 6 5 2 3 7 4
83 77 6 1 8 3 0 6 5 7 4 2
87 81 6 1 8 3 6 0 2 7 4 5
88 82 6 1 8 3 0 6 2 7 4 5
88 82 6 1 8 3 6 4 2 7 0 5
88 83 5 1 8 3 6 4 2 7 5 0
90 84 6 1 8 3 6 4 0 7 5 2
86 80 6 1 8 0 6 5 2 7 4 3
89 83 6 1 8 7 6 5 2 0 4 3
89 85 4 1 8 7 6 5 2 3 4 0
91 86 5 1 8 7 6 5 2 3 0 4
91 86 5 1 8 7 6 5 0 3 4 2
93 87 6 1 8 7 6 0 5 3 4 2
94 88 6 1 8 7 0 6 5 3 4 2
94 88 6 1 8 7 6 4 5 3 0 2
94 89 5 1 8 7 6 4 5 3 2 0
98 92 6 1 8 7 6 0 5 3 2 4
98 93 5 1 8 7 6 5 0 3 2 4
98 94 4 1 8 7 6 5 4 3 2 0
100 95 5 1 8 7 6 5 4 3 0 2
102 96 6 1 8 7 6 5 4 0 3 2
103 98 5 1 8 7 6 5 4 2 3 0
105 99 6 1 8 7 6 5 4 2 0 3
87 81 6 1 8 3 0 5 2 6 7 4
86 80 6 1 8 3 6 0 2 7 5 4
87 81 6 1 8 3 6 2 0 7 5 4
87 82 5 1 8 3 6 2 4 7 5 0
89 83 6 1 8 3 6 2 4 7 0 5
99 93 6 1 8 7 0 6 5 3 2 4
86 80 6 1 8 3 6 5 2 0 4 7
87 81 6 1 8 3 0 5 2 6 4 7
83 77 6 1 8 3 6 4 5 7 0 2
83 78 5 1 8 3 6 4 5 7 2 0
85 79 6 1 8 3 6 4 0 7 2 5
94 88 6 0 8 7 6 5 2 3 4 1
95 89 6 8 0 7 6 5 2 3 4 1
93 87 6 1 8 0 6 5 7 3 4 2
94 89 5 1 8 2 6 5 7 3 4 0
96 90 6 1 8 2 6 5 7 3 0 4
90 84 6 1 8 7 6 5 2 4 0 3
90 85 5 1 8 7 6 5 2 4 3 0
92 86 6 1 8 7 6 5 0 4 3 2
94 88 6 1 0 7 6 8 5 3 4 2
83 77 6 1 0 3 6 8 5 7 4 2
88 82 6 1 0 3 6 8 2 7 4 5
96 90 6 1 8 7 6 4 0 3 2 5
99 93 6 1 0 7 6 8 5 3 2 4
99 93 6 1 8 7 6 2 5 3 0 4
99 94 5 1 8 7 6 2 5 3 4 0
101 95 6 1 8 7 6 2 0 3 4 5
94 88 6 1 0 8 6 5 7 3 4 2
103 97 6 0 8 7 6 5 4 3 2 1
104 98 6 8 0 7 6 5 4 3 2 1
104 98 6 6 8 7 0 5 4 3 2 1
102 96 6 1 8 7 6 0 4 3 5 2
103 97 6 1 8 7 6 4 0 3 5 2
103 98 5 1 8 7 6 4 2 3 5 0
105 99 6 1 8 7 6 4 2 3 0 5
74 68 6 1 8 3 0 5 4 6 7 2
103 97 6 1 8 7 0 5 4 6 3 2
90 84 6 1 8 7 0 5 2 6 4 3
105 99 6 1 8 0 6 5 4 7 3 2
106 101 5 1 8 2 6 5 4 7 3 0
108 102 6 1 8 2 6 5 4 7 0 3
108 102 6 1 8 2 6 5 0 7 3 4
109 103 6 1 8 0 6 5 2 7 3 4
110 105 5 1 8 4 6 5 2 7 3 0
112 106 6 1 8 4 6 5 2 7 0 3
110 104 6 1 0 8 6 5 2 7 3 4
106 100 6 1 0 8 6 5 4 7 3 2
106 100 6 1 8 4 6 5 0 7 3 2
105 99 6 1 8 7 6 5 0 2 3 4
93 87 6 1 8 7 6 5 2 0 3 4
94 88 6 1 8 7 0 5 2 6 3 4
93 87 6 1 8 7 6 0 2 3 5 4
94 88 6 1 8 7 6 2 0 3 5 4
94 89 5 1 8 7 6 2 4 3 5 0
96 90 6 1 8 7 6 2 4 3 0 5
94 88 6 1 8 7 0 6 2 3 5 4
94 88 6 1 0 7 6 8 2 3 5 4
90 84 6 1 8 2 6 5 0 3 7 4
90 85 5 1 8 2 6 5 4 3 7 0
92 86 6 1 8 2 6 5 4 3 0 7
87 81 6 1 0 8 6 5 2 7 4 3
95 89 6 6 8 7 0 5 2 3 4 1
84 78 6 1 8 0 6 5 3 7 4 2
85 80 5 1 8 2 6 5 3 7 4 0
87 81 6 1 8 2 6 5 3 7 0 4
87 81 6 1 8 7 6 5 3 0 4 2
88 83 5 1 8 7 6 5 3 2 4 0
90 84 6 1 8 7 6 5 3 2 0 4
91 85 6 1 8 7 6 5 3 0 2 4
92 87 5 1 8 7 6 5 3 4 2 0
94 88 6 1 8 7 6 5 0 4 2 3
92 86 6 1 8 7 0 5 3 6 2 4
90 84 6 1 8 7 6 5 0 2 4 3
88 82 6 1 8 7 6 5 3 4 0 2
88 82 6 1 8 7 0 5 3 6 4 2
94 88 6 1 8 7 6 0 2 3 4 5
95 89 6 1 8 7 0 6 2 3 4 5
95 89 6 1 0 7 6 8 2 3 4 5
85 79 6 1 0 8 6 5 3 7 4 2
89 83 6 1 8 0 6 5 2 3 4 7
90 84 6 1 0 8 6 5 2 3 4 7
87 81 6 1 8 2 6 5 0 7 4 3
87 81 6 1 8 3 0 6 2 7 5 4
80 74 6 1 8 3 6 2 0 7 4 5
96 90 6 1 8 3 6 5 7 0 4 2
97 92 5 1 8 3 6 5 7 2 4 0
99 93 6 1 8 3 6 5 7 2 0 4
100 94 6 1 8 3 6 5 7 0 2 4
101 96 5 1 8 3 6 5 7 4 2 0
103 97 6 1 8 3 6 5 0 4 2 7
101 95 6 1 8 3 0 5 7 6 2 4
99 93 6 1 8 3 6 5 0 2 4 7
97 91 6 1 8 3 6 5 7 4 0 2
78 72 6 1 0 3 6 8 5 7 2 4
97 91 6 1 8 3 0 5 7 6 4 2
87 81 6 0 8 3 6 5 2 7 4 1
88 82 6 8 0 3 6 5 2 7 4 1
88 82 6 6 8 3 0 5 2 7 4 1
90 84 6 1 8 2 6 5 0 3 4 7
87 81 6 1 0 3 6 8 2 7 5 4
100 94 6 1 8 0 6 5 7 3 2 4
101 96 5 1 8 4 6 5 7 3 2 0
103 97 6 1 8 4 6 5 7 3 0 2
103 97 6 1 8 4 6 5 0 3 2 7
101 95 6 1 0 8 6 5 7 3 2 4
77 71 6 1 8 0 6 5 4 7 2 3
78 72 6 1 0 8 6 5 4 7 2 3
78 72 6 1 8 4 6 5 0 7 2 3
78 73 5 1 8 4 6 5 3 7 2 0
80 74 6 1 8 4 6 5 3 7 0 2
76 70 6 1 8 0 6 5 4 3 7 2
77 71 6 1 0 8 6 5 4 3 7 2
77 71 6 1 8 3 6 5 4 0 2 7
78 72 6 1 8 3 0 5 4 6 2 7
75 69 6 1 8 3 6 0 4 7 5 2
76 70 6 1 8 3 0 6 4 7 5 2
76 70 6 1 0 3 6 8 4 7 5 2
103 97 6 1 8 7 0 6 4 3 5 2
80 74 6 1 8 0 6 5 4 3 2 7
81 75 6 1 0 8 6 5 4 3 2 7
78 72 6 1 8 3 6 0 4 7 2 5
79 73 6 1 8 3 0 6 4 7 2 5
79 73 6 1 0 3 6 8 4 7 2 5
76 70 6 1 8 3 6 5 0 2 7 4
78 72 6 0 8 3 6 5 4 7 2 1
79 73 6 8 0 3 6 5 4 7 2 1
79 73 6 6 8 3 0 5 4 7 2 1
103 97 6 1 0 7 6 8 4 3 5 2
97 91 6 1 8 7 6 0 4 3 2 5
98 92 6 1 8 7 0 6 4 3 2 5
98 92 6 1 0 7 6 8 4 3 2 5
77 71 6 1 8 0 6 5 3 7 2 4
78 72 6 1 0 8 6 5 3 7 2 4
80 74 6 1 8 7 6 5 4 0 2 3
81 75 6 1 8 7 0 5 4 6 2 3
76 70 6 1 8 3 6 5 4 2 0 7
78 71 7 1 8 3 6 0 4 2 5 7
79 72 7 1 8 3 6 4 0 2 5 7
79 73 6 1 8 3 6 4 7 2 5 0
82 75 7 1 8 3 6 4 7 0 5 2
83 76 7 1 8 3 6 4 7 5 0 2
83 77 6 1 8 3 6 4 7 5 2 0
86 79 7 1 8 3 6 4 7 0 2 5
87 80 7 1 8 3 0 4 7 6 2 5
87 81 6 1 8 3 4 0 7 6 2 5
88 82 6 1 8 3 4 7 0 6 2 5
88 83 5 1 8 3 4 7 5 6 2 0
92 86 6 1 8 3 4 0 5 6 2 7
92 87 5 1 8 3 4 5 0 6 2 7
92 88 4 1 8 3 4 5 7 6 2 0
95 90 5 1 8 3 4 5 7 0 2 6
96 91 5 1 8 3 4 5 7 2 0 6
96 92 4 1 8 3 4 5 7 2 6 0
99 94 5 1 8 3 4 5 7 0 6 2
102 97 5 1 8 0 4 5 7 3 6 2
103 99 4 1 8 2 4 5 7 3 6 0
102 98 4 1 8 7 4 5 0 3 6 2
102 99 3 1 8 7 4 5 2 3 6 0
107 102 5 1 8 7 4 0 2 3 6 5
108 103 5 1 8 7 4 2 0 3 6 5
108 104 4 1 8 7 4 2 5 3 6 0
105 100 5 1 8 7 4 5 2 3 0 6
108 103 5 1 8 7 0 4 2 3 6 5
108 103 5 1 0 7 4 8 2 3 6 5
107 102 5 0 8 7 4 5 2 3 6 1
108 103 5 8 0 7 4 5 2 3 6 1
108 103 5 4 8 7 0 5 2 3 6 1
94 89 5 1 8 3 4 5 7 6 0 2
106 101 5 1 8 0 4 5 2 3 6 7
109 104 5 1 8 3 4 5 2 0 6 7
109 106 3 1 8 3 4 5 2 7 6 0
111 107 4 1 8 3 4 5 2 7 0 6
111 107 4 1 8 3 4 5 0 7 6 2
113 108 5 1 8 3 4 0 5 7 6 2
114 109 5 1 8 3 4 6 5 7 0 2
114 110 4 1 8 3 4 6 5 7 2 0
118 113 5 1 8 3 4 0 5 7 2 6
118 114 4 1 8 3 4 5 0 7 2 6
117 115 2 1 8 3 4 5 6 7 2 0
119 116 3 1 8 3 4 5 6 7 0 2
121 117 4 1 8 3 4 5 6 0 7 2
122 119 3 1 8 3 4 5 6 2 7 0
124 120 4 1 8 3 4 5 6 2 0 7
121 117 4 1 8 3 4 0 6 7 5 2
122 118 4 1 0 3 4 8 6 7 5 2
122 118 4 1 8 3 4 0 6 7 2 5
123 119 4 1 8 3 4 2 6 7 0 5
123 120 3 1 8 3 4 2 6 7 5 0
123 119 4 1 0 3 4 8 6 7 2 5
121 117 4 1 8 3 4 5 6 0 2 7
121 117 4 1 8 0 4 5 6 7 2 3
122 118 4 1 0 8 4 5 6 7 2 3
122 118 4 0 8 3 4 5 6 7 2 1
123 119 4 8 0 3 4 5 6 7 2 1
125 120 5 8 3 0 4 5 6 7 2 1
126 122 4 8 3 1 4 5 6 7 2 0
130 125 5 0 3 1 4 5 6 7 2 8
131 127 4 1 3 0 4 5 6 7 2 8
132 129 3 1 3 8 4 5 6 7 2 0
131 128 3 1 0 3 4 5 6 7 2 8
133 129 4 0 1 3 4 5 6 7 2 8
135 132 3 8 1 3 4 5 6 7 2 0
137 133 4 8 1 3 4 5 6 7 0 2
133 129 4 1 5 3 4 0 6 7 2 8
134 130 4 1 5 3 4 2 6 7 0 8
133 131 2 1 5 3 4 2 6 7 8 0
137 134 3 1 5 3 4 0 6 7 8 2
137 135 2 1 0 3 4 5 6 7 8 2
139 136 3 1 3 0 4 5 6 7 8 2
140 138 2 1 3 2 4 5 6 7 8 0
139 136 3 0 1 3 4 5 6 7 8 2
141 139 2 2 1 3 4 5 6 7 8 0
146 142 4 2 1 3 4 0 6 7 8 5
147 143 4 2 0 3 4 1 6 7 8 5
147 144 3 0 2 3 4 1 6 7 8 5
149 147 2 1 2 3 4 0 6 7 8 5
149 147 2 5 2 3 4 1 6 7 8 0
153 150 3 5 2 3 4 0 6 7 8 1
151 148 3 1 2 3 4 6 0 7 8 5
151 149 2 1 2 3 4 6 5 7 8 0
155 152 3 1 2 3 4 0 5 7 8 6
155 153 2 1 2 3 4 5 0 7 8 6
154 154 0 1 2 3 4 5 6 7 8 0
