0 0 0 3 5 6 8 0 4 7 1 2
8 1 7 3 0 6 8 5 4 7 1 2
9 2 7 3 6 0 8 5 4 7 1 2
10 4 6 3 6 2 8 5 4 7 1 0
10 4 6 0 6 3 8 5 4 7 1 2
12 7 5 2 6 3 8 5 4 7 1 0
14 8 6 2 6 3 8 5 4 7 0 1
14 8 6 2 6 3 8 5 0 7 1 4
11 5 6 6 0 3 8 5 4 7 1 2
11 5 6 8 6 3 0 5 4 7 1 2
13 6 7 8 6 3 5 0 4 7 1 2
14 7 7 8 6 3 5 4 0 7 1 2
14 8 6 8 6 3 5 4 2 7 1 0
18 11 7 8 6 3 5 0 2 7 1 4
18 12 6 8 6 3 0 5 2 7 1 4
20 13 7 8 6 3 7 5 2 0 1 4
21 15 6 8 6 3 7 5 2 4 1 0
25 18 7 0 6 3 7 5 2 4 1 8
27 20 7 4 6 3 7 5 2 0 1 8
28 22 6 4 6 3 7 5 2 8 1 0
27 21 6 4 6 3 0 5 2 7 1 8
29 22 7 4 6 3 5 0 2 7 1 8
30 23 7 4 6 3 5 2 0 7 1 8
30 24 6 4 6 3 5 2 8 7 1 0
34 27 7 4 6 3 5 0 8 7 1 2
34 28 6 4 6 3 0 5 8 7 1 2
36 29 7 4 6 3 7 5 8 0 1 2
38 32 6 4 6 0 7 5 8 3 1 2
39 34 5 4 6 2 7 5 8 3 1 0
43 37 6 0 6 2 7 5 8 3 1 4
45 39 6 2 6 0 7 5 8 3 1 4
46 41 5 2 6 4 7 5 8 3 1 0
48 42 6 2 6 4 7 5 8 3 0 1
46 40 6 2 0 6 7 5 8 3 1 4
47 41 6 0 2 6 7 5 8 3 1 4
49 44 5 4 2 6 7 5 8 3 1 0
52 46 6 4 2 0 7 5 8 3 1 6
55 49 6 4 2 3 7 5 8 0 1 6
56 51 5 4 2 3 7 5 8 6 1 0
55 50 5 4 2 3 0 5 8 7 1 6
57 51 6 4 2 3 5 0 8 7 1 6
58 52 6 4 2 3 5 8 0 7 1 6
57 53 4 4 2 3 5 8 6 7 1 0
61 56 5 4 2 3 5 0 6 7 1 8
61 57 4 4 2 3 0 5 6 7 1 8
63 58 5 4 2 3 7 5 6 0 1 8
64 60 4 4 2 3 7 5 6 8 1 0
68 63 5 0 2 3 7 5 6 8 1 4
70 65 5 8 2 3 7 5 6 0 1 4
71 67 4 8 2 3 7 5 6 4 1 0
70 66 4 8 2 3 0 5 6 7 1 4
72 67 5 8 2 3 5 0 6 7 1 4
73 68 5 8 2 3 5 1 6 7 0 4
73 69 4 8 2 3 5 1 6 7 4 0
77 72 5 8 2 3 5 0 6 7 4 1
77 73 4 8 2 3 0 5 6 7 4 1
79 74 5 8 2 3 7 5 6 0 4 1
80 76 4 8 2 3 7 5 6 1 4 0
84 79 5 0 2 3 7 5 6 1 4 8
85 81 4 1 2 3 7 5 6 0 4 8
86 83 3 1 2 3 7 5 6 8 4 0
85 82 3 1 2 3 0 5 6 7 4 8
87 83 4 1 2 3 5 0 6 7 4 8
88 84 4 1 2 3 5 4 6 7 0 8
87 85 2 1 2 3 5 4 6 7 8 0
91 88 3 1 2 3 5 0 6 7 8 4
91 89 2 1 2 3 0 5 6 7 8 4
93 90 3 1 2 3 7 5 6 0 8 4
94 92 2 1 2 3 7 5 6 4 8 0
99 95 4 1 2 3 7 0 6 4 8 5
100 96 4 1 2 3 0 7 6 4 8 5
100 97 3 1 2 3 4 7 6 0 8 5
102 100 2 1 2 3 4 0 6 7 8 5
101 99 2 1 2 3 4 7 6 5 8 0
105 102 3 1 2 3 4 0 6 5 8 7
104 101 3 1 2 3 0 4 6 7 8 5
104 101 3 1 2 3 4 8 6 7 0 5
104 102 2 1 2 3 4 8 6 7 5 0
108 105 3 1 2 3 4 0 6 7 5 8
108 106 2 1 2 3 4 5 6 7 0 8
107 107 0 1 2 3 4 5 6 7 8 0
