0 0 0 4 7 1 6 2 5 3 8 0
11 3 8 4 7 1 6 0 5 3 8 2
11 4 7 4 7 1 6 5 0 3 8 2
11 5 6 4 7 1 6 5 2 3 8 0
15 8 7 0 7 1 6 5 2 3 8 4
16 10 6 1 7 0 6 5 2 3 8 4
18 13 5 1 7 3 6 5 2 0 8 4
19 15 4 1 7 3 6 5 2 4 8 0
21 16 5 1 7 3 6 5 0 4 8 2
16 11 5 1 0 7 6 5 2 3 8 4
17 12 5 1 7 4 6 5 2 3 8 0
19 14 5 1 7 3 0 5 2 6 8 4
21 15 6 1 7 3 5 0 2 6 8 4
22 16 6 1 7 3 5 2 0 6 8 4
22 17 5 1 7 3 5 2 4 6 8 0
26 20 6 1 7 3 5 0 4 6 8 2
26 21 5 1 7 3 0 5 4 6 8 2
27 22 5 1 7 3 6 5 4 0 8 2
28 24 4 1 7 3 6 5 4 2 8 0
30 25 5 1 7 3 6 5 0 2 8 4
32 26 6 1 7 3 6 0 5 2 8 4
33 27 6 1 7 3 0 6 5 2 8 4
34 28 6 1 7 3 2 6 5 0 8 4
35 30 5 1 7 3 2 6 5 4 8 0
39 33 6 1 7 3 2 0 5 4 8 6
39 34 5 1 7 3 2 5 0 4 8 6
38 35 3 1 7 3 2 5 6 4 8 0
41 37 4 1 7 3 2 5 6 0 8 4
42 38 4 1 7 3 0 5 6 2 8 4
44 39 5 1 7 3 5 0 6 2 8 4
45 40 5 1 0 3 5 7 6 2 8 4
43 38 5 1 7 3 2 0 6 4 8 5
44 39 5 1 7 3 0 2 6 4 8 5
44 40 4 1 7 3 4 2 6 0 8 5
45 42 3 1 7 3 4 2 6 5 8 0
49 45 4 1 7 3 4 0 6 5 8 2
50 46 4 1 0 3 4 7 6 5 8 2
47 43 4 1 7 3 4 0 6 2 8 5
48 44 4 1 0 3 4 7 6 2 8 5
50 45 5 1 3 0 4 7 6 2 8 5
51 47 4 1 3 5 4 7 6 2 8 0
55 50 5 1 3 5 4 0 6 2 8 7
56 51 5 1 0 5 4 3 6 2 8 7
57 52 5 1 5 0 4 3 6 2 8 7
59 55 4 1 5 3 4 0 6 2 8 7
59 56 3 1 0 3 4 5 6 2 8 7
61 57 4 1 3 0 4 5 6 2 8 7
62 59 3 1 3 7 4 5 6 2 8 0
65 61 4 1 3 7 4 5 6 0 8 2
67 64 3 1 3 0 4 5 6 7 8 2
68 66 2 1 3 2 4 5 6 7 8 0
67 65 2 1 0 3 4 5 6 7 8 2
69 66 3 0 1 3 4 5 6 7 8 2
71 69 2 2 1 3 4 5 6 7 8 0
69 66 3 1 5 3 4 0 6 7 8 2
71 67 4 1 5 3 4 6 0 7 8 2
71 68 3 1 5 3 4 6 2 7 8 0
75 71 4 1 5 3 4 0 2 7 8 6
75 72 3 1 0 3 4 5 2 7 8 6
77 73 4 1 3 0 4 5 2 7 8 6
78 75 3 1 3 6 4 5 2 7 8 0
77 73 4 0 1 3 4 5 2 7 8 6
79 76 3 6 1 3 4 5 2 7 8 0
81 77 4 6 1 3 4 5 0 7 8 2
76 72 4 1 5 3 4 2 0 7 8 6
75 73 2 1 5 3 4 2 6 7 8 0
80 76 4 0 5 3 4 2 6 7 8 1
83 79 4 2 5 3 4 0 6 7 8 1
83 80 3 2 0 3 4 5 6 7 8 1
83 81 2 0 2 3 4 5 6 7 8 1
84 84 0 1 2 3 4 5 6 7 8 0
