0 0 0 0 1 7 8 4 3 5 6 2
9 3 6 2 1 7 8 4 3 5 6 0
7 1 6 1 0 7 8 4 3 5 6 2
7 2 5 1 4 7 8 0 3 5 6 2
8 3 5 1 4 7 8 3 0 5 6 2
8 4 4 1 4 7 8 3 2 5 6 0
12 7 5 1 4 7 8 0 2 5 6 3
13 8 5 1 4 7 8 2 0 5 6 3
13 9 4 1 4 7 8 2 3 5 6 0
16 11 5 1 4 7 8 2 3 0 6 5
19 14 5 1 4 7 8 0 3 2 6 5
20 15 5 1 4 7 8 3 0 2 6 5
20 16 4 1 4 7 8 3 5 2 6 0
24 19 5 1 4 7 8 0 5 2 6 3
24 20 4 1 4 7 8 5 0 2 6 3
24 21 3 1 4 7 8 5 3 2 6 0
27 23 4 1 4 7 8 5 3 0 6 2
28 24 4 1 4 7 0 5 3 8 6 2
30 25 5 1 4 7 5 0 3 8 6 2
31 26 5 1 4 7 5 3 0 8 6 2
31 27 4 1 4 7 5 3 2 8 6 0
35 30 5 1 4 7 5 0 2 8 6 3
35 31 4 1 4 7 0 5 2 8 6 3
36 32 4 1 4 7 8 5 2 0 6 3
36 34 2 1 4 7 8 5 2 3 6 0
38 35 3 1 4 7 8 5 0 3 6 2
40 36 4 1 4 7 8 0 5 3 6 2
41 37 4 1 4 7 0 8 5 3 6 2
40 36 4 1 4 0 8 5 7 3 6 2
41 38 3 1 4 2 8 5 7 3 6 0
43 39 4 1 4 2 8 5 0 3 6 7
41 37 4 1 4 7 8 0 2 3 6 5
42 38 4 1 4 7 8 2 0 3 6 5
42 39 3 1 4 7 8 2 5 3 6 0
42 38 4 1 4 7 0 8 2 3 6 5
41 37 4 0 4 7 8 5 2 3 6 1
42 38 4 8 4 7 0 5 2 3 6 1
40 36 4 1 4 0 8 5 2 3 6 7
39 35 4 1 4 7 8 5 2 3 0 6
41 36 5 1 4 7 8 5 2 0 3 6
42 38 4 1 4 7 8 5 2 6 3 0
44 39 5 1 4 7 8 5 0 6 3 2
42 37 5 1 4 7 0 5 2 8 3 6
42 37 5 1 4 7 8 6 5 3 0 2
42 38 4 1 4 7 8 6 5 3 2 0
46 41 5 1 4 7 8 0 5 3 2 6
46 42 4 1 4 7 8 5 0 3 2 6
46 43 3 1 4 7 8 5 6 3 2 0
48 44 4 1 4 7 8 5 6 3 0 2
50 45 5 1 4 7 8 5 6 0 3 2
51 47 4 1 4 7 8 5 6 2 3 0
53 48 5 1 4 7 8 5 6 2 0 3
44 39 5 1 4 0 8 2 7 3 6 5
45 41 4 1 4 5 8 2 7 3 6 0
47 42 5 1 4 5 8 2 0 3 6 7
45 40 5 1 4 2 8 0 5 3 6 7
46 41 5 1 4 2 0 8 5 3 6 7
40 35 5 1 4 0 8 5 2 7 6 3
41 37 4 1 4 3 8 5 2 7 6 0
43 38 5 1 4 3 8 5 2 7 0 6
43 38 5 1 4 3 8 5 0 7 6 2
41 36 5 1 4 2 8 5 0 7 6 3
41 37 4 1 4 2 8 5 3 7 6 0
44 39 5 1 4 2 8 5 3 0 6 7
45 40 5 1 4 2 0 5 3 8 6 7
44 39 5 8 4 7 3 5 2 0 6 1
45 41 4 8 4 7 3 5 2 1 6 0
49 44 5 0 4 7 3 5 2 1 6 8
50 46 4 1 4 7 3 5 2 0 6 8
51 48 3 1 4 7 3 5 2 8 6 0
50 47 3 1 4 7 0 5 2 3 6 8
52 48 4 1 4 7 5 0 2 3 6 8
53 49 4 1 4 7 5 2 0 3 6 8
52 50 2 1 4 7 5 2 8 3 6 0
56 53 3 1 4 7 5 0 8 3 6 2
56 54 2 1 4 7 0 5 8 3 6 2
58 55 3 1 4 7 3 5 8 0 6 2
59 57 2 1 4 7 3 5 8 2 6 0
64 60 4 1 4 7 3 0 8 2 6 5
65 61 4 1 4 7 0 3 8 2 6 5
65 62 3 1 4 7 2 3 8 0 6 5
67 65 2 1 4 7 2 0 8 3 6 5
66 64 2 1 4 7 2 3 8 5 6 0
70 67 3 1 4 7 2 0 8 5 6 3
69 66 3 1 4 7 0 2 8 3 6 5
69 66 3 1 4 7 2 6 8 3 0 5
69 67 2 1 4 7 2 6 8 3 5 0
73 70 3 1 4 7 2 0 8 3 5 6
73 71 2 1 4 7 2 5 8 3 0 6
72 72 0 1 4 7 2 5 8 3 6 0
