0 0 0 0 8 6 7 5 4 1 2 3
10 3 7 3 8 6 7 5 4 1 2 0
9 2 7 1 8 6 7 5 4 0 2 3
9 4 5 1 8 6 7 5 4 3 2 0
12 6 6 1 8 0 7 5 4 3 2 6
15 9 6 1 8 3 7 5 4 0 2 6
16 11 5 1 8 3 7 5 4 6 2 0
15 10 5 1 8 3 0 5 4 7 2 6
17 11 6 1 8 3 5 0 4 7 2 6
18 12 6 1 8 3 5 4 0 7 2 6
17 13 4 1 8 3 5 4 6 7 2 0
21 16 5 1 8 3 5 0 6 7 2 4
21 17 4 1 8 3 0 5 6 7 2 4
23 18 5 1 8 3 7 5 6 0 2 4
24 20 4 1 8 3 7 5 6 4 2 0
26 21 5 1 8 3 7 5 6 4 0 2
27 22 5 1 8 3 7 5 6 0 4 2
28 24 4 1 8 3 7 5 6 2 4 0
27 23 4 1 8 3 0 5 6 7 4 2
29 24 5 1 8 3 5 0 6 7 4 2
30 25 5 1 0 3 5 8 6 7 4 2
22 17 5 1 8 3 5 2 6 7 0 4
22 18 4 1 8 3 5 2 6 7 4 0
22 17 5 1 0 3 5 8 6 7 2 4
24 19 5 1 8 3 7 5 6 2 0 4
19 14 5 1 8 3 5 4 6 7 0 2
21 15 6 1 8 3 5 4 6 0 7 2
22 17 5 1 8 3 5 4 6 2 7 0
26 20 6 1 8 3 5 0 6 2 7 4
26 21 5 1 8 3 0 5 6 2 7 4
27 22 5 1 8 3 2 5 6 0 7 4
28 24 4 1 8 3 2 5 6 4 7 0
27 23 4 1 8 3 2 5 6 7 0 4
27 24 3 1 8 3 2 5 6 7 4 0
32 27 5 1 8 3 2 0 6 7 4 5
33 28 5 1 8 3 0 2 6 7 4 5
33 28 5 1 8 3 2 4 6 7 0 5
33 29 4 1 8 3 2 4 6 7 5 0
33 28 5 1 0 3 2 8 6 7 4 5
31 26 5 1 8 0 2 5 6 7 4 3
34 29 5 1 8 7 2 5 6 0 4 3
34 31 3 1 8 7 2 5 6 3 4 0
36 32 4 1 8 7 2 5 6 3 0 4
36 32 4 1 8 7 2 5 0 3 4 6
38 33 5 1 8 7 2 0 5 3 4 6
39 34 5 1 8 7 2 4 5 3 0 6
38 35 3 1 8 7 2 4 5 3 6 0
42 38 4 1 8 7 2 0 5 3 6 4
42 39 3 1 8 7 2 5 0 3 6 4
42 40 2 1 8 7 2 5 4 3 6 0
47 43 4 1 8 7 2 0 4 3 6 5
48 44 4 1 0 7 2 8 4 3 6 5
43 39 4 1 0 7 2 8 5 3 6 4
47 43 4 0 8 7 2 5 4 3 6 1
48 44 4 8 0 7 2 5 4 3 6 1
40 36 4 1 8 7 2 4 0 3 6 5
46 42 4 1 8 0 2 5 4 3 6 7
47 43 4 1 0 8 2 5 4 3 6 7
47 43 4 1 8 4 2 5 0 3 6 7
47 44 3 1 8 4 2 5 7 3 6 0
46 42 4 1 8 7 2 5 4 0 6 3
45 41 4 1 8 7 2 5 4 3 0 6
44 40 4 1 8 0 2 5 7 3 6 4
45 41 4 1 0 8 2 5 7 3 6 4
47 42 5 0 1 8 2 5 7 3 6 4
49 45 4 4 1 8 2 5 7 3 6 0
52 47 5 4 1 0 2 5 7 3 6 8
52 48 4 4 1 7 2 5 0 3 6 8
51 49 2 4 1 7 2 5 8 3 6 0
55 52 3 0 1 7 2 5 8 3 6 4
55 53 2 1 0 7 2 5 8 3 6 4
57 54 3 1 7 0 2 5 8 3 6 4
58 56 2 1 7 4 2 5 8 3 6 0
57 54 3 1 5 7 2 0 8 3 6 4
59 55 4 1 5 7 2 8 0 3 6 4
59 56 3 1 5 7 2 8 4 3 6 0
63 59 4 1 5 7 2 0 4 3 6 8
63 60 3 1 0 7 2 5 4 3 6 8
65 61 4 1 7 0 2 5 4 3 6 8
66 63 3 1 7 8 2 5 4 3 6 0
65 61 4 0 1 7 2 5 4 3 6 8
67 64 3 8 1 7 2 5 4 3 6 0
69 65 4 8 1 7 2 5 0 3 6 4
58 54 4 3 1 7 2 5 8 0 6 4
59 56 3 3 1 7 2 5 8 4 6 0
63 59 4 0 1 7 2 5 8 4 6 3
63 60 3 1 0 7 2 5 8 4 6 3
65 61 4 1 7 0 2 5 8 4 6 3
66 63 3 1 7 3 2 5 8 4 6 0
61 57 4 1 7 5 2 0 8 3 6 4
62 58 4 1 0 5 2 7 8 3 6 4
63 59 4 1 5 0 2 7 8 3 6 4
64 61 3 1 5 4 2 7 8 3 6 0
68 64 4 1 5 4 2 0 8 3 6 7
68 65 3 1 0 4 2 5 8 3 6 7
68 66 2 1 4 0 2 5 8 3 6 7
68 68 0 1 4 7 2 5 8 3 6 0
