0 0 0 2 8 6 5 7 0 1 4 3
9 1 8 2 8 6 5 7 3 1 4 0
9 1 8 2 8 0 5 7 6 1 4 3
9 3 6 2 8 3 5 7 6 1 4 0
13 6 7 2 8 3 5 0 6 1 4 7
13 7 6 2 8 3 0 5 6 1 4 7
14 8 6 2 8 3 1 5 6 0 4 7
14 10 4 2 8 3 1 5 6 7 4 0
18 13 5 0 8 3 1 5 6 7 4 2
18 14 4 1 8 3 0 5 6 7 4 2
20 15 5 1 8 3 5 0 6 7 4 2
21 16 5 1 8 3 5 4 6 7 0 2
21 17 4 1 8 3 5 4 6 7 2 0
25 20 5 1 8 3 5 0 6 7 2 4
25 21 4 1 8 3 0 5 6 7 2 4
27 22 5 1 8 3 7 5 6 0 2 4
28 24 4 1 8 3 7 5 6 4 2 0
30 25 5 1 8 3 7 5 6 4 0 2
28 23 5 1 8 3 7 5 6 2 0 4
28 24 4 1 8 3 7 5 6 2 4 0
26 21 5 1 0 3 5 8 6 7 2 4
21 16 5 1 0 3 5 8 6 7 4 2
26 21 5 1 8 3 5 2 6 7 0 4
26 22 4 1 8 3 5 2 6 7 4 0
20 15 5 1 8 3 7 5 6 0 4 2
19 14 5 8 0 3 1 5 6 7 4 2
16 11 5 2 8 3 1 5 6 7 0 4
18 12 6 2 8 3 1 5 6 0 7 4
19 14 5 2 8 3 1 5 6 4 7 0
23 17 6 0 8 3 1 5 6 4 7 2
23 18 5 1 8 3 0 5 6 4 7 2
23 19 4 1 8 3 4 5 6 0 7 2
24 21 3 1 8 3 4 5 6 2 7 0
23 20 3 1 8 3 4 5 6 7 0 2
23 21 2 1 8 3 4 5 6 7 2 0
28 24 4 1 8 3 4 0 6 7 2 5
29 25 4 1 8 3 4 2 6 7 0 5
29 26 3 1 8 3 4 2 6 7 5 0
29 25 4 1 0 3 4 8 6 7 2 5
28 24 4 0 8 3 4 5 6 7 2 1
29 25 4 8 0 3 4 5 6 7 2 1
25 21 4 1 8 3 4 0 6 7 5 2
26 22 4 1 0 3 4 8 6 7 5 2
27 23 4 1 8 3 4 5 6 0 2 7
27 23 4 1 8 0 4 5 6 7 2 3
28 24 4 1 0 8 4 5 6 7 2 3
26 22 4 1 8 3 4 5 0 7 2 6
26 22 4 1 8 3 4 5 6 2 0 7
28 23 5 1 8 3 4 0 6 2 5 7
29 24 5 1 0 3 4 8 6 2 5 7
31 26 5 8 5 3 4 0 6 7 2 1
32 27 5 8 5 3 4 2 6 7 0 1
32 28 4 8 5 3 4 2 6 7 1 0
36 31 5 8 5 3 4 0 6 7 1 2
36 32 4 8 0 3 4 5 6 7 1 2
37 33 4 0 8 3 4 5 6 7 1 2
39 36 3 2 8 3 4 5 6 7 1 0
41 37 4 2 8 3 4 5 6 7 0 1
43 38 5 2 8 3 4 5 6 0 7 1
44 40 4 2 8 3 4 5 6 1 7 0
46 41 5 2 8 3 4 5 6 1 0 7
43 38 5 2 8 3 4 0 6 7 5 1
44 39 5 2 0 3 4 8 6 7 5 1
44 40 4 0 2 3 4 8 6 7 5 1
45 43 2 1 2 3 4 8 6 7 5 0
49 46 3 1 2 3 4 0 6 7 5 8
49 47 2 1 2 3 4 5 6 7 0 8
48 48 0 1 2 3 4 5 6 7 8 0
