0 0 0 5 0 6 1 7 3 2 4 8
10 1 9 5 6 0 1 7 3 2 4 8
12 4 8 5 6 7 1 0 3 2 4 8
13 5 8 5 6 7 1 3 0 2 4 8
12 6 6 5 6 7 1 3 8 2 4 0
16 9 7 5 6 7 1 0 8 2 4 3
17 10 7 5 6 7 0 1 8 2 4 3
17 11 6 5 6 7 2 1 8 0 4 3
17 13 4 5 6 7 2 1 8 3 4 0
21 16 5 5 6 7 2 0 8 3 4 1
22 17 5 5 6 7 2 4 8 3 0 1
22 18 4 5 6 7 2 4 8 3 1 0
26 21 5 5 6 7 2 0 8 3 1 4
27 22 5 5 0 7 2 6 8 3 1 4
28 23 5 0 5 7 2 6 8 3 1 4
30 26 4 4 5 7 2 6 8 3 1 0
34 29 5 4 5 7 2 0 8 3 1 6
34 30 4 4 0 7 2 5 8 3 1 6
34 31 3 0 4 7 2 5 8 3 1 6
36 34 2 6 4 7 2 5 8 3 1 0
38 35 3 6 4 7 2 5 8 3 0 1
40 36 4 6 4 7 2 5 8 0 3 1
41 38 3 6 4 7 2 5 8 1 3 0
45 41 4 0 4 7 2 5 8 1 3 6
46 43 3 1 4 7 2 5 8 0 3 6
47 45 2 1 4 7 2 5 8 6 3 0
46 44 2 1 4 7 2 5 8 3 0 6
45 45 0 1 4 7 2 5 8 3 6 0
