0 0 0 8 5 3 2 0 6 7 1 4
6 1 5 8 0 3 2 5 6 7 1 4
7 2 5 0 8 3 2 5 6 7 1 4
9 5 4 4 8 3 2 5 6 7 1 0
11 6 5 4 8 3 2 5 6 7 0 1
8 3 5 2 8 3 0 5 6 7 1 4
10 4 6 2 8 3 5 0 6 7 1 4
11 5 6 2 8 3 5 1 6 7 0 4
11 6 5 2 8 3 5 1 6 7 4 0
15 9 6 2 8 3 5 0 6 7 4 1
15 10 5 2 8 3 0 5 6 7 4 1
17 11 6 2 8 3 7 5 6 0 4 1
18 13 5 2 8 3 7 5 6 1 4 0
22 16 6 0 8 3 7 5 6 1 4 2
23 18 5 1 8 3 7 5 6 0 4 2
24 20 4 1 8 3 7 5 6 2 4 0
23 19 4 1 8 3 0 5 6 7 4 2
25 20 5 1 8 3 5 0 6 7 4 2
26 21 5 1 8 3 5 4 6 7 0 2
26 22 4 1 8 3 5 4 6 7 2 0
30 25 5 1 8 3 5 0 6 7 2 4
30 26 4 1 8 3 0 5 6 7 2 4
32 27 5 1 8 3 7 5 6 0 2 4
33 29 4 1 8 3 7 5 6 4 2 0
24 19 5 1 8 3 7 5 6 4 0 2
31 26 5 1 8 3 5 2 6 7 0 4
31 27 4 1 8 3 5 2 6 7 4 0
31 26 5 1 0 3 5 8 6 7 2 4
26 21 5 1 8 3 7 5 6 2 0 4
26 21 5 1 0 3 5 8 6 7 4 2
28 22 6 1 3 0 5 8 6 7 4 2
29 24 5 1 3 2 5 8 6 7 4 0
33 27 6 1 3 2 5 0 6 7 4 8
33 28 5 1 3 2 0 5 6 7 4 8
35 29 6 1 3 2 7 5 6 0 4 8
36 31 5 1 3 2 7 5 6 8 4 0
39 33 6 1 3 0 7 5 6 8 4 2
39 34 5 1 0 3 7 5 6 8 4 2
41 35 6 0 1 3 7 5 6 8 4 2
43 38 5 2 1 3 7 5 6 8 4 0
46 40 6 2 1 3 7 5 6 0 4 8
46 41 5 2 1 3 0 5 6 7 4 8
48 42 6 2 1 3 5 0 6 7 4 8
49 43 6 2 1 3 5 4 6 7 0 8
48 44 4 2 1 3 5 4 6 7 8 0
52 47 5 2 1 3 5 0 6 7 8 4
52 48 4 2 1 3 0 5 6 7 8 4
54 49 5 2 1 3 7 5 6 0 8 4
55 51 4 2 1 3 7 5 6 4 8 0
59 54 5 0 1 3 7 5 6 4 8 2
59 55 4 1 0 3 7 5 6 4 8 2
61 56 5 1 3 0 7 5 6 4 8 2
62 58 4 1 3 2 7 5 6 4 8 0
65 60 5 1 3 2 7 5 6 0 8 4
65 61 4 1 3 2 0 5 6 7 8 4
67 62 5 1 3 2 5 0 6 7 8 4
68 63 5 1 0 2 5 3 6 7 8 4
68 64 4 1 2 0 5 3 6 7 8 4
70 67 3 1 2 3 5 0 6 7 8 4
70 68 2 1 2 3 0 5 6 7 8 4
72 69 3 1 2 3 7 5 6 0 8 4
73 71 2 1 2 3 7 5 6 4 8 0
69 66 3 1 2 4 5 3 6 7 8 0
73 69 4 1 2 4 5 0 6 7 8 3
73 70 3 1 2 4 0 5 6 7 8 3
75 71 4 1 2 4 7 5 6 0 8 3
76 73 3 1 2 4 7 5 6 3 8 0
78 74 4 1 2 3 7 0 6 4 8 5
79 75 4 1 2 3 0 7 6 4 8 5
79 76 3 1 2 3 4 7 6 0 8 5
81 79 2 1 2 3 4 0 6 7 8 5
80 78 2 1 2 3 4 7 6 5 8 0
84 81 3 1 2 3 4 0 6 5 8 7
83 80 3 1 2 3 4 6 0 7 8 5
83 81 2 1 2 3 4 6 5 7 8 0
87 84 3 1 2 3 4 0 5 7 8 6
87 85 2 1 2 3 4 5 0 7 8 6
86 86 0 1 2 3 4 5 6 7 8 0
