0 0 0 1 4 5 3 7 0 8 6 2
6 1 5 1 4 5 3 7 2 8 6 0
10 4 6 1 4 5 3 0 2 8 6 7
11 5 6 1 4 5 3 2 0 8 6 7
11 6 5 1 4 5 3 2 7 8 6 0
14 8 6 1 4 0 3 2 7 8 6 5
14 9 5 1 4 7 3 2 0 8 6 5
14 10 4 1 4 7 3 2 5 8 6 0
18 13 5 1 4 7 3 0 5 8 6 2
18 14 4 1 4 7 3 5 0 8 6 2
18 15 3 1 4 7 3 5 2 8 6 0
21 17 4 1 4 7 3 5 2 0 6 8
21 18 3 1 4 7 0 5 2 3 6 8
23 19 4 1 4 7 5 0 2 3 6 8
24 20 4 1 4 7 5 2 0 3 6 8
23 21 2 1 4 7 5 2 8 3 6 0
27 24 3 1 4 7 5 0 8 3 6 2
27 25 2 1 4 7 0 5 8 3 6 2
29 26 3 1 4 7 3 5 8 0 6 2
30 28 2 1 4 7 3 5 8 2 6 0
35 31 4 1 4 7 3 0 8 2 6 5
36 32 4 1 4 7 0 3 8 2 6 5
36 33 3 1 4 7 2 3 8 0 6 5
38 36 2 1 4 7 2 0 8 3 6 5
37 35 2 1 4 7 2 3 8 5 6 0
41 38 3 1 4 7 2 0 8 5 6 3
40 37 3 1 4 7 2 8 0 3 6 5
40 38 2 1 4 7 2 8 5 3 6 0
44 41 3 1 4 7 2 0 5 3 6 8
44 42 2 1 4 7 2 5 0 3 6 8
43 43 0 1 4 7 2 5 8 3 6 0
