0 0 0 1 7 4 0 2 3 6 5 8
8 1 7 1 7 4 2 0 3 6 5 8
8 2 6 1 7 4 2 5 3 6 0 8
8 3 5 1 7 4 2 5 3 6 8 0
8 3 5 1 7 4 2 5 3 0 6 8
9 5 4 1 7 4 2 5 3 8 6 0
12 7 5 1 7 0 2 5 3 8 6 4
12 8 4 1 0 7 2 5 3 8 6 4
14 9 5 0 1 7 2 5 3 8 6 4
16 12 4 4 1 7 2 5 3 8 6 0
19 14 5 4 1 7 2 5 3 0 6 8
21 16 5 0 1 7 2 5 3 4 6 8
23 19 4 8 1 7 2 5 3 4 6 0
21 17 4 1 0 7 2 5 3 4 6 8
23 18 5 1 5 7 2 0 3 4 6 8
24 19 5 1 5 7 2 3 0 4 6 8
23 20 3 1 5 7 2 3 8 4 6 0
27 23 4 1 5 7 2 0 8 4 6 3
27 24 3 1 0 7 2 5 8 4 6 3
29 25 4 1 7 0 2 5 8 4 6 3
30 27 3 1 7 3 2 5 8 4 6 0
33 29 4 1 7 3 2 5 8 0 6 4
35 32 3 1 7 0 2 5 8 3 6 4
36 34 2 1 7 4 2 5 8 3 6 0
35 33 2 1 0 7 2 5 8 3 6 4
37 34 3 0 1 7 2 5 8 3 6 4
39 37 2 4 1 7 2 5 8 3 6 0
37 34 3 1 5 7 2 0 8 3 6 4
39 35 4 1 5 7 2 8 0 3 6 4
39 36 3 1 5 7 2 8 4 3 6 0
43 39 4 1 5 7 2 0 4 3 6 8
43 40 3 1 0 7 2 5 4 3 6 8
45 41 4 1 7 0 2 5 4 3 6 8
46 43 3 1 7 8 2 5 4 3 6 0
45 41 4 0 1 7 2 5 4 3 6 8
47 44 3 8 1 7 2 5 4 3 6 0
49 45 4 8 1 7 2 5 0 3 6 4
41 37 4 1 7 4 2 0 8 3 6 5
42 38 4 1 0 4 2 7 8 3 6 5
42 39 3 1 4 0 2 7 8 3 6 5
44 42 2 1 4 7 2 0 8 3 6 5
43 41 2 1 4 5 2 7 8 3 6 0
47 44 3 1 4 5 2 0 8 3 6 7
46 43 3 1 4 7 2 8 0 3 6 5
46 44 2 1 4 7 2 8 5 3 6 0
50 47 3 1 4 7 2 0 5 3 6 8
50 48 2 1 4 7 2 5 0 3 6 8
49 49 0 1 4 7 2 5 8 3 6 0
