0 0 0 7 3 0 1 5 6 8 4 2
8 2 6 7 3 2 1 5 6 8 4 0
7 1 6 7 0 3 1 5 6 8 4 2
8 2 6 0 7 3 1 5 6 8 4 2
10 5 5 2 7 3 1 5 6 8 4 0
8 3 5 1 7 3 0 5 6 8 4 2
9 4 5 1 7 3 8 5 6 0 4 2
10 6 4 1 7 3 8 5 6 2 4 0
12 7 5 1 7 3 8 5 6 2 0 4
13 8 5 1 7 3 8 5 6 0 2 4
14 10 4 1 7 3 8 5 6 4 2 0
14 9 5 1 7 3 0 5 6 8 2 4
10 5 5 1 7 3 8 5 6 4 0 2
12 6 6 1 7 3 8 0 6 4 5 2
13 7 6 1 7 3 0 8 6 4 5 2
13 8 5 1 7 3 4 8 6 0 5 2
14 10 4 1 7 3 4 8 6 2 5 0
18 13 5 1 7 3 4 0 6 2 5 8
18 14 4 1 7 3 4 5 6 2 0 8
17 15 2 1 7 3 4 5 6 2 8 0
20 17 3 1 7 3 4 5 6 0 8 2
24 20 4 1 7 3 4 0 6 5 8 2
25 21 4 1 0 3 4 7 6 5 8 2
24 20 4 1 7 0 4 5 6 3 8 2
25 22 3 1 7 2 4 5 6 3 8 0
28 24 4 1 7 2 4 5 6 0 8 3
25 21 4 1 0 7 4 5 6 3 8 2
22 18 4 0 7 3 4 5 6 2 8 1
24 20 4 2 7 3 4 5 6 0 8 1
25 22 3 2 7 3 4 5 6 1 8 0
23 19 4 7 0 3 4 5 6 2 8 1
20 16 4 1 7 3 4 5 0 2 8 6
19 15 4 1 7 3 4 5 6 0 2 8
20 17 3 1 7 3 4 5 6 8 2 0
21 17 4 1 7 0 4 5 6 2 8 3
22 18 4 1 0 7 4 5 6 2 8 3
23 19 4 0 7 3 4 5 6 1 8 2
24 20 4 7 0 3 4 5 6 1 8 2
22 18 4 1 7 3 4 5 6 8 0 2
22 18 4 1 7 3 0 5 6 4 8 2
22 18 4 1 7 3 4 0 6 2 8 5
23 19 4 1 0 3 4 7 6 2 8 5
25 20 5 1 3 0 4 7 6 2 8 5
26 22 4 1 3 5 4 7 6 2 8 0
30 25 5 1 3 5 4 0 6 2 8 7
31 26 5 1 0 5 4 3 6 2 8 7
32 27 5 1 5 0 4 3 6 2 8 7
34 30 4 1 5 3 4 0 6 2 8 7
34 31 3 1 0 3 4 5 6 2 8 7
36 32 4 1 3 0 4 5 6 2 8 7
37 34 3 1 3 7 4 5 6 2 8 0
40 36 4 1 3 7 4 5 6 0 8 2
42 39 3 1 3 0 4 5 6 7 8 2
43 41 2 1 3 2 4 5 6 7 8 0
42 40 2 1 0 3 4 5 6 7 8 2
44 41 3 0 1 3 4 5 6 7 8 2
46 44 2 2 1 3 4 5 6 7 8 0
44 41 3 1 5 3 4 0 6 7 8 2
46 42 4 1 5 3 4 6 0 7 8 2
46 43 3 1 5 3 4 6 2 7 8 0
50 46 4 1 5 3 4 0 2 7 8 6
50 47 3 1 0 3 4 5 2 7 8 6
52 48 4 1 3 0 4 5 2 7 8 6
53 50 3 1 3 6 4 5 2 7 8 0
52 48 4 0 1 3 4 5 2 7 8 6
54 51 3 6 1 3 4 5 2 7 8 0
56 52 4 6 1 3 4 5 0 7 8 2
46 42 4 1 3 2 4 5 0 7 8 6
46 42 4 1 3 2 4 5 6 7 0 8
48 44 4 1 3 2 4 0 6 7 8 5
49 45 4 1 0 2 4 3 6 7 8 5
49 46 3 1 2 0 4 3 6 7 8 5
51 49 2 1 2 3 4 0 6 7 8 5
50 48 2 1 2 5 4 3 6 7 8 0
54 51 3 1 2 5 4 0 6 7 8 3
53 50 3 1 2 3 4 6 0 7 8 5
53 51 2 1 2 3 4 6 5 7 8 0
57 54 3 1 2 3 4 0 5 7 8 6
57 55 2 1 2 3 4 5 0 7 8 6
56 56 0 1 2 3 4 5 6 7 8 0
