0 0 0 6 0 4 8 3 1 2 7 5
9 1 8 6 4 0 8 3 1 2 7 5
10 3 7 6 4 5 8 3 1 2 7 0
14 6 8 6 4 5 8 0 1 2 7 3
15 7 8 6 4 5 8 1 0 2 7 3
15 8 7 6 4 5 8 1 3 2 7 0
19 11 8 6 4 5 8 0 3 2 7 1
20 12 8 6 4 5 0 8 3 2 7 1
20 13 7 6 4 5 2 8 3 0 7 1
21 15 6 6 4 5 2 8 3 1 7 0
25 18 7 6 4 5 2 0 3 1 7 8
26 19 7 6 4 5 2 3 0 1 7 8
25 20 5 6 4 5 2 3 8 1 7 0
29 23 6 6 4 5 2 0 8 1 7 3
30 24 6 6 4 5 2 7 8 1 0 3
30 25 5 6 4 5 2 7 8 1 3 0
34 28 6 6 4 5 2 0 8 1 3 7
34 28 6 0 4 5 2 7 8 1 3 6
35 30 5 1 4 5 2 7 8 0 3 6
36 32 4 1 4 5 2 7 8 6 3 0
35 31 4 1 4 5 2 7 8 3 0 6
34 32 2 1 4 5 2 7 8 3 6 0
38 35 3 1 4 5 2 0 8 3 6 7
37 34 3 1 4 0 2 7 8 3 6 5
39 37 2 1 4 7 2 0 8 3 6 5
41 38 3 1 4 7 2 8 0 3 6 5
41 39 2 1 4 7 2 8 5 3 6 0
45 42 3 1 4 7 2 0 5 3 6 8
45 43 2 1 4 7 2 5 0 3 6 8
44 44 0 1 4 7 2 5 8 3 6 0
