0 0 0 6 0 3 1 4 5 2 7 8
9 1 8 0 6 3 1 4 5 2 7 8
11 4 7 8 6 3 1 4 5 2 7 0
9 2 7 1 6 3 0 4 5 2 7 8
9 3 6 1 6 3 4 0 5 2 7 8
9 4 5 1 6 3 4 5 0 2 7 8
9 5 4 1 6 3 4 5 8 2 7 0
12 7 5 1 6 3 4 5 8 0 7 2
12 8 4 1 6 3 4 5 8 7 0 2
12 9 3 1 6 3 4 5 8 7 2 0
14 10 4 1 6 3 4 5 0 7 2 8
16 11 5 1 6 3 4 0 5 7 2 8
17 12 5 1 6 3 4 2 5 7 0 8
16 13 3 1 6 3 4 2 5 7 8 0
20 16 4 1 6 3 4 0 5 7 8 2
20 17 3 1 6 3 4 5 0 7 8 2
20 18 2 1 6 3 4 5 2 7 8 0
25 21 4 1 6 3 4 0 2 7 8 5
26 22 4 1 0 3 4 6 2 7 8 5
25 21 4 0 6 3 4 5 2 7 8 1
26 22 4 6 0 3 4 5 2 7 8 1
21 17 4 1 0 3 4 6 5 7 8 2
22 18 4 1 6 0 4 5 3 7 8 2
23 20 3 1 6 2 4 5 3 7 8 0
25 21 4 1 6 2 4 5 0 7 8 3
24 20 4 1 6 3 4 5 2 0 8 7
23 19 4 1 6 3 4 5 2 7 0 8
18 14 4 1 6 3 4 2 0 7 8 5
24 20 4 1 6 0 4 5 2 7 8 3
25 21 4 1 0 6 4 5 2 7 8 3
23 19 4 1 0 6 4 5 3 7 8 2
25 20 5 0 1 6 4 5 3 7 8 2
27 23 4 2 1 6 4 5 3 7 8 0
30 25 5 2 1 0 4 5 3 7 8 6
30 26 4 2 1 3 4 5 0 7 8 6
29 27 2 2 1 3 4 5 6 7 8 0
33 30 3 0 1 3 4 5 6 7 8 2
33 31 2 1 0 3 4 5 6 7 8 2
35 32 3 1 3 0 4 5 6 7 8 2
36 34 2 1 3 2 4 5 6 7 8 0
35 32 3 1 5 3 4 0 6 7 8 2
37 33 4 1 5 3 4 6 0 7 8 2
37 34 3 1 5 3 4 6 2 7 8 0
41 37 4 1 5 3 4 0 2 7 8 6
41 38 3 1 0 3 4 5 2 7 8 6
43 39 4 1 3 0 4 5 2 7 8 6
44 41 3 1 3 6 4 5 2 7 8 0
35 31 4 4 1 3 0 5 6 7 8 2
36 32 4 3 1 0 4 5 6 7 8 2
37 34 3 3 1 2 4 5 6 7 8 0
41 37 4 0 1 2 4 5 6 7 8 3
41 38 3 1 0 2 4 5 6 7 8 3
41 39 2 1 2 0 4 5 6 7 8 3
41 41 0 1 2 3 4 5 6 7 8 0
