0 0 0 0 8 4 7 2 6 5 1 3
10 3 7 3 8 4 7 2 6 5 1 0
14 6 8 3 8 4 7 0 6 5 1 2
15 7 8 3 8 4 0 7 6 5 1 2
16 8 8 3 8 4 5 7 6 0 1 2
18 11 7 3 8 4 5 0 6 7 1 2
18 12 6 3 8 4 0 5 6 7 1 2
20 13 7 3 8 4 7 5 6 0 1 2
21 15 6 3 8 4 7 5 6 2 1 0
25 18 7 0 8 4 7 5 6 2 1 3
27 20 7 2 8 4 7 5 6 0 1 3
28 22 6 2 8 4 7 5 6 3 1 0
27 21 6 2 8 4 0 5 6 7 1 3
29 22 7 2 8 4 5 0 6 7 1 3
30 23 7 2 8 4 5 1 6 7 0 3
30 24 6 2 8 4 5 1 6 7 3 0
34 27 7 2 8 4 5 0 6 7 3 1
34 28 6 2 8 4 0 5 6 7 3 1
36 29 7 2 8 4 7 5 6 0 3 1
37 31 6 2 8 4 7 5 6 1 3 0
41 34 7 0 8 4 7 5 6 1 3 2
42 36 6 1 8 4 7 5 6 0 3 2
43 38 5 1 8 4 7 5 6 2 3 0
42 37 5 1 8 4 0 5 6 7 3 2
44 38 6 1 8 4 5 0 6 7 3 2
45 39 6 1 8 4 5 3 6 7 0 2
45 40 5 1 8 4 5 3 6 7 2 0
49 43 6 1 8 4 5 0 6 7 2 3
49 44 5 1 8 4 0 5 6 7 2 3
51 45 6 1 8 4 7 5 6 0 2 3
52 47 5 1 8 4 7 5 6 3 2 0
55 49 6 1 8 0 7 5 6 3 2 4
57 52 5 1 8 3 7 5 6 0 2 4
58 54 4 1 8 3 7 5 6 4 2 0
57 53 4 1 8 3 0 5 6 7 2 4
59 54 5 1 8 3 5 0 6 7 2 4
60 55 5 1 8 3 5 2 6 7 0 4
60 56 4 1 8 3 5 2 6 7 4 0
64 59 5 1 8 3 5 0 6 7 4 2
64 60 4 1 8 3 0 5 6 7 4 2
66 61 5 1 8 3 7 5 6 0 4 2
67 63 4 1 8 3 7 5 6 2 4 0
58 53 5 1 8 3 7 5 6 2 0 4
65 60 5 1 8 3 5 4 6 7 0 2
65 61 4 1 8 3 5 4 6 7 2 0
65 60 5 1 0 3 5 8 6 7 4 2
60 55 5 1 8 3 7 5 6 4 0 2
60 55 5 1 0 3 5 8 6 7 2 4
62 56 6 1 3 0 5 8 6 7 2 4
63 58 5 1 3 4 5 8 6 7 2 0
67 61 6 1 3 4 5 0 6 7 2 8
67 62 5 1 3 4 0 5 6 7 2 8
69 63 6 1 3 4 7 5 6 0 2 8
70 65 5 1 3 4 7 5 6 8 2 0
73 67 6 1 3 0 7 5 6 8 2 4
73 68 5 1 0 3 7 5 6 8 2 4
75 69 6 0 1 3 7 5 6 8 2 4
77 72 5 4 1 3 7 5 6 8 2 0
80 74 6 4 1 3 7 5 6 0 2 8
80 75 5 4 1 3 0 5 6 7 2 8
82 76 6 4 1 3 5 0 6 7 2 8
83 77 6 4 1 3 5 2 6 7 0 8
82 78 4 4 1 3 5 2 6 7 8 0
86 81 5 4 1 3 5 0 6 7 8 2
86 82 4 4 1 3 0 5 6 7 8 2
88 83 5 4 1 3 7 5 6 0 8 2
89 85 4 4 1 3 7 5 6 2 8 0
93 88 5 0 1 3 7 5 6 2 8 4
93 89 4 1 0 3 7 5 6 2 8 4
95 90 5 1 3 0 7 5 6 2 8 4
96 92 4 1 3 4 7 5 6 2 8 0
99 94 5 1 3 4 7 5 6 0 8 2
99 95 4 1 3 4 0 5 6 7 8 2
101 96 5 1 3 4 5 0 6 7 8 2
102 97 5 1 0 4 5 3 6 7 8 2
103 98 5 1 4 0 5 3 6 7 8 2
105 101 4 1 4 3 5 0 6 7 8 2
105 102 3 1 4 3 0 5 6 7 8 2
107 103 4 1 4 3 7 5 6 0 8 2
108 105 3 1 4 3 7 5 6 2 8 0
106 102 4 1 0 3 5 4 6 7 8 2
104 100 4 1 4 2 5 3 6 7 8 0
108 103 5 1 4 2 5 0 6 7 8 3
108 104 4 1 4 2 0 5 6 7 8 3
110 105 5 1 4 2 7 5 6 0 8 3
111 107 4 1 4 2 7 5 6 3 8 0
113 108 5 1 4 2 7 5 6 3 0 8
90 85 5 0 1 3 7 5 6 4 8 2
92 88 4 2 1 3 7 5 6 4 8 0
90 86 4 1 0 3 7 5 6 4 8 2
92 87 5 1 5 3 7 0 6 4 8 2
93 88 5 1 5 3 0 7 6 4 8 2
93 89 4 1 5 3 4 7 6 0 8 2
95 92 3 1 5 3 4 0 6 7 8 2
95 93 2 1 0 3 4 5 6 7 8 2
97 94 3 1 3 0 4 5 6 7 8 2
98 96 2 1 3 2 4 5 6 7 8 0
97 94 3 0 1 3 4 5 6 7 8 2
99 97 2 2 1 3 4 5 6 7 8 0
94 91 3 1 5 3 4 7 6 2 8 0
98 94 4 1 5 3 4 0 6 2 8 7
98 95 3 1 0 3 4 5 6 2 8 7
100 96 4 1 3 0 4 5 6 2 8 7
101 98 3 1 3 7 4 5 6 2 8 0
100 96 4 0 1 3 4 5 6 2 8 7
102 99 3 7 1 3 4 5 6 2 8 0
104 100 4 2 1 3 4 0 6 7 8 5
105 101 4 2 0 3 4 1 6 7 8 5
105 102 3 0 2 3 4 1 6 7 8 5
107 105 2 1 2 3 4 0 6 7 8 5
107 105 2 5 2 3 4 1 6 7 8 0
111 108 3 5 2 3 4 0 6 7 8 1
109 106 3 1 2 3 4 6 0 7 8 5
109 107 2 1 2 3 4 6 5 7 8 0
113 110 3 1 2 3 4 0 5 7 8 6
113 111 2 1 2 3 4 5 0 7 8 6
112 112 0 1 2 3 4 5 6 7 8 0
