0 0 0 0 3 1 6 2 8 7 4 5
10 3 7 5 3 1 6 2 8 7 4 0
9 2 7 1 3 0 6 2 8 7 4 5
11 5 6 1 3 7 6 2 8 0 4 5
12 7 5 1 3 7 6 2 8 5 4 0
16 10 6 1 3 7 6 0 8 5 4 2
17 11 6 1 3 7 0 6 8 5 4 2
18 12 6 1 3 7 5 6 8 0 4 2
19 14 5 1 3 7 5 6 8 2 4 0
23 17 6 1 3 7 5 0 8 2 4 6
23 18 5 1 3 7 0 5 8 2 4 6
23 19 4 1 3 7 2 5 8 0 4 6
24 21 3 1 3 7 2 5 8 6 4 0
26 22 4 1 3 7 2 5 8 6 0 4
26 23 3 1 3 7 2 5 8 0 6 4
27 25 2 1 3 7 2 5 8 4 6 0
32 28 4 1 3 7 2 0 8 4 6 5
33 29 4 1 0 7 2 3 8 4 6 5
24 20 4 1 3 7 2 5 8 4 0 6
28 24 4 1 3 7 0 5 8 2 6 4
32 28 4 0 3 7 2 5 8 4 6 1
34 30 4 4 3 7 2 5 8 0 6 1
35 32 3 4 3 7 2 5 8 1 6 0
33 29 4 3 0 7 2 5 8 4 6 1
31 27 4 1 3 0 2 5 8 4 6 7
34 30 4 1 3 4 2 5 8 0 6 7
35 32 3 1 3 4 2 5 8 7 6 0
32 28 4 1 0 3 2 5 8 4 6 7
30 26 4 1 3 7 2 5 0 4 6 8
30 26 4 1 3 0 2 5 8 7 6 4
31 27 4 1 0 3 2 5 8 7 6 4
30 26 4 1 3 7 2 0 8 5 6 4
31 27 4 1 0 7 2 3 8 5 6 4
29 25 4 0 3 7 2 5 8 1 6 4
30 26 4 3 0 7 2 5 8 1 6 4
32 27 5 3 7 0 2 5 8 1 6 4
33 29 4 3 7 4 2 5 8 1 6 0
37 32 5 0 7 4 2 5 8 1 6 3
38 34 4 1 7 4 2 5 8 0 6 3
38 36 2 1 7 4 2 5 8 3 6 0
41 38 3 1 7 0 2 5 8 3 6 4
41 39 2 1 0 7 2 5 8 3 6 4
43 40 3 0 1 7 2 5 8 3 6 4
45 43 2 4 1 7 2 5 8 3 6 0
43 40 3 1 5 7 2 0 8 3 6 4
45 41 4 1 5 7 2 8 0 3 6 4
45 42 3 1 5 7 2 8 4 3 6 0
49 45 4 1 5 7 2 0 4 3 6 8
49 46 3 1 0 7 2 5 4 3 6 8
51 47 4 1 7 0 2 5 4 3 6 8
52 49 3 1 7 8 2 5 4 3 6 0
51 47 4 0 1 7 2 5 4 3 6 8
53 50 3 8 1 7 2 5 4 3 6 0
55 51 4 8 1 7 2 5 0 3 6 4
50 46 4 1 5 7 2 4 0 3 6 8
49 47 2 1 5 7 2 4 8 3 6 0
54 50 4 0 5 7 2 4 8 3 6 1
57 53 4 4 5 7 2 0 8 3 6 1
57 54 3 4 0 7 2 5 8 3 6 1
57 55 2 0 4 7 2 5 8 3 6 1
58 58 0 1 4 7 2 5 8 3 6 0
