0 0 0 0 1 3 8 4 7 2 6 5
10 3 7 5 1 3 8 4 7 2 6 0
8 1 7 1 0 3 8 4 7 2 6 5
8 2 6 1 4 3 8 0 7 2 6 5
9 3 6 1 4 3 8 7 0 2 6 5
9 4 5 1 4 3 8 7 5 2 6 0
13 7 6 1 4 3 8 0 5 2 6 7
13 8 5 1 4 3 8 5 0 2 6 7
13 9 4 1 4 3 8 5 7 2 6 0
16 11 5 1 4 0 8 5 7 2 6 3
16 12 4 1 4 7 8 5 0 2 6 3
16 13 3 1 4 7 8 5 3 2 6 0
19 15 4 1 4 7 8 5 3 0 6 2
20 16 4 1 4 7 0 5 3 8 6 2
22 17 5 1 4 7 5 0 3 8 6 2
23 18 5 1 4 7 5 3 0 8 6 2
23 19 4 1 4 7 5 3 2 8 6 0
27 22 5 1 4 7 5 0 2 8 6 3
27 23 4 1 4 7 0 5 2 8 6 3
28 24 4 1 4 7 8 5 2 0 6 3
28 26 2 1 4 7 8 5 2 3 6 0
30 27 3 1 4 7 8 5 0 3 6 2
32 28 4 1 4 7 8 0 5 3 6 2
33 29 4 1 4 7 0 8 5 3 6 2
32 28 4 1 4 0 8 5 7 3 6 2
33 30 3 1 4 2 8 5 7 3 6 0
35 31 4 1 4 2 8 5 0 3 6 7
32 28 4 1 4 0 8 5 2 3 6 7
31 27 4 1 4 7 8 5 2 3 0 6
33 29 4 1 4 7 8 0 2 3 6 5
34 30 4 1 4 7 8 2 0 3 6 5
34 31 3 1 4 7 8 2 5 3 6 0
34 30 4 1 4 7 0 8 2 3 6 5
33 29 4 0 4 7 8 5 2 3 6 1
34 30 4 8 4 7 0 5 2 3 6 1
36 31 5 8 4 7 5 0 2 3 6 1
37 32 5 8 4 7 5 2 0 3 6 1
37 33 4 8 4 7 5 2 1 3 6 0
41 36 5 8 4 7 5 0 1 3 6 2
41 37 4 8 4 7 0 5 1 3 6 2
43 38 5 8 4 7 3 5 1 0 6 2
44 40 4 8 4 7 3 5 1 2 6 0
48 43 5 0 4 7 3 5 1 2 6 8
50 45 5 2 4 7 3 5 1 0 6 8
51 47 4 2 4 7 3 5 1 8 6 0
50 46 4 2 4 7 0 5 1 3 6 8
52 47 5 2 4 7 5 0 1 3 6 8
53 48 5 2 4 7 5 1 0 3 6 8
52 49 3 2 4 7 5 1 8 3 6 0
56 52 4 2 4 7 5 0 8 3 6 1
56 53 3 2 4 7 0 5 8 3 6 1
58 54 4 2 4 7 3 5 8 0 6 1
59 56 3 2 4 7 3 5 8 1 6 0
63 59 4 0 4 7 3 5 8 1 6 2
64 61 3 1 4 7 3 5 8 0 6 2
65 63 2 1 4 7 3 5 8 2 6 0
64 62 2 1 4 7 0 5 8 3 6 2
66 63 3 1 4 7 5 0 8 3 6 2
68 64 4 1 4 7 5 8 0 3 6 2
68 65 3 1 4 7 5 8 2 3 6 0
72 68 4 1 4 7 5 0 2 3 6 8
72 69 3 1 4 7 0 5 2 3 6 8
74 70 4 1 4 7 3 5 2 0 6 8
75 72 3 1 4 7 3 5 2 8 6 0
77 73 4 1 4 7 3 5 0 8 6 2
73 69 4 1 4 7 5 2 0 3 6 8
72 70 2 1 4 7 5 2 8 3 6 0
77 73 4 0 4 7 5 2 8 3 6 1
78 74 4 5 4 7 0 2 8 3 6 1
78 75 3 5 4 7 2 0 8 3 6 1
80 76 4 5 4 7 2 8 0 3 6 1
80 77 3 5 4 7 2 8 1 3 6 0
84 80 4 5 4 7 2 0 1 3 6 8
85 81 4 5 4 7 2 1 0 3 6 8
84 82 2 5 4 7 2 1 8 3 6 0
88 85 3 0 4 7 2 1 8 3 6 5
90 88 2 1 4 7 2 0 8 3 6 5
92 89 3 1 4 7 2 8 0 3 6 5
92 90 2 1 4 7 2 8 5 3 6 0
96 93 3 1 4 7 2 0 5 3 6 8
96 94 2 1 4 7 2 5 0 3 6 8
95 95 0 1 4 7 2 5 8 3 6 0
