0 0 0 8 5 2 6 4 3 1 7 0
12 3 9 8 5 2 6 0 3 1 7 4
12 4 8 8 0 2 6 5 3 1 7 4
12 5 7 8 2 0 6 5 3 1 7 4
13 7 6 8 2 4 6 5 3 1 7 0
12 6 6 8 2 3 6 5 0 1 7 4
12 7 5 8 2 3 6 5 4 1 7 0
16 10 6 0 2 3 6 5 4 1 7 8
17 12 5 1 2 3 6 5 4 0 7 8
18 14 4 1 2 3 6 5 4 8 7 0
17 13 4 1 2 3 6 5 4 7 0 8
16 14 2 1 2 3 6 5 4 7 8 0
18 15 3 1 2 3 6 5 0 7 8 4
20 16 4 1 2 3 6 0 5 7 8 4
21 17 4 1 2 3 0 6 5 7 8 4
20 16 4 1 2 0 6 5 3 7 8 4
21 18 3 1 2 4 6 5 3 7 8 0
23 19 4 1 2 4 6 5 0 7 8 3
20 16 4 1 2 3 6 5 4 0 8 7
21 17 4 1 2 3 0 5 4 6 8 7
20 16 4 1 2 0 6 5 4 7 8 3
21 17 4 0 2 3 6 5 4 7 8 1
22 18 4 6 2 3 0 5 4 7 8 1
21 17 4 1 2 3 6 0 4 7 8 5
22 18 4 1 2 3 6 4 0 7 8 5
22 19 3 1 2 3 6 4 5 7 8 0
22 18 4 1 2 3 0 6 4 7 8 5
24 19 5 1 2 3 7 6 4 0 8 5
25 21 4 1 2 3 7 6 4 5 8 0
29 24 5 1 2 3 7 0 4 5 8 6
30 25 5 1 2 3 7 4 0 5 8 6
29 26 3 1 2 3 7 4 6 5 8 0
33 29 4 1 2 3 7 0 6 5 8 4
34 30 4 1 2 3 0 7 6 5 8 4
35 31 4 1 2 3 5 7 6 0 8 4
37 34 3 1 2 3 5 0 6 7 8 4
37 35 2 1 2 3 0 5 6 7 8 4
39 36 3 1 2 3 7 5 6 0 8 4
40 38 2 1 2 3 7 5 6 4 8 0
36 33 3 1 2 3 5 7 6 4 8 0
40 36 4 1 2 3 5 0 6 4 8 7
40 37 3 1 2 3 0 5 6 4 8 7
40 38 2 1 2 3 4 5 6 0 8 7
40 40 0 1 2 3 4 5 6 7 8 0
