0 0 0 6 8 0 1 2 3 7 5 4
9 2 7 6 8 4 1 2 3 7 5 0
8 1 7 6 8 3 1 2 0 7 5 4
8 2 6 6 8 3 1 2 4 7 5 0
12 5 7 6 8 3 1 0 4 7 5 2
12 6 6 6 8 3 1 5 4 7 0 2
12 7 5 6 8 3 1 5 4 7 2 0
16 10 6 0 8 3 1 5 4 7 2 6
16 11 5 1 8 3 0 5 4 7 2 6
18 12 6 1 8 3 5 0 4 7 2 6
19 13 6 1 8 3 5 4 0 7 2 6
18 14 4 1 8 3 5 4 6 7 2 0
22 17 5 1 8 3 5 0 6 7 2 4
22 18 4 1 8 3 0 5 6 7 2 4
24 19 5 1 8 3 7 5 6 0 2 4
25 21 4 1 8 3 7 5 6 4 2 0
27 22 5 1 8 3 7 5 6 4 0 2
28 23 5 1 8 3 7 5 6 0 4 2
29 25 4 1 8 3 7 5 6 2 4 0
28 24 4 1 8 3 0 5 6 7 4 2
30 25 5 1 8 3 5 0 6 7 4 2
31 26 5 1 0 3 5 8 6 7 4 2
23 18 5 1 0 3 5 8 6 7 2 4
23 18 5 1 8 3 5 2 6 7 0 4
23 19 4 1 8 3 5 2 6 7 4 0
20 15 5 1 8 3 5 4 6 7 0 2
25 20 5 1 8 3 7 5 6 2 0 4
27 21 6 1 8 3 7 0 6 2 5 4
28 22 6 1 8 3 0 7 6 2 5 4
29 23 6 1 8 3 2 7 6 0 5 4
31 26 5 1 8 3 2 0 6 7 5 4
31 27 4 1 8 3 2 5 6 7 0 4
31 28 3 1 8 3 2 5 6 7 4 0
36 31 5 1 8 3 2 0 6 7 4 5
37 32 5 1 8 3 0 2 6 7 4 5
37 32 5 1 8 3 2 4 6 7 0 5
37 33 4 1 8 3 2 4 6 7 5 0
37 32 5 1 0 3 2 8 6 7 4 5
32 27 5 1 0 3 2 8 6 7 5 4
30 25 5 1 8 3 2 7 6 4 5 0
35 30 5 1 8 3 2 5 6 0 4 7
38 33 5 1 8 0 2 5 6 3 4 7
38 35 3 1 8 7 2 5 6 3 4 0
40 36 4 1 8 7 2 5 6 3 0 4
40 36 4 1 8 7 2 5 0 3 4 6
42 37 5 1 8 7 2 0 5 3 4 6
43 38 5 1 8 7 2 4 5 3 0 6
42 39 3 1 8 7 2 4 5 3 6 0
46 42 4 1 8 7 2 0 5 3 6 4
46 43 3 1 8 7 2 5 0 3 6 4
46 44 2 1 8 7 2 5 4 3 6 0
51 47 4 1 8 7 2 0 4 3 6 5
52 48 4 1 0 7 2 8 4 3 6 5
51 47 4 0 8 7 2 5 4 3 6 1
52 48 4 8 0 7 2 5 4 3 6 1
50 46 4 1 8 0 2 5 4 3 6 7
51 47 4 1 0 8 2 5 4 3 6 7
51 47 4 1 8 4 2 5 0 3 6 7
51 48 3 1 8 4 2 5 7 3 6 0
50 46 4 1 8 7 2 5 4 0 6 3
48 44 4 1 8 0 2 5 7 3 6 4
49 45 4 1 0 8 2 5 7 3 6 4
47 43 4 1 0 7 2 8 5 3 6 4
49 45 4 1 8 7 2 5 4 3 0 6
44 40 4 1 8 7 2 4 0 3 6 5
46 41 5 1 8 0 2 4 7 3 6 5
47 43 4 1 8 5 2 4 7 3 6 0
49 44 5 1 8 5 2 4 0 3 6 7
47 42 5 1 0 8 2 4 7 3 6 5
47 43 4 1 4 8 2 0 7 3 6 5
48 44 4 1 4 8 2 7 0 3 6 5
48 45 3 1 4 8 2 7 5 3 6 0
48 45 3 1 4 0 2 7 8 3 6 5
50 48 2 1 4 7 2 0 8 3 6 5
49 47 2 1 4 5 2 7 8 3 6 0
53 50 3 1 4 5 2 0 8 3 6 7
52 49 3 1 4 7 2 8 0 3 6 5
52 50 2 1 4 7 2 8 5 3 6 0
56 53 3 1 4 7 2 0 5 3 6 8
56 54 2 1 4 7 2 5 0 3 6 8
55 55 0 1 4 7 2 5 8 3 6 0
