0 0 0 7 1 5 3 4 6 2 0 8
7 1 6 7 1 5 3 4 6 2 8 0
11 4 7 7 1 5 3 0 6 2 8 4
12 5 7 7 1 5 0 3 6 2 8 4
13 6 7 7 1 5 2 3 6 0 8 4
14 8 6 0 1 5 2 3 6 7 8 4
16 11 5 4 1 5 2 3 6 7 8 0
14 9 5 1 0 5 2 3 6 7 8 4
15 10 5 1 5 0 2 3 6 7 8 4
17 13 4 1 5 3 2 0 6 7 8 4
17 14 3 1 0 3 2 5 6 7 8 4
19 15 4 1 3 0 2 5 6 7 8 4
20 17 3 1 3 4 2 5 6 7 8 0
19 15 4 0 1 3 2 5 6 7 8 4
21 18 3 4 1 3 2 5 6 7 8 0
20 16 4 2 1 3 0 5 6 7 8 4
18 14 4 1 5 3 0 2 6 7 8 4
16 12 4 1 5 4 2 3 6 7 8 0
20 15 5 1 5 4 2 0 6 7 8 3
20 16 4 1 0 4 2 5 6 7 8 3
21 17 4 1 4 0 2 5 6 7 8 3
21 19 2 1 4 3 2 5 6 7 8 0
26 22 4 1 4 3 2 0 6 7 8 5
27 23 4 1 4 3 0 2 6 7 8 5
27 23 4 1 0 3 2 4 6 7 8 5
24 20 4 1 4 7 2 5 6 0 8 3
24 22 2 1 4 7 2 5 6 3 8 0
26 23 3 1 4 7 2 5 6 3 0 8
26 23 3 1 4 7 2 5 0 3 8 6
28 24 4 1 4 7 2 0 5 3 8 6
29 25 4 1 4 7 2 8 5 3 0 6
28 26 2 1 4 7 2 8 5 3 6 0
32 29 3 1 4 7 2 0 5 3 6 8
32 30 2 1 4 7 2 5 0 3 6 8
31 31 0 1 4 7 2 5 8 3 6 0
