0 0 0 5 7 1 0 8 6 4 2 3
8 1 7 5 7 1 4 8 6 0 2 3
9 3 6 5 7 1 4 8 6 3 2 0
13 6 7 5 7 1 4 0 6 3 2 8
14 7 7 5 7 1 4 2 6 3 0 8
13 8 5 5 7 1 4 2 6 3 8 0
17 11 6 5 7 1 4 0 6 3 8 2
18 12 6 5 0 1 4 7 6 3 8 2
19 13 6 5 1 0 4 7 6 3 8 2
21 16 5 5 1 3 4 7 6 0 8 2
23 19 4 5 1 3 4 0 6 7 8 2
24 20 4 5 0 3 4 1 6 7 8 2
25 21 4 0 5 3 4 1 6 7 8 2
27 24 3 1 5 3 4 0 6 7 8 2
27 25 2 1 0 3 4 5 6 7 8 2
29 26 3 1 3 0 4 5 6 7 8 2
30 28 2 1 3 2 4 5 6 7 8 0
29 26 3 0 1 3 4 5 6 7 8 2
31 29 2 2 1 3 4 5 6 7 8 0
27 24 3 2 5 3 4 1 6 7 8 0
31 27 4 2 5 3 4 0 6 7 8 1
31 28 3 2 0 3 4 5 6 7 8 1
31 29 2 0 2 3 4 5 6 7 8 1
32 32 0 1 2 3 4 5 6 7 8 0
