0 0 0 1 7 0 3 8 5 2 4 6
9 2 7 1 7 6 3 8 5 2 4 0
8 1 7 1 0 7 3 8 5 2 4 6
9 2 7 1 8 7 3 0 5 2 4 6
9 3 6 1 8 7 3 5 0 2 4 6
9 4 5 1 8 7 3 5 6 2 4 0
12 6 6 1 8 0 3 5 6 2 4 7
15 9 6 1 8 2 3 5 6 0 4 7
15 11 4 1 8 2 3 5 6 7 4 0
18 13 5 1 8 0 3 5 6 7 4 2
19 14 5 1 0 8 3 5 6 7 4 2
17 12 5 1 8 2 3 5 6 7 0 4
19 13 6 1 8 2 3 5 6 0 7 4
20 15 5 1 8 2 3 5 6 4 7 0
23 17 6 1 8 0 3 5 6 4 7 2
26 20 6 1 8 4 3 5 6 0 7 2
27 22 5 1 8 4 3 5 6 2 7 0
26 21 5 1 8 4 3 5 6 7 0 2
26 22 4 1 8 4 3 5 6 7 2 0
29 24 5 1 8 0 3 5 6 7 2 4
30 25 5 1 0 8 3 5 6 7 2 4
32 26 6 0 1 8 3 5 6 7 2 4
34 29 5 4 1 8 3 5 6 7 2 0
37 31 6 4 1 0 3 5 6 7 2 8
39 33 6 0 1 4 3 5 6 7 2 8
41 36 5 8 1 4 3 5 6 7 2 0
39 34 5 1 0 4 3 5 6 7 2 8
40 35 5 1 4 0 3 5 6 7 2 8
41 37 4 1 4 8 3 5 6 7 2 0
43 38 5 1 4 8 3 5 6 7 0 2
43 38 5 1 4 7 3 5 6 0 2 8
44 40 4 1 4 7 3 5 6 8 2 0
43 39 4 1 4 7 0 5 6 3 2 8
45 40 5 1 4 7 5 0 6 3 2 8
46 41 5 1 4 7 5 6 0 3 2 8
45 42 3 1 4 7 5 6 8 3 2 0
49 45 4 1 4 7 5 0 8 3 2 6
49 46 3 1 4 7 0 5 8 3 2 6
51 47 4 1 4 7 3 5 8 0 2 6
52 49 3 1 4 7 3 5 8 6 2 0
54 50 4 1 4 7 3 5 8 6 0 2
54 51 3 1 4 7 3 5 8 0 6 2
55 53 2 1 4 7 3 5 8 2 6 0
54 52 2 1 4 7 0 5 8 3 6 2
56 53 3 1 4 7 5 0 8 3 6 2
58 54 4 1 4 7 5 8 0 3 6 2
58 55 3 1 4 7 5 8 2 3 6 0
62 58 4 1 4 7 5 0 2 3 6 8
62 59 3 1 4 7 0 5 2 3 6 8
64 60 4 1 4 7 3 5 2 0 6 8
65 62 3 1 4 7 3 5 2 8 6 0
67 63 4 1 4 7 3 5 0 8 6 2
63 59 4 1 4 7 5 2 0 3 6 8
62 60 2 1 4 7 5 2 8 3 6 0
67 63 4 0 4 7 5 2 8 3 6 1
70 66 4 2 4 7 5 0 8 3 6 1
70 67 3 2 4 7 0 5 8 3 6 1
72 68 4 2 4 7 3 5 8 0 6 1
73 70 3 2 4 7 3 5 8 1 6 0
68 64 4 5 4 7 0 2 8 3 6 1
68 65 3 5 4 7 2 0 8 3 6 1
70 66 4 5 4 7 2 8 0 3 6 1
70 67 3 5 4 7 2 8 1 3 6 0
74 70 4 5 4 7 2 0 1 3 6 8
75 71 4 5 4 7 2 1 0 3 6 8
74 72 2 5 4 7 2 1 8 3 6 0
78 75 3 0 4 7 2 1 8 3 6 5
80 78 2 1 4 7 2 0 8 3 6 5
82 79 3 1 4 7 2 8 0 3 6 5
82 80 2 1 4 7 2 8 5 3 6 0
86 83 3 1 4 7 2 0 5 3 6 8
86 84 2 1 4 7 2 5 0 3 6 8
85 85 0 1 4 7 2 5 8 3 6 0
