0 0 0 6 1 2 8 4 0 7 3 5
8 1 7 6 1 2 8 4 5 7 3 0
12 4 8 6 1 2 8 0 5 7 3 4
12 5 7 6 1 2 8 5 0 7 3 4
12 6 6 6 1 2 8 5 4 7 3 0
16 9 7 0 1 2 8 5 4 7 3 6
16 10 6 1 0 2 8 5 4 7 3 6
16 11 5 1 2 0 8 5 4 7 3 6
17 13 4 1 2 6 8 5 4 7 3 0
19 14 5 1 2 6 8 5 4 7 0 3
17 12 5 1 2 4 8 5 0 7 3 6
16 13 3 1 2 4 8 5 6 7 3 0
19 15 4 1 2 0 8 5 6 7 3 4
18 14 4 1 2 4 8 5 6 7 0 3
20 15 5 1 2 4 8 5 6 0 7 3
21 17 4 1 2 4 8 5 6 3 7 0
24 19 5 1 2 0 8 5 6 3 7 4
26 22 4 1 2 3 8 5 6 0 7 4
27 24 3 1 2 3 8 5 6 4 7 0
26 23 3 1 2 3 8 5 6 7 0 4
26 24 2 1 2 3 8 5 6 7 4 0
31 27 4 1 2 3 8 0 6 7 4 5
32 28 4 1 2 3 0 8 6 7 4 5
32 28 4 1 2 3 8 4 6 7 0 5
32 29 3 1 2 3 8 4 6 7 5 0
31 27 4 0 2 3 8 5 6 7 4 1
32 28 4 8 2 3 0 5 6 7 4 1
29 25 4 1 2 3 8 5 6 4 0 7
27 23 4 1 2 3 0 5 6 8 7 4
30 26 4 1 2 0 8 5 6 7 4 3
29 25 4 1 2 3 8 5 0 7 4 6
28 24 4 1 2 3 8 0 6 7 5 4
29 25 4 1 2 3 0 8 6 7 5 4
30 26 4 1 2 3 8 5 6 0 4 7
31 27 4 1 2 3 0 5 6 8 4 7
33 28 5 1 2 3 5 0 6 8 4 7
34 29 5 1 2 3 5 4 6 8 0 7
34 30 4 1 2 3 5 4 6 8 7 0
34 30 4 1 2 3 5 4 6 0 8 7
34 32 2 1 2 3 5 4 6 7 8 0
38 35 3 1 2 3 5 0 6 7 8 4
38 36 2 1 2 3 0 5 6 7 8 4
40 37 3 1 2 3 7 5 6 0 8 4
41 39 2 1 2 3 7 5 6 4 8 0
46 42 4 1 2 3 7 0 6 4 8 5
47 43 4 1 2 3 0 7 6 4 8 5
47 44 3 1 2 3 4 7 6 0 8 5
49 47 2 1 2 3 4 0 6 7 8 5
48 46 2 1 2 3 4 7 6 5 8 0
52 49 3 1 2 3 4 0 6 5 8 7
51 48 3 1 2 3 4 6 0 7 8 5
51 49 2 1 2 3 4 6 5 7 8 0
55 52 3 1 2 3 4 0 5 7 8 6
55 53 2 1 2 3 4 5 0 7 8 6
54 54 0 1 2 3 4 5 6 7 8 0
