0 0 0 4 8 7 3 1 5 2 0 6
7 1 6 4 8 7 3 1 5 2 6 0
11 4 7 4 8 7 3 0 5 2 6 1
11 5 6 4 8 7 3 5 0 2 6 1
11 6 5 4 8 7 3 5 1 2 6 0
15 9 6 0 8 7 3 5 1 2 6 4
17 11 6 2 8 7 3 5 1 0 6 4
18 13 5 2 8 7 3 5 1 4 6 0
17 12 5 2 8 7 0 5 1 3 6 4
19 13 6 2 8 7 5 0 1 3 6 4
20 14 6 2 8 7 5 1 0 3 6 4
20 15 5 2 8 7 5 1 4 3 6 0
24 18 6 2 8 7 5 0 4 3 6 1
24 19 5 2 8 7 0 5 4 3 6 1
26 20 6 2 8 7 3 5 4 0 6 1
27 22 5 2 8 7 3 5 4 1 6 0
31 25 6 0 8 7 3 5 4 1 6 2
32 27 5 1 8 7 3 5 4 0 6 2
33 29 4 1 8 7 3 5 4 2 6 0
32 28 4 1 8 7 0 5 4 3 6 2
34 29 5 1 8 7 5 0 4 3 6 2
35 30 5 1 8 7 5 4 0 3 6 2
35 31 4 1 8 7 5 4 2 3 6 0
39 34 5 1 8 7 5 0 2 3 6 4
39 35 4 1 8 7 0 5 2 3 6 4
41 36 5 1 8 7 3 5 2 0 6 4
42 38 4 1 8 7 3 5 2 4 6 0
44 39 5 1 8 7 3 5 0 4 6 2
40 35 5 1 8 7 5 2 0 3 6 4
40 36 4 1 8 7 5 2 4 3 6 0
40 35 5 1 0 7 5 8 2 3 6 4
35 30 5 1 0 7 5 8 4 3 6 2
35 30 5 1 8 7 3 5 0 2 6 4
37 31 6 1 8 7 3 0 5 2 6 4
38 32 6 1 8 7 0 3 5 2 6 4
38 33 5 1 8 7 2 3 5 0 6 4
40 36 4 1 8 7 2 0 5 3 6 4
40 37 3 1 8 7 2 5 0 3 6 4
40 38 2 1 8 7 2 5 4 3 6 0
45 41 4 1 8 7 2 0 4 3 6 5
46 42 4 1 8 7 2 4 0 3 6 5
46 43 3 1 8 7 2 4 5 3 6 0
43 39 4 1 8 7 2 5 4 3 0 6
42 38 4 1 8 0 2 5 7 3 6 4
43 40 3 1 8 4 2 5 7 3 6 0
45 41 4 1 8 4 2 5 0 3 6 7
39 35 4 1 8 7 2 3 5 4 6 0
43 39 4 1 0 8 2 5 7 3 6 4
44 40 4 1 8 0 2 5 4 3 6 7
45 41 4 1 0 8 2 5 4 3 6 7
45 41 4 0 8 7 2 5 4 3 6 1
46 42 4 8 0 7 2 5 4 3 6 1
46 42 4 1 0 7 2 8 4 3 6 5
44 40 4 1 8 7 2 5 4 0 6 3
41 37 4 1 0 7 2 8 5 3 6 4
43 38 5 1 7 0 2 8 5 3 6 4
44 40 4 1 7 4 2 8 5 3 6 0
48 43 5 1 7 4 2 0 5 3 6 8
48 44 4 1 7 4 2 5 0 3 6 8
47 45 2 1 7 4 2 5 8 3 6 0
50 47 3 1 7 0 2 5 8 3 6 4
50 48 2 1 0 7 2 5 8 3 6 4
52 49 3 0 1 7 2 5 8 3 6 4
54 52 2 4 1 7 2 5 8 3 6 0
52 49 3 1 5 7 2 0 8 3 6 4
54 50 4 1 5 7 2 8 0 3 6 4
54 51 3 1 5 7 2 8 4 3 6 0
58 54 4 1 5 7 2 0 4 3 6 8
58 55 3 1 0 7 2 5 4 3 6 8
60 56 4 0 1 7 2 5 4 3 6 8
62 59 3 8 1 7 2 5 4 3 6 0
64 60 4 8 1 7 2 5 0 3 6 4
59 55 4 1 5 7 2 4 0 3 6 8
58 56 2 1 5 7 2 4 8 3 6 0
63 59 4 0 5 7 2 4 8 3 6 1
66 62 4 4 5 7 2 0 8 3 6 1
66 63 3 4 0 7 2 5 8 3 6 1
66 64 2 0 4 7 2 5 8 3 6 1
67 67 0 1 4 7 2 5 8 3 6 0
