0 0 0 5 2 4 6 3 8 7 1 0
10 3 7 5 2 4 6 0 8 7 1 3
11 4 7 5 2 4 6 8 0 7 1 3
11 5 6 5 2 4 6 8 3 7 1 0
15 8 7 5 2 4 6 0 3 7 1 8
16 9 7 5 2 4 0 6 3 7 1 8
16 9 7 5 2 4 6 1 3 7 0 8
15 10 5 5 2 4 6 1 3 7 8 0
19 13 6 5 2 4 6 0 3 7 8 1
20 14 6 5 2 4 6 3 0 7 8 1
20 15 5 5 2 4 6 3 1 7 8 0
24 18 6 5 2 4 6 0 1 7 8 3
25 19 6 5 2 4 0 6 1 7 8 3
19 13 6 0 2 4 6 1 3 7 8 5
21 16 5 1 2 4 6 0 3 7 8 5
22 17 5 1 2 4 6 3 0 7 8 5
22 18 4 1 2 4 6 3 5 7 8 0
26 21 5 1 2 4 6 0 5 7 8 3
26 22 4 1 2 4 6 5 0 7 8 3
26 23 3 1 2 4 6 5 3 7 8 0
29 25 4 1 2 0 6 5 3 7 8 4
29 26 3 1 2 3 6 5 0 7 8 4
29 27 2 1 2 3 6 5 4 7 8 0
34 30 4 1 2 3 6 0 4 7 8 5
35 31 4 1 2 3 6 4 0 7 8 5
35 32 3 1 2 3 6 4 5 7 8 0
35 31 4 1 2 3 0 6 4 7 8 5
27 23 4 1 2 0 6 5 4 7 8 3
33 29 4 1 2 3 6 5 4 0 8 7
34 30 4 1 2 3 0 5 4 6 8 7
32 28 4 1 2 3 6 5 4 7 0 8
34 30 4 0 2 3 6 5 4 7 8 1
35 31 4 6 2 3 0 5 4 7 8 1
31 27 4 1 2 3 6 0 5 7 8 4
32 28 4 1 2 3 0 6 5 7 8 4
34 29 5 1 2 3 7 6 5 0 8 4
35 31 4 1 2 3 7 6 5 4 8 0
39 34 5 1 2 3 7 0 5 4 8 6
39 35 4 1 2 3 7 5 0 4 8 6
38 36 2 1 2 3 7 5 6 4 8 0
41 38 3 1 2 3 7 5 6 0 8 4
41 39 2 1 2 3 0 5 6 7 8 4
43 40 3 1 2 3 5 0 6 7 8 4
45 41 4 1 2 3 5 6 0 7 8 4
45 42 3 1 2 3 5 6 4 7 8 0
49 45 4 1 2 3 5 0 4 7 8 6
49 46 3 1 2 3 0 5 4 7 8 6
51 47 4 1 2 3 7 5 4 0 8 6
52 49 3 1 2 3 7 5 4 6 8 0
54 50 4 1 2 3 7 5 0 6 8 4
45 41 4 1 2 3 5 8 6 7 0 4
45 42 3 1 2 3 5 8 6 7 4 0
49 45 4 1 2 3 5 0 6 7 4 8
49 46 3 1 2 3 0 5 6 7 4 8
51 47 4 1 2 3 7 5 6 0 4 8
52 49 3 1 2 3 7 5 6 8 4 0
50 46 4 1 2 3 5 4 6 7 0 8
49 47 2 1 2 3 5 4 6 7 8 0
54 50 4 0 2 3 5 4 6 7 8 1
57 53 4 4 2 3 5 0 6 7 8 1
57 54 3 4 2 3 0 5 6 7 8 1
59 55 4 4 2 3 7 5 6 0 8 1
60 57 3 4 2 3 7 5 6 1 8 0
55 51 4 5 2 3 0 4 6 7 8 1
55 52 3 5 2 3 4 0 6 7 8 1
57 53 4 5 2 3 4 6 0 7 8 1
57 54 3 5 2 3 4 6 1 7 8 0
61 57 4 5 2 3 4 0 1 7 8 6
62 58 4 5 2 3 4 1 0 7 8 6
61 59 2 5 2 3 4 1 6 7 8 0
65 62 3 0 2 3 4 1 6 7 8 5
67 65 2 1 2 3 4 0 6 7 8 5
69 66 3 1 2 3 4 6 0 7 8 5
69 67 2 1 2 3 4 6 5 7 8 0
73 70 3 1 2 3 4 0 5 7 8 6
73 71 2 1 2 3 4 5 0 7 8 6
72 72 0 1 2 3 4 5 6 7 8 0
