0 0 0 1 0 7 2 5 6 3 8 4
6 1 5 1 7 0 2 5 6 3 8 4
8 4 4 1 7 3 2 5 6 0 8 4
9 6 3 1 7 3 2 5 6 4 8 0
9 5 4 1 7 3 0 5 6 2 8 4
7 3 4 1 7 4 2 5 6 3 8 0
10 5 5 1 7 4 2 5 6 0 8 3
11 6 5 1 7 4 0 5 6 2 8 3
9 4 5 1 7 4 2 5 6 3 0 8
9 4 5 1 7 4 2 5 0 3 8 6
10 5 5 1 7 0 2 5 4 3 8 6
11 7 4 1 7 6 2 5 4 3 8 0
10 6 4 1 0 7 2 5 4 3 8 6
12 7 5 0 1 7 2 5 4 3 8 6
14 10 4 6 1 7 2 5 4 3 8 0
16 11 5 6 1 7 2 5 4 3 0 8
16 11 5 6 1 7 2 5 0 3 8 4
12 7 5 1 5 7 2 0 4 3 8 6
13 8 5 1 5 7 2 4 0 3 8 6
13 9 4 1 5 7 2 4 6 3 8 0
15 10 5 1 5 7 2 4 6 3 0 8
16 11 5 1 5 7 2 0 6 3 4 8
16 12 4 1 0 7 2 5 6 3 4 8
18 13 5 1 7 0 2 5 6 3 4 8
19 15 4 1 7 8 2 5 6 3 4 0
21 16 5 1 7 8 2 5 6 3 0 4
6 1 5 1 5 7 2 0 6 3 8 4
7 2 5 1 5 7 2 6 0 3 8 4
7 3 4 1 5 7 2 6 4 3 8 0
9 4 5 1 5 7 2 6 4 3 0 8
9 5 4 1 5 7 2 0 4 3 6 8
9 6 3 1 0 7 2 5 4 3 6 8
11 7 4 1 7 0 2 5 4 3 6 8
12 9 3 1 7 8 2 5 4 3 6 0
14 10 4 1 7 8 2 5 0 3 6 4
14 11 3 1 7 0 2 5 8 3 6 4
15 13 2 1 7 4 2 5 8 3 6 0
14 12 2 1 0 7 2 5 8 3 6 4
16 13 3 0 1 7 2 5 8 3 6 4
18 16 2 4 1 7 2 5 8 3 6 0
16 13 3 1 5 7 2 0 8 3 6 4
18 14 4 1 5 7 2 8 0 3 6 4
18 15 3 1 5 7 2 8 4 3 6 0
11 7 4 0 1 7 2 5 4 3 6 8
13 10 3 8 1 7 2 5 4 3 6 0
15 11 4 8 1 7 2 5 0 3 6 4
17 13 4 0 7 1 2 5 8 3 6 4
19 16 3 4 7 1 2 5 8 3 6 0
22 18 4 4 7 0 2 5 8 3 6 1
22 19 3 4 0 7 2 5 8 3 6 1
22 20 2 0 4 7 2 5 8 3 6 1
23 23 0 1 4 7 2 5 8 3 6 0
