0 0 0 0 5 7 6 1 2 3 8 4
9 3 6 1 5 7 6 0 2 3 8 4
9 4 5 1 0 7 6 5 2 3 8 4
11 5 6 1 7 0 6 5 2 3 8 4
13 8 5 1 7 3 6 5 2 0 8 4
14 10 4 1 7 3 6 5 2 4 8 0
16 11 5 1 7 3 6 5 0 4 8 2
14 9 5 1 7 3 0 5 2 6 8 4
12 7 5 1 7 4 6 5 2 3 8 0
15 9 6 1 7 4 6 5 2 0 8 3
16 10 6 1 7 4 0 5 2 6 8 3
17 11 6 1 7 3 6 0 2 5 8 4
18 12 6 1 7 3 6 2 0 5 8 4
18 13 5 1 7 3 6 2 4 5 8 0
22 16 6 1 7 3 6 0 4 5 8 2
23 17 6 1 7 3 6 4 0 5 8 2
23 18 5 1 7 3 6 4 2 5 8 0
26 20 6 1 7 3 6 4 2 0 8 5
27 21 6 1 7 3 0 4 2 6 8 5
27 22 5 1 7 3 4 0 2 6 8 5
28 23 5 1 7 3 4 2 0 6 8 5
28 24 4 1 7 3 4 2 5 6 8 0
32 27 5 1 7 3 4 0 5 6 8 2
32 28 4 1 7 3 4 5 0 6 8 2
32 29 3 1 7 3 4 5 2 6 8 0
35 31 4 1 7 3 4 5 2 0 8 6
39 34 5 1 7 3 4 0 2 5 8 6
40 35 5 1 7 3 4 2 0 5 8 6
39 36 3 1 7 3 4 2 6 5 8 0
43 39 4 1 7 3 4 0 6 5 8 2
44 40 4 1 0 3 4 7 6 5 8 2
42 38 4 1 7 3 4 2 6 0 8 5
45 41 4 1 7 3 4 0 6 2 8 5
46 42 4 1 0 3 4 7 6 2 8 5
48 43 5 1 3 0 4 7 6 2 8 5
49 45 4 1 3 5 4 7 6 2 8 0
53 48 5 1 3 5 4 0 6 2 8 7
54 49 5 1 0 5 4 3 6 2 8 7
55 50 5 1 5 0 4 3 6 2 8 7
57 53 4 1 5 3 4 0 6 2 8 7
57 54 3 1 0 3 4 5 6 2 8 7
59 55 4 1 3 0 4 5 6 2 8 7
60 57 3 1 3 7 4 5 6 2 8 0
63 59 4 1 3 7 4 5 6 0 8 2
65 62 3 1 3 0 4 5 6 7 8 2
66 64 2 1 3 2 4 5 6 7 8 0
65 63 2 1 0 3 4 5 6 7 8 2
67 64 3 0 1 3 4 5 6 7 8 2
69 67 2 2 1 3 4 5 6 7 8 0
67 64 3 1 5 3 4 0 6 7 8 2
69 65 4 1 5 3 4 6 0 7 8 2
69 66 3 1 5 3 4 6 2 7 8 0
73 69 4 1 5 3 4 0 2 7 8 6
73 70 3 1 0 3 4 5 2 7 8 6
75 71 4 1 3 0 4 5 2 7 8 6
76 73 3 1 3 6 4 5 2 7 8 0
73 69 4 2 1 0 4 5 6 7 8 3
75 71 4 0 1 2 4 5 6 7 8 3
77 74 3 3 1 2 4 5 6 7 8 0
75 72 3 1 0 2 4 5 6 7 8 3
75 73 2 1 2 0 4 5 6 7 8 3
75 75 0 1 2 3 4 5 6 7 8 0
