0 0 0 5 1 4 7 2 6 3 0 8
7 1 6 5 1 4 7 2 6 3 8 0
11 4 7 5 1 4 7 0 6 3 8 2
12 5 7 5 1 4 0 7 6 3 8 2
13 6 7 5 1 4 3 7 6 0 8 2
15 9 6 5 1 4 3 0 6 7 8 2
16 10 6 5 1 4 0 3 6 7 8 2
16 10 6 5 0 4 3 1 6 7 8 2
17 11 6 5 4 0 3 1 6 7 8 2
18 13 5 5 4 2 3 1 6 7 8 0
22 16 6 5 4 2 3 0 6 7 8 1
23 17 6 5 4 2 0 3 6 7 8 1
19 13 6 0 4 5 3 1 6 7 8 2
21 16 5 1 4 5 3 0 6 7 8 2
22 17 5 1 4 5 0 3 6 7 8 2
22 17 5 1 0 5 3 4 6 7 8 2
23 18 5 1 5 0 3 4 6 7 8 2
24 20 4 1 5 2 3 4 6 7 8 0
28 23 5 1 5 2 3 0 6 7 8 4
28 24 4 1 0 2 3 5 6 7 8 4
28 25 3 1 2 0 3 5 6 7 8 4
29 27 2 1 2 4 3 5 6 7 8 0
34 30 4 1 2 4 3 0 6 7 8 5
35 31 4 1 2 4 0 3 6 7 8 5
34 30 4 0 2 4 3 5 6 7 8 1
36 32 4 4 2 0 3 5 6 7 8 1
37 34 3 4 2 1 3 5 6 7 8 0
35 31 4 3 2 4 0 5 6 7 8 1
32 28 4 1 2 7 3 5 6 0 8 4
33 30 3 1 2 7 3 5 6 4 8 0
36 32 4 1 2 0 3 5 6 4 8 7
33 29 4 1 2 7 0 5 6 3 8 4
31 27 4 0 2 1 3 5 6 7 8 4
32 28 4 3 2 1 0 5 6 7 8 4
32 28 4 1 2 5 3 0 6 7 8 4
33 29 4 1 2 5 0 3 6 7 8 4
33 29 4 1 2 4 3 5 6 0 8 7
34 30 4 1 2 4 0 5 6 3 8 7
32 28 4 1 2 4 3 5 6 7 0 8
30 26 4 1 2 6 3 5 0 7 8 4
30 27 3 1 2 6 3 5 4 7 8 0
33 29 4 1 2 0 3 5 4 7 8 6
32 28 4 1 2 4 3 5 0 7 8 6
34 29 5 1 2 4 3 0 5 7 8 6
35 30 5 1 2 4 0 3 5 7 8 6
38 33 5 4 2 6 3 5 0 7 8 1
38 34 4 4 2 6 3 5 1 7 8 0
42 37 5 0 2 6 3 5 1 7 8 4
44 39 5 6 2 0 3 5 1 7 8 4
45 41 4 6 2 4 3 5 1 7 8 0
49 44 5 0 2 4 3 5 1 7 8 6
50 45 5 3 2 4 0 5 1 7 8 6
37 32 5 3 2 4 5 0 6 7 8 1
37 32 5 3 2 4 7 5 6 0 8 1
38 34 4 3 2 4 7 5 6 1 8 0
42 37 5 0 2 4 7 5 6 1 8 3
43 39 4 1 2 4 7 5 6 0 8 3
44 41 3 1 2 4 7 5 6 3 8 0
43 40 3 1 2 4 0 5 6 7 8 3
45 41 4 1 2 4 5 0 6 7 8 3
47 43 4 1 2 0 7 5 6 3 8 4
49 46 3 1 2 3 7 5 6 0 8 4
50 48 2 1 2 3 7 5 6 4 8 0
49 47 2 1 2 3 0 5 6 7 8 4
51 48 3 1 2 3 5 0 6 7 8 4
53 49 4 1 2 3 5 6 0 7 8 4
53 50 3 1 2 3 5 6 4 7 8 0
57 53 4 1 2 3 5 0 4 7 8 6
57 54 3 1 2 3 0 5 4 7 8 6
59 55 4 1 2 3 7 5 4 0 8 6
60 57 3 1 2 3 7 5 4 6 8 0
62 58 4 1 2 3 7 5 0 6 8 4
58 54 4 1 2 3 5 4 0 7 8 6
57 55 2 1 2 3 5 4 6 7 8 0
62 58 4 0 2 3 5 4 6 7 8 1
65 61 4 4 2 3 5 0 6 7 8 1
65 62 3 4 2 3 0 5 6 7 8 1
67 63 4 4 2 3 7 5 6 0 8 1
68 65 3 4 2 3 7 5 6 1 8 0
63 59 4 5 2 3 0 4 6 7 8 1
63 60 3 5 2 3 4 0 6 7 8 1
65 61 4 5 2 3 4 6 0 7 8 1
65 62 3 5 2 3 4 6 1 7 8 0
69 65 4 5 2 3 4 0 1 7 8 6
70 66 4 5 2 3 4 1 0 7 8 6
69 67 2 5 2 3 4 1 6 7 8 0
73 70 3 0 2 3 4 1 6 7 8 5
75 73 2 1 2 3 4 0 6 7 8 5
77 74 3 1 2 3 4 6 0 7 8 5
77 75 2 1 2 3 4 6 5 7 8 0
81 78 3 1 2 3 4 0 5 7 8 6
81 79 2 1 2 3 4 5 0 7 8 6
80 80 0 1 2 3 4 5 6 7 8 0
