0 0 0 2 8 7 0 4 1 6 3 5
9 1 8 2 8 7 4 0 1 6 3 5
10 2 8 2 8 7 4 1 0 6 3 5
10 3 7 2 8 7 4 1 5 6 3 0
14 6 8 2 8 7 4 0 5 6 3 1
14 7 7 2 8 7 4 5 0 6 3 1
14 8 6 2 8 7 4 5 1 6 3 0
18 11 7 0 8 7 4 5 1 6 3 2
20 13 7 6 8 7 4 5 1 0 3 2
22 16 6 6 8 0 4 5 1 7 3 2
23 18 5 6 8 2 4 5 1 7 3 0
27 21 6 0 8 2 4 5 1 7 3 6
29 23 6 2 8 0 4 5 1 7 3 6
30 25 5 2 8 6 4 5 1 7 3 0
32 26 6 2 8 6 4 5 1 7 0 3
32 26 6 2 8 6 4 5 0 7 3 1
32 27 5 2 8 0 4 5 6 7 3 1
33 29 4 2 8 1 4 5 6 7 3 0
37 32 5 0 8 1 4 5 6 7 3 2
38 34 4 1 8 0 4 5 6 7 3 2
39 36 3 1 8 2 4 5 6 7 3 0
41 37 4 1 8 2 4 5 6 7 0 3
39 35 4 1 0 8 4 5 6 7 3 2
41 36 5 0 1 8 4 5 6 7 3 2
43 39 4 2 1 8 4 5 6 7 3 0
46 41 5 2 1 0 4 5 6 7 3 8
48 43 5 0 1 2 4 5 6 7 3 8
50 46 4 8 1 2 4 5 6 7 3 0
48 44 4 1 0 2 4 5 6 7 3 8
48 45 3 1 2 0 4 5 6 7 3 8
49 47 2 1 2 8 4 5 6 7 3 0
51 48 3 1 2 8 4 5 6 7 0 3
53 49 4 1 2 8 4 5 6 0 7 3
54 51 3 1 2 8 4 5 6 3 7 0
57 53 4 1 2 0 4 5 6 3 7 8
59 56 3 1 2 3 4 5 6 0 7 8
60 58 2 1 2 3 4 5 6 8 7 0
59 57 2 1 2 3 4 5 6 7 0 8
58 58 0 1 2 3 4 5 6 7 8 0
