0 0 0 4 6 0 2 8 3 7 1 5
10 3 7 4 6 7 2 8 3 0 1 5
11 5 6 4 6 7 2 8 3 5 1 0
15 8 7 4 6 7 2 0 3 5 1 8
16 9 7 4 6 7 2 3 0 5 1 8
15 10 5 4 6 7 2 3 8 5 1 0
19 13 6 4 6 7 2 0 8 5 1 3
20 14 6 4 6 7 2 1 8 5 0 3
20 15 5 4 6 7 2 1 8 5 3 0
24 18 6 4 6 7 2 0 8 5 3 1
25 19 6 4 0 7 2 6 8 5 3 1
25 20 5 0 4 7 2 6 8 5 3 1
26 23 3 1 4 7 2 6 8 5 3 0
30 26 4 1 4 7 2 0 8 5 3 6
31 27 4 1 4 7 2 3 8 5 0 6
30 28 2 1 4 7 2 3 8 5 6 0
34 31 3 1 4 7 2 0 8 5 6 3
33 30 3 1 4 7 2 3 8 0 6 5
35 33 2 1 4 7 2 0 8 3 6 5
37 34 3 1 4 7 2 8 0 3 6 5
37 35 2 1 4 7 2 8 5 3 6 0
41 38 3 1 4 7 2 0 5 3 6 8
41 39 2 1 4 7 2 5 0 3 6 8
40 40 0 1 4 7 2 5 8 3 6 0
