0 0 0 5 1 7 0 8 2 6 3 4
9 1 8 5 1 7 8 0 2 6 3 4
10 2 8 5 1 7 8 2 0 6 3 4
10 3 7 5 1 7 8 2 4 6 3 0
14 6 8 5 1 7 8 0 4 6 3 2
15 7 8 5 1 7 8 4 0 6 3 2
15 8 7 5 1 7 8 4 2 6 3 0
19 11 8 0 1 7 8 4 2 6 3 5
19 12 7 1 0 7 8 4 2 6 3 5
19 13 6 1 4 7 8 0 2 6 3 5
20 14 6 1 4 7 8 2 0 6 3 5
20 15 5 1 4 7 8 2 5 6 3 0
24 18 6 1 4 7 8 0 5 6 3 2
24 19 5 1 4 7 8 5 0 6 3 2
24 20 4 1 4 7 8 5 2 6 3 0
27 22 5 1 4 7 8 5 2 0 3 6
27 23 4 1 4 7 8 5 2 3 0 6
26 24 2 1 4 7 8 5 2 3 6 0
28 25 3 1 4 7 8 5 0 3 6 2
30 26 4 1 4 7 8 0 5 3 6 2
31 27 4 1 4 7 0 8 5 3 6 2
30 26 4 1 4 0 8 5 2 3 6 7
31 27 4 1 4 2 8 5 0 3 6 7
31 28 3 1 4 2 8 5 7 3 6 0
31 27 4 1 4 7 8 0 2 3 6 5
32 28 4 1 4 7 8 2 0 3 6 5
32 29 3 1 4 7 8 2 5 3 6 0
31 27 4 0 4 7 8 5 2 3 6 1
32 28 4 8 4 7 0 5 2 3 6 1
32 28 4 1 4 7 0 8 2 3 6 5
30 26 4 1 4 7 8 5 2 0 6 3
31 27 4 1 4 7 0 5 2 8 6 3
30 26 4 1 4 0 8 5 7 3 6 2
34 29 5 1 4 5 8 0 7 3 6 2
35 30 5 1 4 5 8 7 0 3 6 2
35 31 4 1 4 5 8 7 2 3 6 0
38 33 5 1 4 0 8 7 2 3 6 5
39 34 5 1 4 2 8 7 0 3 6 5
39 35 4 1 4 2 8 7 5 3 6 0
33 28 5 1 4 7 5 0 2 8 6 3
34 29 5 1 4 7 5 2 0 8 6 3
34 30 4 1 4 7 5 2 3 8 6 0
38 33 5 1 4 7 5 0 3 8 6 2
38 34 4 1 4 7 0 5 3 8 6 2
39 35 4 1 4 7 8 5 3 0 6 2
40 37 3 1 4 7 8 5 3 2 6 0
42 38 4 1 4 7 8 5 0 2 6 3
44 39 5 1 4 7 8 0 5 2 6 3
45 40 5 1 4 7 0 8 5 2 6 3
45 41 4 1 4 7 2 8 5 0 6 3
45 43 2 1 4 7 2 8 5 3 6 0
49 46 3 1 4 7 2 0 5 3 6 8
49 47 2 1 4 7 2 5 0 3 6 8
48 48 0 1 4 7 2 5 8 3 6 0
