0 0 8 5 7 2 0 3 4 1 6
5 1 8 0 7 2 5 3 4 1 6
8 1 0 8 7 2 5 3 4 1 6
6 3 6 8 7 2 5 3 4 1 0
4 2 6 8 7 2 5 3 0 1 4
6 2 0 8 7 2 5 3 6 1 4
4 3 4 8 7 2 5 3 6 1 0
1 1 4 8 7 2 5 3 6 0 1
6 1 4 8 7 2 5 3 0 6 1
1 2 4 8 7 2 5 3 1 6 0
4 3 0 8 7 2 5 3 1 6 4
1 2 1 8 7 2 5 3 0 6 4
4 2 1 8 7 2 5 3 4 6 0
7 2 1 8 0 2 5 3 4 6 7
3 1 1 8 3 2 5 0 4 6 7
7 1 1 8 3 2 5 7 4 6 0
4 2 1 8 3 2 5 7 0 6 4
3 3 1 8 0 2 5 7 3 6 4
7 1 1 8 7 2 5 0 3 6 4
4 1 1 8 7 2 5 4 3 6 0
5 3 1 8 7 2 0 4 3 6 5
8 1 1 0 7 2 8 4 3 6 5
7 1 1 7 0 2 8 4 3 6 5
5 2 1 7 5 2 8 4 3 6 0
8 3 1 7 5 2 0 4 3 6 8
4 1 1 7 5 2 4 0 3 6 8
8 1 1 7 5 2 4 8 3 6 0
4 3 1 7 5 2 0 8 3 6 4
7 1 1 0 5 2 7 8 3 6 4
5 1 1 5 0 2 7 8 3 6 4
4 2 1 5 4 2 7 8 3 6 0
7 3 1 5 4 2 0 8 3 6 7
5 1 1 0 4 2 5 8 3 6 7
4 1 1 4 0 2 5 8 3 6 7
7 2 1 4 7 2 5 8 3 6 0
60 0.05