0 0 8 5 3 2 0 6 7 1 4
5 1 8 0 3 2 5 6 7 1 4
8 1 0 8 3 2 5 6 7 1 4
2 1 2 8 3 0 5 6 7 1 4
5 1 2 8 3 5 0 6 7 1 4
1 1 2 8 3 5 1 6 7 0 4
4 1 2 8 3 5 1 6 7 4 0
1 3 2 8 3 5 0 6 7 4 1
5 1 2 8 3 0 5 6 7 4 1
7 1 2 8 3 7 5 6 0 4 1
1 2 2 8 3 7 5 6 1 4 0
2 3 0 8 3 7 5 6 1 4 2
1 2 1 8 3 7 5 6 0 4 2
7 1 1 8 3 0 5 6 7 4 2
5 1 1 8 3 5 0 6 7 4 2
8 1 1 0 3 5 8 6 7 4 2
3 1 1 3 0 5 8 6 7 4 2
2 2 1 3 2 5 8 6 7 4 0
8 3 1 3 2 5 0 6 7 4 8
5 1 1 3 2 0 5 6 7 4 8
7 1 1 3 2 7 5 6 0 4 8
8 2 1 3 2 7 5 6 8 4 0
2 2 1 3 0 7 5 6 8 4 2
3 1 1 0 3 7 5 6 8 4 2
1 1 0 1 3 7 5 6 8 4 2
2 3 2 1 3 7 5 6 8 4 0
8 2 2 1 3 7 5 6 0 4 8
7 1 2 1 3 0 5 6 7 4 8
5 1 2 1 3 5 0 6 7 4 8
4 1 2 1 3 5 4 6 7 0 8
8 1 2 1 3 5 4 6 7 8 0
4 3 2 1 3 5 0 6 7 8 4
5 1 2 1 3 0 5 6 7 8 4
7 1 2 1 3 7 5 6 0 8 4
4 2 2 1 3 7 5 6 4 8 0
2 3 0 1 3 7 5 6 4 8 2
1 1 1 0 3 7 5 6 4 8 2
3 1 1 3 0 7 5 6 4 8 2
2 2 1 3 2 7 5 6 4 8 0
4 2 1 3 2 7 5 6 0 8 4
7 1 1 3 2 0 5 6 7 8 4
5 1 1 3 2 5 0 6 7 8 4
3 1 1 0 2 5 3 6 7 8 4
2 1 1 2 0 5 3 6 7 8 4
3 3 1 2 3 5 0 6 7 8 4
5 1 1 2 3 0 5 6 7 8 4
7 1 1 2 3 7 5 6 0 8 4
4 2 1 2 3 7 5 6 4 8 0
5 3 1 2 3 7 0 6 4 8 5
7 1 1 2 3 0 7 6 4 8 5
4 1 1 2 3 4 7 6 0 8 5
7 3 1 2 3 4 0 6 7 8 5
6 1 1 2 3 4 6 0 7 8 5
5 1 1 2 3 4 6 5 7 8 0
6 3 1 2 3 4 0 5 7 8 6
5 1 1 2 3 4 5 0 7 8 6
6 1 1 2 3 4 5 6 7 8 0
86 0.06