0 0 6 1 3 8 5 0 7 4 2
2 1 6 1 3 8 5 2 7 4 0
6 3 0 1 3 8 5 2 7 4 6
1 1 1 0 3 8 5 2 7 4 6
3 1 1 3 0 8 5 2 7 4 6
6 2 1 3 6 8 5 2 7 4 0
2 1 1 3 6 8 5 0 7 4 2
6 1 1 3 0 8 5 6 7 4 2
2 2 1 3 2 8 5 6 7 4 0
4 1 1 3 2 8 5 6 7 0 4
7 1 1 3 2 8 5 6 0 7 4
4 2 1 3 2 8 5 6 4 7 0
2 2 1 3 0 8 5 6 4 7 2
3 1 1 0 3 8 5 6 4 7 2
1 1 0 1 3 8 5 6 4 7 2
8 1 8 1 3 0 5 6 4 7 2
4 1 8 1 3 4 5 6 0 7 2
7 1 8 1 3 4 5 6 7 0 2
2 1 8 1 3 4 5 6 7 2 0
8 3 0 1 3 4 5 6 7 2 8
1 1 1 0 3 4 5 6 7 2 8
5 1 1 5 3 4 0 6 7 2 8
2 1 1 5 3 4 2 6 7 0 8
8 1 1 5 3 4 2 6 7 8 0
2 3 1 5 3 4 0 6 7 8 2
5 1 1 0 3 4 5 6 7 8 2
1 1 0 1 3 4 5 6 7 8 2
2 3 2 1 3 4 5 6 7 8 0
5 3 2 1 3 4 0 6 7 8 5
1 1 2 0 3 4 1 6 7 8 5
2 1 0 2 3 4 1 6 7 8 5
1 3 1 2 3 4 0 6 7 8 5
6 1 1 2 3 4 6 0 7 8 5
5 1 1 2 3 4 6 5 7 8 0
6 3 1 2 3 4 0 5 7 8 6
5 1 1 2 3 4 5 0 7 8 6
6 1 1 2 3 4 5 6 7 8 0
54 0.08