0 0 7 6 4 8 5 2 1 3 0
7 3 0 6 4 8 5 2 1 3 7
1 2 1 6 4 8 5 2 0 3 7
7 2 1 6 4 8 5 2 7 3 0
4 2 1 6 0 8 5 2 7 3 4
6 1 1 0 6 8 5 2 7 3 4
1 1 0 1 6 8 5 2 7 3 4
4 3 4 1 6 8 5 2 7 3 0
6 2 4 1 0 8 5 2 7 3 6
7 3 4 1 7 8 5 2 0 3 6
3 1 4 1 7 8 5 2 3 0 6
6 1 4 1 7 8 5 2 3 6 0
2 1 4 1 7 8 5 0 3 6 2
5 1 4 1 7 8 0 5 3 6 2
1 1 4 0 7 8 1 5 3 6 2
4 1 0 4 7 8 1 5 3 6 2
1 3 1 4 7 8 0 5 3 6 2
5 1 1 4 7 8 5 0 3 6 2
2 1 1 4 7 8 5 2 3 6 0
5 3 1 4 7 8 0 2 3 6 5
2 1 1 4 7 8 2 0 3 6 5
5 1 1 4 7 8 2 5 3 6 0
3 2 1 4 7 8 2 5 0 6 3
2 3 1 4 7 8 0 5 2 6 3
5 1 1 4 7 8 5 0 2 6 3
3 1 1 4 7 8 5 3 2 6 0
2 2 1 4 7 8 5 3 0 6 2
8 1 1 4 7 0 5 3 8 6 2
5 1 1 4 7 5 0 3 8 6 2
3 1 1 4 7 5 3 0 8 6 2
2 1 1 4 7 5 3 2 8 6 0
8 2 1 4 7 5 3 2 0 6 8
3 3 1 4 7 5 0 2 3 6 8
2 1 1 4 7 5 2 0 3 6 8
8 1 1 4 7 5 2 8 3 6 0
2 3 1 4 7 5 0 8 3 6 2
5 1 1 4 7 0 5 8 3 6 2
3 1 1 4 7 3 5 8 0 6 2
2 2 1 4 7 3 5 8 2 6 0
5 3 1 4 7 3 0 8 2 6 5
3 1 1 4 7 0 3 8 2 6 5
2 1 1 4 7 2 3 8 0 6 5
3 3 1 4 7 2 0 8 3 6 5
8 1 1 4 7 2 8 0 3 6 5
5 1 1 4 7 2 8 5 3 6 0
8 3 1 4 7 2 0 5 3 6 8
5 1 1 4 7 2 5 0 3 6 8
8 1 1 4 7 2 5 8 3 6 0
77 0.21