0 0 5 1 7 0 8 2 6 3 4
8 1 5 1 7 8 0 2 6 3 4
2 1 5 1 7 8 2 0 6 3 4
4 1 5 1 7 8 2 4 6 3 0
2 3 5 1 7 8 0 4 6 3 2
4 1 5 1 7 8 4 0 6 3 2
2 1 5 1 7 8 4 2 6 3 0
5 3 0 1 7 8 4 2 6 3 5
1 1 1 0 7 8 4 2 6 3 5
4 1 1 4 7 8 0 2 6 3 5
2 1 1 4 7 8 2 0 6 3 5
5 1 1 4 7 8 2 5 6 3 0
2 3 1 4 7 8 0 5 6 3 2
5 1 1 4 7 8 5 0 6 3 2
2 1 1 4 7 8 5 2 6 3 0
6 2 1 4 7 8 5 2 0 3 6
3 1 1 4 7 8 5 2 3 0 6
6 1 1 4 7 8 5 2 3 6 0
3 2 1 4 7 8 5 2 0 6 3
8 1 1 4 7 0 5 2 8 6 3
5 1 1 4 7 5 0 2 8 6 3
2 1 1 4 7 5 2 0 8 6 3
3 1 1 4 7 5 2 3 8 6 0
2 3 1 4 7 5 0 3 8 6 2
5 1 1 4 7 0 5 3 8 6 2
8 1 1 4 7 8 5 3 0 6 2
2 2 1 4 7 8 5 3 2 6 0
3 1 1 4 7 8 5 0 2 6 3
5 1 1 4 7 8 0 5 2 6 3
8 1 1 4 7 0 8 5 2 6 3
2 1 1 4 7 2 8 5 0 6 3
3 2 1 4 7 2 8 5 3 6 0
8 3 1 4 7 2 0 5 3 6 8
5 1 1 4 7 2 5 0 3 6 8
8 1 1 4 7 2 5 8 3 6 0
48 0.04