0 0 4 8 5 7 3 2 6 1 0
5 2 4 8 0 7 3 2 6 1 5
8 1 4 0 8 7 3 2 6 1 5
4 1 0 4 8 7 3 2 6 1 5
3 3 3 4 8 7 0 2 6 1 5
4 1 3 0 8 7 4 2 6 1 5
3 1 0 3 8 7 4 2 6 1 5
6 2 6 3 8 7 4 2 0 1 5
8 3 6 3 0 7 4 2 8 1 5
6 2 0 3 6 7 4 2 8 1 5
4 3 4 3 6 7 0 2 8 1 5
1 1 4 3 6 7 1 2 8 0 5
8 1 4 3 6 7 1 2 0 8 5
7 1 4 3 6 0 1 2 7 8 5
1 1 4 3 6 1 0 2 7 8 5
3 1 4 0 6 1 3 2 7 8 5
4 1 0 4 6 1 3 2 7 8 5
3 3 3 4 6 1 0 2 7 8 5
4 1 3 0 6 1 4 2 7 8 5
3 1 0 3 6 1 4 2 7 8 5
6 2 6 3 0 1 4 2 7 8 5
7 3 6 3 7 1 4 2 0 8 5
6 2 0 3 7 1 4 2 6 8 5
1 1 1 3 7 0 4 2 6 8 5
6 1 1 3 7 6 4 2 0 8 5
7 3 1 3 0 6 4 2 7 8 5
1 2 0 3 1 6 4 2 7 8 5
3 1 3 0 1 6 4 2 7 8 5
1 1 3 1 0 6 4 2 7 8 5
2 1 3 1 2 6 4 0 7 8 5
5 1 3 1 2 6 4 5 7 8 0
8 1 3 1 2 6 4 5 7 0 8
7 1 3 1 2 6 4 5 0 7 8
6 1 3 1 2 0 4 5 6 7 8
4 1 3 1 2 4 0 5 6 7 8
1 1 3 0 2 4 1 5 6 7 8
3 1 0 3 2 4 1 5 6 7 8
1 3 1 3 2 4 0 5 6 7 8
3 1 1 0 2 4 3 5 6 7 8
1 1 0 1 2 4 3 5 6 7 8
4 1 4 1 2 0 3 5 6 7 8
3 1 4 1 2 3 0 5 6 7 8
1 1 4 0 2 3 1 5 6 7 8
4 1 0 4 2 3 1 5 6 7 8
1 3 1 4 2 3 0 5 6 7 8
4 1 1 0 2 3 4 5 6 7 8
1 1 0 1 2 3 4 5 6 7 8
68 0.43