0 0 0 2 6 7 4 5 3 8 1
1 3 1 2 6 7 4 5 3 8 0
6 2 1 2 0 7 4 5 3 8 6
2 1 1 0 2 7 4 5 3 8 6
1 1 0 1 2 7 4 5 3 8 6
3 2 3 1 2 7 4 5 0 8 6
6 2 3 1 2 7 4 5 6 8 0
8 1 3 1 2 7 4 5 6 0 8
6 1 3 1 2 7 4 5 0 6 8
7 1 3 1 2 0 4 5 7 6 8
4 1 3 1 2 4 0 5 7 6 8
1 1 3 0 2 4 1 5 7 6 8
3 1 0 3 2 4 1 5 7 6 8
1 3 1 3 2 4 0 5 7 6 8
3 1 1 0 2 4 3 5 7 6 8
1 1 0 1 2 4 3 5 7 6 8
4 1 4 1 2 0 3 5 7 6 8
3 1 4 1 2 3 0 5 7 6 8
1 1 4 0 2 3 1 5 7 6 8
4 1 0 4 2 3 1 5 7 6 8
1 3 1 4 2 3 0 5 7 6 8
4 1 1 0 2 3 4 5 7 6 8
1 1 0 1 2 3 4 5 7 6 8
7 2 7 1 2 3 4 5 0 6 8
6 1 7 1 2 3 4 5 6 0 8
4 1 7 1 2 3 0 5 6 4 8
1 1 7 0 2 3 1 5 6 4 8
7 1 0 7 2 3 1 5 6 4 8
1 3 1 7 2 3 0 5 6 4 8
4 1 1 7 2 3 4 5 6 0 8
6 1 1 7 2 3 4 5 0 6 8
4 3 1 7 2 3 0 5 4 6 8
7 1 1 0 2 3 7 5 4 6 8
1 1 0 1 2 3 7 5 4 6 8
3 1 3 1 2 0 7 5 4 6 8
4 1 3 1 2 4 7 5 0 6 8
6 1 3 1 2 4 7 5 6 0 8
7 1 3 1 2 4 0 5 6 7 8
1 1 3 0 2 4 1 5 6 7 8
3 1 0 3 2 4 1 5 6 7 8
1 3 1 3 2 4 0 5 6 7 8
3 1 1 0 2 4 3 5 6 7 8
1 1 0 1 2 4 3 5 6 7 8
4 1 4 1 2 0 3 5 6 7 8
3 1 4 1 2 3 0 5 6 7 8
1 1 4 0 2 3 1 5 6 7 8
4 1 0 4 2 3 1 5 6 7 8
1 3 1 4 2 3 0 5 6 7 8
4 1 1 0 2 3 4 5 6 7 8
1 1 0 1 2 3 4 5 6 7 8
51 0.64