0 0 0 3 1 6 7 8 2 5 4
6 1 6 3 1 0 7 8 2 5 4
7 1 6 3 1 7 0 8 2 5 4
3 1 6 0 1 7 3 8 2 5 4
6 1 0 6 1 7 3 8 2 5 4
3 3 3 6 1 7 0 8 2 5 4
6 1 3 0 1 7 6 8 2 5 4
3 1 0 3 1 7 6 8 2 5 4
1 2 1 3 0 7 6 8 2 5 4
6 3 1 3 6 7 0 8 2 5 4
3 1 1 0 6 7 3 8 2 5 4
1 1 0 1 6 7 3 8 2 5 4
3 3 3 1 6 7 0 8 2 5 4
1 1 3 0 6 7 1 8 2 5 4
3 1 0 3 6 7 1 8 2 5 4
7 1 7 3 6 0 1 8 2 5 4
1 1 7 3 6 1 0 8 2 5 4
3 1 7 0 6 1 3 8 2 5 4
7 1 0 7 6 1 3 8 2 5 4
3 3 3 7 6 1 0 8 2 5 4
7 1 3 0 6 1 7 8 2 5 4
3 1 0 3 6 1 7 8 2 5 4
4 3 4 3 6 1 7 8 2 5 0
8 1 4 3 6 1 7 0 2 5 8
7 1 4 3 6 1 0 7 2 5 8
3 1 4 0 6 1 3 7 2 5 8
4 1 0 4 6 1 3 7 2 5 8
3 3 3 4 6 1 0 7 2 5 8
4 1 3 0 6 1 4 7 2 5 8
3 1 0 3 6 1 4 7 2 5 8
42 0.07