0 0 1 0 7 6 4 3 5 2
1 1 0 1 7 6 4 3 5 2
2 3 2 1 7 6 4 3 5 0
7 3 2 1 0 6 4 3 5 7
1 1 2 0 1 6 4 3 5 7
2 1 0 2 1 6 4 3 5 7
4 1 4 2 1 6 0 3 5 7
6 3 4 2 1 0 6 3 5 7
1 1 4 2 0 1 6 3 5 7
2 1 4 0 2 1 6 3 5 7
4 1 0 4 2 1 6 3 5 7
1 2 1 4 2 0 6 3 5 7
6 3 1 4 2 6 0 3 5 7
1 2 0 4 2 6 1 3 5 7
4 1 4 0 2 6 1 3 5 7
2 1 4 2 0 6 1 3 5 7
6 1 4 2 6 0 1 3 5 7
4 2 0 2 6 4 1 3 5 7
2 1 2 0 6 4 1 3 5 7
6 1 2 6 0 4 1 3 5 7
4 1 2 6 4 0 1 3 5 7
1 3 2 6 4 1 0 3 5 7
6 3 2 0 4 1 6 3 5 7
2 1 0 2 4 1 6 3 5 7
1 2 1 2 4 0 6 3 5 7
6 3 1 2 4 6 0 3 5 7
1 2 0 2 4 6 1 3 5 7
45 0.11