0 0 2 8 6 5 7 0 1 4 3
7 1 2 8 6 5 0 7 1 4 3
8 1 2 0 6 5 8 7 1 4 3
2 1 0 2 6 5 8 7 1 4 3
3 3 3 2 6 5 8 7 1 4 0
8 3 3 2 6 5 0 7 1 4 8
2 1 3 0 6 5 2 7 1 4 8
3 1 0 3 6 5 2 7 1 4 8
1 2 1 3 6 5 2 7 0 4 8
5 1 1 3 6 0 2 7 5 4 8
2 1 1 3 6 2 0 7 5 4 8
4 1 1 3 6 2 4 7 5 0 8
5 1 1 3 6 2 4 7 0 5 8
2 1 1 3 6 0 4 7 2 5 8
4 1 1 3 6 4 0 7 2 5 8
3 1 1 0 6 4 3 7 2 5 8
1 1 0 1 6 4 3 7 2 5 8
3 3 3 1 6 4 0 7 2 5 8
1 1 3 0 6 4 1 7 2 5 8
3 1 0 3 6 4 1 7 2 5 8
4 1 4 3 6 0 1 7 2 5 8
1 1 4 3 6 1 0 7 2 5 8
3 1 4 0 6 1 3 7 2 5 8
4 1 0 4 6 1 3 7 2 5 8
3 3 3 4 6 1 0 7 2 5 8
4 1 3 0 6 1 4 7 2 5 8
3 1 0 3 6 1 4 7 2 5 8
35 0.07