0 0 1 7 4 0 2 3 6 5 8
2 1 1 7 4 2 0 3 6 5 8
7 1 1 0 4 2 7 3 6 5 8
4 1 1 4 0 2 7 3 6 5 8
3 1 1 4 3 2 7 0 6 5 8
7 1 1 4 3 2 0 7 6 5 8
4 1 1 0 3 2 4 7 6 5 8
1 1 0 1 3 2 4 7 6 5 8
3 2 3 1 0 2 4 7 6 5 8
1 1 3 0 1 2 4 7 6 5 8
3 1 0 3 1 2 4 7 6 5 8
6 2 6 3 1 2 4 7 0 5 8
2 1 6 3 1 0 4 7 2 5 8
4 1 6 3 1 4 0 7 2 5 8
3 1 6 0 1 4 3 7 2 5 8
6 1 0 6 1 4 3 7 2 5 8
3 3 3 6 1 4 0 7 2 5 8
6 1 3 0 1 4 6 7 2 5 8
3 1 0 3 1 4 6 7 2 5 8
1 2 1 3 0 4 6 7 2 5 8
6 3 1 3 6 4 0 7 2 5 8
3 1 1 0 6 4 3 7 2 5 8
1 1 0 1 6 4 3 7 2 5 8
3 3 3 1 6 4 0 7 2 5 8
1 1 3 0 6 4 1 7 2 5 8
3 1 0 3 6 4 1 7 2 5 8
4 1 4 3 6 0 1 7 2 5 8
1 1 4 3 6 1 0 7 2 5 8
3 1 4 0 6 1 3 7 2 5 8
4 1 0 4 6 1 3 7 2 5 8
3 3 3 4 6 1 0 7 2 5 8
4 1 3 0 6 1 4 7 2 5 8
3 1 0 3 6 1 4 7 2 5 8
43 0.12