0 0 2 5 0 6 1 7 3 8 4
2 2 0 5 2 6 1 7 3 8 4
1 3 1 5 2 6 0 7 3 8 4
5 1 1 0 2 6 5 7 3 8 4
1 1 0 1 2 6 5 7 3 8 4
3 2 3 1 2 6 5 7 0 8 4
2 3 3 1 0 6 5 7 2 8 4
1 1 3 0 1 6 5 7 2 8 4
3 1 0 3 1 6 5 7 2 8 4
6 1 6 3 1 0 5 7 2 8 4
5 1 6 3 1 5 0 7 2 8 4
3 1 6 0 1 5 3 7 2 8 4
6 1 0 6 1 5 3 7 2 8 4
3 3 3 6 1 5 0 7 2 8 4
6 1 3 0 1 5 6 7 2 8 4
3 1 0 3 1 5 6 7 2 8 4
1 2 1 3 0 5 6 7 2 8 4
6 3 1 3 6 5 0 7 2 8 4
3 1 1 0 6 5 3 7 2 8 4
1 1 0 1 6 5 3 7 2 8 4
3 3 3 1 6 5 0 7 2 8 4
1 1 3 0 6 5 1 7 2 8 4
3 1 0 3 6 5 1 7 2 8 4
5 1 5 3 6 0 1 7 2 8 4
1 1 5 3 6 1 0 7 2 8 4
3 1 5 0 6 1 3 7 2 8 4
5 1 0 5 6 1 3 7 2 8 4
3 3 3 5 6 1 0 7 2 8 4
5 1 3 0 6 1 5 7 2 8 4
3 1 0 3 6 1 5 7 2 8 4
4 3 4 3 6 1 5 7 2 8 0
8 1 4 3 6 1 5 7 2 0 8
5 1 4 3 6 1 0 7 2 5 8
3 1 4 0 6 1 3 7 2 5 8
4 1 0 4 6 1 3 7 2 5 8
3 3 3 4 6 1 0 7 2 5 8
4 1 3 0 6 1 4 7 2 5 8
3 1 0 3 6 1 4 7 2 5 8
56 0.36