0 0 7 3 0 1 5 6 8 4 2
7 2 0 3 7 1 5 6 8 4 2
3 1 3 0 7 1 5 6 8 4 2
7 1 3 7 0 1 5 6 8 4 2
6 1 3 7 6 1 5 0 8 4 2
5 1 3 7 6 1 0 5 8 4 2
7 1 3 0 6 1 7 5 8 4 2
3 1 0 3 6 1 7 5 8 4 2
1 1 1 3 6 0 7 5 8 4 2
7 1 1 3 6 7 0 5 8 4 2
4 1 1 3 6 7 4 5 8 0 2
8 1 1 3 6 7 4 5 0 8 2
7 1 1 3 6 0 4 5 7 8 2
4 1 1 3 6 4 0 5 7 8 2
3 1 1 0 6 4 3 5 7 8 2
1 1 0 1 6 4 3 5 7 8 2
3 3 3 1 6 4 0 5 7 8 2
1 1 3 0 6 4 1 5 7 8 2
6 1 3 6 0 4 1 5 7 8 2
1 3 3 6 1 4 0 5 7 8 2
6 1 3 0 1 4 6 5 7 8 2
1 1 3 1 0 4 6 5 7 8 2
2 2 3 1 2 4 6 5 7 8 0
8 1 3 1 2 4 6 5 7 0 8
7 1 3 1 2 4 6 5 0 7 8
6 3 3 1 2 4 0 5 6 7 8
1 1 3 0 2 4 1 5 6 7 8
3 1 0 3 2 4 1 5 6 7 8
1 3 1 3 2 4 0 5 6 7 8
3 1 1 0 2 4 3 5 6 7 8
1 1 0 1 2 4 3 5 6 7 8
4 1 4 1 2 0 3 5 6 7 8
3 1 4 1 2 3 0 5 6 7 8
1 1 4 0 2 3 1 5 6 7 8
4 1 0 4 2 3 1 5 6 7 8
1 3 1 4 2 3 0 5 6 7 8
4 1 1 0 2 3 4 5 6 7 8
1 1 0 1 2 3 4 5 6 7 8
49 0.33