0 0 7 1 5 3 4 6 2 0 8
2 1 7 1 5 3 4 6 0 2 8
5 3 7 1 0 3 4 6 5 2 8
1 1 7 0 1 3 4 6 5 2 8
7 1 0 7 1 3 4 6 5 2 8
3 1 3 7 1 0 4 6 5 2 8
4 1 3 7 1 4 0 6 5 2 8
7 1 3 0 1 4 7 6 5 2 8
3 1 0 3 1 4 7 6 5 2 8
1 2 1 3 0 4 7 6 5 2 8
6 1 1 3 6 4 7 0 5 2 8
7 1 1 3 6 4 0 7 5 2 8
3 1 1 0 6 4 3 7 5 2 8
1 1 0 1 6 4 3 7 5 2 8
3 3 3 1 6 4 0 7 5 2 8
1 1 3 0 6 4 1 7 5 2 8
3 1 0 3 6 4 1 7 5 2 8
4 1 4 3 6 0 1 7 5 2 8
1 1 4 3 6 1 0 7 5 2 8
3 1 4 0 6 1 3 7 5 2 8
4 1 0 4 6 1 3 7 5 2 8
3 3 3 4 6 1 0 7 5 2 8
4 1 3 0 6 1 4 7 5 2 8
3 1 0 3 6 1 4 7 5 2 8
5 2 5 3 6 1 4 7 0 2 8
2 1 5 3 6 1 4 7 2 0 8
4 1 5 3 6 1 0 7 2 4 8
3 1 5 0 6 1 3 7 2 4 8
5 1 0 5 6 1 3 7 2 4 8
3 3 3 5 6 1 0 7 2 4 8
4 1 3 5 6 1 4 7 2 0 8
2 1 3 5 6 1 4 7 0 2 8
4 3 3 5 6 1 0 7 4 2 8
5 1 3 0 6 1 5 7 4 2 8
3 1 0 3 6 1 5 7 4 2 8
1 1 1 3 6 0 5 7 4 2 8
4 1 1 3 6 4 5 7 0 2 8
2 1 1 3 6 4 5 7 2 0 8
5 1 1 3 6 4 0 7 2 5 8
3 1 1 0 6 4 3 7 2 5 8
1 1 0 1 6 4 3 7 2 5 8
3 3 3 1 6 4 0 7 2 5 8
1 1 3 0 6 4 1 7 2 5 8
3 1 0 3 6 4 1 7 2 5 8
4 1 4 3 6 0 1 7 2 5 8
1 1 4 3 6 1 0 7 2 5 8
3 1 4 0 6 1 3 7 2 5 8
4 1 0 4 6 1 3 7 2 5 8
3 3 3 4 6 1 0 7 2 5 8
4 1 3 0 6 1 4 7 2 5 8
3 1 0 3 6 1 4 7 2 5 8
66 0.38