0 0 1 7 0 3 8 5 2 4 6
2 3 1 7 2 3 8 5 0 4 6
8 3 1 7 2 3 0 5 8 4 6
7 1 1 0 2 3 7 5 8 4 6
1 1 0 1 2 3 7 5 8 4 6
3 1 3 1 2 0 7 5 8 4 6
7 1 3 1 2 7 0 5 8 4 6
4 1 3 1 2 7 4 5 8 0 6
8 1 3 1 2 7 4 5 0 8 6
7 1 3 1 2 0 4 5 7 8 6
4 1 3 1 2 4 0 5 7 8 6
1 1 3 0 2 4 1 5 7 8 6
3 1 0 3 2 4 1 5 7 8 6
1 3 1 3 2 4 0 5 7 8 6
3 1 1 0 2 4 3 5 7 8 6
1 1 0 1 2 4 3 5 7 8 6
4 1 4 1 2 0 3 5 7 8 6
3 1 4 1 2 3 0 5 7 8 6
1 1 4 0 2 3 1 5 7 8 6
4 1 0 4 2 3 1 5 7 8 6
1 3 1 4 2 3 0 5 7 8 6
4 1 1 0 2 3 4 5 7 8 6
1 1 0 1 2 3 4 5 7 8 6
6 3 6 1 2 3 4 5 7 8 0
8 1 6 1 2 3 4 5 7 0 8
7 1 6 1 2 3 4 5 0 7 8
6 2 0 1 2 3 4 5 6 7 8
37 0.36