0 0 8 5 4 2 7 3 1 0 6
7 1 8 5 4 2 0 3 1 7 6
5 1 8 0 4 2 5 3 1 7 6
8 1 0 8 4 2 5 3 1 7 6
1 2 1 8 4 2 5 3 0 7 6
4 3 1 8 0 2 5 3 4 7 6
8 1 1 0 8 2 5 3 4 7 6
1 1 0 1 8 2 5 3 4 7 6
2 1 2 1 8 0 5 3 4 7 6
4 1 2 1 8 4 5 3 0 7 6
8 3 2 1 0 4 5 3 8 7 6
3 1 2 1 3 4 5 0 8 7 6
5 1 2 1 3 4 0 5 8 7 6
1 1 2 0 3 4 1 5 8 7 6
2 1 0 2 3 4 1 5 8 7 6
1 3 1 2 3 4 0 5 8 7 6
2 1 1 0 3 4 2 5 8 7 6
1 1 0 1 3 4 2 5 8 7 6
3 2 3 1 0 4 2 5 8 7 6
2 3 3 1 2 4 0 5 8 7 6
1 1 3 0 2 4 1 5 8 7 6
3 1 0 3 2 4 1 5 8 7 6
1 3 1 3 2 4 0 5 8 7 6
3 1 1 0 2 4 3 5 8 7 6
1 1 0 1 2 4 3 5 8 7 6
4 1 4 1 2 0 3 5 8 7 6
3 1 4 1 2 3 0 5 8 7 6
1 1 4 0 2 3 1 5 8 7 6
4 1 0 4 2 3 1 5 8 7 6
1 3 1 4 2 3 0 5 8 7 6
4 1 1 0 2 3 4 5 8 7 6
1 1 0 1 2 3 4 5 8 7 6
2 2 2 1 0 3 4 5 8 7 6
8 3 2 1 8 3 4 5 0 7 6
6 2 2 1 8 3 4 5 6 7 0
8 2 2 1 0 3 4 5 6 7 8
2 2 0 1 2 3 4 5 6 7 8
56 0.49