0 0 5 1 7 0 8 2 6 3 4
8 1 5 1 7 8 0 2 6 3 4
3 1 5 1 7 8 3 2 6 0 4
4 1 5 1 7 8 3 2 6 4 0
7 2 5 1 0 8 3 2 6 4 7
5 2 0 1 5 8 3 2 6 4 7
1 1 1 0 5 8 3 2 6 4 7
5 1 1 5 0 8 3 2 6 4 7
2 1 1 5 2 8 3 0 6 4 7
3 1 1 5 2 8 0 3 6 4 7
5 1 1 0 2 8 5 3 6 4 7
2 1 1 2 0 8 5 3 6 4 7
3 1 1 2 3 8 5 0 6 4 7
5 1 1 2 3 8 0 5 6 4 7
2 1 1 0 3 8 2 5 6 4 7
1 1 0 1 3 8 2 5 6 4 7
2 3 2 1 3 8 0 5 6 4 7
4 1 2 1 3 8 4 5 6 0 7
7 1 2 1 3 8 4 5 6 7 0
2 3 0 1 3 8 4 5 6 7 2
3 2 3 1 0 8 4 5 6 7 2
2 2 3 1 2 8 4 5 6 7 0
7 1 3 1 2 8 4 5 6 0 7
6 1 3 1 2 8 4 5 0 6 7
8 1 3 1 2 0 4 5 8 6 7
4 1 3 1 2 4 0 5 8 6 7
1 1 3 0 2 4 1 5 8 6 7
3 1 0 3 2 4 1 5 8 6 7
1 3 1 3 2 4 0 5 8 6 7
3 1 1 0 2 4 3 5 8 6 7
1 1 0 1 2 4 3 5 8 6 7
4 1 4 1 2 0 3 5 8 6 7
3 1 4 1 2 3 0 5 8 6 7
1 1 4 0 2 3 1 5 8 6 7
4 1 0 4 2 3 1 5 8 6 7
1 3 1 4 2 3 0 5 8 6 7
4 1 1 0 2 3 4 5 8 6 7
2 1 1 2 0 3 4 5 8 6 7
8 3 1 2 8 3 4 5 0 6 7
6 1 1 2 8 3 4 5 6 0 7
7 1 1 2 8 3 4 5 6 7 0
8 2 1 2 0 3 4 5 6 7 8
2 1 1 0 2 3 4 5 6 7 8
1 1 0 1 2 3 4 5 6 7 8
58 0.24