0 0 8 0 2 4 6 1 3 7 5
8 1 0 8 2 4 6 1 3 7 5
3 2 3 8 2 4 6 1 0 7 5
6 3 3 8 2 4 0 1 6 7 5
8 1 3 0 2 4 8 1 6 7 5
2 1 3 2 0 4 8 1 6 7 5
1 1 3 2 1 4 8 0 6 7 5
8 1 3 2 1 4 0 8 6 7 5
2 1 3 0 1 4 2 8 6 7 5
1 1 3 1 0 4 2 8 6 7 5
2 3 3 1 2 4 0 8 6 7 5
1 1 3 0 2 4 1 8 6 7 5
3 1 0 3 2 4 1 8 6 7 5
1 3 1 3 2 4 0 8 6 7 5
3 1 1 0 2 4 3 8 6 7 5
1 1 0 1 2 4 3 8 6 7 5
4 1 4 1 2 0 3 8 6 7 5
3 1 4 1 2 3 0 8 6 7 5
8 1 4 1 2 3 8 0 6 7 5
5 1 4 1 2 3 8 5 6 7 0
8 3 4 1 2 3 0 5 6 7 8
1 1 4 0 2 3 1 5 6 7 8
4 1 0 4 2 3 1 5 6 7 8
1 3 1 4 2 3 0 5 6 7 8
4 1 1 0 2 3 4 5 6 7 8
1 1 0 1 2 3 4 5 6 7 8
36 0.15