0 0 0 2 6 7 4 5 3 8 1
1 3 1 2 6 7 4 5 3 8 0
4 3 1 2 6 7 0 5 3 8 4
5 1 1 2 6 7 5 0 3 8 4
6 1 1 2 0 7 5 6 3 8 4
3 3 1 2 3 7 5 6 0 8 4
7 1 1 2 3 0 5 6 7 8 4
5 1 1 2 3 5 0 6 7 8 4
6 1 1 2 3 5 6 0 7 8 4
4 1 1 2 3 5 6 4 7 8 0
6 3 1 2 3 5 0 4 7 8 6
4 1 1 2 3 5 4 0 7 8 6
6 1 1 2 3 5 4 6 7 8 0
1 3 0 2 3 5 4 6 7 8 1
5 1 5 2 3 0 4 6 7 8 1
4 1 5 2 3 4 0 6 7 8 1
6 1 5 2 3 4 6 0 7 8 1
1 1 5 2 3 4 6 1 7 8 0
6 3 5 2 3 4 0 1 7 8 6
1 1 5 2 3 4 1 0 7 8 6
6 1 5 2 3 4 1 6 7 8 0
5 3 0 2 3 4 1 6 7 8 5
1 3 1 2 3 4 0 6 7 8 5
6 1 1 2 3 4 6 0 7 8 5
5 1 1 2 3 4 6 5 7 8 0
6 3 1 2 3 4 0 5 7 8 6
5 1 1 2 3 4 5 0 7 8 6
6 1 1 2 3 4 5 6 7 8 0
45 0.03