0 0 0 7 6 2 3 1 4 5
1 3 1 7 6 2 3 0 4 5
4 1 1 7 6 2 3 4 0 5
6 1 1 7 0 2 3 4 6 5
2 1 1 7 2 0 3 4 6 5
5 1 1 7 2 5 3 4 6 0
2 3 1 7 0 5 3 4 6 2
5 1 1 7 5 0 3 4 6 2
2 1 1 7 5 2 3 4 6 0
3 2 1 7 5 2 0 4 6 3
2 3 1 7 5 0 2 4 6 3
5 1 1 7 0 5 2 4 6 3
7 1 1 0 7 5 2 4 6 3
1 1 0 1 7 5 2 4 6 3
3 3 3 1 7 5 2 4 6 0
7 3 3 1 0 5 2 4 6 7
5 1 3 1 5 0 2 4 6 7
7 1 3 1 5 7 2 4 6 0
3 3 0 1 5 7 2 4 6 3
1 1 1 0 5 7 2 4 6 3
4 1 1 4 5 7 2 0 6 3
2 1 1 4 5 7 0 2 6 3
4 3 1 0 5 7 4 2 6 3
2 1 1 2 5 7 4 0 6 3
4 1 1 2 5 7 0 4 6 3
3 2 1 2 5 7 3 4 6 0
1 3 0 2 5 7 3 4 6 1
3 1 3 2 5 7 0 4 6 1
2 3 3 0 5 7 2 4 6 1
3 1 0 3 5 7 2 4 6 1
1 3 1 3 5 7 2 4 6 0
52 0.04