0 0 8 7 4 0 2 6 5 1 3
2 1 8 7 4 2 0 6 5 1 3
6 1 8 7 4 2 6 0 5 1 3
3 1 8 7 4 2 6 3 5 1 0
6 3 8 7 4 2 0 3 5 1 6
3 1 8 7 4 2 3 0 5 1 6
6 1 8 7 4 2 3 6 5 1 0
8 3 0 7 4 2 3 6 5 1 8
3 3 3 7 4 2 0 6 5 1 8
6 1 3 7 4 2 6 0 5 1 8
8 1 3 7 4 2 6 8 5 1 0
6 3 3 7 4 2 0 8 5 1 6
1 1 3 7 4 2 1 8 5 0 6
6 1 3 7 4 2 1 8 5 6 0
1 3 3 7 4 2 0 8 5 6 1
7 1 3 0 4 2 7 8 5 6 1
4 1 3 4 0 2 7 8 5 6 1
7 3 3 4 7 2 0 8 5 6 1
2 1 3 4 7 0 2 8 5 6 1
5 1 3 4 7 5 2 8 0 6 1
3 2 0 4 7 5 2 8 3 6 1
1 3 1 4 7 5 2 8 3 6 0
2 3 1 4 7 5 0 8 3 6 2
5 1 1 4 7 0 5 8 3 6 2
3 1 1 4 7 3 5 8 0 6 2
2 2 1 4 7 3 5 8 2 6 0
5 3 1 4 7 3 0 8 2 6 5
3 1 1 4 7 0 3 8 2 6 5
2 1 1 4 7 2 3 8 0 6 5
3 3 1 4 7 2 0 8 3 6 5
8 1 1 4 7 2 8 0 3 6 5
5 1 1 4 7 2 8 5 3 6 0
8 3 1 4 7 2 0 5 3 6 8
5 1 1 4 7 2 5 0 3 6 8
8 1 1 4 7 2 5 8 3 6 0
58 0.03