0 0 6 2 1 7 3 8 5 0 4
4 1 6 2 1 7 3 8 5 4 0
3 3 6 2 1 7 0 8 5 4 3
8 1 6 2 1 7 8 0 5 4 3
3 1 6 2 1 7 8 3 5 4 0
8 3 6 2 1 7 0 3 5 4 8
7 1 6 2 1 0 7 3 5 4 8
5 1 6 2 1 5 7 3 0 4 8
7 3 6 2 1 5 0 3 7 4 8
5 1 6 2 1 0 5 3 7 4 8
7 1 6 2 1 7 5 3 0 4 8
8 2 6 2 1 7 5 3 8 4 0
6 3 0 2 1 7 5 3 8 4 6
1 2 1 2 0 7 5 3 8 4 6
3 1 1 2 3 7 5 0 8 4 6
6 1 1 2 3 7 5 6 8 4 0
8 2 1 2 3 7 5 6 0 4 8
7 1 1 2 3 0 5 6 7 4 8
5 1 1 2 3 5 0 6 7 4 8
4 1 1 2 3 5 4 6 7 0 8
8 1 1 2 3 5 4 6 7 8 0
4 3 1 2 3 5 0 6 7 8 4
5 1 1 2 3 0 5 6 7 8 4
7 1 1 2 3 7 5 6 0 8 4
4 2 1 2 3 7 5 6 4 8 0
5 3 1 2 3 7 0 6 4 8 5
7 1 1 2 3 0 7 6 4 8 5
4 1 1 2 3 4 7 6 0 8 5
7 3 1 2 3 4 0 6 7 8 5
6 1 1 2 3 4 6 0 7 8 5
5 1 1 2 3 4 6 5 7 8 0
6 3 1 2 3 4 0 5 7 8 6
5 1 1 2 3 4 5 0 7 8 6
6 1 1 2 3 4 5 6 7 8 0
53 0.02