0 0 0 10 7 12 9 13 1 11 14 5 8 2 6 4 3
1 3 1 10 7 12 9 13 0 11 14 5 8 2 6 4 3
11 1 1 10 7 12 9 13 11 0 14 5 8 2 6 4 3
14 1 1 10 7 12 9 13 11 14 0 5 8 2 6 4 3
5 1 1 10 7 12 9 13 11 14 5 0 8 2 6 4 3
3 1 1 10 7 12 9 13 11 14 5 3 8 2 6 4 0
5 3 1 10 7 12 9 13 11 14 0 3 8 2 6 4 5
3 1 1 10 7 12 9 13 11 14 3 0 8 2 6 4 5
5 1 1 10 7 12 9 13 11 14 3 5 8 2 6 4 0
9 2 1 10 7 12 0 13 11 14 3 5 8 2 6 4 9
3 3 1 10 7 12 3 13 11 14 0 5 8 2 6 4 9
5 1 1 10 7 12 3 13 11 14 5 0 8 2 6 4 9
9 1 1 10 7 12 3 13 11 14 5 9 8 2 6 4 0
5 3 1 10 7 12 3 13 11 14 0 9 8 2 6 4 5
9 1 1 10 7 12 3 13 11 14 9 0 8 2 6 4 5
5 1 1 10 7 12 3 13 11 14 9 5 8 2 6 4 0
3 2 1 10 7 12 0 13 11 14 9 5 8 2 6 4 3
5 1 1 10 7 12 5 13 11 14 9 0 8 2 6 4 3
3 1 1 10 7 12 5 13 11 14 9 3 8 2 6 4 0
8 2 1 10 7 12 5 13 11 14 9 3 0 2 6 4 8
11 3 1 10 7 12 5 13 0 14 9 3 11 2 6 4 8
2 1 1 10 7 12 5 13 2 14 9 3 11 0 6 4 8
6 1 1 10 7 12 5 13 2 14 9 3 11 6 0 4 8
14 1 1 10 7 12 5 13 2 0 9 3 11 6 14 4 8
2 1 1 10 7 12 5 13 0 2 9 3 11 6 14 4 8
6 1 1 10 7 12 5 13 6 2 9 3 11 0 14 4 8
14 1 1 10 7 12 5 13 6 2 9 3 11 14 0 4 8
2 1 1 10 7 12 5 13 6 0 9 3 11 14 2 4 8
6 1 1 10 7 12 5 13 0 6 9 3 11 14 2 4 8
10 1 1 0 7 12 5 13 10 6 9 3 11 14 2 4 8
7 1 1 7 0 12 5 13 10 6 9 3 11 14 2 4 8
6 1 1 7 6 12 5 13 10 0 9 3 11 14 2 4 8
10 1 1 7 6 12 5 13 0 10 9 3 11 14 2 4 8
7 1 1 0 6 12 5 13 7 10 9 3 11 14 2 4 8
6 1 1 6 0 12 5 13 7 10 9 3 11 14 2 4 8
10 1 1 6 10 12 5 13 7 0 9 3 11 14 2 4 8
2 1 1 6 10 12 5 13 7 2 9 3 11 14 0 4 8
14 1 1 6 10 12 5 13 7 2 9 3 11 0 14 4 8
11 1 1 6 10 12 5 13 7 2 9 3 0 11 14 4 8
8 2 1 6 10 12 5 13 7 2 9 3 8 11 14 4 0
4 1 1 6 10 12 5 13 7 2 9 3 8 11 14 0 4
14 1 1 6 10 12 5 13 7 2 9 3 8 11 0 14 4
11 1 1 6 10 12 5 13 7 2 9 3 8 0 11 14 4
8 1 1 6 10 12 5 13 7 2 9 3 0 8 11 14 4
13 1 1 6 10 12 5 0 7 2 9 3 13 8 11 14 4
7 1 1 6 10 12 5 7 0 2 9 3 13 8 11 14 4
2 1 1 6 10 12 5 7 2 0 9 3 13 8 11 14 4
11 1 1 6 10 12 5 7 2 11 9 3 13 8 0 14 4
8 1 1 6 10 12 5 7 2 11 9 3 13 0 8 14 4
13 1 1 6 10 12 5 7 2 11 9 3 0 13 8 14 4
2 3 1 6 10 12 5 7 0 11 9 3 2 13 8 14 4
7 1 1 6 10 12 5 0 7 11 9 3 2 13 8 14 4
2 1 1 6 10 12 5 2 7 11 9 3 0 13 8 14 4
13 1 1 6 10 12 5 2 7 11 9 3 13 0 8 14 4
8 1 1 6 10 12 5 2 7 11 9 3 13 8 0 14 4
11 1 1 6 10 12 5 2 7 0 9 3 13 8 11 14 4
10 1 1 6 0 12 5 2 7 10 9 3 13 8 11 14 4
6 1 1 0 6 12 5 2 7 10 9 3 13 8 11 14 4
1 1 0 1 6 12 5 2 7 10 9 3 13 8 11 14 4
4 3 4 1 6 12 5 2 7 10 9 3 13 8 11 14 0
13 2 4 1 6 12 5 2 7 10 9 3 0 8 11 14 13
4 2 0 1 6 12 5 2 7 10 9 3 4 8 11 14 13
1 1 1 0 6 12 5 2 7 10 9 3 4 8 11 14 13
6 1 1 6 0 12 5 2 7 10 9 3 4 8 11 14 13
10 1 1 6 10 12 5 2 7 0 9 3 4 8 11 14 13
11 1 1 6 10 12 5 2 7 11 9 3 4 8 0 14 13
8 1 1 6 10 12 5 2 7 11 9 3 4 0 8 14 13
4 1 1 6 10 12 5 2 7 11 9 3 0 4 8 14 13
2 1 1 6 10 12 5 0 7 11 9 3 2 4 8 14 13
7 1 1 6 10 12 5 7 0 11 9 3 2 4 8 14 13
11 1 1 6 10 12 5 7 11 0 9 3 2 4 8 14 13
8 1 1 6 10 12 5 7 11 8 9 3 2 4 0 14 13
4 1 1 6 10 12 5 7 11 8 9 3 2 0 4 14 13
2 1 1 6 10 12 5 7 11 8 9 3 0 2 4 14 13
11 3 1 6 10 12 5 7 0 8 9 3 11 2 4 14 13
7 1 1 6 10 12 5 0 7 8 9 3 11 2 4 14 13
11 1 1 6 10 12 5 11 7 8 9 3 0 2 4 14 13
2 1 1 6 10 12 5 11 7 8 9 3 2 0 4 14 13
4 1 1 6 10 12 5 11 7 8 9 3 2 4 0 14 13
14 1 1 6 10 12 5 11 7 8 9 3 2 4 14 0 13
13 1 1 6 10 12 5 11 7 8 9 3 2 4 14 13 0
2 2 1 6 10 12 5 11 7 8 9 3 0 4 14 13 2
11 1 1 6 10 12 5 0 7 8 9 3 11 4 14 13 2
7 1 1 6 10 12 5 7 0 8 9 3 11 4 14 13 2
4 1 1 6 10 12 5 7 4 8 9 3 11 0 14 13 2
14 1 1 6 10 12 5 7 4 8 9 3 11 14 0 13 2
13 1 1 6 10 12 5 7 4 8 9 3 11 14 13 0 2
2 1 1 6 10 12 5 7 4 8 9 3 11 14 13 2 0
3 1 1 6 10 12 5 7 4 8 9 0 11 14 13 2 3
9 1 1 6 10 12 5 7 4 8 0 9 11 14 13 2 3
2 1 1 6 10 12 5 7 4 8 2 9 11 14 13 0 3
3 1 1 6 10 12 5 7 4 8 2 9 11 14 13 3 0
2 3 1 6 10 12 5 7 4 8 0 9 11 14 13 3 2
9 1 1 6 10 12 5 7 4 8 9 0 11 14 13 3 2
2 1 1 6 10 12 5 7 4 8 9 2 11 14 13 3 0
3 1 1 6 10 12 5 7 4 8 9 2 11 14 13 0 3
13 1 1 6 10 12 5 7 4 8 9 2 11 14 0 13 3
14 1 1 6 10 12 5 7 4 8 9 2 11 0 14 13 3
4 1 1 6 10 12 5 7 0 8 9 2 11 4 14 13 3
7 1 1 6 10 12 5 0 7 8 9 2 11 4 14 13 3
11 1 1 6 10 12 5 11 7 8 9 2 0 4 14 13 3
3 2 1 6 10 12 5 11 7 8 9 2 3 4 14 13 0
13 1 1 6 10 12 5 11 7 8 9 2 3 4 14 0 13
14 1 1 6 10 12 5 11 7 8 9 2 3 4 0 14 13
4 1 1 6 10 12 5 11 7 8 9 2 3 0 4 14 13
3 1 1 6 10 12 5 11 7 8 9 2 0 3 4 14 13
11 1 1 6 10 12 5 0 7 8 9 2 11 3 4 14 13
7 1 1 6 10 12 5 7 0 8 9 2 11 3 4 14 13
6 1 1 0 10 12 5 7 6 8 9 2 11 3 4 14 13
1 1 0 1 10 12 5 7 6 8 9 2 11 3 4 14 13
6 3 6 1 10 12 5 7 0 8 9 2 11 3 4 14 13
7 1 6 1 10 12 5 0 7 8 9 2 11 3 4 14 13
11 1 6 1 10 12 5 11 7 8 9 2 0 3 4 14 13
13 2 6 1 10 12 5 11 7 8 9 2 13 3 4 14 0
6 3 0 1 10 12 5 11 7 8 9 2 13 3 4 14 6
1 1 1 0 10 12 5 11 7 8 9 2 13 3 4 14 6
10 1 1 10 0 12 5 11 7 8 9 2 13 3 4 14 6
12 1 1 10 12 0 5 11 7 8 9 2 13 3 4 14 6
5 1 1 10 12 5 0 11 7 8 9 2 13 3 4 14 6
6 2 1 10 12 5 6 11 7 8 9 2 13 3 4 14 0
13 2 1 10 12 5 6 11 7 8 9 2 0 3 4 14 13
11 1 1 10 12 5 6 0 7 8 9 2 11 3 4 14 13
7 1 1 10 12 5 6 7 0 8 9 2 11 3 4 14 13
10 1 1 0 12 5 6 7 10 8 9 2 11 3 4 14 13
12 1 1 12 0 5 6 7 10 8 9 2 11 3 4 14 13
5 1 1 12 5 0 6 7 10 8 9 2 11 3 4 14 13
6 1 1 12 5 6 0 7 10 8 9 2 11 3 4 14 13
13 2 1 12 5 6 13 7 10 8 9 2 11 3 4 14 0
2 1 1 12 5 6 13 7 10 8 9 0 11 3 4 14 2
13 1 1 12 5 6 0 7 10 8 9 13 11 3 4 14 2
6 1 1 12 5 0 6 7 10 8 9 13 11 3 4 14 2
5 1 1 12 0 5 6 7 10 8 9 13 11 3 4 14 2
12 1 1 0 12 5 6 7 10 8 9 13 11 3 4 14 2
10 1 1 10 12 5 6 7 0 8 9 13 11 3 4 14 2
7 1 1 10 12 5 6 0 7 8 9 13 11 3 4 14 2
11 1 1 10 12 5 6 11 7 8 9 13 0 3 4 14 2
2 2 1 10 12 5 6 11 7 8 9 13 2 3 4 14 0
13 1 1 10 12 5 6 11 7 8 9 0 2 3 4 14 13
6 1 1 10 12 5 0 11 7 8 9 6 2 3 4 14 13
5 1 1 10 12 0 5 11 7 8 9 6 2 3 4 14 13
12 1 1 10 0 12 5 11 7 8 9 6 2 3 4 14 13
10 1 1 0 10 12 5 11 7 8 9 6 2 3 4 14 13
1 1 0 1 10 12 5 11 7 8 9 6 2 3 4 14 13
11 1 11 1 10 12 5 0 7 8 9 6 2 3 4 14 13
2 1 11 1 10 12 5 2 7 8 9 6 0 3 4 14 13
11 2 0 1 10 12 5 2 7 8 9 6 11 3 4 14 13
1 1 1 0 10 12 5 2 7 8 9 6 11 3 4 14 13
10 1 1 10 0 12 5 2 7 8 9 6 11 3 4 14 13
12 1 1 10 12 0 5 2 7 8 9 6 11 3 4 14 13
9 1 1 10 12 9 5 2 7 8 0 6 11 3 4 14 13
6 1 1 10 12 9 5 2 7 8 6 0 11 3 4 14 13
13 1 1 10 12 9 5 2 7 8 6 13 11 3 4 14 0
1 3 0 10 12 9 5 2 7 8 6 13 11 3 4 14 1
10 1 10 0 12 9 5 2 7 8 6 13 11 3 4 14 1
12 1 10 12 0 9 5 2 7 8 6 13 11 3 4 14 1
9 1 10 12 9 0 5 2 7 8 6 13 11 3 4 14 1
6 1 10 12 9 6 5 2 7 8 0 13 11 3 4 14 1
13 1 10 12 9 6 5 2 7 8 13 0 11 3 4 14 1
1 1 10 12 9 6 5 2 7 8 13 1 11 3 4 14 0
13 3 10 12 9 6 5 2 7 8 0 1 11 3 4 14 13
1 1 10 12 9 6 5 2 7 8 1 0 11 3 4 14 13
13 1 10 12 9 6 5 2 7 8 1 13 11 3 4 14 0
10 3 0 12 9 6 5 2 7 8 1 13 11 3 4 14 10
12 1 12 0 9 6 5 2 7 8 1 13 11 3 4 14 10
9 1 12 9 0 6 5 2 7 8 1 13 11 3 4 14 10
6 1 12 9 6 0 5 2 7 8 1 13 11 3 4 14 10
1 1 12 9 6 1 5 2 7 8 0 13 11 3 4 14 10
13 1 12 9 6 1 5 2 7 8 13 0 11 3 4 14 10
10 1 12 9 6 1 5 2 7 8 13 10 11 3 4 14 0
13 3 12 9 6 1 5 2 7 8 0 10 11 3 4 14 13
1 1 12 9 6 0 5 2 7 8 1 10 11 3 4 14 13
6 1 12 9 0 6 5 2 7 8 1 10 11 3 4 14 13
9 1 12 0 9 6 5 2 7 8 1 10 11 3 4 14 13
12 1 0 12 9 6 5 2 7 8 1 10 11 3 4 14 13
13 3 13 12 9 6 5 2 7 8 1 10 11 3 4 14 0
1 3 13 12 9 6 5 2 7 8 0 10 11 3 4 14 1
6 1 13 12 9 0 5 2 7 8 6 10 11 3 4 14 1
9 1 13 12 0 9 5 2 7 8 6 10 11 3 4 14 1
12 1 13 0 12 9 5 2 7 8 6 10 11 3 4 14 1
13 1 0 13 12 9 5 2 7 8 6 10 11 3 4 14 1
1 3 1 13 12 9 5 2 7 8 6 10 11 3 4 14 0
6 3 1 13 12 9 5 2 7 8 0 10 11 3 4 14 6
9 1 1 13 12 0 5 2 7 8 9 10 11 3 4 14 6
5 1 1 13 12 5 0 2 7 8 9 10 11 3 4 14 6
6 2 1 13 12 5 6 2 7 8 9 10 11 3 4 14 0
9 3 1 13 12 5 6 2 7 8 0 10 11 3 4 14 9
5 1 1 13 12 0 6 2 7 8 5 10 11 3 4 14 9
6 1 1 13 12 6 0 2 7 8 5 10 11 3 4 14 9
5 3 1 13 12 6 5 2 7 8 0 10 11 3 4 14 9
6 1 1 13 12 0 5 2 7 8 6 10 11 3 4 14 9
12 1 1 13 0 12 5 2 7 8 6 10 11 3 4 14 9
13 1 1 0 13 12 5 2 7 8 6 10 11 3 4 14 9
1 1 0 1 13 12 5 2 7 8 6 10 11 3 4 14 9
9 3 9 1 13 12 5 2 7 8 6 10 11 3 4 14 0
6 3 9 1 13 12 5 2 7 8 0 10 11 3 4 14 6
12 1 9 1 13 0 5 2 7 8 12 10 11 3 4 14 6
13 1 9 1 0 13 5 2 7 8 12 10 11 3 4 14 6
1 1 9 0 1 13 5 2 7 8 12 10 11 3 4 14 6
9 1 0 9 1 13 5 2 7 8 12 10 11 3 4 14 6
6 3 6 9 1 13 5 2 7 8 12 10 11 3 4 14 0
12 3 6 9 1 13 5 2 7 8 0 10 11 3 4 14 12
13 1 6 9 1 0 5 2 7 8 13 10 11 3 4 14 12
1 1 6 9 0 1 5 2 7 8 13 10 11 3 4 14 12
9 1 6 0 9 1 5 2 7 8 13 10 11 3 4 14 12
6 1 0 6 9 1 5 2 7 8 13 10 11 3 4 14 12
12 3 12 6 9 1 5 2 7 8 13 10 11 3 4 14 0
13 3 12 6 9 1 5 2 7 8 0 10 11 3 4 14 13
1 1 12 6 9 0 5 2 7 8 1 10 11 3 4 14 13
9 1 12 6 0 9 5 2 7 8 1 10 11 3 4 14 13
6 1 12 0 6 9 5 2 7 8 1 10 11 3 4 14 13
12 1 0 12 6 9 5 2 7 8 1 10 11 3 4 14 13
13 3 13 12 6 9 5 2 7 8 1 10 11 3 4 14 0
1 3 13 12 6 9 5 2 7 8 0 10 11 3 4 14 1
9 1 13 12 6 0 5 2 7 8 9 10 11 3 4 14 1
6 1 13 12 0 6 5 2 7 8 9 10 11 3 4 14 1
12 1 13 0 12 6 5 2 7 8 9 10 11 3 4 14 1
13 1 0 13 12 6 5 2 7 8 9 10 11 3 4 14 1
2 1 2 13 12 6 5 0 7 8 9 10 11 3 4 14 1
7 1 2 13 12 6 5 7 0 8 9 10 11 3 4 14 1
13 1 2 0 12 6 5 7 13 8 9 10 11 3 4 14 1
2 1 0 2 12 6 5 7 13 8 9 10 11 3 4 14 1
1 3 1 2 12 6 5 7 13 8 9 10 11 3 4 14 0
11 2 1 2 12 6 5 7 13 8 9 10 0 3 4 14 11
13 3 1 2 12 6 5 7 0 8 9 10 13 3 4 14 11
7 1 1 2 12 6 5 0 7 8 9 10 13 3 4 14 11
13 1 1 2 12 6 5 13 7 8 9 10 0 3 4 14 11
11 2 1 2 12 6 5 13 7 8 9 10 11 3 4 14 0
5 2 1 2 12 6 0 13 7 8 9 10 11 3 4 14 5
9 3 1 2 12 6 9 13 7 8 0 10 11 3 4 14 5
6 1 1 2 12 0 9 13 7 8 6 10 11 3 4 14 5
9 1 1 2 12 9 0 13 7 8 6 10 11 3 4 14 5
5 2 1 2 12 9 5 13 7 8 6 10 11 3 4 14 0
6 3 1 2 12 9 5 13 7 8 0 10 11 3 4 14 6
14 1 1 2 12 9 5 13 7 8 14 10 11 3 4 0 6
6 1 1 2 12 9 5 13 7 8 14 10 11 3 4 6 0
14 3 1 2 12 9 5 13 7 8 0 10 11 3 4 6 14
9 1 1 2 12 0 5 13 7 8 9 10 11 3 4 6 14
12 1 1 2 0 12 5 13 7 8 9 10 11 3 4 6 14
8 1 1 2 8 12 5 13 7 0 9 10 11 3 4 6 14
4 1 1 2 8 12 5 13 7 4 9 10 11 3 0 6 14
6 1 1 2 8 12 5 13 7 4 9 10 11 3 6 0 14
14 1 1 2 8 12 5 13 7 4 9 10 11 3 6 14 0
9 3 1 2 8 12 5 13 7 4 0 10 11 3 6 14 9
4 1 1 2 8 12 5 13 7 0 4 10 11 3 6 14 9
8 1 1 2 0 12 5 13 7 8 4 10 11 3 6 14 9
12 1 1 2 12 0 5 13 7 8 4 10 11 3 6 14 9
4 1 1 2 12 4 5 13 7 8 0 10 11 3 6 14 9
10 1 1 2 12 4 5 13 7 8 10 0 11 3 6 14 9
9 1 1 2 12 4 5 13 7 8 10 9 11 3 6 14 0
10 3 1 2 12 4 5 13 7 8 0 9 11 3 6 14 10
9 1 1 2 12 4 5 13 7 8 9 0 11 3 6 14 10
10 1 1 2 12 4 5 13 7 8 9 10 11 3 6 14 0
1 3 0 2 12 4 5 13 7 8 9 10 11 3 6 14 1
13 1 13 2 12 4 5 0 7 8 9 10 11 3 6 14 1
11 1 13 2 12 4 5 11 7 8 9 10 0 3 6 14 1
1 2 13 2 12 4 5 11 7 8 9 10 1 3 6 14 0
13 3 0 2 12 4 5 11 7 8 9 10 1 3 6 14 13
1 2 1 2 12 4 5 11 7 8 9 10 0 3 6 14 13
3 1 1 2 12 4 5 11 7 8 9 10 3 0 6 14 13
6 1 1 2 12 4 5 11 7 8 9 10 3 6 0 14 13
14 1 1 2 12 4 5 11 7 8 9 10 3 6 14 0 13
13 1 1 2 12 4 5 11 7 8 9 10 3 6 14 13 0
3 2 1 2 12 4 5 11 7 8 9 10 0 6 14 13 3
11 1 1 2 12 4 5 0 7 8 9 10 11 6 14 13 3
7 1 1 2 12 4 5 7 0 8 9 10 11 6 14 13 3
6 1 1 2 12 4 5 7 6 8 9 10 11 0 14 13 3
14 1 1 2 12 4 5 7 6 8 9 10 11 14 0 13 3
13 1 1 2 12 4 5 7 6 8 9 10 11 14 13 0 3
3 1 1 2 12 4 5 7 6 8 9 10 11 14 13 3 0
1 3 0 2 12 4 5 7 6 8 9 10 11 14 13 3 1
7 1 7 2 12 4 5 0 6 8 9 10 11 14 13 3 1
6 1 7 2 12 4 5 6 0 8 9 10 11 14 13 3 1
14 1 7 2 12 4 5 6 14 8 9 10 11 0 13 3 1
13 1 7 2 12 4 5 6 14 8 9 10 11 13 0 3 1
3 1 7 2 12 4 5 6 14 8 9 10 11 13 3 0 1
1 1 7 2 12 4 5 6 14 8 9 10 11 13 3 1 0
7 3 0 2 12 4 5 6 14 8 9 10 11 13 3 1 7
14 3 14 2 12 4 5 6 0 8 9 10 11 13 3 1 7
13 1 14 2 12 4 5 6 13 8 9 10 11 0 3 1 7
3 1 14 2 12 4 5 6 13 8 9 10 11 3 0 1 7
1 1 14 2 12 4 5 6 13 8 9 10 11 3 1 0 7
7 1 14 2 12 4 5 6 13 8 9 10 11 3 1 7 0
14 3 0 2 12 4 5 6 13 8 9 10 11 3 1 7 14
13 3 13 2 12 4 5 6 0 8 9 10 11 3 1 7 14
3 1 13 2 12 4 5 6 3 8 9 10 11 0 1 7 14
1 1 13 2 12 4 5 6 3 8 9 10 11 1 0 7 14
7 1 13 2 12 4 5 6 3 8 9 10 11 1 7 0 14
14 1 13 2 12 4 5 6 3 8 9 10 11 1 7 14 0
13 3 0 2 12 4 5 6 3 8 9 10 11 1 7 14 13
3 3 3 2 12 4 5 6 0 8 9 10 11 1 7 14 13
1 1 3 2 12 4 5 6 1 8 9 10 11 0 7 14 13
7 1 3 2 12 4 5 6 1 8 9 10 11 7 0 14 13
14 1 3 2 12 4 5 6 1 8 9 10 11 7 14 0 13
13 1 3 2 12 4 5 6 1 8 9 10 11 7 14 13 0
3 3 0 2 12 4 5 6 1 8 9 10 11 7 14 13 3
1 3 1 2 12 4 5 6 0 8 9 10 11 7 14 13 3
7 1 1 2 12 4 5 6 7 8 9 10 11 0 14 13 3
14 1 1 2 12 4 5 6 7 8 9 10 11 14 0 13 3
13 1 1 2 12 4 5 6 7 8 9 10 11 14 13 0 3
3 1 1 2 12 4 5 6 7 8 9 10 11 14 13 3 0
11 2 1 2 12 4 5 6 7 8 9 10 0 14 13 3 11
7 3 1 2 12 4 5 6 0 8 9 10 7 14 13 3 11
14 1 1 2 12 4 5 6 14 8 9 10 7 0 13 3 11
7 1 1 2 12 4 5 6 14 8 9 10 0 7 13 3 11
11 2 1 2 12 4 5 6 14 8 9 10 11 7 13 3 0
1 3 0 2 12 4 5 6 14 8 9 10 11 7 13 3 1
14 3 14 2 12 4 5 6 0 8 9 10 11 7 13 3 1
7 1 14 2 12 4 5 6 7 8 9 10 11 0 13 3 1
11 1 14 2 12 4 5 6 7 8 9 10 0 11 13 3 1
1 2 14 2 12 4 5 6 7 8 9 10 1 11 13 3 0
14 3 0 2 12 4 5 6 7 8 9 10 1 11 13 3 14
1 2 1 2 12 4 5 6 7 8 9 10 0 11 13 3 14
11 1 1 2 12 4 5 6 7 8 9 10 11 0 13 3 14
13 1 1 2 12 4 5 6 7 8 9 10 11 13 0 3 14
3 1 1 2 12 4 5 6 7 8 9 10 11 13 3 0 14
14 1 1 2 12 4 5 6 7 8 9 10 11 13 3 14 0
9 3 1 2 12 4 5 6 7 8 0 10 11 13 3 14 9
14 1 1 2 12 4 5 6 7 8 14 10 11 13 3 0 9
3 1 1 2 12 4 5 6 7 8 14 10 11 13 0 3 9
13 1 1 2 12 4 5 6 7 8 14 10 11 0 13 3 9
11 1 1 2 12 4 5 6 7 8 14 10 0 11 13 3 9
9 2 1 2 12 4 5 6 7 8 14 10 9 11 13 3 0
14 3 1 2 12 4 5 6 7 8 0 10 9 11 13 3 14
3 1 1 2 12 4 5 6 7 8 3 10 9 11 13 0 14
14 1 1 2 12 4 5 6 7 8 3 10 9 11 13 14 0
9 2 1 2 12 4 5 6 7 8 3 10 0 11 13 14 9
11 1 1 2 12 4 5 6 7 8 3 10 11 0 13 14 9
13 1 1 2 12 4 5 6 7 8 3 10 11 13 0 14 9
14 1 1 2 12 4 5 6 7 8 3 10 11 13 14 0 9
9 1 1 2 12 4 5 6 7 8 3 10 11 13 14 9 0
3 3 1 2 12 4 5 6 7 8 0 10 11 13 14 9 3
9 1 1 2 12 4 5 6 7 8 9 10 11 13 14 0 3
14 1 1 2 12 4 5 6 7 8 9 10 11 13 0 14 3
13 1 1 2 12 4 5 6 7 8 9 10 11 0 13 14 3
11 1 1 2 12 4 5 6 7 8 9 10 0 11 13 14 3
7 3 1 2 12 4 5 6 0 8 9 10 7 11 13 14 3
11 1 1 2 12 4 5 6 11 8 9 10 7 0 13 14 3
7 1 1 2 12 4 5 6 11 8 9 10 0 7 13 14 3
3 2 1 2 12 4 5 6 11 8 9 10 3 7 13 14 0
1 3 0 2 12 4 5 6 11 8 9 10 3 7 13 14 1
11 3 11 2 12 4 5 6 0 8 9 10 3 7 13 14 1
7 1 11 2 12 4 5 6 7 8 9 10 3 0 13 14 1
3 1 11 2 12 4 5 6 7 8 9 10 0 3 13 14 1
11 2 0 2 12 4 5 6 7 8 9 10 11 3 13 14 1
7 3 7 2 12 4 5 6 0 8 9 10 11 3 13 14 1
2 1 7 0 12 4 5 6 2 8 9 10 11 3 13 14 1
7 1 0 7 12 4 5 6 2 8 9 10 11 3 13 14 1
1 3 1 7 12 4 5 6 2 8 9 10 11 3 13 14 0
11 2 1 7 12 4 5 6 2 8 9 10 0 3 13 14 11
2 3 1 7 12 4 5 6 0 8 9 10 2 3 13 14 11
7 1 1 0 12 4 5 6 7 8 9 10 2 3 13 14 11
1 1 0 1 12 4 5 6 7 8 9 10 2 3 13 14 11
11 3 11 1 12 4 5 6 7 8 9 10 2 3 13 14 0
2 2 11 1 12 4 5 6 7 8 9 10 0 3 13 14 2
11 2 0 1 12 4 5 6 7 8 9 10 11 3 13 14 2
1 1 1 0 12 4 5 6 7 8 9 10 11 3 13 14 2
7 1 1 7 12 4 5 6 0 8 9 10 11 3 13 14 2
3 1 1 7 12 4 5 6 3 8 9 10 11 0 13 14 2
11 1 1 7 12 4 5 6 3 8 9 10 0 11 13 14 2
3 3 1 7 12 4 5 6 0 8 9 10 3 11 13 14 2
7 1 1 0 12 4 5 6 7 8 9 10 3 11 13 14 2
1 1 0 1 12 4 5 6 7 8 9 10 3 11 13 14 2
3 2 3 1 12 4 5 6 7 8 9 10 0 11 13 14 2
11 1 3 1 12 4 5 6 7 8 9 10 11 0 13 14 2
7 1 3 1 12 4 5 6 0 8 9 10 11 7 13 14 2
1 1 3 0 12 4 5 6 1 8 9 10 11 7 13 14 2
3 1 0 3 12 4 5 6 1 8 9 10 11 7 13 14 2
1 3 1 3 12 4 5 6 0 8 9 10 11 7 13 14 2
8 1 1 3 12 4 5 6 8 0 9 10 11 7 13 14 2
12 1 1 3 0 4 5 6 8 12 9 10 11 7 13 14 2
3 1 1 0 3 4 5 6 8 12 9 10 11 7 13 14 2
8 1 1 8 3 4 5 6 0 12 9 10 11 7 13 14 2
7 1 1 8 3 4 5 6 7 12 9 10 11 0 13 14 2
11 1 1 8 3 4 5 6 7 12 9 10 0 11 13 14 2
1 2 0 8 3 4 5 6 7 12 9 10 1 11 13 14 2
2 3 2 8 3 4 5 6 7 12 9 10 1 11 13 14 0
1 2 2 8 3 4 5 6 7 12 9 10 0 11 13 14 1
11 1 2 8 3 4 5 6 7 12 9 10 11 0 13 14 1
7 1 2 8 3 4 5 6 0 12 9 10 11 7 13 14 1
8 1 2 0 3 4 5 6 8 12 9 10 11 7 13 14 1
2 1 0 2 3 4 5 6 8 12 9 10 11 7 13 14 1
1 3 1 2 3 4 5 6 8 12 9 10 11 7 13 14 0
9 3 1 2 3 4 5 6 8 12 0 10 11 7 13 14 9
12 1 1 2 3 4 5 6 8 0 12 10 11 7 13 14 9
8 1 1 2 3 4 5 6 0 8 12 10 11 7 13 14 9
7 1 1 2 3 4 5 6 7 8 12 10 11 0 13 14 9
13 1 1 2 3 4 5 6 7 8 12 10 11 13 0 14 9
14 1 1 2 3 4 5 6 7 8 12 10 11 13 14 0 9
9 1 1 2 3 4 5 6 7 8 12 10 11 13 14 9 0
12 3 1 2 3 4 5 6 7 8 0 10 11 13 14 9 12
9 1 1 2 3 4 5 6 7 8 9 10 11 13 14 0 12
14 1 1 2 3 4 5 6 7 8 9 10 11 13 0 14 12
13 1 1 2 3 4 5 6 7 8 9 10 11 0 13 14 12
11 1 1 2 3 4 5 6 7 8 9 10 0 11 13 14 12
12 2 1 2 3 4 5 6 7 8 9 10 12 11 13 14 0
1 3 0 2 3 4 5 6 7 8 9 10 12 11 13 14 1
6 1 6 2 3 4 5 0 7 8 9 10 12 11 13 14 1
12 1 6 2 3 4 5 12 7 8 9 10 0 11 13 14 1
1 2 6 2 3 4 5 12 7 8 9 10 1 11 13 14 0
6 3 0 2 3 4 5 12 7 8 9 10 1 11 13 14 6
1 2 1 2 3 4 5 12 7 8 9 10 0 11 13 14 6
12 1 1 2 3 4 5 0 7 8 9 10 12 11 13 14 6
7 1 1 2 3 4 5 7 0 8 9 10 12 11 13 14 6
11 1 1 2 3 4 5 7 11 8 9 10 12 0 13 14 6
12 1 1 2 3 4 5 7 11 8 9 10 0 12 13 14 6
11 3 1 2 3 4 5 7 0 8 9 10 11 12 13 14 6
7 1 1 2 3 4 5 0 7 8 9 10 11 12 13 14 6
11 1 1 2 3 4 5 11 7 8 9 10 0 12 13 14 6
6 2 1 2 3 4 5 11 7 8 9 10 6 12 13 14 0
1 3 0 2 3 4 5 11 7 8 9 10 6 12 13 14 1
11 1 11 2 3 4 5 0 7 8 9 10 6 12 13 14 1
6 1 11 2 3 4 5 6 7 8 9 10 0 12 13 14 1
11 2 0 2 3 4 5 6 7 8 9 10 11 12 13 14 1
1 3 1 2 3 4 5 6 7 8 9 10 11 12 13 14 0
598 9.67