0 0 6 12 14 13 1 8 4 7 11 5 3 10 9 0 2
2 1 6 12 14 13 1 8 4 7 11 5 3 10 9 2 0
6 3 0 12 14 13 1 8 4 7 11 5 3 10 9 2 6
1 2 1 12 14 13 0 8 4 7 11 5 3 10 9 2 6
13 1 1 12 14 0 13 8 4 7 11 5 3 10 9 2 6
14 1 1 12 0 14 13 8 4 7 11 5 3 10 9 2 6
7 1 1 12 7 14 13 8 4 0 11 5 3 10 9 2 6
4 1 1 12 7 14 13 8 0 4 11 5 3 10 9 2 6
8 1 1 12 7 14 13 0 8 4 11 5 3 10 9 2 6
3 1 1 12 7 14 13 3 8 4 11 5 0 10 9 2 6
8 3 1 12 7 14 13 3 0 4 11 5 8 10 9 2 6
3 1 1 12 7 14 13 0 3 4 11 5 8 10 9 2 6
8 1 1 12 7 14 13 8 3 4 11 5 0 10 9 2 6
10 1 1 12 7 14 13 8 3 4 11 5 10 0 9 2 6
3 1 1 12 7 14 13 8 0 4 11 5 10 3 9 2 6
8 1 1 12 7 14 13 0 8 4 11 5 10 3 9 2 6
10 1 1 12 7 14 13 10 8 4 11 5 0 3 9 2 6
3 1 1 12 7 14 13 10 8 4 11 5 3 0 9 2 6
8 1 1 12 7 14 13 10 0 4 11 5 3 8 9 2 6
4 1 1 12 7 14 13 10 4 0 11 5 3 8 9 2 6
11 1 1 12 7 14 13 10 4 11 0 5 3 8 9 2 6
5 1 1 12 7 14 13 10 4 11 5 0 3 8 9 2 6
6 1 1 12 7 14 13 10 4 11 5 6 3 8 9 2 0
5 3 1 12 7 14 13 10 4 11 0 6 3 8 9 2 5
11 1 1 12 7 14 13 10 4 0 11 6 3 8 9 2 5
9 1 1 12 7 14 13 10 4 9 11 6 3 8 0 2 5
8 1 1 12 7 14 13 10 4 9 11 6 3 0 8 2 5
4 1 1 12 7 14 13 10 0 9 11 6 3 4 8 2 5
9 1 1 12 7 14 13 10 9 0 11 6 3 4 8 2 5
8 1 1 12 7 14 13 10 9 8 11 6 3 4 0 2 5
2 1 1 12 7 14 13 10 9 8 11 6 3 4 2 0 5
5 1 1 12 7 14 13 10 9 8 11 6 3 4 2 5 0
6 1 1 12 7 14 13 10 9 8 11 0 3 4 2 5 6
11 1 1 12 7 14 13 10 9 8 0 11 3 4 2 5 6
5 1 1 12 7 14 13 10 9 8 5 11 3 4 2 0 6
6 1 1 12 7 14 13 10 9 8 5 11 3 4 2 6 0
5 3 1 12 7 14 13 10 9 8 0 11 3 4 2 6 5
11 1 1 12 7 14 13 10 9 8 11 0 3 4 2 6 5
5 1 1 12 7 14 13 10 9 8 11 5 3 4 2 6 0
6 1 1 12 7 14 13 10 9 8 11 5 3 4 2 0 6
2 1 1 12 7 14 13 10 9 8 11 5 3 4 0 2 6
4 1 1 12 7 14 13 10 9 8 11 5 3 0 4 2 6
9 1 1 12 7 14 13 10 0 8 11 5 3 9 4 2 6
12 1 1 0 7 14 13 10 12 8 11 5 3 9 4 2 6
1 1 0 1 7 14 13 10 12 8 11 5 3 9 4 2 6
6 3 6 1 7 14 13 10 12 8 11 5 3 9 4 2 0
2 1 6 1 7 14 13 10 12 8 11 5 3 9 4 0 2
4 1 6 1 7 14 13 10 12 8 11 5 3 9 0 4 2
9 1 6 1 7 14 13 10 12 8 11 5 3 0 9 4 2
12 1 6 1 7 14 13 10 0 8 11 5 3 12 9 4 2
1 1 6 0 7 14 13 10 1 8 11 5 3 12 9 4 2
6 1 0 6 7 14 13 10 1 8 11 5 3 12 9 4 2
1 3 1 6 7 14 13 10 0 8 11 5 3 12 9 4 2
10 1 1 6 7 14 13 0 10 8 11 5 3 12 9 4 2
3 1 1 6 7 14 13 3 10 8 11 5 0 12 9 4 2
10 3 1 6 7 14 13 3 0 8 11 5 10 12 9 4 2
12 1 1 6 7 14 13 3 12 8 11 5 10 0 9 4 2
10 1 1 6 7 14 13 3 12 8 11 5 0 10 9 4 2
3 1 1 6 7 14 13 0 12 8 11 5 3 10 9 4 2
12 1 1 6 7 14 13 12 0 8 11 5 3 10 9 4 2
6 1 1 0 7 14 13 12 6 8 11 5 3 10 9 4 2
1 1 0 1 7 14 13 12 6 8 11 5 3 10 9 4 2
12 1 12 1 7 14 13 0 6 8 11 5 3 10 9 4 2
6 1 12 1 7 14 13 6 0 8 11 5 3 10 9 4 2
1 1 12 0 7 14 13 6 1 8 11 5 3 10 9 4 2
12 1 0 12 7 14 13 6 1 8 11 5 3 10 9 4 2
1 3 1 12 7 14 13 6 0 8 11 5 3 10 9 4 2
10 1 1 12 7 14 13 6 10 8 11 5 3 0 9 4 2
3 1 1 12 7 14 13 6 10 8 11 5 0 3 9 4 2
10 3 1 12 7 14 13 6 0 8 11 5 10 3 9 4 2
6 1 1 12 7 14 13 0 6 8 11 5 10 3 9 4 2
10 1 1 12 7 14 13 10 6 8 11 5 0 3 9 4 2
3 1 1 12 7 14 13 10 6 8 11 5 3 0 9 4 2
6 1 1 12 7 14 13 10 0 8 11 5 3 6 9 4 2
12 1 1 0 7 14 13 10 12 8 11 5 3 6 9 4 2
1 1 0 1 7 14 13 10 12 8 11 5 3 6 9 4 2
12 3 12 1 7 14 13 10 0 8 11 5 3 6 9 4 2
10 1 12 1 7 14 13 0 10 8 11 5 3 6 9 4 2
3 1 12 1 7 14 13 3 10 8 11 5 0 6 9 4 2
2 2 12 1 7 14 13 3 10 8 11 5 2 6 9 4 0
12 3 0 1 7 14 13 3 10 8 11 5 2 6 9 4 12
1 1 1 0 7 14 13 3 10 8 11 5 2 6 9 4 12
10 1 1 10 7 14 13 3 0 8 11 5 2 6 9 4 12
3 1 1 10 7 14 13 0 3 8 11 5 2 6 9 4 12
2 1 1 10 7 14 13 2 3 8 11 5 0 6 9 4 12
3 3 1 10 7 14 13 2 0 8 11 5 3 6 9 4 12
10 1 1 0 7 14 13 2 10 8 11 5 3 6 9 4 12
1 1 0 1 7 14 13 2 10 8 11 5 3 6 9 4 12
10 3 10 1 7 14 13 2 0 8 11 5 3 6 9 4 12
1 1 10 0 7 14 13 2 1 8 11 5 3 6 9 4 12
10 1 0 10 7 14 13 2 1 8 11 5 3 6 9 4 12
12 3 12 10 7 14 13 2 1 8 11 5 3 6 9 4 0
13 2 12 10 7 14 0 2 1 8 11 5 3 6 9 4 13
12 2 0 10 7 14 12 2 1 8 11 5 3 6 9 4 13
13 3 13 10 7 14 12 2 1 8 11 5 3 6 9 4 0
5 1 13 10 7 14 12 2 1 8 11 0 3 6 9 4 5
12 1 13 10 7 14 0 2 1 8 11 12 3 6 9 4 5
13 2 0 10 7 14 13 2 1 8 11 12 3 6 9 4 5
1 3 1 10 7 14 13 2 0 8 11 12 3 6 9 4 5
8 1 1 10 7 14 13 2 8 0 11 12 3 6 9 4 5
11 1 1 10 7 14 13 2 8 11 0 12 3 6 9 4 5
12 1 1 10 7 14 13 2 8 11 12 0 3 6 9 4 5
5 1 1 10 7 14 13 2 8 11 12 5 3 6 9 4 0
4 1 1 10 7 14 13 2 8 11 12 5 3 6 9 0 4
12 1 1 10 7 14 13 2 8 11 0 5 3 6 9 12 4
11 1 1 10 7 14 13 2 8 0 11 5 3 6 9 12 4
8 1 1 10 7 14 13 2 0 8 11 5 3 6 9 12 4
10 1 1 0 7 14 13 2 10 8 11 5 3 6 9 12 4
1 1 0 1 7 14 13 2 10 8 11 5 3 6 9 12 4
10 3 10 1 7 14 13 2 0 8 11 5 3 6 9 12 4
1 1 10 0 7 14 13 2 1 8 11 5 3 6 9 12 4
10 1 0 10 7 14 13 2 1 8 11 5 3 6 9 12 4
4 3 4 10 7 14 13 2 1 8 11 5 3 6 9 12 0
3 2 4 10 7 14 13 2 1 8 11 5 0 6 9 12 3
1 3 4 10 7 14 13 2 0 8 11 5 1 6 9 12 3
10 1 4 0 7 14 13 2 10 8 11 5 1 6 9 12 3
4 1 0 4 7 14 13 2 10 8 11 5 1 6 9 12 3
1 2 1 4 7 14 13 2 10 8 11 5 0 6 9 12 3
3 2 1 4 7 14 13 2 10 8 11 5 3 6 9 12 0
13 2 1 4 7 14 0 2 10 8 11 5 3 6 9 12 13
11 3 1 4 7 14 11 2 10 8 0 5 3 6 9 12 13
14 1 1 4 7 0 11 2 10 8 14 5 3 6 9 12 13
11 1 1 4 7 11 0 2 10 8 14 5 3 6 9 12 13
13 2 1 4 7 11 13 2 10 8 14 5 3 6 9 12 0
14 3 1 4 7 11 13 2 10 8 0 5 3 6 9 12 14
11 1 1 4 7 0 13 2 10 8 11 5 3 6 9 12 14
13 1 1 4 7 13 0 2 10 8 11 5 3 6 9 12 14
14 2 1 4 7 13 14 2 10 8 11 5 3 6 9 12 0
5 1 1 4 7 13 14 2 10 8 11 0 3 6 9 12 5
14 1 1 4 7 13 0 2 10 8 11 14 3 6 9 12 5
3 3 1 4 7 13 3 2 10 8 11 14 0 6 9 12 5
5 2 1 4 7 13 3 2 10 8 11 14 5 6 9 12 0
3 2 1 4 7 13 0 2 10 8 11 14 5 6 9 12 3
13 1 1 4 7 0 13 2 10 8 11 14 5 6 9 12 3
11 1 1 4 7 11 13 2 10 8 0 14 5 6 9 12 3
12 1 1 4 7 11 13 2 10 8 12 14 5 6 9 0 3
3 1 1 4 7 11 13 2 10 8 12 14 5 6 9 3 0
12 3 1 4 7 11 13 2 10 8 0 14 5 6 9 3 12
3 1 1 4 7 11 13 2 10 8 3 14 5 6 9 0 12
12 1 1 4 7 11 13 2 10 8 3 14 5 6 9 12 0
5 2 1 4 7 11 13 2 10 8 3 14 0 6 9 12 5
10 3 1 4 7 11 13 2 0 8 3 14 10 6 9 12 5
8 1 1 4 7 11 13 2 8 0 3 14 10 6 9 12 5
3 1 1 4 7 11 13 2 8 3 0 14 10 6 9 12 5
11 1 1 4 7 0 13 2 8 3 11 14 10 6 9 12 5
13 1 1 4 7 13 0 2 8 3 11 14 10 6 9 12 5
5 2 1 4 7 13 5 2 8 3 11 14 10 6 9 12 0
10 2 1 4 7 13 5 2 8 3 11 14 0 6 9 12 10
5 3 1 4 7 13 0 2 8 3 11 14 5 6 9 12 10
13 1 1 4 7 0 13 2 8 3 11 14 5 6 9 12 10
7 1 1 4 0 7 13 2 8 3 11 14 5 6 9 12 10
3 1 1 4 3 7 13 2 8 0 11 14 5 6 9 12 10
8 1 1 4 3 7 13 2 0 8 11 14 5 6 9 12 10
2 1 1 4 3 7 13 0 2 8 11 14 5 6 9 12 10
5 1 1 4 3 7 13 5 2 8 11 14 0 6 9 12 10
2 3 1 4 3 7 13 5 0 8 11 14 2 6 9 12 10
5 1 1 4 3 7 13 0 5 8 11 14 2 6 9 12 10
2 1 1 4 3 7 13 2 5 8 11 14 0 6 9 12 10
13 3 1 4 3 7 0 2 5 8 11 14 13 6 9 12 10
11 3 1 4 3 7 11 2 5 8 0 14 13 6 9 12 10
7 1 1 4 3 0 11 2 5 8 7 14 13 6 9 12 10
11 1 1 4 3 11 0 2 5 8 7 14 13 6 9 12 10
10 2 1 4 3 11 10 2 5 8 7 14 13 6 9 12 0
7 3 1 4 3 11 10 2 5 8 0 14 13 6 9 12 7
11 1 1 4 3 0 10 2 5 8 11 14 13 6 9 12 7
10 1 1 4 3 10 0 2 5 8 11 14 13 6 9 12 7
11 3 1 4 3 10 11 2 5 8 0 14 13 6 9 12 7
10 1 1 4 3 0 11 2 5 8 10 14 13 6 9 12 7
11 1 1 4 3 11 0 2 5 8 10 14 13 6 9 12 7
13 3 1 4 3 11 13 2 5 8 10 14 0 6 9 12 7
7 2 1 4 3 11 13 2 5 8 10 14 7 6 9 12 0
1 3 0 4 3 11 13 2 5 8 10 14 7 6 9 12 1
7 2 7 4 3 11 13 2 5 8 10 14 0 6 9 12 1
1 2 7 4 3 11 13 2 5 8 10 14 1 6 9 12 0
10 3 7 4 3 11 13 2 5 8 0 14 1 6 9 12 10
11 1 7 4 3 0 13 2 5 8 11 14 1 6 9 12 10
3 1 7 4 0 3 13 2 5 8 11 14 1 6 9 12 10
4 1 7 0 4 3 13 2 5 8 11 14 1 6 9 12 10
7 1 0 7 4 3 13 2 5 8 11 14 1 6 9 12 10
1 2 1 7 4 3 13 2 5 8 11 14 0 6 9 12 10
13 3 1 7 4 3 0 2 5 8 11 14 13 6 9 12 10
3 1 1 7 4 0 3 2 5 8 11 14 13 6 9 12 10
4 1 1 7 0 4 3 2 5 8 11 14 13 6 9 12 10
7 1 1 0 7 4 3 2 5 8 11 14 13 6 9 12 10
1 1 0 1 7 4 3 2 5 8 11 14 13 6 9 12 10
10 3 10 1 7 4 3 2 5 8 11 14 13 6 9 12 0
3 2 10 1 7 4 0 2 5 8 11 14 13 6 9 12 3
13 3 10 1 7 4 13 2 5 8 11 14 0 6 9 12 3
3 2 10 1 7 4 13 2 5 8 11 14 3 6 9 12 0
13 2 10 1 7 4 0 2 5 8 11 14 3 6 9 12 13
10 2 0 1 7 4 10 2 5 8 11 14 3 6 9 12 13
1 1 1 0 7 4 10 2 5 8 11 14 3 6 9 12 13
7 1 1 7 0 4 10 2 5 8 11 14 3 6 9 12 13
4 1 1 7 4 0 10 2 5 8 11 14 3 6 9 12 13
10 1 1 7 4 10 0 2 5 8 11 14 3 6 9 12 13
13 2 1 7 4 10 13 2 5 8 11 14 3 6 9 12 0
11 3 1 7 4 10 13 2 5 8 0 14 3 6 9 12 11
8 1 1 7 4 10 13 2 5 0 8 14 3 6 9 12 11
4 1 1 7 0 10 13 2 5 4 8 14 3 6 9 12 11
7 1 1 0 7 10 13 2 5 4 8 14 3 6 9 12 11
5 1 1 5 7 10 13 2 0 4 8 14 3 6 9 12 11
4 1 1 5 7 10 13 2 4 0 8 14 3 6 9 12 11
8 1 1 5 7 10 13 2 4 8 0 14 3 6 9 12 11
14 1 1 5 7 10 13 2 4 8 14 0 3 6 9 12 11
11 1 1 5 7 10 13 2 4 8 14 11 3 6 9 12 0
14 3 1 5 7 10 13 2 4 8 0 11 3 6 9 12 14
11 1 1 5 7 10 13 2 4 8 11 0 3 6 9 12 14
14 1 1 5 7 10 13 2 4 8 11 14 3 6 9 12 0
1 3 0 5 7 10 13 2 4 8 11 14 3 6 9 12 1
4 3 4 5 7 10 13 2 0 8 11 14 3 6 9 12 1
5 1 4 0 7 10 13 2 5 8 11 14 3 6 9 12 1
4 1 0 4 7 10 13 2 5 8 11 14 3 6 9 12 1
1 3 1 4 7 10 13 2 5 8 11 14 3 6 9 12 0
320 11.71