0 0 2 3 1 12 5 11 7 9 13 14 4 6 8 0 10
10 1 2 3 1 12 5 11 7 9 13 14 4 6 8 10 0
13 3 2 3 1 12 5 11 7 9 0 14 4 6 8 10 13
9 1 2 3 1 12 5 11 7 0 9 14 4 6 8 10 13
8 1 2 3 1 12 5 11 7 8 9 14 4 6 0 10 13
10 1 2 3 1 12 5 11 7 8 9 14 4 6 10 0 13
13 1 2 3 1 12 5 11 7 8 9 14 4 6 10 13 0
2 3 0 3 1 12 5 11 7 8 9 14 4 6 10 13 2
4 2 4 3 1 12 5 11 7 8 9 14 0 6 10 13 2
11 1 4 3 1 12 5 0 7 8 9 14 11 6 10 13 2
7 1 4 3 1 12 5 7 0 8 9 14 11 6 10 13 2
6 1 4 3 1 12 5 7 6 8 9 14 11 0 10 13 2
10 1 4 3 1 12 5 7 6 8 9 14 11 10 0 13 2
13 1 4 3 1 12 5 7 6 8 9 14 11 10 13 0 2
2 1 4 3 1 12 5 7 6 8 9 14 11 10 13 2 0
4 3 0 3 1 12 5 7 6 8 9 14 11 10 13 2 4
6 3 6 3 1 12 5 7 0 8 9 14 11 10 13 2 4
7 1 6 3 1 12 5 0 7 8 9 14 11 10 13 2 4
11 1 6 3 1 12 5 11 7 8 9 14 0 10 13 2 4
4 2 6 3 1 12 5 11 7 8 9 14 4 10 13 2 0
6 3 0 3 1 12 5 11 7 8 9 14 4 10 13 2 6
4 2 4 3 1 12 5 11 7 8 9 14 0 10 13 2 6
11 1 4 3 1 12 5 0 7 8 9 14 11 10 13 2 6
7 1 4 3 1 12 5 7 0 8 9 14 11 10 13 2 6
3 1 4 0 1 12 5 7 3 8 9 14 11 10 13 2 6
4 1 0 4 1 12 5 7 3 8 9 14 11 10 13 2 6
3 3 3 4 1 12 5 7 0 8 9 14 11 10 13 2 6
7 1 3 4 1 12 5 0 7 8 9 14 11 10 13 2 6
11 1 3 4 1 12 5 11 7 8 9 14 0 10 13 2 6
3 2 0 4 1 12 5 11 7 8 9 14 3 10 13 2 6
11 1 11 4 1 12 5 0 7 8 9 14 3 10 13 2 6
3 1 11 4 1 12 5 3 7 8 9 14 0 10 13 2 6
6 2 11 4 1 12 5 3 7 8 9 14 6 10 13 2 0
11 3 0 4 1 12 5 3 7 8 9 14 6 10 13 2 11
3 1 3 4 1 12 5 0 7 8 9 14 6 10 13 2 11
6 1 3 4 1 12 5 6 7 8 9 14 0 10 13 2 11
11 2 3 4 1 12 5 6 7 8 9 14 11 10 13 2 0
14 1 3 4 1 12 5 6 7 8 9 0 11 10 13 2 14
9 1 3 4 1 12 5 6 7 8 0 9 11 10 13 2 14
2 1 3 4 1 12 5 6 7 8 2 9 11 10 13 0 14
14 1 3 4 1 12 5 6 7 8 2 9 11 10 13 14 0
2 3 3 4 1 12 5 6 7 8 0 9 11 10 13 14 2
9 1 3 4 1 12 5 6 7 8 9 0 11 10 13 14 2
2 1 3 4 1 12 5 6 7 8 9 2 11 10 13 14 0
3 3 0 4 1 12 5 6 7 8 9 2 11 10 13 14 3
4 1 4 0 1 12 5 6 7 8 9 2 11 10 13 14 3
1 1 4 1 0 12 5 6 7 8 9 2 11 10 13 14 3
12 1 4 1 12 0 5 6 7 8 9 2 11 10 13 14 3
5 1 4 1 12 5 0 6 7 8 9 2 11 10 13 14 3
3 2 4 1 12 5 3 6 7 8 9 2 11 10 13 14 0
4 3 0 1 12 5 3 6 7 8 9 2 11 10 13 14 4
1 1 1 0 12 5 3 6 7 8 9 2 11 10 13 14 4
12 1 1 12 0 5 3 6 7 8 9 2 11 10 13 14 4
5 1 1 12 5 0 3 6 7 8 9 2 11 10 13 14 4
3 1 1 12 5 3 0 6 7 8 9 2 11 10 13 14 4
2 1 1 12 5 3 2 6 7 8 9 0 11 10 13 14 4
9 1 1 12 5 3 2 6 7 8 0 9 11 10 13 14 4
3 1 1 12 5 0 2 6 7 8 3 9 11 10 13 14 4
2 1 1 12 5 2 0 6 7 8 3 9 11 10 13 14 4
4 2 1 12 5 2 4 6 7 8 3 9 11 10 13 14 0
3 3 1 12 5 2 4 6 7 8 0 9 11 10 13 14 3
9 1 1 12 5 2 4 6 7 8 9 0 11 10 13 14 3
4 1 1 12 5 2 0 6 7 8 9 4 11 10 13 14 3
2 1 1 12 5 0 2 6 7 8 9 4 11 10 13 14 3
5 1 1 12 0 5 2 6 7 8 9 4 11 10 13 14 3
12 1 1 0 12 5 2 6 7 8 9 4 11 10 13 14 3
1 1 0 1 12 5 2 6 7 8 9 4 11 10 13 14 3
3 3 3 1 12 5 2 6 7 8 9 4 11 10 13 14 0
2 2 3 1 12 5 0 6 7 8 9 4 11 10 13 14 2
5 1 3 1 12 0 5 6 7 8 9 4 11 10 13 14 2
12 1 3 1 0 12 5 6 7 8 9 4 11 10 13 14 2
1 1 3 0 1 12 5 6 7 8 9 4 11 10 13 14 2
3 1 0 3 1 12 5 6 7 8 9 4 11 10 13 14 2
2 3 2 3 1 12 5 6 7 8 9 4 11 10 13 14 0
4 1 2 3 1 12 5 6 7 8 9 0 11 10 13 14 4
9 1 2 3 1 12 5 6 7 8 0 9 11 10 13 14 4
12 1 2 3 1 0 5 6 7 8 12 9 11 10 13 14 4
1 1 2 3 0 1 5 6 7 8 12 9 11 10 13 14 4
3 1 2 0 3 1 5 6 7 8 12 9 11 10 13 14 4
2 1 0 2 3 1 5 6 7 8 12 9 11 10 13 14 4
4 3 4 2 3 1 5 6 7 8 12 9 11 10 13 14 0
12 3 4 2 3 1 5 6 7 8 0 9 11 10 13 14 12
9 1 4 2 3 1 5 6 7 8 9 0 11 10 13 14 12
12 1 4 2 3 1 5 6 7 8 9 12 11 10 13 14 0
4 3 0 2 3 1 5 6 7 8 9 12 11 10 13 14 4
5 2 5 2 3 1 0 6 7 8 9 12 11 10 13 14 4
4 2 5 2 3 1 4 6 7 8 9 12 11 10 13 14 0
12 1 5 2 3 1 4 6 7 8 9 0 11 10 13 14 12
4 1 5 2 3 1 0 6 7 8 9 4 11 10 13 14 12
5 2 0 2 3 1 5 6 7 8 9 4 11 10 13 14 12
12 3 12 2 3 1 5 6 7 8 9 4 11 10 13 14 0
9 3 12 2 3 1 5 6 7 8 0 4 11 10 13 14 9
1 1 12 2 3 0 5 6 7 8 1 4 11 10 13 14 9
5 1 12 2 3 5 0 6 7 8 1 4 11 10 13 14 9
9 2 12 2 3 5 9 6 7 8 1 4 11 10 13 14 0
1 3 12 2 3 5 9 6 7 8 0 4 11 10 13 14 1
4 1 12 2 3 5 9 6 7 8 4 0 11 10 13 14 1
1 1 12 2 3 5 9 6 7 8 4 1 11 10 13 14 0
4 3 12 2 3 5 9 6 7 8 0 1 11 10 13 14 4
5 1 12 2 3 0 9 6 7 8 5 1 11 10 13 14 4
9 1 12 2 3 9 0 6 7 8 5 1 11 10 13 14 4
5 3 12 2 3 9 5 6 7 8 0 1 11 10 13 14 4
9 1 12 2 3 0 5 6 7 8 9 1 11 10 13 14 4
5 1 12 2 3 5 0 6 7 8 9 1 11 10 13 14 4
4 2 12 2 3 5 4 6 7 8 9 1 11 10 13 14 0
12 3 0 2 3 5 4 6 7 8 9 1 11 10 13 14 12
4 2 4 2 3 5 0 6 7 8 9 1 11 10 13 14 12
5 1 4 2 3 0 5 6 7 8 9 1 11 10 13 14 12
9 1 4 2 3 9 5 6 7 8 0 1 11 10 13 14 12
1 1 4 2 3 9 5 6 7 8 1 0 11 10 13 14 12
12 1 4 2 3 9 5 6 7 8 1 12 11 10 13 14 0
1 3 4 2 3 9 5 6 7 8 0 12 11 10 13 14 1
9 1 4 2 3 0 5 6 7 8 9 12 11 10 13 14 1
5 1 4 2 3 5 0 6 7 8 9 12 11 10 13 14 1
1 2 4 2 3 5 1 6 7 8 9 12 11 10 13 14 0
4 3 0 2 3 5 1 6 7 8 9 12 11 10 13 14 4
1 2 1 2 3 5 0 6 7 8 9 12 11 10 13 14 4
12 1 1 2 3 5 12 6 7 8 9 0 11 10 13 14 4
9 1 1 2 3 5 12 6 7 8 0 9 11 10 13 14 4
5 1 1 2 3 0 12 6 7 8 5 9 11 10 13 14 4
12 1 1 2 3 12 0 6 7 8 5 9 11 10 13 14 4
5 3 1 2 3 12 5 6 7 8 0 9 11 10 13 14 4
9 1 1 2 3 12 5 6 7 8 9 0 11 10 13 14 4
4 1 1 2 3 12 5 6 7 8 9 4 11 10 13 14 0
5 2 1 2 3 12 0 6 7 8 9 4 11 10 13 14 5
4 1 1 2 3 12 4 6 7 8 9 0 11 10 13 14 5
5 1 1 2 3 12 4 6 7 8 9 5 11 10 13 14 0
9 3 1 2 3 12 4 6 7 8 0 5 11 10 13 14 9
12 1 1 2 3 0 4 6 7 8 12 5 11 10 13 14 9
4 1 1 2 3 4 0 6 7 8 12 5 11 10 13 14 9
5 1 1 2 3 4 5 6 7 8 12 0 11 10 13 14 9
9 1 1 2 3 4 5 6 7 8 12 9 11 10 13 14 0
12 3 1 2 3 4 5 6 7 8 0 9 11 10 13 14 12
9 1 1 2 3 4 5 6 7 8 9 0 11 10 13 14 12
12 1 1 2 3 4 5 6 7 8 9 12 11 10 13 14 0
11 2 1 2 3 4 5 6 7 8 9 12 0 10 13 14 11
7 3 1 2 3 4 5 6 0 8 9 12 7 10 13 14 11
10 1 1 2 3 4 5 6 10 8 9 12 7 0 13 14 11
7 1 1 2 3 4 5 6 10 8 9 12 0 7 13 14 11
11 2 1 2 3 4 5 6 10 8 9 12 11 7 13 14 0
1 3 0 2 3 4 5 6 10 8 9 12 11 7 13 14 1
10 3 10 2 3 4 5 6 0 8 9 12 11 7 13 14 1
7 1 10 2 3 4 5 6 7 8 9 12 11 0 13 14 1
11 1 10 2 3 4 5 6 7 8 9 12 0 11 13 14 1
1 2 10 2 3 4 5 6 7 8 9 12 1 11 13 14 0
10 3 0 2 3 4 5 6 7 8 9 12 1 11 13 14 10
1 2 1 2 3 4 5 6 7 8 9 12 0 11 13 14 10
5 3 1 2 3 4 0 6 7 8 9 12 5 11 13 14 10
10 2 1 2 3 4 10 6 7 8 9 12 5 11 13 14 0
12 1 1 2 3 4 10 6 7 8 9 0 5 11 13 14 12
10 1 1 2 3 4 0 6 7 8 9 10 5 11 13 14 12
5 3 1 2 3 4 5 6 7 8 9 10 0 11 13 14 12
7 3 1 2 3 4 5 6 0 8 9 10 7 11 13 14 12
11 1 1 2 3 4 5 6 11 8 9 10 7 0 13 14 12
7 1 1 2 3 4 5 6 11 8 9 10 0 7 13 14 12
12 2 1 2 3 4 5 6 11 8 9 10 12 7 13 14 0
1 3 0 2 3 4 5 6 11 8 9 10 12 7 13 14 1
11 3 11 2 3 4 5 6 0 8 9 10 12 7 13 14 1
7 1 11 2 3 4 5 6 7 8 9 10 12 0 13 14 1
12 1 11 2 3 4 5 6 7 8 9 10 0 12 13 14 1
11 2 0 2 3 4 5 6 7 8 9 10 11 12 13 14 1
1 3 1 2 3 4 5 6 7 8 9 10 11 12 13 14 0
252 0.81