0 0 9 12 11 4 5 0 8 7 6 10 2 1 14 13 3
8 1 9 12 11 4 5 8 0 7 6 10 2 1 14 13 3
7 1 9 12 11 4 5 8 7 0 6 10 2 1 14 13 3
6 1 9 12 11 4 5 8 7 6 0 10 2 1 14 13 3
13 1 9 12 11 4 5 8 7 6 13 10 2 1 14 0 3
14 1 9 12 11 4 5 8 7 6 13 10 2 1 0 14 3
1 1 9 12 11 4 5 8 7 6 13 10 2 0 1 14 3
2 1 9 12 11 4 5 8 7 6 13 10 0 2 1 14 3
3 2 9 12 11 4 5 8 7 6 13 10 3 2 1 14 0
13 3 9 12 11 4 5 8 7 6 0 10 3 2 1 14 13
6 1 9 12 11 4 5 8 7 0 6 10 3 2 1 14 13
1 1 9 12 11 4 5 8 7 1 6 10 3 2 0 14 13
2 1 9 12 11 4 5 8 7 1 6 10 3 0 2 14 13
3 1 9 12 11 4 5 8 7 1 6 10 0 3 2 14 13
13 2 9 12 11 4 5 8 7 1 6 10 13 3 2 14 0
6 3 9 12 11 4 5 8 7 1 0 10 13 3 2 14 6
1 1 9 12 11 4 5 8 7 0 1 10 13 3 2 14 6
2 1 9 12 11 4 5 8 7 2 1 10 13 3 0 14 6
3 1 9 12 11 4 5 8 7 2 1 10 13 0 3 14 6
13 1 9 12 11 4 5 8 7 2 1 10 0 13 3 14 6
6 2 9 12 11 4 5 8 7 2 1 10 6 13 3 14 0
1 3 9 12 11 4 5 8 7 2 0 10 6 13 3 14 1
2 1 9 12 11 4 5 8 7 0 2 10 6 13 3 14 1
3 1 9 12 11 4 5 8 7 3 2 10 6 13 0 14 1
13 1 9 12 11 4 5 8 7 3 2 10 6 0 13 14 1
6 1 9 12 11 4 5 8 7 3 2 10 0 6 13 14 1
1 2 9 12 11 4 5 8 7 3 2 10 1 6 13 14 0
2 3 9 12 11 4 5 8 7 3 0 10 1 6 13 14 2
3 1 9 12 11 4 5 8 7 0 3 10 1 6 13 14 2
11 1 9 12 0 4 5 8 7 11 3 10 1 6 13 14 2
12 1 9 0 12 4 5 8 7 11 3 10 1 6 13 14 2
9 1 0 9 12 4 5 8 7 11 3 10 1 6 13 14 2
8 1 8 9 12 4 5 0 7 11 3 10 1 6 13 14 2
1 1 8 9 12 4 5 1 7 11 3 10 0 6 13 14 2
2 2 8 9 12 4 5 1 7 11 3 10 2 6 13 14 0
3 3 8 9 12 4 5 1 7 11 0 10 2 6 13 14 3
11 1 8 9 12 4 5 1 7 0 11 10 2 6 13 14 3
12 1 8 9 0 4 5 1 7 12 11 10 2 6 13 14 3
9 1 8 0 9 4 5 1 7 12 11 10 2 6 13 14 3
8 1 0 8 9 4 5 1 7 12 11 10 2 6 13 14 3
1 1 1 8 9 4 5 0 7 12 11 10 2 6 13 14 3
2 1 1 8 9 4 5 2 7 12 11 10 0 6 13 14 3
6 1 1 8 9 4 5 2 7 12 11 10 6 0 13 14 3
7 1 1 8 9 4 5 2 0 12 11 10 6 7 13 14 3
12 1 1 8 9 4 5 2 12 0 11 10 6 7 13 14 3
9 1 1 8 0 4 5 2 12 9 11 10 6 7 13 14 3
8 1 1 0 8 4 5 2 12 9 11 10 6 7 13 14 3
12 1 1 12 8 4 5 2 0 9 11 10 6 7 13 14 3
7 1 1 12 8 4 5 2 7 9 11 10 6 0 13 14 3
6 1 1 12 8 4 5 2 7 9 11 10 0 6 13 14 3
3 2 1 12 8 4 5 2 7 9 11 10 3 6 13 14 0
11 3 1 12 8 4 5 2 7 9 0 10 3 6 13 14 11
9 1 1 12 8 4 5 2 7 0 9 10 3 6 13 14 11
8 1 1 12 0 4 5 2 7 8 9 10 3 6 13 14 11
12 1 1 0 12 4 5 2 7 8 9 10 3 6 13 14 11
7 1 1 7 12 4 5 2 0 8 9 10 3 6 13 14 11
2 1 1 7 12 4 5 0 2 8 9 10 3 6 13 14 11
3 1 1 7 12 4 5 3 2 8 9 10 0 6 13 14 11
11 2 1 7 12 4 5 3 2 8 9 10 11 6 13 14 0
1 3 0 7 12 4 5 3 2 8 9 10 11 6 13 14 1
2 3 2 7 12 4 5 3 0 8 9 10 11 6 13 14 1
7 1 2 0 12 4 5 3 7 8 9 10 11 6 13 14 1
2 1 0 2 12 4 5 3 7 8 9 10 11 6 13 14 1
3 1 3 2 12 4 5 0 7 8 9 10 11 6 13 14 1
11 1 3 2 12 4 5 11 7 8 9 10 0 6 13 14 1
1 2 3 2 12 4 5 11 7 8 9 10 1 6 13 14 0
3 3 0 2 12 4 5 11 7 8 9 10 1 6 13 14 3
1 2 1 2 12 4 5 11 7 8 9 10 0 6 13 14 3
6 1 1 2 12 4 5 11 7 8 9 10 6 0 13 14 3
7 1 1 2 12 4 5 11 0 8 9 10 6 7 13 14 3
11 1 1 2 12 4 5 0 11 8 9 10 6 7 13 14 3
6 1 1 2 12 4 5 6 11 8 9 10 0 7 13 14 3
1 2 0 2 12 4 5 6 11 8 9 10 1 7 13 14 3
11 3 11 2 12 4 5 6 0 8 9 10 1 7 13 14 3
7 1 11 2 12 4 5 6 7 8 9 10 1 0 13 14 3
1 1 11 2 12 4 5 6 7 8 9 10 0 1 13 14 3
7 3 11 2 12 4 5 6 0 8 9 10 7 1 13 14 3
1 1 11 2 12 4 5 6 1 8 9 10 7 0 13 14 3
7 1 11 2 12 4 5 6 1 8 9 10 0 7 13 14 3
11 2 0 2 12 4 5 6 1 8 9 10 11 7 13 14 3
2 1 2 0 12 4 5 6 1 8 9 10 11 7 13 14 3
1 1 2 1 12 4 5 6 0 8 9 10 11 7 13 14 3
7 1 2 1 12 4 5 6 7 8 9 10 11 0 13 14 3
11 1 2 1 12 4 5 6 7 8 9 10 0 11 13 14 3
2 2 0 1 12 4 5 6 7 8 9 10 2 11 13 14 3
1 1 1 0 12 4 5 6 7 8 9 10 2 11 13 14 3
7 1 1 7 12 4 5 6 0 8 9 10 2 11 13 14 3
11 1 1 7 12 4 5 6 11 8 9 10 2 0 13 14 3
2 1 1 7 12 4 5 6 11 8 9 10 0 2 13 14 3
11 3 1 7 12 4 5 6 0 8 9 10 11 2 13 14 3
7 1 1 0 12 4 5 6 7 8 9 10 11 2 13 14 3
1 1 0 1 12 4 5 6 7 8 9 10 11 2 13 14 3
3 3 3 1 12 4 5 6 7 8 9 10 11 2 13 14 0
5 2 3 1 12 4 0 6 7 8 9 10 11 2 13 14 5
3 2 0 1 12 4 3 6 7 8 9 10 11 2 13 14 5
1 1 1 0 12 4 3 6 7 8 9 10 11 2 13 14 5
12 1 1 12 0 4 3 6 7 8 9 10 11 2 13 14 5
4 1 1 12 4 0 3 6 7 8 9 10 11 2 13 14 5
3 1 1 12 4 3 0 6 7 8 9 10 11 2 13 14 5
5 2 1 12 4 3 5 6 7 8 9 10 11 2 13 14 0
1 3 0 12 4 3 5 6 7 8 9 10 11 2 13 14 1
12 1 12 0 4 3 5 6 7 8 9 10 11 2 13 14 1
4 1 12 4 0 3 5 6 7 8 9 10 11 2 13 14 1
3 1 12 4 3 0 5 6 7 8 9 10 11 2 13 14 1
5 1 12 4 3 5 0 6 7 8 9 10 11 2 13 14 1
1 2 12 4 3 5 1 6 7 8 9 10 11 2 13 14 0
12 3 0 4 3 5 1 6 7 8 9 10 11 2 13 14 12
1 2 1 4 3 5 0 6 7 8 9 10 11 2 13 14 12
5 1 1 4 3 0 5 6 7 8 9 10 11 2 13 14 12
9 1 1 4 3 9 5 6 7 8 0 10 11 2 13 14 12
10 1 1 4 3 9 5 6 7 8 10 0 11 2 13 14 12
12 1 1 4 3 9 5 6 7 8 10 12 11 2 13 14 0
10 3 1 4 3 9 5 6 7 8 0 12 11 2 13 14 10
12 1 1 4 3 9 5 6 7 8 12 0 11 2 13 14 10
10 1 1 4 3 9 5 6 7 8 12 10 11 2 13 14 0
5 2 1 4 3 9 0 6 7 8 12 10 11 2 13 14 5
12 3 1 4 3 9 12 6 7 8 0 10 11 2 13 14 5
9 1 1 4 3 0 12 6 7 8 9 10 11 2 13 14 5
12 1 1 4 3 12 0 6 7 8 9 10 11 2 13 14 5
5 2 1 4 3 12 5 6 7 8 9 10 11 2 13 14 0
1 3 0 4 3 12 5 6 7 8 9 10 11 2 13 14 1
7 3 7 4 3 12 5 6 0 8 9 10 11 2 13 14 1
4 1 7 0 3 12 5 6 4 8 9 10 11 2 13 14 1
7 1 0 7 3 12 5 6 4 8 9 10 11 2 13 14 1
1 3 1 7 3 12 5 6 4 8 9 10 11 2 13 14 0
11 2 1 7 3 12 5 6 4 8 9 10 0 2 13 14 11
4 3 1 7 3 12 5 6 0 8 9 10 4 2 13 14 11
2 1 1 7 3 12 5 6 2 8 9 10 4 0 13 14 11
4 1 1 7 3 12 5 6 2 8 9 10 0 4 13 14 11
11 2 1 7 3 12 5 6 2 8 9 10 11 4 13 14 0
1 3 0 7 3 12 5 6 2 8 9 10 11 4 13 14 1
2 3 2 7 3 12 5 6 0 8 9 10 11 4 13 14 1
7 1 2 0 3 12 5 6 7 8 9 10 11 4 13 14 1
2 1 0 2 3 12 5 6 7 8 9 10 11 4 13 14 1
1 3 1 2 3 12 5 6 7 8 9 10 11 4 13 14 0
9 3 1 2 3 12 5 6 7 8 0 10 11 4 13 14 9
12 1 1 2 3 0 5 6 7 8 12 10 11 4 13 14 9
5 1 1 2 3 5 0 6 7 8 12 10 11 4 13 14 9
9 2 1 2 3 5 9 6 7 8 12 10 11 4 13 14 0
12 3 1 2 3 5 9 6 7 8 0 10 11 4 13 14 12
5 1 1 2 3 0 9 6 7 8 5 10 11 4 13 14 12
9 1 1 2 3 9 0 6 7 8 5 10 11 4 13 14 12
12 2 1 2 3 9 12 6 7 8 5 10 11 4 13 14 0
1 3 0 2 3 9 12 6 7 8 5 10 11 4 13 14 1
12 2 12 2 3 9 0 6 7 8 5 10 11 4 13 14 1
1 2 12 2 3 9 1 6 7 8 5 10 11 4 13 14 0
5 3 12 2 3 9 1 6 7 8 0 10 11 4 13 14 5
9 1 12 2 3 0 1 6 7 8 9 10 11 4 13 14 5
1 1 12 2 3 1 0 6 7 8 9 10 11 4 13 14 5
5 2 12 2 3 1 5 6 7 8 9 10 11 4 13 14 0
12 3 0 2 3 1 5 6 7 8 9 10 11 4 13 14 12
7 3 7 2 3 1 5 6 0 8 9 10 11 4 13 14 12
4 1 7 2 3 1 5 6 4 8 9 10 11 0 13 14 12
11 1 7 2 3 1 5 6 4 8 9 10 0 11 13 14 12
12 2 7 2 3 1 5 6 4 8 9 10 12 11 13 14 0
7 3 0 2 3 1 5 6 4 8 9 10 12 11 13 14 7
4 3 4 2 3 1 5 6 0 8 9 10 12 11 13 14 7
11 1 4 2 3 1 5 6 11 8 9 10 12 0 13 14 7
12 1 4 2 3 1 5 6 11 8 9 10 0 12 13 14 7
7 2 4 2 3 1 5 6 11 8 9 10 7 12 13 14 0
4 3 0 2 3 1 5 6 11 8 9 10 7 12 13 14 4
7 2 7 2 3 1 5 6 11 8 9 10 0 12 13 14 4
11 3 7 2 3 1 5 6 0 8 9 10 11 12 13 14 4
2 1 7 0 3 1 5 6 2 8 9 10 11 12 13 14 4
7 1 0 7 3 1 5 6 2 8 9 10 11 12 13 14 4
2 3 2 7 3 1 5 6 0 8 9 10 11 12 13 14 4
7 1 2 0 3 1 5 6 7 8 9 10 11 12 13 14 4
2 1 0 2 3 1 5 6 7 8 9 10 11 12 13 14 4
4 3 4 2 3 1 5 6 7 8 9 10 11 12 13 14 0
9 3 4 2 3 1 5 6 7 8 0 10 11 12 13 14 9
1 1 4 2 3 0 5 6 7 8 1 10 11 12 13 14 9
5 1 4 2 3 5 0 6 7 8 1 10 11 12 13 14 9
9 2 4 2 3 5 9 6 7 8 1 10 11 12 13 14 0
1 3 4 2 3 5 9 6 7 8 0 10 11 12 13 14 1
5 1 4 2 3 0 9 6 7 8 5 10 11 12 13 14 1
9 1 4 2 3 9 0 6 7 8 5 10 11 12 13 14 1
5 3 4 2 3 9 5 6 7 8 0 10 11 12 13 14 1
9 1 4 2 3 0 5 6 7 8 9 10 11 12 13 14 1
5 1 4 2 3 5 0 6 7 8 9 10 11 12 13 14 1
1 2 4 2 3 5 1 6 7 8 9 10 11 12 13 14 0
4 3 0 2 3 5 1 6 7 8 9 10 11 12 13 14 4
1 2 1 2 3 5 0 6 7 8 9 10 11 12 13 14 4
5 1 1 2 3 0 5 6 7 8 9 10 11 12 13 14 4
9 1 1 2 3 9 5 6 7 8 0 10 11 12 13 14 4
10 1 1 2 3 9 5 6 7 8 10 0 11 12 13 14 4
4 1 1 2 3 9 5 6 7 8 10 4 11 12 13 14 0
10 3 1 2 3 9 5 6 7 8 0 4 11 12 13 14 10
4 1 1 2 3 9 5 6 7 8 4 0 11 12 13 14 10
10 1 1 2 3 9 5 6 7 8 4 10 11 12 13 14 0
5 2 1 2 3 9 0 6 7 8 4 10 11 12 13 14 5
4 3 1 2 3 9 4 6 7 8 0 10 11 12 13 14 5
9 1 1 2 3 0 4 6 7 8 9 10 11 12 13 14 5
4 1 1 2 3 4 0 6 7 8 9 10 11 12 13 14 5
5 2 1 2 3 4 5 6 7 8 9 10 11 12 13 14 0
311 6.84