0 0 3 0 8 2 4 12 7 5 14 9 1 13 10 6 11
8 1 3 8 0 2 4 12 7 5 14 9 1 13 10 6 11
2 1 3 8 2 0 4 12 7 5 14 9 1 13 10 6 11
4 1 3 8 2 4 0 12 7 5 14 9 1 13 10 6 11
11 2 3 8 2 4 11 12 7 5 14 9 1 13 10 6 0
14 3 3 8 2 4 11 12 7 5 0 9 1 13 10 6 14
9 1 3 8 2 4 11 12 7 5 9 0 1 13 10 6 14
14 1 3 8 2 4 11 12 7 5 9 14 1 13 10 6 0
3 3 0 8 2 4 11 12 7 5 9 14 1 13 10 6 3
1 2 1 8 2 4 11 12 7 5 9 14 0 13 10 6 3
11 3 1 8 2 4 0 12 7 5 9 14 11 13 10 6 3
3 2 1 8 2 4 3 12 7 5 9 14 11 13 10 6 0
6 1 1 8 2 4 3 12 7 5 9 14 11 13 10 0 6
10 1 1 8 2 4 3 12 7 5 9 14 11 13 0 10 6
13 1 1 8 2 4 3 12 7 5 9 14 11 0 13 10 6
11 1 1 8 2 4 3 12 7 5 9 14 0 11 13 10 6
6 2 1 8 2 4 3 12 7 5 9 14 6 11 13 10 0
3 2 1 8 2 4 0 12 7 5 9 14 6 11 13 10 3
6 3 1 8 2 4 6 12 7 5 9 14 0 11 13 10 3
11 1 1 8 2 4 6 12 7 5 9 14 11 0 13 10 3
13 1 1 8 2 4 6 12 7 5 9 14 11 13 0 10 3
10 1 1 8 2 4 6 12 7 5 9 14 11 13 10 0 3
3 1 1 8 2 4 6 12 7 5 9 14 11 13 10 3 0
6 2 1 8 2 4 0 12 7 5 9 14 11 13 10 3 6
14 1 1 8 2 4 14 12 7 5 9 0 11 13 10 3 6
6 1 1 8 2 4 14 12 7 5 9 6 11 13 10 3 0
3 1 1 8 2 4 14 12 7 5 9 6 11 13 10 0 3
10 1 1 8 2 4 14 12 7 5 9 6 11 13 0 10 3
13 1 1 8 2 4 14 12 7 5 9 6 11 0 13 10 3
11 1 1 8 2 4 14 12 7 5 9 6 0 11 13 10 3
3 2 1 8 2 4 14 12 7 5 9 6 3 11 13 10 0
14 2 1 8 2 4 0 12 7 5 9 6 3 11 13 10 14
3 3 1 8 2 4 3 12 7 5 9 6 0 11 13 10 14
11 1 1 8 2 4 3 12 7 5 9 6 11 0 13 10 14
13 1 1 8 2 4 3 12 7 5 9 6 11 13 0 10 14
10 1 1 8 2 4 3 12 7 5 9 6 11 13 10 0 14
14 1 1 8 2 4 3 12 7 5 9 6 11 13 10 14 0
6 1 1 8 2 4 3 12 7 5 9 0 11 13 10 14 6
9 1 1 8 2 4 3 12 7 5 0 9 11 13 10 14 6
5 1 1 8 2 4 3 12 7 0 5 9 11 13 10 14 6
10 1 1 8 2 4 3 12 7 10 5 9 11 13 0 14 6
13 1 1 8 2 4 3 12 7 10 5 9 11 0 13 14 6
11 1 1 8 2 4 3 12 7 10 5 9 0 11 13 14 6
6 2 1 8 2 4 3 12 7 10 5 9 6 11 13 14 0
5 3 1 8 2 4 3 12 7 10 0 9 6 11 13 14 5
9 1 1 8 2 4 3 12 7 10 9 0 6 11 13 14 5
5 1 1 8 2 4 3 12 7 10 9 5 6 11 13 14 0
3 2 1 8 2 4 0 12 7 10 9 5 6 11 13 14 3
5 1 1 8 2 4 5 12 7 10 9 0 6 11 13 14 3
3 1 1 8 2 4 5 12 7 10 9 3 6 11 13 14 0
6 2 1 8 2 4 5 12 7 10 9 3 0 11 13 14 6
11 1 1 8 2 4 5 12 7 10 9 3 11 0 13 14 6
7 1 1 8 2 4 5 12 0 10 9 3 11 7 13 14 6
10 1 1 8 2 4 5 12 10 0 9 3 11 7 13 14 6
2 1 1 8 0 4 5 12 10 2 9 3 11 7 13 14 6
8 1 1 0 8 4 5 12 10 2 9 3 11 7 13 14 6
10 1 1 10 8 4 5 12 0 2 9 3 11 7 13 14 6
2 1 1 10 8 4 5 12 2 0 9 3 11 7 13 14 6
8 1 1 10 0 4 5 12 2 8 9 3 11 7 13 14 6
10 1 1 0 10 4 5 12 2 8 9 3 11 7 13 14 6
2 1 1 2 10 4 5 12 0 8 9 3 11 7 13 14 6
12 1 1 2 10 4 5 0 12 8 9 3 11 7 13 14 6
11 1 1 2 10 4 5 11 12 8 9 3 0 7 13 14 6
12 3 1 2 10 4 5 11 0 8 9 3 12 7 13 14 6
7 1 1 2 10 4 5 11 7 8 9 3 12 0 13 14 6
12 1 1 2 10 4 5 11 7 8 9 3 0 12 13 14 6
6 2 1 2 10 4 5 11 7 8 9 3 6 12 13 14 0
3 1 1 2 10 4 5 11 7 8 9 0 6 12 13 14 3
5 1 1 2 10 4 0 11 7 8 9 5 6 12 13 14 3
3 2 1 2 10 4 3 11 7 8 9 5 6 12 13 14 0
6 2 1 2 10 4 3 11 7 8 9 5 0 12 13 14 6
3 3 1 2 10 4 0 11 7 8 9 5 3 12 13 14 6
5 1 1 2 10 4 5 11 7 8 9 0 3 12 13 14 6
6 1 1 2 10 4 5 11 7 8 9 6 3 12 13 14 0
1 3 0 2 10 4 5 11 7 8 9 6 3 12 13 14 1
11 1 11 2 10 4 5 0 7 8 9 6 3 12 13 14 1
3 1 11 2 10 4 5 3 7 8 9 6 0 12 13 14 1
11 2 0 2 10 4 5 3 7 8 9 6 11 12 13 14 1
1 3 1 2 10 4 5 3 7 8 9 6 11 12 13 14 0
11 2 1 2 10 4 5 3 7 8 9 6 0 12 13 14 11
1 2 0 2 10 4 5 3 7 8 9 6 1 12 13 14 11
3 1 3 2 10 4 5 0 7 8 9 6 1 12 13 14 11
1 1 3 2 10 4 5 1 7 8 9 6 0 12 13 14 11
11 2 3 2 10 4 5 1 7 8 9 6 11 12 13 14 0
6 1 3 2 10 4 5 1 7 8 9 0 11 12 13 14 6
5 1 3 2 10 4 0 1 7 8 9 5 11 12 13 14 6
6 2 3 2 10 4 6 1 7 8 9 5 11 12 13 14 0
3 3 0 2 10 4 6 1 7 8 9 5 11 12 13 14 3
6 2 6 2 10 4 0 1 7 8 9 5 11 12 13 14 3
5 1 6 2 10 4 5 1 7 8 9 0 11 12 13 14 3
3 1 6 2 10 4 5 1 7 8 9 3 11 12 13 14 0
6 3 0 2 10 4 5 1 7 8 9 3 11 12 13 14 6
11 2 11 2 10 4 5 1 7 8 9 3 0 12 13 14 6
6 2 11 2 10 4 5 1 7 8 9 3 6 12 13 14 0
11 3 0 2 10 4 5 1 7 8 9 3 6 12 13 14 11
1 1 1 2 10 4 5 0 7 8 9 3 6 12 13 14 11
6 1 1 2 10 4 5 6 7 8 9 3 0 12 13 14 11
11 2 1 2 10 4 5 6 7 8 9 3 11 12 13 14 0
5 2 1 2 10 4 0 6 7 8 9 3 11 12 13 14 5
4 1 1 2 10 0 4 6 7 8 9 3 11 12 13 14 5
9 1 1 2 10 9 4 6 7 8 0 3 11 12 13 14 5
3 1 1 2 10 9 4 6 7 8 3 0 11 12 13 14 5
5 1 1 2 10 9 4 6 7 8 3 5 11 12 13 14 0
4 2 1 2 10 9 0 6 7 8 3 5 11 12 13 14 4
5 1 1 2 10 9 5 6 7 8 3 0 11 12 13 14 4
4 1 1 2 10 9 5 6 7 8 3 4 11 12 13 14 0
3 3 1 2 10 9 5 6 7 8 0 4 11 12 13 14 3
9 1 1 2 10 0 5 6 7 8 9 4 11 12 13 14 3
5 1 1 2 10 5 0 6 7 8 9 4 11 12 13 14 3
1 2 0 2 10 5 1 6 7 8 9 4 11 12 13 14 3
3 3 3 2 10 5 1 6 7 8 9 4 11 12 13 14 0
1 2 3 2 10 5 0 6 7 8 9 4 11 12 13 14 1
5 1 3 2 10 0 5 6 7 8 9 4 11 12 13 14 1
10 1 3 2 0 10 5 6 7 8 9 4 11 12 13 14 1
2 1 3 0 2 10 5 6 7 8 9 4 11 12 13 14 1
3 1 0 3 2 10 5 6 7 8 9 4 11 12 13 14 1
1 3 1 3 2 10 5 6 7 8 9 4 11 12 13 14 0
4 1 1 3 2 10 5 6 7 8 9 0 11 12 13 14 4
9 1 1 3 2 10 5 6 7 8 0 9 11 12 13 14 4
10 1 1 3 2 0 5 6 7 8 10 9 11 12 13 14 4
2 1 1 3 0 2 5 6 7 8 10 9 11 12 13 14 4
3 1 1 0 3 2 5 6 7 8 10 9 11 12 13 14 4
1 1 0 1 3 2 5 6 7 8 10 9 11 12 13 14 4
4 3 4 1 3 2 5 6 7 8 10 9 11 12 13 14 0
10 3 4 1 3 2 5 6 7 8 0 9 11 12 13 14 10
9 1 4 1 3 2 5 6 7 8 9 0 11 12 13 14 10
10 1 4 1 3 2 5 6 7 8 9 10 11 12 13 14 0
4 3 0 1 3 2 5 6 7 8 9 10 11 12 13 14 4
5 2 5 1 3 2 0 6 7 8 9 10 11 12 13 14 4
4 2 5 1 3 2 4 6 7 8 9 10 11 12 13 14 0
5 3 0 1 3 2 4 6 7 8 9 10 11 12 13 14 5
1 1 1 0 3 2 4 6 7 8 9 10 11 12 13 14 5
3 1 1 3 0 2 4 6 7 8 9 10 11 12 13 14 5
2 1 1 3 2 0 4 6 7 8 9 10 11 12 13 14 5
4 1 1 3 2 4 0 6 7 8 9 10 11 12 13 14 5
5 2 1 3 2 4 5 6 7 8 9 10 11 12 13 14 0
1 3 0 3 2 4 5 6 7 8 9 10 11 12 13 14 1
3 1 3 0 2 4 5 6 7 8 9 10 11 12 13 14 1
2 1 3 2 0 4 5 6 7 8 9 10 11 12 13 14 1
4 1 3 2 4 0 5 6 7 8 9 10 11 12 13 14 1
5 1 3 2 4 5 0 6 7 8 9 10 11 12 13 14 1
1 2 3 2 4 5 1 6 7 8 9 10 11 12 13 14 0
3 3 0 2 4 5 1 6 7 8 9 10 11 12 13 14 3
1 2 1 2 4 5 0 6 7 8 9 10 11 12 13 14 3
5 1 1 2 4 0 5 6 7 8 9 10 11 12 13 14 3
9 1 1 2 4 9 5 6 7 8 0 10 11 12 13 14 3
10 1 1 2 4 9 5 6 7 8 10 0 11 12 13 14 3
3 1 1 2 4 9 5 6 7 8 10 3 11 12 13 14 0
10 3 1 2 4 9 5 6 7 8 0 3 11 12 13 14 10
9 1 1 2 4 0 5 6 7 8 9 3 11 12 13 14 10
4 1 1 2 0 4 5 6 7 8 9 3 11 12 13 14 10
8 1 1 2 8 4 5 6 7 0 9 3 11 12 13 14 10
9 1 1 2 8 4 5 6 7 9 0 3 11 12 13 14 10
3 1 1 2 8 4 5 6 7 9 3 0 11 12 13 14 10
10 1 1 2 8 4 5 6 7 9 3 10 11 12 13 14 0
5 2 1 2 8 4 0 6 7 9 3 10 11 12 13 14 5
3 3 1 2 8 4 3 6 7 9 0 10 11 12 13 14 5
9 1 1 2 8 4 3 6 7 0 9 10 11 12 13 14 5
8 1 1 2 0 4 3 6 7 8 9 10 11 12 13 14 5
4 1 1 2 4 0 3 6 7 8 9 10 11 12 13 14 5
3 1 1 2 4 3 0 6 7 8 9 10 11 12 13 14 5
5 2 1 2 4 3 5 6 7 8 9 10 11 12 13 14 0
10 1 1 2 4 3 5 6 7 8 9 0 11 12 13 14 10
9 1 1 2 4 3 5 6 7 8 0 9 11 12 13 14 10
3 1 1 2 4 0 5 6 7 8 3 9 11 12 13 14 10
4 1 1 2 0 4 5 6 7 8 3 9 11 12 13 14 10
8 1 1 2 8 4 5 6 7 0 3 9 11 12 13 14 10
3 1 1 2 8 4 5 6 7 3 0 9 11 12 13 14 10
9 1 1 2 8 4 5 6 7 3 9 0 11 12 13 14 10
10 1 1 2 8 4 5 6 7 3 9 10 11 12 13 14 0
5 2 1 2 8 4 0 6 7 3 9 10 11 12 13 14 5
4 1 1 2 8 0 4 6 7 3 9 10 11 12 13 14 5
8 1 1 2 0 8 4 6 7 3 9 10 11 12 13 14 5
3 1 1 2 3 8 4 6 7 0 9 10 11 12 13 14 5
9 1 1 2 3 8 4 6 7 9 0 10 11 12 13 14 5
8 1 1 2 3 0 4 6 7 9 8 10 11 12 13 14 5
4 1 1 2 3 4 0 6 7 9 8 10 11 12 13 14 5
5 2 1 2 3 4 5 6 7 9 8 10 11 12 13 14 0
8 3 1 2 3 4 5 6 7 9 0 10 11 12 13 14 8
14 1 1 2 3 4 5 6 7 9 14 10 11 12 13 0 8
8 1 1 2 3 4 5 6 7 9 14 10 11 12 13 8 0
14 3 1 2 3 4 5 6 7 9 0 10 11 12 13 8 14
9 1 1 2 3 4 5 6 7 0 9 10 11 12 13 8 14
13 1 1 2 3 4 5 6 7 13 9 10 11 12 0 8 14
8 1 1 2 3 4 5 6 7 13 9 10 11 12 8 0 14
14 1 1 2 3 4 5 6 7 13 9 10 11 12 8 14 0
11 2 1 2 3 4 5 6 7 13 9 10 0 12 8 14 11
7 3 1 2 3 4 5 6 0 13 9 10 7 12 8 14 11
13 1 1 2 3 4 5 6 13 0 9 10 7 12 8 14 11
8 1 1 2 3 4 5 6 13 8 9 10 7 12 0 14 11
12 1 1 2 3 4 5 6 13 8 9 10 7 0 12 14 11
7 1 1 2 3 4 5 6 13 8 9 10 0 7 12 14 11
11 2 1 2 3 4 5 6 13 8 9 10 11 7 12 14 0
1 3 0 2 3 4 5 6 13 8 9 10 11 7 12 14 1
13 3 13 2 3 4 5 6 0 8 9 10 11 7 12 14 1
7 1 13 2 3 4 5 6 7 8 9 10 11 0 12 14 1
12 1 13 2 3 4 5 6 7 8 9 10 11 12 0 14 1
14 1 13 2 3 4 5 6 7 8 9 10 11 12 14 0 1
1 1 13 2 3 4 5 6 7 8 9 10 11 12 14 1 0
13 3 0 2 3 4 5 6 7 8 9 10 11 12 14 1 13
11 2 11 2 3 4 5 6 7 8 9 10 0 12 14 1 13
13 2 11 2 3 4 5 6 7 8 9 10 13 12 14 1 0
1 1 11 2 3 4 5 6 7 8 9 10 13 12 14 0 1
14 1 11 2 3 4 5 6 7 8 9 10 13 12 0 14 1
12 1 11 2 3 4 5 6 7 8 9 10 13 0 12 14 1
13 1 11 2 3 4 5 6 7 8 9 10 0 13 12 14 1
11 2 0 2 3 4 5 6 7 8 9 10 11 13 12 14 1
1 3 1 2 3 4 5 6 7 8 9 10 11 13 12 14 0
9 3 1 2 3 4 5 6 7 8 0 10 11 13 12 14 9
8 1 1 2 3 4 5 6 7 0 8 10 11 13 12 14 9
12 1 1 2 3 4 5 6 7 12 8 10 11 13 0 14 9
13 1 1 2 3 4 5 6 7 12 8 10 11 0 13 14 9
7 1 1 2 3 4 5 6 0 12 8 10 11 7 13 14 9
12 1 1 2 3 4 5 6 12 0 8 10 11 7 13 14 9
8 1 1 2 3 4 5 6 12 8 0 10 11 7 13 14 9
10 1 1 2 3 4 5 6 12 8 10 0 11 7 13 14 9
9 1 1 2 3 4 5 6 12 8 10 9 11 7 13 14 0
10 3 1 2 3 4 5 6 12 8 0 9 11 7 13 14 10
9 1 1 2 3 4 5 6 12 8 9 0 11 7 13 14 10
10 1 1 2 3 4 5 6 12 8 9 10 11 7 13 14 0
11 2 1 2 3 4 5 6 12 8 9 10 0 7 13 14 11
12 3 1 2 3 4 5 6 0 8 9 10 12 7 13 14 11
7 1 1 2 3 4 5 6 7 8 9 10 12 0 13 14 11
12 1 1 2 3 4 5 6 7 8 9 10 0 12 13 14 11
11 2 1 2 3 4 5 6 7 8 9 10 11 12 13 14 0
331 6.26