0 0 2 1 10 12 5 14 13 8 0 4 3 6 11 7 9
4 1 2 1 10 12 5 14 13 8 4 0 3 6 11 7 9
9 1 2 1 10 12 5 14 13 8 4 9 3 6 11 7 0
4 3 2 1 10 12 5 14 13 8 0 9 3 6 11 7 4
9 1 2 1 10 12 5 14 13 8 9 0 3 6 11 7 4
4 1 2 1 10 12 5 14 13 8 9 4 3 6 11 7 0
2 3 0 1 10 12 5 14 13 8 9 4 3 6 11 7 2
1 1 1 0 10 12 5 14 13 8 9 4 3 6 11 7 2
10 1 1 10 0 12 5 14 13 8 9 4 3 6 11 7 2
12 1 1 10 12 0 5 14 13 8 9 4 3 6 11 7 2
5 1 1 10 12 5 0 14 13 8 9 4 3 6 11 7 2
2 2 1 10 12 5 2 14 13 8 9 4 3 6 11 7 0
9 3 1 10 12 5 2 14 13 8 0 4 3 6 11 7 9
4 1 1 10 12 5 2 14 13 8 4 0 3 6 11 7 9
9 1 1 10 12 5 2 14 13 8 4 9 3 6 11 7 0
4 3 1 10 12 5 2 14 13 8 0 9 3 6 11 7 4
7 1 1 10 12 5 2 14 13 8 7 9 3 6 11 0 4
4 1 1 10 12 5 2 14 13 8 7 9 3 6 11 4 0
7 3 1 10 12 5 2 14 13 8 0 9 3 6 11 4 7
9 1 1 10 12 5 2 14 13 8 9 0 3 6 11 4 7
7 1 1 10 12 5 2 14 13 8 9 7 3 6 11 4 0
9 3 1 10 12 5 2 14 13 8 0 7 3 6 11 4 9
4 1 1 10 12 5 2 14 13 8 4 7 3 6 11 0 9
9 1 1 10 12 5 2 14 13 8 4 7 3 6 11 9 0
4 3 1 10 12 5 2 14 13 8 0 7 3 6 11 9 4
7 1 1 10 12 5 2 14 13 8 7 0 3 6 11 9 4
4 1 1 10 12 5 2 14 13 8 7 4 3 6 11 9 0
7 3 1 10 12 5 2 14 13 8 0 4 3 6 11 9 7
5 1 1 10 12 0 2 14 13 8 5 4 3 6 11 9 7
2 1 1 10 12 2 0 14 13 8 5 4 3 6 11 9 7
7 2 1 10 12 2 7 14 13 8 5 4 3 6 11 9 0
5 3 1 10 12 2 7 14 13 8 0 4 3 6 11 9 5
4 1 1 10 12 2 7 14 13 8 4 0 3 6 11 9 5
5 1 1 10 12 2 7 14 13 8 4 5 3 6 11 9 0
4 3 1 10 12 2 7 14 13 8 0 5 3 6 11 9 4
9 1 1 10 12 2 7 14 13 8 9 5 3 6 11 0 4
4 1 1 10 12 2 7 14 13 8 9 5 3 6 11 4 0
9 3 1 10 12 2 7 14 13 8 0 5 3 6 11 4 9
5 1 1 10 12 2 7 14 13 8 5 0 3 6 11 4 9
9 1 1 10 12 2 7 14 13 8 5 9 3 6 11 4 0
5 3 1 10 12 2 7 14 13 8 0 9 3 6 11 4 5
4 1 1 10 12 2 7 14 13 8 4 9 3 6 11 0 5
5 1 1 10 12 2 7 14 13 8 4 9 3 6 11 5 0
4 3 1 10 12 2 7 14 13 8 0 9 3 6 11 5 4
9 1 1 10 12 2 7 14 13 8 9 0 3 6 11 5 4
4 1 1 10 12 2 7 14 13 8 9 4 3 6 11 5 0
9 3 1 10 12 2 7 14 13 8 0 4 3 6 11 5 9
2 1 1 10 12 0 7 14 13 8 2 4 3 6 11 5 9
7 1 1 10 12 7 0 14 13 8 2 4 3 6 11 5 9
9 2 1 10 12 7 9 14 13 8 2 4 3 6 11 5 0
2 3 1 10 12 7 9 14 13 8 0 4 3 6 11 5 2
4 1 1 10 12 7 9 14 13 8 4 0 3 6 11 5 2
2 1 1 10 12 7 9 14 13 8 4 2 3 6 11 5 0
4 3 1 10 12 7 9 14 13 8 0 2 3 6 11 5 4
5 1 1 10 12 7 9 14 13 8 5 2 3 6 11 0 4
4 1 1 10 12 7 9 14 13 8 5 2 3 6 11 4 0
2 1 1 10 12 7 9 14 13 8 5 0 3 6 11 4 2
9 1 1 10 12 7 0 14 13 8 5 9 3 6 11 4 2
2 2 1 10 12 7 2 14 13 8 5 9 3 6 11 4 0
5 3 1 10 12 7 2 14 13 8 0 9 3 6 11 4 5
9 1 1 10 12 7 2 14 13 8 9 0 3 6 11 4 5
5 1 1 10 12 7 2 14 13 8 9 5 3 6 11 4 0
9 3 1 10 12 7 2 14 13 8 0 5 3 6 11 4 9
4 1 1 10 12 7 2 14 13 8 4 5 3 6 11 0 9
9 1 1 10 12 7 2 14 13 8 4 5 3 6 11 9 0
4 3 1 10 12 7 2 14 13 8 0 5 3 6 11 9 4
5 1 1 10 12 7 2 14 13 8 5 0 3 6 11 9 4
4 1 1 10 12 7 2 14 13 8 5 4 3 6 11 9 0
5 3 1 10 12 7 2 14 13 8 0 4 3 6 11 9 5
9 1 1 10 12 7 2 14 13 8 9 4 3 6 11 0 5
5 1 1 10 12 7 2 14 13 8 9 4 3 6 11 5 0
2 2 1 10 12 7 0 14 13 8 9 4 3 6 11 5 2
7 1 1 10 12 0 7 14 13 8 9 4 3 6 11 5 2
9 1 1 10 12 9 7 14 13 8 0 4 3 6 11 5 2
4 1 1 10 12 9 7 14 13 8 4 0 3 6 11 5 2
2 1 1 10 12 9 7 14 13 8 4 2 3 6 11 5 0
4 3 1 10 12 9 7 14 13 8 0 2 3 6 11 5 4
2 1 1 10 12 9 7 14 13 8 2 0 3 6 11 5 4
4 1 1 10 12 9 7 14 13 8 2 4 3 6 11 5 0
7 2 1 10 12 9 0 14 13 8 2 4 3 6 11 5 7
2 3 1 10 12 9 2 14 13 8 0 4 3 6 11 5 7
4 1 1 10 12 9 2 14 13 8 4 0 3 6 11 5 7
7 1 1 10 12 9 2 14 13 8 4 7 3 6 11 5 0
4 3 1 10 12 9 2 14 13 8 0 7 3 6 11 5 4
7 1 1 10 12 9 2 14 13 8 7 0 3 6 11 5 4
4 1 1 10 12 9 2 14 13 8 7 4 3 6 11 5 0
2 2 1 10 12 9 0 14 13 8 7 4 3 6 11 5 2
4 1 1 10 12 9 4 14 13 8 7 0 3 6 11 5 2
2 1 1 10 12 9 4 14 13 8 7 2 3 6 11 5 0
7 3 1 10 12 9 4 14 13 8 0 2 3 6 11 5 7
5 1 1 10 12 9 4 14 13 8 5 2 3 6 11 0 7
7 1 1 10 12 9 4 14 13 8 5 2 3 6 11 7 0
5 3 1 10 12 9 4 14 13 8 0 2 3 6 11 7 5
9 1 1 10 12 0 4 14 13 8 9 2 3 6 11 7 5
4 1 1 10 12 4 0 14 13 8 9 2 3 6 11 7 5
5 2 1 10 12 4 5 14 13 8 9 2 3 6 11 7 0
3 2 1 10 12 4 5 14 13 8 9 2 0 6 11 7 3
13 3 1 10 12 4 5 14 0 8 9 2 13 6 11 7 3
14 1 1 10 12 4 5 0 14 8 9 2 13 6 11 7 3
13 1 1 10 12 4 5 13 14 8 9 2 0 6 11 7 3
3 2 1 10 12 4 5 13 14 8 9 2 3 6 11 7 0
7 1 1 10 12 4 5 13 14 8 9 2 3 6 11 0 7
11 1 1 10 12 4 5 13 14 8 9 2 3 6 0 11 7
6 1 1 10 12 4 5 13 14 8 9 2 3 0 6 11 7
3 1 1 10 12 4 5 13 14 8 9 2 0 3 6 11 7
7 2 1 10 12 4 5 13 14 8 9 2 7 3 6 11 0
11 1 1 10 12 4 5 13 14 8 9 2 7 3 6 0 11
6 1 1 10 12 4 5 13 14 8 9 2 7 3 0 6 11
3 1 1 10 12 4 5 13 14 8 9 2 7 0 3 6 11
7 1 1 10 12 4 5 13 14 8 9 2 0 7 3 6 11
11 2 1 10 12 4 5 13 14 8 9 2 11 7 3 6 0
2 1 1 10 12 4 5 13 14 8 9 0 11 7 3 6 2
9 1 1 10 12 4 5 13 14 8 0 9 11 7 3 6 2
6 1 1 10 12 4 5 13 14 8 6 9 11 7 3 0 2
2 1 1 10 12 4 5 13 14 8 6 9 11 7 3 2 0
6 3 1 10 12 4 5 13 14 8 0 9 11 7 3 2 6
9 1 1 10 12 4 5 13 14 8 9 0 11 7 3 2 6
6 1 1 10 12 4 5 13 14 8 9 6 11 7 3 2 0
11 2 1 10 12 4 5 13 14 8 9 6 0 7 3 2 11
14 3 1 10 12 4 5 13 0 8 9 6 14 7 3 2 11
7 1 1 10 12 4 5 13 7 8 9 6 14 0 3 2 11
3 1 1 10 12 4 5 13 7 8 9 6 14 3 0 2 11
2 1 1 10 12 4 5 13 7 8 9 6 14 3 2 0 11
11 1 1 10 12 4 5 13 7 8 9 6 14 3 2 11 0
14 2 1 10 12 4 5 13 7 8 9 6 0 3 2 11 14
3 1 1 10 12 4 5 13 7 8 9 6 3 0 2 11 14
2 1 1 10 12 4 5 13 7 8 9 6 3 2 0 11 14
11 1 1 10 12 4 5 13 7 8 9 6 3 2 11 0 14
14 1 1 10 12 4 5 13 7 8 9 6 3 2 11 14 0
3 2 1 10 12 4 5 13 7 8 9 6 0 2 11 14 3
2 1 1 10 12 4 5 13 7 8 9 6 2 0 11 14 3
11 1 1 10 12 4 5 13 7 8 9 6 2 11 0 14 3
14 1 1 10 12 4 5 13 7 8 9 6 2 11 14 0 3
3 1 1 10 12 4 5 13 7 8 9 6 2 11 14 3 0
2 2 1 10 12 4 5 13 7 8 9 6 0 11 14 3 2
11 1 1 10 12 4 5 13 7 8 9 6 11 0 14 3 2
14 1 1 10 12 4 5 13 7 8 9 6 11 14 0 3 2
3 1 1 10 12 4 5 13 7 8 9 6 11 14 3 0 2
2 1 1 10 12 4 5 13 7 8 9 6 11 14 3 2 0
6 1 1 10 12 4 5 13 7 8 9 0 11 14 3 2 6
9 1 1 10 12 4 5 13 7 8 0 9 11 14 3 2 6
2 1 1 10 12 4 5 13 7 8 2 9 11 14 3 0 6
6 1 1 10 12 4 5 13 7 8 2 9 11 14 3 6 0
2 3 1 10 12 4 5 13 7 8 0 9 11 14 3 6 2
9 1 1 10 12 4 5 13 7 8 9 0 11 14 3 6 2
2 1 1 10 12 4 5 13 7 8 9 2 11 14 3 6 0
6 1 1 10 12 4 5 13 7 8 9 2 11 14 3 0 6
3 1 1 10 12 4 5 13 7 8 9 2 11 14 0 3 6
14 1 1 10 12 4 5 13 7 8 9 2 11 0 14 3 6
11 1 1 10 12 4 5 13 7 8 9 2 0 11 14 3 6
6 2 1 10 12 4 5 13 7 8 9 2 6 11 14 3 0
3 1 1 10 12 4 5 13 7 8 9 2 6 11 14 0 3
14 1 1 10 12 4 5 13 7 8 9 2 6 11 0 14 3
11 1 1 10 12 4 5 13 7 8 9 2 6 0 11 14 3
6 1 1 10 12 4 5 13 7 8 9 2 0 6 11 14 3
13 1 1 10 12 4 5 0 7 8 9 2 13 6 11 14 3
7 1 1 10 12 4 5 7 0 8 9 2 13 6 11 14 3
6 1 1 10 12 4 5 7 6 8 9 2 13 0 11 14 3
13 1 1 10 12 4 5 7 6 8 9 2 0 13 11 14 3
6 3 1 10 12 4 5 7 0 8 9 2 6 13 11 14 3
7 1 1 10 12 4 5 0 7 8 9 2 6 13 11 14 3
6 1 1 10 12 4 5 6 7 8 9 2 0 13 11 14 3
13 1 1 10 12 4 5 6 7 8 9 2 13 0 11 14 3
11 1 1 10 12 4 5 6 7 8 9 2 13 11 0 14 3
14 1 1 10 12 4 5 6 7 8 9 2 13 11 14 0 3
3 1 1 10 12 4 5 6 7 8 9 2 13 11 14 3 0
13 2 1 10 12 4 5 6 7 8 9 2 0 11 14 3 13
11 1 1 10 12 4 5 6 7 8 9 2 11 0 14 3 13
14 1 1 10 12 4 5 6 7 8 9 2 11 14 0 3 13
3 1 1 10 12 4 5 6 7 8 9 2 11 14 3 0 13
13 1 1 10 12 4 5 6 7 8 9 2 11 14 3 13 0
2 1 1 10 12 4 5 6 7 8 9 0 11 14 3 13 2
9 1 1 10 12 4 5 6 7 8 0 9 11 14 3 13 2
13 1 1 10 12 4 5 6 7 8 13 9 11 14 3 0 2
2 1 1 10 12 4 5 6 7 8 13 9 11 14 3 2 0
13 3 1 10 12 4 5 6 7 8 0 9 11 14 3 2 13
9 1 1 10 12 4 5 6 7 8 9 0 11 14 3 2 13
13 1 1 10 12 4 5 6 7 8 9 13 11 14 3 2 0
2 1 1 10 12 4 5 6 7 8 9 13 11 14 3 0 2
3 1 1 10 12 4 5 6 7 8 9 13 11 14 0 3 2
14 1 1 10 12 4 5 6 7 8 9 13 11 0 14 3 2
11 1 1 10 12 4 5 6 7 8 9 13 0 11 14 3 2
2 2 1 10 12 4 5 6 7 8 9 13 2 11 14 3 0
3 1 1 10 12 4 5 6 7 8 9 13 2 11 14 0 3
14 1 1 10 12 4 5 6 7 8 9 13 2 11 0 14 3
11 1 1 10 12 4 5 6 7 8 9 13 2 0 11 14 3
2 1 1 10 12 4 5 6 7 8 9 13 0 2 11 14 3
3 2 1 10 12 4 5 6 7 8 9 13 3 2 11 14 0
13 1 1 10 12 4 5 6 7 8 9 0 3 2 11 14 13
5 1 1 10 12 4 0 6 7 8 9 5 3 2 11 14 13
13 2 1 10 12 4 13 6 7 8 9 5 3 2 11 14 0
3 2 1 10 12 4 13 6 7 8 9 5 0 2 11 14 3
13 3 1 10 12 4 0 6 7 8 9 5 13 2 11 14 3
5 1 1 10 12 4 5 6 7 8 9 0 13 2 11 14 3
3 1 1 10 12 4 5 6 7 8 9 3 13 2 11 14 0
13 2 1 10 12 4 5 6 7 8 9 3 0 2 11 14 13
2 1 1 10 12 4 5 6 7 8 9 3 2 0 11 14 13
11 1 1 10 12 4 5 6 7 8 9 3 2 11 0 14 13
14 1 1 10 12 4 5 6 7 8 9 3 2 11 14 0 13
13 1 1 10 12 4 5 6 7 8 9 3 2 11 14 13 0
2 2 1 10 12 4 5 6 7 8 9 3 0 11 14 13 2
11 1 1 10 12 4 5 6 7 8 9 3 11 0 14 13 2
14 1 1 10 12 4 5 6 7 8 9 3 11 14 0 13 2
13 1 1 10 12 4 5 6 7 8 9 3 11 14 13 0 2
2 1 1 10 12 4 5 6 7 8 9 3 11 14 13 2 0
3 1 1 10 12 4 5 6 7 8 9 0 11 14 13 2 3
9 1 1 10 12 4 5 6 7 8 0 9 11 14 13 2 3
2 1 1 10 12 4 5 6 7 8 2 9 11 14 13 0 3
3 1 1 10 12 4 5 6 7 8 2 9 11 14 13 3 0
2 3 1 10 12 4 5 6 7 8 0 9 11 14 13 3 2
9 1 1 10 12 4 5 6 7 8 9 0 11 14 13 3 2
2 1 1 10 12 4 5 6 7 8 9 2 11 14 13 3 0
11 2 1 10 12 4 5 6 7 8 9 2 0 14 13 3 11
7 3 1 10 12 4 5 6 0 8 9 2 7 14 13 3 11
14 1 1 10 12 4 5 6 14 8 9 2 7 0 13 3 11
7 1 1 10 12 4 5 6 14 8 9 2 0 7 13 3 11
11 2 1 10 12 4 5 6 14 8 9 2 11 7 13 3 0
2 1 1 10 12 4 5 6 14 8 9 0 11 7 13 3 2
9 1 1 10 12 4 5 6 14 8 0 9 11 7 13 3 2
3 1 1 10 12 4 5 6 14 8 3 9 11 7 13 0 2
2 1 1 10 12 4 5 6 14 8 3 9 11 7 13 2 0
3 3 1 10 12 4 5 6 14 8 0 9 11 7 13 2 3
9 1 1 10 12 4 5 6 14 8 9 0 11 7 13 2 3
3 1 1 10 12 4 5 6 14 8 9 3 11 7 13 2 0
1 3 0 10 12 4 5 6 14 8 9 3 11 7 13 2 1
14 3 14 10 12 4 5 6 0 8 9 3 11 7 13 2 1
7 1 14 10 12 4 5 6 7 8 9 3 11 0 13 2 1
11 1 14 10 12 4 5 6 7 8 9 3 0 11 13 2 1
1 2 14 10 12 4 5 6 7 8 9 3 1 11 13 2 0
14 3 0 10 12 4 5 6 7 8 9 3 1 11 13 2 14
1 2 1 10 12 4 5 6 7 8 9 3 0 11 13 2 14
11 1 1 10 12 4 5 6 7 8 9 3 11 0 13 2 14
7 1 1 10 12 4 5 6 0 8 9 3 11 7 13 2 14
10 1 1 0 12 4 5 6 10 8 9 3 11 7 13 2 14
1 1 0 1 12 4 5 6 10 8 9 3 11 7 13 2 14
10 3 10 1 12 4 5 6 0 8 9 3 11 7 13 2 14
7 1 10 1 12 4 5 6 7 8 9 3 11 0 13 2 14
13 1 10 1 12 4 5 6 7 8 9 3 11 13 0 2 14
2 1 10 1 12 4 5 6 7 8 9 3 11 13 2 0 14
14 1 10 1 12 4 5 6 7 8 9 3 11 13 2 14 0
10 3 0 1 12 4 5 6 7 8 9 3 11 13 2 14 10
1 1 1 0 12 4 5 6 7 8 9 3 11 13 2 14 10
12 1 1 12 0 4 5 6 7 8 9 3 11 13 2 14 10
8 1 1 12 8 4 5 6 7 0 9 3 11 13 2 14 10
2 1 1 12 8 4 5 6 7 2 9 3 11 13 0 14 10
13 1 1 12 8 4 5 6 7 2 9 3 11 0 13 14 10
7 1 1 12 8 4 5 6 0 2 9 3 11 7 13 14 10
2 1 1 12 8 4 5 6 2 0 9 3 11 7 13 14 10
8 1 1 12 0 4 5 6 2 8 9 3 11 7 13 14 10
12 1 1 0 12 4 5 6 2 8 9 3 11 7 13 14 10
2 1 1 2 12 4 5 6 0 8 9 3 11 7 13 14 10
7 1 1 2 12 4 5 6 7 8 9 3 11 0 13 14 10
11 1 1 2 12 4 5 6 7 8 9 3 0 11 13 14 10
10 2 1 2 12 4 5 6 7 8 9 3 10 11 13 14 0
3 1 1 2 12 4 5 6 7 8 9 0 10 11 13 14 3
5 1 1 2 12 4 0 6 7 8 9 5 10 11 13 14 3
3 2 1 2 12 4 3 6 7 8 9 5 10 11 13 14 0
10 2 1 2 12 4 3 6 7 8 9 5 0 11 13 14 10
3 3 1 2 12 4 0 6 7 8 9 5 3 11 13 14 10
5 1 1 2 12 4 5 6 7 8 9 0 3 11 13 14 10
10 1 1 2 12 4 5 6 7 8 9 10 3 11 13 14 0
3 2 1 2 12 4 5 6 7 8 9 10 0 11 13 14 3
7 3 1 2 12 4 5 6 0 8 9 10 7 11 13 14 3
11 1 1 2 12 4 5 6 11 8 9 10 7 0 13 14 3
7 1 1 2 12 4 5 6 11 8 9 10 0 7 13 14 3
1 2 0 2 12 4 5 6 11 8 9 10 1 7 13 14 3
11 3 11 2 12 4 5 6 0 8 9 10 1 7 13 14 3
7 1 11 2 12 4 5 6 7 8 9 10 1 0 13 14 3
1 1 11 2 12 4 5 6 7 8 9 10 0 1 13 14 3
11 2 0 2 12 4 5 6 7 8 9 10 11 1 13 14 3
3 3 3 2 12 4 5 6 7 8 9 10 11 1 13 14 0
11 2 3 2 12 4 5 6 7 8 9 10 0 1 13 14 11
7 3 3 2 12 4 5 6 0 8 9 10 7 1 13 14 11
1 1 3 2 12 4 5 6 1 8 9 10 7 0 13 14 11
7 1 3 2 12 4 5 6 1 8 9 10 0 7 13 14 11
11 2 3 2 12 4 5 6 1 8 9 10 11 7 13 14 0
3 3 0 2 12 4 5 6 1 8 9 10 11 7 13 14 3
2 1 2 0 12 4 5 6 1 8 9 10 11 7 13 14 3
1 1 2 1 12 4 5 6 0 8 9 10 11 7 13 14 3
7 1 2 1 12 4 5 6 7 8 9 10 11 0 13 14 3
11 1 2 1 12 4 5 6 7 8 9 10 0 11 13 14 3
3 2 2 1 12 4 5 6 7 8 9 10 3 11 13 14 0
2 3 0 1 12 4 5 6 7 8 9 10 3 11 13 14 2
1 1 1 0 12 4 5 6 7 8 9 10 3 11 13 14 2
7 1 1 7 12 4 5 6 0 8 9 10 3 11 13 14 2
11 1 1 7 12 4 5 6 11 8 9 10 3 0 13 14 2
3 1 1 7 12 4 5 6 11 8 9 10 0 3 13 14 2
11 3 1 7 12 4 5 6 0 8 9 10 11 3 13 14 2
7 1 1 0 12 4 5 6 7 8 9 10 11 3 13 14 2
1 1 0 1 12 4 5 6 7 8 9 10 11 3 13 14 2
11 2 11 1 12 4 5 6 7 8 9 10 0 3 13 14 2
2 2 11 1 12 4 5 6 7 8 9 10 2 3 13 14 0
11 3 0 1 12 4 5 6 7 8 9 10 2 3 13 14 11
1 1 1 0 12 4 5 6 7 8 9 10 2 3 13 14 11
7 1 1 7 12 4 5 6 0 8 9 10 2 3 13 14 11
3 1 1 7 12 4 5 6 3 8 9 10 2 0 13 14 11
2 1 1 7 12 4 5 6 3 8 9 10 0 2 13 14 11
11 2 1 7 12 4 5 6 3 8 9 10 11 2 13 14 0
1 3 0 7 12 4 5 6 3 8 9 10 11 2 13 14 1
3 3 3 7 12 4 5 6 0 8 9 10 11 2 13 14 1
7 1 3 0 12 4 5 6 7 8 9 10 11 2 13 14 1
3 1 0 3 12 4 5 6 7 8 9 10 11 2 13 14 1
1 3 1 3 12 4 5 6 7 8 9 10 11 2 13 14 0
9 3 1 3 12 4 5 6 7 8 0 10 11 2 13 14 9
8 1 1 3 12 4 5 6 7 0 8 10 11 2 13 14 9
12 1 1 3 0 4 5 6 7 12 8 10 11 2 13 14 9
3 1 1 0 3 4 5 6 7 12 8 10 11 2 13 14 9
7 1 1 7 3 4 5 6 0 12 8 10 11 2 13 14 9
12 1 1 7 3 4 5 6 12 0 8 10 11 2 13 14 9
8 1 1 7 3 4 5 6 12 8 0 10 11 2 13 14 9
10 1 1 7 3 4 5 6 12 8 10 0 11 2 13 14 9
9 1 1 7 3 4 5 6 12 8 10 9 11 2 13 14 0
10 3 1 7 3 4 5 6 12 8 0 9 11 2 13 14 10
9 1 1 7 3 4 5 6 12 8 9 0 11 2 13 14 10
10 1 1 7 3 4 5 6 12 8 9 10 11 2 13 14 0
1 3 0 7 3 4 5 6 12 8 9 10 11 2 13 14 1
12 3 12 7 3 4 5 6 0 8 9 10 11 2 13 14 1
7 1 12 0 3 4 5 6 7 8 9 10 11 2 13 14 1
12 1 0 12 3 4 5 6 7 8 9 10 11 2 13 14 1
1 3 1 12 3 4 5 6 7 8 9 10 11 2 13 14 0
11 2 1 12 3 4 5 6 7 8 9 10 0 2 13 14 11
7 3 1 12 3 4 5 6 0 8 9 10 7 2 13 14 11
2 1 1 12 3 4 5 6 2 8 9 10 7 0 13 14 11
7 1 1 12 3 4 5 6 2 8 9 10 0 7 13 14 11
11 2 1 12 3 4 5 6 2 8 9 10 11 7 13 14 0
1 3 0 12 3 4 5 6 2 8 9 10 11 7 13 14 1
2 3 2 12 3 4 5 6 0 8 9 10 11 7 13 14 1
12 1 2 0 3 4 5 6 12 8 9 10 11 7 13 14 1
2 1 0 2 3 4 5 6 12 8 9 10 11 7 13 14 1
1 3 1 2 3 4 5 6 12 8 9 10 11 7 13 14 0
11 2 1 2 3 4 5 6 12 8 9 10 0 7 13 14 11
12 3 1 2 3 4 5 6 0 8 9 10 12 7 13 14 11
7 1 1 2 3 4 5 6 7 8 9 10 12 0 13 14 11
12 1 1 2 3 4 5 6 7 8 9 10 0 12 13 14 11
11 2 1 2 3 4 5 6 7 8 9 10 11 12 13 14 0
502 3.11