0 0 14 7 11 0 8 3 9 12 5 2 4 13 1 10 6
8 1 14 7 11 8 0 3 9 12 5 2 4 13 1 10 6
5 3 14 7 11 8 5 3 9 12 0 2 4 13 1 10 6
2 1 14 7 11 8 5 3 9 12 2 0 4 13 1 10 6
6 1 14 7 11 8 5 3 9 12 2 6 4 13 1 10 0
2 3 14 7 11 8 5 3 9 12 0 6 4 13 1 10 2
6 1 14 7 11 8 5 3 9 12 6 0 4 13 1 10 2
2 1 14 7 11 8 5 3 9 12 6 2 4 13 1 10 0
14 3 0 7 11 8 5 3 9 12 6 2 4 13 1 10 14
9 3 9 7 11 8 5 3 0 12 6 2 4 13 1 10 14
7 1 9 0 11 8 5 3 7 12 6 2 4 13 1 10 14
11 1 9 11 0 8 5 3 7 12 6 2 4 13 1 10 14
8 1 9 11 8 0 5 3 7 12 6 2 4 13 1 10 14
6 1 9 11 8 6 5 3 7 12 0 2 4 13 1 10 14
2 1 9 11 8 6 5 3 7 12 2 0 4 13 1 10 14
14 1 9 11 8 6 5 3 7 12 2 14 4 13 1 10 0
2 3 9 11 8 6 5 3 7 12 0 14 4 13 1 10 2
14 1 9 11 8 6 5 3 7 12 14 0 4 13 1 10 2
2 1 9 11 8 6 5 3 7 12 14 2 4 13 1 10 0
9 3 0 11 8 6 5 3 7 12 14 2 4 13 1 10 9
4 2 4 11 8 6 5 3 7 12 14 2 0 13 1 10 9
9 2 4 11 8 6 5 3 7 12 14 2 9 13 1 10 0
14 3 4 11 8 6 5 3 7 12 0 2 9 13 1 10 14
2 1 4 11 8 6 5 3 7 12 2 0 9 13 1 10 14
14 1 4 11 8 6 5 3 7 12 2 14 9 13 1 10 0
2 3 4 11 8 6 5 3 7 12 0 14 9 13 1 10 2
12 1 4 11 8 6 5 3 7 0 12 14 9 13 1 10 2
8 1 4 11 0 6 5 3 7 8 12 14 9 13 1 10 2
6 1 4 11 6 0 5 3 7 8 12 14 9 13 1 10 2
12 1 4 11 6 12 5 3 7 8 0 14 9 13 1 10 2
14 1 4 11 6 12 5 3 7 8 14 0 9 13 1 10 2
2 1 4 11 6 12 5 3 7 8 14 2 9 13 1 10 0
14 3 4 11 6 12 5 3 7 8 0 2 9 13 1 10 14
2 1 4 11 6 12 5 3 7 8 2 0 9 13 1 10 14
14 1 4 11 6 12 5 3 7 8 2 14 9 13 1 10 0
4 3 0 11 6 12 5 3 7 8 2 14 9 13 1 10 4
9 2 9 11 6 12 5 3 7 8 2 14 0 13 1 10 4
4 2 9 11 6 12 5 3 7 8 2 14 4 13 1 10 0
2 3 9 11 6 12 5 3 7 8 0 14 4 13 1 10 2
14 1 9 11 6 12 5 3 7 8 14 0 4 13 1 10 2
2 1 9 11 6 12 5 3 7 8 14 2 4 13 1 10 0
14 3 9 11 6 12 5 3 7 8 0 2 4 13 1 10 14
10 1 9 11 6 12 5 3 7 8 10 2 4 13 1 0 14
14 1 9 11 6 12 5 3 7 8 10 2 4 13 1 14 0
10 3 9 11 6 12 5 3 7 8 0 2 4 13 1 14 10
2 1 9 11 6 12 5 3 7 8 2 0 4 13 1 14 10
10 1 9 11 6 12 5 3 7 8 2 10 4 13 1 14 0
2 3 9 11 6 12 5 3 7 8 0 10 4 13 1 14 2
12 1 9 11 6 0 5 3 7 8 12 10 4 13 1 14 2
6 1 9 11 0 6 5 3 7 8 12 10 4 13 1 14 2
11 1 9 0 11 6 5 3 7 8 12 10 4 13 1 14 2
9 1 0 9 11 6 5 3 7 8 12 10 4 13 1 14 2
2 3 2 9 11 6 5 3 7 8 12 10 4 13 1 14 0
12 3 2 9 11 6 5 3 7 8 0 10 4 13 1 14 12
6 1 2 9 11 0 5 3 7 8 6 10 4 13 1 14 12
11 1 2 9 0 11 5 3 7 8 6 10 4 13 1 14 12
9 1 2 0 9 11 5 3 7 8 6 10 4 13 1 14 12
2 1 0 2 9 11 5 3 7 8 6 10 4 13 1 14 12
12 3 12 2 9 11 5 3 7 8 6 10 4 13 1 14 0
4 2 12 2 9 11 5 3 7 8 6 10 0 13 1 14 4
12 2 0 2 9 11 5 3 7 8 6 10 12 13 1 14 4
3 1 3 2 9 11 5 0 7 8 6 10 12 13 1 14 4
12 1 3 2 9 11 5 12 7 8 6 10 0 13 1 14 4
4 2 3 2 9 11 5 12 7 8 6 10 4 13 1 14 0
3 3 0 2 9 11 5 12 7 8 6 10 4 13 1 14 3
4 2 4 2 9 11 5 12 7 8 6 10 0 13 1 14 3
12 1 4 2 9 11 5 0 7 8 6 10 12 13 1 14 3
7 1 4 2 9 11 5 7 0 8 6 10 12 13 1 14 3
13 1 4 2 9 11 5 7 13 8 6 10 12 0 1 14 3
12 1 4 2 9 11 5 7 13 8 6 10 0 12 1 14 3
3 2 4 2 9 11 5 7 13 8 6 10 3 12 1 14 0
4 3 0 2 9 11 5 7 13 8 6 10 3 12 1 14 4
13 3 13 2 9 11 5 7 0 8 6 10 3 12 1 14 4
7 1 13 2 9 11 5 0 7 8 6 10 3 12 1 14 4
3 1 13 2 9 11 5 3 7 8 6 10 0 12 1 14 4
5 3 13 2 9 11 0 3 7 8 6 10 5 12 1 14 4
4 2 13 2 9 11 4 3 7 8 6 10 5 12 1 14 0
6 3 13 2 9 11 4 3 7 8 0 10 5 12 1 14 6
11 1 13 2 9 0 4 3 7 8 11 10 5 12 1 14 6
4 1 13 2 9 4 0 3 7 8 11 10 5 12 1 14 6
5 3 13 2 9 4 5 3 7 8 11 10 0 12 1 14 6
6 2 13 2 9 4 5 3 7 8 11 10 6 12 1 14 0
13 3 0 2 9 4 5 3 7 8 11 10 6 12 1 14 13
3 1 3 2 9 4 5 0 7 8 11 10 6 12 1 14 13
6 1 3 2 9 4 5 6 7 8 11 10 0 12 1 14 13
13 2 3 2 9 4 5 6 7 8 11 10 13 12 1 14 0
11 3 3 2 9 4 5 6 7 8 0 10 13 12 1 14 11
8 1 3 2 9 4 5 6 7 0 8 10 13 12 1 14 11
9 1 3 2 0 4 5 6 7 9 8 10 13 12 1 14 11
4 1 3 2 4 0 5 6 7 9 8 10 13 12 1 14 11
8 1 3 2 4 8 5 6 7 9 0 10 13 12 1 14 11
9 1 3 2 4 8 5 6 7 0 9 10 13 12 1 14 11
4 1 3 2 0 8 5 6 7 4 9 10 13 12 1 14 11
8 1 3 2 8 0 5 6 7 4 9 10 13 12 1 14 11
5 1 3 2 8 5 0 6 7 4 9 10 13 12 1 14 11
11 2 3 2 8 5 11 6 7 4 9 10 13 12 1 14 0
3 3 0 2 8 5 11 6 7 4 9 10 13 12 1 14 3
13 2 13 2 8 5 11 6 7 4 9 10 0 12 1 14 3
11 3 13 2 8 5 0 6 7 4 9 10 11 12 1 14 3
5 1 13 2 8 0 5 6 7 4 9 10 11 12 1 14 3
8 1 13 2 0 8 5 6 7 4 9 10 11 12 1 14 3
4 1 13 2 4 8 5 6 7 0 9 10 11 12 1 14 3
9 1 13 2 4 8 5 6 7 9 0 10 11 12 1 14 3
8 1 13 2 4 0 5 6 7 9 8 10 11 12 1 14 3
4 1 13 2 0 4 5 6 7 9 8 10 11 12 1 14 3
9 1 13 2 9 4 5 6 7 0 8 10 11 12 1 14 3
8 1 13 2 9 4 5 6 7 8 0 10 11 12 1 14 3
10 1 13 2 9 4 5 6 7 8 10 0 11 12 1 14 3
3 1 13 2 9 4 5 6 7 8 10 3 11 12 1 14 0
10 3 13 2 9 4 5 6 7 8 0 3 11 12 1 14 10
3 1 13 2 9 4 5 6 7 8 3 0 11 12 1 14 10
10 1 13 2 9 4 5 6 7 8 3 10 11 12 1 14 0
5 2 13 2 9 4 0 6 7 8 3 10 11 12 1 14 5
3 3 13 2 9 4 3 6 7 8 0 10 11 12 1 14 5
10 1 13 2 9 4 3 6 7 8 10 0 11 12 1 14 5
5 1 13 2 9 4 3 6 7 8 10 5 11 12 1 14 0
10 3 13 2 9 4 3 6 7 8 0 5 11 12 1 14 10
5 1 13 2 9 4 3 6 7 8 5 0 11 12 1 14 10
10 1 13 2 9 4 3 6 7 8 5 10 11 12 1 14 0
13 3 0 2 9 4 3 6 7 8 5 10 11 12 1 14 13
3 2 3 2 9 4 0 6 7 8 5 10 11 12 1 14 13
5 3 3 2 9 4 5 6 7 8 0 10 11 12 1 14 13
14 1 3 2 9 4 5 6 7 8 14 10 11 12 1 0 13
13 1 3 2 9 4 5 6 7 8 14 10 11 12 1 13 0
14 3 3 2 9 4 5 6 7 8 0 10 11 12 1 13 14
8 1 3 2 9 4 5 6 7 0 8 10 11 12 1 13 14
1 1 3 2 9 4 5 6 7 1 8 10 11 12 0 13 14
13 1 3 2 9 4 5 6 7 1 8 10 11 12 13 0 14
14 1 3 2 9 4 5 6 7 1 8 10 11 12 13 14 0
3 3 0 2 9 4 5 6 7 1 8 10 11 12 13 14 3
7 3 7 2 9 4 5 6 0 1 8 10 11 12 13 14 3
1 1 7 2 9 4 5 6 1 0 8 10 11 12 13 14 3
8 1 7 2 9 4 5 6 1 8 0 10 11 12 13 14 3
10 1 7 2 9 4 5 6 1 8 10 0 11 12 13 14 3
3 1 7 2 9 4 5 6 1 8 10 3 11 12 13 14 0
10 3 7 2 9 4 5 6 1 8 0 3 11 12 13 14 10
3 1 7 2 9 4 5 6 1 8 3 0 11 12 13 14 10
10 1 7 2 9 4 5 6 1 8 3 10 11 12 13 14 0
11 2 7 2 9 4 5 6 1 8 3 10 0 12 13 14 11
7 2 0 2 9 4 5 6 1 8 3 10 7 12 13 14 11
1 3 1 2 9 4 5 6 0 8 3 10 7 12 13 14 11
6 1 1 2 9 4 5 0 6 8 3 10 7 12 13 14 11
7 1 1 2 9 4 5 7 6 8 3 10 0 12 13 14 11
6 3 1 2 9 4 5 7 0 8 3 10 6 12 13 14 11
7 1 1 2 9 4 5 0 7 8 3 10 6 12 13 14 11
6 1 1 2 9 4 5 6 7 8 3 10 0 12 13 14 11
11 2 1 2 9 4 5 6 7 8 3 10 11 12 13 14 0
3 3 1 2 9 4 5 6 7 8 0 10 11 12 13 14 3
4 1 1 2 9 0 5 6 7 8 4 10 11 12 13 14 3
5 1 1 2 9 5 0 6 7 8 4 10 11 12 13 14 3
3 2 1 2 9 5 3 6 7 8 4 10 11 12 13 14 0
4 3 1 2 9 5 3 6 7 8 0 10 11 12 13 14 4
5 1 1 2 9 0 3 6 7 8 5 10 11 12 13 14 4
3 1 1 2 9 3 0 6 7 8 5 10 11 12 13 14 4
5 3 1 2 9 3 5 6 7 8 0 10 11 12 13 14 4
8 1 1 2 9 3 5 6 7 0 8 10 11 12 13 14 4
9 1 1 2 0 3 5 6 7 9 8 10 11 12 13 14 4
3 1 1 2 3 0 5 6 7 9 8 10 11 12 13 14 4
8 1 1 2 3 8 5 6 7 9 0 10 11 12 13 14 4
10 1 1 2 3 8 5 6 7 9 10 0 11 12 13 14 4
4 1 1 2 3 8 5 6 7 9 10 4 11 12 13 14 0
10 3 1 2 3 8 5 6 7 9 0 4 11 12 13 14 10
4 1 1 2 3 8 5 6 7 9 4 0 11 12 13 14 10
10 1 1 2 3 8 5 6 7 9 4 10 11 12 13 14 0
5 2 1 2 3 8 0 6 7 9 4 10 11 12 13 14 5
4 3 1 2 3 8 4 6 7 9 0 10 11 12 13 14 5
9 1 1 2 3 8 4 6 7 0 9 10 11 12 13 14 5
3 1 1 2 0 8 4 6 7 3 9 10 11 12 13 14 5
8 1 1 2 8 0 4 6 7 3 9 10 11 12 13 14 5
4 1 1 2 8 4 0 6 7 3 9 10 11 12 13 14 5
9 3 1 2 8 4 9 6 7 3 0 10 11 12 13 14 5
3 1 1 2 8 4 9 6 7 0 3 10 11 12 13 14 5
8 1 1 2 0 4 9 6 7 8 3 10 11 12 13 14 5
4 1 1 2 4 0 9 6 7 8 3 10 11 12 13 14 5
9 1 1 2 4 9 0 6 7 8 3 10 11 12 13 14 5
5 2 1 2 4 9 5 6 7 8 3 10 11 12 13 14 0
3 3 1 2 4 9 5 6 7 8 0 10 11 12 13 14 3
9 1 1 2 4 0 5 6 7 8 9 10 11 12 13 14 3
5 1 1 2 4 5 0 6 7 8 9 10 11 12 13 14 3
3 2 1 2 4 5 3 6 7 8 9 10 11 12 13 14 0
1 3 0 2 4 5 3 6 7 8 9 10 11 12 13 14 1
3 2 3 2 4 5 0 6 7 8 9 10 11 12 13 14 1
5 1 3 2 4 0 5 6 7 8 9 10 11 12 13 14 1
4 1 3 2 0 4 5 6 7 8 9 10 11 12 13 14 1
2 1 3 0 2 4 5 6 7 8 9 10 11 12 13 14 1
3 1 0 3 2 4 5 6 7 8 9 10 11 12 13 14 1
1 3 1 3 2 4 5 6 7 8 9 10 11 12 13 14 0
9 3 1 3 2 4 5 6 7 8 0 10 11 12 13 14 9
8 1 1 3 2 4 5 6 7 0 8 10 11 12 13 14 9
2 1 1 3 0 4 5 6 7 2 8 10 11 12 13 14 9
3 1 1 0 3 4 5 6 7 2 8 10 11 12 13 14 9
7 1 1 7 3 4 5 6 0 2 8 10 11 12 13 14 9
2 1 1 7 3 4 5 6 2 0 8 10 11 12 13 14 9
8 1 1 7 3 4 5 6 2 8 0 10 11 12 13 14 9
10 1 1 7 3 4 5 6 2 8 10 0 11 12 13 14 9
9 1 1 7 3 4 5 6 2 8 10 9 11 12 13 14 0
10 3 1 7 3 4 5 6 2 8 0 9 11 12 13 14 10
9 1 1 7 3 4 5 6 2 8 9 0 11 12 13 14 10
10 1 1 7 3 4 5 6 2 8 9 10 11 12 13 14 0
1 3 0 7 3 4 5 6 2 8 9 10 11 12 13 14 1
2 3 2 7 3 4 5 6 0 8 9 10 11 12 13 14 1
7 1 2 0 3 4 5 6 7 8 9 10 11 12 13 14 1
2 1 0 2 3 4 5 6 7 8 9 10 11 12 13 14 1
1 3 1 2 3 4 5 6 7 8 9 10 11 12 13 14 0
322 4.83