0 0 14 2 12 9 1 7 0 13 11 4 10 8 3 6 5
7 1 14 2 12 9 1 0 7 13 11 4 10 8 3 6 5
10 1 14 2 12 9 1 10 7 13 11 4 0 8 3 6 5
5 2 14 2 12 9 1 10 7 13 11 4 5 8 3 6 0
11 3 14 2 12 9 1 10 7 13 0 4 5 8 3 6 11
9 1 14 2 12 0 1 10 7 13 9 4 5 8 3 6 11
1 1 14 2 12 1 0 10 7 13 9 4 5 8 3 6 11
5 3 14 2 12 1 5 10 7 13 9 4 0 8 3 6 11
11 2 14 2 12 1 5 10 7 13 9 4 11 8 3 6 0
6 1 14 2 12 1 5 10 7 13 9 4 11 8 3 0 6
3 1 14 2 12 1 5 10 7 13 9 4 11 8 0 3 6
13 1 14 2 12 1 5 10 7 0 9 4 11 8 13 3 6
12 1 14 2 0 1 5 10 7 12 9 4 11 8 13 3 6
1 1 14 2 1 0 5 10 7 12 9 4 11 8 13 3 6
5 1 14 2 1 5 0 10 7 12 9 4 11 8 13 3 6
6 2 14 2 1 5 6 10 7 12 9 4 11 8 13 3 0
14 3 0 2 1 5 6 10 7 12 9 4 11 8 13 3 14
6 2 6 2 1 5 0 10 7 12 9 4 11 8 13 3 14
5 1 6 2 1 0 5 10 7 12 9 4 11 8 13 3 14
1 1 6 2 0 1 5 10 7 12 9 4 11 8 13 3 14
12 1 6 2 12 1 5 10 7 0 9 4 11 8 13 3 14
9 1 6 2 12 1 5 10 7 9 0 4 11 8 13 3 14
4 1 6 2 12 1 5 10 7 9 4 0 11 8 13 3 14
14 1 6 2 12 1 5 10 7 9 4 14 11 8 13 3 0
4 3 6 2 12 1 5 10 7 9 0 14 11 8 13 3 4
9 1 6 2 12 1 5 10 7 0 9 14 11 8 13 3 4
12 1 6 2 0 1 5 10 7 12 9 14 11 8 13 3 4
1 1 6 2 1 0 5 10 7 12 9 14 11 8 13 3 4
5 1 6 2 1 5 0 10 7 12 9 14 11 8 13 3 4
4 2 6 2 1 5 4 10 7 12 9 14 11 8 13 3 0
6 3 0 2 1 5 4 10 7 12 9 14 11 8 13 3 6
4 2 4 2 1 5 0 10 7 12 9 14 11 8 13 3 6
5 1 4 2 1 0 5 10 7 12 9 14 11 8 13 3 6
1 1 4 2 0 1 5 10 7 12 9 14 11 8 13 3 6
12 1 4 2 12 1 5 10 7 0 9 14 11 8 13 3 6
9 1 4 2 12 1 5 10 7 9 0 14 11 8 13 3 6
14 1 4 2 12 1 5 10 7 9 14 0 11 8 13 3 6
6 1 4 2 12 1 5 10 7 9 14 6 11 8 13 3 0
14 3 4 2 12 1 5 10 7 9 0 6 11 8 13 3 14
9 1 4 2 12 1 5 10 7 0 9 6 11 8 13 3 14
12 1 4 2 0 1 5 10 7 12 9 6 11 8 13 3 14
1 1 4 2 1 0 5 10 7 12 9 6 11 8 13 3 14
5 1 4 2 1 5 0 10 7 12 9 6 11 8 13 3 14
14 2 4 2 1 5 14 10 7 12 9 6 11 8 13 3 0
4 3 0 2 1 5 14 10 7 12 9 6 11 8 13 3 4
14 2 14 2 1 5 0 10 7 12 9 6 11 8 13 3 4
5 1 14 2 1 0 5 10 7 12 9 6 11 8 13 3 4
1 1 14 2 0 1 5 10 7 12 9 6 11 8 13 3 4
12 1 14 2 12 1 5 10 7 0 9 6 11 8 13 3 4
9 1 14 2 12 1 5 10 7 9 0 6 11 8 13 3 4
6 1 14 2 12 1 5 10 7 9 6 0 11 8 13 3 4
4 1 14 2 12 1 5 10 7 9 6 4 11 8 13 3 0
3 1 14 2 12 1 5 10 7 9 6 4 11 8 13 0 3
6 1 14 2 12 1 5 10 7 9 0 4 11 8 13 6 3
9 1 14 2 12 1 5 10 7 0 9 4 11 8 13 6 3
12 1 14 2 0 1 5 10 7 12 9 4 11 8 13 6 3
1 1 14 2 1 0 5 10 7 12 9 4 11 8 13 6 3
5 1 14 2 1 5 0 10 7 12 9 4 11 8 13 6 3
3 2 14 2 1 5 3 10 7 12 9 4 11 8 13 6 0
14 3 0 2 1 5 3 10 7 12 9 4 11 8 13 6 14
3 2 3 2 1 5 0 10 7 12 9 4 11 8 13 6 14
5 1 3 2 1 0 5 10 7 12 9 4 11 8 13 6 14
1 1 3 2 0 1 5 10 7 12 9 4 11 8 13 6 14
12 1 3 2 12 1 5 10 7 0 9 4 11 8 13 6 14
9 1 3 2 12 1 5 10 7 9 0 4 11 8 13 6 14
1 1 3 2 12 0 5 10 7 9 1 4 11 8 13 6 14
12 1 3 2 0 12 5 10 7 9 1 4 11 8 13 6 14
9 1 3 2 9 12 5 10 7 0 1 4 11 8 13 6 14
1 1 3 2 9 12 5 10 7 1 0 4 11 8 13 6 14
4 1 3 2 9 12 5 10 7 1 4 0 11 8 13 6 14
14 1 3 2 9 12 5 10 7 1 4 14 11 8 13 6 0
4 3 3 2 9 12 5 10 7 1 0 14 11 8 13 6 4
14 1 3 2 9 12 5 10 7 1 14 0 11 8 13 6 4
4 1 3 2 9 12 5 10 7 1 14 4 11 8 13 6 0
6 1 3 2 9 12 5 10 7 1 14 4 11 8 13 0 6
14 1 3 2 9 12 5 10 7 1 0 4 11 8 13 14 6
4 1 3 2 9 12 5 10 7 1 4 0 11 8 13 14 6
6 1 3 2 9 12 5 10 7 1 4 6 11 8 13 14 0
4 3 3 2 9 12 5 10 7 1 0 6 11 8 13 14 4
12 1 3 2 9 0 5 10 7 1 12 6 11 8 13 14 4
5 1 3 2 9 5 0 10 7 1 12 6 11 8 13 14 4
4 2 3 2 9 5 4 10 7 1 12 6 11 8 13 14 0
12 3 3 2 9 5 4 10 7 1 0 6 11 8 13 14 12
6 1 3 2 9 5 4 10 7 1 6 0 11 8 13 14 12
12 1 3 2 9 5 4 10 7 1 6 12 11 8 13 14 0
6 3 3 2 9 5 4 10 7 1 0 12 11 8 13 14 6
1 1 3 2 9 5 4 10 7 0 1 12 11 8 13 14 6
9 1 3 2 0 5 4 10 7 9 1 12 11 8 13 14 6
5 1 3 2 5 0 4 10 7 9 1 12 11 8 13 14 6
4 1 3 2 5 4 0 10 7 9 1 12 11 8 13 14 6
6 2 3 2 5 4 6 10 7 9 1 12 11 8 13 14 0
1 3 3 2 5 4 6 10 7 9 0 12 11 8 13 14 1
9 1 3 2 5 4 6 10 7 0 9 12 11 8 13 14 1
5 1 3 2 0 4 6 10 7 5 9 12 11 8 13 14 1
4 1 3 2 4 0 6 10 7 5 9 12 11 8 13 14 1
6 1 3 2 4 6 0 10 7 5 9 12 11 8 13 14 1
1 2 3 2 4 6 1 10 7 5 9 12 11 8 13 14 0
3 3 0 2 4 6 1 10 7 5 9 12 11 8 13 14 3
1 2 1 2 4 6 0 10 7 5 9 12 11 8 13 14 3
3 2 1 2 4 6 3 10 7 5 9 12 11 8 13 14 0
12 1 1 2 4 6 3 10 7 5 9 0 11 8 13 14 12
9 1 1 2 4 6 3 10 7 5 0 9 11 8 13 14 12
5 1 1 2 4 6 3 10 7 0 5 9 11 8 13 14 12
4 1 1 2 0 6 3 10 7 4 5 9 11 8 13 14 12
6 1 1 2 6 0 3 10 7 4 5 9 11 8 13 14 12
3 1 1 2 6 3 0 10 7 4 5 9 11 8 13 14 12
5 3 1 2 6 3 5 10 7 4 0 9 11 8 13 14 12
9 1 1 2 6 3 5 10 7 4 9 0 11 8 13 14 12
12 1 1 2 6 3 5 10 7 4 9 12 11 8 13 14 0
9 3 1 2 6 3 5 10 7 4 0 12 11 8 13 14 9
4 1 1 2 6 3 5 10 7 0 4 12 11 8 13 14 9
6 1 1 2 0 3 5 10 7 6 4 12 11 8 13 14 9
3 1 1 2 3 0 5 10 7 6 4 12 11 8 13 14 9
4 1 1 2 3 4 5 10 7 6 0 12 11 8 13 14 9
12 1 1 2 3 4 5 10 7 6 12 0 11 8 13 14 9
9 1 1 2 3 4 5 10 7 6 12 9 11 8 13 14 0
12 3 1 2 3 4 5 10 7 6 0 9 11 8 13 14 12
9 1 1 2 3 4 5 10 7 6 9 0 11 8 13 14 12
5 1 1 2 3 4 0 10 7 6 9 5 11 8 13 14 12
11 3 1 2 3 4 11 10 7 6 9 5 0 8 13 14 12
12 2 1 2 3 4 11 10 7 6 9 5 12 8 13 14 0
11 2 1 2 3 4 0 10 7 6 9 5 12 8 13 14 11
5 1 1 2 3 4 5 10 7 6 9 0 12 8 13 14 11
11 1 1 2 3 4 5 10 7 6 9 11 12 8 13 14 0
12 2 1 2 3 4 5 10 7 6 9 11 0 8 13 14 12
10 1 1 2 3 4 5 0 7 6 9 11 10 8 13 14 12
7 1 1 2 3 4 5 7 0 6 9 11 10 8 13 14 12
8 1 1 2 3 4 5 7 8 6 9 11 10 0 13 14 12
10 1 1 2 3 4 5 7 8 6 9 11 0 10 13 14 12
8 3 1 2 3 4 5 7 0 6 9 11 8 10 13 14 12
7 1 1 2 3 4 5 0 7 6 9 11 8 10 13 14 12
8 1 1 2 3 4 5 8 7 6 9 11 0 10 13 14 12
12 2 1 2 3 4 5 8 7 6 9 11 12 10 13 14 0
5 2 1 2 3 4 0 8 7 6 9 11 12 10 13 14 5
12 3 1 2 3 4 12 8 7 6 9 11 0 10 13 14 5
5 2 1 2 3 4 12 8 7 6 9 11 5 10 13 14 0
11 1 1 2 3 4 12 8 7 6 9 0 5 10 13 14 11
12 1 1 2 3 4 0 8 7 6 9 12 5 10 13 14 11
5 3 1 2 3 4 5 8 7 6 9 12 0 10 13 14 11
7 3 1 2 3 4 5 8 0 6 9 12 7 10 13 14 11
8 1 1 2 3 4 5 0 8 6 9 12 7 10 13 14 11
7 1 1 2 3 4 5 7 8 6 9 12 0 10 13 14 11
11 2 1 2 3 4 5 7 8 6 9 12 11 10 13 14 0
12 1 1 2 3 4 5 7 8 6 9 0 11 10 13 14 12
9 1 1 2 3 4 5 7 8 6 0 9 11 10 13 14 12
6 1 1 2 3 4 5 7 8 0 6 9 11 10 13 14 12
8 1 1 2 3 4 5 7 0 8 6 9 11 10 13 14 12
7 1 1 2 3 4 5 0 7 8 6 9 11 10 13 14 12
11 1 1 2 3 4 5 11 7 8 6 9 0 10 13 14 12
12 2 1 2 3 4 5 11 7 8 6 9 12 10 13 14 0
6 3 1 2 3 4 5 11 7 8 0 9 12 10 13 14 6
9 1 1 2 3 4 5 11 7 8 9 0 12 10 13 14 6
6 1 1 2 3 4 5 11 7 8 9 6 12 10 13 14 0
12 2 1 2 3 4 5 11 7 8 9 6 0 10 13 14 12
1 2 0 2 3 4 5 11 7 8 9 6 1 10 13 14 12
11 1 11 2 3 4 5 0 7 8 9 6 1 10 13 14 12
1 1 11 2 3 4 5 1 7 8 9 6 0 10 13 14 12
12 2 11 2 3 4 5 1 7 8 9 6 12 10 13 14 0
11 3 0 2 3 4 5 1 7 8 9 6 12 10 13 14 11
1 1 1 2 3 4 5 0 7 8 9 6 12 10 13 14 11
12 1 1 2 3 4 5 12 7 8 9 6 0 10 13 14 11
11 2 1 2 3 4 5 12 7 8 9 6 11 10 13 14 0
6 1 1 2 3 4 5 12 7 8 9 0 11 10 13 14 6
5 1 1 2 3 4 0 12 7 8 9 5 11 10 13 14 6
11 3 1 2 3 4 11 12 7 8 9 5 0 10 13 14 6
6 2 1 2 3 4 11 12 7 8 9 5 6 10 13 14 0
11 2 1 2 3 4 0 12 7 8 9 5 6 10 13 14 11
5 1 1 2 3 4 5 12 7 8 9 0 6 10 13 14 11
11 1 1 2 3 4 5 12 7 8 9 11 6 10 13 14 0
6 2 1 2 3 4 5 12 7 8 9 11 0 10 13 14 6
12 1 1 2 3 4 5 0 7 8 9 11 12 10 13 14 6
7 1 1 2 3 4 5 7 0 8 9 11 12 10 13 14 6
10 1 1 2 3 4 5 7 10 8 9 11 12 0 13 14 6
12 1 1 2 3 4 5 7 10 8 9 11 0 12 13 14 6
10 3 1 2 3 4 5 7 0 8 9 11 10 12 13 14 6
7 1 1 2 3 4 5 0 7 8 9 11 10 12 13 14 6
10 1 1 2 3 4 5 10 7 8 9 11 0 12 13 14 6
6 2 1 2 3 4 5 10 7 8 9 11 6 12 13 14 0
11 1 1 2 3 4 5 10 7 8 9 0 6 12 13 14 11
5 1 1 2 3 4 0 10 7 8 9 5 6 12 13 14 11
11 2 1 2 3 4 11 10 7 8 9 5 6 12 13 14 0
6 2 1 2 3 4 11 10 7 8 9 5 0 12 13 14 6
11 3 1 2 3 4 0 10 7 8 9 5 11 12 13 14 6
5 1 1 2 3 4 5 10 7 8 9 0 11 12 13 14 6
6 1 1 2 3 4 5 10 7 8 9 6 11 12 13 14 0
1 3 0 2 3 4 5 10 7 8 9 6 11 12 13 14 1
5 2 5 2 3 4 0 10 7 8 9 6 11 12 13 14 1
1 2 5 2 3 4 1 10 7 8 9 6 11 12 13 14 0
6 1 5 2 3 4 1 10 7 8 9 0 11 12 13 14 6
1 1 5 2 3 4 0 10 7 8 9 1 11 12 13 14 6
5 2 0 2 3 4 5 10 7 8 9 1 11 12 13 14 6
10 1 10 2 3 4 5 0 7 8 9 1 11 12 13 14 6
11 1 10 2 3 4 5 11 7 8 9 1 0 12 13 14 6
6 2 10 2 3 4 5 11 7 8 9 1 6 12 13 14 0
10 3 0 2 3 4 5 11 7 8 9 1 6 12 13 14 10
11 1 11 2 3 4 5 0 7 8 9 1 6 12 13 14 10
6 1 11 2 3 4 5 6 7 8 9 1 0 12 13 14 10
11 2 0 2 3 4 5 6 7 8 9 1 11 12 13 14 10
10 3 10 2 3 4 5 6 7 8 9 1 11 12 13 14 0
1 1 10 2 3 4 5 6 7 8 9 0 11 12 13 14 1
5 1 10 2 3 4 0 6 7 8 9 5 11 12 13 14 1
1 2 10 2 3 4 1 6 7 8 9 5 11 12 13 14 0
10 3 0 2 3 4 1 6 7 8 9 5 11 12 13 14 10
1 2 1 2 3 4 0 6 7 8 9 5 11 12 13 14 10
5 1 1 2 3 4 5 6 7 8 9 0 11 12 13 14 10
10 1 1 2 3 4 5 6 7 8 9 10 11 12 13 14 0
307 1.85