0 0 10 5 4 0 13 6 3 14 2 7 1 8 11 12 9
4 1 10 5 0 4 13 6 3 14 2 7 1 8 11 12 9
5 1 10 0 5 4 13 6 3 14 2 7 1 8 11 12 9
10 1 0 10 5 4 13 6 3 14 2 7 1 8 11 12 9
1 2 1 10 5 4 13 6 3 14 2 7 0 8 11 12 9
3 3 1 10 5 4 13 6 0 14 2 7 3 8 11 12 9
14 1 1 10 5 4 13 6 14 0 2 7 3 8 11 12 9
2 1 1 10 5 4 13 6 14 2 0 7 3 8 11 12 9
7 1 1 10 5 4 13 6 14 2 7 0 3 8 11 12 9
9 1 1 10 5 4 13 6 14 2 7 9 3 8 11 12 0
7 3 1 10 5 4 13 6 14 2 0 9 3 8 11 12 7
9 1 1 10 5 4 13 6 14 2 9 0 3 8 11 12 7
7 1 1 10 5 4 13 6 14 2 9 7 3 8 11 12 0
13 2 1 10 5 4 0 6 14 2 9 7 3 8 11 12 13
3 3 1 10 5 4 3 6 14 2 9 7 0 8 11 12 13
13 2 1 10 5 4 3 6 14 2 9 7 13 8 11 12 0
3 2 1 10 5 4 0 6 14 2 9 7 13 8 11 12 3
7 1 1 10 5 4 7 6 14 2 9 0 13 8 11 12 3
3 1 1 10 5 4 7 6 14 2 9 3 13 8 11 12 0
7 2 1 10 5 4 0 6 14 2 9 3 13 8 11 12 7
13 3 1 10 5 4 13 6 14 2 9 3 0 8 11 12 7
7 2 1 10 5 4 13 6 14 2 9 3 7 8 11 12 0
13 2 1 10 5 4 0 6 14 2 9 3 7 8 11 12 13
3 1 1 10 5 4 3 6 14 2 9 0 7 8 11 12 13
13 1 1 10 5 4 3 6 14 2 9 13 7 8 11 12 0
3 2 1 10 5 4 0 6 14 2 9 13 7 8 11 12 3
7 3 1 10 5 4 7 6 14 2 9 13 0 8 11 12 3
3 2 1 10 5 4 7 6 14 2 9 13 3 8 11 12 0
12 1 1 10 5 4 7 6 14 2 9 13 3 8 11 0 12
11 1 1 10 5 4 7 6 14 2 9 13 3 8 0 11 12
8 1 1 10 5 4 7 6 14 2 9 13 3 0 8 11 12
3 1 1 10 5 4 7 6 14 2 9 13 0 3 8 11 12
12 2 1 10 5 4 7 6 14 2 9 13 12 3 8 11 0
7 2 1 10 5 4 0 6 14 2 9 13 12 3 8 11 7
12 3 1 10 5 4 12 6 14 2 9 13 0 3 8 11 7
7 2 1 10 5 4 12 6 14 2 9 13 7 3 8 11 0
11 1 1 10 5 4 12 6 14 2 9 13 7 3 8 0 11
8 1 1 10 5 4 12 6 14 2 9 13 7 3 0 8 11
3 1 1 10 5 4 12 6 14 2 9 13 7 0 3 8 11
7 1 1 10 5 4 12 6 14 2 9 13 0 7 3 8 11
11 2 1 10 5 4 12 6 14 2 9 13 11 7 3 8 0
12 2 1 10 5 4 0 6 14 2 9 13 11 7 3 8 12
13 1 1 10 5 4 13 6 14 2 9 0 11 7 3 8 12
12 1 1 10 5 4 13 6 14 2 9 12 11 7 3 8 0
8 1 1 10 5 4 13 6 14 2 9 12 11 7 3 0 8
3 1 1 10 5 4 13 6 14 2 9 12 11 7 0 3 8
7 1 1 10 5 4 13 6 14 2 9 12 11 0 7 3 8
14 1 1 10 5 4 13 6 0 2 9 12 11 14 7 3 8
2 1 1 10 5 4 13 6 2 0 9 12 11 14 7 3 8
7 1 1 10 5 4 13 6 2 7 9 12 11 14 0 3 8
3 1 1 10 5 4 13 6 2 7 9 12 11 14 3 0 8
8 1 1 10 5 4 13 6 2 7 9 12 11 14 3 8 0
13 2 1 10 5 4 0 6 2 7 9 12 11 14 3 8 13
12 1 1 10 5 4 12 6 2 7 9 0 11 14 3 8 13
13 1 1 10 5 4 12 6 2 7 9 13 11 14 3 8 0
8 1 1 10 5 4 12 6 2 7 9 13 11 14 3 0 8
3 1 1 10 5 4 12 6 2 7 9 13 11 14 0 3 8
14 1 1 10 5 4 12 6 2 7 9 13 11 0 14 3 8
2 1 1 10 5 4 12 6 0 7 9 13 11 2 14 3 8
7 1 1 10 5 4 12 6 7 0 9 13 11 2 14 3 8
5 1 1 10 0 4 12 6 7 5 9 13 11 2 14 3 8
10 1 1 0 10 4 12 6 7 5 9 13 11 2 14 3 8
1 1 0 1 10 4 12 6 7 5 9 13 11 2 14 3 8
8 3 8 1 10 4 12 6 7 5 9 13 11 2 14 3 0
12 2 8 1 10 4 0 6 7 5 9 13 11 2 14 3 12
8 2 0 1 10 4 8 6 7 5 9 13 11 2 14 3 12
1 1 1 0 10 4 8 6 7 5 9 13 11 2 14 3 12
10 1 1 10 0 4 8 6 7 5 9 13 11 2 14 3 12
5 1 1 10 5 4 8 6 7 0 9 13 11 2 14 3 12
14 1 1 10 5 4 8 6 7 14 9 13 11 2 0 3 12
3 1 1 10 5 4 8 6 7 14 9 13 11 2 3 0 12
12 1 1 10 5 4 8 6 7 14 9 13 11 2 3 12 0
13 1 1 10 5 4 8 6 7 14 9 0 11 2 3 12 13
9 1 1 10 5 4 8 6 7 14 0 9 11 2 3 12 13
14 1 1 10 5 4 8 6 7 0 14 9 11 2 3 12 13
3 1 1 10 5 4 8 6 7 3 14 9 11 2 0 12 13
12 1 1 10 5 4 8 6 7 3 14 9 11 2 12 0 13
14 1 1 10 5 4 8 6 7 3 0 9 11 2 12 14 13
9 1 1 10 5 4 8 6 7 3 9 0 11 2 12 14 13
8 1 1 10 5 4 0 6 7 3 9 8 11 2 12 14 13
11 3 1 10 5 4 11 6 7 3 9 8 0 2 12 14 13
13 2 1 10 5 4 11 6 7 3 9 8 13 2 12 14 0
11 2 1 10 5 4 0 6 7 3 9 8 13 2 12 14 11
8 1 1 10 5 4 8 6 7 3 9 0 13 2 12 14 11
11 1 1 10 5 4 8 6 7 3 9 11 13 2 12 14 0
8 2 1 10 5 4 0 6 7 3 9 11 13 2 12 14 8
13 3 1 10 5 4 13 6 7 3 9 11 0 2 12 14 8
2 1 1 10 5 4 13 6 7 3 9 11 2 0 12 14 8
12 1 1 10 5 4 13 6 7 3 9 11 2 12 0 14 8
3 1 1 10 5 4 13 6 7 0 9 11 2 12 3 14 8
5 1 1 10 0 4 13 6 7 5 9 11 2 12 3 14 8
10 1 1 0 10 4 13 6 7 5 9 11 2 12 3 14 8
1 1 0 1 10 4 13 6 7 5 9 11 2 12 3 14 8
8 3 8 1 10 4 13 6 7 5 9 11 2 12 3 14 0
13 2 8 1 10 4 0 6 7 5 9 11 2 12 3 14 13
2 3 8 1 10 4 2 6 7 5 9 11 0 12 3 14 13
13 2 8 1 10 4 2 6 7 5 9 11 13 12 3 14 0
8 3 0 1 10 4 2 6 7 5 9 11 13 12 3 14 8
1 1 1 0 10 4 2 6 7 5 9 11 13 12 3 14 8
10 1 1 10 0 4 2 6 7 5 9 11 13 12 3 14 8
5 1 1 10 5 4 2 6 7 0 9 11 13 12 3 14 8
3 1 1 10 5 4 2 6 7 3 9 11 13 12 0 14 8
14 1 1 10 5 4 2 6 7 3 9 11 13 12 14 0 8
8 1 1 10 5 4 2 6 7 3 9 11 13 12 14 8 0
2 2 1 10 5 4 0 6 7 3 9 11 13 12 14 8 2
13 3 1 10 5 4 13 6 7 3 9 11 0 12 14 8 2
2 2 1 10 5 4 13 6 7 3 9 11 2 12 14 8 0
13 2 1 10 5 4 0 6 7 3 9 11 2 12 14 8 13
11 1 1 10 5 4 11 6 7 3 9 0 2 12 14 8 13
13 1 1 10 5 4 11 6 7 3 9 13 2 12 14 8 0
11 2 1 10 5 4 0 6 7 3 9 13 2 12 14 8 11
2 3 1 10 5 4 2 6 7 3 9 13 0 12 14 8 11
11 2 1 10 5 4 2 6 7 3 9 13 11 12 14 8 0
2 2 1 10 5 4 0 6 7 3 9 13 11 12 14 8 2
13 1 1 10 5 4 13 6 7 3 9 0 11 12 14 8 2
2 1 1 10 5 4 13 6 7 3 9 2 11 12 14 8 0
8 1 1 10 5 4 13 6 7 3 9 2 11 12 14 0 8
14 1 1 10 5 4 13 6 7 3 9 2 11 12 0 14 8
3 1 1 10 5 4 13 6 7 0 9 2 11 12 3 14 8
5 1 1 10 0 4 13 6 7 5 9 2 11 12 3 14 8
10 1 1 0 10 4 13 6 7 5 9 2 11 12 3 14 8
1 1 0 1 10 4 13 6 7 5 9 2 11 12 3 14 8
8 3 8 1 10 4 13 6 7 5 9 2 11 12 3 14 0
13 2 8 1 10 4 0 6 7 5 9 2 11 12 3 14 13
8 2 0 1 10 4 8 6 7 5 9 2 11 12 3 14 13
1 1 1 0 10 4 8 6 7 5 9 2 11 12 3 14 13
10 1 1 10 0 4 8 6 7 5 9 2 11 12 3 14 13
5 1 1 10 5 4 8 6 7 0 9 2 11 12 3 14 13
3 1 1 10 5 4 8 6 7 3 9 2 11 12 0 14 13
14 1 1 10 5 4 8 6 7 3 9 2 11 12 14 0 13
13 1 1 10 5 4 8 6 7 3 9 2 11 12 14 13 0
2 1 1 10 5 4 8 6 7 3 9 0 11 12 14 13 2
9 1 1 10 5 4 8 6 7 3 0 9 11 12 14 13 2
3 1 1 10 5 4 8 6 7 0 3 9 11 12 14 13 2
14 1 1 10 5 4 8 6 7 14 3 9 11 12 0 13 2
13 1 1 10 5 4 8 6 7 14 3 9 11 12 13 0 2
2 1 1 10 5 4 8 6 7 14 3 9 11 12 13 2 0
3 3 1 10 5 4 8 6 7 14 0 9 11 12 13 2 3
9 1 1 10 5 4 8 6 7 14 9 0 11 12 13 2 3
8 1 1 10 5 4 0 6 7 14 9 8 11 12 13 2 3
9 3 1 10 5 4 9 6 7 14 0 8 11 12 13 2 3
8 1 1 10 5 4 9 6 7 14 8 0 11 12 13 2 3
3 1 1 10 5 4 9 6 7 14 8 3 11 12 13 2 0
9 2 1 10 5 4 0 6 7 14 8 3 11 12 13 2 9
3 1 1 10 5 4 3 6 7 14 8 0 11 12 13 2 9
9 1 1 10 5 4 3 6 7 14 8 9 11 12 13 2 0
2 1 1 10 5 4 3 6 7 14 8 9 11 12 13 0 2
8 1 1 10 5 4 3 6 7 14 0 9 11 12 13 8 2
9 1 1 10 5 4 3 6 7 14 9 0 11 12 13 8 2
2 1 1 10 5 4 3 6 7 14 9 2 11 12 13 8 0
3 2 1 10 5 4 0 6 7 14 9 2 11 12 13 8 3
9 3 1 10 5 4 9 6 7 14 0 2 11 12 13 8 3
14 1 1 10 5 4 9 6 7 0 14 2 11 12 13 8 3
5 1 1 10 0 4 9 6 7 5 14 2 11 12 13 8 3
10 1 1 0 10 4 9 6 7 5 14 2 11 12 13 8 3
1 1 0 1 10 4 9 6 7 5 14 2 11 12 13 8 3
3 3 3 1 10 4 9 6 7 5 14 2 11 12 13 8 0
14 3 3 1 10 4 9 6 7 5 0 2 11 12 13 8 14
2 1 3 1 10 4 9 6 7 5 2 0 11 12 13 8 14
14 1 3 1 10 4 9 6 7 5 2 14 11 12 13 8 0
2 3 3 1 10 4 9 6 7 5 0 14 11 12 13 8 2
5 1 3 1 10 4 9 6 7 0 5 14 11 12 13 8 2
10 1 3 1 0 4 9 6 7 10 5 14 11 12 13 8 2
1 1 3 0 1 4 9 6 7 10 5 14 11 12 13 8 2
3 1 0 3 1 4 9 6 7 10 5 14 11 12 13 8 2
2 3 2 3 1 4 9 6 7 10 5 14 11 12 13 8 0
5 3 2 3 1 4 9 6 7 10 0 14 11 12 13 8 5
14 1 2 3 1 4 9 6 7 10 14 0 11 12 13 8 5
5 1 2 3 1 4 9 6 7 10 14 5 11 12 13 8 0
14 3 2 3 1 4 9 6 7 10 0 5 11 12 13 8 14
10 1 2 3 1 4 9 6 7 0 10 5 11 12 13 8 14
1 1 2 3 0 4 9 6 7 1 10 5 11 12 13 8 14
3 1 2 0 3 4 9 6 7 1 10 5 11 12 13 8 14
2 1 0 2 3 4 9 6 7 1 10 5 11 12 13 8 14
14 3 14 2 3 4 9 6 7 1 10 5 11 12 13 8 0
10 3 14 2 3 4 9 6 7 1 0 5 11 12 13 8 10
5 1 14 2 3 4 9 6 7 1 5 0 11 12 13 8 10
10 1 14 2 3 4 9 6 7 1 5 10 11 12 13 8 0
9 2 14 2 3 4 0 6 7 1 5 10 11 12 13 8 9
5 3 14 2 3 4 5 6 7 1 0 10 11 12 13 8 9
8 1 14 2 3 4 5 6 7 1 8 10 11 12 13 0 9
9 1 14 2 3 4 5 6 7 1 8 10 11 12 13 9 0
5 2 14 2 3 4 0 6 7 1 8 10 11 12 13 9 5
8 3 14 2 3 4 8 6 7 1 0 10 11 12 13 9 5
9 1 14 2 3 4 8 6 7 1 9 10 11 12 13 0 5
5 1 14 2 3 4 8 6 7 1 9 10 11 12 13 5 0
14 3 0 2 3 4 8 6 7 1 9 10 11 12 13 5 14
8 2 8 2 3 4 0 6 7 1 9 10 11 12 13 5 14
9 3 8 2 3 4 9 6 7 1 0 10 11 12 13 5 14
5 1 8 2 3 4 9 6 7 1 5 10 11 12 13 0 14
14 1 8 2 3 4 9 6 7 1 5 10 11 12 13 14 0
8 3 0 2 3 4 9 6 7 1 5 10 11 12 13 14 8
9 2 9 2 3 4 0 6 7 1 5 10 11 12 13 14 8
5 3 9 2 3 4 5 6 7 1 0 10 11 12 13 14 8
10 1 9 2 3 4 5 6 7 1 10 0 11 12 13 14 8
8 1 9 2 3 4 5 6 7 1 10 8 11 12 13 14 0
10 3 9 2 3 4 5 6 7 1 0 8 11 12 13 14 10
8 1 9 2 3 4 5 6 7 1 8 0 11 12 13 14 10
10 1 9 2 3 4 5 6 7 1 8 10 11 12 13 14 0
9 3 0 2 3 4 5 6 7 1 8 10 11 12 13 14 9
7 3 7 2 3 4 5 6 0 1 8 10 11 12 13 14 9
1 1 7 2 3 4 5 6 1 0 8 10 11 12 13 14 9
8 1 7 2 3 4 5 6 1 8 0 10 11 12 13 14 9
10 1 7 2 3 4 5 6 1 8 10 0 11 12 13 14 9
9 1 7 2 3 4 5 6 1 8 10 9 11 12 13 14 0
10 3 7 2 3 4 5 6 1 8 0 9 11 12 13 14 10
9 1 7 2 3 4 5 6 1 8 9 0 11 12 13 14 10
10 1 7 2 3 4 5 6 1 8 9 10 11 12 13 14 0
11 2 7 2 3 4 5 6 1 8 9 10 0 12 13 14 11
7 2 0 2 3 4 5 6 1 8 9 10 7 12 13 14 11
1 3 1 2 3 4 5 6 0 8 9 10 7 12 13 14 11
6 1 1 2 3 4 5 0 6 8 9 10 7 12 13 14 11
7 1 1 2 3 4 5 7 6 8 9 10 0 12 13 14 11
11 2 1 2 3 4 5 7 6 8 9 10 11 12 13 14 0
1 3 0 2 3 4 5 7 6 8 9 10 11 12 13 14 1
6 3 6 2 3 4 5 7 0 8 9 10 11 12 13 14 1
7 1 6 2 3 4 5 0 7 8 9 10 11 12 13 14 1
11 1 6 2 3 4 5 11 7 8 9 10 0 12 13 14 1
6 2 0 2 3 4 5 11 7 8 9 10 6 12 13 14 1
11 1 11 2 3 4 5 0 7 8 9 10 6 12 13 14 1
6 1 11 2 3 4 5 6 7 8 9 10 0 12 13 14 1
11 2 0 2 3 4 5 6 7 8 9 10 11 12 13 14 1
1 3 1 2 3 4 5 6 7 8 9 10 11 12 13 14 0
330 2.91