0 0 14 0 7 10 11 12 3 1 2 9 13 4 8 6 5
14 1 0 14 7 10 11 12 3 1 2 9 13 4 8 6 5
5 3 5 14 7 10 11 12 3 1 2 9 13 4 8 6 0
2 3 5 14 7 10 11 12 3 1 0 9 13 4 8 6 2
9 1 5 14 7 10 11 12 3 1 9 0 13 4 8 6 2
2 1 5 14 7 10 11 12 3 1 9 2 13 4 8 6 0
9 3 5 14 7 10 11 12 3 1 0 2 13 4 8 6 9
1 1 5 14 7 10 11 12 3 0 1 2 13 4 8 6 9
8 1 5 14 7 10 11 12 3 8 1 2 13 4 0 6 9
6 1 5 14 7 10 11 12 3 8 1 2 13 4 6 0 9
9 1 5 14 7 10 11 12 3 8 1 2 13 4 6 9 0
1 3 5 14 7 10 11 12 3 8 0 2 13 4 6 9 1
2 1 5 14 7 10 11 12 3 8 2 0 13 4 6 9 1
1 1 5 14 7 10 11 12 3 8 2 1 13 4 6 9 0
2 3 5 14 7 10 11 12 3 8 0 1 13 4 6 9 2
9 1 5 14 7 10 11 12 3 8 9 1 13 4 6 0 2
2 1 5 14 7 10 11 12 3 8 9 1 13 4 6 2 0
9 3 5 14 7 10 11 12 3 8 0 1 13 4 6 2 9
1 1 5 14 7 10 11 12 3 8 1 0 13 4 6 2 9
9 1 5 14 7 10 11 12 3 8 1 9 13 4 6 2 0
1 3 5 14 7 10 11 12 3 8 0 9 13 4 6 2 1
2 1 5 14 7 10 11 12 3 8 2 9 13 4 6 0 1
1 1 5 14 7 10 11 12 3 8 2 9 13 4 6 1 0
2 3 5 14 7 10 11 12 3 8 0 9 13 4 6 1 2
9 1 5 14 7 10 11 12 3 8 9 0 13 4 6 1 2
2 1 5 14 7 10 11 12 3 8 9 2 13 4 6 1 0
5 3 0 14 7 10 11 12 3 8 9 2 13 4 6 1 5
3 3 3 14 7 10 11 12 0 8 9 2 13 4 6 1 5
12 1 3 14 7 10 11 0 12 8 9 2 13 4 6 1 5
13 1 3 14 7 10 11 13 12 8 9 2 0 4 6 1 5
3 2 0 14 7 10 11 13 12 8 9 2 3 4 6 1 5
5 3 5 14 7 10 11 13 12 8 9 2 3 4 6 1 0
9 3 5 14 7 10 11 13 12 8 0 2 3 4 6 1 9
2 1 5 14 7 10 11 13 12 8 2 0 3 4 6 1 9
9 1 5 14 7 10 11 13 12 8 2 9 3 4 6 1 0
11 2 5 14 7 10 0 13 12 8 2 9 3 4 6 1 11
2 3 5 14 7 10 2 13 12 8 0 9 3 4 6 1 11
9 1 5 14 7 10 2 13 12 8 9 0 3 4 6 1 11
11 1 5 14 7 10 2 13 12 8 9 11 3 4 6 1 0
9 3 5 14 7 10 2 13 12 8 0 11 3 4 6 1 9
11 1 5 14 7 10 2 13 12 8 11 0 3 4 6 1 9
9 1 5 14 7 10 2 13 12 8 11 9 3 4 6 1 0
5 3 0 14 7 10 2 13 12 8 11 9 3 4 6 1 5
12 3 12 14 7 10 2 13 0 8 11 9 3 4 6 1 5
4 1 12 14 7 10 2 13 4 8 11 9 3 0 6 1 5
6 1 12 14 7 10 2 13 4 8 11 9 3 6 0 1 5
1 1 12 14 7 10 2 13 4 8 11 9 3 6 1 0 5
5 1 12 14 7 10 2 13 4 8 11 9 3 6 1 5 0
12 3 0 14 7 10 2 13 4 8 11 9 3 6 1 5 12
4 3 4 14 7 10 2 13 0 8 11 9 3 6 1 5 12
14 1 4 0 7 10 2 13 14 8 11 9 3 6 1 5 12
4 1 0 4 7 10 2 13 14 8 11 9 3 6 1 5 12
12 3 12 4 7 10 2 13 14 8 11 9 3 6 1 5 0
2 2 12 4 7 10 0 13 14 8 11 9 3 6 1 5 2
12 2 0 4 7 10 12 13 14 8 11 9 3 6 1 5 2
2 3 2 4 7 10 12 13 14 8 11 9 3 6 1 5 0
9 1 2 4 7 10 12 13 14 8 11 0 3 6 1 5 9
12 1 2 4 7 10 0 13 14 8 11 12 3 6 1 5 9
2 2 0 4 7 10 2 13 14 8 11 12 3 6 1 5 9
13 1 13 4 7 10 2 0 14 8 11 12 3 6 1 5 9
14 1 13 4 7 10 2 14 0 8 11 12 3 6 1 5 9
8 1 13 4 7 10 2 14 8 0 11 12 3 6 1 5 9
1 1 13 4 7 10 2 14 8 1 11 12 3 6 0 5 9
5 1 13 4 7 10 2 14 8 1 11 12 3 6 5 0 9
9 1 13 4 7 10 2 14 8 1 11 12 3 6 5 9 0
13 3 0 4 7 10 2 14 8 1 11 12 3 6 5 9 13
8 3 8 4 7 10 2 14 0 1 11 12 3 6 5 9 13
1 1 8 4 7 10 2 14 1 0 11 12 3 6 5 9 13
5 1 8 4 7 10 2 14 1 5 11 12 3 6 0 9 13
9 1 8 4 7 10 2 14 1 5 11 12 3 6 9 0 13
13 1 8 4 7 10 2 14 1 5 11 12 3 6 9 13 0
8 3 0 4 7 10 2 14 1 5 11 12 3 6 9 13 8
1 3 1 4 7 10 2 14 0 5 11 12 3 6 9 13 8
5 1 1 4 7 10 2 14 5 0 11 12 3 6 9 13 8
11 1 1 4 7 10 2 14 5 11 0 12 3 6 9 13 8
13 1 1 4 7 10 2 14 5 11 13 12 3 6 9 0 8
8 1 1 4 7 10 2 14 5 11 13 12 3 6 9 8 0
13 3 1 4 7 10 2 14 5 11 0 12 3 6 9 8 13
11 1 1 4 7 10 2 14 5 0 11 12 3 6 9 8 13
9 1 1 4 7 10 2 14 5 9 11 12 3 6 0 8 13
8 1 1 4 7 10 2 14 5 9 11 12 3 6 8 0 13
13 1 1 4 7 10 2 14 5 9 11 12 3 6 8 13 0
2 2 1 4 7 10 0 14 5 9 11 12 3 6 8 13 2
12 1 1 4 7 10 12 14 5 9 11 0 3 6 8 13 2
2 1 1 4 7 10 12 14 5 9 11 2 3 6 8 13 0
13 1 1 4 7 10 12 14 5 9 11 2 3 6 8 0 13
8 1 1 4 7 10 12 14 5 9 11 2 3 6 0 8 13
9 1 1 4 7 10 12 14 5 0 11 2 3 6 9 8 13
11 1 1 4 7 10 12 14 5 11 0 2 3 6 9 8 13
2 1 1 4 7 10 12 14 5 11 2 0 3 6 9 8 13
13 1 1 4 7 10 12 14 5 11 2 13 3 6 9 8 0
2 3 1 4 7 10 12 14 5 11 0 13 3 6 9 8 2
11 1 1 4 7 10 12 14 5 0 11 13 3 6 9 8 2
9 1 1 4 7 10 12 14 5 9 11 13 3 6 0 8 2
8 1 1 4 7 10 12 14 5 9 11 13 3 6 8 0 2
2 1 1 4 7 10 12 14 5 9 11 13 3 6 8 2 0
12 2 1 4 7 10 0 14 5 9 11 13 3 6 8 2 12
13 1 1 4 7 10 13 14 5 9 11 0 3 6 8 2 12
12 1 1 4 7 10 13 14 5 9 11 12 3 6 8 2 0
2 1 1 4 7 10 13 14 5 9 11 12 3 6 8 0 2
8 1 1 4 7 10 13 14 5 9 11 12 3 6 0 8 2
9 1 1 4 7 10 13 14 5 0 11 12 3 6 9 8 2
11 1 1 4 7 10 13 14 5 11 0 12 3 6 9 8 2
12 1 1 4 7 10 13 14 5 11 12 0 3 6 9 8 2
2 1 1 4 7 10 13 14 5 11 12 2 3 6 9 8 0
12 3 1 4 7 10 13 14 5 11 0 2 3 6 9 8 12
8 1 1 4 7 10 13 14 5 11 8 2 3 6 9 0 12
12 1 1 4 7 10 13 14 5 11 8 2 3 6 9 12 0
8 3 1 4 7 10 13 14 5 11 0 2 3 6 9 12 8
11 1 1 4 7 10 13 14 5 0 11 2 3 6 9 12 8
5 1 1 4 7 10 13 14 0 5 11 2 3 6 9 12 8
14 1 1 4 7 10 13 0 14 5 11 2 3 6 9 12 8
3 1 1 4 7 10 13 3 14 5 11 2 0 6 9 12 8
14 3 1 4 7 10 13 3 0 5 11 2 14 6 9 12 8
5 1 1 4 7 10 13 3 5 0 11 2 14 6 9 12 8
11 1 1 4 7 10 13 3 5 11 0 2 14 6 9 12 8
2 1 1 4 7 10 13 3 5 11 2 0 14 6 9 12 8
8 1 1 4 7 10 13 3 5 11 2 8 14 6 9 12 0
14 2 1 4 7 10 13 3 5 11 2 8 0 6 9 12 14
3 1 1 4 7 10 13 0 5 11 2 8 3 6 9 12 14
5 1 1 4 7 10 13 5 0 11 2 8 3 6 9 12 14
11 1 1 4 7 10 13 5 11 0 2 8 3 6 9 12 14
2 1 1 4 7 10 13 5 11 2 0 8 3 6 9 12 14
8 1 1 4 7 10 13 5 11 2 8 0 3 6 9 12 14
14 1 1 4 7 10 13 5 11 2 8 14 3 6 9 12 0
8 3 1 4 7 10 13 5 11 2 0 14 3 6 9 12 8
2 1 1 4 7 10 13 5 11 0 2 14 3 6 9 12 8
11 1 1 4 7 10 13 5 0 11 2 14 3 6 9 12 8
5 1 1 4 7 10 13 0 5 11 2 14 3 6 9 12 8
3 1 1 4 7 10 13 3 5 11 2 14 0 6 9 12 8
8 2 1 4 7 10 13 3 5 11 2 14 8 6 9 12 0
2 3 1 4 7 10 13 3 5 11 0 14 8 6 9 12 2
11 1 1 4 7 10 13 3 5 0 11 14 8 6 9 12 2
5 1 1 4 7 10 13 3 0 5 11 14 8 6 9 12 2
3 1 1 4 7 10 13 0 3 5 11 14 8 6 9 12 2
8 1 1 4 7 10 13 8 3 5 11 14 0 6 9 12 2
3 3 1 4 7 10 13 8 0 5 11 14 3 6 9 12 2
5 1 1 4 7 10 13 8 5 0 11 14 3 6 9 12 2
11 1 1 4 7 10 13 8 5 11 0 14 3 6 9 12 2
14 1 1 4 7 10 13 8 5 11 14 0 3 6 9 12 2
2 1 1 4 7 10 13 8 5 11 14 2 3 6 9 12 0
14 3 1 4 7 10 13 8 5 11 0 2 3 6 9 12 14
2 1 1 4 7 10 13 8 5 11 2 0 3 6 9 12 14
14 1 1 4 7 10 13 8 5 11 2 14 3 6 9 12 0
3 2 1 4 7 10 13 8 5 11 2 14 0 6 9 12 3
1 2 0 4 7 10 13 8 5 11 2 14 1 6 9 12 3
3 3 3 4 7 10 13 8 5 11 2 14 1 6 9 12 0
2 3 3 4 7 10 13 8 5 11 0 14 1 6 9 12 2
11 1 3 4 7 10 13 8 5 0 11 14 1 6 9 12 2
5 1 3 4 7 10 13 8 0 5 11 14 1 6 9 12 2
8 1 3 4 7 10 13 0 8 5 11 14 1 6 9 12 2
1 1 3 4 7 10 13 1 8 5 11 14 0 6 9 12 2
2 2 3 4 7 10 13 1 8 5 11 14 2 6 9 12 0
3 3 0 4 7 10 13 1 8 5 11 14 2 6 9 12 3
1 1 1 4 7 10 13 0 8 5 11 14 2 6 9 12 3
2 1 1 4 7 10 13 2 8 5 11 14 0 6 9 12 3
3 2 1 4 7 10 13 2 8 5 11 14 3 6 9 12 0
12 1 1 4 7 10 13 2 8 5 11 14 3 6 9 0 12
9 1 1 4 7 10 13 2 8 5 11 14 3 6 0 9 12
5 1 1 4 7 10 13 2 8 0 11 14 3 6 5 9 12
8 1 1 4 7 10 13 2 0 8 11 14 3 6 5 9 12
6 1 1 4 7 10 13 2 6 8 11 14 3 0 5 9 12
5 1 1 4 7 10 13 2 6 8 11 14 3 5 0 9 12
9 1 1 4 7 10 13 2 6 8 11 14 3 5 9 0 12
12 1 1 4 7 10 13 2 6 8 11 14 3 5 9 12 0
3 2 1 4 7 10 13 2 6 8 11 14 0 5 9 12 3
6 3 1 4 7 10 13 2 0 8 11 14 6 5 9 12 3
5 1 1 4 7 10 13 2 5 8 11 14 6 0 9 12 3
6 1 1 4 7 10 13 2 5 8 11 14 0 6 9 12 3
3 2 1 4 7 10 13 2 5 8 11 14 3 6 9 12 0
258 1.33