0 0 2 3 10 13 14 7 5 6 8 11 1 9 12 0 4
12 1 2 3 10 13 14 7 5 6 8 11 1 9 0 12 4
9 1 2 3 10 13 14 7 5 6 8 11 1 0 9 12 4
1 1 2 3 10 13 14 7 5 6 8 11 0 1 9 12 4
4 2 2 3 10 13 14 7 5 6 8 11 4 1 9 12 0
8 3 2 3 10 13 14 7 5 6 0 11 4 1 9 12 8
11 1 2 3 10 13 14 7 5 6 11 0 4 1 9 12 8
14 1 2 3 10 13 0 7 5 6 11 14 4 1 9 12 8
13 1 2 3 10 0 13 7 5 6 11 14 4 1 9 12 8
10 1 2 3 0 10 13 7 5 6 11 14 4 1 9 12 8
3 1 2 0 3 10 13 7 5 6 11 14 4 1 9 12 8
2 1 0 2 3 10 13 7 5 6 11 14 4 1 9 12 8
8 3 8 2 3 10 13 7 5 6 11 14 4 1 9 12 0
4 2 8 2 3 10 13 7 5 6 11 14 0 1 9 12 4
8 2 0 2 3 10 13 7 5 6 11 14 8 1 9 12 4
7 1 7 2 3 10 13 0 5 6 11 14 8 1 9 12 4
8 1 7 2 3 10 13 8 5 6 11 14 0 1 9 12 4
4 2 7 2 3 10 13 8 5 6 11 14 4 1 9 12 0
7 3 0 2 3 10 13 8 5 6 11 14 4 1 9 12 7
4 2 4 2 3 10 13 8 5 6 11 14 0 1 9 12 7
8 1 4 2 3 10 13 0 5 6 11 14 8 1 9 12 7
5 1 4 2 3 10 13 5 0 6 11 14 8 1 9 12 7
6 1 4 2 3 10 13 5 6 0 11 14 8 1 9 12 7
3 1 4 2 0 10 13 5 6 3 11 14 8 1 9 12 7
2 1 4 0 2 10 13 5 6 3 11 14 8 1 9 12 7
4 1 0 4 2 10 13 5 6 3 11 14 8 1 9 12 7
7 3 7 4 2 10 13 5 6 3 11 14 8 1 9 12 0
8 2 7 4 2 10 13 5 6 3 11 14 0 1 9 12 8
6 3 7 4 2 10 13 5 0 3 11 14 6 1 9 12 8
5 1 7 4 2 10 13 0 5 3 11 14 6 1 9 12 8
6 1 7 4 2 10 13 6 5 3 11 14 0 1 9 12 8
8 2 7 4 2 10 13 6 5 3 11 14 8 1 9 12 0
7 3 0 4 2 10 13 6 5 3 11 14 8 1 9 12 7
8 2 8 4 2 10 13 6 5 3 11 14 0 1 9 12 7
5 3 8 4 2 10 13 6 0 3 11 14 5 1 9 12 7
1 1 8 4 2 10 13 6 1 3 11 14 5 0 9 12 7
5 1 8 4 2 10 13 6 1 3 11 14 0 5 9 12 7
7 2 8 4 2 10 13 6 1 3 11 14 7 5 9 12 0
8 3 0 4 2 10 13 6 1 3 11 14 7 5 9 12 8
1 3 1 4 2 10 13 6 0 3 11 14 7 5 9 12 8
5 1 1 4 2 10 13 6 5 3 11 14 7 0 9 12 8
7 1 1 4 2 10 13 6 5 3 11 14 0 7 9 12 8
6 1 1 4 2 10 13 0 5 3 11 14 6 7 9 12 8
5 1 1 4 2 10 13 5 0 3 11 14 6 7 9 12 8
7 1 1 4 2 10 13 5 7 3 11 14 6 0 9 12 8
6 1 1 4 2 10 13 5 7 3 11 14 0 6 9 12 8
7 3 1 4 2 10 13 5 0 3 11 14 7 6 9 12 8
5 1 1 4 2 10 13 0 5 3 11 14 7 6 9 12 8
7 1 1 4 2 10 13 7 5 3 11 14 0 6 9 12 8
8 2 1 4 2 10 13 7 5 3 11 14 8 6 9 12 0
1 3 0 4 2 10 13 7 5 3 11 14 8 6 9 12 1
7 1 7 4 2 10 13 0 5 3 11 14 8 6 9 12 1
8 1 7 4 2 10 13 8 5 3 11 14 0 6 9 12 1
1 2 7 4 2 10 13 8 5 3 11 14 1 6 9 12 0
7 3 0 4 2 10 13 8 5 3 11 14 1 6 9 12 7
1 2 1 4 2 10 13 8 5 3 11 14 0 6 9 12 7
5 3 1 4 2 10 13 8 0 3 11 14 5 6 9 12 7
8 1 1 4 2 10 13 0 8 3 11 14 5 6 9 12 7
5 1 1 4 2 10 13 5 8 3 11 14 0 6 9 12 7
7 2 1 4 2 10 13 5 8 3 11 14 7 6 9 12 0
11 3 1 4 2 10 13 5 8 3 0 14 7 6 9 12 11
3 1 1 4 2 10 13 5 8 0 3 14 7 6 9 12 11
8 1 1 4 2 10 13 5 0 8 3 14 7 6 9 12 11
5 1 1 4 2 10 13 0 5 8 3 14 7 6 9 12 11
7 1 1 4 2 10 13 7 5 8 3 14 0 6 9 12 11
1 2 0 4 2 10 13 7 5 8 3 14 1 6 9 12 11
7 1 7 4 2 10 13 0 5 8 3 14 1 6 9 12 11
1 1 7 4 2 10 13 1 5 8 3 14 0 6 9 12 11
11 2 7 4 2 10 13 1 5 8 3 14 11 6 9 12 0
7 3 0 4 2 10 13 1 5 8 3 14 11 6 9 12 7
1 1 1 4 2 10 13 0 5 8 3 14 11 6 9 12 7
11 1 1 4 2 10 13 11 5 8 3 14 0 6 9 12 7
13 3 1 4 2 10 0 11 5 8 3 14 13 6 9 12 7
3 3 1 4 2 10 3 11 5 8 0 14 13 6 9 12 7
14 1 1 4 2 10 3 11 5 8 14 0 13 6 9 12 7
7 1 1 4 2 10 3 11 5 8 14 7 13 6 9 12 0
14 3 1 4 2 10 3 11 5 8 0 7 13 6 9 12 14
7 1 1 4 2 10 3 11 5 8 7 0 13 6 9 12 14
14 1 1 4 2 10 3 11 5 8 7 14 13 6 9 12 0
3 2 1 4 2 10 0 11 5 8 7 14 13 6 9 12 3
13 3 1 4 2 10 13 11 5 8 7 14 0 6 9 12 3
3 2 1 4 2 10 13 11 5 8 7 14 3 6 9 12 0
13 2 1 4 2 10 0 11 5 8 7 14 3 6 9 12 13
7 3 1 4 2 10 7 11 5 8 0 14 3 6 9 12 13
10 1 1 4 2 0 7 11 5 8 10 14 3 6 9 12 13
7 1 1 4 2 7 0 11 5 8 10 14 3 6 9 12 13
13 2 1 4 2 7 13 11 5 8 10 14 3 6 9 12 0
10 3 1 4 2 7 13 11 5 8 0 14 3 6 9 12 10
7 1 1 4 2 0 13 11 5 8 7 14 3 6 9 12 10
2 1 1 4 0 2 13 11 5 8 7 14 3 6 9 12 10
8 1 1 4 8 2 13 11 5 0 7 14 3 6 9 12 10
7 1 1 4 8 2 13 11 5 7 0 14 3 6 9 12 10
2 1 1 4 8 0 13 11 5 7 2 14 3 6 9 12 10
8 1 1 4 0 8 13 11 5 7 2 14 3 6 9 12 10
7 1 1 4 7 8 13 11 5 0 2 14 3 6 9 12 10
2 1 1 4 7 8 13 11 5 2 0 14 3 6 9 12 10
8 1 1 4 7 0 13 11 5 2 8 14 3 6 9 12 10
13 1 1 4 7 13 0 11 5 2 8 14 3 6 9 12 10
10 2 1 4 7 13 10 11 5 2 8 14 3 6 9 12 0
8 3 1 4 7 13 10 11 5 2 0 14 3 6 9 12 8
13 1 1 4 7 0 10 11 5 2 13 14 3 6 9 12 8
10 1 1 4 7 10 0 11 5 2 13 14 3 6 9 12 8
13 3 1 4 7 10 13 11 5 2 0 14 3 6 9 12 8
14 1 1 4 7 10 13 11 5 2 14 0 3 6 9 12 8
8 1 1 4 7 10 13 11 5 2 14 8 3 6 9 12 0
14 3 1 4 7 10 13 11 5 2 0 8 3 6 9 12 14
8 1 1 4 7 10 13 11 5 2 8 0 3 6 9 12 14
14 1 1 4 7 10 13 11 5 2 8 14 3 6 9 12 0
3 2 1 4 7 10 13 11 5 2 8 14 0 6 9 12 3
5 3 1 4 7 10 13 11 0 2 8 14 5 6 9 12 3
2 1 1 4 7 10 13 11 2 0 8 14 5 6 9 12 3
8 1 1 4 7 10 13 11 2 8 0 14 5 6 9 12 3
14 1 1 4 7 10 13 11 2 8 14 0 5 6 9 12 3
3 1 1 4 7 10 13 11 2 8 14 3 5 6 9 12 0
14 3 1 4 7 10 13 11 2 8 0 3 5 6 9 12 14
3 1 1 4 7 10 13 11 2 8 3 0 5 6 9 12 14
14 1 1 4 7 10 13 11 2 8 3 14 5 6 9 12 0
5 2 1 4 7 10 13 11 2 8 3 14 0 6 9 12 5
2 3 1 4 7 10 13 11 0 8 3 14 2 6 9 12 5
11 1 1 4 7 10 13 0 11 8 3 14 2 6 9 12 5
2 1 1 4 7 10 13 2 11 8 3 14 0 6 9 12 5
5 2 1 4 7 10 13 2 11 8 3 14 5 6 9 12 0
3 3 1 4 7 10 13 2 11 8 0 14 5 6 9 12 3
8 1 1 4 7 10 13 2 11 0 8 14 5 6 9 12 3
11 1 1 4 7 10 13 2 0 11 8 14 5 6 9 12 3
2 1 1 4 7 10 13 0 2 11 8 14 5 6 9 12 3
5 1 1 4 7 10 13 5 2 11 8 14 0 6 9 12 3
3 2 1 4 7 10 13 5 2 11 8 14 3 6 9 12 0
8 3 1 4 7 10 13 5 2 11 0 14 3 6 9 12 8
11 1 1 4 7 10 13 5 2 0 11 14 3 6 9 12 8
2 1 1 4 7 10 13 5 0 2 11 14 3 6 9 12 8
5 1 1 4 7 10 13 0 5 2 11 14 3 6 9 12 8
3 1 1 4 7 10 13 3 5 2 11 14 0 6 9 12 8
8 2 1 4 7 10 13 3 5 2 11 14 8 6 9 12 0
1 3 0 4 7 10 13 3 5 2 11 14 8 6 9 12 1
3 1 3 4 7 10 13 0 5 2 11 14 8 6 9 12 1
8 1 3 4 7 10 13 8 5 2 11 14 0 6 9 12 1
3 2 0 4 7 10 13 8 5 2 11 14 3 6 9 12 1
1 3 1 4 7 10 13 8 5 2 11 14 3 6 9 12 0
3 2 1 4 7 10 13 8 5 2 11 14 0 6 9 12 3
5 3 1 4 7 10 13 8 0 2 11 14 5 6 9 12 3
8 1 1 4 7 10 13 0 8 2 11 14 5 6 9 12 3
5 1 1 4 7 10 13 5 8 2 11 14 0 6 9 12 3
3 2 1 4 7 10 13 5 8 2 11 14 3 6 9 12 0
11 3 1 4 7 10 13 5 8 2 0 14 3 6 9 12 11
2 1 1 4 7 10 13 5 8 0 2 14 3 6 9 12 11
8 1 1 4 7 10 13 5 0 8 2 14 3 6 9 12 11
5 1 1 4 7 10 13 0 5 8 2 14 3 6 9 12 11
3 1 1 4 7 10 13 3 5 8 2 14 0 6 9 12 11
11 2 1 4 7 10 13 3 5 8 2 14 11 6 9 12 0
1 3 0 4 7 10 13 3 5 8 2 14 11 6 9 12 1
3 1 3 4 7 10 13 0 5 8 2 14 11 6 9 12 1
11 1 3 4 7 10 13 11 5 8 2 14 0 6 9 12 1
3 2 0 4 7 10 13 11 5 8 2 14 3 6 9 12 1
1 3 1 4 7 10 13 11 5 8 2 14 3 6 9 12 0
13 2 1 4 7 10 0 11 5 8 2 14 3 6 9 12 13
2 3 1 4 7 10 2 11 5 8 0 14 3 6 9 12 13
14 1 1 4 7 10 2 11 5 8 14 0 3 6 9 12 13
13 1 1 4 7 10 2 11 5 8 14 13 3 6 9 12 0
14 3 1 4 7 10 2 11 5 8 0 13 3 6 9 12 14
13 1 1 4 7 10 2 11 5 8 13 0 3 6 9 12 14
14 1 1 4 7 10 2 11 5 8 13 14 3 6 9 12 0
2 2 1 4 7 10 0 11 5 8 13 14 3 6 9 12 2
3 3 1 4 7 10 3 11 5 8 13 14 0 6 9 12 2
2 2 1 4 7 10 3 11 5 8 13 14 2 6 9 12 0
3 2 1 4 7 10 0 11 5 8 13 14 2 6 9 12 3
13 3 1 4 7 10 13 11 5 8 0 14 2 6 9 12 3
14 1 1 4 7 10 13 11 5 8 14 0 2 6 9 12 3
3 1 1 4 7 10 13 11 5 8 14 3 2 6 9 12 0
14 3 1 4 7 10 13 11 5 8 0 3 2 6 9 12 14
3 1 1 4 7 10 13 11 5 8 3 0 2 6 9 12 14
14 1 1 4 7 10 13 11 5 8 3 14 2 6 9 12 0
2 2 1 4 7 10 13 11 5 8 3 14 0 6 9 12 2
1 2 0 4 7 10 13 11 5 8 3 14 1 6 9 12 2
11 1 11 4 7 10 13 0 5 8 3 14 1 6 9 12 2
1 1 11 4 7 10 13 1 5 8 3 14 0 6 9 12 2
2 2 11 4 7 10 13 1 5 8 3 14 2 6 9 12 0
11 3 0 4 7 10 13 1 5 8 3 14 2 6 9 12 11
1 1 1 4 7 10 13 0 5 8 3 14 2 6 9 12 11
2 1 1 4 7 10 13 2 5 8 3 14 0 6 9 12 11
11 2 1 4 7 10 13 2 5 8 3 14 11 6 9 12 0
3 3 1 4 7 10 13 2 5 8 0 14 11 6 9 12 3
10 1 1 4 7 0 13 2 5 8 10 14 11 6 9 12 3
13 1 1 4 7 13 0 2 5 8 10 14 11 6 9 12 3
3 2 1 4 7 13 3 2 5 8 10 14 11 6 9 12 0
10 3 1 4 7 13 3 2 5 8 0 14 11 6 9 12 10
13 1 1 4 7 0 3 2 5 8 13 14 11 6 9 12 10
3 1 1 4 7 3 0 2 5 8 13 14 11 6 9 12 10
10 2 1 4 7 3 10 2 5 8 13 14 11 6 9 12 0
11 2 1 4 7 3 10 2 5 8 13 14 0 6 9 12 11
10 3 1 4 7 3 0 2 5 8 13 14 10 6 9 12 11
11 2 1 4 7 3 11 2 5 8 13 14 10 6 9 12 0
13 3 1 4 7 3 11 2 5 8 0 14 10 6 9 12 13
3 1 1 4 7 0 11 2 5 8 3 14 10 6 9 12 13
11 1 1 4 7 11 0 2 5 8 3 14 10 6 9 12 13
13 2 1 4 7 11 13 2 5 8 3 14 10 6 9 12 0
3 3 1 4 7 11 13 2 5 8 0 14 10 6 9 12 3
11 1 1 4 7 0 13 2 5 8 11 14 10 6 9 12 3
13 1 1 4 7 13 0 2 5 8 11 14 10 6 9 12 3
3 2 1 4 7 13 3 2 5 8 11 14 10 6 9 12 0
10 2 1 4 7 13 3 2 5 8 11 14 0 6 9 12 10
3 3 1 4 7 13 0 2 5 8 11 14 3 6 9 12 10
13 1 1 4 7 0 13 2 5 8 11 14 3 6 9 12 10
11 1 1 4 7 11 13 2 5 8 0 14 3 6 9 12 10
14 1 1 4 7 11 13 2 5 8 14 0 3 6 9 12 10
10 1 1 4 7 11 13 2 5 8 14 10 3 6 9 12 0
14 3 1 4 7 11 13 2 5 8 0 10 3 6 9 12 14
10 1 1 4 7 11 13 2 5 8 10 0 3 6 9 12 14
14 1 1 4 7 11 13 2 5 8 10 14 3 6 9 12 0
13 2 1 4 7 11 0 2 5 8 10 14 3 6 9 12 13
10 3 1 4 7 11 10 2 5 8 0 14 3 6 9 12 13
11 1 1 4 7 0 10 2 5 8 11 14 3 6 9 12 13
10 1 1 4 7 10 0 2 5 8 11 14 3 6 9 12 13
13 2 1 4 7 10 13 2 5 8 11 14 3 6 9 12 0
358 2.55