0 0 10 3 13 12 14 8 1 7 4 5 9 11 2 0 6
6 1 10 3 13 12 14 8 1 7 4 5 9 11 2 6 0
4 3 10 3 13 12 14 8 1 7 0 5 9 11 2 6 4
5 1 10 3 13 12 14 8 1 7 5 0 9 11 2 6 4
14 1 10 3 13 12 0 8 1 7 5 14 9 11 2 6 4
4 2 10 3 13 12 4 8 1 7 5 14 9 11 2 6 0
5 3 10 3 13 12 4 8 1 7 0 14 9 11 2 6 5
7 1 10 3 13 12 4 8 1 0 7 14 9 11 2 6 5
1 1 10 3 13 12 4 8 0 1 7 14 9 11 2 6 5
8 1 10 3 13 12 4 0 8 1 7 14 9 11 2 6 5
9 1 10 3 13 12 4 9 8 1 7 14 0 11 2 6 5
5 2 10 3 13 12 4 9 8 1 7 14 5 11 2 6 0
7 3 10 3 13 12 4 9 8 1 0 14 5 11 2 6 7
1 1 10 3 13 12 4 9 8 0 1 14 5 11 2 6 7
8 1 10 3 13 12 4 9 0 8 1 14 5 11 2 6 7
9 1 10 3 13 12 4 0 9 8 1 14 5 11 2 6 7
5 1 10 3 13 12 4 5 9 8 1 14 0 11 2 6 7
7 2 10 3 13 12 4 5 9 8 1 14 7 11 2 6 0
1 3 10 3 13 12 4 5 9 8 0 14 7 11 2 6 1
6 1 10 3 13 12 4 5 9 8 6 14 7 11 2 0 1
1 1 10 3 13 12 4 5 9 8 6 14 7 11 2 1 0
6 3 10 3 13 12 4 5 9 8 0 14 7 11 2 1 6
12 1 10 3 13 0 4 5 9 8 12 14 7 11 2 1 6
4 1 10 3 13 4 0 5 9 8 12 14 7 11 2 1 6
6 2 10 3 13 4 6 5 9 8 12 14 7 11 2 1 0
12 3 10 3 13 4 6 5 9 8 0 14 7 11 2 1 12
14 1 10 3 13 4 6 5 9 8 14 0 7 11 2 1 12
12 1 10 3 13 4 6 5 9 8 14 12 7 11 2 1 0
14 3 10 3 13 4 6 5 9 8 0 12 7 11 2 1 14
1 1 10 3 13 4 6 5 9 8 1 12 7 11 2 0 14
14 1 10 3 13 4 6 5 9 8 1 12 7 11 2 14 0
1 3 10 3 13 4 6 5 9 8 0 12 7 11 2 14 1
12 1 10 3 13 4 6 5 9 8 12 0 7 11 2 14 1
1 1 10 3 13 4 6 5 9 8 12 1 7 11 2 14 0
10 3 0 3 13 4 6 5 9 8 12 1 7 11 2 14 10
9 3 9 3 13 4 6 5 0 8 12 1 7 11 2 14 10
5 1 9 3 13 4 6 0 5 8 12 1 7 11 2 14 10
7 1 9 3 13 4 6 7 5 8 12 1 0 11 2 14 10
11 1 9 3 13 4 6 7 5 8 12 1 11 0 2 14 10
5 1 9 3 13 4 6 7 0 8 12 1 11 5 2 14 10
7 1 9 3 13 4 6 0 7 8 12 1 11 5 2 14 10
11 1 9 3 13 4 6 11 7 8 12 1 0 5 2 14 10
10 2 9 3 13 4 6 11 7 8 12 1 10 5 2 14 0
12 3 9 3 13 4 6 11 7 8 0 1 10 5 2 14 12
1 1 9 3 13 4 6 11 7 8 1 0 10 5 2 14 12
12 1 9 3 13 4 6 11 7 8 1 12 10 5 2 14 0
9 3 0 3 13 4 6 11 7 8 1 12 10 5 2 14 9
10 2 10 3 13 4 6 11 7 8 1 12 0 5 2 14 9
11 1 10 3 13 4 6 0 7 8 1 12 11 5 2 14 9
7 1 10 3 13 4 6 7 0 8 1 12 11 5 2 14 9
3 1 10 0 13 4 6 7 3 8 1 12 11 5 2 14 9
10 1 0 10 13 4 6 7 3 8 1 12 11 5 2 14 9
9 3 9 10 13 4 6 7 3 8 1 12 11 5 2 14 0
1 3 9 10 13 4 6 7 3 8 0 12 11 5 2 14 1
12 1 9 10 13 4 6 7 3 8 12 0 11 5 2 14 1
1 1 9 10 13 4 6 7 3 8 12 1 11 5 2 14 0
6 2 9 10 13 4 0 7 3 8 12 1 11 5 2 14 6
1 1 9 10 13 4 1 7 3 8 12 0 11 5 2 14 6
6 1 9 10 13 4 1 7 3 8 12 6 11 5 2 14 0
9 3 0 10 13 4 1 7 3 8 12 6 11 5 2 14 9
1 2 1 10 13 4 0 7 3 8 12 6 11 5 2 14 9
9 2 1 10 13 4 9 7 3 8 12 6 11 5 2 14 0
12 3 1 10 13 4 9 7 3 8 0 6 11 5 2 14 12
6 1 1 10 13 4 9 7 3 8 6 0 11 5 2 14 12
12 1 1 10 13 4 9 7 3 8 6 12 11 5 2 14 0
9 2 1 10 13 4 0 7 3 8 6 12 11 5 2 14 9
12 1 1 10 13 4 12 7 3 8 6 0 11 5 2 14 9
9 1 1 10 13 4 12 7 3 8 6 9 11 5 2 14 0
6 3 1 10 13 4 12 7 3 8 0 9 11 5 2 14 6
9 1 1 10 13 4 12 7 3 8 9 0 11 5 2 14 6
6 1 1 10 13 4 12 7 3 8 9 6 11 5 2 14 0
12 2 1 10 13 4 0 7 3 8 9 6 11 5 2 14 12
4 1 1 10 13 0 4 7 3 8 9 6 11 5 2 14 12
13 1 1 10 0 13 4 7 3 8 9 6 11 5 2 14 12
10 1 1 0 10 13 4 7 3 8 9 6 11 5 2 14 12
3 1 1 3 10 13 4 7 0 8 9 6 11 5 2 14 12
7 1 1 3 10 13 4 0 7 8 9 6 11 5 2 14 12
11 1 1 3 10 13 4 11 7 8 9 6 0 5 2 14 12
12 2 1 3 10 13 4 11 7 8 9 6 12 5 2 14 0
4 2 1 3 10 13 0 11 7 8 9 6 12 5 2 14 4
12 3 1 3 10 13 12 11 7 8 9 6 0 5 2 14 4
11 1 1 3 10 13 12 0 7 8 9 6 11 5 2 14 4
7 1 1 3 10 13 12 7 0 8 9 6 11 5 2 14 4
3 1 1 0 10 13 12 7 3 8 9 6 11 5 2 14 4
10 1 1 10 0 13 12 7 3 8 9 6 11 5 2 14 4
13 1 1 10 13 0 12 7 3 8 9 6 11 5 2 14 4
12 1 1 10 13 12 0 7 3 8 9 6 11 5 2 14 4
4 2 1 10 13 12 4 7 3 8 9 6 11 5 2 14 0
6 1 1 10 13 12 4 7 3 8 9 0 11 5 2 14 6
4 1 1 10 13 12 0 7 3 8 9 4 11 5 2 14 6
12 1 1 10 13 0 12 7 3 8 9 4 11 5 2 14 6
13 1 1 10 0 13 12 7 3 8 9 4 11 5 2 14 6
10 1 1 0 10 13 12 7 3 8 9 4 11 5 2 14 6
3 1 1 3 10 13 12 7 0 8 9 4 11 5 2 14 6
7 1 1 3 10 13 12 0 7 8 9 4 11 5 2 14 6
11 1 1 3 10 13 12 11 7 8 9 4 0 5 2 14 6
6 2 1 3 10 13 12 11 7 8 9 4 6 5 2 14 0
12 2 1 3 10 13 0 11 7 8 9 4 6 5 2 14 12
6 3 1 3 10 13 6 11 7 8 9 4 0 5 2 14 12
11 1 1 3 10 13 6 0 7 8 9 4 11 5 2 14 12
7 1 1 3 10 13 6 7 0 8 9 4 11 5 2 14 12
3 1 1 0 10 13 6 7 3 8 9 4 11 5 2 14 12
10 1 1 10 0 13 6 7 3 8 9 4 11 5 2 14 12
13 1 1 10 13 0 6 7 3 8 9 4 11 5 2 14 12
6 1 1 10 13 6 0 7 3 8 9 4 11 5 2 14 12
12 2 1 10 13 6 12 7 3 8 9 4 11 5 2 14 0
4 1 1 10 13 6 12 7 3 8 9 0 11 5 2 14 4
12 1 1 10 13 6 0 7 3 8 9 12 11 5 2 14 4
6 1 1 10 13 0 6 7 3 8 9 12 11 5 2 14 4
13 1 1 10 0 13 6 7 3 8 9 12 11 5 2 14 4
10 1 1 0 10 13 6 7 3 8 9 12 11 5 2 14 4
3 1 1 3 10 13 6 7 0 8 9 12 11 5 2 14 4
7 1 1 3 10 13 6 0 7 8 9 12 11 5 2 14 4
11 1 1 3 10 13 6 11 7 8 9 12 0 5 2 14 4
4 2 1 3 10 13 6 11 7 8 9 12 4 5 2 14 0
6 2 1 3 10 13 0 11 7 8 9 12 4 5 2 14 6
13 1 1 3 10 0 13 11 7 8 9 12 4 5 2 14 6
10 1 1 3 0 10 13 11 7 8 9 12 4 5 2 14 6
3 1 1 0 3 10 13 11 7 8 9 12 4 5 2 14 6
1 1 0 1 3 10 13 11 7 8 9 12 4 5 2 14 6
11 1 11 1 3 10 13 0 7 8 9 12 4 5 2 14 6
4 1 11 1 3 10 13 4 7 8 9 12 0 5 2 14 6
11 2 0 1 3 10 13 4 7 8 9 12 11 5 2 14 6
1 1 1 0 3 10 13 4 7 8 9 12 11 5 2 14 6
3 1 1 3 0 10 13 4 7 8 9 12 11 5 2 14 6
10 1 1 3 10 0 13 4 7 8 9 12 11 5 2 14 6
13 1 1 3 10 13 0 4 7 8 9 12 11 5 2 14 6
6 2 1 3 10 13 6 4 7 8 9 12 11 5 2 14 0
12 1 1 3 10 13 6 4 7 8 9 0 11 5 2 14 12
6 1 1 3 10 13 0 4 7 8 9 6 11 5 2 14 12
13 1 1 3 10 0 13 4 7 8 9 6 11 5 2 14 12
10 1 1 3 0 10 13 4 7 8 9 6 11 5 2 14 12
3 1 1 0 3 10 13 4 7 8 9 6 11 5 2 14 12
1 1 0 1 3 10 13 4 7 8 9 6 11 5 2 14 12
12 3 12 1 3 10 13 4 7 8 9 6 11 5 2 14 0
13 2 12 1 3 10 0 4 7 8 9 6 11 5 2 14 13
12 2 0 1 3 10 12 4 7 8 9 6 11 5 2 14 13
13 3 13 1 3 10 12 4 7 8 9 6 11 5 2 14 0
6 1 13 1 3 10 12 4 7 8 9 0 11 5 2 14 6
9 1 13 1 3 10 12 4 7 8 0 9 11 5 2 14 6
10 1 13 1 3 0 12 4 7 8 10 9 11 5 2 14 6
12 1 13 1 3 12 0 4 7 8 10 9 11 5 2 14 6
6 2 13 1 3 12 6 4 7 8 10 9 11 5 2 14 0
10 3 13 1 3 12 6 4 7 8 0 9 11 5 2 14 10
9 1 13 1 3 12 6 4 7 8 9 0 11 5 2 14 10
10 1 13 1 3 12 6 4 7 8 9 10 11 5 2 14 0
6 2 13 1 3 12 0 4 7 8 9 10 11 5 2 14 6
12 1 13 1 3 0 12 4 7 8 9 10 11 5 2 14 6
3 1 13 1 0 3 12 4 7 8 9 10 11 5 2 14 6
1 1 13 0 1 3 12 4 7 8 9 10 11 5 2 14 6
13 1 0 13 1 3 12 4 7 8 9 10 11 5 2 14 6
6 3 6 13 1 3 12 4 7 8 9 10 11 5 2 14 0
12 2 6 13 1 3 0 4 7 8 9 10 11 5 2 14 12
6 2 0 13 1 3 6 4 7 8 9 10 11 5 2 14 12
13 1 13 0 1 3 6 4 7 8 9 10 11 5 2 14 12
1 1 13 1 0 3 6 4 7 8 9 10 11 5 2 14 12
3 1 13 1 3 0 6 4 7 8 9 10 11 5 2 14 12
6 1 13 1 3 6 0 4 7 8 9 10 11 5 2 14 12
12 2 13 1 3 6 12 4 7 8 9 10 11 5 2 14 0
13 3 0 1 3 6 12 4 7 8 9 10 11 5 2 14 13
11 2 11 1 3 6 12 4 7 8 9 10 0 5 2 14 13
13 2 11 1 3 6 12 4 7 8 9 10 13 5 2 14 0
11 3 0 1 3 6 12 4 7 8 9 10 13 5 2 14 11
4 1 4 1 3 6 12 0 7 8 9 10 13 5 2 14 11
13 1 4 1 3 6 12 13 7 8 9 10 0 5 2 14 11
11 2 4 1 3 6 12 13 7 8 9 10 11 5 2 14 0
4 3 0 1 3 6 12 13 7 8 9 10 11 5 2 14 4
12 2 12 1 3 6 0 13 7 8 9 10 11 5 2 14 4
4 2 12 1 3 6 4 13 7 8 9 10 11 5 2 14 0
12 3 0 1 3 6 4 13 7 8 9 10 11 5 2 14 12
1 1 1 0 3 6 4 13 7 8 9 10 11 5 2 14 12
3 1 1 3 0 6 4 13 7 8 9 10 11 5 2 14 12
6 1 1 3 6 0 4 13 7 8 9 10 11 5 2 14 12
4 1 1 3 6 4 0 13 7 8 9 10 11 5 2 14 12
12 2 1 3 6 4 12 13 7 8 9 10 11 5 2 14 0
14 1 1 3 6 4 12 13 7 8 9 10 11 5 2 0 14
2 1 1 3 6 4 12 13 7 8 9 10 11 5 0 2 14
5 1 1 3 6 4 12 13 7 8 9 10 11 0 5 2 14
11 1 1 3 6 4 12 13 7 8 9 10 0 11 5 2 14
14 2 1 3 6 4 12 13 7 8 9 10 14 11 5 2 0
12 2 1 3 6 4 0 13 7 8 9 10 14 11 5 2 12
14 3 1 3 6 4 14 13 7 8 9 10 0 11 5 2 12
11 1 1 3 6 4 14 13 7 8 9 10 11 0 5 2 12
5 1 1 3 6 4 14 13 7 8 9 10 11 5 0 2 12
2 1 1 3 6 4 14 13 7 8 9 10 11 5 2 0 12
12 1 1 3 6 4 14 13 7 8 9 10 11 5 2 12 0
14 2 1 3 6 4 0 13 7 8 9 10 11 5 2 12 14
9 3 1 3 6 4 9 13 7 8 0 10 11 5 2 12 14
12 1 1 3 6 4 9 13 7 8 12 10 11 5 2 0 14
14 1 1 3 6 4 9 13 7 8 12 10 11 5 2 14 0
9 2 1 3 6 4 0 13 7 8 12 10 11 5 2 14 9
4 1 1 3 6 0 4 13 7 8 12 10 11 5 2 14 9
6 1 1 3 0 6 4 13 7 8 12 10 11 5 2 14 9
3 1 1 0 3 6 4 13 7 8 12 10 11 5 2 14 9
1 1 0 1 3 6 4 13 7 8 12 10 11 5 2 14 9
9 3 9 1 3 6 4 13 7 8 12 10 11 5 2 14 0
12 3 9 1 3 6 4 13 7 8 0 10 11 5 2 14 12
6 1 9 1 3 0 4 13 7 8 6 10 11 5 2 14 12
4 1 9 1 3 4 0 13 7 8 6 10 11 5 2 14 12
12 2 9 1 3 4 12 13 7 8 6 10 11 5 2 14 0
6 3 9 1 3 4 12 13 7 8 0 10 11 5 2 14 6
14 1 9 1 3 4 12 13 7 8 14 10 11 5 2 0 6
6 1 9 1 3 4 12 13 7 8 14 10 11 5 2 6 0
9 3 0 1 3 4 12 13 7 8 14 10 11 5 2 6 9
1 1 1 0 3 4 12 13 7 8 14 10 11 5 2 6 9
7 1 1 7 3 4 12 13 0 8 14 10 11 5 2 6 9
5 1 1 7 3 4 12 13 5 8 14 10 11 0 2 6 9
2 1 1 7 3 4 12 13 5 8 14 10 11 2 0 6 9
6 1 1 7 3 4 12 13 5 8 14 10 11 2 6 0 9
14 1 1 7 3 4 12 13 5 8 0 10 11 2 6 14 9
10 1 1 7 3 4 12 13 5 8 10 0 11 2 6 14 9
9 1 1 7 3 4 12 13 5 8 10 9 11 2 6 14 0
10 3 1 7 3 4 12 13 5 8 0 9 11 2 6 14 10
9 1 1 7 3 4 12 13 5 8 9 0 11 2 6 14 10
10 1 1 7 3 4 12 13 5 8 9 10 11 2 6 14 0
12 2 1 7 3 4 0 13 5 8 9 10 11 2 6 14 12
11 3 1 7 3 4 11 13 5 8 9 10 0 2 6 14 12
5 3 1 7 3 4 11 13 0 8 9 10 5 2 6 14 12
7 1 1 0 3 4 11 13 7 8 9 10 5 2 6 14 12
1 1 0 1 3 4 11 13 7 8 9 10 5 2 6 14 12
12 3 12 1 3 4 11 13 7 8 9 10 5 2 6 14 0
11 2 12 1 3 4 0 13 7 8 9 10 5 2 6 14 11
5 3 12 1 3 4 5 13 7 8 9 10 0 2 6 14 11
11 2 12 1 3 4 5 13 7 8 9 10 11 2 6 14 0
12 3 0 1 3 4 5 13 7 8 9 10 11 2 6 14 12
1 1 1 0 3 4 5 13 7 8 9 10 11 2 6 14 12
7 1 1 7 3 4 5 13 0 8 9 10 11 2 6 14 12
13 1 1 7 3 4 5 0 13 8 9 10 11 2 6 14 12
11 1 1 7 3 4 5 11 13 8 9 10 0 2 6 14 12
13 3 1 7 3 4 5 11 0 8 9 10 13 2 6 14 12
2 1 1 7 3 4 5 11 2 8 9 10 13 0 6 14 12
13 1 1 7 3 4 5 11 2 8 9 10 0 13 6 14 12
11 1 1 7 3 4 5 0 2 8 9 10 11 13 6 14 12
2 1 1 7 3 4 5 2 0 8 9 10 11 13 6 14 12
7 1 1 0 3 4 5 2 7 8 9 10 11 13 6 14 12
1 1 0 1 3 4 5 2 7 8 9 10 11 13 6 14 12
12 3 12 1 3 4 5 2 7 8 9 10 11 13 6 14 0
14 1 12 1 3 4 5 2 7 8 9 10 11 13 6 0 14
6 1 12 1 3 4 5 2 7 8 9 10 11 13 0 6 14
13 1 12 1 3 4 5 2 7 8 9 10 11 0 13 6 14
11 1 12 1 3 4 5 2 7 8 9 10 0 11 13 6 14
14 2 12 1 3 4 5 2 7 8 9 10 14 11 13 6 0
12 3 0 1 3 4 5 2 7 8 9 10 14 11 13 6 12
1 1 1 0 3 4 5 2 7 8 9 10 14 11 13 6 12
7 1 1 7 3 4 5 2 0 8 9 10 14 11 13 6 12
2 1 1 7 3 4 5 0 2 8 9 10 14 11 13 6 12
14 1 1 7 3 4 5 14 2 8 9 10 0 11 13 6 12
11 1 1 7 3 4 5 14 2 8 9 10 11 0 13 6 12
2 1 1 7 3 4 5 14 0 8 9 10 11 2 13 6 12
14 1 1 7 3 4 5 0 14 8 9 10 11 2 13 6 12
11 1 1 7 3 4 5 11 14 8 9 10 0 2 13 6 12
14 3 1 7 3 4 5 11 0 8 9 10 14 2 13 6 12
7 1 1 0 3 4 5 11 7 8 9 10 14 2 13 6 12
1 1 0 1 3 4 5 11 7 8 9 10 14 2 13 6 12
12 3 12 1 3 4 5 11 7 8 9 10 14 2 13 6 0
14 2 12 1 3 4 5 11 7 8 9 10 0 2 13 6 14
11 1 12 1 3 4 5 0 7 8 9 10 11 2 13 6 14
7 1 12 1 3 4 5 7 0 8 9 10 11 2 13 6 14
1 1 12 0 3 4 5 7 1 8 9 10 11 2 13 6 14
12 1 0 12 3 4 5 7 1 8 9 10 11 2 13 6 14
1 3 1 12 3 4 5 7 0 8 9 10 11 2 13 6 14
12 1 1 0 3 4 5 7 12 8 9 10 11 2 13 6 14
1 1 0 1 3 4 5 7 12 8 9 10 11 2 13 6 14
7 1 7 1 3 4 5 0 12 8 9 10 11 2 13 6 14
12 1 7 1 3 4 5 12 0 8 9 10 11 2 13 6 14
1 1 7 0 3 4 5 12 1 8 9 10 11 2 13 6 14
7 1 0 7 3 4 5 12 1 8 9 10 11 2 13 6 14
1 3 1 7 3 4 5 12 0 8 9 10 11 2 13 6 14
2 1 1 7 3 4 5 12 2 8 9 10 11 0 13 6 14
13 1 1 7 3 4 5 12 2 8 9 10 11 13 0 6 14
6 1 1 7 3 4 5 12 2 8 9 10 11 13 6 0 14
14 1 1 7 3 4 5 12 2 8 9 10 11 13 6 14 0
1 3 0 7 3 4 5 12 2 8 9 10 11 13 6 14 1
2 3 2 7 3 4 5 12 0 8 9 10 11 13 6 14 1
7 1 2 0 3 4 5 12 7 8 9 10 11 13 6 14 1
2 1 0 2 3 4 5 12 7 8 9 10 11 13 6 14 1
12 1 12 2 3 4 5 0 7 8 9 10 11 13 6 14 1
11 1 12 2 3 4 5 11 7 8 9 10 0 13 6 14 1
1 2 12 2 3 4 5 11 7 8 9 10 1 13 6 14 0
12 3 0 2 3 4 5 11 7 8 9 10 1 13 6 14 12
1 2 1 2 3 4 5 11 7 8 9 10 0 13 6 14 12
13 1 1 2 3 4 5 11 7 8 9 10 13 0 6 14 12
6 1 1 2 3 4 5 11 7 8 9 10 13 6 0 14 12
14 1 1 2 3 4 5 11 7 8 9 10 13 6 14 0 12
12 1 1 2 3 4 5 11 7 8 9 10 13 6 14 12 0
13 2 1 2 3 4 5 11 7 8 9 10 0 6 14 12 13
6 1 1 2 3 4 5 11 7 8 9 10 6 0 14 12 13
14 1 1 2 3 4 5 11 7 8 9 10 6 14 0 12 13
12 1 1 2 3 4 5 11 7 8 9 10 6 14 12 0 13
13 1 1 2 3 4 5 11 7 8 9 10 6 14 12 13 0
6 2 1 2 3 4 5 11 7 8 9 10 0 14 12 13 6
11 1 1 2 3 4 5 0 7 8 9 10 11 14 12 13 6
7 1 1 2 3 4 5 7 0 8 9 10 11 14 12 13 6
14 1 1 2 3 4 5 7 14 8 9 10 11 0 12 13 6
12 1 1 2 3 4 5 7 14 8 9 10 11 12 0 13 6
13 1 1 2 3 4 5 7 14 8 9 10 11 12 13 0 6
6 1 1 2 3 4 5 7 14 8 9 10 11 12 13 6 0
1 3 0 2 3 4 5 7 14 8 9 10 11 12 13 6 1
14 3 14 2 3 4 5 7 0 8 9 10 11 12 13 6 1
7 1 14 2 3 4 5 0 7 8 9 10 11 12 13 6 1
11 1 14 2 3 4 5 11 7 8 9 10 0 12 13 6 1
14 2 0 2 3 4 5 11 7 8 9 10 14 12 13 6 1
11 1 11 2 3 4 5 0 7 8 9 10 14 12 13 6 1
14 1 11 2 3 4 5 14 7 8 9 10 0 12 13 6 1
11 2 0 2 3 4 5 14 7 8 9 10 11 12 13 6 1
1 3 1 2 3 4 5 14 7 8 9 10 11 12 13 6 0
11 2 1 2 3 4 5 14 7 8 9 10 0 12 13 6 11
1 2 0 2 3 4 5 14 7 8 9 10 1 12 13 6 11
14 1 14 2 3 4 5 0 7 8 9 10 1 12 13 6 11
1 1 14 2 3 4 5 1 7 8 9 10 0 12 13 6 11
5 3 14 2 3 4 0 1 7 8 9 10 5 12 13 6 11
11 2 14 2 3 4 11 1 7 8 9 10 5 12 13 6 0
14 3 0 2 3 4 11 1 7 8 9 10 5 12 13 6 14
1 1 1 2 3 4 11 0 7 8 9 10 5 12 13 6 14
5 1 1 2 3 4 11 5 7 8 9 10 0 12 13 6 14
11 3 1 2 3 4 0 5 7 8 9 10 11 12 13 6 14
14 2 1 2 3 4 14 5 7 8 9 10 11 12 13 6 0
9 3 1 2 3 4 14 5 7 8 0 10 11 12 13 6 9
6 1 1 2 3 4 14 5 7 8 6 10 11 12 13 0 9
9 1 1 2 3 4 14 5 7 8 6 10 11 12 13 9 0
14 2 1 2 3 4 0 5 7 8 6 10 11 12 13 9 14
6 3 1 2 3 4 6 5 7 8 0 10 11 12 13 9 14
9 1 1 2 3 4 6 5 7 8 9 10 11 12 13 0 14
14 1 1 2 3 4 6 5 7 8 9 10 11 12 13 14 0
1 3 0 2 3 4 6 5 7 8 9 10 11 12 13 14 1
5 1 5 2 3 4 6 0 7 8 9 10 11 12 13 14 1
11 1 5 2 3 4 6 11 7 8 9 10 0 12 13 14 1
1 2 5 2 3 4 6 11 7 8 9 10 1 12 13 14 0
5 3 0 2 3 4 6 11 7 8 9 10 1 12 13 14 5
1 2 1 2 3 4 6 11 7 8 9 10 0 12 13 14 5
5 2 1 2 3 4 6 11 7 8 9 10 5 12 13 14 0
6 2 1 2 3 4 0 11 7 8 9 10 5 12 13 14 6
5 3 1 2 3 4 5 11 7 8 9 10 0 12 13 14 6
6 2 1 2 3 4 5 11 7 8 9 10 6 12 13 14 0
1 3 0 2 3 4 5 11 7 8 9 10 6 12 13 14 1
11 1 11 2 3 4 5 0 7 8 9 10 6 12 13 14 1
6 1 11 2 3 4 5 6 7 8 9 10 0 12 13 14 1
11 2 0 2 3 4 5 6 7 8 9 10 11 12 13 14 1
1 3 1 2 3 4 5 6 7 8 9 10 11 12 13 14 0
499 5.42