0 0 9 13 14 1 4 11 2 7 0 3 12 8 6 10 5
3 1 9 13 14 1 4 11 2 7 3 0 12 8 6 10 5
5 1 9 13 14 1 4 11 2 7 3 5 12 8 6 10 0
3 3 9 13 14 1 4 11 2 7 0 5 12 8 6 10 3
5 1 9 13 14 1 4 11 2 7 5 0 12 8 6 10 3
3 1 9 13 14 1 4 11 2 7 5 3 12 8 6 10 0
9 3 0 13 14 1 4 11 2 7 5 3 12 8 6 10 9
2 3 2 13 14 1 4 11 0 7 5 3 12 8 6 10 9
7 1 2 13 14 1 4 11 7 0 5 3 12 8 6 10 9
5 1 2 13 14 1 4 11 7 5 0 3 12 8 6 10 9
3 1 2 13 14 1 4 11 7 5 3 0 12 8 6 10 9
9 1 2 13 14 1 4 11 7 5 3 9 12 8 6 10 0
3 3 2 13 14 1 4 11 7 5 0 9 12 8 6 10 3
9 1 2 13 14 1 4 11 7 5 9 0 12 8 6 10 3
3 1 2 13 14 1 4 11 7 5 9 3 12 8 6 10 0
2 3 0 13 14 1 4 11 7 5 9 3 12 8 6 10 2
12 2 12 13 14 1 4 11 7 5 9 3 0 8 6 10 2
11 1 12 13 14 1 4 0 7 5 9 3 11 8 6 10 2
7 1 12 13 14 1 4 7 0 5 9 3 11 8 6 10 2
5 1 12 13 14 1 4 7 5 0 9 3 11 8 6 10 2
6 1 12 13 14 1 4 7 5 6 9 3 11 8 0 10 2
10 1 12 13 14 1 4 7 5 6 9 3 11 8 10 0 2
2 1 12 13 14 1 4 7 5 6 9 3 11 8 10 2 0
12 3 0 13 14 1 4 7 5 6 9 3 11 8 10 2 12
5 3 5 13 14 1 4 7 0 6 9 3 11 8 10 2 12
7 1 5 13 14 1 4 0 7 6 9 3 11 8 10 2 12
11 1 5 13 14 1 4 11 7 6 9 3 0 8 10 2 12
12 2 5 13 14 1 4 11 7 6 9 3 12 8 10 2 0
5 3 0 13 14 1 4 11 7 6 9 3 12 8 10 2 5
12 2 12 13 14 1 4 11 7 6 9 3 0 8 10 2 5
11 1 12 13 14 1 4 0 7 6 9 3 11 8 10 2 5
7 1 12 13 14 1 4 7 0 6 9 3 11 8 10 2 5
6 1 12 13 14 1 4 7 6 0 9 3 11 8 10 2 5
10 1 12 13 14 1 4 7 6 10 9 3 11 8 0 2 5
2 1 12 13 14 1 4 7 6 10 9 3 11 8 2 0 5
5 1 12 13 14 1 4 7 6 10 9 3 11 8 2 5 0
12 3 0 13 14 1 4 7 6 10 9 3 11 8 2 5 12
6 3 6 13 14 1 4 7 0 10 9 3 11 8 2 5 12
7 1 6 13 14 1 4 0 7 10 9 3 11 8 2 5 12
11 1 6 13 14 1 4 11 7 10 9 3 0 8 2 5 12
12 2 6 13 14 1 4 11 7 10 9 3 12 8 2 5 0
6 3 0 13 14 1 4 11 7 10 9 3 12 8 2 5 6
12 2 12 13 14 1 4 11 7 10 9 3 0 8 2 5 6
11 1 12 13 14 1 4 0 7 10 9 3 11 8 2 5 6
7 1 12 13 14 1 4 7 0 10 9 3 11 8 2 5 6
10 1 12 13 14 1 4 7 10 0 9 3 11 8 2 5 6
2 1 12 13 14 1 4 7 10 2 9 3 11 8 0 5 6
5 1 12 13 14 1 4 7 10 2 9 3 11 8 5 0 6
6 1 12 13 14 1 4 7 10 2 9 3 11 8 5 6 0
12 3 0 13 14 1 4 7 10 2 9 3 11 8 5 6 12
10 3 10 13 14 1 4 7 0 2 9 3 11 8 5 6 12
7 1 10 13 14 1 4 0 7 2 9 3 11 8 5 6 12
11 1 10 13 14 1 4 11 7 2 9 3 0 8 5 6 12
12 2 10 13 14 1 4 11 7 2 9 3 12 8 5 6 0
10 3 0 13 14 1 4 11 7 2 9 3 12 8 5 6 10
12 2 12 13 14 1 4 11 7 2 9 3 0 8 5 6 10
11 1 12 13 14 1 4 0 7 2 9 3 11 8 5 6 10
7 1 12 13 14 1 4 7 0 2 9 3 11 8 5 6 10
2 1 12 13 14 1 4 7 2 0 9 3 11 8 5 6 10
5 1 12 13 14 1 4 7 2 5 9 3 11 8 0 6 10
6 1 12 13 14 1 4 7 2 5 9 3 11 8 6 0 10
10 1 12 13 14 1 4 7 2 5 9 3 11 8 6 10 0
12 3 0 13 14 1 4 7 2 5 9 3 11 8 6 10 12
2 3 2 13 14 1 4 7 0 5 9 3 11 8 6 10 12
5 1 2 13 14 1 4 7 5 0 9 3 11 8 6 10 12
6 1 2 13 14 1 4 7 5 6 9 3 11 8 0 10 12
10 1 2 13 14 1 4 7 5 6 9 3 11 8 10 0 12
12 1 2 13 14 1 4 7 5 6 9 3 11 8 10 12 0
9 3 2 13 14 1 4 7 5 6 0 3 11 8 10 12 9
3 1 2 13 14 1 4 7 5 6 3 0 11 8 10 12 9
9 1 2 13 14 1 4 7 5 6 3 9 11 8 10 12 0
3 3 2 13 14 1 4 7 5 6 0 9 11 8 10 12 3
6 1 2 13 14 1 4 7 5 0 6 9 11 8 10 12 3
10 1 2 13 14 1 4 7 5 10 6 9 11 8 0 12 3
8 1 2 13 14 1 4 7 5 10 6 9 11 0 8 12 3
11 1 2 13 14 1 4 7 5 10 6 9 0 11 8 12 3
3 2 2 13 14 1 4 7 5 10 6 9 3 11 8 12 0
6 3 2 13 14 1 4 7 5 10 0 9 3 11 8 12 6
9 1 2 13 14 1 4 7 5 10 9 0 3 11 8 12 6
6 1 2 13 14 1 4 7 5 10 9 6 3 11 8 12 0
9 3 2 13 14 1 4 7 5 10 0 6 3 11 8 12 9
10 1 2 13 14 1 4 7 5 0 10 6 3 11 8 12 9
8 1 2 13 14 1 4 7 5 8 10 6 3 11 0 12 9
11 1 2 13 14 1 4 7 5 8 10 6 3 0 11 12 9
3 1 2 13 14 1 4 7 5 8 10 6 0 3 11 12 9
9 2 2 13 14 1 4 7 5 8 10 6 9 3 11 12 0
10 3 2 13 14 1 4 7 5 8 0 6 9 3 11 12 10
6 1 2 13 14 1 4 7 5 8 6 0 9 3 11 12 10
10 1 2 13 14 1 4 7 5 8 6 10 9 3 11 12 0
6 3 2 13 14 1 4 7 5 8 0 10 9 3 11 12 6
1 1 2 13 14 0 4 7 5 8 1 10 9 3 11 12 6
4 1 2 13 14 4 0 7 5 8 1 10 9 3 11 12 6
6 2 2 13 14 4 6 7 5 8 1 10 9 3 11 12 0
1 3 2 13 14 4 6 7 5 8 0 10 9 3 11 12 1
10 1 2 13 14 4 6 7 5 8 10 0 9 3 11 12 1
1 1 2 13 14 4 6 7 5 8 10 1 9 3 11 12 0
10 3 2 13 14 4 6 7 5 8 0 1 9 3 11 12 10
4 1 2 13 14 0 6 7 5 8 4 1 9 3 11 12 10
6 1 2 13 14 6 0 7 5 8 4 1 9 3 11 12 10
10 2 2 13 14 6 10 7 5 8 4 1 9 3 11 12 0
4 3 2 13 14 6 10 7 5 8 0 1 9 3 11 12 4
1 1 2 13 14 6 10 7 5 8 1 0 9 3 11 12 4
4 1 2 13 14 6 10 7 5 8 1 4 9 3 11 12 0
1 3 2 13 14 6 10 7 5 8 0 4 9 3 11 12 1
6 1 2 13 14 0 10 7 5 8 6 4 9 3 11 12 1
10 1 2 13 14 10 0 7 5 8 6 4 9 3 11 12 1
1 2 2 13 14 10 1 7 5 8 6 4 9 3 11 12 0
6 3 2 13 14 10 1 7 5 8 0 4 9 3 11 12 6
4 1 2 13 14 10 1 7 5 8 4 0 9 3 11 12 6
6 1 2 13 14 10 1 7 5 8 4 6 9 3 11 12 0
2 3 0 13 14 10 1 7 5 8 4 6 9 3 11 12 2
1 2 1 13 14 10 0 7 5 8 4 6 9 3 11 12 2
2 2 1 13 14 10 2 7 5 8 4 6 9 3 11 12 0
9 2 1 13 14 10 2 7 5 8 4 6 0 3 11 12 9
3 1 1 13 14 10 2 7 5 8 4 6 3 0 11 12 9
11 1 1 13 14 10 2 7 5 8 4 6 3 11 0 12 9
12 1 1 13 14 10 2 7 5 8 4 6 3 11 12 0 9
9 1 1 13 14 10 2 7 5 8 4 6 3 11 12 9 0
4 3 1 13 14 10 2 7 5 8 0 6 3 11 12 9 4
6 1 1 13 14 10 2 7 5 8 6 0 3 11 12 9 4
4 1 1 13 14 10 2 7 5 8 6 4 3 11 12 9 0
6 3 1 13 14 10 2 7 5 8 0 4 3 11 12 9 6
9 1 1 13 14 10 2 7 5 8 9 4 3 11 12 0 6
12 1 1 13 14 10 2 7 5 8 9 4 3 11 0 12 6
11 1 1 13 14 10 2 7 5 8 9 4 3 0 11 12 6
3 1 1 13 14 10 2 7 5 8 9 4 0 3 11 12 6
6 2 1 13 14 10 2 7 5 8 9 4 6 3 11 12 0
9 3 1 13 14 10 2 7 5 8 0 4 6 3 11 12 9
4 1 1 13 14 10 2 7 5 8 4 0 6 3 11 12 9
9 1 1 13 14 10 2 7 5 8 4 9 6 3 11 12 0
2 2 1 13 14 10 0 7 5 8 4 9 6 3 11 12 2
6 3 1 13 14 10 6 7 5 8 4 9 0 3 11 12 2
3 1 1 13 14 10 6 7 5 8 4 9 3 0 11 12 2
11 1 1 13 14 10 6 7 5 8 4 9 3 11 0 12 2
12 1 1 13 14 10 6 7 5 8 4 9 3 11 12 0 2
2 1 1 13 14 10 6 7 5 8 4 9 3 11 12 2 0
4 3 1 13 14 10 6 7 5 8 0 9 3 11 12 2 4
9 1 1 13 14 10 6 7 5 8 9 0 3 11 12 2 4
4 1 1 13 14 10 6 7 5 8 9 4 3 11 12 2 0
9 3 1 13 14 10 6 7 5 8 0 4 3 11 12 2 9
2 1 1 13 14 10 6 7 5 8 2 4 3 11 12 0 9
12 1 1 13 14 10 6 7 5 8 2 4 3 11 0 12 9
11 1 1 13 14 10 6 7 5 8 2 4 3 0 11 12 9
3 1 1 13 14 10 6 7 5 8 2 4 0 3 11 12 9
9 2 1 13 14 10 6 7 5 8 2 4 9 3 11 12 0
6 2 1 13 14 10 0 7 5 8 2 4 9 3 11 12 6
4 1 1 13 14 10 4 7 5 8 2 0 9 3 11 12 6
6 1 1 13 14 10 4 7 5 8 2 6 9 3 11 12 0
9 2 1 13 14 10 4 7 5 8 2 6 0 3 11 12 9
3 1 1 13 14 10 4 7 5 8 2 6 3 0 11 12 9
11 1 1 13 14 10 4 7 5 8 2 6 3 11 0 12 9
8 1 1 13 14 10 4 7 5 0 2 6 3 11 8 12 9
2 1 1 13 14 10 4 7 5 2 0 6 3 11 8 12 9
12 1 1 13 14 10 4 7 5 2 12 6 3 11 8 0 9
9 1 1 13 14 10 4 7 5 2 12 6 3 11 8 9 0
12 3 1 13 14 10 4 7 5 2 0 6 3 11 8 9 12
6 1 1 13 14 10 4 7 5 2 6 0 3 11 8 9 12
12 1 1 13 14 10 4 7 5 2 6 12 3 11 8 9 0
6 3 1 13 14 10 4 7 5 2 0 12 3 11 8 9 6
2 1 1 13 14 10 4 7 5 0 2 12 3 11 8 9 6
8 1 1 13 14 10 4 7 5 8 2 12 3 11 0 9 6
9 1 1 13 14 10 4 7 5 8 2 12 3 11 9 0 6
6 1 1 13 14 10 4 7 5 8 2 12 3 11 9 6 0
2 3 1 13 14 10 4 7 5 8 0 12 3 11 9 6 2
12 1 1 13 14 10 4 7 5 8 12 0 3 11 9 6 2
2 1 1 13 14 10 4 7 5 8 12 2 3 11 9 6 0
12 3 1 13 14 10 4 7 5 8 0 2 3 11 9 6 12
6 1 1 13 14 10 4 7 5 8 6 2 3 11 9 0 12
12 1 1 13 14 10 4 7 5 8 6 2 3 11 9 12 0
6 3 1 13 14 10 4 7 5 8 0 2 3 11 9 12 6
2 1 1 13 14 10 4 7 5 8 2 0 3 11 9 12 6
6 1 1 13 14 10 4 7 5 8 2 6 3 11 9 12 0
1 3 0 13 14 10 4 7 5 8 2 6 3 11 9 12 1
13 1 13 0 14 10 4 7 5 8 2 6 3 11 9 12 1
14 1 13 14 0 10 4 7 5 8 2 6 3 11 9 12 1
8 1 13 14 8 10 4 7 5 0 2 6 3 11 9 12 1
2 1 13 14 8 10 4 7 5 2 0 6 3 11 9 12 1
6 1 13 14 8 10 4 7 5 2 6 0 3 11 9 12 1
1 1 13 14 8 10 4 7 5 2 6 1 3 11 9 12 0
6 3 13 14 8 10 4 7 5 2 0 1 3 11 9 12 6
1 1 13 14 8 10 4 7 5 2 1 0 3 11 9 12 6
6 1 13 14 8 10 4 7 5 2 1 6 3 11 9 12 0
13 3 0 14 8 10 4 7 5 2 1 6 3 11 9 12 13
4 2 4 14 8 10 0 7 5 2 1 6 3 11 9 12 13
13 2 4 14 8 10 13 7 5 2 1 6 3 11 9 12 0
1 3 4 14 8 10 13 7 5 2 0 6 3 11 9 12 1
6 1 4 14 8 10 13 7 5 2 6 0 3 11 9 12 1
1 1 4 14 8 10 13 7 5 2 6 1 3 11 9 12 0
6 3 4 14 8 10 13 7 5 2 0 1 3 11 9 12 6
2 1 4 14 8 10 13 7 5 0 2 1 3 11 9 12 6
8 1 4 14 0 10 13 7 5 8 2 1 3 11 9 12 6
14 1 4 0 14 10 13 7 5 8 2 1 3 11 9 12 6
4 1 0 4 14 10 13 7 5 8 2 1 3 11 9 12 6
6 3 6 4 14 10 13 7 5 8 2 1 3 11 9 12 0
1 1 6 4 14 10 13 7 5 8 2 0 3 11 9 12 1
13 1 6 4 14 10 0 7 5 8 2 13 3 11 9 12 1
1 2 6 4 14 10 1 7 5 8 2 13 3 11 9 12 0
2 3 6 4 14 10 1 7 5 8 0 13 3 11 9 12 2
13 1 6 4 14 10 1 7 5 8 13 0 3 11 9 12 2
2 1 6 4 14 10 1 7 5 8 13 2 3 11 9 12 0
6 3 0 4 14 10 1 7 5 8 13 2 3 11 9 12 6
1 2 1 4 14 10 0 7 5 8 13 2 3 11 9 12 6
13 3 1 4 14 10 13 7 5 8 0 2 3 11 9 12 6
2 1 1 4 14 10 13 7 5 8 2 0 3 11 9 12 6
6 1 1 4 14 10 13 7 5 8 2 6 3 11 9 12 0
2 3 1 4 14 10 13 7 5 8 0 6 3 11 9 12 2
6 1 1 4 14 10 13 7 5 8 6 0 3 11 9 12 2
13 1 1 4 14 10 0 7 5 8 6 13 3 11 9 12 2
1 2 0 4 14 10 1 7 5 8 6 13 3 11 9 12 2
2 3 2 4 14 10 1 7 5 8 6 13 3 11 9 12 0
6 3 2 4 14 10 1 7 5 8 0 13 3 11 9 12 6
13 1 2 4 14 10 1 7 5 8 13 0 3 11 9 12 6
6 1 2 4 14 10 1 7 5 8 13 6 3 11 9 12 0
1 2 2 4 14 10 0 7 5 8 13 6 3 11 9 12 1
13 3 2 4 14 10 13 7 5 8 0 6 3 11 9 12 1
6 1 2 4 14 10 13 7 5 8 6 0 3 11 9 12 1
1 1 2 4 14 10 13 7 5 8 6 1 3 11 9 12 0
2 3 0 4 14 10 13 7 5 8 6 1 3 11 9 12 2
7 1 7 4 14 10 13 0 5 8 6 1 3 11 9 12 2
3 1 7 4 14 10 13 3 5 8 6 1 0 11 9 12 2
2 2 7 4 14 10 13 3 5 8 6 1 2 11 9 12 0
6 3 7 4 14 10 13 3 5 8 0 1 2 11 9 12 6
1 1 7 4 14 10 13 3 5 8 1 0 2 11 9 12 6
6 1 7 4 14 10 13 3 5 8 1 6 2 11 9 12 0
7 3 0 4 14 10 13 3 5 8 1 6 2 11 9 12 7
3 1 3 4 14 10 13 0 5 8 1 6 2 11 9 12 7
2 1 3 4 14 10 13 2 5 8 1 6 0 11 9 12 7
3 2 0 4 14 10 13 2 5 8 1 6 3 11 9 12 7
7 3 7 4 14 10 13 2 5 8 1 6 3 11 9 12 0
6 1 7 4 14 10 13 2 5 8 1 0 3 11 9 12 6
13 1 7 4 14 10 0 2 5 8 1 13 3 11 9 12 6
6 2 7 4 14 10 6 2 5 8 1 13 3 11 9 12 0
1 3 7 4 14 10 6 2 5 8 0 13 3 11 9 12 1
13 1 7 4 14 10 6 2 5 8 13 0 3 11 9 12 1
1 1 7 4 14 10 6 2 5 8 13 1 3 11 9 12 0
7 3 0 4 14 10 6 2 5 8 13 1 3 11 9 12 7
6 2 6 4 14 10 0 2 5 8 13 1 3 11 9 12 7
7 2 6 4 14 10 7 2 5 8 13 1 3 11 9 12 0
1 1 6 4 14 10 7 2 5 8 13 0 3 11 9 12 1
7 1 6 4 14 10 0 2 5 8 13 7 3 11 9 12 1
1 2 6 4 14 10 1 2 5 8 13 7 3 11 9 12 0
13 3 6 4 14 10 1 2 5 8 0 7 3 11 9 12 13
7 1 6 4 14 10 1 2 5 8 7 0 3 11 9 12 13
13 1 6 4 14 10 1 2 5 8 7 13 3 11 9 12 0
6 3 0 4 14 10 1 2 5 8 7 13 3 11 9 12 6
1 2 1 4 14 10 0 2 5 8 7 13 3 11 9 12 6
7 3 1 4 14 10 7 2 5 8 0 13 3 11 9 12 6
10 1 1 4 14 0 7 2 5 8 10 13 3 11 9 12 6
7 1 1 4 14 7 0 2 5 8 10 13 3 11 9 12 6
13 1 1 4 14 7 13 2 5 8 10 0 3 11 9 12 6
10 1 1 4 14 7 13 2 5 8 0 10 3 11 9 12 6
7 1 1 4 14 0 13 2 5 8 7 10 3 11 9 12 6
14 1 1 4 0 14 13 2 5 8 7 10 3 11 9 12 6
8 1 1 4 8 14 13 2 5 0 7 10 3 11 9 12 6
7 1 1 4 8 14 13 2 5 7 0 10 3 11 9 12 6
10 1 1 4 8 14 13 2 5 7 10 0 3 11 9 12 6
6 1 1 4 8 14 13 2 5 7 10 6 3 11 9 12 0
10 3 1 4 8 14 13 2 5 7 0 6 3 11 9 12 10
14 1 1 4 8 0 13 2 5 7 14 6 3 11 9 12 10
8 1 1 4 0 8 13 2 5 7 14 6 3 11 9 12 10
7 1 1 4 7 8 13 2 5 0 14 6 3 11 9 12 10
14 1 1 4 7 8 13 2 5 14 0 6 3 11 9 12 10
8 1 1 4 7 0 13 2 5 14 8 6 3 11 9 12 10
13 1 1 4 7 13 0 2 5 14 8 6 3 11 9 12 10
10 2 1 4 7 13 10 2 5 14 8 6 3 11 9 12 0
8 3 1 4 7 13 10 2 5 14 0 6 3 11 9 12 8
6 1 1 4 7 13 10 2 5 14 6 0 3 11 9 12 8
8 1 1 4 7 13 10 2 5 14 6 8 3 11 9 12 0
6 3 1 4 7 13 10 2 5 14 0 8 3 11 9 12 6
13 1 1 4 7 0 10 2 5 14 13 8 3 11 9 12 6
10 1 1 4 7 10 0 2 5 14 13 8 3 11 9 12 6
3 3 1 4 7 10 3 2 5 14 13 8 0 11 9 12 6
6 2 1 4 7 10 3 2 5 14 13 8 6 11 9 12 0
13 3 1 4 7 10 3 2 5 14 0 8 6 11 9 12 13
8 1 1 4 7 10 3 2 5 14 8 0 6 11 9 12 13
13 1 1 4 7 10 3 2 5 14 8 13 6 11 9 12 0
3 2 1 4 7 10 0 2 5 14 8 13 6 11 9 12 3
13 1 1 4 7 10 13 2 5 14 8 0 6 11 9 12 3
8 1 1 4 7 10 13 2 5 14 0 8 6 11 9 12 3
14 1 1 4 7 10 13 2 5 0 14 8 6 11 9 12 3
5 1 1 4 7 10 13 2 0 5 14 8 6 11 9 12 3
11 1 1 4 7 10 13 2 11 5 14 8 6 0 9 12 3
6 1 1 4 7 10 13 2 11 5 14 8 0 6 9 12 3
3 2 1 4 7 10 13 2 11 5 14 8 3 6 9 12 0
14 3 1 4 7 10 13 2 11 5 0 8 3 6 9 12 14
8 1 1 4 7 10 13 2 11 5 8 0 3 6 9 12 14
14 1 1 4 7 10 13 2 11 5 8 14 3 6 9 12 0
1 3 0 4 7 10 13 2 11 5 8 14 3 6 9 12 1
11 3 11 4 7 10 13 2 0 5 8 14 3 6 9 12 1
5 1 11 4 7 10 13 2 5 0 8 14 3 6 9 12 1
8 1 11 4 7 10 13 2 5 8 0 14 3 6 9 12 1
14 1 11 4 7 10 13 2 5 8 14 0 3 6 9 12 1
1 1 11 4 7 10 13 2 5 8 14 1 3 6 9 12 0
14 3 11 4 7 10 13 2 5 8 0 1 3 6 9 12 14
1 1 11 4 7 10 13 2 5 8 1 0 3 6 9 12 14
14 1 11 4 7 10 13 2 5 8 1 14 3 6 9 12 0
11 3 0 4 7 10 13 2 5 8 1 14 3 6 9 12 11
13 2 13 4 7 10 0 2 5 8 1 14 3 6 9 12 11
11 2 13 4 7 10 11 2 5 8 1 14 3 6 9 12 0
14 1 13 4 7 10 11 2 5 8 1 0 3 6 9 12 14
11 1 13 4 7 10 0 2 5 8 1 11 3 6 9 12 14
13 2 0 4 7 10 13 2 5 8 1 11 3 6 9 12 14
14 3 14 4 7 10 13 2 5 8 1 11 3 6 9 12 0
1 3 14 4 7 10 13 2 5 8 0 11 3 6 9 12 1
11 1 14 4 7 10 13 2 5 8 11 0 3 6 9 12 1
1 1 14 4 7 10 13 2 5 8 11 1 3 6 9 12 0
14 3 0 4 7 10 13 2 5 8 11 1 3 6 9 12 14
13 2 13 4 7 10 0 2 5 8 11 1 3 6 9 12 14
14 2 13 4 7 10 14 2 5 8 11 1 3 6 9 12 0
1 1 13 4 7 10 14 2 5 8 11 0 3 6 9 12 1
14 1 13 4 7 10 0 2 5 8 11 14 3 6 9 12 1
13 2 0 4 7 10 13 2 5 8 11 14 3 6 9 12 1
1 3 1 4 7 10 13 2 5 8 11 14 3 6 9 12 0
503 10.5