0 0 10 5 6 2 1 7 12 13 4 11 3 0 14 8 9
14 1 10 5 6 2 1 7 12 13 4 11 3 14 0 8 9
8 1 10 5 6 2 1 7 12 13 4 11 3 14 8 0 9
9 1 10 5 6 2 1 7 12 13 4 11 3 14 8 9 0
4 3 10 5 6 2 1 7 12 13 0 11 3 14 8 9 4
11 1 10 5 6 2 1 7 12 13 11 0 3 14 8 9 4
4 1 10 5 6 2 1 7 12 13 11 4 3 14 8 9 0
10 3 0 5 6 2 1 7 12 13 11 4 3 14 8 9 10
1 2 1 5 6 2 0 7 12 13 11 4 3 14 8 9 10
10 2 1 5 6 2 10 7 12 13 11 4 3 14 8 9 0
9 1 1 5 6 2 10 7 12 13 11 4 3 14 8 0 9
8 1 1 5 6 2 10 7 12 13 11 4 3 14 0 8 9
14 1 1 5 6 2 10 7 12 13 11 4 3 0 14 8 9
12 1 1 5 6 2 10 7 0 13 11 4 3 12 14 8 9
5 1 1 0 6 2 10 7 5 13 11 4 3 12 14 8 9
6 1 1 6 0 2 10 7 5 13 11 4 3 12 14 8 9
2 1 1 6 2 0 10 7 5 13 11 4 3 12 14 8 9
10 1 1 6 2 10 0 7 5 13 11 4 3 12 14 8 9
9 2 1 6 2 10 9 7 5 13 11 4 3 12 14 8 0
4 1 1 6 2 10 9 7 5 13 11 0 3 12 14 8 4
11 1 1 6 2 10 9 7 5 13 0 11 3 12 14 8 4
13 1 1 6 2 10 9 7 5 0 13 11 3 12 14 8 4
14 1 1 6 2 10 9 7 5 14 13 11 3 12 0 8 4
8 1 1 6 2 10 9 7 5 14 13 11 3 12 8 0 4
4 1 1 6 2 10 9 7 5 14 13 11 3 12 8 4 0
13 3 1 6 2 10 9 7 5 14 0 11 3 12 8 4 13
11 1 1 6 2 10 9 7 5 14 11 0 3 12 8 4 13
13 1 1 6 2 10 9 7 5 14 11 13 3 12 8 4 0
9 2 1 6 2 10 0 7 5 14 11 13 3 12 8 4 9
13 1 1 6 2 10 13 7 5 14 11 0 3 12 8 4 9
9 1 1 6 2 10 13 7 5 14 11 9 3 12 8 4 0
3 2 1 6 2 10 13 7 5 14 11 9 0 12 8 4 3
12 1 1 6 2 10 13 7 5 14 11 9 12 0 8 4 3
8 1 1 6 2 10 13 7 5 14 11 9 12 8 0 4 3
4 1 1 6 2 10 13 7 5 14 11 9 12 8 4 0 3
3 1 1 6 2 10 13 7 5 14 11 9 12 8 4 3 0
12 2 1 6 2 10 13 7 5 14 11 9 0 8 4 3 12
8 1 1 6 2 10 13 7 5 14 11 9 8 0 4 3 12
4 1 1 6 2 10 13 7 5 14 11 9 8 4 0 3 12
3 1 1 6 2 10 13 7 5 14 11 9 8 4 3 0 12
12 1 1 6 2 10 13 7 5 14 11 9 8 4 3 12 0
9 1 1 6 2 10 13 7 5 14 11 0 8 4 3 12 9
11 1 1 6 2 10 13 7 5 14 0 11 8 4 3 12 9
14 1 1 6 2 10 13 7 5 0 14 11 8 4 3 12 9
3 1 1 6 2 10 13 7 5 3 14 11 8 4 0 12 9
4 1 1 6 2 10 13 7 5 3 14 11 8 0 4 12 9
8 1 1 6 2 10 13 7 5 3 14 11 0 8 4 12 9
9 2 1 6 2 10 13 7 5 3 14 11 9 8 4 12 0
14 3 1 6 2 10 13 7 5 3 0 11 9 8 4 12 14
11 1 1 6 2 10 13 7 5 3 11 0 9 8 4 12 14
14 1 1 6 2 10 13 7 5 3 11 14 9 8 4 12 0
9 2 1 6 2 10 13 7 5 3 11 14 0 8 4 12 9
7 1 1 6 2 10 13 0 5 3 11 14 7 8 4 12 9
5 1 1 6 2 10 13 5 0 3 11 14 7 8 4 12 9
3 1 1 6 2 10 13 5 3 0 11 14 7 8 4 12 9
4 1 1 6 2 10 13 5 3 4 11 14 7 8 0 12 9
8 1 1 6 2 10 13 5 3 4 11 14 7 0 8 12 9
7 1 1 6 2 10 13 5 3 4 11 14 0 7 8 12 9
3 3 1 6 2 10 13 5 0 4 11 14 3 7 8 12 9
6 1 1 0 2 10 13 5 6 4 11 14 3 7 8 12 9
2 1 1 2 0 10 13 5 6 4 11 14 3 7 8 12 9
4 1 1 2 4 10 13 5 6 0 11 14 3 7 8 12 9
8 1 1 2 4 10 13 5 6 8 11 14 3 7 0 12 9
7 1 1 2 4 10 13 5 6 8 11 14 3 0 7 12 9
6 1 1 2 4 10 13 5 0 8 11 14 3 6 7 12 9
2 1 1 0 4 10 13 5 2 8 11 14 3 6 7 12 9
4 1 1 4 0 10 13 5 2 8 11 14 3 6 7 12 9
8 1 1 4 8 10 13 5 2 0 11 14 3 6 7 12 9
7 1 1 4 8 10 13 5 2 7 11 14 3 6 0 12 9
6 1 1 4 8 10 13 5 2 7 11 14 3 0 6 12 9
2 1 1 4 8 10 13 5 0 7 11 14 3 2 6 12 9
5 1 1 4 8 10 13 0 5 7 11 14 3 2 6 12 9
3 1 1 4 8 10 13 3 5 7 11 14 0 2 6 12 9
2 1 1 4 8 10 13 3 5 7 11 14 2 0 6 12 9
6 1 1 4 8 10 13 3 5 7 11 14 2 6 0 12 9
7 1 1 4 8 10 13 3 5 0 11 14 2 6 7 12 9
8 1 1 4 0 10 13 3 5 8 11 14 2 6 7 12 9
10 1 1 4 10 0 13 3 5 8 11 14 2 6 7 12 9
13 1 1 4 10 13 0 3 5 8 11 14 2 6 7 12 9
9 2 1 4 10 13 9 3 5 8 11 14 2 6 7 12 0
2 2 1 4 10 13 9 3 5 8 11 14 0 6 7 12 2
9 3 1 4 10 13 0 3 5 8 11 14 9 6 7 12 2
13 1 1 4 10 0 13 3 5 8 11 14 9 6 7 12 2
10 1 1 4 0 10 13 3 5 8 11 14 9 6 7 12 2
8 1 1 4 8 10 13 3 5 0 11 14 9 6 7 12 2
7 1 1 4 8 10 13 3 5 7 11 14 9 6 0 12 2
6 1 1 4 8 10 13 3 5 7 11 14 9 0 6 12 2
9 1 1 4 8 10 13 3 5 7 11 14 0 9 6 12 2
3 1 1 4 8 10 13 0 5 7 11 14 3 9 6 12 2
5 1 1 4 8 10 13 5 0 7 11 14 3 9 6 12 2
7 1 1 4 8 10 13 5 7 0 11 14 3 9 6 12 2
6 1 1 4 8 10 13 5 7 6 11 14 3 9 0 12 2
9 1 1 4 8 10 13 5 7 6 11 14 3 0 9 12 2
7 1 1 4 8 10 13 5 0 6 11 14 3 7 9 12 2
6 1 1 4 8 10 13 5 6 0 11 14 3 7 9 12 2
8 1 1 4 0 10 13 5 6 8 11 14 3 7 9 12 2
4 1 1 0 4 10 13 5 6 8 11 14 3 7 9 12 2
6 1 1 6 4 10 13 5 0 8 11 14 3 7 9 12 2
5 1 1 6 4 10 13 0 5 8 11 14 3 7 9 12 2
3 1 1 6 4 10 13 3 5 8 11 14 0 7 9 12 2
13 3 1 6 4 10 0 3 5 8 11 14 13 7 9 12 2
2 2 1 6 4 10 2 3 5 8 11 14 13 7 9 12 0
13 2 1 6 4 10 2 3 5 8 11 14 0 7 9 12 13
3 1 1 6 4 10 2 0 5 8 11 14 3 7 9 12 13
5 1 1 6 4 10 2 5 0 8 11 14 3 7 9 12 13
6 1 1 0 4 10 2 5 6 8 11 14 3 7 9 12 13
4 1 1 4 0 10 2 5 6 8 11 14 3 7 9 12 13
10 1 1 4 10 0 2 5 6 8 11 14 3 7 9 12 13
2 1 1 4 10 2 0 5 6 8 11 14 3 7 9 12 13
13 2 1 4 10 2 13 5 6 8 11 14 3 7 9 12 0
3 2 1 4 10 2 13 5 6 8 11 14 0 7 9 12 3
6 3 1 4 10 2 13 5 0 8 11 14 6 7 9 12 3
5 1 1 4 10 2 13 0 5 8 11 14 6 7 9 12 3
6 1 1 4 10 2 13 6 5 8 11 14 0 7 9 12 3
3 2 1 4 10 2 13 6 5 8 11 14 3 7 9 12 0
13 2 1 4 10 2 0 6 5 8 11 14 3 7 9 12 13
11 3 1 4 10 2 11 6 5 8 0 14 3 7 9 12 13
2 1 1 4 10 0 11 6 5 8 2 14 3 7 9 12 13
11 1 1 4 10 11 0 6 5 8 2 14 3 7 9 12 13
13 2 1 4 10 11 13 6 5 8 2 14 3 7 9 12 0
2 3 1 4 10 11 13 6 5 8 0 14 3 7 9 12 2
11 1 1 4 10 0 13 6 5 8 11 14 3 7 9 12 2
13 1 1 4 10 13 0 6 5 8 11 14 3 7 9 12 2
2 2 1 4 10 13 2 6 5 8 11 14 3 7 9 12 0
3 2 1 4 10 13 2 6 5 8 11 14 0 7 9 12 3
2 3 1 4 10 13 0 6 5 8 11 14 2 7 9 12 3
13 1 1 4 10 0 13 6 5 8 11 14 2 7 9 12 3
10 1 1 4 0 10 13 6 5 8 11 14 2 7 9 12 3
8 1 1 4 8 10 13 6 5 0 11 14 2 7 9 12 3
5 1 1 4 8 10 13 6 0 5 11 14 2 7 9 12 3
6 1 1 4 8 10 13 0 6 5 11 14 2 7 9 12 3
2 1 1 4 8 10 13 2 6 5 11 14 0 7 9 12 3
6 3 1 4 8 10 13 2 0 5 11 14 6 7 9 12 3
7 1 1 4 8 10 13 2 7 5 11 14 6 0 9 12 3
6 1 1 4 8 10 13 2 7 5 11 14 0 6 9 12 3
3 2 1 4 8 10 13 2 7 5 11 14 3 6 9 12 0
1 3 0 4 8 10 13 2 7 5 11 14 3 6 9 12 1
7 3 7 4 8 10 13 2 0 5 11 14 3 6 9 12 1
5 1 7 4 8 10 13 2 5 0 11 14 3 6 9 12 1
8 1 7 4 0 10 13 2 5 8 11 14 3 6 9 12 1
4 1 7 0 4 10 13 2 5 8 11 14 3 6 9 12 1
7 1 0 7 4 10 13 2 5 8 11 14 3 6 9 12 1
1 3 1 7 4 10 13 2 5 8 11 14 3 6 9 12 0
11 3 1 7 4 10 13 2 5 8 0 14 3 6 9 12 11
8 1 1 7 4 10 13 2 5 0 8 14 3 6 9 12 11
4 1 1 7 0 10 13 2 5 4 8 14 3 6 9 12 11
7 1 1 0 7 10 13 2 5 4 8 14 3 6 9 12 11
5 1 1 5 7 10 13 2 0 4 8 14 3 6 9 12 11
4 1 1 5 7 10 13 2 4 0 8 14 3 6 9 12 11
8 1 1 5 7 10 13 2 4 8 0 14 3 6 9 12 11
14 1 1 5 7 10 13 2 4 8 14 0 3 6 9 12 11
11 1 1 5 7 10 13 2 4 8 14 11 3 6 9 12 0
14 3 1 5 7 10 13 2 4 8 0 11 3 6 9 12 14
11 1 1 5 7 10 13 2 4 8 11 0 3 6 9 12 14
14 1 1 5 7 10 13 2 4 8 11 14 3 6 9 12 0
1 3 0 5 7 10 13 2 4 8 11 14 3 6 9 12 1
4 3 4 5 7 10 13 2 0 8 11 14 3 6 9 12 1
5 1 4 0 7 10 13 2 5 8 11 14 3 6 9 12 1
4 1 0 4 7 10 13 2 5 8 11 14 3 6 9 12 1
1 3 1 4 7 10 13 2 5 8 11 14 3 6 9 12 0
219 1.84