0 0 2 11 12 9 8 10 0 7 6 14 4 1 3 13 5
7 1 2 11 12 9 8 10 7 0 6 14 4 1 3 13 5
6 1 2 11 12 9 8 10 7 6 0 14 4 1 3 13 5
9 1 2 11 12 0 8 10 7 6 9 14 4 1 3 13 5
8 1 2 11 12 8 0 10 7 6 9 14 4 1 3 13 5
5 2 2 11 12 8 5 10 7 6 9 14 4 1 3 13 0
2 3 0 11 12 8 5 10 7 6 9 14 4 1 3 13 2
4 2 4 11 12 8 5 10 7 6 9 14 0 1 3 13 2
2 2 4 11 12 8 5 10 7 6 9 14 2 1 3 13 0
4 3 0 11 12 8 5 10 7 6 9 14 2 1 3 13 4
11 1 11 0 12 8 5 10 7 6 9 14 2 1 3 13 4
12 1 11 12 0 8 5 10 7 6 9 14 2 1 3 13 4
6 1 11 12 6 8 5 10 7 0 9 14 2 1 3 13 4
3 1 11 12 6 8 5 10 7 3 9 14 2 1 0 13 4
13 1 11 12 6 8 5 10 7 3 9 14 2 1 13 0 4
4 1 11 12 6 8 5 10 7 3 9 14 2 1 13 4 0
11 3 0 12 6 8 5 10 7 3 9 14 2 1 13 4 11
2 2 2 12 6 8 5 10 7 3 9 14 0 1 13 4 11
11 2 2 12 6 8 5 10 7 3 9 14 11 1 13 4 0
2 3 0 12 6 8 5 10 7 3 9 14 11 1 13 4 2
12 1 12 0 6 8 5 10 7 3 9 14 11 1 13 4 2
6 1 12 6 0 8 5 10 7 3 9 14 11 1 13 4 2
3 1 12 6 3 8 5 10 7 0 9 14 11 1 13 4 2
9 1 12 6 3 8 5 10 7 9 0 14 11 1 13 4 2
14 1 12 6 3 8 5 10 7 9 14 0 11 1 13 4 2
2 1 12 6 3 8 5 10 7 9 14 2 11 1 13 4 0
4 1 12 6 3 8 5 10 7 9 14 2 11 1 13 0 4
14 1 12 6 3 8 5 10 7 9 0 2 11 1 13 14 4
9 1 12 6 3 8 5 10 7 0 9 2 11 1 13 14 4
7 1 12 6 3 8 5 10 0 7 9 2 11 1 13 14 4
6 1 12 0 3 8 5 10 6 7 9 2 11 1 13 14 4
12 1 0 12 3 8 5 10 6 7 9 2 11 1 13 14 4
6 3 6 12 3 8 5 10 0 7 9 2 11 1 13 14 4
7 1 6 12 3 8 5 10 7 0 9 2 11 1 13 14 4
9 1 6 12 3 8 5 10 7 9 0 2 11 1 13 14 4
2 1 6 12 3 8 5 10 7 9 2 0 11 1 13 14 4
4 1 6 12 3 8 5 10 7 9 2 4 11 1 13 14 0
2 3 6 12 3 8 5 10 7 9 0 4 11 1 13 14 2
9 1 6 12 3 8 5 10 7 0 9 4 11 1 13 14 2
7 1 6 12 3 8 5 10 0 7 9 4 11 1 13 14 2
12 1 6 0 3 8 5 10 12 7 9 4 11 1 13 14 2
6 1 0 6 3 8 5 10 12 7 9 4 11 1 13 14 2
10 1 10 6 3 8 5 0 12 7 9 4 11 1 13 14 2
12 1 10 6 3 8 5 12 0 7 9 4 11 1 13 14 2
7 1 10 6 3 8 5 12 7 0 9 4 11 1 13 14 2
9 1 10 6 3 8 5 12 7 9 0 4 11 1 13 14 2
4 1 10 6 3 8 5 12 7 9 4 0 11 1 13 14 2
2 1 10 6 3 8 5 12 7 9 4 2 11 1 13 14 0
4 3 10 6 3 8 5 12 7 9 0 2 11 1 13 14 4
9 1 10 6 3 8 5 12 7 0 9 2 11 1 13 14 4
7 1 10 6 3 8 5 12 0 7 9 2 11 1 13 14 4
6 1 10 0 3 8 5 12 6 7 9 2 11 1 13 14 4
10 1 0 10 3 8 5 12 6 7 9 2 11 1 13 14 4
12 1 12 10 3 8 5 0 6 7 9 2 11 1 13 14 4
6 1 12 10 3 8 5 6 0 7 9 2 11 1 13 14 4
7 1 12 10 3 8 5 6 7 0 9 2 11 1 13 14 4
9 1 12 10 3 8 5 6 7 9 0 2 11 1 13 14 4
2 1 12 10 3 8 5 6 7 9 2 0 11 1 13 14 4
4 1 12 10 3 8 5 6 7 9 2 4 11 1 13 14 0
2 3 12 10 3 8 5 6 7 9 0 4 11 1 13 14 2
9 1 12 10 3 8 5 6 7 0 9 4 11 1 13 14 2
7 1 12 10 3 8 5 6 0 7 9 4 11 1 13 14 2
10 1 12 0 3 8 5 6 10 7 9 4 11 1 13 14 2
12 1 0 12 3 8 5 6 10 7 9 4 11 1 13 14 2
5 2 5 12 3 8 0 6 10 7 9 4 11 1 13 14 2
2 2 5 12 3 8 2 6 10 7 9 4 11 1 13 14 0
5 3 0 12 3 8 2 6 10 7 9 4 11 1 13 14 5
10 3 10 12 3 8 2 6 0 7 9 4 11 1 13 14 5
7 1 10 12 3 8 2 6 7 0 9 4 11 1 13 14 5
9 1 10 12 3 8 2 6 7 9 0 4 11 1 13 14 5
4 1 10 12 3 8 2 6 7 9 4 0 11 1 13 14 5
5 1 10 12 3 8 2 6 7 9 4 5 11 1 13 14 0
4 3 10 12 3 8 2 6 7 9 0 5 11 1 13 14 4
9 1 10 12 3 8 2 6 7 0 9 5 11 1 13 14 4
7 1 10 12 3 8 2 6 0 7 9 5 11 1 13 14 4
12 1 10 0 3 8 2 6 12 7 9 5 11 1 13 14 4
10 1 0 10 3 8 2 6 12 7 9 5 11 1 13 14 4
12 3 12 10 3 8 2 6 0 7 9 5 11 1 13 14 4
7 1 12 10 3 8 2 6 7 0 9 5 11 1 13 14 4
3 1 12 10 0 8 2 6 7 3 9 5 11 1 13 14 4
8 1 12 10 8 0 2 6 7 3 9 5 11 1 13 14 4
2 1 12 10 8 2 0 6 7 3 9 5 11 1 13 14 4
5 1 12 10 8 2 5 6 7 3 9 0 11 1 13 14 4
4 1 12 10 8 2 5 6 7 3 9 4 11 1 13 14 0
12 3 0 10 8 2 5 6 7 3 9 4 11 1 13 14 12
10 1 10 0 8 2 5 6 7 3 9 4 11 1 13 14 12
8 1 10 8 0 2 5 6 7 3 9 4 11 1 13 14 12
3 1 10 8 3 2 5 6 7 0 9 4 11 1 13 14 12
9 1 10 8 3 2 5 6 7 9 0 4 11 1 13 14 12
4 1 10 8 3 2 5 6 7 9 4 0 11 1 13 14 12
12 1 10 8 3 2 5 6 7 9 4 12 11 1 13 14 0
4 3 10 8 3 2 5 6 7 9 0 12 11 1 13 14 4
9 1 10 8 3 2 5 6 7 0 9 12 11 1 13 14 4
7 1 10 8 3 2 5 6 0 7 9 12 11 1 13 14 4
8 1 10 0 3 2 5 6 8 7 9 12 11 1 13 14 4
10 1 0 10 3 2 5 6 8 7 9 12 11 1 13 14 4
8 3 8 10 3 2 5 6 0 7 9 12 11 1 13 14 4
7 1 8 10 3 2 5 6 7 0 9 12 11 1 13 14 4
3 1 8 10 0 2 5 6 7 3 9 12 11 1 13 14 4
10 1 8 0 10 2 5 6 7 3 9 12 11 1 13 14 4
8 1 0 8 10 2 5 6 7 3 9 12 11 1 13 14 4
4 3 4 8 10 2 5 6 7 3 9 12 11 1 13 14 0
12 1 4 8 10 2 5 6 7 3 9 0 11 1 13 14 12
9 1 4 8 10 2 5 6 7 3 0 9 11 1 13 14 12
3 1 4 8 10 2 5 6 7 0 3 9 11 1 13 14 12
10 1 4 8 0 2 5 6 7 10 3 9 11 1 13 14 12
2 1 4 8 2 0 5 6 7 10 3 9 11 1 13 14 12
3 1 4 8 2 3 5 6 7 10 0 9 11 1 13 14 12
9 1 4 8 2 3 5 6 7 10 9 0 11 1 13 14 12
12 1 4 8 2 3 5 6 7 10 9 12 11 1 13 14 0
4 3 0 8 2 3 5 6 7 10 9 12 11 1 13 14 4
8 1 8 0 2 3 5 6 7 10 9 12 11 1 13 14 4
2 1 8 2 0 3 5 6 7 10 9 12 11 1 13 14 4
3 1 8 2 3 0 5 6 7 10 9 12 11 1 13 14 4
5 1 8 2 3 5 0 6 7 10 9 12 11 1 13 14 4
12 1 8 2 3 5 12 6 7 10 9 0 11 1 13 14 4
4 1 8 2 3 5 12 6 7 10 9 4 11 1 13 14 0
8 3 0 2 3 5 12 6 7 10 9 4 11 1 13 14 8
12 2 12 2 3 5 0 6 7 10 9 4 11 1 13 14 8
5 1 12 2 3 0 5 6 7 10 9 4 11 1 13 14 8
9 1 12 2 3 9 5 6 7 10 0 4 11 1 13 14 8
4 1 12 2 3 9 5 6 7 10 4 0 11 1 13 14 8
8 1 12 2 3 9 5 6 7 10 4 8 11 1 13 14 0
4 3 12 2 3 9 5 6 7 10 0 8 11 1 13 14 4
8 1 12 2 3 9 5 6 7 10 8 0 11 1 13 14 4
4 1 12 2 3 9 5 6 7 10 8 4 11 1 13 14 0
12 3 0 2 3 9 5 6 7 10 8 4 11 1 13 14 12
7 3 7 2 3 9 5 6 0 10 8 4 11 1 13 14 12
10 1 7 2 3 9 5 6 10 0 8 4 11 1 13 14 12
8 1 7 2 3 9 5 6 10 8 0 4 11 1 13 14 12
9 1 7 2 3 0 5 6 10 8 9 4 11 1 13 14 12
5 1 7 2 3 5 0 6 10 8 9 4 11 1 13 14 12
4 1 7 2 3 5 4 6 10 8 9 0 11 1 13 14 12
9 1 7 2 3 5 4 6 10 8 0 9 11 1 13 14 12
5 1 7 2 3 0 4 6 10 8 5 9 11 1 13 14 12
4 1 7 2 3 4 0 6 10 8 5 9 11 1 13 14 12
5 3 7 2 3 4 5 6 10 8 0 9 11 1 13 14 12
9 1 7 2 3 4 5 6 10 8 9 0 11 1 13 14 12
12 1 7 2 3 4 5 6 10 8 9 12 11 1 13 14 0
7 3 0 2 3 4 5 6 10 8 9 12 11 1 13 14 7
10 3 10 2 3 4 5 6 0 8 9 12 11 1 13 14 7
1 1 10 2 3 4 5 6 1 8 9 12 11 0 13 14 7
11 1 10 2 3 4 5 6 1 8 9 12 0 11 13 14 7
7 2 10 2 3 4 5 6 1 8 9 12 7 11 13 14 0
10 3 0 2 3 4 5 6 1 8 9 12 7 11 13 14 10
1 3 1 2 3 4 5 6 0 8 9 12 7 11 13 14 10
11 1 1 2 3 4 5 6 11 8 9 12 7 0 13 14 10
7 1 1 2 3 4 5 6 11 8 9 12 0 7 13 14 10
11 3 1 2 3 4 5 6 0 8 9 12 11 7 13 14 10
7 1 1 2 3 4 5 6 7 8 9 12 11 0 13 14 10
11 1 1 2 3 4 5 6 7 8 9 12 0 11 13 14 10
10 2 1 2 3 4 5 6 7 8 9 12 10 11 13 14 0
12 1 1 2 3 4 5 6 7 8 9 0 10 11 13 14 12
5 1 1 2 3 4 0 6 7 8 9 5 10 11 13 14 12
12 2 1 2 3 4 12 6 7 8 9 5 10 11 13 14 0
10 2 1 2 3 4 12 6 7 8 9 5 0 11 13 14 10
12 3 1 2 3 4 0 6 7 8 9 5 12 11 13 14 10
5 1 1 2 3 4 5 6 7 8 9 0 12 11 13 14 10
10 1 1 2 3 4 5 6 7 8 9 10 12 11 13 14 0
12 2 1 2 3 4 5 6 7 8 9 10 0 11 13 14 12
7 3 1 2 3 4 5 6 0 8 9 10 7 11 13 14 12
11 1 1 2 3 4 5 6 11 8 9 10 7 0 13 14 12
7 1 1 2 3 4 5 6 11 8 9 10 0 7 13 14 12
12 2 1 2 3 4 5 6 11 8 9 10 12 7 13 14 0
1 3 0 2 3 4 5 6 11 8 9 10 12 7 13 14 1
11 3 11 2 3 4 5 6 0 8 9 10 12 7 13 14 1
7 1 11 2 3 4 5 6 7 8 9 10 12 0 13 14 1
12 1 11 2 3 4 5 6 7 8 9 10 0 12 13 14 1
11 2 0 2 3 4 5 6 7 8 9 10 11 12 13 14 1
1 3 1 2 3 4 5 6 7 8 9 10 11 12 13 14 0
248 0.93