0 0 14 0 11 10 7 2 13 5 9 8 12 3 4 1 6
11 1 14 11 0 10 7 2 13 5 9 8 12 3 4 1 6
5 1 14 11 5 10 7 2 13 0 9 8 12 3 4 1 6
9 1 14 11 5 10 7 2 13 9 0 8 12 3 4 1 6
8 1 14 11 5 10 7 2 13 9 8 0 12 3 4 1 6
6 1 14 11 5 10 7 2 13 9 8 6 12 3 4 1 0
8 3 14 11 5 10 7 2 13 9 0 6 12 3 4 1 8
6 1 14 11 5 10 7 2 13 9 6 0 12 3 4 1 8
8 1 14 11 5 10 7 2 13 9 6 8 12 3 4 1 0
14 3 0 11 5 10 7 2 13 9 6 8 12 3 4 1 14
13 3 13 11 5 10 7 2 0 9 6 8 12 3 4 1 14
9 1 13 11 5 10 7 2 9 0 6 8 12 3 4 1 14
6 1 13 11 5 10 7 2 9 6 0 8 12 3 4 1 14
8 1 13 11 5 10 7 2 9 6 8 0 12 3 4 1 14
14 1 13 11 5 10 7 2 9 6 8 14 12 3 4 1 0
8 3 13 11 5 10 7 2 9 6 0 14 12 3 4 1 8
6 1 13 11 5 10 7 2 9 0 6 14 12 3 4 1 8
9 1 13 11 5 10 7 2 0 9 6 14 12 3 4 1 8
3 1 13 11 5 10 7 2 3 9 6 14 12 0 4 1 8
4 1 13 11 5 10 7 2 3 9 6 14 12 4 0 1 8
9 1 13 11 5 10 7 2 3 0 6 14 12 4 9 1 8
6 1 13 11 5 10 7 2 3 6 0 14 12 4 9 1 8
1 1 13 11 5 10 7 2 3 6 1 14 12 4 9 0 8
8 1 13 11 5 10 7 2 3 6 1 14 12 4 9 8 0
1 3 13 11 5 10 7 2 3 6 0 14 12 4 9 8 1
6 1 13 11 5 10 7 2 3 0 6 14 12 4 9 8 1
3 1 13 11 5 10 7 2 0 3 6 14 12 4 9 8 1
4 1 13 11 5 10 7 2 4 3 6 14 12 0 9 8 1
12 1 13 11 5 10 7 2 4 3 6 14 0 12 9 8 1
1 2 13 11 5 10 7 2 4 3 6 14 1 12 9 8 0
6 3 13 11 5 10 7 2 4 3 0 14 1 12 9 8 6
3 1 13 11 5 10 7 2 4 0 3 14 1 12 9 8 6
4 1 13 11 5 10 7 2 0 4 3 14 1 12 9 8 6
12 1 13 11 5 10 7 2 12 4 3 14 1 0 9 8 6
1 1 13 11 5 10 7 2 12 4 3 14 0 1 9 8 6
6 2 13 11 5 10 7 2 12 4 3 14 6 1 9 8 0
3 3 13 11 5 10 7 2 12 4 0 14 6 1 9 8 3
4 1 13 11 5 10 7 2 12 0 4 14 6 1 9 8 3
12 1 13 11 5 10 7 2 0 12 4 14 6 1 9 8 3
1 1 13 11 5 10 7 2 1 12 4 14 6 0 9 8 3
6 1 13 11 5 10 7 2 1 12 4 14 0 6 9 8 3
3 2 13 11 5 10 7 2 1 12 4 14 3 6 9 8 0
4 3 13 11 5 10 7 2 1 12 0 14 3 6 9 8 4
12 1 13 11 5 10 7 2 1 0 12 14 3 6 9 8 4
1 1 13 11 5 10 7 2 0 1 12 14 3 6 9 8 4
11 1 13 0 5 10 7 2 11 1 12 14 3 6 9 8 4
5 1 13 5 0 10 7 2 11 1 12 14 3 6 9 8 4
1 1 13 5 1 10 7 2 11 0 12 14 3 6 9 8 4
12 1 13 5 1 10 7 2 11 12 0 14 3 6 9 8 4
8 1 13 5 1 10 7 2 11 12 8 14 3 6 9 0 4
4 1 13 5 1 10 7 2 11 12 8 14 3 6 9 4 0
8 3 13 5 1 10 7 2 11 12 0 14 3 6 9 4 8
12 1 13 5 1 10 7 2 11 0 12 14 3 6 9 4 8
11 1 13 5 1 10 7 2 0 11 12 14 3 6 9 4 8
5 1 13 0 1 10 7 2 5 11 12 14 3 6 9 4 8
1 1 13 1 0 10 7 2 5 11 12 14 3 6 9 4 8
11 1 13 1 11 10 7 2 5 0 12 14 3 6 9 4 8
12 1 13 1 11 10 7 2 5 12 0 14 3 6 9 4 8
4 1 13 1 11 10 7 2 5 12 4 14 3 6 9 0 8
8 1 13 1 11 10 7 2 5 12 4 14 3 6 9 8 0
4 3 13 1 11 10 7 2 5 12 0 14 3 6 9 8 4
12 1 13 1 11 10 7 2 5 0 12 14 3 6 9 8 4
11 1 13 1 0 10 7 2 5 11 12 14 3 6 9 8 4
1 1 13 0 1 10 7 2 5 11 12 14 3 6 9 8 4
13 1 0 13 1 10 7 2 5 11 12 14 3 6 9 8 4
4 3 4 13 1 10 7 2 5 11 12 14 3 6 9 8 0
12 3 4 13 1 10 7 2 5 11 0 14 3 6 9 8 12
11 1 4 13 1 10 7 2 5 0 11 14 3 6 9 8 12
1 1 4 13 0 10 7 2 5 1 11 14 3 6 9 8 12
13 1 4 0 13 10 7 2 5 1 11 14 3 6 9 8 12
4 1 0 4 13 10 7 2 5 1 11 14 3 6 9 8 12
7 2 7 4 13 10 0 2 5 1 11 14 3 6 9 8 12
11 3 7 4 13 10 11 2 5 1 0 14 3 6 9 8 12
8 1 7 4 13 10 11 2 5 1 8 14 3 6 9 0 12
12 1 7 4 13 10 11 2 5 1 8 14 3 6 9 12 0
11 2 7 4 13 10 0 2 5 1 8 14 3 6 9 12 11
8 3 7 4 13 10 8 2 5 1 0 14 3 6 9 12 11
1 1 7 4 13 10 8 2 5 0 1 14 3 6 9 12 11
13 1 7 4 0 10 8 2 5 13 1 14 3 6 9 12 11
10 1 7 4 10 0 8 2 5 13 1 14 3 6 9 12 11
8 1 7 4 10 8 0 2 5 13 1 14 3 6 9 12 11
11 2 7 4 10 8 11 2 5 13 1 14 3 6 9 12 0
1 3 7 4 10 8 11 2 5 13 0 14 3 6 9 12 1
13 1 7 4 10 8 11 2 5 0 13 14 3 6 9 12 1
10 1 7 4 0 8 11 2 5 10 13 14 3 6 9 12 1
8 1 7 4 8 0 11 2 5 10 13 14 3 6 9 12 1
11 1 7 4 8 11 0 2 5 10 13 14 3 6 9 12 1
13 3 7 4 8 11 13 2 5 10 0 14 3 6 9 12 1
11 1 7 4 8 0 13 2 5 10 11 14 3 6 9 12 1
8 1 7 4 0 8 13 2 5 10 11 14 3 6 9 12 1
10 1 7 4 10 8 13 2 5 0 11 14 3 6 9 12 1
11 1 7 4 10 8 13 2 5 11 0 14 3 6 9 12 1
8 1 7 4 10 0 13 2 5 11 8 14 3 6 9 12 1
10 1 7 4 0 10 13 2 5 11 8 14 3 6 9 12 1
11 1 7 4 11 10 13 2 5 0 8 14 3 6 9 12 1
8 1 7 4 11 10 13 2 5 8 0 14 3 6 9 12 1
14 1 7 4 11 10 13 2 5 8 14 0 3 6 9 12 1
1 1 7 4 11 10 13 2 5 8 14 1 3 6 9 12 0
14 3 7 4 11 10 13 2 5 8 0 1 3 6 9 12 14
1 1 7 4 11 10 13 2 5 8 1 0 3 6 9 12 14
14 1 7 4 11 10 13 2 5 8 1 14 3 6 9 12 0
7 3 0 4 11 10 13 2 5 8 1 14 3 6 9 12 7
13 2 13 4 11 10 0 2 5 8 1 14 3 6 9 12 7
14 1 13 4 11 10 14 2 5 8 1 0 3 6 9 12 7
7 1 13 4 11 10 14 2 5 8 1 7 3 6 9 12 0
1 3 13 4 11 10 14 2 5 8 0 7 3 6 9 12 1
7 1 13 4 11 10 14 2 5 8 7 0 3 6 9 12 1
14 1 13 4 11 10 0 2 5 8 7 14 3 6 9 12 1
13 2 0 4 11 10 13 2 5 8 7 14 3 6 9 12 1
1 3 1 4 11 10 13 2 5 8 7 14 3 6 9 12 0
13 2 1 4 11 10 0 2 5 8 7 14 3 6 9 12 13
7 3 1 4 11 10 7 2 5 8 0 14 3 6 9 12 13
10 1 1 4 11 0 7 2 5 8 10 14 3 6 9 12 13
7 1 1 4 11 7 0 2 5 8 10 14 3 6 9 12 13
13 2 1 4 11 7 13 2 5 8 10 14 3 6 9 12 0
10 3 1 4 11 7 13 2 5 8 0 14 3 6 9 12 10
7 1 1 4 11 0 13 2 5 8 7 14 3 6 9 12 10
11 1 1 4 0 11 13 2 5 8 7 14 3 6 9 12 10
8 1 1 4 8 11 13 2 5 0 7 14 3 6 9 12 10
7 1 1 4 8 11 13 2 5 7 0 14 3 6 9 12 10
11 1 1 4 8 0 13 2 5 7 11 14 3 6 9 12 10
8 1 1 4 0 8 13 2 5 7 11 14 3 6 9 12 10
7 1 1 4 7 8 13 2 5 0 11 14 3 6 9 12 10
11 1 1 4 7 8 13 2 5 11 0 14 3 6 9 12 10
8 1 1 4 7 0 13 2 5 11 8 14 3 6 9 12 10
13 1 1 4 7 13 0 2 5 11 8 14 3 6 9 12 10
10 2 1 4 7 13 10 2 5 11 8 14 3 6 9 12 0
8 3 1 4 7 13 10 2 5 11 0 14 3 6 9 12 8
13 1 1 4 7 0 10 2 5 11 13 14 3 6 9 12 8
10 1 1 4 7 10 0 2 5 11 13 14 3 6 9 12 8
13 3 1 4 7 10 13 2 5 11 0 14 3 6 9 12 8
12 1 1 4 7 10 13 2 5 11 12 14 3 6 9 0 8
8 1 1 4 7 10 13 2 5 11 12 14 3 6 9 8 0
12 3 1 4 7 10 13 2 5 11 0 14 3 6 9 8 12
11 1 1 4 7 10 13 2 5 0 11 14 3 6 9 8 12
9 1 1 4 7 10 13 2 5 9 11 14 3 6 0 8 12
8 1 1 4 7 10 13 2 5 9 11 14 3 6 8 0 12
12 1 1 4 7 10 13 2 5 9 11 14 3 6 8 12 0
3 2 1 4 7 10 13 2 5 9 11 14 0 6 8 12 3
6 1 1 4 7 10 13 2 5 9 11 14 6 0 8 12 3
8 1 1 4 7 10 13 2 5 9 11 14 6 8 0 12 3
9 1 1 4 7 10 13 2 5 0 11 14 6 8 9 12 3
5 1 1 4 7 10 13 2 0 5 11 14 6 8 9 12 3
8 1 1 4 7 10 13 2 8 5 11 14 6 0 9 12 3
6 1 1 4 7 10 13 2 8 5 11 14 0 6 9 12 3
3 2 1 4 7 10 13 2 8 5 11 14 3 6 9 12 0
12 1 1 4 7 10 13 2 8 5 11 14 3 6 9 0 12
9 1 1 4 7 10 13 2 8 5 11 14 3 6 0 9 12
5 1 1 4 7 10 13 2 8 0 11 14 3 6 5 9 12
8 1 1 4 7 10 13 2 0 8 11 14 3 6 5 9 12
6 1 1 4 7 10 13 2 6 8 11 14 3 0 5 9 12
5 1 1 4 7 10 13 2 6 8 11 14 3 5 0 9 12
9 1 1 4 7 10 13 2 6 8 11 14 3 5 9 0 12
12 1 1 4 7 10 13 2 6 8 11 14 3 5 9 12 0
3 2 1 4 7 10 13 2 6 8 11 14 0 5 9 12 3
6 3 1 4 7 10 13 2 0 8 11 14 6 5 9 12 3
5 1 1 4 7 10 13 2 5 8 11 14 6 0 9 12 3
6 1 1 4 7 10 13 2 5 8 11 14 0 6 9 12 3
3 2 1 4 7 10 13 2 5 8 11 14 3 6 9 12 0
225 2.76