0 0 1 5 7 11 14 3 6 10 9 4 12 13 0 2 8
13 1 1 5 7 11 14 3 6 10 9 4 12 0 13 2 8
12 1 1 5 7 11 14 3 6 10 9 4 0 12 13 2 8
8 2 1 5 7 11 14 3 6 10 9 4 8 12 13 2 0
14 2 1 5 7 11 0 3 6 10 9 4 8 12 13 2 14
8 3 1 5 7 11 8 3 6 10 9 4 0 12 13 2 14
14 2 1 5 7 11 8 3 6 10 9 4 14 12 13 2 0
4 1 1 5 7 11 8 3 6 10 9 0 14 12 13 2 4
8 1 1 5 7 11 0 3 6 10 9 8 14 12 13 2 4
4 2 1 5 7 11 4 3 6 10 9 8 14 12 13 2 0
14 2 1 5 7 11 4 3 6 10 9 8 0 12 13 2 14
6 3 1 5 7 11 4 3 0 10 9 8 6 12 13 2 14
10 1 1 5 7 11 4 3 10 0 9 8 6 12 13 2 14
7 1 1 5 0 11 4 3 10 7 9 8 6 12 13 2 14
11 1 1 5 11 0 4 3 10 7 9 8 6 12 13 2 14
4 1 1 5 11 4 0 3 10 7 9 8 6 12 13 2 14
14 2 1 5 11 4 14 3 10 7 9 8 6 12 13 2 0
6 2 1 5 11 4 14 3 10 7 9 8 0 12 13 2 6
10 3 1 5 11 4 14 3 0 7 9 8 10 12 13 2 6
7 1 1 5 11 4 14 3 7 0 9 8 10 12 13 2 6
11 1 1 5 0 4 14 3 7 11 9 8 10 12 13 2 6
5 1 1 0 5 4 14 3 7 11 9 8 10 12 13 2 6
1 1 0 1 5 4 14 3 7 11 9 8 10 12 13 2 6
6 3 6 1 5 4 14 3 7 11 9 8 10 12 13 2 0
14 2 6 1 5 4 0 3 7 11 9 8 10 12 13 2 14
10 3 6 1 5 4 10 3 7 11 9 8 0 12 13 2 14
14 2 6 1 5 4 10 3 7 11 9 8 14 12 13 2 0
6 3 0 1 5 4 10 3 7 11 9 8 14 12 13 2 6
1 1 1 0 5 4 10 3 7 11 9 8 14 12 13 2 6
5 1 1 5 0 4 10 3 7 11 9 8 14 12 13 2 6
11 1 1 5 11 4 10 3 7 0 9 8 14 12 13 2 6
9 1 1 5 11 4 10 3 7 9 0 8 14 12 13 2 6
8 1 1 5 11 4 10 3 7 9 8 0 14 12 13 2 6
10 1 1 5 11 4 0 3 7 9 8 10 14 12 13 2 6
6 2 1 5 11 4 6 3 7 9 8 10 14 12 13 2 0
8 3 1 5 11 4 6 3 7 9 0 10 14 12 13 2 8
9 1 1 5 11 4 6 3 7 0 9 10 14 12 13 2 8
11 1 1 5 0 4 6 3 7 11 9 10 14 12 13 2 8
5 1 1 0 5 4 6 3 7 11 9 10 14 12 13 2 8
1 1 0 1 5 4 6 3 7 11 9 10 14 12 13 2 8
8 3 8 1 5 4 6 3 7 11 9 10 14 12 13 2 0
6 2 8 1 5 4 0 3 7 11 9 10 14 12 13 2 6
14 3 8 1 5 4 14 3 7 11 9 10 0 12 13 2 6
6 2 8 1 5 4 14 3 7 11 9 10 6 12 13 2 0
8 3 0 1 5 4 14 3 7 11 9 10 6 12 13 2 8
14 2 14 1 5 4 0 3 7 11 9 10 6 12 13 2 8
8 2 14 1 5 4 8 3 7 11 9 10 6 12 13 2 0
14 3 0 1 5 4 8 3 7 11 9 10 6 12 13 2 14
1 1 1 0 5 4 8 3 7 11 9 10 6 12 13 2 14
5 1 1 5 0 4 8 3 7 11 9 10 6 12 13 2 14
11 1 1 5 11 4 8 3 7 0 9 10 6 12 13 2 14
9 1 1 5 11 4 8 3 7 9 0 10 6 12 13 2 14
2 1 1 5 11 4 8 3 7 9 2 10 6 12 13 0 14
14 1 1 5 11 4 8 3 7 9 2 10 6 12 13 14 0
2 3 1 5 11 4 8 3 7 9 0 10 6 12 13 14 2
9 1 1 5 11 4 8 3 7 0 9 10 6 12 13 14 2
11 1 1 5 0 4 8 3 7 11 9 10 6 12 13 14 2
5 1 1 0 5 4 8 3 7 11 9 10 6 12 13 14 2
1 1 0 1 5 4 8 3 7 11 9 10 6 12 13 14 2
2 3 2 1 5 4 8 3 7 11 9 10 6 12 13 14 0
8 2 2 1 5 4 0 3 7 11 9 10 6 12 13 14 8
6 3 2 1 5 4 6 3 7 11 9 10 0 12 13 14 8
8 2 2 1 5 4 6 3 7 11 9 10 8 12 13 14 0
2 3 0 1 5 4 6 3 7 11 9 10 8 12 13 14 2
1 1 1 0 5 4 6 3 7 11 9 10 8 12 13 14 2
5 1 1 5 0 4 6 3 7 11 9 10 8 12 13 14 2
11 1 1 5 11 4 6 3 7 0 9 10 8 12 13 14 2
7 1 1 5 11 4 6 3 0 7 9 10 8 12 13 14 2
3 1 1 5 11 4 6 0 3 7 9 10 8 12 13 14 2
8 1 1 5 11 4 6 8 3 7 9 10 0 12 13 14 2
2 2 1 5 11 4 6 8 3 7 9 10 2 12 13 14 0
6 2 1 5 11 4 0 8 3 7 9 10 2 12 13 14 6
2 3 1 5 11 4 2 8 3 7 9 10 0 12 13 14 6
3 3 1 5 11 4 2 8 0 7 9 10 3 12 13 14 6
7 1 1 5 11 4 2 8 7 0 9 10 3 12 13 14 6
11 1 1 5 0 4 2 8 7 11 9 10 3 12 13 14 6
5 1 1 0 5 4 2 8 7 11 9 10 3 12 13 14 6
1 1 0 1 5 4 2 8 7 11 9 10 3 12 13 14 6
6 3 6 1 5 4 2 8 7 11 9 10 3 12 13 14 0
2 2 6 1 5 4 0 8 7 11 9 10 3 12 13 14 2
3 3 6 1 5 4 3 8 7 11 9 10 0 12 13 14 2
2 2 6 1 5 4 3 8 7 11 9 10 2 12 13 14 0
6 3 0 1 5 4 3 8 7 11 9 10 2 12 13 14 6
3 2 3 1 5 4 0 8 7 11 9 10 2 12 13 14 6
6 2 3 1 5 4 6 8 7 11 9 10 2 12 13 14 0
3 3 0 1 5 4 6 8 7 11 9 10 2 12 13 14 3
8 1 8 1 5 4 6 0 7 11 9 10 2 12 13 14 3
2 1 8 1 5 4 6 2 7 11 9 10 0 12 13 14 3
3 2 8 1 5 4 6 2 7 11 9 10 3 12 13 14 0
8 3 0 1 5 4 6 2 7 11 9 10 3 12 13 14 8
6 2 6 1 5 4 0 2 7 11 9 10 3 12 13 14 8
3 3 6 1 5 4 3 2 7 11 9 10 0 12 13 14 8
6 2 0 1 5 4 3 2 7 11 9 10 6 12 13 14 8
1 1 1 0 5 4 3 2 7 11 9 10 6 12 13 14 8
5 1 1 5 0 4 3 2 7 11 9 10 6 12 13 14 8
11 1 1 5 11 4 3 2 7 0 9 10 6 12 13 14 8
7 1 1 5 11 4 3 2 0 7 9 10 6 12 13 14 8
2 1 1 5 11 4 3 0 2 7 9 10 6 12 13 14 8
6 1 1 5 11 4 3 6 2 7 9 10 0 12 13 14 8
2 3 1 5 11 4 3 6 0 7 9 10 2 12 13 14 8
7 1 1 5 11 4 3 6 7 0 9 10 2 12 13 14 8
11 1 1 5 0 4 3 6 7 11 9 10 2 12 13 14 8
4 1 1 5 4 0 3 6 7 11 9 10 2 12 13 14 8
3 1 1 5 4 3 0 6 7 11 9 10 2 12 13 14 8
2 3 1 5 4 3 2 6 7 11 9 10 0 12 13 14 8
7 3 1 5 4 3 2 6 0 11 9 10 7 12 13 14 8
11 1 1 5 4 3 2 6 11 0 9 10 7 12 13 14 8
4 1 1 5 0 3 2 6 11 4 9 10 7 12 13 14 8
3 1 1 5 3 0 2 6 11 4 9 10 7 12 13 14 8
2 1 1 5 3 2 0 6 11 4 9 10 7 12 13 14 8
8 2 1 5 3 2 8 6 11 4 9 10 7 12 13 14 0
7 2 1 5 3 2 8 6 11 4 9 10 0 12 13 14 7
11 3 1 5 3 2 8 6 0 4 9 10 11 12 13 14 7
5 1 1 0 3 2 8 6 5 4 9 10 11 12 13 14 7
1 1 0 1 3 2 8 6 5 4 9 10 11 12 13 14 7
7 3 7 1 3 2 8 6 5 4 9 10 11 12 13 14 0
8 2 7 1 3 2 0 6 5 4 9 10 11 12 13 14 8
7 2 0 1 3 2 7 6 5 4 9 10 11 12 13 14 8
1 1 1 0 3 2 7 6 5 4 9 10 11 12 13 14 8
5 1 1 5 3 2 7 6 0 4 9 10 11 12 13 14 8
4 1 1 5 3 2 7 6 4 0 9 10 11 12 13 14 8
9 1 1 5 3 2 7 6 4 9 0 10 11 12 13 14 8
2 1 1 5 3 0 7 6 4 9 2 10 11 12 13 14 8
7 1 1 5 3 7 0 6 4 9 2 10 11 12 13 14 8
2 3 1 5 3 7 2 6 4 9 0 10 11 12 13 14 8
9 1 1 5 3 7 2 6 4 0 9 10 11 12 13 14 8
4 1 1 5 3 7 2 6 0 4 9 10 11 12 13 14 8
5 1 1 0 3 7 2 6 5 4 9 10 11 12 13 14 8
1 1 0 1 3 7 2 6 5 4 9 10 11 12 13 14 8
11 2 11 1 3 7 2 6 5 4 9 10 0 12 13 14 8
8 2 11 1 3 7 2 6 5 4 9 10 8 12 13 14 0
11 3 0 1 3 7 2 6 5 4 9 10 8 12 13 14 11
1 1 1 0 3 7 2 6 5 4 9 10 8 12 13 14 11
5 1 1 5 3 7 2 6 0 4 9 10 8 12 13 14 11
4 1 1 5 3 7 2 6 4 0 9 10 8 12 13 14 11
9 1 1 5 3 7 2 6 4 9 0 10 8 12 13 14 11
7 1 1 5 3 0 2 6 4 9 7 10 8 12 13 14 11
2 1 1 5 3 2 0 6 4 9 7 10 8 12 13 14 11
11 2 1 5 3 2 11 6 4 9 7 10 8 12 13 14 0
7 3 1 5 3 2 11 6 4 9 0 10 8 12 13 14 7
9 1 1 5 3 2 11 6 4 0 9 10 8 12 13 14 7
4 1 1 5 3 2 11 6 0 4 9 10 8 12 13 14 7
5 1 1 0 3 2 11 6 5 4 9 10 8 12 13 14 7
3 1 1 3 0 2 11 6 5 4 9 10 8 12 13 14 7
2 1 1 3 2 0 11 6 5 4 9 10 8 12 13 14 7
11 1 1 3 2 11 0 6 5 4 9 10 8 12 13 14 7
7 2 1 3 2 11 7 6 5 4 9 10 8 12 13 14 0
8 2 1 3 2 11 7 6 5 4 9 10 0 12 13 14 8
5 3 1 3 2 11 7 6 0 4 9 10 5 12 13 14 8
4 1 1 3 2 11 7 6 4 0 9 10 5 12 13 14 8
2 1 1 3 0 11 7 6 4 2 9 10 5 12 13 14 8
3 1 1 0 3 11 7 6 4 2 9 10 5 12 13 14 8
4 1 1 4 3 11 7 6 0 2 9 10 5 12 13 14 8
2 1 1 4 3 11 7 6 2 0 9 10 5 12 13 14 8
9 1 1 4 3 11 7 6 2 9 0 10 5 12 13 14 8
11 1 1 4 3 0 7 6 2 9 11 10 5 12 13 14 8
7 1 1 4 3 7 0 6 2 9 11 10 5 12 13 14 8
5 3 1 4 3 7 5 6 2 9 11 10 0 12 13 14 8
8 2 1 4 3 7 5 6 2 9 11 10 8 12 13 14 0
11 3 1 4 3 7 5 6 2 9 0 10 8 12 13 14 11
9 1 1 4 3 7 5 6 2 0 9 10 8 12 13 14 11
2 1 1 4 3 7 5 6 0 2 9 10 8 12 13 14 11
4 1 1 0 3 7 5 6 4 2 9 10 8 12 13 14 11
3 1 1 3 0 7 5 6 4 2 9 10 8 12 13 14 11
2 1 1 3 2 7 5 6 4 0 9 10 8 12 13 14 11
4 1 1 3 2 7 5 6 0 4 9 10 8 12 13 14 11
3 1 1 0 2 7 5 6 3 4 9 10 8 12 13 14 11
2 1 1 2 0 7 5 6 3 4 9 10 8 12 13 14 11
4 1 1 2 4 7 5 6 3 0 9 10 8 12 13 14 11
3 1 1 2 4 7 5 6 0 3 9 10 8 12 13 14 11
6 1 1 2 4 7 5 0 6 3 9 10 8 12 13 14 11
8 1 1 2 4 7 5 8 6 3 9 10 0 12 13 14 11
11 2 1 2 4 7 5 8 6 3 9 10 11 12 13 14 0
9 3 1 2 4 7 5 8 6 3 0 10 11 12 13 14 9
3 1 1 2 4 7 5 8 6 0 3 10 11 12 13 14 9
4 1 1 2 0 7 5 8 6 4 3 10 11 12 13 14 9
7 1 1 2 7 0 5 8 6 4 3 10 11 12 13 14 9
3 1 1 2 7 3 5 8 6 4 0 10 11 12 13 14 9
4 1 1 2 7 3 5 8 6 0 4 10 11 12 13 14 9
7 1 1 2 0 3 5 8 6 7 4 10 11 12 13 14 9
3 1 1 2 3 0 5 8 6 7 4 10 11 12 13 14 9
4 1 1 2 3 4 5 8 6 7 0 10 11 12 13 14 9
7 1 1 2 3 4 5 8 6 0 7 10 11 12 13 14 9
6 1 1 2 3 4 5 8 0 6 7 10 11 12 13 14 9
8 1 1 2 3 4 5 0 8 6 7 10 11 12 13 14 9
11 1 1 2 3 4 5 11 8 6 7 10 0 12 13 14 9
9 2 1 2 3 4 5 11 8 6 7 10 9 12 13 14 0
7 3 1 2 3 4 5 11 8 6 0 10 9 12 13 14 7
6 1 1 2 3 4 5 11 8 0 6 10 9 12 13 14 7
8 1 1 2 3 4 5 11 0 8 6 10 9 12 13 14 7
11 1 1 2 3 4 5 0 11 8 6 10 9 12 13 14 7
9 1 1 2 3 4 5 9 11 8 6 10 0 12 13 14 7
7 2 1 2 3 4 5 9 11 8 6 10 7 12 13 14 0
1 3 0 2 3 4 5 9 11 8 6 10 7 12 13 14 1
11 3 11 2 3 4 5 9 0 8 6 10 7 12 13 14 1
9 1 11 2 3 4 5 0 9 8 6 10 7 12 13 14 1
7 1 11 2 3 4 5 7 9 8 6 10 0 12 13 14 1
11 2 0 2 3 4 5 7 9 8 6 10 11 12 13 14 1
1 3 1 2 3 4 5 7 9 8 6 10 11 12 13 14 0
6 3 1 2 3 4 5 7 9 8 0 10 11 12 13 14 6
8 1 1 2 3 4 5 7 9 0 8 10 11 12 13 14 6
9 1 1 2 3 4 5 7 0 9 8 10 11 12 13 14 6
7 1 1 2 3 4 5 0 7 9 8 10 11 12 13 14 6
11 1 1 2 3 4 5 11 7 9 8 10 0 12 13 14 6
6 2 1 2 3 4 5 11 7 9 8 10 6 12 13 14 0
8 3 1 2 3 4 5 11 7 9 0 10 6 12 13 14 8
9 1 1 2 3 4 5 11 7 0 9 10 6 12 13 14 8
7 1 1 2 3 4 5 11 0 7 9 10 6 12 13 14 8
11 1 1 2 3 4 5 0 11 7 9 10 6 12 13 14 8
6 1 1 2 3 4 5 6 11 7 9 10 0 12 13 14 8
11 3 1 2 3 4 5 6 0 7 9 10 11 12 13 14 8
7 1 1 2 3 4 5 6 7 0 9 10 11 12 13 14 8
9 1 1 2 3 4 5 6 7 9 0 10 11 12 13 14 8
10 1 1 2 3 4 5 6 7 9 10 0 11 12 13 14 8
8 1 1 2 3 4 5 6 7 9 10 8 11 12 13 14 0
10 3 1 2 3 4 5 6 7 9 0 8 11 12 13 14 10
8 1 1 2 3 4 5 6 7 9 8 0 11 12 13 14 10
10 1 1 2 3 4 5 6 7 9 8 10 11 12 13 14 0
5 2 1 2 3 4 0 6 7 9 8 10 11 12 13 14 5
8 3 1 2 3 4 8 6 7 9 0 10 11 12 13 14 5
9 1 1 2 3 4 8 6 7 0 9 10 11 12 13 14 5
3 1 1 2 0 4 8 6 7 3 9 10 11 12 13 14 5
4 1 1 2 4 0 8 6 7 3 9 10 11 12 13 14 5
8 1 1 2 4 8 0 6 7 3 9 10 11 12 13 14 5
5 2 1 2 4 8 5 6 7 3 9 10 11 12 13 14 0
9 3 1 2 4 8 5 6 7 3 0 10 11 12 13 14 9
3 1 1 2 4 8 5 6 7 0 3 10 11 12 13 14 9
4 1 1 2 0 8 5 6 7 4 3 10 11 12 13 14 9
8 1 1 2 8 0 5 6 7 4 3 10 11 12 13 14 9
3 1 1 2 8 3 5 6 7 4 0 10 11 12 13 14 9
4 1 1 2 8 3 5 6 7 0 4 10 11 12 13 14 9
8 1 1 2 0 3 5 6 7 8 4 10 11 12 13 14 9
3 1 1 2 3 0 5 6 7 8 4 10 11 12 13 14 9
4 1 1 2 3 4 5 6 7 8 0 10 11 12 13 14 9
10 1 1 2 3 4 5 6 7 8 10 0 11 12 13 14 9
9 1 1 2 3 4 5 6 7 8 10 9 11 12 13 14 0
10 3 1 2 3 4 5 6 7 8 0 9 11 12 13 14 10
9 1 1 2 3 4 5 6 7 8 9 0 11 12 13 14 10
10 1 1 2 3 4 5 6 7 8 9 10 11 12 13 14 0
372 1.96