0 0 2 9 8 12 4 14 6 5 10 1 7 3 13 11 0
10 3 2 9 8 12 4 14 6 5 0 1 7 3 13 11 10
1 1 2 9 8 12 4 14 6 5 1 0 7 3 13 11 10
10 1 2 9 8 12 4 14 6 5 1 10 7 3 13 11 0
1 3 2 9 8 12 4 14 6 5 0 10 7 3 13 11 1
5 1 2 9 8 12 4 14 6 0 5 10 7 3 13 11 1
8 1 2 9 0 12 4 14 6 8 5 10 7 3 13 11 1
12 1 2 9 12 0 4 14 6 8 5 10 7 3 13 11 1
4 1 2 9 12 4 0 14 6 8 5 10 7 3 13 11 1
5 3 2 9 12 4 5 14 6 8 0 10 7 3 13 11 1
11 1 2 9 12 4 5 14 6 8 11 10 7 3 13 0 1
1 1 2 9 12 4 5 14 6 8 11 10 7 3 13 1 0
2 3 0 9 12 4 5 14 6 8 11 10 7 3 13 1 2
6 3 6 9 12 4 5 14 0 8 11 10 7 3 13 1 2
3 1 6 9 12 4 5 14 3 8 11 10 7 0 13 1 2
7 1 6 9 12 4 5 14 3 8 11 10 0 7 13 1 2
2 2 6 9 12 4 5 14 3 8 11 10 2 7 13 1 0
6 3 0 9 12 4 5 14 3 8 11 10 2 7 13 1 6
3 3 3 9 12 4 5 14 0 8 11 10 2 7 13 1 6
7 1 3 9 12 4 5 14 7 8 11 10 2 0 13 1 6
2 1 3 9 12 4 5 14 7 8 11 10 0 2 13 1 6
6 2 3 9 12 4 5 14 7 8 11 10 6 2 13 1 0
11 3 3 9 12 4 5 14 7 8 0 10 6 2 13 1 11
1 1 3 9 12 4 5 14 7 8 1 10 6 2 13 0 11
11 1 3 9 12 4 5 14 7 8 1 10 6 2 13 11 0
3 3 0 9 12 4 5 14 7 8 1 10 6 2 13 11 3
6 2 6 9 12 4 5 14 7 8 1 10 0 2 13 11 3
3 2 6 9 12 4 5 14 7 8 1 10 3 2 13 11 0
6 3 0 9 12 4 5 14 7 8 1 10 3 2 13 11 6
14 1 14 9 12 4 5 0 7 8 1 10 3 2 13 11 6
3 1 14 9 12 4 5 3 7 8 1 10 0 2 13 11 6
6 2 14 9 12 4 5 3 7 8 1 10 6 2 13 11 0
1 3 14 9 12 4 5 3 7 8 0 10 6 2 13 11 1
11 1 14 9 12 4 5 3 7 8 11 10 6 2 13 0 1
1 1 14 9 12 4 5 3 7 8 11 10 6 2 13 1 0
14 3 0 9 12 4 5 3 7 8 11 10 6 2 13 1 14
3 1 3 9 12 4 5 0 7 8 11 10 6 2 13 1 14
6 1 3 9 12 4 5 6 7 8 11 10 0 2 13 1 14
14 2 3 9 12 4 5 6 7 8 11 10 14 2 13 1 0
1 1 3 9 12 4 5 6 7 8 11 10 14 2 13 0 1
13 1 3 9 12 4 5 6 7 8 11 10 14 2 0 13 1
2 1 3 9 12 4 5 6 7 8 11 10 14 0 2 13 1
14 1 3 9 12 4 5 6 7 8 11 10 0 14 2 13 1
1 2 3 9 12 4 5 6 7 8 11 10 1 14 2 13 0
11 3 3 9 12 4 5 6 7 8 0 10 1 14 2 13 11
13 1 3 9 12 4 5 6 7 8 13 10 1 14 2 0 11
11 1 3 9 12 4 5 6 7 8 13 10 1 14 2 11 0
3 3 0 9 12 4 5 6 7 8 13 10 1 14 2 11 3
1 2 1 9 12 4 5 6 7 8 13 10 0 14 2 11 3
3 2 1 9 12 4 5 6 7 8 13 10 3 14 2 11 0
11 1 1 9 12 4 5 6 7 8 13 10 3 14 2 0 11
2 1 1 9 12 4 5 6 7 8 13 10 3 14 0 2 11
14 1 1 9 12 4 5 6 7 8 13 10 3 0 14 2 11
3 1 1 9 12 4 5 6 7 8 13 10 0 3 14 2 11
11 2 1 9 12 4 5 6 7 8 13 10 11 3 14 2 0
13 3 1 9 12 4 5 6 7 8 0 10 11 3 14 2 13
2 1 1 9 12 4 5 6 7 8 2 10 11 3 14 0 13
14 1 1 9 12 4 5 6 7 8 2 10 11 3 0 14 13
8 1 1 9 12 4 5 6 7 0 2 10 11 3 8 14 13
12 1 1 9 0 4 5 6 7 12 2 10 11 3 8 14 13
9 1 1 0 9 4 5 6 7 12 2 10 11 3 8 14 13
1 1 0 1 9 4 5 6 7 12 2 10 11 3 8 14 13
13 3 13 1 9 4 5 6 7 12 2 10 11 3 8 14 0
2 3 13 1 9 4 5 6 7 12 0 10 11 3 8 14 2
12 1 13 1 9 4 5 6 7 0 12 10 11 3 8 14 2
8 1 13 1 9 4 5 6 7 8 12 10 11 3 0 14 2
3 1 13 1 9 4 5 6 7 8 12 10 11 0 3 14 2
11 1 13 1 9 4 5 6 7 8 12 10 0 11 3 14 2
2 2 13 1 9 4 5 6 7 8 12 10 2 11 3 14 0
13 3 0 1 9 4 5 6 7 8 12 10 2 11 3 14 13
2 2 2 1 9 4 5 6 7 8 12 10 0 11 3 14 13
11 1 2 1 9 4 5 6 7 8 12 10 11 0 3 14 13
3 1 2 1 9 4 5 6 7 8 12 10 11 3 0 14 13
14 1 2 1 9 4 5 6 7 8 12 10 11 3 14 0 13
13 1 2 1 9 4 5 6 7 8 12 10 11 3 14 13 0
12 3 2 1 9 4 5 6 7 8 0 10 11 3 14 13 12
13 1 2 1 9 4 5 6 7 8 13 10 11 3 14 0 12
14 1 2 1 9 4 5 6 7 8 13 10 11 3 0 14 12
3 1 2 1 9 4 5 6 7 8 13 10 11 0 3 14 12
11 1 2 1 9 4 5 6 7 8 13 10 0 11 3 14 12
12 2 2 1 9 4 5 6 7 8 13 10 12 11 3 14 0
2 3 0 1 9 4 5 6 7 8 13 10 12 11 3 14 2
1 1 1 0 9 4 5 6 7 8 13 10 12 11 3 14 2
9 1 1 9 0 4 5 6 7 8 13 10 12 11 3 14 2
8 1 1 9 8 4 5 6 7 0 13 10 12 11 3 14 2
3 1 1 9 8 4 5 6 7 3 13 10 12 11 0 14 2
11 1 1 9 8 4 5 6 7 3 13 10 12 0 11 14 2
12 1 1 9 8 4 5 6 7 3 13 10 0 12 11 14 2
2 2 1 9 8 4 5 6 7 3 13 10 2 12 11 14 0
13 3 1 9 8 4 5 6 7 3 0 10 2 12 11 14 13
3 1 1 9 8 4 5 6 7 0 3 10 2 12 11 14 13
11 1 1 9 8 4 5 6 7 11 3 10 2 12 0 14 13
14 1 1 9 8 4 5 6 7 11 3 10 2 12 14 0 13
13 1 1 9 8 4 5 6 7 11 3 10 2 12 14 13 0
3 3 1 9 8 4 5 6 7 11 0 10 2 12 14 13 3
11 1 1 9 8 4 5 6 7 0 11 10 2 12 14 13 3
8 1 1 9 0 4 5 6 7 8 11 10 2 12 14 13 3
9 1 1 0 9 4 5 6 7 8 11 10 2 12 14 13 3
1 1 0 1 9 4 5 6 7 8 11 10 2 12 14 13 3
3 3 3 1 9 4 5 6 7 8 11 10 2 12 14 13 0
11 3 3 1 9 4 5 6 7 8 0 10 2 12 14 13 11
13 1 3 1 9 4 5 6 7 8 13 10 2 12 14 0 11
14 1 3 1 9 4 5 6 7 8 13 10 2 12 0 14 11
12 1 3 1 9 4 5 6 7 8 13 10 2 0 12 14 11
2 1 3 1 9 4 5 6 7 8 13 10 0 2 12 14 11
11 2 3 1 9 4 5 6 7 8 13 10 11 2 12 14 0
3 3 0 1 9 4 5 6 7 8 13 10 11 2 12 14 3
1 1 1 0 9 4 5 6 7 8 13 10 11 2 12 14 3
7 1 1 7 9 4 5 6 0 8 13 10 11 2 12 14 3
2 1 1 7 9 4 5 6 2 8 13 10 11 0 12 14 3
12 1 1 7 9 4 5 6 2 8 13 10 11 12 0 14 3
8 1 1 7 9 4 5 6 2 0 13 10 11 12 8 14 3
2 1 1 7 9 4 5 6 0 2 13 10 11 12 8 14 3
7 1 1 0 9 4 5 6 7 2 13 10 11 12 8 14 3
9 1 1 9 0 4 5 6 7 2 13 10 11 12 8 14 3
2 1 1 9 2 4 5 6 7 0 13 10 11 12 8 14 3
13 1 1 9 2 4 5 6 7 13 0 10 11 12 8 14 3
10 1 1 9 2 4 5 6 7 13 10 0 11 12 8 14 3
3 1 1 9 2 4 5 6 7 13 10 3 11 12 8 14 0
10 3 1 9 2 4 5 6 7 13 0 3 11 12 8 14 10
3 1 1 9 2 4 5 6 7 13 3 0 11 12 8 14 10
10 1 1 9 2 4 5 6 7 13 3 10 11 12 8 14 0
1 3 0 9 2 4 5 6 7 13 3 10 11 12 8 14 1
9 1 9 0 2 4 5 6 7 13 3 10 11 12 8 14 1
2 1 9 2 0 4 5 6 7 13 3 10 11 12 8 14 1
13 1 9 2 13 4 5 6 7 0 3 10 11 12 8 14 1
3 1 9 2 13 4 5 6 7 3 0 10 11 12 8 14 1
10 1 9 2 13 4 5 6 7 3 10 0 11 12 8 14 1
1 1 9 2 13 4 5 6 7 3 10 1 11 12 8 14 0
10 3 9 2 13 4 5 6 7 3 0 1 11 12 8 14 10
1 1 9 2 13 4 5 6 7 3 1 0 11 12 8 14 10
10 1 9 2 13 4 5 6 7 3 1 10 11 12 8 14 0
9 3 0 2 13 4 5 6 7 3 1 10 11 12 8 14 9
7 3 7 2 13 4 5 6 0 3 1 10 11 12 8 14 9
3 1 7 2 13 4 5 6 3 0 1 10 11 12 8 14 9
8 1 7 2 13 4 5 6 3 8 1 10 11 12 0 14 9
14 1 7 2 13 4 5 6 3 8 1 10 11 12 14 0 9
9 1 7 2 13 4 5 6 3 8 1 10 11 12 14 9 0
1 3 7 2 13 4 5 6 3 8 0 10 11 12 14 9 1
9 1 7 2 13 4 5 6 3 8 9 10 11 12 14 0 1
1 1 7 2 13 4 5 6 3 8 9 10 11 12 14 1 0
7 3 0 2 13 4 5 6 3 8 9 10 11 12 14 1 7
3 3 3 2 13 4 5 6 0 8 9 10 11 12 14 1 7
8 1 3 2 13 4 5 6 8 0 9 10 11 12 14 1 7
14 1 3 2 13 4 5 6 8 14 9 10 11 12 0 1 7
1 1 3 2 13 4 5 6 8 14 9 10 11 12 1 0 7
7 1 3 2 13 4 5 6 8 14 9 10 11 12 1 7 0
3 3 0 2 13 4 5 6 8 14 9 10 11 12 1 7 3
8 3 8 2 13 4 5 6 0 14 9 10 11 12 1 7 3
14 1 8 2 13 4 5 6 14 0 9 10 11 12 1 7 3
1 1 8 2 13 4 5 6 14 1 9 10 11 12 0 7 3
7 1 8 2 13 4 5 6 14 1 9 10 11 12 7 0 3
3 1 8 2 13 4 5 6 14 1 9 10 11 12 7 3 0
8 3 0 2 13 4 5 6 14 1 9 10 11 12 7 3 8
14 3 14 2 13 4 5 6 0 1 9 10 11 12 7 3 8
1 1 14 2 13 4 5 6 1 0 9 10 11 12 7 3 8
7 1 14 2 13 4 5 6 1 7 9 10 11 12 0 3 8
3 1 14 2 13 4 5 6 1 7 9 10 11 12 3 0 8
8 1 14 2 13 4 5 6 1 7 9 10 11 12 3 8 0
14 3 0 2 13 4 5 6 1 7 9 10 11 12 3 8 14
1 3 1 2 13 4 5 6 0 7 9 10 11 12 3 8 14
7 1 1 2 13 4 5 6 7 0 9 10 11 12 3 8 14
3 1 1 2 13 4 5 6 7 3 9 10 11 12 0 8 14
8 1 1 2 13 4 5 6 7 3 9 10 11 12 8 0 14
14 1 1 2 13 4 5 6 7 3 9 10 11 12 8 14 0
9 3 1 2 13 4 5 6 7 3 0 10 11 12 8 14 9
3 1 1 2 13 4 5 6 7 0 3 10 11 12 8 14 9
8 1 1 2 13 4 5 6 7 8 3 10 11 12 0 14 9
14 1 1 2 13 4 5 6 7 8 3 10 11 12 14 0 9
9 1 1 2 13 4 5 6 7 8 3 10 11 12 14 9 0
3 3 1 2 13 4 5 6 7 8 0 10 11 12 14 9 3
9 1 1 2 13 4 5 6 7 8 9 10 11 12 14 0 3
3 1 1 2 13 4 5 6 7 8 9 10 11 12 14 3 0
10 1 1 2 13 4 5 6 7 8 9 0 11 12 14 3 10
9 1 1 2 13 4 5 6 7 8 0 9 11 12 14 3 10
3 1 1 2 13 4 5 6 7 8 3 9 11 12 14 0 10
10 1 1 2 13 4 5 6 7 8 3 9 11 12 14 10 0
3 3 1 2 13 4 5 6 7 8 0 9 11 12 14 10 3
9 1 1 2 13 4 5 6 7 8 9 0 11 12 14 10 3
3 1 1 2 13 4 5 6 7 8 9 3 11 12 14 10 0
10 1 1 2 13 4 5 6 7 8 9 3 11 12 14 0 10
14 1 1 2 13 4 5 6 7 8 9 3 11 12 0 14 10
8 1 1 2 13 4 5 6 7 0 9 3 11 12 8 14 10
9 1 1 2 13 4 5 6 7 9 0 3 11 12 8 14 10
3 1 1 2 13 4 5 6 7 9 3 0 11 12 8 14 10
10 1 1 2 13 4 5 6 7 9 3 10 11 12 8 14 0
5 2 1 2 13 4 0 6 7 9 3 10 11 12 8 14 5
3 3 1 2 13 4 3 6 7 9 0 10 11 12 8 14 5
9 1 1 2 13 4 3 6 7 0 9 10 11 12 8 14 5
13 1 1 2 0 4 3 6 7 13 9 10 11 12 8 14 5
4 1 1 2 4 0 3 6 7 13 9 10 11 12 8 14 5
3 1 1 2 4 3 0 6 7 13 9 10 11 12 8 14 5
5 2 1 2 4 3 5 6 7 13 9 10 11 12 8 14 0
9 3 1 2 4 3 5 6 7 13 0 10 11 12 8 14 9
13 1 1 2 4 3 5 6 7 0 13 10 11 12 8 14 9
8 1 1 2 4 3 5 6 7 8 13 10 11 12 0 14 9
14 1 1 2 4 3 5 6 7 8 13 10 11 12 14 0 9
9 1 1 2 4 3 5 6 7 8 13 10 11 12 14 9 0
13 3 1 2 4 3 5 6 7 8 0 10 11 12 14 9 13
9 1 1 2 4 3 5 6 7 8 9 10 11 12 14 0 13
14 1 1 2 4 3 5 6 7 8 9 10 11 12 0 14 13
8 1 1 2 4 3 5 6 7 0 9 10 11 12 8 14 13
4 1 1 2 0 3 5 6 7 4 9 10 11 12 8 14 13
3 1 1 2 3 0 5 6 7 4 9 10 11 12 8 14 13
9 1 1 2 3 9 5 6 7 4 0 10 11 12 8 14 13
4 1 1 2 3 9 5 6 7 0 4 10 11 12 8 14 13
8 1 1 2 3 9 5 6 7 8 4 10 11 12 0 14 13
14 1 1 2 3 9 5 6 7 8 4 10 11 12 14 0 13
13 1 1 2 3 9 5 6 7 8 4 10 11 12 14 13 0
4 3 1 2 3 9 5 6 7 8 0 10 11 12 14 13 4
9 1 1 2 3 0 5 6 7 8 9 10 11 12 14 13 4
3 1 1 2 0 3 5 6 7 8 9 10 11 12 14 13 4
8 1 1 2 8 3 5 6 7 0 9 10 11 12 14 13 4
14 1 1 2 8 3 5 6 7 14 9 10 11 12 0 13 4
13 1 1 2 8 3 5 6 7 14 9 10 11 12 13 0 4
4 1 1 2 8 3 5 6 7 14 9 10 11 12 13 4 0
9 3 1 2 8 3 5 6 7 14 0 10 11 12 13 4 9
14 1 1 2 8 3 5 6 7 0 14 10 11 12 13 4 9
8 1 1 2 0 3 5 6 7 8 14 10 11 12 13 4 9
3 1 1 2 3 0 5 6 7 8 14 10 11 12 13 4 9
14 1 1 2 3 14 5 6 7 8 0 10 11 12 13 4 9
4 1 1 2 3 14 5 6 7 8 4 10 11 12 13 0 9
9 1 1 2 3 14 5 6 7 8 4 10 11 12 13 9 0
4 3 1 2 3 14 5 6 7 8 0 10 11 12 13 9 4
14 1 1 2 3 0 5 6 7 8 14 10 11 12 13 9 4
5 1 1 2 3 5 0 6 7 8 14 10 11 12 13 9 4
4 2 1 2 3 5 4 6 7 8 14 10 11 12 13 9 0
14 3 1 2 3 5 4 6 7 8 0 10 11 12 13 9 14
9 1 1 2 3 5 4 6 7 8 9 10 11 12 13 0 14
14 1 1 2 3 5 4 6 7 8 9 10 11 12 13 14 0
4 2 1 2 3 5 0 6 7 8 9 10 11 12 13 14 4
5 1 1 2 3 0 5 6 7 8 9 10 11 12 13 14 4
9 1 1 2 3 9 5 6 7 8 0 10 11 12 13 14 4
10 1 1 2 3 9 5 6 7 8 10 0 11 12 13 14 4
4 1 1 2 3 9 5 6 7 8 10 4 11 12 13 14 0
10 3 1 2 3 9 5 6 7 8 0 4 11 12 13 14 10
4 1 1 2 3 9 5 6 7 8 4 0 11 12 13 14 10
10 1 1 2 3 9 5 6 7 8 4 10 11 12 13 14 0
5 2 1 2 3 9 0 6 7 8 4 10 11 12 13 14 5
4 3 1 2 3 9 4 6 7 8 0 10 11 12 13 14 5
9 1 1 2 3 0 4 6 7 8 9 10 11 12 13 14 5
4 1 1 2 3 4 0 6 7 8 9 10 11 12 13 14 5
5 2 1 2 3 4 5 6 7 8 9 10 11 12 13 14 0
365 1.34