0 0 3 8 9 11 4 5 0 13 6 7 14 1 12 10 2
5 1 3 8 9 11 4 0 5 13 6 7 14 1 12 10 2
14 1 3 8 9 11 4 14 5 13 6 7 0 1 12 10 2
3 2 0 8 9 11 4 14 5 13 6 7 3 1 12 10 2
2 3 2 8 9 11 4 14 5 13 6 7 3 1 12 10 0
6 3 2 8 9 11 4 14 5 13 0 7 3 1 12 10 6
11 1 2 8 9 0 4 14 5 13 11 7 3 1 12 10 6
4 1 2 8 9 4 0 14 5 13 11 7 3 1 12 10 6
6 2 2 8 9 4 6 14 5 13 11 7 3 1 12 10 0
2 3 0 8 9 4 6 14 5 13 11 7 3 1 12 10 2
6 2 6 8 9 4 0 14 5 13 11 7 3 1 12 10 2
2 2 6 8 9 4 2 14 5 13 11 7 3 1 12 10 0
10 1 6 8 9 4 2 14 5 13 11 7 3 1 12 0 10
12 1 6 8 9 4 2 14 5 13 11 7 3 1 0 12 10
13 1 6 8 9 4 2 14 5 0 11 7 3 1 13 12 10
9 1 6 8 0 4 2 14 5 9 11 7 3 1 13 12 10
4 1 6 8 4 0 2 14 5 9 11 7 3 1 13 12 10
2 1 6 8 4 2 0 14 5 9 11 7 3 1 13 12 10
10 2 6 8 4 2 10 14 5 9 11 7 3 1 13 12 0
6 3 0 8 4 2 10 14 5 9 11 7 3 1 13 12 6
10 2 10 8 4 2 0 14 5 9 11 7 3 1 13 12 6
6 2 10 8 4 2 6 14 5 9 11 7 3 1 13 12 0
7 1 10 8 4 2 6 14 5 9 11 0 3 1 13 12 7
6 1 10 8 4 2 0 14 5 9 11 6 3 1 13 12 7
2 1 10 8 4 0 2 14 5 9 11 6 3 1 13 12 7
4 1 10 8 0 4 2 14 5 9 11 6 3 1 13 12 7
8 1 10 0 8 4 2 14 5 9 11 6 3 1 13 12 7
10 1 0 10 8 4 2 14 5 9 11 6 3 1 13 12 7
7 3 7 10 8 4 2 14 5 9 11 6 3 1 13 12 0
2 2 7 10 8 4 0 14 5 9 11 6 3 1 13 12 2
7 2 0 10 8 4 7 14 5 9 11 6 3 1 13 12 2
2 3 2 10 8 4 7 14 5 9 11 6 3 1 13 12 0
6 1 2 10 8 4 7 14 5 9 11 0 3 1 13 12 6
7 1 2 10 8 4 0 14 5 9 11 7 3 1 13 12 6
6 2 2 10 8 4 6 14 5 9 11 7 3 1 13 12 0
2 3 0 10 8 4 6 14 5 9 11 7 3 1 13 12 2
6 2 6 10 8 4 0 14 5 9 11 7 3 1 13 12 2
2 2 6 10 8 4 2 14 5 9 11 7 3 1 13 12 0
7 1 6 10 8 4 2 14 5 9 11 0 3 1 13 12 7
2 1 6 10 8 4 0 14 5 9 11 2 3 1 13 12 7
7 2 6 10 8 4 7 14 5 9 11 2 3 1 13 12 0
6 3 0 10 8 4 7 14 5 9 11 2 3 1 13 12 6
7 2 7 10 8 4 0 14 5 9 11 2 3 1 13 12 6
4 1 7 10 8 0 4 14 5 9 11 2 3 1 13 12 6
8 1 7 10 0 8 4 14 5 9 11 2 3 1 13 12 6
10 1 7 0 10 8 4 14 5 9 11 2 3 1 13 12 6
7 1 0 7 10 8 4 14 5 9 11 2 3 1 13 12 6
4 2 4 7 10 8 0 14 5 9 11 2 3 1 13 12 6
8 1 4 7 10 0 8 14 5 9 11 2 3 1 13 12 6
10 1 4 7 0 10 8 14 5 9 11 2 3 1 13 12 6
7 1 4 0 7 10 8 14 5 9 11 2 3 1 13 12 6
4 1 0 4 7 10 8 14 5 9 11 2 3 1 13 12 6
6 3 6 4 7 10 8 14 5 9 11 2 3 1 13 12 0
8 2 6 4 7 10 0 14 5 9 11 2 3 1 13 12 8
6 2 0 4 7 10 6 14 5 9 11 2 3 1 13 12 8
14 1 14 4 7 10 6 0 5 9 11 2 3 1 13 12 8
3 1 14 4 7 10 6 3 5 9 11 2 0 1 13 12 8
8 2 14 4 7 10 6 3 5 9 11 2 8 1 13 12 0
14 3 0 4 7 10 6 3 5 9 11 2 8 1 13 12 14
8 2 8 4 7 10 6 3 5 9 11 2 0 1 13 12 14
3 1 8 4 7 10 6 0 5 9 11 2 3 1 13 12 14
5 1 8 4 7 10 6 5 0 9 11 2 3 1 13 12 14
9 1 8 4 7 10 6 5 9 0 11 2 3 1 13 12 14
13 1 8 4 7 10 6 5 9 13 11 2 3 1 0 12 14
1 1 8 4 7 10 6 5 9 13 11 2 3 0 1 12 14
9 1 8 4 7 10 6 5 0 13 11 2 3 9 1 12 14
5 1 8 4 7 10 6 0 5 13 11 2 3 9 1 12 14
3 1 8 4 7 10 6 3 5 13 11 2 0 9 1 12 14
14 2 8 4 7 10 6 3 5 13 11 2 14 9 1 12 0
8 3 0 4 7 10 6 3 5 13 11 2 14 9 1 12 8
14 2 14 4 7 10 6 3 5 13 11 2 0 9 1 12 8
3 1 14 4 7 10 6 0 5 13 11 2 3 9 1 12 8
5 1 14 4 7 10 6 5 0 13 11 2 3 9 1 12 8
13 1 14 4 7 10 6 5 13 0 11 2 3 9 1 12 8
1 1 14 4 7 10 6 5 13 1 11 2 3 9 0 12 8
9 1 14 4 7 10 6 5 13 1 11 2 3 0 9 12 8
13 1 14 4 7 10 6 5 0 1 11 2 3 13 9 12 8
5 1 14 4 7 10 6 0 5 1 11 2 3 13 9 12 8
3 1 14 4 7 10 6 3 5 1 11 2 0 13 9 12 8
8 2 14 4 7 10 6 3 5 1 11 2 8 13 9 12 0
14 3 0 4 7 10 6 3 5 1 11 2 8 13 9 12 14
8 2 8 4 7 10 6 3 5 1 11 2 0 13 9 12 14
6 3 8 4 7 10 0 3 5 1 11 2 6 13 9 12 14
2 1 8 4 7 10 2 3 5 1 11 0 6 13 9 12 14
14 1 8 4 7 10 2 3 5 1 11 14 6 13 9 12 0
2 2 8 4 7 10 0 3 5 1 11 14 6 13 9 12 2
6 3 8 4 7 10 6 3 5 1 11 14 0 13 9 12 2
2 2 8 4 7 10 6 3 5 1 11 14 2 13 9 12 0
8 3 0 4 7 10 6 3 5 1 11 14 2 13 9 12 8
3 1 3 4 7 10 6 0 5 1 11 14 2 13 9 12 8
2 1 3 4 7 10 6 2 5 1 11 14 0 13 9 12 8
3 2 0 4 7 10 6 2 5 1 11 14 3 13 9 12 8
6 2 6 4 7 10 0 2 5 1 11 14 3 13 9 12 8
3 3 6 4 7 10 3 2 5 1 11 14 0 13 9 12 8
6 2 0 4 7 10 3 2 5 1 11 14 6 13 9 12 8
5 3 5 4 7 10 3 2 0 1 11 14 6 13 9 12 8
13 1 5 4 7 10 3 2 13 1 11 14 6 0 9 12 8
6 1 5 4 7 10 3 2 13 1 11 14 0 6 9 12 8
3 3 5 4 7 10 0 2 13 1 11 14 3 6 9 12 8
5 2 0 4 7 10 5 2 13 1 11 14 3 6 9 12 8
13 3 13 4 7 10 5 2 0 1 11 14 3 6 9 12 8
1 1 13 4 7 10 5 2 1 0 11 14 3 6 9 12 8
7 1 13 4 0 10 5 2 1 7 11 14 3 6 9 12 8
10 1 13 4 10 0 5 2 1 7 11 14 3 6 9 12 8
5 1 13 4 10 5 0 2 1 7 11 14 3 6 9 12 8
13 2 0 4 10 5 13 2 1 7 11 14 3 6 9 12 8
1 3 1 4 10 5 13 2 0 7 11 14 3 6 9 12 8
7 1 1 4 10 5 13 2 7 0 11 14 3 6 9 12 8
10 1 1 4 0 5 13 2 7 10 11 14 3 6 9 12 8
5 1 1 4 5 0 13 2 7 10 11 14 3 6 9 12 8
11 1 1 4 5 11 13 2 7 10 0 14 3 6 9 12 8
10 1 1 4 5 11 13 2 7 0 10 14 3 6 9 12 8
5 1 1 4 0 11 13 2 7 5 10 14 3 6 9 12 8
11 1 1 4 11 0 13 2 7 5 10 14 3 6 9 12 8
10 1 1 4 11 10 13 2 7 5 0 14 3 6 9 12 8
5 1 1 4 11 10 13 2 7 0 5 14 3 6 9 12 8
11 1 1 4 0 10 13 2 7 11 5 14 3 6 9 12 8
4 1 1 0 4 10 13 2 7 11 5 14 3 6 9 12 8
7 1 1 7 4 10 13 2 0 11 5 14 3 6 9 12 8
11 1 1 7 4 10 13 2 11 0 5 14 3 6 9 12 8
4 1 1 7 0 10 13 2 11 4 5 14 3 6 9 12 8
7 1 1 0 7 10 13 2 11 4 5 14 3 6 9 12 8
11 1 1 11 7 10 13 2 0 4 5 14 3 6 9 12 8
4 1 1 11 7 10 13 2 4 0 5 14 3 6 9 12 8
5 1 1 11 7 10 13 2 4 5 0 14 3 6 9 12 8
14 1 1 11 7 10 13 2 4 5 14 0 3 6 9 12 8
8 1 1 11 7 10 13 2 4 5 14 8 3 6 9 12 0
14 3 1 11 7 10 13 2 4 5 0 8 3 6 9 12 14
8 1 1 11 7 10 13 2 4 5 8 0 3 6 9 12 14
14 1 1 11 7 10 13 2 4 5 8 14 3 6 9 12 0
1 3 0 11 7 10 13 2 4 5 8 14 3 6 9 12 1
4 3 4 11 7 10 13 2 0 5 8 14 3 6 9 12 1
5 1 4 11 7 10 13 2 5 0 8 14 3 6 9 12 1
8 1 4 11 7 10 13 2 5 8 0 14 3 6 9 12 1
14 1 4 11 7 10 13 2 5 8 14 0 3 6 9 12 1
1 1 4 11 7 10 13 2 5 8 14 1 3 6 9 12 0
14 3 4 11 7 10 13 2 5 8 0 1 3 6 9 12 14
1 1 4 11 7 10 13 2 5 8 1 0 3 6 9 12 14
14 1 4 11 7 10 13 2 5 8 1 14 3 6 9 12 0
4 3 0 11 7 10 13 2 5 8 1 14 3 6 9 12 4
5 3 5 11 7 10 13 2 0 8 1 14 3 6 9 12 4
11 1 5 0 7 10 13 2 11 8 1 14 3 6 9 12 4
5 1 0 5 7 10 13 2 11 8 1 14 3 6 9 12 4
4 3 4 5 7 10 13 2 11 8 1 14 3 6 9 12 0
3 2 4 5 7 10 13 2 11 8 1 14 0 6 9 12 3
11 3 4 5 7 10 13 2 0 8 1 14 11 6 9 12 3
5 1 4 0 7 10 13 2 5 8 1 14 11 6 9 12 3
4 1 0 4 7 10 13 2 5 8 1 14 11 6 9 12 3
3 3 3 4 7 10 13 2 5 8 1 14 11 6 9 12 0
11 2 3 4 7 10 13 2 5 8 1 14 0 6 9 12 11
3 2 0 4 7 10 13 2 5 8 1 14 3 6 9 12 11
11 3 11 4 7 10 13 2 5 8 1 14 3 6 9 12 0
13 2 11 4 7 10 0 2 5 8 1 14 3 6 9 12 13
14 1 11 4 7 10 14 2 5 8 1 0 3 6 9 12 13
13 1 11 4 7 10 14 2 5 8 1 13 3 6 9 12 0
1 3 11 4 7 10 14 2 5 8 0 13 3 6 9 12 1
13 1 11 4 7 10 14 2 5 8 13 0 3 6 9 12 1
14 1 11 4 7 10 0 2 5 8 13 14 3 6 9 12 1
1 2 11 4 7 10 1 2 5 8 13 14 3 6 9 12 0
11 3 0 4 7 10 1 2 5 8 13 14 3 6 9 12 11
1 2 1 4 7 10 0 2 5 8 13 14 3 6 9 12 11
13 3 1 4 7 10 13 2 5 8 0 14 3 6 9 12 11
14 1 1 4 7 10 13 2 5 8 14 0 3 6 9 12 11
11 1 1 4 7 10 13 2 5 8 14 11 3 6 9 12 0
14 3 1 4 7 10 13 2 5 8 0 11 3 6 9 12 14
11 1 1 4 7 10 13 2 5 8 11 0 3 6 9 12 14
14 1 1 4 7 10 13 2 5 8 11 14 3 6 9 12 0
270 1.07