0 0 11 4 5 14 1 7 0 8 3 2 6 13 10 12 9
7 1 11 4 5 14 1 0 7 8 3 2 6 13 10 12 9
6 1 11 4 5 14 1 6 7 8 3 2 0 13 10 12 9
11 2 0 4 5 14 1 6 7 8 3 2 11 13 10 12 9
1 2 1 4 5 14 0 6 7 8 3 2 11 13 10 12 9
9 2 1 4 5 14 9 6 7 8 3 2 11 13 10 12 0
3 3 1 4 5 14 9 6 7 8 0 2 11 13 10 12 3
2 1 1 4 5 14 9 6 7 8 2 0 11 13 10 12 3
3 1 1 4 5 14 9 6 7 8 2 3 11 13 10 12 0
2 3 1 4 5 14 9 6 7 8 0 3 11 13 10 12 2
12 1 1 4 5 14 9 6 7 8 12 3 11 13 10 0 2
2 1 1 4 5 14 9 6 7 8 12 3 11 13 10 2 0
12 3 1 4 5 14 9 6 7 8 0 3 11 13 10 2 12
3 1 1 4 5 14 9 6 7 8 3 0 11 13 10 2 12
12 1 1 4 5 14 9 6 7 8 3 12 11 13 10 2 0
3 3 1 4 5 14 9 6 7 8 0 12 11 13 10 2 3
2 1 1 4 5 14 9 6 7 8 2 12 11 13 10 0 3
3 1 1 4 5 14 9 6 7 8 2 12 11 13 10 3 0
2 3 1 4 5 14 9 6 7 8 0 12 11 13 10 3 2
12 1 1 4 5 14 9 6 7 8 12 0 11 13 10 3 2
2 1 1 4 5 14 9 6 7 8 12 2 11 13 10 3 0
12 3 1 4 5 14 9 6 7 8 0 2 11 13 10 3 12
14 1 1 4 5 0 9 6 7 8 14 2 11 13 10 3 12
9 1 1 4 5 9 0 6 7 8 14 2 11 13 10 3 12
12 2 1 4 5 9 12 6 7 8 14 2 11 13 10 3 0
14 3 1 4 5 9 12 6 7 8 0 2 11 13 10 3 14
9 1 1 4 5 0 12 6 7 8 9 2 11 13 10 3 14
12 1 1 4 5 12 0 6 7 8 9 2 11 13 10 3 14
14 2 1 4 5 12 14 6 7 8 9 2 11 13 10 3 0
3 1 1 4 5 12 14 6 7 8 9 2 11 13 10 0 3
10 1 1 4 5 12 14 6 7 8 9 2 11 13 0 10 3
13 1 1 4 5 12 14 6 7 8 9 2 11 0 13 10 3
11 1 1 4 5 12 14 6 7 8 9 2 0 11 13 10 3
3 2 1 4 5 12 14 6 7 8 9 2 3 11 13 10 0
14 2 1 4 5 12 0 6 7 8 9 2 3 11 13 10 14
3 3 1 4 5 12 3 6 7 8 9 2 0 11 13 10 14
11 1 1 4 5 12 3 6 7 8 9 2 11 0 13 10 14
13 1 1 4 5 12 3 6 7 8 9 2 11 13 0 10 14
10 1 1 4 5 12 3 6 7 8 9 2 11 13 10 0 14
14 1 1 4 5 12 3 6 7 8 9 2 11 13 10 14 0
2 1 1 4 5 12 3 6 7 8 9 0 11 13 10 14 2
9 1 1 4 5 12 3 6 7 8 0 9 11 13 10 14 2
12 1 1 4 5 0 3 6 7 8 12 9 11 13 10 14 2
3 1 1 4 5 3 0 6 7 8 12 9 11 13 10 14 2
2 2 1 4 5 3 2 6 7 8 12 9 11 13 10 14 0
12 3 1 4 5 3 2 6 7 8 0 9 11 13 10 14 12
9 1 1 4 5 3 2 6 7 8 9 0 11 13 10 14 12
2 1 1 4 5 3 0 6 7 8 9 2 11 13 10 14 12
3 1 1 4 5 0 3 6 7 8 9 2 11 13 10 14 12
5 1 1 4 0 5 3 6 7 8 9 2 11 13 10 14 12
4 1 1 0 4 5 3 6 7 8 9 2 11 13 10 14 12
1 1 0 1 4 5 3 6 7 8 9 2 11 13 10 14 12
12 3 12 1 4 5 3 6 7 8 9 2 11 13 10 14 0
3 2 12 1 4 5 0 6 7 8 9 2 11 13 10 14 3
5 1 12 1 4 0 5 6 7 8 9 2 11 13 10 14 3
4 1 12 1 0 4 5 6 7 8 9 2 11 13 10 14 3
1 1 12 0 1 4 5 6 7 8 9 2 11 13 10 14 3
12 1 0 12 1 4 5 6 7 8 9 2 11 13 10 14 3
3 3 3 12 1 4 5 6 7 8 9 2 11 13 10 14 0
2 1 3 12 1 4 5 6 7 8 9 0 11 13 10 14 2
5 1 3 12 1 4 0 6 7 8 9 5 11 13 10 14 2
2 2 3 12 1 4 2 6 7 8 9 5 11 13 10 14 0
3 3 0 12 1 4 2 6 7 8 9 5 11 13 10 14 3
2 2 2 12 1 4 0 6 7 8 9 5 11 13 10 14 3
5 1 2 12 1 4 5 6 7 8 9 0 11 13 10 14 3
3 1 2 12 1 4 5 6 7 8 9 3 11 13 10 14 0
14 1 2 12 1 4 5 6 7 8 9 3 11 13 10 0 14
10 1 2 12 1 4 5 6 7 8 9 3 11 13 0 10 14
13 1 2 12 1 4 5 6 7 8 9 3 11 0 13 10 14
7 1 2 12 1 4 5 6 0 8 9 3 11 7 13 10 14
12 1 2 0 1 4 5 6 12 8 9 3 11 7 13 10 14
2 1 0 2 1 4 5 6 12 8 9 3 11 7 13 10 14
12 3 12 2 1 4 5 6 0 8 9 3 11 7 13 10 14
7 1 12 2 1 4 5 6 7 8 9 3 11 0 13 10 14
13 1 12 2 1 4 5 6 7 8 9 3 11 13 0 10 14
10 1 12 2 1 4 5 6 7 8 9 3 11 13 10 0 14
14 1 12 2 1 4 5 6 7 8 9 3 11 13 10 14 0
5 2 12 2 1 4 0 6 7 8 9 3 11 13 10 14 5
12 2 0 2 1 4 12 6 7 8 9 3 11 13 10 14 5
5 3 5 2 1 4 12 6 7 8 9 3 11 13 10 14 0
3 1 5 2 1 4 12 6 7 8 9 0 11 13 10 14 3
12 1 5 2 1 4 0 6 7 8 9 12 11 13 10 14 3
5 2 0 2 1 4 5 6 7 8 9 12 11 13 10 14 3
7 3 7 2 1 4 5 6 0 8 9 12 11 13 10 14 3
13 1 7 2 1 4 5 6 13 8 9 12 11 0 10 14 3
10 1 7 2 1 4 5 6 13 8 9 12 11 10 0 14 3
14 1 7 2 1 4 5 6 13 8 9 12 11 10 14 0 3
3 1 7 2 1 4 5 6 13 8 9 12 11 10 14 3 0
7 3 0 2 1 4 5 6 13 8 9 12 11 10 14 3 7
13 3 13 2 1 4 5 6 0 8 9 12 11 10 14 3 7
10 1 13 2 1 4 5 6 10 8 9 12 11 0 14 3 7
14 1 13 2 1 4 5 6 10 8 9 12 11 14 0 3 7
3 1 13 2 1 4 5 6 10 8 9 12 11 14 3 0 7
7 1 13 2 1 4 5 6 10 8 9 12 11 14 3 7 0
13 3 0 2 1 4 5 6 10 8 9 12 11 14 3 7 13
10 3 10 2 1 4 5 6 0 8 9 12 11 14 3 7 13
14 1 10 2 1 4 5 6 14 8 9 12 11 0 3 7 13
3 1 10 2 1 4 5 6 14 8 9 12 11 3 0 7 13
7 1 10 2 1 4 5 6 14 8 9 12 11 3 7 0 13
13 1 10 2 1 4 5 6 14 8 9 12 11 3 7 13 0
10 3 0 2 1 4 5 6 14 8 9 12 11 3 7 13 10
14 3 14 2 1 4 5 6 0 8 9 12 11 3 7 13 10
3 1 14 2 1 4 5 6 3 8 9 12 11 0 7 13 10
7 1 14 2 1 4 5 6 3 8 9 12 11 7 0 13 10
13 1 14 2 1 4 5 6 3 8 9 12 11 7 13 0 10
10 1 14 2 1 4 5 6 3 8 9 12 11 7 13 10 0
12 1 14 2 1 4 5 6 3 8 9 0 11 7 13 10 12
9 1 14 2 1 4 5 6 3 8 0 9 11 7 13 10 12
10 1 14 2 1 4 5 6 3 8 10 9 11 7 13 0 12
12 1 14 2 1 4 5 6 3 8 10 9 11 7 13 12 0
10 3 14 2 1 4 5 6 3 8 0 9 11 7 13 12 10
9 1 14 2 1 4 5 6 3 8 9 0 11 7 13 12 10
10 1 14 2 1 4 5 6 3 8 9 10 11 7 13 12 0
14 3 0 2 1 4 5 6 3 8 9 10 11 7 13 12 14
3 3 3 2 1 4 5 6 0 8 9 10 11 7 13 12 14
7 1 3 2 1 4 5 6 7 8 9 10 11 0 13 12 14
13 1 3 2 1 4 5 6 7 8 9 10 11 13 0 12 14
12 1 3 2 1 4 5 6 7 8 9 10 11 13 12 0 14
14 1 3 2 1 4 5 6 7 8 9 10 11 13 12 14 0
3 3 0 2 1 4 5 6 7 8 9 10 11 13 12 14 3
11 2 11 2 1 4 5 6 7 8 9 10 0 13 12 14 3
13 1 11 2 1 4 5 6 7 8 9 10 13 0 12 14 3
12 1 11 2 1 4 5 6 7 8 9 10 13 12 0 14 3
14 1 11 2 1 4 5 6 7 8 9 10 13 12 14 0 3
3 1 11 2 1 4 5 6 7 8 9 10 13 12 14 3 0
11 3 0 2 1 4 5 6 7 8 9 10 13 12 14 3 11
13 2 13 2 1 4 5 6 7 8 9 10 0 12 14 3 11
11 2 13 2 1 4 5 6 7 8 9 10 11 12 14 3 0
13 3 0 2 1 4 5 6 7 8 9 10 11 12 14 3 13
2 1 2 0 1 4 5 6 7 8 9 10 11 12 14 3 13
1 1 2 1 0 4 5 6 7 8 9 10 11 12 14 3 13
8 1 2 1 8 4 5 6 7 0 9 10 11 12 14 3 13
14 1 2 1 8 4 5 6 7 14 9 10 11 12 0 3 13
3 1 2 1 8 4 5 6 7 14 9 10 11 12 3 0 13
13 1 2 1 8 4 5 6 7 14 9 10 11 12 3 13 0
2 3 0 1 8 4 5 6 7 14 9 10 11 12 3 13 2
1 1 1 0 8 4 5 6 7 14 9 10 11 12 3 13 2
8 1 1 8 0 4 5 6 7 14 9 10 11 12 3 13 2
14 1 1 8 14 4 5 6 7 0 9 10 11 12 3 13 2
3 1 1 8 14 4 5 6 7 3 9 10 11 12 0 13 2
13 1 1 8 14 4 5 6 7 3 9 10 11 12 13 0 2
2 1 1 8 14 4 5 6 7 3 9 10 11 12 13 2 0
1 3 0 8 14 4 5 6 7 3 9 10 11 12 13 2 1
8 1 8 0 14 4 5 6 7 3 9 10 11 12 13 2 1
14 1 8 14 0 4 5 6 7 3 9 10 11 12 13 2 1
3 1 8 14 3 4 5 6 7 0 9 10 11 12 13 2 1
9 1 8 14 3 4 5 6 7 9 0 10 11 12 13 2 1
2 1 8 14 3 4 5 6 7 9 2 10 11 12 13 0 1
1 1 8 14 3 4 5 6 7 9 2 10 11 12 13 1 0
2 3 8 14 3 4 5 6 7 9 0 10 11 12 13 1 2
9 1 8 14 3 4 5 6 7 0 9 10 11 12 13 1 2
7 1 8 14 3 4 5 6 0 7 9 10 11 12 13 1 2
14 1 8 0 3 4 5 6 14 7 9 10 11 12 13 1 2
8 1 0 8 3 4 5 6 14 7 9 10 11 12 13 1 2
14 3 14 8 3 4 5 6 0 7 9 10 11 12 13 1 2
7 1 14 8 3 4 5 6 7 0 9 10 11 12 13 1 2
9 1 14 8 3 4 5 6 7 9 0 10 11 12 13 1 2
1 1 14 8 3 4 5 6 7 9 1 10 11 12 13 0 2
2 1 14 8 3 4 5 6 7 9 1 10 11 12 13 2 0
1 3 14 8 3 4 5 6 7 9 0 10 11 12 13 2 1
9 1 14 8 3 4 5 6 7 0 9 10 11 12 13 2 1
7 1 14 8 3 4 5 6 0 7 9 10 11 12 13 2 1
8 1 14 0 3 4 5 6 8 7 9 10 11 12 13 2 1
14 1 0 14 3 4 5 6 8 7 9 10 11 12 13 2 1
1 3 1 14 3 4 5 6 8 7 9 10 11 12 13 2 0
2 1 1 14 3 4 5 6 8 7 9 10 11 12 13 0 2
13 1 1 14 3 4 5 6 8 7 9 10 11 12 0 13 2
7 1 1 14 3 4 5 6 8 0 9 10 11 12 7 13 2
8 1 1 14 3 4 5 6 0 8 9 10 11 12 7 13 2
12 1 1 14 3 4 5 6 12 8 9 10 11 0 7 13 2
7 1 1 14 3 4 5 6 12 8 9 10 11 7 0 13 2
13 1 1 14 3 4 5 6 12 8 9 10 11 7 13 0 2
2 1 1 14 3 4 5 6 12 8 9 10 11 7 13 2 0
1 3 0 14 3 4 5 6 12 8 9 10 11 7 13 2 1
12 3 12 14 3 4 5 6 0 8 9 10 11 7 13 2 1
7 1 12 14 3 4 5 6 7 8 9 10 11 0 13 2 1
11 1 12 14 3 4 5 6 7 8 9 10 0 11 13 2 1
1 2 12 14 3 4 5 6 7 8 9 10 1 11 13 2 0
12 3 0 14 3 4 5 6 7 8 9 10 1 11 13 2 12
1 2 1 14 3 4 5 6 7 8 9 10 0 11 13 2 12
12 2 1 14 3 4 5 6 7 8 9 10 12 11 13 2 0
9 3 1 14 3 4 5 6 7 8 0 10 12 11 13 2 9
2 1 1 14 3 4 5 6 7 8 2 10 12 11 13 0 9
9 1 1 14 3 4 5 6 7 8 2 10 12 11 13 9 0
12 2 1 14 3 4 5 6 7 8 2 10 0 11 13 9 12
11 1 1 14 3 4 5 6 7 8 2 10 11 0 13 9 12
13 1 1 14 3 4 5 6 7 8 2 10 11 13 0 9 12
9 1 1 14 3 4 5 6 7 8 2 10 11 13 9 0 12
12 1 1 14 3 4 5 6 7 8 2 10 11 13 9 12 0
2 3 1 14 3 4 5 6 7 8 0 10 11 13 9 12 2
12 1 1 14 3 4 5 6 7 8 12 10 11 13 9 0 2
9 1 1 14 3 4 5 6 7 8 12 10 11 13 0 9 2
13 1 1 14 3 4 5 6 7 8 12 10 11 0 13 9 2
11 1 1 14 3 4 5 6 7 8 12 10 0 11 13 9 2
2 2 1 14 3 4 5 6 7 8 12 10 2 11 13 9 0
12 3 1 14 3 4 5 6 7 8 0 10 2 11 13 9 12
9 1 1 14 3 4 5 6 7 8 9 10 2 11 13 0 12
12 1 1 14 3 4 5 6 7 8 9 10 2 11 13 12 0
2 2 1 14 3 4 5 6 7 8 9 10 0 11 13 12 2
11 1 1 14 3 4 5 6 7 8 9 10 11 0 13 12 2
7 1 1 14 3 4 5 6 0 8 9 10 11 7 13 12 2
14 1 1 0 3 4 5 6 14 8 9 10 11 7 13 12 2
1 1 0 1 3 4 5 6 14 8 9 10 11 7 13 12 2
14 3 14 1 3 4 5 6 0 8 9 10 11 7 13 12 2
7 1 14 1 3 4 5 6 7 8 9 10 11 0 13 12 2
13 1 14 1 3 4 5 6 7 8 9 10 11 13 0 12 2
12 1 14 1 3 4 5 6 7 8 9 10 11 13 12 0 2
2 1 14 1 3 4 5 6 7 8 9 10 11 13 12 2 0
14 3 0 1 3 4 5 6 7 8 9 10 11 13 12 2 14
1 1 1 0 3 4 5 6 7 8 9 10 11 13 12 2 14
7 1 1 7 3 4 5 6 0 8 9 10 11 13 12 2 14
13 1 1 7 3 4 5 6 13 8 9 10 11 0 12 2 14
12 1 1 7 3 4 5 6 13 8 9 10 11 12 0 2 14
2 1 1 7 3 4 5 6 13 8 9 10 11 12 2 0 14
14 1 1 7 3 4 5 6 13 8 9 10 11 12 2 14 0
1 3 0 7 3 4 5 6 13 8 9 10 11 12 2 14 1
13 3 13 7 3 4 5 6 0 8 9 10 11 12 2 14 1
7 1 13 0 3 4 5 6 7 8 9 10 11 12 2 14 1
13 1 0 13 3 4 5 6 7 8 9 10 11 12 2 14 1
1 3 1 13 3 4 5 6 7 8 9 10 11 12 2 14 0
11 2 1 13 3 4 5 6 7 8 9 10 0 12 2 14 11
7 3 1 13 3 4 5 6 0 8 9 10 7 12 2 14 11
13 1 1 0 3 4 5 6 13 8 9 10 7 12 2 14 11
1 1 0 1 3 4 5 6 13 8 9 10 7 12 2 14 11
11 3 11 1 3 4 5 6 13 8 9 10 7 12 2 14 0
7 2 11 1 3 4 5 6 13 8 9 10 0 12 2 14 7
11 2 0 1 3 4 5 6 13 8 9 10 11 12 2 14 7
13 3 13 1 3 4 5 6 0 8 9 10 11 12 2 14 7
1 1 13 0 3 4 5 6 1 8 9 10 11 12 2 14 7
13 1 0 13 3 4 5 6 1 8 9 10 11 12 2 14 7
11 2 11 13 3 4 5 6 1 8 9 10 0 12 2 14 7
1 3 11 13 3 4 5 6 0 8 9 10 1 12 2 14 7
13 1 11 0 3 4 5 6 13 8 9 10 1 12 2 14 7
11 1 0 11 3 4 5 6 13 8 9 10 1 12 2 14 7
1 2 1 11 3 4 5 6 13 8 9 10 0 12 2 14 7
13 3 1 11 3 4 5 6 0 8 9 10 13 12 2 14 7
11 1 1 0 3 4 5 6 11 8 9 10 13 12 2 14 7
1 1 0 1 3 4 5 6 11 8 9 10 13 12 2 14 7
7 3 7 1 3 4 5 6 11 8 9 10 13 12 2 14 0
13 2 7 1 3 4 5 6 11 8 9 10 0 12 2 14 13
7 2 0 1 3 4 5 6 11 8 9 10 7 12 2 14 13
1 1 1 0 3 4 5 6 11 8 9 10 7 12 2 14 13
11 1 1 11 3 4 5 6 0 8 9 10 7 12 2 14 13
6 1 1 11 3 4 5 0 6 8 9 10 7 12 2 14 13
7 1 1 11 3 4 5 7 6 8 9 10 0 12 2 14 13
6 3 1 11 3 4 5 7 0 8 9 10 6 12 2 14 13
7 1 1 11 3 4 5 0 7 8 9 10 6 12 2 14 13
6 1 1 11 3 4 5 6 7 8 9 10 0 12 2 14 13
13 2 1 11 3 4 5 6 7 8 9 10 13 12 2 14 0
1 3 0 11 3 4 5 6 7 8 9 10 13 12 2 14 1
7 3 7 11 3 4 5 6 0 8 9 10 13 12 2 14 1
11 1 7 0 3 4 5 6 11 8 9 10 13 12 2 14 1
7 1 0 7 3 4 5 6 11 8 9 10 13 12 2 14 1
1 3 1 7 3 4 5 6 11 8 9 10 13 12 2 14 0
13 2 1 7 3 4 5 6 11 8 9 10 0 12 2 14 13
12 1 1 7 3 4 5 6 11 8 9 10 12 0 2 14 13
11 1 1 7 3 4 5 6 0 8 9 10 12 11 2 14 13
7 1 1 0 3 4 5 6 7 8 9 10 12 11 2 14 13
1 1 0 1 3 4 5 6 7 8 9 10 12 11 2 14 13
12 2 12 1 3 4 5 6 7 8 9 10 0 11 2 14 13
11 1 12 1 3 4 5 6 7 8 9 10 11 0 2 14 13
2 1 12 1 3 4 5 6 7 8 9 10 11 2 0 14 13
14 1 12 1 3 4 5 6 7 8 9 10 11 2 14 0 13
13 1 12 1 3 4 5 6 7 8 9 10 11 2 14 13 0
12 3 0 1 3 4 5 6 7 8 9 10 11 2 14 13 12
1 1 1 0 3 4 5 6 7 8 9 10 11 2 14 13 12
7 1 1 7 3 4 5 6 0 8 9 10 11 2 14 13 12
2 1 1 7 3 4 5 6 2 8 9 10 11 0 14 13 12
14 1 1 7 3 4 5 6 2 8 9 10 11 14 0 13 12
13 1 1 7 3 4 5 6 2 8 9 10 11 14 13 0 12
12 1 1 7 3 4 5 6 2 8 9 10 11 14 13 12 0
1 3 0 7 3 4 5 6 2 8 9 10 11 14 13 12 1
2 3 2 7 3 4 5 6 0 8 9 10 11 14 13 12 1
7 1 2 0 3 4 5 6 7 8 9 10 11 14 13 12 1
2 1 0 2 3 4 5 6 7 8 9 10 11 14 13 12 1
1 3 1 2 3 4 5 6 7 8 9 10 11 14 13 12 0
11 2 1 2 3 4 5 6 7 8 9 10 0 14 13 12 11
7 3 1 2 3 4 5 6 0 8 9 10 7 14 13 12 11
14 1 1 2 3 4 5 6 14 8 9 10 7 0 13 12 11
7 1 1 2 3 4 5 6 14 8 9 10 0 7 13 12 11
11 2 1 2 3 4 5 6 14 8 9 10 11 7 13 12 0
1 3 0 2 3 4 5 6 14 8 9 10 11 7 13 12 1
14 3 14 2 3 4 5 6 0 8 9 10 11 7 13 12 1
7 1 14 2 3 4 5 6 7 8 9 10 11 0 13 12 1
11 1 14 2 3 4 5 6 7 8 9 10 0 11 13 12 1
1 2 14 2 3 4 5 6 7 8 9 10 1 11 13 12 0
14 3 0 2 3 4 5 6 7 8 9 10 1 11 13 12 14
1 2 1 2 3 4 5 6 7 8 9 10 0 11 13 12 14
11 1 1 2 3 4 5 6 7 8 9 10 11 0 13 12 14
13 1 1 2 3 4 5 6 7 8 9 10 11 13 0 12 14
12 1 1 2 3 4 5 6 7 8 9 10 11 13 12 0 14
14 1 1 2 3 4 5 6 7 8 9 10 11 13 12 14 0
5 2 1 2 3 4 0 6 7 8 9 10 11 13 12 14 5
11 3 1 2 3 4 11 6 7 8 9 10 0 13 12 14 5
13 1 1 2 3 4 11 6 7 8 9 10 13 0 12 14 5
12 1 1 2 3 4 11 6 7 8 9 10 13 12 0 14 5
14 1 1 2 3 4 11 6 7 8 9 10 13 12 14 0 5
5 1 1 2 3 4 11 6 7 8 9 10 13 12 14 5 0
11 2 1 2 3 4 0 6 7 8 9 10 13 12 14 5 11
13 3 1 2 3 4 13 6 7 8 9 10 0 12 14 5 11
11 2 1 2 3 4 13 6 7 8 9 10 11 12 14 5 0
5 1 1 2 3 4 13 6 7 8 9 10 11 12 14 0 5
14 1 1 2 3 4 13 6 7 8 9 10 11 12 0 14 5
12 1 1 2 3 4 13 6 7 8 9 10 11 0 12 14 5
11 1 1 2 3 4 13 6 7 8 9 10 0 11 12 14 5
5 2 1 2 3 4 13 6 7 8 9 10 5 11 12 14 0
13 2 1 2 3 4 0 6 7 8 9 10 5 11 12 14 13
5 3 1 2 3 4 5 6 7 8 9 10 0 11 12 14 13
11 1 1 2 3 4 5 6 7 8 9 10 11 0 12 14 13
12 1 1 2 3 4 5 6 7 8 9 10 11 12 0 14 13
14 1 1 2 3 4 5 6 7 8 9 10 11 12 14 0 13
13 1 1 2 3 4 5 6 7 8 9 10 11 12 14 13 0
9 3 1 2 3 4 5 6 7 8 0 10 11 12 14 13 9
13 1 1 2 3 4 5 6 7 8 13 10 11 12 14 0 9
14 1 1 2 3 4 5 6 7 8 13 10 11 12 0 14 9
8 1 1 2 3 4 5 6 7 0 13 10 11 12 8 14 9
13 1 1 2 3 4 5 6 7 13 0 10 11 12 8 14 9
14 1 1 2 3 4 5 6 7 13 14 10 11 12 8 0 9
8 1 1 2 3 4 5 6 7 13 14 10 11 12 0 8 9
13 1 1 2 3 4 5 6 7 0 14 10 11 12 13 8 9
14 1 1 2 3 4 5 6 7 14 0 10 11 12 13 8 9
8 1 1 2 3 4 5 6 7 14 8 10 11 12 13 0 9
9 1 1 2 3 4 5 6 7 14 8 10 11 12 13 9 0
8 3 1 2 3 4 5 6 7 14 0 10 11 12 13 9 8
14 1 1 2 3 4 5 6 7 0 14 10 11 12 13 9 8
13 1 1 2 3 4 5 6 7 13 14 10 11 12 0 9 8
9 1 1 2 3 4 5 6 7 13 14 10 11 12 9 0 8
14 1 1 2 3 4 5 6 7 13 0 10 11 12 9 14 8
13 1 1 2 3 4 5 6 7 0 13 10 11 12 9 14 8
9 1 1 2 3 4 5 6 7 9 13 10 11 12 0 14 8
14 1 1 2 3 4 5 6 7 9 13 10 11 12 14 0 8
8 1 1 2 3 4 5 6 7 9 13 10 11 12 14 8 0
13 3 1 2 3 4 5 6 7 9 0 10 11 12 14 8 13
9 1 1 2 3 4 5 6 7 0 9 10 11 12 14 8 13
14 1 1 2 3 4 5 6 7 14 9 10 11 12 0 8 13
8 1 1 2 3 4 5 6 7 14 9 10 11 12 8 0 13
13 1 1 2 3 4 5 6 7 14 9 10 11 12 8 13 0
9 3 1 2 3 4 5 6 7 14 0 10 11 12 8 13 9
14 1 1 2 3 4 5 6 7 0 14 10 11 12 8 13 9
8 1 1 2 3 4 5 6 7 8 14 10 11 12 0 13 9
13 1 1 2 3 4 5 6 7 8 14 10 11 12 13 0 9
14 1 1 2 3 4 5 6 7 8 0 10 11 12 13 14 9
10 1 1 2 3 4 5 6 7 8 10 0 11 12 13 14 9
9 1 1 2 3 4 5 6 7 8 10 9 11 12 13 14 0
10 3 1 2 3 4 5 6 7 8 0 9 11 12 13 14 10
9 1 1 2 3 4 5 6 7 8 9 0 11 12 13 14 10
10 1 1 2 3 4 5 6 7 8 9 10 11 12 13 14 0
528 8.47