0 0 11 10 1 0 4 7 13 9 12 6 2 5 8 14 3
4 1 11 10 1 4 0 7 13 9 12 6 2 5 8 14 3
3 2 11 10 1 4 3 7 13 9 12 6 2 5 8 14 0
12 3 11 10 1 4 3 7 13 9 0 6 2 5 8 14 12
9 1 11 10 1 4 3 7 13 0 9 6 2 5 8 14 12
8 1 11 10 1 4 3 7 13 8 9 6 2 5 0 14 12
5 1 11 10 1 4 3 7 13 8 9 6 2 0 5 14 12
2 1 11 10 1 4 3 7 13 8 9 6 0 2 5 14 12
11 2 0 10 1 4 3 7 13 8 9 6 11 2 5 14 12
12 3 12 10 1 4 3 7 13 8 9 6 11 2 5 14 0
3 2 12 10 1 4 0 7 13 8 9 6 11 2 5 14 3
12 2 0 10 1 4 12 7 13 8 9 6 11 2 5 14 3
3 3 3 10 1 4 12 7 13 8 9 6 11 2 5 14 0
6 1 3 10 1 4 12 7 13 8 9 0 11 2 5 14 6
12 1 3 10 1 4 0 7 13 8 9 12 11 2 5 14 6
6 2 3 10 1 4 6 7 13 8 9 12 11 2 5 14 0
3 3 0 10 1 4 6 7 13 8 9 12 11 2 5 14 3
13 3 13 10 1 4 6 7 0 8 9 12 11 2 5 14 3
7 1 13 10 1 4 6 0 7 8 9 12 11 2 5 14 3
11 1 13 10 1 4 6 11 7 8 9 12 0 2 5 14 3
3 2 13 10 1 4 6 11 7 8 9 12 3 2 5 14 0
13 3 0 10 1 4 6 11 7 8 9 12 3 2 5 14 13
3 2 3 10 1 4 6 11 7 8 9 12 0 2 5 14 13
11 1 3 10 1 4 6 0 7 8 9 12 11 2 5 14 13
7 1 3 10 1 4 6 7 0 8 9 12 11 2 5 14 13
10 1 3 0 1 4 6 7 10 8 9 12 11 2 5 14 13
3 1 0 3 1 4 6 7 10 8 9 12 11 2 5 14 13
13 3 13 3 1 4 6 7 10 8 9 12 11 2 5 14 0
6 2 13 3 1 4 0 7 10 8 9 12 11 2 5 14 6
13 2 0 3 1 4 13 7 10 8 9 12 11 2 5 14 6
6 3 6 3 1 4 13 7 10 8 9 12 11 2 5 14 0
12 1 6 3 1 4 13 7 10 8 9 0 11 2 5 14 12
13 1 6 3 1 4 0 7 10 8 9 13 11 2 5 14 12
12 2 6 3 1 4 12 7 10 8 9 13 11 2 5 14 0
6 3 0 3 1 4 12 7 10 8 9 13 11 2 5 14 6
10 3 10 3 1 4 12 7 0 8 9 13 11 2 5 14 6
7 1 10 3 1 4 12 0 7 8 9 13 11 2 5 14 6
11 1 10 3 1 4 12 11 7 8 9 13 0 2 5 14 6
6 2 10 3 1 4 12 11 7 8 9 13 6 2 5 14 0
10 3 0 3 1 4 12 11 7 8 9 13 6 2 5 14 10
6 2 6 3 1 4 12 11 7 8 9 13 0 2 5 14 10
11 1 6 3 1 4 12 0 7 8 9 13 11 2 5 14 10
7 1 6 3 1 4 12 7 0 8 9 13 11 2 5 14 10
3 1 6 0 1 4 12 7 3 8 9 13 11 2 5 14 10
6 1 0 6 1 4 12 7 3 8 9 13 11 2 5 14 10
10 3 10 6 1 4 12 7 3 8 9 13 11 2 5 14 0
12 2 10 6 1 4 0 7 3 8 9 13 11 2 5 14 12
10 2 0 6 1 4 10 7 3 8 9 13 11 2 5 14 12
12 3 12 6 1 4 10 7 3 8 9 13 11 2 5 14 0
13 1 12 6 1 4 10 7 3 8 9 0 11 2 5 14 13
10 1 12 6 1 4 0 7 3 8 9 10 11 2 5 14 13
13 2 12 6 1 4 13 7 3 8 9 10 11 2 5 14 0
12 3 0 6 1 4 13 7 3 8 9 10 11 2 5 14 12
3 3 3 6 1 4 13 7 0 8 9 10 11 2 5 14 12
7 1 3 6 1 4 13 0 7 8 9 10 11 2 5 14 12
11 1 3 6 1 4 13 11 7 8 9 10 0 2 5 14 12
12 2 3 6 1 4 13 11 7 8 9 10 12 2 5 14 0
3 3 0 6 1 4 13 11 7 8 9 10 12 2 5 14 3
12 2 12 6 1 4 13 11 7 8 9 10 0 2 5 14 3
13 3 12 6 1 4 0 11 7 8 9 10 13 2 5 14 3
3 2 12 6 1 4 3 11 7 8 9 10 13 2 5 14 0
12 3 0 6 1 4 3 11 7 8 9 10 13 2 5 14 12
11 1 11 6 1 4 3 0 7 8 9 10 13 2 5 14 12
13 1 11 6 1 4 3 13 7 8 9 10 0 2 5 14 12
11 2 0 6 1 4 3 13 7 8 9 10 11 2 5 14 12
3 2 3 6 1 4 0 13 7 8 9 10 11 2 5 14 12
4 1 3 6 1 0 4 13 7 8 9 10 11 2 5 14 12
1 1 3 6 0 1 4 13 7 8 9 10 11 2 5 14 12
6 1 3 0 6 1 4 13 7 8 9 10 11 2 5 14 12
3 1 0 3 6 1 4 13 7 8 9 10 11 2 5 14 12
12 3 12 3 6 1 4 13 7 8 9 10 11 2 5 14 0
4 2 12 3 6 1 0 13 7 8 9 10 11 2 5 14 4
12 2 0 3 6 1 12 13 7 8 9 10 11 2 5 14 4
3 1 3 0 6 1 12 13 7 8 9 10 11 2 5 14 4
6 1 3 6 0 1 12 13 7 8 9 10 11 2 5 14 4
1 1 3 6 1 0 12 13 7 8 9 10 11 2 5 14 4
12 1 3 6 1 12 0 13 7 8 9 10 11 2 5 14 4
4 2 3 6 1 12 4 13 7 8 9 10 11 2 5 14 0
3 3 0 6 1 12 4 13 7 8 9 10 11 2 5 14 3
4 2 4 6 1 12 0 13 7 8 9 10 11 2 5 14 3
12 1 4 6 1 0 12 13 7 8 9 10 11 2 5 14 3
1 1 4 6 0 1 12 13 7 8 9 10 11 2 5 14 3
6 1 4 0 6 1 12 13 7 8 9 10 11 2 5 14 3
4 1 0 4 6 1 12 13 7 8 9 10 11 2 5 14 3
3 3 3 4 6 1 12 13 7 8 9 10 11 2 5 14 0
12 2 3 4 6 1 0 13 7 8 9 10 11 2 5 14 12
3 2 0 4 6 1 3 13 7 8 9 10 11 2 5 14 12
4 1 4 0 6 1 3 13 7 8 9 10 11 2 5 14 12
6 1 4 6 0 1 3 13 7 8 9 10 11 2 5 14 12
1 1 4 6 1 0 3 13 7 8 9 10 11 2 5 14 12
3 1 4 6 1 3 0 13 7 8 9 10 11 2 5 14 12
12 2 4 6 1 3 12 13 7 8 9 10 11 2 5 14 0
4 3 0 6 1 3 12 13 7 8 9 10 11 2 5 14 4
12 2 12 6 1 3 0 13 7 8 9 10 11 2 5 14 4
3 1 12 6 1 0 3 13 7 8 9 10 11 2 5 14 4
1 1 12 6 0 1 3 13 7 8 9 10 11 2 5 14 4
6 1 12 0 6 1 3 13 7 8 9 10 11 2 5 14 4
12 1 0 12 6 1 3 13 7 8 9 10 11 2 5 14 4
4 3 4 12 6 1 3 13 7 8 9 10 11 2 5 14 0
3 2 4 12 6 1 0 13 7 8 9 10 11 2 5 14 3
1 1 4 12 6 0 1 13 7 8 9 10 11 2 5 14 3
6 1 4 12 0 6 1 13 7 8 9 10 11 2 5 14 3
12 1 4 0 12 6 1 13 7 8 9 10 11 2 5 14 3
4 1 0 4 12 6 1 13 7 8 9 10 11 2 5 14 3
3 3 3 4 12 6 1 13 7 8 9 10 11 2 5 14 0
1 2 3 4 12 6 0 13 7 8 9 10 11 2 5 14 1
6 1 3 4 12 0 6 13 7 8 9 10 11 2 5 14 1
12 1 3 4 0 12 6 13 7 8 9 10 11 2 5 14 1
4 1 3 0 4 12 6 13 7 8 9 10 11 2 5 14 1
3 1 0 3 4 12 6 13 7 8 9 10 11 2 5 14 1
1 3 1 3 4 12 6 13 7 8 9 10 11 2 5 14 0
6 2 1 3 4 12 0 13 7 8 9 10 11 2 5 14 6
12 1 1 3 4 0 12 13 7 8 9 10 11 2 5 14 6
4 1 1 3 0 4 12 13 7 8 9 10 11 2 5 14 6
3 1 1 0 3 4 12 13 7 8 9 10 11 2 5 14 6
1 1 0 1 3 4 12 13 7 8 9 10 11 2 5 14 6
6 3 6 1 3 4 12 13 7 8 9 10 11 2 5 14 0
12 2 6 1 3 4 0 13 7 8 9 10 11 2 5 14 12
6 2 0 1 3 4 6 13 7 8 9 10 11 2 5 14 12
1 1 1 0 3 4 6 13 7 8 9 10 11 2 5 14 12
7 1 1 7 3 4 6 13 0 8 9 10 11 2 5 14 12
13 1 1 7 3 4 6 0 13 8 9 10 11 2 5 14 12
11 1 1 7 3 4 6 11 13 8 9 10 0 2 5 14 12
13 3 1 7 3 4 6 11 0 8 9 10 13 2 5 14 12
7 1 1 0 3 4 6 11 7 8 9 10 13 2 5 14 12
1 1 0 1 3 4 6 11 7 8 9 10 13 2 5 14 12
12 3 12 1 3 4 6 11 7 8 9 10 13 2 5 14 0
6 2 12 1 3 4 0 11 7 8 9 10 13 2 5 14 6
13 3 12 1 3 4 13 11 7 8 9 10 0 2 5 14 6
11 1 12 1 3 4 13 0 7 8 9 10 11 2 5 14 6
7 1 12 1 3 4 13 7 0 8 9 10 11 2 5 14 6
1 1 12 0 3 4 13 7 1 8 9 10 11 2 5 14 6
12 1 0 12 3 4 13 7 1 8 9 10 11 2 5 14 6
1 3 1 12 3 4 13 7 0 8 9 10 11 2 5 14 6
7 1 1 12 3 4 13 0 7 8 9 10 11 2 5 14 6
11 1 1 12 3 4 13 11 7 8 9 10 0 2 5 14 6
7 3 1 12 3 4 13 11 0 8 9 10 7 2 5 14 6
11 1 1 12 3 4 13 0 11 8 9 10 7 2 5 14 6
7 1 1 12 3 4 13 7 11 8 9 10 0 2 5 14 6
6 2 1 12 3 4 13 7 11 8 9 10 6 2 5 14 0
13 2 1 12 3 4 0 7 11 8 9 10 6 2 5 14 13
6 3 1 12 3 4 6 7 11 8 9 10 0 2 5 14 13
2 1 1 12 3 4 6 7 11 8 9 10 2 0 5 14 13
11 1 1 12 3 4 6 7 0 8 9 10 2 11 5 14 13
7 1 1 12 3 4 6 0 7 8 9 10 2 11 5 14 13
2 1 1 12 3 4 6 2 7 8 9 10 0 11 5 14 13
13 2 1 12 3 4 6 2 7 8 9 10 13 11 5 14 0
14 1 1 12 3 4 6 2 7 8 9 10 13 11 5 0 14
5 1 1 12 3 4 6 2 7 8 9 10 13 11 0 5 14
11 1 1 12 3 4 6 2 7 8 9 10 13 0 11 5 14
13 1 1 12 3 4 6 2 7 8 9 10 0 13 11 5 14
14 2 1 12 3 4 6 2 7 8 9 10 14 13 11 5 0
6 2 1 12 3 4 0 2 7 8 9 10 14 13 11 5 6
14 3 1 12 3 4 14 2 7 8 9 10 0 13 11 5 6
6 2 1 12 3 4 14 2 7 8 9 10 6 13 11 5 0
5 1 1 12 3 4 14 2 7 8 9 10 6 13 11 0 5
11 1 1 12 3 4 14 2 7 8 9 10 6 13 0 11 5
13 1 1 12 3 4 14 2 7 8 9 10 6 0 13 11 5
6 1 1 12 3 4 14 2 7 8 9 10 0 6 13 11 5
5 2 1 12 3 4 14 2 7 8 9 10 5 6 13 11 0
14 2 1 12 3 4 0 2 7 8 9 10 5 6 13 11 14
5 3 1 12 3 4 5 2 7 8 9 10 0 6 13 11 14
2 1 1 12 3 4 5 0 7 8 9 10 2 6 13 11 14
7 1 1 12 3 4 5 7 0 8 9 10 2 6 13 11 14
6 1 1 12 3 4 5 7 6 8 9 10 2 0 13 11 14
2 1 1 12 3 4 5 7 6 8 9 10 0 2 13 11 14
6 3 1 12 3 4 5 7 0 8 9 10 6 2 13 11 14
7 1 1 12 3 4 5 0 7 8 9 10 6 2 13 11 14
6 1 1 12 3 4 5 6 7 8 9 10 0 2 13 11 14
2 1 1 12 3 4 5 6 7 8 9 10 2 0 13 11 14
13 1 1 12 3 4 5 6 7 8 9 10 2 13 0 11 14
11 1 1 12 3 4 5 6 7 8 9 10 2 13 11 0 14
14 1 1 12 3 4 5 6 7 8 9 10 2 13 11 14 0
2 2 1 12 3 4 5 6 7 8 9 10 0 13 11 14 2
13 1 1 12 3 4 5 6 7 8 9 10 13 0 11 14 2
11 1 1 12 3 4 5 6 7 8 9 10 13 11 0 14 2
14 1 1 12 3 4 5 6 7 8 9 10 13 11 14 0 2
2 1 1 12 3 4 5 6 7 8 9 10 13 11 14 2 0
13 2 1 12 3 4 5 6 7 8 9 10 0 11 14 2 13
11 1 1 12 3 4 5 6 7 8 9 10 11 0 14 2 13
7 1 1 12 3 4 5 6 0 8 9 10 11 7 14 2 13
12 1 1 0 3 4 5 6 12 8 9 10 11 7 14 2 13
1 1 0 1 3 4 5 6 12 8 9 10 11 7 14 2 13
13 3 13 1 3 4 5 6 12 8 9 10 11 7 14 2 0
2 1 13 1 3 4 5 6 12 8 9 10 11 7 14 0 2
14 1 13 1 3 4 5 6 12 8 9 10 11 7 0 14 2
7 1 13 1 3 4 5 6 12 8 9 10 11 0 7 14 2
12 1 13 1 3 4 5 6 0 8 9 10 11 12 7 14 2
1 1 13 0 3 4 5 6 1 8 9 10 11 12 7 14 2
13 1 0 13 3 4 5 6 1 8 9 10 11 12 7 14 2
2 3 2 13 3 4 5 6 1 8 9 10 11 12 7 14 0
11 2 2 13 3 4 5 6 1 8 9 10 0 12 7 14 11
1 3 2 13 3 4 5 6 0 8 9 10 1 12 7 14 11
13 1 2 0 3 4 5 6 13 8 9 10 1 12 7 14 11
2 1 0 2 3 4 5 6 13 8 9 10 1 12 7 14 11
1 2 1 2 3 4 5 6 13 8 9 10 0 12 7 14 11
13 3 1 2 3 4 5 6 0 8 9 10 13 12 7 14 11
12 1 1 2 3 4 5 6 12 8 9 10 13 0 7 14 11
13 1 1 2 3 4 5 6 12 8 9 10 0 13 7 14 11
11 2 1 2 3 4 5 6 12 8 9 10 11 13 7 14 0
14 1 1 2 3 4 5 6 12 8 9 10 11 13 7 0 14
7 1 1 2 3 4 5 6 12 8 9 10 11 13 0 7 14
13 1 1 2 3 4 5 6 12 8 9 10 11 0 13 7 14
12 1 1 2 3 4 5 6 0 8 9 10 11 12 13 7 14
8 1 1 2 3 4 5 6 8 0 9 10 11 12 13 7 14
9 1 1 2 3 4 5 6 8 9 0 10 11 12 13 7 14
7 1 1 2 3 4 5 6 8 9 7 10 11 12 13 0 14
14 1 1 2 3 4 5 6 8 9 7 10 11 12 13 14 0
7 3 1 2 3 4 5 6 8 9 0 10 11 12 13 14 7
9 1 1 2 3 4 5 6 8 0 9 10 11 12 13 14 7
8 1 1 2 3 4 5 6 0 8 9 10 11 12 13 14 7
2 1 1 0 3 4 5 6 2 8 9 10 11 12 13 14 7
1 1 0 1 3 4 5 6 2 8 9 10 11 12 13 14 7
2 3 2 1 3 4 5 6 0 8 9 10 11 12 13 14 7
1 1 2 0 3 4 5 6 1 8 9 10 11 12 13 14 7
2 1 0 2 3 4 5 6 1 8 9 10 11 12 13 14 7
7 3 7 2 3 4 5 6 1 8 9 10 11 12 13 14 0
11 2 7 2 3 4 5 6 1 8 9 10 0 12 13 14 11
7 2 0 2 3 4 5 6 1 8 9 10 7 12 13 14 11
1 3 1 2 3 4 5 6 0 8 9 10 7 12 13 14 11
6 1 1 2 3 4 5 0 6 8 9 10 7 12 13 14 11
7 1 1 2 3 4 5 7 6 8 9 10 0 12 13 14 11
11 2 1 2 3 4 5 7 6 8 9 10 11 12 13 14 0
1 3 0 2 3 4 5 7 6 8 9 10 11 12 13 14 1
6 3 6 2 3 4 5 7 0 8 9 10 11 12 13 14 1
7 1 6 2 3 4 5 0 7 8 9 10 11 12 13 14 1
11 1 6 2 3 4 5 11 7 8 9 10 0 12 13 14 1
1 2 6 2 3 4 5 11 7 8 9 10 1 12 13 14 0
6 3 0 2 3 4 5 11 7 8 9 10 1 12 13 14 6
11 1 11 2 3 4 5 0 7 8 9 10 1 12 13 14 6
1 1 11 2 3 4 5 1 7 8 9 10 0 12 13 14 6
6 2 11 2 3 4 5 1 7 8 9 10 6 12 13 14 0
11 3 0 2 3 4 5 1 7 8 9 10 6 12 13 14 11
1 1 1 2 3 4 5 0 7 8 9 10 6 12 13 14 11
6 1 1 2 3 4 5 6 7 8 9 10 0 12 13 14 11
11 2 1 2 3 4 5 6 7 8 9 10 11 12 13 14 0
382 2.41