0 0 5 7 2 10 6 4 1 13 8 9 12 14 11 3 0
8 3 5 7 2 10 6 4 1 13 0 9 12 14 11 3 8
9 1 5 7 2 10 6 4 1 13 9 0 12 14 11 3 8
8 1 5 7 2 10 6 4 1 13 9 8 12 14 11 3 0
9 3 5 7 2 10 6 4 1 13 0 8 12 14 11 3 9
13 1 5 7 2 10 6 4 1 0 13 8 12 14 11 3 9
1 1 5 7 2 10 6 4 0 1 13 8 12 14 11 3 9
4 1 5 7 2 10 6 0 4 1 13 8 12 14 11 3 9
12 1 5 7 2 10 6 12 4 1 13 8 0 14 11 3 9
9 2 5 7 2 10 6 12 4 1 13 8 9 14 11 3 0
13 3 5 7 2 10 6 12 4 1 0 8 9 14 11 3 13
8 1 5 7 2 10 6 12 4 1 8 0 9 14 11 3 13
13 1 5 7 2 10 6 12 4 1 8 13 9 14 11 3 0
8 3 5 7 2 10 6 12 4 1 0 13 9 14 11 3 8
1 1 5 7 2 10 6 12 4 0 1 13 9 14 11 3 8
4 1 5 7 2 10 6 12 0 4 1 13 9 14 11 3 8
12 1 5 7 2 10 6 0 12 4 1 13 9 14 11 3 8
9 1 5 7 2 10 6 9 12 4 1 13 0 14 11 3 8
8 2 5 7 2 10 6 9 12 4 1 13 8 14 11 3 0
1 3 5 7 2 10 6 9 12 4 0 13 8 14 11 3 1
13 1 5 7 2 10 6 9 12 4 13 0 8 14 11 3 1
1 1 5 7 2 10 6 9 12 4 13 1 8 14 11 3 0
13 3 5 7 2 10 6 9 12 4 0 1 8 14 11 3 13
4 1 5 7 2 10 6 9 12 0 4 1 8 14 11 3 13
12 1 5 7 2 10 6 9 0 12 4 1 8 14 11 3 13
9 1 5 7 2 10 6 0 9 12 4 1 8 14 11 3 13
8 1 5 7 2 10 6 8 9 12 4 1 0 14 11 3 13
13 2 5 7 2 10 6 8 9 12 4 1 13 14 11 3 0
4 3 5 7 2 10 6 8 9 12 0 1 13 14 11 3 4
1 1 5 7 2 10 6 8 9 12 1 0 13 14 11 3 4
4 1 5 7 2 10 6 8 9 12 1 4 13 14 11 3 0
1 3 5 7 2 10 6 8 9 12 0 4 13 14 11 3 1
12 1 5 7 2 10 6 8 9 0 12 4 13 14 11 3 1
9 1 5 7 2 10 6 8 0 9 12 4 13 14 11 3 1
8 1 5 7 2 10 6 0 8 9 12 4 13 14 11 3 1
13 1 5 7 2 10 6 13 8 9 12 4 0 14 11 3 1
1 2 5 7 2 10 6 13 8 9 12 4 1 14 11 3 0
12 3 5 7 2 10 6 13 8 9 0 4 1 14 11 3 12
4 1 5 7 2 10 6 13 8 9 4 0 1 14 11 3 12
12 1 5 7 2 10 6 13 8 9 4 12 1 14 11 3 0
4 3 5 7 2 10 6 13 8 9 0 12 1 14 11 3 4
9 1 5 7 2 10 6 13 8 0 9 12 1 14 11 3 4
8 1 5 7 2 10 6 13 0 8 9 12 1 14 11 3 4
7 1 5 0 2 10 6 13 7 8 9 12 1 14 11 3 4
2 1 5 2 0 10 6 13 7 8 9 12 1 14 11 3 4
10 1 5 2 10 0 6 13 7 8 9 12 1 14 11 3 4
6 1 5 2 10 6 0 13 7 8 9 12 1 14 11 3 4
5 2 0 2 10 6 5 13 7 8 9 12 1 14 11 3 4
1 2 1 2 10 6 5 13 7 8 9 12 0 14 11 3 4
4 2 1 2 10 6 5 13 7 8 9 12 4 14 11 3 0
3 1 1 2 10 6 5 13 7 8 9 12 4 14 11 0 3
11 1 1 2 10 6 5 13 7 8 9 12 4 14 0 11 3
14 1 1 2 10 6 5 13 7 8 9 12 4 0 14 11 3
4 1 1 2 10 6 5 13 7 8 9 12 0 4 14 11 3
3 2 1 2 10 6 5 13 7 8 9 12 3 4 14 11 0
11 1 1 2 10 6 5 13 7 8 9 12 3 4 14 0 11
14 1 1 2 10 6 5 13 7 8 9 12 3 4 0 14 11
4 1 1 2 10 6 5 13 7 8 9 12 3 0 4 14 11
3 1 1 2 10 6 5 13 7 8 9 12 0 3 4 14 11
11 2 1 2 10 6 5 13 7 8 9 12 11 3 4 14 0
14 1 1 2 10 6 5 13 7 8 9 12 11 3 4 0 14
9 1 1 2 10 6 5 13 7 8 0 12 11 3 4 9 14
12 1 1 2 10 6 5 13 7 8 12 0 11 3 4 9 14
14 1 1 2 10 6 5 13 7 8 12 14 11 3 4 9 0
12 3 1 2 10 6 5 13 7 8 0 14 11 3 4 9 12
9 1 1 2 10 6 5 13 7 8 9 14 11 3 4 0 12
4 1 1 2 10 6 5 13 7 8 9 14 11 3 0 4 12
3 1 1 2 10 6 5 13 7 8 9 14 11 0 3 4 12
11 1 1 2 10 6 5 13 7 8 9 14 0 11 3 4 12
12 2 1 2 10 6 5 13 7 8 9 14 12 11 3 4 0
4 1 1 2 10 6 5 13 7 8 9 14 12 11 3 0 4
3 1 1 2 10 6 5 13 7 8 9 14 12 11 0 3 4
11 1 1 2 10 6 5 13 7 8 9 14 12 0 11 3 4
12 1 1 2 10 6 5 13 7 8 9 14 0 12 11 3 4
4 2 1 2 10 6 5 13 7 8 9 14 4 12 11 3 0
14 1 1 2 10 6 5 13 7 8 9 0 4 12 11 3 14
9 1 1 2 10 6 5 13 7 8 0 9 4 12 11 3 14
3 1 1 2 10 6 5 13 7 8 3 9 4 12 11 0 14
14 1 1 2 10 6 5 13 7 8 3 9 4 12 11 14 0
3 3 1 2 10 6 5 13 7 8 0 9 4 12 11 14 3
9 1 1 2 10 6 5 13 7 8 9 0 4 12 11 14 3
3 1 1 2 10 6 5 13 7 8 9 3 4 12 11 14 0
4 2 1 2 10 6 5 13 7 8 9 3 0 12 11 14 4
5 3 1 2 10 6 0 13 7 8 9 3 5 12 11 14 4
4 2 1 2 10 6 4 13 7 8 9 3 5 12 11 14 0
3 1 1 2 10 6 4 13 7 8 9 0 5 12 11 14 3
4 1 1 2 10 6 0 13 7 8 9 4 5 12 11 14 3
5 3 1 2 10 6 5 13 7 8 9 4 0 12 11 14 3
1 2 0 2 10 6 5 13 7 8 9 4 1 12 11 14 3
13 1 13 2 10 6 5 0 7 8 9 4 1 12 11 14 3
1 1 13 2 10 6 5 1 7 8 9 4 0 12 11 14 3
3 2 13 2 10 6 5 1 7 8 9 4 3 12 11 14 0
13 3 0 2 10 6 5 1 7 8 9 4 3 12 11 14 13
1 1 1 2 10 6 5 0 7 8 9 4 3 12 11 14 13
3 1 1 2 10 6 5 3 7 8 9 4 0 12 11 14 13
13 2 1 2 10 6 5 3 7 8 9 4 13 12 11 14 0
4 1 1 2 10 6 5 3 7 8 9 0 13 12 11 14 4
5 1 1 2 10 6 0 3 7 8 9 5 13 12 11 14 4
4 2 1 2 10 6 4 3 7 8 9 5 13 12 11 14 0
13 2 1 2 10 6 4 3 7 8 9 5 0 12 11 14 13
4 3 1 2 10 6 0 3 7 8 9 5 4 12 11 14 13
5 1 1 2 10 6 5 3 7 8 9 0 4 12 11 14 13
9 1 1 2 10 6 5 3 7 8 0 9 4 12 11 14 13
6 1 1 2 10 0 5 3 7 8 6 9 4 12 11 14 13
10 1 1 2 0 10 5 3 7 8 6 9 4 12 11 14 13
8 1 1 2 8 10 5 3 7 0 6 9 4 12 11 14 13
6 1 1 2 8 10 5 3 7 6 0 9 4 12 11 14 13
9 1 1 2 8 10 5 3 7 6 9 0 4 12 11 14 13
13 1 1 2 8 10 5 3 7 6 9 13 4 12 11 14 0
4 2 1 2 8 10 5 3 7 6 9 13 0 12 11 14 4
3 1 1 2 8 10 5 0 7 6 9 13 3 12 11 14 4
7 1 1 2 8 10 5 7 0 6 9 13 3 12 11 14 4
6 1 1 2 8 10 5 7 6 0 9 13 3 12 11 14 4
8 1 1 2 0 10 5 7 6 8 9 13 3 12 11 14 4
10 1 1 2 10 0 5 7 6 8 9 13 3 12 11 14 4
5 1 1 2 10 5 0 7 6 8 9 13 3 12 11 14 4
4 2 1 2 10 5 4 7 6 8 9 13 3 12 11 14 0
3 2 1 2 10 5 4 7 6 8 9 13 0 12 11 14 3
6 3 1 2 10 5 4 7 0 8 9 13 6 12 11 14 3
7 1 1 2 10 5 4 0 7 8 9 13 6 12 11 14 3
6 1 1 2 10 5 4 6 7 8 9 13 0 12 11 14 3
3 2 1 2 10 5 4 6 7 8 9 13 3 12 11 14 0
4 2 1 2 10 5 0 6 7 8 9 13 3 12 11 14 4
5 1 1 2 10 0 5 6 7 8 9 13 3 12 11 14 4
9 1 1 2 10 9 5 6 7 8 0 13 3 12 11 14 4
13 1 1 2 10 9 5 6 7 8 13 0 3 12 11 14 4
4 1 1 2 10 9 5 6 7 8 13 4 3 12 11 14 0
13 3 1 2 10 9 5 6 7 8 0 4 3 12 11 14 13
9 1 1 2 10 0 5 6 7 8 9 4 3 12 11 14 13
5 1 1 2 10 5 0 6 7 8 9 4 3 12 11 14 13
13 2 1 2 10 5 13 6 7 8 9 4 3 12 11 14 0
3 2 1 2 10 5 13 6 7 8 9 4 0 12 11 14 3
13 3 1 2 10 5 0 6 7 8 9 4 13 12 11 14 3
3 2 1 2 10 5 3 6 7 8 9 4 13 12 11 14 0
1 3 0 2 10 5 3 6 7 8 9 4 13 12 11 14 1
3 2 3 2 10 5 0 6 7 8 9 4 13 12 11 14 1
5 1 3 2 10 0 5 6 7 8 9 4 13 12 11 14 1
10 1 3 2 0 10 5 6 7 8 9 4 13 12 11 14 1
2 1 3 0 2 10 5 6 7 8 9 4 13 12 11 14 1
3 1 0 3 2 10 5 6 7 8 9 4 13 12 11 14 1
1 3 1 3 2 10 5 6 7 8 9 4 13 12 11 14 0
4 1 1 3 2 10 5 6 7 8 9 0 13 12 11 14 4
9 1 1 3 2 10 5 6 7 8 0 9 13 12 11 14 4
10 1 1 3 2 0 5 6 7 8 10 9 13 12 11 14 4
2 1 1 3 0 2 5 6 7 8 10 9 13 12 11 14 4
3 1 1 0 3 2 5 6 7 8 10 9 13 12 11 14 4
1 1 0 1 3 2 5 6 7 8 10 9 13 12 11 14 4
4 3 4 1 3 2 5 6 7 8 10 9 13 12 11 14 0
10 3 4 1 3 2 5 6 7 8 0 9 13 12 11 14 10
9 1 4 1 3 2 5 6 7 8 9 0 13 12 11 14 10
10 1 4 1 3 2 5 6 7 8 9 10 13 12 11 14 0
13 2 4 1 3 2 5 6 7 8 9 10 0 12 11 14 13
7 3 4 1 3 2 5 6 0 8 9 10 7 12 11 14 13
1 1 4 0 3 2 5 6 1 8 9 10 7 12 11 14 13
4 1 0 4 3 2 5 6 1 8 9 10 7 12 11 14 13
13 3 13 4 3 2 5 6 1 8 9 10 7 12 11 14 0
7 2 13 4 3 2 5 6 1 8 9 10 0 12 11 14 7
1 3 13 4 3 2 5 6 0 8 9 10 1 12 11 14 7
4 1 13 0 3 2 5 6 4 8 9 10 1 12 11 14 7
13 1 0 13 3 2 5 6 4 8 9 10 1 12 11 14 7
7 3 7 13 3 2 5 6 4 8 9 10 1 12 11 14 0
1 2 7 13 3 2 5 6 4 8 9 10 0 12 11 14 1
4 3 7 13 3 2 5 6 0 8 9 10 4 12 11 14 1
13 1 7 0 3 2 5 6 13 8 9 10 4 12 11 14 1
7 1 0 7 3 2 5 6 13 8 9 10 4 12 11 14 1
1 3 1 7 3 2 5 6 13 8 9 10 4 12 11 14 0
4 2 1 7 3 2 5 6 13 8 9 10 0 12 11 14 4
5 3 1 7 3 2 0 6 13 8 9 10 5 12 11 14 4
4 2 1 7 3 2 4 6 13 8 9 10 5 12 11 14 0
5 2 1 7 3 2 4 6 13 8 9 10 0 12 11 14 5
13 3 1 7 3 2 4 6 0 8 9 10 13 12 11 14 5
7 1 1 0 3 2 4 6 7 8 9 10 13 12 11 14 5
3 1 1 3 0 2 4 6 7 8 9 10 13 12 11 14 5
2 1 1 3 2 0 4 6 7 8 9 10 13 12 11 14 5
4 1 1 3 2 4 0 6 7 8 9 10 13 12 11 14 5
5 2 1 3 2 4 5 6 7 8 9 10 13 12 11 14 0
13 2 1 3 2 4 5 6 7 8 9 10 0 12 11 14 13
1 2 0 3 2 4 5 6 7 8 9 10 1 12 11 14 13
6 1 6 3 2 4 5 0 7 8 9 10 1 12 11 14 13
1 1 6 3 2 4 5 1 7 8 9 10 0 12 11 14 13
13 2 6 3 2 4 5 1 7 8 9 10 13 12 11 14 0
6 3 0 3 2 4 5 1 7 8 9 10 13 12 11 14 6
1 1 1 3 2 4 5 0 7 8 9 10 13 12 11 14 6
13 1 1 3 2 4 5 13 7 8 9 10 0 12 11 14 6
7 3 1 3 2 4 5 13 0 8 9 10 7 12 11 14 6
3 1 1 0 2 4 5 13 3 8 9 10 7 12 11 14 6
2 1 1 2 0 4 5 13 3 8 9 10 7 12 11 14 6
8 1 1 2 8 4 5 13 3 0 9 10 7 12 11 14 6
3 1 1 2 8 4 5 13 0 3 9 10 7 12 11 14 6
13 1 1 2 8 4 5 0 13 3 9 10 7 12 11 14 6
7 1 1 2 8 4 5 7 13 3 9 10 0 12 11 14 6
13 3 1 2 8 4 5 7 0 3 9 10 13 12 11 14 6
7 1 1 2 8 4 5 0 7 3 9 10 13 12 11 14 6
13 1 1 2 8 4 5 13 7 3 9 10 0 12 11 14 6
6 2 1 2 8 4 5 13 7 3 9 10 6 12 11 14 0
1 3 0 2 8 4 5 13 7 3 9 10 6 12 11 14 1
13 1 13 2 8 4 5 0 7 3 9 10 6 12 11 14 1
6 1 13 2 8 4 5 6 7 3 9 10 0 12 11 14 1
13 2 0 2 8 4 5 6 7 3 9 10 13 12 11 14 1
2 1 2 0 8 4 5 6 7 3 9 10 13 12 11 14 1
8 1 2 8 0 4 5 6 7 3 9 10 13 12 11 14 1
3 1 2 8 3 4 5 6 7 0 9 10 13 12 11 14 1
11 1 2 8 3 4 5 6 7 11 9 10 13 12 0 14 1
14 1 2 8 3 4 5 6 7 11 9 10 13 12 14 0 1
1 1 2 8 3 4 5 6 7 11 9 10 13 12 14 1 0
2 3 0 8 3 4 5 6 7 11 9 10 13 12 14 1 2
13 2 13 8 3 4 5 6 7 11 9 10 0 12 14 1 2
2 2 13 8 3 4 5 6 7 11 9 10 2 12 14 1 0
1 1 13 8 3 4 5 6 7 11 9 10 2 12 14 0 1
14 1 13 8 3 4 5 6 7 11 9 10 2 12 0 14 1
11 1 13 8 3 4 5 6 7 0 9 10 2 12 11 14 1
7 1 13 8 3 4 5 6 0 7 9 10 2 12 11 14 1
8 1 13 0 3 4 5 6 8 7 9 10 2 12 11 14 1
13 1 0 13 3 4 5 6 8 7 9 10 2 12 11 14 1
1 3 1 13 3 4 5 6 8 7 9 10 2 12 11 14 0
2 2 1 13 3 4 5 6 8 7 9 10 0 12 11 14 2
8 3 1 13 3 4 5 6 0 7 9 10 8 12 11 14 2
7 1 1 13 3 4 5 6 7 0 9 10 8 12 11 14 2
11 1 1 13 3 4 5 6 7 11 9 10 8 12 0 14 2
12 1 1 13 3 4 5 6 7 11 9 10 8 0 12 14 2
8 1 1 13 3 4 5 6 7 11 9 10 0 8 12 14 2
2 2 1 13 3 4 5 6 7 11 9 10 2 8 12 14 0
9 3 1 13 3 4 5 6 7 11 0 10 2 8 12 14 9
11 1 1 13 3 4 5 6 7 0 11 10 2 8 12 14 9
12 1 1 13 3 4 5 6 7 12 11 10 2 8 0 14 9
8 1 1 13 3 4 5 6 7 12 11 10 2 0 8 14 9
2 1 1 13 3 4 5 6 7 12 11 10 0 2 8 14 9
9 2 1 13 3 4 5 6 7 12 11 10 9 2 8 14 0
11 3 1 13 3 4 5 6 7 12 0 10 9 2 8 14 11
12 1 1 13 3 4 5 6 7 0 12 10 9 2 8 14 11
8 1 1 13 3 4 5 6 7 8 12 10 9 2 0 14 11
2 1 1 13 3 4 5 6 7 8 12 10 9 0 2 14 11
9 1 1 13 3 4 5 6 7 8 12 10 0 9 2 14 11
11 2 1 13 3 4 5 6 7 8 12 10 11 9 2 14 0
14 1 1 13 3 4 5 6 7 8 12 10 11 9 2 0 14
2 1 1 13 3 4 5 6 7 8 12 10 11 9 0 2 14
9 1 1 13 3 4 5 6 7 8 12 10 11 0 9 2 14
11 1 1 13 3 4 5 6 7 8 12 10 0 11 9 2 14
14 2 1 13 3 4 5 6 7 8 12 10 14 11 9 2 0
12 3 1 13 3 4 5 6 7 8 0 10 14 11 9 2 12
2 1 1 13 3 4 5 6 7 8 2 10 14 11 9 0 12
12 1 1 13 3 4 5 6 7 8 2 10 14 11 9 12 0
14 2 1 13 3 4 5 6 7 8 2 10 0 11 9 12 14
11 1 1 13 3 4 5 6 7 8 2 10 11 0 9 12 14
9 1 1 13 3 4 5 6 7 8 2 10 11 9 0 12 14
12 1 1 13 3 4 5 6 7 8 2 10 11 9 12 0 14
14 1 1 13 3 4 5 6 7 8 2 10 11 9 12 14 0
11 2 1 13 3 4 5 6 7 8 2 10 0 9 12 14 11
9 1 1 13 3 4 5 6 7 8 2 10 9 0 12 14 11
12 1 1 13 3 4 5 6 7 8 2 10 9 12 0 14 11
8 1 1 13 3 4 5 6 7 0 2 10 9 12 8 14 11
2 1 1 13 3 4 5 6 7 2 0 10 9 12 8 14 11
10 1 1 13 3 4 5 6 7 2 10 0 9 12 8 14 11
11 1 1 13 3 4 5 6 7 2 10 11 9 12 8 14 0
10 3 1 13 3 4 5 6 7 2 0 11 9 12 8 14 10
11 1 1 13 3 4 5 6 7 2 11 0 9 12 8 14 10
10 1 1 13 3 4 5 6 7 2 11 10 9 12 8 14 0
9 2 1 13 3 4 5 6 7 2 11 10 0 12 8 14 9
7 3 1 13 3 4 5 6 0 2 11 10 7 12 8 14 9
2 1 1 13 3 4 5 6 2 0 11 10 7 12 8 14 9
8 1 1 13 3 4 5 6 2 8 11 10 7 12 0 14 9
14 1 1 13 3 4 5 6 2 8 11 10 7 12 14 0 9
9 1 1 13 3 4 5 6 2 8 11 10 7 12 14 9 0
11 3 1 13 3 4 5 6 2 8 0 10 7 12 14 9 11
9 1 1 13 3 4 5 6 2 8 9 10 7 12 14 0 11
14 1 1 13 3 4 5 6 2 8 9 10 7 12 0 14 11
12 1 1 13 3 4 5 6 2 8 9 10 7 0 12 14 11
7 1 1 13 3 4 5 6 2 8 9 10 0 7 12 14 11
11 2 1 13 3 4 5 6 2 8 9 10 11 7 12 14 0
1 3 0 13 3 4 5 6 2 8 9 10 11 7 12 14 1
2 3 2 13 3 4 5 6 0 8 9 10 11 7 12 14 1
7 1 2 13 3 4 5 6 7 8 9 10 11 0 12 14 1
12 1 2 13 3 4 5 6 7 8 9 10 11 12 0 14 1
8 1 2 13 3 4 5 6 7 0 9 10 11 12 8 14 1
7 1 2 13 3 4 5 6 0 7 9 10 11 12 8 14 1
13 1 2 0 3 4 5 6 13 7 9 10 11 12 8 14 1
2 1 0 2 3 4 5 6 13 7 9 10 11 12 8 14 1
13 3 13 2 3 4 5 6 0 7 9 10 11 12 8 14 1
7 1 13 2 3 4 5 6 7 0 9 10 11 12 8 14 1
8 1 13 2 3 4 5 6 7 8 9 10 11 12 0 14 1
12 1 13 2 3 4 5 6 7 8 9 10 11 0 12 14 1
11 1 13 2 3 4 5 6 7 8 9 10 0 11 12 14 1
1 2 13 2 3 4 5 6 7 8 9 10 1 11 12 14 0
13 3 0 2 3 4 5 6 7 8 9 10 1 11 12 14 13
1 2 1 2 3 4 5 6 7 8 9 10 0 11 12 14 13
11 1 1 2 3 4 5 6 7 8 9 10 11 0 12 14 13
12 1 1 2 3 4 5 6 7 8 9 10 11 12 0 14 13
8 1 1 2 3 4 5 6 7 0 9 10 11 12 8 14 13
9 1 1 2 3 4 5 6 7 9 0 10 11 12 8 14 13
14 1 1 2 3 4 5 6 7 9 14 10 11 12 8 0 13
13 1 1 2 3 4 5 6 7 9 14 10 11 12 8 13 0
14 3 1 2 3 4 5 6 7 9 0 10 11 12 8 13 14
9 1 1 2 3 4 5 6 7 0 9 10 11 12 8 13 14
8 1 1 2 3 4 5 6 7 8 9 10 11 12 0 13 14
13 1 1 2 3 4 5 6 7 8 9 10 11 12 13 0 14
14 1 1 2 3 4 5 6 7 8 9 10 11 12 13 14 0
445 3.77