0 0 3 6 2 14 0 4 10 13 12 5 8 11 1 9 7
5 1 3 6 2 14 5 4 10 13 12 0 8 11 1 9 7
7 1 3 6 2 14 5 4 10 13 12 7 8 11 1 9 0
12 3 3 6 2 14 5 4 10 13 0 7 8 11 1 9 12
9 1 3 6 2 14 5 4 10 13 9 7 8 11 1 0 12
12 1 3 6 2 14 5 4 10 13 9 7 8 11 1 12 0
3 3 0 6 2 14 5 4 10 13 9 7 8 11 1 12 3
10 3 10 6 2 14 5 4 0 13 9 7 8 11 1 12 3
13 1 10 6 2 14 5 4 13 0 9 7 8 11 1 12 3
1 1 10 6 2 14 5 4 13 1 9 7 8 11 0 12 3
12 1 10 6 2 14 5 4 13 1 9 7 8 11 12 0 3
3 1 10 6 2 14 5 4 13 1 9 7 8 11 12 3 0
10 3 0 6 2 14 5 4 13 1 9 7 8 11 12 3 10
13 3 13 6 2 14 5 4 0 1 9 7 8 11 12 3 10
1 1 13 6 2 14 5 4 1 0 9 7 8 11 12 3 10
12 1 13 6 2 14 5 4 1 12 9 7 8 11 0 3 10
3 1 13 6 2 14 5 4 1 12 9 7 8 11 3 0 10
10 1 13 6 2 14 5 4 1 12 9 7 8 11 3 10 0
13 3 0 6 2 14 5 4 1 12 9 7 8 11 3 10 13
1 3 1 6 2 14 5 4 0 12 9 7 8 11 3 10 13
12 1 1 6 2 14 5 4 12 0 9 7 8 11 3 10 13
3 1 1 6 2 14 5 4 12 3 9 7 8 11 0 10 13
10 1 1 6 2 14 5 4 12 3 9 7 8 11 10 0 13
13 1 1 6 2 14 5 4 12 3 9 7 8 11 10 13 0
8 2 1 6 2 14 5 4 12 3 9 7 0 11 10 13 8
11 1 1 6 2 14 5 4 12 3 9 7 11 0 10 13 8
12 1 1 6 2 14 5 4 0 3 9 7 11 12 10 13 8
3 1 1 6 2 14 5 4 3 0 9 7 11 12 10 13 8
10 1 1 6 2 14 5 4 3 10 9 7 11 12 0 13 8
13 1 1 6 2 14 5 4 3 10 9 7 11 12 13 0 8
8 1 1 6 2 14 5 4 3 10 9 7 11 12 13 8 0
7 1 1 6 2 14 5 4 3 10 9 0 11 12 13 8 7
9 1 1 6 2 14 5 4 3 10 0 9 11 12 13 8 7
10 1 1 6 2 14 5 4 3 0 10 9 11 12 13 8 7
3 1 1 6 2 14 5 4 0 3 10 9 11 12 13 8 7
6 1 1 0 2 14 5 4 6 3 10 9 11 12 13 8 7
2 1 1 2 0 14 5 4 6 3 10 9 11 12 13 8 7
3 1 1 2 3 14 5 4 6 0 10 9 11 12 13 8 7
10 1 1 2 3 14 5 4 6 10 0 9 11 12 13 8 7
9 1 1 2 3 14 5 4 6 10 9 0 11 12 13 8 7
7 1 1 2 3 14 5 4 6 10 9 7 11 12 13 8 0
11 2 1 2 3 14 5 4 6 10 9 7 0 12 13 8 11
6 3 1 2 3 14 5 4 0 10 9 7 6 12 13 8 11
4 1 1 2 3 14 5 0 4 10 9 7 6 12 13 8 11
6 1 1 2 3 14 5 6 4 10 9 7 0 12 13 8 11
11 2 1 2 3 14 5 6 4 10 9 7 11 12 13 8 0
7 1 1 2 3 14 5 6 4 10 9 0 11 12 13 8 7
9 1 1 2 3 14 5 6 4 10 0 9 11 12 13 8 7
14 1 1 2 3 0 5 6 4 10 14 9 11 12 13 8 7
5 1 1 2 3 5 0 6 4 10 14 9 11 12 13 8 7
7 2 1 2 3 5 7 6 4 10 14 9 11 12 13 8 0
14 3 1 2 3 5 7 6 4 10 0 9 11 12 13 8 14
9 1 1 2 3 5 7 6 4 10 9 0 11 12 13 8 14
14 1 1 2 3 5 7 6 4 10 9 14 11 12 13 8 0
7 2 1 2 3 5 0 6 4 10 9 14 11 12 13 8 7
5 1 1 2 3 0 5 6 4 10 9 14 11 12 13 8 7
9 1 1 2 3 9 5 6 4 10 0 14 11 12 13 8 7
14 1 1 2 3 9 5 6 4 10 14 0 11 12 13 8 7
7 1 1 2 3 9 5 6 4 10 14 7 11 12 13 8 0
14 3 1 2 3 9 5 6 4 10 0 7 11 12 13 8 14
7 1 1 2 3 9 5 6 4 10 7 0 11 12 13 8 14
14 1 1 2 3 9 5 6 4 10 7 14 11 12 13 8 0
8 1 1 2 3 9 5 6 4 10 7 14 11 12 13 0 8
7 1 1 2 3 9 5 6 4 10 0 14 11 12 13 7 8
9 1 1 2 3 0 5 6 4 10 9 14 11 12 13 7 8
5 1 1 2 3 5 0 6 4 10 9 14 11 12 13 7 8
8 2 1 2 3 5 8 6 4 10 9 14 11 12 13 7 0
14 1 1 2 3 5 8 6 4 10 9 0 11 12 13 7 14
8 1 1 2 3 5 0 6 4 10 9 8 11 12 13 7 14
5 1 1 2 3 0 5 6 4 10 9 8 11 12 13 7 14
9 1 1 2 3 9 5 6 4 10 0 8 11 12 13 7 14
7 1 1 2 3 9 5 6 4 10 7 8 11 12 13 0 14
14 1 1 2 3 9 5 6 4 10 7 8 11 12 13 14 0
1 3 0 2 3 9 5 6 4 10 7 8 11 12 13 14 1
4 3 4 2 3 9 5 6 0 10 7 8 11 12 13 14 1
10 1 4 2 3 9 5 6 10 0 7 8 11 12 13 14 1
7 1 4 2 3 9 5 6 10 7 0 8 11 12 13 14 1
9 1 4 2 3 0 5 6 10 7 9 8 11 12 13 14 1
5 1 4 2 3 5 0 6 10 7 9 8 11 12 13 14 1
1 2 4 2 3 5 1 6 10 7 9 8 11 12 13 14 0
4 3 0 2 3 5 1 6 10 7 9 8 11 12 13 14 4
1 2 1 2 3 5 0 6 10 7 9 8 11 12 13 14 4
8 1 1 2 3 5 8 6 10 7 9 0 11 12 13 14 4
9 1 1 2 3 5 8 6 10 7 0 9 11 12 13 14 4
5 1 1 2 3 0 8 6 10 7 5 9 11 12 13 14 4
8 1 1 2 3 8 0 6 10 7 5 9 11 12 13 14 4
5 3 1 2 3 8 5 6 10 7 0 9 11 12 13 14 4
9 1 1 2 3 8 5 6 10 7 9 0 11 12 13 14 4
4 1 1 2 3 8 5 6 10 7 9 4 11 12 13 14 0
11 2 1 2 3 8 5 6 10 7 9 4 0 12 13 14 11
10 3 1 2 3 8 5 6 0 7 9 4 10 12 13 14 11
7 1 1 2 3 8 5 6 7 0 9 4 10 12 13 14 11
3 1 1 2 0 8 5 6 7 3 9 4 10 12 13 14 11
8 1 1 2 8 0 5 6 7 3 9 4 10 12 13 14 11
5 1 1 2 8 5 0 6 7 3 9 4 10 12 13 14 11
11 2 1 2 8 5 11 6 7 3 9 4 10 12 13 14 0
10 2 1 2 8 5 11 6 7 3 9 4 0 12 13 14 10
11 3 1 2 8 5 0 6 7 3 9 4 11 12 13 14 10
5 1 1 2 8 0 5 6 7 3 9 4 11 12 13 14 10
8 1 1 2 0 8 5 6 7 3 9 4 11 12 13 14 10
3 1 1 2 3 8 5 6 7 0 9 4 11 12 13 14 10
9 1 1 2 3 8 5 6 7 9 0 4 11 12 13 14 10
4 1 1 2 3 8 5 6 7 9 4 0 11 12 13 14 10
10 1 1 2 3 8 5 6 7 9 4 10 11 12 13 14 0
4 3 1 2 3 8 5 6 7 9 0 10 11 12 13 14 4
8 1 1 2 3 0 5 6 7 9 8 10 11 12 13 14 4
5 1 1 2 3 5 0 6 7 9 8 10 11 12 13 14 4
4 2 1 2 3 5 4 6 7 9 8 10 11 12 13 14 0
8 3 1 2 3 5 4 6 7 9 0 10 11 12 13 14 8
5 1 1 2 3 0 4 6 7 9 5 10 11 12 13 14 8
4 1 1 2 3 4 0 6 7 9 5 10 11 12 13 14 8
8 2 1 2 3 4 8 6 7 9 5 10 11 12 13 14 0
11 2 1 2 3 4 8 6 7 9 5 10 0 12 13 14 11
8 3 1 2 3 4 0 6 7 9 5 10 8 12 13 14 11
5 3 1 2 3 4 5 6 7 9 0 10 8 12 13 14 11
9 1 1 2 3 4 5 6 7 0 9 10 8 12 13 14 11
7 1 1 2 3 4 5 6 0 7 9 10 8 12 13 14 11
6 1 1 2 3 4 5 0 6 7 9 10 8 12 13 14 11
8 1 1 2 3 4 5 8 6 7 9 10 0 12 13 14 11
6 3 1 2 3 4 5 8 0 7 9 10 6 12 13 14 11
8 1 1 2 3 4 5 0 8 7 9 10 6 12 13 14 11
6 1 1 2 3 4 5 6 8 7 9 10 0 12 13 14 11
11 2 1 2 3 4 5 6 8 7 9 10 11 12 13 14 0
14 1 1 2 3 4 5 6 8 7 9 10 11 12 13 0 14
13 1 1 2 3 4 5 6 8 7 9 10 11 12 0 13 14
7 1 1 2 3 4 5 6 8 0 9 10 11 12 7 13 14
8 1 1 2 3 4 5 6 0 8 9 10 11 12 7 13 14
12 1 1 2 3 4 5 6 12 8 9 10 11 0 7 13 14
7 1 1 2 3 4 5 6 12 8 9 10 11 7 0 13 14
13 1 1 2 3 4 5 6 12 8 9 10 11 7 13 0 14
14 1 1 2 3 4 5 6 12 8 9 10 11 7 13 14 0
11 2 1 2 3 4 5 6 12 8 9 10 0 7 13 14 11
12 3 1 2 3 4 5 6 0 8 9 10 12 7 13 14 11
7 1 1 2 3 4 5 6 7 8 9 10 12 0 13 14 11
12 1 1 2 3 4 5 6 7 8 9 10 0 12 13 14 11
11 2 1 2 3 4 5 6 7 8 9 10 11 12 13 14 0
196 4.83