0 0 1 10 9 2 12 11 8 7 14 4 5 0 3 6 13
3 1 1 10 9 2 12 11 8 7 14 4 5 3 0 6 13
6 1 1 10 9 2 12 11 8 7 14 4 5 3 6 0 13
14 1 1 10 9 2 12 11 8 7 0 4 5 3 6 14 13
4 1 1 10 9 2 12 11 8 7 4 0 5 3 6 14 13
13 1 1 10 9 2 12 11 8 7 4 13 5 3 6 14 0
4 3 1 10 9 2 12 11 8 7 0 13 5 3 6 14 4
13 1 1 10 9 2 12 11 8 7 13 0 5 3 6 14 4
4 1 1 10 9 2 12 11 8 7 13 4 5 3 6 14 0
12 2 1 10 9 2 0 11 8 7 13 4 5 3 6 14 12
5 3 1 10 9 2 5 11 8 7 13 4 0 3 6 14 12
11 1 1 10 9 2 5 0 8 7 13 4 11 3 6 14 12
8 1 1 10 9 2 5 8 0 7 13 4 11 3 6 14 12
7 1 1 10 9 2 5 8 7 0 13 4 11 3 6 14 12
9 1 1 10 0 2 5 8 7 9 13 4 11 3 6 14 12
2 1 1 10 2 0 5 8 7 9 13 4 11 3 6 14 12
13 1 1 10 2 13 5 8 7 9 0 4 11 3 6 14 12
9 1 1 10 2 13 5 8 7 0 9 4 11 3 6 14 12
2 1 1 10 0 13 5 8 7 2 9 4 11 3 6 14 12
10 1 1 0 10 13 5 8 7 2 9 4 11 3 6 14 12
7 1 1 7 10 13 5 8 0 2 9 4 11 3 6 14 12
2 1 1 7 10 13 5 8 2 0 9 4 11 3 6 14 12
6 1 1 7 10 13 5 8 2 6 9 4 11 3 0 14 12
3 1 1 7 10 13 5 8 2 6 9 4 11 0 3 14 12
2 1 1 7 10 13 5 8 0 6 9 4 11 2 3 14 12
7 1 1 0 10 13 5 8 7 6 9 4 11 2 3 14 12
10 1 1 10 0 13 5 8 7 6 9 4 11 2 3 14 12
6 1 1 10 6 13 5 8 7 0 9 4 11 2 3 14 12
3 1 1 10 6 13 5 8 7 3 9 4 11 2 0 14 12
2 1 1 10 6 13 5 8 7 3 9 4 11 0 2 14 12
7 1 1 10 6 13 5 8 0 3 9 4 11 7 2 14 12
10 1 1 0 6 13 5 8 10 3 9 4 11 7 2 14 12
6 1 1 6 0 13 5 8 10 3 9 4 11 7 2 14 12
3 1 1 6 3 13 5 8 10 0 9 4 11 7 2 14 12
10 1 1 6 3 13 5 8 0 10 9 4 11 7 2 14 12
7 1 1 6 3 13 5 8 7 10 9 4 11 0 2 14 12
2 1 1 6 3 13 5 8 7 10 9 4 11 2 0 14 12
10 1 1 6 3 13 5 8 7 0 9 4 11 2 10 14 12
9 1 1 6 3 13 5 8 7 9 0 4 11 2 10 14 12
4 1 1 6 3 13 5 8 7 9 4 0 11 2 10 14 12
12 1 1 6 3 13 5 8 7 9 4 12 11 2 10 14 0
4 3 1 6 3 13 5 8 7 9 0 12 11 2 10 14 4
9 1 1 6 3 13 5 8 7 0 9 12 11 2 10 14 4
10 1 1 6 3 13 5 8 7 10 9 12 11 2 0 14 4
2 1 1 6 3 13 5 8 7 10 9 12 11 0 2 14 4
7 1 1 6 3 13 5 8 0 10 9 12 11 7 2 14 4
10 1 1 6 3 13 5 8 10 0 9 12 11 7 2 14 4
2 1 1 6 3 13 5 8 10 2 9 12 11 7 0 14 4
7 1 1 6 3 13 5 8 10 2 9 12 11 0 7 14 4
10 1 1 6 3 13 5 8 0 2 9 12 11 10 7 14 4
2 1 1 6 3 13 5 8 2 0 9 12 11 10 7 14 4
7 1 1 6 3 13 5 8 2 7 9 12 11 10 0 14 4
10 1 1 6 3 13 5 8 2 7 9 12 11 0 10 14 4
11 1 1 6 3 13 5 8 2 7 9 12 0 11 10 14 4
2 3 1 6 3 13 5 8 0 7 9 12 2 11 10 14 4
7 1 1 6 3 13 5 8 7 0 9 12 2 11 10 14 4
10 1 1 6 3 13 5 8 7 10 9 12 2 11 0 14 4
11 1 1 6 3 13 5 8 7 10 9 12 2 0 11 14 4
2 1 1 6 3 13 5 8 7 10 9 12 0 2 11 14 4
8 1 1 6 3 13 5 0 7 10 9 12 8 2 11 14 4
7 1 1 6 3 13 5 7 0 10 9 12 8 2 11 14 4
10 1 1 6 3 13 5 7 10 0 9 12 8 2 11 14 4
11 1 1 6 3 13 5 7 10 11 9 12 8 2 0 14 4
2 1 1 6 3 13 5 7 10 11 9 12 8 0 2 14 4
8 1 1 6 3 13 5 7 10 11 9 12 0 8 2 14 4
10 3 1 6 3 13 5 7 0 11 9 12 10 8 2 14 4
7 1 1 6 3 13 5 0 7 11 9 12 10 8 2 14 4
10 1 1 6 3 13 5 10 7 11 9 12 0 8 2 14 4
8 1 1 6 3 13 5 10 7 11 9 12 8 0 2 14 4
2 1 1 6 3 13 5 10 7 11 9 12 8 2 0 14 4
11 1 1 6 3 13 5 10 7 0 9 12 8 2 11 14 4
9 1 1 6 3 13 5 10 7 9 0 12 8 2 11 14 4
12 1 1 6 3 13 5 10 7 9 12 0 8 2 11 14 4
4 1 1 6 3 13 5 10 7 9 12 4 8 2 11 14 0
12 3 1 6 3 13 5 10 7 9 0 4 8 2 11 14 12
9 1 1 6 3 13 5 10 7 0 9 4 8 2 11 14 12
11 1 1 6 3 13 5 10 7 11 9 4 8 2 0 14 12
2 1 1 6 3 13 5 10 7 11 9 4 8 0 2 14 12
8 1 1 6 3 13 5 10 7 11 9 4 0 8 2 14 12
10 1 1 6 3 13 5 0 7 11 9 4 10 8 2 14 12
7 1 1 6 3 13 5 7 0 11 9 4 10 8 2 14 12
11 1 1 6 3 13 5 7 11 0 9 4 10 8 2 14 12
2 1 1 6 3 13 5 7 11 2 9 4 10 8 0 14 12
8 1 1 6 3 13 5 7 11 2 9 4 10 0 8 14 12
10 1 1 6 3 13 5 7 11 2 9 4 0 10 8 14 12
11 3 1 6 3 13 5 7 0 2 9 4 11 10 8 14 12
2 1 1 6 3 13 5 7 2 0 9 4 11 10 8 14 12
8 1 1 6 3 13 5 7 2 8 9 4 11 10 0 14 12
10 1 1 6 3 13 5 7 2 8 9 4 11 0 10 14 12
11 1 1 6 3 13 5 7 2 8 9 4 0 11 10 14 12
2 3 1 6 3 13 5 7 0 8 9 4 2 11 10 14 12
7 1 1 6 3 13 5 0 7 8 9 4 2 11 10 14 12
2 1 1 6 3 13 5 2 7 8 9 4 0 11 10 14 12
11 1 1 6 3 13 5 2 7 8 9 4 11 0 10 14 12
10 1 1 6 3 13 5 2 7 8 9 4 11 10 0 14 12
14 1 1 6 3 13 5 2 7 8 9 4 11 10 14 0 12
12 1 1 6 3 13 5 2 7 8 9 4 11 10 14 12 0
11 2 1 6 3 13 5 2 7 8 9 4 0 10 14 12 11
10 1 1 6 3 13 5 2 7 8 9 4 10 0 14 12 11
14 1 1 6 3 13 5 2 7 8 9 4 10 14 0 12 11
12 1 1 6 3 13 5 2 7 8 9 4 10 14 12 0 11
11 1 1 6 3 13 5 2 7 8 9 4 10 14 12 11 0
10 2 1 6 3 13 5 2 7 8 9 4 0 14 12 11 10
14 1 1 6 3 13 5 2 7 8 9 4 14 0 12 11 10
12 1 1 6 3 13 5 2 7 8 9 4 14 12 0 11 10
11 1 1 6 3 13 5 2 7 8 9 4 14 12 11 0 10
10 1 1 6 3 13 5 2 7 8 9 4 14 12 11 10 0
4 1 1 6 3 13 5 2 7 8 9 0 14 12 11 10 4
9 1 1 6 3 13 5 2 7 8 0 9 14 12 11 10 4
10 1 1 6 3 13 5 2 7 8 10 9 14 12 11 0 4
4 1 1 6 3 13 5 2 7 8 10 9 14 12 11 4 0
10 3 1 6 3 13 5 2 7 8 0 9 14 12 11 4 10
9 1 1 6 3 13 5 2 7 8 9 0 14 12 11 4 10
10 1 1 6 3 13 5 2 7 8 9 10 14 12 11 4 0
4 1 1 6 3 13 5 2 7 8 9 10 14 12 11 0 4
11 1 1 6 3 13 5 2 7 8 9 10 14 12 0 11 4
12 1 1 6 3 13 5 2 7 8 9 10 14 0 12 11 4
14 1 1 6 3 13 5 2 7 8 9 10 0 14 12 11 4
4 2 1 6 3 13 5 2 7 8 9 10 4 14 12 11 0
11 1 1 6 3 13 5 2 7 8 9 10 4 14 12 0 11
12 1 1 6 3 13 5 2 7 8 9 10 4 14 0 12 11
14 1 1 6 3 13 5 2 7 8 9 10 4 0 14 12 11
4 1 1 6 3 13 5 2 7 8 9 10 0 4 14 12 11
11 2 1 6 3 13 5 2 7 8 9 10 11 4 14 12 0
12 1 1 6 3 13 5 2 7 8 9 10 11 4 14 0 12
14 1 1 6 3 13 5 2 7 8 9 10 11 4 0 14 12
4 1 1 6 3 13 5 2 7 8 9 10 11 0 4 14 12
7 1 1 6 3 13 5 2 0 8 9 10 11 7 4 14 12
6 1 1 0 3 13 5 2 6 8 9 10 11 7 4 14 12
1 1 0 1 3 13 5 2 6 8 9 10 11 7 4 14 12
2 1 2 1 3 13 5 0 6 8 9 10 11 7 4 14 12
6 1 2 1 3 13 5 6 0 8 9 10 11 7 4 14 12
7 1 2 1 3 13 5 6 7 8 9 10 11 0 4 14 12
11 1 2 1 3 13 5 6 7 8 9 10 0 11 4 14 12
12 2 2 1 3 13 5 6 7 8 9 10 12 11 4 14 0
2 3 0 1 3 13 5 6 7 8 9 10 12 11 4 14 2
1 1 1 0 3 13 5 6 7 8 9 10 12 11 4 14 2
7 1 1 7 3 13 5 6 0 8 9 10 12 11 4 14 2
11 1 1 7 3 13 5 6 11 8 9 10 12 0 4 14 2
12 1 1 7 3 13 5 6 11 8 9 10 0 12 4 14 2
11 3 1 7 3 13 5 6 0 8 9 10 11 12 4 14 2
7 1 1 0 3 13 5 6 7 8 9 10 11 12 4 14 2
1 1 0 1 3 13 5 6 7 8 9 10 11 12 4 14 2
7 3 7 1 3 13 5 6 0 8 9 10 11 12 4 14 2
1 1 7 0 3 13 5 6 1 8 9 10 11 12 4 14 2
7 1 0 7 3 13 5 6 1 8 9 10 11 12 4 14 2
6 1 6 7 3 13 5 0 1 8 9 10 11 12 4 14 2
1 1 6 7 3 13 5 1 0 8 9 10 11 12 4 14 2
7 1 6 0 3 13 5 1 7 8 9 10 11 12 4 14 2
6 1 0 6 3 13 5 1 7 8 9 10 11 12 4 14 2
1 1 1 6 3 13 5 0 7 8 9 10 11 12 4 14 2
11 1 1 6 3 13 5 11 7 8 9 10 0 12 4 14 2
2 2 1 6 3 13 5 11 7 8 9 10 2 12 4 14 0
1 3 0 6 3 13 5 11 7 8 9 10 2 12 4 14 1
2 2 2 6 3 13 5 11 7 8 9 10 0 12 4 14 1
11 1 2 6 3 13 5 0 7 8 9 10 11 12 4 14 1
7 1 2 6 3 13 5 7 0 8 9 10 11 12 4 14 1
6 1 2 0 3 13 5 7 6 8 9 10 11 12 4 14 1
2 1 0 2 3 13 5 7 6 8 9 10 11 12 4 14 1
1 3 1 2 3 13 5 7 6 8 9 10 11 12 4 14 0
11 2 1 2 3 13 5 7 6 8 9 10 0 12 4 14 11
6 3 1 2 3 13 5 7 0 8 9 10 6 12 4 14 11
7 1 1 2 3 13 5 0 7 8 9 10 6 12 4 14 11
6 1 1 2 3 13 5 6 7 8 9 10 0 12 4 14 11
11 2 1 2 3 13 5 6 7 8 9 10 11 12 4 14 0
9 3 1 2 3 13 5 6 7 8 0 10 11 12 4 14 9
14 1 1 2 3 13 5 6 7 8 14 10 11 12 4 0 9
4 1 1 2 3 13 5 6 7 8 14 10 11 12 0 4 9
8 1 1 2 3 13 5 6 7 0 14 10 11 12 8 4 9
14 1 1 2 3 13 5 6 7 14 0 10 11 12 8 4 9
4 1 1 2 3 13 5 6 7 14 4 10 11 12 8 0 9
9 1 1 2 3 13 5 6 7 14 4 10 11 12 8 9 0
4 3 1 2 3 13 5 6 7 14 0 10 11 12 8 9 4
9 1 1 2 3 13 5 6 7 14 9 10 11 12 8 0 4
8 1 1 2 3 13 5 6 7 14 9 10 11 12 0 8 4
14 1 1 2 3 13 5 6 7 0 9 10 11 12 14 8 4
9 1 1 2 3 13 5 6 7 9 0 10 11 12 14 8 4
8 1 1 2 3 13 5 6 7 9 8 10 11 12 14 0 4
14 1 1 2 3 13 5 6 7 9 8 10 11 12 0 14 4
9 1 1 2 3 13 5 6 7 0 8 10 11 12 9 14 4
8 1 1 2 3 13 5 6 7 8 0 10 11 12 9 14 4
13 1 1 2 3 0 5 6 7 8 13 10 11 12 9 14 4
5 1 1 2 3 5 0 6 7 8 13 10 11 12 9 14 4
4 2 1 2 3 5 4 6 7 8 13 10 11 12 9 14 0
13 3 1 2 3 5 4 6 7 8 0 10 11 12 9 14 13
5 1 1 2 3 0 4 6 7 8 5 10 11 12 9 14 13
4 1 1 2 3 4 0 6 7 8 5 10 11 12 9 14 13
5 3 1 2 3 4 5 6 7 8 0 10 11 12 9 14 13
14 1 1 2 3 4 5 6 7 8 14 10 11 12 9 0 13
9 1 1 2 3 4 5 6 7 8 14 10 11 12 0 9 13
8 1 1 2 3 4 5 6 7 0 14 10 11 12 8 9 13
14 1 1 2 3 4 5 6 7 14 0 10 11 12 8 9 13
9 1 1 2 3 4 5 6 7 14 9 10 11 12 8 0 13
13 1 1 2 3 4 5 6 7 14 9 10 11 12 8 13 0
9 3 1 2 3 4 5 6 7 14 0 10 11 12 8 13 9
14 1 1 2 3 4 5 6 7 0 14 10 11 12 8 13 9
8 1 1 2 3 4 5 6 7 8 14 10 11 12 0 13 9
13 1 1 2 3 4 5 6 7 8 14 10 11 12 13 0 9
14 1 1 2 3 4 5 6 7 8 0 10 11 12 13 14 9
10 1 1 2 3 4 5 6 7 8 10 0 11 12 13 14 9
9 1 1 2 3 4 5 6 7 8 10 9 11 12 13 14 0
10 3 1 2 3 4 5 6 7 8 0 9 11 12 13 14 10
9 1 1 2 3 4 5 6 7 8 9 0 11 12 13 14 10
10 1 1 2 3 4 5 6 7 8 9 10 11 12 13 14 0
256 3.74