0 0 5 10 1 0 14 4 6 8 3 12 7 13 11 2 9
14 1 5 10 1 14 0 4 6 8 3 12 7 13 11 2 9
5 2 0 10 1 14 5 4 6 8 3 12 7 13 11 2 9
9 3 9 10 1 14 5 4 6 8 3 12 7 13 11 2 0
3 3 9 10 1 14 5 4 6 8 0 12 7 13 11 2 3
12 1 9 10 1 14 5 4 6 8 12 0 7 13 11 2 3
3 1 9 10 1 14 5 4 6 8 12 3 7 13 11 2 0
12 3 9 10 1 14 5 4 6 8 0 3 7 13 11 2 12
2 1 9 10 1 14 5 4 6 8 2 3 7 13 11 0 12
12 1 9 10 1 14 5 4 6 8 2 3 7 13 11 12 0
2 3 9 10 1 14 5 4 6 8 0 3 7 13 11 12 2
3 1 9 10 1 14 5 4 6 8 3 0 7 13 11 12 2
2 1 9 10 1 14 5 4 6 8 3 2 7 13 11 12 0
3 3 9 10 1 14 5 4 6 8 0 2 7 13 11 12 3
12 1 9 10 1 14 5 4 6 8 12 2 7 13 11 0 3
3 1 9 10 1 14 5 4 6 8 12 2 7 13 11 3 0
12 3 9 10 1 14 5 4 6 8 0 2 7 13 11 3 12
2 1 9 10 1 14 5 4 6 8 2 0 7 13 11 3 12
12 1 9 10 1 14 5 4 6 8 2 12 7 13 11 3 0
2 3 9 10 1 14 5 4 6 8 0 12 7 13 11 3 2
14 1 9 10 1 0 5 4 6 8 14 12 7 13 11 3 2
1 1 9 10 0 1 5 4 6 8 14 12 7 13 11 3 2
10 1 9 0 10 1 5 4 6 8 14 12 7 13 11 3 2
9 1 0 9 10 1 5 4 6 8 14 12 7 13 11 3 2
2 3 2 9 10 1 5 4 6 8 14 12 7 13 11 3 0
14 3 2 9 10 1 5 4 6 8 0 12 7 13 11 3 14
12 1 2 9 10 1 5 4 6 8 12 0 7 13 11 3 14
14 1 2 9 10 1 5 4 6 8 12 14 7 13 11 3 0
12 3 2 9 10 1 5 4 6 8 0 14 7 13 11 3 12
3 1 2 9 10 1 5 4 6 8 3 14 7 13 11 0 12
12 1 2 9 10 1 5 4 6 8 3 14 7 13 11 12 0
3 3 2 9 10 1 5 4 6 8 0 14 7 13 11 12 3
1 1 2 9 10 0 5 4 6 8 1 14 7 13 11 12 3
10 1 2 9 0 10 5 4 6 8 1 14 7 13 11 12 3
9 1 2 0 9 10 5 4 6 8 1 14 7 13 11 12 3
2 1 0 2 9 10 5 4 6 8 1 14 7 13 11 12 3
6 3 6 2 9 10 5 4 0 8 1 14 7 13 11 12 3
4 1 6 2 9 10 5 0 4 8 1 14 7 13 11 12 3
7 1 6 2 9 10 5 7 4 8 1 14 0 13 11 12 3
3 2 6 2 9 10 5 7 4 8 1 14 3 13 11 12 0
6 3 0 2 9 10 5 7 4 8 1 14 3 13 11 12 6
4 3 4 2 9 10 5 7 0 8 1 14 3 13 11 12 6
2 1 4 0 9 10 5 7 2 8 1 14 3 13 11 12 6
4 1 0 4 9 10 5 7 2 8 1 14 3 13 11 12 6
6 3 6 4 9 10 5 7 2 8 1 14 3 13 11 12 0
5 2 6 4 9 10 0 7 2 8 1 14 3 13 11 12 5
6 2 0 4 9 10 6 7 2 8 1 14 3 13 11 12 5
7 1 7 4 9 10 6 0 2 8 1 14 3 13 11 12 5
2 1 7 4 9 10 6 2 0 8 1 14 3 13 11 12 5
13 1 7 4 9 10 6 2 13 8 1 14 3 0 11 12 5
11 1 7 4 9 10 6 2 13 8 1 14 3 11 0 12 5
12 1 7 4 9 10 6 2 13 8 1 14 3 11 12 0 5
5 1 7 4 9 10 6 2 13 8 1 14 3 11 12 5 0
7 3 0 4 9 10 6 2 13 8 1 14 3 11 12 5 7
13 3 13 4 9 10 6 2 0 8 1 14 3 11 12 5 7
11 1 13 4 9 10 6 2 11 8 1 14 3 0 12 5 7
12 1 13 4 9 10 6 2 11 8 1 14 3 12 0 5 7
5 1 13 4 9 10 6 2 11 8 1 14 3 12 5 0 7
7 1 13 4 9 10 6 2 11 8 1 14 3 12 5 7 0
1 3 13 4 9 10 6 2 11 8 0 14 3 12 5 7 1
7 1 13 4 9 10 6 2 11 8 7 14 3 12 5 0 1
1 1 13 4 9 10 6 2 11 8 7 14 3 12 5 1 0
13 3 0 4 9 10 6 2 11 8 7 14 3 12 5 1 13
11 3 11 4 9 10 6 2 0 8 7 14 3 12 5 1 13
12 1 11 4 9 10 6 2 12 8 7 14 3 0 5 1 13
5 1 11 4 9 10 6 2 12 8 7 14 3 5 0 1 13
1 1 11 4 9 10 6 2 12 8 7 14 3 5 1 0 13
13 1 11 4 9 10 6 2 12 8 7 14 3 5 1 13 0
7 3 11 4 9 10 6 2 12 8 0 14 3 5 1 13 7
13 1 11 4 9 10 6 2 12 8 13 14 3 5 1 0 7
7 1 11 4 9 10 6 2 12 8 13 14 3 5 1 7 0
11 3 0 4 9 10 6 2 12 8 13 14 3 5 1 7 11
12 3 12 4 9 10 6 2 0 8 13 14 3 5 1 7 11
5 1 12 4 9 10 6 2 5 8 13 14 3 0 1 7 11
1 1 12 4 9 10 6 2 5 8 13 14 3 1 0 7 11
7 1 12 4 9 10 6 2 5 8 13 14 3 1 7 0 11
11 1 12 4 9 10 6 2 5 8 13 14 3 1 7 11 0
13 3 12 4 9 10 6 2 5 8 0 14 3 1 7 11 13
11 1 12 4 9 10 6 2 5 8 11 14 3 1 7 0 13
7 1 12 4 9 10 6 2 5 8 11 14 3 1 0 7 13
1 1 12 4 9 10 6 2 5 8 11 14 3 0 1 7 13
3 1 12 4 9 10 6 2 5 8 11 14 0 3 1 7 13
13 2 12 4 9 10 6 2 5 8 11 14 13 3 1 7 0
12 3 0 4 9 10 6 2 5 8 11 14 13 3 1 7 12
13 2 13 4 9 10 6 2 5 8 11 14 0 3 1 7 12
3 1 13 4 9 10 6 2 5 8 11 14 3 0 1 7 12
1 1 13 4 9 10 6 2 5 8 11 14 3 1 0 7 12
7 1 13 4 9 10 6 2 5 8 11 14 3 1 7 0 12
12 1 13 4 9 10 6 2 5 8 11 14 3 1 7 12 0
13 3 0 4 9 10 6 2 5 8 11 14 3 1 7 12 13
6 2 6 4 9 10 0 2 5 8 11 14 3 1 7 12 13
13 2 6 4 9 10 13 2 5 8 11 14 3 1 7 12 0
6 3 0 4 9 10 13 2 5 8 11 14 3 1 7 12 6
5 3 5 4 9 10 13 2 0 8 11 14 3 1 7 12 6
1 1 5 4 9 10 13 2 1 8 11 14 3 0 7 12 6
3 1 5 4 9 10 13 2 1 8 11 14 0 3 7 12 6
6 2 5 4 9 10 13 2 1 8 11 14 6 3 7 12 0
5 3 0 4 9 10 13 2 1 8 11 14 6 3 7 12 5
1 3 1 4 9 10 13 2 0 8 11 14 6 3 7 12 5
3 1 1 4 9 10 13 2 3 8 11 14 6 0 7 12 5
6 1 1 4 9 10 13 2 3 8 11 14 0 6 7 12 5
5 2 1 4 9 10 13 2 3 8 11 14 5 6 7 12 0
1 3 0 4 9 10 13 2 3 8 11 14 5 6 7 12 1
5 2 5 4 9 10 13 2 3 8 11 14 0 6 7 12 1
3 3 5 4 9 10 13 2 0 8 11 14 3 6 7 12 1
4 1 5 0 9 10 13 2 4 8 11 14 3 6 7 12 1
5 1 0 5 9 10 13 2 4 8 11 14 3 6 7 12 1
4 3 4 5 9 10 13 2 0 8 11 14 3 6 7 12 1
5 1 4 0 9 10 13 2 5 8 11 14 3 6 7 12 1
4 1 0 4 9 10 13 2 5 8 11 14 3 6 7 12 1
1 3 1 4 9 10 13 2 5 8 11 14 3 6 7 12 0
12 1 1 4 9 10 13 2 5 8 11 14 3 6 7 0 12
7 1 1 4 9 10 13 2 5 8 11 14 3 6 0 7 12
8 1 1 4 9 10 13 2 5 0 11 14 3 6 8 7 12
11 1 1 4 9 10 13 2 5 11 0 14 3 6 8 7 12
7 1 1 4 9 10 13 2 5 11 7 14 3 6 8 0 12
12 1 1 4 9 10 13 2 5 11 7 14 3 6 8 12 0
7 3 1 4 9 10 13 2 5 11 0 14 3 6 8 12 7
11 1 1 4 9 10 13 2 5 0 11 14 3 6 8 12 7
8 1 1 4 9 10 13 2 5 8 11 14 3 6 0 12 7
12 1 1 4 9 10 13 2 5 8 11 14 3 6 12 0 7
7 1 1 4 9 10 13 2 5 8 11 14 3 6 12 7 0
11 3 1 4 9 10 13 2 5 8 0 14 3 6 12 7 11
7 1 1 4 9 10 13 2 5 8 7 14 3 6 12 0 11
12 1 1 4 9 10 13 2 5 8 7 14 3 6 0 12 11
8 1 1 4 9 10 13 2 5 0 7 14 3 6 8 12 11
7 1 1 4 9 10 13 2 5 7 0 14 3 6 8 12 11
10 1 1 4 9 0 13 2 5 7 10 14 3 6 8 12 11
9 1 1 4 0 9 13 2 5 7 10 14 3 6 8 12 11
7 1 1 4 7 9 13 2 5 0 10 14 3 6 8 12 11
8 1 1 4 7 9 13 2 5 8 10 14 3 6 0 12 11
12 1 1 4 7 9 13 2 5 8 10 14 3 6 12 0 11
11 1 1 4 7 9 13 2 5 8 10 14 3 6 12 11 0
10 3 1 4 7 9 13 2 5 8 0 14 3 6 12 11 10
14 1 1 4 7 9 13 2 5 8 14 0 3 6 12 11 10
10 1 1 4 7 9 13 2 5 8 14 10 3 6 12 11 0
14 3 1 4 7 9 13 2 5 8 0 10 3 6 12 11 14
11 1 1 4 7 9 13 2 5 8 11 10 3 6 12 0 14
14 1 1 4 7 9 13 2 5 8 11 10 3 6 12 14 0
11 3 1 4 7 9 13 2 5 8 0 10 3 6 12 14 11
10 1 1 4 7 9 13 2 5 8 10 0 3 6 12 14 11
11 1 1 4 7 9 13 2 5 8 10 11 3 6 12 14 0
14 1 1 4 7 9 13 2 5 8 10 11 3 6 12 0 14
12 1 1 4 7 9 13 2 5 8 10 11 3 6 0 12 14
8 1 1 4 7 9 13 2 5 0 10 11 3 6 8 12 14
10 1 1 4 7 9 13 2 5 10 0 11 3 6 8 12 14
11 1 1 4 7 9 13 2 5 10 11 0 3 6 8 12 14
14 1 1 4 7 9 13 2 5 10 11 14 3 6 8 12 0
12 1 1 4 7 9 13 2 5 10 11 14 3 6 8 0 12
8 1 1 4 7 9 13 2 5 10 11 14 3 6 0 8 12
10 1 1 4 7 9 13 2 5 0 11 14 3 6 10 8 12
11 1 1 4 7 9 13 2 5 11 0 14 3 6 10 8 12
8 1 1 4 7 9 13 2 5 11 8 14 3 6 10 0 12
12 1 1 4 7 9 13 2 5 11 8 14 3 6 10 12 0
8 3 1 4 7 9 13 2 5 11 0 14 3 6 10 12 8
9 1 1 4 7 0 13 2 5 11 9 14 3 6 10 12 8
13 1 1 4 7 13 0 2 5 11 9 14 3 6 10 12 8
8 2 1 4 7 13 8 2 5 11 9 14 3 6 10 12 0
9 3 1 4 7 13 8 2 5 11 0 14 3 6 10 12 9
11 1 1 4 7 13 8 2 5 0 11 14 3 6 10 12 9
10 1 1 4 7 13 8 2 5 10 11 14 3 6 0 12 9
12 1 1 4 7 13 8 2 5 10 11 14 3 6 12 0 9
9 1 1 4 7 13 8 2 5 10 11 14 3 6 12 9 0
8 2 1 4 7 13 0 2 5 10 11 14 3 6 12 9 8
13 1 1 4 7 0 13 2 5 10 11 14 3 6 12 9 8
7 1 1 4 0 7 13 2 5 10 11 14 3 6 12 9 8
10 1 1 4 10 7 13 2 5 0 11 14 3 6 12 9 8
12 1 1 4 10 7 13 2 5 12 11 14 3 6 0 9 8
9 1 1 4 10 7 13 2 5 12 11 14 3 6 9 0 8
8 1 1 4 10 7 13 2 5 12 11 14 3 6 9 8 0
11 3 1 4 10 7 13 2 5 12 0 14 3 6 9 8 11
12 1 1 4 10 7 13 2 5 0 12 14 3 6 9 8 11
10 1 1 4 0 7 13 2 5 10 12 14 3 6 9 8 11
7 1 1 4 7 0 13 2 5 10 12 14 3 6 9 8 11
12 1 1 4 7 12 13 2 5 10 0 14 3 6 9 8 11
8 1 1 4 7 12 13 2 5 10 8 14 3 6 9 0 11
11 1 1 4 7 12 13 2 5 10 8 14 3 6 9 11 0
8 3 1 4 7 12 13 2 5 10 0 14 3 6 9 11 8
12 1 1 4 7 0 13 2 5 10 12 14 3 6 9 11 8
13 1 1 4 7 13 0 2 5 10 12 14 3 6 9 11 8
8 2 1 4 7 13 8 2 5 10 12 14 3 6 9 11 0
12 3 1 4 7 13 8 2 5 10 0 14 3 6 9 11 12
11 1 1 4 7 13 8 2 5 10 11 14 3 6 9 0 12
12 1 1 4 7 13 8 2 5 10 11 14 3 6 9 12 0
8 2 1 4 7 13 0 2 5 10 11 14 3 6 9 12 8
11 3 1 4 7 13 11 2 5 10 0 14 3 6 9 12 8
13 1 1 4 7 0 11 2 5 10 13 14 3 6 9 12 8
11 1 1 4 7 11 0 2 5 10 13 14 3 6 9 12 8
8 2 1 4 7 11 8 2 5 10 13 14 3 6 9 12 0
13 3 1 4 7 11 8 2 5 10 0 14 3 6 9 12 13
11 1 1 4 7 0 8 2 5 10 11 14 3 6 9 12 13
8 1 1 4 7 8 0 2 5 10 11 14 3 6 9 12 13
13 2 1 4 7 8 13 2 5 10 11 14 3 6 9 12 0
11 3 1 4 7 8 13 2 5 10 0 14 3 6 9 12 11
8 1 1 4 7 0 13 2 5 10 8 14 3 6 9 12 11
7 1 1 4 0 7 13 2 5 10 8 14 3 6 9 12 11
10 1 1 4 10 7 13 2 5 0 8 14 3 6 9 12 11
8 1 1 4 10 7 13 2 5 8 0 14 3 6 9 12 11
7 1 1 4 10 0 13 2 5 8 7 14 3 6 9 12 11
10 1 1 4 0 10 13 2 5 8 7 14 3 6 9 12 11
8 1 1 4 8 10 13 2 5 0 7 14 3 6 9 12 11
7 1 1 4 8 10 13 2 5 7 0 14 3 6 9 12 11
14 1 1 4 8 10 13 2 5 7 14 0 3 6 9 12 11
11 1 1 4 8 10 13 2 5 7 14 11 3 6 9 12 0
14 3 1 4 8 10 13 2 5 7 0 11 3 6 9 12 14
11 1 1 4 8 10 13 2 5 7 11 0 3 6 9 12 14
14 1 1 4 8 10 13 2 5 7 11 14 3 6 9 12 0
13 2 1 4 8 10 0 2 5 7 11 14 3 6 9 12 13
10 1 1 4 8 0 10 2 5 7 11 14 3 6 9 12 13
8 1 1 4 0 8 10 2 5 7 11 14 3 6 9 12 13
7 1 1 4 7 8 10 2 5 0 11 14 3 6 9 12 13
11 1 1 4 7 8 10 2 5 11 0 14 3 6 9 12 13
8 1 1 4 7 0 10 2 5 11 8 14 3 6 9 12 13
10 1 1 4 7 10 0 2 5 11 8 14 3 6 9 12 13
8 3 1 4 7 10 8 2 5 11 0 14 3 6 9 12 13
11 1 1 4 7 10 8 2 5 0 11 14 3 6 9 12 13
7 1 1 4 0 10 8 2 5 7 11 14 3 6 9 12 13
10 1 1 4 10 0 8 2 5 7 11 14 3 6 9 12 13
8 1 1 4 10 8 0 2 5 7 11 14 3 6 9 12 13
13 2 1 4 10 8 13 2 5 7 11 14 3 6 9 12 0
11 3 1 4 10 8 13 2 5 7 0 14 3 6 9 12 11
7 1 1 4 10 8 13 2 5 0 7 14 3 6 9 12 11
10 1 1 4 0 8 13 2 5 10 7 14 3 6 9 12 11
8 1 1 4 8 0 13 2 5 10 7 14 3 6 9 12 11
7 1 1 4 8 7 13 2 5 10 0 14 3 6 9 12 11
10 1 1 4 8 7 13 2 5 0 10 14 3 6 9 12 11
8 1 1 4 0 7 13 2 5 8 10 14 3 6 9 12 11
7 1 1 4 7 0 13 2 5 8 10 14 3 6 9 12 11
10 1 1 4 7 10 13 2 5 8 0 14 3 6 9 12 11
14 1 1 4 7 10 13 2 5 8 14 0 3 6 9 12 11
11 1 1 4 7 10 13 2 5 8 14 11 3 6 9 12 0
14 3 1 4 7 10 13 2 5 8 0 11 3 6 9 12 14
11 1 1 4 7 10 13 2 5 8 11 0 3 6 9 12 14
14 1 1 4 7 10 13 2 5 8 11 14 3 6 9 12 0
354 4.41