0 0 11 4 0 9 13 14 6 12 2 8 10 1 5 7 3
9 1 11 4 9 0 13 14 6 12 2 8 10 1 5 7 3
2 1 11 4 9 2 13 14 6 12 0 8 10 1 5 7 3
8 1 11 4 9 2 13 14 6 12 8 0 10 1 5 7 3
3 1 11 4 9 2 13 14 6 12 8 3 10 1 5 7 0
8 3 11 4 9 2 13 14 6 12 0 3 10 1 5 7 8
3 1 11 4 9 2 13 14 6 12 3 0 10 1 5 7 8
8 1 11 4 9 2 13 14 6 12 3 8 10 1 5 7 0
11 3 0 4 9 2 13 14 6 12 3 8 10 1 5 7 11
6 3 6 4 9 2 13 14 0 12 3 8 10 1 5 7 11
12 1 6 4 9 2 13 14 12 0 3 8 10 1 5 7 11
3 1 6 4 9 2 13 14 12 3 0 8 10 1 5 7 11
8 1 6 4 9 2 13 14 12 3 8 0 10 1 5 7 11
11 1 6 4 9 2 13 14 12 3 8 11 10 1 5 7 0
8 3 6 4 9 2 13 14 12 3 0 11 10 1 5 7 8
11 1 6 4 9 2 13 14 12 3 11 0 10 1 5 7 8
8 1 6 4 9 2 13 14 12 3 11 8 10 1 5 7 0
6 3 0 4 9 2 13 14 12 3 11 8 10 1 5 7 6
12 3 12 4 9 2 13 14 0 3 11 8 10 1 5 7 6
3 1 12 4 9 2 13 14 3 0 11 8 10 1 5 7 6
5 1 12 4 9 2 13 14 3 5 11 8 10 1 0 7 6
7 1 12 4 9 2 13 14 3 5 11 8 10 1 7 0 6
6 1 12 4 9 2 13 14 3 5 11 8 10 1 7 6 0
12 3 0 4 9 2 13 14 3 5 11 8 10 1 7 6 12
3 3 3 4 9 2 13 14 0 5 11 8 10 1 7 6 12
5 1 3 4 9 2 13 14 5 0 11 8 10 1 7 6 12
7 1 3 4 9 2 13 14 5 7 11 8 10 1 0 6 12
6 1 3 4 9 2 13 14 5 7 11 8 10 1 6 0 12
12 1 3 4 9 2 13 14 5 7 11 8 10 1 6 12 0
3 3 0 4 9 2 13 14 5 7 11 8 10 1 6 12 3
10 2 10 4 9 2 13 14 5 7 11 8 0 1 6 12 3
3 2 10 4 9 2 13 14 5 7 11 8 3 1 6 12 0
8 1 10 4 9 2 13 14 5 7 11 0 3 1 6 12 8
11 1 10 4 9 2 13 14 5 7 0 11 3 1 6 12 8
7 1 10 4 9 2 13 14 5 0 7 11 3 1 6 12 8
9 1 10 4 0 2 13 14 5 9 7 11 3 1 6 12 8
2 1 10 4 2 0 13 14 5 9 7 11 3 1 6 12 8
7 1 10 4 2 7 13 14 5 9 0 11 3 1 6 12 8
11 1 10 4 2 7 13 14 5 9 11 0 3 1 6 12 8
8 1 10 4 2 7 13 14 5 9 11 8 3 1 6 12 0
10 3 0 4 2 7 13 14 5 9 11 8 3 1 6 12 10
14 1 14 4 2 7 13 0 5 9 11 8 3 1 6 12 10
5 1 14 4 2 7 13 5 0 9 11 8 3 1 6 12 10
9 1 14 4 2 7 13 5 9 0 11 8 3 1 6 12 10
6 1 14 4 2 7 13 5 9 6 11 8 3 1 0 12 10
1 1 14 4 2 7 13 5 9 6 11 8 3 0 1 12 10
9 1 14 4 2 7 13 5 0 6 11 8 3 9 1 12 10
5 1 14 4 2 7 13 0 5 6 11 8 3 9 1 12 10
3 1 14 4 2 7 13 3 5 6 11 8 0 9 1 12 10
10 2 14 4 2 7 13 3 5 6 11 8 10 9 1 12 0
14 3 0 4 2 7 13 3 5 6 11 8 10 9 1 12 14
10 2 10 4 2 7 13 3 5 6 11 8 0 9 1 12 14
3 1 10 4 2 7 13 0 5 6 11 8 3 9 1 12 14
5 1 10 4 2 7 13 5 0 6 11 8 3 9 1 12 14
6 1 10 4 2 7 13 5 6 0 11 8 3 9 1 12 14
1 1 10 4 2 7 13 5 6 1 11 8 3 9 0 12 14
9 1 10 4 2 7 13 5 6 1 11 8 3 0 9 12 14
6 1 10 4 2 7 13 5 0 1 11 8 3 6 9 12 14
5 1 10 4 2 7 13 0 5 1 11 8 3 6 9 12 14
3 1 10 4 2 7 13 3 5 1 11 8 0 6 9 12 14
14 2 10 4 2 7 13 3 5 1 11 8 14 6 9 12 0
10 3 0 4 2 7 13 3 5 1 11 8 14 6 9 12 10
14 2 14 4 2 7 13 3 5 1 11 8 0 6 9 12 10
3 1 14 4 2 7 13 0 5 1 11 8 3 6 9 12 10
5 1 14 4 2 7 13 5 0 1 11 8 3 6 9 12 10
1 1 14 4 2 7 13 5 1 0 11 8 3 6 9 12 10
2 1 14 4 0 7 13 5 1 2 11 8 3 6 9 12 10
7 1 14 4 7 0 13 5 1 2 11 8 3 6 9 12 10
13 1 14 4 7 13 0 5 1 2 11 8 3 6 9 12 10
10 2 14 4 7 13 10 5 1 2 11 8 3 6 9 12 0
14 3 0 4 7 13 10 5 1 2 11 8 3 6 9 12 14
1 3 1 4 7 13 10 5 0 2 11 8 3 6 9 12 14
5 1 1 4 7 13 10 0 5 2 11 8 3 6 9 12 14
3 1 1 4 7 13 10 3 5 2 11 8 0 6 9 12 14
10 3 1 4 7 13 0 3 5 2 11 8 10 6 9 12 14
13 1 1 4 7 0 13 3 5 2 11 8 10 6 9 12 14
11 1 1 4 7 11 13 3 5 2 0 8 10 6 9 12 14
8 1 1 4 7 11 13 3 5 2 8 0 10 6 9 12 14
14 1 1 4 7 11 13 3 5 2 8 14 10 6 9 12 0
10 2 1 4 7 11 13 3 5 2 8 14 0 6 9 12 10
3 1 1 4 7 11 13 0 5 2 8 14 3 6 9 12 10
5 1 1 4 7 11 13 5 0 2 8 14 3 6 9 12 10
2 1 1 4 7 11 13 5 2 0 8 14 3 6 9 12 10
8 1 1 4 7 11 13 5 2 8 0 14 3 6 9 12 10
11 1 1 4 7 0 13 5 2 8 11 14 3 6 9 12 10
13 1 1 4 7 13 0 5 2 8 11 14 3 6 9 12 10
10 2 1 4 7 13 10 5 2 8 11 14 3 6 9 12 0
3 2 1 4 7 13 10 5 2 8 11 14 0 6 9 12 3
2 3 1 4 7 13 10 5 0 8 11 14 2 6 9 12 3
5 1 1 4 7 13 10 0 5 8 11 14 2 6 9 12 3
2 1 1 4 7 13 10 2 5 8 11 14 0 6 9 12 3
3 2 1 4 7 13 10 2 5 8 11 14 3 6 9 12 0
10 2 1 4 7 13 0 2 5 8 11 14 3 6 9 12 10
11 3 1 4 7 13 11 2 5 8 0 14 3 6 9 12 10
13 1 1 4 7 0 11 2 5 8 13 14 3 6 9 12 10
11 1 1 4 7 11 0 2 5 8 13 14 3 6 9 12 10
10 2 1 4 7 11 10 2 5 8 13 14 3 6 9 12 0
13 3 1 4 7 11 10 2 5 8 0 14 3 6 9 12 13
11 1 1 4 7 0 10 2 5 8 11 14 3 6 9 12 13
10 1 1 4 7 10 0 2 5 8 11 14 3 6 9 12 13
13 2 1 4 7 10 13 2 5 8 11 14 3 6 9 12 0
150 0.16