0 0 0 10 7 4 6 11 5 2 3 8 1 12 9 13 14
1 2 1 10 7 4 6 11 5 2 3 8 0 12 9 13 14
14 2 1 10 7 4 6 11 5 2 3 8 14 12 9 13 0
3 3 1 10 7 4 6 11 5 2 0 8 14 12 9 13 3
8 1 1 10 7 4 6 11 5 2 8 0 14 12 9 13 3
6 1 1 10 7 4 0 11 5 2 8 6 14 12 9 13 3
3 2 1 10 7 4 3 11 5 2 8 6 14 12 9 13 0
8 3 1 10 7 4 3 11 5 2 0 6 14 12 9 13 8
6 1 1 10 7 4 3 11 5 2 6 0 14 12 9 13 8
8 1 1 10 7 4 3 11 5 2 6 8 14 12 9 13 0
6 3 1 10 7 4 3 11 5 2 0 8 14 12 9 13 6
4 1 1 10 7 0 3 11 5 2 4 8 14 12 9 13 6
3 1 1 10 7 3 0 11 5 2 4 8 14 12 9 13 6
6 2 1 10 7 3 6 11 5 2 4 8 14 12 9 13 0
4 3 1 10 7 3 6 11 5 2 0 8 14 12 9 13 4
8 1 1 10 7 3 6 11 5 2 8 0 14 12 9 13 4
4 1 1 10 7 3 6 11 5 2 8 4 14 12 9 13 0
8 3 1 10 7 3 6 11 5 2 0 4 14 12 9 13 8
13 1 1 10 7 3 6 11 5 2 13 4 14 12 9 0 8
8 1 1 10 7 3 6 11 5 2 13 4 14 12 9 8 0
13 3 1 10 7 3 6 11 5 2 0 4 14 12 9 8 13
4 1 1 10 7 3 6 11 5 2 4 0 14 12 9 8 13
13 1 1 10 7 3 6 11 5 2 4 13 14 12 9 8 0
4 3 1 10 7 3 6 11 5 2 0 13 14 12 9 8 4
8 1 1 10 7 3 6 11 5 2 8 13 14 12 9 0 4
4 1 1 10 7 3 6 11 5 2 8 13 14 12 9 4 0
8 3 1 10 7 3 6 11 5 2 0 13 14 12 9 4 8
13 1 1 10 7 3 6 11 5 2 13 0 14 12 9 4 8
8 1 1 10 7 3 6 11 5 2 13 8 14 12 9 4 0
14 2 1 10 7 3 6 11 5 2 13 8 0 12 9 4 14
6 3 1 10 7 3 0 11 5 2 13 8 6 12 9 4 14
13 3 1 10 7 3 13 11 5 2 0 8 6 12 9 4 14
8 1 1 10 7 3 13 11 5 2 8 0 6 12 9 4 14
14 1 1 10 7 3 13 11 5 2 8 14 6 12 9 4 0
6 2 1 10 7 3 13 11 5 2 8 14 0 12 9 4 6
11 1 1 10 7 3 13 0 5 2 8 14 11 12 9 4 6
5 1 1 10 7 3 13 5 0 2 8 14 11 12 9 4 6
2 1 1 10 7 3 13 5 2 0 8 14 11 12 9 4 6
8 1 1 10 7 3 13 5 2 8 0 14 11 12 9 4 6
4 1 1 10 7 3 13 5 2 8 4 14 11 12 9 0 6
6 1 1 10 7 3 13 5 2 8 4 14 11 12 9 6 0
4 3 1 10 7 3 13 5 2 8 0 14 11 12 9 6 4
6 1 1 10 7 3 13 5 2 8 6 14 11 12 9 0 4
4 1 1 10 7 3 13 5 2 8 6 14 11 12 9 4 0
11 2 1 10 7 3 13 5 2 8 6 14 0 12 9 4 11
2 3 1 10 7 3 13 5 0 8 6 14 2 12 9 4 11
5 1 1 10 7 3 13 0 5 8 6 14 2 12 9 4 11
2 1 1 10 7 3 13 2 5 8 6 14 0 12 9 4 11
11 2 1 10 7 3 13 2 5 8 6 14 11 12 9 4 0
4 1 1 10 7 3 13 2 5 8 6 14 11 12 9 0 4
9 1 1 10 7 3 13 2 5 8 6 14 11 12 0 9 4
12 1 1 10 7 3 13 2 5 8 6 14 11 0 12 9 4
11 1 1 10 7 3 13 2 5 8 6 14 0 11 12 9 4
4 2 1 10 7 3 13 2 5 8 6 14 4 11 12 9 0
6 3 1 10 7 3 13 2 5 8 0 14 4 11 12 9 6
9 1 1 10 7 3 13 2 5 8 9 14 4 11 12 0 6
12 1 1 10 7 3 13 2 5 8 9 14 4 11 0 12 6
11 1 1 10 7 3 13 2 5 8 9 14 4 0 11 12 6
4 1 1 10 7 3 13 2 5 8 9 14 0 4 11 12 6
6 2 1 10 7 3 13 2 5 8 9 14 6 4 11 12 0
9 3 1 10 7 3 13 2 5 8 0 14 6 4 11 12 9
3 1 1 10 7 0 13 2 5 8 3 14 6 4 11 12 9
13 1 1 10 7 13 0 2 5 8 3 14 6 4 11 12 9
9 2 1 10 7 13 9 2 5 8 3 14 6 4 11 12 0
3 3 1 10 7 13 9 2 5 8 0 14 6 4 11 12 3
13 1 1 10 7 0 9 2 5 8 13 14 6 4 11 12 3
9 1 1 10 7 9 0 2 5 8 13 14 6 4 11 12 3
3 2 1 10 7 9 3 2 5 8 13 14 6 4 11 12 0
6 2 1 10 7 9 3 2 5 8 13 14 0 4 11 12 6
3 3 1 10 7 9 0 2 5 8 13 14 3 4 11 12 6
6 2 1 10 7 9 6 2 5 8 13 14 3 4 11 12 0
13 3 1 10 7 9 6 2 5 8 0 14 3 4 11 12 13
9 1 1 10 7 0 6 2 5 8 9 14 3 4 11 12 13
6 1 1 10 7 6 0 2 5 8 9 14 3 4 11 12 13
13 2 1 10 7 6 13 2 5 8 9 14 3 4 11 12 0
9 3 1 10 7 6 13 2 5 8 0 14 3 4 11 12 9
12 1 1 10 7 6 13 2 5 8 12 14 3 4 11 0 9
11 1 1 10 7 6 13 2 5 8 12 14 3 4 0 11 9
4 1 1 10 7 6 13 2 5 8 12 14 3 0 4 11 9
3 1 1 10 7 6 13 2 5 8 12 14 0 3 4 11 9
9 2 1 10 7 6 13 2 5 8 12 14 9 3 4 11 0
12 3 1 10 7 6 13 2 5 8 0 14 9 3 4 11 12
11 1 1 10 7 6 13 2 5 8 11 14 9 3 4 0 12
12 1 1 10 7 6 13 2 5 8 11 14 9 3 4 12 0
9 2 1 10 7 6 13 2 5 8 11 14 0 3 4 12 9
3 1 1 10 7 6 13 2 5 8 11 14 3 0 4 12 9
5 1 1 10 7 6 13 2 0 8 11 14 3 5 4 12 9
10 1 1 0 7 6 13 2 10 8 11 14 3 5 4 12 9
1 1 0 1 7 6 13 2 10 8 11 14 3 5 4 12 9
10 3 10 1 7 6 13 2 0 8 11 14 3 5 4 12 9
5 1 10 1 7 6 13 2 5 8 11 14 3 0 4 12 9
4 1 10 1 7 6 13 2 5 8 11 14 3 4 0 12 9
12 1 10 1 7 6 13 2 5 8 11 14 3 4 12 0 9
9 1 10 1 7 6 13 2 5 8 11 14 3 4 12 9 0
10 3 0 1 7 6 13 2 5 8 11 14 3 4 12 9 10
1 1 1 0 7 6 13 2 5 8 11 14 3 4 12 9 10
5 1 1 5 7 6 13 2 0 8 11 14 3 4 12 9 10
4 1 1 5 7 6 13 2 4 8 11 14 3 0 12 9 10
12 1 1 5 7 6 13 2 4 8 11 14 3 12 0 9 10
9 1 1 5 7 6 13 2 4 8 11 14 3 12 9 0 10
10 1 1 5 7 6 13 2 4 8 11 14 3 12 9 10 0
1 3 0 5 7 6 13 2 4 8 11 14 3 12 9 10 1
4 3 4 5 7 6 13 2 0 8 11 14 3 12 9 10 1
5 1 4 0 7 6 13 2 5 8 11 14 3 12 9 10 1
4 1 0 4 7 6 13 2 5 8 11 14 3 12 9 10 1
1 3 1 4 7 6 13 2 5 8 11 14 3 12 9 10 0
13 2 1 4 7 6 0 2 5 8 11 14 3 12 9 10 13
6 1 1 4 7 0 6 2 5 8 11 14 3 12 9 10 13
11 1 1 4 7 11 6 2 5 8 0 14 3 12 9 10 13
10 1 1 4 7 11 6 2 5 8 10 14 3 12 9 0 13
13 1 1 4 7 11 6 2 5 8 10 14 3 12 9 13 0
6 2 1 4 7 11 0 2 5 8 10 14 3 12 9 13 6
10 3 1 4 7 11 10 2 5 8 0 14 3 12 9 13 6
11 1 1 4 7 0 10 2 5 8 11 14 3 12 9 13 6
10 1 1 4 7 10 0 2 5 8 11 14 3 12 9 13 6
6 2 1 4 7 10 6 2 5 8 11 14 3 12 9 13 0
11 3 1 4 7 10 6 2 5 8 0 14 3 12 9 13 11
13 1 1 4 7 10 6 2 5 8 13 14 3 12 9 0 11
11 1 1 4 7 10 6 2 5 8 13 14 3 12 9 11 0
6 2 1 4 7 10 0 2 5 8 13 14 3 12 9 11 6
13 3 1 4 7 10 13 2 5 8 0 14 3 12 9 11 6
11 1 1 4 7 10 13 2 5 8 11 14 3 12 9 0 6
6 1 1 4 7 10 13 2 5 8 11 14 3 12 9 6 0
3 2 1 4 7 10 13 2 5 8 11 14 0 12 9 6 3
5 3 1 4 7 10 13 2 0 8 11 14 5 12 9 6 3
12 1 1 4 7 10 13 2 12 8 11 14 5 0 9 6 3
5 1 1 4 7 10 13 2 12 8 11 14 0 5 9 6 3
3 2 1 4 7 10 13 2 12 8 11 14 3 5 9 6 0
1 3 0 4 7 10 13 2 12 8 11 14 3 5 9 6 1
12 3 12 4 7 10 13 2 0 8 11 14 3 5 9 6 1
5 1 12 4 7 10 13 2 5 8 11 14 3 0 9 6 1
3 1 12 4 7 10 13 2 5 8 11 14 0 3 9 6 1
1 2 12 4 7 10 13 2 5 8 11 14 1 3 9 6 0
12 3 0 4 7 10 13 2 5 8 11 14 1 3 9 6 12
1 2 1 4 7 10 13 2 5 8 11 14 0 3 9 6 12
3 1 1 4 7 10 13 2 5 8 11 14 3 0 9 6 12
9 1 1 4 7 10 13 2 5 8 11 14 3 9 0 6 12
6 1 1 4 7 10 13 2 5 8 11 14 3 9 6 0 12
12 1 1 4 7 10 13 2 5 8 11 14 3 9 6 12 0
11 3 1 4 7 10 13 2 5 8 0 14 3 9 6 12 11
8 1 1 4 7 10 13 2 5 0 8 14 3 9 6 12 11
6 1 1 4 7 10 13 2 5 6 8 14 3 9 0 12 11
9 1 1 4 7 10 13 2 5 6 8 14 3 0 9 12 11
5 1 1 4 7 10 13 2 0 6 8 14 3 5 9 12 11
6 1 1 4 7 10 13 2 6 0 8 14 3 5 9 12 11
8 1 1 4 7 10 13 2 6 8 0 14 3 5 9 12 11
14 1 1 4 7 10 13 2 6 8 14 0 3 5 9 12 11
11 1 1 4 7 10 13 2 6 8 14 11 3 5 9 12 0
14 3 1 4 7 10 13 2 6 8 0 11 3 5 9 12 14
11 1 1 4 7 10 13 2 6 8 11 0 3 5 9 12 14
14 1 1 4 7 10 13 2 6 8 11 14 3 5 9 12 0
3 2 1 4 7 10 13 2 6 8 11 14 0 5 9 12 3
6 3 1 4 7 10 13 2 0 8 11 14 6 5 9 12 3
5 1 1 4 7 10 13 2 5 8 11 14 6 0 9 12 3
6 1 1 4 7 10 13 2 5 8 11 14 0 6 9 12 3
3 2 1 4 7 10 13 2 5 8 11 14 3 6 9 12 0
250 0.85