0 0 11 9 8 3 7 1 10 4 2 14 6 13 5 12 0
2 3 11 9 8 3 7 1 10 4 0 14 6 13 5 12 2
4 1 11 9 8 3 7 1 10 0 4 14 6 13 5 12 2
8 1 11 9 0 3 7 1 10 8 4 14 6 13 5 12 2
3 1 11 9 3 0 7 1 10 8 4 14 6 13 5 12 2
7 1 11 9 3 7 0 1 10 8 4 14 6 13 5 12 2
2 2 11 9 3 7 2 1 10 8 4 14 6 13 5 12 0
4 3 11 9 3 7 2 1 10 8 0 14 6 13 5 12 4
7 1 11 9 3 0 2 1 10 8 7 14 6 13 5 12 4
2 1 11 9 3 2 0 1 10 8 7 14 6 13 5 12 4
4 2 11 9 3 2 4 1 10 8 7 14 6 13 5 12 0
7 3 11 9 3 2 4 1 10 8 0 14 6 13 5 12 7
2 1 11 9 3 0 4 1 10 8 2 14 6 13 5 12 7
4 1 11 9 3 4 0 1 10 8 2 14 6 13 5 12 7
7 2 11 9 3 4 7 1 10 8 2 14 6 13 5 12 0
11 3 0 9 3 4 7 1 10 8 2 14 6 13 5 12 11
1 1 1 9 3 4 7 0 10 8 2 14 6 13 5 12 11
6 1 1 9 3 4 7 6 10 8 2 14 0 13 5 12 11
11 2 1 9 3 4 7 6 10 8 2 14 11 13 5 12 0
2 3 1 9 3 4 7 6 10 8 0 14 11 13 5 12 2
14 1 1 9 3 4 7 6 10 8 14 0 11 13 5 12 2
2 1 1 9 3 4 7 6 10 8 14 2 11 13 5 12 0
14 3 1 9 3 4 7 6 10 8 0 2 11 13 5 12 14
12 1 1 9 3 4 7 6 10 8 12 2 11 13 5 0 14
14 1 1 9 3 4 7 6 10 8 12 2 11 13 5 14 0
12 3 1 9 3 4 7 6 10 8 0 2 11 13 5 14 12
2 1 1 9 3 4 7 6 10 8 2 0 11 13 5 14 12
12 1 1 9 3 4 7 6 10 8 2 12 11 13 5 14 0
7 2 1 9 3 4 0 6 10 8 2 12 11 13 5 14 7
2 3 1 9 3 4 2 6 10 8 0 12 11 13 5 14 7
8 1 1 9 3 4 2 6 10 0 8 12 11 13 5 14 7
10 1 1 9 3 4 2 6 0 10 8 12 11 13 5 14 7
13 1 1 9 3 4 2 6 13 10 8 12 11 0 5 14 7
5 1 1 9 3 4 2 6 13 10 8 12 11 5 0 14 7
10 1 1 9 3 4 2 6 13 0 8 12 11 5 10 14 7
8 1 1 9 3 4 2 6 13 8 0 12 11 5 10 14 7
12 1 1 9 3 4 2 6 13 8 12 0 11 5 10 14 7
7 1 1 9 3 4 2 6 13 8 12 7 11 5 10 14 0
12 3 1 9 3 4 2 6 13 8 0 7 11 5 10 14 12
7 1 1 9 3 4 2 6 13 8 7 0 11 5 10 14 12
12 1 1 9 3 4 2 6 13 8 7 12 11 5 10 14 0
2 2 1 9 3 4 0 6 13 8 7 12 11 5 10 14 2
7 3 1 9 3 4 7 6 13 8 0 12 11 5 10 14 2
8 1 1 9 3 4 7 6 13 0 8 12 11 5 10 14 2
13 1 1 9 3 4 7 6 0 13 8 12 11 5 10 14 2
5 1 1 9 3 4 7 6 5 13 8 12 11 0 10 14 2
10 1 1 9 3 4 7 6 5 13 8 12 11 10 0 14 2
13 1 1 9 3 4 7 6 5 0 8 12 11 10 13 14 2
8 1 1 9 3 4 7 6 5 8 0 12 11 10 13 14 2
12 1 1 9 3 4 7 6 5 8 12 0 11 10 13 14 2
2 1 1 9 3 4 7 6 5 8 12 2 11 10 13 14 0
12 3 1 9 3 4 7 6 5 8 0 2 11 10 13 14 12
2 1 1 9 3 4 7 6 5 8 2 0 11 10 13 14 12
7 1 1 9 3 4 0 6 5 8 2 7 11 10 13 14 12
1 2 0 9 3 4 1 6 5 8 2 7 11 10 13 14 12
12 3 12 9 3 4 1 6 5 8 2 7 11 10 13 14 0
2 3 12 9 3 4 1 6 5 8 0 7 11 10 13 14 2
7 1 12 9 3 4 1 6 5 8 7 0 11 10 13 14 2
2 1 12 9 3 4 1 6 5 8 7 2 11 10 13 14 0
1 2 12 9 3 4 0 6 5 8 7 2 11 10 13 14 1
7 3 12 9 3 4 7 6 5 8 0 2 11 10 13 14 1
2 1 12 9 3 4 7 6 5 8 2 0 11 10 13 14 1
1 1 12 9 3 4 7 6 5 8 2 1 11 10 13 14 0
2 3 12 9 3 4 7 6 5 8 0 1 11 10 13 14 2
1 1 12 9 3 4 7 6 5 8 1 0 11 10 13 14 2
2 1 12 9 3 4 7 6 5 8 1 2 11 10 13 14 0
12 3 0 9 3 4 7 6 5 8 1 2 11 10 13 14 12
5 3 5 9 3 4 7 6 0 8 1 2 11 10 13 14 12
9 1 5 0 3 4 7 6 9 8 1 2 11 10 13 14 12
5 1 0 5 3 4 7 6 9 8 1 2 11 10 13 14 12
12 3 12 5 3 4 7 6 9 8 1 2 11 10 13 14 0
1 3 12 5 3 4 7 6 9 8 0 2 11 10 13 14 1
2 1 12 5 3 4 7 6 9 8 2 0 11 10 13 14 1
1 1 12 5 3 4 7 6 9 8 2 1 11 10 13 14 0
12 3 0 5 3 4 7 6 9 8 2 1 11 10 13 14 12
7 2 7 5 3 4 0 6 9 8 2 1 11 10 13 14 12
12 2 7 5 3 4 12 6 9 8 2 1 11 10 13 14 0
1 1 7 5 3 4 12 6 9 8 2 0 11 10 13 14 1
12 1 7 5 3 4 0 6 9 8 2 12 11 10 13 14 1
1 2 7 5 3 4 1 6 9 8 2 12 11 10 13 14 0
2 3 7 5 3 4 1 6 9 8 0 12 11 10 13 14 2
12 1 7 5 3 4 1 6 9 8 12 0 11 10 13 14 2
2 1 7 5 3 4 1 6 9 8 12 2 11 10 13 14 0
7 3 0 5 3 4 1 6 9 8 12 2 11 10 13 14 7
1 2 1 5 3 4 0 6 9 8 12 2 11 10 13 14 7
11 3 1 5 3 4 11 6 9 8 12 2 0 10 13 14 7
7 2 1 5 3 4 11 6 9 8 12 2 7 10 13 14 0
12 3 1 5 3 4 11 6 9 8 0 2 7 10 13 14 12
2 1 1 5 3 4 11 6 9 8 2 0 7 10 13 14 12
12 1 1 5 3 4 11 6 9 8 2 12 7 10 13 14 0
11 2 1 5 3 4 0 6 9 8 2 12 7 10 13 14 11
2 3 1 5 3 4 2 6 9 8 0 12 7 10 13 14 11
12 1 1 5 3 4 2 6 9 8 12 0 7 10 13 14 11
11 1 1 5 3 4 2 6 9 8 12 11 7 10 13 14 0
12 3 1 5 3 4 2 6 9 8 0 11 7 10 13 14 12
11 1 1 5 3 4 2 6 9 8 11 0 7 10 13 14 12
12 1 1 5 3 4 2 6 9 8 11 12 7 10 13 14 0
2 2 1 5 3 4 0 6 9 8 11 12 7 10 13 14 2
7 3 1 5 3 4 7 6 9 8 11 12 0 10 13 14 2
2 2 1 5 3 4 7 6 9 8 11 12 2 10 13 14 0
11 3 1 5 3 4 7 6 9 8 0 12 2 10 13 14 11
12 1 1 5 3 4 7 6 9 8 12 0 2 10 13 14 11
11 1 1 5 3 4 7 6 9 8 12 11 2 10 13 14 0
7 2 1 5 3 4 0 6 9 8 12 11 2 10 13 14 7
12 3 1 5 3 4 12 6 9 8 0 11 2 10 13 14 7
11 1 1 5 3 4 12 6 9 8 11 0 2 10 13 14 7
7 1 1 5 3 4 12 6 9 8 11 7 2 10 13 14 0
11 3 1 5 3 4 12 6 9 8 0 7 2 10 13 14 11
7 1 1 5 3 4 12 6 9 8 7 0 2 10 13 14 11
11 1 1 5 3 4 12 6 9 8 7 11 2 10 13 14 0
12 2 1 5 3 4 0 6 9 8 7 11 2 10 13 14 12
2 3 1 5 3 4 2 6 9 8 7 11 0 10 13 14 12
12 2 1 5 3 4 2 6 9 8 7 11 12 10 13 14 0
7 3 1 5 3 4 2 6 9 8 0 11 12 10 13 14 7
11 1 1 5 3 4 2 6 9 8 11 0 12 10 13 14 7
7 1 1 5 3 4 2 6 9 8 11 7 12 10 13 14 0
2 2 1 5 3 4 0 6 9 8 11 7 12 10 13 14 2
11 3 1 5 3 4 11 6 9 8 0 7 12 10 13 14 2
7 1 1 5 3 4 11 6 9 8 7 0 12 10 13 14 2
2 1 1 5 3 4 11 6 9 8 7 2 12 10 13 14 0
7 3 1 5 3 4 11 6 9 8 0 2 12 10 13 14 7
2 1 1 5 3 4 11 6 9 8 2 0 12 10 13 14 7
7 1 1 5 3 4 11 6 9 8 2 7 12 10 13 14 0
11 2 1 5 3 4 0 6 9 8 2 7 12 10 13 14 11
7 1 1 5 3 4 7 6 9 8 2 0 12 10 13 14 11
11 1 1 5 3 4 7 6 9 8 2 11 12 10 13 14 0
12 2 1 5 3 4 7 6 9 8 2 11 0 10 13 14 12
9 3 1 5 3 4 7 6 0 8 2 11 9 10 13 14 12
10 1 1 5 3 4 7 6 10 8 2 11 9 0 13 14 12
9 1 1 5 3 4 7 6 10 8 2 11 0 9 13 14 12
7 3 1 5 3 4 0 6 10 8 2 11 7 9 13 14 12
2 3 1 5 3 4 2 6 10 8 0 11 7 9 13 14 12
11 1 1 5 3 4 2 6 10 8 11 0 7 9 13 14 12
12 1 1 5 3 4 2 6 10 8 11 12 7 9 13 14 0
11 3 1 5 3 4 2 6 10 8 0 12 7 9 13 14 11
12 1 1 5 3 4 2 6 10 8 12 0 7 9 13 14 11
11 1 1 5 3 4 2 6 10 8 12 11 7 9 13 14 0
1 3 0 5 3 4 2 6 10 8 12 11 7 9 13 14 1
10 3 10 5 3 4 2 6 0 8 12 11 7 9 13 14 1
9 1 10 5 3 4 2 6 9 8 12 11 7 0 13 14 1
7 1 10 5 3 4 2 6 9 8 12 11 0 7 13 14 1
9 3 10 5 3 4 2 6 0 8 12 11 9 7 13 14 1
7 1 10 5 3 4 2 6 7 8 12 11 9 0 13 14 1
9 1 10 5 3 4 2 6 7 8 12 11 0 9 13 14 1
1 2 10 5 3 4 2 6 7 8 12 11 1 9 13 14 0
12 3 10 5 3 4 2 6 7 8 0 11 1 9 13 14 12
11 1 10 5 3 4 2 6 7 8 11 0 1 9 13 14 12
12 1 10 5 3 4 2 6 7 8 11 12 1 9 13 14 0
10 3 0 5 3 4 2 6 7 8 11 12 1 9 13 14 10
1 2 1 5 3 4 2 6 7 8 11 12 0 9 13 14 10
10 2 1 5 3 4 2 6 7 8 11 12 10 9 13 14 0
11 3 1 5 3 4 2 6 7 8 0 12 10 9 13 14 11
12 1 1 5 3 4 2 6 7 8 12 0 10 9 13 14 11
11 1 1 5 3 4 2 6 7 8 12 11 10 9 13 14 0
2 2 1 5 3 4 0 6 7 8 12 11 10 9 13 14 2
12 3 1 5 3 4 12 6 7 8 0 11 10 9 13 14 2
11 1 1 5 3 4 12 6 7 8 11 0 10 9 13 14 2
2 1 1 5 3 4 12 6 7 8 11 2 10 9 13 14 0
11 3 1 5 3 4 12 6 7 8 0 2 10 9 13 14 11
2 1 1 5 3 4 12 6 7 8 2 0 10 9 13 14 11
11 1 1 5 3 4 12 6 7 8 2 11 10 9 13 14 0
12 2 1 5 3 4 0 6 7 8 2 11 10 9 13 14 12
10 3 1 5 3 4 10 6 7 8 2 11 0 9 13 14 12
12 2 1 5 3 4 10 6 7 8 2 11 12 9 13 14 0
2 3 1 5 3 4 10 6 7 8 0 11 12 9 13 14 2
11 1 1 5 3 4 10 6 7 8 11 0 12 9 13 14 2
10 1 1 5 3 4 0 6 7 8 11 10 12 9 13 14 2
2 2 1 5 3 4 2 6 7 8 11 10 12 9 13 14 0
12 2 1 5 3 4 2 6 7 8 11 10 0 9 13 14 12
2 3 1 5 3 4 0 6 7 8 11 10 2 9 13 14 12
11 3 1 5 3 4 11 6 7 8 0 10 2 9 13 14 12
10 1 1 5 3 4 11 6 7 8 10 0 2 9 13 14 12
12 1 1 5 3 4 11 6 7 8 10 12 2 9 13 14 0
10 3 1 5 3 4 11 6 7 8 0 12 2 9 13 14 10
12 1 1 5 3 4 11 6 7 8 12 0 2 9 13 14 10
10 1 1 5 3 4 11 6 7 8 12 10 2 9 13 14 0
11 2 1 5 3 4 0 6 7 8 12 10 2 9 13 14 11
2 3 1 5 3 4 2 6 7 8 12 10 0 9 13 14 11
11 2 1 5 3 4 2 6 7 8 12 10 11 9 13 14 0
2 2 1 5 3 4 0 6 7 8 12 10 11 9 13 14 2
1 2 0 5 3 4 1 6 7 8 12 10 11 9 13 14 2
7 3 7 5 3 4 1 6 0 8 12 10 11 9 13 14 2
5 1 7 0 3 4 1 6 5 8 12 10 11 9 13 14 2
7 1 0 7 3 4 1 6 5 8 12 10 11 9 13 14 2
1 2 1 7 3 4 0 6 5 8 12 10 11 9 13 14 2
12 3 1 7 3 4 12 6 5 8 0 10 11 9 13 14 2
10 1 1 7 3 4 12 6 5 8 10 0 11 9 13 14 2
2 1 1 7 3 4 12 6 5 8 10 2 11 9 13 14 0
10 3 1 7 3 4 12 6 5 8 0 2 11 9 13 14 10
2 1 1 7 3 4 12 6 5 8 2 0 11 9 13 14 10
10 1 1 7 3 4 12 6 5 8 2 10 11 9 13 14 0
12 2 1 7 3 4 0 6 5 8 2 10 11 9 13 14 12
11 3 1 7 3 4 11 6 5 8 2 10 0 9 13 14 12
5 3 1 7 3 4 11 6 0 8 2 10 5 9 13 14 12
7 1 1 0 3 4 11 6 7 8 2 10 5 9 13 14 12
1 1 0 1 3 4 11 6 7 8 2 10 5 9 13 14 12
12 3 12 1 3 4 11 6 7 8 2 10 5 9 13 14 0
11 2 12 1 3 4 0 6 7 8 2 10 5 9 13 14 11
5 3 12 1 3 4 5 6 7 8 2 10 0 9 13 14 11
11 2 12 1 3 4 5 6 7 8 2 10 11 9 13 14 0
12 3 0 1 3 4 5 6 7 8 2 10 11 9 13 14 12
1 1 1 0 3 4 5 6 7 8 2 10 11 9 13 14 12
7 1 1 7 3 4 5 6 0 8 2 10 11 9 13 14 12
9 1 1 7 3 4 5 6 9 8 2 10 11 0 13 14 12
11 1 1 7 3 4 5 6 9 8 2 10 0 11 13 14 12
9 3 1 7 3 4 5 6 0 8 2 10 9 11 13 14 12
7 1 1 0 3 4 5 6 7 8 2 10 9 11 13 14 12
1 1 0 1 3 4 5 6 7 8 2 10 9 11 13 14 12
12 3 12 1 3 4 5 6 7 8 2 10 9 11 13 14 0
9 2 12 1 3 4 5 6 7 8 2 10 0 11 13 14 9
11 1 12 1 3 4 5 6 7 8 2 10 11 0 13 14 9
7 1 12 1 3 4 5 6 0 8 2 10 11 7 13 14 9
1 1 12 0 3 4 5 6 1 8 2 10 11 7 13 14 9
12 1 0 12 3 4 5 6 1 8 2 10 11 7 13 14 9
1 3 1 12 3 4 5 6 0 8 2 10 11 7 13 14 9
7 1 1 12 3 4 5 6 7 8 2 10 11 0 13 14 9
11 1 1 12 3 4 5 6 7 8 2 10 0 11 13 14 9
9 2 1 12 3 4 5 6 7 8 2 10 9 11 13 14 0
2 3 1 12 3 4 5 6 7 8 0 10 9 11 13 14 2
14 1 1 12 3 4 5 6 7 8 14 10 9 11 13 0 2
2 1 1 12 3 4 5 6 7 8 14 10 9 11 13 2 0
9 2 1 12 3 4 5 6 7 8 14 10 0 11 13 2 9
11 1 1 12 3 4 5 6 7 8 14 10 11 0 13 2 9
13 1 1 12 3 4 5 6 7 8 14 10 11 13 0 2 9
2 1 1 12 3 4 5 6 7 8 14 10 11 13 2 0 9
14 1 1 12 3 4 5 6 7 8 0 10 11 13 2 14 9
10 1 1 12 3 4 5 6 7 8 10 0 11 13 2 14 9
9 1 1 12 3 4 5 6 7 8 10 9 11 13 2 14 0
10 3 1 12 3 4 5 6 7 8 0 9 11 13 2 14 10
9 1 1 12 3 4 5 6 7 8 9 0 11 13 2 14 10
10 1 1 12 3 4 5 6 7 8 9 10 11 13 2 14 0
14 1 1 12 3 4 5 6 7 8 9 10 11 13 2 0 14
2 1 1 12 3 4 5 6 7 8 9 10 11 13 0 2 14
13 1 1 12 3 4 5 6 7 8 9 10 11 0 13 2 14
7 1 1 12 3 4 5 6 0 8 9 10 11 7 13 2 14
12 1 1 0 3 4 5 6 12 8 9 10 11 7 13 2 14
1 1 0 1 3 4 5 6 12 8 9 10 11 7 13 2 14
12 3 12 1 3 4 5 6 0 8 9 10 11 7 13 2 14
7 1 12 1 3 4 5 6 7 8 9 10 11 0 13 2 14
13 1 12 1 3 4 5 6 7 8 9 10 11 13 0 2 14
2 1 12 1 3 4 5 6 7 8 9 10 11 13 2 0 14
14 1 12 1 3 4 5 6 7 8 9 10 11 13 2 14 0
12 3 0 1 3 4 5 6 7 8 9 10 11 13 2 14 12
1 1 1 0 3 4 5 6 7 8 9 10 11 13 2 14 12
3 1 1 3 0 4 5 6 7 8 9 10 11 13 2 14 12
8 1 1 3 8 4 5 6 7 0 9 10 11 13 2 14 12
2 1 1 3 8 4 5 6 7 2 9 10 11 13 0 14 12
13 1 1 3 8 4 5 6 7 2 9 10 11 0 13 14 12
7 1 1 3 8 4 5 6 0 2 9 10 11 7 13 14 12
2 1 1 3 8 4 5 6 2 0 9 10 11 7 13 14 12
8 1 1 3 0 4 5 6 2 8 9 10 11 7 13 14 12
3 1 1 0 3 4 5 6 2 8 9 10 11 7 13 14 12
2 1 1 2 3 4 5 6 0 8 9 10 11 7 13 14 12
7 1 1 2 3 4 5 6 7 8 9 10 11 0 13 14 12
11 1 1 2 3 4 5 6 7 8 9 10 0 11 13 14 12
6 1 1 2 3 4 5 0 7 8 9 10 6 11 13 14 12
7 1 1 2 3 4 5 7 0 8 9 10 6 11 13 14 12
11 1 1 2 3 4 5 7 11 8 9 10 6 0 13 14 12
6 1 1 2 3 4 5 7 11 8 9 10 0 6 13 14 12
11 3 1 2 3 4 5 7 0 8 9 10 11 6 13 14 12
7 1 1 2 3 4 5 0 7 8 9 10 11 6 13 14 12
11 1 1 2 3 4 5 11 7 8 9 10 0 6 13 14 12
1 2 0 2 3 4 5 11 7 8 9 10 1 6 13 14 12
11 1 11 2 3 4 5 0 7 8 9 10 1 6 13 14 12
1 1 11 2 3 4 5 1 7 8 9 10 0 6 13 14 12
12 2 11 2 3 4 5 1 7 8 9 10 12 6 13 14 0
11 3 0 2 3 4 5 1 7 8 9 10 12 6 13 14 11
1 1 1 2 3 4 5 0 7 8 9 10 12 6 13 14 11
12 1 1 2 3 4 5 12 7 8 9 10 0 6 13 14 11
6 1 1 2 3 4 5 12 7 8 9 10 6 0 13 14 11
7 1 1 2 3 4 5 12 0 8 9 10 6 7 13 14 11
12 1 1 2 3 4 5 0 12 8 9 10 6 7 13 14 11
6 1 1 2 3 4 5 6 12 8 9 10 0 7 13 14 11
12 3 1 2 3 4 5 6 0 8 9 10 12 7 13 14 11
7 1 1 2 3 4 5 6 7 8 9 10 12 0 13 14 11
12 1 1 2 3 4 5 6 7 8 9 10 0 12 13 14 11
11 2 1 2 3 4 5 6 7 8 9 10 11 12 13 14 0
460 18.69