0 0 11 9 10 14 1 3 8 5 6 2 7 13 0 4 12
13 1 11 9 10 14 1 3 8 5 6 2 7 0 13 4 12
7 1 11 9 10 14 1 3 8 5 6 2 0 7 13 4 12
11 2 0 9 10 14 1 3 8 5 6 2 11 7 13 4 12
1 2 1 9 10 14 0 3 8 5 6 2 11 7 13 4 12
12 2 1 9 10 14 12 3 8 5 6 2 11 7 13 4 0
6 3 1 9 10 14 12 3 8 5 0 2 11 7 13 4 6
2 1 1 9 10 14 12 3 8 5 2 0 11 7 13 4 6
6 1 1 9 10 14 12 3 8 5 2 6 11 7 13 4 0
2 3 1 9 10 14 12 3 8 5 0 6 11 7 13 4 2
5 1 1 9 10 14 12 3 8 0 5 6 11 7 13 4 2
8 1 1 9 10 14 12 3 0 8 5 6 11 7 13 4 2
7 1 1 9 10 14 12 3 7 8 5 6 11 0 13 4 2
13 1 1 9 10 14 12 3 7 8 5 6 11 13 0 4 2
4 1 1 9 10 14 12 3 7 8 5 6 11 13 4 0 2
2 1 1 9 10 14 12 3 7 8 5 6 11 13 4 2 0
5 3 1 9 10 14 12 3 7 8 0 6 11 13 4 2 5
6 1 1 9 10 14 12 3 7 8 6 0 11 13 4 2 5
5 1 1 9 10 14 12 3 7 8 6 5 11 13 4 2 0
6 3 1 9 10 14 12 3 7 8 0 5 11 13 4 2 6
2 1 1 9 10 14 12 3 7 8 2 5 11 13 4 0 6
6 1 1 9 10 14 12 3 7 8 2 5 11 13 4 6 0
2 3 1 9 10 14 12 3 7 8 0 5 11 13 4 6 2
5 1 1 9 10 14 12 3 7 8 5 0 11 13 4 6 2
2 1 1 9 10 14 12 3 7 8 5 2 11 13 4 6 0
6 1 1 9 10 14 12 3 7 8 5 2 11 13 4 0 6
4 1 1 9 10 14 12 3 7 8 5 2 11 13 0 4 6
13 1 1 9 10 14 12 3 7 8 5 2 11 0 13 4 6
11 1 1 9 10 14 12 3 7 8 5 2 0 11 13 4 6
6 2 1 9 10 14 12 3 7 8 5 2 6 11 13 4 0
5 3 1 9 10 14 12 3 7 8 0 2 6 11 13 4 5
2 1 1 9 10 14 12 3 7 8 2 0 6 11 13 4 5
5 1 1 9 10 14 12 3 7 8 2 5 6 11 13 4 0
2 3 1 9 10 14 12 3 7 8 0 5 6 11 13 4 2
4 1 1 9 10 14 12 3 7 8 4 5 6 11 13 0 2
2 1 1 9 10 14 12 3 7 8 4 5 6 11 13 2 0
4 3 1 9 10 14 12 3 7 8 0 5 6 11 13 2 4
5 1 1 9 10 14 12 3 7 8 5 0 6 11 13 2 4
4 1 1 9 10 14 12 3 7 8 5 4 6 11 13 2 0
5 3 1 9 10 14 12 3 7 8 0 4 6 11 13 2 5
2 1 1 9 10 14 12 3 7 8 2 4 6 11 13 0 5
5 1 1 9 10 14 12 3 7 8 2 4 6 11 13 5 0
2 3 1 9 10 14 12 3 7 8 0 4 6 11 13 5 2
4 1 1 9 10 14 12 3 7 8 4 0 6 11 13 5 2
2 1 1 9 10 14 12 3 7 8 4 2 6 11 13 5 0
4 3 1 9 10 14 12 3 7 8 0 2 6 11 13 5 4
14 1 1 9 10 0 12 3 7 8 14 2 6 11 13 5 4
12 1 1 9 10 12 0 3 7 8 14 2 6 11 13 5 4
4 2 1 9 10 12 4 3 7 8 14 2 6 11 13 5 0
14 3 1 9 10 12 4 3 7 8 0 2 6 11 13 5 14
2 1 1 9 10 12 4 3 7 8 2 0 6 11 13 5 14
14 1 1 9 10 12 4 3 7 8 2 14 6 11 13 5 0
2 3 1 9 10 12 4 3 7 8 0 14 6 11 13 5 2
5 1 1 9 10 12 4 3 7 8 5 14 6 11 13 0 2
2 1 1 9 10 12 4 3 7 8 5 14 6 11 13 2 0
5 3 1 9 10 12 4 3 7 8 0 14 6 11 13 2 5
14 1 1 9 10 12 4 3 7 8 14 0 6 11 13 2 5
5 1 1 9 10 12 4 3 7 8 14 5 6 11 13 2 0
14 3 1 9 10 12 4 3 7 8 0 5 6 11 13 2 14
2 1 1 9 10 12 4 3 7 8 2 5 6 11 13 0 14
14 1 1 9 10 12 4 3 7 8 2 5 6 11 13 14 0
2 3 1 9 10 12 4 3 7 8 0 5 6 11 13 14 2
5 1 1 9 10 12 4 3 7 8 5 0 6 11 13 14 2
2 1 1 9 10 12 4 3 7 8 5 2 6 11 13 14 0
5 3 1 9 10 12 4 3 7 8 0 2 6 11 13 14 5
12 1 1 9 10 0 4 3 7 8 12 2 6 11 13 14 5
4 1 1 9 10 4 0 3 7 8 12 2 6 11 13 14 5
5 2 1 9 10 4 5 3 7 8 12 2 6 11 13 14 0
2 1 1 9 10 4 5 3 7 8 12 0 6 11 13 14 2
5 1 1 9 10 4 0 3 7 8 12 5 6 11 13 14 2
2 2 1 9 10 4 2 3 7 8 12 5 6 11 13 14 0
12 3 1 9 10 4 2 3 7 8 0 5 6 11 13 14 12
5 1 1 9 10 4 2 3 7 8 5 0 6 11 13 14 12
2 1 1 9 10 4 0 3 7 8 5 2 6 11 13 14 12
12 2 1 9 10 4 12 3 7 8 5 2 6 11 13 14 0
6 2 1 9 10 4 12 3 7 8 5 2 0 11 13 14 6
12 3 1 9 10 4 0 3 7 8 5 2 12 11 13 14 6
5 3 1 9 10 4 5 3 7 8 0 2 12 11 13 14 6
2 1 1 9 10 4 5 3 7 8 2 0 12 11 13 14 6
6 1 1 9 10 4 5 3 7 8 2 6 12 11 13 14 0
2 3 1 9 10 4 5 3 7 8 0 6 12 11 13 14 2
6 1 1 9 10 4 5 3 7 8 6 0 12 11 13 14 2
2 1 1 9 10 4 5 3 7 8 6 2 12 11 13 14 0
1 3 0 9 10 4 5 3 7 8 6 2 12 11 13 14 1
12 2 12 9 10 4 5 3 7 8 6 2 0 11 13 14 1
11 1 12 9 10 4 5 3 7 8 6 2 11 0 13 14 1
7 1 12 9 10 4 5 3 0 8 6 2 11 7 13 14 1
9 1 12 0 10 4 5 3 9 8 6 2 11 7 13 14 1
12 1 0 12 10 4 5 3 9 8 6 2 11 7 13 14 1
9 3 9 12 10 4 5 3 0 8 6 2 11 7 13 14 1
7 1 9 12 10 4 5 3 7 8 6 2 11 0 13 14 1
11 1 9 12 10 4 5 3 7 8 6 2 0 11 13 14 1
1 2 9 12 10 4 5 3 7 8 6 2 1 11 13 14 0
6 3 9 12 10 4 5 3 7 8 0 2 1 11 13 14 6
2 1 9 12 10 4 5 3 7 8 2 0 1 11 13 14 6
6 1 9 12 10 4 5 3 7 8 2 6 1 11 13 14 0
9 3 0 12 10 4 5 3 7 8 2 6 1 11 13 14 9
1 2 1 12 10 4 5 3 7 8 2 6 0 11 13 14 9
3 1 1 12 10 4 5 0 7 8 2 6 3 11 13 14 9
7 1 1 12 10 4 5 7 0 8 2 6 3 11 13 14 9
11 1 1 12 10 4 5 7 11 8 2 6 3 0 13 14 9
3 1 1 12 10 4 5 7 11 8 2 6 0 3 13 14 9
11 3 1 12 10 4 5 7 0 8 2 6 11 3 13 14 9
12 1 1 0 10 4 5 7 12 8 2 6 11 3 13 14 9
10 1 1 10 0 4 5 7 12 8 2 6 11 3 13 14 9
4 1 1 10 4 0 5 7 12 8 2 6 11 3 13 14 9
2 1 1 10 4 2 5 7 12 8 0 6 11 3 13 14 9
6 1 1 10 4 2 5 7 12 8 6 0 11 3 13 14 9
9 1 1 10 4 2 5 7 12 8 6 9 11 3 13 14 0
6 3 1 10 4 2 5 7 12 8 0 9 11 3 13 14 6
9 1 1 10 4 2 5 7 12 8 9 0 11 3 13 14 6
6 1 1 10 4 2 5 7 12 8 9 6 11 3 13 14 0
1 3 0 10 4 2 5 7 12 8 9 6 11 3 13 14 1
12 3 12 10 4 2 5 7 0 8 9 6 11 3 13 14 1
7 1 12 10 4 2 5 0 7 8 9 6 11 3 13 14 1
11 1 12 10 4 2 5 11 7 8 9 6 0 3 13 14 1
1 2 12 10 4 2 5 11 7 8 9 6 1 3 13 14 0
12 3 0 10 4 2 5 11 7 8 9 6 1 3 13 14 12
11 1 11 10 4 2 5 0 7 8 9 6 1 3 13 14 12
1 1 11 10 4 2 5 1 7 8 9 6 0 3 13 14 12
12 2 11 10 4 2 5 1 7 8 9 6 12 3 13 14 0
11 3 0 10 4 2 5 1 7 8 9 6 12 3 13 14 11
1 1 1 10 4 2 5 0 7 8 9 6 12 3 13 14 11
12 1 1 10 4 2 5 12 7 8 9 6 0 3 13 14 11
11 2 1 10 4 2 5 12 7 8 9 6 11 3 13 14 0
6 1 1 10 4 2 5 12 7 8 9 0 11 3 13 14 6
5 1 1 10 4 2 0 12 7 8 9 5 11 3 13 14 6
2 1 1 10 4 0 2 12 7 8 9 5 11 3 13 14 6
4 1 1 10 0 4 2 12 7 8 9 5 11 3 13 14 6
10 1 1 0 10 4 2 12 7 8 9 5 11 3 13 14 6
1 1 0 1 10 4 2 12 7 8 9 5 11 3 13 14 6
2 2 2 1 10 4 0 12 7 8 9 5 11 3 13 14 6
5 1 2 1 10 4 5 12 7 8 9 0 11 3 13 14 6
6 1 2 1 10 4 5 12 7 8 9 6 11 3 13 14 0
2 3 0 1 10 4 5 12 7 8 9 6 11 3 13 14 2
12 1 12 1 10 4 5 0 7 8 9 6 11 3 13 14 2
7 1 12 1 10 4 5 7 0 8 9 6 11 3 13 14 2
1 1 12 0 10 4 5 7 1 8 9 6 11 3 13 14 2
12 1 0 12 10 4 5 7 1 8 9 6 11 3 13 14 2
1 3 1 12 10 4 5 7 0 8 9 6 11 3 13 14 2
7 1 1 12 10 4 5 0 7 8 9 6 11 3 13 14 2
11 1 1 12 10 4 5 11 7 8 9 6 0 3 13 14 2
2 2 1 12 10 4 5 11 7 8 9 6 2 3 13 14 0
1 3 0 12 10 4 5 11 7 8 9 6 2 3 13 14 1
2 2 2 12 10 4 5 11 7 8 9 6 0 3 13 14 1
11 1 2 12 10 4 5 0 7 8 9 6 11 3 13 14 1
7 1 2 12 10 4 5 7 0 8 9 6 11 3 13 14 1
12 1 2 0 10 4 5 7 12 8 9 6 11 3 13 14 1
2 1 0 2 10 4 5 7 12 8 9 6 11 3 13 14 1
1 3 1 2 10 4 5 7 12 8 9 6 11 3 13 14 0
11 2 1 2 10 4 5 7 12 8 9 6 0 3 13 14 11
3 1 1 2 10 4 5 7 12 8 9 6 3 0 13 14 11
12 1 1 2 10 4 5 7 0 8 9 6 3 12 13 14 11
7 1 1 2 10 4 5 0 7 8 9 6 3 12 13 14 11
3 1 1 2 10 4 5 3 7 8 9 6 0 12 13 14 11
1 2 0 2 10 4 5 3 7 8 9 6 1 12 13 14 11
3 1 3 2 10 4 5 0 7 8 9 6 1 12 13 14 11
1 1 3 2 10 4 5 1 7 8 9 6 0 12 13 14 11
11 2 3 2 10 4 5 1 7 8 9 6 11 12 13 14 0
6 1 3 2 10 4 5 1 7 8 9 0 11 12 13 14 6
5 1 3 2 10 4 0 1 7 8 9 5 11 12 13 14 6
3 2 0 2 10 4 3 1 7 8 9 5 11 12 13 14 6
6 3 6 2 10 4 3 1 7 8 9 5 11 12 13 14 0
5 1 6 2 10 4 3 1 7 8 9 0 11 12 13 14 5
3 1 6 2 10 4 0 1 7 8 9 3 11 12 13 14 5
5 2 6 2 10 4 5 1 7 8 9 3 11 12 13 14 0
6 3 0 2 10 4 5 1 7 8 9 3 11 12 13 14 6
11 2 11 2 10 4 5 1 7 8 9 3 0 12 13 14 6
6 2 11 2 10 4 5 1 7 8 9 3 6 12 13 14 0
11 3 0 2 10 4 5 1 7 8 9 3 6 12 13 14 11
1 1 1 2 10 4 5 0 7 8 9 3 6 12 13 14 11
6 1 1 2 10 4 5 6 7 8 9 3 0 12 13 14 11
11 2 1 2 10 4 5 6 7 8 9 3 11 12 13 14 0
5 2 1 2 10 4 0 6 7 8 9 3 11 12 13 14 5
4 1 1 2 10 0 4 6 7 8 9 3 11 12 13 14 5
9 1 1 2 10 9 4 6 7 8 0 3 11 12 13 14 5
3 1 1 2 10 9 4 6 7 8 3 0 11 12 13 14 5
5 1 1 2 10 9 4 6 7 8 3 5 11 12 13 14 0
4 2 1 2 10 9 0 6 7 8 3 5 11 12 13 14 4
5 1 1 2 10 9 5 6 7 8 3 0 11 12 13 14 4
4 1 1 2 10 9 5 6 7 8 3 4 11 12 13 14 0
3 3 1 2 10 9 5 6 7 8 0 4 11 12 13 14 3
9 1 1 2 10 0 5 6 7 8 9 4 11 12 13 14 3
5 1 1 2 10 5 0 6 7 8 9 4 11 12 13 14 3
1 2 0 2 10 5 1 6 7 8 9 4 11 12 13 14 3
3 3 3 2 10 5 1 6 7 8 9 4 11 12 13 14 0
1 2 3 2 10 5 0 6 7 8 9 4 11 12 13 14 1
5 1 3 2 10 0 5 6 7 8 9 4 11 12 13 14 1
10 1 3 2 0 10 5 6 7 8 9 4 11 12 13 14 1
2 1 3 0 2 10 5 6 7 8 9 4 11 12 13 14 1
3 1 0 3 2 10 5 6 7 8 9 4 11 12 13 14 1
1 3 1 3 2 10 5 6 7 8 9 4 11 12 13 14 0
4 1 1 3 2 10 5 6 7 8 9 0 11 12 13 14 4
9 1 1 3 2 10 5 6 7 8 0 9 11 12 13 14 4
10 1 1 3 2 0 5 6 7 8 10 9 11 12 13 14 4
2 1 1 3 0 2 5 6 7 8 10 9 11 12 13 14 4
3 1 1 0 3 2 5 6 7 8 10 9 11 12 13 14 4
1 1 0 1 3 2 5 6 7 8 10 9 11 12 13 14 4
4 3 4 1 3 2 5 6 7 8 10 9 11 12 13 14 0
10 3 4 1 3 2 5 6 7 8 0 9 11 12 13 14 10
9 1 4 1 3 2 5 6 7 8 9 0 11 12 13 14 10
10 1 4 1 3 2 5 6 7 8 9 10 11 12 13 14 0
4 3 0 1 3 2 5 6 7 8 9 10 11 12 13 14 4
5 2 5 1 3 2 0 6 7 8 9 10 11 12 13 14 4
4 2 5 1 3 2 4 6 7 8 9 10 11 12 13 14 0
5 3 0 1 3 2 4 6 7 8 9 10 11 12 13 14 5
1 1 1 0 3 2 4 6 7 8 9 10 11 12 13 14 5
3 1 1 3 0 2 4 6 7 8 9 10 11 12 13 14 5
2 1 1 3 2 0 4 6 7 8 9 10 11 12 13 14 5
4 1 1 3 2 4 0 6 7 8 9 10 11 12 13 14 5
5 2 1 3 2 4 5 6 7 8 9 10 11 12 13 14 0
9 3 1 3 2 4 5 6 7 8 0 10 11 12 13 14 9
8 1 1 3 2 4 5 6 7 0 8 10 11 12 13 14 9
2 1 1 3 0 4 5 6 7 2 8 10 11 12 13 14 9
3 1 1 0 3 4 5 6 7 2 8 10 11 12 13 14 9
7 1 1 7 3 4 5 6 0 2 8 10 11 12 13 14 9
2 1 1 7 3 4 5 6 2 0 8 10 11 12 13 14 9
8 1 1 7 3 4 5 6 2 8 0 10 11 12 13 14 9
10 1 1 7 3 4 5 6 2 8 10 0 11 12 13 14 9
9 1 1 7 3 4 5 6 2 8 10 9 11 12 13 14 0
10 3 1 7 3 4 5 6 2 8 0 9 11 12 13 14 10
9 1 1 7 3 4 5 6 2 8 9 0 11 12 13 14 10
10 1 1 7 3 4 5 6 2 8 9 10 11 12 13 14 0
1 3 0 7 3 4 5 6 2 8 9 10 11 12 13 14 1
2 3 2 7 3 4 5 6 0 8 9 10 11 12 13 14 1
7 1 2 0 3 4 5 6 7 8 9 10 11 12 13 14 1
2 1 0 2 3 4 5 6 7 8 9 10 11 12 13 14 1
1 3 1 2 3 4 5 6 7 8 9 10 11 12 13 14 0
360 4.59