0 0 4 2 8 1 10 14 0 13 9 5 6 7 3 11 12
7 1 4 2 8 1 10 14 7 13 9 5 6 0 3 11 12
3 1 4 2 8 1 10 14 7 13 9 5 6 3 0 11 12
13 1 4 2 8 1 10 14 7 0 9 5 6 3 13 11 12
8 1 4 2 0 1 10 14 7 8 9 5 6 3 13 11 12
1 1 4 2 1 0 10 14 7 8 9 5 6 3 13 11 12
10 1 4 2 1 10 0 14 7 8 9 5 6 3 13 11 12
5 1 4 2 1 10 5 14 7 8 9 0 6 3 13 11 12
12 1 4 2 1 10 5 14 7 8 9 12 6 3 13 11 0
4 3 0 2 1 10 5 14 7 8 9 12 6 3 13 11 4
14 1 14 2 1 10 5 0 7 8 9 12 6 3 13 11 4
6 1 14 2 1 10 5 6 7 8 9 12 0 3 13 11 4
4 2 14 2 1 10 5 6 7 8 9 12 4 3 13 11 0
11 1 14 2 1 10 5 6 7 8 9 12 4 3 13 0 11
13 1 14 2 1 10 5 6 7 8 9 12 4 3 0 13 11
3 1 14 2 1 10 5 6 7 8 9 12 4 0 3 13 11
4 1 14 2 1 10 5 6 7 8 9 12 0 4 3 13 11
11 2 14 2 1 10 5 6 7 8 9 12 11 4 3 13 0
12 1 14 2 1 10 5 6 7 8 9 0 11 4 3 13 12
9 1 14 2 1 10 5 6 7 8 0 9 11 4 3 13 12
13 1 14 2 1 10 5 6 7 8 13 9 11 4 3 0 12
12 1 14 2 1 10 5 6 7 8 13 9 11 4 3 12 0
13 3 14 2 1 10 5 6 7 8 0 9 11 4 3 12 13
9 1 14 2 1 10 5 6 7 8 9 0 11 4 3 12 13
13 1 14 2 1 10 5 6 7 8 9 13 11 4 3 12 0
12 1 14 2 1 10 5 6 7 8 9 13 11 4 3 0 12
3 1 14 2 1 10 5 6 7 8 9 13 11 4 0 3 12
4 1 14 2 1 10 5 6 7 8 9 13 11 0 4 3 12
11 1 14 2 1 10 5 6 7 8 9 13 0 11 4 3 12
12 2 14 2 1 10 5 6 7 8 9 13 12 11 4 3 0
14 3 0 2 1 10 5 6 7 8 9 13 12 11 4 3 14
12 2 12 2 1 10 5 6 7 8 9 13 0 11 4 3 14
11 1 12 2 1 10 5 6 7 8 9 13 11 0 4 3 14
4 1 12 2 1 10 5 6 7 8 9 13 11 4 0 3 14
3 1 12 2 1 10 5 6 7 8 9 13 11 4 3 0 14
14 1 12 2 1 10 5 6 7 8 9 13 11 4 3 14 0
13 1 12 2 1 10 5 6 7 8 9 0 11 4 3 14 13
5 1 12 2 1 10 0 6 7 8 9 5 11 4 3 14 13
13 2 12 2 1 10 13 6 7 8 9 5 11 4 3 14 0
12 3 0 2 1 10 13 6 7 8 9 5 11 4 3 14 12
13 2 13 2 1 10 0 6 7 8 9 5 11 4 3 14 12
5 1 13 2 1 10 5 6 7 8 9 0 11 4 3 14 12
12 1 13 2 1 10 5 6 7 8 9 12 11 4 3 14 0
11 2 13 2 1 10 5 6 7 8 9 12 0 4 3 14 11
4 1 13 2 1 10 5 6 7 8 9 12 4 0 3 14 11
3 1 13 2 1 10 5 6 7 8 9 12 4 3 0 14 11
14 1 13 2 1 10 5 6 7 8 9 12 4 3 14 0 11
11 1 13 2 1 10 5 6 7 8 9 12 4 3 14 11 0
13 3 0 2 1 10 5 6 7 8 9 12 4 3 14 11 13
4 2 4 2 1 10 5 6 7 8 9 12 0 3 14 11 13
13 2 4 2 1 10 5 6 7 8 9 12 13 3 14 11 0
11 1 4 2 1 10 5 6 7 8 9 12 13 3 14 0 11
14 1 4 2 1 10 5 6 7 8 9 12 13 3 0 14 11
3 1 4 2 1 10 5 6 7 8 9 12 13 0 3 14 11
13 1 4 2 1 10 5 6 7 8 9 12 0 13 3 14 11
11 2 4 2 1 10 5 6 7 8 9 12 11 13 3 14 0
12 1 4 2 1 10 5 6 7 8 9 0 11 13 3 14 12
5 1 4 2 1 10 0 6 7 8 9 5 11 13 3 14 12
12 2 4 2 1 10 12 6 7 8 9 5 11 13 3 14 0
4 3 0 2 1 10 12 6 7 8 9 5 11 13 3 14 4
12 2 12 2 1 10 0 6 7 8 9 5 11 13 3 14 4
5 1 12 2 1 10 5 6 7 8 9 0 11 13 3 14 4
4 1 12 2 1 10 5 6 7 8 9 4 11 13 3 14 0
12 3 0 2 1 10 5 6 7 8 9 4 11 13 3 14 12
5 2 5 2 1 10 0 6 7 8 9 4 11 13 3 14 12
10 1 5 2 1 0 10 6 7 8 9 4 11 13 3 14 12
1 1 5 2 0 1 10 6 7 8 9 4 11 13 3 14 12
2 1 5 0 2 1 10 6 7 8 9 4 11 13 3 14 12
5 1 0 5 2 1 10 6 7 8 9 4 11 13 3 14 12
12 3 12 5 2 1 10 6 7 8 9 4 11 13 3 14 0
10 2 12 5 2 1 0 6 7 8 9 4 11 13 3 14 10
12 2 0 5 2 1 12 6 7 8 9 4 11 13 3 14 10
10 3 10 5 2 1 12 6 7 8 9 4 11 13 3 14 0
4 1 10 5 2 1 12 6 7 8 9 0 11 13 3 14 4
12 1 10 5 2 1 0 6 7 8 9 12 11 13 3 14 4
4 2 10 5 2 1 4 6 7 8 9 12 11 13 3 14 0
10 3 0 5 2 1 4 6 7 8 9 12 11 13 3 14 10
4 2 4 5 2 1 0 6 7 8 9 12 11 13 3 14 10
10 2 4 5 2 1 10 6 7 8 9 12 11 13 3 14 0
12 1 4 5 2 1 10 6 7 8 9 0 11 13 3 14 12
10 1 4 5 2 1 0 6 7 8 9 10 11 13 3 14 12
12 2 4 5 2 1 12 6 7 8 9 10 11 13 3 14 0
4 3 0 5 2 1 12 6 7 8 9 10 11 13 3 14 4
12 2 12 5 2 1 0 6 7 8 9 10 11 13 3 14 4
1 1 12 5 2 0 1 6 7 8 9 10 11 13 3 14 4
2 1 12 5 0 2 1 6 7 8 9 10 11 13 3 14 4
5 1 12 0 5 2 1 6 7 8 9 10 11 13 3 14 4
12 1 0 12 5 2 1 6 7 8 9 10 11 13 3 14 4
1 2 1 12 5 2 0 6 7 8 9 10 11 13 3 14 4
2 1 1 12 5 0 2 6 7 8 9 10 11 13 3 14 4
5 1 1 12 0 5 2 6 7 8 9 10 11 13 3 14 4
12 1 1 0 12 5 2 6 7 8 9 10 11 13 3 14 4
1 1 0 1 12 5 2 6 7 8 9 10 11 13 3 14 4
4 3 4 1 12 5 2 6 7 8 9 10 11 13 3 14 0
2 2 4 1 12 5 0 6 7 8 9 10 11 13 3 14 2
5 1 4 1 12 0 5 6 7 8 9 10 11 13 3 14 2
12 1 4 1 0 12 5 6 7 8 9 10 11 13 3 14 2
1 1 4 0 1 12 5 6 7 8 9 10 11 13 3 14 2
4 1 0 4 1 12 5 6 7 8 9 10 11 13 3 14 2
2 3 2 4 1 12 5 6 7 8 9 10 11 13 3 14 0
9 3 2 4 1 12 5 6 7 8 0 10 11 13 3 14 9
12 1 2 4 1 0 5 6 7 8 12 10 11 13 3 14 9
1 1 2 4 0 1 5 6 7 8 12 10 11 13 3 14 9
4 1 2 0 4 1 5 6 7 8 12 10 11 13 3 14 9
2 1 0 2 4 1 5 6 7 8 12 10 11 13 3 14 9
9 3 9 2 4 1 5 6 7 8 12 10 11 13 3 14 0
12 3 9 2 4 1 5 6 7 8 0 10 11 13 3 14 12
1 1 9 2 4 0 5 6 7 8 1 10 11 13 3 14 12
4 1 9 2 0 4 5 6 7 8 1 10 11 13 3 14 12
8 1 9 2 8 4 5 6 7 0 1 10 11 13 3 14 12
3 1 9 2 8 4 5 6 7 3 1 10 11 13 0 14 12
13 1 9 2 8 4 5 6 7 3 1 10 11 0 13 14 12
11 1 9 2 8 4 5 6 7 3 1 10 0 11 13 14 12
12 2 9 2 8 4 5 6 7 3 1 10 12 11 13 14 0
1 3 9 2 8 4 5 6 7 3 0 10 12 11 13 14 1
3 1 9 2 8 4 5 6 7 0 3 10 12 11 13 14 1
8 1 9 2 0 4 5 6 7 8 3 10 12 11 13 14 1
2 1 9 0 2 4 5 6 7 8 3 10 12 11 13 14 1
9 1 0 9 2 4 5 6 7 8 3 10 12 11 13 14 1
1 3 1 9 2 4 5 6 7 8 3 10 12 11 13 14 0
12 2 1 9 2 4 5 6 7 8 3 10 0 11 13 14 12
11 1 1 9 2 4 5 6 7 8 3 10 11 0 13 14 12
7 1 1 9 2 4 5 6 0 8 3 10 11 7 13 14 12
9 1 1 0 2 4 5 6 9 8 3 10 11 7 13 14 12
2 1 1 2 0 4 5 6 9 8 3 10 11 7 13 14 12
8 1 1 2 8 4 5 6 9 0 3 10 11 7 13 14 12
9 1 1 2 8 4 5 6 0 9 3 10 11 7 13 14 12
7 1 1 2 8 4 5 6 7 9 3 10 11 0 13 14 12
11 1 1 2 8 4 5 6 7 9 3 10 0 11 13 14 12
12 2 1 2 8 4 5 6 7 9 3 10 12 11 13 14 0
3 3 1 2 8 4 5 6 7 9 0 10 12 11 13 14 3
9 1 1 2 8 4 5 6 7 0 9 10 12 11 13 14 3
8 1 1 2 0 4 5 6 7 8 9 10 12 11 13 14 3
2 1 1 0 2 4 5 6 7 8 9 10 12 11 13 14 3
1 1 0 1 2 4 5 6 7 8 9 10 12 11 13 14 3
12 2 12 1 2 4 5 6 7 8 9 10 0 11 13 14 3
11 1 12 1 2 4 5 6 7 8 9 10 11 0 13 14 3
7 1 12 1 2 4 5 6 0 8 9 10 11 7 13 14 3
1 1 12 0 2 4 5 6 1 8 9 10 11 7 13 14 3
12 1 0 12 2 4 5 6 1 8 9 10 11 7 13 14 3
1 3 1 12 2 4 5 6 0 8 9 10 11 7 13 14 3
12 1 1 0 2 4 5 6 12 8 9 10 11 7 13 14 3
2 1 1 2 0 4 5 6 12 8 9 10 11 7 13 14 3
8 1 1 2 8 4 5 6 12 0 9 10 11 7 13 14 3
12 1 1 2 8 4 5 6 0 12 9 10 11 7 13 14 3
7 1 1 2 8 4 5 6 7 12 9 10 11 0 13 14 3
11 1 1 2 8 4 5 6 7 12 9 10 0 11 13 14 3
1 2 0 2 8 4 5 6 7 12 9 10 1 11 13 14 3
3 3 3 2 8 4 5 6 7 12 9 10 1 11 13 14 0
1 2 3 2 8 4 5 6 7 12 9 10 0 11 13 14 1
11 1 3 2 8 4 5 6 7 12 9 10 11 0 13 14 1
13 1 3 2 8 4 5 6 7 12 9 10 11 13 0 14 1
12 1 3 2 8 4 5 6 7 0 9 10 11 13 12 14 1
8 1 3 2 0 4 5 6 7 8 9 10 11 13 12 14 1
2 1 3 0 2 4 5 6 7 8 9 10 11 13 12 14 1
3 1 0 3 2 4 5 6 7 8 9 10 11 13 12 14 1
1 3 1 3 2 4 5 6 7 8 9 10 11 13 12 14 0
11 2 1 3 2 4 5 6 7 8 9 10 0 13 12 14 11
13 1 1 3 2 4 5 6 7 8 9 10 13 0 12 14 11
12 1 1 3 2 4 5 6 7 8 9 10 13 12 0 14 11
8 1 1 3 2 4 5 6 7 0 9 10 13 12 8 14 11
2 1 1 3 0 4 5 6 7 2 9 10 13 12 8 14 11
3 1 1 0 3 4 5 6 7 2 9 10 13 12 8 14 11
1 1 0 1 3 4 5 6 7 2 9 10 13 12 8 14 11
11 3 11 1 3 4 5 6 7 2 9 10 13 12 8 14 0
13 2 11 1 3 4 5 6 7 2 9 10 0 12 8 14 13
11 2 0 1 3 4 5 6 7 2 9 10 11 12 8 14 13
1 1 1 0 3 4 5 6 7 2 9 10 11 12 8 14 13
7 1 1 7 3 4 5 6 0 2 9 10 11 12 8 14 13
2 1 1 7 3 4 5 6 2 0 9 10 11 12 8 14 13
8 1 1 7 3 4 5 6 2 8 9 10 11 12 0 14 13
12 1 1 7 3 4 5 6 2 8 9 10 11 0 12 14 13
2 1 1 7 3 4 5 6 0 8 9 10 11 2 12 14 13
7 1 1 0 3 4 5 6 7 8 9 10 11 2 12 14 13
1 1 0 1 3 4 5 6 7 8 9 10 11 2 12 14 13
11 2 11 1 3 4 5 6 7 8 9 10 0 2 12 14 13
13 2 11 1 3 4 5 6 7 8 9 10 13 2 12 14 0
11 3 0 1 3 4 5 6 7 8 9 10 13 2 12 14 11
1 1 1 0 3 4 5 6 7 8 9 10 13 2 12 14 11
7 1 1 7 3 4 5 6 0 8 9 10 13 2 12 14 11
2 1 1 7 3 4 5 6 2 8 9 10 13 0 12 14 11
12 1 1 7 3 4 5 6 2 8 9 10 13 12 0 14 11
14 1 1 7 3 4 5 6 2 8 9 10 13 12 14 0 11
11 1 1 7 3 4 5 6 2 8 9 10 13 12 14 11 0
13 2 1 7 3 4 5 6 2 8 9 10 0 12 14 11 13
2 3 1 7 3 4 5 6 0 8 9 10 2 12 14 11 13
7 1 1 0 3 4 5 6 7 8 9 10 2 12 14 11 13
1 1 0 1 3 4 5 6 7 8 9 10 2 12 14 11 13
13 3 13 1 3 4 5 6 7 8 9 10 2 12 14 11 0
2 2 13 1 3 4 5 6 7 8 9 10 0 12 14 11 2
13 2 0 1 3 4 5 6 7 8 9 10 13 12 14 11 2
2 3 2 1 3 4 5 6 7 8 9 10 13 12 14 11 0
11 1 2 1 3 4 5 6 7 8 9 10 13 12 14 0 11
14 1 2 1 3 4 5 6 7 8 9 10 13 12 0 14 11
12 1 2 1 3 4 5 6 7 8 9 10 13 0 12 14 11
13 1 2 1 3 4 5 6 7 8 9 10 0 13 12 14 11
11 2 2 1 3 4 5 6 7 8 9 10 11 13 12 14 0
2 3 0 1 3 4 5 6 7 8 9 10 11 13 12 14 2
1 1 1 0 3 4 5 6 7 8 9 10 11 13 12 14 2
7 1 1 7 3 4 5 6 0 8 9 10 11 13 12 14 2
13 1 1 7 3 4 5 6 13 8 9 10 11 0 12 14 2
12 1 1 7 3 4 5 6 13 8 9 10 11 12 0 14 2
8 1 1 7 3 4 5 6 13 0 9 10 11 12 8 14 2
13 1 1 7 3 4 5 6 0 13 9 10 11 12 8 14 2
7 1 1 0 3 4 5 6 7 13 9 10 11 12 8 14 2
1 1 0 1 3 4 5 6 7 13 9 10 11 12 8 14 2
2 3 2 1 3 4 5 6 7 13 9 10 11 12 8 14 0
9 3 2 1 3 4 5 6 7 13 0 10 11 12 8 14 9
13 1 2 1 3 4 5 6 7 0 13 10 11 12 8 14 9
8 1 2 1 3 4 5 6 7 8 13 10 11 12 0 14 9
14 1 2 1 3 4 5 6 7 8 13 10 11 12 14 0 9
9 1 2 1 3 4 5 6 7 8 13 10 11 12 14 9 0
13 3 2 1 3 4 5 6 7 8 0 10 11 12 14 9 13
9 1 2 1 3 4 5 6 7 8 9 10 11 12 14 0 13
14 1 2 1 3 4 5 6 7 8 9 10 11 12 0 14 13
12 1 2 1 3 4 5 6 7 8 9 10 11 0 12 14 13
7 1 2 1 3 4 5 6 0 8 9 10 11 7 12 14 13
1 1 2 0 3 4 5 6 1 8 9 10 11 7 12 14 13
2 1 0 2 3 4 5 6 1 8 9 10 11 7 12 14 13
1 3 1 2 3 4 5 6 0 8 9 10 11 7 12 14 13
7 1 1 2 3 4 5 6 7 8 9 10 11 0 12 14 13
12 1 1 2 3 4 5 6 7 8 9 10 11 12 0 14 13
14 1 1 2 3 4 5 6 7 8 9 10 11 12 14 0 13
13 1 1 2 3 4 5 6 7 8 9 10 11 12 14 13 0
9 3 1 2 3 4 5 6 7 8 0 10 11 12 14 13 9
13 1 1 2 3 4 5 6 7 8 13 10 11 12 14 0 9
14 1 1 2 3 4 5 6 7 8 13 10 11 12 0 14 9
8 1 1 2 3 4 5 6 7 0 13 10 11 12 8 14 9
13 1 1 2 3 4 5 6 7 13 0 10 11 12 8 14 9
14 1 1 2 3 4 5 6 7 13 14 10 11 12 8 0 9
8 1 1 2 3 4 5 6 7 13 14 10 11 12 0 8 9
13 1 1 2 3 4 5 6 7 0 14 10 11 12 13 8 9
14 1 1 2 3 4 5 6 7 14 0 10 11 12 13 8 9
8 1 1 2 3 4 5 6 7 14 8 10 11 12 13 0 9
9 1 1 2 3 4 5 6 7 14 8 10 11 12 13 9 0
8 3 1 2 3 4 5 6 7 14 0 10 11 12 13 9 8
14 1 1 2 3 4 5 6 7 0 14 10 11 12 13 9 8
13 1 1 2 3 4 5 6 7 13 14 10 11 12 0 9 8
9 1 1 2 3 4 5 6 7 13 14 10 11 12 9 0 8
14 1 1 2 3 4 5 6 7 13 0 10 11 12 9 14 8
13 1 1 2 3 4 5 6 7 0 13 10 11 12 9 14 8
9 1 1 2 3 4 5 6 7 9 13 10 11 12 0 14 8
14 1 1 2 3 4 5 6 7 9 13 10 11 12 14 0 8
8 1 1 2 3 4 5 6 7 9 13 10 11 12 14 8 0
13 3 1 2 3 4 5 6 7 9 0 10 11 12 14 8 13
9 1 1 2 3 4 5 6 7 0 9 10 11 12 14 8 13
14 1 1 2 3 4 5 6 7 14 9 10 11 12 0 8 13
8 1 1 2 3 4 5 6 7 14 9 10 11 12 8 0 13
13 1 1 2 3 4 5 6 7 14 9 10 11 12 8 13 0
9 3 1 2 3 4 5 6 7 14 0 10 11 12 8 13 9
14 1 1 2 3 4 5 6 7 0 14 10 11 12 8 13 9
8 1 1 2 3 4 5 6 7 8 14 10 11 12 0 13 9
13 1 1 2 3 4 5 6 7 8 14 10 11 12 13 0 9
14 1 1 2 3 4 5 6 7 8 0 10 11 12 13 14 9
10 1 1 2 3 4 5 6 7 8 10 0 11 12 13 14 9
9 1 1 2 3 4 5 6 7 8 10 9 11 12 13 14 0
10 3 1 2 3 4 5 6 7 8 0 9 11 12 13 14 10
9 1 1 2 3 4 5 6 7 8 9 0 11 12 13 14 10
10 1 1 2 3 4 5 6 7 8 9 10 11 12 13 14 0
362 2.87