0 0 8 0 14 9 3 5 1 10 7 12 13 2 11 6 4
14 1 8 14 0 9 3 5 1 10 7 12 13 2 11 6 4
9 1 8 14 9 0 3 5 1 10 7 12 13 2 11 6 4
3 1 8 14 9 3 0 5 1 10 7 12 13 2 11 6 4
13 3 8 14 9 3 13 5 1 10 7 12 0 2 11 6 4
4 2 8 14 9 3 13 5 1 10 7 12 4 2 11 6 0
7 3 8 14 9 3 13 5 1 10 0 12 4 2 11 6 7
12 1 8 14 9 3 13 5 1 10 12 0 4 2 11 6 7
7 1 8 14 9 3 13 5 1 10 12 7 4 2 11 6 0
12 3 8 14 9 3 13 5 1 10 0 7 4 2 11 6 12
10 1 8 14 9 3 13 5 1 0 10 7 4 2 11 6 12
1 1 8 14 9 3 13 5 0 1 10 7 4 2 11 6 12
5 1 8 14 9 3 13 0 5 1 10 7 4 2 11 6 12
4 1 8 14 9 3 13 4 5 1 10 7 0 2 11 6 12
12 2 8 14 9 3 13 4 5 1 10 7 12 2 11 6 0
10 3 8 14 9 3 13 4 5 1 0 7 12 2 11 6 10
7 1 8 14 9 3 13 4 5 1 7 0 12 2 11 6 10
10 1 8 14 9 3 13 4 5 1 7 10 12 2 11 6 0
7 3 8 14 9 3 13 4 5 1 0 10 12 2 11 6 7
1 1 8 14 9 3 13 4 5 0 1 10 12 2 11 6 7
11 1 8 14 9 3 13 4 5 11 1 10 12 2 0 6 7
6 1 8 14 9 3 13 4 5 11 1 10 12 2 6 0 7
7 1 8 14 9 3 13 4 5 11 1 10 12 2 6 7 0
1 3 8 14 9 3 13 4 5 11 0 10 12 2 6 7 1
11 1 8 14 9 3 13 4 5 0 11 10 12 2 6 7 1
6 1 8 14 9 3 13 4 5 6 11 10 12 2 0 7 1
7 1 8 14 9 3 13 4 5 6 11 10 12 2 7 0 1
1 1 8 14 9 3 13 4 5 6 11 10 12 2 7 1 0
8 3 0 14 9 3 13 4 5 6 11 10 12 2 7 1 8
12 2 12 14 9 3 13 4 5 6 11 10 0 2 7 1 8
8 2 12 14 9 3 13 4 5 6 11 10 8 2 7 1 0
12 3 0 14 9 3 13 4 5 6 11 10 8 2 7 1 12
14 1 14 0 9 3 13 4 5 6 11 10 8 2 7 1 12
9 1 14 9 0 3 13 4 5 6 11 10 8 2 7 1 12
6 1 14 9 6 3 13 4 5 0 11 10 8 2 7 1 12
7 1 14 9 6 3 13 4 5 7 11 10 8 2 0 1 12
1 1 14 9 6 3 13 4 5 7 11 10 8 2 1 0 12
12 1 14 9 6 3 13 4 5 7 11 10 8 2 1 12 0
14 3 0 9 6 3 13 4 5 7 11 10 8 2 1 12 14
8 2 8 9 6 3 13 4 5 7 11 10 0 2 1 12 14
14 2 8 9 6 3 13 4 5 7 11 10 14 2 1 12 0
8 3 0 9 6 3 13 4 5 7 11 10 14 2 1 12 8
9 1 9 0 6 3 13 4 5 7 11 10 14 2 1 12 8
6 1 9 6 0 3 13 4 5 7 11 10 14 2 1 12 8
7 1 9 6 7 3 13 4 5 0 11 10 14 2 1 12 8
1 1 9 6 7 3 13 4 5 1 11 10 14 2 0 12 8
2 1 9 6 7 3 13 4 5 1 11 10 14 0 2 12 8
14 1 9 6 7 3 13 4 5 1 11 10 0 14 2 12 8
4 1 9 6 7 3 13 0 5 1 11 10 4 14 2 12 8
5 1 9 6 7 3 13 5 0 1 11 10 4 14 2 12 8
1 1 9 6 7 3 13 5 1 0 11 10 4 14 2 12 8
2 1 9 6 7 3 13 5 1 2 11 10 4 14 0 12 8
14 1 9 6 7 3 13 5 1 2 11 10 4 0 14 12 8
4 1 9 6 7 3 13 5 1 2 11 10 0 4 14 12 8
8 2 9 6 7 3 13 5 1 2 11 10 8 4 14 12 0
9 3 0 6 7 3 13 5 1 2 11 10 8 4 14 12 9
1 3 1 6 7 3 13 5 0 2 11 10 8 4 14 12 9
5 1 1 6 7 3 13 0 5 2 11 10 8 4 14 12 9
8 1 1 6 7 3 13 8 5 2 11 10 0 4 14 12 9
4 1 1 6 7 3 13 8 5 2 11 10 4 0 14 12 9
14 1 1 6 7 3 13 8 5 2 11 10 4 14 0 12 9
2 1 1 6 7 3 13 8 5 0 11 10 4 14 2 12 9
11 1 1 6 7 3 13 8 5 11 0 10 4 14 2 12 9
10 1 1 6 7 3 13 8 5 11 10 0 4 14 2 12 9
9 1 1 6 7 3 13 8 5 11 10 9 4 14 2 12 0
10 3 1 6 7 3 13 8 5 11 0 9 4 14 2 12 10
11 1 1 6 7 3 13 8 5 0 11 9 4 14 2 12 10
2 1 1 6 7 3 13 8 5 2 11 9 4 14 0 12 10
14 1 1 6 7 3 13 8 5 2 11 9 4 0 14 12 10
4 1 1 6 7 3 13 8 5 2 11 9 0 4 14 12 10
8 1 1 6 7 3 13 0 5 2 11 9 8 4 14 12 10
5 1 1 6 7 3 13 5 0 2 11 9 8 4 14 12 10
2 1 1 6 7 3 13 5 2 0 11 9 8 4 14 12 10
14 1 1 6 7 3 13 5 2 14 11 9 8 4 0 12 10
4 1 1 6 7 3 13 5 2 14 11 9 8 0 4 12 10
8 1 1 6 7 3 13 5 2 14 11 9 0 8 4 12 10
2 3 1 6 7 3 13 5 0 14 11 9 2 8 4 12 10
5 1 1 6 7 3 13 0 5 14 11 9 2 8 4 12 10
2 1 1 6 7 3 13 2 5 14 11 9 0 8 4 12 10
8 1 1 6 7 3 13 2 5 14 11 9 8 0 4 12 10
4 1 1 6 7 3 13 2 5 14 11 9 8 4 0 12 10
14 1 1 6 7 3 13 2 5 0 11 9 8 4 14 12 10
11 1 1 6 7 3 13 2 5 11 0 9 8 4 14 12 10
9 1 1 6 7 3 13 2 5 11 9 0 8 4 14 12 10
10 1 1 6 7 3 13 2 5 11 9 10 8 4 14 12 0
9 3 1 6 7 3 13 2 5 11 0 10 8 4 14 12 9
11 1 1 6 7 3 13 2 5 0 11 10 8 4 14 12 9
14 1 1 6 7 3 13 2 5 14 11 10 8 4 0 12 9
4 1 1 6 7 3 13 2 5 14 11 10 8 0 4 12 9
8 1 1 6 7 3 13 2 5 14 11 10 0 8 4 12 9
9 2 1 6 7 3 13 2 5 14 11 10 9 8 4 12 0
10 1 1 6 7 3 13 2 5 14 11 0 9 8 4 12 10
11 1 1 6 7 3 13 2 5 14 0 11 9 8 4 12 10
14 1 1 6 7 3 13 2 5 0 14 11 9 8 4 12 10
4 1 1 6 7 3 13 2 5 4 14 11 9 8 0 12 10
8 1 1 6 7 3 13 2 5 4 14 11 9 0 8 12 10
9 1 1 6 7 3 13 2 5 4 14 11 0 9 8 12 10
10 2 1 6 7 3 13 2 5 4 14 11 10 9 8 12 0
14 3 1 6 7 3 13 2 5 4 0 11 10 9 8 12 14
11 1 1 6 7 3 13 2 5 4 11 0 10 9 8 12 14
14 1 1 6 7 3 13 2 5 4 11 14 10 9 8 12 0
11 3 1 6 7 3 13 2 5 4 0 14 10 9 8 12 11
4 1 1 6 7 3 13 2 5 0 4 14 10 9 8 12 11
8 1 1 6 7 3 13 2 5 8 4 14 10 9 0 12 11
9 1 1 6 7 3 13 2 5 8 4 14 10 0 9 12 11
10 1 1 6 7 3 13 2 5 8 4 14 0 10 9 12 11
11 2 1 6 7 3 13 2 5 8 4 14 11 10 9 12 0
4 3 1 6 7 3 13 2 5 8 0 14 11 10 9 12 4
3 1 1 6 7 0 13 2 5 8 3 14 11 10 9 12 4
13 1 1 6 7 13 0 2 5 8 3 14 11 10 9 12 4
4 2 1 6 7 13 4 2 5 8 3 14 11 10 9 12 0
3 3 1 6 7 13 4 2 5 8 0 14 11 10 9 12 3
13 1 1 6 7 0 4 2 5 8 13 14 11 10 9 12 3
4 1 1 6 7 4 0 2 5 8 13 14 11 10 9 12 3
3 2 1 6 7 4 3 2 5 8 13 14 11 10 9 12 0
11 2 1 6 7 4 3 2 5 8 13 14 0 10 9 12 11
3 3 1 6 7 4 0 2 5 8 13 14 3 10 9 12 11
13 3 1 6 7 4 13 2 5 8 0 14 3 10 9 12 11
12 1 1 6 7 4 13 2 5 8 12 14 3 10 9 0 11
11 1 1 6 7 4 13 2 5 8 12 14 3 10 9 11 0
12 3 1 6 7 4 13 2 5 8 0 14 3 10 9 11 12
11 1 1 6 7 4 13 2 5 8 11 14 3 10 9 0 12
12 1 1 6 7 4 13 2 5 8 11 14 3 10 9 12 0
1 3 0 6 7 4 13 2 5 8 11 14 3 10 9 12 1
5 3 5 6 7 4 13 2 0 8 11 14 3 10 9 12 1
6 1 5 0 7 4 13 2 6 8 11 14 3 10 9 12 1
5 1 0 5 7 4 13 2 6 8 11 14 3 10 9 12 1
1 3 1 5 7 4 13 2 6 8 11 14 3 10 9 12 0
3 2 1 5 7 4 13 2 6 8 11 14 0 10 9 12 3
6 3 1 5 7 4 13 2 0 8 11 14 6 10 9 12 3
10 1 1 5 7 4 13 2 10 8 11 14 6 0 9 12 3
6 1 1 5 7 4 13 2 10 8 11 14 0 6 9 12 3
3 2 1 5 7 4 13 2 10 8 11 14 3 6 9 12 0
1 3 0 5 7 4 13 2 10 8 11 14 3 6 9 12 1
10 3 10 5 7 4 13 2 0 8 11 14 3 6 9 12 1
5 1 10 0 7 4 13 2 5 8 11 14 3 6 9 12 1
10 1 0 10 7 4 13 2 5 8 11 14 3 6 9 12 1
1 3 1 10 7 4 13 2 5 8 11 14 3 6 9 12 0
11 3 1 10 7 4 13 2 5 8 0 14 3 6 9 12 11
4 1 1 10 7 0 13 2 5 8 4 14 3 6 9 12 11
13 1 1 10 7 13 0 2 5 8 4 14 3 6 9 12 11
11 2 1 10 7 13 11 2 5 8 4 14 3 6 9 12 0
4 3 1 10 7 13 11 2 5 8 0 14 3 6 9 12 4
13 1 1 10 7 0 11 2 5 8 13 14 3 6 9 12 4
11 1 1 10 7 11 0 2 5 8 13 14 3 6 9 12 4
13 3 1 10 7 11 13 2 5 8 0 14 3 6 9 12 4
11 1 1 10 7 0 13 2 5 8 11 14 3 6 9 12 4
13 1 1 10 7 13 0 2 5 8 11 14 3 6 9 12 4
1 2 0 10 7 13 1 2 5 8 11 14 3 6 9 12 4
4 3 4 10 7 13 1 2 5 8 11 14 3 6 9 12 0
1 2 4 10 7 13 0 2 5 8 11 14 3 6 9 12 1
13 1 4 10 7 0 13 2 5 8 11 14 3 6 9 12 1
7 1 4 10 0 7 13 2 5 8 11 14 3 6 9 12 1
10 1 4 0 10 7 13 2 5 8 11 14 3 6 9 12 1
4 1 0 4 10 7 13 2 5 8 11 14 3 6 9 12 1
1 3 1 4 10 7 13 2 5 8 11 14 3 6 9 12 0
14 1 1 4 10 7 13 2 5 8 11 0 3 6 9 12 14
11 1 1 4 10 7 13 2 5 8 0 11 3 6 9 12 14
7 1 1 4 10 0 13 2 5 8 7 11 3 6 9 12 14
10 1 1 4 0 10 13 2 5 8 7 11 3 6 9 12 14
8 1 1 4 8 10 13 2 5 0 7 11 3 6 9 12 14
7 1 1 4 8 10 13 2 5 7 0 11 3 6 9 12 14
11 1 1 4 8 10 13 2 5 7 11 0 3 6 9 12 14
14 1 1 4 8 10 13 2 5 7 11 14 3 6 9 12 0
1 3 0 4 8 10 13 2 5 7 11 14 3 6 9 12 1
4 1 4 0 8 10 13 2 5 7 11 14 3 6 9 12 1
8 1 4 8 0 10 13 2 5 7 11 14 3 6 9 12 1
7 1 4 8 7 10 13 2 5 0 11 14 3 6 9 12 1
5 1 4 8 7 10 13 2 0 5 11 14 3 6 9 12 1
8 1 4 0 7 10 13 2 8 5 11 14 3 6 9 12 1
4 1 0 4 7 10 13 2 8 5 11 14 3 6 9 12 1
1 3 1 4 7 10 13 2 8 5 11 14 3 6 9 12 0
12 1 1 4 7 10 13 2 8 5 11 14 3 6 9 0 12
9 1 1 4 7 10 13 2 8 5 11 14 3 6 0 9 12
5 1 1 4 7 10 13 2 8 0 11 14 3 6 5 9 12
8 1 1 4 7 10 13 2 0 8 11 14 3 6 5 9 12
6 1 1 4 7 10 13 2 6 8 11 14 3 0 5 9 12
5 1 1 4 7 10 13 2 6 8 11 14 3 5 0 9 12
9 1 1 4 7 10 13 2 6 8 11 14 3 5 9 0 12
12 1 1 4 7 10 13 2 6 8 11 14 3 5 9 12 0
3 2 1 4 7 10 13 2 6 8 11 14 0 5 9 12 3
6 3 1 4 7 10 13 2 0 8 11 14 6 5 9 12 3
5 1 1 4 7 10 13 2 5 8 11 14 6 0 9 12 3
6 1 1 4 7 10 13 2 5 8 11 14 0 6 9 12 3
3 2 1 4 7 10 13 2 5 8 11 14 3 6 9 12 0
278 2.11