0 0 1 8 4 11 7 10 13 3 2 6 9 12 5 14 0
2 3 1 8 4 11 7 10 13 3 0 6 9 12 5 14 2
6 1 1 8 4 11 7 10 13 3 6 0 9 12 5 14 2
2 1 1 8 4 11 7 10 13 3 6 2 9 12 5 14 0
6 3 1 8 4 11 7 10 13 3 0 2 9 12 5 14 6
3 1 1 8 4 11 7 10 13 0 3 2 9 12 5 14 6
13 1 1 8 4 11 7 10 0 13 3 2 9 12 5 14 6
10 1 1 8 4 11 7 0 10 13 3 2 9 12 5 14 6
9 1 1 8 4 11 7 9 10 13 3 2 0 12 5 14 6
6 2 1 8 4 11 7 9 10 13 3 2 6 12 5 14 0
3 3 1 8 4 11 7 9 10 13 0 2 6 12 5 14 3
2 1 1 8 4 11 7 9 10 13 2 0 6 12 5 14 3
3 1 1 8 4 11 7 9 10 13 2 3 6 12 5 14 0
2 3 1 8 4 11 7 9 10 13 0 3 6 12 5 14 2
13 1 1 8 4 11 7 9 10 0 13 3 6 12 5 14 2
10 1 1 8 4 11 7 9 0 10 13 3 6 12 5 14 2
9 1 1 8 4 11 7 0 9 10 13 3 6 12 5 14 2
6 1 1 8 4 11 7 6 9 10 13 3 0 12 5 14 2
2 2 1 8 4 11 7 6 9 10 13 3 2 12 5 14 0
13 3 1 8 4 11 7 6 9 10 0 3 2 12 5 14 13
3 1 1 8 4 11 7 6 9 10 3 0 2 12 5 14 13
13 1 1 8 4 11 7 6 9 10 3 13 2 12 5 14 0
3 3 1 8 4 11 7 6 9 10 0 13 2 12 5 14 3
10 1 1 8 4 11 7 6 9 0 10 13 2 12 5 14 3
9 1 1 8 4 11 7 6 0 9 10 13 2 12 5 14 3
8 1 1 0 4 11 7 6 8 9 10 13 2 12 5 14 3
4 1 1 4 0 11 7 6 8 9 10 13 2 12 5 14 3
11 1 1 4 11 0 7 6 8 9 10 13 2 12 5 14 3
7 1 1 4 11 7 0 6 8 9 10 13 2 12 5 14 3
3 2 1 4 11 7 3 6 8 9 10 13 2 12 5 14 0
10 3 1 4 11 7 3 6 8 9 0 13 2 12 5 14 10
9 1 1 4 11 7 3 6 8 0 9 13 2 12 5 14 10
8 1 1 4 11 7 3 6 0 8 9 13 2 12 5 14 10
4 1 1 0 11 7 3 6 4 8 9 13 2 12 5 14 10
11 1 1 11 0 7 3 6 4 8 9 13 2 12 5 14 10
7 1 1 11 7 0 3 6 4 8 9 13 2 12 5 14 10
3 1 1 11 7 3 0 6 4 8 9 13 2 12 5 14 10
10 2 1 11 7 3 10 6 4 8 9 13 2 12 5 14 0
2 2 1 11 7 3 10 6 4 8 9 13 0 12 5 14 2
4 3 1 11 7 3 10 6 0 8 9 13 4 12 5 14 2
11 1 1 0 7 3 10 6 11 8 9 13 4 12 5 14 2
7 1 1 7 0 3 10 6 11 8 9 13 4 12 5 14 2
3 1 1 7 3 0 10 6 11 8 9 13 4 12 5 14 2
10 1 1 7 3 10 0 6 11 8 9 13 4 12 5 14 2
2 2 1 7 3 10 2 6 11 8 9 13 4 12 5 14 0
4 2 1 7 3 10 2 6 11 8 9 13 0 12 5 14 4
11 3 1 7 3 10 2 6 0 8 9 13 11 12 5 14 4
7 1 1 0 3 10 2 6 7 8 9 13 11 12 5 14 4
3 1 1 3 0 10 2 6 7 8 9 13 11 12 5 14 4
10 1 1 3 10 0 2 6 7 8 9 13 11 12 5 14 4
2 1 1 3 10 2 0 6 7 8 9 13 11 12 5 14 4
4 2 1 3 10 2 4 6 7 8 9 13 11 12 5 14 0
13 1 1 3 10 2 4 6 7 8 9 0 11 12 5 14 13
4 1 1 3 10 2 0 6 7 8 9 4 11 12 5 14 13
2 1 1 3 10 0 2 6 7 8 9 4 11 12 5 14 13
10 1 1 3 0 10 2 6 7 8 9 4 11 12 5 14 13
3 1 1 0 3 10 2 6 7 8 9 4 11 12 5 14 13
1 1 0 1 3 10 2 6 7 8 9 4 11 12 5 14 13
13 3 13 1 3 10 2 6 7 8 9 4 11 12 5 14 0
2 2 13 1 3 10 0 6 7 8 9 4 11 12 5 14 2
13 2 0 1 3 10 13 6 7 8 9 4 11 12 5 14 2
1 1 1 0 3 10 13 6 7 8 9 4 11 12 5 14 2
3 1 1 3 0 10 13 6 7 8 9 4 11 12 5 14 2
10 1 1 3 10 0 13 6 7 8 9 4 11 12 5 14 2
13 1 1 3 10 13 0 6 7 8 9 4 11 12 5 14 2
2 2 1 3 10 13 2 6 7 8 9 4 11 12 5 14 0
4 1 1 3 10 13 2 6 7 8 9 0 11 12 5 14 4
2 1 1 3 10 13 0 6 7 8 9 2 11 12 5 14 4
13 1 1 3 10 0 13 6 7 8 9 2 11 12 5 14 4
10 1 1 3 0 10 13 6 7 8 9 2 11 12 5 14 4
3 1 1 0 3 10 13 6 7 8 9 2 11 12 5 14 4
1 1 0 1 3 10 13 6 7 8 9 2 11 12 5 14 4
4 3 4 1 3 10 13 6 7 8 9 2 11 12 5 14 0
13 2 4 1 3 10 0 6 7 8 9 2 11 12 5 14 13
4 2 0 1 3 10 4 6 7 8 9 2 11 12 5 14 13
1 1 1 0 3 10 4 6 7 8 9 2 11 12 5 14 13
3 1 1 3 0 10 4 6 7 8 9 2 11 12 5 14 13
10 1 1 3 10 0 4 6 7 8 9 2 11 12 5 14 13
4 1 1 3 10 4 0 6 7 8 9 2 11 12 5 14 13
9 3 1 3 10 4 9 6 7 8 0 2 11 12 5 14 13
2 1 1 3 10 4 9 6 7 8 2 0 11 12 5 14 13
9 1 1 3 10 4 0 6 7 8 2 9 11 12 5 14 13
4 1 1 3 10 0 4 6 7 8 2 9 11 12 5 14 13
10 1 1 3 0 10 4 6 7 8 2 9 11 12 5 14 13
3 1 1 0 3 10 4 6 7 8 2 9 11 12 5 14 13
1 1 0 1 3 10 4 6 7 8 2 9 11 12 5 14 13
13 3 13 1 3 10 4 6 7 8 2 9 11 12 5 14 0
4 2 13 1 3 10 0 6 7 8 2 9 11 12 5 14 4
13 2 0 1 3 10 13 6 7 8 2 9 11 12 5 14 4
1 1 1 0 3 10 13 6 7 8 2 9 11 12 5 14 4
3 1 1 3 0 10 13 6 7 8 2 9 11 12 5 14 4
10 1 1 3 10 0 13 6 7 8 2 9 11 12 5 14 4
13 1 1 3 10 13 0 6 7 8 2 9 11 12 5 14 4
4 2 1 3 10 13 4 6 7 8 2 9 11 12 5 14 0
9 1 1 3 10 13 4 6 7 8 2 0 11 12 5 14 9
4 1 1 3 10 13 0 6 7 8 2 4 11 12 5 14 9
13 1 1 3 10 0 13 6 7 8 2 4 11 12 5 14 9
10 1 1 3 0 10 13 6 7 8 2 4 11 12 5 14 9
3 1 1 0 3 10 13 6 7 8 2 4 11 12 5 14 9
1 1 0 1 3 10 13 6 7 8 2 4 11 12 5 14 9
9 3 9 1 3 10 13 6 7 8 2 4 11 12 5 14 0
2 3 9 1 3 10 13 6 7 8 0 4 11 12 5 14 2
4 1 9 1 3 10 13 6 7 8 4 0 11 12 5 14 2
2 1 9 1 3 10 13 6 7 8 4 2 11 12 5 14 0
4 3 9 1 3 10 13 6 7 8 0 2 11 12 5 14 4
10 1 9 1 3 0 13 6 7 8 10 2 11 12 5 14 4
13 1 9 1 3 13 0 6 7 8 10 2 11 12 5 14 4
4 2 9 1 3 13 4 6 7 8 10 2 11 12 5 14 0
10 3 9 1 3 13 4 6 7 8 0 2 11 12 5 14 10
2 1 9 1 3 13 4 6 7 8 2 0 11 12 5 14 10
10 1 9 1 3 13 4 6 7 8 2 10 11 12 5 14 0
2 3 9 1 3 13 4 6 7 8 0 10 11 12 5 14 2
13 1 9 1 3 0 4 6 7 8 13 10 11 12 5 14 2
4 1 9 1 3 4 0 6 7 8 13 10 11 12 5 14 2
2 2 9 1 3 4 2 6 7 8 13 10 11 12 5 14 0
9 3 0 1 3 4 2 6 7 8 13 10 11 12 5 14 9
2 2 2 1 3 4 0 6 7 8 13 10 11 12 5 14 9
10 1 2 1 3 4 10 6 7 8 13 0 11 12 5 14 9
9 1 2 1 3 4 10 6 7 8 13 9 11 12 5 14 0
13 3 2 1 3 4 10 6 7 8 0 9 11 12 5 14 13
9 1 2 1 3 4 10 6 7 8 9 0 11 12 5 14 13
10 1 2 1 3 4 0 6 7 8 9 10 11 12 5 14 13
13 2 2 1 3 4 13 6 7 8 9 10 11 12 5 14 0
2 3 0 1 3 4 13 6 7 8 9 10 11 12 5 14 2
13 2 13 1 3 4 0 6 7 8 9 10 11 12 5 14 2
11 3 13 1 3 4 11 6 7 8 9 10 0 12 5 14 2
7 3 13 1 3 4 11 6 0 8 9 10 7 12 5 14 2
1 1 13 0 3 4 11 6 1 8 9 10 7 12 5 14 2
13 1 0 13 3 4 11 6 1 8 9 10 7 12 5 14 2
1 3 1 13 3 4 11 6 0 8 9 10 7 12 5 14 2
6 1 1 13 3 4 11 0 6 8 9 10 7 12 5 14 2
7 1 1 13 3 4 11 7 6 8 9 10 0 12 5 14 2
11 3 1 13 3 4 0 7 6 8 9 10 11 12 5 14 2
2 2 1 13 3 4 2 7 6 8 9 10 11 12 5 14 0
1 3 0 13 3 4 2 7 6 8 9 10 11 12 5 14 1
6 3 6 13 3 4 2 7 0 8 9 10 11 12 5 14 1
7 1 6 13 3 4 2 0 7 8 9 10 11 12 5 14 1
11 1 6 13 3 4 2 11 7 8 9 10 0 12 5 14 1
1 2 6 13 3 4 2 11 7 8 9 10 1 12 5 14 0
6 3 0 13 3 4 2 11 7 8 9 10 1 12 5 14 6
1 2 1 13 3 4 2 11 7 8 9 10 0 12 5 14 6
2 3 1 13 3 4 0 11 7 8 9 10 2 12 5 14 6
1 2 0 13 3 4 1 11 7 8 9 10 2 12 5 14 6
6 3 6 13 3 4 1 11 7 8 9 10 2 12 5 14 0
2 2 6 13 3 4 1 11 7 8 9 10 0 12 5 14 2
11 1 6 13 3 4 1 0 7 8 9 10 11 12 5 14 2
7 1 6 13 3 4 1 7 0 8 9 10 11 12 5 14 2
13 1 6 0 3 4 1 7 13 8 9 10 11 12 5 14 2
6 1 0 6 3 4 1 7 13 8 9 10 11 12 5 14 2
1 2 1 6 3 4 0 7 13 8 9 10 11 12 5 14 2
2 2 1 6 3 4 2 7 13 8 9 10 11 12 5 14 0
1 3 0 6 3 4 2 7 13 8 9 10 11 12 5 14 1
13 3 13 6 3 4 2 7 0 8 9 10 11 12 5 14 1
7 1 13 6 3 4 2 0 7 8 9 10 11 12 5 14 1
11 1 13 6 3 4 2 11 7 8 9 10 0 12 5 14 1
1 2 13 6 3 4 2 11 7 8 9 10 1 12 5 14 0
13 3 0 6 3 4 2 11 7 8 9 10 1 12 5 14 13
1 2 1 6 3 4 2 11 7 8 9 10 0 12 5 14 13
2 3 1 6 3 4 0 11 7 8 9 10 2 12 5 14 13
1 2 0 6 3 4 1 11 7 8 9 10 2 12 5 14 13
2 2 2 6 3 4 1 11 7 8 9 10 0 12 5 14 13
11 1 2 6 3 4 1 0 7 8 9 10 11 12 5 14 13
7 1 2 6 3 4 1 7 0 8 9 10 11 12 5 14 13
6 1 2 0 3 4 1 7 6 8 9 10 11 12 5 14 13
2 1 0 2 3 4 1 7 6 8 9 10 11 12 5 14 13
1 2 1 2 3 4 0 7 6 8 9 10 11 12 5 14 13
13 2 1 2 3 4 13 7 6 8 9 10 11 12 5 14 0
1 3 0 2 3 4 13 7 6 8 9 10 11 12 5 14 1
6 3 6 2 3 4 13 7 0 8 9 10 11 12 5 14 1
7 1 6 2 3 4 13 0 7 8 9 10 11 12 5 14 1
11 1 6 2 3 4 13 11 7 8 9 10 0 12 5 14 1
1 2 6 2 3 4 13 11 7 8 9 10 1 12 5 14 0
6 3 0 2 3 4 13 11 7 8 9 10 1 12 5 14 6
1 2 1 2 3 4 13 11 7 8 9 10 0 12 5 14 6
13 3 1 2 3 4 0 11 7 8 9 10 13 12 5 14 6
1 2 0 2 3 4 1 11 7 8 9 10 13 12 5 14 6
11 1 11 2 3 4 1 0 7 8 9 10 13 12 5 14 6
13 1 11 2 3 4 1 13 7 8 9 10 0 12 5 14 6
11 2 0 2 3 4 1 13 7 8 9 10 11 12 5 14 6
1 2 1 2 3 4 0 13 7 8 9 10 11 12 5 14 6
6 2 1 2 3 4 6 13 7 8 9 10 11 12 5 14 0
11 2 1 2 3 4 6 13 7 8 9 10 0 12 5 14 11
6 3 1 2 3 4 0 13 7 8 9 10 6 12 5 14 11
11 2 1 2 3 4 11 13 7 8 9 10 6 12 5 14 0
1 3 0 2 3 4 11 13 7 8 9 10 6 12 5 14 1
13 1 13 2 3 4 11 0 7 8 9 10 6 12 5 14 1
6 1 13 2 3 4 11 6 7 8 9 10 0 12 5 14 1
11 3 13 2 3 4 0 6 7 8 9 10 11 12 5 14 1
1 2 13 2 3 4 1 6 7 8 9 10 11 12 5 14 0
13 3 0 2 3 4 1 6 7 8 9 10 11 12 5 14 13
1 2 1 2 3 4 0 6 7 8 9 10 11 12 5 14 13
9 3 1 2 3 4 9 6 7 8 0 10 11 12 5 14 13
8 1 1 2 3 4 9 6 7 0 8 10 11 12 5 14 13
5 1 1 2 3 4 9 6 7 5 8 10 11 12 0 14 13
14 1 1 2 3 4 9 6 7 5 8 10 11 12 14 0 13
13 1 1 2 3 4 9 6 7 5 8 10 11 12 14 13 0
8 3 1 2 3 4 9 6 7 5 0 10 11 12 14 13 8
5 1 1 2 3 4 9 6 7 0 5 10 11 12 14 13 8
14 1 1 2 3 4 9 6 7 14 5 10 11 12 0 13 8
13 1 1 2 3 4 9 6 7 14 5 10 11 12 13 0 8
8 1 1 2 3 4 9 6 7 14 5 10 11 12 13 8 0
9 2 1 2 3 4 0 6 7 14 5 10 11 12 13 8 9
5 3 1 2 3 4 5 6 7 14 0 10 11 12 13 8 9
8 1 1 2 3 4 5 6 7 14 8 10 11 12 13 0 9
9 1 1 2 3 4 5 6 7 14 8 10 11 12 13 9 0
8 3 1 2 3 4 5 6 7 14 0 10 11 12 13 9 8
14 1 1 2 3 4 5 6 7 0 14 10 11 12 13 9 8
13 1 1 2 3 4 5 6 7 13 14 10 11 12 0 9 8
9 1 1 2 3 4 5 6 7 13 14 10 11 12 9 0 8
14 1 1 2 3 4 5 6 7 13 0 10 11 12 9 14 8
13 1 1 2 3 4 5 6 7 0 13 10 11 12 9 14 8
9 1 1 2 3 4 5 6 7 9 13 10 11 12 0 14 8
14 1 1 2 3 4 5 6 7 9 13 10 11 12 14 0 8
8 1 1 2 3 4 5 6 7 9 13 10 11 12 14 8 0
13 3 1 2 3 4 5 6 7 9 0 10 11 12 14 8 13
9 1 1 2 3 4 5 6 7 0 9 10 11 12 14 8 13
14 1 1 2 3 4 5 6 7 14 9 10 11 12 0 8 13
8 1 1 2 3 4 5 6 7 14 9 10 11 12 8 0 13
13 1 1 2 3 4 5 6 7 14 9 10 11 12 8 13 0
9 3 1 2 3 4 5 6 7 14 0 10 11 12 8 13 9
14 1 1 2 3 4 5 6 7 0 14 10 11 12 8 13 9
8 1 1 2 3 4 5 6 7 8 14 10 11 12 0 13 9
13 1 1 2 3 4 5 6 7 8 14 10 11 12 13 0 9
14 1 1 2 3 4 5 6 7 8 0 10 11 12 13 14 9
10 1 1 2 3 4 5 6 7 8 10 0 11 12 13 14 9
9 1 1 2 3 4 5 6 7 8 10 9 11 12 13 14 0
10 3 1 2 3 4 5 6 7 8 0 9 11 12 13 14 10
9 1 1 2 3 4 5 6 7 8 9 0 11 12 13 14 10
10 1 1 2 3 4 5 6 7 8 9 10 11 12 13 14 0
371 3.89