0 0 5 4 8 14 1 6 11 10 3 9 7 12 0 13 2
13 1 5 4 8 14 1 6 11 10 3 9 7 12 13 0 2
2 1 5 4 8 14 1 6 11 10 3 9 7 12 13 2 0
3 3 5 4 8 14 1 6 11 10 0 9 7 12 13 2 3
9 1 5 4 8 14 1 6 11 10 9 0 7 12 13 2 3
3 1 5 4 8 14 1 6 11 10 9 3 7 12 13 2 0
5 3 0 4 8 14 1 6 11 10 9 3 7 12 13 2 5
1 2 1 4 8 14 0 6 11 10 9 3 7 12 13 2 5
5 2 1 4 8 14 5 6 11 10 9 3 7 12 13 2 0
7 2 1 4 8 14 5 6 11 10 9 3 0 12 13 2 7
11 3 1 4 8 14 5 6 0 10 9 3 11 12 13 2 7
10 1 1 4 8 14 5 6 10 0 9 3 11 12 13 2 7
8 1 1 4 0 14 5 6 10 8 9 3 11 12 13 2 7
14 1 1 4 14 0 5 6 10 8 9 3 11 12 13 2 7
9 1 1 4 14 9 5 6 10 8 0 3 11 12 13 2 7
3 1 1 4 14 9 5 6 10 8 3 0 11 12 13 2 7
7 1 1 4 14 9 5 6 10 8 3 7 11 12 13 2 0
3 3 1 4 14 9 5 6 10 8 0 7 11 12 13 2 3
9 1 1 4 14 0 5 6 10 8 9 7 11 12 13 2 3
14 1 1 4 0 14 5 6 10 8 9 7 11 12 13 2 3
4 1 1 0 4 14 5 6 10 8 9 7 11 12 13 2 3
1 1 0 1 4 14 5 6 10 8 9 7 11 12 13 2 3
10 3 10 1 4 14 5 6 0 8 9 7 11 12 13 2 3
1 1 10 0 4 14 5 6 1 8 9 7 11 12 13 2 3
10 1 0 10 4 14 5 6 1 8 9 7 11 12 13 2 3
3 3 3 10 4 14 5 6 1 8 9 7 11 12 13 2 0
7 1 3 10 4 14 5 6 1 8 9 0 11 12 13 2 7
9 1 3 10 4 14 5 6 1 8 0 9 11 12 13 2 7
2 1 3 10 4 14 5 6 1 8 2 9 11 12 13 0 7
7 1 3 10 4 14 5 6 1 8 2 9 11 12 13 7 0
3 3 0 10 4 14 5 6 1 8 2 9 11 12 13 7 3
1 3 1 10 4 14 5 6 0 8 2 9 11 12 13 7 3
10 1 1 0 4 14 5 6 10 8 2 9 11 12 13 7 3
4 1 1 4 0 14 5 6 10 8 2 9 11 12 13 7 3
14 1 1 4 14 0 5 6 10 8 2 9 11 12 13 7 3
2 1 1 4 14 2 5 6 10 8 0 9 11 12 13 7 3
9 1 1 4 14 2 5 6 10 8 9 0 11 12 13 7 3
3 1 1 4 14 2 5 6 10 8 9 3 11 12 13 7 0
1 3 0 4 14 2 5 6 10 8 9 3 11 12 13 7 1
10 3 10 4 14 2 5 6 0 8 9 3 11 12 13 7 1
4 1 10 0 14 2 5 6 4 8 9 3 11 12 13 7 1
10 1 0 10 14 2 5 6 4 8 9 3 11 12 13 7 1
1 3 1 10 14 2 5 6 4 8 9 3 11 12 13 7 0
3 1 1 10 14 2 5 6 4 8 9 0 11 12 13 7 3
9 1 1 10 14 2 5 6 4 8 0 9 11 12 13 7 3
7 1 1 10 14 2 5 6 4 8 7 9 11 12 13 0 3
3 1 1 10 14 2 5 6 4 8 7 9 11 12 13 3 0
7 3 1 10 14 2 5 6 4 8 0 9 11 12 13 3 7
9 1 1 10 14 2 5 6 4 8 9 0 11 12 13 3 7
7 1 1 10 14 2 5 6 4 8 9 7 11 12 13 3 0
9 3 1 10 14 2 5 6 4 8 0 7 11 12 13 3 9
2 1 1 10 14 0 5 6 4 8 2 7 11 12 13 3 9
14 1 1 10 0 14 5 6 4 8 2 7 11 12 13 3 9
10 1 1 0 10 14 5 6 4 8 2 7 11 12 13 3 9
1 1 0 1 10 14 5 6 4 8 2 7 11 12 13 3 9
9 3 9 1 10 14 5 6 4 8 2 7 11 12 13 3 0
2 3 9 1 10 14 5 6 4 8 0 7 11 12 13 3 2
7 1 9 1 10 14 5 6 4 8 7 0 11 12 13 3 2
2 1 9 1 10 14 5 6 4 8 7 2 11 12 13 3 0
7 3 9 1 10 14 5 6 4 8 0 2 11 12 13 3 7
3 1 9 1 10 14 5 6 4 8 3 2 11 12 13 0 7
7 1 9 1 10 14 5 6 4 8 3 2 11 12 13 7 0
3 3 9 1 10 14 5 6 4 8 0 2 11 12 13 7 3
2 1 9 1 10 14 5 6 4 8 2 0 11 12 13 7 3
3 1 9 1 10 14 5 6 4 8 2 3 11 12 13 7 0
2 3 9 1 10 14 5 6 4 8 0 3 11 12 13 7 2
7 1 9 1 10 14 5 6 4 8 7 3 11 12 13 0 2
2 1 9 1 10 14 5 6 4 8 7 3 11 12 13 2 0
7 3 9 1 10 14 5 6 4 8 0 3 11 12 13 2 7
3 1 9 1 10 14 5 6 4 8 3 0 11 12 13 2 7
7 1 9 1 10 14 5 6 4 8 3 7 11 12 13 2 0
3 3 9 1 10 14 5 6 4 8 0 7 11 12 13 2 3
14 1 9 1 10 0 5 6 4 8 14 7 11 12 13 2 3
10 1 9 1 0 10 5 6 4 8 14 7 11 12 13 2 3
1 1 9 0 1 10 5 6 4 8 14 7 11 12 13 2 3
9 1 0 9 1 10 5 6 4 8 14 7 11 12 13 2 3
3 3 3 9 1 10 5 6 4 8 14 7 11 12 13 2 0
14 3 3 9 1 10 5 6 4 8 0 7 11 12 13 2 14
7 1 3 9 1 10 5 6 4 8 7 0 11 12 13 2 14
14 1 3 9 1 10 5 6 4 8 7 14 11 12 13 2 0
7 3 3 9 1 10 5 6 4 8 0 14 11 12 13 2 7
2 1 3 9 1 10 5 6 4 8 2 14 11 12 13 0 7
7 1 3 9 1 10 5 6 4 8 2 14 11 12 13 7 0
2 3 3 9 1 10 5 6 4 8 0 14 11 12 13 7 2
14 1 3 9 1 10 5 6 4 8 14 0 11 12 13 7 2
2 1 3 9 1 10 5 6 4 8 14 2 11 12 13 7 0
14 3 3 9 1 10 5 6 4 8 0 2 11 12 13 7 14
7 1 3 9 1 10 5 6 4 8 7 2 11 12 13 0 14
14 1 3 9 1 10 5 6 4 8 7 2 11 12 13 14 0
7 3 3 9 1 10 5 6 4 8 0 2 11 12 13 14 7
2 1 3 9 1 10 5 6 4 8 2 0 11 12 13 14 7
7 1 3 9 1 10 5 6 4 8 2 7 11 12 13 14 0
2 3 3 9 1 10 5 6 4 8 0 7 11 12 13 14 2
10 1 3 9 1 0 5 6 4 8 10 7 11 12 13 14 2
1 1 3 9 0 1 5 6 4 8 10 7 11 12 13 14 2
9 1 3 0 9 1 5 6 4 8 10 7 11 12 13 14 2
3 1 0 3 9 1 5 6 4 8 10 7 11 12 13 14 2
2 3 2 3 9 1 5 6 4 8 10 7 11 12 13 14 0
10 3 2 3 9 1 5 6 4 8 0 7 11 12 13 14 10
7 1 2 3 9 1 5 6 4 8 7 0 11 12 13 14 10
10 1 2 3 9 1 5 6 4 8 7 10 11 12 13 14 0
7 3 2 3 9 1 5 6 4 8 0 10 11 12 13 14 7
1 1 2 3 9 0 5 6 4 8 1 10 11 12 13 14 7
9 1 2 3 0 9 5 6 4 8 1 10 11 12 13 14 7
3 1 2 0 3 9 5 6 4 8 1 10 11 12 13 14 7
2 1 0 2 3 9 5 6 4 8 1 10 11 12 13 14 7
7 3 7 2 3 9 5 6 4 8 1 10 11 12 13 14 0
1 3 7 2 3 9 5 6 4 8 0 10 11 12 13 14 1
9 1 7 2 3 0 5 6 4 8 9 10 11 12 13 14 1
5 1 7 2 3 5 0 6 4 8 9 10 11 12 13 14 1
1 2 7 2 3 5 1 6 4 8 9 10 11 12 13 14 0
7 3 0 2 3 5 1 6 4 8 9 10 11 12 13 14 7
1 2 1 2 3 5 0 6 4 8 9 10 11 12 13 14 7
5 1 1 2 3 0 5 6 4 8 9 10 11 12 13 14 7
9 1 1 2 3 9 5 6 4 8 0 10 11 12 13 14 7
10 1 1 2 3 9 5 6 4 8 10 0 11 12 13 14 7
7 1 1 2 3 9 5 6 4 8 10 7 11 12 13 14 0
10 3 1 2 3 9 5 6 4 8 0 7 11 12 13 14 10
7 1 1 2 3 9 5 6 4 8 7 0 11 12 13 14 10
10 1 1 2 3 9 5 6 4 8 7 10 11 12 13 14 0
5 2 1 2 3 9 0 6 4 8 7 10 11 12 13 14 5
7 3 1 2 3 9 7 6 4 8 0 10 11 12 13 14 5
9 1 1 2 3 0 7 6 4 8 9 10 11 12 13 14 5
7 1 1 2 3 7 0 6 4 8 9 10 11 12 13 14 5
5 2 1 2 3 7 5 6 4 8 9 10 11 12 13 14 0
11 2 1 2 3 7 5 6 4 8 9 10 0 12 13 14 11
5 3 1 2 3 7 0 6 4 8 9 10 5 12 13 14 11
11 2 1 2 3 7 11 6 4 8 9 10 5 12 13 14 0
9 3 1 2 3 7 11 6 4 8 0 10 5 12 13 14 9
7 1 1 2 3 0 11 6 4 8 7 10 5 12 13 14 9
11 1 1 2 3 11 0 6 4 8 7 10 5 12 13 14 9
9 2 1 2 3 11 9 6 4 8 7 10 5 12 13 14 0
7 3 1 2 3 11 9 6 4 8 0 10 5 12 13 14 7
11 1 1 2 3 0 9 6 4 8 11 10 5 12 13 14 7
9 1 1 2 3 9 0 6 4 8 11 10 5 12 13 14 7
11 3 1 2 3 9 11 6 4 8 0 10 5 12 13 14 7
9 1 1 2 3 0 11 6 4 8 9 10 5 12 13 14 7
11 1 1 2 3 11 0 6 4 8 9 10 5 12 13 14 7
5 3 1 2 3 11 5 6 4 8 9 10 0 12 13 14 7
7 2 1 2 3 11 5 6 4 8 9 10 7 12 13 14 0
1 3 0 2 3 11 5 6 4 8 9 10 7 12 13 14 1
4 3 4 2 3 11 5 6 0 8 9 10 7 12 13 14 1
6 1 4 2 3 11 5 0 6 8 9 10 7 12 13 14 1
7 1 4 2 3 11 5 7 6 8 9 10 0 12 13 14 1
1 2 4 2 3 11 5 7 6 8 9 10 1 12 13 14 0
4 3 0 2 3 11 5 7 6 8 9 10 1 12 13 14 4
1 2 1 2 3 11 5 7 6 8 9 10 0 12 13 14 4
6 3 1 2 3 11 5 7 0 8 9 10 6 12 13 14 4
7 1 1 2 3 11 5 0 7 8 9 10 6 12 13 14 4
6 1 1 2 3 11 5 6 7 8 9 10 0 12 13 14 4
4 2 1 2 3 11 5 6 7 8 9 10 4 12 13 14 0
5 2 1 2 3 11 0 6 7 8 9 10 4 12 13 14 5
9 3 1 2 3 11 9 6 7 8 0 10 4 12 13 14 5
11 1 1 2 3 0 9 6 7 8 11 10 4 12 13 14 5
9 1 1 2 3 9 0 6 7 8 11 10 4 12 13 14 5
5 2 1 2 3 9 5 6 7 8 11 10 4 12 13 14 0
11 3 1 2 3 9 5 6 7 8 0 10 4 12 13 14 11
9 1 1 2 3 0 5 6 7 8 9 10 4 12 13 14 11
5 1 1 2 3 5 0 6 7 8 9 10 4 12 13 14 11
11 2 1 2 3 5 11 6 7 8 9 10 4 12 13 14 0
4 2 1 2 3 5 11 6 7 8 9 10 0 12 13 14 4
11 3 1 2 3 5 0 6 7 8 9 10 11 12 13 14 4
5 1 1 2 3 0 5 6 7 8 9 10 11 12 13 14 4
9 1 1 2 3 9 5 6 7 8 0 10 11 12 13 14 4
10 1 1 2 3 9 5 6 7 8 10 0 11 12 13 14 4
4 1 1 2 3 9 5 6 7 8 10 4 11 12 13 14 0
10 3 1 2 3 9 5 6 7 8 0 4 11 12 13 14 10
4 1 1 2 3 9 5 6 7 8 4 0 11 12 13 14 10
10 1 1 2 3 9 5 6 7 8 4 10 11 12 13 14 0
5 2 1 2 3 9 0 6 7 8 4 10 11 12 13 14 5
4 3 1 2 3 9 4 6 7 8 0 10 11 12 13 14 5
9 1 1 2 3 0 4 6 7 8 9 10 11 12 13 14 5
4 1 1 2 3 4 0 6 7 8 9 10 11 12 13 14 5
5 2 1 2 3 4 5 6 7 8 9 10 11 12 13 14 0
291 6.28