0 0 0 5 3 9 10 2 0 14 11 6 12 13 15 4 7 1 8
13 1 12 5 3 9 10 2 14 0 11 6 12 13 15 4 7 1 8
14 2 12 5 3 9 10 2 14 11 0 6 12 13 15 4 7 1 8
15 3 12 5 3 9 0 2 14 11 10 6 12 13 15 4 7 1 8
16 5 11 5 3 9 8 2 14 11 10 6 12 13 15 4 7 1 0
20 8 12 5 3 9 8 2 14 11 10 6 12 0 15 4 7 1 13
20 9 11 5 3 9 8 2 14 0 10 6 12 11 15 4 7 1 13
20 10 10 5 3 9 8 2 14 10 0 6 12 11 15 4 7 1 13
21 11 10 5 3 9 0 2 14 10 8 6 12 11 15 4 7 1 13
21 13 8 5 3 9 13 2 14 10 8 6 12 11 15 4 7 1 0
25 16 9 0 3 9 13 2 14 10 8 6 12 11 15 4 7 1 5
28 19 9 14 3 9 13 2 0 10 8 6 12 11 15 4 7 1 5
29 20 9 14 3 9 13 2 12 10 8 6 0 11 15 4 7 1 5
29 21 8 14 3 9 13 2 12 10 8 6 7 11 15 4 0 1 5
30 22 8 14 3 9 13 2 12 10 8 6 7 11 15 4 1 0 5
30 23 7 14 3 9 13 2 12 10 8 6 7 11 15 4 1 5 0
34 26 8 0 3 9 13 2 12 10 8 6 7 11 15 4 1 5 14
37 29 8 12 3 9 13 2 0 10 8 6 7 11 15 4 1 5 14
38 30 8 12 0 9 13 2 3 10 8 6 7 11 15 4 1 5 14
39 31 8 0 12 9 13 2 3 10 8 6 7 11 15 4 1 5 14
41 34 7 14 12 9 13 2 3 10 8 6 7 11 15 4 1 5 0
43 35 8 14 12 9 13 2 3 10 8 6 7 11 15 4 1 0 5
44 36 8 14 12 9 13 2 3 10 8 6 7 11 15 4 0 1 5
42 34 8 3 12 9 13 2 0 10 8 6 7 11 15 4 1 5 14
35 27 8 3 0 9 13 2 12 10 8 6 7 11 15 4 1 5 14
37 28 9 3 9 0 13 2 12 10 8 6 7 11 15 4 1 5 14
44 35 9 3 12 9 13 2 10 0 8 6 7 11 15 4 1 5 14
45 36 9 3 12 9 13 2 10 8 0 6 7 11 15 4 1 5 14
37 28 9 4 3 9 13 2 12 10 8 6 7 11 15 0 1 5 14
38 30 8 4 3 9 13 2 12 10 8 6 7 11 15 14 1 5 0
42 33 9 0 3 9 13 2 12 10 8 6 7 11 15 14 1 5 4
45 36 9 12 3 9 13 2 0 10 8 6 7 11 15 14 1 5 4
46 37 9 12 0 9 13 2 3 10 8 6 7 11 15 14 1 5 4
47 38 9 0 12 9 13 2 3 10 8 6 7 11 15 14 1 5 4
49 41 8 4 12 9 13 2 3 10 8 6 7 11 15 14 1 5 0
51 42 9 4 12 9 13 2 3 10 8 6 7 11 15 14 1 0 5
52 43 9 4 12 9 13 2 3 10 8 6 7 11 15 14 0 1 5
53 44 9 4 12 9 13 2 3 10 8 6 7 11 15 0 14 1 5
54 46 8 0 12 9 13 2 3 10 8 6 7 11 15 4 14 1 5
56 49 7 5 12 9 13 2 3 10 8 6 7 11 15 4 14 1 0
58 50 8 5 12 9 13 2 3 10 8 6 7 11 15 4 14 0 1
59 51 8 5 12 9 13 2 3 10 8 6 7 11 15 4 0 14 1
57 49 8 3 12 9 13 2 0 10 8 6 7 11 15 4 14 1 5
58 50 8 3 0 9 13 2 12 10 8 6 7 11 15 4 14 1 5
59 51 8 0 3 9 13 2 12 10 8 6 7 11 15 4 14 1 5
61 54 7 5 3 9 13 2 12 10 8 6 7 11 15 4 14 1 0
63 55 8 5 3 9 13 2 12 10 8 6 7 11 15 4 14 0 1
64 56 8 5 3 9 13 2 12 10 8 6 7 11 15 4 0 14 1
62 54 8 12 3 9 13 2 0 10 8 6 7 11 15 4 14 1 5
55 47 8 12 0 9 13 2 3 10 8 6 7 11 15 4 14 1 5
54 46 8 4 12 9 13 2 3 10 8 6 7 11 15 5 14 1 0
58 49 9 0 12 9 13 2 3 10 8 6 7 11 15 5 14 1 4
61 52 9 3 12 9 13 2 0 10 8 6 7 11 15 5 14 1 4
62 53 9 3 0 9 13 2 12 10 8 6 7 11 15 5 14 1 4
63 54 9 0 3 9 13 2 12 10 8 6 7 11 15 5 14 1 4
65 57 8 4 3 9 13 2 12 10 8 6 7 11 15 5 14 1 0
67 58 9 4 3 9 13 2 12 10 8 6 7 11 15 5 14 0 1
68 59 9 4 3 9 13 2 12 10 8 6 7 11 15 5 0 14 1
69 60 9 4 3 9 13 2 12 10 8 6 7 11 15 0 5 14 1
70 62 8 0 3 9 13 2 12 10 8 6 7 11 15 4 5 14 1
71 65 6 1 3 9 13 2 12 10 8 6 7 11 15 4 5 14 0
73 66 7 1 3 9 13 2 12 10 8 6 7 11 15 4 5 0 14
74 67 7 1 3 9 13 2 12 10 8 6 7 11 15 4 0 5 14
76 68 8 1 3 9 13 2 12 10 8 6 7 11 15 0 4 5 14
77 70 7 1 3 9 13 2 12 10 8 6 7 11 15 14 4 5 0
79 71 8 1 3 9 13 2 12 10 8 6 7 11 15 14 4 0 5
80 72 8 1 3 9 13 2 12 10 8 6 7 11 15 14 0 4 5
81 73 8 1 3 9 13 2 12 10 8 6 7 11 15 0 14 4 5
82 75 7 1 3 9 13 2 12 10 8 6 7 11 15 5 14 4 0
84 76 8 1 3 9 13 2 12 10 8 6 7 11 15 5 14 0 4
85 77 8 1 3 9 13 2 12 10 8 6 7 11 15 5 0 14 4
82 74 8 1 3 9 13 2 12 10 8 0 7 11 15 6 14 4 5
75 67 8 1 3 9 0 2 12 10 8 6 7 11 15 4 5 14 13
76 68 8 1 3 9 8 2 12 10 0 6 7 11 15 4 5 14 13
75 67 8 1 3 9 13 2 12 10 8 6 7 11 15 0 5 14 4
76 68 8 1 3 9 13 2 12 10 8 0 7 11 15 6 5 14 4
70 62 8 4 3 9 13 2 12 10 8 6 7 11 15 1 5 14 0
71 63 8 3 0 9 13 2 12 10 8 6 7 11 15 4 5 14 1
72 64 8 3 12 9 13 2 0 10 8 6 7 11 15 4 5 14 1
75 67 8 1 3 9 13 2 12 10 8 6 7 0 15 4 5 11 14
76 68 8 1 3 9 13 2 12 10 8 6 0 11 15 4 7 5 14
77 69 8 1 3 9 13 2 12 10 8 0 6 11 15 4 7 5 14
77 69 8 1 3 9 13 2 12 10 8 0 7 11 15 6 4 5 14
76 68 8 1 3 9 13 2 12 10 8 6 7 0 15 4 5 14 11
77 69 8 1 3 9 13 2 12 10 8 6 7 14 15 4 5 0 11
77 70 7 1 3 9 13 2 12 10 8 6 7 14 15 4 5 11 0
78 70 8 1 3 9 13 2 12 10 8 6 7 14 15 4 0 5 11
74 66 8 1 3 9 13 2 12 10 8 6 7 11 0 4 5 14 15
75 67 8 1 3 9 13 2 12 10 0 6 7 11 8 4 5 14 15
73 65 8 12 3 9 13 2 0 10 8 6 7 11 15 4 5 14 1
74 66 8 12 0 9 13 2 3 10 8 6 7 11 15 4 5 14 1
75 67 8 0 12 9 13 2 3 10 8 6 7 11 15 4 5 14 1
76 70 6 1 12 9 13 2 3 10 8 6 7 11 15 4 5 14 0
78 71 7 1 12 9 13 2 3 10 8 6 7 11 15 4 5 0 14
79 72 7 1 12 9 13 2 3 10 8 6 7 11 15 4 0 5 14
81 73 8 1 12 9 13 2 3 10 8 6 7 11 15 0 4 5 14
82 75 7 1 12 9 13 2 3 10 8 6 7 11 15 14 4 5 0
84 76 8 1 12 9 13 2 3 10 8 6 7 11 15 14 4 0 5
85 77 8 1 12 9 13 2 3 10 8 6 7 11 15 14 0 4 5
86 78 8 1 12 9 13 2 3 10 8 6 7 11 15 0 14 4 5
87 80 7 1 12 9 13 2 3 10 8 6 7 11 15 5 14 4 0
89 81 8 1 12 9 13 2 3 10 8 6 7 11 15 5 14 0 4
90 82 8 1 12 9 13 2 3 10 8 6 7 11 15 5 0 14 4
87 79 8 1 12 9 13 2 3 10 8 0 7 11 15 6 14 4 5
79 71 8 1 12 9 13 2 3 10 8 6 7 11 0 4 5 14 15
80 72 8 1 12 9 13 2 3 10 0 6 7 11 8 4 5 14 15
80 72 8 1 12 9 0 2 3 10 8 6 7 11 15 4 5 14 13
81 73 8 1 12 9 8 2 3 10 0 6 7 11 15 4 5 14 13
77 69 8 1 3 9 13 2 0 10 8 6 12 11 15 4 7 5 14
78 70 8 1 0 9 13 2 3 10 8 6 12 11 15 4 7 5 14
80 72 8 1 12 9 13 2 3 10 8 6 7 11 15 0 5 14 4
81 73 8 1 12 9 13 2 3 10 8 0 7 11 15 6 5 14 4
80 72 8 1 12 9 13 2 3 10 8 6 7 0 15 4 5 11 14
81 73 8 1 12 9 13 2 3 10 8 6 7 0 15 4 5 14 11
82 74 8 1 12 9 13 2 3 10 8 6 7 14 15 4 5 0 11
82 75 7 1 12 9 13 2 3 10 8 6 7 14 15 4 5 11 0
83 75 8 1 12 9 13 2 3 10 8 6 7 14 15 4 0 5 11
82 74 8 1 12 9 13 2 3 10 8 0 7 11 15 6 4 5 14
81 73 8 1 12 9 13 2 3 10 8 6 0 11 15 4 7 5 14
82 74 8 1 12 9 13 2 3 10 8 0 6 11 15 4 7 5 14
82 74 8 1 12 9 13 2 0 10 8 6 3 11 15 4 7 5 14
83 75 8 1 0 9 13 2 12 10 8 6 3 11 15 4 7 5 14
85 76 9 1 9 0 13 2 12 10 8 6 3 11 15 4 7 5 14
85 76 9 1 12 9 13 2 3 10 8 6 7 14 0 4 5 11 15
86 77 9 1 12 9 13 2 3 10 8 6 7 0 14 4 5 11 15
86 78 8 1 12 9 13 2 3 10 8 6 7 11 14 4 5 0 15
86 79 7 1 12 9 13 2 3 10 8 6 7 11 14 4 5 15 0
88 80 8 1 12 9 13 2 3 10 8 6 7 11 0 4 5 15 14
89 81 8 1 12 9 13 2 3 10 0 6 7 11 8 4 5 15 14
87 79 8 1 12 9 13 2 3 10 8 6 7 11 14 4 0 5 15
89 80 9 1 12 9 13 2 3 10 8 6 7 11 14 0 4 5 15
90 82 8 1 12 9 13 2 3 10 8 6 7 11 14 15 4 5 0
92 83 9 1 12 9 13 2 3 10 8 6 7 11 14 15 4 0 5
93 84 9 1 12 9 13 2 3 10 8 6 7 11 14 15 0 4 5
94 85 9 1 12 9 13 2 3 10 8 6 7 11 14 0 15 4 5
95 87 8 1 12 9 13 2 3 10 8 6 7 11 14 5 15 4 0
97 88 9 1 12 9 13 2 3 10 8 6 7 11 14 5 15 0 4
98 89 9 1 12 9 13 2 3 10 8 6 7 11 14 5 0 15 4
97 88 9 1 12 9 13 2 3 10 8 6 7 11 0 5 15 4 14
98 89 9 1 12 9 13 2 3 10 0 6 7 11 8 5 15 4 14
95 86 9 1 12 9 13 2 3 10 8 0 7 11 14 6 15 4 5
84 75 9 1 12 9 13 0 3 10 8 2 7 11 15 6 4 5 14
85 76 9 1 12 9 13 3 0 10 8 2 7 11 15 6 4 5 14
86 77 9 1 0 9 13 3 12 10 8 2 7 11 15 6 4 5 14
87 78 9 0 12 9 13 2 3 10 8 6 7 14 15 4 5 11 1
90 81 9 3 12 9 13 2 0 10 8 6 7 14 15 4 5 11 1
91 82 9 3 0 9 13 2 12 10 8 6 7 14 15 4 5 11 1
88 79 9 12 0 9 13 2 3 10 8 6 7 14 15 4 5 11 1
89 80 9 12 3 9 13 2 0 10 8 6 7 14 15 4 5 11 1
83 74 9 1 12 9 13 2 3 10 8 6 11 0 15 4 7 5 14
84 75 9 1 12 9 13 2 3 10 8 6 11 5 15 4 7 0 14
84 76 8 1 12 9 13 2 3 10 8 6 11 5 15 4 7 14 0
88 79 9 1 12 9 13 2 3 10 8 6 11 0 15 4 7 14 5
88 80 8 1 12 9 13 2 3 10 8 6 0 11 15 4 7 14 5
88 81 7 1 12 9 13 2 3 10 8 6 7 11 15 4 0 14 5
89 82 7 1 12 9 13 2 3 10 8 6 7 11 15 4 14 0 5
89 83 6 1 12 9 13 2 3 10 8 6 7 11 15 4 14 5 0
94 86 8 1 12 9 13 2 3 10 8 6 7 0 15 4 14 5 11
95 87 8 1 12 9 13 2 3 10 8 6 7 5 15 4 14 0 11
95 88 7 1 12 9 13 2 3 10 8 6 7 5 15 4 14 11 0
96 88 8 1 12 9 13 2 3 10 8 6 7 5 15 4 0 14 11
94 86 8 0 12 9 13 2 3 10 8 6 7 11 15 4 14 5 1
97 89 8 3 12 9 13 2 0 10 8 6 7 11 15 4 14 5 1
98 90 8 3 0 9 13 2 12 10 8 6 7 11 15 4 14 5 1
99 91 8 0 3 9 13 2 12 10 8 6 7 11 15 4 14 5 1
100 94 6 1 3 9 13 2 12 10 8 6 7 11 15 4 14 5 0
102 95 7 1 3 9 13 2 12 10 8 6 7 11 15 4 14 0 5
103 96 7 1 3 9 13 2 12 10 8 6 7 11 15 4 0 14 5
105 97 8 1 3 9 13 2 12 10 8 6 7 11 15 0 4 14 5
106 99 7 1 3 9 13 2 12 10 8 6 7 11 15 5 4 14 0
108 100 8 1 3 9 13 2 12 10 8 6 7 11 15 5 4 0 14
109 101 8 1 3 9 13 2 12 10 8 6 7 11 15 5 0 4 14
110 102 8 1 3 9 13 2 12 10 8 6 7 11 15 0 5 4 14
111 104 7 1 3 9 13 2 12 10 8 6 7 11 15 14 5 4 0
113 105 8 1 3 9 13 2 12 10 8 6 7 11 15 14 5 0 4
114 106 8 1 3 9 13 2 12 10 8 6 7 11 15 14 0 5 4
111 103 8 1 3 9 13 2 12 10 8 0 7 11 15 6 5 4 14
106 98 8 1 3 9 13 2 12 10 8 0 7 11 15 6 4 14 5
105 97 8 1 3 9 13 2 12 10 8 6 0 11 15 4 7 14 5
106 98 8 1 3 9 13 2 12 10 8 0 6 11 15 4 7 14 5
106 98 8 1 3 9 13 2 0 10 8 6 12 11 15 4 7 14 5
107 99 8 1 0 9 13 2 3 10 8 6 12 11 15 4 7 14 5
103 95 8 1 3 9 13 2 12 10 8 6 7 11 0 4 14 5 15
104 96 8 1 3 9 13 2 12 10 0 6 7 11 8 4 14 5 15
105 97 8 1 3 9 13 2 12 10 8 6 7 0 15 4 14 5 11
106 98 8 1 3 9 13 2 12 10 8 6 7 5 15 4 14 0 11
106 99 7 1 3 9 13 2 12 10 8 6 7 5 15 4 14 11 0
89 81 8 1 12 9 13 2 3 10 8 0 6 11 15 4 7 14 5
90 82 8 1 12 9 13 2 3 10 8 6 7 11 15 0 4 14 5
91 84 7 1 12 9 13 2 3 10 8 6 7 11 15 5 4 14 0
93 85 8 1 12 9 13 2 3 10 8 6 7 11 15 5 4 0 14
94 86 8 1 12 9 13 2 3 10 8 6 7 11 15 5 0 4 14
95 87 8 1 12 9 13 2 3 10 8 6 7 11 15 0 5 4 14
96 89 7 1 12 9 13 2 3 10 8 6 7 11 15 14 5 4 0
98 90 8 1 12 9 13 2 3 10 8 6 7 11 15 14 5 0 4
99 91 8 1 12 9 13 2 3 10 8 6 7 11 15 14 0 5 4
91 83 8 1 12 9 13 2 3 10 8 6 7 0 15 4 14 11 5
96 88 8 1 12 9 13 2 3 10 8 0 7 11 15 6 5 4 14
104 96 8 1 3 9 13 2 12 10 8 6 7 0 15 4 14 11 5
104 96 8 1 3 9 0 2 12 10 8 6 7 11 15 4 14 5 13
105 97 8 1 3 9 8 2 12 10 0 6 7 11 15 4 14 5 13
93 85 8 1 12 9 13 2 3 10 8 6 7 11 15 0 14 5 4
94 86 8 1 12 9 13 2 3 10 8 0 7 11 15 6 14 5 4
93 85 8 1 12 9 0 2 3 10 8 6 7 11 15 4 14 5 13
94 86 8 1 12 9 8 2 3 10 0 6 7 11 15 4 14 5 13
91 83 8 1 12 9 13 2 3 10 8 0 7 11 15 6 4 14 5
107 99 8 1 3 9 13 2 12 10 8 6 7 5 15 4 0 14 11
89 81 8 1 12 9 13 2 0 10 8 6 3 11 15 4 7 14 5
90 82 8 1 0 9 13 2 12 10 8 6 3 11 15 4 7 14 5
92 84 8 1 12 9 13 2 3 10 8 6 7 11 0 4 14 5 15
93 85 8 1 12 9 13 2 3 10 0 6 7 11 8 4 14 5 15
95 87 8 12 0 9 13 2 3 10 8 6 7 11 15 4 14 5 1
96 88 8 12 3 9 13 2 0 10 8 6 7 11 15 4 14 5 1
104 96 8 1 3 9 13 2 12 10 8 6 7 11 15 0 14 5 4
105 97 8 1 3 9 13 2 12 10 8 0 7 11 15 6 14 5 4
107 98 9 1 3 9 13 2 12 10 8 7 0 11 15 6 14 5 4
108 99 9 1 3 9 13 2 12 10 8 7 14 11 15 6 0 5 4
109 100 9 1 3 9 13 2 12 10 8 7 14 11 15 6 5 0 4
109 101 8 1 3 9 13 2 12 10 8 7 14 11 15 6 5 4 0
112 103 9 1 3 9 13 2 12 10 8 7 14 11 15 0 5 4 6
115 106 9 1 3 9 13 2 12 10 8 7 0 11 15 14 5 4 6
115 107 8 1 3 9 13 2 12 10 8 0 7 11 15 14 5 4 6
116 108 8 1 3 9 13 2 12 10 8 14 7 11 15 0 5 4 6
117 110 7 1 3 9 13 2 12 10 8 14 7 11 15 6 5 4 0
119 111 8 1 3 9 13 2 12 10 8 14 7 11 15 6 5 0 4
120 112 8 1 3 9 13 2 12 10 8 14 7 11 15 6 0 5 4
121 113 8 1 3 9 13 2 12 10 8 14 7 11 15 0 6 5 4
121 115 6 1 3 9 13 2 12 10 8 14 7 11 15 4 6 5 0
123 116 7 1 3 9 13 2 12 10 8 14 7 11 15 4 6 0 5
124 117 7 1 3 9 13 2 12 10 8 14 7 11 15 4 0 6 5
126 118 8 1 3 9 13 2 12 10 8 14 7 11 15 0 4 6 5
127 120 7 1 3 9 13 2 12 10 8 14 7 11 15 5 4 6 0
129 121 8 1 3 9 13 2 12 10 8 14 7 11 15 5 4 0 6
127 119 8 1 3 9 13 2 12 10 8 0 7 11 15 14 4 6 5
126 118 8 1 3 9 13 2 12 10 8 14 0 11 15 4 7 6 5
127 119 8 1 3 9 13 2 12 10 8 0 14 11 15 4 7 6 5
127 119 8 1 3 9 13 2 0 10 8 14 12 11 15 4 7 6 5
128 120 8 1 0 9 13 2 3 10 8 14 12 11 15 4 7 6 5
125 117 8 1 3 9 13 2 12 10 8 14 7 0 15 4 6 11 5
126 118 8 1 3 9 13 2 12 10 8 14 7 0 15 4 6 5 11
127 119 8 1 3 9 13 2 12 10 8 14 7 5 15 4 6 0 11
127 120 7 1 3 9 13 2 12 10 8 14 7 5 15 4 6 11 0
128 120 8 1 3 9 13 2 12 10 8 14 7 5 15 4 0 6 11
122 114 8 1 3 9 13 2 12 10 8 0 7 11 15 14 6 5 4
117 109 8 1 3 9 13 2 12 10 8 14 7 11 15 5 0 4 6
124 116 8 1 3 9 13 2 12 10 8 14 7 11 0 4 6 5 15
125 117 8 1 3 9 13 2 12 10 0 14 7 11 8 4 6 5 15
126 118 8 0 3 9 13 2 12 10 8 14 7 11 15 4 6 5 1
129 121 8 12 3 9 13 2 0 10 8 14 7 11 15 4 6 5 1
130 122 8 12 0 9 13 2 3 10 8 14 7 11 15 4 6 5 1
131 123 8 0 12 9 13 2 3 10 8 14 7 11 15 4 6 5 1
132 126 6 1 12 9 13 2 3 10 8 14 7 11 15 4 6 5 0
134 127 7 1 12 9 13 2 3 10 8 14 7 11 15 4 6 0 5
135 128 7 1 12 9 13 2 3 10 8 14 7 11 15 4 0 6 5
137 129 8 1 12 9 13 2 3 10 8 14 7 11 15 0 4 6 5
138 131 7 1 12 9 13 2 3 10 8 14 7 11 15 5 4 6 0
140 132 8 1 12 9 13 2 3 10 8 14 7 11 15 5 4 0 6
141 133 8 1 12 9 13 2 3 10 8 14 7 11 15 5 0 4 6
142 134 8 1 12 9 13 2 3 10 8 14 7 11 15 0 5 4 6
143 136 7 1 12 9 13 2 3 10 8 14 7 11 15 6 5 4 0
145 137 8 1 12 9 13 2 3 10 8 14 7 11 15 6 5 0 4
146 138 8 1 12 9 13 2 3 10 8 14 7 11 15 6 0 5 4
143 135 8 1 12 9 13 2 3 10 8 0 7 11 15 14 5 4 6
138 130 8 1 12 9 13 2 3 10 8 0 7 11 15 14 4 6 5
137 129 8 1 12 9 13 2 3 10 8 14 0 11 15 4 7 6 5
138 130 8 1 12 9 13 2 3 10 8 0 14 11 15 4 7 6 5
138 130 8 1 12 9 13 2 0 10 8 14 3 11 15 4 7 6 5
139 131 8 1 0 9 13 2 12 10 8 14 3 11 15 4 7 6 5
134 126 8 3 12 9 13 2 0 10 8 14 7 11 15 4 6 5 1
125 117 8 1 3 9 0 2 12 10 8 14 7 11 15 4 6 5 13
126 118 8 1 3 9 8 2 12 10 0 14 7 11 15 4 6 5 13
135 127 8 1 12 9 13 2 3 10 8 14 7 11 0 4 6 5 15
136 128 8 1 12 9 13 2 3 10 0 14 7 11 8 4 6 5 15
136 128 8 1 12 9 13 2 3 10 8 14 7 11 15 0 6 5 4
137 129 8 1 12 9 13 2 3 10 8 0 7 11 15 14 6 5 4
136 128 8 1 12 9 0 2 3 10 8 14 7 11 15 4 6 5 13
137 129 8 1 12 9 8 2 3 10 0 14 7 11 15 4 6 5 13
136 128 8 1 12 9 13 2 3 10 8 14 7 0 15 4 6 11 5
127 119 8 3 0 9 13 2 12 10 8 14 7 11 15 4 6 5 1
137 129 8 1 12 9 13 2 3 10 8 14 7 0 15 4 6 5 11
138 130 8 1 12 9 13 2 3 10 8 14 7 5 15 4 6 0 11
138 131 7 1 12 9 13 2 3 10 8 14 7 5 15 4 6 11 0
139 131 8 1 12 9 13 2 3 10 8 14 7 5 15 4 0 6 11
141 132 9 1 12 9 13 2 3 10 8 14 7 5 15 0 4 6 11
142 134 8 1 12 9 13 2 3 10 8 14 7 5 15 11 4 6 0
146 137 9 1 12 9 13 2 3 10 8 14 7 0 15 11 4 6 5
147 138 9 1 12 9 13 2 3 10 8 14 7 6 15 11 4 0 5
147 139 8 1 12 9 13 2 3 10 8 14 7 6 15 11 4 5 0
151 142 9 1 12 9 13 2 3 10 8 14 7 0 15 11 4 5 6
73 64 9 13 3 9 0 2 12 10 8 6 7 11 15 4 5 14 1
74 66 8 13 3 9 1 2 12 10 8 6 7 11 15 4 5 14 0
76 67 9 13 3 9 1 2 12 10 8 6 7 11 15 4 5 0 14
77 68 9 13 3 9 1 2 12 10 8 6 7 11 15 4 0 5 14
74 65 9 13 3 9 8 2 12 10 0 6 7 11 15 4 5 14 1
150 141 9 1 12 9 13 2 3 10 8 14 7 6 15 0 4 5 11
150 142 8 1 12 9 13 2 3 10 8 14 7 6 15 4 0 5 11
151 143 8 1 12 9 13 2 3 10 8 14 7 6 15 4 5 0 11
151 144 7 1 12 9 13 2 3 10 8 14 7 6 15 4 5 11 0
155 147 8 1 12 9 13 2 3 10 8 14 7 0 15 4 5 11 6
155 148 7 1 12 9 13 2 3 10 8 14 7 11 15 4 5 0 6
155 149 6 1 12 9 13 2 3 10 8 14 7 11 15 4 5 6 0
156 149 7 1 12 9 13 2 3 10 8 14 7 11 15 4 0 5 6
158 150 8 1 12 9 13 2 3 10 8 14 7 11 15 0 4 5 6
159 152 7 1 12 9 13 2 3 10 8 14 7 11 15 6 4 5 0
161 153 8 1 12 9 13 2 3 10 8 14 7 11 15 6 4 0 5
162 154 8 1 12 9 13 2 3 10 8 14 7 11 15 6 0 4 5
163 155 8 1 12 9 13 2 3 10 8 14 7 11 15 0 6 4 5
164 157 7 1 12 9 13 2 3 10 8 14 7 11 15 5 6 4 0
166 158 8 1 12 9 13 2 3 10 8 14 7 11 15 5 6 0 4
167 159 8 1 12 9 13 2 3 10 8 14 7 11 15 5 0 6 4
164 156 8 1 12 9 13 2 3 10 8 0 7 11 15 14 6 4 5
158 150 8 1 12 9 13 2 3 10 8 14 7 11 0 4 5 6 15
159 151 8 1 12 9 13 2 3 10 0 14 7 11 8 4 5 6 15
152 144 8 1 12 9 13 2 3 10 8 14 7 0 15 4 5 6 11
159 151 8 1 12 9 13 2 3 10 8 14 7 11 15 0 5 6 4
160 152 8 1 12 9 13 2 3 10 8 0 7 11 15 14 5 6 4
159 151 8 1 12 9 13 2 3 10 8 0 7 11 15 14 4 5 6
159 151 8 1 12 9 0 2 3 10 8 14 7 11 15 4 5 6 13
160 152 8 1 12 9 8 2 3 10 0 14 7 11 15 4 5 6 13
158 150 8 1 12 9 13 2 3 10 8 14 0 11 15 4 7 5 6
159 151 8 1 12 9 13 2 3 10 8 0 14 11 15 4 7 5 6
159 151 8 1 12 9 13 2 0 10 8 14 3 11 15 4 7 5 6
160 152 8 1 0 9 13 2 12 10 8 14 3 11 15 4 7 5 6
160 152 8 0 12 9 13 2 3 10 8 14 7 11 15 4 5 6 1
163 155 8 3 12 9 13 2 0 10 8 14 7 11 15 4 5 6 1
164 156 8 3 0 9 13 2 12 10 8 14 7 11 15 4 5 6 1
165 157 8 0 3 9 13 2 12 10 8 14 7 11 15 4 5 6 1
166 160 6 1 3 9 13 2 12 10 8 14 7 11 15 4 5 6 0
168 161 7 1 3 9 13 2 12 10 8 14 7 11 15 4 5 0 6
169 162 7 1 3 9 13 2 12 10 8 14 7 11 15 4 0 5 6
171 163 8 1 3 9 13 2 12 10 8 14 7 11 15 0 4 5 6
172 165 7 1 3 9 13 2 12 10 8 14 7 11 15 6 4 5 0
174 166 8 1 3 9 13 2 12 10 8 14 7 11 15 6 4 0 5
175 167 8 1 3 9 13 2 12 10 8 14 7 11 15 6 0 4 5
176 168 8 1 3 9 13 2 12 10 8 14 7 11 15 0 6 4 5
177 170 7 1 3 9 13 2 12 10 8 14 7 11 15 5 6 4 0
179 171 8 1 3 9 13 2 12 10 8 14 7 11 15 5 6 0 4
180 172 8 1 3 9 13 2 12 10 8 14 7 11 15 5 0 6 4
177 169 8 1 3 9 13 2 12 10 8 0 7 11 15 14 6 4 5
172 164 8 1 3 9 13 2 12 10 8 0 7 11 15 14 4 5 6
171 163 8 1 3 9 13 2 12 10 8 14 7 0 15 4 5 6 11
172 164 8 1 3 9 13 2 12 10 8 14 7 6 15 4 5 0 11
172 165 7 1 3 9 13 2 12 10 8 14 7 6 15 4 5 11 0
173 165 8 1 3 9 13 2 12 10 8 14 7 6 15 4 0 5 11
170 162 8 1 3 9 13 2 12 10 8 14 7 11 15 0 5 6 4
171 163 8 1 3 9 13 2 12 10 8 0 7 11 15 14 5 6 4
168 160 8 12 3 9 13 2 0 10 8 14 7 11 15 4 5 6 1
170 162 8 1 3 9 0 2 12 10 8 14 7 11 15 4 5 6 13
171 163 8 1 3 9 8 2 12 10 0 14 7 11 15 4 5 6 13
161 153 8 12 0 9 13 2 3 10 8 14 7 11 15 4 5 6 1
169 161 8 1 3 9 13 2 12 10 8 14 7 11 0 4 5 6 15
170 162 8 1 3 9 13 2 12 10 0 14 7 11 8 4 5 6 15
170 162 8 1 3 9 13 2 12 10 8 14 7 0 15 4 5 11 6
171 163 8 1 3 9 13 2 12 10 8 14 0 11 15 4 7 5 6
172 164 8 1 3 9 13 2 12 10 8 0 14 11 15 4 7 5 6
172 164 8 1 3 9 13 2 0 10 8 14 12 11 15 4 7 5 6
173 165 8 1 0 9 13 2 3 10 8 14 12 11 15 4 7 5 6
175 166 9 1 9 0 13 2 3 10 8 14 12 11 15 4 7 5 6
173 164 9 1 3 9 13 2 12 10 8 14 11 0 15 4 7 5 6
174 165 9 1 3 9 13 2 12 10 8 14 11 5 15 4 7 0 6
174 166 8 1 3 9 13 2 12 10 8 14 11 5 15 4 7 6 0
82 73 9 0 3 9 13 2 12 10 8 6 7 11 15 14 4 5 1
85 76 9 12 3 9 13 2 0 10 8 6 7 11 15 14 4 5 1
86 77 9 12 0 9 13 2 3 10 8 6 7 11 15 14 4 5 1
114 105 9 1 3 9 13 2 12 10 8 6 0 11 15 7 5 4 14
115 106 9 1 3 9 13 2 12 10 8 0 6 11 15 7 5 4 14
116 107 9 1 3 9 13 2 12 10 8 7 6 11 15 0 5 4 14
117 109 8 1 3 9 13 2 12 10 8 7 6 11 15 14 5 4 0
119 110 9 1 3 9 13 2 12 10 8 7 6 11 15 14 5 0 4
120 111 9 1 3 9 13 2 12 10 8 7 6 11 15 14 0 5 4
121 112 9 1 3 9 13 2 12 10 8 7 6 11 15 0 14 5 4
121 114 7 1 3 9 13 2 12 10 8 7 6 11 15 4 14 5 0
123 115 8 1 3 9 13 2 12 10 8 7 6 11 15 4 14 0 5
124 116 8 1 3 9 13 2 12 10 8 7 6 11 15 4 0 14 5
125 117 8 1 3 9 13 2 12 10 8 7 0 11 15 4 6 14 5
125 118 7 1 3 9 13 2 12 10 8 0 7 11 15 4 6 14 5
127 119 8 1 3 9 13 2 12 10 8 4 7 11 15 0 6 14 5
128 121 7 1 3 9 13 2 12 10 8 4 7 11 15 5 6 14 0
130 122 8 1 3 9 13 2 12 10 8 4 7 11 15 5 6 0 14
131 123 8 1 3 9 13 2 12 10 8 4 7 11 15 5 0 6 14
132 124 8 1 3 9 13 2 12 10 8 4 7 11 15 0 5 6 14
133 126 7 1 3 9 13 2 12 10 8 4 7 11 15 14 5 6 0
132 125 7 1 3 9 13 2 12 10 8 0 7 11 15 4 5 6 14
134 126 8 1 3 9 13 2 12 10 8 7 0 11 15 4 5 6 14
135 127 8 1 3 9 13 2 12 10 8 7 5 11 15 4 0 6 14
136 128 8 1 3 9 13 2 12 10 8 7 5 11 15 4 6 0 14
136 129 7 1 3 9 13 2 12 10 8 7 5 11 15 4 6 14 0
135 127 8 1 3 9 13 2 0 10 8 7 12 11 15 4 5 6 14
136 128 8 1 0 9 13 2 3 10 8 7 12 11 15 4 5 6 14
134 126 8 1 3 9 13 0 12 10 8 2 7 11 15 4 5 6 14
135 127 8 1 3 9 13 12 0 10 8 2 7 11 15 4 5 6 14
136 128 8 1 0 9 13 12 3 10 8 2 7 11 15 4 5 6 14
135 127 8 1 3 9 13 2 12 10 8 4 7 11 15 14 5 0 6
136 128 8 1 3 9 13 2 12 10 8 4 7 11 15 14 0 5 6
137 129 8 1 3 9 13 2 12 10 8 4 7 11 15 0 14 5 6
138 131 7 1 3 9 13 2 12 10 8 4 7 11 15 6 14 5 0
137 130 7 1 3 9 13 2 12 10 8 0 7 11 15 4 14 5 6
139 131 8 1 3 9 13 2 12 10 8 7 0 11 15 4 14 5 6
140 132 8 1 3 9 13 2 12 10 8 7 14 11 15 4 0 5 6
141 133 8 1 3 9 13 2 12 10 8 7 14 11 15 4 5 0 6
141 134 7 1 3 9 13 2 12 10 8 7 14 11 15 4 5 6 0
140 132 8 1 3 9 13 2 0 10 8 7 12 11 15 4 14 5 6
141 133 8 1 0 9 13 2 3 10 8 7 12 11 15 4 14 5 6
139 131 8 1 3 9 13 0 12 10 8 2 7 11 15 4 14 5 6
140 132 8 1 3 9 13 12 0 10 8 2 7 11 15 4 14 5 6
141 133 8 1 0 9 13 12 3 10 8 2 7 11 15 4 14 5 6
140 132 8 1 3 9 13 2 12 10 8 4 7 11 15 6 14 0 5
127 119 8 1 3 9 13 0 12 10 8 2 7 11 15 4 6 14 5
128 120 8 1 3 9 13 12 0 10 8 2 7 11 15 4 6 14 5
129 121 8 1 0 9 13 12 3 10 8 2 7 11 15 4 6 14 5
128 120 8 1 3 9 13 2 12 10 8 4 7 11 15 6 0 14 5
126 118 8 1 3 9 13 2 0 10 8 7 12 11 15 4 6 14 5
127 119 8 1 0 9 13 2 3 10 8 7 12 11 15 4 6 14 5
129 120 9 1 9 0 13 2 3 10 8 7 12 11 15 4 6 14 5
106 97 9 1 3 0 9 2 12 10 8 6 7 11 15 4 14 5 13
107 98 9 1 0 3 9 2 12 10 8 6 7 11 15 4 14 5 13
108 99 9 1 12 3 9 2 0 10 8 6 7 11 15 4 14 5 13
146 137 9 1 12 9 0 2 3 10 8 14 7 11 15 13 5 4 6
147 139 8 1 12 9 6 2 3 10 8 14 7 11 15 13 5 4 0
150 141 9 1 12 9 6 2 3 10 8 14 7 11 15 0 5 4 13
151 142 9 1 12 9 6 2 3 10 8 14 7 11 15 5 0 4 13
152 143 9 1 12 9 6 2 3 10 8 14 7 11 15 5 4 0 13
152 144 8 1 12 9 6 2 3 10 8 14 7 11 15 5 4 13 0
155 146 9 1 12 9 0 2 3 10 8 14 7 11 15 5 4 13 6
158 149 9 1 12 9 5 2 3 10 8 14 7 11 15 0 4 13 6
159 151 8 1 12 9 5 2 3 10 8 14 7 11 15 6 4 13 0
158 150 8 1 12 9 5 2 3 10 8 14 7 11 15 4 0 13 6
159 151 8 1 12 9 5 2 3 10 8 14 7 11 15 4 13 0 6
159 152 7 1 12 9 5 2 3 10 8 14 7 11 15 4 13 6 0
162 154 8 1 12 9 0 2 3 10 8 14 7 11 15 4 13 6 5
163 155 8 1 12 9 8 2 3 10 0 14 7 11 15 4 13 6 5
165 156 9 1 12 9 8 2 3 0 10 14 7 11 15 4 13 6 5
166 157 9 1 12 9 8 2 0 3 10 14 7 11 15 4 13 6 5
167 158 9 1 0 9 8 2 12 3 10 14 7 11 15 4 13 6 5
140 131 9 1 12 9 13 2 10 0 8 14 3 11 15 4 7 6 5
141 132 9 1 12 9 13 2 10 8 0 14 3 11 15 4 7 6 5
85 76 9 1 12 9 13 2 3 10 8 6 0 11 15 7 4 5 14
86 77 9 1 12 9 13 2 3 10 8 0 6 11 15 7 4 5 14
87 78 9 1 12 9 13 2 3 10 8 7 6 11 15 0 4 5 14
88 80 8 1 12 9 13 2 3 10 8 7 6 11 15 14 4 5 0
87 79 8 1 12 9 13 2 3 10 8 7 6 11 15 4 0 5 14
88 80 8 1 12 9 13 2 3 10 8 7 6 11 15 4 5 0 14
88 81 7 1 12 9 13 2 3 10 8 7 6 11 15 4 5 14 0
88 80 8 1 12 9 13 2 3 10 8 7 0 11 15 4 6 5 14
88 81 7 1 12 9 13 2 3 10 8 0 7 11 15 4 6 5 14
90 82 8 1 12 9 13 2 3 10 8 4 7 11 15 0 6 5 14
91 84 7 1 12 9 13 2 3 10 8 4 7 11 15 14 6 5 0
93 85 8 1 12 9 13 2 3 10 8 4 7 11 15 14 6 0 5
94 86 8 1 12 9 13 2 3 10 8 4 7 11 15 14 0 6 5
95 87 8 1 12 9 13 2 3 10 8 4 7 11 15 0 14 6 5
96 89 7 1 12 9 13 2 3 10 8 4 7 11 15 5 14 6 0
95 88 7 1 12 9 13 2 3 10 8 0 7 11 15 4 14 6 5
97 89 8 1 12 9 13 2 3 10 8 7 0 11 15 4 14 6 5
98 90 8 1 12 9 13 2 3 10 8 7 14 11 15 4 0 6 5
99 91 8 1 12 9 13 2 3 10 8 7 14 11 15 4 6 0 5
99 92 7 1 12 9 13 2 3 10 8 7 14 11 15 4 6 5 0
98 90 8 1 12 9 13 2 0 10 8 7 3 11 15 4 14 6 5
99 91 8 1 0 9 13 2 12 10 8 7 3 11 15 4 14 6 5
97 89 8 1 12 9 13 0 3 10 8 2 7 11 15 4 14 6 5
98 90 8 1 12 9 13 3 0 10 8 2 7 11 15 4 14 6 5
99 91 8 1 0 9 13 3 12 10 8 2 7 11 15 4 14 6 5
98 90 8 1 12 9 13 2 3 10 8 4 7 11 15 5 14 0 6
99 91 8 1 12 9 13 2 3 10 8 4 7 11 15 5 0 14 6
100 92 8 1 12 9 13 2 3 10 8 4 7 11 15 0 5 14 6
101 94 7 1 12 9 13 2 3 10 8 4 7 11 15 6 5 14 0
100 93 7 1 12 9 13 2 3 10 8 0 7 11 15 4 5 14 6
102 94 8 1 12 9 13 2 3 10 8 7 0 11 15 4 5 14 6
103 95 8 1 12 9 13 2 3 10 8 7 5 11 15 4 0 14 6
104 96 8 1 12 9 13 2 3 10 8 7 5 11 15 4 14 0 6
104 97 7 1 12 9 13 2 3 10 8 7 5 11 15 4 14 6 0
103 95 8 1 12 9 13 2 0 10 8 7 3 11 15 4 5 14 6
104 96 8 1 0 9 13 2 12 10 8 7 3 11 15 4 5 14 6
102 94 8 1 12 9 13 0 3 10 8 2 7 11 15 4 5 14 6
103 95 8 1 12 9 13 3 0 10 8 2 7 11 15 4 5 14 6
104 96 8 1 0 9 13 3 12 10 8 2 7 11 15 4 5 14 6
90 82 8 1 12 9 13 0 3 10 8 2 7 11 15 4 6 5 14
91 83 8 1 12 9 13 3 0 10 8 2 7 11 15 4 6 5 14
92 84 8 1 0 9 13 3 12 10 8 2 7 11 15 4 6 5 14
89 81 8 1 12 9 13 2 0 10 8 7 3 11 15 4 6 5 14
90 82 8 1 0 9 13 2 12 10 8 7 3 11 15 4 6 5 14
91 83 8 1 12 9 13 2 3 10 8 4 7 11 15 6 0 5 14
92 84 8 1 12 9 13 2 3 10 8 4 7 11 15 6 5 0 14
94 85 9 1 12 9 13 2 3 10 8 4 7 0 15 6 5 11 14
82 73 9 1 12 9 13 2 3 0 10 6 7 11 8 4 5 14 15
83 74 9 1 12 9 13 2 0 3 10 6 7 11 8 4 5 14 15
84 75 9 1 0 9 13 2 12 3 10 6 7 11 8 4 5 14 15
141 132 9 1 9 0 13 2 12 10 8 14 3 11 15 4 7 6 5
141 132 9 0 1 9 13 2 12 10 8 14 3 11 15 4 7 6 5
143 135 8 5 1 9 13 2 12 10 8 14 3 11 15 4 7 6 0
145 136 9 5 1 9 13 2 12 10 8 14 3 11 15 4 7 0 6
146 137 9 5 1 9 13 2 12 10 8 14 3 11 15 4 0 7 6
147 138 9 5 1 9 13 2 12 10 8 14 0 11 15 4 3 7 6
148 139 9 5 1 9 13 2 12 10 8 0 14 11 15 4 3 7 6
146 137 9 1 12 9 13 2 3 10 8 14 7 11 0 6 5 4 15
147 138 9 1 12 9 13 2 3 10 0 14 7 11 8 6 5 4 15
128 119 9 0 3 9 1 2 12 10 8 14 7 11 15 4 6 5 13
130 122 8 13 3 9 1 2 12 10 8 14 7 11 15 4 6 5 0
132 123 9 13 3 9 1 2 12 10 8 14 7 11 15 4 6 0 5
133 124 9 13 3 9 1 2 12 10 8 14 7 11 15 4 0 6 5
83 74 9 1 12 9 13 2 3 10 8 7 0 11 15 6 5 14 4
84 75 9 1 12 9 13 2 3 10 8 7 5 11 15 6 0 14 4
85 76 9 1 12 9 13 2 3 10 8 7 5 11 15 6 14 0 4
85 77 8 1 12 9 13 2 3 10 8 7 5 11 15 6 14 4 0
88 79 9 1 12 9 13 2 3 10 8 7 5 11 15 0 14 4 6
91 82 9 1 12 9 13 2 3 10 8 7 0 11 15 5 14 4 6
91 83 8 1 12 9 13 2 3 10 8 0 7 11 15 5 14 4 6
92 84 8 1 12 9 13 2 3 10 8 5 7 11 15 0 14 4 6
93 86 7 1 12 9 13 2 3 10 8 5 7 11 15 6 14 4 0
95 87 8 1 12 9 13 2 3 10 8 5 7 11 15 6 14 0 4
96 88 8 1 12 9 13 2 3 10 8 5 7 11 15 6 0 14 4
97 89 8 1 12 9 13 2 3 10 8 5 7 11 15 0 6 14 4
97 91 6 1 12 9 13 2 3 10 8 5 7 11 15 4 6 14 0
99 92 7 1 12 9 13 2 3 10 8 5 7 11 15 4 6 0 14
100 93 7 1 12 9 13 2 3 10 8 5 7 11 15 4 0 6 14
102 94 8 1 12 9 13 2 3 10 8 5 7 11 15 0 4 6 14
103 96 7 1 12 9 13 2 3 10 8 5 7 11 15 14 4 6 0
105 97 8 1 12 9 13 2 3 10 8 5 7 11 15 14 4 0 6
103 95 8 1 12 9 13 2 3 10 8 0 7 11 15 5 4 6 14
102 94 8 1 12 9 13 2 3 10 8 5 0 11 15 4 7 6 14
103 95 8 1 12 9 13 2 3 10 8 0 5 11 15 4 7 6 14
103 95 8 1 12 9 13 2 0 10 8 5 3 11 15 4 7 6 14
104 96 8 1 0 9 13 2 12 10 8 5 3 11 15 4 7 6 14
101 93 8 1 12 9 13 2 3 10 8 5 7 0 15 4 6 11 14
102 94 8 1 12 9 13 2 3 10 8 5 7 0 15 4 6 14 11
103 95 8 1 12 9 13 2 3 10 8 5 7 14 15 4 6 0 11
103 96 7 1 12 9 13 2 3 10 8 5 7 14 15 4 6 11 0
104 96 8 1 12 9 13 2 3 10 8 5 7 14 15 4 0 6 11
102 94 8 0 12 9 13 2 3 10 8 5 7 11 15 4 6 14 1
105 97 8 3 12 9 13 2 0 10 8 5 7 11 15 4 6 14 1
106 98 8 3 0 9 13 2 12 10 8 5 7 11 15 4 6 14 1
107 99 8 0 3 9 13 2 12 10 8 5 7 11 15 4 6 14 1
108 102 6 1 3 9 13 2 12 10 8 5 7 11 15 4 6 14 0
110 103 7 1 3 9 13 2 12 10 8 5 7 11 15 4 6 0 14
111 104 7 1 3 9 13 2 12 10 8 5 7 11 15 4 0 6 14
113 105 8 1 3 9 13 2 12 10 8 5 7 11 15 0 4 6 14
114 107 7 1 3 9 13 2 12 10 8 5 7 11 15 14 4 6 0
116 108 8 1 3 9 13 2 12 10 8 5 7 11 15 14 4 0 6
117 109 8 1 3 9 13 2 12 10 8 5 7 11 15 14 0 4 6
118 110 8 1 3 9 13 2 12 10 8 5 7 11 15 0 14 4 6
119 112 7 1 3 9 13 2 12 10 8 5 7 11 15 6 14 4 0
121 113 8 1 3 9 13 2 12 10 8 5 7 11 15 6 14 0 4
122 114 8 1 3 9 13 2 12 10 8 5 7 11 15 6 0 14 4
119 111 8 1 3 9 13 2 12 10 8 0 7 11 15 5 14 4 6
114 106 8 1 3 9 13 2 12 10 8 0 7 11 15 5 4 6 14
113 105 8 1 3 9 13 2 12 10 8 5 0 11 15 4 7 6 14
114 106 8 1 3 9 13 2 12 10 8 0 5 11 15 4 7 6 14
114 106 8 1 3 9 13 2 0 10 8 5 12 11 15 4 7 6 14
115 107 8 1 0 9 13 2 3 10 8 5 12 11 15 4 7 6 14
93 85 8 1 12 9 13 2 3 10 8 5 7 11 15 14 0 4 6
112 104 8 1 3 9 13 2 12 10 8 5 7 0 15 4 6 11 14
113 105 8 1 3 9 13 2 12 10 8 5 7 0 15 4 6 14 11
114 106 8 1 3 9 13 2 12 10 8 5 7 14 15 4 6 0 11
114 107 7 1 3 9 13 2 12 10 8 5 7 14 15 4 6 11 0
115 107 8 1 3 9 13 2 12 10 8 5 7 14 15 4 0 6 11
112 104 8 1 3 9 0 2 12 10 8 5 7 11 15 4 6 14 13
113 105 8 1 3 9 8 2 12 10 0 5 7 11 15 4 6 14 13
101 93 8 1 12 9 0 2 3 10 8 5 7 11 15 4 6 14 13
102 94 8 1 12 9 8 2 3 10 0 5 7 11 15 4 6 14 13
110 102 8 12 3 9 13 2 0 10 8 5 7 11 15 4 6 14 1
98 90 8 1 12 9 13 2 3 10 8 0 7 11 15 5 6 14 4
100 92 8 1 12 9 13 2 3 10 8 5 7 11 0 4 6 14 15
101 93 8 1 12 9 13 2 3 10 0 5 7 11 8 4 6 14 15
112 104 8 1 3 9 13 2 12 10 8 5 7 11 15 0 6 14 4
113 105 8 1 3 9 13 2 12 10 8 0 7 11 15 5 6 14 4
111 103 8 1 3 9 13 2 12 10 8 5 7 11 0 4 6 14 15
112 104 8 1 3 9 13 2 12 10 0 5 7 11 8 4 6 14 15
103 95 8 12 0 9 13 2 3 10 8 5 7 11 15 4 6 14 1
105 96 9 12 9 0 13 2 3 10 8 5 7 11 15 4 6 14 1
129 120 9 1 3 9 10 2 12 0 8 14 7 11 15 4 6 5 13
130 121 9 1 3 9 10 2 12 8 0 14 7 11 15 4 6 5 13
131 122 9 1 3 9 0 2 12 8 10 14 7 11 15 4 6 5 13
131 124 7 1 3 9 13 2 12 8 10 14 7 11 15 4 6 5 0
133 125 8 1 3 9 13 2 12 8 10 14 7 11 15 4 6 0 5
134 126 8 1 3 9 13 2 12 8 10 14 7 11 15 4 0 6 5
136 127 9 1 3 9 13 2 12 8 10 14 7 11 15 0 4 6 5
137 129 8 1 3 9 13 2 12 8 10 14 7 11 15 5 4 6 0
139 130 9 1 3 9 13 2 12 8 10 14 7 11 15 5 4 0 6
140 131 9 1 3 9 13 2 12 8 10 14 7 11 15 5 0 4 6
141 132 9 1 3 9 13 2 12 8 10 14 7 11 15 0 5 4 6
142 134 8 1 3 9 13 2 12 8 10 14 7 11 15 6 5 4 0
144 135 9 1 3 9 13 2 12 8 10 14 7 11 15 6 5 0 4
145 136 9 1 3 9 13 2 12 8 10 14 7 11 15 6 0 5 4
142 133 9 1 3 9 13 2 12 8 10 0 7 11 15 14 5 4 6
138 129 9 1 12 0 9 2 3 10 8 14 7 11 15 4 6 5 13
139 130 9 1 0 12 9 2 3 10 8 14 7 11 15 4 6 5 13
140 131 9 1 3 12 9 2 0 10 8 14 7 11 15 4 6 5 13
97 88 9 1 12 9 0 2 3 10 8 5 7 11 15 6 14 4 13
100 91 9 1 12 9 6 2 3 10 8 5 7 11 15 0 14 4 13
101 93 8 1 12 9 6 2 3 10 8 5 7 11 15 13 14 4 0
103 94 9 1 12 9 6 2 3 10 8 5 7 11 15 13 14 0 4
104 95 9 1 12 9 6 2 3 10 8 5 7 11 15 13 0 14 4
105 96 9 1 12 9 6 2 3 10 8 5 7 11 15 0 13 14 4
105 98 7 1 12 9 6 2 3 10 8 5 7 11 15 4 13 14 0
108 100 8 1 12 9 0 2 3 10 8 5 7 11 15 4 13 14 6
109 101 8 1 12 9 8 2 3 10 0 5 7 11 15 4 13 14 6
107 99 8 1 12 9 6 2 3 10 8 5 7 11 15 4 13 0 14
108 100 8 1 12 9 6 2 3 10 8 5 7 11 15 4 0 13 14
110 101 9 1 12 9 6 2 3 10 8 5 7 11 15 0 4 13 14
111 103 8 1 12 9 6 2 3 10 8 5 7 11 15 14 4 13 0
114 105 9 1 12 9 0 2 3 10 8 5 7 11 15 14 4 13 6
117 108 9 1 12 9 14 2 3 10 8 5 7 11 15 0 4 13 6
118 110 8 1 12 9 14 2 3 10 8 5 7 11 15 6 4 13 0
117 109 8 1 12 9 14 2 3 10 8 5 7 11 15 4 0 13 6
118 110 8 1 12 9 14 2 3 10 8 5 7 11 15 4 13 0 6
118 111 7 1 12 9 14 2 3 10 8 5 7 11 15 4 13 6 0
121 113 8 1 12 9 0 2 3 10 8 5 7 11 15 4 13 6 14
122 114 8 1 12 9 8 2 3 10 0 5 7 11 15 4 13 6 14
124 115 9 1 12 9 8 2 3 0 10 5 7 11 15 4 13 6 14
125 116 9 1 12 9 8 2 0 3 10 5 7 11 15 4 13 6 14
126 117 9 1 0 9 8 2 12 3 10 5 7 11 15 4 13 6 14
122 113 9 1 12 9 14 2 3 10 8 5 7 11 15 0 13 6 4
125 116 9 1 12 9 0 2 3 10 8 5 7 11 15 14 13 6 4
126 118 8 1 12 9 4 2 3 10 8 5 7 11 15 14 13 6 0
128 119 9 1 12 9 4 2 3 10 8 5 7 11 15 14 13 0 6
129 120 9 1 12 9 4 2 3 10 8 5 7 11 15 14 0 13 6
130 121 9 1 12 9 4 2 3 10 8 5 7 11 15 0 14 13 6
132 124 8 1 12 9 0 2 3 10 8 5 7 11 15 4 14 13 6
133 126 7 1 12 9 6 2 3 10 8 5 7 11 15 4 14 13 0
135 127 8 1 12 9 6 2 3 10 8 5 7 11 15 4 14 0 13
136 128 8 1 12 9 6 2 3 10 8 5 7 11 15 4 0 14 13
133 125 8 1 12 9 8 2 3 10 0 5 7 11 15 4 14 13 6
131 123 8 1 12 9 4 2 3 10 8 5 7 11 15 6 14 13 0
134 125 9 1 12 9 0 2 3 10 8 5 7 11 15 6 14 13 4
135 126 9 1 12 9 8 2 3 10 0 5 7 11 15 6 14 13 4
133 124 9 1 12 9 4 2 3 10 8 5 7 11 15 6 14 0 13
134 125 9 1 12 9 4 2 3 10 8 5 7 11 15 6 0 14 13
104 95 9 1 12 9 13 2 3 10 8 5 0 7 15 4 6 14 11
105 96 9 1 12 9 13 2 3 10 8 0 5 7 15 4 6 14 11
169 160 9 1 12 9 13 2 3 10 8 14 7 0 15 5 6 4 11
170 161 9 1 12 9 13 2 3 10 8 14 7 4 15 5 6 0 11
170 162 8 1 12 9 13 2 3 10 8 14 7 4 15 5 6 11 0
173 164 9 1 12 9 13 2 3 10 8 14 7 4 15 0 6 11 5
174 165 9 1 12 9 13 2 3 10 8 14 7 4 15 6 0 11 5
175 166 9 1 12 9 13 2 3 10 8 14 7 4 15 6 11 0 5
175 167 8 1 12 9 13 2 3 10 8 14 7 4 15 6 11 5 0
179 170 9 1 12 9 13 2 3 10 8 14 7 0 15 6 11 5 4
180 171 9 1 12 9 13 2 3 10 8 14 7 5 15 6 11 0 4
180 172 8 1 12 9 13 2 3 10 8 14 7 5 15 6 11 4 0
183 174 9 1 12 9 13 2 3 10 8 14 7 5 15 0 11 4 6
184 175 9 1 12 9 13 2 3 10 8 14 7 5 15 11 0 4 6
184 175 9 1 12 9 13 2 3 10 8 0 7 5 15 14 11 4 6
105 96 9 4 12 9 13 2 3 10 8 5 7 11 15 0 6 14 1
106 98 8 4 12 9 13 2 3 10 8 5 7 11 15 1 6 14 0
108 99 9 4 12 9 13 2 3 10 8 5 7 11 15 1 6 0 14
109 100 9 4 12 9 13 2 3 10 8 5 7 11 15 1 0 6 14
110 101 9 4 12 9 13 2 3 10 8 5 7 11 15 0 1 6 14
111 103 8 0 12 9 13 2 3 10 8 5 7 11 15 4 1 6 14
113 106 7 14 12 9 13 2 3 10 8 5 7 11 15 4 1 6 0
115 107 8 14 12 9 13 2 3 10 8 5 7 11 15 4 1 0 6
116 108 8 14 12 9 13 2 3 10 8 5 7 11 15 4 0 1 6
114 106 8 3 12 9 13 2 0 10 8 5 7 11 15 4 1 6 14
115 107 8 3 0 9 13 2 12 10 8 5 7 11 15 4 1 6 14
116 108 8 0 3 9 13 2 12 10 8 5 7 11 15 4 1 6 14
118 111 7 14 3 9 13 2 12 10 8 5 7 11 15 4 1 6 0
120 112 8 14 3 9 13 2 12 10 8 5 7 11 15 4 1 0 6
121 113 8 14 3 9 13 2 12 10 8 5 7 11 15 4 0 1 6
119 111 8 12 3 9 13 2 0 10 8 5 7 11 15 4 1 6 14
112 104 8 12 0 9 13 2 3 10 8 5 7 11 15 4 1 6 14
111 103 8 4 12 9 13 2 3 10 8 5 7 11 15 14 1 6 0
115 106 9 0 12 9 13 2 3 10 8 5 7 11 15 14 1 6 4
118 109 9 3 12 9 13 2 0 10 8 5 7 11 15 14 1 6 4
119 110 9 3 0 9 13 2 12 10 8 5 7 11 15 14 1 6 4
120 111 9 0 3 9 13 2 12 10 8 5 7 11 15 14 1 6 4
122 114 8 4 3 9 13 2 12 10 8 5 7 11 15 14 1 6 0
124 115 9 4 3 9 13 2 12 10 8 5 7 11 15 14 1 0 6
125 116 9 4 3 9 13 2 12 10 8 5 7 11 15 14 0 1 6
126 117 9 4 3 9 13 2 12 10 8 5 7 11 15 0 14 1 6
127 119 8 0 3 9 13 2 12 10 8 5 7 11 15 4 14 1 6
129 122 7 6 3 9 13 2 12 10 8 5 7 11 15 4 14 1 0
131 123 8 6 3 9 13 2 12 10 8 5 7 11 15 4 14 0 1
132 124 8 6 3 9 13 2 12 10 8 5 7 11 15 4 0 14 1
130 122 8 12 3 9 13 2 0 10 8 5 7 11 15 4 14 1 6
131 123 8 12 0 9 13 2 3 10 8 5 7 11 15 4 14 1 6
132 124 8 0 12 9 13 2 3 10 8 5 7 11 15 4 14 1 6
134 127 7 6 12 9 13 2 3 10 8 5 7 11 15 4 14 1 0
136 128 8 6 12 9 13 2 3 10 8 5 7 11 15 4 14 0 1
137 129 8 6 12 9 13 2 3 10 8 5 7 11 15 4 0 14 1
135 127 8 3 12 9 13 2 0 10 8 5 7 11 15 4 14 1 6
128 120 8 3 0 9 13 2 12 10 8 5 7 11 15 4 14 1 6
127 119 8 4 3 9 13 2 12 10 8 5 7 11 15 6 14 1 0
131 122 9 0 3 9 13 2 12 10 8 5 7 11 15 6 14 1 4
134 125 9 12 3 9 13 2 0 10 8 5 7 11 15 6 14 1 4
135 126 9 12 0 9 13 2 3 10 8 5 7 11 15 6 14 1 4
136 127 9 0 12 9 13 2 3 10 8 5 7 11 15 6 14 1 4
138 130 8 4 12 9 13 2 3 10 8 5 7 11 15 6 14 1 0
140 131 9 4 12 9 13 2 3 10 8 5 7 11 15 6 14 0 1
182 173 9 1 3 9 13 2 12 10 8 14 0 11 15 5 7 6 4
183 174 9 1 3 9 13 2 12 10 8 0 14 11 15 5 7 6 4
184 175 9 1 3 9 13 2 12 10 8 5 14 11 15 0 7 6 4
184 177 7 1 3 9 13 2 12 10 8 5 14 11 15 4 7 6 0
186 178 8 1 3 9 13 2 12 10 8 5 14 11 15 4 7 0 6
187 179 8 1 3 9 13 2 12 10 8 5 14 11 15 4 0 7 6
188 180 8 1 3 9 13 2 12 10 8 5 0 11 15 4 14 7 6
189 181 8 1 3 9 13 2 12 10 8 0 5 11 15 4 14 7 6
189 181 8 1 3 9 13 2 0 10 8 5 12 11 15 4 14 7 6
190 182 8 1 0 9 13 2 3 10 8 5 12 11 15 4 14 7 6
192 183 9 1 9 0 13 2 3 10 8 5 12 11 15 4 14 7 6
173 164 9 1 3 9 13 2 12 10 8 7 0 11 15 14 5 6 4
174 165 9 1 3 9 13 2 12 10 8 7 5 11 15 14 0 6 4
175 166 9 1 3 9 13 2 12 10 8 7 5 11 15 14 6 0 4
175 167 8 1 3 9 13 2 12 10 8 7 5 11 15 14 6 4 0
178 169 9 1 3 9 13 2 12 10 8 7 5 11 15 0 6 4 14
181 172 9 1 3 9 13 2 12 10 8 7 0 11 15 5 6 4 14
181 173 8 1 3 9 13 2 12 10 8 0 7 11 15 5 6 4 14
182 174 8 1 3 9 13 2 12 10 8 5 7 11 15 0 6 4 14
183 176 7 1 3 9 13 2 12 10 8 5 7 11 15 14 6 4 0
185 177 8 1 3 9 13 2 12 10 8 5 7 11 15 14 6 0 4
186 178 8 1 3 9 13 2 12 10 8 5 7 11 15 14 0 6 4
187 179 8 1 3 9 13 2 12 10 8 5 7 11 15 0 14 6 4
187 181 6 1 3 9 13 2 12 10 8 5 7 11 15 4 14 6 0
189 182 7 1 3 9 13 2 12 10 8 5 7 11 15 4 14 0 6
190 183 7 1 3 9 13 2 12 10 8 5 7 11 15 4 0 14 6
192 184 8 1 3 9 13 2 12 10 8 5 7 11 15 0 4 14 6
193 186 7 1 3 9 13 2 12 10 8 5 7 11 15 6 4 14 0
195 187 8 1 3 9 13 2 12 10 8 5 7 11 15 6 4 0 14
193 185 8 1 3 9 13 2 12 10 8 0 7 11 15 5 4 14 6
192 184 8 1 3 9 13 2 12 10 8 5 0 11 15 4 7 14 6
193 185 8 1 3 9 13 2 12 10 8 0 5 11 15 4 7 14 6
193 185 8 1 3 9 13 2 0 10 8 5 12 11 15 4 7 14 6
194 186 8 1 0 9 13 2 3 10 8 5 12 11 15 4 7 14 6
191 183 8 1 3 9 13 2 12 10 8 5 7 0 15 4 14 11 6
192 184 8 1 3 9 13 2 12 10 8 5 7 0 15 4 14 6 11
193 185 8 1 3 9 13 2 12 10 8 5 7 6 15 4 14 0 11
193 186 7 1 3 9 13 2 12 10 8 5 7 6 15 4 14 11 0
194 186 8 1 3 9 13 2 12 10 8 5 7 6 15 4 0 14 11
192 184 8 0 3 9 13 2 12 10 8 5 7 11 15 4 14 6 1
195 187 8 12 3 9 13 2 0 10 8 5 7 11 15 4 14 6 1
196 188 8 12 0 9 13 2 3 10 8 5 7 11 15 4 14 6 1
197 189 8 0 12 9 13 2 3 10 8 5 7 11 15 4 14 6 1
198 192 6 1 12 9 13 2 3 10 8 5 7 11 15 4 14 6 0
200 193 7 1 12 9 13 2 3 10 8 5 7 11 15 4 14 0 6
201 194 7 1 12 9 13 2 3 10 8 5 7 11 15 4 0 14 6
203 195 8 1 12 9 13 2 3 10 8 5 7 11 15 0 4 14 6
204 197 7 1 12 9 13 2 3 10 8 5 7 11 15 6 4 14 0
206 198 8 1 12 9 13 2 3 10 8 5 7 11 15 6 4 0 14
207 199 8 1 12 9 13 2 3 10 8 5 7 11 15 6 0 4 14
208 200 8 1 12 9 13 2 3 10 8 5 7 11 15 0 6 4 14
209 202 7 1 12 9 13 2 3 10 8 5 7 11 15 14 6 4 0
211 203 8 1 12 9 13 2 3 10 8 5 7 11 15 14 6 0 4
212 204 8 1 12 9 13 2 3 10 8 5 7 11 15 14 0 6 4
204 196 8 1 12 9 13 2 3 10 8 0 7 11 15 5 4 14 6
188 180 8 1 3 9 13 2 12 10 8 0 7 11 15 5 14 6 4
203 195 8 1 12 9 13 2 3 10 8 5 0 11 15 4 7 14 6
204 196 8 1 12 9 13 2 3 10 8 0 5 11 15 4 7 14 6
183 175 8 1 3 9 13 2 12 10 8 5 7 11 15 6 0 4 14
191 183 8 1 3 9 0 2 12 10 8 5 7 11 15 4 14 6 13
192 184 8 1 3 9 8 2 12 10 0 5 7 11 15 4 14 6 13
202 194 8 1 12 9 0 2 3 10 8 5 7 11 15 4 14 6 13
203 195 8 1 12 9 8 2 3 10 0 5 7 11 15 4 14 6 13
200 192 8 3 12 9 13 2 0 10 8 5 7 11 15 4 14 6 1
202 194 8 1 12 9 13 2 3 10 8 5 7 11 15 0 14 6 4
203 195 8 1 12 9 13 2 3 10 8 0 7 11 15 5 14 6 4
190 182 8 1 3 9 13 2 12 10 8 5 7 11 0 4 14 6 15
191 183 8 1 3 9 13 2 12 10 0 5 7 11 8 4 14 6 15
201 193 8 1 12 9 13 2 3 10 8 5 7 11 0 4 14 6 15
202 194 8 1 12 9 13 2 3 10 0 5 7 11 8 4 14 6 15
203 195 8 1 12 9 13 2 3 10 8 5 7 0 15 4 14 6 11
204 196 8 1 12 9 13 2 3 10 8 5 7 6 15 4 14 0 11
204 197 7 1 12 9 13 2 3 10 8 5 7 6 15 4 14 11 0
205 197 8 1 12 9 13 2 3 10 8 5 7 6 15 4 0 14 11
193 185 8 3 0 9 13 2 12 10 8 5 7 11 15 4 14 6 1
204 196 8 1 12 9 13 2 0 10 8 5 3 11 15 4 7 14 6
205 197 8 1 0 9 13 2 12 10 8 5 3 11 15 4 7 14 6
202 194 8 1 12 9 13 2 3 10 8 5 7 0 15 4 14 11 6
209 201 8 1 12 9 13 2 3 10 8 0 7 11 15 5 6 4 14
211 202 9 1 12 9 13 2 3 10 8 7 0 11 15 5 6 4 14
212 203 9 1 12 9 13 2 3 10 8 7 6 11 15 5 0 4 14
213 204 9 1 12 9 13 2 3 10 8 7 6 11 15 5 4 0 14
213 205 8 1 12 9 13 2 3 10 8 7 6 11 15 5 4 14 0
216 207 9 1 12 9 13 2 3 10 8 7 6 11 15 0 4 14 5
216 208 8 1 12 9 13 2 3 10 8 7 6 11 15 4 0 14 5
217 209 8 1 12 9 13 2 3 10 8 7 6 11 15 4 14 0 5
217 210 7 1 12 9 13 2 3 10 8 7 6 11 15 4 14 5 0
217 209 8 1 12 9 13 2 3 10 8 7 0 11 15 4 6 14 5
217 210 7 1 12 9 13 2 3 10 8 0 7 11 15 4 6 14 5
219 211 8 1 12 9 13 2 3 10 8 4 7 11 15 0 6 14 5
220 213 7 1 12 9 13 2 3 10 8 4 7 11 15 5 6 14 0
222 214 8 1 12 9 13 2 3 10 8 4 7 11 15 5 6 0 14
223 215 8 1 12 9 13 2 3 10 8 4 7 11 15 5 0 6 14
224 216 8 1 12 9 13 2 3 10 8 4 7 11 15 0 5 6 14
225 218 7 1 12 9 13 2 3 10 8 4 7 11 15 14 5 6 0
224 217 7 1 12 9 13 2 3 10 8 0 7 11 15 4 5 6 14
226 218 8 1 12 9 13 2 3 10 8 7 0 11 15 4 5 6 14
227 219 8 1 12 9 13 2 3 10 8 7 5 11 15 4 0 6 14
228 220 8 1 12 9 13 2 3 10 8 7 5 11 15 4 6 0 14
228 221 7 1 12 9 13 2 3 10 8 7 5 11 15 4 6 14 0
227 219 8 1 12 9 13 2 0 10 8 7 3 11 15 4 5 6 14
228 220 8 1 0 9 13 2 12 10 8 7 3 11 15 4 5 6 14
226 218 8 1 12 9 13 0 3 10 8 2 7 11 15 4 5 6 14
227 219 8 1 12 9 13 3 0 10 8 2 7 11 15 4 5 6 14
228 220 8 1 0 9 13 3 12 10 8 2 7 11 15 4 5 6 14
227 219 8 1 12 9 13 2 3 10 8 4 7 11 15 14 5 0 6
228 220 8 1 12 9 13 2 3 10 8 4 7 11 15 14 0 5 6
229 221 8 1 12 9 13 2 3 10 8 4 7 11 15 0 14 5 6
230 223 7 1 12 9 13 2 3 10 8 4 7 11 15 6 14 5 0
229 222 7 1 12 9 13 2 3 10 8 0 7 11 15 4 14 5 6
231 223 8 1 12 9 13 2 3 10 8 7 0 11 15 4 14 5 6
232 224 8 1 12 9 13 2 3 10 8 7 14 11 15 4 0 5 6
233 225 8 1 12 9 13 2 3 10 8 7 14 11 15 4 5 0 6
233 226 7 1 12 9 13 2 3 10 8 7 14 11 15 4 5 6 0
232 224 8 1 12 9 13 2 0 10 8 7 3 11 15 4 14 5 6
233 225 8 1 0 9 13 2 12 10 8 7 3 11 15 4 14 5 6
231 223 8 1 12 9 13 0 3 10 8 2 7 11 15 4 14 5 6
232 224 8 1 12 9 13 3 0 10 8 2 7 11 15 4 14 5 6
233 225 8 1 0 9 13 3 12 10 8 2 7 11 15 4 14 5 6
232 224 8 1 12 9 13 2 3 10 8 4 7 11 15 6 14 0 5
220 212 8 1 12 9 13 2 3 10 8 4 7 11 15 6 0 14 5
219 211 8 1 12 9 13 0 3 10 8 2 7 11 15 4 6 14 5
220 212 8 1 12 9 13 3 0 10 8 2 7 11 15 4 6 14 5
221 213 8 1 0 9 13 3 12 10 8 2 7 11 15 4 6 14 5
218 210 8 1 12 9 13 2 0 10 8 7 3 11 15 4 6 14 5
219 211 8 1 0 9 13 2 12 10 8 7 3 11 15 4 6 14 5
221 212 9 1 9 0 13 2 12 10 8 7 3 11 15 4 6 14 5
101 92 9 1 12 9 13 2 3 10 8 6 7 0 15 14 5 4 11
102 93 9 1 12 9 13 2 3 10 8 6 7 4 15 14 5 0 11
102 94 8 1 12 9 13 2 3 10 8 6 7 4 15 14 5 11 0
105 96 9 1 12 9 13 2 3 10 8 6 7 4 15 0 5 11 14
106 97 9 1 12 9 13 2 3 10 8 6 7 4 15 5 0 11 14
107 98 9 1 12 9 13 2 3 10 8 6 7 4 15 5 11 0 14
107 99 8 1 12 9 13 2 3 10 8 6 7 4 15 5 11 14 0
111 102 9 1 12 9 13 2 3 10 8 6 7 0 15 5 11 14 4
112 103 9 1 12 9 13 2 3 10 8 6 7 14 15 5 11 0 4
112 104 8 1 12 9 13 2 3 10 8 6 7 14 15 5 11 4 0
115 106 9 1 12 9 13 2 3 10 8 6 7 14 15 0 11 4 5
116 107 9 1 12 9 13 2 3 10 8 6 7 14 15 11 0 4 5
117 108 9 1 12 9 13 2 3 10 8 6 7 14 15 11 4 0 5
117 109 8 1 12 9 13 2 3 10 8 6 7 14 15 11 4 5 0
121 112 9 1 12 9 13 2 3 10 8 6 7 0 15 11 4 5 14
122 113 9 1 12 9 13 2 3 10 8 6 7 5 15 11 4 0 14
122 114 8 1 12 9 13 2 3 10 8 6 7 5 15 11 4 14 0
39 30 9 12 3 9 13 2 10 0 8 6 7 11 15 4 1 5 14
40 31 9 12 3 9 13 2 10 8 0 6 7 11 15 4 1 5 14
23 14 9 5 3 9 13 2 14 10 8 6 12 11 15 4 7 0 1
24 15 9 5 3 9 13 2 14 10 8 6 12 11 15 4 0 7 1
25 16 9 5 3 9 13 2 14 10 8 6 0 11 15 4 12 7 1
26 17 9 5 3 9 13 2 14 10 8 0 6 11 15 4 12 7 1
114 105 9 1 3 9 0 2 12 10 13 5 7 11 8 4 6 14 15
115 107 8 1 3 9 15 2 12 10 13 5 7 11 8 4 6 14 0
117 108 9 1 3 9 15 2 12 10 13 5 7 11 8 4 6 0 14
118 109 9 1 3 9 15 2 12 10 13 5 7 11 8 4 0 6 14
115 106 9 1 3 9 13 2 12 10 8 5 0 7 15 4 6 14 11
116 107 9 1 3 9 13 2 12 10 8 0 5 7 15 4 6 14 11
96 87 9 1 12 9 13 0 3 10 8 2 7 11 15 6 14 5 4
97 88 9 1 12 9 13 3 0 10 8 2 7 11 15 6 14 5 4
98 89 9 1 0 9 13 3 12 10 8 2 7 11 15 6 14 5 4
118 109 9 1 3 9 13 2 12 10 8 5 7 14 15 0 6 11 4
119 110 9 1 3 9 13 2 12 10 8 5 7 14 15 6 0 11 4
120 111 9 1 3 9 13 2 12 10 8 5 7 14 15 6 11 0 4
120 112 8 1 3 9 13 2 12 10 8 5 7 14 15 6 11 4 0
124 115 9 1 3 9 13 2 12 10 8 5 7 0 15 6 11 4 14
125 116 9 1 3 9 13 2 12 10 8 5 7 4 15 6 11 0 14
125 117 8 1 3 9 13 2 12 10 8 5 7 4 15 6 11 14 0
128 119 9 1 3 9 13 2 12 10 8 5 7 4 15 0 11 14 6
129 120 9 1 3 9 13 2 12 10 8 5 7 4 15 11 0 14 6
130 121 9 1 3 9 13 2 12 10 8 5 7 4 15 11 14 0 6
130 122 8 1 3 9 13 2 12 10 8 5 7 4 15 11 14 6 0
134 125 9 1 3 9 13 2 12 10 8 5 7 0 15 11 14 6 4
135 126 9 1 3 9 13 2 12 10 8 5 7 6 15 11 14 0 4
135 127 8 1 3 9 13 2 12 10 8 5 7 6 15 11 14 4 0
138 129 9 1 3 9 13 2 12 10 8 5 7 6 15 0 14 4 11
139 130 9 1 3 9 13 2 12 10 8 5 7 6 15 14 0 4 11
140 131 9 1 3 9 13 2 12 10 8 5 7 6 15 14 4 0 11
140 132 8 1 3 9 13 2 12 10 8 5 7 6 15 14 4 11 0
143 134 9 1 3 9 13 2 12 10 8 5 7 6 15 0 4 11 14
143 135 8 1 3 9 13 2 12 10 8 5 7 6 15 4 0 11 14
144 136 8 1 3 9 13 2 12 10 8 5 7 6 15 4 11 0 14
144 137 7 1 3 9 13 2 12 10 8 5 7 6 15 4 11 14 0
148 140 8 1 3 9 13 2 12 10 8 5 7 0 15 4 11 14 6
149 141 8 1 3 9 13 2 12 10 8 5 7 14 15 4 11 0 6
149 142 7 1 3 9 13 2 12 10 8 5 7 14 15 4 11 6 0
150 142 8 1 3 9 13 2 12 10 8 5 7 14 15 4 0 11 6
145 137 8 1 3 9 13 2 12 10 8 5 7 0 15 4 11 6 14
147 138 9 1 3 9 13 2 12 10 8 5 7 15 0 4 11 6 14
147 139 8 1 3 9 13 2 12 10 8 5 7 15 14 4 11 6 0
151 142 9 1 3 9 13 2 12 10 8 5 7 0 14 4 11 6 15
152 143 9 1 3 9 13 2 12 10 8 5 7 6 14 4 11 0 15
152 144 8 1 3 9 13 2 12 10 8 5 7 6 14 4 11 15 0
156 147 9 1 3 9 13 2 12 10 8 5 7 0 14 4 11 15 6
157 148 9 1 3 9 13 2 12 10 8 5 7 14 0 4 11 15 6
157 149 8 1 3 9 13 2 12 10 8 5 7 14 6 4 11 15 0
161 152 9 1 3 9 13 2 12 10 8 5 7 0 6 4 11 15 14
162 153 9 1 3 9 13 2 12 10 8 5 7 15 6 4 11 0 14
162 154 8 1 3 9 13 2 12 10 8 5 7 15 6 4 11 14 0
166 157 9 1 3 9 13 2 12 10 8 5 7 0 6 4 11 14 15
122 113 9 1 3 9 0 2 12 10 8 5 7 11 15 13 14 4 6
123 115 8 1 3 9 6 2 12 10 8 5 7 11 15 13 14 4 0
126 117 9 1 3 9 6 2 12 10 8 5 7 11 15 0 14 4 13
127 118 9 1 3 9 6 2 12 10 8 5 7 11 15 14 0 4 13
128 119 9 1 3 9 6 2 12 10 8 5 7 11 15 14 4 0 13
128 120 8 1 3 9 6 2 12 10 8 5 7 11 15 14 4 13 0
131 122 9 1 3 9 0 2 12 10 8 5 7 11 15 14 4 13 6
134 125 9 1 3 9 14 2 12 10 8 5 7 11 15 0 4 13 6
135 127 8 1 3 9 14 2 12 10 8 5 7 11 15 6 4 13 0
134 126 8 1 3 9 14 2 12 10 8 5 7 11 15 4 0 13 6
135 127 8 1 3 9 14 2 12 10 8 5 7 11 15 4 13 0 6
135 128 7 1 3 9 14 2 12 10 8 5 7 11 15 4 13 6 0
138 130 8 1 3 9 0 2 12 10 8 5 7 11 15 4 13 6 14
139 131 8 1 3 9 8 2 12 10 0 5 7 11 15 4 13 6 14
141 132 9 1 3 9 8 2 12 0 10 5 7 11 15 4 13 6 14
142 133 9 1 3 9 8 2 0 12 10 5 7 11 15 4 13 6 14
143 134 9 1 0 9 8 2 3 12 10 5 7 11 15 4 13 6 14
116 107 9 1 3 9 13 2 12 10 8 4 5 11 15 0 7 6 14
117 109 8 1 3 9 13 2 12 10 8 4 5 11 15 14 7 6 0
119 110 9 1 3 9 13 2 12 10 8 4 5 11 15 14 7 0 6
120 111 9 1 3 9 13 2 12 10 8 4 5 11 15 14 0 7 6
121 112 9 1 3 9 13 2 12 10 8 4 0 11 15 14 5 7 6
122 113 9 1 3 9 13 2 12 10 8 0 4 11 15 14 5 7 6
123 114 9 1 3 9 13 2 12 10 8 14 4 11 15 0 5 7 6
125 117 8 1 3 9 13 2 12 10 8 14 0 11 15 4 5 7 6
126 118 8 1 3 9 13 2 12 10 8 0 14 11 15 4 5 7 6
126 118 8 1 3 9 13 2 12 10 8 14 5 11 15 4 0 7 6
127 119 8 1 3 9 13 2 12 10 8 14 5 11 15 4 7 0 6
127 120 7 1 3 9 13 2 12 10 8 14 5 11 15 4 7 6 0
126 118 8 1 3 9 13 2 0 10 8 14 12 11 15 4 5 7 6
127 119 8 1 0 9 13 2 3 10 8 14 12 11 15 4 5 7 6
124 116 8 1 3 9 13 2 12 10 8 14 4 11 15 6 5 7 0
126 117 9 1 3 9 13 2 12 10 8 14 4 11 15 6 5 0 7
127 118 9 1 3 9 13 2 12 10 8 14 4 11 15 6 0 5 7
128 119 9 1 3 9 13 2 12 10 8 14 4 11 15 0 6 5 7
130 122 8 1 3 9 13 2 12 10 8 14 0 11 15 4 6 5 7
131 123 8 1 3 9 13 2 12 10 8 0 14 11 15 4 6 5 7
131 123 8 1 3 9 13 2 12 10 8 14 6 11 15 4 0 5 7
132 124 8 1 3 9 13 2 12 10 8 14 6 11 15 4 5 0 7
132 125 7 1 3 9 13 2 12 10 8 14 6 11 15 4 5 7 0
131 123 8 1 3 9 13 2 0 10 8 14 12 11 15 4 6 5 7
132 124 8 1 0 9 13 2 3 10 8 14 12 11 15 4 6 5 7
129 121 8 1 3 9 13 2 12 10 8 14 4 11 15 7 6 5 0
131 122 9 1 3 9 13 2 12 10 8 14 4 11 15 7 6 0 5
132 123 9 1 3 9 13 2 12 10 8 14 4 11 15 7 0 6 5
133 124 9 1 3 9 13 2 12 10 8 14 4 11 15 0 7 6 5
134 126 8 1 3 9 13 2 12 10 8 14 4 11 15 5 7 6 0
136 127 9 1 3 9 13 2 12 10 8 14 4 11 15 5 7 0 6
139 130 9 0 12 9 1 2 3 10 8 14 7 11 15 4 6 5 13
141 133 8 13 12 9 1 2 3 10 8 14 7 11 15 4 6 5 0
143 134 9 13 12 9 1 2 3 10 8 14 7 11 15 4 6 0 5
144 135 9 13 12 9 1 2 3 10 8 14 7 11 15 4 0 6 5
109 100 9 1 12 9 6 2 3 10 8 5 7 0 15 4 13 11 14
98 89 9 1 12 9 13 2 3 10 8 5 7 0 15 6 14 4 11
99 90 9 1 12 9 13 2 3 10 8 5 7 4 15 6 14 0 11
99 91 8 1 12 9 13 2 3 10 8 5 7 4 15 6 14 11 0
102 93 9 1 12 9 13 2 3 10 8 5 7 4 15 0 14 11 6
103 94 9 1 12 9 13 2 3 10 8 5 7 4 15 14 0 11 6
104 95 9 1 12 9 13 2 3 10 8 5 7 4 15 14 11 0 6
104 96 8 1 12 9 13 2 3 10 8 5 7 4 15 14 11 6 0
108 99 9 1 12 9 13 2 3 10 8 5 7 0 15 14 11 6 4
109 100 9 1 12 9 13 2 3 10 8 5 7 6 15 14 11 0 4
109 101 8 1 12 9 13 2 3 10 8 5 7 6 15 14 11 4 0
112 103 9 1 12 9 13 2 3 10 8 5 7 6 15 0 11 4 14
113 104 9 1 12 9 13 2 3 10 8 5 7 6 15 11 0 4 14
114 105 9 1 12 9 13 2 3 10 8 5 7 6 15 11 4 0 14
114 106 8 1 12 9 13 2 3 10 8 5 7 6 15 11 4 14 0
118 109 9 1 12 9 13 2 3 10 8 5 7 0 15 11 4 14 6
119 110 9 1 12 9 13 2 3 10 8 5 7 14 15 11 4 0 6
119 111 8 1 12 9 13 2 3 10 8 5 7 14 15 11 4 6 0
116 107 9 1 3 9 0 2 12 10 8 5 7 11 15 13 6 14 4
117 109 8 1 3 9 4 2 12 10 8 5 7 11 15 13 6 14 0
119 110 9 1 3 9 4 2 12 10 8 5 7 11 15 13 6 0 14
120 111 9 1 3 9 4 2 12 10 8 5 7 11 15 13 0 6 14
79 70 9 1 3 9 13 0 2 10 8 6 12 11 15 4 7 5 14
80 71 9 1 3 9 13 6 2 10 8 0 12 11 15 4 7 5 14
81 72 9 1 3 9 13 6 2 10 8 12 0 11 15 4 7 5 14
81 73 8 1 3 9 13 6 2 10 8 12 7 11 15 4 0 5 14
82 74 8 1 3 9 13 6 2 10 8 12 7 11 15 4 5 0 14
82 75 7 1 3 9 13 6 2 10 8 12 7 11 15 4 5 14 0
87 78 9 1 3 9 13 6 2 10 8 12 7 0 15 4 5 14 11
88 79 9 1 3 9 13 6 2 10 8 12 7 14 15 4 5 0 11
88 80 8 1 3 9 13 6 2 10 8 12 7 14 15 4 5 11 0
57 48 9 12 9 0 13 2 3 10 8 6 7 11 15 4 14 1 5
140 131 9 1 12 9 4 2 3 10 8 14 7 11 15 0 6 5 13
141 133 8 1 12 9 4 2 3 10 8 14 7 11 15 13 6 5 0
143 134 9 1 12 9 4 2 3 10 8 14 7 11 15 13 6 0 5
144 135 9 1 12 9 4 2 3 10 8 14 7 11 15 13 0 6 5
139 130 9 1 12 9 13 2 3 0 8 14 7 10 15 4 6 5 11
140 131 9 1 12 9 13 2 3 8 0 14 7 10 15 4 6 5 11
127 118 9 1 3 9 13 2 12 10 8 14 0 7 15 4 6 11 5
128 119 9 1 3 9 13 2 12 10 8 0 14 7 15 4 6 11 5
84 75 9 1 12 9 0 2 3 10 8 6 7 11 15 13 5 14 4
85 77 8 1 12 9 4 2 3 10 8 6 7 11 15 13 5 14 0
87 78 9 1 12 9 4 2 3 10 8 6 7 11 15 13 5 0 14
88 79 9 1 12 9 4 2 3 10 8 6 7 11 15 13 0 5 14
89 80 9 1 12 9 4 2 3 10 8 6 7 11 15 0 13 5 14
91 83 8 1 12 9 0 2 3 10 8 6 7 11 15 4 13 5 14
92 85 7 1 12 9 14 2 3 10 8 6 7 11 15 4 13 5 0
94 86 8 1 12 9 14 2 3 10 8 6 7 11 15 4 13 0 5
95 87 8 1 12 9 14 2 3 10 8 6 7 11 15 4 0 13 5
92 84 8 1 12 9 8 2 3 10 0 6 7 11 15 4 13 5 14
90 82 8 1 12 9 4 2 3 10 8 6 7 11 15 14 13 5 0
93 84 9 1 12 9 0 2 3 10 8 6 7 11 15 14 13 5 4
94 85 9 1 12 9 8 2 3 10 0 6 7 11 15 14 13 5 4
139 130 9 1 12 9 13 2 3 10 8 14 7 15 0 4 6 5 11
139 131 8 1 12 9 13 2 3 10 8 14 7 15 11 4 6 5 0
141 132 9 1 12 9 13 2 3 10 8 14 7 15 11 4 6 0 5
142 133 9 1 12 9 13 2 3 10 8 14 7 15 11 4 0 6 5
128 119 9 1 3 9 8 2 12 10 15 14 7 11 0 4 6 5 13
128 120 8 1 3 9 8 2 12 10 15 14 7 11 13 4 6 5 0
131 122 9 1 3 9 0 2 12 10 15 14 7 11 13 4 6 5 8
132 123 9 1 3 9 15 2 12 10 0 14 7 11 13 4 6 5 8
133 124 9 1 3 9 15 2 12 10 13 14 7 11 0 4 6 5 8
133 125 8 1 3 9 15 2 12 10 13 14 7 11 8 4 6 5 0
135 126 9 1 3 9 15 2 12 10 13 14 7 11 8 4 6 0 5
136 127 9 1 3 9 15 2 12 10 13 14 7 11 8 4 0 6 5
130 121 9 1 3 9 8 2 12 10 15 14 7 11 13 4 6 0 5
131 122 9 1 3 9 8 2 12 10 15 14 7 11 13 4 0 6 5
93 84 9 1 12 9 13 0 3 10 8 2 7 11 15 5 14 4 6
94 85 9 1 12 9 13 3 0 10 8 2 7 11 15 5 14 4 6
95 86 9 1 0 9 13 3 12 10 8 2 7 11 15 5 14 4 6
110 101 9 0 12 9 6 2 3 10 8 5 7 11 15 4 13 14 1
113 104 9 3 12 9 6 2 0 10 8 5 7 11 15 4 13 14 1
114 105 9 3 0 9 6 2 12 10 8 5 7 11 15 4 13 14 1
115 106 9 0 3 9 6 2 12 10 8 5 7 11 15 4 13 14 1
116 109 7 1 3 9 6 2 12 10 8 5 7 11 15 4 13 14 0
119 111 8 1 3 9 0 2 12 10 8 5 7 11 15 4 13 14 6
120 112 8 1 3 9 8 2 12 10 0 5 7 11 15 4 13 14 6
118 110 8 1 3 9 6 2 12 10 8 5 7 11 15 4 13 0 14
119 111 8 1 3 9 6 2 12 10 8 5 7 11 15 4 0 13 14
121 112 9 1 3 9 6 2 12 10 8 5 0 11 15 4 7 13 14
122 113 9 1 3 9 6 2 12 10 8 0 5 11 15 4 7 13 14
122 113 9 1 3 9 6 2 0 10 8 5 12 11 15 4 7 13 14
123 114 9 1 0 9 6 2 3 10 8 5 12 11 15 4 7 13 14
120 111 9 1 3 9 6 2 12 10 8 5 7 11 15 0 13 14 4
123 114 9 1 3 9 0 2 12 10 8 5 7 11 15 6 13 14 4
124 116 8 1 3 9 4 2 12 10 8 5 7 11 15 6 13 14 0
126 117 9 1 3 9 4 2 12 10 8 5 7 11 15 6 13 0 14
127 118 9 1 3 9 4 2 12 10 8 5 7 11 15 6 0 13 14
128 119 9 1 3 9 4 2 12 10 8 5 7 11 15 0 6 13 14
130 122 8 1 3 9 0 2 12 10 8 5 7 11 15 4 6 13 14
131 124 7 1 3 9 14 2 12 10 8 5 7 11 15 4 6 13 0
133 125 8 1 3 9 14 2 12 10 8 5 7 11 15 4 6 0 13
134 126 8 1 3 9 14 2 12 10 8 5 7 11 15 4 0 6 13
131 123 8 1 3 9 8 2 12 10 0 5 7 11 15 4 6 13 14
129 121 8 1 3 9 4 2 12 10 8 5 7 11 15 14 6 13 0
132 123 9 1 3 9 0 2 12 10 8 5 7 11 15 14 6 13 4
133 124 9 1 3 9 8 2 12 10 0 5 7 11 15 14 6 13 4
131 122 9 1 3 9 4 2 12 10 8 5 7 11 15 14 6 0 13
132 123 9 1 3 9 4 2 12 10 8 5 7 11 15 14 0 6 13
133 124 9 1 3 9 8 2 12 0 10 5 7 11 15 4 6 13 14
134 125 9 1 3 9 8 2 0 12 10 5 7 11 15 4 6 13 14
135 126 9 1 0 9 8 2 3 12 10 5 7 11 15 4 6 13 14
133 124 9 1 3 9 8 2 12 10 15 5 7 11 0 4 6 13 14
133 125 8 1 3 9 8 2 12 10 15 5 7 11 14 4 6 13 0
136 127 9 1 3 9 0 2 12 10 15 5 7 11 14 4 6 13 8
137 128 9 1 3 9 15 2 12 10 0 5 7 11 14 4 6 13 8
137 129 8 1 3 9 15 2 12 10 14 5 7 11 0 4 6 13 8
137 130 7 1 3 9 15 2 12 10 14 5 7 11 8 4 6 13 0
140 132 8 1 3 9 0 2 12 10 14 5 7 11 8 4 6 13 15
139 131 8 1 3 9 15 2 12 10 14 5 7 11 8 4 6 0 13
140 132 8 1 3 9 15 2 12 10 14 5 7 11 8 4 0 6 13
142 133 9 1 3 9 15 2 12 10 14 5 7 11 8 0 4 6 13
143 135 8 1 3 9 15 2 12 10 14 5 7 11 8 13 4 6 0
146 137 9 1 3 9 0 2 12 10 14 5 7 11 8 13 4 6 15
148 140 8 1 3 9 13 2 12 10 14 5 7 11 8 0 4 6 15
149 142 7 1 3 9 13 2 12 10 14 5 7 11 8 15 4 6 0
148 141 7 1 3 9 13 2 12 10 14 5 7 11 8 4 0 6 15
149 142 7 1 3 9 13 2 12 10 14 5 7 11 8 4 6 0 15
149 143 6 1 3 9 13 2 12 10 14 5 7 11 8 4 6 15 0
151 144 7 1 3 9 13 2 12 10 14 5 7 11 0 4 6 15 8
153 145 8 1 3 9 13 2 12 10 14 5 7 0 11 4 6 15 8
154 146 8 1 3 9 13 2 12 10 14 5 7 15 11 4 6 0 8
154 147 7 1 3 9 13 2 12 10 14 5 7 15 11 4 6 8 0
158 150 8 1 3 9 13 2 12 10 14 5 7 0 11 4 6 8 15
158 151 7 1 3 9 13 2 12 10 14 5 7 11 0 4 6 8 15
157 152 5 1 3 9 13 2 12 10 14 5 7 11 15 4 6 8 0
159 153 6 1 3 9 13 2 12 10 14 5 7 11 15 4 6 0 8
160 154 6 1 3 9 13 2 12 10 14 5 7 11 15 4 0 6 8
162 155 7 1 3 9 13 2 12 10 14 5 7 11 15 0 4 6 8
163 157 6 1 3 9 13 2 12 10 14 5 7 11 15 8 4 6 0
165 158 7 1 3 9 13 2 12 10 14 5 7 11 15 8 4 0 6
166 159 7 1 3 9 13 2 12 10 14 5 7 11 15 8 0 4 6
166 160 6 1 3 9 13 2 12 10 14 5 7 11 15 0 8 4 6
167 162 5 1 3 9 13 2 12 10 14 5 7 11 15 6 8 4 0
169 163 6 1 3 9 13 2 12 10 14 5 7 11 15 6 8 0 4
167 161 6 1 3 9 13 2 12 10 14 0 7 11 15 5 8 4 6
169 162 7 1 3 9 13 2 12 10 14 7 0 11 15 5 8 4 6
170 163 7 1 3 9 13 2 0 10 14 7 12 11 15 5 8 4 6
171 164 7 1 0 9 13 2 3 10 14 7 12 11 15 5 8 4 6
169 162 7 1 3 9 13 0 12 10 14 2 7 11 15 5 8 4 6
170 163 7 1 3 9 13 12 0 10 14 2 7 11 15 5 8 4 6
171 164 7 1 0 9 13 12 3 10 14 2 7 11 15 5 8 4 6
163 156 7 1 3 9 13 2 12 10 14 0 7 11 15 5 4 6 8
171 164 7 1 3 9 13 2 12 10 14 5 7 11 15 6 0 8 4
171 164 7 1 3 9 13 2 12 10 14 5 7 0 15 6 8 11 4
172 165 7 1 3 9 13 2 12 10 14 5 7 0 15 6 8 4 11
173 166 7 1 3 9 13 2 12 10 14 5 7 4 15 6 8 0 11
173 167 6 1 3 9 13 2 12 10 14 5 7 4 15 6 8 11 0
176 169 7 1 3 9 13 2 12 10 14 5 7 4 15 0 8 11 6
177 170 7 1 3 9 13 2 12 10 14 0 7 4 15 5 8 11 6
172 165 7 0 3 9 13 2 12 10 14 5 7 11 15 6 8 4 1
175 168 7 12 3 9 13 2 0 10 14 5 7 11 15 6 8 4 1
176 169 7 12 0 9 13 2 3 10 14 5 7 11 15 6 8 4 1
177 170 7 0 12 9 13 2 3 10 14 5 7 11 15 6 8 4 1
178 173 5 1 12 9 13 2 3 10 14 5 7 11 15 6 8 4 0
181 175 6 1 12 9 13 2 3 10 14 5 7 11 15 0 8 4 6
182 176 6 1 12 9 13 2 3 10 14 0 7 11 15 5 8 4 6
180 174 6 1 12 9 13 2 3 10 14 5 7 11 15 6 8 0 4
182 175 7 1 12 9 13 2 3 10 14 5 7 11 15 6 0 8 4
183 176 7 1 12 9 13 2 3 10 14 5 7 11 15 0 6 8 4
183 178 5 1 12 9 13 2 3 10 14 5 7 11 15 4 6 8 0
185 179 6 1 12 9 13 2 3 10 14 5 7 11 15 4 6 0 8
186 180 6 1 12 9 13 2 3 10 14 5 7 11 15 4 0 6 8
188 181 7 1 12 9 13 2 3 10 14 5 7 11 15 0 4 6 8
189 183 6 1 12 9 13 2 3 10 14 5 7 11 15 8 4 6 0
191 184 7 1 12 9 13 2 3 10 14 5 7 11 15 8 4 0 6
189 182 7 1 12 9 13 2 3 10 14 0 7 11 15 5 4 6 8
188 181 7 1 12 9 13 2 3 10 14 5 0 11 15 4 7 6 8
189 182 7 1 12 9 13 2 3 10 14 0 5 11 15 4 7 6 8
189 182 7 1 12 9 13 2 0 10 14 5 3 11 15 4 7 6 8
190 183 7 1 0 9 13 2 12 10 14 5 3 11 15 4 7 6 8
184 177 7 1 12 9 13 0 3 10 14 2 7 11 15 5 8 4 6
185 178 7 1 12 9 13 3 0 10 14 2 7 11 15 5 8 4 6
186 179 7 1 0 9 13 3 12 10 14 2 7 11 15 5 8 4 6
187 180 7 1 12 9 13 2 3 10 14 5 7 0 15 4 6 11 8
188 181 7 1 12 9 13 2 3 10 14 5 7 0 15 4 6 8 11
189 182 7 1 12 9 13 2 3 10 14 5 7 8 15 4 6 0 11
189 183 6 1 12 9 13 2 3 10 14 5 7 8 15 4 6 11 0
190 183 7 1 12 9 13 2 3 10 14 5 7 8 15 4 0 6 11
180 173 7 3 12 9 13 2 0 10 14 5 7 11 15 6 8 4 1
171 164 7 1 3 9 0 2 12 10 14 5 7 11 15 6 8 4 13
174 167 7 1 3 9 6 2 12 10 14 5 7 11 15 0 8 4 13
175 169 6 1 3 9 6 2 12 10 14 5 7 11 15 13 8 4 0
177 170 7 1 3 9 6 2 12 10 14 5 7 11 15 13 8 0 4
175 168 7 1 3 9 6 2 12 10 14 0 7 11 15 5 8 4 13
169 162 7 0 3 9 13 2 12 10 14 5 7 11 15 1 8 4 6
171 165 6 6 3 9 13 2 12 10 14 5 7 11 15 1 8 4 0
173 166 7 6 3 9 13 2 12 10 14 5 7 11 15 1 8 0 4
172 165 7 12 3 9 13 2 0 10 14 5 7 11 15 1 8 4 6
173 166 7 12 0 9 13 2 3 10 14 5 7 11 15 1 8 4 6
170 163 7 3 0 9 13 2 12 10 14 5 7 11 15 1 8 4 6
171 164 7 3 12 9 13 2 0 10 14 5 7 11 15 1 8 4 6
187 180 7 1 12 9 0 2 3 10 14 5 7 11 15 4 6 8 13
186 179 7 1 12 9 13 2 3 10 14 5 7 11 0 4 6 8 15
184 177 7 1 12 9 13 2 3 10 14 7 0 11 15 5 8 4 6
185 178 7 1 12 9 13 2 0 10 14 7 3 11 15 5 8 4 6
186 179 7 1 0 9 13 2 12 10 14 7 3 11 15 5 8 4 6
184 177 7 1 12 9 13 2 3 10 14 0 7 11 15 5 6 8 4
182 175 7 1 12 9 0 2 3 10 14 5 7 11 15 6 8 4 13
185 178 7 1 12 9 6 2 3 10 14 5 7 11 15 0 8 4 13
186 180 6 1 12 9 6 2 3 10 14 5 7 11 15 13 8 4 0
188 181 7 1 12 9 6 2 3 10 14 5 7 11 15 13 8 0 4
186 179 7 1 12 9 6 2 3 10 14 0 7 11 15 5 8 4 13
170 163 7 1 3 9 0 2 12 10 14 5 7 11 15 13 8 4 6
183 176 7 1 12 9 13 2 3 10 14 5 7 0 15 6 8 4 11
184 177 7 1 12 9 13 2 3 10 14 5 7 4 15 6 8 0 11
184 178 6 1 12 9 13 2 3 10 14 5 7 4 15 6 8 11 0
187 180 7 1 12 9 13 2 3 10 14 5 7 4 15 0 8 11 6
188 181 7 1 12 9 13 2 3 10 14 0 7 4 15 5 8 11 6
174 167 7 6 3 9 13 2 12 10 14 5 7 11 15 0 8 4 1
175 168 7 6 3 9 13 2 12 10 14 0 7 11 15 5 8 4 1
161 154 7 1 3 9 0 2 12 10 14 5 7 11 15 4 6 8 13
170 163 7 1 3 9 13 2 12 10 14 5 0 11 15 7 8 4 6
171 164 7 1 3 9 13 2 12 10 14 0 5 11 15 7 8 4 6
172 165 7 1 3 9 13 2 12 10 14 7 5 11 15 0 8 4 6
173 167 6 1 3 9 13 2 12 10 14 7 5 11 15 6 8 4 0
175 168 7 1 3 9 13 2 12 10 14 7 5 11 15 6 8 0 4
171 164 7 1 3 9 13 2 0 10 14 5 12 11 15 7 8 4 6
172 165 7 1 0 9 13 2 3 10 14 5 12 11 15 7 8 4 6
162 155 7 1 3 9 13 2 12 10 14 5 7 0 15 4 6 8 11
163 156 7 1 3 9 13 2 12 10 14 5 7 8 15 4 6 0 11
163 157 6 1 3 9 13 2 12 10 14 5 7 8 15 4 6 11 0
164 157 7 1 3 9 13 2 12 10 14 5 7 8 15 4 0 6 11
181 174 7 1 12 9 13 2 3 10 14 5 7 11 0 6 8 4 15
170 163 7 1 3 9 13 2 12 10 14 5 7 11 0 6 8 4 15
162 155 7 0 3 9 13 2 12 10 14 5 7 11 15 4 6 8 1
165 158 7 12 3 9 13 2 0 10 14 5 7 11 15 4 6 8 1
166 159 7 12 0 9 13 2 3 10 14 5 7 11 15 4 6 8 1
163 156 7 3 0 9 13 2 12 10 14 5 7 11 15 4 6 8 1
164 157 7 3 12 9 13 2 0 10 14 5 7 11 15 4 6 8 1
183 176 7 1 12 9 13 2 3 10 14 5 7 11 15 8 0 4 6
179 172 7 6 12 9 13 2 3 10 14 5 7 11 15 0 8 4 1
180 174 6 6 12 9 13 2 3 10 14 5 7 11 15 1 8 4 0
182 175 7 6 12 9 13 2 3 10 14 5 7 11 15 1 8 0 4
180 173 7 6 12 9 13 2 3 10 14 0 7 11 15 5 8 4 1
161 154 7 1 3 9 13 2 12 10 14 5 7 0 15 4 6 11 8
161 154 7 1 3 9 13 2 12 10 14 5 7 11 15 0 6 8 4
162 155 7 1 3 9 13 2 12 10 14 0 7 11 15 5 6 8 4
185 178 7 1 12 9 0 2 3 10 14 5 7 11 15 13 8 4 6
182 175 7 1 12 9 13 2 3 10 14 5 7 0 15 6 8 11 4
185 178 7 1 12 9 13 2 3 10 14 5 0 11 15 7 8 4 6
186 179 7 1 12 9 13 2 3 10 14 0 5 11 15 7 8 4 6
187 180 7 1 12 9 13 2 3 10 14 7 5 11 15 0 8 4 6
188 182 6 1 12 9 13 2 3 10 14 7 5 11 15 6 8 4 0
190 183 7 1 12 9 13 2 3 10 14 7 5 11 15 6 8 0 4
186 179 7 1 12 9 13 2 0 10 14 5 3 11 15 7 8 4 6
187 180 7 1 0 9 13 2 12 10 14 5 3 11 15 7 8 4 6
162 155 7 1 3 9 13 2 12 10 14 5 0 11 15 4 7 6 8
163 156 7 1 3 9 13 2 12 10 14 0 5 11 15 4 7 6 8
163 156 7 1 3 9 13 2 0 10 14 5 12 11 15 4 7 6 8
164 157 7 1 0 9 13 2 3 10 14 5 12 11 15 4 7 6 8
167 160 7 0 12 9 13 2 3 10 14 5 7 11 15 4 6 8 1
173 166 7 3 0 9 13 2 12 10 14 5 7 11 15 6 8 4 1
174 167 7 0 12 9 13 2 3 10 14 5 7 11 15 1 8 4 6
177 169 8 13 12 9 0 2 3 10 14 5 7 11 15 1 8 4 6
178 171 7 13 12 9 6 2 3 10 14 5 7 11 15 1 8 4 0
181 173 8 13 12 9 6 2 3 10 14 5 7 11 15 0 8 4 1
182 174 8 13 12 9 6 2 3 10 14 0 7 11 15 5 8 4 1
180 172 8 13 12 9 6 2 3 10 14 5 7 11 15 1 8 0 4
180 172 8 13 12 9 1 2 3 10 14 5 7 11 15 0 8 4 6
181 174 7 13 12 9 1 2 3 10 14 5 7 11 15 6 8 4 0
183 175 8 13 12 9 1 2 3 10 14 5 7 11 15 6 8 0 4
181 173 8 13 12 9 1 2 3 10 14 0 7 11 15 5 8 4 6
153 145 8 1 3 9 0 2 12 10 14 5 7 11 8 4 6 15 13
153 145 8 1 3 9 13 2 12 10 0 5 7 11 14 4 6 15 8
156 148 8 1 3 9 13 2 12 10 14 5 7 15 0 4 6 8 11
155 147 8 1 3 9 13 2 12 10 14 5 7 15 11 4 0 6 8
151 143 8 1 3 9 13 2 12 10 14 5 7 11 8 15 4 0 6
152 144 8 1 3 9 13 2 12 10 14 5 7 11 8 15 0 4 6
153 145 8 1 3 9 13 2 12 10 14 5 7 11 8 0 15 4 6
154 147 7 1 3 9 13 2 12 10 14 5 7 11 8 6 15 4 0
156 148 8 1 3 9 13 2 12 10 14 5 7 11 8 6 15 0 4
157 149 8 1 3 9 13 2 12 10 14 5 7 11 8 6 0 15 4
156 148 8 1 3 9 13 2 12 10 14 5 7 11 0 6 15 4 8
154 146 8 1 3 9 13 2 12 10 14 0 7 11 8 5 15 4 6
174 166 8 1 3 9 13 2 12 10 14 5 7 15 0 6 8 4 11
174 167 7 1 3 9 13 2 12 10 14 5 7 15 11 6 8 4 0
177 169 8 1 3 9 13 2 12 10 14 5 7 15 11 0 8 4 6
178 170 8 1 3 9 13 2 12 10 14 0 7 15 11 5 8 4 6
176 168 8 1 3 9 13 2 12 10 14 5 7 15 11 6 8 0 4
177 169 8 1 3 9 13 2 12 10 14 5 7 0 11 6 8 15 4
177 170 7 1 3 9 13 2 12 10 14 5 7 11 0 6 8 15 4
177 171 6 1 3 9 13 2 12 10 14 5 7 11 4 6 8 15 0
180 173 7 1 3 9 13 2 12 10 14 5 7 11 4 0 8 15 6
181 174 7 1 3 9 13 2 12 10 14 0 7 11 4 5 8 15 6
179 172 7 1 3 9 13 2 12 10 14 5 7 11 4 6 8 0 15
181 173 8 1 3 9 13 2 12 10 14 5 7 11 4 6 0 8 15
182 174 8 1 3 9 13 2 12 10 14 5 7 11 4 0 6 8 15
183 176 7 1 3 9 13 2 12 10 14 5 7 11 4 15 6 8 0
185 177 8 1 3 9 13 2 12 10 14 5 7 11 4 15 6 0 8
186 178 8 1 3 9 13 2 12 10 14 5 7 11 4 15 0 6 8
187 179 8 1 3 9 13 2 12 10 14 5 7 11 4 0 15 6 8
188 181 7 1 3 9 13 2 12 10 14 5 7 11 4 8 15 6 0
190 182 8 1 3 9 13 2 12 10 14 5 7 11 4 8 15 0 6
190 182 8 1 3 9 13 2 12 10 14 5 7 11 0 8 15 6 4
188 180 8 1 3 9 13 2 12 10 14 0 7 11 4 5 15 6 8
165 157 8 1 3 9 13 2 12 10 14 7 0 11 15 5 4 6 8
166 158 8 1 3 9 13 2 12 10 14 7 4 11 15 5 0 6 8
167 159 8 1 3 9 13 2 12 10 14 7 4 11 15 5 6 0 8
167 160 7 1 3 9 13 2 12 10 14 7 4 11 15 5 6 8 0
170 162 8 1 3 9 13 2 12 10 14 7 4 11 15 0 6 8 5
172 165 7 1 3 9 13 2 12 10 14 7 0 11 15 4 6 8 5
172 166 6 1 3 9 13 2 12 10 14 0 7 11 15 4 6 8 5
174 167 7 1 3 9 13 2 12 10 14 4 7 11 15 0 6 8 5
175 169 6 1 3 9 13 2 12 10 14 4 7 11 15 5 6 8 0
177 170 7 1 3 9 13 2 12 10 14 4 7 11 15 5 6 0 8
178 171 7 1 3 9 13 2 12 10 14 4 7 11 15 5 0 6 8
179 172 7 1 3 9 13 2 12 10 14 4 7 11 15 0 5 6 8
180 174 6 1 3 9 13 2 12 10 14 4 7 11 15 8 5 6 0
179 173 6 1 3 9 13 2 12 10 14 0 7 11 15 4 5 6 8
181 174 7 1 3 9 13 2 12 10 14 7 0 11 15 4 5 6 8
182 175 7 1 3 9 13 2 12 10 14 7 5 11 15 4 0 6 8
183 176 7 1 3 9 13 2 12 10 14 7 5 11 15 4 6 0 8
183 177 6 1 3 9 13 2 12 10 14 7 5 11 15 4 6 8 0
182 175 7 1 3 9 13 2 0 10 14 7 12 11 15 4 5 6 8
183 176 7 1 0 9 13 2 3 10 14 7 12 11 15 4 5 6 8
181 174 7 1 3 9 13 0 12 10 14 2 7 11 15 4 5 6 8
182 175 7 1 3 9 13 12 0 10 14 2 7 11 15 4 5 6 8
183 176 7 1 0 9 13 12 3 10 14 2 7 11 15 4 5 6 8
182 175 7 1 3 9 13 2 12 10 14 4 7 11 15 8 5 0 6
183 176 7 1 3 9 13 2 12 10 14 4 7 11 15 8 0 5 6
183 177 6 1 3 9 13 2 12 10 14 4 7 11 15 0 8 5 6
184 179 5 1 3 9 13 2 12 10 14 4 7 11 15 6 8 5 0
183 178 5 1 3 9 13 2 12 10 14 0 7 11 15 4 8 5 6
185 179 6 1 3 9 13 2 12 10 14 7 0 11 15 4 8 5 6
186 180 6 1 3 9 13 2 0 10 14 7 12 11 15 4 8 5 6
187 181 6 1 0 9 13 2 3 10 14 7 12 11 15 4 8 5 6
185 179 6 1 3 9 13 0 12 10 14 2 7 11 15 4 8 5 6
186 180 6 1 3 9 13 12 0 10 14 2 7 11 15 4 8 5 6
187 181 6 1 0 9 13 12 3 10 14 2 7 11 15 4 8 5 6
186 180 6 1 3 9 13 2 12 10 14 4 7 11 15 6 8 0 5
188 181 7 1 3 9 13 2 12 10 14 4 7 0 15 6 8 11 5
189 182 7 1 9 0 13 12 3 10 14 2 7 11 15 4 8 5 6
189 182 7 0 1 9 13 12 3 10 14 2 7 11 15 4 8 5 6
191 185 6 6 1 9 13 12 3 10 14 2 7 11 15 4 8 5 0
193 186 7 6 1 9 13 12 3 10 14 2 7 11 15 4 8 0 5
192 185 7 3 1 9 13 12 0 10 14 2 7 11 15 4 8 5 6
193 186 7 3 1 9 13 0 12 10 14 2 7 11 15 4 8 5 6
193 187 6 3 1 9 13 2 12 10 14 0 7 11 15 4 8 5 6
195 188 7 3 1 9 13 2 12 10 14 7 0 11 15 4 8 5 6
196 189 7 3 1 9 13 2 0 10 14 7 12 11 15 4 8 5 6
197 190 7 3 0 9 13 2 1 10 14 7 12 11 15 4 8 5 6
198 191 7 0 3 9 13 2 1 10 14 7 12 11 15 4 8 5 6
200 194 6 6 3 9 13 2 1 10 14 7 12 11 15 4 8 5 0
202 195 7 6 3 9 13 2 1 10 14 7 12 11 15 4 8 0 5
195 188 7 3 1 9 13 2 12 10 14 4 7 11 15 0 8 5 6
196 190 6 3 1 9 13 2 12 10 14 4 7 11 15 6 8 5 0
200 193 7 0 1 9 13 2 12 10 14 4 7 11 15 6 8 5 3
200 194 6 1 0 9 13 2 12 10 14 4 7 11 15 6 8 5 3
201 195 6 1 12 9 13 2 0 10 14 4 7 11 15 6 8 5 3
203 196 7 1 12 9 13 2 10 0 14 4 7 11 15 6 8 5 3
203 196 7 1 12 9 13 0 2 10 14 4 7 11 15 6 8 5 3
204 197 7 1 12 9 13 4 2 10 14 0 7 11 15 6 8 5 3
205 198 7 1 12 9 13 4 2 10 14 6 7 11 15 0 8 5 3
206 200 6 1 12 9 13 4 2 10 14 6 7 11 15 3 8 5 0
208 201 7 1 12 9 13 4 2 10 14 6 7 11 15 3 8 0 5
203 196 7 1 12 9 13 2 7 10 14 4 0 11 15 6 8 5 3
204 197 7 1 12 9 13 2 7 10 14 0 4 11 15 6 8 5 3
205 198 7 1 12 9 13 2 7 10 14 6 4 11 15 0 8 5 3
207 201 6 1 12 9 13 2 7 10 14 6 0 11 15 4 8 5 3
207 202 5 1 12 9 13 2 0 10 14 6 7 11 15 4 8 5 3
208 203 5 1 0 9 13 2 12 10 14 6 7 11 15 4 8 5 3
210 204 6 1 9 0 13 2 12 10 14 6 7 11 15 4 8 5 3
210 204 6 0 1 9 13 2 12 10 14 6 7 11 15 4 8 5 3
212 207 5 3 1 9 13 2 12 10 14 6 7 11 15 4 8 5 0
214 208 6 3 1 9 13 2 12 10 14 6 7 11 15 4 8 0 5
213 207 6 12 1 9 13 2 0 10 14 6 7 11 15 4 8 5 3
214 208 6 12 0 9 13 2 1 10 14 6 7 11 15 4 8 5 3
215 209 6 0 12 9 13 2 1 10 14 6 7 11 15 4 8 5 3
217 212 5 3 12 9 13 2 1 10 14 6 7 11 15 4 8 5 0
219 213 6 3 12 9 13 2 1 10 14 6 7 11 15 4 8 0 5
209 203 6 1 12 9 13 2 10 0 14 6 7 11 15 4 8 5 3
209 203 6 1 12 9 13 0 2 10 14 6 7 11 15 4 8 5 3
210 204 6 1 12 9 13 6 2 10 14 0 7 11 15 4 8 5 3
208 202 6 1 12 9 13 2 7 10 14 0 6 11 15 4 8 5 3
206 200 6 1 12 9 13 2 7 10 14 6 4 11 15 3 8 5 0
208 201 7 1 12 9 13 2 7 10 14 6 4 11 15 3 8 0 5
210 203 7 1 12 9 13 2 7 10 14 4 6 11 15 0 8 5 3
211 205 6 1 12 9 13 2 7 10 14 4 6 11 15 3 8 5 0
213 206 7 1 12 9 13 2 7 10 14 4 6 11 15 3 8 0 5
210 203 7 1 12 9 13 0 7 10 14 2 6 11 15 4 8 5 3
211 204 7 1 12 9 13 7 0 10 14 2 6 11 15 4 8 5 3
211 205 6 1 12 9 13 7 6 10 14 2 0 11 15 4 8 5 3
212 206 6 1 12 9 13 7 6 10 14 0 2 11 15 4 8 5 3
213 207 6 1 12 9 13 0 6 10 14 7 2 11 15 4 8 5 3
215 208 7 1 12 9 13 6 0 10 14 7 2 11 15 4 8 5 3
216 209 7 1 0 9 13 6 12 10 14 7 2 11 15 4 8 5 3
214 207 7 1 12 9 13 7 6 10 14 4 2 11 15 0 8 5 3
215 209 6 1 12 9 13 7 6 10 14 4 2 11 15 3 8 5 0
217 210 7 1 12 9 13 7 6 10 14 4 2 11 15 3 8 0 5
217 210 7 1 12 9 13 7 6 10 14 4 0 11 15 2 8 5 3
218 211 7 1 12 9 13 7 6 10 14 0 4 11 15 2 8 5 3
219 212 7 1 12 9 13 7 6 10 14 2 4 11 15 0 8 5 3
220 214 6 1 12 9 13 7 6 10 14 2 4 11 15 3 8 5 0
222 215 7 1 12 9 13 7 6 10 14 2 4 11 15 3 8 0 5
219 212 7 1 12 9 13 0 6 10 14 7 4 11 15 2 8 5 3
213 206 7 1 12 9 13 7 6 10 14 2 11 0 15 4 8 5 3
214 207 7 1 12 9 13 7 6 10 14 2 11 5 15 4 8 0 3
214 208 6 1 12 9 13 7 6 10 14 2 11 5 15 4 8 3 0
218 211 7 1 12 9 13 7 6 10 14 2 11 0 15 4 8 3 5
218 212 6 1 12 9 13 7 6 10 14 2 0 11 15 4 8 3 5
219 213 6 1 12 9 13 7 6 10 14 0 2 11 15 4 8 3 5
220 214 6 1 12 9 13 0 6 10 14 7 2 11 15 4 8 3 5
222 215 7 1 12 9 13 6 0 10 14 7 2 11 15 4 8 3 5
223 216 7 1 12 9 13 6 2 10 14 7 0 11 15 4 8 3 5
223 217 6 1 12 9 13 6 2 10 14 0 7 11 15 4 8 3 5
224 218 6 1 12 9 13 0 2 10 14 6 7 11 15 4 8 3 5
224 219 5 1 12 9 13 2 0 10 14 6 7 11 15 4 8 3 5
225 220 5 1 0 9 13 2 12 10 14 6 7 11 15 4 8 3 5
227 221 6 1 9 0 13 2 12 10 14 6 7 11 15 4 8 3 5
227 221 6 0 1 9 13 2 12 10 14 6 7 11 15 4 8 3 5
229 224 5 5 1 9 13 2 12 10 14 6 7 11 15 4 8 3 0
231 225 6 5 1 9 13 2 12 10 14 6 7 11 15 4 8 0 3
230 224 6 12 1 9 13 2 0 10 14 6 7 11 15 4 8 3 5
231 225 6 12 0 9 13 2 1 10 14 6 7 11 15 4 8 3 5
232 226 6 0 12 9 13 2 1 10 14 6 7 11 15 4 8 3 5
234 229 5 5 12 9 13 2 1 10 14 6 7 11 15 4 8 3 0
236 230 6 5 12 9 13 2 1 10 14 6 7 11 15 4 8 0 3
226 220 6 1 12 9 13 2 10 0 14 6 7 11 15 4 8 3 5
226 220 6 1 12 9 13 2 7 10 14 6 0 11 15 4 8 3 5
227 221 6 1 12 9 13 2 7 10 14 0 6 11 15 4 8 3 5
229 222 7 1 12 9 13 2 7 10 14 4 6 11 15 0 8 3 5
230 224 6 1 12 9 13 2 7 10 14 4 6 11 15 5 8 3 0
232 225 7 1 12 9 13 2 7 10 14 4 6 11 15 5 8 0 3
232 225 7 1 12 9 13 2 7 10 14 4 0 11 15 6 8 3 5
232 226 6 1 12 9 13 2 0 10 14 4 7 11 15 6 8 3 5
233 227 6 1 0 9 13 2 12 10 14 4 7 11 15 6 8 3 5
235 228 7 1 9 0 13 2 12 10 14 4 7 11 15 6 8 3 5
235 228 7 0 1 9 13 2 12 10 14 4 7 11 15 6 8 3 5
237 231 6 5 1 9 13 2 12 10 14 4 7 11 15 6 8 3 0
240 233 7 5 1 9 13 2 12 10 14 4 7 11 15 0 8 3 6
240 234 6 5 1 9 13 2 12 10 14 0 7 11 15 4 8 3 6
242 235 7 5 1 9 13 2 12 10 14 7 0 11 15 4 8 3 6
243 236 7 5 1 9 13 2 0 10 14 7 12 11 15 4 8 3 6
244 237 7 5 0 9 13 2 1 10 14 7 12 11 15 4 8 3 6
244 238 6 0 5 9 13 2 1 10 14 7 12 11 15 4 8 3 6
246 241 5 1 5 9 13 2 0 10 14 7 12 11 15 4 8 3 6
247 242 5 1 5 9 13 2 12 10 14 7 0 11 15 4 8 3 6
247 243 4 1 5 9 13 2 12 10 14 0 7 11 15 4 8 3 6
249 244 5 1 5 9 13 2 12 10 14 4 7 11 15 0 8 3 6
250 246 4 1 5 9 13 2 12 10 14 4 7 11 15 6 8 3 0
252 247 5 1 5 9 13 2 12 10 14 4 7 11 15 6 8 0 3
249 244 5 1 5 9 13 0 12 10 14 2 7 11 15 4 8 3 6
250 245 5 1 5 9 13 12 0 10 14 2 7 11 15 4 8 3 6
246 241 5 6 5 9 13 2 1 10 14 7 12 11 15 4 8 3 0
248 242 6 6 5 9 13 2 1 10 14 7 12 11 15 4 8 0 3
252 246 6 1 5 9 13 12 10 0 14 2 7 11 15 4 8 3 6
252 246 6 1 5 9 13 12 7 10 14 2 0 11 15 4 8 3 6
253 247 6 1 5 9 13 12 7 10 14 0 2 11 15 4 8 3 6
254 248 6 1 5 9 13 0 7 10 14 12 2 11 15 4 8 3 6
255 249 6 1 5 9 13 7 0 10 14 12 2 11 15 4 8 3 6
256 250 6 1 5 9 13 7 2 10 14 12 0 11 15 4 8 3 6
257 251 6 1 5 9 13 7 2 10 14 0 12 11 15 4 8 3 6
252 246 6 1 0 9 13 12 5 10 14 2 7 11 15 4 8 3 6
253 247 6 1 5 9 0 2 12 10 14 4 7 11 15 13 8 3 6
254 249 5 1 5 9 6 2 12 10 14 4 7 11 15 13 8 3 0
257 251 6 1 5 9 6 2 12 10 14 4 7 11 15 0 8 3 13
257 252 5 1 5 9 6 2 12 10 14 0 7 11 15 4 8 3 13
259 253 6 1 5 9 6 2 12 10 14 7 0 11 15 4 8 3 13
260 254 6 1 5 9 6 2 0 10 14 7 12 11 15 4 8 3 13
259 253 6 1 5 9 6 0 12 10 14 2 7 11 15 4 8 3 13
260 254 6 1 5 9 6 12 0 10 14 2 7 11 15 4 8 3 13
256 250 6 1 5 9 6 2 12 10 14 4 7 11 15 13 8 0 3
254 248 6 1 5 9 13 2 12 10 14 4 7 11 15 6 0 8 3
255 249 6 1 5 9 13 2 12 10 14 4 7 11 15 0 6 8 3
256 251 5 1 5 9 13 2 12 10 14 4 7 11 15 3 6 8 0
255 250 5 1 5 9 13 2 12 10 14 0 7 11 15 4 6 8 3
257 251 6 1 5 9 13 2 12 10 14 7 0 11 15 4 6 8 3
258 252 6 1 5 9 13 2 12 10 14 7 6 11 15 4 0 8 3
258 253 5 1 5 9 13 2 12 10 14 7 6 11 15 4 8 0 3
258 254 4 1 5 9 13 2 12 10 14 7 6 11 15 4 8 3 0
263 257 6 1 5 9 13 2 12 10 14 7 6 0 15 4 8 3 11
264 258 6 1 5 9 13 2 12 10 14 7 0 6 15 4 8 3 11
264 259 5 1 5 9 13 2 12 10 14 0 7 6 15 4 8 3 11
266 260 6 1 5 9 13 2 12 10 14 4 7 6 15 0 8 3 11
267 262 5 1 5 9 13 2 12 10 14 4 7 6 15 11 8 3 0
271 265 6 1 5 9 13 2 12 10 14 4 7 0 15 11 8 3 6
272 266 6 1 5 9 13 2 12 10 14 4 7 3 15 11 8 0 6
272 267 5 1 5 9 13 2 12 10 14 4 7 3 15 11 8 6 0
276 270 6 1 5 9 13 2 12 10 14 4 7 0 15 11 8 6 3
275 269 6 1 5 9 13 2 12 10 14 4 7 3 15 0 8 6 11
275 270 5 1 5 9 13 2 12 10 14 0 7 3 15 4 8 6 11
277 271 6 1 5 9 13 2 12 10 14 7 0 3 15 4 8 6 11
278 272 6 1 5 9 13 2 12 10 14 7 3 0 15 4 8 6 11
279 273 6 1 5 9 13 2 12 10 14 7 3 6 15 4 8 0 11
279 274 5 1 5 9 13 2 12 10 14 7 3 6 15 4 8 11 0
283 277 6 1 5 9 13 2 12 10 14 7 3 0 15 4 8 11 6
283 278 5 1 5 9 13 2 12 10 14 7 3 11 15 4 8 0 6
283 279 4 1 5 9 13 2 12 10 14 7 3 11 15 4 8 6 0
288 282 6 0 5 9 13 2 12 10 14 7 3 11 15 4 8 6 1
291 285 6 12 5 9 13 2 0 10 14 7 3 11 15 4 8 6 1
292 286 6 12 5 9 13 2 3 10 14 7 0 11 15 4 8 6 1
292 287 5 12 5 9 13 2 3 10 14 0 7 11 15 4 8 6 1
294 288 6 12 5 9 13 2 3 10 14 4 7 11 15 0 8 6 1
295 290 5 12 5 9 13 2 3 10 14 4 7 11 15 1 8 6 0
299 293 6 0 5 9 13 2 3 10 14 4 7 11 15 1 8 6 12
300 295 5 1 5 9 13 2 3 10 14 4 7 11 15 0 8 6 12
301 297 4 1 5 9 13 2 3 10 14 4 7 11 15 12 8 6 0
300 296 4 1 5 9 13 2 3 10 14 0 7 11 15 4 8 6 12
302 297 5 1 5 9 13 2 3 10 14 7 0 11 15 4 8 6 12
303 298 5 1 5 9 13 2 0 10 14 7 3 11 15 4 8 6 12
302 297 5 1 5 9 13 0 3 10 14 2 7 11 15 4 8 6 12
303 298 5 1 5 9 13 3 0 10 14 2 7 11 15 4 8 6 12
303 298 5 1 5 9 13 2 3 10 14 4 7 11 15 12 8 0 6
305 299 6 1 5 9 13 2 3 10 14 4 7 11 15 12 0 8 6
306 300 6 1 5 9 13 2 3 10 14 4 7 11 15 0 12 8 6
307 302 5 1 5 9 13 2 3 10 14 4 7 11 15 6 12 8 0
306 301 5 1 5 9 13 2 3 10 14 0 7 11 15 4 12 8 6
308 302 6 1 5 9 13 2 3 10 14 7 0 11 15 4 12 8 6
309 303 6 1 5 9 13 2 3 10 14 7 12 11 15 4 0 8 6
309 304 5 1 5 9 13 2 3 10 14 7 12 11 15 4 8 0 6
309 305 4 1 5 9 13 2 3 10 14 7 12 11 15 4 8 6 0
314 308 6 1 5 9 13 2 3 10 14 7 12 0 15 4 8 6 11
315 309 6 1 5 9 13 2 3 10 14 7 0 12 15 4 8 6 11
315 310 5 1 5 9 13 2 3 10 14 0 7 12 15 4 8 6 11
317 311 6 1 5 9 13 2 3 10 14 4 7 12 15 0 8 6 11
318 313 5 1 5 9 13 2 3 10 14 4 7 12 15 11 8 6 0
322 316 6 1 5 9 13 2 3 10 14 4 7 0 15 11 8 6 12
323 317 6 1 5 9 13 2 3 10 14 4 7 6 15 11 8 0 12
322 318 4 1 5 9 13 2 3 10 14 4 7 6 15 11 8 12 0
326 321 5 1 5 9 13 2 3 10 14 4 7 0 15 11 8 12 6
325 320 5 1 5 9 13 2 3 10 14 4 7 6 15 0 8 12 11
325 321 4 1 5 9 13 2 3 10 14 0 7 6 15 4 8 12 11
327 322 5 1 5 9 13 2 3 10 14 7 0 6 15 4 8 12 11
328 323 5 1 5 9 13 2 3 10 14 7 6 0 15 4 8 12 11
328 323 5 1 5 9 13 2 0 10 14 7 3 6 15 4 8 12 11
327 322 5 1 5 9 13 0 3 10 14 2 7 6 15 4 8 12 11
328 323 5 1 5 9 13 3 0 10 14 2 7 6 15 4 8 12 11
330 324 6 1 5 9 13 3 10 0 14 2 7 6 15 4 8 12 11
331 325 6 1 5 9 13 3 10 6 14 2 7 0 15 4 8 12 11
330 324 6 1 5 9 13 3 7 10 14 2 0 6 15 4 8 12 11
331 325 6 1 5 9 13 3 7 10 14 2 6 0 15 4 8 12 11
331 325 6 1 5 9 13 3 7 10 14 0 2 6 15 4 8 12 11
331 326 5 1 5 9 13 0 7 10 14 3 2 6 15 4 8 12 11
332 327 5 1 5 9 13 7 0 10 14 3 2 6 15 4 8 12 11
333 328 5 1 5 9 13 7 2 10 14 3 0 6 15 4 8 12 11
334 329 5 1 5 9 13 7 2 10 14 3 6 0 15 4 8 12 11
336 330 6 1 5 9 13 7 2 10 14 3 6 15 0 4 8 12 11
336 331 5 1 5 9 13 7 2 10 14 3 6 15 11 4 8 12 0
340 334 6 1 5 9 13 7 2 10 14 3 6 0 11 4 8 12 15
340 335 5 1 5 9 13 7 2 10 14 3 6 11 0 4 8 12 15
339 336 3 1 5 9 13 7 2 10 14 3 6 11 15 4 8 12 0
344 339 5 0 5 9 13 7 2 10 14 3 6 11 15 4 8 12 1
347 342 5 2 5 9 13 7 0 10 14 3 6 11 15 4 8 12 1
347 343 4 2 5 9 13 7 6 10 14 3 0 11 15 4 8 12 1
349 344 5 2 5 9 13 7 6 10 14 3 11 0 15 4 8 12 1
348 343 5 2 5 9 13 0 7 10 14 3 6 11 15 4 8 12 1
345 340 5 7 5 9 13 0 2 10 14 3 6 11 15 4 8 12 1
345 341 4 7 5 9 13 2 0 10 14 3 6 11 15 4 8 12 1
345 342 3 7 5 9 13 2 6 10 14 3 0 11 15 4 8 12 1
347 343 4 7 5 9 13 2 6 10 14 3 11 0 15 4 8 12 1
347 343 4 7 5 9 13 2 6 10 14 0 3 11 15 4 8 12 1
347 343 4 7 5 9 13 2 6 10 14 3 8 11 15 4 0 12 1
349 344 5 7 5 9 13 2 6 10 14 3 8 11 15 4 12 0 1
349 345 4 7 5 9 13 2 6 10 14 3 8 11 15 4 12 1 0
353 348 5 0 5 9 13 2 6 10 14 3 8 11 15 4 12 1 7
349 344 5 7 5 9 13 2 6 10 14 3 8 11 15 0 4 12 1
350 346 4 7 5 9 13 2 6 10 14 3 8 11 15 1 4 12 0
354 349 5 0 5 9 13 2 6 10 14 3 8 11 15 1 4 12 7
355 351 4 1 5 9 13 2 6 10 14 3 8 11 15 0 4 12 7
356 353 3 1 5 9 13 2 6 10 14 3 8 11 15 7 4 12 0
355 352 3 1 5 9 13 2 6 10 14 3 8 11 15 4 0 12 7
355 353 2 1 5 9 13 2 6 10 14 3 0 11 15 4 8 12 7
357 354 3 1 5 9 13 2 6 10 14 3 11 0 15 4 8 12 7
357 354 3 1 5 9 13 2 6 10 14 0 3 11 15 4 8 12 7
357 354 3 1 5 9 13 2 0 10 14 3 6 11 15 4 8 12 7
359 355 4 1 5 9 13 2 10 0 14 3 6 11 15 4 8 12 7
359 355 4 1 5 9 13 0 2 10 14 3 6 11 15 4 8 12 7
359 355 4 1 0 9 13 2 5 10 14 3 6 11 15 4 8 12 7
359 355 4 1 5 9 13 2 6 10 14 4 3 11 15 0 8 12 7
360 357 3 1 5 9 13 2 6 10 14 4 3 11 15 7 8 12 0
362 358 4 1 5 9 13 2 6 10 14 4 0 11 15 3 8 12 7
363 359 4 1 5 9 13 2 6 10 14 0 4 11 15 3 8 12 7
363 360 3 1 5 9 13 2 6 10 14 3 4 11 15 0 8 12 7
364 362 2 1 5 9 13 2 6 10 14 3 4 11 15 7 8 12 0
369 365 4 1 5 9 13 2 6 10 14 3 4 0 15 7 8 12 11
370 366 4 1 5 9 13 2 6 10 14 3 0 4 15 7 8 12 11
369 365 4 0 5 9 13 2 6 10 14 3 4 11 15 7 8 12 1
371 367 4 7 5 9 13 2 6 10 14 3 4 11 15 0 8 12 1
372 369 3 7 5 9 13 2 6 10 14 3 4 11 15 1 8 12 0
368 364 4 1 5 9 0 2 6 10 14 3 4 11 15 7 8 12 13
371 367 4 1 5 9 7 2 6 10 14 3 4 11 15 0 8 12 13
373 370 3 1 5 9 7 2 6 10 14 3 0 11 15 4 8 12 13
372 369 3 1 5 9 7 2 6 10 14 3 4 11 15 13 8 12 0
375 371 4 1 5 9 7 2 6 10 14 3 11 0 15 4 8 12 13
375 371 4 1 5 9 7 2 6 10 14 0 3 11 15 4 8 12 13
375 371 4 1 5 9 7 2 6 10 14 3 8 11 15 4 0 12 13
375 371 4 1 5 9 7 2 0 10 14 3 6 11 15 4 8 12 13
367 363 4 1 5 9 13 2 6 10 14 3 4 11 15 7 8 0 12
359 355 4 1 5 9 13 2 6 0 14 3 11 10 15 4 8 12 7
365 361 4 1 5 9 13 2 6 10 14 3 4 11 15 8 0 12 7
367 363 4 1 5 9 0 2 6 10 14 3 4 11 15 13 8 12 7
366 362 4 0 5 9 13 2 6 10 14 3 4 11 15 1 8 12 7
359 355 4 1 5 9 13 0 6 10 14 2 3 11 15 4 8 12 7
357 353 4 1 5 9 13 2 6 10 14 3 8 11 15 4 12 0 7
357 354 3 1 5 9 13 2 6 10 14 3 8 11 15 4 12 7 0
359 355 4 1 5 9 13 2 6 10 14 3 11 12 15 4 8 0 7
359 356 3 1 5 9 13 2 6 10 14 3 11 12 15 4 8 7 0
363 359 4 1 5 9 13 2 6 10 14 3 11 0 15 4 8 7 12
363 360 3 1 5 9 13 2 6 10 14 3 0 11 15 4 8 7 12
365 361 4 1 5 9 13 2 6 10 14 0 3 11 15 4 8 7 12
365 361 4 1 5 9 13 2 6 10 14 3 8 11 15 4 0 7 12
366 362 4 1 5 9 13 2 6 10 14 3 8 11 15 4 7 0 12
365 363 2 1 5 9 13 2 6 10 14 3 8 11 15 4 7 12 0
370 366 4 1 5 9 13 2 6 10 14 3 8 0 15 4 7 12 11
371 367 4 1 5 9 13 2 6 10 14 3 0 8 15 4 7 12 11
371 368 3 1 5 9 13 2 6 10 14 3 7 8 15 4 0 12 11
373 369 4 1 5 9 13 2 6 10 14 3 7 8 15 4 12 0 11
373 370 3 1 5 9 13 2 6 10 14 3 7 8 15 4 12 11 0
377 373 4 1 5 9 13 2 6 10 14 3 7 0 15 4 12 11 8
377 374 3 1 5 9 13 2 6 10 14 3 7 11 15 4 12 0 8
377 375 2 1 5 9 13 2 6 10 14 3 7 11 15 4 12 8 0
377 375 2 1 5 9 13 2 6 10 14 3 7 11 15 4 0 12 8
379 376 3 1 5 9 13 2 6 10 14 3 7 11 15 0 4 12 8
380 378 2 1 5 9 13 2 6 10 14 3 7 11 15 8 4 12 0
379 376 3 1 5 9 13 2 6 10 14 3 0 11 15 4 7 12 8
381 377 4 1 5 9 13 2 6 10 14 3 11 0 15 4 7 12 8
381 377 4 1 5 9 13 2 6 10 14 0 3 11 15 4 7 12 8
381 377 4 1 5 9 13 2 0 10 14 3 6 11 15 4 7 12 8
385 381 4 1 5 9 13 2 6 10 14 3 7 0 15 8 4 12 11
385 381 4 0 5 9 13 2 6 10 14 3 7 11 15 8 4 12 1
387 383 4 8 5 9 13 2 6 10 14 3 7 11 15 0 4 12 1
388 385 3 8 5 9 13 2 6 10 14 3 7 11 15 1 4 12 0
387 384 3 8 5 9 13 2 6 10 14 3 7 11 15 4 0 12 1
389 385 4 8 5 9 13 2 6 10 14 3 7 11 15 4 12 0 1
389 386 3 8 5 9 13 2 6 10 14 3 7 11 15 4 12 1 0
393 389 4 0 5 9 13 2 6 10 14 3 7 11 15 4 12 1 8
389 385 4 8 5 9 13 2 6 10 14 3 0 11 15 4 7 12 1
384 380 4 1 5 9 0 2 6 10 14 3 7 11 15 8 4 12 13
387 383 4 1 5 9 8 2 6 10 14 3 7 11 15 0 4 12 13
388 385 3 1 5 9 8 2 6 10 14 3 7 11 15 13 4 12 0
387 384 3 1 5 9 8 2 6 10 14 3 7 11 15 4 0 12 13
389 385 4 1 5 9 8 2 6 10 14 3 7 11 15 4 12 0 13
389 386 3 1 5 9 8 2 6 10 14 3 7 11 15 4 12 13 0
392 388 4 1 5 9 0 2 6 10 14 3 7 11 15 4 12 13 8
389 385 4 1 5 9 8 2 6 10 14 3 0 11 15 4 7 12 13
369 365 4 1 5 9 0 2 6 10 14 3 8 11 15 4 7 12 13
369 365 4 1 5 9 13 2 6 10 14 3 8 11 15 0 7 12 4
372 368 4 1 5 9 13 2 6 10 14 3 0 11 15 8 7 12 4
372 369 3 1 5 9 13 2 6 10 14 3 7 11 15 8 0 12 4
372 370 2 1 5 9 13 2 6 10 14 3 7 11 15 0 8 12 4
372 372 0 1 5 9 13 2 6 10 14 3 7 11 15 4 8 12 0
