0 0 0 4 8 2 10 15 11 14 7 5 0 13 6 12 9 1 3
17 1 16 4 8 2 10 15 11 14 7 5 13 0 6 12 9 1 3
18 2 16 4 8 2 10 15 11 14 7 5 13 6 0 12 9 1 3
18 3 15 4 8 2 10 15 11 14 7 5 13 6 3 12 9 1 0
22 6 16 4 8 2 10 15 11 14 7 5 13 0 3 12 9 1 6
23 7 16 4 8 2 10 15 11 14 7 5 13 3 0 12 9 1 6
23 8 15 4 8 2 10 15 11 14 7 5 13 3 6 12 9 1 0
27 11 16 0 8 2 10 15 11 14 7 5 13 3 6 12 9 1 4
30 14 16 11 8 2 10 15 0 14 7 5 13 3 6 12 9 1 4
31 15 16 11 8 2 10 15 14 0 7 5 13 3 6 12 9 1 4
31 16 15 11 8 2 10 15 14 7 0 5 13 3 6 12 9 1 4
32 17 15 11 8 2 10 15 14 7 6 5 13 3 0 12 9 1 4
32 18 14 11 8 2 10 15 14 7 6 5 13 3 4 12 9 1 0
36 21 15 11 8 2 10 15 14 7 6 5 13 0 4 12 9 1 3
37 22 15 11 8 2 10 15 14 7 6 5 13 4 0 12 9 1 3
37 23 14 11 8 2 10 15 14 7 6 5 13 4 3 12 9 1 0
41 26 15 0 8 2 10 15 14 7 6 5 13 4 3 12 9 1 11
44 29 15 14 8 2 10 15 0 7 6 5 13 4 3 12 9 1 11
45 30 15 14 8 2 10 0 15 7 6 5 13 4 3 12 9 1 11
45 31 14 14 8 2 10 5 15 7 6 0 13 4 3 12 9 1 11
46 32 14 14 8 2 10 5 15 7 6 13 0 4 3 12 9 1 11
47 33 14 14 8 2 10 5 15 7 6 13 4 0 3 12 9 1 11
48 34 14 14 8 2 10 5 15 7 6 13 4 3 0 12 9 1 11
48 35 13 14 8 2 10 5 15 7 6 13 4 3 11 12 9 1 0
52 38 14 14 8 2 10 5 15 7 6 13 4 0 11 12 9 1 3
52 39 13 14 8 2 10 5 15 7 6 13 4 11 0 12 9 1 3
52 40 12 14 8 2 10 5 15 7 6 13 4 11 3 12 9 1 0
56 43 13 0 8 2 10 5 15 7 6 13 4 11 3 12 9 1 14
59 46 13 15 8 2 10 5 0 7 6 13 4 11 3 12 9 1 14
60 47 13 15 8 2 10 5 4 7 6 13 0 11 3 12 9 1 14
61 48 13 15 8 2 10 5 4 7 6 0 13 11 3 12 9 1 14
62 49 13 15 8 2 10 5 4 7 6 12 13 11 3 0 9 1 14
64 52 12 15 8 2 10 5 4 7 6 12 0 11 3 13 9 1 14
65 53 12 15 8 2 10 5 4 7 6 0 12 11 3 13 9 1 14
65 53 12 15 8 2 10 5 4 7 6 12 9 11 3 13 0 1 14
66 54 12 15 8 2 10 5 4 7 6 12 9 11 3 13 1 0 14
66 55 11 15 8 2 10 5 4 7 6 12 9 11 3 13 1 14 0
70 58 12 0 8 2 10 5 4 7 6 12 9 11 3 13 1 14 15
73 61 12 4 8 2 10 5 0 7 6 12 9 11 3 13 1 14 15
74 62 12 4 8 2 10 5 9 7 6 12 0 11 3 13 1 14 15
75 63 12 4 8 2 10 5 9 7 6 0 12 11 3 13 1 14 15
74 62 12 4 0 2 10 5 8 7 6 12 9 11 3 13 1 14 15
74 63 11 4 2 0 10 5 8 7 6 12 9 11 3 13 1 14 15
75 64 11 4 2 10 0 5 8 7 6 12 9 11 3 13 1 14 15
76 66 10 4 2 10 15 5 8 7 6 12 9 11 3 13 1 14 0
76 66 10 0 2 10 4 5 8 7 6 12 9 11 3 13 1 14 15
78 69 9 15 2 10 4 5 8 7 6 12 9 11 3 13 1 14 0
80 70 10 15 2 10 4 5 8 7 6 12 9 11 3 13 1 0 14
81 71 10 15 2 10 4 5 8 7 6 12 9 11 3 13 0 1 14
82 72 10 15 2 10 4 5 8 7 6 12 0 11 3 13 9 1 14
83 73 10 15 2 10 4 5 8 7 6 0 12 11 3 13 9 1 14
83 73 10 15 2 10 4 5 0 7 6 12 8 11 3 13 9 1 14
80 70 10 15 2 10 4 5 8 7 6 12 9 11 0 13 1 14 3
81 71 10 15 2 10 4 5 8 7 0 12 9 11 6 13 1 14 3
79 69 10 8 2 10 4 5 0 7 6 12 9 11 3 13 1 14 15
80 70 10 8 2 10 4 5 9 7 6 12 0 11 3 13 1 14 15
81 71 10 8 2 10 4 5 9 7 6 0 12 11 3 13 1 14 15
81 71 10 8 2 10 4 5 9 7 6 12 1 11 3 13 0 14 15
81 72 9 8 2 10 4 5 9 7 6 12 1 11 3 13 14 0 15
80 73 7 8 2 10 4 5 9 7 6 12 1 11 3 13 14 15 0
84 76 8 0 2 10 4 5 9 7 6 12 1 11 3 13 14 15 8
87 79 8 9 2 10 4 5 0 7 6 12 1 11 3 13 14 15 8
88 80 8 9 2 10 4 5 1 7 6 12 0 11 3 13 14 15 8
89 81 8 9 2 10 4 5 1 7 6 0 12 11 3 13 14 15 8
82 74 8 8 2 10 4 5 9 7 6 12 1 11 0 13 14 15 3
83 75 8 8 2 10 4 5 9 7 0 12 1 11 6 13 14 15 3
85 76 9 8 2 10 4 5 9 0 7 12 1 11 6 13 14 15 3
86 77 9 8 2 10 4 5 0 9 7 12 1 11 6 13 14 15 3
87 78 9 8 2 10 4 5 1 9 7 12 0 11 6 13 14 15 3
88 79 9 8 2 10 4 5 1 9 7 0 12 11 6 13 14 15 3
86 77 9 8 2 0 4 5 9 10 7 12 1 11 6 13 14 15 3
90 81 9 9 2 10 4 5 1 7 6 12 11 0 3 13 14 15 8
91 82 9 9 2 10 4 5 1 7 6 12 11 3 0 13 14 15 8
91 83 8 9 2 10 4 5 1 7 6 12 11 3 8 13 14 15 0
95 86 9 9 2 10 4 5 1 7 6 12 11 0 8 13 14 15 3
95 87 8 9 2 10 4 5 1 7 6 12 0 11 8 13 14 15 3
96 88 8 9 2 10 4 5 1 7 6 0 12 11 8 13 14 15 3
96 88 8 9 2 10 4 5 0 7 6 12 1 11 8 13 14 15 3
98 89 9 9 2 10 4 5 7 0 6 12 1 11 8 13 14 15 3
99 90 9 9 2 10 4 5 7 6 0 12 1 11 8 13 14 15 3
99 91 8 9 2 10 4 5 7 6 8 12 1 11 0 13 14 15 3
99 92 7 9 2 10 4 5 7 6 8 12 1 11 3 13 14 15 0
103 95 8 0 2 10 4 5 7 6 8 12 1 11 3 13 14 15 9
106 98 8 7 2 10 4 5 0 6 8 12 1 11 3 13 14 15 9
106 99 7 7 2 10 4 5 6 0 8 12 1 11 3 13 14 15 9
107 100 7 7 2 0 4 5 6 10 8 12 1 11 3 13 14 15 9
109 101 8 7 2 4 0 5 6 10 8 12 1 11 3 13 14 15 9
110 103 7 7 2 4 9 5 6 10 8 12 1 11 3 13 14 15 0
114 106 8 0 2 4 9 5 6 10 8 12 1 11 3 13 14 15 7
116 108 8 9 2 4 0 5 6 10 8 12 1 11 3 13 14 15 7
117 110 7 9 2 4 7 5 6 10 8 12 1 11 3 13 14 15 0
116 109 7 9 2 0 4 5 6 10 8 12 1 11 3 13 14 15 7
117 110 7 9 2 10 4 5 6 0 8 12 1 11 3 13 14 15 7
119 111 8 9 2 10 4 5 6 8 0 12 1 11 3 13 14 15 7
120 112 8 9 2 10 4 5 6 8 3 12 1 11 0 13 14 15 7
120 113 7 9 2 10 4 5 6 8 3 12 1 11 7 13 14 15 0
124 116 8 0 2 10 4 5 6 8 3 12 1 11 7 13 14 15 9
119 111 8 9 2 10 4 5 0 6 8 12 1 11 3 13 14 15 7
120 112 8 9 2 10 4 5 1 6 8 12 0 11 3 13 14 15 7
121 113 8 9 2 10 4 5 1 6 8 0 12 11 3 13 14 15 7
119 111 8 9 2 10 4 5 6 11 8 12 1 0 3 13 14 15 7
120 112 8 9 2 10 4 5 6 11 8 12 1 3 0 13 14 15 7
120 113 7 9 2 10 4 5 6 11 8 12 1 3 7 13 14 15 0
124 116 8 9 2 10 4 5 6 11 8 12 1 0 7 13 14 15 3
124 117 7 9 2 10 4 5 6 0 8 12 1 11 7 13 14 15 3
125 118 7 9 2 0 4 5 6 10 8 12 1 11 7 13 14 15 3
127 119 8 9 2 4 0 5 6 10 8 12 1 11 7 13 14 15 3
128 121 7 9 2 4 3 5 6 10 8 12 1 11 7 13 14 15 0
132 124 8 0 2 4 3 5 6 10 8 12 1 11 7 13 14 15 9
134 126 8 3 2 4 0 5 6 10 8 12 1 11 7 13 14 15 9
135 128 7 3 2 4 9 5 6 10 8 12 1 11 7 13 14 15 0
134 127 7 3 2 0 4 5 6 10 8 12 1 11 7 13 14 15 9
135 128 7 3 2 10 4 5 6 0 8 12 1 11 7 13 14 15 9
137 129 8 3 2 10 4 5 6 8 0 12 1 11 7 13 14 15 9
138 130 8 3 2 10 4 5 6 8 7 12 1 11 0 13 14 15 9
138 131 7 3 2 10 4 5 6 8 7 12 1 11 9 13 14 15 0
142 134 8 0 2 10 4 5 6 8 7 12 1 11 9 13 14 15 3
137 129 8 3 2 10 4 5 0 6 8 12 1 11 7 13 14 15 9
138 130 8 3 2 10 4 5 1 6 8 12 0 11 7 13 14 15 9
139 131 8 3 2 10 4 5 1 6 8 0 12 11 7 13 14 15 9
137 129 8 3 2 10 4 5 6 11 8 12 1 0 7 13 14 15 9
138 130 8 3 2 10 4 5 6 11 8 12 1 7 0 13 14 15 9
138 131 7 3 2 10 4 5 6 11 8 12 1 7 9 13 14 15 0
142 134 8 3 2 10 4 5 6 11 8 12 1 0 9 13 14 15 7
142 135 7 3 2 10 4 5 6 0 8 12 1 11 9 13 14 15 7
143 136 7 3 2 0 4 5 6 10 8 12 1 11 9 13 14 15 7
145 137 8 3 2 4 0 5 6 10 8 12 1 11 9 13 14 15 7
146 139 7 3 2 4 7 5 6 10 8 12 1 11 9 13 14 15 0
150 142 8 0 2 4 7 5 6 10 8 12 1 11 9 13 14 15 3
152 144 8 7 2 4 0 5 6 10 8 12 1 11 9 13 14 15 3
153 146 7 7 2 4 3 5 6 10 8 12 1 11 9 13 14 15 0
152 145 7 7 2 0 4 5 6 10 8 12 1 11 9 13 14 15 3
153 146 7 7 2 10 4 5 6 0 8 12 1 11 9 13 14 15 3
155 147 8 7 2 10 4 5 6 8 0 12 1 11 9 13 14 15 3
156 148 8 7 2 10 4 5 6 8 9 12 1 11 0 13 14 15 3
156 149 7 7 2 10 4 5 6 8 9 12 1 11 3 13 14 15 0
160 152 8 0 2 10 4 5 6 8 9 12 1 11 3 13 14 15 7
155 147 8 7 2 10 4 5 0 6 8 12 1 11 9 13 14 15 3
156 148 8 7 2 10 4 5 1 6 8 12 0 11 9 13 14 15 3
157 149 8 7 2 10 4 5 1 6 8 0 12 11 9 13 14 15 3
155 147 8 7 2 10 4 5 6 11 8 12 1 0 9 13 14 15 3
156 148 8 7 2 10 4 5 6 11 8 12 1 9 0 13 14 15 3
156 149 7 7 2 10 4 5 6 11 8 12 1 9 3 13 14 15 0
160 152 8 0 2 10 4 5 6 11 8 12 1 9 3 13 14 15 7
156 148 8 7 2 10 4 5 6 11 8 12 0 1 9 13 14 15 3
157 149 8 7 2 10 4 5 6 11 8 0 12 1 9 13 14 15 3
143 135 8 3 2 10 4 5 6 11 8 12 1 9 0 13 14 15 7
143 136 7 3 2 10 4 5 6 11 8 12 1 9 7 13 14 15 0
147 139 8 0 2 10 4 5 6 11 8 12 1 9 7 13 14 15 3
148 140 8 3 2 4 7 5 6 10 8 12 1 11 0 13 14 15 9
137 129 8 3 2 4 9 5 6 10 8 12 1 11 0 13 14 15 7
138 130 8 3 2 10 4 5 6 11 8 12 0 1 7 13 14 15 9
139 131 8 3 2 10 4 5 6 11 8 0 12 1 7 13 14 15 9
155 147 8 7 2 4 3 5 6 10 8 12 1 11 0 13 14 15 9
143 135 8 3 2 10 4 5 6 11 8 12 0 1 9 13 14 15 7
144 136 8 3 2 10 4 5 6 11 8 0 12 1 9 13 14 15 7
155 147 8 7 2 4 10 5 6 0 8 12 1 11 9 13 14 15 3
156 148 8 7 2 0 10 5 6 4 8 12 1 11 9 13 14 15 3
157 149 8 7 2 10 0 5 6 4 8 12 1 11 9 13 14 15 3
158 151 7 7 2 10 3 5 6 4 8 12 1 11 9 13 14 15 0
162 154 8 0 2 10 3 5 6 4 8 12 1 11 9 13 14 15 7
164 156 8 3 2 10 0 5 6 4 8 12 1 11 9 13 14 15 7
165 158 7 3 2 10 7 5 6 4 8 12 1 11 9 13 14 15 0
167 159 8 3 2 10 7 5 6 4 8 12 1 11 0 13 14 15 9
165 157 8 3 2 0 10 5 6 4 8 12 1 11 9 13 14 15 7
160 152 8 7 2 10 3 5 6 4 8 12 1 11 0 13 14 15 9
159 151 8 0 2 10 7 5 6 4 8 12 1 11 9 13 14 15 3
136 128 8 3 0 2 4 5 6 10 8 12 1 11 7 13 14 15 9
137 129 8 0 3 2 4 5 6 10 8 12 1 11 7 13 14 15 9
139 132 7 9 3 2 4 5 6 10 8 12 1 11 7 13 14 15 0
141 133 8 9 3 2 4 5 6 10 8 12 1 11 0 13 14 15 7
142 134 8 0 2 10 4 5 6 11 8 12 1 7 9 13 14 15 3
148 140 8 3 2 4 10 5 6 0 8 12 1 11 9 13 14 15 7
144 136 8 3 2 10 4 5 0 6 8 12 1 11 9 13 14 15 7
145 137 8 3 2 10 4 5 1 6 8 12 0 11 9 13 14 15 7
146 138 8 3 2 10 4 5 1 6 8 0 12 11 9 13 14 15 7
144 136 8 3 2 10 4 5 6 8 0 12 1 11 9 13 14 15 7
145 137 8 3 2 10 4 5 6 8 9 12 1 11 0 13 14 15 7
145 138 7 3 2 10 4 5 6 8 9 12 1 11 7 13 14 15 0
149 141 8 0 2 10 4 5 6 8 9 12 1 11 7 13 14 15 3
145 137 8 3 0 2 4 5 6 10 8 12 1 11 9 13 14 15 7
146 138 8 0 3 2 4 5 6 10 8 12 1 11 9 13 14 15 7
148 141 7 7 3 2 4 5 6 10 8 12 1 11 9 13 14 15 0
150 142 8 7 3 2 4 5 6 10 8 12 1 11 0 13 14 15 9
137 129 8 3 2 4 10 5 6 0 8 12 1 11 7 13 14 15 9
138 130 8 3 2 0 10 5 6 4 8 12 1 11 7 13 14 15 9
139 131 8 3 2 10 0 5 6 4 8 12 1 11 7 13 14 15 9
140 133 7 3 2 10 9 5 6 4 8 12 1 11 7 13 14 15 0
144 136 8 0 2 10 9 5 6 4 8 12 1 11 7 13 14 15 3
146 138 8 9 2 10 0 5 6 4 8 12 1 11 7 13 14 15 3
147 140 7 9 2 10 3 5 6 4 8 12 1 11 7 13 14 15 0
149 141 8 9 2 10 3 5 6 4 8 12 1 11 0 13 14 15 7
147 139 8 9 2 0 10 5 6 4 8 12 1 11 7 13 14 15 3
142 134 8 3 2 10 9 5 6 4 8 12 1 11 0 13 14 15 7
141 133 8 0 2 10 3 5 6 4 8 12 1 11 7 13 14 15 9
130 122 8 9 2 4 3 5 6 10 8 12 1 11 0 13 14 15 7
147 139 8 0 2 4 3 5 6 10 8 12 1 11 9 13 14 15 7
154 146 8 7 0 2 4 5 6 10 8 12 1 11 9 13 14 15 3
155 147 8 0 7 2 4 5 6 10 8 12 1 11 9 13 14 15 3
157 150 7 3 7 2 4 5 6 10 8 12 1 11 9 13 14 15 0
159 151 8 3 7 2 4 5 6 10 8 12 1 11 0 13 14 15 9
111 103 8 0 2 4 7 5 6 10 8 12 1 11 3 13 14 15 9
112 104 8 7 2 4 9 5 6 10 8 12 1 11 0 13 14 15 3
125 117 8 9 2 10 4 5 6 11 8 12 1 7 0 13 14 15 3
125 118 7 9 2 10 4 5 6 11 8 12 1 7 3 13 14 15 0
129 121 8 0 2 10 4 5 6 11 8 12 1 7 3 13 14 15 9
119 111 8 9 2 4 7 5 6 10 8 12 1 11 0 13 14 15 3
109 101 8 7 0 2 4 5 6 10 8 12 1 11 3 13 14 15 9
110 102 8 0 7 2 4 5 6 10 8 12 1 11 3 13 14 15 9
112 105 7 9 7 2 4 5 6 10 8 12 1 11 3 13 14 15 0
114 106 8 9 7 2 4 5 6 10 8 12 1 11 0 13 14 15 3
107 99 8 7 2 10 4 5 1 6 8 12 0 11 3 13 14 15 9
108 100 8 7 2 10 4 5 1 6 8 0 12 11 3 13 14 15 9
120 112 8 9 2 10 4 5 6 11 8 12 0 1 3 13 14 15 7
121 113 8 9 2 10 4 5 6 11 8 0 12 1 3 13 14 15 7
124 116 8 0 2 10 4 5 6 11 8 12 1 3 7 13 14 15 9
125 117 8 9 2 10 4 5 6 11 8 12 0 1 7 13 14 15 3
126 118 8 9 2 10 4 5 6 11 8 0 12 1 7 13 14 15 3
119 111 8 9 2 4 10 5 6 0 8 12 1 11 3 13 14 15 7
120 112 8 9 2 0 10 5 6 4 8 12 1 11 3 13 14 15 7
121 113 8 9 2 10 0 5 6 4 8 12 1 11 3 13 14 15 7
122 115 7 9 2 10 7 5 6 4 8 12 1 11 3 13 14 15 0
126 118 8 0 2 10 7 5 6 4 8 12 1 11 3 13 14 15 9
128 120 8 7 2 10 0 5 6 4 8 12 1 11 3 13 14 15 9
129 122 7 7 2 10 9 5 6 4 8 12 1 11 3 13 14 15 0
131 123 8 7 2 10 9 5 6 4 8 12 1 11 0 13 14 15 3
129 121 8 7 2 0 10 5 6 4 8 12 1 11 3 13 14 15 9
124 116 8 9 2 10 7 5 6 4 8 12 1 11 0 13 14 15 3
123 115 8 0 2 10 9 5 6 4 8 12 1 11 3 13 14 15 7
129 121 8 0 2 4 9 5 6 10 8 12 1 11 7 13 14 15 3
126 118 8 9 2 10 4 5 6 8 0 12 1 11 7 13 14 15 3
127 119 8 9 2 10 4 5 6 8 7 12 1 11 0 13 14 15 3
127 120 7 9 2 10 4 5 6 8 7 12 1 11 3 13 14 15 0
131 123 8 0 2 10 4 5 6 8 7 12 1 11 3 13 14 15 9
118 110 8 9 0 2 4 5 6 10 8 12 1 11 3 13 14 15 7
119 111 8 0 9 2 4 5 6 10 8 12 1 11 3 13 14 15 7
121 114 7 7 9 2 4 5 6 10 8 12 1 11 3 13 14 15 0
123 115 8 7 9 2 4 5 6 10 8 12 1 11 0 13 14 15 3
108 100 8 7 2 10 4 5 6 11 8 12 1 0 3 13 14 15 9
109 101 8 7 2 10 4 5 6 11 8 12 1 3 0 13 14 15 9
109 102 7 7 2 10 4 5 6 11 8 12 1 3 9 13 14 15 0
113 105 8 0 2 10 4 5 6 11 8 12 1 3 9 13 14 15 7
109 101 8 7 2 10 4 5 6 11 8 12 0 1 3 13 14 15 9
110 102 8 7 2 10 4 5 6 11 8 0 12 1 3 13 14 15 9
130 122 8 9 2 4 10 5 6 0 8 12 1 11 7 13 14 15 3
127 119 8 9 0 2 4 5 6 10 8 12 1 11 7 13 14 15 3
128 120 8 0 9 2 4 5 6 10 8 12 1 11 7 13 14 15 3
130 123 7 3 9 2 4 5 6 10 8 12 1 11 7 13 14 15 0
132 124 8 3 9 2 4 5 6 10 8 12 1 11 0 13 14 15 7
112 104 8 7 2 4 10 5 6 0 8 12 1 11 3 13 14 15 9
126 118 8 9 2 10 4 5 0 6 8 12 1 11 7 13 14 15 3
127 119 8 9 2 10 4 5 1 6 8 12 0 11 7 13 14 15 3
128 120 8 9 2 10 4 5 1 6 8 0 12 11 7 13 14 15 3
108 100 8 7 2 10 4 5 6 8 0 12 1 11 3 13 14 15 9
109 101 8 7 2 10 4 5 6 8 3 12 1 11 0 13 14 15 9
109 102 7 7 2 10 4 5 6 8 3 12 1 11 9 13 14 15 0
113 105 8 0 2 10 4 5 6 8 3 12 1 11 9 13 14 15 7
117 108 9 6 2 10 4 5 0 8 3 12 1 11 9 13 14 15 7
118 109 9 6 2 10 4 5 8 0 3 12 1 11 9 13 14 15 7
119 110 9 6 2 10 4 5 8 3 0 12 1 11 9 13 14 15 7
120 111 9 6 2 10 4 5 8 3 9 12 1 11 0 13 14 15 7
120 112 8 6 2 10 4 5 8 3 9 12 1 11 7 13 14 15 0
124 115 9 0 2 10 4 5 8 3 9 12 1 11 7 13 14 15 6
127 118 9 8 2 10 4 5 0 3 9 12 1 11 7 13 14 15 6
128 119 9 8 2 10 4 5 3 0 9 12 1 11 7 13 14 15 6
129 120 9 8 2 10 4 5 3 9 0 12 1 11 7 13 14 15 6
130 121 9 8 2 10 4 5 3 9 7 12 1 11 0 13 14 15 6
130 122 8 8 2 10 4 5 3 9 7 12 1 11 6 13 14 15 0
134 125 9 0 2 10 4 5 3 9 7 12 1 11 6 13 14 15 8
137 128 9 3 2 10 4 5 0 9 7 12 1 11 6 13 14 15 8
138 129 9 3 2 10 4 5 9 0 7 12 1 11 6 13 14 15 8
138 130 8 3 2 10 4 5 9 7 0 12 1 11 6 13 14 15 8
139 131 8 3 2 10 4 5 9 7 6 12 1 11 0 13 14 15 8
139 132 7 3 2 10 4 5 9 7 6 12 1 11 8 13 14 15 0
143 135 8 0 2 10 4 5 9 7 6 12 1 11 8 13 14 15 3
146 137 9 13 2 10 4 5 9 7 6 12 1 11 8 0 14 15 3
147 139 8 13 2 10 4 5 9 7 6 12 1 11 8 3 14 15 0
151 142 9 0 2 10 4 5 9 7 6 12 1 11 8 3 14 15 13
154 145 9 9 2 10 4 5 0 7 6 12 1 11 8 3 14 15 13
155 146 9 9 2 10 4 5 1 7 6 12 0 11 8 3 14 15 13
156 147 9 9 2 10 4 5 1 7 6 0 12 11 8 3 14 15 13
157 148 9 9 2 10 4 5 1 7 6 3 12 11 8 0 14 15 13
157 150 7 9 2 10 4 5 1 7 6 3 12 11 8 13 14 15 0
161 153 8 0 2 10 4 5 1 7 6 3 12 11 8 13 14 15 9
163 156 7 1 2 10 4 5 0 7 6 3 12 11 8 13 14 15 9
164 157 7 1 2 10 4 5 12 7 6 3 0 11 8 13 14 15 9
165 158 7 1 2 10 4 5 12 7 6 0 3 11 8 13 14 15 9
167 159 8 1 2 10 4 5 12 7 6 13 3 11 8 0 14 15 9
168 161 7 1 2 10 4 5 12 7 6 13 3 11 8 9 14 15 0
170 162 8 1 2 10 4 5 12 7 6 13 3 11 0 9 14 15 8
171 163 8 1 2 10 4 5 12 7 0 13 3 11 6 9 14 15 8
170 162 8 1 2 10 4 5 12 7 6 13 0 11 8 3 14 15 9
171 163 8 1 2 10 4 5 12 7 6 0 13 11 8 3 14 15 9
172 164 8 1 2 10 4 5 12 7 6 3 13 11 8 0 14 15 9
173 166 7 1 2 10 4 5 12 7 6 3 13 11 8 9 14 15 0
175 167 8 1 2 10 4 5 12 7 6 3 13 11 0 9 14 15 8
176 168 8 1 2 10 4 5 12 7 0 3 13 11 6 9 14 15 8
171 163 8 1 2 10 4 5 0 7 6 13 12 11 8 3 14 15 9
167 159 8 1 2 10 4 0 12 7 6 5 3 11 8 13 14 15 9
168 160 8 1 2 10 4 12 0 7 6 5 3 11 8 13 14 15 9
169 161 8 1 2 10 4 12 3 7 6 5 0 11 8 13 14 15 9
170 162 8 1 2 10 4 12 3 7 6 0 5 11 8 13 14 15 9
171 163 8 1 2 10 4 0 3 7 6 12 5 11 8 13 14 15 9
172 164 8 1 2 10 4 3 0 7 6 12 5 11 8 13 14 15 9
173 165 8 1 2 10 4 3 5 7 6 12 0 11 8 13 14 15 9
174 166 8 1 2 10 4 3 5 7 6 0 12 11 8 13 14 15 9
166 158 8 1 2 10 4 5 12 7 6 3 11 0 8 13 14 15 9
167 159 8 1 2 10 4 5 12 7 6 3 11 8 0 13 14 15 9
167 160 7 1 2 10 4 5 12 7 6 3 11 8 9 13 14 15 0
171 163 8 1 2 10 4 5 12 7 6 3 11 0 9 13 14 15 8
171 164 7 1 2 10 4 5 12 7 6 3 0 11 9 13 14 15 8
172 165 7 1 2 10 4 5 12 7 6 0 3 11 9 13 14 15 8
172 165 7 1 2 10 4 5 0 7 6 3 12 11 9 13 14 15 8
174 166 8 1 2 10 4 5 7 0 6 3 12 11 9 13 14 15 8
175 167 8 1 2 10 4 5 7 6 0 3 12 11 9 13 14 15 8
176 168 8 1 2 10 4 5 7 6 9 3 12 11 0 13 14 15 8
176 169 7 1 2 10 4 5 7 6 9 3 12 11 8 13 14 15 0
175 167 8 1 2 0 4 5 7 10 6 3 12 11 9 13 14 15 8
165 157 8 1 0 10 4 5 2 7 6 3 12 11 8 13 14 15 9
166 158 8 1 10 0 4 5 2 7 6 3 12 11 8 13 14 15 9
174 166 8 1 2 10 4 0 5 7 6 3 12 11 9 13 14 15 8
175 167 8 1 2 10 4 3 5 7 6 0 12 11 9 13 14 15 8
176 168 8 1 2 10 4 3 5 7 6 12 0 11 9 13 14 15 8
177 169 8 1 2 10 4 3 0 7 6 12 5 11 9 13 14 15 8
178 170 8 1 2 10 4 0 3 7 6 12 5 11 9 13 14 15 8
179 171 8 1 2 10 4 12 3 7 6 0 5 11 9 13 14 15 8
180 172 8 1 2 10 4 12 3 7 6 5 0 11 9 13 14 15 8
181 173 8 1 2 10 4 12 0 7 6 5 3 11 9 13 14 15 8
174 166 8 1 0 10 4 5 2 7 6 3 12 11 9 13 14 15 8
175 167 8 1 10 0 4 5 2 7 6 3 12 11 9 13 14 15 8
165 157 8 1 2 10 4 5 7 0 6 3 12 11 8 13 14 15 9
166 158 8 1 2 10 4 5 7 6 0 3 12 11 8 13 14 15 9
166 159 7 1 2 10 4 5 7 6 8 3 12 11 0 13 14 15 9
166 160 6 1 2 10 4 5 7 6 8 3 12 11 9 13 14 15 0
171 163 8 1 2 10 4 5 7 6 8 3 12 0 9 13 14 15 11
172 164 8 1 2 10 4 5 7 6 8 3 12 9 0 13 14 15 11
172 165 7 1 2 10 4 5 7 6 8 3 12 9 11 13 14 15 0
172 164 8 1 2 10 4 5 7 6 8 3 0 12 9 13 14 15 11
173 165 8 1 2 10 4 5 7 6 8 0 3 12 9 13 14 15 11
173 165 8 1 2 10 4 5 0 6 8 3 7 12 9 13 14 15 11
173 166 7 1 2 10 4 5 6 0 8 3 7 12 9 13 14 15 11
174 167 7 1 2 10 4 5 6 12 8 3 7 0 9 13 14 15 11
175 168 7 1 2 10 4 5 6 12 8 3 7 9 0 13 14 15 11
175 169 6 1 2 10 4 5 6 12 8 3 7 9 11 13 14 15 0
179 172 7 1 2 10 4 5 6 12 8 3 7 0 11 13 14 15 9
179 173 6 1 2 10 4 5 6 12 8 3 7 11 0 13 14 15 9
179 174 5 1 2 10 4 5 6 12 8 3 7 11 9 13 14 15 0
184 177 7 0 2 10 4 5 6 12 8 3 7 11 9 13 14 15 1
183 176 7 1 2 10 0 5 6 12 8 3 7 11 9 13 14 15 4
186 179 7 1 2 10 12 5 6 0 8 3 7 11 9 13 14 15 4
187 180 7 1 2 0 12 5 6 10 8 3 7 11 9 13 14 15 4
188 181 7 1 2 12 0 5 6 10 8 3 7 11 9 13 14 15 4
188 183 5 1 2 12 4 5 6 10 8 3 7 11 9 13 14 15 0
190 184 6 1 2 12 4 5 6 10 8 3 7 11 0 13 14 15 9
192 185 7 1 2 12 4 5 6 10 8 3 7 0 11 13 14 15 9
193 186 7 1 2 12 4 5 6 10 8 3 0 7 11 13 14 15 9
194 187 7 1 2 12 4 5 6 10 8 0 3 7 11 13 14 15 9
193 186 7 1 2 12 4 5 6 0 8 3 7 10 11 13 14 15 9
194 187 7 1 2 0 4 5 6 12 8 3 7 10 11 13 14 15 9
192 185 7 1 2 12 4 5 6 10 0 3 7 11 8 13 14 15 9
193 186 7 1 2 12 4 5 6 0 10 3 7 11 8 13 14 15 9
194 187 7 1 2 0 4 5 6 12 10 3 7 11 8 13 14 15 9
193 186 7 1 2 12 4 5 6 10 8 3 7 0 9 13 14 15 11
194 187 7 1 2 12 4 5 6 10 8 3 7 9 0 13 14 15 11
194 188 6 1 2 12 4 5 6 10 8 3 7 9 11 13 14 15 0
194 187 7 1 2 12 4 5 6 10 8 3 0 7 9 13 14 15 11
195 188 7 1 2 12 4 5 6 10 8 0 3 7 9 13 14 15 11
194 187 7 1 2 12 4 5 6 0 8 3 7 10 9 13 14 15 11
195 188 7 1 2 0 4 5 6 12 8 3 7 10 9 13 14 15 11
191 184 7 1 2 12 4 5 6 10 8 3 7 11 9 13 14 0 15
175 168 7 1 2 10 4 5 6 12 8 3 0 7 9 13 14 15 11
176 169 7 1 2 10 4 5 6 12 8 0 3 7 9 13 14 15 11
184 177 7 1 2 0 10 5 6 12 8 3 7 11 9 13 14 15 4
181 174 7 1 2 10 4 5 6 12 0 3 7 11 8 13 14 15 9
182 175 7 1 2 10 4 5 6 0 12 3 7 11 8 13 14 15 9
183 176 7 1 2 0 4 5 6 10 12 3 7 11 8 13 14 15 9
192 185 7 1 2 12 4 5 6 10 8 3 7 11 9 0 14 15 13
195 188 7 1 2 12 4 5 6 10 8 3 0 11 9 7 14 15 13
196 189 7 1 2 12 4 5 6 10 8 0 3 11 9 7 14 15 13
197 190 7 1 2 12 4 5 6 10 8 7 3 11 9 0 14 15 13
197 192 5 1 2 12 4 5 6 10 8 7 3 11 9 13 14 15 0
199 193 6 1 2 12 4 5 6 10 8 7 3 11 0 13 14 15 9
201 194 7 1 2 12 4 5 6 10 8 7 3 0 11 13 14 15 9
202 195 7 1 2 12 4 5 6 10 8 7 0 3 11 13 14 15 9
203 196 7 1 2 12 4 5 6 10 8 0 7 3 11 13 14 15 9
202 195 7 1 2 12 4 5 6 0 8 7 3 10 11 13 14 15 9
203 196 7 1 2 0 4 5 6 12 8 7 3 10 11 13 14 15 9
201 194 7 1 2 12 4 5 6 10 0 7 3 11 8 13 14 15 9
202 195 7 1 2 12 4 5 6 0 10 7 3 11 8 13 14 15 9
203 196 7 1 2 0 4 5 6 12 10 7 3 11 8 13 14 15 9
182 175 7 1 2 10 4 5 6 12 8 3 7 11 9 13 14 0 15
180 173 7 1 2 10 4 5 6 12 8 3 0 7 11 13 14 15 9
181 174 7 1 2 10 4 5 6 12 8 0 3 7 11 13 14 15 9
200 193 7 1 2 12 4 5 6 10 8 7 0 11 9 3 14 15 13
183 176 7 1 2 10 4 5 6 12 8 3 7 11 9 0 14 15 13
186 179 7 1 2 10 4 5 6 12 8 3 0 11 9 7 14 15 13
187 180 7 1 2 10 4 5 6 12 8 0 3 11 9 7 14 15 13
188 181 7 1 2 10 4 5 6 12 8 7 3 11 9 0 14 15 13
188 183 5 1 2 10 4 5 6 12 8 7 3 11 9 13 14 15 0
190 184 6 1 2 10 4 5 6 12 8 7 3 11 0 13 14 15 9
192 185 7 1 2 10 4 5 6 12 8 7 3 0 11 13 14 15 9
193 186 7 1 2 10 4 5 6 12 8 7 0 3 11 13 14 15 9
194 187 7 1 2 10 4 5 6 12 8 0 7 3 11 13 14 15 9
193 186 7 1 2 10 4 5 6 0 8 7 3 12 11 13 14 15 9
194 187 7 1 2 0 4 5 6 10 8 7 3 12 11 13 14 15 9
185 178 7 1 2 12 10 5 6 0 8 3 7 11 9 13 14 15 4
192 185 7 1 2 10 4 5 6 12 0 7 3 11 8 13 14 15 9
193 186 7 1 2 10 4 5 6 0 12 7 3 11 8 13 14 15 9
194 187 7 1 2 0 4 5 6 10 12 7 3 11 8 13 14 15 9
193 186 7 1 2 10 4 5 6 12 8 7 3 0 9 13 14 15 11
194 187 7 1 2 10 4 5 6 12 8 7 3 9 0 13 14 15 11
194 188 6 1 2 10 4 5 6 12 8 7 3 9 11 13 14 15 0
194 187 7 1 2 10 4 5 6 12 8 7 0 3 9 13 14 15 11
195 188 7 1 2 10 4 5 6 12 8 0 7 3 9 13 14 15 11
202 195 7 1 2 12 4 5 6 10 8 7 3 0 9 13 14 15 11
203 196 7 1 2 12 4 5 6 10 8 7 3 9 0 13 14 15 11
203 197 6 1 2 12 4 5 6 10 8 7 3 9 11 13 14 15 0
193 186 7 0 2 12 4 5 6 10 8 3 7 11 9 13 14 15 1
203 196 7 1 2 12 4 5 6 10 8 7 0 3 9 13 14 15 11
204 197 7 1 2 12 4 5 6 10 8 0 7 3 9 13 14 15 11
192 185 7 1 2 10 0 5 6 12 8 7 3 11 9 13 14 15 4
195 188 7 1 2 10 12 5 6 0 8 7 3 11 9 13 14 15 4
196 189 7 1 2 0 12 5 6 10 8 7 3 11 9 13 14 15 4
193 186 7 1 2 0 10 5 6 12 8 7 3 11 9 13 14 15 4
194 187 7 1 2 12 10 5 6 0 8 7 3 11 9 13 14 15 4
180 173 7 1 2 10 4 5 6 0 8 3 7 12 11 13 14 15 9
181 174 7 1 2 0 4 5 6 10 8 3 7 12 11 13 14 15 9
202 195 7 0 2 12 4 5 6 10 8 7 3 11 9 13 14 15 1
174 167 7 1 2 0 4 5 6 10 8 3 7 12 9 13 14 15 11
193 186 7 0 2 10 4 5 6 12 8 7 3 11 9 13 14 15 1
200 193 7 1 2 12 4 5 6 10 8 7 3 11 9 13 14 0 15
194 187 7 1 2 10 4 5 6 0 8 7 3 12 9 13 14 15 11
195 188 7 1 2 0 4 5 6 10 8 7 3 12 9 13 14 15 11
193 186 7 1 2 12 4 5 6 10 8 0 7 11 9 3 14 15 13
184 177 7 1 2 10 4 5 6 12 8 0 7 11 9 3 14 15 13
203 196 7 1 2 12 4 5 6 0 8 7 3 10 9 13 14 15 11
204 197 7 1 2 0 4 5 6 12 8 7 3 10 9 13 14 15 11
191 184 7 1 2 10 4 5 6 12 8 7 3 11 9 13 14 0 15
185 178 7 1 2 10 4 5 6 12 8 7 0 11 9 3 14 15 13
197 190 7 1 2 12 0 5 6 10 8 7 3 11 9 13 14 15 4
201 193 8 1 2 12 13 5 6 10 8 7 3 11 9 0 14 15 4
202 195 7 1 2 12 13 5 6 10 8 7 3 11 9 4 14 15 0
204 196 8 1 2 12 13 5 6 10 8 7 3 11 0 4 14 15 9
177 169 8 1 2 10 4 5 6 12 0 3 7 9 8 13 14 15 11
178 170 8 1 2 10 4 5 6 0 12 3 7 9 8 13 14 15 11
179 171 8 1 2 10 4 5 6 9 12 3 7 0 8 13 14 15 11
180 172 8 1 2 10 4 5 6 9 12 3 7 8 0 13 14 15 11
180 173 7 1 2 10 4 5 6 9 12 3 7 8 11 13 14 15 0
180 173 7 1 2 10 4 5 6 9 0 3 7 8 12 13 14 15 11
181 174 7 1 2 10 4 5 6 0 9 3 7 8 12 13 14 15 11
182 175 7 1 2 10 4 5 6 8 9 3 7 0 12 13 14 15 11
183 176 7 1 2 10 4 5 6 8 9 3 0 7 12 13 14 15 11
184 177 7 1 2 10 4 5 6 8 9 0 3 7 12 13 14 15 11
182 175 7 1 2 0 4 5 6 10 9 3 7 8 12 13 14 15 11
184 176 8 1 2 4 0 5 6 10 9 3 7 8 12 13 14 15 11
185 178 7 1 2 4 11 5 6 10 9 3 7 8 12 13 14 15 0
189 181 8 1 2 4 11 5 6 10 9 3 7 0 12 13 14 15 8
190 182 8 1 2 4 11 5 6 10 9 3 0 7 12 13 14 15 8
191 183 8 1 2 4 11 5 6 10 9 0 3 7 12 13 14 15 8
172 164 8 1 2 10 4 5 12 7 6 3 11 9 0 13 14 15 8
172 165 7 1 2 10 4 5 12 7 6 3 11 9 8 13 14 15 0
171 163 8 0 2 10 4 5 7 6 8 3 12 11 9 13 14 15 1
174 166 8 7 2 10 4 5 0 6 8 3 12 11 9 13 14 15 1
174 167 7 7 2 10 4 5 6 0 8 3 12 11 9 13 14 15 1
175 168 7 7 2 0 4 5 6 10 8 3 12 11 9 13 14 15 1
177 169 8 7 2 4 0 5 6 10 8 3 12 11 9 13 14 15 1
178 171 7 7 2 4 1 5 6 10 8 3 12 11 9 13 14 15 0
182 174 8 0 2 4 1 5 6 10 8 3 12 11 9 13 14 15 7
183 176 7 1 2 4 0 5 6 10 8 3 12 11 9 13 14 15 7
184 178 6 1 2 4 7 5 6 10 8 3 12 11 9 13 14 15 0
183 177 6 1 2 0 4 5 6 10 8 3 12 11 9 13 14 15 7
184 178 6 1 2 10 4 5 6 0 8 3 12 11 9 13 14 15 7
186 179 7 1 2 10 4 5 6 8 0 3 12 11 9 13 14 15 7
187 180 7 1 2 10 4 5 6 8 9 3 12 11 0 13 14 15 7
187 181 6 1 2 10 4 5 6 8 9 3 12 11 7 13 14 15 0
186 179 7 1 2 10 4 5 0 6 8 3 12 11 9 13 14 15 7
187 180 7 1 2 10 4 5 12 6 8 3 0 11 9 13 14 15 7
188 181 7 1 2 10 4 5 12 6 8 0 3 11 9 13 14 15 7
186 179 7 1 2 10 4 5 6 11 8 3 12 0 9 13 14 15 7
187 180 7 1 2 10 4 5 6 11 8 3 12 9 0 13 14 15 7
187 181 6 1 2 10 4 5 6 11 8 3 12 9 7 13 14 15 0
191 184 7 1 2 10 4 5 6 11 8 3 12 0 7 13 14 15 9
191 185 6 1 2 10 4 5 6 0 8 3 12 11 7 13 14 15 9
192 186 6 1 2 0 4 5 6 10 8 3 12 11 7 13 14 15 9
194 187 7 1 2 4 0 5 6 10 8 3 12 11 7 13 14 15 9
195 189 6 1 2 4 9 5 6 10 8 3 12 11 7 13 14 15 0
197 190 7 1 2 4 9 5 6 10 8 3 12 11 0 13 14 15 7
197 190 7 1 2 4 10 5 6 0 8 3 12 11 7 13 14 15 9
198 191 7 1 2 0 10 5 6 4 8 3 12 11 7 13 14 15 9
199 192 7 1 2 10 0 5 6 4 8 3 12 11 7 13 14 15 9
200 194 6 1 2 10 9 5 6 4 8 3 12 11 7 13 14 15 0
202 195 7 1 2 10 9 5 6 4 8 3 12 11 0 13 14 15 7
194 187 7 1 0 2 4 5 6 10 8 3 12 11 7 13 14 15 9
193 186 7 1 2 10 4 5 6 8 0 3 12 11 7 13 14 15 9
194 187 7 1 2 10 4 5 6 8 7 3 12 11 0 13 14 15 9
194 188 6 1 2 10 4 5 6 8 7 3 12 11 9 13 14 15 0
193 186 7 1 2 10 4 5 0 6 8 3 12 11 7 13 14 15 9
194 187 7 1 2 10 4 5 12 6 8 3 0 11 7 13 14 15 9
195 188 7 1 2 10 4 5 12 6 8 0 3 11 7 13 14 15 9
186 179 7 1 2 4 7 5 6 10 8 3 12 11 0 13 14 15 9
186 179 7 1 2 4 10 5 6 0 8 3 12 11 9 13 14 15 7
187 180 7 1 2 0 10 5 6 4 8 3 12 11 9 13 14 15 7
188 181 7 1 2 10 0 5 6 4 8 3 12 11 9 13 14 15 7
189 183 6 1 2 10 7 5 6 4 8 3 12 11 9 13 14 15 0
191 184 7 1 2 10 7 5 6 4 8 3 12 11 0 13 14 15 9
192 185 7 1 2 10 4 5 6 11 8 3 0 12 7 13 14 15 9
193 186 7 1 2 10 4 5 6 11 8 0 3 12 7 13 14 15 9
187 180 7 1 2 10 4 5 6 11 8 3 0 12 9 13 14 15 7
188 181 7 1 2 10 4 5 6 11 8 0 3 12 9 13 14 15 7
192 185 7 1 2 10 4 5 6 11 8 3 12 7 0 13 14 15 9
192 186 6 1 2 10 4 5 6 11 8 3 12 7 9 13 14 15 0
185 178 7 1 0 2 4 5 6 10 8 3 12 11 9 13 14 15 7
187 179 8 0 1 2 4 5 6 10 8 3 12 11 9 13 14 15 7
189 182 7 7 1 2 4 5 6 10 8 3 12 11 9 13 14 15 0
191 183 8 7 1 2 4 5 6 10 8 3 12 11 0 13 14 15 9
187 179 8 1 6 2 4 5 0 10 8 3 12 11 9 13 14 15 7
188 180 8 1 6 2 4 5 10 0 8 3 12 11 9 13 14 15 7
189 181 8 1 6 0 4 5 10 2 8 3 12 11 9 13 14 15 7
190 182 8 1 0 6 4 5 10 2 8 3 12 11 9 13 14 15 7
191 183 8 1 10 6 4 5 0 2 8 3 12 11 9 13 14 15 7
192 184 8 1 10 6 4 5 2 0 8 3 12 11 9 13 14 15 7
193 185 8 1 10 0 4 5 2 6 8 3 12 11 9 13 14 15 7
192 184 8 1 10 6 4 5 12 2 8 3 0 11 9 13 14 15 7
193 185 8 1 10 6 4 5 12 2 8 0 3 11 9 13 14 15 7
188 180 8 1 6 2 4 5 12 10 8 3 0 11 9 13 14 15 7
189 181 8 1 6 2 4 5 12 10 8 0 3 11 9 13 14 15 7
197 189 8 0 2 10 4 5 6 11 8 3 12 7 9 13 14 15 1
190 182 8 1 2 10 4 5 12 6 8 13 3 11 9 0 14 15 7
191 184 7 1 2 10 4 5 12 6 8 13 3 11 9 7 14 15 0
193 185 8 1 2 10 4 5 12 6 8 13 3 11 0 7 14 15 9
193 185 8 1 2 10 4 5 12 6 8 13 0 11 9 3 14 15 7
194 186 8 1 2 10 4 5 12 6 8 0 13 11 9 3 14 15 7
195 187 8 1 2 10 4 5 12 6 8 3 13 11 9 0 14 15 7
196 189 7 1 2 10 4 5 12 6 8 3 13 11 9 7 14 15 0
198 190 8 1 2 10 4 5 12 6 8 3 13 11 0 7 14 15 9
194 186 8 1 2 10 4 5 0 6 8 13 12 11 9 3 14 15 7
194 187 7 1 2 10 4 5 6 0 8 13 12 11 9 3 14 15 7
195 188 7 1 2 0 4 5 6 10 8 13 12 11 9 3 14 15 7
197 189 8 1 2 4 0 5 6 10 8 13 12 11 9 3 14 15 7
198 191 7 1 2 4 7 5 6 10 8 13 12 11 9 3 14 15 0
201 193 8 1 2 4 7 5 6 10 8 13 12 11 9 0 14 15 3
201 194 7 1 2 4 7 5 6 10 8 0 12 11 9 13 14 15 3
202 195 7 1 2 4 7 5 6 10 8 12 0 11 9 13 14 15 3
204 196 8 1 2 4 7 5 6 10 8 12 11 0 9 13 14 15 3
205 197 8 1 2 4 7 5 6 10 8 12 11 9 0 13 14 15 3
205 198 7 1 2 4 7 5 6 10 8 12 11 9 3 13 14 15 0
209 201 8 1 2 4 7 5 6 10 8 12 11 0 3 13 14 15 9
209 202 7 1 2 4 7 5 6 10 8 12 0 11 3 13 14 15 9
210 203 7 1 2 4 7 5 6 10 8 0 12 11 3 13 14 15 9
212 204 8 1 2 4 7 5 6 10 8 13 12 11 3 0 14 15 9
213 206 7 1 2 4 7 5 6 10 8 13 12 11 3 9 14 15 0
216 208 8 1 2 4 0 5 6 10 8 13 12 11 3 9 14 15 7
216 209 7 1 2 0 4 5 6 10 8 13 12 11 3 9 14 15 7
217 210 7 1 2 10 4 5 6 0 8 13 12 11 3 9 14 15 7
219 211 8 1 2 10 4 5 6 8 0 13 12 11 3 9 14 15 7
220 212 8 1 2 10 4 5 6 8 3 13 12 11 0 9 14 15 7
220 213 7 1 2 10 4 5 6 8 3 13 12 11 7 9 14 15 0
223 215 8 1 2 10 4 5 6 8 3 13 12 11 7 0 14 15 9
223 216 7 1 2 10 4 5 6 8 3 0 12 11 7 13 14 15 9
224 217 7 1 2 10 4 5 6 8 3 12 0 11 7 13 14 15 9
226 218 8 1 2 10 4 5 6 8 3 12 11 0 7 13 14 15 9
227 219 8 1 2 10 4 5 6 8 3 12 11 7 0 13 14 15 9
227 220 7 1 2 10 4 5 6 8 3 12 11 7 9 13 14 15 0
231 223 8 1 2 10 4 5 6 8 3 12 11 0 9 13 14 15 7
231 224 7 1 2 10 4 5 6 8 3 12 0 11 9 13 14 15 7
232 225 7 1 2 10 4 5 6 8 3 0 12 11 9 13 14 15 7
234 226 8 1 2 10 4 5 6 8 3 13 12 11 9 0 14 15 7
235 228 7 1 2 10 4 5 6 8 3 13 12 11 9 7 14 15 0
237 229 8 1 2 10 4 5 6 8 3 13 12 11 0 7 14 15 9
238 230 8 1 2 10 4 5 6 8 0 13 12 11 3 7 14 15 9
238 231 7 1 2 10 4 5 6 0 8 13 12 11 3 7 14 15 9
239 232 7 1 2 0 4 5 6 10 8 13 12 11 3 7 14 15 9
241 233 8 1 0 2 4 5 6 10 8 13 12 11 3 7 14 15 9
240 232 8 1 2 10 4 5 0 6 8 13 12 11 3 7 14 15 9
241 233 8 1 2 10 4 5 12 6 8 13 0 11 3 7 14 15 9
242 234 8 1 2 10 4 5 12 6 8 0 13 11 3 7 14 15 9
243 235 8 1 2 10 4 5 12 6 8 7 13 11 3 0 14 15 9
245 238 7 1 2 10 4 5 12 6 8 7 0 11 3 13 14 15 9
246 239 7 1 2 10 4 5 12 6 8 0 7 11 3 13 14 15 9
246 239 7 1 2 10 4 5 0 6 8 7 12 11 3 13 14 15 9
246 240 6 1 2 10 4 5 6 0 8 7 12 11 3 13 14 15 9
247 241 6 1 2 0 4 5 6 10 8 7 12 11 3 13 14 15 9
249 242 7 1 2 4 0 5 6 10 8 7 12 11 3 13 14 15 9
250 244 6 1 2 4 9 5 6 10 8 7 12 11 3 13 14 15 0
252 245 7 1 2 4 9 5 6 10 8 7 12 11 0 13 14 15 3
252 245 7 1 2 4 10 5 6 0 8 7 12 11 3 13 14 15 9
253 246 7 1 2 0 10 5 6 4 8 7 12 11 3 13 14 15 9
254 247 7 1 2 10 0 5 6 4 8 7 12 11 3 13 14 15 9
255 249 6 1 2 10 9 5 6 4 8 7 12 11 3 13 14 15 0
257 250 7 1 2 10 9 5 6 4 8 7 12 11 0 13 14 15 3
249 242 7 1 0 2 4 5 6 10 8 7 12 11 3 13 14 15 9
244 237 7 1 2 10 4 5 12 6 8 7 13 11 3 9 14 15 0
248 241 7 1 2 10 4 5 6 11 8 7 12 0 3 13 14 15 9
249 242 7 1 2 10 4 5 6 11 8 7 12 3 0 13 14 15 9
249 243 6 1 2 10 4 5 6 11 8 7 12 3 9 13 14 15 0
253 246 7 1 2 10 4 5 6 11 8 7 12 0 9 13 14 15 3
253 247 6 1 2 10 4 5 6 0 8 7 12 11 9 13 14 15 3
254 248 6 1 2 0 4 5 6 10 8 7 12 11 9 13 14 15 3
256 249 7 1 2 4 0 5 6 10 8 7 12 11 9 13 14 15 3
257 251 6 1 2 4 3 5 6 10 8 7 12 11 9 13 14 15 0
259 252 7 1 2 4 3 5 6 10 8 7 12 11 0 13 14 15 9
259 252 7 1 2 4 10 5 6 0 8 7 12 11 9 13 14 15 3
260 253 7 1 2 0 10 5 6 4 8 7 12 11 9 13 14 15 3
261 254 7 1 2 10 0 5 6 4 8 7 12 11 9 13 14 15 3
262 256 6 1 2 10 3 5 6 4 8 7 12 11 9 13 14 15 0
264 257 7 1 2 10 3 5 6 4 8 7 12 11 0 13 14 15 9
256 249 7 1 0 2 4 5 6 10 8 7 12 11 9 13 14 15 3
255 248 7 1 2 10 4 5 6 8 0 7 12 11 9 13 14 15 3
256 249 7 1 2 10 4 5 6 8 9 7 12 11 0 13 14 15 3
256 250 6 1 2 10 4 5 6 8 9 7 12 11 3 13 14 15 0
255 248 7 1 2 10 4 5 0 6 8 7 12 11 9 13 14 15 3
256 249 7 1 2 10 4 5 12 6 8 7 0 11 9 13 14 15 3
257 250 7 1 2 10 4 5 12 6 8 0 7 11 9 13 14 15 3
254 247 7 1 2 10 4 5 6 11 8 7 12 9 0 13 14 15 3
254 248 6 1 2 10 4 5 6 11 8 7 12 9 3 13 14 15 0
248 241 7 1 2 10 4 5 6 8 0 7 12 11 3 13 14 15 9
249 242 7 1 2 10 4 5 6 8 3 7 12 11 0 13 14 15 9
249 243 6 1 2 10 4 5 6 8 3 7 12 11 9 13 14 15 0
249 242 7 1 2 10 4 5 6 11 8 7 0 12 3 13 14 15 9
250 243 7 1 2 10 4 5 6 11 8 0 7 12 3 13 14 15 9
254 247 7 1 2 10 4 5 6 11 8 7 0 12 9 13 14 15 3
255 248 7 1 2 10 4 5 6 11 8 0 7 12 9 13 14 15 3
257 249 8 1 2 10 4 5 6 11 8 13 7 12 9 0 14 15 3
258 251 7 1 2 10 4 5 6 11 8 13 7 12 9 3 14 15 0
262 254 8 1 2 10 4 5 6 11 8 13 7 0 9 3 14 15 12
262 255 7 1 2 10 4 5 6 0 8 13 7 11 9 3 14 15 12
263 256 7 1 2 0 4 5 6 10 8 13 7 11 9 3 14 15 12
265 257 8 1 2 4 0 5 6 10 8 13 7 11 9 3 14 15 12
266 259 7 1 2 4 12 5 6 10 8 13 7 11 9 3 14 15 0
269 261 8 1 2 4 12 5 6 10 8 13 7 11 9 0 14 15 3
269 262 7 1 2 4 12 5 6 10 8 0 7 11 9 13 14 15 3
270 263 7 1 2 4 12 5 6 10 8 7 0 11 9 13 14 15 3
272 264 8 1 2 4 12 5 6 10 8 7 11 0 9 13 14 15 3
273 265 8 1 2 4 12 5 6 10 8 7 11 9 0 13 14 15 3
273 266 7 1 2 4 12 5 6 10 8 7 11 9 3 13 14 15 0
277 269 8 1 2 4 12 5 6 10 8 7 11 0 3 13 14 15 9
277 270 7 1 2 4 12 5 6 10 8 7 0 11 3 13 14 15 9
278 271 7 1 2 4 12 5 6 10 8 0 7 11 3 13 14 15 9
280 272 8 1 2 4 12 5 6 10 8 13 7 11 3 0 14 15 9
281 274 7 1 2 4 12 5 6 10 8 13 7 11 3 9 14 15 0
284 276 8 1 2 4 0 5 6 10 8 13 7 11 3 9 14 15 12
284 277 7 1 2 0 4 5 6 10 8 13 7 11 3 9 14 15 12
285 278 7 1 2 10 4 5 6 0 8 13 7 11 3 9 14 15 12
287 279 8 1 2 10 4 5 6 8 0 13 7 11 3 9 14 15 12
288 280 8 1 2 10 4 5 6 8 3 13 7 11 0 9 14 15 12
287 281 6 1 2 10 4 5 6 8 3 13 7 11 12 9 14 15 0
290 283 7 1 2 10 4 5 6 8 3 13 7 11 12 0 14 15 9
290 284 6 1 2 10 4 5 6 8 3 0 7 11 12 13 14 15 9
291 285 6 1 2 10 4 5 6 8 3 7 0 11 12 13 14 15 9
293 286 7 1 2 10 4 5 6 8 3 7 11 0 12 13 14 15 9
294 287 7 1 2 10 4 5 6 0 3 7 11 8 12 13 14 15 9
295 288 7 1 2 10 4 5 6 3 0 7 11 8 12 13 14 15 9
295 288 7 1 2 0 4 5 6 10 3 7 11 8 12 13 14 15 9
293 286 7 1 2 10 4 5 6 8 3 7 14 11 12 13 0 15 9
293 286 7 1 2 10 4 5 0 8 3 7 6 11 12 13 14 15 9
294 287 7 1 2 10 4 5 8 0 3 7 6 11 12 13 14 15 9
295 288 7 1 2 10 4 5 8 3 0 7 6 11 12 13 14 15 9
295 288 7 1 2 0 4 5 8 10 3 7 6 11 12 13 14 15 9
292 285 7 1 2 10 4 0 6 8 3 5 7 11 12 13 14 15 9
293 286 7 1 2 10 4 5 6 8 3 13 0 11 12 7 14 15 9
294 287 7 1 2 10 4 5 6 8 3 0 13 11 12 7 14 15 9
295 288 7 1 2 10 4 5 6 8 3 7 13 11 12 0 14 15 9
296 290 6 1 2 10 4 5 6 8 3 7 13 11 12 9 14 15 0
301 293 8 1 2 10 4 5 6 8 3 7 13 0 12 9 14 15 11
302 294 8 1 2 10 4 5 6 8 3 7 0 13 12 9 14 15 11
303 295 8 1 2 10 4 5 6 8 3 0 7 13 12 9 14 15 11
303 296 7 1 2 10 4 5 6 8 3 9 7 13 12 0 14 15 11
304 298 6 1 2 10 4 5 6 8 3 9 7 13 12 11 14 15 0
308 301 7 1 2 10 4 5 6 8 3 9 7 0 12 11 14 15 13
309 302 7 1 2 10 4 5 6 8 3 9 0 7 12 11 14 15 13
309 302 7 1 2 10 4 5 6 0 3 9 7 8 12 11 14 15 13
310 303 7 1 2 10 4 5 6 3 0 9 7 8 12 11 14 15 13
310 303 7 1 2 0 4 5 6 10 3 9 7 8 12 11 14 15 13
306 299 7 1 2 10 4 5 6 8 3 9 0 13 12 7 14 15 11
307 300 7 1 2 10 4 5 6 8 3 9 13 0 12 7 14 15 11
308 301 7 1 2 10 4 5 6 0 3 9 13 8 12 7 14 15 11
309 302 7 1 2 10 4 5 6 3 0 9 13 8 12 7 14 15 11
309 302 7 1 2 0 4 5 6 10 3 9 13 8 12 7 14 15 11
311 303 8 1 2 4 0 5 6 10 3 9 13 8 12 7 14 15 11
312 305 7 1 2 4 11 5 6 10 3 9 13 8 12 7 14 15 0
316 308 8 1 2 4 11 5 6 10 3 9 13 0 12 7 14 15 8
317 309 8 1 2 4 11 5 6 10 3 9 0 13 12 7 14 15 8
317 309 8 1 2 4 11 5 6 0 3 9 13 10 12 7 14 15 8
318 310 8 1 2 4 11 5 6 3 0 9 13 10 12 7 14 15 8
319 311 8 1 2 4 0 5 6 3 11 9 13 10 12 7 14 15 8
320 313 7 1 2 4 8 5 6 3 11 9 13 10 12 7 14 15 0
319 312 7 1 2 0 4 5 6 3 11 9 13 10 12 7 14 15 8
319 313 6 1 2 3 4 5 6 0 11 9 13 10 12 7 14 15 8
320 314 6 1 2 3 4 5 6 11 0 9 13 10 12 7 14 15 8
320 314 6 1 2 3 4 5 6 10 11 9 13 0 12 7 14 15 8
321 315 6 1 2 3 4 5 6 10 11 9 0 13 12 7 14 15 8
323 316 7 1 2 3 4 5 6 10 11 0 9 13 12 7 14 15 8
324 317 7 1 2 3 4 5 6 10 11 7 9 13 12 0 14 15 8
325 319 6 1 2 3 4 5 6 10 11 7 9 13 12 8 14 15 0
329 322 7 1 2 3 4 5 6 10 11 7 9 0 12 8 14 15 13
330 323 7 1 2 3 4 5 6 10 11 7 0 9 12 8 14 15 13
331 324 7 1 2 3 4 5 6 10 11 0 7 9 12 8 14 15 13
332 325 7 1 2 3 4 5 6 10 11 8 7 9 12 0 14 15 13
332 327 5 1 2 3 4 5 6 10 11 8 7 9 12 13 14 15 0
336 330 6 1 2 3 4 5 6 10 11 8 7 0 12 13 14 15 9
337 331 6 1 2 3 4 5 6 10 11 8 0 7 12 13 14 15 9
338 332 6 1 2 3 4 5 6 10 11 0 8 7 12 13 14 15 9
337 331 6 1 2 3 4 5 6 0 11 8 7 10 12 13 14 15 9
338 332 6 1 2 3 4 5 6 11 0 8 7 10 12 13 14 15 9
340 333 7 1 2 3 4 5 6 11 12 8 7 10 0 13 14 15 9
340 334 6 1 2 3 4 5 6 11 12 8 7 10 9 13 14 15 0
344 337 7 1 2 3 4 5 6 11 12 8 7 0 9 13 14 15 10
344 338 6 1 2 3 4 5 6 0 12 8 7 11 9 13 14 15 10
345 339 6 1 2 3 4 5 6 12 0 8 7 11 9 13 14 15 10
346 340 6 1 2 3 4 5 6 12 9 8 7 11 0 13 14 15 10
346 341 5 1 2 3 4 5 6 12 9 8 7 11 10 13 14 15 0
351 344 7 1 2 3 4 5 6 12 9 8 7 0 10 13 14 15 11
352 345 7 1 2 3 4 5 6 12 9 8 7 10 0 13 14 15 11
352 346 6 1 2 3 4 5 6 12 9 8 7 10 11 13 14 15 0
321 314 7 1 2 3 4 5 0 6 11 9 13 10 12 7 14 15 8
322 315 7 1 2 3 4 5 13 6 11 9 0 10 12 7 14 15 8
322 316 6 1 2 3 4 5 13 6 11 9 10 0 12 7 14 15 8
323 317 6 1 2 3 4 5 13 0 11 9 10 6 12 7 14 15 8
324 318 6 1 2 3 4 5 13 11 0 9 10 6 12 7 14 15 8
324 318 6 1 2 3 4 5 0 13 11 9 10 6 12 7 14 15 8
326 319 7 1 2 3 4 0 5 13 11 9 10 6 12 7 14 15 8
326 319 7 1 2 3 4 5 10 13 11 9 0 6 12 7 14 15 8
327 320 7 1 2 3 4 5 10 13 11 9 6 0 12 7 14 15 8
328 321 7 1 2 3 4 5 10 0 11 9 6 13 12 7 14 15 8
329 322 7 1 2 3 4 5 10 11 0 9 6 13 12 7 14 15 8
326 319 7 1 0 3 4 5 2 13 11 9 10 6 12 7 14 15 8
326 319 7 1 2 3 4 5 13 11 12 9 10 6 0 7 14 15 8
326 320 6 1 2 3 4 5 13 11 12 9 10 6 8 7 14 15 0
330 323 7 1 2 3 4 5 13 11 12 9 10 0 8 7 14 15 6
330 324 6 1 2 3 4 5 13 0 12 9 10 11 8 7 14 15 6
331 325 6 1 2 3 4 5 13 12 0 9 10 11 8 7 14 15 6
331 326 5 1 2 3 4 5 13 12 8 9 10 11 0 7 14 15 6
331 327 4 1 2 3 4 5 13 12 8 9 10 11 6 7 14 15 0
334 329 5 1 2 3 4 5 13 12 8 9 10 11 6 0 14 15 7
338 332 6 1 2 3 4 5 13 12 8 9 0 11 6 10 14 15 7
339 333 6 1 2 3 4 5 0 12 8 9 13 11 6 10 14 15 7
340 334 6 1 2 3 4 5 12 0 8 9 13 11 6 10 14 15 7
331 325 6 1 2 3 4 5 0 13 12 9 10 11 8 7 14 15 6
338 332 6 1 2 3 0 5 13 12 8 9 10 11 6 4 14 15 7
339 334 5 1 2 3 7 5 13 12 8 9 10 11 6 4 14 15 0
342 336 6 1 2 3 7 5 13 12 8 9 10 11 6 0 14 15 4
341 335 6 1 2 3 7 5 13 12 8 9 10 11 0 4 14 15 6
341 335 6 1 2 3 12 5 13 0 8 9 10 11 6 4 14 15 7
342 336 6 1 2 3 12 5 0 13 8 9 10 11 6 4 14 15 7
337 331 6 0 2 3 4 5 13 12 8 9 10 11 6 1 14 15 7
339 334 5 7 2 3 4 5 13 12 8 9 10 11 6 1 14 15 0
342 336 6 7 2 3 4 5 13 12 8 9 10 11 6 0 14 15 1
341 335 6 7 2 3 4 5 13 12 8 9 10 11 0 1 14 15 6
340 334 6 13 2 3 4 5 0 12 8 9 10 11 6 1 14 15 7
341 335 6 13 2 3 4 5 12 0 8 9 10 11 6 1 14 15 7
336 330 6 1 2 3 4 5 13 12 8 9 10 11 6 14 0 15 7
336 330 6 1 2 3 4 5 13 12 8 0 10 11 6 9 14 15 7
335 329 6 1 2 3 0 5 13 12 8 9 10 11 6 7 14 15 4
338 332 6 1 2 3 12 5 13 0 8 9 10 11 6 7 14 15 4
339 333 6 1 2 3 12 5 0 13 8 9 10 11 6 7 14 15 4
336 330 6 0 2 3 4 5 13 12 8 9 10 11 6 7 14 15 1
339 333 6 13 2 3 4 5 0 12 8 9 10 11 6 7 14 15 1
340 334 6 13 2 3 4 5 12 0 8 9 10 11 6 7 14 15 1
334 328 6 1 2 3 4 5 13 12 8 9 10 11 6 7 14 0 15
333 327 6 1 2 3 4 5 13 12 8 9 10 0 11 7 14 15 6
334 328 6 1 2 3 4 5 13 0 8 9 10 12 11 7 14 15 6
335 329 6 1 2 3 4 5 0 13 8 9 10 12 11 7 14 15 6
336 330 6 1 2 3 4 5 13 12 8 9 10 0 6 7 14 15 11
337 331 6 1 2 3 4 5 13 12 8 9 10 6 0 7 14 15 11
337 332 5 1 2 3 4 5 13 12 8 9 10 6 11 7 14 15 0
340 334 6 1 2 3 4 5 13 12 8 9 10 6 11 0 14 15 7
337 331 6 1 2 3 4 5 13 0 8 9 10 12 6 7 14 15 11
338 332 6 1 2 3 4 5 0 13 8 9 10 12 6 7 14 15 11
340 333 7 1 2 3 4 0 5 13 8 9 10 12 6 7 14 15 11
340 333 7 1 2 3 4 5 10 13 8 9 0 12 6 7 14 15 11
341 334 7 1 2 3 4 5 10 13 8 9 12 0 6 7 14 15 11
342 335 7 1 2 3 4 5 10 13 8 9 12 6 0 7 14 15 11
342 336 6 1 2 3 4 5 10 13 8 9 12 6 11 7 14 15 0
346 339 7 1 2 3 4 5 10 13 8 9 12 0 11 7 14 15 6
346 340 6 1 2 3 4 5 10 13 8 9 12 11 0 7 14 15 6
346 341 5 1 2 3 4 5 10 13 8 9 12 11 6 7 14 15 0
349 343 6 1 2 3 4 5 10 13 8 9 12 11 6 0 14 15 7
352 346 6 1 2 3 4 5 10 13 8 9 0 11 6 12 14 15 7
352 347 5 1 2 3 4 5 0 13 8 9 10 11 6 12 14 15 7
353 348 5 1 2 3 4 5 13 0 8 9 10 11 6 12 14 15 7
355 349 6 1 2 3 4 5 13 8 0 9 10 11 6 12 14 15 7
356 350 6 1 2 3 4 5 13 8 6 9 10 11 0 12 14 15 7
356 351 5 1 2 3 4 5 13 8 6 9 10 11 7 12 14 15 0
359 353 6 1 2 3 4 5 13 8 6 9 10 11 7 0 14 15 12
355 349 6 1 2 3 4 5 13 11 8 9 10 0 6 12 14 15 7
356 350 6 1 2 3 4 5 13 11 8 9 10 6 0 12 14 15 7
356 351 5 1 2 3 4 5 13 11 8 9 10 6 7 12 14 15 0
360 354 6 1 2 3 4 5 13 11 8 9 10 0 7 12 14 15 6
360 355 5 1 2 3 4 5 13 0 8 9 10 11 7 12 14 15 6
361 356 5 1 2 3 4 5 0 13 8 9 10 11 7 12 14 15 6
363 357 6 1 2 3 4 0 5 13 8 9 10 11 7 12 14 15 6
363 357 6 1 2 3 4 5 10 13 8 9 0 11 7 12 14 15 6
363 357 6 1 0 3 4 5 2 13 8 9 10 11 7 12 14 15 6
362 356 6 1 2 3 4 5 13 8 0 9 10 11 7 12 14 15 6
363 357 6 1 2 3 4 5 13 8 7 9 10 11 0 12 14 15 6
363 358 5 1 2 3 4 5 13 8 7 9 10 11 6 12 14 15 0
366 360 6 1 2 3 4 5 13 8 7 9 10 11 6 0 14 15 12
362 356 6 1 2 0 4 5 13 3 8 9 10 11 7 12 14 15 6
361 355 6 1 2 3 4 5 13 11 8 9 10 7 0 12 14 15 6
361 356 5 1 2 3 4 5 13 11 8 9 10 7 6 12 14 15 0
364 358 6 1 2 3 4 5 13 11 8 9 10 7 6 0 14 15 12
359 353 6 1 2 3 4 5 13 11 8 9 10 6 7 0 14 15 12
355 349 6 1 2 0 4 5 13 3 8 9 10 11 6 12 14 15 7
354 348 6 1 0 3 4 5 2 13 8 9 10 11 6 12 14 15 7
354 348 6 1 2 3 4 0 5 13 8 9 10 11 6 12 14 15 7
356 349 7 1 2 3 4 9 5 13 8 0 10 11 6 12 14 15 7
357 350 7 1 2 3 4 9 5 13 8 12 10 11 6 0 14 15 7
358 352 6 1 2 3 4 9 5 13 8 12 10 11 6 7 14 15 0
360 353 7 1 2 3 4 9 5 13 8 12 10 11 0 7 14 15 6
356 349 7 1 3 0 4 5 2 13 8 9 10 11 6 12 14 15 7
357 350 7 1 3 13 4 5 2 0 8 9 10 11 6 12 14 15 7
358 351 7 1 3 13 4 5 0 2 8 9 10 11 6 12 14 15 7
359 352 7 1 0 13 4 5 3 2 8 9 10 11 6 12 14 15 7
360 353 7 1 13 0 4 5 3 2 8 9 10 11 6 12 14 15 7
361 354 7 1 13 2 4 5 3 0 8 9 10 11 6 12 14 15 7
362 355 7 1 13 2 4 5 0 3 8 9 10 11 6 12 14 15 7
356 349 7 0 1 3 4 5 2 13 8 9 10 11 6 12 14 15 7
358 352 6 7 1 3 4 5 2 13 8 9 10 11 6 12 14 15 0
361 354 7 7 1 3 4 5 2 13 8 9 10 11 6 0 14 15 12
363 356 7 0 1 3 4 5 2 13 8 9 10 11 6 7 14 15 12
365 359 6 12 1 3 4 5 2 13 8 9 10 11 6 7 14 15 0
363 357 6 1 0 3 4 5 2 13 8 9 10 11 6 7 14 15 12
363 358 5 1 2 3 4 5 0 13 8 9 10 11 6 7 14 15 12
364 359 5 1 2 3 4 5 13 0 8 9 10 11 6 7 14 15 12
366 360 6 1 2 3 4 5 13 8 0 9 10 11 6 7 14 15 12
367 361 6 1 2 3 4 5 13 8 6 9 10 11 0 7 14 15 12
366 362 4 1 2 3 4 5 13 8 6 9 10 11 12 7 14 15 0
369 364 5 1 2 3 4 5 13 8 6 9 10 11 12 0 14 15 7
373 367 6 1 2 3 4 5 13 8 6 9 0 11 12 10 14 15 7
374 368 6 1 2 3 4 5 0 8 6 9 13 11 12 10 14 15 7
375 369 6 1 2 3 4 5 8 0 6 9 13 11 12 10 14 15 7
376 370 6 1 2 3 4 5 8 6 0 9 13 11 12 10 14 15 7
373 367 6 1 2 3 0 5 13 8 6 9 10 11 12 4 14 15 7
374 369 5 1 2 3 7 5 13 8 6 9 10 11 12 4 14 15 0
377 371 6 1 2 3 7 5 13 8 6 9 10 11 12 0 14 15 4
376 370 6 1 2 3 8 5 13 0 6 9 10 11 12 4 14 15 7
377 371 6 1 2 3 8 5 13 6 0 9 10 11 12 4 14 15 7
377 372 5 1 2 3 0 5 13 6 8 9 10 11 12 4 14 15 7
379 375 4 1 2 3 4 5 13 6 8 9 10 11 12 0 14 15 7
380 377 3 1 2 3 4 5 13 6 8 9 10 11 12 7 14 15 0
378 374 4 1 2 3 7 5 13 6 8 9 10 11 12 4 14 15 0
381 376 5 1 2 3 7 5 13 6 8 9 10 11 12 0 14 15 4
385 380 5 1 2 3 4 5 13 6 8 9 10 0 12 7 14 15 11
386 381 5 1 2 3 4 5 13 0 8 9 10 6 12 7 14 15 11
387 382 5 1 2 3 4 5 0 13 8 9 10 6 12 7 14 15 11
385 380 5 0 2 3 4 5 13 6 8 9 10 11 12 7 14 15 1
388 383 5 13 2 3 4 5 0 6 8 9 10 11 12 7 14 15 1
388 384 4 13 2 3 4 5 6 0 8 9 10 11 12 7 14 15 1
390 385 5 13 2 3 4 5 6 8 0 9 10 11 12 7 14 15 1
390 385 5 13 2 3 4 5 6 11 8 9 10 0 12 7 14 15 1
390 385 5 13 2 0 4 5 6 3 8 9 10 11 12 7 14 15 1
387 382 5 7 2 3 4 5 13 6 8 9 10 11 12 0 14 15 1
388 384 4 7 2 3 4 5 13 6 8 9 10 11 12 1 14 15 0
384 379 5 1 2 3 0 5 13 6 8 9 10 11 12 7 14 15 4
387 382 5 1 2 3 6 5 13 0 8 9 10 11 12 7 14 15 4
388 383 5 1 2 3 6 5 0 13 8 9 10 11 12 7 14 15 4
382 377 5 0 2 3 4 5 13 6 8 9 10 11 12 1 14 15 7
385 380 5 13 2 3 4 5 0 6 8 9 10 11 12 1 14 15 7
385 381 4 13 2 3 4 5 6 0 8 9 10 11 12 1 14 15 7
387 382 5 13 2 3 4 5 6 8 0 9 10 11 12 1 14 15 7
387 382 5 13 2 3 4 5 6 11 8 9 10 0 12 1 14 15 7
387 382 5 13 2 0 4 5 6 3 8 9 10 11 12 1 14 15 7
380 375 5 1 2 3 6 5 13 0 8 9 10 11 12 4 14 15 7
381 376 5 1 2 3 6 5 0 13 8 9 10 11 12 4 14 15 7
383 378 5 1 2 3 4 5 13 6 8 9 10 11 0 7 14 15 12
383 378 5 1 2 3 4 5 13 6 8 9 10 11 12 7 14 0 15
381 376 5 1 2 3 4 5 13 6 8 0 10 11 12 9 14 15 7
383 378 5 1 2 3 4 5 13 6 8 9 0 11 12 10 14 15 7
384 379 5 1 2 3 4 5 0 6 8 9 13 11 12 10 14 15 7
384 380 4 1 2 3 4 5 6 0 8 9 13 11 12 10 14 15 7
386 381 5 1 2 3 4 5 6 8 0 9 13 11 12 10 14 15 7
386 381 5 1 2 3 4 5 6 11 8 9 13 0 12 10 14 15 7
387 382 5 1 2 3 4 5 6 11 8 9 0 13 12 10 14 15 7
386 381 5 1 2 0 4 5 6 3 8 9 13 11 12 10 14 15 7
381 376 5 1 2 3 4 5 13 6 8 9 10 11 12 14 0 15 7
383 377 6 1 2 3 4 5 13 6 8 9 10 11 12 14 15 0 7
383 378 5 1 2 3 4 5 13 6 8 9 10 11 12 14 15 7 0
386 380 6 1 2 3 4 5 13 6 8 9 10 11 12 0 15 7 14
387 381 6 1 2 3 4 5 13 6 8 9 10 11 12 15 0 7 14
388 382 6 1 2 3 4 5 13 6 8 9 10 11 12 15 7 0 14
388 383 5 1 2 3 4 5 13 6 8 9 10 11 12 15 7 14 0
391 385 6 1 2 3 4 5 13 6 8 9 10 11 12 0 7 14 15
383 377 6 1 2 3 4 5 13 6 8 9 0 11 12 14 10 15 7
384 378 6 1 2 3 4 5 0 6 8 9 13 11 12 14 10 15 7
384 379 5 1 2 3 4 5 6 0 8 9 13 11 12 14 10 15 7
386 380 6 1 2 3 4 5 6 8 0 9 13 11 12 14 10 15 7
386 380 6 1 2 3 4 5 6 11 8 9 13 0 12 14 10 15 7
387 381 6 1 2 3 4 5 6 11 8 9 0 13 12 14 10 15 7
387 382 5 1 2 3 4 5 6 11 8 9 10 13 12 14 0 15 7
387 383 4 1 2 3 4 5 6 11 8 9 10 13 12 0 14 15 7
388 385 3 1 2 3 4 5 6 11 8 9 10 13 12 7 14 15 0
392 388 4 1 2 3 4 5 6 11 8 9 10 0 12 7 14 15 13
392 389 3 1 2 3 4 5 6 0 8 9 10 11 12 7 14 15 13
394 390 4 1 2 3 4 5 6 8 0 9 10 11 12 7 14 15 13
394 390 4 1 2 3 4 5 0 6 8 9 10 11 12 7 14 15 13
394 390 4 1 2 0 4 5 6 3 8 9 10 11 12 7 14 15 13
396 391 5 1 2 4 0 5 6 3 8 9 10 11 12 7 14 15 13
397 393 4 1 2 4 13 5 6 3 8 9 10 11 12 7 14 15 0
400 395 5 1 2 4 13 5 6 3 8 9 10 11 12 0 14 15 7
402 398 4 1 2 4 0 5 6 3 8 9 10 11 12 13 14 15 7
403 400 3 1 2 4 7 5 6 3 8 9 10 11 12 13 14 15 0
402 399 3 1 2 0 4 5 6 3 8 9 10 11 12 13 14 15 7
402 400 2 1 2 3 4 5 6 0 8 9 10 11 12 13 14 15 7
404 401 3 1 2 3 4 5 6 8 0 9 10 11 12 13 14 15 7
404 401 3 1 2 3 4 5 0 6 8 9 10 11 12 13 14 15 7
404 401 3 1 2 3 4 5 6 11 8 9 10 0 12 13 14 15 7
406 402 4 1 2 3 4 5 6 11 8 9 10 12 0 13 14 15 7
406 403 3 1 2 3 4 5 6 11 8 9 10 12 7 13 14 15 0
410 406 4 1 2 3 4 5 6 11 8 9 10 0 7 13 14 15 12
410 407 3 1 2 3 4 5 6 0 8 9 10 11 7 13 14 15 12
412 408 4 1 2 3 4 5 6 8 0 9 10 11 7 13 14 15 12
413 409 4 1 2 3 4 5 6 8 7 9 10 11 0 13 14 15 12
412 410 2 1 2 3 4 5 6 8 7 9 10 11 12 13 14 15 0
417 413 4 1 2 3 4 5 6 8 7 9 10 0 12 13 14 15 11
418 414 4 1 2 3 4 5 6 0 7 9 10 8 12 13 14 15 11
418 415 3 1 2 3 4 5 6 7 0 9 10 8 12 13 14 15 11
420 416 4 1 2 3 4 5 6 7 12 9 10 8 0 13 14 15 11
420 417 3 1 2 3 4 5 6 7 12 9 10 8 11 13 14 15 0
424 420 4 1 2 3 4 5 6 7 12 9 10 0 11 13 14 15 8
424 421 3 1 2 3 4 5 6 7 12 9 10 11 0 13 14 15 8
424 422 2 1 2 3 4 5 6 7 12 9 10 11 8 13 14 15 0
424 422 2 1 2 3 4 5 6 7 0 9 10 11 12 13 14 15 8
426 423 3 1 2 3 4 5 6 0 7 9 10 11 12 13 14 15 8
426 423 3 1 2 3 0 5 6 7 4 9 10 11 12 13 14 15 8
427 425 2 1 2 3 8 5 6 7 4 9 10 11 12 13 14 15 0
432 428 4 1 2 3 8 5 6 7 4 9 10 0 12 13 14 15 11
432 428 4 0 2 3 8 5 6 7 4 9 10 11 12 13 14 15 1
434 430 4 8 2 3 0 5 6 7 4 9 10 11 12 13 14 15 1
435 432 3 8 2 3 1 5 6 7 4 9 10 11 12 13 14 15 0
434 431 3 8 2 3 4 5 6 7 0 9 10 11 12 13 14 15 1
436 432 4 8 2 3 4 5 6 0 7 9 10 11 12 13 14 15 1
436 432 4 8 2 3 4 5 6 7 12 9 10 11 0 13 14 15 1
436 433 3 8 2 3 4 5 6 7 12 9 10 11 1 13 14 15 0
440 436 4 0 2 3 4 5 6 7 12 9 10 11 1 13 14 15 8
431 427 4 1 2 3 8 5 6 7 4 9 10 11 12 0 14 15 13
434 430 4 1 2 3 0 5 6 7 4 9 10 11 12 8 14 15 13
435 432 3 1 2 3 13 5 6 7 4 9 10 11 12 8 14 15 0
434 431 3 1 2 3 4 5 6 7 0 9 10 11 12 8 14 15 13
436 432 4 1 2 3 4 5 6 0 7 9 10 11 12 8 14 15 13
436 432 4 1 2 3 4 5 6 7 12 9 10 11 0 8 14 15 13
436 433 3 1 2 3 4 5 6 7 12 9 10 11 13 8 14 15 0
439 435 4 1 2 3 4 5 6 7 12 9 10 11 13 0 14 15 8
430 426 4 1 2 3 8 5 6 7 4 9 10 11 12 13 14 0 15
430 426 4 1 2 3 8 5 6 7 4 9 10 11 0 13 14 15 12
431 427 4 1 2 3 8 5 6 7 0 9 10 11 4 13 14 15 12
431 428 3 1 2 3 0 5 6 7 8 9 10 11 4 13 14 15 12
432 430 2 1 2 3 12 5 6 7 8 9 10 11 4 13 14 15 0
434 431 3 1 2 3 12 5 6 7 8 9 10 11 0 13 14 15 4
436 432 4 1 2 3 12 5 6 7 8 9 10 0 11 13 14 15 4
436 432 4 1 2 3 12 5 6 7 0 9 10 11 8 13 14 15 4
437 433 4 1 2 3 12 5 6 7 8 9 10 0 4 13 14 15 11
438 434 4 1 2 3 12 5 6 7 8 9 10 4 0 13 14 15 11
438 435 3 1 2 3 12 5 6 7 8 9 10 4 11 13 14 15 0
441 437 4 1 2 3 0 5 6 7 8 9 10 4 11 13 14 15 12
437 433 4 0 2 3 12 5 6 7 8 9 10 11 4 13 14 15 1
439 435 4 12 2 3 0 5 6 7 8 9 10 11 4 13 14 15 1
440 437 3 12 2 3 1 5 6 7 8 9 10 11 4 13 14 15 0
442 438 4 12 2 3 1 5 6 7 8 9 10 11 0 13 14 15 4
436 432 4 1 2 3 12 5 6 7 8 9 10 11 4 0 14 15 13
439 435 4 1 2 3 0 5 6 7 8 9 10 11 4 12 14 15 13
440 437 3 1 2 3 13 5 6 7 8 9 10 11 4 12 14 15 0
442 438 4 1 2 3 13 5 6 7 8 9 10 11 0 12 14 15 4
435 431 4 1 2 3 12 5 6 7 8 9 10 11 4 13 14 0 15
435 431 4 1 2 3 7 5 6 0 8 9 10 11 4 13 14 15 12
430 426 4 1 2 3 7 5 6 0 4 9 10 11 12 13 14 15 8
431 427 4 1 2 3 7 5 6 4 0 9 10 11 12 13 14 15 8
432 428 4 1 2 3 0 5 6 4 7 9 10 11 12 13 14 15 8
433 430 3 1 2 3 8 5 6 4 7 9 10 11 12 13 14 15 0
433 429 4 1 2 0 3 5 6 7 8 9 10 11 4 13 14 15 12
434 430 4 0 2 3 1 5 6 7 8 9 10 11 4 13 14 15 12
435 431 4 1 2 3 13 5 6 7 8 9 10 11 4 0 14 15 12
430 426 4 1 2 3 13 5 6 7 4 9 10 11 12 0 14 15 8
429 425 4 0 2 3 1 5 6 7 4 9 10 11 12 13 14 15 8
428 424 4 1 2 0 3 5 6 7 4 9 10 11 12 13 14 15 8
406 402 4 1 2 3 4 0 5 6 8 9 10 11 12 13 14 15 7
415 411 4 1 2 3 4 5 6 8 7 9 10 11 12 13 14 0 15
406 402 4 1 2 3 0 5 6 8 4 9 10 11 12 13 14 15 7
407 404 3 1 2 3 7 5 6 8 4 9 10 11 12 13 14 15 0
409 405 4 1 2 3 8 5 6 0 4 9 10 11 12 13 14 15 7
410 406 4 1 2 3 8 5 6 4 0 9 10 11 12 13 14 15 7
410 407 3 1 2 3 0 5 6 4 8 9 10 11 12 13 14 15 7
411 409 2 1 2 3 7 5 6 4 8 9 10 11 12 13 14 15 0
416 412 4 1 2 3 7 5 6 4 8 9 10 0 12 13 14 15 11
417 413 4 1 2 3 7 5 6 0 8 9 10 4 12 13 14 15 11
416 412 4 0 2 3 7 5 6 4 8 9 10 11 12 13 14 15 1
418 414 4 7 2 3 0 5 6 4 8 9 10 11 12 13 14 15 1
420 417 3 7 2 3 4 5 6 0 8 9 10 11 12 13 14 15 1
419 416 3 7 2 3 1 5 6 4 8 9 10 11 12 13 14 15 0
422 418 4 7 2 3 4 5 6 8 0 9 10 11 12 13 14 15 1
422 418 4 7 2 3 4 5 0 6 8 9 10 11 12 13 14 15 1
422 418 4 7 2 3 4 5 6 11 8 9 10 0 12 13 14 15 1
422 418 4 7 2 0 4 5 6 3 8 9 10 11 12 13 14 15 1
415 411 4 1 2 3 7 5 6 4 8 9 10 11 12 0 14 15 13
418 414 4 1 2 3 0 5 6 4 8 9 10 11 12 7 14 15 13
419 416 3 1 2 3 13 5 6 4 8 9 10 11 12 7 14 15 0
414 410 4 1 2 3 7 5 6 4 8 9 10 11 12 13 14 0 15
414 410 4 1 2 3 7 5 6 4 8 9 10 11 0 13 14 15 12
414 410 4 1 2 3 13 5 6 4 8 9 10 11 12 0 14 15 7
412 408 4 1 2 0 3 5 6 4 8 9 10 11 12 13 14 15 7
406 402 4 1 2 3 4 5 10 6 8 9 0 11 12 13 14 15 7
413 409 4 0 2 3 1 5 6 4 8 9 10 11 12 13 14 15 7
406 402 4 1 2 3 4 5 6 8 12 9 10 11 0 13 14 15 7
406 403 3 1 2 3 4 5 6 8 12 9 10 11 7 13 14 15 0
406 402 4 1 0 3 4 5 2 6 8 9 10 11 12 13 14 15 7
428 424 4 1 2 3 4 5 0 6 7 9 10 11 12 13 14 15 8
420 416 4 1 2 3 0 5 6 7 4 9 10 8 12 13 14 15 11
421 418 3 1 2 3 11 5 6 7 4 9 10 8 12 13 14 15 0
425 421 4 1 2 3 11 5 6 7 4 9 10 0 12 13 14 15 8
416 412 4 1 2 3 4 5 6 8 7 9 10 11 12 0 14 15 13
417 413 4 0 2 3 4 5 6 8 7 9 10 11 12 13 14 15 1
412 408 4 1 2 3 4 5 0 6 8 9 10 11 7 13 14 15 12
404 400 4 1 0 2 4 5 6 3 8 9 10 11 12 13 14 15 7
416 412 4 1 2 3 0 5 6 8 7 9 10 11 12 13 14 15 4
419 415 4 1 2 3 8 5 6 0 7 9 10 11 12 13 14 15 4
419 416 3 1 2 3 8 5 6 7 0 9 10 11 12 13 14 15 4
419 417 2 1 2 3 0 5 6 7 8 9 10 11 12 13 14 15 4
419 419 0 1 2 3 4 5 6 7 8 9 10 11 12 13 14 15 0
