0 0 0 8 12 14 4 6 15 9 2 13 5 11 3 0 1 7 10
15 2 13 8 12 14 4 6 15 9 2 13 5 11 3 10 1 7 0
14 1 13 8 12 14 4 6 15 9 2 0 5 11 3 13 1 7 10
15 2 13 8 12 14 4 6 15 9 2 5 0 11 3 13 1 7 10
16 3 13 8 12 14 4 6 15 9 2 5 1 11 3 13 0 7 10
17 4 13 8 12 14 4 6 15 9 2 5 1 11 3 13 7 0 10
17 5 12 8 12 14 4 6 15 9 2 5 1 11 3 13 7 10 0
21 8 13 0 12 14 4 6 15 9 2 5 1 11 3 13 7 10 8
24 11 13 15 12 14 4 6 0 9 2 5 1 11 3 13 7 10 8
24 12 12 15 12 14 4 0 6 9 2 5 1 11 3 13 7 10 8
24 13 11 15 12 14 4 5 6 9 2 0 1 11 3 13 7 10 8
25 14 11 15 12 14 4 5 6 9 2 1 0 11 3 13 7 10 8
26 15 11 15 12 14 4 5 6 9 2 1 7 11 3 13 0 10 8
27 16 11 15 12 14 4 5 6 9 2 1 7 11 3 13 10 0 8
27 17 10 15 12 14 4 5 6 9 2 1 7 11 3 13 10 8 0
31 20 11 0 12 14 4 5 6 9 2 1 7 11 3 13 10 8 15
32 21 11 12 0 14 4 5 6 9 2 1 7 11 3 13 10 8 15
33 22 11 12 14 0 4 5 6 9 2 1 7 11 3 13 10 8 15
34 23 11 12 14 9 4 5 6 0 2 1 7 11 3 13 10 8 15
35 24 11 12 14 9 4 5 6 2 0 1 7 11 3 13 10 8 15
36 25 11 12 14 9 4 5 6 2 3 1 7 11 0 13 10 8 15
36 26 10 12 14 9 4 5 6 2 3 1 7 11 15 13 10 8 0
40 29 11 0 14 9 4 5 6 2 3 1 7 11 15 13 10 8 12
42 31 11 13 14 9 4 5 6 2 3 1 7 11 15 0 10 8 12
44 34 10 13 14 9 0 5 6 2 3 1 7 11 15 4 10 8 12
45 36 9 13 14 9 12 5 6 2 3 1 7 11 15 4 10 8 0
45 36 9 0 14 9 13 5 6 2 3 1 7 11 15 4 10 8 12
47 39 8 12 14 9 13 5 6 2 3 1 7 11 15 4 10 8 0
49 40 9 12 14 9 13 5 6 2 3 1 7 11 15 4 10 0 8
50 41 9 12 14 9 13 5 6 2 3 1 7 11 15 4 0 10 8
46 37 9 14 0 9 13 5 6 2 3 1 7 11 15 4 10 8 12
46 37 9 5 14 9 13 0 6 2 3 1 7 11 15 4 10 8 12
47 38 9 5 14 9 13 1 6 2 3 0 7 11 15 4 10 8 12
49 39 10 5 14 9 13 1 6 2 3 7 0 11 15 4 10 8 12
50 40 10 5 14 9 13 1 6 2 3 7 10 11 15 4 0 8 12
50 41 9 5 14 9 13 1 6 2 3 7 10 11 15 4 8 0 12
49 42 7 5 14 9 13 1 6 2 3 7 10 11 15 4 8 12 0
53 45 8 0 14 9 13 1 6 2 3 7 10 11 15 4 8 12 5
53 46 7 1 14 9 13 0 6 2 3 7 10 11 15 4 8 12 5
54 47 7 1 14 9 13 7 6 2 3 0 10 11 15 4 8 12 5
55 48 7 1 14 9 13 7 6 2 3 10 0 11 15 4 8 12 5
57 49 8 1 14 9 13 7 6 2 3 10 11 0 15 4 8 12 5
58 50 8 1 14 9 13 7 6 0 3 10 11 2 15 4 8 12 5
59 51 8 1 14 9 13 7 6 3 0 10 11 2 15 4 8 12 5
57 49 8 1 14 9 13 7 0 2 3 10 6 11 15 4 8 12 5
58 50 8 1 14 9 13 7 2 0 3 10 6 11 15 4 8 12 5
59 51 8 1 14 9 13 7 2 3 0 10 6 11 15 4 8 12 5
54 46 8 14 0 9 13 1 6 2 3 7 10 11 15 4 8 12 5
55 47 8 1 14 9 13 6 0 2 3 7 10 11 15 4 8 12 5
56 48 8 1 14 9 13 6 2 0 3 7 10 11 15 4 8 12 5
57 49 8 1 14 9 13 6 2 3 0 7 10 11 15 4 8 12 5
56 48 8 1 14 9 13 6 10 2 3 7 0 11 15 4 8 12 5
56 49 7 1 14 9 13 6 10 2 3 0 7 11 15 4 8 12 5
57 50 7 1 14 9 13 0 10 2 3 6 7 11 15 4 8 12 5
58 51 7 1 14 9 13 10 0 2 3 6 7 11 15 4 8 12 5
59 52 7 1 14 9 13 10 2 0 3 6 7 11 15 4 8 12 5
60 53 7 1 14 9 13 10 2 3 0 6 7 11 15 4 8 12 5
59 52 7 1 0 9 13 10 14 2 3 6 7 11 15 4 8 12 5
61 53 8 1 9 0 13 10 14 2 3 6 7 11 15 4 8 12 5
62 54 8 1 9 2 13 10 14 0 3 6 7 11 15 4 8 12 5
63 55 8 1 9 2 13 10 14 3 0 6 7 11 15 4 8 12 5
63 55 8 1 9 2 13 10 0 14 3 6 7 11 15 4 8 12 5
64 56 8 1 9 2 13 0 10 14 3 6 7 11 15 4 8 12 5
65 57 8 1 9 2 13 6 10 14 3 0 7 11 15 4 8 12 5
64 56 8 1 0 2 13 10 9 14 3 6 7 11 15 4 8 12 5
65 57 8 1 2 0 13 10 9 14 3 6 7 11 15 4 8 12 5
66 58 8 1 2 14 13 10 9 0 3 6 7 11 15 4 8 12 5
67 59 8 1 2 14 13 10 9 3 0 6 7 11 15 4 8 12 5
67 59 8 1 2 14 13 10 0 9 3 6 7 11 15 4 8 12 5
68 60 8 1 2 14 13 0 10 9 3 6 7 11 15 4 8 12 5
69 61 8 1 2 14 13 6 10 9 3 0 7 11 15 4 8 12 5
68 60 8 1 0 14 13 10 2 9 3 6 7 11 15 4 8 12 5
61 53 8 1 14 9 13 10 2 11 3 6 7 0 15 4 8 12 5
62 54 8 1 14 9 0 10 2 3 13 6 7 11 15 4 8 12 5
63 56 7 1 14 9 5 10 2 3 13 6 7 11 15 4 8 12 0
65 57 8 1 14 9 3 10 2 0 13 6 7 11 15 4 8 12 5
66 58 8 1 14 9 3 10 2 13 0 6 7 11 15 4 8 12 5
67 59 8 1 14 9 0 10 2 13 3 6 7 11 15 4 8 12 5
68 61 7 1 14 9 5 10 2 13 3 6 7 11 15 4 8 12 0
66 58 8 1 14 9 3 10 0 2 13 6 7 11 15 4 8 12 5
67 59 8 1 14 9 3 0 10 2 13 6 7 11 15 4 8 12 5
68 60 8 1 14 9 3 6 10 2 13 0 7 11 15 4 8 12 5
67 59 8 1 0 9 3 10 14 2 13 6 7 11 15 4 8 12 5
58 50 8 1 14 9 13 0 7 2 3 10 6 11 15 4 8 12 5
59 51 8 1 14 9 13 10 7 2 3 0 6 11 15 4 8 12 5
61 53 8 1 14 0 13 10 2 9 3 6 7 11 15 4 8 12 5
58 50 8 1 14 9 13 6 10 2 3 4 7 11 15 0 8 12 5
59 52 7 1 14 9 13 6 10 2 3 4 7 11 15 5 8 12 0
60 52 8 1 14 9 13 10 7 2 3 6 0 11 15 4 8 12 5
61 53 8 0 1 9 13 10 14 2 3 6 7 11 15 4 8 12 5
63 56 7 5 1 9 13 10 14 2 3 6 7 11 15 4 8 12 0
64 56 8 14 1 9 13 10 0 2 3 6 7 11 15 4 8 12 5
65 57 8 14 1 9 13 10 2 0 3 6 7 11 15 4 8 12 5
66 58 8 14 1 9 13 10 2 3 0 6 7 11 15 4 8 12 5
65 57 8 14 1 9 13 0 10 2 3 6 7 11 15 4 8 12 5
66 58 8 14 1 9 13 6 10 2 3 0 7 11 15 4 8 12 5
65 57 8 14 0 9 13 10 1 2 3 6 7 11 15 4 8 12 5
66 58 8 0 14 9 13 10 1 2 3 6 7 11 15 4 8 12 5
68 61 7 5 14 9 13 10 1 2 3 6 7 11 15 4 8 12 0
67 59 8 10 14 9 13 0 1 2 3 6 7 11 15 4 8 12 5
68 60 8 10 14 9 13 1 0 2 3 6 7 11 15 4 8 12 5
69 61 8 10 14 9 13 1 2 0 3 6 7 11 15 4 8 12 5
70 62 8 10 14 9 13 1 2 3 0 6 7 11 15 4 8 12 5
62 54 8 1 14 9 13 10 2 3 15 6 7 11 0 4 8 12 5
62 55 7 1 14 9 13 10 2 3 15 6 7 11 5 4 8 12 0
69 61 8 10 0 9 13 1 14 2 3 6 7 11 15 4 8 12 5
70 62 8 0 10 9 13 1 14 2 3 6 7 11 15 4 8 12 5
72 65 7 5 10 9 13 1 14 2 3 6 7 11 15 4 8 12 0
70 63 7 1 10 9 13 0 14 2 3 6 7 11 15 4 8 12 5
71 64 7 1 10 9 13 14 0 2 3 6 7 11 15 4 8 12 5
72 65 7 1 10 9 13 14 2 0 3 6 7 11 15 4 8 12 5
73 66 7 1 10 9 13 14 2 3 0 6 7 11 15 4 8 12 5
72 65 7 1 0 9 13 14 10 2 3 6 7 11 15 4 8 12 5
71 64 7 1 10 9 13 6 14 2 3 0 7 11 15 4 8 12 5
73 65 8 1 10 9 13 6 14 2 3 7 0 11 15 4 8 12 5
74 66 8 1 10 9 13 6 0 2 3 7 14 11 15 4 8 12 5
74 67 7 1 10 9 13 0 6 2 3 7 14 11 15 4 8 12 5
75 68 7 1 10 9 13 7 6 2 3 0 14 11 15 4 8 12 5
76 69 7 1 10 9 13 7 6 2 3 14 0 11 15 4 8 12 5
78 70 8 1 10 9 13 7 6 2 3 14 11 0 15 4 8 12 5
79 71 8 1 10 9 13 7 6 0 3 14 11 2 15 4 8 12 5
80 72 8 1 10 9 13 7 6 3 0 14 11 2 15 4 8 12 5
78 70 8 1 10 9 13 7 6 2 3 14 8 11 15 4 0 12 5
75 67 8 1 0 9 13 6 10 2 3 7 14 11 15 4 8 12 5
75 67 8 1 10 9 13 14 2 3 15 6 7 11 0 4 8 12 5
75 68 7 1 10 9 13 14 2 3 15 6 7 11 5 4 8 12 0
73 65 8 1 10 9 13 14 7 2 3 6 0 11 15 4 8 12 5
74 66 8 1 10 9 13 14 7 2 3 0 6 11 15 4 8 12 5
75 67 8 1 10 9 13 0 7 2 3 14 6 11 15 4 8 12 5
56 48 8 1 0 9 13 6 14 2 3 7 10 11 15 4 8 12 5
73 65 8 14 10 9 13 1 0 2 3 6 7 11 15 4 8 12 5
74 66 8 14 10 9 13 1 2 0 3 6 7 11 15 4 8 12 5
75 67 8 14 10 9 13 1 2 3 0 6 7 11 15 4 8 12 5
74 66 8 14 10 9 13 0 1 2 3 6 7 11 15 4 8 12 5
75 67 8 14 10 9 13 6 1 2 3 0 7 11 15 4 8 12 5
75 67 8 1 10 9 0 14 2 3 13 6 7 11 15 4 8 12 5
76 69 7 1 10 9 5 14 2 3 13 6 7 11 15 4 8 12 0
78 70 8 1 10 9 3 14 2 0 13 6 7 11 15 4 8 12 5
79 71 8 1 10 9 3 14 2 13 0 6 7 11 15 4 8 12 5
80 72 8 1 10 9 0 14 2 13 3 6 7 11 15 4 8 12 5
81 74 7 1 10 9 5 14 2 13 3 6 7 11 15 4 8 12 0
79 71 8 1 10 9 3 14 0 2 13 6 7 11 15 4 8 12 5
80 72 8 1 10 9 3 0 14 2 13 6 7 11 15 4 8 12 5
81 73 8 1 10 9 3 6 14 2 13 0 7 11 15 4 8 12 5
80 72 8 1 0 9 3 14 10 2 13 6 7 11 15 4 8 12 5
74 66 8 14 0 9 13 1 10 2 3 6 7 11 15 4 8 12 5
75 67 8 0 14 9 13 1 10 2 3 6 7 11 15 4 8 12 5
77 70 7 5 14 9 13 1 10 2 3 6 7 11 15 4 8 12 0
56 48 8 1 14 9 13 7 6 2 3 4 10 11 15 0 8 12 5
57 50 7 1 14 9 13 7 6 2 3 4 10 11 15 5 8 12 0
59 51 8 1 14 9 13 7 6 2 3 4 0 11 15 10 8 12 5
60 52 8 1 14 9 13 7 6 2 3 0 4 11 15 10 8 12 5
61 53 8 1 14 9 13 7 6 2 3 10 4 11 15 0 8 12 5
62 55 7 1 14 9 13 7 6 2 3 10 4 11 15 5 8 12 0
61 53 8 1 14 9 13 0 6 2 3 7 4 11 15 10 8 12 5
77 69 8 1 10 9 13 7 6 2 3 4 14 11 15 0 8 12 5
78 71 7 1 10 9 13 7 6 2 3 4 14 11 15 5 8 12 0
80 72 8 1 10 9 13 7 6 2 3 4 0 11 15 14 8 12 5
81 73 8 1 10 9 13 7 6 2 3 0 4 11 15 14 8 12 5
82 74 8 1 10 9 13 7 6 2 3 14 4 11 15 0 8 12 5
83 76 7 1 10 9 13 7 6 2 3 14 4 11 15 5 8 12 0
82 74 8 1 10 9 13 0 6 2 3 7 4 11 15 14 8 12 5
68 60 8 10 14 9 13 6 1 2 3 0 7 11 15 4 8 12 5
75 67 8 1 10 9 13 6 2 0 3 7 14 11 15 4 8 12 5
76 68 8 1 10 9 13 6 2 3 0 7 14 11 15 4 8 12 5
76 68 8 1 10 9 13 7 0 2 3 14 6 11 15 4 8 12 5
77 69 8 1 10 9 13 7 2 0 3 14 6 11 15 4 8 12 5
78 70 8 1 10 9 13 7 2 3 0 14 6 11 15 4 8 12 5
77 69 8 1 0 9 13 7 10 2 3 14 6 11 15 4 8 12 5
74 66 8 1 10 0 13 14 2 9 3 6 7 11 15 4 8 12 5
75 67 8 1 0 10 13 14 2 9 3 6 7 11 15 4 8 12 5
76 68 8 1 2 10 13 14 0 9 3 6 7 11 15 4 8 12 5
77 69 8 1 2 10 13 14 9 0 3 6 7 11 15 4 8 12 5
77 70 7 1 2 0 13 14 9 10 3 6 7 11 15 4 8 12 5
78 71 7 1 0 2 13 14 9 10 3 6 7 11 15 4 8 12 5
79 72 7 1 9 2 13 14 0 10 3 6 7 11 15 4 8 12 5
80 73 7 1 9 2 13 0 14 10 3 6 7 11 15 4 8 12 5
81 74 7 1 9 2 13 6 14 10 3 0 7 11 15 4 8 12 5
83 75 8 1 9 2 13 6 14 10 3 7 0 11 15 4 8 12 5
84 76 8 1 9 2 13 6 0 10 3 7 14 11 15 4 8 12 5
84 77 7 1 9 2 13 0 6 10 3 7 14 11 15 4 8 12 5
85 78 7 1 9 2 13 7 6 10 3 0 14 11 15 4 8 12 5
86 79 7 1 9 2 13 7 6 10 3 14 0 11 15 4 8 12 5
88 80 8 1 9 2 13 7 6 10 3 14 11 0 15 4 8 12 5
74 66 8 1 10 9 13 14 2 11 3 6 7 0 15 4 8 12 5
88 80 8 1 9 2 13 7 6 10 3 14 8 11 15 4 0 12 5
88 80 8 1 9 2 13 7 0 10 3 14 6 11 15 4 8 12 5
89 81 8 1 9 2 13 0 7 10 3 14 6 11 15 4 8 12 5
90 82 8 1 9 2 13 14 7 10 3 0 6 11 15 4 8 12 5
89 81 8 1 0 2 13 7 9 10 3 14 6 11 15 4 8 12 5
90 82 8 1 2 0 13 7 9 10 3 14 6 11 15 4 8 12 5
80 72 8 0 1 2 13 14 9 10 3 6 7 11 15 4 8 12 5
82 75 7 5 1 2 13 14 9 10 3 6 7 11 15 4 8 12 0
83 75 8 9 1 2 13 14 0 10 3 6 7 11 15 4 8 12 5
84 76 8 9 1 2 13 0 14 10 3 6 7 11 15 4 8 12 5
85 77 8 9 1 2 13 6 14 10 3 0 7 11 15 4 8 12 5
84 76 8 9 0 2 13 14 1 10 3 6 7 11 15 4 8 12 5
85 77 8 9 2 0 13 14 1 10 3 6 7 11 15 4 8 12 5
85 77 8 0 9 2 13 14 1 10 3 6 7 11 15 4 8 12 5
87 80 7 5 9 2 13 14 1 10 3 6 7 11 15 4 8 12 0
86 78 8 14 9 2 13 0 1 10 3 6 7 11 15 4 8 12 5
87 79 8 14 9 2 13 1 0 10 3 6 7 11 15 4 8 12 5
88 80 8 14 0 2 13 1 9 10 3 6 7 11 15 4 8 12 5
89 81 8 14 2 0 13 1 9 10 3 6 7 11 15 4 8 12 5
89 81 8 0 14 2 13 1 9 10 3 6 7 11 15 4 8 12 5
91 84 7 5 14 2 13 1 9 10 3 6 7 11 15 4 8 12 0
89 82 7 1 14 2 13 0 9 10 3 6 7 11 15 4 8 12 5
90 83 7 1 14 2 13 9 0 10 3 6 7 11 15 4 8 12 5
91 84 7 1 0 2 13 9 14 10 3 6 7 11 15 4 8 12 5
92 85 7 1 2 0 13 9 14 10 3 6 7 11 15 4 8 12 5
90 83 7 1 14 2 13 6 9 10 3 0 7 11 15 4 8 12 5
92 84 8 1 14 2 13 6 9 10 3 7 0 11 15 4 8 12 5
93 85 8 1 14 2 13 6 0 10 3 7 9 11 15 4 8 12 5
93 86 7 1 14 2 13 0 6 10 3 7 9 11 15 4 8 12 5
94 87 7 1 14 2 13 7 6 10 3 0 9 11 15 4 8 12 5
95 88 7 1 14 2 13 7 6 10 3 9 0 11 15 4 8 12 5
97 89 8 1 14 2 13 7 6 10 3 9 11 0 15 4 8 12 5
85 77 8 1 0 2 13 6 9 10 3 7 14 11 15 4 8 12 5
86 78 8 1 2 0 13 6 9 10 3 7 14 11 15 4 8 12 5
78 70 8 1 2 10 13 14 9 3 0 6 7 11 15 4 8 12 5
87 79 8 1 9 2 13 7 6 10 3 4 14 11 15 0 8 12 5
88 81 7 1 9 2 13 7 6 10 3 4 14 11 15 5 8 12 0
83 75 8 1 9 2 13 6 14 10 3 4 7 11 15 0 8 12 5
84 77 7 1 9 2 13 6 14 10 3 4 7 11 15 5 8 12 0
90 82 8 1 9 2 13 7 6 10 3 4 0 11 15 14 8 12 5
91 83 8 1 9 2 13 7 6 10 3 0 4 11 15 14 8 12 5
92 84 8 1 9 2 13 7 6 10 3 14 4 11 15 0 8 12 5
93 86 7 1 9 2 13 7 6 10 3 14 4 11 15 5 8 12 0
92 84 8 1 9 2 13 0 6 10 3 7 4 11 15 14 8 12 5
77 69 8 1 2 10 13 0 14 9 3 6 7 11 15 4 8 12 5
78 70 8 1 2 10 13 6 14 9 3 0 7 11 15 4 8 12 5
58 50 8 1 0 9 13 7 14 2 3 10 6 11 15 4 8 12 5
79 71 8 1 2 13 0 14 9 10 3 6 7 11 15 4 8 12 5
80 73 7 1 2 13 5 14 9 10 3 6 7 11 15 4 8 12 0
80 72 8 1 2 13 3 14 9 10 0 6 7 11 15 4 8 12 5
94 86 8 1 2 10 13 9 14 0 3 6 7 11 15 4 8 12 5
95 87 8 1 2 10 13 9 14 3 0 6 7 11 15 4 8 12 5
95 87 8 1 2 10 13 9 0 14 3 6 7 11 15 4 8 12 5
96 88 8 1 2 10 13 0 9 14 3 6 7 11 15 4 8 12 5
97 89 8 1 2 10 13 6 9 14 3 0 7 11 15 4 8 12 5
93 85 8 0 1 2 13 9 14 10 3 6 7 11 15 4 8 12 5
95 88 7 5 1 2 13 9 14 10 3 6 7 11 15 4 8 12 0
96 88 8 14 1 2 13 9 0 10 3 6 7 11 15 4 8 12 5
97 89 8 14 0 2 13 9 1 10 3 6 7 11 15 4 8 12 5
98 90 8 14 2 0 13 9 1 10 3 6 7 11 15 4 8 12 5
98 90 8 0 14 2 13 9 1 10 3 6 7 11 15 4 8 12 5
100 93 7 5 14 2 13 9 1 10 3 6 7 11 15 4 8 12 0
99 91 8 9 14 2 13 0 1 10 3 6 7 11 15 4 8 12 5
100 92 8 9 14 2 13 6 1 10 3 0 7 11 15 4 8 12 5
92 84 8 1 14 2 13 9 7 10 3 6 0 11 15 4 8 12 5
93 85 8 1 14 2 13 9 7 10 3 0 6 11 15 4 8 12 5
94 86 8 1 14 2 13 0 7 10 3 9 6 11 15 4 8 12 5
94 86 8 1 2 13 0 9 14 10 3 6 7 11 15 4 8 12 5
95 88 7 1 2 13 5 9 14 10 3 6 7 11 15 4 8 12 0
95 87 8 1 2 13 3 9 14 10 0 6 7 11 15 4 8 12 5
81 73 8 1 9 2 13 14 7 10 3 6 0 11 15 4 8 12 5
94 86 8 1 0 2 13 6 14 10 3 7 9 11 15 4 8 12 5
95 87 8 1 2 0 13 6 14 10 3 7 9 11 15 4 8 12 5
95 87 8 1 14 2 13 7 0 10 3 9 6 11 15 4 8 12 5
96 88 8 1 0 2 13 7 14 10 3 9 6 11 15 4 8 12 5
97 89 8 1 2 0 13 7 14 10 3 9 6 11 15 4 8 12 5
73 65 8 1 10 9 13 6 14 2 3 4 7 11 15 0 8 12 5
74 67 7 1 10 9 13 6 14 2 3 4 7 11 15 5 8 12 0
96 88 8 1 0 10 13 9 2 14 3 6 7 11 15 4 8 12 5
97 89 8 1 10 0 13 9 2 14 3 6 7 11 15 4 8 12 5
98 90 8 1 10 14 13 9 2 0 3 6 7 11 15 4 8 12 5
99 91 8 1 10 14 13 9 2 3 0 6 7 11 15 4 8 12 5
99 91 8 1 10 14 13 9 0 2 3 6 7 11 15 4 8 12 5
100 92 8 1 10 14 13 0 9 2 3 6 7 11 15 4 8 12 5
101 93 8 1 10 14 13 6 9 2 3 0 7 11 15 4 8 12 5
62 54 8 10 1 9 13 0 14 2 3 6 7 11 15 4 8 12 5
63 55 8 10 1 9 13 14 0 2 3 6 7 11 15 4 8 12 5
64 56 8 10 1 9 13 14 2 0 3 6 7 11 15 4 8 12 5
65 57 8 10 1 9 13 14 2 3 0 6 7 11 15 4 8 12 5
64 56 8 10 0 9 13 14 1 2 3 6 7 11 15 4 8 12 5
65 57 8 0 10 9 13 14 1 2 3 6 7 11 15 4 8 12 5
67 60 7 5 10 9 13 14 1 2 3 6 7 11 15 4 8 12 0
63 55 8 10 1 9 13 6 14 2 3 0 7 11 15 4 8 12 5
100 92 8 1 0 14 13 9 10 2 3 6 7 11 15 4 8 12 5
101 93 8 1 14 0 13 9 10 2 3 6 7 11 15 4 8 12 5
97 89 8 1 14 2 13 7 6 10 3 9 8 11 15 4 0 12 5
87 79 8 14 9 2 13 6 1 10 3 0 7 11 15 4 8 12 5
81 73 8 1 9 2 13 14 10 0 3 6 7 11 15 4 8 12 5
82 74 8 1 9 2 13 14 10 3 0 6 7 11 15 4 8 12 5
96 88 8 1 14 2 13 7 6 10 3 4 9 11 15 0 8 12 5
97 90 7 1 14 2 13 7 6 10 3 4 9 11 15 5 8 12 0
99 91 8 1 14 2 13 7 6 10 3 4 0 11 15 9 8 12 5
100 92 8 1 14 2 13 7 6 10 3 0 4 11 15 9 8 12 5
101 93 8 1 14 2 13 7 6 10 3 9 4 11 15 0 8 12 5
102 95 7 1 14 2 13 7 6 10 3 9 4 11 15 5 8 12 0
101 93 8 1 14 2 13 0 6 10 3 7 4 11 15 9 8 12 5
92 84 8 9 14 2 13 1 0 10 3 6 7 11 15 4 8 12 5
93 85 8 9 0 2 13 1 14 10 3 6 7 11 15 4 8 12 5
94 86 8 9 2 0 13 1 14 10 3 6 7 11 15 4 8 12 5
94 86 8 0 9 2 13 1 14 10 3 6 7 11 15 4 8 12 5
96 89 7 5 9 2 13 1 14 10 3 6 7 11 15 4 8 12 0
92 84 8 1 14 2 13 9 10 0 3 6 7 11 15 4 8 12 5
93 85 8 1 14 2 13 9 10 3 0 6 7 11 15 4 8 12 5
81 73 8 14 1 2 13 0 9 10 3 6 7 11 15 4 8 12 5
82 74 8 14 1 2 13 6 9 10 3 0 7 11 15 4 8 12 5
57 49 8 1 14 9 13 7 6 2 3 10 8 11 15 4 0 12 5
92 84 8 1 14 2 13 6 9 10 3 4 7 11 15 0 8 12 5
93 86 7 1 14 2 13 6 9 10 3 4 7 11 15 5 8 12 0
74 66 8 0 1 9 13 14 10 2 3 6 7 11 15 4 8 12 5
76 69 7 5 1 9 13 14 10 2 3 6 7 11 15 4 8 12 0
74 66 8 1 9 0 13 14 10 2 3 6 7 11 15 4 8 12 5
76 67 9 1 9 13 0 14 10 2 3 6 7 11 15 4 8 12 5
77 69 8 1 9 13 5 14 10 2 3 6 7 11 15 4 8 12 0
66 57 9 1 14 9 4 10 2 3 13 6 7 11 15 0 8 12 5
67 59 8 1 14 9 4 10 2 3 13 6 7 11 15 5 8 12 0
70 61 9 1 14 9 0 10 2 3 13 6 7 11 15 5 8 12 4
70 62 8 1 14 9 13 10 2 3 0 6 7 11 15 5 8 12 4
71 63 8 1 14 9 13 10 2 0 3 6 7 11 15 5 8 12 4
72 64 8 1 14 9 13 10 0 2 3 6 7 11 15 5 8 12 4
73 65 8 1 14 9 13 0 10 2 3 6 7 11 15 5 8 12 4
74 66 8 1 14 9 13 6 10 2 3 0 7 11 15 5 8 12 4
75 67 8 1 14 9 13 6 10 2 3 5 7 11 15 0 8 12 4
75 69 6 1 14 9 13 6 10 2 3 5 7 11 15 4 8 12 0
80 72 8 1 14 9 13 6 10 2 3 5 7 0 15 4 8 12 11
81 73 8 1 14 9 13 6 10 0 3 5 7 2 15 4 8 12 11
81 74 7 1 14 9 13 6 0 10 3 5 7 2 15 4 8 12 11
81 75 6 1 14 9 13 0 6 10 3 5 7 2 15 4 8 12 11
82 76 6 1 14 9 13 5 6 10 3 0 7 2 15 4 8 12 11
84 77 7 1 14 9 13 5 6 10 3 7 0 2 15 4 8 12 11
85 78 7 1 14 9 13 5 6 10 3 7 2 0 15 4 8 12 11
84 77 7 1 14 9 13 5 6 10 3 4 7 2 15 0 8 12 11
85 79 6 1 14 9 13 5 6 10 3 4 7 2 15 11 8 12 0
89 82 7 1 14 9 13 5 6 10 3 4 7 0 15 11 8 12 2
82 75 7 1 0 9 13 6 14 10 3 5 7 2 15 4 8 12 11
84 76 8 1 9 0 13 6 14 10 3 5 7 2 15 4 8 12 11
89 81 8 1 14 9 0 5 6 10 3 4 7 2 15 11 8 12 13
92 84 8 1 14 9 11 5 6 10 3 4 7 2 15 0 8 12 13
93 86 7 1 14 9 11 5 6 10 3 4 7 2 15 13 8 12 0
92 85 7 1 14 9 11 5 6 10 3 0 7 2 15 4 8 12 13
93 86 7 1 14 9 11 0 6 10 3 5 7 2 15 4 8 12 13
95 87 8 1 14 9 11 6 0 10 3 5 7 2 15 4 8 12 13
96 88 8 1 0 9 11 6 14 10 3 5 7 2 15 4 8 12 13
94 86 8 1 14 9 11 5 6 10 3 7 0 2 15 4 8 12 13
95 87 8 1 14 9 11 5 6 10 3 7 2 0 15 4 8 12 13
97 89 8 1 14 9 11 5 6 10 3 4 7 0 15 13 8 12 2
84 76 8 0 1 9 13 6 14 10 3 5 7 2 15 4 8 12 11
86 79 7 11 1 9 13 6 14 10 3 5 7 2 15 4 8 12 0
90 82 8 11 1 9 13 6 14 10 3 5 7 0 15 4 8 12 2
87 79 8 14 1 9 13 6 0 10 3 5 7 2 15 4 8 12 11
87 80 7 14 1 9 13 0 6 10 3 5 7 2 15 4 8 12 11
88 81 7 14 1 9 13 5 6 10 3 0 7 2 15 4 8 12 11
90 82 8 14 1 9 13 5 6 10 3 7 0 2 15 4 8 12 11
91 83 8 14 1 9 13 5 6 10 3 7 2 0 15 4 8 12 11
86 78 8 1 14 9 13 5 0 10 3 7 6 2 15 4 8 12 11
87 79 8 1 14 9 13 0 5 10 3 7 6 2 15 4 8 12 11
88 80 8 1 14 9 13 7 5 10 3 0 6 2 15 4 8 12 11
89 81 8 1 14 9 13 7 5 10 3 6 0 2 15 4 8 12 11
90 82 8 1 14 9 13 7 5 10 3 6 2 0 15 4 8 12 11
90 82 8 1 14 9 13 7 0 10 3 6 5 2 15 4 8 12 11
91 83 8 1 14 9 13 0 7 10 3 6 5 2 15 4 8 12 11
92 84 8 1 14 9 13 6 7 10 3 0 5 2 15 4 8 12 11
91 83 8 1 0 9 13 7 14 10 3 6 5 2 15 4 8 12 11
91 83 8 1 14 9 13 5 6 10 3 4 0 7 15 11 8 12 2
92 84 8 1 14 9 13 5 6 10 3 0 4 7 15 11 8 12 2
93 85 8 1 14 9 13 5 6 10 3 11 4 7 15 0 8 12 2
95 88 7 1 14 9 13 5 6 10 3 11 0 7 15 4 8 12 2
95 89 6 1 14 9 13 5 6 10 3 11 7 0 15 4 8 12 2
97 90 7 1 14 9 13 5 6 10 3 11 7 15 0 4 8 12 2
97 91 6 1 14 9 13 5 6 10 3 11 7 15 2 4 8 12 0
101 94 7 1 14 9 13 5 6 10 3 11 7 0 2 4 8 12 15
102 95 7 1 14 9 13 5 6 10 3 11 7 2 0 4 8 12 15
101 96 5 1 14 9 13 5 6 10 3 11 7 2 15 4 8 12 0
106 99 7 0 14 9 13 5 6 10 3 11 7 2 15 4 8 12 1
107 100 7 14 0 9 13 5 6 10 3 11 7 2 15 4 8 12 1
107 100 7 5 14 9 13 0 6 10 3 11 7 2 15 4 8 12 1
108 101 7 5 14 9 13 11 6 10 3 0 7 2 15 4 8 12 1
94 87 7 1 14 9 13 5 6 10 3 11 4 7 15 2 8 12 0
105 98 7 1 14 9 0 5 6 10 3 11 7 2 15 4 8 12 13
106 99 7 1 14 9 3 5 6 10 0 11 7 2 15 4 8 12 13
104 97 7 1 14 9 13 5 6 10 3 11 7 2 15 4 8 0 12
105 98 7 1 14 9 13 5 6 10 3 11 7 0 15 4 8 2 12
103 96 7 1 14 9 13 5 6 10 0 11 7 2 3 4 8 12 15
97 90 7 1 14 9 13 5 6 0 3 11 7 10 15 4 8 12 2
98 91 7 1 14 9 13 5 6 3 0 11 7 10 15 4 8 12 2
98 91 7 1 14 9 13 5 6 10 0 11 7 15 3 4 8 12 2
96 89 7 1 14 9 13 5 6 10 3 0 11 7 15 4 8 12 2
97 90 7 1 14 9 13 0 6 10 3 5 11 7 15 4 8 12 2
97 90 7 1 14 9 13 5 6 10 3 11 7 12 15 4 8 0 2
97 91 6 1 14 9 13 5 6 10 3 11 7 12 15 4 8 2 0
105 98 7 1 14 9 13 5 6 10 3 11 7 2 15 0 8 12 4
106 99 7 1 14 9 13 5 6 10 3 0 7 2 15 11 8 12 4
107 100 7 1 14 9 13 0 6 10 3 5 7 2 15 11 8 12 4
109 101 8 1 14 9 13 6 0 10 3 5 7 2 15 11 8 12 4
110 102 8 1 0 9 13 6 14 10 3 5 7 2 15 11 8 12 4
91 83 8 1 14 9 13 5 6 10 3 4 7 15 0 11 8 12 2
91 84 7 1 14 9 13 5 6 10 3 4 7 15 2 11 8 12 0
95 87 8 1 14 9 13 5 6 10 3 4 7 0 2 11 8 12 15
94 86 8 1 14 9 13 5 6 10 3 4 7 15 2 0 8 12 11
94 87 7 1 14 9 13 5 6 10 3 0 7 15 2 4 8 12 11
95 88 7 1 14 9 13 0 6 10 3 5 7 15 2 4 8 12 11
97 89 8 1 14 9 13 6 0 10 3 5 7 15 2 4 8 12 11
98 90 8 1 0 9 13 6 14 10 3 5 7 15 2 4 8 12 11
96 88 8 1 14 9 13 5 6 10 3 7 0 15 2 4 8 12 11
97 89 8 1 14 9 13 5 6 10 3 7 15 0 2 4 8 12 11
98 90 8 1 14 9 13 5 6 10 3 7 15 2 0 4 8 12 11
98 91 7 1 14 9 13 5 6 10 3 7 15 2 11 4 8 12 0
102 94 8 1 14 9 13 5 6 10 3 7 15 0 11 4 8 12 2
102 95 7 1 14 9 13 5 6 10 3 7 15 11 0 4 8 12 2
102 96 6 1 14 9 13 5 6 10 3 7 15 11 2 4 8 12 0
103 96 7 1 14 9 13 5 6 10 0 7 15 11 3 4 8 12 2
105 97 8 1 14 9 13 5 6 0 10 7 15 11 3 4 8 12 2
92 84 8 1 14 9 13 5 6 10 0 4 7 15 3 11 8 12 2
107 99 8 0 14 9 13 5 6 10 3 7 15 11 2 4 8 12 1
108 100 8 14 0 9 13 5 6 10 3 7 15 11 2 4 8 12 1
87 79 8 1 0 9 13 5 14 10 3 7 6 2 15 4 8 12 11
97 89 8 1 14 9 13 5 6 10 3 11 8 7 15 4 0 12 2
86 78 8 1 14 9 13 5 6 10 3 4 7 2 15 8 0 12 11
91 83 8 1 14 9 13 5 6 10 3 4 7 12 15 11 8 0 2
91 84 7 1 14 9 13 5 6 10 3 4 7 12 15 11 8 2 0
95 87 8 1 14 9 13 5 6 10 3 4 7 0 15 11 8 2 12
79 71 8 1 14 9 0 6 10 2 3 5 7 11 15 4 8 12 13
82 74 8 1 14 9 2 6 10 0 3 5 7 11 15 4 8 12 13
82 75 7 1 14 9 2 6 0 10 3 5 7 11 15 4 8 12 13
82 76 6 1 14 9 2 0 6 10 3 5 7 11 15 4 8 12 13
83 77 6 1 14 9 2 5 6 10 3 0 7 11 15 4 8 12 13
85 78 7 1 14 9 2 5 6 10 3 7 0 11 15 4 8 12 13
85 78 7 1 14 9 2 5 6 10 3 4 7 11 15 0 8 12 13
86 80 6 1 14 9 2 5 6 10 3 4 7 11 15 13 8 12 0
89 82 7 1 14 9 0 5 6 10 3 4 7 11 15 13 8 12 2
91 85 6 1 14 9 13 5 6 10 3 4 7 11 15 0 8 12 2
92 87 5 1 14 9 13 5 6 10 3 4 7 11 15 2 8 12 0
91 86 5 1 14 9 13 5 6 10 3 0 7 11 15 4 8 12 2
92 87 5 1 14 9 13 0 6 10 3 5 7 11 15 4 8 12 2
94 88 6 1 14 9 13 6 0 10 3 5 7 11 15 4 8 12 2
95 89 6 1 0 9 13 6 14 10 3 5 7 11 15 4 8 12 2
93 87 6 1 14 9 13 5 6 10 3 7 0 11 15 4 8 12 2
95 88 7 1 14 9 13 5 6 10 3 7 11 0 15 4 8 12 2
88 81 7 1 14 9 0 5 6 10 3 4 7 11 15 2 8 12 13
89 82 7 1 14 9 3 5 6 10 0 4 7 11 15 2 8 12 13
95 88 7 1 14 9 13 5 6 10 3 7 8 11 15 4 0 12 2
95 88 7 1 14 9 13 5 0 10 3 7 6 11 15 4 8 12 2
96 89 7 1 14 9 13 0 5 10 3 7 6 11 15 4 8 12 2
97 90 7 1 14 9 13 7 5 10 3 0 6 11 15 4 8 12 2
98 91 7 1 14 9 13 7 5 10 3 6 0 11 15 4 8 12 2
99 92 7 1 14 9 13 7 0 10 3 6 5 11 15 4 8 12 2
100 93 7 1 14 9 13 0 7 10 3 6 5 11 15 4 8 12 2
101 94 7 1 14 9 13 6 7 10 3 0 5 11 15 4 8 12 2
100 93 7 1 0 9 13 7 14 10 3 6 5 11 15 4 8 12 2
96 89 7 1 0 9 13 5 14 10 3 7 6 11 15 4 8 12 2
96 89 7 1 14 9 13 6 7 10 3 5 0 11 15 4 8 12 2
97 90 7 1 14 9 13 5 6 10 3 4 7 0 15 2 8 12 11
97 90 7 0 14 9 13 5 6 10 3 4 7 11 15 2 8 12 1
99 92 7 2 14 9 13 5 6 10 3 4 7 11 15 0 8 12 1
100 94 6 2 14 9 13 5 6 10 3 4 7 11 15 1 8 12 0
99 93 6 2 14 9 13 5 6 10 3 0 7 11 15 4 8 12 1
100 94 6 2 14 9 13 0 6 10 3 5 7 11 15 4 8 12 1
102 95 7 2 14 9 13 6 0 10 3 5 7 11 15 4 8 12 1
103 96 7 2 0 9 13 6 14 10 3 5 7 11 15 4 8 12 1
104 97 7 0 2 9 13 6 14 10 3 5 7 11 15 4 8 12 1
105 100 5 1 2 9 13 6 14 10 3 5 7 11 15 4 8 12 0
110 103 7 1 2 9 13 6 14 10 3 5 7 0 15 4 8 12 11
109 102 7 1 2 9 0 6 14 10 3 5 7 11 15 4 8 12 13
110 103 7 1 2 9 3 6 14 10 0 5 7 11 15 4 8 12 13
109 102 7 1 2 9 13 6 14 10 3 5 7 11 15 0 8 12 4
110 103 7 1 2 9 13 6 14 10 3 0 7 11 15 5 8 12 4
111 104 7 1 2 9 13 0 14 10 3 6 7 11 15 5 8 12 4
112 105 7 1 2 9 13 14 0 10 3 6 7 11 15 5 8 12 4
113 106 7 1 0 9 13 14 2 10 3 6 7 11 15 5 8 12 4
108 101 7 1 2 9 13 6 14 10 3 5 7 11 15 4 8 0 12
101 94 7 2 14 9 13 5 6 10 3 7 0 11 15 4 8 12 1
98 91 7 14 0 9 13 5 6 10 3 4 7 11 15 2 8 12 1
95 88 7 1 14 9 13 5 6 10 3 4 7 11 15 2 8 0 12
97 90 7 1 9 0 13 6 14 10 3 5 7 11 15 4 8 12 2
98 91 7 5 14 9 13 0 6 10 3 4 7 11 15 2 8 12 1
99 92 7 5 14 9 13 4 6 10 3 0 7 11 15 2 8 12 1
100 93 7 5 14 9 13 4 6 10 3 2 7 11 15 0 8 12 1
101 95 6 5 14 9 13 4 6 10 3 2 7 11 15 1 8 12 0
105 98 7 0 14 9 13 4 6 10 3 2 7 11 15 1 8 12 5
106 100 6 1 14 9 13 4 6 10 3 2 7 11 15 0 8 12 5
107 102 5 1 14 9 13 4 6 10 3 2 7 11 15 5 8 12 0
107 101 6 1 14 9 13 4 6 10 3 0 7 11 15 2 8 12 5
108 102 6 1 14 9 13 0 6 10 3 4 7 11 15 2 8 12 5
110 103 7 1 14 9 13 6 0 10 3 4 7 11 15 2 8 12 5
111 104 7 1 0 9 13 6 14 10 3 4 7 11 15 2 8 12 5
110 103 7 1 14 9 13 4 6 10 3 2 0 11 15 7 8 12 5
111 104 7 1 14 9 13 4 6 10 3 0 2 11 15 7 8 12 5
112 105 7 1 14 9 13 4 6 10 3 7 2 11 15 0 8 12 5
113 107 6 1 14 9 13 4 6 10 3 7 2 11 15 5 8 12 0
112 105 7 1 14 9 13 0 6 10 3 4 2 11 15 7 8 12 5
107 100 7 14 2 9 13 6 0 10 3 5 7 11 15 4 8 12 1
107 101 6 14 2 9 13 0 6 10 3 5 7 11 15 4 8 12 1
108 102 6 14 2 9 13 5 6 10 3 0 7 11 15 4 8 12 1
110 103 7 14 2 9 13 5 6 10 3 7 0 11 15 4 8 12 1
110 103 7 14 2 9 13 5 6 10 3 4 7 11 15 0 8 12 1
111 105 6 14 2 9 13 5 6 10 3 4 7 11 15 1 8 12 0
115 108 7 0 2 9 13 5 6 10 3 4 7 11 15 1 8 12 14
116 110 6 1 2 9 13 5 6 10 3 4 7 11 15 0 8 12 14
117 112 5 1 2 9 13 5 6 10 3 4 7 11 15 14 8 12 0
116 111 5 1 2 9 13 5 6 10 3 0 7 11 15 4 8 12 14
117 112 5 1 2 9 13 0 6 10 3 5 7 11 15 4 8 12 14
119 113 6 1 2 9 13 6 0 10 3 5 7 11 15 4 8 12 14
120 114 6 1 0 9 13 6 2 10 3 5 7 11 15 4 8 12 14
118 112 6 1 2 9 13 5 6 10 3 7 0 11 15 4 8 12 14
120 113 7 1 2 9 13 5 6 10 3 7 11 0 15 4 8 12 14
120 113 7 1 2 9 0 5 6 10 3 4 7 11 15 13 8 12 14
121 115 6 1 2 9 14 5 6 10 3 4 7 11 15 13 8 12 0
124 117 7 1 2 9 14 5 6 10 3 4 7 11 15 0 8 12 13
124 118 6 1 2 9 14 5 6 10 3 0 7 11 15 4 8 12 13
125 119 6 1 2 9 14 0 6 10 3 5 7 11 15 4 8 12 13
127 120 7 1 2 9 14 6 0 10 3 5 7 11 15 4 8 12 13
128 121 7 1 0 9 14 6 2 10 3 5 7 11 15 4 8 12 13
126 119 7 1 2 9 14 5 6 10 3 7 0 11 15 4 8 12 13
121 114 7 1 2 9 3 5 6 10 0 4 7 11 15 13 8 12 14
83 76 7 1 0 9 2 6 14 10 3 5 7 11 15 4 8 12 13
95 88 7 1 14 9 13 5 6 10 3 4 7 11 0 2 8 12 15
96 89 7 1 14 9 13 5 6 10 0 4 7 11 3 2 8 12 15
94 87 7 0 14 9 13 5 6 10 3 4 7 11 15 1 8 12 2
95 88 7 14 0 9 13 5 6 10 3 4 7 11 15 1 8 12 2
95 88 7 5 14 9 13 0 6 10 3 4 7 11 15 1 8 12 2
96 89 7 5 14 9 13 4 6 10 3 0 7 11 15 1 8 12 2
97 90 7 5 14 9 13 4 6 10 3 1 7 11 15 0 8 12 2
98 92 6 5 14 9 13 4 6 10 3 1 7 11 15 2 8 12 0
102 95 7 0 14 9 13 4 6 10 3 1 7 11 15 2 8 12 5
104 97 7 2 14 9 13 4 6 10 3 1 7 11 15 0 8 12 5
105 99 6 2 14 9 13 4 6 10 3 1 7 11 15 5 8 12 0
105 98 7 2 14 9 13 4 6 10 3 0 7 11 15 1 8 12 5
106 99 7 2 14 9 13 0 6 10 3 4 7 11 15 1 8 12 5
103 96 7 14 0 9 13 4 6 10 3 1 7 11 15 2 8 12 5
116 109 7 2 0 9 13 5 6 10 3 4 7 11 15 1 8 12 14
112 105 7 0 2 9 13 5 6 10 3 4 7 11 15 14 8 12 1
113 106 7 2 0 9 13 5 6 10 3 4 7 11 15 14 8 12 1
113 106 7 5 2 9 13 0 6 10 3 4 7 11 15 14 8 12 1
114 107 7 5 2 9 13 4 6 10 3 0 7 11 15 14 8 12 1
115 108 7 5 2 9 13 4 6 10 3 14 7 11 15 0 8 12 1
116 110 6 5 2 9 13 4 6 10 3 14 7 11 15 1 8 12 0
120 113 7 0 2 9 13 4 6 10 3 14 7 11 15 1 8 12 5
121 115 6 1 2 9 13 4 6 10 3 14 7 11 15 0 8 12 5
122 117 5 1 2 9 13 4 6 10 3 14 7 11 15 5 8 12 0
122 116 6 1 2 9 13 4 6 10 3 0 7 11 15 14 8 12 5
123 117 6 1 2 9 13 0 6 10 3 4 7 11 15 14 8 12 5
125 118 7 1 2 9 13 6 0 10 3 4 7 11 15 14 8 12 5
126 119 7 1 0 9 13 6 2 10 3 4 7 11 15 14 8 12 5
124 117 7 1 2 9 13 4 6 10 3 7 0 11 15 14 8 12 5
127 120 7 1 2 9 13 4 6 10 3 14 7 0 15 5 8 12 11
126 119 7 1 2 9 0 4 6 10 3 14 7 11 15 5 8 12 13
129 122 7 1 2 9 5 4 6 10 3 14 7 11 15 0 8 12 13
130 124 6 1 2 9 5 4 6 10 3 14 7 11 15 13 8 12 0
130 123 7 1 2 9 5 4 6 10 3 0 7 11 15 14 8 12 13
131 124 7 1 2 9 5 0 6 10 3 4 7 11 15 14 8 12 13
127 120 7 1 2 9 3 4 6 10 0 14 7 11 15 5 8 12 13
125 118 7 1 2 9 13 4 6 10 3 14 7 11 15 5 8 0 12
125 118 7 1 2 9 13 4 6 10 3 14 7 11 0 5 8 12 15
126 119 7 1 2 9 13 4 6 10 0 14 7 11 3 5 8 12 15
125 118 7 1 2 9 13 4 6 10 3 14 0 11 15 7 8 12 5
126 119 7 1 2 9 13 4 6 10 3 0 14 11 15 7 8 12 5
127 120 7 1 2 9 13 4 6 10 3 7 14 11 15 0 8 12 5
128 122 6 1 2 9 13 4 6 10 3 7 14 11 15 5 8 12 0
127 120 7 1 2 9 13 0 6 10 3 4 14 11 15 7 8 12 5
121 114 7 2 0 9 13 4 6 10 3 14 7 11 15 1 8 12 5
123 116 7 1 2 9 13 4 6 10 3 14 7 11 15 8 0 12 5
125 118 7 1 2 9 0 4 6 10 3 14 7 11 15 13 8 12 5
126 119 7 1 2 9 3 4 6 10 0 14 7 11 15 13 8 12 5
121 114 7 4 2 9 13 0 6 10 3 14 7 11 15 1 8 12 5
122 115 7 4 2 9 13 14 6 10 3 0 7 11 15 1 8 12 5
123 116 7 4 2 9 13 14 6 10 3 1 7 11 15 0 8 12 5
124 118 6 0 2 9 13 14 6 10 3 1 7 11 15 4 8 12 5
126 121 5 5 2 9 13 14 6 10 3 1 7 11 15 4 8 12 0
125 119 6 2 0 9 13 14 6 10 3 1 7 11 15 4 8 12 5
125 119 6 14 2 9 13 0 6 10 3 1 7 11 15 4 8 12 5
126 120 6 14 2 9 13 1 6 10 3 0 7 11 15 4 8 12 5
124 118 6 4 2 9 13 14 6 10 3 1 7 11 15 5 8 12 0
128 121 7 0 2 9 13 14 6 10 3 1 7 11 15 5 8 12 4
129 122 7 2 0 9 13 14 6 10 3 1 7 11 15 5 8 12 4
129 122 7 14 2 9 13 0 6 10 3 1 7 11 15 5 8 12 4
130 123 7 14 2 9 13 1 6 10 3 0 7 11 15 5 8 12 4
131 124 7 14 2 9 13 1 6 10 3 5 7 11 15 0 8 12 4
131 126 5 14 2 9 13 1 6 10 3 5 7 11 15 4 8 12 0
135 129 6 0 2 9 13 1 6 10 3 5 7 11 15 4 8 12 14
136 130 6 2 0 9 13 1 6 10 3 5 7 11 15 4 8 12 14
138 131 7 2 9 0 13 1 6 10 3 5 7 11 15 4 8 12 14
138 131 7 2 6 9 13 1 0 10 3 5 7 11 15 4 8 12 14
139 132 7 2 6 9 13 0 1 10 3 5 7 11 15 4 8 12 14
140 133 7 2 6 9 13 5 1 10 3 0 7 11 15 4 8 12 14
128 121 7 14 2 9 13 1 6 10 3 7 0 11 15 4 8 12 5
139 132 7 6 2 9 13 1 0 10 3 5 7 11 15 4 8 12 14
140 133 7 6 2 9 13 0 1 10 3 5 7 11 15 4 8 12 14
141 134 7 6 2 9 13 5 1 10 3 0 7 11 15 4 8 12 14
140 133 7 6 0 9 13 1 2 10 3 5 7 11 15 4 8 12 14
141 134 7 0 6 9 13 1 2 10 3 5 7 11 15 4 8 12 14
143 137 6 14 6 9 13 1 2 10 3 5 7 11 15 4 8 12 0
141 135 6 1 6 9 13 0 2 10 3 5 7 11 15 4 8 12 14
141 136 5 1 6 9 13 2 0 10 3 5 7 11 15 4 8 12 14
141 137 4 1 0 9 13 2 6 10 3 5 7 11 15 4 8 12 14
143 138 5 1 9 0 13 2 6 10 3 5 7 11 15 4 8 12 14
143 138 5 0 1 9 13 2 6 10 3 5 7 11 15 4 8 12 14
145 141 4 14 1 9 13 2 6 10 3 5 7 11 15 4 8 12 0
150 144 6 14 1 9 13 2 6 10 3 5 7 0 15 4 8 12 11
145 139 6 1 9 10 13 2 6 0 3 5 7 11 15 4 8 12 14
146 140 6 1 9 10 13 2 6 3 0 5 7 11 15 4 8 12 14
149 143 6 14 1 9 0 2 6 10 3 5 7 11 15 4 8 12 13
151 145 6 0 1 9 14 2 6 10 3 5 7 11 15 4 8 12 13
153 148 5 13 1 9 14 2 6 10 3 5 7 11 15 4 8 12 0
151 146 5 1 0 9 14 2 6 10 3 5 7 11 15 4 8 12 13
153 147 6 1 9 0 14 2 6 10 3 5 7 11 15 4 8 12 13
154 148 6 1 9 14 0 2 6 10 3 5 7 11 15 4 8 12 13
154 150 4 1 9 14 13 2 6 10 3 5 7 11 15 4 8 12 0
159 153 6 1 9 14 13 2 6 10 3 5 7 0 15 4 8 12 11
159 153 6 0 9 14 13 2 6 10 3 5 7 11 15 4 8 12 1
160 154 6 9 0 14 13 2 6 10 3 5 7 11 15 4 8 12 1
161 155 6 9 14 0 13 2 6 10 3 5 7 11 15 4 8 12 1
158 152 6 1 9 14 13 2 6 10 3 5 7 11 15 0 8 12 4
159 153 6 1 9 14 13 2 6 10 3 0 7 11 15 5 8 12 4
145 139 6 1 9 13 0 2 6 10 3 5 7 11 15 4 8 12 14
146 141 5 1 9 13 14 2 6 10 3 5 7 11 15 4 8 12 0
146 140 6 1 9 13 3 2 6 10 0 5 7 11 15 4 8 12 14
146 140 6 13 1 9 0 2 6 10 3 5 7 11 15 4 8 12 14
147 141 6 13 1 9 3 2 6 10 0 5 7 11 15 4 8 12 14
142 136 6 1 6 9 13 5 2 10 3 0 7 11 15 4 8 12 14
143 137 6 1 6 9 13 2 7 10 3 5 0 11 15 4 8 12 14
144 138 6 1 6 9 13 2 7 10 3 0 5 11 15 4 8 12 14
148 142 6 14 1 9 13 2 6 10 3 5 7 11 15 4 8 0 12
148 142 6 14 1 9 13 2 6 10 3 5 7 11 0 4 8 12 15
149 143 6 14 1 9 13 2 6 10 0 5 7 11 3 4 8 12 15
149 143 6 14 1 9 13 2 6 10 3 5 7 11 15 0 8 12 4
151 145 6 0 1 9 13 2 6 10 3 5 7 11 15 14 8 12 4
153 148 5 4 1 9 13 2 6 10 3 5 7 11 15 14 8 12 0
151 146 5 1 0 9 13 2 6 10 3 5 7 11 15 14 8 12 4
153 147 6 1 9 0 13 2 6 10 3 5 7 11 15 14 8 12 4
153 147 6 1 6 9 13 2 0 10 3 5 7 11 15 14 8 12 4
150 144 6 14 1 9 13 2 6 10 3 0 7 11 15 5 8 12 4
145 139 6 2 1 9 13 0 6 10 3 5 7 11 15 4 8 12 14
146 140 6 2 1 9 13 5 6 10 3 0 7 11 15 4 8 12 14
143 137 6 1 6 9 13 2 10 0 3 5 7 11 15 4 8 12 14
144 138 6 1 6 9 13 2 10 3 0 5 7 11 15 4 8 12 14
146 140 6 4 1 9 13 2 6 10 3 5 7 11 15 0 8 12 14
147 141 6 4 1 9 13 2 6 10 3 0 7 11 15 5 8 12 14
155 149 6 1 9 14 3 2 6 10 0 5 7 11 15 4 8 12 13
147 141 6 6 1 9 13 2 0 10 3 5 7 11 15 4 8 12 14
148 142 6 6 0 9 13 2 1 10 3 5 7 11 15 4 8 12 14
149 143 6 0 6 9 13 2 1 10 3 5 7 11 15 4 8 12 14
151 146 5 14 6 9 13 2 1 10 3 5 7 11 15 4 8 12 0
157 151 6 1 9 14 13 2 6 10 3 5 7 11 15 4 8 0 12
157 151 6 1 9 14 13 2 6 10 3 5 7 11 0 4 8 12 15
158 152 6 1 9 14 13 2 6 10 0 5 7 11 3 4 8 12 15
153 147 6 1 6 9 14 2 0 10 3 5 7 11 15 4 8 12 13
150 144 6 14 1 9 3 2 6 10 0 5 7 11 15 4 8 12 13
152 145 7 14 1 9 3 2 6 0 10 5 7 11 15 4 8 12 13
152 145 7 14 1 9 3 2 6 10 15 5 7 11 0 4 8 12 13
152 146 6 14 1 9 3 2 6 10 15 5 7 11 13 4 8 12 0
156 149 7 0 1 9 3 2 6 10 15 5 7 11 13 4 8 12 14
156 150 6 1 0 9 3 2 6 10 15 5 7 11 13 4 8 12 14
158 151 7 1 9 0 3 2 6 10 15 5 7 11 13 4 8 12 14
159 152 7 1 9 3 0 2 6 10 15 5 7 11 13 4 8 12 14
160 154 6 1 9 3 14 2 6 10 15 5 7 11 13 4 8 12 0
162 155 7 1 9 3 14 2 6 10 15 5 7 11 0 4 8 12 13
162 156 6 1 9 3 14 2 6 10 0 5 7 11 15 4 8 12 13
162 157 5 1 9 3 0 2 6 10 14 5 7 11 15 4 8 12 13
162 159 3 1 9 3 13 2 6 10 14 5 7 11 15 4 8 12 0
167 162 5 1 9 3 13 2 6 10 14 5 7 0 15 4 8 12 11
167 162 5 0 9 3 13 2 6 10 14 5 7 11 15 4 8 12 1
168 163 5 9 0 3 13 2 6 10 14 5 7 11 15 4 8 12 1
169 164 5 9 3 0 13 2 6 10 14 5 7 11 15 4 8 12 1
166 161 5 1 9 3 13 2 6 10 14 5 7 11 15 0 8 12 4
167 162 5 1 9 3 13 2 6 10 14 0 7 11 15 5 8 12 4
163 158 5 1 9 0 3 2 6 10 14 5 7 11 15 4 8 12 13
163 159 4 1 0 9 3 2 6 10 14 5 7 11 15 4 8 12 13
165 160 5 0 1 9 3 2 6 10 14 5 7 11 15 4 8 12 13
167 163 4 13 1 9 3 2 6 10 14 5 7 11 15 4 8 12 0
170 165 5 13 1 9 0 2 6 10 14 5 7 11 15 4 8 12 3
171 167 4 0 1 9 13 2 6 10 14 5 7 11 15 4 8 12 3
173 170 3 3 1 9 13 2 6 10 14 5 7 11 15 4 8 12 0
171 168 3 1 0 9 13 2 6 10 14 5 7 11 15 4 8 12 3
173 169 4 1 9 0 13 2 6 10 14 5 7 11 15 4 8 12 3
173 169 4 1 6 9 13 2 0 10 14 5 7 11 15 4 8 12 3
175 170 5 1 6 9 13 2 10 0 14 5 7 11 15 4 8 12 3
175 170 5 1 6 9 13 0 2 10 14 5 7 11 15 4 8 12 3
176 171 5 1 6 9 13 5 2 10 14 0 7 11 15 4 8 12 3
175 170 5 1 6 9 13 2 7 10 14 5 0 11 15 4 8 12 3
176 171 5 1 6 9 13 2 7 10 14 0 5 11 15 4 8 12 3
175 170 5 1 9 13 0 2 6 10 14 5 7 11 15 4 8 12 3
176 172 4 1 9 13 3 2 6 10 14 5 7 11 15 4 8 12 0
175 170 5 1 9 10 13 2 6 0 14 5 7 11 15 4 8 12 3
165 160 5 1 6 9 3 2 0 10 14 5 7 11 15 4 8 12 13
165 160 5 1 9 3 13 2 6 10 14 5 7 11 15 4 8 0 12
165 160 5 1 9 3 13 2 6 10 14 5 7 11 0 4 8 12 15
178 173 5 3 1 9 13 2 6 10 14 5 7 0 15 4 8 12 11
173 168 5 2 1 9 13 0 6 10 14 5 7 11 15 4 8 12 3
174 169 5 2 1 9 13 5 6 10 14 0 7 11 15 4 8 12 3
175 170 5 6 1 9 13 2 0 10 14 5 7 11 15 4 8 12 3
176 171 5 6 0 9 13 2 1 10 14 5 7 11 15 4 8 12 3
177 172 5 0 6 9 13 2 1 10 14 5 7 11 15 4 8 12 3
179 175 4 3 6 9 13 2 1 10 14 5 7 11 15 4 8 12 0
174 169 5 4 1 9 13 2 6 10 14 5 7 11 15 0 8 12 3
175 171 4 4 1 9 13 2 6 10 14 5 7 11 15 3 8 12 0
179 174 5 0 1 9 13 2 6 10 14 5 7 11 15 3 8 12 4
179 175 4 1 0 9 13 2 6 10 14 5 7 11 15 3 8 12 4
181 176 5 1 9 0 13 2 6 10 14 5 7 11 15 3 8 12 4
181 176 5 1 6 9 13 2 0 10 14 5 7 11 15 3 8 12 4
175 170 5 4 1 9 13 2 6 10 14 0 7 11 15 5 8 12 3
167 162 5 3 1 9 0 2 6 10 14 5 7 11 15 4 8 12 13
176 171 5 3 1 9 13 2 6 10 14 5 7 11 15 4 8 0 12
177 172 5 3 1 9 13 2 6 10 14 5 7 11 15 0 8 12 4
178 173 5 3 1 9 13 2 6 10 14 0 7 11 15 5 8 12 4
176 171 5 3 1 9 13 2 6 10 14 5 7 11 0 4 8 12 15
178 172 6 3 1 9 13 2 6 10 14 5 7 0 11 4 8 12 15
178 172 6 3 1 9 13 2 6 10 0 5 7 11 14 4 8 12 15
169 163 6 1 9 3 13 2 6 0 14 5 7 10 15 4 8 12 11
170 164 6 1 9 0 13 2 6 3 14 5 7 10 15 4 8 12 11
170 165 5 1 0 9 13 2 6 3 14 5 7 10 15 4 8 12 11
172 166 6 0 1 9 13 2 6 3 14 5 7 10 15 4 8 12 11
174 169 5 11 1 9 13 2 6 3 14 5 7 10 15 4 8 12 0
178 172 6 11 1 9 13 2 6 3 14 5 7 0 15 4 8 12 10
179 173 6 11 1 9 13 2 6 0 14 5 7 3 15 4 8 12 10
172 166 6 1 6 9 13 2 0 3 14 5 7 10 15 4 8 12 11
173 167 6 1 6 9 13 2 3 0 14 5 7 10 15 4 8 12 11
173 168 5 1 6 9 13 2 3 10 14 5 7 0 15 4 8 12 11
175 169 6 1 6 9 13 2 3 10 14 5 7 15 0 4 8 12 11
175 170 5 1 6 9 13 2 3 10 14 5 7 15 11 4 8 12 0
179 173 6 1 6 9 13 2 3 10 14 5 7 0 11 4 8 12 15
179 174 5 1 6 9 13 2 3 10 14 5 7 11 0 4 8 12 15
178 175 3 1 6 9 13 2 3 10 14 5 7 11 15 4 8 12 0
183 178 5 0 6 9 13 2 3 10 14 5 7 11 15 4 8 12 1
186 181 5 3 6 9 13 2 0 10 14 5 7 11 15 4 8 12 1
186 182 4 3 0 9 13 2 6 10 14 5 7 11 15 4 8 12 1
187 183 4 0 3 9 13 2 6 10 14 5 7 11 15 4 8 12 1
188 186 2 1 3 9 13 2 6 10 14 5 7 11 15 4 8 12 0
193 189 4 1 3 9 13 2 6 10 14 5 7 0 15 4 8 12 11
192 188 4 1 3 9 0 2 6 10 14 5 7 11 15 4 8 12 13
192 188 4 1 3 9 13 2 6 10 14 5 7 11 15 0 8 12 4
193 189 4 1 3 9 13 2 6 10 14 0 7 11 15 5 8 12 4
191 187 4 1 3 9 13 2 6 10 14 5 7 11 15 4 8 0 12
191 187 4 1 3 9 13 2 6 10 14 5 7 11 0 4 8 12 15
193 188 5 1 3 9 13 2 6 10 14 5 7 0 11 4 8 12 15
196 191 5 1 3 9 4 2 6 10 14 5 7 11 15 0 8 12 13
197 193 4 1 3 9 4 2 6 10 14 5 7 11 15 13 8 12 0
197 192 5 1 3 9 4 2 6 10 14 0 7 11 15 5 8 12 13
193 188 5 1 3 9 13 2 6 10 0 5 7 11 14 4 8 12 15
193 188 5 1 3 9 13 2 6 10 14 5 7 11 15 4 0 8 12
193 188 5 1 3 9 13 2 6 10 14 5 7 0 15 4 8 11 12
182 177 5 1 6 9 0 2 3 10 14 5 7 11 15 4 8 12 13
189 184 5 2 3 9 13 0 6 10 14 5 7 11 15 4 8 12 1
190 185 5 2 3 9 13 5 6 10 14 0 7 11 15 4 8 12 1
188 183 5 3 9 0 13 2 6 10 14 5 7 11 15 4 8 12 1
194 189 5 1 3 0 9 2 6 10 14 5 7 11 15 4 8 12 13
195 190 5 1 0 3 9 2 6 10 14 5 7 11 15 4 8 12 13
190 185 5 4 3 9 13 2 6 10 14 5 7 11 15 0 8 12 1
191 187 4 4 3 9 13 2 6 10 14 5 7 11 15 1 8 12 0
191 186 5 4 3 9 13 2 6 10 14 0 7 11 15 5 8 12 1
195 190 5 1 3 9 13 2 6 0 14 5 7 10 15 4 8 12 11
184 179 5 6 0 9 13 2 3 10 14 5 7 11 15 4 8 12 1
182 177 5 1 6 9 13 2 3 10 14 5 7 11 15 0 8 12 4
183 178 5 1 6 9 13 2 3 10 14 0 7 11 15 5 8 12 4
195 190 5 1 3 9 13 2 6 10 14 5 7 15 0 4 8 12 11
195 191 4 1 3 9 13 2 6 10 14 5 7 15 11 4 8 12 0
194 189 5 1 3 9 14 2 6 10 0 5 7 11 15 4 8 12 13
190 185 5 13 3 9 0 2 6 10 14 5 7 11 15 4 8 12 1
191 187 4 13 3 9 1 2 6 10 14 5 7 11 15 4 8 12 0
195 190 5 0 3 9 13 2 6 10 14 5 7 11 15 1 8 12 4
196 191 5 3 0 9 13 2 6 10 14 5 7 11 15 1 8 12 4
196 191 5 1 3 9 10 2 6 0 14 5 7 11 15 4 8 12 13
196 191 5 1 3 9 13 2 6 10 14 5 0 11 15 7 8 12 4
197 192 5 1 3 9 13 2 6 10 14 0 5 11 15 7 8 12 4
198 193 5 1 3 9 13 2 6 10 14 7 5 11 15 0 8 12 4
198 195 3 1 3 9 13 2 6 10 14 7 5 11 15 4 8 12 0
203 198 5 1 3 9 13 2 6 10 14 7 5 0 15 4 8 12 11
204 199 5 1 3 9 13 2 6 10 14 7 0 5 15 4 8 12 11
204 200 4 1 3 9 13 2 6 10 14 0 7 5 15 4 8 12 11
206 201 5 1 3 9 13 2 6 10 14 4 7 5 15 0 8 12 11
207 203 4 1 3 9 13 2 6 10 14 4 7 5 15 11 8 12 0
211 206 5 1 3 9 13 2 6 10 14 4 7 0 15 11 8 12 5
195 190 5 1 3 9 13 2 6 10 14 5 0 7 15 4 8 12 11
196 191 5 1 3 9 13 2 6 10 14 0 5 7 15 4 8 12 11
206 201 5 1 3 9 13 0 6 10 14 2 7 5 15 4 8 12 11
203 198 5 0 3 9 13 2 6 10 14 7 5 11 15 4 8 12 1
204 199 5 3 0 9 13 2 6 10 14 7 5 11 15 4 8 12 1
202 197 5 1 3 9 0 2 6 10 14 7 5 11 15 4 8 12 13
201 196 5 1 3 9 13 2 6 10 14 7 5 11 15 4 8 0 12
185 180 5 6 3 9 13 2 0 10 14 5 7 11 15 4 8 12 1
195 190 5 0 3 9 1 2 6 10 14 5 7 11 15 4 8 12 13
196 191 5 3 0 9 1 2 6 10 14 5 7 11 15 4 8 12 13
196 191 5 1 3 9 0 2 6 10 14 5 7 11 15 13 8 12 4
194 189 5 1 3 9 13 2 6 10 14 5 7 11 15 8 0 12 4
195 190 5 1 3 9 13 2 6 10 14 7 0 11 15 5 8 12 4
201 196 5 1 3 9 13 2 6 10 14 7 5 11 0 4 8 12 15
195 190 5 1 3 9 13 0 6 10 14 2 7 11 15 5 8 12 4
181 176 5 1 6 9 13 2 3 10 14 5 7 11 15 4 8 0 12
195 190 5 1 3 9 13 2 6 10 14 5 7 12 15 4 8 0 11
195 191 4 1 3 9 13 2 6 10 14 5 7 12 15 4 8 11 0
200 194 6 0 3 9 13 2 6 10 14 5 7 12 15 4 8 11 1
201 195 6 3 0 9 13 2 6 10 14 5 7 12 15 4 8 11 1
172 166 6 13 1 9 3 2 6 10 14 5 7 0 15 4 8 12 11
170 164 6 1 9 3 0 2 6 10 14 5 7 11 15 13 8 12 4
171 166 5 1 9 3 4 2 6 10 14 5 7 11 15 13 8 12 0
167 161 6 2 1 9 3 0 6 10 14 5 7 11 15 4 8 12 13
168 162 6 2 1 9 3 5 6 10 14 0 7 11 15 4 8 12 13
170 164 6 13 1 9 3 2 6 10 14 5 7 11 0 4 8 12 15
169 163 6 6 1 9 3 2 0 10 14 5 7 11 15 4 8 12 13
170 164 6 6 0 9 3 2 1 10 14 5 7 11 15 4 8 12 13
171 165 6 0 6 9 3 2 1 10 14 5 7 11 15 4 8 12 13
173 168 5 13 6 9 3 2 1 10 14 5 7 11 15 4 8 12 0
172 166 6 13 1 9 14 2 6 10 0 5 7 11 15 4 8 12 3
174 168 6 13 1 9 4 2 6 10 14 5 7 11 15 0 8 12 3
175 170 5 13 1 9 4 2 6 10 14 5 7 11 15 3 8 12 0
179 173 6 0 1 9 4 2 6 10 14 5 7 11 15 3 8 12 13
179 174 5 1 0 9 4 2 6 10 14 5 7 11 15 3 8 12 13
181 175 6 1 9 0 4 2 6 10 14 5 7 11 15 3 8 12 13
182 176 6 1 9 4 0 2 6 10 14 5 7 11 15 3 8 12 13
182 178 4 1 9 4 13 2 6 10 14 5 7 11 15 3 8 12 0
185 180 5 1 9 4 13 2 6 10 14 5 7 11 15 0 8 12 3
186 181 5 1 9 4 13 2 6 10 14 0 7 11 15 5 8 12 3
188 182 6 1 9 4 13 2 6 10 14 7 0 11 15 5 8 12 3
185 179 6 1 9 4 13 2 6 10 14 5 7 11 15 3 8 0 12
178 172 6 0 9 13 1 2 6 10 14 5 7 11 15 4 8 12 3
180 175 5 3 9 13 1 2 6 10 14 5 7 11 15 4 8 12 0
177 171 6 1 9 13 14 2 6 10 0 5 7 11 15 4 8 12 3
178 172 6 1 6 9 13 0 7 10 14 2 5 11 15 4 8 12 3
179 173 6 1 6 9 13 7 0 10 14 2 5 11 15 4 8 12 3
179 174 5 1 0 9 13 7 6 10 14 2 5 11 15 4 8 12 3
181 175 6 1 9 0 13 7 6 10 14 2 5 11 15 4 8 12 3
189 183 6 1 9 4 13 2 6 10 14 5 0 11 15 7 8 12 3
190 184 6 1 9 4 13 2 6 10 14 0 5 11 15 7 8 12 3
191 185 6 1 9 4 13 2 6 10 14 7 5 11 15 0 8 12 3
192 187 5 1 9 4 13 2 6 10 14 7 5 11 15 3 8 12 0
177 171 6 6 1 9 13 0 2 10 14 5 7 11 15 4 8 12 3
178 172 6 6 1 9 13 5 2 10 14 0 7 11 15 4 8 12 3
181 175 6 0 9 13 3 2 6 10 14 5 7 11 15 4 8 12 1
182 176 6 9 0 13 3 2 6 10 14 5 7 11 15 4 8 12 1
183 177 6 9 13 0 3 2 6 10 14 5 7 11 15 4 8 12 1
184 178 6 9 13 3 0 2 6 10 14 5 7 11 15 4 8 12 1
185 180 5 9 13 3 1 2 6 10 14 5 7 11 15 4 8 12 0
189 183 6 0 13 3 1 2 6 10 14 5 7 11 15 4 8 12 9
190 185 5 1 13 3 0 2 6 10 14 5 7 11 15 4 8 12 9
191 187 4 1 13 3 9 2 6 10 14 5 7 11 15 4 8 12 0
191 186 5 1 13 0 3 2 6 10 14 5 7 11 15 4 8 12 9
192 187 5 1 0 13 3 2 6 10 14 5 7 11 15 4 8 12 9
194 188 6 0 1 13 3 2 6 10 14 5 7 11 15 4 8 12 9
196 191 5 9 1 13 3 2 6 10 14 5 7 11 15 4 8 12 0
199 193 6 9 1 13 0 2 6 10 14 5 7 11 15 4 8 12 3
199 194 5 9 1 0 13 2 6 10 14 5 7 11 15 4 8 12 3
200 195 5 9 0 1 13 2 6 10 14 5 7 11 15 4 8 12 3
201 196 5 0 9 1 13 2 6 10 14 5 7 11 15 4 8 12 3
203 199 4 3 9 1 13 2 6 10 14 5 7 11 15 4 8 12 0
208 202 6 3 9 1 13 2 6 10 14 5 7 0 15 4 8 12 11
176 170 6 2 1 9 13 5 6 10 14 7 0 11 15 4 8 12 3
176 170 6 2 1 9 13 5 6 10 14 4 7 11 15 0 8 12 3
177 172 5 2 1 9 13 5 6 10 14 4 7 11 15 3 8 12 0
181 175 6 0 1 9 13 5 6 10 14 4 7 11 15 3 8 12 2
181 176 5 1 0 9 13 5 6 10 14 4 7 11 15 3 8 12 2
183 177 6 1 9 0 13 5 6 10 14 4 7 11 15 3 8 12 2
179 173 6 2 6 9 13 0 1 10 14 5 7 11 15 4 8 12 3
180 174 6 2 6 9 13 1 0 10 14 5 7 11 15 4 8 12 3
180 175 5 2 0 9 13 1 6 10 14 5 7 11 15 4 8 12 3
181 176 5 0 2 9 13 1 6 10 14 5 7 11 15 4 8 12 3
183 179 4 3 2 9 13 1 6 10 14 5 7 11 15 4 8 12 0
181 177 4 1 2 9 13 0 6 10 14 5 7 11 15 4 8 12 3
182 178 4 1 2 9 13 5 6 10 14 0 7 11 15 4 8 12 3
184 179 5 1 2 9 13 5 6 10 14 7 0 11 15 4 8 12 3
184 179 5 1 2 9 13 5 6 10 14 4 7 11 15 0 8 12 3
185 181 4 1 2 9 13 5 6 10 14 4 7 11 15 3 8 12 0
183 178 5 1 2 9 13 6 0 10 14 5 7 11 15 4 8 12 3
184 179 5 1 0 9 13 6 2 10 14 5 7 11 15 4 8 12 3
186 180 6 1 9 0 13 6 2 10 14 5 7 11 15 4 8 12 3
173 167 6 3 6 9 0 2 1 10 14 5 7 11 15 4 8 12 13
182 176 6 3 6 9 13 2 1 10 14 5 7 11 15 4 8 0 12
178 172 6 4 1 9 13 2 6 10 14 5 7 11 0 3 8 12 15
178 172 6 4 1 9 0 2 6 10 14 5 7 11 15 13 8 12 3
179 174 5 4 1 9 3 2 6 10 14 5 7 11 15 13 8 12 0
183 177 6 0 1 9 3 2 6 10 14 5 7 11 15 13 8 12 4
183 178 5 1 0 9 3 2 6 10 14 5 7 11 15 13 8 12 4
185 179 6 1 6 9 3 2 0 10 14 5 7 11 15 13 8 12 4
183 177 6 1 6 9 13 0 2 10 14 5 7 11 15 3 8 12 4
184 178 6 1 6 9 13 5 2 10 14 0 7 11 15 3 8 12 4
184 179 5 1 6 9 13 5 2 10 14 3 7 11 15 0 8 12 4
184 181 3 1 6 9 13 5 2 10 14 3 7 11 15 4 8 12 0
189 184 5 1 6 9 13 5 2 10 14 3 7 0 15 4 8 12 11
189 184 5 0 6 9 13 5 2 10 14 3 7 11 15 4 8 12 1
192 187 5 2 6 9 13 5 0 10 14 3 7 11 15 4 8 12 1
192 188 4 2 0 9 13 5 6 10 14 3 7 11 15 4 8 12 1
193 189 4 0 2 9 13 5 6 10 14 3 7 11 15 4 8 12 1
194 192 2 1 2 9 13 5 6 10 14 3 7 11 15 4 8 12 0
199 195 4 1 2 9 13 5 6 10 14 3 7 0 15 4 8 12 11
198 194 4 1 2 9 0 5 6 10 14 3 7 11 15 4 8 12 13
198 194 4 1 2 9 13 5 6 10 14 3 7 11 15 0 8 12 4
197 193 4 1 2 9 13 5 6 10 14 3 7 11 15 4 8 0 12
197 193 4 1 2 9 13 5 6 10 14 3 7 11 0 4 8 12 15
194 190 4 5 2 9 13 0 6 10 14 3 7 11 15 4 8 12 1
196 191 5 5 2 9 13 6 0 10 14 3 7 11 15 4 8 12 1
197 192 5 5 0 9 13 6 2 10 14 3 7 11 15 4 8 12 1
197 193 4 0 5 9 13 6 2 10 14 3 7 11 15 4 8 12 1
198 196 2 1 5 9 13 6 2 10 14 3 7 11 15 4 8 12 0
203 199 4 1 5 9 13 6 2 10 14 3 7 0 15 4 8 12 11
202 198 4 1 5 9 0 6 2 10 14 3 7 11 15 4 8 12 13
202 198 4 1 5 9 13 6 2 10 14 3 7 11 15 0 8 12 4
201 197 4 1 5 9 13 6 2 10 14 3 7 11 15 4 8 0 12
201 197 4 1 5 9 13 6 2 10 14 3 7 11 0 4 8 12 15
200 196 4 2 5 9 13 6 0 10 14 3 7 11 15 4 8 12 1
200 197 3 2 5 9 13 0 6 10 14 3 7 11 15 4 8 12 1
202 198 4 2 5 9 13 3 6 10 14 0 7 11 15 4 8 12 1
198 194 4 6 5 9 13 0 2 10 14 3 7 11 15 4 8 12 1
198 195 3 6 5 9 13 2 0 10 14 3 7 11 15 4 8 12 1
200 196 4 6 5 9 13 2 10 0 14 3 7 11 15 4 8 12 1
200 196 4 6 5 9 13 2 7 10 14 3 0 11 15 4 8 12 1
200 196 4 6 0 9 13 2 5 10 14 3 7 11 15 4 8 12 1
201 197 4 0 6 9 13 2 5 10 14 3 7 11 15 4 8 12 1
202 200 2 1 6 9 13 2 5 10 14 3 7 11 15 4 8 12 0
207 203 4 1 6 9 13 2 5 10 14 3 7 0 15 4 8 12 11
206 202 4 1 6 9 0 2 5 10 14 3 7 11 15 4 8 12 13
206 202 4 1 6 9 13 2 5 10 14 3 7 11 15 0 8 12 4
205 201 4 1 6 9 13 2 5 10 14 3 7 11 15 4 8 0 12
205 201 4 1 6 9 13 2 5 10 14 3 7 11 0 4 8 12 15
204 200 4 5 6 9 13 2 0 10 14 3 7 11 15 4 8 12 1
204 201 3 5 0 9 13 2 6 10 14 3 7 11 15 4 8 12 1
204 202 2 0 5 9 13 2 6 10 14 3 7 11 15 4 8 12 1
205 205 0 1 5 9 13 2 6 10 14 3 7 11 15 4 8 12 0
