0 0 0 10 15 12 5 0 14 2 7 9 8 3 11 4 13 6 1
16 1 15 10 15 12 5 14 0 2 7 9 8 3 11 4 13 6 1
17 2 15 10 15 12 5 14 2 0 7 9 8 3 11 4 13 6 1
17 3 14 10 15 12 5 14 2 7 0 9 8 3 11 4 13 6 1
18 4 14 10 15 12 5 14 2 7 11 9 8 3 0 4 13 6 1
18 5 13 10 15 12 5 14 2 7 11 9 8 3 1 4 13 6 0
22 8 14 10 15 12 5 14 2 7 11 9 8 0 1 4 13 6 3
23 9 14 10 15 12 5 14 2 7 11 9 8 1 0 4 13 6 3
23 10 13 10 15 12 5 14 2 7 11 9 8 1 3 4 13 6 0
27 13 14 0 15 12 5 14 2 7 11 9 8 1 3 4 13 6 10
30 16 14 2 15 12 5 14 0 7 11 9 8 1 3 4 13 6 10
31 17 14 2 15 12 5 0 14 7 11 9 8 1 3 4 13 6 10
28 14 14 14 15 12 5 0 2 7 11 9 8 1 3 4 13 6 10
29 15 14 14 15 12 5 2 0 7 11 9 8 1 3 4 13 6 10
30 16 14 14 15 12 5 2 7 0 11 9 8 1 3 4 13 6 10
31 17 14 14 15 12 5 2 7 11 0 9 8 1 3 4 13 6 10
32 18 14 14 15 12 5 2 7 11 3 9 8 1 0 4 13 6 10
32 19 13 14 15 12 5 2 7 11 3 9 8 1 10 4 13 6 0
36 22 14 14 15 12 5 2 7 11 3 9 8 0 10 4 13 6 1
36 23 13 14 15 12 5 2 7 0 3 9 8 11 10 4 13 6 1
37 24 13 14 15 12 5 2 7 3 0 9 8 11 10 4 13 6 1
38 25 13 14 15 12 5 2 7 3 10 9 8 11 0 4 13 6 1
38 26 12 14 15 12 5 2 7 3 10 9 8 11 1 4 13 6 0
42 29 13 0 15 12 5 2 7 3 10 9 8 11 1 4 13 6 14
45 32 13 7 15 12 5 2 0 3 10 9 8 11 1 4 13 6 14
46 33 13 7 15 12 5 2 3 0 10 9 8 11 1 4 13 6 14
46 34 12 7 15 12 5 2 3 10 0 9 8 11 1 4 13 6 14
47 35 12 7 15 12 5 2 3 10 1 9 8 11 0 4 13 6 14
47 36 11 7 15 12 5 2 3 10 1 9 8 11 14 4 13 6 0
51 39 12 0 15 12 5 2 3 10 1 9 8 11 14 4 13 6 7
54 42 12 3 15 12 5 2 0 10 1 9 8 11 14 4 13 6 7
55 43 12 3 15 12 5 2 8 10 1 9 0 11 14 4 13 6 7
56 44 12 3 15 12 5 2 8 10 1 0 9 11 14 4 13 6 7
56 44 12 3 15 12 5 2 8 10 1 9 13 11 14 4 0 6 7
57 45 12 3 15 12 5 2 8 10 1 9 13 11 14 4 6 0 7
57 46 11 3 15 12 5 2 8 10 1 9 13 11 14 4 6 7 0
61 49 12 0 15 12 5 2 8 10 1 9 13 11 14 4 6 7 3
64 52 12 8 15 12 5 2 0 10 1 9 13 11 14 4 6 7 3
65 53 12 8 15 12 5 2 13 10 1 9 0 11 14 4 6 7 3
66 54 12 8 15 12 5 2 13 10 1 0 9 11 14 4 6 7 3
66 54 12 8 15 12 5 2 13 10 1 9 6 11 14 4 0 7 3
67 55 12 8 15 12 5 2 13 10 1 9 6 11 14 4 7 0 3
67 56 11 8 15 12 5 2 13 10 1 9 6 11 14 4 7 3 0
71 59 12 0 15 12 5 2 13 10 1 9 6 11 14 4 7 3 8
74 62 12 13 15 12 5 2 0 10 1 9 6 11 14 4 7 3 8
74 63 11 13 15 12 5 2 6 10 1 9 0 11 14 4 7 3 8
74 64 10 13 15 12 5 2 6 10 1 9 7 11 14 4 0 3 8
75 65 10 13 15 12 5 2 6 10 1 9 7 11 14 4 3 0 8
75 66 9 13 15 12 5 2 6 10 1 9 7 11 14 4 3 8 0
79 69 10 0 15 12 5 2 6 10 1 9 7 11 14 4 3 8 13
81 71 10 5 15 12 0 2 6 10 1 9 7 11 14 4 3 8 13
81 73 8 5 15 12 13 2 6 10 1 9 7 11 14 4 3 8 0
85 76 9 0 15 12 13 2 6 10 1 9 7 11 14 4 3 8 5
86 77 9 15 0 12 13 2 6 10 1 9 7 11 14 4 3 8 5
87 78 9 15 12 0 13 2 6 10 1 9 7 11 14 4 3 8 5
83 74 9 5 15 12 13 2 6 10 1 9 7 11 14 4 3 0 8
84 75 9 5 15 12 13 2 6 10 1 9 7 11 14 4 0 3 8
83 74 9 5 15 12 13 2 6 10 1 9 7 11 0 4 3 8 14
84 75 9 5 15 12 13 2 6 10 0 9 7 11 1 4 3 8 14
86 76 10 5 15 12 13 2 6 0 10 9 7 11 1 4 3 8 14
87 77 10 5 15 0 13 2 6 12 10 9 7 11 1 4 3 8 14
88 78 10 5 0 15 13 2 6 12 10 9 7 11 1 4 3 8 14
88 79 9 0 5 15 13 2 6 12 10 9 7 11 1 4 3 8 14
90 82 8 14 5 15 13 2 6 12 10 9 7 11 1 4 3 8 0
92 83 9 14 5 15 13 2 6 12 10 9 7 11 1 4 3 0 8
93 84 9 14 5 15 13 2 6 12 10 9 7 11 1 4 0 3 8
92 83 9 14 5 15 13 2 6 12 10 9 7 11 0 4 3 8 1
93 84 9 14 5 15 13 2 6 12 0 9 7 11 10 4 3 8 1
94 85 9 14 5 15 13 2 6 0 12 9 7 11 10 4 3 8 1
95 86 9 14 5 0 13 2 6 15 12 9 7 11 10 4 3 8 1
97 87 10 14 5 13 0 2 6 15 12 9 7 11 10 4 3 8 1
98 89 9 14 5 13 1 2 6 15 12 9 7 11 10 4 3 8 0
102 92 10 0 5 13 1 2 6 15 12 9 7 11 10 4 3 8 14
103 94 9 1 5 13 0 2 6 15 12 9 7 11 10 4 3 8 14
104 96 8 1 5 13 14 2 6 15 12 9 7 11 10 4 3 8 0
103 95 8 1 5 0 13 2 6 15 12 9 7 11 10 4 3 8 14
104 96 8 1 5 15 13 2 6 0 12 9 7 11 10 4 3 8 14
105 97 8 1 5 15 13 2 6 12 0 9 7 11 10 4 3 8 14
106 98 8 1 5 15 13 2 6 12 10 9 7 11 0 4 3 8 14
106 99 7 1 5 15 13 2 6 12 10 9 7 11 14 4 3 8 0
108 100 8 1 5 15 13 2 6 12 10 9 7 11 14 4 3 0 8
109 101 8 1 5 15 13 2 6 12 10 9 7 11 14 4 0 3 8
111 102 9 1 5 15 13 2 6 12 10 9 7 11 14 0 4 3 8
112 104 8 1 5 15 13 2 6 12 10 9 7 11 14 8 4 3 0
114 105 9 1 5 15 13 2 6 12 10 9 7 11 14 8 4 0 3
115 106 9 1 5 15 13 2 6 12 10 9 7 11 14 8 0 4 3
115 107 8 1 5 15 13 2 6 12 10 9 7 11 14 0 8 4 3
116 109 7 1 5 15 13 2 6 12 10 9 7 11 14 3 8 4 0
118 110 8 1 5 15 13 2 6 12 10 9 7 11 14 3 8 0 4
118 110 8 1 5 15 13 2 6 12 10 9 7 11 0 3 8 4 14
119 111 8 1 5 15 13 2 6 12 0 9 7 11 10 3 8 4 14
120 112 8 1 5 15 13 2 6 0 12 9 7 11 10 3 8 4 14
121 113 8 1 5 0 13 2 6 15 12 9 7 11 10 3 8 4 14
116 108 8 1 5 15 13 2 6 12 10 0 7 11 14 9 8 4 3
118 109 9 1 5 15 13 2 6 12 10 7 0 11 14 9 8 4 3
122 113 9 1 5 15 13 2 6 11 12 9 7 0 10 3 8 4 14
123 114 9 1 5 15 13 2 6 11 12 9 7 10 0 3 8 4 14
123 115 8 1 5 15 13 2 6 11 12 9 7 10 14 3 8 4 0
127 118 9 1 5 15 13 2 6 11 12 9 7 0 14 3 8 4 10
127 119 8 1 5 15 13 2 6 0 12 9 7 11 14 3 8 4 10
128 120 8 1 5 15 13 2 6 12 0 9 7 11 14 3 8 4 10
128 121 7 1 5 15 13 2 6 12 14 9 7 11 0 3 8 4 10
128 122 6 1 5 15 13 2 6 12 14 9 7 11 10 3 8 4 0
131 124 7 1 5 15 13 2 6 12 14 9 7 11 10 0 8 4 3
132 125 7 1 5 15 13 2 6 12 14 0 7 11 10 9 8 4 3
130 123 7 1 5 15 13 2 6 12 14 9 7 11 10 3 8 0 4
132 124 8 1 5 15 13 2 6 12 14 9 7 11 10 3 0 8 4
133 125 8 1 5 15 13 2 6 12 14 9 7 11 10 0 3 8 4
133 127 6 1 5 15 13 2 6 12 14 9 7 11 10 4 3 8 0
135 128 7 1 5 15 13 2 6 12 14 9 7 11 10 4 3 0 8
136 129 7 1 5 15 13 2 6 12 14 9 7 11 10 4 0 3 8
135 128 7 1 5 15 13 2 6 12 14 9 7 11 0 4 3 8 10
137 129 8 1 5 15 13 2 6 12 14 9 7 0 11 4 3 8 10
138 130 8 1 5 15 13 2 6 12 14 9 7 8 11 4 3 0 10
138 131 7 1 5 15 13 2 6 12 14 9 7 8 11 4 3 10 0
142 134 8 1 5 15 13 2 6 12 14 9 7 0 11 4 3 10 8
142 135 7 1 5 15 13 2 6 12 14 9 7 11 0 4 3 10 8
142 136 6 1 5 15 13 2 6 12 14 9 7 11 8 4 3 10 0
144 137 7 1 5 15 13 2 6 12 14 9 7 11 8 4 3 0 10
145 138 7 1 5 15 13 2 6 12 14 9 7 11 8 4 0 3 10
147 139 8 1 5 15 13 2 6 12 14 9 7 11 8 0 4 3 10
148 141 7 1 5 15 13 2 6 12 14 9 7 11 8 10 4 3 0
150 142 8 1 5 15 13 2 6 12 14 9 7 11 8 10 4 0 3
151 143 8 1 5 15 13 2 6 12 14 9 7 11 8 10 0 4 3
152 144 8 1 5 15 13 2 6 12 14 9 7 11 8 0 10 4 3
153 146 7 1 5 15 13 2 6 12 14 9 7 11 8 3 10 4 0
155 147 8 1 5 15 13 2 6 12 14 9 7 11 8 3 10 0 4
156 148 8 1 5 15 13 2 6 12 14 9 7 11 8 3 0 10 4
155 147 8 1 5 15 13 2 6 12 14 9 7 11 0 3 10 4 8
153 145 8 1 5 15 13 2 6 12 14 0 7 11 8 9 10 4 3
150 142 8 1 5 15 13 2 6 12 14 9 7 11 0 10 4 3 8
146 138 8 1 5 15 0 2 6 12 14 9 7 11 8 4 3 10 13
149 141 8 1 5 15 12 2 6 0 14 9 7 11 8 4 3 10 13
150 142 8 1 5 0 12 2 6 15 14 9 7 11 8 4 3 10 13
151 143 8 1 5 12 0 2 6 15 14 9 7 11 8 4 3 10 13
151 145 6 1 5 12 13 2 6 15 14 9 7 11 8 4 3 10 0
153 146 7 1 5 12 13 2 6 15 14 9 7 11 8 4 3 0 10
154 147 7 1 5 12 13 2 6 15 14 9 7 11 8 4 0 3 10
153 146 7 1 5 12 13 2 6 15 14 9 7 11 0 4 3 10 8
155 147 8 1 5 12 13 2 6 15 14 9 7 0 11 4 3 10 8
156 148 8 1 5 12 13 2 6 15 14 9 7 10 11 4 3 0 8
156 149 7 1 5 12 13 2 6 15 14 9 7 10 11 4 3 8 0
160 152 8 1 5 12 13 2 6 15 14 9 7 0 11 4 3 8 10
160 153 7 1 5 12 13 2 6 15 14 9 7 11 0 4 3 8 10
160 154 6 1 5 12 13 2 6 15 14 9 7 11 10 4 3 8 0
162 155 7 1 5 12 13 2 6 15 14 9 7 11 10 4 3 0 8
163 156 7 1 5 12 13 2 6 15 14 9 7 11 10 4 0 3 8
165 157 8 1 5 12 13 2 6 15 14 9 7 11 10 0 4 3 8
166 159 7 1 5 12 13 2 6 15 14 9 7 11 10 8 4 3 0
168 160 8 1 5 12 13 2 6 15 14 9 7 11 10 8 4 0 3
169 161 8 1 5 12 13 2 6 15 14 9 7 11 10 8 0 4 3
169 162 7 1 5 12 13 2 6 15 14 9 7 11 10 0 8 4 3
170 164 6 1 5 12 13 2 6 15 14 9 7 11 10 3 8 4 0
172 165 7 1 5 12 13 2 6 15 14 9 7 11 10 3 8 0 4
172 165 7 1 5 12 13 2 6 15 14 9 7 11 0 3 8 4 10
170 163 7 1 5 12 13 2 6 15 14 0 7 11 10 9 8 4 3
172 164 8 1 5 12 13 2 6 15 14 7 0 11 10 9 8 4 3
175 167 8 1 5 12 13 2 6 15 14 9 7 0 10 3 8 4 11
176 168 8 1 5 12 13 2 6 15 14 9 7 10 0 3 8 4 11
176 169 7 1 5 12 13 2 6 15 14 9 7 10 11 3 8 4 0
179 171 8 1 5 12 13 2 6 15 14 9 7 10 11 0 8 4 3
180 172 8 1 5 12 13 2 6 15 14 0 7 10 11 9 8 4 3
178 170 8 1 5 12 13 2 6 15 14 9 7 10 11 3 8 0 4
179 171 8 1 5 12 13 2 6 15 14 9 7 0 11 3 8 10 4
179 172 7 1 5 12 13 2 6 15 14 9 7 11 0 3 8 10 4
179 173 6 1 5 12 13 2 6 15 14 9 7 11 4 3 8 10 0
182 175 7 1 5 12 13 2 6 15 14 9 7 11 4 0 8 10 3
183 176 7 1 5 12 13 2 6 15 14 0 7 11 4 9 8 10 3
181 174 7 1 5 12 13 2 6 15 14 9 7 11 4 3 8 0 10
183 175 8 1 5 12 13 2 6 15 14 9 7 11 4 3 0 8 10
184 176 8 1 5 12 13 2 6 15 14 9 7 11 4 0 3 8 10
185 178 7 1 5 12 13 2 6 15 14 9 7 11 4 10 3 8 0
187 179 8 1 5 12 13 2 6 15 14 9 7 11 4 10 3 0 8
188 180 8 1 5 12 13 2 6 15 14 9 7 11 4 10 0 3 8
189 181 8 1 5 12 13 2 6 15 14 9 7 11 4 0 10 3 8
190 183 7 1 5 12 13 2 6 15 14 9 7 11 4 8 10 3 0
192 184 8 1 5 12 13 2 6 15 14 9 7 11 4 8 10 0 3
192 184 8 1 5 12 13 2 6 15 14 9 7 11 0 8 10 3 4
164 156 8 1 5 12 0 2 6 15 14 9 7 11 10 4 3 8 13
167 159 8 1 5 12 15 2 6 0 14 9 7 11 10 4 3 8 13
168 160 8 1 5 0 15 2 6 12 14 9 7 11 10 4 3 8 13
147 139 8 0 5 15 13 2 6 12 14 9 7 11 8 4 3 10 1
154 146 8 1 5 12 15 2 6 0 14 9 7 11 8 4 3 10 13
165 157 8 1 5 12 13 2 6 15 14 9 0 11 10 4 7 3 8
166 158 8 1 5 12 13 2 6 15 14 0 9 11 10 4 7 3 8
166 158 8 1 5 12 13 2 6 15 14 0 7 11 10 9 4 3 8
173 165 8 1 5 12 13 2 6 15 14 9 0 11 10 7 8 4 3
174 166 8 1 5 12 13 2 6 15 14 0 9 11 10 7 8 4 3
175 167 8 1 5 12 13 2 6 15 14 7 9 11 10 0 8 4 3
176 169 7 1 5 12 13 2 6 15 14 7 9 11 10 3 8 4 0
178 170 8 1 5 12 13 2 6 15 14 7 9 11 10 3 8 0 4
157 149 8 1 5 12 13 2 6 15 14 9 7 10 11 4 0 3 8
147 139 8 1 5 0 15 2 6 12 14 9 7 11 8 4 3 10 13
174 166 8 1 5 12 13 2 6 15 14 9 7 11 10 3 0 8 4
175 167 8 0 5 12 13 2 6 15 14 9 7 11 10 3 8 4 1
177 169 8 3 5 12 13 2 6 15 14 9 7 11 10 0 8 4 1
178 171 7 3 5 12 13 2 6 15 14 9 7 11 10 1 8 4 0
180 172 8 3 5 12 13 2 6 15 14 9 7 11 10 1 8 0 4
156 148 8 1 5 12 13 2 6 15 14 9 7 0 8 4 3 10 11
157 149 8 1 5 12 13 2 6 15 14 9 7 8 0 4 3 10 11
157 150 7 1 5 12 13 2 6 15 14 9 7 8 11 4 3 10 0
174 166 8 1 5 12 13 2 6 15 14 9 7 0 11 3 8 4 10
175 167 8 1 5 12 13 2 6 15 14 9 7 4 11 3 8 0 10
175 168 7 1 5 12 13 2 6 15 14 9 7 4 11 3 8 10 0
178 170 8 1 5 12 13 2 6 15 14 9 7 4 11 0 8 10 3
179 171 8 1 5 12 13 2 6 15 14 0 7 4 11 9 8 10 3
180 172 8 1 5 12 13 2 6 0 14 9 7 15 11 3 8 10 4
181 173 8 1 5 0 13 2 6 12 14 9 7 15 11 3 8 10 4
155 147 8 1 5 12 13 2 6 15 0 9 7 11 14 4 3 10 8
156 148 8 1 5 12 13 2 6 0 15 9 7 11 14 4 3 10 8
157 149 8 1 5 0 13 2 6 12 15 9 7 11 14 4 3 10 8
147 139 8 1 5 15 13 2 6 12 14 9 7 0 8 4 3 10 11
148 140 8 1 5 15 13 2 6 12 14 9 7 10 8 4 3 0 11
148 141 7 1 5 15 13 2 6 12 14 9 7 10 8 4 3 11 0
150 142 8 1 5 15 13 2 6 12 14 9 7 10 0 4 3 11 8
183 175 8 1 5 12 0 2 6 15 14 9 7 11 4 3 8 10 13
186 178 8 1 5 12 15 2 6 0 14 9 7 11 4 3 8 10 13
187 179 8 1 5 0 15 2 6 12 14 9 7 11 4 3 8 10 13
188 180 8 1 5 15 0 2 6 12 14 9 7 11 4 3 8 10 13
188 182 6 1 5 15 13 2 6 12 14 9 7 11 4 3 8 10 0
191 184 7 1 5 15 13 2 6 12 14 9 7 11 4 0 8 10 3
192 185 7 1 5 15 13 2 6 12 14 0 7 11 4 9 8 10 3
190 183 7 1 5 15 13 2 6 12 14 9 7 11 4 3 8 0 10
190 183 7 1 5 15 13 2 6 12 14 9 7 11 0 3 8 10 4
192 184 8 1 5 15 13 2 6 12 14 9 7 0 11 3 8 10 4
193 185 8 1 5 15 13 2 6 12 14 9 7 10 11 3 8 0 4
193 186 7 1 5 15 13 2 6 12 14 9 7 10 11 3 8 4 0
196 188 8 1 5 15 13 2 6 12 14 9 7 10 11 0 8 4 3
197 189 8 1 5 15 13 2 6 12 14 0 7 10 11 9 8 4 3
187 179 8 1 5 12 13 2 6 15 14 9 7 11 0 10 3 8 4
158 150 8 1 5 12 13 2 6 15 14 9 7 10 0 4 3 8 11
156 148 8 0 5 12 13 2 6 15 14 9 7 11 8 4 3 10 1
183 175 8 1 5 12 13 2 6 15 14 9 7 0 4 3 8 11 10
184 176 8 1 5 12 13 2 6 15 14 9 7 4 0 3 8 11 10
184 177 7 1 5 12 13 2 6 15 14 9 7 4 10 3 8 11 0
187 179 8 1 5 12 13 2 6 15 14 9 7 4 10 0 8 11 3
188 180 8 1 5 12 13 2 6 15 14 0 7 4 10 9 8 11 3
159 151 8 1 5 12 13 2 6 15 14 9 7 0 10 4 3 8 11
160 152 8 1 5 12 13 2 6 15 14 9 7 8 10 4 3 0 11
160 153 7 1 5 12 13 2 6 15 14 9 7 8 10 4 3 11 0
162 154 8 1 5 12 13 2 6 15 14 9 7 8 0 4 3 11 10
164 156 8 1 5 12 13 2 6 15 14 9 7 11 10 0 3 8 4
165 157 8 1 5 12 13 2 6 15 14 0 7 11 10 9 3 8 4
184 176 8 1 5 12 13 2 6 0 14 9 7 15 4 3 8 11 10
185 177 8 1 5 0 13 2 6 12 14 9 7 15 4 3 8 11 10
173 165 8 1 5 12 0 2 6 15 14 9 7 11 10 13 8 4 3
174 167 7 1 5 12 3 2 6 15 14 9 7 11 10 13 8 4 0
177 169 8 1 5 12 3 2 6 15 14 9 7 11 10 0 8 4 13
178 170 8 1 5 12 3 2 6 15 14 0 7 11 10 9 8 4 13
176 168 8 1 5 12 3 2 6 15 14 9 7 11 10 13 8 0 4
176 168 8 1 5 12 3 2 6 15 14 9 7 11 0 13 8 4 10
176 168 8 1 5 12 15 2 6 0 14 9 7 11 10 13 8 4 3
177 169 8 1 5 0 15 2 6 12 14 9 7 11 10 13 8 4 3
174 166 8 1 5 0 12 2 6 15 14 9 7 11 10 13 8 4 3
175 167 8 1 5 15 12 2 6 0 14 9 7 11 10 13 8 4 3
146 138 8 1 5 15 13 2 6 12 14 9 7 11 8 0 3 10 4
147 139 8 1 5 15 13 2 6 12 14 0 7 11 8 9 3 10 4
156 148 8 1 5 12 13 2 6 15 14 9 0 11 8 4 7 3 10
157 149 8 1 5 12 13 2 6 15 14 0 9 11 8 4 7 3 10
190 182 8 1 5 12 13 2 6 15 14 0 7 11 4 9 10 3 8
168 160 8 1 5 12 13 2 6 15 14 9 7 11 0 8 4 3 10
176 168 8 1 5 12 13 2 6 15 14 9 7 4 10 3 8 0 11
165 157 8 1 5 0 12 2 6 15 14 9 7 11 10 4 3 8 13
166 158 8 1 5 15 12 2 6 0 14 9 7 11 10 4 3 8 13
159 151 8 1 5 12 13 2 6 15 14 9 7 8 11 4 3 0 10
160 152 8 1 5 12 13 2 6 15 14 9 7 8 11 4 0 3 10
177 169 8 1 5 12 13 2 6 15 14 9 7 4 0 3 8 10 11
174 166 8 1 5 12 13 2 6 15 0 9 7 11 14 3 8 4 10
175 167 8 1 5 12 13 2 6 0 15 9 7 11 14 3 8 4 10
176 168 8 1 5 0 13 2 6 12 15 9 7 11 14 3 8 4 10
172 164 8 0 5 12 13 2 6 15 14 9 7 11 10 1 8 4 3
178 170 8 3 5 12 13 2 6 15 14 0 7 11 10 9 8 4 1
178 170 8 1 5 12 13 2 6 15 14 7 9 11 0 3 8 4 10
174 166 8 1 5 12 0 2 6 15 14 9 7 11 10 3 8 4 13
177 169 8 1 5 12 15 2 6 0 14 9 7 11 10 3 8 4 13
178 170 8 1 5 0 15 2 6 12 14 9 7 11 10 3 8 4 13
175 167 8 1 5 0 12 2 6 15 14 9 7 11 10 3 8 4 13
176 168 8 1 5 15 12 2 6 0 14 9 7 11 10 3 8 4 13
174 166 8 1 5 12 13 2 6 15 14 9 7 0 10 3 8 11 4
175 167 8 1 5 12 13 2 6 15 14 9 7 10 0 3 8 11 4
175 168 7 1 5 12 13 2 6 15 14 9 7 10 4 3 8 11 0
178 170 8 1 5 12 13 2 6 15 14 9 7 10 4 0 8 11 3
179 171 8 1 5 12 13 2 6 15 14 0 7 10 4 9 8 11 3
177 169 8 1 5 12 13 2 6 15 14 9 7 10 4 3 8 0 11
175 167 8 1 5 12 13 2 6 0 14 9 7 15 10 3 8 11 4
176 168 8 1 5 0 13 2 6 12 14 9 7 15 10 3 8 11 4
155 147 8 1 5 12 13 2 6 15 14 9 7 11 8 0 3 10 4
156 148 8 1 5 12 13 2 6 15 14 9 7 11 8 3 0 10 4
157 149 8 1 5 12 13 2 6 15 14 9 7 11 8 3 10 0 4
157 150 7 1 5 12 13 2 6 15 14 9 7 11 8 3 10 4 0
160 152 8 1 5 12 13 2 6 15 14 9 7 11 8 0 10 4 3
161 153 8 1 5 12 13 2 6 15 14 9 7 11 8 10 0 4 3
162 154 8 1 5 12 13 2 6 15 14 9 7 11 8 10 4 0 3
162 155 7 1 5 12 13 2 6 15 14 9 7 11 8 10 4 3 0
164 156 8 1 5 12 13 2 6 15 14 9 7 11 0 10 4 3 8
161 153 8 1 5 12 13 2 6 15 14 0 7 11 8 9 10 4 3
159 151 8 1 5 12 13 2 6 15 14 9 7 11 0 3 10 4 8
156 148 8 1 5 12 13 2 6 15 14 0 7 11 8 9 3 10 4
155 147 8 1 5 12 13 2 6 15 14 9 7 0 8 4 3 11 10
156 148 8 1 5 12 13 2 6 0 14 9 7 15 8 4 3 11 10
157 149 8 1 5 0 13 2 6 12 14 9 7 15 8 4 3 11 10
180 172 8 3 5 12 13 2 6 15 14 9 7 11 0 1 8 4 10
172 164 8 1 5 12 13 0 6 15 14 2 7 11 10 9 8 4 3
157 149 8 1 5 12 13 2 6 15 14 9 7 10 8 4 3 0 11
157 150 7 1 5 12 13 2 6 15 14 9 7 10 8 4 3 11 0
159 151 8 1 5 12 13 2 6 15 14 9 7 10 0 4 3 11 8
158 150 8 1 5 12 13 2 6 15 14 9 7 10 8 4 0 3 11
160 152 8 1 5 12 13 2 6 15 14 9 7 0 10 4 3 11 8
161 153 8 1 5 12 13 2 6 0 14 9 7 15 10 4 3 11 8
162 154 8 1 5 0 13 2 6 12 14 9 7 15 10 4 3 11 8
157 149 8 1 5 12 13 2 6 0 14 9 7 15 8 4 3 10 11
158 150 8 1 5 0 13 2 6 12 14 9 7 15 8 4 3 10 11
176 168 8 1 5 12 13 2 6 0 14 9 7 15 10 3 8 4 11
177 169 8 1 5 0 13 2 6 12 14 9 7 15 10 3 8 4 11
175 167 8 1 5 12 13 2 6 0 14 9 7 15 11 3 8 4 10
176 168 8 1 5 0 13 2 6 12 14 9 7 15 11 3 8 4 10
161 153 8 1 5 12 13 2 6 15 14 9 7 8 10 4 0 3 11
193 185 8 1 5 15 13 2 6 12 14 9 7 0 4 3 8 10 11
194 186 8 1 5 15 13 2 6 12 14 9 7 4 0 3 8 10 11
194 187 7 1 5 15 13 2 6 12 14 9 7 4 11 3 8 10 0
197 189 8 1 5 15 13 2 6 12 14 9 7 4 11 0 8 10 3
198 190 8 1 5 15 13 2 6 12 14 0 7 4 11 9 8 10 3
196 188 8 1 5 15 13 2 6 12 14 9 7 4 11 3 8 0 10
194 186 8 1 5 15 13 2 6 0 14 9 7 12 4 3 8 10 11
195 187 8 1 5 0 13 2 6 15 14 9 7 12 4 3 8 10 11
181 173 8 1 5 12 13 2 6 15 0 9 7 11 14 3 8 10 4
182 174 8 1 5 12 13 2 6 0 15 9 7 11 14 3 8 10 4
183 175 8 1 5 0 13 2 6 12 15 9 7 11 14 3 8 10 4
194 186 8 1 5 15 13 2 6 12 14 9 7 10 4 3 8 0 11
194 187 7 1 5 15 13 2 6 12 14 9 7 10 4 3 8 11 0
197 189 8 1 5 15 13 2 6 12 14 9 7 10 4 0 8 11 3
198 190 8 1 5 15 13 2 6 12 14 0 7 10 4 9 8 11 3
196 188 8 1 5 15 13 2 6 12 14 9 7 10 0 3 8 11 4
156 148 8 1 5 12 13 2 6 0 14 9 7 15 11 4 3 10 8
157 149 8 1 5 0 13 2 6 12 14 9 7 15 11 4 3 10 8
147 139 8 1 5 15 13 2 6 12 14 9 0 11 8 4 7 3 10
148 140 8 1 5 15 13 2 6 12 14 0 9 11 8 4 7 3 10
144 136 8 1 5 15 13 2 6 12 0 9 7 11 14 4 3 10 8
145 137 8 1 5 15 13 2 6 0 12 9 7 11 14 4 3 10 8
146 138 8 1 5 0 13 2 6 15 12 9 7 11 14 4 3 10 8
134 126 8 1 5 15 13 0 6 12 14 2 7 11 10 9 8 4 3
148 140 8 1 5 15 13 2 6 12 14 0 7 11 8 9 4 3 10
156 148 8 1 5 12 13 2 6 15 14 9 7 11 8 0 4 3 10
157 149 8 1 5 12 13 2 6 15 14 0 7 11 8 9 4 3 10
149 141 8 1 5 15 13 2 6 12 14 9 7 10 8 4 0 3 11
184 176 8 0 5 12 13 2 6 15 14 9 7 11 4 3 8 10 1
186 178 8 3 5 12 13 2 6 15 14 9 7 11 4 0 8 10 1
187 180 7 3 5 12 13 2 6 15 14 9 7 11 4 1 8 10 0
189 181 8 3 5 12 13 2 6 15 14 9 7 11 4 1 8 0 10
189 181 8 3 5 12 13 2 6 15 14 9 7 11 0 1 8 10 4
187 179 8 3 5 12 13 2 6 15 14 0 7 11 4 9 8 10 1
148 140 8 1 5 15 13 2 6 0 14 9 7 12 8 4 3 10 11
149 141 8 1 5 0 13 2 6 15 14 9 7 12 8 4 3 10 11
195 187 8 1 5 15 13 2 6 12 14 9 0 11 4 7 8 10 3
196 188 8 1 5 15 13 2 6 12 14 0 9 11 4 7 8 10 3
197 189 8 1 5 15 13 2 6 12 14 7 9 11 4 0 8 10 3
198 191 7 1 5 15 13 2 6 12 14 7 9 11 4 3 8 10 0
200 192 8 1 5 15 13 2 6 12 14 7 9 11 4 3 8 0 10
200 192 8 1 5 15 13 2 6 12 14 7 9 11 0 3 8 10 4
186 178 8 1 5 12 13 2 6 15 14 9 0 11 4 7 8 10 3
187 179 8 1 5 12 13 2 6 15 14 0 9 11 4 7 8 10 3
188 180 8 1 5 12 13 2 6 15 14 7 9 11 4 0 8 10 3
189 182 7 1 5 12 13 2 6 15 14 7 9 11 4 3 8 10 0
191 183 8 1 5 12 13 2 6 15 14 7 9 11 4 3 8 0 10
191 183 8 1 5 12 13 2 6 15 14 7 9 11 0 3 8 10 4
146 138 8 1 5 15 13 2 6 12 14 9 7 0 8 4 3 11 10
147 139 8 1 5 15 13 2 6 12 14 9 7 8 0 4 3 11 10
147 140 7 1 5 15 13 2 6 12 14 9 7 8 10 4 3 11 0
149 141 8 1 5 15 13 2 6 12 14 9 7 8 10 4 3 0 11
150 142 8 1 5 15 13 2 6 12 14 9 7 8 10 4 0 3 11
147 139 8 1 5 15 13 2 6 0 14 9 7 12 8 4 3 11 10
148 140 8 1 5 0 13 2 6 15 14 9 7 12 8 4 3 11 10
186 178 8 1 5 12 3 2 6 15 14 9 7 11 4 0 8 10 13
187 180 7 1 5 12 3 2 6 15 14 9 7 11 4 13 8 10 0
189 181 8 1 5 12 3 2 6 15 14 9 7 11 4 13 8 0 10
189 181 8 1 5 12 3 2 6 15 14 9 7 11 0 13 8 10 4
187 179 8 1 5 12 3 2 6 15 14 0 7 11 4 9 8 10 13
184 176 8 1 5 0 12 2 6 15 14 9 7 11 4 3 8 10 13
195 187 8 1 5 15 0 2 6 12 14 9 7 11 4 13 8 10 3
196 189 7 1 5 15 3 2 6 12 14 9 7 11 4 13 8 10 0
198 190 8 1 5 15 3 2 6 12 14 9 7 11 4 13 8 0 10
198 190 8 1 5 15 3 2 6 12 14 9 7 11 0 13 8 10 4
198 190 8 1 5 15 12 2 6 0 14 9 7 11 4 13 8 10 3
199 191 8 1 5 0 12 2 6 15 14 9 7 11 4 13 8 10 3
196 188 8 1 5 0 15 2 6 12 14 9 7 11 4 13 8 10 3
197 189 8 1 5 12 15 2 6 0 14 9 7 11 4 13 8 10 3
128 120 8 1 5 0 13 2 6 15 12 9 7 11 14 3 8 4 10
135 127 8 1 5 15 0 2 6 12 14 9 7 11 10 13 8 4 3
136 129 7 1 5 15 3 2 6 12 14 9 7 11 10 13 8 4 0
139 131 8 1 5 15 3 2 6 12 14 9 7 11 10 0 8 4 13
140 132 8 1 5 15 3 2 6 12 14 0 7 11 10 9 8 4 13
138 130 8 1 5 15 3 2 6 12 14 9 7 11 10 13 8 0 4
138 130 8 1 5 15 3 2 6 12 14 9 7 11 0 13 8 4 10
134 126 8 1 5 15 13 2 6 12 14 7 0 11 10 9 8 4 3
185 177 8 1 5 15 12 2 6 0 14 9 7 11 4 3 8 10 13
191 183 8 1 5 15 3 2 6 12 14 9 7 11 4 0 8 10 13
192 184 8 1 5 15 3 2 6 12 14 0 7 11 4 9 8 10 13
194 186 8 0 5 15 13 2 6 12 14 9 7 11 4 1 8 10 3
196 189 7 3 5 15 13 2 6 12 14 9 7 11 4 1 8 10 0
199 191 8 3 5 15 13 2 6 12 14 9 7 11 4 0 8 10 1
200 192 8 3 5 15 13 2 6 12 14 0 7 11 4 9 8 10 1
198 190 8 3 5 15 13 2 6 12 14 9 7 11 4 1 8 0 10
198 190 8 3 5 15 13 2 6 12 14 9 7 11 0 1 8 10 4
193 185 8 0 5 15 13 2 6 12 14 9 7 11 4 3 8 10 1
132 124 8 1 5 15 13 2 6 12 14 9 7 0 10 3 8 11 4
133 125 8 1 5 15 13 2 6 0 14 9 7 12 10 3 8 11 4
134 126 8 1 5 0 13 2 6 15 14 9 7 12 10 3 8 11 4
193 185 8 1 5 15 13 2 6 12 14 9 7 11 4 8 0 10 3
194 186 8 1 5 15 13 2 6 12 14 9 7 11 4 8 10 0 3
194 187 7 1 5 15 13 2 6 12 14 9 7 11 4 8 10 3 0
197 189 8 1 5 15 13 2 6 12 14 9 7 11 4 0 10 3 8
198 190 8 1 5 15 13 2 6 12 14 9 7 11 4 10 0 3 8
199 191 8 1 5 15 13 2 6 12 14 9 7 11 4 10 3 0 8
199 192 7 1 5 15 13 2 6 12 14 9 7 11 4 10 3 8 0
202 194 8 1 5 15 13 2 6 12 14 9 7 11 4 0 3 8 10
203 195 8 1 5 15 13 2 6 12 14 0 7 11 4 9 3 8 10
201 193 8 1 5 15 13 2 6 12 14 9 7 11 0 10 3 8 4
198 190 8 1 5 15 13 2 6 12 14 0 7 11 4 9 10 3 8
196 188 8 1 5 15 13 2 6 12 14 9 7 11 0 8 10 3 4
133 125 8 1 5 15 13 2 6 12 14 9 7 0 10 3 8 4 11
134 126 8 1 5 15 13 2 6 12 14 9 7 4 10 3 8 0 11
134 127 7 1 5 15 13 2 6 12 14 9 7 4 10 3 8 11 0
137 129 8 1 5 15 13 2 6 12 14 9 7 4 10 0 8 11 3
138 130 8 1 5 15 13 2 6 12 14 0 7 4 10 9 8 11 3
136 128 8 1 5 15 13 2 6 12 14 9 7 4 0 3 8 11 10
134 126 8 1 5 15 13 2 6 0 14 9 7 12 10 3 8 4 11
135 127 8 1 5 0 13 2 6 15 14 9 7 12 10 3 8 4 11
161 153 8 1 5 12 13 2 6 0 14 9 7 15 11 4 3 8 10
162 154 8 1 5 0 13 2 6 12 14 9 7 15 11 4 3 8 10
162 154 8 1 5 12 13 2 6 15 0 9 7 11 14 4 3 8 10
163 155 8 1 5 12 13 2 6 0 15 9 7 11 14 4 3 8 10
164 156 8 1 5 0 13 2 6 12 15 9 7 11 14 4 3 8 10
186 178 8 1 5 12 0 2 6 15 14 9 7 11 4 13 8 10 3
178 170 8 1 5 12 13 2 6 15 14 9 7 0 4 3 8 10 11
179 171 8 1 5 12 13 2 6 0 14 9 7 15 4 3 8 10 11
180 172 8 1 5 0 13 2 6 12 14 9 7 15 4 3 8 10 11
137 129 8 1 5 15 13 2 6 12 14 9 7 0 4 3 8 11 10
138 130 8 1 5 15 13 2 6 0 14 9 7 12 4 3 8 11 10
139 131 8 1 5 0 13 2 6 15 14 9 7 12 4 3 8 11 10
143 135 8 1 5 15 13 2 6 12 14 9 7 10 11 4 3 0 8
143 136 7 1 5 15 13 2 6 12 14 9 7 10 11 4 3 8 0
145 137 8 1 5 15 13 2 6 12 14 9 7 10 0 4 3 8 11
144 136 8 1 5 15 13 2 6 12 14 9 7 10 11 4 0 3 8
138 130 8 0 5 15 13 2 6 12 14 9 7 11 10 4 3 8 1
138 130 8 1 5 15 13 2 6 12 14 9 7 0 10 4 3 8 11
139 131 8 1 5 15 13 2 6 0 14 9 7 12 10 4 3 8 11
140 132 8 1 5 0 13 2 6 15 14 9 7 12 10 4 3 8 11
185 177 8 1 5 12 13 0 6 15 14 2 7 11 4 9 8 10 3
194 186 8 1 5 15 13 0 6 12 14 2 7 11 4 9 8 10 3
194 186 8 1 5 15 13 2 6 12 14 7 0 11 4 9 8 10 3
192 184 8 1 5 15 13 2 6 12 0 9 7 11 14 3 8 10 4
193 185 8 1 5 15 13 2 6 0 12 9 7 11 14 3 8 10 4
194 186 8 1 5 0 13 2 6 15 12 9 7 11 14 3 8 10 4
192 184 8 1 5 15 13 2 6 12 14 9 7 11 4 3 0 8 10
137 129 8 1 5 15 13 2 6 12 14 9 7 0 10 4 3 11 8
138 130 8 1 5 15 13 2 6 0 14 9 7 12 10 4 3 11 8
139 131 8 1 5 0 13 2 6 15 14 9 7 12 10 4 3 11 8
130 122 8 1 5 15 13 2 6 12 14 9 7 0 11 3 8 4 10
131 123 8 1 5 15 13 2 6 0 14 9 7 12 11 3 8 4 10
132 124 8 1 5 0 13 2 6 15 14 9 7 12 11 3 8 4 10
133 125 8 0 5 15 13 2 6 12 14 9 7 11 10 3 8 4 1
135 127 8 3 5 15 13 2 6 12 14 9 7 11 10 0 8 4 1
136 129 7 3 5 15 13 2 6 12 14 9 7 11 10 1 8 4 0
138 130 8 3 5 15 13 2 6 12 14 9 7 11 10 1 8 0 4
138 130 8 3 5 15 13 2 6 12 14 9 7 11 0 1 8 4 10
136 128 8 3 5 15 13 2 6 12 14 0 7 11 10 9 8 4 1
193 185 8 1 5 15 13 2 6 0 14 9 7 12 11 3 8 10 4
194 186 8 1 5 0 13 2 6 15 14 9 7 12 11 3 8 10 4
133 125 8 1 5 15 13 2 6 12 14 9 7 11 10 8 0 4 3
134 126 8 1 5 15 13 2 6 12 14 9 7 11 10 8 4 0 3
134 127 7 1 5 15 13 2 6 12 14 9 7 11 10 8 4 3 0
136 128 8 1 5 15 13 2 6 12 14 9 7 11 0 8 4 3 10
138 130 8 1 5 15 13 2 6 12 14 9 0 11 10 4 7 3 8
139 131 8 1 5 15 13 2 6 12 14 0 9 11 10 4 7 3 8
137 129 8 1 5 15 13 2 6 12 0 9 7 11 14 4 3 8 10
138 130 8 1 5 15 13 2 6 0 12 9 7 11 14 4 3 8 10
139 131 8 1 5 0 13 2 6 15 12 9 7 11 14 4 3 8 10
137 129 8 1 5 15 13 2 6 12 14 9 7 11 10 0 4 3 8
138 130 8 1 5 15 13 2 6 12 14 0 7 11 10 9 4 3 8
160 152 8 1 5 12 13 2 6 0 14 9 7 15 10 4 3 8 11
161 153 8 1 5 0 13 2 6 12 14 9 7 15 10 4 3 8 11
185 177 8 1 5 12 13 2 6 15 14 7 0 11 4 9 8 10 3
138 130 8 1 5 15 13 2 6 0 14 9 7 12 11 4 3 8 10
139 131 8 1 5 0 13 2 6 15 14 9 7 12 11 4 3 8 10
184 176 8 1 5 12 13 2 6 15 14 9 7 11 4 8 0 10 3
137 129 8 1 5 15 0 2 6 12 14 9 7 11 10 4 3 8 13
134 126 8 1 5 15 13 2 6 12 14 0 7 11 10 9 3 8 4
134 126 8 1 5 15 13 2 6 12 14 9 7 10 0 3 8 4 11
185 177 8 0 5 12 13 2 6 15 14 9 7 11 4 1 8 10 3
135 127 8 1 5 15 13 2 6 12 14 9 0 11 10 7 8 4 3
136 128 8 1 5 15 13 2 6 12 14 0 9 11 10 7 8 4 3
137 129 8 1 5 15 13 2 6 12 14 7 9 11 10 0 8 4 3
138 131 7 1 5 15 13 2 6 12 14 7 9 11 10 3 8 4 0
140 132 8 1 5 15 13 2 6 12 14 7 9 11 10 3 8 0 4
140 132 8 1 5 15 13 2 6 12 14 7 9 11 0 3 8 4 10
185 177 8 1 5 12 13 2 6 15 14 0 7 11 4 9 3 8 10
143 135 8 1 5 15 13 2 6 0 14 9 7 12 11 4 3 10 8
144 136 8 1 5 0 13 2 6 15 14 9 7 12 11 4 3 10 8
139 131 8 1 5 15 13 2 6 12 14 9 7 8 11 4 0 3 10
134 126 8 0 5 15 13 2 6 12 14 9 7 11 10 1 8 4 3
132 124 8 1 5 15 0 2 6 12 14 9 7 11 10 3 8 4 13
140 132 8 1 5 15 13 2 6 12 14 9 7 8 0 4 3 10 11
165 157 8 0 5 12 13 2 6 15 14 9 7 11 10 4 3 8 1
169 160 9 6 5 12 13 2 0 15 14 9 7 11 10 4 3 8 1
170 161 9 6 5 12 13 2 15 0 14 9 7 11 10 4 3 8 1
171 162 9 6 5 0 13 2 15 12 14 9 7 11 10 4 3 8 1
187 178 9 1 0 5 13 2 6 12 14 9 7 15 4 3 8 11 10
186 177 9 1 5 12 13 2 6 14 0 9 7 15 4 3 8 11 10
187 178 9 1 5 12 13 2 6 14 4 9 7 15 0 3 8 11 10
187 179 8 1 5 12 13 2 6 14 4 9 7 0 15 3 8 11 10
187 180 7 1 5 12 13 2 6 14 4 9 7 11 15 3 8 0 10
187 181 6 1 5 12 13 2 6 14 4 9 7 11 15 3 8 10 0
190 183 7 1 5 12 13 2 6 14 4 9 7 11 15 0 8 10 3
191 184 7 1 5 12 13 2 6 14 4 0 7 11 15 9 8 10 3
193 185 8 1 5 12 13 2 6 14 4 7 0 11 15 9 8 10 3
193 185 8 1 5 12 13 0 6 14 4 2 7 11 15 9 8 10 3
189 181 8 1 5 12 13 2 6 14 4 9 7 11 15 3 0 8 10
190 182 8 1 5 12 13 2 6 14 4 9 7 11 15 0 3 8 10
191 184 7 1 5 12 13 2 6 14 4 9 7 11 15 10 3 8 0
193 185 8 1 5 12 13 2 6 14 4 9 7 11 15 10 3 0 8
194 186 8 1 5 12 13 2 6 14 4 9 7 11 15 10 0 3 8
195 187 8 1 5 12 13 2 6 14 4 9 7 11 15 0 10 3 8
196 189 7 1 5 12 13 2 6 14 4 9 7 11 15 8 10 3 0
198 190 8 1 5 12 13 2 6 14 4 9 7 11 15 8 10 0 3
196 188 8 1 5 12 13 2 6 14 4 0 7 11 15 9 10 3 8
191 183 8 1 5 12 13 2 6 14 4 0 7 11 15 9 3 8 10
194 186 8 1 5 12 13 2 6 14 4 9 0 11 15 7 8 10 3
195 187 8 1 5 12 13 2 6 14 4 0 9 11 15 7 8 10 3
196 188 8 1 5 12 13 2 6 14 4 7 9 11 15 0 8 10 3
197 190 7 1 5 12 13 2 6 14 4 7 9 11 15 3 8 10 0
199 191 8 1 5 12 13 2 6 14 4 7 9 11 15 3 8 0 10
194 186 8 1 5 12 0 2 6 14 4 9 7 11 15 13 8 10 3
195 188 7 1 5 12 3 2 6 14 4 9 7 11 15 13 8 10 0
198 190 8 1 5 12 3 2 6 14 4 9 7 11 15 0 8 10 13
199 191 8 1 5 12 3 2 6 14 4 0 7 11 15 9 8 10 13
197 189 8 1 5 12 3 2 6 14 4 9 7 11 15 13 8 0 10
197 189 8 1 5 12 14 2 6 0 4 9 7 11 15 13 8 10 3
198 190 8 1 5 12 14 2 6 4 0 9 7 11 15 13 8 10 3
198 191 7 1 5 12 0 2 6 4 14 9 7 11 15 13 8 10 3
200 194 6 1 5 12 13 2 6 4 14 9 7 11 15 0 8 10 3
201 196 5 1 5 12 13 2 6 4 14 9 7 11 15 3 8 10 0
203 197 6 1 5 12 13 2 6 4 14 9 7 11 15 3 8 0 10
201 195 6 1 5 12 13 2 6 4 14 0 7 11 15 9 8 10 3
199 193 6 1 5 12 3 2 6 4 14 9 7 11 15 13 8 10 0
202 195 7 1 5 12 3 2 6 4 14 9 7 11 15 0 8 10 13
203 196 7 1 5 12 3 2 6 4 14 0 7 11 15 9 8 10 13
201 194 7 1 5 12 3 2 6 4 14 9 7 11 15 13 8 0 10
203 196 7 1 5 12 13 2 6 4 14 7 0 11 15 9 8 10 3
203 196 7 1 5 12 13 0 6 4 14 2 7 11 15 9 8 10 3
203 196 7 0 5 12 13 2 6 4 14 9 7 11 15 1 8 10 3
205 199 6 3 5 12 13 2 6 4 14 9 7 11 15 1 8 10 0
208 201 7 3 5 12 13 2 6 4 14 9 7 11 15 0 8 10 1
209 202 7 3 5 12 13 2 6 4 14 0 7 11 15 9 8 10 1
207 200 7 3 5 12 13 2 6 4 14 9 7 11 15 1 8 0 10
205 198 7 1 5 12 13 2 6 4 14 9 7 11 15 3 0 8 10
206 199 7 1 5 12 13 2 6 4 14 9 7 11 15 0 3 8 10
207 201 6 1 5 12 13 2 6 4 14 9 7 11 15 10 3 8 0
209 202 7 1 5 12 13 2 6 4 14 9 7 11 15 10 3 0 8
210 203 7 1 5 12 13 2 6 4 14 9 7 11 15 10 0 3 8
211 204 7 1 5 12 13 2 6 4 14 9 7 11 15 0 10 3 8
212 206 6 1 5 12 13 2 6 4 14 9 7 11 15 8 10 3 0
214 207 7 1 5 12 13 2 6 4 14 9 7 11 15 8 10 0 3
212 205 7 1 5 12 13 2 6 4 14 0 7 11 15 9 10 3 8
207 200 7 1 5 12 13 2 6 4 14 0 7 11 15 9 3 8 10
206 199 7 0 5 12 13 2 6 4 14 9 7 11 15 3 8 10 1
199 192 7 1 5 0 12 2 6 4 14 9 7 11 15 13 8 10 3
200 193 7 1 5 4 12 2 6 0 14 9 7 11 15 13 8 10 3
204 197 7 1 5 12 13 2 6 4 14 9 7 11 0 3 8 10 15
205 198 7 1 5 12 13 2 6 4 14 9 7 0 15 3 8 11 10
206 199 7 1 5 12 13 2 6 0 14 9 7 4 15 3 8 11 10
207 200 7 1 5 0 13 2 6 12 14 9 7 4 15 3 8 11 10
205 198 7 1 5 12 0 2 6 4 14 9 7 11 15 3 8 10 13
208 201 7 1 5 12 4 2 6 0 14 9 7 11 15 3 8 10 13
209 202 7 1 5 0 4 2 6 12 14 9 7 11 15 3 8 10 13
210 203 7 1 5 4 0 2 6 12 14 9 7 11 15 3 8 10 13
210 205 5 1 5 4 13 2 6 12 14 9 7 11 15 3 8 10 0
213 207 6 1 5 4 13 2 6 12 14 9 7 11 15 0 8 10 3
214 208 6 1 5 4 13 2 6 12 14 0 7 11 15 9 8 10 3
212 206 6 1 5 4 13 2 6 12 14 9 7 11 15 3 8 0 10
214 207 7 1 5 4 13 2 6 12 14 9 7 11 15 3 0 8 10
215 208 7 1 5 4 13 2 6 12 14 9 7 11 15 0 3 8 10
216 210 6 1 5 4 13 2 6 12 14 9 7 11 15 10 3 8 0
218 211 7 1 5 4 13 2 6 12 14 9 7 11 15 10 3 0 8
219 212 7 1 5 4 13 2 6 12 14 9 7 11 15 10 0 3 8
220 213 7 1 5 4 13 2 6 12 14 9 7 11 15 0 10 3 8
221 215 6 1 5 4 13 2 6 12 14 9 7 11 15 8 10 3 0
223 216 7 1 5 4 13 2 6 12 14 9 7 11 15 8 10 0 3
221 214 7 1 5 4 13 2 6 12 14 0 7 11 15 9 10 3 8
216 209 7 1 5 4 13 2 6 12 14 0 7 11 15 9 3 8 10
214 207 7 1 5 4 13 2 6 12 14 9 7 0 15 3 8 11 10
215 208 7 1 5 4 13 2 6 0 14 9 7 12 15 3 8 11 10
216 209 7 1 5 0 13 2 6 4 14 9 7 12 15 3 8 11 10
213 206 7 1 5 4 13 2 6 12 14 9 7 11 0 3 8 10 15
217 210 7 1 5 4 0 2 6 12 14 9 7 11 15 13 8 10 3
218 212 6 1 5 4 3 2 6 12 14 9 7 11 15 13 8 10 0
220 213 7 1 5 4 3 2 6 12 14 9 7 11 15 13 8 0 10
218 211 7 1 5 0 4 2 6 12 14 9 7 11 15 13 8 10 3
215 208 7 1 5 4 13 2 6 12 14 9 7 0 15 3 8 10 11
216 209 7 1 5 4 13 2 6 12 14 9 7 10 15 3 8 0 11
216 210 6 1 5 4 13 2 6 12 14 9 7 10 15 3 8 11 0
219 212 7 1 5 4 13 2 6 12 14 9 7 10 15 0 8 11 3
220 213 7 1 5 4 13 2 6 12 14 0 7 10 15 9 8 11 3
216 209 7 1 5 4 13 2 6 0 14 9 7 12 15 3 8 10 11
217 210 7 1 5 0 13 2 6 4 14 9 7 12 15 3 8 10 11
213 206 7 1 5 4 3 2 6 12 14 9 7 11 15 0 8 10 13
214 207 7 1 5 4 3 2 6 12 14 0 7 11 15 9 8 10 13
204 197 7 1 5 12 13 2 6 4 14 9 0 11 15 7 8 10 3
205 198 7 1 5 12 13 2 6 4 14 0 9 11 15 7 8 10 3
206 199 7 1 5 12 13 2 6 4 14 7 9 11 15 0 8 10 3
207 201 6 1 5 12 13 2 6 4 14 7 9 11 15 3 8 10 0
209 202 7 1 5 12 13 2 6 4 14 7 9 11 15 3 8 0 10
217 210 7 1 5 4 13 2 6 12 14 9 0 11 15 7 8 10 3
218 211 7 1 5 4 13 2 6 12 14 0 9 11 15 7 8 10 3
219 212 7 1 5 4 13 2 6 12 14 7 9 11 15 0 8 10 3
220 214 6 1 5 4 13 2 6 12 14 7 9 11 15 3 8 10 0
222 215 7 1 5 4 13 2 6 12 14 7 9 11 15 3 8 0 10
216 209 7 1 5 4 13 0 6 12 14 2 7 11 15 9 8 10 3
215 208 7 1 5 4 13 2 6 12 14 9 7 11 15 8 0 10 3
216 209 7 0 5 4 13 2 6 12 14 9 7 11 15 1 8 10 3
218 212 6 3 5 4 13 2 6 12 14 9 7 11 15 1 8 10 0
221 214 7 3 5 4 13 2 6 12 14 9 7 11 15 0 8 10 1
222 215 7 3 5 4 13 2 6 12 14 0 7 11 15 9 8 10 1
220 213 7 3 5 4 13 2 6 12 14 9 7 11 15 1 8 0 10
213 206 7 1 5 4 12 2 6 0 14 9 7 11 15 3 8 10 13
216 209 7 1 5 4 13 2 6 12 14 7 0 11 15 9 8 10 3
215 208 7 0 5 4 13 2 6 12 14 9 7 11 15 3 8 10 1
206 199 7 1 5 12 13 2 6 4 14 9 7 0 15 3 8 10 11
207 200 7 1 5 12 13 2 6 4 14 9 7 10 15 3 8 0 11
207 201 6 1 5 12 13 2 6 4 14 9 7 10 15 3 8 11 0
210 203 7 1 5 12 13 2 6 4 14 9 7 10 15 0 8 11 3
211 204 7 1 5 12 13 2 6 4 14 0 7 10 15 9 8 11 3
207 200 7 1 5 12 13 2 6 0 14 9 7 4 15 3 8 10 11
208 201 7 1 5 0 13 2 6 12 14 9 7 4 15 3 8 10 11
201 194 7 1 5 12 4 2 6 0 14 9 7 11 15 13 8 10 3
206 199 7 1 5 0 12 2 6 4 14 9 7 11 15 3 8 10 13
202 195 7 1 5 12 13 2 6 4 14 9 7 11 15 8 0 10 3
204 196 8 1 5 12 13 2 6 4 14 9 0 11 15 8 7 10 3
205 197 8 1 5 12 13 2 6 4 14 0 9 11 15 8 7 10 3
206 198 8 1 5 12 13 2 6 4 14 8 9 11 15 0 7 10 3
207 200 7 1 5 12 13 2 6 4 14 8 9 11 15 3 7 10 0
209 201 8 1 5 12 13 2 6 4 14 8 9 11 15 3 7 0 10
210 202 8 1 5 12 13 2 6 4 14 8 9 11 15 3 0 7 10
211 203 8 1 5 12 13 2 6 4 14 8 9 11 15 0 3 7 10
212 205 7 1 5 12 13 2 6 4 14 8 9 11 15 10 3 7 0
214 206 8 1 5 12 13 2 6 4 14 8 9 11 15 10 3 0 7
215 207 8 1 5 12 13 2 6 4 14 8 9 11 15 10 0 3 7
216 208 8 1 5 12 13 2 6 4 14 8 9 11 15 0 10 3 7
217 210 7 1 5 12 13 2 6 4 14 8 9 11 15 7 10 3 0
219 211 8 1 5 12 13 2 6 4 14 8 9 11 15 7 10 0 3
219 211 8 1 5 12 13 2 6 4 14 8 0 11 15 9 10 3 7
220 212 8 1 5 12 13 2 6 4 14 0 8 11 15 9 10 3 7
221 213 8 1 5 12 13 2 6 4 14 9 8 11 15 0 10 3 7
222 215 7 1 5 12 13 2 6 4 14 9 8 11 15 7 10 3 0
224 216 8 1 5 12 13 2 6 4 14 9 8 11 15 7 10 0 3
224 216 8 1 5 12 13 2 6 4 14 9 0 11 15 8 10 3 7
225 217 8 1 5 12 13 2 6 4 14 9 10 11 15 8 0 3 7
225 218 7 1 5 12 13 2 6 4 14 9 10 11 15 0 8 3 7
226 220 6 1 5 12 13 2 6 4 14 9 10 11 15 7 8 3 0
228 221 7 1 5 12 13 2 6 4 14 9 10 11 15 7 8 0 3
228 221 7 1 5 12 13 2 6 4 14 9 0 11 15 10 8 3 7
229 222 7 1 5 12 13 2 6 4 14 0 9 11 15 10 8 3 7
230 223 7 1 5 12 13 2 6 4 14 10 9 11 15 0 8 3 7
231 225 6 1 5 12 13 2 6 4 14 10 9 11 15 7 8 3 0
233 226 7 1 5 12 13 2 6 4 14 10 9 11 15 7 8 0 3
233 226 7 1 5 12 13 2 6 4 14 10 0 11 15 9 8 3 7
226 219 7 1 5 12 13 2 6 4 14 0 10 11 15 9 8 3 7
228 220 8 1 5 12 13 0 6 4 14 2 10 11 15 9 8 3 7
236 228 8 0 5 12 13 2 6 4 14 10 9 11 15 7 8 3 1
238 230 8 7 5 12 13 2 6 4 14 10 9 11 15 0 8 3 1
239 232 7 7 5 12 13 2 6 4 14 10 9 11 15 1 8 3 0
241 233 8 7 5 12 13 2 6 4 14 10 9 11 15 1 8 0 3
241 233 8 7 5 12 13 2 6 4 14 10 0 11 15 9 8 3 1
242 234 8 7 5 12 13 2 6 4 14 0 10 11 15 9 8 3 1
243 235 8 7 5 12 13 2 6 4 14 9 10 11 15 0 8 3 1
244 237 7 7 5 12 13 2 6 4 14 9 10 11 15 1 8 3 0
246 238 8 7 5 12 13 2 6 4 14 9 10 11 15 1 8 0 3
246 238 8 7 5 12 13 2 6 4 14 9 0 11 15 10 8 3 1
209 201 8 3 5 12 13 2 6 4 14 9 7 0 15 1 8 11 10
210 202 8 3 5 12 13 2 6 0 14 9 7 4 15 1 8 11 10
211 203 8 3 5 0 13 2 6 12 14 9 7 4 15 1 8 11 10
210 202 8 1 5 12 13 2 6 4 14 9 7 11 0 10 3 8 15
211 203 8 1 5 12 0 2 6 4 14 9 7 11 15 10 3 8 13
214 206 8 1 5 12 4 2 6 0 14 9 7 11 15 10 3 8 13
215 207 8 1 5 0 4 2 6 12 14 9 7 11 15 10 3 8 13
214 206 8 1 5 12 10 2 6 4 14 9 7 11 15 0 3 8 13
215 208 7 1 5 12 10 2 6 4 14 9 7 11 15 13 3 8 0
217 209 8 1 5 12 10 2 6 4 14 9 7 11 15 13 3 0 8
218 210 8 1 5 12 10 2 6 4 14 9 7 11 15 13 0 3 8
219 211 8 1 5 12 10 2 6 4 14 9 7 11 15 0 13 3 8
220 213 7 1 5 12 10 2 6 4 14 9 7 11 15 8 13 3 0
223 215 8 1 5 12 0 2 6 4 14 9 7 11 15 8 13 3 10
226 218 8 1 5 12 4 2 6 0 14 9 7 11 15 8 13 3 10
227 219 8 1 5 0 4 2 6 12 14 9 7 11 15 8 13 3 10
228 220 8 1 5 4 0 2 6 12 14 9 7 11 15 8 13 3 10
229 222 7 1 5 4 10 2 6 12 14 9 7 11 15 8 13 3 0
232 224 8 1 5 4 10 2 6 12 14 9 7 11 15 0 13 3 8
235 227 8 1 5 4 0 2 6 12 14 9 7 11 15 10 13 3 8
236 229 7 1 5 4 8 2 6 12 14 9 7 11 15 10 13 3 0
238 230 8 1 5 4 8 2 6 12 14 9 7 11 15 10 13 0 3
239 231 8 1 5 4 8 2 6 12 14 9 7 11 15 10 0 13 3
240 232 8 1 5 4 8 2 6 12 14 9 7 11 15 0 10 13 3
241 234 7 1 5 4 8 2 6 12 14 9 7 11 15 3 10 13 0
244 236 8 1 5 4 0 2 6 12 14 9 7 11 15 3 10 13 8
247 239 8 1 5 4 12 2 6 0 14 9 7 11 15 3 10 13 8
248 240 8 1 5 0 12 2 6 4 14 9 7 11 15 3 10 13 8
249 241 8 1 5 12 0 2 6 4 14 9 7 11 15 3 10 13 8
250 243 7 1 5 12 8 2 6 4 14 9 7 11 15 3 10 13 0
253 245 8 1 5 12 8 2 6 4 14 9 7 11 15 0 10 13 3
256 248 8 1 5 12 0 2 6 4 14 9 7 11 15 8 10 13 3
257 250 7 1 5 12 3 2 6 4 14 9 7 11 15 8 10 13 0
259 251 8 1 5 12 3 2 6 4 14 9 7 11 15 8 10 0 13
259 251 8 1 5 12 4 2 6 0 14 9 7 11 15 8 10 13 3
260 252 8 1 5 0 4 2 6 12 14 9 7 11 15 8 10 13 3
207 199 8 1 5 12 14 2 6 4 0 9 7 11 15 3 8 10 13
208 200 8 1 5 12 14 2 6 0 4 9 7 11 15 3 8 10 13
209 201 8 1 5 0 14 2 6 12 4 9 7 11 15 3 8 10 13
210 202 8 1 5 14 0 2 6 12 4 9 7 11 15 3 8 10 13
210 204 6 1 5 14 13 2 6 12 4 9 7 11 15 3 8 10 0
213 206 7 1 5 14 13 2 6 12 4 9 7 11 15 0 8 10 3
214 207 7 1 5 14 13 2 6 12 4 0 7 11 15 9 8 10 3
212 205 7 1 5 14 13 2 6 12 4 9 7 11 15 3 8 0 10
214 206 8 1 5 14 13 2 6 12 4 9 7 11 15 3 0 8 10
215 207 8 1 5 14 13 2 6 12 4 9 7 11 15 0 3 8 10
216 209 7 1 5 14 13 2 6 12 4 9 7 11 15 10 3 8 0
218 210 8 1 5 14 13 2 6 12 4 9 7 11 15 10 3 0 8
219 211 8 1 5 14 13 2 6 12 4 9 7 11 15 10 0 3 8
220 212 8 1 5 14 13 2 6 12 4 9 7 11 15 0 10 3 8
221 214 7 1 5 14 13 2 6 12 4 9 7 11 15 8 10 3 0
223 215 8 1 5 14 13 2 6 12 4 9 7 11 15 8 10 0 3
221 213 8 1 5 14 13 2 6 12 4 0 7 11 15 9 10 3 8
218 210 8 1 5 4 13 0 6 12 14 2 7 11 15 9 3 8 10
218 210 8 0 5 4 13 2 6 12 14 9 7 11 15 1 3 8 10
220 213 7 10 5 4 13 2 6 12 14 9 7 11 15 1 3 8 0
223 215 8 10 5 4 13 2 6 12 14 9 7 11 15 0 3 8 1
224 216 8 10 5 4 13 2 6 12 14 9 7 11 15 3 0 8 1
224 217 7 10 5 4 13 2 6 12 14 9 7 11 15 3 8 0 1
224 218 6 10 5 4 13 2 6 12 14 9 7 11 15 3 8 1 0
228 221 7 0 5 4 13 2 6 12 14 9 7 11 15 3 8 1 10
230 223 7 3 5 4 13 2 6 12 14 9 7 11 15 0 8 1 10
231 225 6 3 5 4 13 2 6 12 14 9 7 11 15 10 8 1 0
235 228 7 0 5 4 13 2 6 12 14 9 7 11 15 10 8 1 3
233 226 7 3 5 4 13 2 6 12 14 9 7 11 15 10 8 0 1
231 224 7 3 5 4 13 2 6 12 14 0 7 11 15 9 8 1 10
227 220 7 10 5 4 13 2 6 12 14 9 7 11 15 0 8 1 3
228 221 7 10 5 4 13 2 6 12 14 0 7 11 15 9 8 1 3
230 222 8 10 5 4 13 2 6 12 14 7 0 11 15 9 8 1 3
230 222 8 10 5 4 13 0 6 12 14 2 7 11 15 9 8 1 3
224 216 8 1 5 4 13 2 6 12 14 9 0 11 15 7 10 3 8
225 217 8 1 5 4 13 2 6 12 14 0 9 11 15 7 10 3 8
226 218 8 1 5 4 13 2 6 12 14 7 9 11 15 0 10 3 8
227 220 7 1 5 4 13 2 6 12 14 7 9 11 15 8 10 3 0
229 221 8 1 5 4 13 2 6 12 14 7 9 11 15 8 10 0 3
227 219 8 1 5 4 13 2 6 12 14 7 9 11 15 10 0 3 8
228 220 8 1 5 4 13 2 6 12 14 7 9 11 15 10 3 0 8
228 221 7 1 5 4 13 2 6 12 14 7 9 11 15 10 3 8 0
231 223 8 1 5 4 13 2 6 12 14 7 9 11 15 0 3 8 10
232 224 8 1 5 4 13 2 6 12 14 0 9 11 15 7 3 8 10
228 220 8 1 5 4 13 2 6 12 14 7 0 11 15 10 9 3 8
228 221 7 1 5 4 13 2 6 12 14 0 7 11 15 10 9 3 8
229 222 7 1 5 4 13 2 6 12 14 10 7 11 15 0 9 3 8
230 224 6 1 5 4 13 2 6 12 14 10 7 11 15 8 9 3 0
232 225 7 1 5 4 13 2 6 12 14 10 7 11 15 8 9 0 3
233 226 7 1 5 4 13 2 6 12 14 10 7 11 15 8 0 9 3
233 227 6 1 5 4 13 2 6 12 14 10 7 11 15 0 8 9 3
234 229 5 1 5 4 13 2 6 12 14 10 7 11 15 3 8 9 0
236 230 6 1 5 4 13 2 6 12 14 10 7 11 15 3 8 0 9
234 228 6 1 5 4 13 2 6 12 14 0 7 11 15 10 8 9 3
236 229 7 1 5 4 13 2 6 12 14 7 0 11 15 10 8 9 3
237 230 7 1 5 4 13 2 6 12 14 10 0 11 15 7 8 9 3
238 231 7 1 5 4 13 2 6 12 14 0 10 11 15 7 8 9 3
239 232 7 1 5 4 13 2 6 12 14 7 10 11 15 0 8 9 3
240 234 6 1 5 4 13 2 6 12 14 7 10 11 15 3 8 9 0
242 235 7 1 5 4 13 2 6 12 14 7 10 11 15 3 8 0 9
230 223 7 1 5 4 13 2 6 12 14 10 7 11 15 9 0 3 8
231 224 7 1 5 4 13 2 6 12 14 10 7 11 15 9 3 0 8
231 225 6 1 5 4 13 2 6 12 14 10 7 11 15 9 3 8 0
234 227 7 1 5 4 13 2 6 12 14 10 7 11 15 0 3 8 9
235 228 7 1 5 4 13 2 6 12 14 0 7 11 15 10 3 8 9
236 229 7 0 5 4 13 2 6 12 14 10 7 11 15 1 8 9 3
238 232 6 3 5 4 13 2 6 12 14 10 7 11 15 1 8 9 0
241 234 7 3 5 4 13 2 6 12 14 10 7 11 15 0 8 9 1
242 235 7 3 5 4 13 2 6 12 14 0 7 11 15 10 8 9 1
240 233 7 3 5 4 13 2 6 12 14 10 7 11 15 1 8 0 9
237 230 7 1 5 4 0 2 6 12 14 10 7 11 15 13 8 9 3
238 232 6 1 5 4 3 2 6 12 14 10 7 11 15 13 8 9 0
241 234 7 1 5 4 3 2 6 12 14 10 7 11 15 0 8 9 13
242 235 7 1 5 4 3 2 6 12 14 0 7 11 15 10 8 9 13
240 233 7 1 5 4 3 2 6 12 14 10 7 11 15 13 8 0 9
240 233 7 1 5 4 12 2 6 0 14 10 7 11 15 13 8 9 3
241 234 7 1 5 0 12 2 6 4 14 10 7 11 15 13 8 9 3
242 235 7 1 5 12 0 2 6 4 14 10 7 11 15 13 8 9 3
244 238 6 1 5 12 13 2 6 4 14 10 7 11 15 0 8 9 3
245 240 5 1 5 12 13 2 6 4 14 10 7 11 15 3 8 9 0
247 241 6 1 5 12 13 2 6 4 14 10 7 11 15 3 8 0 9
245 239 6 1 5 12 13 2 6 4 14 0 7 11 15 10 8 9 3
243 237 6 1 5 12 3 2 6 4 14 10 7 11 15 13 8 9 0
246 239 7 1 5 12 3 2 6 4 14 10 7 11 15 0 8 9 13
247 240 7 1 5 12 3 2 6 4 14 0 7 11 15 10 8 9 13
245 238 7 1 5 12 3 2 6 4 14 10 7 11 15 13 8 0 9
247 240 7 1 5 12 13 2 6 4 14 7 0 11 15 10 8 9 3
247 240 7 1 5 12 13 0 6 4 14 2 7 11 15 10 8 9 3
239 232 7 1 5 4 13 2 6 12 14 10 7 0 15 3 8 9 11
240 233 7 1 5 4 13 2 6 12 14 10 7 9 15 3 8 0 11
240 234 6 1 5 4 13 2 6 12 14 10 7 9 15 3 8 11 0
243 236 7 1 5 4 13 2 6 12 14 10 7 9 15 0 8 11 3
244 237 7 1 5 4 13 2 6 12 14 0 7 9 15 10 8 11 3
240 233 7 1 5 4 13 2 6 0 14 10 7 12 15 3 8 9 11
241 234 7 1 5 0 13 2 6 4 14 10 7 12 15 3 8 9 11
238 231 7 1 5 4 13 2 6 12 14 10 7 0 15 3 8 11 9
239 232 7 1 5 4 13 2 6 0 14 10 7 12 15 3 8 11 9
240 233 7 1 5 0 13 2 6 4 14 10 7 12 15 3 8 11 9
238 231 7 1 5 4 0 2 6 12 14 10 7 11 15 3 8 9 13
241 234 7 1 5 4 12 2 6 0 14 10 7 11 15 3 8 9 13
242 235 7 1 5 0 12 2 6 4 14 10 7 11 15 3 8 9 13
239 232 7 1 5 0 4 2 6 12 14 10 7 11 15 3 8 9 13
240 233 7 1 5 12 4 2 6 0 14 10 7 11 15 3 8 9 13
235 228 7 1 5 4 13 2 6 12 14 10 7 11 15 3 0 8 9
239 232 7 0 5 4 13 2 6 12 14 10 7 11 15 3 8 9 1
246 239 7 1 5 12 13 2 6 4 14 10 7 11 15 8 0 9 3
247 240 7 1 5 12 13 2 6 4 14 10 7 11 15 8 9 0 3
247 241 6 1 5 12 13 2 6 4 14 10 7 11 15 8 9 3 0
250 243 7 1 5 12 13 2 6 4 14 10 7 11 15 0 9 3 8
251 244 7 1 5 12 13 2 6 4 14 10 7 11 15 9 0 3 8
252 245 7 1 5 12 13 2 6 4 14 10 7 11 15 9 3 0 8
252 246 6 1 5 12 13 2 6 4 14 10 7 11 15 9 3 8 0
255 248 7 1 5 12 13 2 6 4 14 10 7 11 15 0 3 8 9
256 249 7 1 5 12 13 2 6 4 14 0 7 11 15 10 3 8 9
251 244 7 1 5 12 13 2 6 4 14 0 7 11 15 10 9 3 8
249 242 7 1 5 12 13 2 6 4 14 10 7 0 15 3 8 11 9
250 243 7 1 5 12 13 2 6 0 14 10 7 4 15 3 8 11 9
251 244 7 1 5 0 13 2 6 12 14 10 7 4 15 3 8 11 9
243 236 7 1 5 12 0 2 6 4 14 10 7 11 15 3 8 9 13
250 243 7 1 5 12 13 2 6 4 14 10 7 0 15 3 8 9 11
251 244 7 1 5 12 13 2 6 4 14 10 7 9 15 3 8 0 11
251 245 6 1 5 12 13 2 6 4 14 10 7 9 15 3 8 11 0
254 247 7 1 5 12 13 2 6 4 14 10 7 9 15 0 8 11 3
255 248 7 1 5 12 13 2 6 4 14 0 7 9 15 10 8 11 3
251 244 7 1 5 12 13 2 6 0 14 10 7 4 15 3 8 9 11
252 245 7 1 5 0 13 2 6 12 14 10 7 4 15 3 8 9 11
248 241 7 1 5 12 13 2 6 4 14 10 7 11 0 3 8 9 15
249 242 7 1 5 12 13 2 6 4 14 10 7 11 15 3 0 8 9
245 238 7 1 5 12 4 2 6 0 14 10 7 11 15 13 8 9 3
248 241 7 1 5 12 13 2 6 4 14 10 0 11 15 7 8 9 3
249 242 7 1 5 12 13 2 6 4 14 0 10 11 15 7 8 9 3
250 243 7 1 5 12 13 2 6 4 14 7 10 11 15 0 8 9 3
251 245 6 1 5 12 13 2 6 4 14 7 10 11 15 3 8 9 0
253 246 7 1 5 12 13 2 6 4 14 7 10 11 15 3 8 0 9
237 230 7 1 5 4 13 2 6 12 14 10 7 11 0 3 8 9 15
238 231 7 1 5 0 4 2 6 12 14 10 7 11 15 13 8 9 3
236 229 7 1 5 4 13 0 6 12 14 2 7 11 15 10 8 9 3
250 243 7 0 5 12 13 2 6 4 14 10 7 11 15 3 8 9 1
252 245 7 3 5 12 13 2 6 4 14 10 7 11 15 0 8 9 1
253 247 6 3 5 12 13 2 6 4 14 10 7 11 15 1 8 9 0
255 248 7 3 5 12 13 2 6 4 14 10 7 11 15 1 8 0 9
253 246 7 3 5 12 13 2 6 4 14 0 7 11 15 10 8 9 1
247 240 7 0 5 12 13 2 6 4 14 10 7 11 15 1 8 9 3
251 243 8 6 5 12 13 2 0 4 14 10 7 11 15 1 8 9 3
252 244 8 6 5 12 13 2 4 0 14 10 7 11 15 1 8 9 3
253 245 8 6 5 0 13 2 4 12 14 10 7 11 15 1 8 9 3
220 212 8 1 0 5 4 2 6 12 14 9 7 11 15 13 8 10 3
205 197 8 1 5 12 13 2 6 4 14 7 8 11 15 9 0 10 3
206 198 8 1 5 12 13 2 6 4 14 7 8 11 15 9 10 0 3
206 199 7 1 5 12 13 2 6 4 14 7 8 11 15 9 10 3 0
209 201 8 1 5 12 13 2 6 4 14 7 8 11 15 0 10 3 9
212 204 8 1 5 12 13 2 6 4 14 7 0 11 15 8 10 3 9
212 205 7 1 5 12 13 2 6 4 14 0 7 11 15 8 10 3 9
213 206 7 1 5 12 13 2 6 4 14 8 7 11 15 0 10 3 9
214 208 6 1 5 12 13 2 6 4 14 8 7 11 15 9 10 3 0
216 209 7 1 5 12 13 2 6 4 14 8 7 11 15 9 10 0 3
217 210 7 1 5 12 13 2 6 4 14 8 7 11 15 9 0 10 3
218 211 7 1 5 12 13 2 6 4 14 8 7 11 15 0 9 10 3
219 213 6 1 5 12 13 2 6 4 14 8 7 11 15 3 9 10 0
221 214 7 1 5 12 13 2 6 4 14 8 7 11 15 3 9 0 10
222 215 7 1 5 12 13 2 6 4 14 8 7 11 15 3 0 9 10
223 216 7 1 5 12 13 2 6 4 14 8 7 11 15 0 3 9 10
224 218 6 1 5 12 13 2 6 4 14 8 7 11 15 10 3 9 0
226 219 7 1 5 12 13 2 6 4 14 8 7 11 15 10 3 0 9
224 217 7 1 5 12 13 2 6 4 14 0 7 11 15 8 3 9 10
219 212 7 1 5 12 13 2 6 4 14 0 7 11 15 8 9 10 3
214 207 7 1 5 12 13 2 6 4 14 8 7 11 15 10 0 3 9
216 208 8 1 5 12 13 2 6 4 14 8 0 11 15 10 7 3 9
217 209 8 1 5 12 13 2 6 4 14 0 8 11 15 10 7 3 9
218 210 8 1 5 12 13 2 6 4 14 10 8 11 15 0 7 3 9
219 212 7 1 5 12 13 2 6 4 14 10 8 11 15 9 7 3 0
221 213 8 1 5 12 13 2 6 4 14 10 8 11 15 9 7 0 3
222 214 8 1 5 12 13 2 6 4 14 10 8 11 15 9 0 7 3
222 215 7 1 5 12 13 2 6 4 14 10 0 11 15 9 8 7 3
223 216 7 1 5 12 13 2 6 4 14 0 10 11 15 9 8 7 3
224 217 7 1 5 12 13 2 6 4 14 9 10 11 15 0 8 7 3
225 219 6 1 5 12 13 2 6 4 14 9 10 11 15 3 8 7 0
227 220 7 1 5 12 13 2 6 4 14 9 10 11 15 3 8 0 7
227 220 7 1 5 12 13 2 6 4 14 9 0 11 15 10 8 7 3
228 221 7 1 5 12 13 2 6 4 14 0 9 11 15 10 8 7 3
229 222 7 1 5 12 13 2 6 4 14 10 9 11 15 0 8 7 3
230 224 6 1 5 12 13 2 6 4 14 10 9 11 15 3 8 7 0
232 225 7 1 5 12 13 2 6 4 14 10 9 11 15 3 8 0 7
234 226 8 1 5 12 13 2 6 4 14 10 9 11 15 3 0 8 7
235 227 8 1 5 12 13 2 6 4 14 10 9 11 15 0 3 8 7
236 229 7 1 5 12 13 2 6 4 14 10 9 11 15 7 3 8 0
238 230 8 1 5 12 13 2 6 4 14 10 9 11 15 7 3 0 8
239 231 8 1 5 12 13 2 6 4 14 10 9 11 15 7 0 3 8
240 232 8 1 5 12 13 2 6 4 14 10 9 11 15 0 7 3 8
241 234 7 1 5 12 13 2 6 4 14 10 9 11 15 8 7 3 0
243 235 8 1 5 12 13 2 6 4 14 10 9 11 15 8 7 0 3
208 200 8 1 5 12 13 2 6 4 14 7 9 11 15 8 0 10 3
209 201 8 1 5 12 13 2 6 4 14 7 9 11 15 8 10 0 3
209 202 7 1 5 12 13 2 6 4 14 7 9 11 15 8 10 3 0
212 204 8 1 5 12 13 2 6 4 14 7 9 11 15 0 10 3 8
213 205 8 1 5 12 13 2 6 4 14 7 9 11 15 10 0 3 8
214 206 8 1 5 12 13 2 6 4 14 7 9 11 15 10 3 0 8
214 207 7 1 5 12 13 2 6 4 14 7 9 11 15 10 3 8 0
217 209 8 1 5 12 13 2 6 4 14 7 9 11 15 0 3 8 10
218 210 8 1 5 12 13 2 6 4 14 0 9 11 15 7 3 8 10
208 200 8 1 5 12 13 2 6 4 14 9 0 7 15 3 8 10 11
209 201 8 1 5 12 13 2 6 4 14 0 9 7 15 3 8 10 11
209 202 7 1 5 12 13 2 6 4 14 3 9 7 15 0 8 10 11
210 204 6 1 5 12 13 2 6 4 14 3 9 7 15 11 8 10 0
214 207 7 1 5 12 13 2 6 4 14 3 9 0 15 11 8 10 7
215 208 7 1 5 12 13 2 6 4 14 3 0 9 15 11 8 10 7
215 208 7 1 5 12 13 2 6 4 14 3 9 10 15 11 8 0 7
215 209 6 1 5 12 13 2 6 4 14 3 9 10 15 11 8 7 0
219 212 7 1 5 12 13 2 6 4 14 3 9 0 15 11 8 7 10
220 213 7 1 5 12 13 2 6 4 14 3 0 9 15 11 8 7 10
220 213 7 1 5 12 13 2 6 0 14 3 9 4 15 11 8 7 10
221 214 7 1 5 0 13 2 6 12 14 3 9 4 15 11 8 7 10
218 211 7 1 5 12 13 2 6 4 14 3 9 10 15 0 8 7 11
221 214 7 1 5 12 13 2 6 4 14 3 0 10 15 9 8 7 11
222 215 7 1 5 12 13 2 6 4 14 3 10 0 15 9 8 7 11
223 216 7 1 5 12 13 2 6 4 14 3 10 7 15 9 8 0 11
223 217 6 1 5 12 13 2 6 4 14 3 10 7 15 9 8 11 0
227 220 7 1 5 12 13 2 6 4 14 3 10 0 15 9 8 11 7
227 221 6 1 5 12 13 2 6 4 14 3 10 11 15 9 8 0 7
227 222 5 1 5 12 13 2 6 4 14 3 10 11 15 9 8 7 0
230 224 6 1 5 12 13 2 6 4 14 3 10 11 15 0 8 7 9
233 227 6 1 5 12 13 2 6 4 14 3 0 11 15 10 8 7 9
235 228 7 1 5 12 13 2 6 4 14 3 11 0 15 10 8 7 9
236 229 7 1 5 12 13 2 6 4 14 3 11 7 15 10 8 0 9
236 230 6 1 5 12 13 2 6 4 14 3 11 7 15 10 8 9 0
240 233 7 1 5 12 13 2 6 4 14 3 11 0 15 10 8 9 7
240 234 6 1 5 12 13 2 6 4 14 3 0 11 15 10 8 9 7
242 235 7 1 5 12 13 2 6 4 14 0 3 11 15 10 8 9 7
243 236 7 1 5 12 13 2 6 4 14 10 3 11 15 0 8 9 7
244 238 6 1 5 12 13 2 6 4 14 10 3 11 15 7 8 9 0
246 239 7 1 5 12 13 2 6 4 14 10 3 11 15 7 8 0 9
246 239 7 1 5 12 13 2 6 4 14 10 0 11 15 3 8 9 7
247 240 7 1 5 12 13 2 6 4 14 0 10 11 15 3 8 9 7
247 241 6 1 5 12 13 2 6 4 14 3 10 11 15 0 8 9 7
248 243 5 1 5 12 13 2 6 4 14 3 10 11 15 7 8 9 0
250 244 6 1 5 12 13 2 6 4 14 3 10 11 15 7 8 0 9
252 245 7 1 5 12 13 2 6 4 14 3 10 11 15 7 0 8 9
253 246 7 1 5 12 13 2 6 4 14 3 10 11 15 0 7 8 9
254 248 6 1 5 12 13 2 6 4 14 3 10 11 15 9 7 8 0
256 249 7 1 5 12 13 2 6 4 14 3 10 11 15 9 7 0 8
257 250 7 1 5 12 13 2 6 4 14 3 10 11 15 9 0 7 8
258 251 7 1 5 12 13 2 6 4 14 3 10 11 15 0 9 7 8
259 253 6 1 5 12 13 2 6 4 14 3 10 11 15 8 9 7 0
261 254 7 1 5 12 13 2 6 4 14 3 10 11 15 8 9 0 7
261 254 7 1 5 12 13 2 6 4 14 3 0 11 15 10 9 7 8
262 255 7 1 5 12 13 2 6 4 14 3 9 11 15 10 0 7 8
263 256 7 1 5 12 13 2 6 4 14 3 9 11 15 10 7 0 8
263 257 6 1 5 12 13 2 6 4 14 3 9 11 15 10 7 8 0
266 259 7 1 5 12 13 2 6 4 14 3 9 11 15 0 7 8 10
269 262 7 1 5 12 13 2 6 4 14 3 0 11 15 9 7 8 10
269 263 6 1 5 12 13 2 6 4 14 3 7 11 15 9 0 8 10
269 264 5 1 5 12 13 2 6 4 14 3 7 11 15 9 8 0 10
269 265 4 1 5 12 13 2 6 4 14 3 7 11 15 9 8 10 0
272 267 5 1 5 12 13 2 6 4 14 3 7 11 15 0 8 10 9
276 270 6 1 5 12 13 2 6 4 14 3 0 11 15 7 8 10 9
270 264 6 1 5 12 13 2 6 4 14 3 7 11 15 0 9 8 10
271 266 5 1 5 12 13 2 6 4 14 3 7 11 15 10 9 8 0
273 267 6 1 5 12 13 2 6 4 14 3 7 11 15 10 9 0 8
274 268 6 1 5 12 13 2 6 4 14 3 7 11 15 10 0 9 8
275 269 6 1 5 12 13 2 6 4 14 3 7 11 15 0 10 9 8
276 271 5 1 5 12 13 2 6 4 14 3 7 11 15 8 10 9 0
278 272 6 1 5 12 13 2 6 4 14 3 7 11 15 8 10 0 9
276 270 6 1 5 12 0 2 6 4 14 3 7 11 15 13 8 10 9
277 272 5 1 5 12 9 2 6 4 14 3 7 11 15 13 8 10 0
280 274 6 1 5 12 9 2 6 4 14 3 7 11 15 0 8 10 13
279 273 6 1 5 12 9 2 6 4 14 3 7 11 15 13 8 0 10
279 273 6 1 5 12 4 2 6 0 14 3 7 11 15 13 8 10 9
280 274 6 1 5 0 4 2 6 12 14 3 7 11 15 13 8 10 9
281 275 6 1 5 4 0 2 6 12 14 3 7 11 15 13 8 10 9
283 278 5 1 5 4 13 2 6 12 14 3 7 11 15 0 8 10 9
284 280 4 1 5 4 13 2 6 12 14 3 7 11 15 9 8 10 0
286 281 5 1 5 4 13 2 6 12 14 3 7 11 15 9 8 0 10
282 277 5 1 5 4 9 2 6 12 14 3 7 11 15 13 8 10 0
285 279 6 1 5 4 9 2 6 12 14 3 7 11 15 0 8 10 13
284 278 6 1 5 4 9 2 6 12 14 3 7 11 15 13 8 0 10
285 279 6 1 5 4 13 2 6 12 14 3 7 11 15 8 0 10 9
286 280 6 1 5 4 13 2 6 12 14 3 7 11 15 8 10 0 9
286 281 5 1 5 4 13 2 6 12 14 3 7 11 15 8 10 9 0
289 283 6 1 5 4 13 2 6 12 14 3 7 11 15 0 10 9 8
290 284 6 1 5 4 13 2 6 12 14 3 7 11 15 10 0 9 8
291 285 6 1 5 4 13 2 6 12 14 3 7 11 15 10 9 0 8
291 286 5 1 5 4 13 2 6 12 14 3 7 11 15 10 9 8 0
294 288 6 1 5 4 13 2 6 12 14 3 7 11 15 0 9 8 10
288 282 6 1 5 4 13 2 6 12 14 3 7 11 15 9 0 8 10
288 282 6 1 5 4 13 2 6 12 14 3 7 0 15 9 8 11 10
289 283 6 1 5 4 13 2 6 0 14 3 7 12 15 9 8 11 10
290 284 6 1 5 0 13 2 6 4 14 3 7 12 15 9 8 11 10
289 283 6 1 5 4 13 2 6 12 14 3 7 0 15 9 8 10 11
290 284 6 1 5 4 13 2 6 12 14 3 7 10 15 9 8 0 11
290 285 5 1 5 4 13 2 6 12 14 3 7 10 15 9 8 11 0
293 287 6 1 5 4 13 2 6 12 14 3 7 10 15 0 8 11 9
290 284 6 1 5 4 13 2 6 0 14 3 7 12 15 9 8 10 11
291 285 6 1 5 0 13 2 6 4 14 3 7 12 15 9 8 10 11
289 283 6 0 5 4 13 2 6 12 14 3 7 11 15 9 8 10 1
291 285 6 9 5 4 13 2 6 12 14 3 7 11 15 0 8 10 1
292 287 5 9 5 4 13 2 6 12 14 3 7 11 15 1 8 10 0
294 288 6 9 5 4 13 2 6 12 14 3 7 11 15 1 8 0 10
275 269 6 0 5 12 13 2 6 4 14 3 7 11 15 1 8 10 9
277 272 5 9 5 12 13 2 6 4 14 3 7 11 15 1 8 10 0
280 274 6 9 5 12 13 2 6 4 14 3 7 11 15 0 8 10 1
279 273 6 9 5 12 13 2 6 4 14 3 7 11 15 1 8 0 10
274 268 6 1 5 12 13 2 6 4 14 0 7 11 15 3 8 10 9
288 282 6 1 5 4 0 2 6 12 14 3 7 11 15 9 8 10 13
291 285 6 1 5 4 12 2 6 0 14 3 7 11 15 9 8 10 13
292 286 6 1 5 0 12 2 6 4 14 3 7 11 15 9 8 10 13
289 283 6 1 5 0 4 2 6 12 14 3 7 11 15 9 8 10 13
290 284 6 1 5 12 4 2 6 0 14 3 7 11 15 9 8 10 13
273 267 6 1 5 12 0 2 6 4 14 3 7 11 15 9 8 10 13
277 271 6 1 5 0 12 2 6 4 14 3 7 11 15 13 8 10 9
285 279 6 1 5 4 13 2 6 12 14 0 7 11 15 3 8 10 9
278 272 6 1 5 4 12 2 6 0 14 3 7 11 15 13 8 10 9
271 265 6 1 5 12 13 2 6 4 14 3 7 0 15 9 8 11 10
272 266 6 1 5 12 13 2 6 0 14 3 7 4 15 9 8 11 10
273 267 6 1 5 0 13 2 6 12 14 3 7 4 15 9 8 11 10
286 280 6 0 5 4 13 2 6 12 14 3 7 11 15 1 8 10 9
287 281 6 1 5 4 13 2 6 12 14 3 7 11 0 9 8 10 15
287 281 6 1 5 4 13 2 6 12 14 3 0 11 15 7 8 10 9
274 268 6 1 5 12 13 2 6 4 14 3 7 11 15 8 0 10 9
274 268 6 0 5 12 13 2 6 4 14 3 7 11 15 9 8 10 1
272 266 6 1 5 12 13 2 6 4 14 3 7 11 0 9 8 10 15
274 268 6 1 5 12 13 2 6 4 14 3 7 0 15 9 8 10 11
275 269 6 1 5 12 13 2 6 4 14 3 7 10 15 9 8 0 11
275 270 5 1 5 12 13 2 6 4 14 3 7 10 15 9 8 11 0
278 272 6 1 5 12 13 2 6 4 14 3 7 10 15 0 8 11 9
275 269 6 1 5 12 13 2 6 0 14 3 7 4 15 9 8 10 11
276 270 6 1 5 0 13 2 6 12 14 3 7 4 15 9 8 10 11
278 271 7 1 5 13 0 2 6 12 14 3 7 4 15 9 8 10 11
279 273 6 1 5 13 11 2 6 12 14 3 7 4 15 9 8 10 0
283 276 7 1 5 13 11 2 6 12 14 3 7 0 15 9 8 10 4
284 277 7 1 5 13 11 2 6 12 14 3 7 10 15 9 8 0 4
284 278 6 1 5 13 11 2 6 12 14 3 7 10 15 9 8 4 0
288 281 7 1 5 13 11 2 6 12 14 3 7 0 15 9 8 4 10
289 282 7 1 5 13 11 2 6 0 14 3 7 12 15 9 8 4 10
290 283 7 1 5 0 11 2 6 13 14 3 7 12 15 9 8 4 10
291 284 7 1 5 11 0 2 6 13 14 3 7 12 15 9 8 4 10
293 287 6 1 5 11 13 2 6 0 14 3 7 12 15 9 8 4 10
294 288 6 1 5 11 13 2 6 12 14 3 7 0 15 9 8 4 10
295 289 6 1 5 11 13 2 6 12 14 3 7 4 15 9 8 0 10
295 290 5 1 5 11 13 2 6 12 14 3 7 4 15 9 8 10 0
299 293 6 1 5 11 13 2 6 12 14 3 7 0 15 9 8 10 4
300 294 6 1 5 11 13 2 6 12 14 3 7 10 15 9 8 0 4
300 295 5 1 5 11 13 2 6 12 14 3 7 10 15 9 8 4 0
303 297 6 1 5 11 13 2 6 12 14 3 7 10 15 0 8 4 9
300 294 6 1 5 11 13 2 6 0 14 3 7 12 15 9 8 10 4
301 295 6 1 5 0 13 2 6 11 14 3 7 12 15 9 8 10 4
298 292 6 1 5 11 13 2 6 12 14 3 7 4 15 0 8 10 9
294 288 6 1 5 0 13 2 6 11 14 3 7 12 15 9 8 4 10
292 286 6 1 5 11 10 2 6 13 14 3 7 12 15 9 8 4 0
296 289 7 1 5 11 10 2 6 13 14 3 7 0 15 9 8 4 12
297 290 7 1 5 11 10 2 6 13 14 3 7 4 15 9 8 0 12
296 291 5 1 5 11 10 2 6 13 14 3 7 4 15 9 8 12 0
300 294 6 1 5 11 10 2 6 13 14 3 7 0 15 9 8 12 4
301 295 6 1 5 11 10 2 6 0 14 3 7 13 15 9 8 12 4
302 296 6 1 5 0 10 2 6 11 14 3 7 13 15 9 8 12 4
303 297 6 1 5 10 0 2 6 11 14 3 7 13 15 9 8 12 4
304 299 5 1 5 10 4 2 6 11 14 3 7 13 15 9 8 12 0
308 302 6 1 5 10 4 2 6 11 14 3 7 0 15 9 8 12 13
308 303 5 1 5 10 4 2 6 0 14 3 7 11 15 9 8 12 13
308 304 4 1 5 0 4 2 6 10 14 3 7 11 15 9 8 12 13
309 305 4 1 5 4 0 2 6 10 14 3 7 11 15 9 8 12 13
309 307 2 1 5 4 13 2 6 10 14 3 7 11 15 9 8 12 0
312 309 3 1 5 4 13 2 6 10 14 3 7 11 15 0 8 12 9
316 312 4 1 5 4 13 2 6 10 14 3 0 11 15 7 8 12 9
316 312 4 1 5 4 0 2 6 10 14 3 7 11 15 13 8 12 9
317 314 3 1 5 4 9 2 6 10 14 3 7 11 15 13 8 12 0
317 313 4 1 5 0 4 2 6 10 14 3 7 11 15 13 8 12 9
315 311 4 0 5 4 13 2 6 10 14 3 7 11 15 1 8 12 9
317 314 3 9 5 4 13 2 6 10 14 3 7 11 15 1 8 12 0
320 316 4 9 5 4 13 2 6 10 14 3 7 11 15 0 8 12 1
314 310 4 1 5 4 13 2 6 10 14 3 7 11 15 8 0 12 9
314 310 4 1 5 4 13 2 6 10 14 0 7 11 15 3 8 12 9
312 308 4 1 5 4 13 2 6 10 14 3 7 11 15 9 8 0 12
312 308 4 1 5 4 13 2 6 10 14 3 7 11 0 9 8 12 15
312 308 4 1 5 4 9 2 6 10 14 3 7 11 15 0 8 12 13
314 310 4 1 5 4 13 2 6 10 14 3 7 0 15 9 8 12 11
314 310 4 0 5 4 13 2 6 10 14 3 7 11 15 9 8 12 1
318 313 5 6 5 4 13 2 0 10 14 3 7 11 15 9 8 12 1
317 312 5 13 5 4 0 2 6 10 14 3 7 11 15 9 8 12 1
318 314 4 13 5 4 1 2 6 10 14 3 7 11 15 9 8 12 0
321 316 5 13 5 4 1 2 6 10 14 3 7 11 15 0 8 12 9
320 315 5 13 5 4 9 2 6 10 14 3 7 11 15 0 8 12 1
321 317 4 13 5 4 9 2 6 10 14 3 7 11 15 1 8 12 0
318 313 5 13 5 0 4 2 6 10 14 3 7 11 15 9 8 12 1
316 311 5 5 0 4 13 2 6 10 14 3 7 11 15 9 8 12 1
317 312 5 5 4 0 13 2 6 10 14 3 7 11 15 9 8 12 1
316 311 5 2 5 4 13 0 6 10 14 3 7 11 15 9 8 12 1
314 309 5 1 5 4 13 2 6 10 0 3 7 11 14 9 8 12 15
320 315 5 1 5 4 10 2 6 0 14 3 7 11 15 13 8 12 9
321 316 5 1 5 0 10 2 6 4 14 3 7 11 15 13 8 12 9
322 317 5 1 5 10 0 2 6 4 14 3 7 11 15 13 8 12 9
324 320 4 1 5 10 13 2 6 4 14 3 7 11 15 0 8 12 9
325 322 3 1 5 10 13 2 6 4 14 3 7 11 15 9 8 12 0
323 319 4 1 5 10 9 2 6 4 14 3 7 11 15 13 8 12 0
326 321 5 1 5 10 9 2 6 4 14 3 7 11 15 0 8 12 13
318 313 5 1 5 4 13 2 6 10 14 0 3 11 15 7 8 12 9
319 314 5 1 5 4 13 2 6 10 14 7 3 11 15 0 8 12 9
320 316 4 1 5 4 13 2 6 10 14 7 3 11 15 9 8 12 0
330 325 5 1 5 10 13 2 6 4 14 3 7 0 15 9 8 12 11
331 326 5 1 5 10 13 2 6 0 14 3 7 4 15 9 8 12 11
331 327 4 1 5 0 13 2 6 10 14 3 7 4 15 9 8 12 11
333 328 5 1 5 13 0 2 6 10 14 3 7 4 15 9 8 12 11
334 330 4 1 5 13 11 2 6 10 14 3 7 4 15 9 8 12 0
338 333 5 1 5 13 11 2 6 10 14 3 7 0 15 9 8 12 4
337 332 5 1 5 13 11 2 6 10 14 3 7 4 15 0 8 12 9
340 335 5 1 5 13 0 2 6 10 14 3 7 4 15 11 8 12 9
341 337 4 1 5 13 9 2 6 10 14 3 7 4 15 11 8 12 0
340 336 4 1 5 0 13 2 6 10 14 3 7 4 15 11 8 12 9
342 337 5 1 0 5 13 2 6 10 14 3 7 4 15 11 8 12 9
342 337 5 1 5 10 13 2 6 0 14 3 7 4 15 11 8 12 9
343 338 5 1 5 10 13 2 6 4 14 3 7 0 15 11 8 12 9
345 340 5 1 5 13 9 2 6 10 14 3 7 0 15 11 8 12 4
316 311 5 1 5 4 13 2 6 10 14 3 0 11 15 8 7 12 9
320 315 5 9 5 4 13 2 6 10 14 3 7 11 15 1 8 0 12
314 309 5 1 5 4 9 2 6 10 14 3 7 11 15 8 0 12 13
310 305 5 1 0 5 4 2 6 10 14 3 7 11 15 9 8 12 13
316 311 5 1 5 4 13 2 6 10 14 7 0 11 15 3 8 12 9
316 311 5 1 5 4 13 0 6 10 14 2 7 11 15 3 8 12 9
314 309 5 1 5 4 13 2 6 10 14 3 7 0 15 9 8 11 12
324 319 5 9 5 4 13 2 6 10 14 3 0 11 15 7 8 12 1
311 306 5 1 5 4 14 2 6 10 0 3 7 11 15 9 8 12 13
318 313 5 1 5 4 13 2 0 10 14 3 6 11 15 7 8 12 9
314 309 5 1 5 4 13 2 6 10 14 3 7 11 15 9 0 8 12
315 310 5 1 5 4 13 2 6 10 14 3 7 11 15 0 9 8 12
316 312 4 1 5 4 13 2 6 10 14 3 7 11 15 12 9 8 0
318 313 5 1 5 4 13 2 6 10 14 3 7 11 15 12 9 0 8
319 314 5 1 5 4 13 2 6 10 14 3 7 11 15 12 0 9 8
320 315 5 1 5 4 13 2 6 10 14 3 7 11 15 0 12 9 8
321 317 4 1 5 4 13 2 6 10 14 3 7 11 15 8 12 9 0
314 309 5 1 5 4 9 2 6 10 14 0 7 11 15 3 8 12 13
314 309 5 1 5 4 13 2 6 10 14 3 7 0 11 9 8 12 15
316 311 5 1 5 4 13 2 6 10 14 3 7 15 0 9 8 12 11
316 312 4 1 5 4 13 2 6 10 14 3 7 15 11 9 8 12 0
319 314 5 1 5 4 13 2 6 10 14 3 7 15 11 0 8 12 9
320 315 5 1 5 4 9 2 6 10 14 3 7 11 15 13 8 0 12
316 311 5 1 5 4 9 2 6 10 14 3 0 11 15 7 8 12 13
319 314 5 1 5 10 4 2 6 0 14 3 7 11 15 13 8 12 9
318 313 5 1 5 4 14 2 6 10 0 3 7 11 15 13 8 12 9
322 317 5 0 5 4 9 2 6 10 14 3 7 11 15 13 8 12 1
322 317 5 1 5 4 9 2 6 10 14 3 7 0 15 13 8 12 11
322 317 5 9 5 4 13 2 6 10 14 0 7 11 15 3 8 12 1
318 313 5 13 5 4 0 2 6 10 14 3 7 11 15 1 8 12 9
319 314 5 13 5 0 4 2 6 10 14 3 7 11 15 1 8 12 9
328 323 5 1 5 10 13 2 6 4 14 3 7 11 0 9 8 12 15
327 322 5 0 5 10 13 2 6 4 14 3 7 11 15 1 8 12 9
329 325 4 9 5 10 13 2 6 4 14 3 7 11 15 1 8 12 0
332 327 5 9 5 10 13 2 6 4 14 3 7 11 15 0 8 12 1
326 321 5 1 5 10 13 2 6 4 14 3 7 11 15 8 0 12 9
326 321 5 1 5 10 13 2 6 4 14 0 7 11 15 3 8 12 9
319 314 5 0 5 4 1 2 6 10 14 3 7 11 15 13 8 12 9
321 317 4 9 5 4 1 2 6 10 14 3 7 11 15 13 8 12 0
324 319 5 9 5 4 1 2 6 10 14 3 7 11 15 0 8 12 13
317 312 5 5 0 4 13 2 6 10 14 3 7 11 15 1 8 12 9
318 313 5 5 4 0 13 2 6 10 14 3 7 11 15 1 8 12 9
329 324 5 1 5 10 0 2 6 4 14 3 7 11 15 9 8 12 13
330 325 5 1 5 0 10 2 6 4 14 3 7 11 15 9 8 12 13
320 315 5 1 5 4 9 2 6 10 14 3 7 11 0 13 8 12 15
322 317 5 9 5 4 13 2 6 10 14 3 7 11 15 8 0 12 1
318 313 5 1 5 4 13 2 6 10 14 3 11 0 15 7 8 12 9
317 312 5 2 5 4 13 0 6 10 14 3 7 11 15 1 8 12 9
322 317 5 9 5 4 13 2 6 10 14 3 7 0 15 1 8 12 11
318 313 5 1 5 4 13 2 6 10 14 3 8 11 15 7 0 12 9
319 314 5 1 5 4 13 2 6 10 14 3 8 11 15 0 7 12 9
320 316 4 1 5 4 13 2 6 10 14 3 8 11 15 9 7 12 0
333 328 5 1 0 5 13 2 6 10 14 3 7 4 15 9 8 12 11
321 316 5 9 5 4 0 2 6 10 14 3 7 11 15 1 8 12 13
322 317 5 9 5 0 4 2 6 10 14 3 7 11 15 1 8 12 13
319 314 5 6 5 4 13 2 0 10 14 3 7 11 15 1 8 12 9
319 314 5 1 0 5 4 2 6 10 14 3 7 11 15 13 8 12 9
324 319 5 9 5 4 0 2 6 10 14 3 7 11 15 13 8 12 1
325 320 5 9 5 0 4 2 6 10 14 3 7 11 15 13 8 12 1
328 323 5 1 5 10 13 2 6 4 14 3 7 11 15 9 8 0 12
316 311 5 1 5 4 13 2 6 10 14 3 7 12 15 9 8 0 11
316 312 4 1 5 4 13 2 6 10 14 3 7 12 15 9 8 11 0
319 314 5 1 5 4 13 2 6 10 14 3 7 12 15 0 8 11 9
328 323 5 1 5 10 13 2 6 4 14 3 0 11 15 7 8 12 9
316 311 5 1 5 4 13 2 6 0 14 3 7 10 15 9 8 12 11
317 312 5 1 5 0 13 2 6 4 14 3 7 10 15 9 8 12 11
313 308 5 1 5 4 10 2 6 0 14 3 7 11 15 9 8 12 13
336 331 5 1 5 13 9 2 6 10 14 3 7 4 15 0 8 12 11
315 310 5 0 5 4 9 2 6 10 14 3 7 11 15 1 8 12 13
320 315 5 9 5 4 13 2 6 10 14 3 7 11 0 1 8 12 15
330 325 5 0 5 10 13 2 6 4 14 3 7 11 15 9 8 12 1
316 311 5 1 5 4 13 2 6 10 14 3 7 11 15 8 12 0 9
316 311 5 1 5 4 13 2 6 10 14 3 0 7 15 9 8 12 11
312 307 5 0 5 4 1 2 6 10 14 3 7 11 15 9 8 12 13
316 310 6 6 5 4 1 2 0 10 14 3 7 11 15 9 8 12 13
314 308 6 5 0 4 1 2 6 10 14 3 7 11 15 9 8 12 13
315 309 6 5 4 0 1 2 6 10 14 3 7 11 15 9 8 12 13
316 310 6 5 4 1 0 2 6 10 14 3 7 11 15 9 8 12 13
316 312 4 5 4 1 13 2 6 10 14 3 7 11 15 9 8 12 0
320 315 5 0 4 1 13 2 6 10 14 3 7 11 15 9 8 12 5
322 317 5 9 4 1 13 2 6 10 14 3 7 11 15 0 8 12 5
323 319 4 9 4 1 13 2 6 10 14 3 7 11 15 5 8 12 0
327 322 5 0 4 1 13 2 6 10 14 3 7 11 15 5 8 12 9
328 323 5 4 0 1 13 2 6 10 14 3 7 11 15 5 8 12 9
329 324 5 4 1 0 13 2 6 10 14 3 7 11 15 5 8 12 9
321 316 5 4 0 1 13 2 6 10 14 3 7 11 15 9 8 12 5
322 317 5 4 1 0 13 2 6 10 14 3 7 11 15 9 8 12 5
319 314 5 5 4 1 13 2 6 10 14 3 7 11 15 0 8 12 9
323 317 6 5 4 1 13 2 6 10 14 3 0 11 15 7 8 12 9
323 317 6 5 4 1 0 2 6 10 14 3 7 11 15 13 8 12 9
324 319 5 5 4 1 9 2 6 10 14 3 7 11 15 13 8 12 0
328 322 6 0 4 1 9 2 6 10 14 3 7 11 15 13 8 12 5
330 324 6 13 4 1 9 2 6 10 14 3 7 11 15 0 8 12 5
331 326 5 13 4 1 9 2 6 10 14 3 7 11 15 5 8 12 0
335 329 6 0 4 1 9 2 6 10 14 3 7 11 15 5 8 12 13
336 330 6 4 0 1 9 2 6 10 14 3 7 11 15 5 8 12 13
337 331 6 4 1 0 9 2 6 10 14 3 7 11 15 5 8 12 13
337 332 5 4 1 9 0 2 6 10 14 3 7 11 15 5 8 12 13
337 334 3 4 1 9 13 2 6 10 14 3 7 11 15 5 8 12 0
341 337 4 0 1 9 13 2 6 10 14 3 7 11 15 5 8 12 4
341 338 3 1 0 9 13 2 6 10 14 3 7 11 15 5 8 12 4
343 339 4 1 9 0 13 2 6 10 14 3 7 11 15 5 8 12 4
343 339 4 1 6 9 13 2 0 10 14 3 7 11 15 5 8 12 4
343 339 4 5 1 9 13 2 6 10 14 3 7 11 15 0 8 12 4
343 341 2 5 1 9 13 2 6 10 14 3 7 11 15 4 8 12 0
347 344 3 0 1 9 13 2 6 10 14 3 7 11 15 4 8 12 5
347 345 2 1 0 9 13 2 6 10 14 3 7 11 15 4 8 12 5
349 346 3 1 9 0 13 2 6 10 14 3 7 11 15 4 8 12 5
349 346 3 1 6 9 13 2 0 10 14 3 7 11 15 4 8 12 5
351 347 4 1 6 9 13 2 10 0 14 3 7 11 15 4 8 12 5
347 343 4 5 1 9 0 2 6 10 14 3 7 11 15 4 8 12 13
349 345 4 0 1 9 5 2 6 10 14 3 7 11 15 4 8 12 13
351 348 3 13 1 9 5 2 6 10 14 3 7 11 15 4 8 12 0
349 346 3 1 0 9 5 2 6 10 14 3 7 11 15 4 8 12 13
351 347 4 1 9 0 5 2 6 10 14 3 7 11 15 4 8 12 13
352 348 4 1 9 5 0 2 6 10 14 3 7 11 15 4 8 12 13
352 350 2 1 9 5 13 2 6 10 14 3 7 11 15 4 8 12 0
357 353 4 1 9 5 13 2 6 10 14 3 7 0 15 4 8 12 11
357 353 4 0 9 5 13 2 6 10 14 3 7 11 15 4 8 12 1
358 354 4 9 0 5 13 2 6 10 14 3 7 11 15 4 8 12 1
358 355 3 9 5 0 13 2 6 10 14 3 7 11 15 4 8 12 1
360 356 4 9 5 13 0 2 6 10 14 3 7 11 15 4 8 12 1
361 358 3 9 5 13 1 2 6 10 14 3 7 11 15 4 8 12 0
365 361 4 0 5 13 1 2 6 10 14 3 7 11 15 4 8 12 9
366 363 3 1 5 13 0 2 6 10 14 3 7 11 15 4 8 12 9
367 365 2 1 5 13 9 2 6 10 14 3 7 11 15 4 8 12 0
366 364 2 1 5 0 13 2 6 10 14 3 7 11 15 4 8 12 9
368 365 3 1 0 5 13 2 6 10 14 3 7 11 15 4 8 12 9
368 365 3 1 5 10 13 2 6 0 14 3 7 11 15 4 8 12 9
370 366 4 1 5 10 13 2 6 14 0 3 7 11 15 4 8 12 9
370 366 4 1 5 10 13 2 0 6 14 3 7 11 15 4 8 12 9
370 366 4 1 5 10 13 2 6 11 14 3 7 0 15 4 8 12 9
368 364 4 1 5 13 14 2 6 10 0 3 7 11 15 4 8 12 9
370 366 4 0 1 5 13 2 6 10 14 3 7 11 15 4 8 12 9
372 369 3 9 1 5 13 2 6 10 14 3 7 11 15 4 8 12 0
351 347 4 1 9 10 13 2 6 0 14 3 7 11 15 4 8 12 5
351 347 4 1 9 13 0 2 6 10 14 3 7 11 15 4 8 12 5
352 349 3 1 9 13 5 2 6 10 14 3 7 11 15 4 8 12 0
370 366 4 1 6 5 13 2 0 10 14 3 7 11 15 4 8 12 9
372 368 4 1 5 13 9 2 6 10 14 3 7 0 15 4 8 12 11
340 336 4 4 1 9 13 2 6 10 14 3 7 11 15 0 8 12 5
351 347 4 1 6 9 13 0 2 10 14 3 7 11 15 4 8 12 5
351 347 4 6 1 9 13 2 0 10 14 3 7 11 15 4 8 12 5
352 348 4 6 0 9 13 2 1 10 14 3 7 11 15 4 8 12 5
353 349 4 0 6 9 13 2 1 10 14 3 7 11 15 4 8 12 5
355 352 3 5 6 9 13 2 1 10 14 3 7 11 15 4 8 12 0
350 346 4 13 1 9 0 2 6 10 14 3 7 11 15 4 8 12 5
351 347 4 1 6 9 5 2 0 10 14 3 7 11 15 4 8 12 13
371 367 4 1 5 13 9 2 6 10 14 3 7 11 15 0 8 12 4
374 370 4 1 5 13 0 2 6 10 14 3 7 11 15 9 8 12 4
375 372 3 1 5 13 4 2 6 10 14 3 7 11 15 9 8 12 0
374 371 3 1 5 0 13 2 6 10 14 3 7 11 15 9 8 12 4
376 372 4 1 0 5 13 2 6 10 14 3 7 11 15 9 8 12 4
376 372 4 1 5 10 13 2 6 0 14 3 7 11 15 9 8 12 4
356 352 4 1 9 5 13 2 6 10 14 3 7 11 15 0 8 12 4
348 344 4 5 1 9 13 2 6 10 14 3 7 0 15 4 8 12 11
370 366 4 1 5 13 9 2 6 10 14 3 7 11 15 4 8 0 12
351 347 4 1 6 9 13 2 7 10 14 3 0 11 15 4 8 12 5
346 342 4 5 1 9 13 2 6 10 14 3 7 11 15 4 8 0 12
349 345 4 2 1 9 13 0 6 10 14 3 7 11 15 4 8 12 5
355 351 4 1 9 5 13 2 6 10 14 3 7 11 15 4 8 0 12
355 351 4 1 9 5 13 2 6 10 14 3 7 11 0 4 8 12 15
346 342 4 5 1 9 13 2 6 10 14 3 7 11 0 4 8 12 15
370 366 4 1 5 13 4 2 6 10 14 3 7 11 15 0 8 12 9
362 358 4 0 5 13 9 2 6 10 14 3 7 11 15 4 8 12 1
370 366 4 1 5 13 10 2 6 0 14 3 7 11 15 4 8 12 9
371 367 4 1 5 0 10 2 6 13 14 3 7 11 15 4 8 12 9
372 368 4 1 5 10 0 2 6 13 14 3 7 11 15 4 8 12 9
373 370 3 1 5 10 9 2 6 13 14 3 7 11 15 4 8 12 0
360 356 4 9 5 10 13 2 6 0 14 3 7 11 15 4 8 12 1
370 366 4 1 5 13 9 2 6 10 14 3 7 11 0 4 8 12 15
372 367 5 1 5 13 9 2 6 10 14 3 7 0 11 4 8 12 15
376 371 5 1 5 10 9 2 6 13 14 3 7 11 0 4 8 12 15
372 367 5 1 5 13 9 2 6 10 0 3 7 11 14 4 8 12 15
373 368 5 1 5 13 0 2 6 10 9 3 7 11 14 4 8 12 15
374 370 4 1 5 13 15 2 6 10 9 3 7 11 14 4 8 12 0
373 369 4 1 5 0 13 2 6 10 9 3 7 11 14 4 8 12 15
375 370 5 1 0 5 13 2 6 10 9 3 7 11 14 4 8 12 15
375 370 5 1 5 10 13 2 6 0 9 3 7 11 14 4 8 12 15
376 371 5 1 5 10 13 2 6 9 0 3 7 11 14 4 8 12 15
376 372 4 1 5 10 13 2 6 9 14 3 7 11 0 4 8 12 15
375 373 2 1 5 10 13 2 6 9 14 3 7 11 15 4 8 12 0
380 376 4 1 5 10 13 2 6 9 14 3 7 0 15 4 8 12 11
381 377 4 1 5 10 13 2 6 0 14 3 7 9 15 4 8 12 11
381 378 3 1 5 0 13 2 6 10 14 3 7 9 15 4 8 12 11
383 379 4 1 5 13 0 2 6 10 14 3 7 9 15 4 8 12 11
384 381 3 1 5 13 11 2 6 10 14 3 7 9 15 4 8 12 0
388 384 4 1 5 13 11 2 6 10 14 3 7 0 15 4 8 12 9
383 379 4 1 0 5 13 2 6 10 14 3 7 9 15 4 8 12 11
380 376 4 0 5 10 13 2 6 9 14 3 7 11 15 4 8 12 1
379 375 4 1 5 10 0 2 6 9 14 3 7 11 15 4 8 12 13
382 378 4 1 5 10 9 2 6 0 14 3 7 11 15 4 8 12 13
382 379 3 1 5 0 9 2 6 10 14 3 7 11 15 4 8 12 13
382 380 2 1 5 9 0 2 6 10 14 3 7 11 15 4 8 12 13
382 382 0 1 5 9 13 2 6 10 14 3 7 11 15 4 8 12 0
