0 0 0 7 2 4 0 12 6 10 11 5 14 9 8 1 15 13 3
15 2 13 7 2 4 3 12 6 10 11 5 14 9 8 1 15 13 0
14 1 13 7 2 0 4 12 6 10 11 5 14 9 8 1 15 13 3
15 2 13 7 2 10 4 12 6 0 11 5 14 9 8 1 15 13 3
16 3 13 7 2 10 4 12 6 11 0 5 14 9 8 1 15 13 3
16 4 12 7 2 10 4 12 6 11 8 5 14 9 0 1 15 13 3
16 5 11 7 2 10 4 12 6 11 8 5 14 9 3 1 15 13 0
20 8 12 7 2 10 4 12 6 11 8 5 14 0 3 1 15 13 9
20 9 11 7 2 10 4 12 6 0 8 5 14 11 3 1 15 13 9
21 10 11 7 2 0 4 12 6 10 8 5 14 11 3 1 15 13 9
23 11 12 7 2 4 0 12 6 10 8 5 14 11 3 1 15 13 9
24 13 11 7 2 4 9 12 6 10 8 5 14 11 3 1 15 13 0
28 16 12 0 2 4 9 12 6 10 8 5 14 11 3 1 15 13 7
29 18 11 1 2 4 9 12 6 10 8 5 14 11 3 0 15 13 7
30 20 10 1 2 4 9 12 6 10 8 5 14 11 3 7 15 13 0
33 22 11 1 2 4 0 12 6 10 8 5 14 11 3 7 15 13 9
33 23 10 1 2 0 4 12 6 10 8 5 14 11 3 7 15 13 9
34 24 10 1 2 10 4 12 6 0 8 5 14 11 3 7 15 13 9
36 25 11 1 2 10 4 12 6 8 0 5 14 11 3 7 15 13 9
37 26 11 1 2 10 4 12 6 8 3 5 14 11 0 7 15 13 9
37 27 10 1 2 10 4 12 6 8 3 5 14 11 9 7 15 13 0
40 29 11 1 2 10 4 12 6 8 3 5 14 11 9 0 15 13 7
43 32 11 1 2 10 4 12 6 8 3 5 0 11 9 14 15 13 7
44 33 11 1 2 10 4 12 6 8 3 0 5 11 9 14 15 13 7
45 34 11 1 2 10 4 12 6 8 3 14 5 11 9 0 15 13 7
46 36 10 1 2 10 4 12 6 8 3 14 5 11 9 7 15 13 0
48 37 11 1 2 10 4 12 6 8 3 14 5 11 9 7 15 0 13
48 38 10 1 2 10 4 12 6 8 3 14 5 11 9 7 0 15 13
49 39 10 1 2 10 4 12 6 8 3 14 5 11 9 0 7 15 13
49 41 8 1 2 10 4 12 6 8 3 14 5 11 9 13 7 15 0
51 42 9 1 2 10 4 12 6 8 3 14 5 11 0 13 7 15 9
52 43 9 1 2 10 4 12 6 8 0 14 5 11 3 13 7 15 9
52 44 8 1 2 10 4 12 6 0 8 14 5 11 3 13 7 15 9
53 45 8 1 2 0 4 12 6 10 8 14 5 11 3 13 7 15 9
55 46 9 1 2 4 0 12 6 10 8 14 5 11 3 13 7 15 9
56 48 8 1 2 4 9 12 6 10 8 14 5 11 3 13 7 15 0
58 49 9 1 2 4 9 12 6 10 8 14 5 11 0 13 7 15 3
58 49 9 1 2 4 10 12 6 0 8 14 5 11 3 13 7 15 9
59 50 9 1 2 0 10 12 6 4 8 14 5 11 3 13 7 15 9
60 51 9 1 2 10 0 12 6 4 8 14 5 11 3 13 7 15 9
61 53 8 1 2 10 9 12 6 4 8 14 5 11 3 13 7 15 0
63 54 9 1 2 10 9 12 6 4 8 14 5 11 0 13 7 15 3
54 45 9 1 2 10 4 12 6 11 8 14 5 0 3 13 7 15 9
55 46 9 1 2 10 4 12 6 11 8 14 5 3 0 13 7 15 9
55 47 8 1 2 10 4 12 6 11 8 14 5 3 9 13 7 15 0
59 50 9 1 2 10 4 12 6 11 8 14 5 0 9 13 7 15 3
59 51 8 1 2 10 4 12 6 0 8 14 5 11 9 13 7 15 3
60 52 8 1 2 0 4 12 6 10 8 14 5 11 9 13 7 15 3
62 53 9 1 2 4 0 12 6 10 8 14 5 11 9 13 7 15 3
63 55 8 1 2 4 3 12 6 10 8 14 5 11 9 13 7 15 0
65 56 9 1 2 4 3 12 6 10 8 14 5 11 0 13 7 15 9
65 56 9 1 2 4 10 12 6 0 8 14 5 11 9 13 7 15 3
66 57 9 1 2 0 10 12 6 4 8 14 5 11 9 13 7 15 3
67 58 9 1 2 10 0 12 6 4 8 14 5 11 9 13 7 15 3
68 60 8 1 2 10 3 12 6 4 8 14 5 11 9 13 7 15 0
70 61 9 1 2 10 3 12 6 4 8 14 5 11 0 13 7 15 9
60 51 9 1 2 10 4 12 6 11 8 14 0 5 9 13 7 15 3
61 52 9 1 2 10 4 12 6 11 8 0 14 5 9 13 7 15 3
62 53 9 1 2 10 4 0 6 11 8 12 14 5 9 13 7 15 3
61 52 9 1 2 10 4 12 6 11 8 14 7 5 9 13 0 15 3
62 53 9 1 0 2 4 12 6 10 8 14 5 11 9 13 7 15 3
55 46 9 1 2 10 4 12 6 11 8 14 0 5 3 13 7 15 9
56 47 9 1 2 10 4 12 6 11 8 0 14 5 3 13 7 15 9
57 48 9 1 2 10 4 0 6 11 8 12 14 5 3 13 7 15 9
56 47 9 1 2 10 4 12 6 11 8 14 7 5 3 13 0 15 9
60 51 9 1 2 10 4 12 6 11 8 14 5 9 0 13 7 15 3
60 52 8 1 2 10 4 12 6 11 8 14 5 9 3 13 7 15 0
55 46 9 1 0 2 4 12 6 10 8 14 5 11 3 13 7 15 9
54 45 9 1 2 10 4 12 0 6 8 14 5 11 3 13 7 15 9
55 46 9 1 2 10 4 0 12 6 8 14 5 11 3 13 7 15 9
56 47 9 1 2 10 4 14 12 6 8 0 5 11 3 13 7 15 9
57 48 9 1 2 10 4 14 12 6 8 5 0 11 3 13 7 15 9
58 49 9 1 2 10 4 14 12 6 8 5 7 11 3 13 0 15 9
58 49 9 1 2 10 4 14 0 6 8 5 12 11 3 13 7 15 9
58 50 8 1 2 10 4 14 6 0 8 5 12 11 3 13 7 15 9
59 51 8 1 2 0 4 14 6 10 8 5 12 11 3 13 7 15 9
61 52 9 1 2 4 0 14 6 10 8 5 12 11 3 13 7 15 9
62 54 8 1 2 4 9 14 6 10 8 5 12 11 3 13 7 15 0
64 55 9 1 2 4 9 14 6 10 8 5 12 11 0 13 7 15 3
64 55 9 1 2 4 10 14 6 0 8 5 12 11 3 13 7 15 9
65 56 9 1 2 0 10 14 6 4 8 5 12 11 3 13 7 15 9
66 57 9 1 2 10 0 14 6 4 8 5 12 11 3 13 7 15 9
67 59 8 1 2 10 9 14 6 4 8 5 12 11 3 13 7 15 0
69 60 9 1 2 10 9 14 6 4 8 5 12 11 0 13 7 15 3
61 52 9 1 0 2 4 14 6 10 8 5 12 11 3 13 7 15 9
60 51 9 1 2 10 4 14 6 8 0 5 12 11 3 13 7 15 9
61 52 9 1 2 10 4 14 6 8 3 5 12 11 0 13 7 15 9
61 53 8 1 2 10 4 14 6 8 3 5 12 11 9 13 7 15 0
61 52 9 1 2 10 4 12 6 8 0 14 5 11 9 13 7 15 3
62 53 9 1 2 10 4 12 6 8 9 14 5 11 0 13 7 15 3
62 54 8 1 2 10 4 12 6 8 9 14 5 11 3 13 7 15 0
55 46 9 1 2 10 4 12 5 6 8 14 0 11 3 13 7 15 9
56 47 9 1 2 10 4 12 5 6 8 0 14 11 3 13 7 15 9
57 48 9 1 2 10 4 0 5 6 8 12 14 11 3 13 7 15 9
57 49 8 1 2 10 4 5 0 6 8 12 14 11 3 13 7 15 9
57 50 7 1 2 10 4 5 6 0 8 12 14 11 3 13 7 15 9
58 51 7 1 2 0 4 5 6 10 8 12 14 11 3 13 7 15 9
60 52 8 1 2 4 0 5 6 10 8 12 14 11 3 13 7 15 9
61 54 7 1 2 4 9 5 6 10 8 12 14 11 3 13 7 15 0
63 55 8 1 2 4 9 5 6 10 8 12 14 11 0 13 7 15 3
63 55 8 1 2 4 10 5 6 0 8 12 14 11 3 13 7 15 9
64 56 8 1 2 0 10 5 6 4 8 12 14 11 3 13 7 15 9
65 57 8 1 2 10 0 5 6 4 8 12 14 11 3 13 7 15 9
66 59 7 1 2 10 9 5 6 4 8 12 14 11 3 13 7 15 0
68 60 8 1 2 10 9 5 6 4 8 12 14 11 0 13 7 15 3
60 52 8 1 0 2 4 5 6 10 8 12 14 11 3 13 7 15 9
58 50 8 1 2 10 4 5 14 6 8 12 0 11 3 13 7 15 9
59 51 8 1 2 10 4 5 14 6 8 0 12 11 3 13 7 15 9
59 51 8 1 2 10 4 5 14 6 8 12 7 11 3 13 0 15 9
59 51 8 1 2 10 4 5 6 11 8 12 14 0 3 13 7 15 9
60 52 8 1 2 10 4 5 6 11 8 12 14 3 0 13 7 15 9
60 53 7 1 2 10 4 5 6 11 8 12 14 3 9 13 7 15 0
64 56 8 1 2 10 4 5 6 11 8 12 14 0 9 13 7 15 3
64 57 7 1 2 10 4 5 6 0 8 12 14 11 9 13 7 15 3
65 58 7 1 2 0 4 5 6 10 8 12 14 11 9 13 7 15 3
67 59 8 1 2 4 0 5 6 10 8 12 14 11 9 13 7 15 3
68 61 7 1 2 4 3 5 6 10 8 12 14 11 9 13 7 15 0
70 62 8 1 2 4 3 5 6 10 8 12 14 11 0 13 7 15 9
70 62 8 1 2 4 10 5 6 0 8 12 14 11 9 13 7 15 3
71 63 8 1 2 0 10 5 6 4 8 12 14 11 9 13 7 15 3
72 64 8 1 2 10 0 5 6 4 8 12 14 11 9 13 7 15 3
73 66 7 1 2 10 3 5 6 4 8 12 14 11 9 13 7 15 0
75 67 8 1 2 10 3 5 6 4 8 12 14 11 0 13 7 15 9
67 59 8 1 0 2 4 5 6 10 8 12 14 11 9 13 7 15 3
66 58 8 1 2 10 4 5 6 8 0 12 14 11 9 13 7 15 3
67 59 8 1 2 10 4 5 6 8 9 12 14 11 0 13 7 15 3
67 60 7 1 2 10 4 5 6 8 9 12 14 11 3 13 7 15 0
66 58 8 1 2 10 4 5 0 6 8 12 14 11 9 13 7 15 3
67 59 8 1 2 10 4 5 14 6 8 12 0 11 9 13 7 15 3
68 60 8 1 2 10 4 5 14 6 8 0 12 11 9 13 7 15 3
68 60 8 1 2 10 4 5 14 6 8 12 7 11 9 13 0 15 3
65 57 8 1 2 10 4 5 6 11 8 12 0 14 9 13 7 15 3
66 58 8 1 2 10 4 5 6 11 8 0 12 14 9 13 7 15 3
66 58 8 1 2 10 4 5 6 11 8 12 7 14 9 13 0 15 3
60 52 8 1 2 10 4 5 6 11 8 12 0 14 3 13 7 15 9
61 53 8 1 2 10 4 5 6 11 8 0 12 14 3 13 7 15 9
61 53 8 1 2 10 4 5 6 11 8 12 7 14 3 13 0 15 9
65 57 8 1 2 10 4 5 6 11 8 12 14 9 0 13 7 15 3
65 58 7 1 2 10 4 5 6 11 8 12 14 9 3 13 7 15 0
59 51 8 1 2 10 4 5 6 8 0 12 14 11 3 13 7 15 9
60 52 8 1 2 10 4 5 6 8 3 12 14 11 0 13 7 15 9
60 53 7 1 2 10 4 5 6 8 3 12 14 11 9 13 7 15 0
65 56 9 1 2 10 4 5 6 8 3 12 14 0 9 13 7 15 11
66 57 9 1 2 10 4 5 6 8 3 12 14 9 0 13 7 15 11
66 58 8 1 2 10 4 5 6 8 3 12 14 9 11 13 7 15 0
67 58 9 1 2 10 4 5 6 8 0 12 14 9 3 13 7 15 11
67 59 8 1 2 10 4 5 6 0 8 12 14 9 3 13 7 15 11
68 60 8 1 2 10 4 5 6 9 8 12 14 0 3 13 7 15 11
69 61 8 1 2 10 4 5 6 9 8 12 14 3 0 13 7 15 11
69 62 7 1 2 10 4 5 6 9 8 12 14 3 11 13 7 15 0
73 65 8 1 2 10 4 5 6 9 8 12 14 0 11 13 7 15 3
73 66 7 1 2 10 4 5 6 9 8 12 14 11 0 13 7 15 3
73 67 6 1 2 10 4 5 6 9 8 12 14 11 3 13 7 15 0
78 70 8 0 2 10 4 5 6 9 8 12 14 11 3 13 7 15 1
77 69 8 1 2 10 0 5 6 9 8 12 14 11 3 13 7 15 4
80 72 8 1 2 10 9 5 6 0 8 12 14 11 3 13 7 15 4
81 73 8 1 2 0 9 5 6 10 8 12 14 11 3 13 7 15 4
82 74 8 1 2 9 0 5 6 10 8 12 14 11 3 13 7 15 4
82 76 6 1 2 9 4 5 6 10 8 12 14 11 3 13 7 15 0
84 77 7 1 2 9 4 5 6 10 8 12 14 11 0 13 7 15 3
86 78 8 1 2 9 4 5 6 10 8 12 14 0 11 13 7 15 3
87 79 8 1 2 9 4 5 6 10 8 12 0 14 11 13 7 15 3
88 80 8 1 2 9 4 5 6 10 8 0 12 14 11 13 7 15 3
88 80 8 1 2 9 4 5 6 10 8 12 7 14 11 13 0 15 3
87 79 8 1 2 9 4 5 6 0 8 12 14 10 11 13 7 15 3
88 80 8 1 2 0 4 5 6 9 8 12 14 10 11 13 7 15 3
86 78 8 1 2 9 4 5 6 10 0 12 14 11 8 13 7 15 3
87 79 8 1 2 9 4 5 6 0 10 12 14 11 8 13 7 15 3
88 80 8 1 2 0 4 5 6 9 10 12 14 11 8 13 7 15 3
87 79 8 1 2 9 4 5 6 10 8 12 14 0 3 13 7 15 11
88 80 8 1 2 9 4 5 6 10 8 12 14 3 0 13 7 15 11
88 81 7 1 2 9 4 5 6 10 8 12 14 3 11 13 7 15 0
88 80 8 1 2 9 4 5 6 10 8 12 0 14 3 13 7 15 11
89 81 8 1 2 9 4 5 6 10 8 0 12 14 3 13 7 15 11
89 81 8 1 2 9 4 5 6 10 8 12 7 14 3 13 0 15 11
88 80 8 1 2 9 4 5 6 0 8 12 14 10 3 13 7 15 11
89 81 8 1 2 0 4 5 6 9 8 12 14 10 3 13 7 15 11
77 69 8 1 2 10 4 5 6 9 8 12 14 11 3 0 7 15 13
80 72 8 1 2 10 4 5 6 9 8 12 0 11 3 14 7 15 13
81 73 8 1 2 10 4 5 6 9 8 0 12 11 3 14 7 15 13
82 74 8 1 2 10 4 5 6 9 8 14 12 11 3 0 7 15 13
82 76 6 1 2 10 4 5 6 9 8 14 12 11 3 13 7 15 0
84 77 7 1 2 10 4 5 6 9 8 14 12 11 0 13 7 15 3
86 78 8 1 2 10 4 5 6 9 8 14 12 0 11 13 7 15 3
87 79 8 1 2 10 4 5 6 9 8 14 0 12 11 13 7 15 3
88 80 8 1 2 10 4 5 6 9 8 0 14 12 11 13 7 15 3
87 79 8 0 2 9 4 5 6 10 8 12 14 11 3 13 7 15 1
78 70 8 1 2 10 4 5 6 9 8 0 14 11 3 12 7 15 13
76 68 8 1 2 10 4 5 6 9 8 12 14 11 3 13 7 0 15
77 69 8 1 2 10 4 5 6 9 8 12 14 11 3 13 0 7 15
77 70 7 1 2 10 4 5 6 9 8 12 0 11 3 13 14 7 15
78 71 7 1 2 10 4 5 6 9 8 0 12 11 3 13 14 7 15
80 72 8 1 2 10 4 5 6 9 8 13 12 11 3 0 14 7 15
81 74 7 1 2 10 4 5 6 9 8 13 12 11 3 15 14 7 0
83 75 8 1 2 10 4 5 6 9 8 13 12 11 3 15 14 0 7
75 67 8 1 2 10 4 5 6 9 0 12 14 11 8 13 7 15 3
76 68 8 1 2 10 4 5 6 0 9 12 14 11 8 13 7 15 3
77 69 8 1 2 0 4 5 6 10 9 12 14 11 8 13 7 15 3
86 78 8 1 2 9 4 5 6 10 8 12 14 11 3 0 7 15 13
89 81 8 1 2 9 4 5 6 10 8 12 0 11 3 14 7 15 13
90 82 8 1 2 9 4 5 6 10 8 0 12 11 3 14 7 15 13
91 83 8 1 2 9 4 5 6 10 8 14 12 11 3 0 7 15 13
91 85 6 1 2 9 4 5 6 10 8 14 12 11 3 13 7 15 0
93 86 7 1 2 9 4 5 6 10 8 14 12 11 0 13 7 15 3
95 87 8 1 2 9 4 5 6 10 8 14 12 0 11 13 7 15 3
96 88 8 1 2 9 4 5 6 10 8 14 0 12 11 13 7 15 3
97 89 8 1 2 9 4 5 6 10 8 0 14 12 11 13 7 15 3
97 89 8 1 2 9 4 5 6 10 8 14 7 12 11 13 0 15 3
96 88 8 1 2 9 4 5 6 0 8 14 12 10 11 13 7 15 3
97 89 8 1 2 0 4 5 6 9 8 14 12 10 11 13 7 15 3
87 79 8 1 2 10 4 5 6 9 8 14 12 0 3 13 7 15 11
88 80 8 1 2 10 4 5 6 9 8 14 12 3 0 13 7 15 11
88 81 7 1 2 10 4 5 6 9 8 14 12 3 11 13 7 15 0
95 87 8 1 2 9 4 5 6 10 0 14 12 11 8 13 7 15 3
96 88 8 1 2 9 4 5 6 0 10 14 12 11 8 13 7 15 3
97 89 8 1 2 0 4 5 6 9 10 14 12 11 8 13 7 15 3
88 80 8 1 2 10 4 5 6 9 8 14 0 12 3 13 7 15 11
89 81 8 1 2 10 4 5 6 9 8 0 14 12 3 13 7 15 11
89 81 8 1 2 10 4 5 6 9 8 14 7 12 3 13 0 15 11
87 79 8 1 2 10 4 5 6 0 8 14 12 9 11 13 7 15 3
88 80 8 1 2 0 4 5 6 10 8 14 12 9 11 13 7 15 3
79 71 8 1 2 10 4 5 6 9 8 12 11 0 3 13 14 7 15
80 72 8 1 2 10 4 5 6 9 8 12 11 3 0 13 14 7 15
80 73 7 1 2 10 4 5 6 9 8 12 11 3 15 13 14 7 0
84 76 8 1 2 10 4 5 6 9 8 12 11 0 15 13 14 7 3
84 77 7 1 2 10 4 5 6 9 8 12 0 11 15 13 14 7 3
85 78 7 1 2 10 4 5 6 9 8 0 12 11 15 13 14 7 3
87 79 8 1 2 10 4 5 6 9 8 13 12 11 15 0 14 7 3
88 81 7 1 2 10 4 5 6 9 8 13 12 11 15 3 14 7 0
90 82 8 1 2 10 4 5 6 9 8 13 12 11 15 3 14 0 7
90 82 8 1 2 10 4 5 6 9 8 13 12 11 0 3 14 7 15
87 79 8 1 2 9 4 5 6 10 8 0 14 11 3 12 7 15 13
87 79 8 0 2 10 4 5 6 9 8 14 12 11 3 13 7 15 1
90 82 8 1 2 9 4 5 6 10 8 12 7 11 3 14 0 15 13
90 83 7 1 2 9 4 5 6 10 8 12 7 11 3 0 14 15 13
90 85 5 1 2 9 4 5 6 10 8 12 7 11 3 13 14 15 0
92 86 6 1 2 9 4 5 6 10 8 12 7 11 0 13 14 15 3
94 87 7 1 2 9 4 5 6 10 8 12 7 0 11 13 14 15 3
95 88 7 1 2 9 4 5 6 10 8 12 0 7 11 13 14 15 3
96 89 7 1 2 9 4 5 6 10 8 0 12 7 11 13 14 15 3
95 88 7 1 2 9 4 5 6 0 8 12 7 10 11 13 14 15 3
96 89 7 1 2 0 4 5 6 9 8 12 7 10 11 13 14 15 3
94 87 7 1 2 9 4 5 6 10 0 12 7 11 8 13 14 15 3
95 88 7 1 2 9 4 5 6 0 10 12 7 11 8 13 14 15 3
96 89 7 1 2 0 4 5 6 9 10 12 7 11 8 13 14 15 3
95 88 7 1 2 9 4 5 6 10 8 12 7 0 3 13 14 15 11
96 89 7 1 2 9 4 5 6 10 8 12 7 3 0 13 14 15 11
96 90 6 1 2 9 4 5 6 10 8 12 7 3 11 13 14 15 0
96 89 7 1 2 9 4 5 6 10 8 12 0 7 3 13 14 15 11
97 90 7 1 2 9 4 5 6 10 8 0 12 7 3 13 14 15 11
96 89 7 1 2 9 4 5 6 0 8 12 7 10 3 13 14 15 11
97 90 7 1 2 0 4 5 6 9 8 12 7 10 3 13 14 15 11
95 88 7 0 2 9 4 5 6 10 8 12 7 11 3 13 14 15 1
94 87 7 1 2 9 0 5 6 10 8 12 7 11 3 13 14 15 4
97 90 7 1 2 9 10 5 6 0 8 12 7 11 3 13 14 15 4
98 91 7 1 2 0 10 5 6 9 8 12 7 11 3 13 14 15 4
99 92 7 1 2 10 0 5 6 9 8 12 7 11 3 13 14 15 4
99 94 5 1 2 10 4 5 6 9 8 12 7 11 3 13 14 15 0
101 95 6 1 2 10 4 5 6 9 8 12 7 11 0 13 14 15 3
103 96 7 1 2 10 4 5 6 9 8 12 7 0 11 13 14 15 3
104 97 7 1 2 10 4 5 6 9 8 12 0 7 11 13 14 15 3
105 98 7 1 2 10 4 5 6 9 8 0 12 7 11 13 14 15 3
104 97 7 1 2 10 4 5 6 0 8 12 7 9 11 13 14 15 3
105 98 7 1 2 0 4 5 6 10 8 12 7 9 11 13 14 15 3
103 96 7 1 2 10 4 5 6 9 0 12 7 11 8 13 14 15 3
104 97 7 1 2 10 4 5 6 0 9 12 7 11 8 13 14 15 3
105 98 7 1 2 0 4 5 6 10 9 12 7 11 8 13 14 15 3
104 97 7 1 2 10 4 5 6 9 8 12 7 0 3 13 14 15 11
105 98 7 1 2 10 4 5 6 9 8 12 7 3 0 13 14 15 11
105 99 6 1 2 10 4 5 6 9 8 12 7 3 11 13 14 15 0
105 98 7 1 2 10 4 5 6 9 8 12 0 7 3 13 14 15 11
106 99 7 1 2 10 4 5 6 9 8 0 12 7 3 13 14 15 11
105 98 7 1 2 10 4 5 6 0 8 12 7 9 3 13 14 15 11
106 99 7 1 2 0 4 5 6 10 8 12 7 9 3 13 14 15 11
95 88 7 1 2 0 9 5 6 10 8 12 7 11 3 13 14 15 4
93 86 7 1 2 9 4 5 6 10 8 12 0 11 3 7 14 15 13
94 87 7 1 2 9 4 5 6 10 8 0 12 11 3 7 14 15 13
95 88 7 1 2 9 4 5 6 10 8 7 12 11 3 0 14 15 13
95 90 5 1 2 9 4 5 6 10 8 7 12 11 3 13 14 15 0
97 91 6 1 2 9 4 5 6 10 8 7 12 11 0 13 14 15 3
99 92 7 1 2 9 4 5 6 10 8 7 12 0 11 13 14 15 3
100 93 7 1 2 9 4 5 6 10 8 7 0 12 11 13 14 15 3
101 94 7 1 2 9 4 5 6 10 8 0 7 12 11 13 14 15 3
100 93 7 1 2 9 4 5 6 0 8 7 12 10 11 13 14 15 3
101 94 7 1 2 0 4 5 6 9 8 7 12 10 11 13 14 15 3
103 96 7 1 2 10 4 5 6 9 8 12 7 11 3 0 14 15 13
106 99 7 1 2 10 4 5 6 9 8 12 0 11 3 7 14 15 13
107 100 7 1 2 10 4 5 6 9 8 0 12 11 3 7 14 15 13
108 101 7 1 2 10 4 5 6 9 8 7 12 11 3 0 14 15 13
108 103 5 1 2 10 4 5 6 9 8 7 12 11 3 13 14 15 0
110 104 6 1 2 10 4 5 6 9 8 7 12 11 0 13 14 15 3
112 105 7 1 2 10 4 5 6 9 8 7 12 0 11 13 14 15 3
113 106 7 1 2 10 4 5 6 9 8 7 0 12 11 13 14 15 3
114 107 7 1 2 10 4 5 6 9 8 0 7 12 11 13 14 15 3
113 106 7 1 2 10 4 5 6 0 8 7 12 9 11 13 14 15 3
114 107 7 1 2 0 4 5 6 10 8 7 12 9 11 13 14 15 3
112 105 7 1 2 10 4 5 6 9 0 7 12 11 8 13 14 15 3
113 106 7 1 2 10 4 5 6 0 9 7 12 11 8 13 14 15 3
114 107 7 1 2 0 4 5 6 10 9 7 12 11 8 13 14 15 3
96 89 7 1 2 10 9 5 6 0 8 12 7 11 3 13 14 15 4
113 106 7 0 2 10 4 5 6 9 8 7 12 11 3 13 14 15 1
102 95 7 1 2 10 4 5 6 9 8 12 7 11 3 13 14 0 15
98 91 7 1 2 9 4 5 6 10 8 7 0 11 3 12 14 15 13
99 92 7 1 2 9 0 5 6 10 8 7 12 11 3 13 14 15 4
102 95 7 1 2 9 10 5 6 0 8 7 12 11 3 13 14 15 4
103 96 7 1 2 0 10 5 6 9 8 7 12 11 3 13 14 15 4
100 93 7 1 2 0 9 5 6 10 8 7 12 11 3 13 14 15 4
101 94 7 1 2 10 9 5 6 0 8 7 12 11 3 13 14 15 4
104 97 7 1 2 10 4 5 6 9 8 0 7 11 3 12 14 15 13
99 92 7 1 2 9 4 5 6 10 0 7 12 11 8 13 14 15 3
100 93 7 1 2 9 4 5 6 0 10 7 12 11 8 13 14 15 3
101 94 7 1 2 0 4 5 6 9 10 7 12 11 8 13 14 15 3
111 104 7 1 2 10 4 5 6 9 8 7 12 11 3 13 14 0 15
105 98 7 1 2 10 4 5 6 9 8 7 0 11 3 12 14 15 13
100 93 7 0 2 9 4 5 6 10 8 7 12 11 3 13 14 15 1
113 106 7 1 2 10 4 5 6 9 8 7 12 0 3 13 14 15 11
114 107 7 1 2 10 4 5 6 9 8 7 12 3 0 13 14 15 11
114 108 6 1 2 10 4 5 6 9 8 7 12 3 11 13 14 15 0
114 107 7 1 2 10 4 5 6 9 8 7 0 12 3 13 14 15 11
115 108 7 1 2 10 4 5 6 9 8 0 7 12 3 13 14 15 11
100 93 7 1 2 9 4 5 6 10 8 7 12 0 3 13 14 15 11
101 94 7 1 2 9 4 5 6 10 8 7 12 3 0 13 14 15 11
101 95 6 1 2 9 4 5 6 10 8 7 12 3 11 13 14 15 0
101 94 7 1 2 9 4 5 6 10 8 7 0 12 3 13 14 15 11
102 95 7 1 2 9 4 5 6 10 8 0 7 12 3 13 14 15 11
101 94 7 1 2 9 4 5 6 0 8 7 12 10 3 13 14 15 11
102 95 7 1 2 0 4 5 6 9 8 7 12 10 3 13 14 15 11
104 97 7 1 2 10 0 5 6 9 8 7 12 11 3 13 14 15 4
114 107 7 1 2 10 4 5 6 0 8 7 12 9 3 13 14 15 11
115 108 7 1 2 0 4 5 6 10 8 7 12 9 3 13 14 15 11
104 97 7 0 2 10 4 5 6 9 8 12 7 11 3 13 14 15 1
98 91 7 1 2 9 4 5 6 10 8 7 12 11 3 13 14 0 15
91 84 7 1 2 9 4 5 6 10 8 0 7 11 3 12 14 15 13
93 86 7 1 2 9 4 5 6 10 8 12 7 11 3 13 14 0 15
95 87 8 1 2 9 4 5 6 10 8 12 7 11 3 13 0 14 15
96 88 8 1 2 9 4 5 6 10 8 12 0 11 3 13 7 14 15
97 89 8 1 2 9 4 5 6 10 8 0 12 11 3 13 7 14 15
95 87 8 1 2 9 4 5 6 10 8 12 7 0 3 13 14 11 15
96 88 8 1 2 9 4 5 6 10 8 12 7 3 0 13 14 11 15
96 89 7 1 2 9 4 5 6 10 8 12 7 3 15 13 14 11 0
100 92 8 1 2 9 4 5 6 10 8 12 7 0 15 13 14 11 3
100 93 7 1 2 9 4 5 6 10 8 12 7 11 15 13 14 0 3
100 94 6 1 2 9 4 5 6 10 8 12 7 11 15 13 14 3 0
102 95 7 1 2 9 4 5 6 10 8 12 7 11 0 13 14 3 15
104 96 8 1 2 9 4 5 6 10 8 12 7 0 11 13 14 3 15
105 97 8 1 2 9 4 5 6 10 8 12 0 7 11 13 14 3 15
106 98 8 1 2 9 4 5 6 10 8 0 12 7 11 13 14 3 15
96 88 8 1 2 9 4 5 6 10 8 12 0 7 3 13 14 11 15
97 89 8 1 2 9 4 5 6 10 8 0 12 7 3 13 14 11 15
99 91 8 1 2 9 4 5 6 10 8 13 12 7 3 0 14 15 11
100 93 7 1 2 9 4 5 6 10 8 13 12 7 3 11 14 15 0
104 96 8 1 2 9 4 5 6 10 8 13 12 0 3 11 14 15 7
105 97 8 1 2 9 4 5 6 10 8 13 12 3 0 11 14 15 7
105 98 7 1 2 9 4 5 6 10 8 13 12 3 7 11 14 15 0
109 101 8 1 2 9 4 5 6 10 8 13 12 0 7 11 14 15 3
110 102 8 1 2 9 4 5 6 10 8 13 0 12 7 11 14 15 3
111 103 8 1 2 9 4 5 6 10 8 0 13 12 7 11 14 15 3
112 104 8 1 2 9 4 5 6 10 8 11 13 12 7 0 14 15 3
114 107 7 1 2 9 4 5 6 10 8 11 0 12 7 13 14 15 3
115 108 7 1 2 9 4 5 6 10 8 11 12 0 7 13 14 15 3
116 109 7 1 2 9 4 5 6 10 8 11 12 7 0 13 14 15 3
116 110 6 1 2 9 4 5 6 10 8 11 12 7 3 13 14 15 0
120 113 7 1 2 9 4 5 6 10 8 11 12 0 3 13 14 15 7
121 114 7 1 2 9 4 5 6 10 8 11 12 3 0 13 14 15 7
121 115 6 1 2 9 4 5 6 10 8 11 12 3 7 13 14 15 0
121 114 7 1 2 9 4 5 6 10 8 11 0 12 3 13 14 15 7
122 115 7 1 2 9 4 5 6 10 8 0 11 12 3 13 14 15 7
121 114 7 1 2 9 4 5 6 0 8 11 12 10 3 13 14 15 7
122 115 7 1 2 0 4 5 6 9 8 11 12 10 3 13 14 15 7
116 109 7 1 2 9 4 5 6 0 8 11 12 10 7 13 14 15 3
117 110 7 1 2 0 4 5 6 9 8 11 12 10 7 13 14 15 3
115 108 7 1 2 9 4 5 6 10 8 0 11 12 7 13 14 15 3
113 106 7 1 2 9 4 5 6 10 8 11 13 12 7 3 14 15 0
117 109 8 1 2 9 4 5 6 10 8 11 13 0 7 3 14 15 12
118 110 8 1 2 9 4 5 6 10 8 11 13 7 0 3 14 15 12
117 111 6 1 2 9 4 5 6 10 8 11 13 7 12 3 14 15 0
121 114 7 1 2 9 4 5 6 10 8 11 13 0 12 3 14 15 7
122 115 7 1 2 9 4 5 6 10 8 11 0 13 12 3 14 15 7
123 116 7 1 2 9 4 5 6 10 8 0 11 13 12 3 14 15 7
124 117 7 1 2 9 4 5 6 10 8 3 11 13 12 0 14 15 7
125 119 6 1 2 9 4 5 6 10 8 3 11 13 12 7 14 15 0
129 122 7 1 2 9 4 5 6 10 8 3 11 0 12 7 14 15 13
129 123 6 1 2 9 4 5 6 10 8 3 0 11 12 7 14 15 13
130 124 6 1 2 9 4 5 6 10 8 0 3 11 12 7 14 15 13
131 125 6 1 2 9 4 5 6 10 8 7 3 11 12 0 14 15 13
131 127 4 1 2 9 4 5 6 10 8 7 3 11 12 13 14 15 0
136 130 6 1 2 9 4 5 6 10 8 7 3 0 12 13 14 15 11
137 131 6 1 2 9 4 5 6 10 8 7 0 3 12 13 14 15 11
138 132 6 1 2 9 4 5 6 10 8 0 7 3 12 13 14 15 11
137 131 6 1 2 9 4 5 6 0 8 7 3 10 12 13 14 15 11
138 132 6 1 2 0 4 5 6 9 8 7 3 10 12 13 14 15 11
136 130 6 0 2 9 4 5 6 10 8 7 3 11 12 13 14 15 1
135 129 6 1 2 9 0 5 6 10 8 7 3 11 12 13 14 15 4
138 132 6 1 2 9 10 5 6 0 8 7 3 11 12 13 14 15 4
139 133 6 1 2 0 10 5 6 9 8 7 3 11 12 13 14 15 4
140 134 6 1 2 10 0 5 6 9 8 7 3 11 12 13 14 15 4
140 136 4 1 2 10 4 5 6 9 8 7 3 11 12 13 14 15 0
145 139 6 1 2 10 4 5 6 9 8 7 3 0 12 13 14 15 11
146 140 6 1 2 10 4 5 6 9 8 7 0 3 12 13 14 15 11
147 141 6 1 2 10 4 5 6 9 8 0 7 3 12 13 14 15 11
146 140 6 1 2 10 4 5 6 0 8 7 3 9 12 13 14 15 11
147 141 6 1 2 0 4 5 6 10 8 7 3 9 12 13 14 15 11
134 128 6 1 2 9 4 5 6 10 8 7 3 11 12 13 14 0 15
144 138 6 1 2 10 4 5 6 9 8 7 3 11 12 0 14 15 13
147 141 6 1 2 10 4 5 6 9 8 7 0 11 12 3 14 15 13
148 142 6 1 2 10 4 5 6 9 8 0 7 11 12 3 14 15 13
149 143 6 1 2 10 4 5 6 9 8 3 7 11 12 0 14 15 13
149 145 4 1 2 10 4 5 6 9 8 3 7 11 12 13 14 15 0
154 148 6 1 2 10 4 5 6 9 8 3 7 0 12 13 14 15 11
155 149 6 1 2 10 4 5 6 9 8 3 0 7 12 13 14 15 11
156 150 6 1 2 10 4 5 6 9 8 0 3 7 12 13 14 15 11
155 149 6 1 2 10 4 5 6 0 8 3 7 9 12 13 14 15 11
156 150 6 1 2 0 4 5 6 10 8 3 7 9 12 13 14 15 11
154 148 6 0 2 10 4 5 6 9 8 3 7 11 12 13 14 15 1
153 147 6 1 2 10 0 5 6 9 8 3 7 11 12 13 14 15 4
156 150 6 1 2 10 9 5 6 0 8 3 7 11 12 13 14 15 4
157 151 6 1 2 0 9 5 6 10 8 3 7 11 12 13 14 15 4
158 152 6 1 2 9 0 5 6 10 8 3 7 11 12 13 14 15 4
158 154 4 1 2 9 4 5 6 10 8 3 7 11 12 13 14 15 0
163 157 6 1 2 9 4 5 6 10 8 3 7 0 12 13 14 15 11
164 158 6 1 2 9 4 5 6 10 8 3 0 7 12 13 14 15 11
165 159 6 1 2 9 4 5 6 10 8 0 3 7 12 13 14 15 11
164 158 6 1 2 9 4 5 6 0 8 3 7 10 12 13 14 15 11
165 159 6 1 2 0 4 5 6 9 8 3 7 10 12 13 14 15 11
163 157 6 0 2 9 4 5 6 10 8 3 7 11 12 13 14 15 1
162 156 6 1 2 9 4 5 6 10 8 3 7 11 12 0 14 15 13
163 157 6 1 2 9 4 5 6 10 8 0 7 11 12 3 14 15 13
152 146 6 1 2 10 4 5 6 9 8 3 7 11 0 13 14 15 12
134 128 6 1 2 9 4 5 6 10 8 7 0 11 12 3 14 15 13
136 130 6 1 2 0 9 5 6 10 8 7 3 11 12 13 14 15 4
143 137 6 1 2 10 4 5 6 9 8 7 3 11 12 13 14 0 15
152 146 6 1 2 10 4 5 6 9 8 3 0 11 12 7 14 15 13
145 139 6 0 2 10 4 5 6 9 8 7 3 11 12 13 14 15 1
134 128 6 1 2 9 4 5 6 10 8 7 3 11 0 13 14 15 12
143 137 6 1 2 10 4 5 6 9 8 7 3 11 0 13 14 15 12
145 139 6 1 2 10 4 5 6 9 8 0 3 11 12 7 14 15 13
154 148 6 1 2 0 10 5 6 9 8 3 7 11 12 13 14 15 4
152 146 6 1 2 10 4 5 6 9 8 3 7 11 12 13 14 0 15
161 155 6 1 2 9 4 5 6 10 8 3 7 11 0 13 14 15 12
155 149 6 1 2 9 10 5 6 0 8 3 7 11 12 13 14 15 4
137 131 6 1 2 10 9 5 6 0 8 7 3 11 12 13 14 15 4
161 155 6 1 2 9 4 5 6 10 8 3 7 11 12 13 14 0 15
163 156 7 1 2 9 4 5 6 10 8 3 7 11 12 13 0 14 15
164 157 7 1 2 9 4 5 6 10 8 3 0 11 12 13 7 14 15
165 158 7 1 2 9 4 5 6 10 8 0 3 11 12 13 7 14 15
157 150 7 1 2 9 10 5 6 11 8 3 7 0 12 13 14 15 4
158 151 7 1 2 9 10 5 6 11 8 3 0 7 12 13 14 15 4
159 152 7 1 2 9 10 5 6 11 8 0 3 7 12 13 14 15 4
131 124 7 1 2 9 4 5 6 10 8 3 14 11 12 7 0 15 13
132 125 7 1 2 9 4 5 6 10 8 3 14 11 12 0 7 15 13
132 127 5 1 2 9 4 5 6 10 8 3 14 11 12 13 7 15 0
137 130 7 1 2 9 4 5 6 10 8 3 14 0 12 13 7 15 11
138 131 7 1 2 9 4 5 6 10 8 3 0 14 12 13 7 15 11
139 132 7 1 2 9 4 5 6 10 8 0 3 14 12 13 7 15 11
139 132 7 1 2 9 4 5 6 10 8 3 7 14 12 13 0 15 11
140 133 7 1 2 4 0 5 6 9 8 7 3 10 12 13 14 15 11
141 135 6 1 2 4 11 5 6 9 8 7 3 10 12 13 14 15 0
145 138 7 1 2 4 11 5 6 9 8 7 3 0 12 13 14 15 10
146 139 7 1 2 4 11 5 6 9 8 7 0 3 12 13 14 15 10
147 140 7 1 2 4 11 5 6 9 8 0 7 3 12 13 14 15 10
146 139 7 1 2 4 11 5 6 0 8 7 3 9 12 13 14 15 10
147 140 7 1 2 0 11 5 6 4 8 7 3 9 12 13 14 15 10
148 141 7 1 2 11 0 5 6 4 8 7 3 9 12 13 14 15 10
150 144 6 1 2 11 4 5 6 0 8 7 3 9 12 13 14 15 10
151 145 6 1 2 11 4 5 6 9 8 7 3 0 12 13 14 15 10
152 146 6 1 2 11 4 5 6 9 8 7 0 3 12 13 14 15 10
153 147 6 1 2 11 4 5 6 9 8 0 7 3 12 13 14 15 10
151 145 6 1 2 0 4 5 6 11 8 7 3 9 12 13 14 15 10
149 143 6 1 2 11 10 5 6 4 8 7 3 9 12 13 14 15 0
153 146 7 1 2 11 10 5 6 4 8 7 3 0 12 13 14 15 9
154 147 7 1 2 11 10 5 6 4 8 7 0 3 12 13 14 15 9
155 148 7 1 2 11 10 5 6 4 8 0 7 3 12 13 14 15 9
154 147 7 1 2 11 10 5 6 0 8 7 3 4 12 13 14 15 9
155 148 7 1 2 0 10 5 6 11 8 7 3 4 12 13 14 15 9
156 149 7 1 2 10 0 5 6 11 8 7 3 4 12 13 14 15 9
157 151 6 1 2 10 9 5 6 11 8 7 3 4 12 13 14 15 0
159 152 7 1 2 10 11 5 6 0 8 7 3 4 12 13 14 15 9
160 153 7 1 2 10 11 5 6 4 8 7 3 0 12 13 14 15 9
161 154 7 1 2 10 11 5 6 4 8 7 0 3 12 13 14 15 9
162 155 7 1 2 10 11 5 6 4 8 0 7 3 12 13 14 15 9
160 153 7 1 2 0 11 5 6 10 8 7 3 4 12 13 14 15 9
161 154 7 1 2 11 0 5 6 10 8 7 3 4 12 13 14 15 9
162 156 6 1 2 11 9 5 6 10 8 7 3 4 12 13 14 15 0
166 159 7 1 2 11 9 5 6 10 8 7 3 0 12 13 14 15 4
167 160 7 1 2 11 9 5 6 10 8 7 0 3 12 13 14 15 4
168 161 7 1 2 11 9 5 6 10 8 0 7 3 12 13 14 15 4
167 160 7 1 2 11 9 5 6 0 8 7 3 10 12 13 14 15 4
168 161 7 1 2 0 9 5 6 11 8 7 3 10 12 13 14 15 4
169 162 7 1 2 9 0 5 6 11 8 7 3 10 12 13 14 15 4
169 164 5 1 2 9 4 5 6 11 8 7 3 10 12 13 14 15 0
173 167 6 1 2 9 4 5 6 11 8 7 3 0 12 13 14 15 10
173 168 5 1 2 9 4 5 6 0 8 7 3 11 12 13 14 15 10
174 169 5 1 2 0 4 5 6 9 8 7 3 11 12 13 14 15 10
176 170 6 1 2 4 0 5 6 9 8 7 3 11 12 13 14 15 10
177 172 5 1 2 4 10 5 6 9 8 7 3 11 12 13 14 15 0
179 173 6 1 2 4 9 5 6 0 8 7 3 11 12 13 14 15 10
180 174 6 1 2 0 9 5 6 4 8 7 3 11 12 13 14 15 10
181 175 6 1 2 9 0 5 6 4 8 7 3 11 12 13 14 15 10
182 177 5 1 2 9 10 5 6 4 8 7 3 11 12 13 14 15 0
176 170 6 1 0 2 4 5 6 9 8 7 3 11 12 13 14 15 10
175 169 6 1 2 9 4 5 6 8 0 7 3 11 12 13 14 15 10
175 169 6 1 2 9 4 5 0 6 8 7 3 11 12 13 14 15 10
176 170 6 1 2 9 4 5 3 6 8 7 0 11 12 13 14 15 10
177 171 6 1 2 9 4 5 3 6 8 0 7 11 12 13 14 15 10
174 168 6 1 2 9 4 5 6 11 8 7 0 3 12 13 14 15 10
175 169 6 1 2 9 4 5 6 11 8 0 7 3 12 13 14 15 10
177 170 7 1 2 9 4 5 6 11 8 13 7 3 12 0 14 15 10
178 172 6 1 2 9 4 5 6 11 8 13 7 3 12 10 14 15 0
182 175 7 1 2 9 4 5 6 11 8 13 7 0 12 10 14 15 3
182 176 6 1 2 9 4 5 6 0 8 13 7 11 12 10 14 15 3
183 177 6 1 2 0 4 5 6 9 8 13 7 11 12 10 14 15 3
185 178 7 1 2 4 0 5 6 9 8 13 7 11 12 10 14 15 3
186 180 6 1 2 4 3 5 6 9 8 13 7 11 12 10 14 15 0
189 182 7 1 2 4 3 5 6 9 8 13 7 11 12 0 14 15 10
189 183 6 1 2 4 3 5 6 9 8 0 7 11 12 13 14 15 10
190 184 6 1 2 4 3 5 6 9 8 7 0 11 12 13 14 15 10
192 185 7 1 2 4 3 5 6 9 8 7 11 0 12 13 14 15 10
193 186 7 1 2 4 3 5 6 0 8 7 11 9 12 13 14 15 10
194 187 7 1 2 0 3 5 6 4 8 7 11 9 12 13 14 15 10
194 188 6 1 2 3 0 5 6 4 8 7 11 9 12 13 14 15 10
196 191 5 1 2 3 4 5 6 0 8 7 11 9 12 13 14 15 10
197 192 5 1 2 3 4 5 6 9 8 7 11 0 12 13 14 15 10
197 193 4 1 2 3 4 5 6 9 8 7 0 11 12 13 14 15 10
198 194 4 1 2 3 4 5 6 9 8 0 7 11 12 13 14 15 10
200 195 5 1 2 3 4 5 6 9 8 13 7 11 12 0 14 15 10
201 197 4 1 2 3 4 5 6 9 8 13 7 11 12 10 14 15 0
203 198 5 1 2 3 4 5 6 9 8 13 0 11 12 7 14 15 10
204 199 5 1 2 3 4 5 6 9 8 0 13 11 12 7 14 15 10
205 200 5 1 2 3 4 5 6 9 8 7 13 11 12 0 14 15 10
206 202 4 1 2 3 4 5 6 9 8 7 13 11 12 10 14 15 0
200 195 5 1 2 3 4 0 6 9 8 5 7 11 12 13 14 15 10
199 194 5 1 2 3 4 5 6 9 8 7 14 11 12 13 0 15 10
199 194 5 1 2 3 4 5 0 9 8 7 6 11 12 13 14 15 10
200 195 5 1 2 3 4 5 9 0 8 7 6 11 12 13 14 15 10
195 190 5 1 2 3 10 5 6 4 8 7 11 9 12 13 14 15 0
199 193 6 1 2 3 10 5 6 4 8 7 11 0 12 13 14 15 9
199 194 5 1 2 3 10 5 6 4 8 7 0 11 12 13 14 15 9
200 195 5 1 2 3 10 5 6 4 8 0 7 11 12 13 14 15 9
202 196 6 1 2 3 10 5 6 4 8 13 7 11 12 0 14 15 9
203 198 5 1 2 3 10 5 6 4 8 13 7 11 12 9 14 15 0
206 200 6 1 2 3 0 5 6 4 8 13 7 11 12 9 14 15 10
208 203 5 1 2 3 4 5 6 0 8 13 7 11 12 9 14 15 10
210 204 6 1 2 3 4 5 6 8 0 13 7 11 12 9 14 15 10
210 204 6 1 2 3 4 5 0 6 8 13 7 11 12 9 14 15 10
211 205 6 1 2 3 4 5 7 6 8 13 0 11 12 9 14 15 10
212 206 6 1 2 3 4 5 7 6 8 0 13 11 12 9 14 15 10
212 207 5 1 2 3 4 5 7 6 8 9 13 11 12 0 14 15 10
214 210 4 1 2 3 4 5 7 6 8 9 0 11 12 13 14 15 10
215 211 4 1 2 3 4 5 0 6 8 9 7 11 12 13 14 15 10
215 212 3 1 2 3 4 5 6 0 8 9 7 11 12 13 14 15 10
217 213 4 1 2 3 4 5 6 8 0 9 7 11 12 13 14 15 10
217 213 4 1 2 3 4 5 6 11 8 9 7 0 12 13 14 15 10
218 214 4 1 2 3 4 5 6 11 8 9 0 7 12 13 14 15 10
217 213 4 1 2 0 4 5 6 3 8 9 7 11 12 13 14 15 10
213 209 4 1 2 3 4 5 7 6 8 9 13 11 12 10 14 15 0
219 214 5 1 2 4 0 5 6 3 8 9 7 11 12 13 14 15 10
220 216 4 1 2 4 10 5 6 3 8 9 7 11 12 13 14 15 0
222 217 5 1 2 4 3 5 6 0 8 9 7 11 12 13 14 15 10
223 218 5 1 2 0 3 5 6 4 8 9 7 11 12 13 14 15 10
223 219 4 1 2 3 0 5 6 4 8 9 7 11 12 13 14 15 10
224 221 3 1 2 3 10 5 6 4 8 9 7 11 12 13 14 15 0
229 224 5 1 2 3 10 5 6 4 8 9 7 0 12 13 14 15 11
230 225 5 1 2 3 10 5 6 4 8 9 0 7 12 13 14 15 11
230 225 5 1 2 3 10 5 6 0 8 9 7 4 12 13 14 15 11
229 224 5 0 2 3 10 5 6 4 8 9 7 11 12 13 14 15 1
231 226 5 10 2 3 0 5 6 4 8 9 7 11 12 13 14 15 1
233 229 4 10 2 3 4 5 6 0 8 9 7 11 12 13 14 15 1
232 228 4 10 2 3 1 5 6 4 8 9 7 11 12 13 14 15 0
235 230 5 10 2 3 4 5 6 8 0 9 7 11 12 13 14 15 1
235 230 5 10 2 3 4 5 0 6 8 9 7 11 12 13 14 15 1
236 231 5 10 2 3 4 5 7 6 8 9 0 11 12 13 14 15 1
235 230 5 10 2 3 4 5 6 11 8 9 7 0 12 13 14 15 1
236 231 5 10 2 3 4 5 6 11 8 9 0 7 12 13 14 15 1
227 222 5 1 2 3 10 5 6 4 8 9 7 11 0 13 14 15 12
219 214 5 1 2 3 4 5 6 11 8 9 7 12 0 13 14 15 10
219 215 4 1 2 3 4 5 6 11 8 9 7 12 10 13 14 15 0
223 218 5 1 2 3 4 5 6 11 8 9 7 0 10 13 14 15 12
223 219 4 1 2 3 4 5 6 0 8 9 7 11 10 13 14 15 12
225 220 5 1 2 3 4 5 6 8 0 9 7 11 10 13 14 15 12
226 221 5 1 2 3 4 5 6 8 10 9 7 11 0 13 14 15 12
225 222 3 1 2 3 4 5 6 8 10 9 7 11 12 13 14 15 0
230 225 5 1 2 3 4 5 6 8 10 9 7 0 12 13 14 15 11
231 226 5 1 2 3 4 5 6 8 10 9 0 7 12 13 14 15 11
231 226 5 1 2 3 4 5 6 0 10 9 7 8 12 13 14 15 11
232 227 5 1 2 3 4 5 6 10 0 9 7 8 12 13 14 15 11
230 225 5 0 2 3 4 5 6 8 10 9 7 11 12 13 14 15 1
229 224 5 1 2 3 0 5 6 8 10 9 7 11 12 13 14 15 4
232 227 5 1 2 3 8 5 6 0 10 9 7 11 12 13 14 15 4
233 228 5 1 2 3 8 5 6 10 0 9 7 11 12 13 14 15 4
233 229 4 1 2 3 0 5 6 10 8 9 7 11 12 13 14 15 4
233 231 2 1 2 3 4 5 6 10 8 9 7 11 12 13 14 15 0
238 234 4 1 2 3 4 5 6 10 8 9 7 0 12 13 14 15 11
239 235 4 1 2 3 4 5 6 10 8 9 0 7 12 13 14 15 11
239 235 4 1 2 3 4 5 6 0 8 9 7 10 12 13 14 15 11
238 234 4 0 2 3 4 5 6 10 8 9 7 11 12 13 14 15 1
237 233 4 1 2 3 4 5 6 10 8 9 7 11 12 0 14 15 13
240 236 4 1 2 3 4 5 6 10 8 9 0 11 12 7 14 15 13
236 232 4 1 2 3 4 5 6 10 8 9 7 11 12 13 14 0 15
236 232 4 1 2 3 10 5 6 0 8 9 7 11 12 13 14 15 4
236 232 4 1 2 3 4 5 6 10 8 9 7 11 0 13 14 15 12
238 233 5 1 2 3 4 5 6 10 8 9 7 0 11 13 14 15 12
239 234 5 1 2 3 4 5 6 10 8 9 0 7 11 13 14 15 12
239 234 5 1 2 3 4 5 6 0 8 9 7 10 11 13 14 15 12
220 215 5 1 2 3 4 5 6 11 8 0 9 7 12 13 14 15 10
216 211 5 1 2 3 4 5 7 6 8 9 14 11 12 13 0 15 10
225 220 5 1 2 3 8 5 6 4 0 9 7 11 12 13 14 15 10
226 221 5 1 2 3 8 5 6 0 4 9 7 11 12 13 14 15 10
227 222 5 1 2 3 13 5 6 4 8 9 7 11 12 0 14 15 10
228 224 4 1 2 3 13 5 6 4 8 9 7 11 12 10 14 15 0
231 226 5 1 2 3 0 5 6 4 8 9 7 11 12 10 14 15 13
233 229 4 1 2 3 4 5 6 0 8 9 7 11 12 10 14 15 13
235 230 5 1 2 3 4 5 6 8 0 9 7 11 12 10 14 15 13
217 212 5 1 2 3 4 0 5 6 8 9 7 11 12 13 14 15 10
235 230 5 1 2 3 4 5 0 6 8 9 7 11 12 10 14 15 13
236 231 5 1 2 3 4 5 7 6 8 9 0 11 12 10 14 15 13
224 219 5 1 2 3 4 5 6 11 8 9 0 7 10 13 14 15 12
216 211 5 1 2 3 4 5 7 6 8 0 9 11 12 13 14 15 10
219 214 5 1 0 2 4 5 6 3 8 9 7 11 12 13 14 15 10
241 236 5 1 2 3 4 5 0 10 8 9 6 7 12 13 14 15 11
242 237 5 1 2 3 4 5 10 0 8 9 6 7 12 13 14 15 11
242 238 4 1 2 3 4 5 10 7 8 9 6 0 12 13 14 15 11
243 239 4 1 2 3 4 5 10 7 8 9 0 6 12 13 14 15 11
243 240 3 1 2 3 4 5 0 7 8 9 10 6 12 13 14 15 11
245 241 4 1 2 3 4 5 7 0 8 9 10 6 12 13 14 15 11
246 242 4 1 2 3 4 5 7 6 8 9 10 0 12 13 14 15 11
245 241 4 1 2 3 4 0 5 7 8 9 10 6 12 13 14 15 11
245 241 4 1 0 3 4 5 2 7 8 9 10 6 12 13 14 15 11
247 242 5 1 3 0 4 5 2 7 8 9 10 6 12 13 14 15 11
247 242 5 1 2 0 4 5 7 3 8 9 10 6 12 13 14 15 11
247 242 5 0 1 3 4 5 2 7 8 9 10 6 12 13 14 15 11
249 245 4 11 1 3 4 5 2 7 8 9 10 6 12 13 14 15 0
253 248 5 11 1 3 4 5 2 7 8 9 10 0 12 13 14 15 6
250 245 5 2 1 3 4 5 0 7 8 9 10 6 12 13 14 15 11
251 246 5 2 0 3 4 5 1 7 8 9 10 6 12 13 14 15 11
251 247 4 0 2 3 4 5 1 7 8 9 10 6 12 13 14 15 11
253 250 3 11 2 3 4 5 1 7 8 9 10 6 12 13 14 15 0
257 253 4 11 2 3 4 5 1 7 8 9 10 0 12 13 14 15 6
259 254 5 11 2 3 4 5 1 7 8 9 10 12 0 13 14 15 6
259 255 4 11 2 3 4 5 1 7 8 9 10 12 6 13 14 15 0
263 258 5 11 2 3 4 5 1 7 8 9 10 0 6 13 14 15 12
263 258 5 0 2 3 4 5 1 7 8 9 10 12 6 13 14 15 11
265 261 4 1 2 3 4 5 0 7 8 9 10 12 6 13 14 15 11
267 262 5 1 2 3 4 5 7 0 8 9 10 12 6 13 14 15 11
268 263 5 1 2 3 4 5 7 12 8 9 10 0 6 13 14 15 11
269 264 5 1 2 3 4 5 7 12 8 9 10 6 0 13 14 15 11
269 265 4 1 2 3 4 5 7 12 8 9 10 6 11 13 14 15 0
273 268 5 1 2 3 4 5 7 12 8 9 10 0 11 13 14 15 6
273 269 4 1 2 3 4 5 7 12 8 9 10 11 0 13 14 15 6
273 270 3 1 2 3 4 5 7 12 8 9 10 11 6 13 14 15 0
278 273 5 0 2 3 4 5 7 12 8 9 10 11 6 13 14 15 1
281 276 5 7 2 3 4 5 0 12 8 9 10 11 6 13 14 15 1
282 277 5 7 2 3 4 5 12 0 8 9 10 11 6 13 14 15 1
277 272 5 1 2 3 0 5 7 12 8 9 10 11 6 13 14 15 4
280 275 5 1 2 3 12 5 7 0 8 9 10 11 6 13 14 15 4
280 276 4 1 2 3 12 5 0 7 8 9 10 11 6 13 14 15 4
282 277 5 1 2 3 12 0 5 7 8 9 10 11 6 13 14 15 4
282 277 5 1 2 3 12 5 10 7 8 9 0 11 6 13 14 15 4
282 277 5 1 0 3 12 5 2 7 8 9 10 11 6 13 14 15 4
238 233 5 1 2 0 10 5 6 3 8 9 7 11 12 13 14 15 4
239 234 5 1 2 10 0 5 6 3 8 9 7 11 12 13 14 15 4
239 236 3 1 2 10 4 5 6 3 8 9 7 11 12 13 14 15 0
244 239 5 1 2 10 4 5 6 3 8 9 7 0 12 13 14 15 11
245 240 5 1 2 10 4 5 6 3 8 9 0 7 12 13 14 15 11
245 240 5 1 2 10 4 5 6 0 8 9 7 3 12 13 14 15 11
246 241 5 1 2 0 4 5 6 10 8 9 7 3 12 13 14 15 11
244 239 5 0 2 10 4 5 6 3 8 9 7 11 12 13 14 15 1
228 223 5 1 2 3 10 5 6 4 8 9 7 11 12 0 14 15 13
231 226 5 1 2 3 10 5 6 4 8 9 0 11 12 7 14 15 13
220 215 5 1 2 3 4 5 0 11 8 9 6 7 12 13 14 15 10
221 216 5 1 2 3 4 5 11 0 8 9 6 7 12 13 14 15 10
221 217 4 1 2 3 4 5 11 7 8 9 6 0 12 13 14 15 10
222 218 4 1 2 3 4 5 11 7 8 9 0 6 12 13 14 15 10
223 219 4 1 2 3 4 5 0 7 8 9 11 6 12 13 14 15 10
225 220 5 1 2 3 4 5 7 0 8 9 11 6 12 13 14 15 10
225 220 5 1 2 3 4 0 5 7 8 9 11 6 12 13 14 15 10
225 220 5 1 0 3 4 5 2 7 8 9 11 6 12 13 14 15 10
228 223 5 1 2 3 4 5 6 8 10 9 7 11 12 13 14 0 15
235 230 5 1 2 0 4 5 6 3 8 9 7 11 12 10 14 15 13
235 230 5 1 2 3 4 5 6 11 8 9 7 0 12 10 14 15 13
236 231 5 1 2 3 4 5 6 11 8 9 0 7 12 10 14 15 13
244 239 5 1 2 3 4 5 10 7 8 9 6 12 0 13 14 15 11
244 240 4 1 2 3 4 5 10 7 8 9 6 12 11 13 14 15 0
248 243 5 1 2 3 4 5 10 7 8 9 6 0 11 13 14 15 12
248 244 4 1 2 3 4 5 10 7 8 9 6 11 0 13 14 15 12
247 245 2 1 2 3 4 5 10 7 8 9 6 11 12 13 14 15 0
252 248 4 0 2 3 4 5 10 7 8 9 6 11 12 13 14 15 1
255 251 4 10 2 3 4 5 0 7 8 9 6 11 12 13 14 15 1
255 252 3 10 2 3 4 5 6 7 8 9 0 11 12 13 14 15 1
257 253 4 10 2 3 4 5 6 7 8 9 11 0 12 13 14 15 1
257 253 4 10 2 3 4 5 6 7 8 0 9 11 12 13 14 15 1
257 253 4 10 2 3 4 5 6 7 8 9 14 11 12 13 0 15 1
251 247 4 1 2 3 0 5 10 7 8 9 6 11 12 13 14 15 4
251 247 4 1 2 3 4 5 10 7 8 9 6 11 12 0 14 15 13
254 250 4 1 2 3 4 5 10 7 8 9 0 11 12 6 14 15 13
254 251 3 1 2 3 4 5 0 7 8 9 10 11 12 6 14 15 13
256 252 4 1 2 3 4 5 7 0 8 9 10 11 12 6 14 15 13
256 252 4 1 2 3 4 0 5 7 8 9 10 11 12 6 14 15 13
256 252 4 1 0 3 4 5 2 7 8 9 10 11 12 6 14 15 13
250 246 4 1 2 3 4 5 10 7 8 9 6 11 12 13 14 0 15
252 247 5 1 2 3 4 5 10 7 8 9 6 11 12 13 0 14 15
253 248 5 1 2 3 4 5 10 7 8 9 0 11 12 13 6 14 15
253 249 4 1 2 3 4 5 0 7 8 9 10 11 12 13 6 14 15
255 250 5 1 2 3 4 5 7 0 8 9 10 11 12 13 6 14 15
255 250 5 1 2 3 4 0 5 7 8 9 10 11 12 13 6 14 15
255 250 5 1 0 3 4 5 2 7 8 9 10 11 12 13 6 14 15
248 243 5 1 2 3 4 5 7 6 8 9 10 12 0 13 14 15 11
248 244 4 1 2 3 4 5 7 6 8 9 10 12 11 13 14 15 0
252 247 5 1 2 3 4 5 7 6 8 9 10 0 11 13 14 15 12
252 248 4 1 2 3 4 5 7 6 8 9 10 11 0 13 14 15 12
251 249 2 1 2 3 4 5 7 6 8 9 10 11 12 13 14 15 0
256 252 4 0 2 3 4 5 7 6 8 9 10 11 12 13 14 15 1
259 255 4 7 2 3 4 5 0 6 8 9 10 11 12 13 14 15 1
259 256 3 7 2 3 4 5 6 0 8 9 10 11 12 13 14 15 1
261 257 4 7 2 3 4 5 6 8 0 9 10 11 12 13 14 15 1
261 257 4 7 2 3 4 5 6 11 8 9 10 0 12 13 14 15 1
261 257 4 7 2 0 4 5 6 3 8 9 10 11 12 13 14 15 1
254 250 4 1 2 3 4 5 7 6 8 9 10 11 12 13 14 0 15
255 251 4 1 2 3 4 5 7 6 8 9 10 11 12 0 14 15 13
255 251 4 1 2 3 0 5 7 6 8 9 10 11 12 13 14 15 4
258 254 4 1 2 3 6 5 7 0 8 9 10 11 12 13 14 15 4
258 255 3 1 2 3 6 5 0 7 8 9 10 11 12 13 14 15 4
260 256 4 1 2 3 6 0 5 7 8 9 10 11 12 13 14 15 4
260 256 4 1 2 3 6 5 10 7 8 9 0 11 12 13 14 15 4
260 256 4 1 0 3 6 5 2 7 8 9 10 11 12 13 14 15 4
262 257 5 1 3 0 6 5 2 7 8 9 10 11 12 13 14 15 4
263 258 5 1 3 6 0 5 2 7 8 9 10 11 12 13 14 15 4
263 260 3 1 3 6 4 5 2 7 8 9 10 11 12 13 14 15 0
268 263 5 1 3 6 4 5 2 7 8 9 10 0 12 13 14 15 11
259 254 5 11 2 3 4 5 1 7 8 9 0 10 12 13 14 15 6
260 255 5 11 2 3 4 5 0 7 8 9 1 10 12 13 14 15 6
225 220 5 1 2 3 4 5 0 6 8 9 7 11 10 13 14 15 12
226 221 5 1 2 3 4 5 7 6 8 9 0 11 10 13 14 15 12
259 254 5 11 2 3 4 5 1 0 8 9 10 7 12 13 14 15 6
260 255 5 11 2 3 4 5 0 1 8 9 10 7 12 13 14 15 6
241 236 5 1 2 3 4 5 6 8 0 9 7 10 12 13 14 15 11
267 262 5 1 2 3 4 0 5 7 8 9 10 12 6 13 14 15 11
241 236 5 1 2 0 4 5 6 3 8 9 7 10 12 13 14 15 11
241 236 5 1 2 3 4 5 0 6 8 9 7 10 12 13 14 15 11
230 225 5 1 2 3 10 5 6 8 0 9 7 11 12 13 14 15 4
242 237 5 1 2 3 4 5 0 10 8 9 6 11 12 7 14 15 13
243 238 5 1 2 3 4 5 10 0 8 9 6 11 12 7 14 15 13
242 237 5 6 2 3 4 5 0 10 8 9 7 11 12 13 14 15 1
243 238 5 6 2 3 4 5 10 0 8 9 7 11 12 13 14 15 1
267 262 5 1 0 3 4 5 2 7 8 9 10 12 6 13 14 15 11
241 236 5 13 2 3 4 5 6 10 8 9 7 11 12 0 14 15 1
242 238 4 13 2 3 4 5 6 10 8 9 7 11 12 1 14 15 0
259 254 5 13 2 3 4 5 7 6 8 9 10 11 12 0 14 15 1
260 256 4 13 2 3 4 5 7 6 8 9 10 11 12 1 14 15 0
242 237 5 1 2 3 4 5 6 10 8 9 11 0 12 7 14 15 13
243 238 5 1 2 3 4 5 6 0 8 9 11 10 12 7 14 15 13
240 235 5 5 2 3 4 0 6 10 8 9 7 11 12 13 14 15 1
238 233 5 1 2 3 10 5 0 6 8 9 7 11 12 13 14 15 4
239 234 5 1 2 3 10 5 7 6 8 9 0 11 12 13 14 15 4
240 235 5 2 0 3 4 5 6 10 8 9 7 11 12 13 14 15 1
238 233 5 1 2 3 4 5 6 10 8 9 7 0 12 13 14 11 15
239 234 5 1 2 3 4 5 6 10 8 9 0 7 12 13 14 11 15
242 237 5 1 2 10 3 5 6 0 8 9 7 11 12 13 14 15 4
238 233 5 1 2 3 4 5 6 10 8 9 7 11 12 13 0 14 15
239 234 5 1 2 3 4 5 6 10 8 9 0 11 12 13 7 14 15
226 221 5 0 2 3 1 5 6 4 8 9 7 11 12 13 14 15 10
243 238 5 1 2 10 4 5 6 3 8 9 7 11 12 0 14 15 13
246 241 5 1 2 10 4 5 6 3 8 9 0 11 12 7 14 15 13
223 218 5 1 2 3 4 5 11 7 8 9 6 15 12 13 14 0 10
223 219 4 1 2 3 4 5 11 7 8 9 6 15 12 13 14 10 0
227 222 5 1 2 3 4 5 11 7 8 9 6 0 12 13 14 10 15
228 223 5 1 2 3 4 5 11 7 8 9 0 6 12 13 14 10 15
229 224 5 1 2 3 4 5 0 7 8 9 11 6 12 13 14 10 15
217 212 5 1 0 3 4 5 2 6 8 9 7 11 12 13 14 15 10
230 225 5 1 2 3 13 5 6 4 8 9 0 11 12 7 14 15 10
216 211 5 1 2 3 4 5 7 6 8 9 11 0 12 13 14 15 10
219 214 5 1 2 3 4 5 6 8 12 9 7 11 0 13 14 15 10
219 215 4 1 2 3 4 5 6 8 12 9 7 11 10 13 14 15 0
259 254 5 4 2 3 0 5 7 6 8 9 10 11 12 13 14 15 1
260 256 4 4 2 3 1 5 7 6 8 9 10 11 12 13 14 15 0
275 270 5 1 2 3 4 5 7 12 0 9 10 11 8 13 14 15 6
276 271 5 1 2 3 4 5 7 0 12 9 10 11 8 13 14 15 6
276 272 4 1 2 3 4 5 0 7 12 9 10 11 8 13 14 15 6
278 273 5 1 2 3 4 0 5 7 12 9 10 11 8 13 14 15 6
220 215 5 1 2 3 4 5 6 11 8 9 14 7 12 13 0 15 10
219 214 5 1 2 3 4 5 6 11 8 9 7 15 12 13 14 0 10
219 215 4 1 2 3 4 5 6 11 8 9 7 15 12 13 14 10 0
223 218 5 1 2 3 4 5 6 11 8 9 7 0 12 13 14 10 15
223 219 4 1 2 3 4 5 6 0 8 9 7 11 12 13 14 10 15
225 220 5 1 2 3 4 5 6 8 0 9 7 11 12 13 14 10 15
254 249 5 5 2 3 4 0 10 7 8 9 6 11 12 13 14 15 1
255 250 5 5 2 3 4 10 0 7 8 9 6 11 12 13 14 15 1
255 251 4 5 2 3 4 10 6 7 8 9 0 11 12 13 14 15 1
257 252 5 5 2 3 4 10 6 7 8 9 11 0 12 13 14 15 1
259 254 5 10 2 3 4 5 6 7 8 13 9 11 12 0 14 15 1
260 256 4 10 2 3 4 5 6 7 8 13 9 11 12 1 14 15 0
264 259 5 0 2 3 4 5 6 7 8 13 9 11 12 1 14 15 10
265 261 4 1 2 3 4 5 6 7 8 13 9 11 12 0 14 15 10
266 263 3 1 2 3 4 5 6 7 8 13 9 11 12 10 14 15 0
265 262 3 1 2 3 4 5 6 7 8 0 9 11 12 13 14 15 10
265 263 2 1 2 3 4 5 6 7 8 9 0 11 12 13 14 15 10
267 264 3 1 2 3 4 5 6 7 8 9 11 0 12 13 14 15 10
267 264 3 1 2 3 4 5 6 7 8 9 14 11 12 13 0 15 10
267 264 3 1 2 3 4 5 0 7 8 9 6 11 12 13 14 15 10
269 265 4 1 2 3 4 5 7 0 8 9 6 11 12 13 14 15 10
269 265 4 1 2 3 4 0 5 7 8 9 6 11 12 13 14 15 10
269 265 4 1 0 3 4 5 2 7 8 9 6 11 12 13 14 15 10
269 265 4 1 2 3 4 5 6 7 8 9 14 11 12 13 15 0 10
269 266 3 1 2 3 4 5 6 7 8 9 14 11 12 13 15 10 0
269 265 4 1 2 3 4 5 6 7 8 9 14 11 12 0 13 15 10
270 267 3 1 2 3 4 5 6 7 8 9 14 11 12 10 13 15 0
272 268 4 1 2 3 4 5 6 7 8 9 0 11 12 14 13 15 10
273 269 4 1 2 3 4 5 6 7 8 9 13 11 12 14 0 15 10
273 270 3 1 2 3 4 5 6 7 8 9 13 11 12 0 14 15 10
274 272 2 1 2 3 4 5 6 7 8 9 13 11 12 10 14 15 0
279 275 4 1 2 3 4 5 6 7 8 9 13 0 12 10 14 15 11
280 276 4 1 2 3 4 5 6 7 8 9 0 13 12 10 14 15 11
279 275 4 0 2 3 4 5 6 7 8 9 13 11 12 10 14 15 1
281 277 4 10 2 3 4 5 6 7 8 9 13 11 12 0 14 15 1
282 279 3 10 2 3 4 5 6 7 8 9 13 11 12 1 14 15 0
278 274 4 1 2 3 0 5 6 7 8 9 13 11 12 10 14 15 4
281 277 4 1 2 3 10 5 6 7 8 9 13 11 12 0 14 15 4
283 280 3 1 2 3 10 5 6 7 8 9 0 11 12 13 14 15 4
282 279 3 1 2 3 10 5 6 7 8 9 13 11 12 4 14 15 0
285 281 4 1 2 3 10 5 6 7 8 9 11 0 12 13 14 15 4
285 281 4 1 2 3 10 5 6 7 8 0 9 11 12 13 14 15 4
285 281 4 1 2 3 10 5 6 7 8 9 14 11 12 13 0 15 4
285 281 4 1 2 3 10 5 0 7 8 9 6 11 12 13 14 15 4
269 265 4 1 2 3 4 5 6 7 8 9 11 12 0 13 14 15 10
269 266 3 1 2 3 4 5 6 7 8 9 11 12 10 13 14 15 0
273 269 4 1 2 3 4 5 6 7 8 9 11 0 10 13 14 15 12
273 270 3 1 2 3 4 5 6 7 8 9 0 11 10 13 14 15 12
275 271 4 1 2 3 4 5 6 7 8 0 9 11 10 13 14 15 12
275 271 4 1 2 3 4 5 6 7 8 9 14 11 10 13 0 15 12
268 264 4 1 2 3 4 5 6 7 8 13 0 11 12 9 14 15 10
269 265 4 1 2 3 4 5 6 7 8 9 11 15 12 13 14 0 10
269 266 3 1 2 3 4 5 6 7 8 9 11 15 12 13 14 10 0
273 269 4 1 2 3 4 5 6 7 8 9 11 0 12 13 14 10 15
273 270 3 1 2 3 4 5 6 7 8 9 0 11 12 13 14 10 15
275 271 4 1 2 3 4 5 6 7 8 0 9 11 12 13 14 10 15
274 270 4 1 2 3 4 5 6 7 8 9 11 10 0 13 14 15 12
273 271 2 1 2 3 4 5 6 7 8 9 11 10 12 13 14 15 0
278 274 4 0 2 3 4 5 6 7 8 9 11 10 12 13 14 15 1
277 273 4 1 2 3 0 5 6 7 8 9 11 10 12 13 14 15 4
277 273 4 1 2 3 4 5 6 7 8 9 11 10 12 0 14 15 13
280 276 4 1 2 3 4 5 6 7 8 9 0 10 12 11 14 15 13
280 277 3 1 2 3 4 5 6 7 8 9 10 0 12 11 14 15 13
282 278 4 1 2 3 4 5 6 7 8 9 10 12 0 11 14 15 13
282 279 3 1 2 3 4 5 6 7 8 9 10 12 13 11 14 15 0
286 282 4 1 2 3 4 5 6 7 8 9 10 0 13 11 14 15 12
287 283 4 1 2 3 4 5 6 7 8 9 10 13 0 11 14 15 12
286 284 2 1 2 3 4 5 6 7 8 9 10 13 12 11 14 15 0
289 286 3 1 2 3 4 5 6 7 8 9 10 13 12 0 14 15 11
293 289 4 1 2 3 0 5 6 7 8 9 10 13 12 4 14 15 11
294 291 3 1 2 3 11 5 6 7 8 9 10 13 12 4 14 15 0
298 294 4 1 2 3 11 5 6 7 8 9 10 0 12 4 14 15 13
297 293 4 1 2 3 11 5 6 7 8 9 10 13 12 0 14 15 4
282 278 4 1 2 3 4 5 6 0 8 9 10 7 12 11 14 15 13
292 288 4 0 2 3 4 5 6 7 8 9 10 13 12 1 14 15 11
294 291 3 11 2 3 4 5 6 7 8 9 10 13 12 1 14 15 0
298 294 4 11 2 3 4 5 6 7 8 9 10 0 12 1 14 15 13
297 293 4 11 2 3 4 5 6 7 8 9 10 13 12 0 14 15 1
291 287 4 1 2 3 4 5 6 7 8 9 10 13 12 14 0 15 11
291 287 4 1 2 3 4 5 6 7 8 0 10 13 12 9 14 15 11
275 271 4 1 2 3 4 5 0 7 8 9 6 11 12 13 14 10 15
277 273 4 1 2 3 4 5 6 7 8 9 13 11 12 10 14 0 15
274 270 4 1 2 3 4 5 6 7 8 9 11 10 12 13 14 0 15
277 273 4 1 2 3 4 5 6 7 8 9 13 11 0 10 14 15 12
267 263 4 1 2 3 4 0 6 7 8 5 9 11 12 13 14 15 10
276 272 4 0 2 3 4 5 6 7 8 9 13 11 12 1 14 15 10
291 287 4 0 2 3 4 5 6 7 8 9 10 13 12 11 14 15 1
289 285 4 1 2 3 4 5 6 7 8 9 10 13 12 11 14 0 15
290 286 4 1 2 3 4 5 6 7 8 9 10 0 12 11 14 13 15
282 278 4 1 2 3 4 5 6 7 8 9 10 15 12 11 14 0 13
282 279 3 1 2 3 4 5 6 7 8 9 10 15 12 11 14 13 0
285 281 4 1 2 3 4 5 6 7 8 9 10 15 12 0 14 13 11
275 271 4 1 2 3 4 5 6 7 8 9 14 11 12 13 0 10 15
276 272 4 1 2 3 4 5 6 7 8 9 14 11 12 13 10 0 15
275 273 2 1 2 3 4 5 6 7 8 9 14 11 12 13 10 15 0
280 276 4 1 2 3 4 5 6 7 8 9 14 0 12 13 10 15 11
281 277 4 1 2 3 4 5 6 7 8 9 0 14 12 13 10 15 11
281 278 3 1 2 3 4 5 6 7 8 9 10 14 12 13 0 15 11
283 279 4 1 2 3 4 5 6 7 8 9 10 14 12 13 15 0 11
283 280 3 1 2 3 4 5 6 7 8 9 10 14 12 13 15 11 0
287 283 4 1 2 3 4 5 6 7 8 9 10 0 12 13 15 11 14
287 284 3 1 2 3 4 5 6 7 8 9 10 11 12 13 15 0 14
287 285 2 1 2 3 4 5 6 7 8 9 10 11 12 13 15 14 0
287 285 2 1 2 3 4 5 6 7 8 9 10 11 12 13 0 15 14
289 286 3 1 2 3 4 5 6 7 8 9 10 11 12 0 13 15 14
290 288 2 1 2 3 4 5 6 7 8 9 10 11 12 14 13 15 0
289 286 3 1 2 3 4 5 6 7 8 9 0 11 12 13 10 15 14
291 287 4 1 2 3 4 5 6 7 8 9 11 0 12 13 10 15 14
284 280 4 1 2 3 4 5 6 7 8 9 10 0 12 13 15 14 11
291 287 4 1 2 3 4 5 6 7 8 0 9 11 12 13 10 15 14
291 287 4 1 2 3 4 5 0 7 8 9 6 11 12 13 10 15 14
285 281 4 1 2 3 4 5 6 7 8 9 10 12 13 0 14 15 11
275 271 4 1 2 3 4 5 0 7 8 9 6 11 10 13 14 15 12
280 276 4 0 2 3 4 5 6 7 8 9 14 11 12 13 10 15 1
278 274 4 1 2 3 4 5 6 7 8 9 14 11 0 13 10 15 12
279 275 4 1 2 3 0 5 6 7 8 9 14 11 12 13 10 15 4
277 273 4 1 2 3 0 5 6 7 8 9 13 11 12 4 14 15 10
279 275 4 1 2 3 4 5 6 7 8 9 14 11 12 0 10 15 13
282 278 4 1 2 3 4 5 6 7 8 9 0 11 12 14 10 15 13
282 279 3 1 2 3 4 5 6 7 8 9 10 11 12 14 0 15 13
282 280 2 1 2 3 4 5 6 7 8 9 10 11 12 0 14 15 13
282 282 0 1 2 3 4 5 6 7 8 9 10 11 12 13 14 15 0
