0 0 0 0 14 10 13 7 6 12 1 8 11 2 3 4 15 9 5
15 3 12 5 14 10 13 7 6 12 1 8 11 2 3 4 15 9 0
19 6 13 5 14 10 13 7 6 12 1 8 11 0 3 4 15 9 2
19 7 12 5 14 10 13 7 6 12 1 8 0 11 3 4 15 9 2
20 8 12 5 14 10 13 7 6 12 1 0 8 11 3 4 15 9 2
21 9 12 5 14 10 13 0 6 12 1 7 8 11 3 4 15 9 2
20 8 12 5 14 10 13 7 6 12 1 8 15 11 3 4 0 9 2
21 9 12 5 14 10 13 7 6 12 1 8 15 11 3 4 9 0 2
21 10 11 5 14 10 13 7 6 12 1 8 15 11 3 4 9 2 0
25 13 12 0 14 10 13 7 6 12 1 8 15 11 3 4 9 2 5
26 14 12 14 0 10 13 7 6 12 1 8 15 11 3 4 9 2 5
27 15 12 14 10 0 13 7 6 12 1 8 15 11 3 4 9 2 5
28 16 12 14 10 12 13 7 6 0 1 8 15 11 3 4 9 2 5
29 17 12 14 10 12 13 7 6 1 0 8 15 11 3 4 9 2 5
30 18 12 14 10 12 13 7 6 1 3 8 15 11 0 4 9 2 5
30 19 11 14 10 12 13 7 6 1 3 8 15 11 5 4 9 2 0
34 22 12 0 10 12 13 7 6 1 3 8 15 11 5 4 9 2 14
35 23 12 10 0 12 13 7 6 1 3 8 15 11 5 4 9 2 14
36 24 12 10 12 0 13 7 6 1 3 8 15 11 5 4 9 2 14
37 25 12 10 12 1 13 7 6 0 3 8 15 11 5 4 9 2 14
38 26 12 10 12 1 13 7 6 3 0 8 15 11 5 4 9 2 14
39 27 12 10 12 1 13 7 6 3 5 8 15 11 0 4 9 2 14
39 28 11 10 12 1 13 7 6 3 5 8 15 11 14 4 9 2 0
43 31 12 0 12 1 13 7 6 3 5 8 15 11 14 4 9 2 10
44 32 12 12 0 1 13 7 6 3 5 8 15 11 14 4 9 2 10
45 33 12 12 1 0 13 7 6 3 5 8 15 11 14 4 9 2 10
46 34 12 12 1 3 13 7 6 0 5 8 15 11 14 4 9 2 10
47 35 12 12 1 3 13 7 6 5 0 8 15 11 14 4 9 2 10
47 36 11 12 1 3 13 7 6 5 14 8 15 11 0 4 9 2 10
47 37 10 12 1 3 13 7 6 5 14 8 15 11 10 4 9 2 0
51 40 11 0 1 3 13 7 6 5 14 8 15 11 10 4 9 2 12
51 41 10 1 0 3 13 7 6 5 14 8 15 11 10 4 9 2 12
52 42 10 1 3 0 13 7 6 5 14 8 15 11 10 4 9 2 12
53 43 10 1 3 5 13 7 6 0 14 8 15 11 10 4 9 2 12
55 44 11 1 3 5 13 7 6 14 0 8 15 11 10 4 9 2 12
56 45 11 1 3 5 13 7 6 14 10 8 15 11 0 4 9 2 12
56 46 10 1 3 5 13 7 6 14 10 8 15 11 12 4 9 2 0
58 47 11 1 3 5 13 7 6 14 10 8 15 11 12 4 9 0 2
59 48 11 1 3 5 13 7 6 14 10 8 15 11 12 4 0 9 2
60 49 11 1 3 5 13 7 6 14 10 8 0 11 12 4 15 9 2
61 50 11 1 3 5 13 7 6 14 10 0 8 11 12 4 15 9 2
62 51 11 1 3 5 13 0 6 14 10 7 8 11 12 4 15 9 2
55 44 11 1 3 5 13 7 0 6 14 8 15 11 10 4 9 2 12
56 45 11 1 3 5 13 0 7 6 14 8 15 11 10 4 9 2 12
57 46 11 1 3 5 13 8 7 6 14 0 15 11 10 4 9 2 12
58 47 11 1 3 5 13 8 7 6 14 15 0 11 10 4 9 2 12
58 48 10 1 3 5 13 8 0 6 14 15 7 11 10 4 9 2 12
58 49 9 1 3 5 13 8 6 0 14 15 7 11 10 4 9 2 12
59 50 9 1 3 0 13 8 6 5 14 15 7 11 10 4 9 2 12
60 51 9 1 0 3 13 8 6 5 14 15 7 11 10 4 9 2 12
62 52 10 0 1 3 13 8 6 5 14 15 7 11 10 4 9 2 12
64 55 9 12 1 3 13 8 6 5 14 15 7 11 10 4 9 2 0
66 56 10 12 1 3 13 8 6 5 14 15 7 11 10 4 9 0 2
67 57 10 12 1 3 13 8 6 5 14 15 7 11 10 4 0 9 2
60 50 10 1 3 5 13 8 6 14 0 15 7 11 10 4 9 2 12
61 51 10 1 3 5 13 8 6 14 10 15 7 11 0 4 9 2 12
61 52 9 1 3 5 13 8 6 14 10 15 7 11 12 4 9 2 0
63 53 10 1 3 5 13 8 6 14 10 15 7 11 12 4 9 0 2
64 54 10 1 3 5 13 8 6 14 10 15 7 11 12 4 0 9 2
59 49 10 1 3 5 13 0 8 6 14 15 7 11 10 4 9 2 12
60 50 10 1 3 5 13 15 8 6 14 0 7 11 10 4 9 2 12
59 49 10 1 0 5 13 8 3 6 14 15 7 11 10 4 9 2 12
59 50 9 1 5 0 13 8 3 6 14 15 7 11 10 4 9 2 12
60 51 9 1 5 6 13 8 3 0 14 15 7 11 10 4 9 2 12
61 52 9 1 5 6 13 8 0 3 14 15 7 11 10 4 9 2 12
62 53 9 1 5 6 13 0 8 3 14 15 7 11 10 4 9 2 12
63 54 9 1 5 6 13 15 8 3 14 0 7 11 10 4 9 2 12
65 55 10 1 5 6 13 15 8 3 14 7 0 11 10 4 9 2 12
66 56 10 1 5 6 13 15 8 3 14 7 9 11 10 4 0 2 12
67 57 10 1 5 6 13 15 8 3 14 7 9 11 10 4 2 0 12
66 58 8 1 5 6 13 15 8 3 14 7 9 11 10 4 2 12 0
68 59 9 1 5 6 13 15 8 3 14 7 9 11 0 4 2 12 10
70 60 10 1 5 6 13 15 8 3 14 7 9 0 11 4 2 12 10
71 61 10 1 5 6 13 15 8 3 14 7 0 9 11 4 2 12 10
71 62 9 1 5 6 13 15 8 3 14 0 7 9 11 4 2 12 10
72 63 9 1 5 6 13 0 8 3 14 15 7 9 11 4 2 12 10
73 64 9 1 5 6 13 8 0 3 14 15 7 9 11 4 2 12 10
74 65 9 1 5 6 13 8 3 0 14 15 7 9 11 4 2 12 10
75 66 9 1 5 6 13 8 3 9 14 15 7 0 11 4 2 12 10
75 67 8 1 5 6 13 8 3 9 14 15 7 11 0 4 2 12 10
75 68 7 1 5 6 13 8 3 9 14 15 7 11 10 4 2 12 0
80 71 9 1 5 6 13 8 3 9 14 15 7 0 10 4 2 12 11
81 72 9 1 5 6 13 8 3 9 14 15 7 10 0 4 2 12 11
81 73 8 1 5 6 13 8 3 9 14 15 7 10 11 4 2 12 0
81 72 9 1 5 6 13 8 3 0 14 15 7 9 10 4 2 12 11
82 73 9 1 5 6 13 8 0 3 14 15 7 9 10 4 2 12 11
83 74 9 1 5 6 13 0 8 3 14 15 7 9 10 4 2 12 11
84 75 9 1 5 6 13 15 8 3 14 0 7 9 10 4 2 12 11
82 73 9 1 5 0 13 8 3 6 14 15 7 9 10 4 2 12 11
80 71 9 0 5 6 13 8 3 9 14 15 7 11 10 4 2 12 1
83 74 9 3 5 6 13 8 0 9 14 15 7 11 10 4 2 12 1
84 75 9 3 5 6 13 8 9 0 14 15 7 11 10 4 2 12 1
85 76 9 3 5 0 13 8 9 6 14 15 7 11 10 4 2 12 1
84 75 9 3 5 6 13 0 8 9 14 15 7 11 10 4 2 12 1
85 76 9 3 5 6 13 15 8 9 14 0 7 11 10 4 2 12 1
77 68 9 1 5 6 13 8 3 9 0 15 7 11 14 4 2 12 10
78 69 9 1 5 6 13 8 3 0 9 15 7 11 14 4 2 12 10
79 70 9 1 5 6 13 8 0 3 9 15 7 11 14 4 2 12 10
80 71 9 1 5 6 13 0 8 3 9 15 7 11 14 4 2 12 10
81 72 9 1 5 6 13 15 8 3 9 0 7 11 14 4 2 12 10
79 70 9 1 5 0 13 8 3 6 9 15 7 11 14 4 2 12 10
79 70 9 1 5 6 0 8 3 9 14 15 7 11 10 4 2 12 13
82 73 9 1 5 6 9 8 3 0 14 15 7 11 10 4 2 12 13
83 74 9 1 5 6 9 8 0 3 14 15 7 11 10 4 2 12 13
84 75 9 1 5 6 9 0 8 3 14 15 7 11 10 4 2 12 13
85 76 9 1 5 6 9 15 8 3 14 0 7 11 10 4 2 12 13
83 74 9 1 5 0 9 8 3 6 14 15 7 11 10 4 2 12 13
83 75 8 1 5 9 0 8 3 6 14 15 7 11 10 4 2 12 13
83 77 6 1 5 9 13 8 3 6 14 15 7 11 10 4 2 12 0
85 78 7 1 5 9 13 8 3 6 14 15 7 11 0 4 2 12 10
87 79 8 1 5 9 13 8 3 6 14 15 7 0 11 4 2 12 10
88 80 8 1 5 9 13 8 3 0 14 15 7 6 11 4 2 12 10
89 81 8 1 5 9 13 8 0 3 14 15 7 6 11 4 2 12 10
90 82 8 1 5 9 13 0 8 3 14 15 7 6 11 4 2 12 10
91 83 8 1 5 9 13 15 8 3 14 0 7 6 11 4 2 12 10
87 79 8 1 5 9 13 8 3 6 0 15 7 11 14 4 2 12 10
88 80 8 1 5 9 13 8 3 0 6 15 7 11 14 4 2 12 10
89 81 8 1 5 9 13 8 0 3 6 15 7 11 14 4 2 12 10
90 82 8 1 5 9 13 0 8 3 6 15 7 11 14 4 2 12 10
91 83 8 1 5 9 13 15 8 3 6 0 7 11 14 4 2 12 10
86 78 8 1 5 9 6 8 3 0 14 15 7 11 10 4 2 12 13
87 79 8 1 5 9 6 8 0 3 14 15 7 11 10 4 2 12 13
88 80 8 1 5 9 6 0 8 3 14 15 7 11 10 4 2 12 13
89 81 8 1 5 9 6 15 8 3 14 0 7 11 10 4 2 12 13
88 80 8 1 5 9 13 8 3 6 14 15 7 0 10 4 2 12 11
89 81 8 1 5 9 13 8 3 6 14 15 7 10 0 4 2 12 11
89 82 7 1 5 9 13 8 3 6 14 15 7 10 11 4 2 12 0
89 81 8 1 5 9 13 8 3 0 14 15 7 6 10 4 2 12 11
90 82 8 1 5 9 13 8 0 3 14 15 7 6 10 4 2 12 11
91 83 8 1 5 9 13 0 8 3 14 15 7 6 10 4 2 12 11
92 84 8 1 5 9 13 15 8 3 14 0 7 6 10 4 2 12 11
88 80 8 0 5 9 13 8 3 6 14 15 7 11 10 4 2 12 1
91 83 8 3 5 9 13 8 0 6 14 15 7 11 10 4 2 12 1
91 84 7 3 5 9 13 8 6 0 14 15 7 11 10 4 2 12 1
93 85 8 3 5 9 13 8 6 14 0 15 7 11 10 4 2 12 1
94 86 8 3 5 9 13 8 6 14 10 15 7 11 0 4 2 12 1
94 87 7 3 5 9 13 8 6 14 10 15 7 11 1 4 2 12 0
98 90 8 0 5 9 13 8 6 14 10 15 7 11 1 4 2 12 3
99 91 8 8 5 9 13 0 6 14 10 15 7 11 1 4 2 12 3
100 92 8 8 5 9 13 15 6 14 10 0 7 11 1 4 2 12 3
93 85 8 3 5 9 13 8 6 11 14 15 7 0 10 4 2 12 1
94 86 8 3 5 9 13 8 6 11 14 15 7 10 0 4 2 12 1
94 87 7 3 5 9 13 8 6 11 14 15 7 10 1 4 2 12 0
98 90 8 3 5 9 13 8 6 11 14 15 7 0 1 4 2 12 10
98 91 7 3 5 9 13 8 6 0 14 15 7 11 1 4 2 12 10
100 92 8 3 5 9 13 8 6 14 0 15 7 11 1 4 2 12 10
101 93 8 3 5 9 13 8 6 14 1 15 7 11 0 4 2 12 10
101 94 7 3 5 9 13 8 6 14 1 15 7 11 10 4 2 12 0
105 97 8 0 5 9 13 8 6 14 1 15 7 11 10 4 2 12 3
106 98 8 8 5 9 13 0 6 14 1 15 7 11 10 4 2 12 3
107 99 8 8 5 9 13 15 6 14 1 0 7 11 10 4 2 12 3
100 92 8 3 5 9 13 8 0 6 14 15 7 11 1 4 2 12 10
101 93 8 3 5 9 13 0 8 6 14 15 7 11 1 4 2 12 10
102 94 8 3 5 9 13 15 8 6 14 0 7 11 1 4 2 12 10
100 92 8 3 5 0 13 8 6 9 14 15 7 11 1 4 2 12 10
99 91 8 3 5 9 13 8 6 11 14 15 7 1 0 4 2 12 10
99 92 7 3 5 9 13 8 6 11 14 15 7 1 10 4 2 12 0
103 95 8 0 5 9 13 8 6 11 14 15 7 1 10 4 2 12 3
104 96 8 8 5 9 13 0 6 11 14 15 7 1 10 4 2 12 3
105 97 8 8 5 9 13 15 6 11 14 0 7 1 10 4 2 12 3
98 90 8 0 5 9 13 8 6 11 14 15 7 10 1 4 2 12 3
99 91 8 8 5 9 13 0 6 11 14 15 7 10 1 4 2 12 3
100 92 8 8 5 9 13 15 6 11 14 0 7 10 1 4 2 12 3
93 85 8 3 5 0 13 8 6 9 14 15 7 11 10 4 2 12 1
87 79 8 1 5 9 13 8 3 6 14 15 7 11 10 0 2 12 4
88 80 8 1 5 9 13 8 3 6 14 15 7 11 10 2 0 12 4
88 80 8 1 5 9 13 8 3 6 14 0 7 11 10 15 2 12 4
89 81 8 1 5 9 13 0 3 6 14 8 7 11 10 15 2 12 4
90 82 8 1 5 9 13 3 0 6 14 8 7 11 10 15 2 12 4
90 83 7 1 5 9 13 3 6 0 14 8 7 11 10 15 2 12 4
92 84 8 1 5 9 13 3 6 14 0 8 7 11 10 15 2 12 4
93 85 8 1 5 9 13 3 6 14 10 8 7 11 0 15 2 12 4
93 86 7 1 5 9 13 3 6 14 10 8 7 11 4 15 2 12 0
96 88 8 1 5 9 13 3 6 14 10 8 7 11 4 0 2 12 15
97 89 8 1 5 9 13 3 6 14 10 8 7 11 4 2 0 12 15
97 89 8 1 5 9 13 3 6 14 10 0 7 11 4 8 2 12 15
97 90 7 1 5 9 13 0 6 14 10 3 7 11 4 8 2 12 15
99 91 8 1 5 9 13 6 0 14 10 3 7 11 4 8 2 12 15
100 92 8 1 5 9 13 6 14 0 10 3 7 11 4 8 2 12 15
100 93 7 1 5 9 13 6 14 10 0 3 7 11 4 8 2 12 15
101 94 7 1 5 9 13 6 14 10 4 3 7 11 0 8 2 12 15
100 95 5 1 5 9 13 6 14 10 4 3 7 11 15 8 2 12 0
103 97 6 1 5 9 13 6 14 10 4 3 7 11 15 0 2 12 8
104 98 6 1 5 9 13 6 14 10 4 3 7 11 15 2 0 12 8
106 99 7 1 5 9 13 6 14 10 4 3 7 11 15 2 12 0 8
106 100 6 1 5 9 13 6 14 10 4 3 7 11 15 2 12 8 0
109 102 7 1 5 9 13 6 14 10 4 3 7 11 15 0 12 8 2
110 103 7 1 5 9 13 6 14 10 4 3 7 11 15 12 0 8 2
110 104 6 1 5 9 13 6 14 10 4 3 7 11 15 12 8 0 2
110 105 5 1 5 9 13 6 14 10 4 3 7 11 15 12 8 2 0
113 107 6 1 5 9 13 6 14 10 4 3 7 11 15 0 8 2 12
117 110 7 1 5 9 13 6 14 10 4 3 0 11 15 7 8 2 12
118 111 7 1 5 9 13 6 0 10 4 3 14 11 15 7 8 2 12
118 112 6 1 5 9 13 0 6 10 4 3 14 11 15 7 8 2 12
120 113 7 1 5 9 13 3 6 10 4 0 14 11 15 7 8 2 12
121 114 7 1 5 9 13 3 6 10 4 14 0 11 15 7 8 2 12
121 114 7 1 5 9 13 3 6 10 4 7 14 11 15 0 8 2 12
122 116 6 1 5 9 13 3 6 10 4 7 14 11 15 12 8 2 0
124 117 7 1 5 9 13 3 6 10 4 7 14 11 15 12 8 0 2
124 117 7 1 5 9 13 3 6 10 4 7 0 11 15 14 8 2 12
124 118 6 1 5 9 13 3 6 10 4 0 7 11 15 14 8 2 12
124 119 5 1 5 9 13 0 6 10 4 3 7 11 15 14 8 2 12
126 120 6 1 5 9 13 6 0 10 4 3 7 11 15 14 8 2 12
125 119 6 1 5 9 13 3 6 10 4 14 7 11 15 0 8 2 12
126 121 5 1 5 9 13 3 6 10 4 14 7 11 15 12 8 2 0
128 122 6 1 5 9 13 3 6 10 4 14 7 11 15 12 8 0 2
130 123 7 1 5 9 13 3 6 10 4 14 7 11 15 12 0 8 2
131 124 7 1 5 9 13 3 6 10 4 14 7 11 15 0 12 8 2
132 126 6 1 5 9 13 3 6 10 4 14 7 11 15 2 12 8 0
134 127 7 1 5 9 13 3 6 10 4 14 7 11 15 2 12 0 8
134 128 6 1 5 9 13 3 6 10 4 14 7 11 15 2 0 12 8
135 129 6 1 5 9 13 3 6 10 4 14 7 11 15 0 2 12 8
136 131 5 1 5 9 13 3 6 10 4 14 7 11 15 8 2 12 0
136 130 6 1 5 9 13 3 6 10 4 0 7 11 15 14 2 12 8
136 131 5 1 5 9 13 0 6 10 4 3 7 11 15 14 2 12 8
138 132 6 1 5 9 13 6 0 10 4 3 7 11 15 14 2 12 8
140 133 7 1 5 9 13 6 10 0 4 3 7 11 15 14 2 12 8
141 134 7 1 5 9 13 6 10 4 0 3 7 11 15 14 2 12 8
105 98 7 0 5 9 13 6 14 10 4 3 7 11 15 8 2 12 1
108 101 7 14 5 9 13 6 0 10 4 3 7 11 15 8 2 12 1
108 102 6 14 5 9 13 0 6 10 4 3 7 11 15 8 2 12 1
110 103 7 14 5 9 13 3 6 10 4 0 7 11 15 8 2 12 1
111 104 7 14 5 9 13 3 6 10 4 8 7 11 15 0 2 12 1
112 106 6 14 5 9 13 3 6 10 4 8 7 11 15 1 2 12 0
116 109 7 0 5 9 13 3 6 10 4 8 7 11 15 1 2 12 14
117 111 6 1 5 9 13 3 6 10 4 8 7 11 15 0 2 12 14
118 113 5 1 5 9 13 3 6 10 4 8 7 11 15 14 2 12 0
118 112 6 1 5 9 13 3 6 10 4 8 7 11 15 2 0 12 14
118 112 6 1 5 9 13 3 6 10 4 0 7 11 15 8 2 12 14
118 113 5 1 5 9 13 0 6 10 4 3 7 11 15 8 2 12 14
120 114 6 1 5 9 13 6 0 10 4 3 7 11 15 8 2 12 14
122 115 7 1 5 9 13 6 10 0 4 3 7 11 15 8 2 12 14
123 116 7 1 5 9 13 6 10 4 0 3 7 11 15 8 2 12 14
107 100 7 1 5 9 0 6 14 10 4 3 7 11 15 13 2 12 8
108 102 6 1 5 9 8 6 14 10 4 3 7 11 15 13 2 12 0
111 104 7 1 5 9 8 6 14 10 4 3 7 11 15 0 2 12 13
112 105 7 1 5 9 8 6 14 10 4 3 7 11 15 2 0 12 13
128 121 7 1 5 9 13 6 7 10 4 3 0 11 15 14 8 2 12
131 124 7 1 5 9 13 3 6 10 4 14 7 0 15 12 8 2 11
132 125 7 1 5 9 13 3 6 10 4 14 7 2 15 12 8 0 11
132 126 6 1 5 9 13 3 6 10 4 14 7 2 15 12 8 11 0
135 128 7 1 5 9 13 3 6 10 4 14 7 2 15 0 8 11 12
136 129 7 1 5 9 13 3 6 10 4 0 7 2 15 14 8 11 12
136 130 6 1 5 9 13 0 6 10 4 3 7 2 15 14 8 11 12
138 131 7 1 5 9 13 6 0 10 4 3 7 2 15 14 8 11 12
130 123 7 1 5 9 0 3 6 10 4 14 7 11 15 12 8 2 13
133 126 7 1 5 9 12 3 6 10 4 14 7 11 15 0 8 2 13
134 128 6 1 5 9 12 3 6 10 4 14 7 11 15 13 8 2 0
136 129 7 1 5 9 12 3 6 10 4 14 7 11 15 13 8 0 2
134 127 7 1 5 9 12 3 6 10 4 0 7 11 15 14 8 2 13
134 128 6 1 5 9 12 0 6 10 4 3 7 11 15 14 8 2 13
136 129 7 1 5 9 12 6 0 10 4 3 7 11 15 14 8 2 13
128 121 7 0 5 9 13 3 6 10 4 14 7 11 15 1 8 2 12
130 124 6 12 5 9 13 3 6 10 4 14 7 11 15 1 8 2 0
133 126 7 12 5 9 13 3 6 10 4 14 7 11 15 0 8 2 1
134 127 7 12 5 9 13 3 6 10 4 0 7 11 15 14 8 2 1
134 128 6 12 5 9 13 0 6 10 4 3 7 11 15 14 8 2 1
136 129 7 12 5 9 13 6 0 10 4 3 7 11 15 14 8 2 1
132 125 7 12 5 9 13 3 6 10 4 14 7 11 15 1 8 0 2
116 109 7 0 5 9 13 6 14 10 4 3 7 11 15 1 8 2 12
118 112 6 12 5 9 13 6 14 10 4 3 7 11 15 1 8 2 0
121 114 7 12 5 9 13 6 14 10 4 3 7 11 15 0 8 2 1
120 113 7 12 5 9 13 6 14 10 4 3 7 11 15 1 8 0 2
139 132 7 1 5 9 13 3 6 10 4 14 0 11 15 7 2 12 8
140 133 7 1 5 9 13 3 6 10 4 0 14 11 15 7 2 12 8
140 134 6 1 5 9 13 0 6 10 4 3 14 11 15 7 2 12 8
142 135 7 1 5 9 13 6 0 10 4 3 14 11 15 7 2 12 8
141 134 7 1 5 9 13 3 6 10 4 7 14 11 15 0 2 12 8
142 136 6 1 5 9 13 3 6 10 4 7 14 11 15 8 2 12 0
142 135 7 1 5 9 13 3 6 10 4 7 14 11 15 2 0 12 8
143 136 7 1 5 9 13 3 6 10 4 7 0 11 15 2 14 12 8
143 137 6 1 5 9 13 3 6 10 4 0 7 11 15 2 14 12 8
143 138 5 1 5 9 13 0 6 10 4 3 7 11 15 2 14 12 8
145 139 6 1 5 9 13 6 0 10 4 3 7 11 15 2 14 12 8
144 138 6 1 5 9 13 3 6 10 4 2 7 11 15 0 14 12 8
145 140 5 1 5 9 13 3 6 10 4 2 7 11 15 8 14 12 0
145 139 6 1 5 9 13 3 6 10 4 2 7 11 15 14 0 12 8
147 140 7 1 5 9 13 3 6 10 4 2 7 11 15 14 12 0 8
147 141 6 1 5 9 13 3 6 10 4 2 7 11 15 14 12 8 0
150 143 7 1 5 9 13 3 6 10 4 2 7 11 15 0 12 8 14
151 144 7 1 5 9 13 3 6 10 4 2 7 11 15 12 0 8 14
151 145 6 1 5 9 13 3 6 10 4 2 7 11 15 12 8 0 14
151 146 5 1 5 9 13 3 6 10 4 2 7 11 15 12 8 14 0
154 148 6 1 5 9 13 3 6 10 4 2 7 11 15 0 8 14 12
155 149 6 1 5 9 13 3 6 10 4 0 7 11 15 2 8 14 12
155 150 5 1 5 9 13 0 6 10 4 3 7 11 15 2 8 14 12
157 151 6 1 5 9 13 6 0 10 4 3 7 11 15 2 8 14 12
159 152 7 1 5 9 13 6 10 0 4 3 7 11 15 2 8 14 12
160 153 7 1 5 9 13 6 10 4 0 3 7 11 15 2 8 14 12
159 152 7 1 5 9 13 6 7 10 4 3 0 11 15 2 8 14 12
159 152 7 1 0 9 13 6 5 10 4 3 7 11 15 2 8 14 12
156 149 7 0 5 9 13 3 6 10 4 2 7 11 15 12 8 14 1
158 151 7 12 5 9 13 3 6 10 4 2 7 11 15 0 8 14 1
159 153 6 12 5 9 13 3 6 10 4 2 7 11 15 1 8 14 0
161 154 7 12 5 9 13 3 6 10 4 2 7 11 15 1 8 0 14
159 152 7 12 5 9 13 3 6 10 4 0 7 11 15 2 8 14 1
159 153 6 12 5 9 13 0 6 10 4 3 7 11 15 2 8 14 1
161 154 7 12 5 9 13 6 0 10 4 3 7 11 15 2 8 14 1
157 150 7 3 5 9 13 0 6 10 4 2 7 11 15 12 8 14 1
157 151 6 3 5 9 13 2 6 10 4 0 7 11 15 12 8 14 1
158 152 6 3 5 9 13 2 6 10 4 12 7 11 15 0 8 14 1
159 154 5 3 5 9 13 2 6 10 4 12 7 11 15 1 8 14 0
163 157 6 0 5 9 13 2 6 10 4 12 7 11 15 1 8 14 3
164 159 5 1 5 9 13 2 6 10 4 12 7 11 15 0 8 14 3
165 161 4 1 5 9 13 2 6 10 4 12 7 11 15 3 8 14 0
167 162 5 1 5 9 13 2 6 10 4 12 7 11 15 3 8 0 14
165 160 5 1 5 9 13 2 6 10 4 0 7 11 15 12 8 14 3
167 161 6 1 5 9 13 2 6 10 4 7 0 11 15 12 8 14 3
167 161 6 1 5 9 13 0 6 10 4 2 7 11 15 12 8 14 3
169 163 6 1 5 9 13 2 6 10 4 12 7 11 15 3 0 8 14
170 164 6 1 5 9 13 2 6 10 4 12 7 11 15 0 3 8 14
171 166 5 1 5 9 13 2 6 10 4 12 7 11 15 14 3 8 0
173 167 6 1 5 9 13 2 6 10 4 12 7 11 15 14 3 0 8
174 168 6 1 5 9 13 2 6 10 4 12 7 11 15 14 0 3 8
175 169 6 1 5 9 13 2 6 10 4 12 7 11 15 0 14 3 8
176 171 5 1 5 9 13 2 6 10 4 12 7 11 15 8 14 3 0
178 172 6 1 5 9 13 2 6 10 4 12 7 11 15 8 14 0 3
176 170 6 1 5 9 13 2 6 10 4 0 7 11 15 12 14 3 8
171 165 6 1 5 9 13 2 6 10 4 0 7 11 15 12 3 8 14
169 163 6 1 5 9 13 2 6 10 4 12 7 0 15 3 8 11 14
168 162 6 1 5 9 13 2 6 10 4 12 0 11 15 7 8 14 3
169 163 6 1 5 9 13 2 6 10 4 0 12 11 15 7 8 14 3
170 164 6 1 5 9 13 2 6 10 4 7 12 11 15 0 8 14 3
171 166 5 1 5 9 13 2 6 10 4 7 12 11 15 3 8 14 0
173 167 6 1 5 9 13 2 6 10 4 7 12 11 15 3 8 0 14
169 163 6 1 5 9 0 2 6 10 4 12 7 11 15 3 8 14 13
172 166 6 1 5 9 3 2 6 10 4 12 7 11 15 0 8 14 13
173 168 5 1 5 9 3 2 6 10 4 12 7 11 15 13 8 14 0
175 169 6 1 5 9 3 2 6 10 4 12 7 11 15 13 8 0 14
173 167 6 1 5 9 3 2 6 10 4 0 7 11 15 12 8 14 13
168 162 6 1 5 9 13 2 6 10 4 12 7 11 0 3 8 14 15
169 163 6 1 5 9 13 2 6 10 0 12 7 11 4 3 8 14 15
168 162 6 1 5 9 0 2 6 10 4 12 7 11 15 13 8 14 3
169 163 6 1 5 9 4 2 6 10 0 12 7 11 15 13 8 14 3
170 164 6 1 5 9 13 2 6 10 4 12 7 0 15 3 8 14 11
171 165 6 1 5 9 13 2 6 10 4 12 7 14 15 3 8 0 11
171 166 5 1 5 9 13 2 6 10 4 12 7 14 15 3 8 11 0
174 168 6 1 5 9 13 2 6 10 4 12 7 14 15 0 8 11 3
175 169 6 1 5 9 13 2 6 10 4 0 7 14 15 12 8 11 3
166 160 6 1 5 9 13 2 6 10 4 12 7 11 15 8 0 14 3
170 164 6 1 5 9 4 2 6 10 0 12 7 11 15 3 8 14 13
160 154 6 0 5 9 13 2 6 10 4 12 7 11 15 3 8 14 1
161 155 6 3 5 9 13 2 6 10 4 12 7 11 15 1 8 0 14
163 156 7 3 5 9 13 2 6 10 4 12 7 11 15 1 0 8 14
164 157 7 3 5 9 13 2 6 10 4 12 7 11 15 0 1 8 14
165 159 6 3 5 9 13 2 6 10 4 12 7 11 15 14 1 8 0
169 162 7 0 5 9 13 2 6 10 4 12 7 11 15 14 1 8 3
171 164 7 14 5 9 13 2 6 10 4 12 7 11 15 0 1 8 3
172 166 6 14 5 9 13 2 6 10 4 12 7 11 15 3 1 8 0
174 167 7 14 5 9 13 2 6 10 4 12 7 11 15 3 1 0 8
175 168 7 14 5 9 13 2 6 10 4 12 7 11 15 3 0 1 8
176 169 7 14 5 9 13 2 6 10 4 12 7 11 15 0 3 1 8
177 171 6 14 5 9 13 2 6 10 4 12 7 11 15 8 3 1 0
181 174 7 0 5 9 13 2 6 10 4 12 7 11 15 8 3 1 14
183 176 7 8 5 9 13 2 6 10 4 12 7 11 15 0 3 1 14
184 178 6 8 5 9 13 2 6 10 4 12 7 11 15 14 3 1 0
186 179 7 8 5 9 13 2 6 10 4 12 7 11 15 14 3 0 1
187 180 7 8 5 9 13 2 6 10 4 12 7 11 15 14 0 3 1
188 181 7 8 5 9 13 2 6 10 4 12 7 11 15 0 14 3 1
189 183 6 8 5 9 13 2 6 10 4 12 7 11 15 1 14 3 0
191 184 7 8 5 9 13 2 6 10 4 12 7 11 15 1 14 0 3
192 185 7 8 5 9 13 2 6 10 4 12 7 11 15 1 0 14 3
193 186 7 8 5 9 13 2 6 10 4 12 7 11 15 0 1 14 3
194 188 6 8 5 9 13 2 6 10 4 12 7 11 15 3 1 14 0
198 191 7 0 5 9 13 2 6 10 4 12 7 11 15 3 1 14 8
200 193 7 3 5 9 13 2 6 10 4 12 7 11 15 0 1 14 8
201 195 6 3 5 9 13 2 6 10 4 12 7 11 15 8 1 14 0
203 196 7 3 5 9 13 2 6 10 4 12 7 11 15 8 1 0 14
204 197 7 3 5 9 13 2 6 10 4 12 7 11 15 8 0 1 14
204 198 6 3 5 9 13 2 6 10 4 12 7 11 15 0 8 1 14
205 200 5 3 5 9 13 2 6 10 4 12 7 11 15 14 8 1 0
209 203 6 0 5 9 13 2 6 10 4 12 7 11 15 14 8 1 3
211 205 6 14 5 9 13 2 6 10 4 12 7 11 15 0 8 1 3
212 207 5 14 5 9 13 2 6 10 4 12 7 11 15 3 8 1 0
214 208 6 14 5 9 13 2 6 10 4 12 7 11 15 3 8 0 1
212 206 6 14 5 9 13 2 6 10 4 0 7 11 15 12 8 1 3
207 201 6 3 5 9 13 2 6 10 4 12 7 11 15 14 8 0 1
206 200 6 0 5 9 13 2 6 10 4 12 7 11 15 3 8 1 14
205 199 6 3 5 9 13 2 6 10 4 0 7 11 15 12 8 1 14
207 200 7 3 5 9 13 2 6 10 4 7 0 11 15 12 8 1 14
163 156 7 3 5 9 0 2 6 10 4 12 7 11 15 1 8 14 13
166 159 7 3 5 9 1 2 6 10 4 12 7 11 15 0 8 14 13
167 161 6 3 5 9 1 2 6 10 4 12 7 11 15 13 8 14 0
169 162 7 3 5 9 1 2 6 10 4 12 7 11 15 13 8 0 14
165 158 7 5 0 9 13 2 6 10 4 12 7 11 15 1 8 14 3
169 162 7 1 5 9 13 2 6 10 4 7 8 11 15 12 0 14 3
170 163 7 1 5 9 13 2 6 10 4 7 8 11 15 12 14 0 3
170 164 6 1 5 9 13 2 6 10 4 7 8 11 15 12 14 3 0
173 166 7 1 5 9 13 2 6 10 4 7 8 11 15 0 14 3 12
176 169 7 1 5 9 13 2 6 10 4 7 0 11 15 8 14 3 12
176 170 6 1 5 9 13 2 6 10 4 0 7 11 15 8 14 3 12
177 171 6 1 5 9 13 2 6 10 4 8 7 11 15 0 14 3 12
178 173 5 1 5 9 13 2 6 10 4 8 7 11 15 12 14 3 0
180 174 6 1 5 9 13 2 6 10 4 8 7 11 15 12 14 0 3
181 175 6 1 5 9 13 2 6 10 4 8 7 11 15 12 0 14 3
182 176 6 1 5 9 13 2 6 10 4 8 7 11 15 0 12 14 3
183 178 5 1 5 9 13 2 6 10 4 8 7 11 15 3 12 14 0
185 179 6 1 5 9 13 2 6 10 4 8 7 11 15 3 12 0 14
185 180 5 1 5 9 13 2 6 10 4 8 7 11 15 3 0 12 14
186 181 5 1 5 9 13 2 6 10 4 8 7 11 15 0 3 12 14
187 183 4 1 5 9 13 2 6 10 4 8 7 11 15 14 3 12 0
187 182 5 1 5 9 13 2 6 10 4 0 7 11 15 8 3 12 14
189 183 6 1 5 9 13 2 6 10 4 7 0 11 15 8 3 12 14
190 184 6 1 5 9 13 2 6 10 4 7 3 11 15 8 0 12 14
190 185 5 1 5 9 13 2 6 10 4 7 3 11 15 0 8 12 14
191 187 4 1 5 9 13 2 6 10 4 7 3 11 15 14 8 12 0
193 188 5 1 5 9 13 2 6 10 4 7 0 11 15 3 8 12 14
193 189 4 1 5 9 13 2 6 10 4 0 7 11 15 3 8 12 14
193 190 3 1 5 9 13 2 6 10 4 3 7 11 15 0 8 12 14
194 192 2 1 5 9 13 2 6 10 4 3 7 11 15 14 8 12 0
199 195 4 1 5 9 13 2 6 10 4 3 7 0 15 14 8 12 11
199 195 4 0 5 9 13 2 6 10 4 3 7 11 15 14 8 12 1
201 197 4 14 5 9 13 2 6 10 4 3 7 11 15 0 8 12 1
202 199 3 14 5 9 13 2 6 10 4 3 7 11 15 1 8 12 0
198 194 4 1 5 9 0 2 6 10 4 3 7 11 15 14 8 12 13
201 197 4 1 5 9 14 2 6 10 4 3 7 11 15 0 8 12 13
202 199 3 1 5 9 14 2 6 10 4 3 7 11 15 13 8 12 0
199 195 4 1 5 9 4 2 6 10 0 3 7 11 15 14 8 12 13
197 193 4 1 5 9 13 2 6 10 4 3 7 11 15 14 8 0 12
197 193 4 1 5 9 13 2 6 10 4 3 7 11 0 14 8 12 15
198 194 4 1 5 9 13 2 6 10 0 3 7 11 4 14 8 12 15
197 193 4 1 5 9 0 2 6 10 4 3 7 11 15 13 8 12 14
198 194 4 1 5 9 4 2 6 10 0 3 7 11 15 13 8 12 14
196 192 4 0 5 9 13 2 6 10 4 3 7 11 15 1 8 12 14
195 191 4 1 5 9 13 2 6 10 4 3 7 11 15 8 0 12 14
197 193 4 1 5 9 13 2 6 10 4 3 0 11 15 7 8 12 14
199 194 5 1 5 9 13 2 6 10 4 3 11 0 15 7 8 12 14
199 194 5 1 5 9 13 2 6 10 4 3 8 11 15 7 0 12 14
200 195 5 1 5 9 13 2 6 10 4 3 8 11 15 0 7 12 14
201 197 4 1 5 9 13 2 6 10 4 3 8 11 15 14 7 12 0
199 194 5 1 5 9 13 2 0 10 4 3 6 11 15 7 8 12 14
200 195 5 1 5 9 4 2 6 0 10 3 7 11 15 13 8 12 14
201 196 5 1 5 9 13 2 6 10 4 3 7 12 15 14 8 0 11
201 197 4 1 5 9 13 2 6 10 4 3 7 12 15 14 8 11 0
204 199 5 1 5 9 13 2 6 10 4 3 7 12 15 0 8 11 14
201 196 5 1 5 9 13 2 6 10 4 3 7 15 0 14 8 12 11
201 197 4 1 5 9 13 2 6 10 4 3 7 15 11 14 8 12 0
204 199 5 1 5 9 13 2 6 10 4 3 7 15 11 0 8 12 14
202 197 5 1 5 9 13 2 6 10 0 3 7 15 4 14 8 12 11
203 198 5 14 5 9 13 2 6 10 4 0 7 11 15 3 8 12 1
206 201 5 14 5 9 0 2 6 10 4 3 7 11 15 1 8 12 13
209 204 5 14 5 9 1 2 6 10 4 3 7 11 15 0 8 12 13
210 206 4 14 5 9 1 2 6 10 4 3 7 11 15 13 8 12 0
207 202 5 14 5 9 4 2 6 10 0 3 7 11 15 1 8 12 13
205 200 5 14 5 9 13 2 6 10 4 3 7 11 0 1 8 12 15
206 201 5 14 5 9 13 2 6 10 0 3 7 11 4 1 8 12 15
202 197 5 13 5 9 0 2 6 10 4 3 7 11 15 14 8 12 1
203 199 4 13 5 9 1 2 6 10 4 3 7 11 15 14 8 12 0
206 201 5 13 5 9 1 2 6 10 4 3 7 11 15 0 8 12 14
205 200 5 13 5 9 14 2 6 10 4 3 7 11 15 0 8 12 1
206 202 4 13 5 9 14 2 6 10 4 3 7 11 15 1 8 12 0
201 196 5 0 5 9 1 2 6 10 4 3 7 11 15 14 8 12 13
203 198 5 1 5 9 14 2 6 10 4 0 7 11 15 3 8 12 13
200 195 5 1 5 9 0 2 6 10 13 3 7 11 4 14 8 12 15
201 197 4 1 5 9 15 2 6 10 13 3 7 11 4 14 8 12 0
204 199 5 1 5 9 15 2 6 10 13 3 7 11 4 0 8 12 14
207 202 5 1 5 9 0 2 6 10 13 3 7 11 4 15 8 12 14
208 204 4 1 5 9 14 2 6 10 13 3 7 11 4 15 8 12 0
207 203 4 1 5 9 13 2 6 10 0 3 7 11 4 15 8 12 14
208 204 4 1 5 9 13 2 6 10 4 3 7 11 0 15 8 12 14
208 205 3 1 5 9 13 2 6 10 4 3 7 11 14 15 8 12 0
211 207 4 1 5 9 13 2 6 10 4 3 7 11 14 0 8 12 15
215 210 5 1 5 9 13 2 6 10 4 3 0 11 14 7 8 12 15
215 210 5 1 5 9 0 2 6 10 4 3 7 11 14 13 8 12 15
216 212 4 1 5 9 15 2 6 10 4 3 7 11 14 13 8 12 0
219 214 5 1 5 9 15 2 6 10 4 3 7 11 14 0 8 12 13
218 213 5 1 5 9 15 2 6 10 4 3 7 11 0 13 8 12 14
219 214 5 1 5 9 15 2 6 10 0 3 7 11 4 13 8 12 14
220 215 5 1 5 9 0 2 6 10 15 3 7 11 4 13 8 12 14
222 218 4 1 5 9 13 2 6 10 15 3 7 11 4 0 8 12 14
223 220 3 1 5 9 13 2 6 10 15 3 7 11 4 14 8 12 0
225 221 4 1 5 9 13 2 6 10 15 3 7 11 0 14 8 12 4
225 222 3 1 5 9 13 2 6 10 0 3 7 11 15 14 8 12 4
227 223 4 1 5 9 13 2 6 0 10 3 7 11 15 14 8 12 4
227 223 4 1 5 9 0 2 6 10 13 3 7 11 15 14 8 12 4
228 225 3 1 5 9 4 2 6 10 13 3 7 11 15 14 8 12 0
231 227 4 1 5 9 4 2 6 10 13 3 7 11 15 0 8 12 14
233 230 3 1 5 9 0 2 6 10 13 3 7 11 15 4 8 12 14
234 232 2 1 5 9 14 2 6 10 13 3 7 11 15 4 8 12 0
233 231 2 1 5 9 13 2 6 10 0 3 7 11 15 4 8 12 14
235 232 3 1 5 9 13 2 6 0 10 3 7 11 15 4 8 12 14
235 232 3 1 5 9 13 2 6 10 15 3 7 11 0 4 8 12 14
235 233 2 1 5 9 13 2 6 10 15 3 7 11 14 4 8 12 0
240 236 4 1 5 9 13 2 6 10 15 3 7 0 14 4 8 12 11
241 237 4 1 5 9 13 2 6 10 15 3 7 14 0 4 8 12 11
241 238 3 1 5 9 13 2 6 10 15 3 7 14 11 4 8 12 0
241 238 3 1 5 9 13 2 6 10 0 3 7 14 15 4 8 12 11
243 239 4 1 5 9 13 2 6 0 10 3 7 14 15 4 8 12 11
244 240 4 1 5 9 13 2 6 14 10 3 7 0 15 4 8 12 11
243 239 4 1 5 9 0 2 6 10 13 3 7 14 15 4 8 12 11
244 241 3 1 5 9 11 2 6 10 13 3 7 14 15 4 8 12 0
248 244 4 1 5 9 11 2 6 10 13 3 7 0 15 4 8 12 14
240 236 4 0 5 9 13 2 6 10 15 3 7 11 14 4 8 12 1
239 235 4 1 5 9 0 2 6 10 15 3 7 11 14 4 8 12 13
240 236 4 1 5 9 15 2 6 10 0 3 7 11 14 4 8 12 13
240 237 3 1 5 9 15 2 6 10 14 3 7 11 0 4 8 12 13
240 238 2 1 5 9 15 2 6 10 14 3 7 11 13 4 8 12 0
243 240 3 1 5 9 0 2 6 10 14 3 7 11 13 4 8 12 15
247 243 4 1 5 9 10 2 6 0 14 3 7 11 13 4 8 12 15
247 243 4 1 5 9 4 2 6 10 14 3 7 11 13 0 8 12 15
248 245 3 1 5 9 4 2 6 10 14 3 7 11 13 15 8 12 0
251 247 4 1 5 9 0 2 6 10 14 3 7 11 13 15 8 12 4
250 246 4 1 5 9 4 2 6 10 14 3 7 11 0 15 8 12 13
246 242 4 0 5 9 1 2 6 10 14 3 7 11 13 4 8 12 15
248 245 3 15 5 9 1 2 6 10 14 3 7 11 13 4 8 12 0
251 247 4 15 5 9 0 2 6 10 14 3 7 11 13 4 8 12 1
250 246 4 15 5 9 1 2 6 10 14 3 7 11 0 4 8 12 13
245 241 4 1 5 0 9 2 6 10 14 3 7 11 13 4 8 12 15
245 241 4 1 5 9 14 2 6 10 0 3 7 11 13 4 8 12 15
239 235 4 0 5 9 14 2 6 10 13 3 7 11 15 4 8 12 1
241 237 4 14 5 9 0 2 6 10 13 3 7 11 15 4 8 12 1
242 239 3 14 5 9 1 2 6 10 13 3 7 11 15 4 8 12 0
241 238 3 14 5 9 13 2 6 10 0 3 7 11 15 4 8 12 1
243 239 4 14 5 9 13 2 6 0 10 3 7 11 15 4 8 12 1
243 239 4 14 5 9 13 2 6 10 15 3 7 11 0 4 8 12 1
243 240 3 14 5 9 13 2 6 10 15 3 7 11 1 4 8 12 0
247 243 4 0 5 9 13 2 6 10 15 3 7 11 1 4 8 12 14
236 232 4 0 5 9 1 2 6 10 13 3 7 11 15 4 8 12 14
237 233 4 1 5 9 14 2 6 10 13 3 7 11 15 4 8 0 12
243 239 4 1 5 9 15 2 6 10 14 3 7 11 13 4 8 0 12
237 233 4 1 5 9 10 2 6 0 13 3 7 11 15 4 8 12 14
238 234 4 1 5 9 10 2 6 13 0 3 7 11 15 4 8 12 14
239 235 4 1 5 9 0 2 6 13 10 3 7 11 15 4 8 12 14
240 237 3 1 5 9 14 2 6 13 10 3 7 11 15 4 8 12 0
245 241 4 1 5 9 15 2 6 10 14 3 7 0 13 4 8 12 11
246 242 4 1 5 9 15 2 6 10 14 3 7 13 0 4 8 12 11
246 243 3 1 5 9 15 2 6 10 14 3 7 13 11 4 8 12 0
249 245 4 1 5 9 0 2 6 10 14 3 7 13 11 4 8 12 15
245 241 4 0 5 9 15 2 6 10 14 3 7 11 13 4 8 12 1
237 233 4 1 5 9 13 2 6 11 10 3 7 0 15 4 8 12 14
237 233 4 1 5 0 13 2 6 9 10 3 7 11 15 4 8 12 14
239 235 4 1 5 9 13 2 6 10 15 3 7 11 14 0 8 12 4
237 233 4 1 5 9 13 2 6 10 15 3 7 0 11 4 8 12 14
238 234 4 1 5 9 13 2 6 10 15 3 7 11 14 4 8 0 12
239 235 4 1 5 9 14 2 6 10 13 3 7 0 15 4 8 12 11
242 238 4 1 5 9 15 2 6 10 14 3 7 0 11 4 8 12 13
244 240 4 1 5 9 15 2 6 10 14 3 7 11 13 0 8 12 4
237 233 4 1 5 9 13 2 0 6 10 3 7 11 15 4 8 12 14
237 233 4 1 5 9 14 2 6 10 13 3 7 11 0 4 8 12 15
235 231 4 1 5 0 9 2 6 10 13 3 7 11 15 4 8 12 14
230 226 4 1 5 9 14 2 6 10 13 3 7 11 15 0 8 12 4
221 217 4 1 5 9 14 2 6 10 15 3 7 11 4 13 8 12 0
224 219 5 1 5 9 14 2 6 10 15 3 7 11 4 0 8 12 13
223 218 5 1 5 9 14 2 6 10 15 3 7 11 0 13 8 12 4
223 219 4 1 5 9 14 2 6 10 0 3 7 11 15 13 8 12 4
223 220 3 1 5 9 0 2 6 10 14 3 7 11 15 13 8 12 4
225 223 2 1 5 9 13 2 6 10 14 3 7 11 15 0 8 12 4
225 225 0 1 5 9 13 2 6 10 14 3 7 11 15 4 8 12 0
