0 0 0 9 7 1 5 4 0 13 10 15 6 11 3 12 2 14 8
15 1 14 9 7 1 5 4 6 13 10 15 0 11 3 12 2 14 8
16 2 14 9 7 1 5 4 6 13 10 0 15 11 3 12 2 14 8
17 3 14 9 7 1 5 4 6 13 10 12 15 11 3 0 2 14 8
18 5 13 9 7 1 5 4 6 13 10 12 15 11 3 8 2 14 0
22 8 14 0 7 1 5 4 6 13 10 12 15 11 3 8 2 14 9
24 10 14 8 7 1 5 4 6 13 10 12 15 11 3 0 2 14 9
25 12 13 8 7 1 5 4 6 13 10 12 15 11 3 9 2 14 0
28 14 14 8 7 1 0 4 6 13 10 12 15 11 3 9 2 14 5
30 17 13 8 7 1 13 4 6 0 10 12 15 11 3 9 2 14 5
30 18 12 8 7 1 13 4 6 10 0 12 15 11 3 9 2 14 5
31 19 12 8 7 1 13 4 6 10 3 12 15 11 0 9 2 14 5
31 20 11 8 7 1 13 4 6 10 3 12 15 11 5 9 2 14 0
35 23 12 0 7 1 13 4 6 10 3 12 15 11 5 9 2 14 8
37 25 12 9 7 1 13 4 6 10 3 12 15 11 5 0 2 14 8
38 27 11 9 7 1 13 4 6 10 3 12 15 11 5 8 2 14 0
42 30 12 0 7 1 13 4 6 10 3 12 15 11 5 8 2 14 9
43 31 12 7 0 1 13 4 6 10 3 12 15 11 5 8 2 14 9
44 32 12 7 1 0 13 4 6 10 3 12 15 11 5 8 2 14 9
34 22 12 8 7 1 13 4 6 10 3 12 15 11 5 0 2 14 9
37 25 12 8 7 1 13 4 6 10 3 12 0 11 5 15 2 14 9
38 26 12 8 7 1 13 4 6 10 3 0 12 11 5 15 2 14 9
39 27 12 8 7 1 13 4 6 10 3 15 12 11 5 0 2 14 9
40 29 11 8 7 1 13 4 6 10 3 15 12 11 5 9 2 14 0
44 32 12 0 7 1 13 4 6 10 3 15 12 11 5 9 2 14 8
46 34 12 9 7 1 13 4 6 10 3 15 12 11 5 0 2 14 8
47 36 11 9 7 1 13 4 6 10 3 15 12 11 5 8 2 14 0
49 37 12 9 7 1 13 4 6 10 3 15 12 11 5 8 2 0 14
50 38 12 9 7 1 13 4 6 10 3 15 12 11 5 8 0 2 14
50 39 11 9 7 1 13 4 6 10 3 15 12 11 5 0 8 2 14
51 41 10 9 7 1 13 4 6 10 3 15 12 11 5 14 8 2 0
55 44 11 0 7 1 13 4 6 10 3 15 12 11 5 14 8 2 9
57 46 11 14 7 1 13 4 6 10 3 15 12 11 5 0 8 2 9
58 48 10 14 7 1 13 4 6 10 3 15 12 11 5 9 8 2 0
60 49 11 14 7 1 13 4 6 10 3 15 12 11 5 9 8 0 2
53 42 11 9 7 1 13 4 6 10 3 15 12 11 5 14 8 0 2
51 40 11 9 7 1 13 4 6 10 3 0 12 11 5 15 8 2 14
52 41 11 9 7 1 13 4 6 10 3 12 0 11 5 15 8 2 14
52 41 11 0 7 1 13 4 6 10 3 15 12 11 5 9 8 2 14
53 42 11 7 0 1 13 4 6 10 3 15 12 11 5 9 8 2 14
54 43 11 7 1 0 13 4 6 10 3 15 12 11 5 9 8 2 14
53 42 11 4 7 1 13 0 6 10 3 15 12 11 5 9 8 2 14
54 43 11 4 7 1 13 15 6 10 3 0 12 11 5 9 8 2 14
55 44 11 4 7 1 13 15 6 10 3 12 0 11 5 9 8 2 14
55 44 11 4 7 1 13 15 6 10 3 9 12 11 5 0 8 2 14
56 46 10 0 7 1 13 15 6 10 3 9 12 11 5 4 8 2 14
58 49 9 14 7 1 13 15 6 10 3 9 12 11 5 4 8 2 0
60 50 10 14 7 1 13 15 6 10 3 9 12 11 5 4 8 0 2
60 50 10 14 7 1 13 15 6 10 3 9 12 11 0 4 8 2 5
61 51 10 14 7 1 13 15 6 10 0 9 12 11 3 4 8 2 5
57 47 10 7 0 1 13 15 6 10 3 9 12 11 5 4 8 2 14
58 48 10 7 1 0 13 15 6 10 3 9 12 11 5 4 8 2 14
57 47 10 15 7 1 13 0 6 10 3 9 12 11 5 4 8 2 14
58 48 10 15 7 1 13 9 6 10 3 0 12 11 5 4 8 2 14
59 49 10 15 7 1 13 9 6 10 3 12 0 11 5 4 8 2 14
56 46 10 4 7 1 13 15 6 10 3 9 12 11 5 14 8 2 0
60 49 11 0 7 1 13 15 6 10 3 9 12 11 5 14 8 2 4
61 50 11 7 0 1 13 15 6 10 3 9 12 11 5 14 8 2 4
62 51 11 7 1 0 13 15 6 10 3 9 12 11 5 14 8 2 4
61 50 11 15 7 1 13 0 6 10 3 9 12 11 5 14 8 2 4
62 51 11 15 7 1 13 9 6 10 3 0 12 11 5 14 8 2 4
63 52 11 15 7 1 13 9 6 10 3 12 0 11 5 14 8 2 4
63 52 11 15 7 1 13 9 6 10 3 14 12 11 5 0 8 2 4
63 54 9 15 7 1 13 9 6 10 3 14 12 11 5 4 8 2 0
67 57 10 0 7 1 13 9 6 10 3 14 12 11 5 4 8 2 15
68 58 10 7 0 1 13 9 6 10 3 14 12 11 5 4 8 2 15
69 59 10 7 1 0 13 9 6 10 3 14 12 11 5 4 8 2 15
68 58 10 9 7 1 13 0 6 10 3 14 12 11 5 4 8 2 15
69 59 10 9 7 1 13 14 6 10 3 0 12 11 5 4 8 2 15
70 60 10 9 7 1 13 14 6 10 3 12 0 11 5 4 8 2 15
65 55 10 15 7 1 13 9 6 10 3 14 12 11 0 4 8 2 5
66 56 10 15 7 1 13 9 6 10 0 14 12 11 3 4 8 2 5
65 55 10 15 7 1 13 9 6 10 3 14 12 11 5 4 8 0 2
67 56 11 15 7 1 13 9 6 10 3 14 12 11 5 4 0 8 2
68 57 11 15 7 1 13 9 6 10 3 14 0 11 5 4 12 8 2
69 58 11 15 7 1 13 9 6 10 3 0 14 11 5 4 12 8 2
70 59 11 15 7 1 13 0 6 10 3 9 14 11 5 4 12 8 2
67 56 11 15 7 1 13 9 6 10 3 14 12 0 5 4 8 11 2
68 57 11 15 7 1 13 9 6 10 3 14 12 5 0 4 8 11 2
68 58 10 15 7 1 13 9 6 10 3 14 12 5 2 4 8 11 0
72 61 11 15 7 1 13 9 6 10 3 14 12 0 2 4 8 11 5
72 62 10 15 7 1 13 9 6 10 3 14 12 11 2 4 8 0 5
72 63 9 15 7 1 13 9 6 10 3 14 12 11 2 4 8 5 0
76 66 10 0 7 1 13 9 6 10 3 14 12 11 2 4 8 5 15
77 67 10 7 0 1 13 9 6 10 3 14 12 11 2 4 8 5 15
78 68 10 7 1 0 13 9 6 10 3 14 12 11 2 4 8 5 15
74 64 10 15 7 1 13 9 6 10 3 14 12 11 0 4 8 5 2
75 65 10 15 7 1 13 9 6 10 0 14 12 11 3 4 8 5 2
77 67 10 9 7 1 13 0 6 10 3 14 12 11 2 4 8 5 15
78 68 10 9 7 1 13 14 6 10 3 0 12 11 2 4 8 5 15
79 69 10 9 7 1 13 14 6 10 3 12 0 11 2 4 8 5 15
81 70 11 9 7 1 13 14 6 10 3 12 11 0 2 4 8 5 15
82 71 11 9 7 1 13 14 6 10 3 12 11 2 0 4 8 5 15
81 72 9 9 7 1 13 14 6 10 3 12 11 2 15 4 8 5 0
85 75 10 9 7 1 13 14 6 10 3 12 11 0 15 4 8 5 2
85 76 9 9 7 1 13 14 6 10 3 12 0 11 15 4 8 5 2
86 77 9 9 7 1 13 14 6 10 3 0 12 11 15 4 8 5 2
87 78 9 9 7 1 13 0 6 10 3 14 12 11 15 4 8 5 2
89 79 10 9 7 1 13 6 0 10 3 14 12 11 15 4 8 5 2
90 80 10 9 7 1 13 6 12 10 3 14 0 11 15 4 8 5 2
91 81 10 9 7 1 13 6 12 10 3 0 14 11 15 4 8 5 2
92 82 10 9 7 1 13 0 12 10 3 6 14 11 15 4 8 5 2
93 83 10 9 7 1 13 12 0 10 3 6 14 11 15 4 8 5 2
94 84 10 9 7 1 13 12 14 10 3 6 0 11 15 4 8 5 2
95 85 10 9 7 1 13 12 14 10 3 0 6 11 15 4 8 5 2
96 86 10 9 7 1 13 0 14 10 3 12 6 11 15 4 8 5 2
94 84 10 9 0 1 13 12 7 10 3 6 14 11 15 4 8 5 2
95 85 10 9 1 0 13 12 7 10 3 6 14 11 15 4 8 5 2
95 85 10 0 9 1 13 12 7 10 3 6 14 11 15 4 8 5 2
97 88 9 2 9 1 13 12 7 10 3 6 14 11 15 4 8 5 0
99 89 10 2 9 1 13 12 7 10 3 6 14 11 15 4 8 0 5
98 88 10 7 9 1 13 12 0 10 3 6 14 11 15 4 8 5 2
99 89 10 7 9 1 13 0 12 10 3 6 14 11 15 4 8 5 2
100 90 10 7 9 1 13 6 12 10 3 0 14 11 15 4 8 5 2
101 91 10 7 9 1 13 6 12 10 3 14 0 11 15 4 8 5 2
102 92 10 7 9 1 13 6 0 10 3 14 12 11 15 4 8 5 2
102 93 9 7 9 1 13 0 6 10 3 14 12 11 15 4 8 5 2
103 94 9 7 9 1 13 14 6 10 3 0 12 11 15 4 8 5 2
104 95 9 7 9 1 13 14 6 10 3 12 0 11 15 4 8 5 2
106 96 10 7 9 1 13 14 6 10 3 12 11 0 15 4 8 5 2
107 97 10 7 9 1 13 14 6 10 3 12 11 5 15 4 8 0 2
107 98 9 7 9 1 13 14 6 10 3 12 11 5 15 4 8 2 0
111 101 10 7 9 1 13 14 6 10 3 12 11 0 15 4 8 2 5
111 102 9 7 9 1 13 14 6 10 3 12 0 11 15 4 8 2 5
112 103 9 7 9 1 13 14 6 10 3 0 12 11 15 4 8 2 5
113 104 9 7 9 1 13 0 6 10 3 14 12 11 15 4 8 2 5
115 105 10 7 9 1 13 6 0 10 3 14 12 11 15 4 8 2 5
116 106 10 7 9 1 13 6 12 10 3 14 0 11 15 4 8 2 5
117 107 10 7 9 1 13 6 12 10 3 0 14 11 15 4 8 2 5
118 108 10 7 9 1 13 0 12 10 3 6 14 11 15 4 8 2 5
119 109 10 7 9 1 13 12 0 10 3 6 14 11 15 4 8 2 5
120 110 10 7 9 1 13 12 14 10 3 6 0 11 15 4 8 2 5
121 111 10 7 9 1 13 12 14 10 3 0 6 11 15 4 8 2 5
122 112 10 7 9 1 13 0 14 10 3 12 6 11 15 4 8 2 5
120 110 10 7 0 1 13 12 9 10 3 6 14 11 15 4 8 2 5
121 111 10 7 1 0 13 12 9 10 3 6 14 11 15 4 8 2 5
121 111 10 0 7 1 13 12 9 10 3 6 14 11 15 4 8 2 5
123 114 9 5 7 1 13 12 9 10 3 6 14 11 15 4 8 2 0
125 115 10 5 7 1 13 12 9 10 3 6 14 11 15 4 8 0 2
124 114 10 9 7 1 13 12 0 10 3 6 14 11 15 4 8 2 5
125 115 10 9 7 1 13 0 12 10 3 6 14 11 15 4 8 2 5
126 116 10 9 7 1 13 6 12 10 3 0 14 11 15 4 8 2 5
127 117 10 9 7 1 13 6 12 10 3 14 0 11 15 4 8 2 5
128 118 10 9 7 1 13 6 0 10 3 14 12 11 15 4 8 2 5
128 119 9 9 7 1 13 0 6 10 3 14 12 11 15 4 8 2 5
129 120 9 9 7 1 13 14 6 10 3 0 12 11 15 4 8 2 5
130 121 9 9 7 1 13 14 6 10 3 12 0 11 15 4 8 2 5
132 122 10 9 7 1 13 14 6 10 3 12 11 0 15 4 8 2 5
125 115 10 9 7 1 13 12 14 10 3 6 0 11 15 4 8 2 5
126 116 10 9 7 1 13 12 14 10 3 0 6 11 15 4 8 2 5
127 117 10 9 7 1 13 0 14 10 3 12 6 11 15 4 8 2 5
132 122 10 9 7 1 13 14 6 10 3 12 8 11 15 4 0 2 5
133 123 10 9 7 1 13 14 6 10 3 12 8 11 15 4 2 0 5
133 124 9 9 7 1 13 14 6 10 3 12 8 11 15 4 2 5 0
137 127 10 0 7 1 13 14 6 10 3 12 8 11 15 4 2 5 9
138 128 10 7 0 1 13 14 6 10 3 12 8 11 15 4 2 5 9
139 129 10 7 1 0 13 14 6 10 3 12 8 11 15 4 2 5 9
138 128 10 14 7 1 13 0 6 10 3 12 8 11 15 4 2 5 9
139 129 10 14 7 1 13 12 6 10 3 0 8 11 15 4 2 5 9
140 130 10 14 7 1 13 12 6 10 3 8 0 11 15 4 2 5 9
141 131 10 14 7 1 13 12 6 10 3 8 2 11 15 4 0 5 9
142 132 10 14 7 1 13 12 6 10 3 8 2 11 15 4 5 0 9
142 133 9 14 7 1 13 12 6 10 3 8 2 11 15 4 5 9 0
146 136 10 0 7 1 13 12 6 10 3 8 2 11 15 4 5 9 14
147 137 10 7 0 1 13 12 6 10 3 8 2 11 15 4 5 9 14
148 138 10 7 1 0 13 12 6 10 3 8 2 11 15 4 5 9 14
147 137 10 12 7 1 13 0 6 10 3 8 2 11 15 4 5 9 14
148 138 10 12 7 1 13 8 6 10 3 0 2 11 15 4 5 9 14
149 139 10 12 7 1 13 8 6 10 3 2 0 11 15 4 5 9 14
150 140 10 12 7 1 13 8 6 10 3 2 5 11 15 4 0 9 14
151 141 10 12 7 1 13 8 6 10 3 2 5 11 15 4 9 0 14
151 142 9 12 7 1 13 8 6 10 3 2 5 11 15 4 9 14 0
155 145 10 0 7 1 13 8 6 10 3 2 5 11 15 4 9 14 12
156 146 10 7 0 1 13 8 6 10 3 2 5 11 15 4 9 14 12
157 147 10 7 1 0 13 8 6 10 3 2 5 11 15 4 9 14 12
156 146 10 8 7 1 13 0 6 10 3 2 5 11 15 4 9 14 12
156 147 9 8 7 1 13 2 6 10 3 0 5 11 15 4 9 14 12
157 148 9 8 7 1 13 2 6 10 3 5 0 11 15 4 9 14 12
158 149 9 8 7 1 13 2 6 10 3 5 9 11 15 4 0 14 12
159 150 9 8 7 1 13 2 6 10 3 5 9 11 15 4 14 0 12
158 151 7 8 7 1 13 2 6 10 3 5 9 11 15 4 14 12 0
162 154 8 0 7 1 13 2 6 10 3 5 9 11 15 4 14 12 8
163 155 8 7 0 1 13 2 6 10 3 5 9 11 15 4 14 12 8
164 156 8 7 1 0 13 2 6 10 3 5 9 11 15 4 14 12 8
166 157 9 7 1 13 0 2 6 10 3 5 9 11 15 4 14 12 8
167 159 8 7 1 13 8 2 6 10 3 5 9 11 15 4 14 12 0
171 162 9 0 1 13 8 2 6 10 3 5 9 11 15 4 14 12 7
171 163 8 1 0 13 8 2 6 10 3 5 9 11 15 4 14 12 7
172 164 8 1 13 0 8 2 6 10 3 5 9 11 15 4 14 12 7
173 165 8 1 13 8 0 2 6 10 3 5 9 11 15 4 14 12 7
174 167 7 1 13 8 7 2 6 10 3 5 9 11 15 4 14 12 0
174 166 8 1 13 8 3 2 6 10 0 5 9 11 15 4 14 12 7
176 167 9 1 13 8 3 2 6 0 10 5 9 11 15 4 14 12 7
177 168 9 1 13 0 3 2 6 8 10 5 9 11 15 4 14 12 7
178 169 9 1 13 3 0 2 6 8 10 5 9 11 15 4 14 12 7
179 171 8 1 13 3 7 2 6 8 10 5 9 11 15 4 14 12 0
179 170 9 1 13 3 10 2 6 8 0 5 9 11 15 4 14 12 7
180 171 9 1 13 3 10 2 6 0 8 5 9 11 15 4 14 12 7
181 172 9 1 13 0 10 2 6 3 8 5 9 11 15 4 14 12 7
182 173 9 1 13 10 0 2 6 3 8 5 9 11 15 4 14 12 7
183 175 8 1 13 10 7 2 6 3 8 5 9 11 15 4 14 12 0
161 152 9 8 7 1 13 2 6 10 3 5 9 11 0 4 14 12 15
162 153 9 8 7 1 13 2 6 10 0 5 9 11 3 4 14 12 15
162 153 9 8 7 1 13 2 6 10 3 5 9 11 15 0 14 12 4
165 156 9 8 7 1 13 2 6 10 3 5 0 11 15 9 14 12 4
166 157 9 8 7 1 13 2 6 10 3 0 5 11 15 9 14 12 4
167 158 9 8 7 1 13 2 6 10 3 9 5 11 15 0 14 12 4
167 160 7 8 7 1 13 2 6 10 3 9 5 11 15 4 14 12 0
171 163 8 0 7 1 13 2 6 10 3 9 5 11 15 4 14 12 8
172 164 8 7 0 1 13 2 6 10 3 9 5 11 15 4 14 12 8
173 165 8 7 1 0 13 2 6 10 3 9 5 11 15 4 14 12 8
175 166 9 7 1 13 0 2 6 10 3 9 5 11 15 4 14 12 8
176 168 8 7 1 13 8 2 6 10 3 9 5 11 15 4 14 12 0
180 171 9 0 1 13 8 2 6 10 3 9 5 11 15 4 14 12 7
180 172 8 1 0 13 8 2 6 10 3 9 5 11 15 4 14 12 7
181 173 8 1 13 0 8 2 6 10 3 9 5 11 15 4 14 12 7
182 174 8 1 13 8 0 2 6 10 3 9 5 11 15 4 14 12 7
183 176 7 1 13 8 7 2 6 10 3 9 5 11 15 4 14 12 0
183 175 8 1 13 8 3 2 6 10 0 9 5 11 15 4 14 12 7
185 176 9 1 13 8 3 2 6 0 10 9 5 11 15 4 14 12 7
186 177 9 1 13 0 3 2 6 8 10 9 5 11 15 4 14 12 7
187 178 9 1 13 3 0 2 6 8 10 9 5 11 15 4 14 12 7
188 180 8 1 13 3 7 2 6 8 10 9 5 11 15 4 14 12 0
165 156 9 13 7 1 0 2 6 10 3 5 9 11 15 4 14 12 8
166 158 8 13 7 1 8 2 6 10 3 5 9 11 15 4 14 12 0
170 161 9 0 7 1 8 2 6 10 3 5 9 11 15 4 14 12 13
171 162 9 7 0 1 8 2 6 10 3 5 9 11 15 4 14 12 13
172 163 9 7 1 0 8 2 6 10 3 5 9 11 15 4 14 12 13
173 164 9 7 1 8 0 2 6 10 3 5 9 11 15 4 14 12 13
173 166 7 7 1 8 13 2 6 10 3 5 9 11 15 4 14 12 0
177 169 8 0 1 8 13 2 6 10 3 5 9 11 15 4 14 12 7
177 170 7 1 0 8 13 2 6 10 3 5 9 11 15 4 14 12 7
178 171 7 1 8 0 13 2 6 10 3 5 9 11 15 4 14 12 7
180 172 8 1 8 13 0 2 6 10 3 5 9 11 15 4 14 12 7
181 174 7 1 8 13 7 2 6 10 3 5 9 11 15 4 14 12 0
181 173 8 1 8 13 3 2 6 10 0 5 9 11 15 4 14 12 7
180 172 8 1 8 10 13 2 6 0 3 5 9 11 15 4 14 12 7
181 173 8 1 8 10 13 2 6 3 0 5 9 11 15 4 14 12 7
179 171 8 1 6 8 13 2 0 10 3 5 9 11 15 4 14 12 7
180 172 8 1 6 8 13 2 9 10 3 5 0 11 15 4 14 12 7
181 173 8 1 6 8 13 2 9 10 3 0 5 11 15 4 14 12 7
181 173 8 1 6 8 13 2 9 10 3 5 14 11 15 4 0 12 7
183 174 9 1 6 8 13 2 9 10 3 5 14 11 15 4 12 0 7
183 175 8 1 6 8 13 2 9 10 3 5 14 11 15 4 12 7 0
181 172 9 1 6 8 13 2 10 0 3 5 9 11 15 4 14 12 7
182 173 9 1 6 8 13 2 10 3 0 5 9 11 15 4 14 12 7
182 173 9 1 6 0 13 2 10 8 3 5 9 11 15 4 14 12 7
183 174 9 1 0 6 13 2 10 8 3 5 9 11 15 4 14 12 7
184 175 9 1 10 6 13 2 0 8 3 5 9 11 15 4 14 12 7
185 176 9 1 10 6 13 2 8 0 3 5 9 11 15 4 14 12 7
186 177 9 1 10 6 13 2 8 3 0 5 9 11 15 4 14 12 7
186 177 9 1 10 0 13 2 8 6 3 5 9 11 15 4 14 12 7
187 178 9 1 0 10 13 2 8 6 3 5 9 11 15 4 14 12 7
185 176 9 1 10 6 13 2 9 8 3 5 0 11 15 4 14 12 7
186 177 9 1 10 6 13 2 9 8 3 0 5 11 15 4 14 12 7
186 177 9 1 10 6 13 2 9 8 3 5 14 11 15 4 0 12 7
163 154 9 8 7 1 13 2 6 10 3 0 9 11 15 5 14 12 4
173 164 9 1 6 13 8 2 0 10 3 5 9 11 15 4 14 12 7
174 165 9 1 6 13 8 2 9 10 3 5 0 11 15 4 14 12 7
175 166 9 1 6 13 8 2 9 10 3 0 5 11 15 4 14 12 7
175 166 9 1 6 13 8 2 9 10 3 5 14 11 15 4 0 12 7
177 168 9 1 13 8 10 2 6 0 3 5 9 11 15 4 14 12 7
178 169 9 1 13 8 10 2 6 3 0 5 9 11 15 4 14 12 7
179 170 9 1 13 8 0 2 6 3 10 5 9 11 15 4 14 12 7
180 172 8 1 13 8 7 2 6 3 10 5 9 11 15 4 14 12 0
180 171 9 1 13 0 8 2 6 3 10 5 9 11 15 4 14 12 7
181 172 9 1 0 13 8 2 6 3 10 5 9 11 15 4 14 12 7
178 169 9 1 13 0 10 2 6 8 3 5 9 11 15 4 14 12 7
179 170 9 1 13 10 0 2 6 8 3 5 9 11 15 4 14 12 7
180 172 8 1 13 10 7 2 6 8 3 5 9 11 15 4 14 12 0
180 171 9 1 13 10 3 2 6 8 0 5 9 11 15 4 14 12 7
179 170 9 1 0 13 10 2 6 8 3 5 9 11 15 4 14 12 7
166 157 9 8 7 1 13 2 6 10 3 5 14 11 15 9 0 12 4
167 158 9 8 7 1 13 2 6 10 3 5 14 11 15 0 9 12 4
167 160 7 8 7 1 13 2 6 10 3 5 14 11 15 4 9 12 0
171 163 8 0 7 1 13 2 6 10 3 5 14 11 15 4 9 12 8
172 164 8 7 0 1 13 2 6 10 3 5 14 11 15 4 9 12 8
173 165 8 7 1 0 13 2 6 10 3 5 14 11 15 4 9 12 8
175 166 9 7 1 13 0 2 6 10 3 5 14 11 15 4 9 12 8
176 168 8 7 1 13 8 2 6 10 3 5 14 11 15 4 9 12 0
180 171 9 0 1 13 8 2 6 10 3 5 14 11 15 4 9 12 7
180 172 8 1 0 13 8 2 6 10 3 5 14 11 15 4 9 12 7
181 173 8 1 13 0 8 2 6 10 3 5 14 11 15 4 9 12 7
182 174 8 1 13 8 0 2 6 10 3 5 14 11 15 4 9 12 7
183 176 7 1 13 8 7 2 6 10 3 5 14 11 15 4 9 12 0
183 175 8 1 13 8 3 2 6 10 0 5 14 11 15 4 9 12 7
185 176 9 1 13 8 3 2 6 0 10 5 14 11 15 4 9 12 7
186 177 9 1 13 0 3 2 6 8 10 5 14 11 15 4 9 12 7
187 178 9 1 13 3 0 2 6 8 10 5 14 11 15 4 9 12 7
188 180 8 1 13 3 7 2 6 8 10 5 14 11 15 4 9 12 0
190 181 9 1 13 3 8 2 6 0 10 5 14 11 15 4 9 12 7
190 182 8 1 13 3 8 2 6 10 0 5 14 11 15 4 9 12 7
191 183 8 1 13 3 0 2 6 10 8 5 14 11 15 4 9 12 7
192 185 7 1 13 3 7 2 6 10 8 5 14 11 15 4 9 12 0
192 184 8 1 13 0 3 2 6 10 8 5 14 11 15 4 9 12 7
193 185 8 1 0 13 3 2 6 10 8 5 14 11 15 4 9 12 7
195 186 9 0 1 13 3 2 6 10 8 5 14 11 15 4 9 12 7
197 189 8 7 1 13 3 2 6 10 8 5 14 11 15 4 9 12 0
200 191 9 7 1 13 0 2 6 10 8 5 14 11 15 4 9 12 3
200 192 8 7 1 0 13 2 6 10 8 5 14 11 15 4 9 12 3
201 193 8 7 0 1 13 2 6 10 8 5 14 11 15 4 9 12 3
202 194 8 0 7 1 13 2 6 10 8 5 14 11 15 4 9 12 3
204 197 7 3 7 1 13 2 6 10 8 5 14 11 15 4 9 12 0
209 200 9 3 7 1 13 2 6 10 8 5 14 0 15 4 9 12 11
210 201 9 3 7 1 13 2 6 10 8 5 0 14 15 4 9 12 11
211 202 9 3 7 1 13 2 6 10 8 0 5 14 15 4 9 12 11
211 202 9 3 7 1 13 2 6 10 8 5 9 14 15 4 0 12 11
208 199 9 3 7 1 0 2 6 10 8 5 14 11 15 4 9 12 13
210 201 9 0 7 1 3 2 6 10 8 5 14 11 15 4 9 12 13
212 204 8 13 7 1 3 2 6 10 8 5 14 11 15 4 9 12 0
211 202 9 7 0 1 3 2 6 10 8 5 14 11 15 4 9 12 13
212 203 9 7 1 0 3 2 6 10 8 5 14 11 15 4 9 12 13
213 204 9 7 1 3 0 2 6 10 8 5 14 11 15 4 9 12 13
213 206 7 7 1 3 13 2 6 10 8 5 14 11 15 4 9 12 0
217 209 8 0 1 3 13 2 6 10 8 5 14 11 15 4 9 12 7
217 210 7 1 0 3 13 2 6 10 8 5 14 11 15 4 9 12 7
218 211 7 1 3 0 13 2 6 10 8 5 14 11 15 4 9 12 7
220 212 8 1 3 13 0 2 6 10 8 5 14 11 15 4 9 12 7
221 214 7 1 3 13 7 2 6 10 8 5 14 11 15 4 9 12 0
221 213 8 1 3 13 8 2 6 10 0 5 14 11 15 4 9 12 7
220 212 8 1 3 10 13 2 6 0 8 5 14 11 15 4 9 12 7
221 213 8 1 3 10 13 2 6 8 0 5 14 11 15 4 9 12 7
219 211 8 1 6 3 13 2 0 10 8 5 14 11 15 4 9 12 7
220 212 8 1 6 3 13 2 14 10 8 5 0 11 15 4 9 12 7
221 213 8 1 6 3 13 2 14 10 8 0 5 11 15 4 9 12 7
221 213 8 1 6 3 13 2 14 10 8 5 9 11 15 4 0 12 7
223 214 9 1 6 3 13 2 14 10 8 5 9 11 15 4 12 0 7
223 215 8 1 6 3 13 2 14 10 8 5 9 11 15 4 12 7 0
221 212 9 1 6 3 13 0 2 10 8 5 14 11 15 4 9 12 7
222 213 9 1 6 3 13 5 2 10 8 0 14 11 15 4 9 12 7
223 214 9 1 6 3 13 5 2 10 8 14 0 11 15 4 9 12 7
224 215 9 1 6 3 13 5 2 10 8 14 9 11 15 4 0 12 7
224 215 9 1 6 3 13 5 0 10 8 14 2 11 15 4 9 12 7
224 216 8 1 0 3 13 5 6 10 8 14 2 11 15 4 9 12 7
225 217 8 1 3 0 13 5 6 10 8 14 2 11 15 4 9 12 7
227 218 9 1 3 13 0 5 6 10 8 14 2 11 15 4 9 12 7
228 220 8 1 3 13 7 5 6 10 8 14 2 11 15 4 9 12 0
228 219 9 1 3 13 8 5 6 10 0 14 2 11 15 4 9 12 7
191 182 9 1 13 0 8 2 6 3 10 5 14 11 15 4 9 12 7
192 183 9 1 13 8 0 2 6 3 10 5 14 11 15 4 9 12 7
193 185 8 1 13 8 7 2 6 3 10 5 14 11 15 4 9 12 0
193 184 9 1 13 8 10 2 6 3 0 5 14 11 15 4 9 12 7
171 162 9 8 7 1 0 2 6 10 3 5 14 11 15 4 9 12 13
173 164 9 0 7 1 8 2 6 10 3 5 14 11 15 4 9 12 13
175 167 8 13 7 1 8 2 6 10 3 5 14 11 15 4 9 12 0
174 165 9 7 0 1 8 2 6 10 3 5 14 11 15 4 9 12 13
175 166 9 7 1 0 8 2 6 10 3 5 14 11 15 4 9 12 13
176 167 9 7 1 8 0 2 6 10 3 5 14 11 15 4 9 12 13
176 169 7 7 1 8 13 2 6 10 3 5 14 11 15 4 9 12 0
180 172 8 0 1 8 13 2 6 10 3 5 14 11 15 4 9 12 7
180 173 7 1 0 8 13 2 6 10 3 5 14 11 15 4 9 12 7
181 174 7 1 8 0 13 2 6 10 3 5 14 11 15 4 9 12 7
183 175 8 1 8 13 0 2 6 10 3 5 14 11 15 4 9 12 7
184 177 7 1 8 13 7 2 6 10 3 5 14 11 15 4 9 12 0
184 176 8 1 8 13 3 2 6 10 0 5 14 11 15 4 9 12 7
183 175 8 1 8 10 13 2 6 0 3 5 14 11 15 4 9 12 7
184 176 8 1 8 10 13 2 6 3 0 5 14 11 15 4 9 12 7
182 174 8 1 6 8 13 2 0 10 3 5 14 11 15 4 9 12 7
183 175 8 1 6 8 13 2 14 10 3 5 0 11 15 4 9 12 7
184 176 8 1 6 8 13 2 14 10 3 0 5 11 15 4 9 12 7
184 176 8 1 6 8 13 2 14 10 3 5 9 11 15 4 0 12 7
186 177 9 1 6 8 13 2 14 10 3 5 9 11 15 4 12 0 7
186 178 8 1 6 8 13 2 14 10 3 5 9 11 15 4 12 7 0
207 198 9 3 7 1 13 2 6 10 8 5 14 11 15 4 9 0 12
208 199 9 3 7 1 13 2 6 10 8 5 14 11 15 4 0 9 12
209 200 9 3 7 1 13 2 6 10 8 5 0 11 15 4 14 9 12
210 201 9 3 7 1 13 2 6 10 8 0 5 11 15 4 14 9 12
201 192 9 7 1 13 8 2 6 10 0 5 14 11 15 4 9 12 3
202 193 9 0 1 13 7 2 6 10 8 5 14 11 15 4 9 12 3
204 196 8 3 1 13 7 2 6 10 8 5 14 11 15 4 9 12 0
202 194 8 1 0 13 7 2 6 10 8 5 14 11 15 4 9 12 3
203 195 8 1 13 0 7 2 6 10 8 5 14 11 15 4 9 12 3
204 196 8 1 13 7 0 2 6 10 8 5 14 11 15 4 9 12 3
205 198 7 1 13 7 3 2 6 10 8 5 14 11 15 4 9 12 0
205 197 8 1 13 7 8 2 6 10 0 5 14 11 15 4 9 12 3
207 198 9 1 13 7 8 2 6 0 10 5 14 11 15 4 9 12 3
208 199 9 1 13 0 8 2 6 7 10 5 14 11 15 4 9 12 3
209 200 9 1 13 8 0 2 6 7 10 5 14 11 15 4 9 12 3
210 202 8 1 13 8 3 2 6 7 10 5 14 11 15 4 9 12 0
176 167 9 7 1 13 3 2 6 10 0 5 14 11 15 4 9 12 8
209 200 9 3 7 1 8 2 6 10 0 5 14 11 15 4 9 12 13
208 199 9 3 7 1 13 2 6 10 8 5 14 11 15 0 9 12 4
211 202 9 3 7 1 13 2 6 10 8 5 0 11 15 14 9 12 4
212 203 9 3 7 1 13 2 6 10 8 0 5 11 15 14 9 12 4
213 204 9 3 7 1 13 2 6 10 8 14 5 11 15 0 9 12 4
213 206 7 3 7 1 13 2 6 10 8 14 5 11 15 4 9 12 0
217 209 8 0 7 1 13 2 6 10 8 14 5 11 15 4 9 12 3
218 210 8 7 0 1 13 2 6 10 8 14 5 11 15 4 9 12 3
219 211 8 7 1 0 13 2 6 10 8 14 5 11 15 4 9 12 3
221 212 9 7 1 13 0 2 6 10 8 14 5 11 15 4 9 12 3
222 214 8 7 1 13 3 2 6 10 8 14 5 11 15 4 9 12 0
226 217 9 0 1 13 3 2 6 10 8 14 5 11 15 4 9 12 7
226 218 8 1 0 13 3 2 6 10 8 14 5 11 15 4 9 12 7
227 219 8 1 13 0 3 2 6 10 8 14 5 11 15 4 9 12 7
228 220 8 1 13 3 0 2 6 10 8 14 5 11 15 4 9 12 7
229 222 7 1 13 3 7 2 6 10 8 14 5 11 15 4 9 12 0
229 221 8 1 13 3 8 2 6 10 0 14 5 11 15 4 9 12 7
231 222 9 1 13 3 8 2 6 0 10 14 5 11 15 4 9 12 7
232 223 9 1 13 0 8 2 6 3 10 14 5 11 15 4 9 12 7
233 224 9 1 13 8 0 2 6 3 10 14 5 11 15 4 9 12 7
234 226 8 1 13 8 7 2 6 3 10 14 5 11 15 4 9 12 0
220 211 9 4 1 3 13 2 6 10 8 5 14 11 15 0 9 12 7
221 213 8 4 1 3 13 2 6 10 8 5 14 11 15 7 9 12 0
225 216 9 0 1 3 13 2 6 10 8 5 14 11 15 7 9 12 4
225 217 8 1 0 3 13 2 6 10 8 5 14 11 15 7 9 12 4
226 218 8 1 3 0 13 2 6 10 8 5 14 11 15 7 9 12 4
228 219 9 1 3 13 0 2 6 10 8 5 14 11 15 7 9 12 4
229 221 8 1 3 13 4 2 6 10 8 5 14 11 15 7 9 12 0
209 200 9 3 7 0 1 2 6 10 8 5 14 11 15 4 9 12 13
210 201 9 3 0 7 1 2 6 10 8 5 14 11 15 4 9 12 13
211 202 9 0 3 7 1 2 6 10 8 5 14 11 15 4 9 12 13
213 205 8 13 3 7 1 2 6 10 8 5 14 11 15 4 9 12 0
212 204 8 1 3 7 0 2 6 10 8 5 14 11 15 4 9 12 13
212 206 6 1 3 7 13 2 6 10 8 5 14 11 15 4 9 12 0
217 209 8 1 3 7 13 2 6 10 8 5 14 0 15 4 9 12 11
218 210 8 1 3 7 13 2 6 10 8 5 0 14 15 4 9 12 11
219 211 8 1 3 7 13 2 6 10 8 0 5 14 15 4 9 12 11
219 211 8 1 3 7 13 2 6 10 8 5 9 14 15 4 0 12 11
213 205 8 1 3 7 8 2 6 10 0 5 14 11 15 4 9 12 13
217 209 8 0 3 7 13 2 6 10 8 5 14 11 15 4 9 12 1
218 210 8 3 0 7 13 2 6 10 8 5 14 11 15 4 9 12 1
219 211 8 3 7 0 13 2 6 10 8 5 14 11 15 4 9 12 1
213 205 8 1 3 0 7 2 6 10 8 5 14 11 15 4 9 12 13
214 206 8 1 0 3 7 2 6 10 8 5 14 11 15 4 9 12 13
215 207 8 1 3 7 13 2 6 10 8 5 14 11 0 4 9 12 15
216 208 8 1 3 7 13 2 6 10 0 5 14 11 8 4 9 12 15
216 208 8 1 3 7 13 2 6 10 8 5 14 11 15 0 9 12 4
219 211 8 1 3 7 13 2 6 10 8 5 0 11 15 14 9 12 4
220 212 8 1 3 7 13 2 6 10 8 0 5 11 15 14 9 12 4
221 213 8 1 3 7 13 2 6 10 8 14 5 11 15 0 9 12 4
221 215 6 1 3 7 13 2 6 10 8 14 5 11 15 4 9 12 0
226 218 8 1 3 7 13 2 6 10 8 14 5 0 15 4 9 12 11
227 219 8 1 3 7 13 2 6 10 8 14 0 5 15 4 9 12 11
228 220 8 1 3 7 13 2 6 10 8 0 14 5 15 4 9 12 11
228 220 8 1 3 7 13 2 6 10 8 14 9 5 15 4 0 12 11
226 218 8 0 3 7 13 2 6 10 8 14 5 11 15 4 9 12 1
227 219 8 3 0 7 13 2 6 10 8 14 5 11 15 4 9 12 1
228 220 8 3 7 0 13 2 6 10 8 14 5 11 15 4 9 12 1
225 217 8 1 3 7 0 2 6 10 8 14 5 11 15 4 9 12 13
226 218 8 1 3 0 7 2 6 10 8 14 5 11 15 4 9 12 13
227 219 8 1 0 3 7 2 6 10 8 14 5 11 15 4 9 12 13
226 218 8 1 3 7 8 2 6 10 0 14 5 11 15 4 9 12 13
217 209 8 1 3 7 13 2 6 10 8 5 14 11 15 9 0 12 4
218 210 8 1 3 7 13 2 6 10 8 5 0 11 15 9 14 12 4
219 211 8 1 3 7 13 2 6 10 8 0 5 11 15 9 14 12 4
220 212 8 1 3 7 13 2 6 10 8 9 5 11 15 0 14 12 4
220 214 6 1 3 7 13 2 6 10 8 9 5 11 15 4 14 12 0
225 217 8 1 3 7 13 2 6 10 8 9 5 0 15 4 14 12 11
226 218 8 1 3 7 13 2 6 10 8 9 0 5 15 4 14 12 11
227 219 8 1 3 7 13 2 6 10 8 0 9 5 15 4 14 12 11
227 219 8 1 3 7 13 2 6 10 8 9 14 5 15 4 0 12 11
225 217 8 0 3 7 13 2 6 10 8 9 5 11 15 4 14 12 1
226 218 8 3 0 7 13 2 6 10 8 9 5 11 15 4 14 12 1
227 219 8 3 7 0 13 2 6 10 8 9 5 11 15 4 14 12 1
217 209 8 1 3 7 13 2 6 10 8 0 14 11 15 5 9 12 4
215 207 8 1 3 7 13 2 6 10 8 5 14 11 15 4 9 0 12
216 208 8 1 3 7 13 2 6 10 8 5 14 11 15 4 0 9 12
217 209 8 1 3 7 13 2 6 10 8 5 0 11 15 4 14 9 12
218 210 8 1 3 7 13 2 6 10 8 0 5 11 15 4 14 9 12
220 212 8 1 3 7 13 2 6 10 8 5 9 11 15 14 0 12 4
221 213 8 1 3 7 13 2 6 10 8 5 9 11 15 0 14 12 4
221 215 6 1 3 7 13 2 6 10 8 5 9 11 15 4 14 12 0
226 218 8 1 3 7 13 2 6 10 8 5 9 0 15 4 14 12 11
227 219 8 1 3 7 13 2 6 10 8 5 0 9 15 4 14 12 11
228 220 8 1 3 7 13 2 6 10 8 0 5 9 15 4 14 12 11
228 220 8 1 3 7 13 2 6 10 8 5 14 9 15 4 0 12 11
221 213 8 1 3 7 13 2 6 10 8 9 5 11 15 14 0 12 4
222 214 8 1 3 7 13 2 6 10 8 9 0 11 15 14 5 12 4
223 215 8 1 3 7 13 2 6 10 8 0 9 11 15 14 5 12 4
224 216 8 1 3 7 13 2 6 10 8 14 9 11 15 0 5 12 4
224 218 6 1 3 7 13 2 6 10 8 14 9 11 15 4 5 12 0
229 221 8 1 3 7 13 2 6 10 8 14 9 0 15 4 5 12 11
230 222 8 1 3 7 13 2 6 10 8 14 0 9 15 4 5 12 11
231 223 8 1 3 7 13 2 6 10 8 0 14 9 15 4 5 12 11
231 223 8 1 3 7 13 2 6 10 8 14 5 9 15 4 0 12 11
229 221 8 0 3 7 13 2 6 10 8 14 9 11 15 4 5 12 1
230 222 8 3 0 7 13 2 6 10 8 14 9 11 15 4 5 12 1
231 223 8 3 7 0 13 2 6 10 8 14 9 11 15 4 5 12 1
228 220 8 1 3 7 0 2 6 10 8 14 9 11 15 4 5 12 13
229 221 8 1 3 0 7 2 6 10 8 14 9 11 15 4 5 12 13
230 222 8 1 0 3 7 2 6 10 8 14 9 11 15 4 5 12 13
229 221 8 1 3 7 8 2 6 10 0 14 9 11 15 4 5 12 13
222 214 8 1 3 7 13 2 6 10 8 0 9 11 15 5 14 12 4
218 210 8 1 3 7 13 2 6 10 8 14 0 11 15 5 9 12 4
227 219 8 1 3 7 13 2 6 10 8 14 9 11 15 4 5 0 12
228 220 8 1 3 7 13 2 6 10 8 14 9 11 15 4 0 5 12
229 221 8 1 3 7 13 2 6 10 8 14 0 11 15 4 9 5 12
230 222 8 1 3 7 13 2 6 10 8 0 14 11 15 4 9 5 12
225 217 8 1 3 7 0 2 6 10 8 5 9 11 15 4 14 12 13
226 218 8 1 3 0 7 2 6 10 8 5 9 11 15 4 14 12 13
227 219 8 1 0 3 7 2 6 10 8 5 9 11 15 4 14 12 13
226 218 8 1 3 7 8 2 6 10 0 5 9 11 15 4 14 12 13
219 211 8 1 3 7 13 2 6 10 8 14 9 11 15 5 0 12 4
223 215 8 1 3 7 13 2 6 10 8 9 0 11 15 5 14 12 4
224 216 8 1 3 7 13 2 6 10 8 9 14 11 15 5 0 12 4
225 217 8 1 3 7 13 2 6 10 8 9 14 11 15 0 5 12 4
225 219 6 1 3 7 13 2 6 10 8 9 14 11 15 4 5 12 0
230 222 8 1 3 7 13 2 6 10 8 9 14 0 15 4 5 12 11
231 223 8 1 3 7 13 2 6 10 8 9 0 14 15 4 5 12 11
232 224 8 1 3 7 13 2 6 10 8 0 9 14 15 4 5 12 11
232 224 8 1 3 7 13 2 6 10 8 9 5 14 15 4 0 12 11
230 222 8 0 3 7 13 2 6 10 8 9 14 11 15 4 5 12 1
231 223 8 3 0 7 13 2 6 10 8 9 14 11 15 4 5 12 1
232 224 8 3 7 0 13 2 6 10 8 9 14 11 15 4 5 12 1
229 221 8 1 3 7 0 2 6 10 8 9 14 11 15 4 5 12 13
230 222 8 1 3 0 7 2 6 10 8 9 14 11 15 4 5 12 13
231 223 8 1 0 3 7 2 6 10 8 9 14 11 15 4 5 12 13
230 222 8 1 3 7 8 2 6 10 0 9 14 11 15 4 5 12 13
228 220 8 1 3 7 13 2 6 10 8 9 14 11 15 4 5 0 12
229 221 8 1 3 7 13 2 6 10 8 9 14 11 15 4 0 5 12
230 222 8 1 3 7 13 2 6 10 8 9 0 11 15 4 14 5 12
231 223 8 1 3 7 13 2 6 10 8 0 9 11 15 4 14 5 12
228 220 8 1 3 7 13 2 6 10 8 9 14 11 0 4 5 12 15
229 221 8 1 3 7 13 2 6 10 0 9 14 11 8 4 5 12 15
226 218 8 1 3 7 13 2 6 10 8 0 14 11 15 9 5 12 4
223 215 8 1 3 7 13 2 6 10 8 9 5 11 15 4 14 0 12
224 216 8 1 3 7 13 2 6 10 8 9 5 11 15 4 0 14 12
225 217 8 1 3 7 13 2 6 10 8 9 0 11 15 4 5 14 12
226 218 8 1 3 7 13 2 6 10 8 0 9 11 15 4 5 14 12
226 218 8 0 3 7 13 2 6 10 8 5 9 11 15 4 14 12 1
227 219 8 3 0 7 13 2 6 10 8 5 9 11 15 4 14 12 1
228 220 8 3 7 0 13 2 6 10 8 5 9 11 15 4 14 12 1
224 216 8 1 3 7 13 2 6 10 8 5 9 11 15 4 14 0 12
225 217 8 1 3 7 13 2 6 10 8 5 9 11 15 4 0 14 12
226 218 8 1 3 7 13 2 6 10 8 5 0 11 15 4 9 14 12
227 219 8 1 3 7 13 2 6 10 8 0 5 11 15 4 9 14 12
224 216 8 1 3 7 13 2 6 10 8 5 9 11 0 4 14 12 15
225 217 8 1 3 7 13 2 6 10 0 5 9 11 8 4 14 12 15
224 216 8 1 3 7 0 2 6 10 8 9 5 11 15 4 14 12 13
225 217 8 1 3 0 7 2 6 10 8 9 5 11 15 4 14 12 13
226 218 8 1 0 3 7 2 6 10 8 9 5 11 15 4 14 12 13
225 217 8 1 3 7 8 2 6 10 0 9 5 11 15 4 14 12 13
224 216 8 1 3 7 13 2 6 10 8 14 5 11 0 4 9 12 15
225 217 8 1 3 7 13 2 6 10 0 14 5 11 8 4 9 12 15
227 219 8 1 3 7 13 2 6 10 8 14 9 11 0 4 5 12 15
228 220 8 1 3 7 13 2 6 10 0 14 9 11 8 4 5 12 15
224 216 8 1 3 7 13 2 6 10 8 14 5 11 15 4 9 0 12
225 217 8 1 3 7 13 2 6 10 8 14 5 11 15 4 0 9 12
226 218 8 1 3 7 13 2 6 10 8 14 0 11 15 4 5 9 12
227 219 8 1 3 7 13 2 6 10 8 0 14 11 15 4 5 9 12
223 215 8 1 3 7 13 2 6 10 8 9 5 11 0 4 14 12 15
224 216 8 1 3 7 13 2 6 10 0 9 5 11 8 4 14 12 15
227 219 8 1 3 7 13 2 6 10 8 14 0 11 15 9 5 12 4
222 214 8 1 3 7 13 2 6 10 8 14 5 11 15 9 0 12 4
224 215 9 1 3 7 13 2 6 10 8 14 5 11 15 9 12 0 4
224 216 8 1 3 7 13 2 6 10 8 14 5 11 15 9 12 4 0
227 218 9 1 3 7 13 2 6 10 8 14 5 11 15 0 12 4 9
230 221 9 1 3 7 13 2 6 10 8 14 0 11 15 5 12 4 9
231 222 9 1 3 7 13 2 6 10 8 0 14 11 15 5 12 4 9
232 223 9 1 3 7 13 2 6 10 8 5 14 11 15 0 12 4 9
233 225 8 1 3 7 13 2 6 10 8 5 14 11 15 9 12 4 0
235 226 9 1 3 7 13 2 6 10 8 5 0 11 15 14 12 4 9
236 227 9 1 3 7 13 2 6 10 8 5 12 11 15 14 0 4 9
237 228 9 1 3 7 13 2 6 10 8 5 12 11 15 14 4 0 9
237 229 8 1 3 7 13 2 6 10 8 5 12 11 15 14 4 9 0
240 231 9 1 3 7 13 2 6 10 8 5 12 11 15 0 4 9 14
240 232 8 1 3 7 13 2 6 10 8 5 12 11 15 4 0 9 14
241 233 8 1 3 7 13 2 6 10 8 5 12 11 15 4 9 0 14
241 234 7 1 3 7 13 2 6 10 8 5 12 11 15 4 9 14 0
241 233 8 1 3 7 13 2 6 10 8 5 0 11 15 4 12 9 14
242 234 8 1 3 7 13 2 6 10 8 0 5 11 15 4 12 9 14
244 235 9 1 3 7 13 2 6 10 8 4 5 11 15 0 12 9 14
245 237 8 1 3 7 13 2 6 10 8 4 5 11 15 14 12 9 0
247 238 9 1 3 7 13 2 6 10 8 4 5 11 15 14 12 0 9
247 239 8 1 3 7 13 2 6 10 8 4 5 11 15 14 0 12 9
248 240 8 1 3 7 13 2 6 10 8 4 5 11 15 0 14 12 9
249 242 7 1 3 7 13 2 6 10 8 4 5 11 15 9 14 12 0
248 241 7 1 3 7 13 2 6 10 8 0 5 11 15 4 14 12 9
249 242 7 1 3 7 13 2 6 10 8 5 0 11 15 4 14 12 9
250 243 7 1 3 7 13 2 6 10 8 5 14 11 15 4 0 12 9
252 244 8 1 3 7 13 2 6 10 8 5 14 11 15 4 12 0 9
252 245 7 1 3 7 13 2 6 10 8 5 14 11 15 4 12 9 0
252 244 8 1 3 7 13 2 6 10 8 5 14 11 15 0 4 12 9
253 246 7 1 3 7 13 2 6 10 8 5 14 11 15 9 4 12 0
255 247 8 1 3 7 13 2 6 10 8 5 0 11 15 14 4 12 9
256 248 8 1 3 7 13 2 6 10 8 0 5 11 15 14 4 12 9
257 249 8 1 3 7 13 2 6 10 8 14 5 11 15 0 4 12 9
258 251 7 1 3 7 13 2 6 10 8 14 5 11 15 9 4 12 0
257 250 7 1 3 7 13 2 6 10 8 14 5 11 15 4 0 12 9
258 251 7 1 3 7 13 2 6 10 8 14 0 11 15 4 5 12 9
259 252 7 1 3 7 13 2 6 10 8 0 14 11 15 4 5 12 9
261 253 8 1 3 7 13 2 6 10 8 4 14 11 15 0 5 12 9
262 255 7 1 3 7 13 2 6 10 8 4 14 11 15 9 5 12 0
262 254 8 1 3 7 13 2 6 10 8 4 14 11 15 5 0 12 9
250 242 8 1 3 7 13 0 6 10 8 2 5 11 15 4 14 12 9
261 253 8 1 3 7 13 0 6 10 8 2 14 11 15 4 5 12 9
260 252 8 1 3 7 13 2 6 10 8 14 11 0 15 4 5 12 9
260 252 8 1 3 7 13 2 0 10 8 14 6 11 15 4 5 12 9
261 253 8 1 0 7 13 2 3 10 8 14 6 11 15 4 5 12 9
262 254 8 1 7 0 13 2 3 10 8 14 6 11 15 4 5 12 9
259 251 8 1 3 7 13 2 6 10 8 14 5 11 15 4 12 0 9
259 252 7 1 3 7 13 2 6 10 8 14 5 11 15 4 12 9 0
260 252 8 1 3 7 13 2 6 10 8 14 0 11 15 5 4 12 9
261 253 8 1 3 7 13 2 6 10 8 14 4 11 15 5 0 12 9
262 254 8 1 3 7 13 2 6 10 8 14 4 11 15 0 5 12 9
263 256 7 1 3 7 13 2 6 10 8 14 4 11 15 9 5 12 0
263 255 8 1 3 7 13 2 6 10 8 0 4 11 15 14 5 12 9
251 243 8 1 3 7 13 2 0 10 8 5 6 11 15 4 14 12 9
252 244 8 1 0 7 13 2 3 10 8 5 6 11 15 4 14 12 9
253 245 8 1 7 0 13 2 3 10 8 5 6 11 15 4 14 12 9
256 248 8 1 3 7 13 2 6 10 8 5 4 11 15 14 0 12 9
257 249 8 1 3 7 13 2 6 10 8 5 4 11 15 0 14 12 9
258 251 7 1 3 7 13 2 6 10 8 5 4 11 15 9 14 12 0
258 250 8 1 3 7 13 2 6 10 8 0 4 11 15 5 14 12 9
248 240 8 1 3 7 13 2 6 10 8 4 0 11 15 14 5 12 9
251 243 8 1 3 7 13 2 6 10 8 5 11 0 15 4 14 12 9
253 245 8 1 3 7 13 2 6 10 8 0 14 11 15 5 4 12 9
251 243 8 1 3 7 13 2 6 10 8 4 0 11 15 5 14 12 9
253 244 9 1 3 7 13 2 6 10 8 4 11 0 15 5 14 12 9
253 244 9 1 3 7 13 2 0 10 8 4 6 11 15 5 14 12 9
254 245 9 1 0 7 13 2 3 10 8 4 6 11 15 5 14 12 9
255 246 9 1 7 0 13 2 3 10 8 4 6 11 15 5 14 12 9
255 246 9 1 3 7 13 0 6 10 8 2 14 11 15 5 4 12 9
233 224 9 3 6 7 13 2 0 10 8 9 14 11 15 4 5 12 1
234 225 9 3 6 7 13 2 14 10 8 9 0 11 15 4 5 12 1
235 226 9 3 6 7 13 2 14 10 8 0 9 11 15 4 5 12 1
235 226 9 3 6 7 13 2 14 10 8 9 5 11 15 4 0 12 1
234 225 9 3 7 13 0 2 6 10 8 9 14 11 15 4 5 12 1
235 227 8 3 7 13 1 2 6 10 8 9 14 11 15 4 5 12 0
239 230 9 0 7 13 1 2 6 10 8 9 14 11 15 4 5 12 3
240 232 8 1 7 13 0 2 6 10 8 9 14 11 15 4 5 12 3
241 234 7 1 7 13 3 2 6 10 8 9 14 11 15 4 5 12 0
240 233 7 1 7 0 13 2 6 10 8 9 14 11 15 4 5 12 3
241 234 7 1 0 7 13 2 6 10 8 9 14 11 15 4 5 12 3
243 235 8 0 1 7 13 2 6 10 8 9 14 11 15 4 5 12 3
245 238 7 3 1 7 13 2 6 10 8 9 14 11 15 4 5 12 0
243 235 8 1 6 7 13 2 0 10 8 9 14 11 15 4 5 12 3
244 236 8 1 6 7 13 2 14 10 8 9 0 11 15 4 5 12 3
245 237 8 1 6 7 13 2 14 10 8 0 9 11 15 4 5 12 3
245 237 8 1 6 7 13 2 14 10 8 9 5 11 15 4 0 12 3
242 234 8 1 7 10 13 2 6 0 8 9 14 11 15 4 5 12 3
243 235 8 1 7 10 13 2 6 8 0 9 14 11 15 4 5 12 3
241 233 8 1 7 13 8 2 6 10 0 9 14 11 15 4 5 12 3
243 234 9 1 7 13 8 2 6 0 10 9 14 11 15 4 5 12 3
244 235 9 1 7 0 8 2 6 13 10 9 14 11 15 4 5 12 3
245 236 9 1 7 8 0 2 6 13 10 9 14 11 15 4 5 12 3
247 239 8 1 7 8 13 2 6 0 10 9 14 11 15 4 5 12 3
247 240 7 1 7 8 13 2 6 10 0 9 14 11 15 4 5 12 3
249 241 8 1 7 8 13 2 6 10 15 9 14 11 0 4 5 12 3
249 242 7 1 7 8 13 2 6 10 15 9 14 11 3 4 5 12 0
249 241 8 1 7 8 0 2 6 10 13 9 14 11 15 4 5 12 3
250 243 7 1 7 8 3 2 6 10 13 9 14 11 15 4 5 12 0
250 242 8 1 7 0 8 2 6 10 13 9 14 11 15 4 5 12 3
251 243 8 1 0 7 8 2 6 10 13 9 14 11 15 4 5 12 3
248 240 8 1 7 0 13 2 6 8 10 9 14 11 15 4 5 12 3
249 241 8 1 0 7 13 2 6 8 10 9 14 11 15 4 5 12 3
246 238 8 1 7 8 3 2 6 13 10 9 14 11 15 4 5 12 0
251 242 9 0 1 7 13 2 6 8 10 9 14 11 15 4 5 12 3
253 245 8 3 1 7 13 2 6 8 10 9 14 11 15 4 5 12 0
231 222 9 1 3 7 13 2 6 10 8 14 11 0 15 4 9 5 12
232 223 9 1 3 7 13 2 6 10 8 14 11 5 15 4 9 0 12
231 224 7 1 3 7 13 2 6 10 8 14 11 5 15 4 9 12 0
235 227 8 1 3 7 13 2 6 10 8 14 11 0 15 4 9 12 5
235 228 7 1 3 7 13 2 6 10 8 14 0 11 15 4 9 12 5
236 229 7 1 3 7 13 2 6 10 8 0 14 11 15 4 9 12 5
236 229 7 1 3 7 13 2 6 10 8 14 9 11 15 4 0 12 5
238 230 8 1 3 7 13 2 6 10 8 14 9 11 15 4 12 0 5
238 231 7 1 3 7 13 2 6 10 8 14 9 11 15 4 12 5 0
238 230 8 1 3 7 13 2 6 10 8 14 9 11 15 0 4 12 5
239 232 7 1 3 7 13 2 6 10 8 14 9 11 15 5 4 12 0
241 233 8 1 3 7 13 2 6 10 8 14 0 11 15 9 4 12 5
242 234 8 1 3 7 13 2 6 10 8 0 14 11 15 9 4 12 5
243 235 8 1 3 7 13 2 6 10 8 9 14 11 15 0 4 12 5
244 237 7 1 3 7 13 2 6 10 8 9 14 11 15 5 4 12 0
243 236 7 1 3 7 13 2 6 10 8 9 14 11 15 4 0 12 5
244 237 7 1 3 7 13 2 6 10 8 9 0 11 15 4 14 12 5
245 238 7 1 3 7 13 2 6 10 8 0 9 11 15 4 14 12 5
247 239 8 1 3 7 13 2 6 10 8 4 9 11 15 0 14 12 5
248 241 7 1 3 7 13 2 6 10 8 4 9 11 15 5 14 12 0
250 242 8 1 3 7 13 2 6 10 8 4 0 11 15 9 14 12 5
251 243 8 1 3 7 13 2 6 10 8 0 4 11 15 9 14 12 5
252 244 8 1 3 7 13 2 6 10 8 9 4 11 15 0 14 12 5
253 246 7 1 3 7 13 2 6 10 8 9 4 11 15 5 14 12 0
253 245 8 1 3 7 13 2 6 10 8 9 4 11 15 14 0 12 5
251 243 8 1 3 7 13 2 6 10 8 4 14 11 15 9 0 12 5
248 240 8 1 3 7 13 2 6 10 8 4 9 11 15 14 0 12 5
249 241 8 1 3 7 13 2 6 10 8 4 0 11 15 14 9 12 5
250 242 8 1 3 7 13 2 6 10 8 0 4 11 15 14 9 12 5
251 243 8 1 3 7 13 2 6 10 8 14 4 11 15 0 9 12 5
252 245 7 1 3 7 13 2 6 10 8 14 4 11 15 5 9 12 0
238 230 8 1 3 7 13 0 6 10 8 2 14 11 15 4 9 12 5
247 239 8 1 3 7 13 0 6 10 8 2 9 11 15 4 14 12 5
238 230 8 1 3 7 13 2 6 10 8 4 14 11 15 0 9 12 5
239 232 7 1 3 7 13 2 6 10 8 4 14 11 15 5 9 12 0
245 237 8 1 3 7 13 2 6 10 8 9 14 11 15 4 12 0 5
245 238 7 1 3 7 13 2 6 10 8 9 14 11 15 4 12 5 0
246 238 8 1 3 7 13 2 6 10 8 9 0 11 15 14 4 12 5
239 231 8 1 3 7 13 2 6 10 8 0 9 11 15 14 4 12 5
246 238 8 1 3 7 13 2 0 10 8 9 6 11 15 4 14 12 5
247 239 8 1 0 7 13 2 3 10 8 9 6 11 15 4 14 12 5
248 240 8 1 7 0 13 2 3 10 8 9 6 11 15 4 14 12 5
237 229 8 1 3 7 13 2 0 10 8 14 6 11 15 4 9 12 5
238 230 8 1 0 7 13 2 3 10 8 14 6 11 15 4 9 12 5
239 231 8 1 7 0 13 2 3 10 8 14 6 11 15 4 9 12 5
242 234 8 1 3 7 13 2 6 10 8 14 4 11 15 9 0 12 5
246 238 8 1 3 7 13 2 6 10 8 9 11 0 15 4 14 12 5
248 239 9 1 3 7 13 2 6 10 8 9 11 15 0 4 14 12 5
248 240 8 1 3 7 13 2 6 10 8 9 11 15 5 4 14 12 0
252 243 9 1 3 7 13 2 6 10 8 9 11 0 5 4 14 12 15
252 244 8 1 3 7 13 2 6 10 8 9 0 11 5 4 14 12 15
253 245 8 1 3 7 13 2 6 10 8 0 9 11 5 4 14 12 15
253 245 8 1 3 7 13 2 6 10 8 9 14 11 5 4 0 12 15
255 246 9 1 3 7 13 2 6 10 8 9 14 11 5 4 12 0 15
255 247 8 1 3 7 13 2 6 10 8 9 14 11 5 4 12 15 0
257 248 9 1 3 7 13 2 6 10 8 9 14 11 0 4 12 15 5
258 249 9 1 3 7 13 2 6 10 0 9 14 11 8 4 12 15 5
241 232 9 0 3 7 13 2 6 10 8 4 14 11 15 1 9 12 5
243 235 8 5 3 7 13 2 6 10 8 4 14 11 15 1 9 12 0
246 237 9 5 3 7 13 2 6 10 8 4 14 11 15 0 9 12 1
246 238 8 5 3 7 13 2 6 10 8 0 14 11 15 4 9 12 1
247 239 8 5 3 7 13 2 6 10 8 14 0 11 15 4 9 12 1
248 240 8 5 3 7 13 2 6 10 8 14 9 11 15 4 0 12 1
250 241 9 5 3 7 13 2 6 10 8 14 9 11 15 4 12 0 1
250 242 8 5 3 7 13 2 6 10 8 14 9 11 15 4 12 1 0
254 245 9 0 3 7 13 2 6 10 8 14 9 11 15 4 12 1 5
255 246 9 3 0 7 13 2 6 10 8 14 9 11 15 4 12 1 5
256 247 9 3 7 0 13 2 6 10 8 14 9 11 15 4 12 1 5
170 161 9 8 7 1 13 2 6 10 3 5 0 11 15 14 9 12 4
171 162 9 8 7 1 13 2 6 10 3 0 5 11 15 14 9 12 4
172 163 9 8 7 1 13 2 6 10 3 14 5 11 15 0 9 12 4
172 165 7 8 7 1 13 2 6 10 3 14 5 11 15 4 9 12 0
176 168 8 0 7 1 13 2 6 10 3 14 5 11 15 4 9 12 8
177 169 8 7 0 1 13 2 6 10 3 14 5 11 15 4 9 12 8
178 170 8 7 1 0 13 2 6 10 3 14 5 11 15 4 9 12 8
180 171 9 7 1 13 0 2 6 10 3 14 5 11 15 4 9 12 8
181 173 8 7 1 13 8 2 6 10 3 14 5 11 15 4 9 12 0
185 176 9 0 1 13 8 2 6 10 3 14 5 11 15 4 9 12 7
185 177 8 1 0 13 8 2 6 10 3 14 5 11 15 4 9 12 7
186 178 8 1 13 0 8 2 6 10 3 14 5 11 15 4 9 12 7
187 179 8 1 13 8 0 2 6 10 3 14 5 11 15 4 9 12 7
188 181 7 1 13 8 7 2 6 10 3 14 5 11 15 4 9 12 0
188 180 8 1 13 8 3 2 6 10 0 14 5 11 15 4 9 12 7
190 181 9 1 13 8 3 2 6 10 15 14 5 11 0 4 9 12 7
190 182 8 1 13 8 3 2 6 10 15 14 5 11 7 4 9 12 0
193 184 9 1 13 8 0 2 6 10 15 14 5 11 7 4 9 12 3
194 185 9 1 13 0 8 2 6 10 15 14 5 11 7 4 9 12 3
195 186 9 1 0 13 8 2 6 10 15 14 5 11 7 4 9 12 3
194 185 9 1 13 8 15 2 6 10 0 14 5 11 7 4 9 12 3
195 186 9 1 13 8 15 2 6 10 7 14 5 11 0 4 9 12 3
195 187 8 1 13 8 15 2 6 10 7 14 5 11 3 4 9 12 0
198 189 9 1 13 8 0 2 6 10 7 14 5 11 3 4 9 12 15
199 190 9 1 13 0 8 2 6 10 7 14 5 11 3 4 9 12 15
200 191 9 1 0 13 8 2 6 10 7 14 5 11 3 4 9 12 15
221 212 9 1 3 7 13 2 6 10 8 14 9 11 15 5 12 0 4
221 213 8 1 3 7 13 2 6 10 8 14 9 11 15 5 12 4 0
224 215 9 1 3 7 13 2 6 10 8 14 9 11 15 0 12 4 5
227 218 9 1 3 7 13 2 6 10 8 14 0 11 15 9 12 4 5
228 219 9 1 3 7 13 2 6 10 8 0 14 11 15 9 12 4 5
229 220 9 1 3 7 13 2 6 10 8 9 14 11 15 0 12 4 5
230 222 8 1 3 7 13 2 6 10 8 9 14 11 15 5 12 4 0
228 219 9 1 3 7 8 2 6 10 15 5 9 11 0 4 14 12 13
228 220 8 1 3 7 8 2 6 10 15 5 9 11 13 4 14 12 0
231 222 9 1 3 7 0 2 6 10 15 5 9 11 13 4 14 12 8
232 223 9 1 3 0 7 2 6 10 15 5 9 11 13 4 14 12 8
233 224 9 1 0 3 7 2 6 10 15 5 9 11 13 4 14 12 8
227 218 9 1 3 7 13 2 6 10 8 14 5 11 15 0 4 9 12
228 220 8 1 3 7 13 2 6 10 8 14 5 11 15 12 4 9 0
230 221 9 1 3 7 13 2 6 10 8 14 5 11 15 12 4 0 9
229 220 9 1 3 7 13 0 6 10 8 2 14 11 15 4 5 9 12
225 216 9 1 3 7 13 2 6 10 8 9 5 0 11 4 14 12 15
226 217 9 1 3 7 13 2 6 10 8 9 0 5 11 4 14 12 15
227 218 9 1 3 7 13 2 6 10 8 0 9 5 11 4 14 12 15
231 222 9 1 3 7 8 2 6 10 15 14 9 11 0 4 5 12 13
231 223 8 1 3 7 8 2 6 10 15 14 9 11 13 4 5 12 0
234 225 9 1 3 7 0 2 6 10 15 14 9 11 13 4 5 12 8
235 226 9 1 3 0 7 2 6 10 15 14 9 11 13 4 5 12 8
236 227 9 1 0 3 7 2 6 10 15 14 9 11 13 4 5 12 8
225 216 9 1 3 7 13 2 6 10 8 9 11 0 15 5 14 12 4
229 220 9 1 3 7 13 2 6 10 8 14 11 0 15 9 5 12 4
229 220 9 1 3 7 13 2 0 10 8 14 6 11 15 9 5 12 4
230 221 9 1 0 7 13 2 3 10 8 14 6 11 15 9 5 12 4
231 222 9 1 7 0 13 2 3 10 8 14 6 11 15 9 5 12 4
225 216 9 1 3 7 13 2 0 10 8 9 6 11 15 5 14 12 4
226 217 9 1 0 7 13 2 3 10 8 9 6 11 15 5 14 12 4
227 218 9 1 7 0 13 2 3 10 8 9 6 11 15 5 14 12 4
226 217 9 1 3 7 13 2 6 10 8 9 14 11 15 5 12 0 4
228 219 9 0 3 7 13 2 6 10 8 9 14 11 15 1 5 12 4
230 222 8 4 3 7 13 2 6 10 8 9 14 11 15 1 5 12 0
232 223 9 1 3 7 13 2 6 10 8 9 14 12 15 4 5 0 11
232 224 8 1 3 7 13 2 6 10 8 9 14 12 15 4 5 11 0
233 224 9 1 3 7 13 2 6 10 8 5 14 11 15 12 0 4 9
234 225 9 1 3 7 13 2 6 10 8 5 14 11 15 12 4 0 9
234 226 8 1 3 7 13 2 6 10 8 5 14 11 15 12 4 9 0
210 201 9 1 13 8 10 2 6 7 0 5 14 11 15 4 9 12 3
211 202 9 1 13 8 10 2 6 0 7 5 14 11 15 4 9 12 3
212 203 9 1 13 0 10 2 6 8 7 5 14 11 15 4 9 12 3
213 204 9 1 13 10 0 2 6 8 7 5 14 11 15 4 9 12 3
214 206 8 1 13 10 3 2 6 8 7 5 14 11 15 4 9 12 0
244 235 9 1 7 13 3 2 6 10 8 9 14 11 15 4 5 0 12
245 236 9 1 7 13 3 2 6 10 8 9 14 11 15 4 0 5 12
246 237 9 1 7 13 3 2 6 10 8 9 0 11 15 4 14 5 12
247 238 9 1 7 13 3 2 6 10 8 0 9 11 15 4 14 5 12
228 219 9 1 3 7 8 2 6 0 10 5 9 11 15 4 14 12 13
229 220 9 1 3 0 8 2 6 7 10 5 9 11 15 4 14 12 13
230 221 9 1 3 8 0 2 6 7 10 5 9 11 15 4 14 12 13
230 223 7 1 3 8 13 2 6 7 10 5 9 11 15 4 14 12 0
235 226 9 1 3 8 13 2 6 7 10 5 9 0 15 4 14 12 11
236 227 9 1 3 8 13 2 6 7 10 5 0 9 15 4 14 12 11
237 228 9 1 3 8 13 2 6 7 10 0 5 9 15 4 14 12 11
230 221 9 1 3 7 13 2 6 10 8 9 14 0 15 4 5 11 12
231 222 9 1 3 7 13 2 6 10 8 9 0 14 15 4 5 11 12
232 223 9 1 3 7 13 2 6 10 8 0 9 14 15 4 5 11 12
247 238 9 1 3 7 13 2 6 10 8 4 0 11 15 5 12 9 14
248 239 9 1 3 7 13 2 6 10 8 0 4 11 15 5 12 9 14
249 240 9 1 3 7 13 2 6 10 8 5 4 11 15 0 12 9 14
250 242 8 1 3 7 13 2 6 10 8 5 4 11 15 14 12 9 0
254 245 9 1 3 7 13 2 6 10 8 4 5 0 15 9 14 12 11
255 246 9 1 3 7 13 2 6 10 8 4 0 5 15 9 14 12 11
256 247 9 1 3 7 13 2 6 10 8 0 4 5 15 9 14 12 11
257 248 9 1 3 7 13 2 6 10 8 9 4 5 15 0 14 12 11
258 250 8 1 3 7 13 2 6 10 8 9 4 5 15 11 14 12 0
262 253 9 1 3 7 13 2 6 10 8 9 4 0 15 11 14 12 5
263 254 9 1 3 7 13 2 6 10 8 9 0 4 15 11 14 12 5
264 255 9 1 3 7 13 2 6 10 8 0 9 4 15 11 14 12 5
265 256 9 1 3 7 13 2 6 10 8 11 9 4 15 0 14 12 5
266 258 8 1 3 7 13 2 6 10 8 11 9 4 15 5 14 12 0
270 261 9 1 3 7 13 2 6 10 8 11 9 0 15 5 14 12 4
271 262 9 1 3 7 13 2 6 10 8 11 0 9 15 5 14 12 4
272 263 9 1 3 7 13 2 6 10 8 0 11 9 15 5 14 12 4
273 264 9 1 3 7 13 2 6 10 8 5 11 9 15 0 14 12 4
273 266 7 1 3 7 13 2 6 10 8 5 11 9 15 4 14 12 0
278 269 9 0 3 7 13 2 6 10 8 5 11 9 15 4 14 12 1
279 270 9 3 0 7 13 2 6 10 8 5 11 9 15 4 14 12 1
280 271 9 3 7 0 13 2 6 10 8 5 11 9 15 4 14 12 1
257 248 9 1 3 7 13 2 6 10 8 5 14 0 15 4 12 9 11
258 249 9 1 3 7 13 2 6 10 8 5 0 14 15 4 12 9 11
259 250 9 1 3 7 13 2 6 10 8 0 5 14 15 4 12 9 11
233 224 9 1 0 13 8 2 6 3 10 14 5 11 15 4 9 12 7
256 247 9 1 3 7 13 2 6 10 8 5 14 11 0 9 4 12 15
257 248 9 1 3 7 13 2 6 10 0 5 14 11 8 9 4 12 15
257 248 9 1 3 7 13 2 0 10 8 5 6 11 15 14 4 12 9
258 249 9 1 0 7 13 2 3 10 8 5 6 11 15 14 4 12 9
259 250 9 1 7 0 13 2 3 10 8 5 6 11 15 14 4 12 9
258 249 9 1 3 7 13 2 6 10 8 5 14 0 15 9 4 12 11
259 250 9 1 3 7 13 2 6 10 8 5 0 14 15 9 4 12 11
260 251 9 1 3 7 13 2 6 10 8 0 5 14 15 9 4 12 11
260 251 9 0 3 7 13 2 6 10 8 14 5 11 15 1 4 12 9
262 254 8 9 3 7 13 2 6 10 8 14 5 11 15 1 4 12 0
265 256 9 9 3 7 13 2 6 10 8 14 5 11 15 0 4 12 1
265 257 8 9 3 7 13 2 6 10 8 14 5 11 15 4 0 12 1
266 258 8 9 3 7 13 2 6 10 8 14 0 11 15 4 5 12 1
267 259 8 9 3 7 13 2 6 10 8 0 14 11 15 4 5 12 1
269 260 9 9 3 7 13 2 6 10 8 4 14 11 15 0 5 12 1
270 262 8 9 3 7 13 2 6 10 8 4 14 11 15 1 5 12 0
261 252 9 1 3 7 13 2 6 10 8 14 5 11 15 9 4 0 12
262 253 9 1 3 7 13 2 6 10 8 14 5 11 15 9 0 4 12
263 254 9 1 3 7 13 2 6 10 8 14 5 11 15 0 9 4 12
264 256 8 1 3 7 13 2 6 10 8 14 5 11 15 12 9 4 0
266 257 9 1 3 7 13 2 6 10 8 14 5 11 15 12 9 0 4
267 258 9 1 3 7 13 2 6 10 8 14 5 11 15 12 0 9 4
268 259 9 1 3 7 13 2 6 10 8 14 0 11 15 12 5 9 4
269 260 9 1 3 7 13 2 6 10 8 0 14 11 15 12 5 9 4
270 261 9 1 3 7 13 2 6 10 8 12 14 11 15 0 5 9 4
270 263 7 1 3 7 13 2 6 10 8 12 14 11 15 4 5 9 0
272 264 8 1 3 7 13 2 6 10 8 12 14 11 15 4 5 0 9
273 265 8 1 3 7 13 2 6 10 8 12 14 11 15 4 0 5 9
274 266 8 1 3 7 13 2 6 10 8 12 0 11 15 4 14 5 9
275 267 8 1 3 7 13 2 6 10 8 0 12 11 15 4 14 5 9
277 268 9 1 3 7 13 2 6 10 8 4 12 11 15 0 14 5 9
278 270 8 1 3 7 13 2 6 10 8 4 12 11 15 9 14 5 0
280 271 9 1 3 7 13 2 6 10 8 4 12 11 15 9 14 0 5
281 272 9 1 3 7 13 2 6 10 8 4 12 11 15 9 0 14 5
282 273 9 1 3 7 13 2 6 10 8 4 12 11 15 0 9 14 5
283 275 8 1 3 7 13 2 6 10 8 4 12 11 15 5 9 14 0
282 274 8 1 3 7 13 2 6 10 8 0 12 11 15 4 9 14 5
283 275 8 1 3 7 13 2 6 10 8 12 0 11 15 4 9 14 5
284 276 8 1 3 7 13 2 6 10 8 12 9 11 15 4 0 14 5
285 277 8 1 3 7 13 2 6 10 8 12 9 11 15 4 14 0 5
285 278 7 1 3 7 13 2 6 10 8 12 9 11 15 4 14 5 0
290 281 9 1 3 7 13 2 6 10 8 12 9 0 15 4 14 5 11
291 282 9 1 3 7 13 2 6 10 8 12 0 9 15 4 14 5 11
292 283 9 1 3 7 13 2 6 10 8 0 12 9 15 4 14 5 11
262 253 9 1 3 7 13 2 6 10 8 14 11 12 15 4 5 0 9
262 254 8 1 3 7 13 2 6 10 8 14 11 12 15 4 5 9 0
220 211 9 4 3 7 13 2 6 10 8 5 14 11 15 0 9 12 1
221 213 8 4 3 7 13 2 6 10 8 5 14 11 15 1 9 12 0
263 254 9 1 3 7 13 2 6 10 8 14 5 11 15 0 12 9 4
266 257 9 1 3 7 13 2 6 10 8 14 0 11 15 5 12 9 4
267 258 9 1 3 7 13 2 6 10 8 0 14 11 15 5 12 9 4
262 253 9 1 3 7 13 2 0 10 8 14 6 11 15 5 4 12 9
263 254 9 1 0 7 13 2 3 10 8 14 6 11 15 5 4 12 9
264 255 9 1 7 0 13 2 3 10 8 14 6 11 15 5 4 12 9
264 255 9 1 3 7 13 2 6 10 8 14 5 0 15 4 12 9 11
265 256 9 1 3 7 13 2 6 10 8 14 0 5 15 4 12 9 11
266 257 9 1 3 7 13 2 6 10 8 0 14 5 15 4 12 9 11
265 256 9 0 3 7 13 2 6 10 8 14 4 11 15 1 5 12 9
267 259 8 9 3 7 13 2 6 10 8 14 4 11 15 1 5 12 0
270 261 9 9 3 7 13 2 6 10 8 14 4 11 15 0 5 12 1
271 262 9 9 3 7 13 2 6 10 8 14 4 11 15 5 0 12 1
264 255 9 0 3 7 13 2 6 10 8 14 5 11 15 4 12 9 1
265 256 9 3 0 7 13 2 6 10 8 14 5 11 15 4 12 9 1
266 257 9 3 7 0 13 2 6 10 8 14 5 11 15 4 12 9 1
264 255 9 1 7 10 13 2 3 0 8 14 6 11 15 4 5 12 9
265 256 9 1 7 10 13 2 3 8 0 14 6 11 15 4 5 12 9
228 219 9 1 3 7 13 2 6 0 8 14 5 10 15 4 9 12 11
229 220 9 1 3 7 13 2 6 8 0 14 5 10 15 4 9 12 11
254 245 9 0 1 7 13 2 3 10 8 5 6 11 15 4 14 12 9
256 248 8 9 1 7 13 2 3 10 8 5 6 11 15 4 14 12 0
230 221 9 1 3 7 13 0 6 10 8 2 14 5 15 4 9 12 11
255 246 9 1 7 13 0 2 3 10 8 5 6 11 15 4 14 12 9
256 248 8 1 7 13 9 2 3 10 8 5 6 11 15 4 14 12 0
255 246 9 1 7 10 13 2 3 0 8 5 6 11 15 4 14 12 9
256 247 9 1 7 10 13 2 3 8 0 5 6 11 15 4 14 12 9
166 157 9 13 7 1 3 2 6 10 0 5 9 11 15 4 14 12 8
261 252 9 1 3 7 13 2 6 10 8 14 5 0 15 4 12 11 9
262 253 9 1 3 7 13 2 6 10 8 14 0 5 15 4 12 11 9
263 254 9 1 3 7 13 2 6 10 8 0 14 5 15 4 12 11 9
178 169 9 1 0 13 3 2 6 8 10 5 9 11 15 4 14 12 7
260 251 9 0 3 7 13 2 6 10 8 5 4 11 15 1 14 12 9
262 254 8 9 3 7 13 2 6 10 8 5 4 11 15 1 14 12 0
265 256 9 9 3 7 13 2 6 10 8 5 4 11 15 0 14 12 1
267 259 8 9 3 7 13 2 6 10 8 5 0 11 15 4 14 12 1
268 260 8 9 3 7 13 2 6 10 8 0 5 11 15 4 14 12 1
268 260 8 9 3 7 13 2 6 10 8 5 14 11 15 4 0 12 1
270 261 9 9 3 7 13 2 6 10 8 5 14 11 15 4 12 0 1
270 262 8 9 3 7 13 2 6 10 8 5 14 11 15 4 12 1 0
274 265 9 0 3 7 13 2 6 10 8 5 14 11 15 4 12 1 9
275 266 9 3 0 7 13 2 6 10 8 5 14 11 15 4 12 1 9
276 267 9 3 7 0 13 2 6 10 8 5 14 11 15 4 12 1 9
174 165 9 7 1 8 3 2 6 10 0 5 9 11 15 4 14 12 13
232 223 9 1 6 3 7 2 0 10 8 14 9 11 15 4 5 12 13
233 224 9 1 6 3 7 2 9 10 8 14 0 11 15 4 5 12 13
234 225 9 1 6 3 7 2 9 10 8 0 14 11 15 4 5 12 13
232 223 9 2 3 7 13 0 6 10 8 9 14 11 15 4 5 12 1
233 224 9 2 3 7 13 9 6 10 8 0 14 11 15 4 5 12 1
234 225 9 2 3 7 13 9 6 10 8 14 0 11 15 4 5 12 1
235 226 9 2 3 7 13 9 6 10 8 14 5 11 15 4 0 12 1
253 244 9 1 3 7 13 2 6 10 8 5 11 15 0 4 14 12 9
253 245 8 1 3 7 13 2 6 10 8 5 11 15 9 4 14 12 0
257 248 9 1 3 7 13 2 6 10 8 5 11 0 9 4 14 12 15
257 249 8 1 3 7 13 2 6 10 8 5 0 11 9 4 14 12 15
258 250 8 1 3 7 13 2 6 10 8 0 5 11 9 4 14 12 15
258 250 8 1 3 7 13 2 6 10 8 5 14 11 9 4 0 12 15
260 251 9 1 3 7 13 2 6 10 8 5 14 11 9 4 12 0 15
260 252 8 1 3 7 13 2 6 10 8 5 14 11 9 4 12 15 0
262 253 9 1 3 7 13 2 6 10 8 5 14 11 0 4 12 15 9
263 254 9 1 3 7 13 2 6 10 0 5 14 11 8 4 12 15 9
224 215 9 1 3 7 13 0 6 10 8 2 9 11 15 5 14 12 4
244 235 9 1 7 13 10 2 6 0 8 9 14 11 15 4 5 12 3
245 236 9 1 7 13 10 2 6 8 0 9 14 11 15 4 5 12 3
232 223 9 1 3 7 8 2 6 0 10 9 14 11 15 4 5 12 13
233 224 9 1 3 0 8 2 6 7 10 9 14 11 15 4 5 12 13
234 225 9 1 3 8 0 2 6 7 10 9 14 11 15 4 5 12 13
234 227 7 1 3 8 13 2 6 7 10 9 14 11 15 4 5 12 0
239 230 9 1 3 8 13 2 6 7 10 9 14 0 15 4 5 12 11
240 231 9 1 3 8 13 2 6 7 10 9 0 14 15 4 5 12 11
241 232 9 1 3 8 13 2 6 7 10 0 9 14 15 4 5 12 11
225 216 9 1 3 7 0 2 6 10 8 5 9 11 15 13 14 12 4
226 218 8 1 3 7 4 2 6 10 8 5 9 11 15 13 14 12 0
228 219 9 1 3 7 4 2 6 10 8 5 9 11 15 13 14 0 12
232 223 9 1 3 7 8 2 6 10 15 9 14 11 0 4 5 12 13
232 224 8 1 3 7 8 2 6 10 15 9 14 11 13 4 5 12 0
235 226 9 1 3 7 0 2 6 10 15 9 14 11 13 4 5 12 8
236 227 9 1 3 0 7 2 6 10 15 9 14 11 13 4 5 12 8
237 228 9 1 0 3 7 2 6 10 15 9 14 11 13 4 5 12 8
165 156 9 7 6 1 13 2 0 10 3 5 9 11 15 4 14 12 8
166 157 9 7 6 1 13 2 9 10 3 5 0 11 15 4 14 12 8
167 158 9 7 6 1 13 2 9 10 3 0 5 11 15 4 14 12 8
245 236 9 1 6 7 13 0 2 10 8 9 14 11 15 4 5 12 3
246 237 9 1 6 7 13 9 2 10 8 0 14 11 15 4 5 12 3
247 238 9 1 6 7 13 9 2 10 8 14 0 11 15 4 5 12 3
248 239 9 1 6 7 13 9 2 10 8 14 5 11 15 4 0 12 3
222 213 9 1 6 3 13 2 14 10 8 5 11 0 15 4 9 12 7
245 236 9 2 1 7 13 0 6 10 8 9 14 11 15 4 5 12 3
246 237 9 2 1 7 13 9 6 10 8 0 14 11 15 4 5 12 3
247 238 9 2 1 7 13 9 6 10 8 14 0 11 15 4 5 12 3
248 239 9 2 1 7 13 9 6 10 8 14 5 11 15 4 0 12 3
245 236 9 1 7 10 13 2 6 8 15 9 14 11 0 4 5 12 3
245 237 8 1 7 10 13 2 6 8 15 9 14 11 3 4 5 12 0
247 238 9 1 6 7 13 2 14 10 8 9 5 11 15 0 4 12 3
248 240 8 1 6 7 13 2 14 10 8 9 5 11 15 3 4 12 0
249 240 9 3 1 7 0 2 6 10 8 9 14 11 15 4 5 12 13
251 242 9 0 1 7 3 2 6 10 8 9 14 11 15 4 5 12 13
253 245 8 13 1 7 3 2 6 10 8 9 14 11 15 4 5 12 0
251 243 8 1 0 7 3 2 6 10 8 9 14 11 15 4 5 12 13
252 244 8 1 7 0 3 2 6 10 8 9 14 11 15 4 5 12 13
253 245 8 1 7 3 0 2 6 10 8 9 14 11 15 4 5 12 13
253 247 6 1 7 3 13 2 6 10 8 9 14 11 15 4 5 12 0
258 250 8 1 7 3 13 2 6 10 8 9 14 0 15 4 5 12 11
259 251 8 1 7 3 13 2 6 10 8 9 0 14 15 4 5 12 11
260 252 8 1 7 3 13 2 6 10 8 0 9 14 15 4 5 12 11
260 252 8 1 7 3 13 2 6 10 8 9 5 14 15 4 0 12 11
258 250 8 0 7 3 13 2 6 10 8 9 14 11 15 4 5 12 1
259 251 8 7 0 3 13 2 6 10 8 9 14 11 15 4 5 12 1
260 252 8 7 3 0 13 2 6 10 8 9 14 11 15 4 5 12 1
257 249 8 1 7 3 13 2 6 10 8 9 14 11 15 0 5 12 4
260 252 8 1 7 3 13 2 6 10 8 9 0 11 15 14 5 12 4
261 253 8 1 7 3 13 2 6 10 8 0 9 11 15 14 5 12 4
262 254 8 1 7 3 13 2 6 10 8 14 9 11 15 0 5 12 4
262 256 6 1 7 3 13 2 6 10 8 14 9 11 15 4 5 12 0
267 259 8 1 7 3 13 2 6 10 8 14 9 0 15 4 5 12 11
268 260 8 1 7 3 13 2 6 10 8 14 0 9 15 4 5 12 11
269 261 8 1 7 3 13 2 6 10 8 0 14 9 15 4 5 12 11
269 261 8 1 7 3 13 2 6 10 8 14 5 9 15 4 0 12 11
267 259 8 0 7 3 13 2 6 10 8 14 9 11 15 4 5 12 1
268 260 8 7 0 3 13 2 6 10 8 14 9 11 15 4 5 12 1
269 261 8 7 3 0 13 2 6 10 8 14 9 11 15 4 5 12 1
266 258 8 1 7 3 0 2 6 10 8 14 9 11 15 4 5 12 13
267 259 8 1 7 0 3 2 6 10 8 14 9 11 15 4 5 12 13
268 260 8 1 0 7 3 2 6 10 8 14 9 11 15 4 5 12 13
267 259 8 1 7 3 8 2 6 10 0 14 9 11 15 4 5 12 13
265 257 8 1 7 3 13 2 6 10 8 14 9 11 15 4 5 0 12
266 258 8 1 7 3 13 2 6 10 8 14 9 11 15 4 0 5 12
267 259 8 1 7 3 13 2 6 10 8 14 0 11 15 4 9 5 12
268 260 8 1 7 3 13 2 6 10 8 0 14 11 15 4 9 5 12
265 257 8 1 7 3 13 2 6 10 8 14 9 11 0 4 5 12 15
266 258 8 1 7 3 13 2 6 10 0 14 9 11 8 4 5 12 15
265 257 8 1 7 3 13 2 6 10 8 14 0 11 15 9 5 12 4
266 258 8 1 7 3 13 2 6 10 8 14 5 11 15 9 0 12 4
267 259 8 1 7 3 13 2 6 10 8 14 5 11 15 0 9 12 4
267 261 6 1 7 3 13 2 6 10 8 14 5 11 15 4 9 12 0
272 264 8 1 7 3 13 2 6 10 8 14 5 0 15 4 9 12 11
273 265 8 1 7 3 13 2 6 10 8 14 0 5 15 4 9 12 11
274 266 8 1 7 3 13 2 6 10 8 0 14 5 15 4 9 12 11
274 266 8 1 7 3 13 2 6 10 8 14 9 5 15 4 0 12 11
256 248 8 1 7 3 13 2 6 10 8 9 14 11 15 4 5 0 12
257 249 8 1 7 3 13 2 6 10 8 9 14 11 15 4 0 5 12
258 250 8 1 7 3 13 2 6 10 8 9 0 11 15 4 14 5 12
259 251 8 1 7 3 13 2 6 10 8 0 9 11 15 4 14 5 12
272 264 8 0 7 3 13 2 6 10 8 14 5 11 15 4 9 12 1
273 265 8 7 0 3 13 2 6 10 8 14 5 11 15 4 9 12 1
274 266 8 7 3 0 13 2 6 10 8 14 5 11 15 4 9 12 1
271 263 8 1 7 3 0 2 6 10 8 14 5 11 15 4 9 12 13
272 264 8 1 7 0 3 2 6 10 8 14 5 11 15 4 9 12 13
273 265 8 1 0 7 3 2 6 10 8 14 5 11 15 4 9 12 13
272 264 8 1 7 3 8 2 6 10 0 14 5 11 15 4 9 12 13
270 262 8 1 7 3 13 2 6 10 8 14 5 11 15 4 9 0 12
271 263 8 1 7 3 13 2 6 10 8 14 5 11 15 4 0 9 12
272 264 8 1 7 3 13 2 6 10 8 14 0 11 15 4 5 9 12
273 265 8 1 7 3 13 2 6 10 8 0 14 11 15 4 5 9 12
270 262 8 1 7 3 13 2 6 10 8 14 5 11 0 4 9 12 15
271 263 8 1 7 3 13 2 6 10 0 14 5 11 8 4 9 12 15
261 253 8 1 7 3 13 2 6 10 8 9 5 11 15 14 0 12 4
262 254 8 1 7 3 13 2 6 10 8 9 5 11 15 0 14 12 4
262 256 6 1 7 3 13 2 6 10 8 9 5 11 15 4 14 12 0
267 259 8 1 7 3 13 2 6 10 8 9 5 0 15 4 14 12 11
268 260 8 1 7 3 13 2 6 10 8 9 0 5 15 4 14 12 11
269 261 8 1 7 3 13 2 6 10 8 0 9 5 15 4 14 12 11
269 261 8 1 7 3 13 2 6 10 8 9 14 5 15 4 0 12 11
267 259 8 0 7 3 13 2 6 10 8 9 5 11 15 4 14 12 1
268 260 8 7 0 3 13 2 6 10 8 9 5 11 15 4 14 12 1
269 261 8 7 3 0 13 2 6 10 8 9 5 11 15 4 14 12 1
266 258 8 1 7 3 0 2 6 10 8 9 5 11 15 4 14 12 13
269 261 8 1 7 3 4 2 6 10 8 9 5 11 15 0 14 12 13
269 263 6 1 7 3 4 2 6 10 8 9 5 11 15 13 14 12 0
271 264 7 1 7 3 4 2 6 10 8 9 5 11 15 13 14 0 12
271 264 7 1 7 3 4 2 6 10 8 9 5 11 0 13 14 12 15
273 265 8 1 7 3 4 2 6 10 8 9 5 0 11 13 14 12 15
274 266 8 1 7 3 4 2 6 10 8 9 0 5 11 13 14 12 15
274 266 8 1 7 3 4 2 6 10 8 9 5 12 11 13 14 0 15
273 267 6 1 7 3 4 2 6 10 8 9 5 12 11 13 14 15 0
277 270 7 1 7 3 4 2 6 10 8 9 5 0 11 13 14 15 12
277 271 6 1 7 3 4 2 6 10 8 9 5 11 0 13 14 15 12
276 272 4 1 7 3 4 2 6 10 8 9 5 11 12 13 14 15 0
281 275 6 1 7 3 4 2 6 10 8 9 5 0 12 13 14 15 11
282 276 6 1 7 3 4 2 6 10 8 9 0 5 12 13 14 15 11
282 276 6 1 7 3 4 2 6 0 8 9 5 10 12 13 14 15 11
281 275 6 0 7 3 4 2 6 10 8 9 5 11 12 13 14 15 1
282 276 6 7 0 3 4 2 6 10 8 9 5 11 12 13 14 15 1
282 276 6 2 7 3 4 0 6 10 8 9 5 11 12 13 14 15 1
280 274 6 1 7 3 0 2 6 10 8 9 5 11 12 13 14 15 4
283 277 6 1 7 3 10 2 6 0 8 9 5 11 12 13 14 15 4
280 274 6 1 7 3 4 2 6 10 8 9 5 11 12 0 14 15 13
283 277 6 1 7 3 4 2 6 10 8 9 0 11 12 5 14 15 13
279 273 6 1 7 3 4 2 6 10 8 9 5 11 12 13 14 0 15
281 274 7 1 7 3 4 2 6 10 8 9 5 11 12 13 0 14 15
282 275 7 1 7 3 4 2 6 10 8 9 0 11 12 13 5 14 15
281 274 7 1 7 3 4 2 6 10 8 9 5 0 12 13 14 11 15
282 275 7 1 7 3 4 2 6 10 8 9 0 5 12 13 14 11 15
282 275 7 1 7 3 4 2 6 0 8 9 5 10 12 13 14 11 15
285 278 7 1 7 3 4 2 6 10 8 9 11 0 12 5 14 15 13
286 279 7 1 7 3 4 2 6 0 8 9 11 10 12 5 14 15 13
285 278 7 1 7 3 4 2 6 10 8 0 9 11 12 5 14 15 13
286 279 7 1 7 3 4 2 6 10 8 5 9 11 12 0 14 15 13
286 281 5 1 7 3 4 2 6 10 8 5 9 11 12 13 14 15 0
291 284 7 1 7 3 4 2 6 10 8 5 9 0 12 13 14 15 11
292 285 7 1 7 3 4 2 6 10 8 5 0 9 12 13 14 15 11
293 286 7 1 7 3 4 2 6 10 8 0 5 9 12 13 14 15 11
294 287 7 1 7 3 4 0 6 10 8 2 5 9 12 13 14 15 11
292 285 7 1 7 3 4 2 6 0 8 5 9 10 12 13 14 15 11
291 284 7 0 7 3 4 2 6 10 8 5 9 11 12 13 14 15 1
292 285 7 7 0 3 4 2 6 10 8 5 9 11 12 13 14 15 1
292 285 7 2 7 3 4 0 6 10 8 5 9 11 12 13 14 15 1
292 286 6 2 7 3 4 5 6 10 8 0 9 11 12 13 14 15 1
292 287 5 2 7 3 4 5 6 10 8 9 0 11 12 13 14 15 1
294 288 6 2 7 3 4 5 6 10 8 9 11 0 12 13 14 15 1
295 289 6 2 7 3 4 5 6 0 8 9 11 10 12 13 14 15 1
294 288 6 2 7 3 4 5 6 10 8 9 14 11 12 13 0 15 1
294 288 6 2 7 3 4 5 0 10 8 9 6 11 12 13 14 15 1
295 289 6 2 7 3 4 5 10 0 8 9 6 11 12 13 14 15 1
295 289 6 2 0 3 4 5 7 10 8 9 6 11 12 13 14 15 1
295 290 5 0 2 3 4 5 7 10 8 9 6 11 12 13 14 15 1
296 293 3 1 2 3 4 5 7 10 8 9 6 11 12 13 14 15 0
301 296 5 1 2 3 4 5 7 10 8 9 6 0 12 13 14 15 11
302 297 5 1 2 3 4 5 7 10 8 9 0 6 12 13 14 15 11
303 298 5 1 2 3 4 5 0 10 8 9 7 6 12 13 14 15 11
304 299 5 1 2 3 4 5 10 0 8 9 7 6 12 13 14 15 11
305 300 5 1 2 3 4 5 10 6 8 9 7 0 12 13 14 15 11
306 301 5 1 2 3 4 5 10 6 8 9 0 7 12 13 14 15 11
306 302 4 1 2 3 4 5 0 6 8 9 10 7 12 13 14 15 11
306 303 3 1 2 3 4 5 6 0 8 9 10 7 12 13 14 15 11
306 304 2 1 2 3 4 5 6 7 8 9 10 0 12 13 14 15 11
308 305 3 1 2 3 4 5 6 7 8 9 10 12 0 13 14 15 11
308 306 2 1 2 3 4 5 6 7 8 9 10 12 11 13 14 15 0
312 309 3 1 2 3 4 5 6 7 8 9 10 0 11 13 14 15 12
312 310 2 1 2 3 4 5 6 7 8 9 10 11 0 13 14 15 12
311 311 0 1 2 3 4 5 6 7 8 9 10 11 12 13 14 15 0
