0 0 0 1 2 15 14 13 9 5 4 10 7 12 8 6 3 0 11
14 1 13 1 2 15 14 13 9 5 4 10 7 12 8 6 3 11 0
14 1 13 1 2 15 14 13 9 5 4 10 7 0 8 6 3 12 11
15 2 13 1 2 15 14 13 9 5 4 10 7 8 0 6 3 12 11
15 3 12 1 2 15 14 13 9 5 4 10 7 8 11 6 3 12 0
19 6 13 1 2 15 14 13 9 5 4 10 7 0 11 6 3 12 8
19 7 12 1 2 15 14 13 9 5 4 10 7 11 0 6 3 12 8
19 8 11 1 2 15 14 13 9 5 4 10 7 11 8 6 3 12 0
22 10 12 1 2 15 0 13 9 5 4 10 7 11 8 6 3 12 14
25 13 12 1 2 15 5 13 9 0 4 10 7 11 8 6 3 12 14
26 14 12 1 2 15 5 13 9 4 0 10 7 11 8 6 3 12 14
27 15 12 1 2 15 5 13 9 4 8 10 7 11 0 6 3 12 14
27 16 11 1 2 15 5 13 9 4 8 10 7 11 14 6 3 12 0
30 18 12 1 2 15 0 13 9 4 8 10 7 11 14 6 3 12 5
32 21 11 1 2 15 4 13 9 0 8 10 7 11 14 6 3 12 5
33 22 11 1 2 15 4 13 0 9 8 10 7 11 14 6 3 12 5
34 23 11 1 2 15 4 0 13 9 8 10 7 11 14 6 3 12 5
35 24 11 1 2 15 4 10 13 9 8 0 7 11 14 6 3 12 5
36 25 11 1 2 15 4 10 13 9 8 7 0 11 14 6 3 12 5
37 26 11 1 2 15 4 10 13 9 8 7 3 11 14 6 0 12 5
38 27 11 1 2 15 4 10 13 9 8 7 3 11 14 6 12 0 5
38 28 10 1 2 15 4 10 13 9 8 7 3 11 14 6 12 5 0
41 30 11 1 2 15 4 10 13 9 8 7 3 11 14 0 12 5 6
44 33 11 1 2 15 4 10 13 9 8 7 0 11 14 3 12 5 6
45 34 11 1 2 15 4 10 13 9 8 0 7 11 14 3 12 5 6
46 35 11 1 2 15 4 10 13 9 8 3 7 11 14 0 12 5 6
47 37 10 1 2 15 4 10 13 9 8 3 7 11 14 6 12 5 0
49 38 11 1 2 15 4 10 13 9 8 3 7 11 14 6 12 0 5
50 39 11 1 2 15 4 10 13 9 8 3 7 11 14 6 0 12 5
51 40 11 1 2 15 4 10 13 9 8 3 7 11 14 0 6 12 5
53 43 10 1 2 15 0 10 13 9 8 3 7 11 14 4 6 12 5
54 45 9 1 2 15 5 10 13 9 8 3 7 11 14 4 6 12 0
56 46 10 1 2 15 5 10 13 9 8 3 7 11 0 4 6 12 14
57 47 10 1 2 15 5 10 13 9 0 3 7 11 8 4 6 12 14
58 48 10 1 2 15 5 10 13 0 9 3 7 11 8 4 6 12 14
59 49 10 1 2 15 5 10 0 13 9 3 7 11 8 4 6 12 14
60 50 10 1 2 15 5 0 10 13 9 3 7 11 8 4 6 12 14
60 50 10 1 0 15 5 10 2 13 9 3 7 11 8 4 6 12 14
61 51 10 1 15 0 5 10 2 13 9 3 7 11 8 4 6 12 14
62 52 10 1 15 5 0 10 2 13 9 3 7 11 8 4 6 12 14
64 55 9 1 15 5 13 10 2 0 9 3 7 11 8 4 6 12 14
65 56 9 1 15 5 13 10 2 9 0 3 7 11 8 4 6 12 14
66 57 9 1 15 5 13 10 2 9 8 3 7 11 0 4 6 12 14
66 58 8 1 15 5 13 10 2 9 8 3 7 11 14 4 6 12 0
63 54 9 1 15 5 14 10 2 13 9 3 7 11 8 4 6 12 0
65 56 9 1 15 5 13 10 0 2 9 3 7 11 8 4 6 12 14
66 57 9 1 15 5 13 0 10 2 9 3 7 11 8 4 6 12 14
66 57 9 1 0 5 13 10 15 2 9 3 7 11 8 4 6 12 14
66 58 8 1 5 0 13 10 15 2 9 3 7 11 8 4 6 12 14
67 59 8 1 5 2 13 10 15 0 9 3 7 11 8 4 6 12 14
68 60 8 1 5 2 13 10 15 9 0 3 7 11 8 4 6 12 14
69 61 8 1 5 2 13 10 15 9 8 3 7 11 0 4 6 12 14
69 62 7 1 5 2 13 10 15 9 8 3 7 11 14 4 6 12 0
68 60 8 1 5 2 13 10 0 15 9 3 7 11 8 4 6 12 14
69 61 8 1 5 2 13 0 10 15 9 3 7 11 8 4 6 12 14
71 62 9 1 5 2 13 3 10 15 9 0 7 11 8 4 6 12 14
70 61 9 1 5 2 13 10 7 15 9 3 0 11 8 4 6 12 14
71 62 9 1 5 2 13 10 7 15 9 3 6 11 8 4 0 12 14
70 61 9 1 0 2 13 10 5 15 9 3 7 11 8 4 6 12 14
71 62 9 1 2 0 13 10 5 15 9 3 7 11 8 4 6 12 14
72 63 9 1 2 15 13 10 5 0 9 3 7 11 8 4 6 12 14
73 64 9 1 2 15 13 10 5 9 0 3 7 11 8 4 6 12 14
74 65 9 1 2 15 13 10 5 9 8 3 7 11 0 4 6 12 14
74 66 8 1 2 15 13 10 5 9 8 3 7 11 14 4 6 12 0
73 64 9 1 2 15 13 10 0 5 9 3 7 11 8 4 6 12 14
74 65 9 1 2 15 13 0 10 5 9 3 7 11 8 4 6 12 14
74 65 9 1 0 15 13 10 2 5 9 3 7 11 8 4 6 12 14
70 61 9 1 5 2 0 10 15 9 13 3 7 11 8 4 6 12 14
71 63 8 1 5 2 14 10 15 9 13 3 7 11 8 4 6 12 0
73 64 9 1 5 2 14 10 15 9 13 3 7 11 0 4 6 12 8
74 65 9 1 5 2 14 10 15 9 0 3 7 11 13 4 6 12 8
74 66 8 1 5 2 0 10 15 9 14 3 7 11 13 4 6 12 8
75 68 7 1 5 2 8 10 15 9 14 3 7 11 13 4 6 12 0
77 69 8 1 5 2 8 10 15 9 14 3 7 11 0 4 6 12 13
77 69 8 1 5 2 9 10 15 0 14 3 7 11 13 4 6 12 8
78 70 8 1 5 2 9 10 0 15 14 3 7 11 13 4 6 12 8
79 71 8 1 5 2 9 0 10 15 14 3 7 11 13 4 6 12 8
78 70 8 1 5 0 9 10 15 2 14 3 7 11 13 4 6 12 8
78 71 7 1 5 9 0 10 15 2 14 3 7 11 13 4 6 12 8
79 73 6 1 5 9 8 10 15 2 14 3 7 11 13 4 6 12 0
81 74 7 1 5 9 8 10 15 2 14 3 7 11 0 4 6 12 13
81 74 7 1 5 9 2 10 15 0 14 3 7 11 13 4 6 12 8
82 75 7 1 5 9 2 10 0 15 14 3 7 11 13 4 6 12 8
83 76 7 1 5 9 2 0 10 15 14 3 7 11 13 4 6 12 8
85 77 8 1 5 9 2 3 10 15 14 0 7 11 13 4 6 12 8
80 72 8 1 5 9 14 10 15 2 0 3 7 11 13 4 6 12 8
81 73 8 1 5 9 14 10 15 0 2 3 7 11 13 4 6 12 8
82 74 8 1 5 9 14 10 0 15 2 3 7 11 13 4 6 12 8
83 75 8 1 5 9 14 0 10 15 2 3 7 11 13 4 6 12 8
81 73 8 1 5 9 14 10 15 2 13 3 7 11 0 4 6 12 8
81 74 7 1 5 9 14 10 15 2 13 3 7 11 8 4 6 12 0
84 76 8 1 5 9 0 10 15 2 13 3 7 11 8 4 6 12 14
84 77 7 1 5 9 13 10 15 2 0 3 7 11 8 4 6 12 14
85 78 7 1 5 9 13 10 15 0 2 3 7 11 8 4 6 12 14
86 79 7 1 5 9 13 10 0 15 2 3 7 11 8 4 6 12 14
87 80 7 1 5 9 13 0 10 15 2 3 7 11 8 4 6 12 14
85 78 7 1 5 9 13 10 15 2 8 3 7 11 0 4 6 12 14
85 79 6 1 5 9 13 10 15 2 8 3 7 11 14 4 6 12 0
90 82 8 1 5 9 13 10 15 2 8 3 7 0 14 4 6 12 11
91 83 8 1 5 9 13 10 15 2 8 3 7 14 0 4 6 12 11
91 84 7 1 5 9 13 10 15 2 8 3 7 14 11 4 6 12 0
82 74 8 1 5 9 8 10 15 2 14 3 7 11 13 4 6 0 12
83 75 8 1 5 9 8 10 15 2 14 3 7 11 13 4 0 6 12
83 75 8 1 5 9 2 10 15 14 0 3 7 11 13 4 6 12 8
84 76 8 1 5 9 2 10 15 14 13 3 7 11 0 4 6 12 8
84 77 7 1 5 9 2 10 15 14 13 3 7 11 8 4 6 12 0
87 79 8 1 5 9 0 10 15 14 13 3 7 11 8 4 6 12 2
87 80 7 1 5 9 13 10 15 14 0 3 7 11 8 4 6 12 2
87 81 6 1 5 9 13 10 15 0 14 3 7 11 8 4 6 12 2
88 82 6 1 5 9 13 10 0 15 14 3 7 11 8 4 6 12 2
89 83 6 1 5 9 13 0 10 15 14 3 7 11 8 4 6 12 2
91 84 7 1 5 9 13 3 10 15 14 0 7 11 8 4 6 12 2
90 83 7 1 5 9 13 10 7 15 14 3 0 11 8 4 6 12 2
91 84 7 1 5 9 13 10 7 15 14 3 6 11 8 4 0 12 2
89 82 7 1 5 0 13 10 15 9 14 3 7 11 8 4 6 12 2
88 81 7 1 5 9 13 10 15 14 8 3 7 11 0 4 6 12 2
88 82 6 1 5 9 13 10 15 14 8 3 7 11 2 4 6 12 0
89 82 7 1 5 9 13 10 15 11 14 3 7 0 8 4 6 12 2
90 83 7 1 5 9 13 10 15 11 14 3 7 8 0 4 6 12 2
90 84 6 1 5 9 13 10 15 11 14 3 7 8 2 4 6 12 0
94 87 7 1 5 9 13 10 15 11 14 3 7 0 2 4 6 12 8
94 88 6 1 5 9 13 10 15 0 14 3 7 11 2 4 6 12 8
95 89 6 1 5 9 13 10 0 15 14 3 7 11 2 4 6 12 8
96 90 6 1 5 9 13 0 10 15 14 3 7 11 2 4 6 12 8
98 91 7 1 5 9 13 3 10 15 14 0 7 11 2 4 6 12 8
97 90 7 1 5 9 13 10 7 15 14 3 0 11 2 4 6 12 8
98 91 7 1 5 9 13 10 7 15 14 3 6 11 2 4 0 12 8
97 90 7 1 0 9 13 10 5 15 14 3 7 11 2 4 6 12 8
96 89 7 1 5 9 13 10 15 14 0 3 7 11 2 4 6 12 8
97 90 7 1 5 9 13 10 15 14 2 3 7 11 0 4 6 12 8
97 91 6 1 5 9 13 10 15 14 2 3 7 11 8 4 6 12 0
90 83 7 1 0 9 13 10 5 15 14 3 7 11 8 4 6 12 2
95 88 7 1 5 9 13 10 15 11 14 3 7 2 0 4 6 12 8
95 89 6 1 5 9 13 10 15 11 14 3 7 2 8 4 6 12 0
96 89 7 1 5 0 13 10 15 9 14 3 7 11 2 4 6 12 8
98 90 8 1 5 13 0 10 15 9 14 3 7 11 2 4 6 12 8
99 92 7 1 5 13 8 10 15 9 14 3 7 11 2 4 6 12 0
101 93 8 1 5 13 8 10 15 9 14 3 7 11 0 4 6 12 2
101 93 8 1 5 13 9 10 15 0 14 3 7 11 2 4 6 12 8
102 94 8 1 5 13 9 10 0 15 14 3 7 11 2 4 6 12 8
103 95 8 1 5 13 9 0 10 15 14 3 7 11 2 4 6 12 8
102 94 8 1 5 0 9 10 15 13 14 3 7 11 2 4 6 12 8
102 95 7 1 5 9 0 10 15 13 14 3 7 11 2 4 6 12 8
103 97 6 1 5 9 8 10 15 13 14 3 7 11 2 4 6 12 0
105 98 7 1 5 9 8 10 15 13 14 3 7 11 0 4 6 12 2
107 99 8 1 5 9 8 10 15 13 14 3 7 0 11 4 6 12 2
108 100 8 1 5 9 8 10 15 0 14 3 7 13 11 4 6 12 2
109 101 8 1 5 9 8 10 0 15 14 3 7 13 11 4 6 12 2
110 102 8 1 5 9 8 0 10 15 14 3 7 13 11 4 6 12 2
107 99 8 1 5 9 8 10 15 13 0 3 7 11 14 4 6 12 2
108 100 8 1 5 9 8 10 15 0 13 3 7 11 14 4 6 12 2
109 101 8 1 5 9 8 10 0 15 13 3 7 11 14 4 6 12 2
110 102 8 1 5 9 8 0 10 15 13 3 7 11 14 4 6 12 2
108 100 8 1 5 9 8 10 15 13 14 3 7 0 2 4 6 12 11
109 101 8 1 5 9 8 10 15 13 14 3 7 2 0 4 6 12 11
109 102 7 1 5 9 8 10 15 13 14 3 7 2 11 4 6 12 0
112 104 8 1 5 9 0 10 15 13 14 3 7 2 11 4 6 12 8
114 107 7 1 5 9 13 10 15 0 14 3 7 2 11 4 6 12 8
115 108 7 1 5 9 13 10 0 15 14 3 7 2 11 4 6 12 8
116 109 7 1 5 9 13 0 10 15 14 3 7 2 11 4 6 12 8
115 108 7 1 5 9 13 10 15 2 14 3 7 0 11 4 6 12 8
115 109 6 1 5 9 13 10 15 2 14 3 7 11 0 4 6 12 8
115 110 5 1 5 9 13 10 15 2 14 3 7 11 8 4 6 12 0
120 113 7 1 5 9 13 10 15 2 14 3 7 0 8 4 6 12 11
121 114 7 1 5 9 13 10 15 2 14 3 7 8 0 4 6 12 11
121 115 6 1 5 9 13 10 15 2 14 3 7 8 11 4 6 12 0
121 114 7 1 5 9 13 10 15 0 14 3 7 2 8 4 6 12 11
122 115 7 1 5 9 13 10 0 15 14 3 7 2 8 4 6 12 11
123 116 7 1 5 9 13 0 10 15 14 3 7 2 8 4 6 12 11
120 113 7 0 5 9 13 10 15 2 14 3 7 11 8 4 6 12 1
123 116 7 15 5 9 13 10 0 2 14 3 7 11 8 4 6 12 1
124 117 7 15 5 9 13 10 2 0 14 3 7 11 8 4 6 12 1
124 117 7 15 5 9 13 0 10 2 14 3 7 11 8 4 6 12 1
121 114 7 10 5 9 13 0 15 2 14 3 7 11 8 4 6 12 1
122 115 7 10 5 9 13 15 0 2 14 3 7 11 8 4 6 12 1
123 116 7 10 5 9 13 15 2 0 14 3 7 11 8 4 6 12 1
117 110 7 1 5 9 13 10 15 2 0 3 7 11 14 4 6 12 8
118 111 7 1 5 9 13 10 15 0 2 3 7 11 14 4 6 12 8
119 112 7 1 5 9 13 10 0 15 2 3 7 11 14 4 6 12 8
120 113 7 1 5 9 13 0 10 15 2 3 7 11 14 4 6 12 8
119 112 7 1 5 9 0 10 15 2 14 3 7 11 8 4 6 12 13
122 115 7 1 5 9 2 10 15 0 14 3 7 11 8 4 6 12 13
123 116 7 1 5 9 2 10 0 15 14 3 7 11 8 4 6 12 13
124 117 7 1 5 9 2 0 10 15 14 3 7 11 8 4 6 12 13
118 111 7 1 5 9 13 10 15 2 14 3 7 11 8 4 6 0 12
119 112 7 1 5 9 13 10 15 2 14 3 7 11 8 4 0 6 12
119 112 7 1 5 9 13 10 15 2 14 3 7 11 8 0 6 12 4
120 113 7 1 5 9 13 10 15 2 14 3 7 11 8 6 0 12 4
122 114 8 1 5 9 13 10 15 2 14 3 7 11 8 6 12 0 4
122 115 7 1 5 9 13 10 15 2 14 3 7 11 8 6 12 4 0
125 117 8 1 5 9 13 10 15 2 14 3 7 11 8 0 12 4 6
126 118 8 1 5 9 13 10 15 2 14 3 7 11 8 12 0 4 6
127 119 8 1 5 9 13 10 15 2 14 3 7 11 8 12 4 0 6
127 120 7 1 5 9 13 10 15 2 14 3 7 11 8 12 4 6 0
129 121 8 1 5 9 13 10 15 2 14 3 7 11 0 12 4 6 8
124 116 8 1 5 9 13 10 15 2 14 3 7 11 0 6 12 4 8
99 91 8 1 5 9 0 10 15 11 14 3 7 2 8 4 6 12 13
102 94 8 1 5 9 11 10 15 0 14 3 7 2 8 4 6 12 13
103 95 8 1 5 9 11 10 0 15 14 3 7 2 8 4 6 12 13
104 96 8 1 5 9 11 0 10 15 14 3 7 2 8 4 6 12 13
104 96 8 1 5 9 14 10 15 13 0 3 7 11 2 4 6 12 8
105 97 8 1 5 9 14 10 15 0 13 3 7 11 2 4 6 12 8
106 98 8 1 5 9 14 10 0 15 13 3 7 11 2 4 6 12 8
107 99 8 1 5 9 14 0 10 15 13 3 7 11 2 4 6 12 8
102 94 8 0 5 9 13 10 15 14 2 3 7 11 8 4 6 12 1
105 97 8 15 5 9 13 10 0 14 2 3 7 11 8 4 6 12 1
106 98 8 15 5 9 13 10 14 0 2 3 7 11 8 4 6 12 1
107 99 8 15 5 9 13 10 14 2 0 3 7 11 8 4 6 12 1
108 100 8 15 5 9 13 10 14 2 8 3 7 11 0 4 6 12 1
108 101 7 15 5 9 13 10 14 2 8 3 7 11 1 4 6 12 0
112 104 8 0 5 9 13 10 14 2 8 3 7 11 1 4 6 12 15
115 107 8 14 5 9 13 10 0 2 8 3 7 11 1 4 6 12 15
116 108 8 14 5 9 13 10 2 0 8 3 7 11 1 4 6 12 15
117 109 8 14 5 9 13 10 2 8 0 3 7 11 1 4 6 12 15
118 110 8 14 5 9 13 10 2 8 1 3 7 11 0 4 6 12 15
117 111 6 14 5 9 13 10 2 8 1 3 7 11 15 4 6 12 0
121 114 7 0 5 9 13 10 2 8 1 3 7 11 15 4 6 12 14
124 117 7 2 5 9 13 10 0 8 1 3 7 11 15 4 6 12 14
125 118 7 2 5 9 13 10 8 0 1 3 7 11 15 4 6 12 14
126 119 7 2 5 9 13 10 8 1 0 3 7 11 15 4 6 12 14
125 118 7 2 5 9 13 0 10 8 1 3 7 11 15 4 6 12 14
122 115 7 10 5 9 13 0 2 8 1 3 7 11 15 4 6 12 14
122 116 6 10 5 9 13 2 0 8 1 3 7 11 15 4 6 12 14
123 117 6 10 5 9 13 2 8 0 1 3 7 11 15 4 6 12 14
124 118 6 10 5 9 13 2 8 1 0 3 7 11 15 4 6 12 14
126 119 7 10 5 9 13 2 8 1 15 3 7 11 0 4 6 12 14
126 120 6 10 5 9 13 2 8 1 15 3 7 11 14 4 6 12 0
130 123 7 0 5 9 13 2 8 1 15 3 7 11 14 4 6 12 10
133 126 7 8 5 9 13 2 0 1 15 3 7 11 14 4 6 12 10
134 127 7 8 5 9 13 2 1 0 15 3 7 11 14 4 6 12 10
135 128 7 8 5 9 13 2 1 15 0 3 7 11 14 4 6 12 10
135 129 6 8 5 9 13 2 1 15 14 3 7 11 0 4 6 12 10
135 130 5 8 5 9 13 2 1 15 14 3 7 11 10 4 6 12 0
139 133 6 0 5 9 13 2 1 15 14 3 7 11 10 4 6 12 8
141 136 5 1 5 9 13 2 0 15 14 3 7 11 10 4 6 12 8
142 137 5 1 5 9 13 2 15 0 14 3 7 11 10 4 6 12 8
144 138 6 1 5 9 13 2 15 14 0 3 7 11 10 4 6 12 8
145 139 6 1 5 9 13 2 15 14 10 3 7 11 0 4 6 12 8
145 140 5 1 5 9 13 2 15 14 10 3 7 11 8 4 6 12 0
144 138 6 1 5 9 13 2 15 11 14 3 7 0 10 4 6 12 8
145 139 6 1 5 9 13 2 15 11 14 3 7 10 0 4 6 12 8
145 140 5 1 5 9 13 2 15 11 14 3 7 10 8 4 6 12 0
149 143 6 1 5 9 13 2 15 11 14 3 7 0 8 4 6 12 10
149 144 5 1 5 9 13 2 15 0 14 3 7 11 8 4 6 12 10
150 145 5 1 5 9 13 2 0 15 14 3 7 11 8 4 6 12 10
152 146 6 1 5 9 13 0 2 15 14 3 7 11 8 4 6 12 10
152 146 6 1 5 9 13 2 7 15 14 3 0 11 8 4 6 12 10
153 147 6 1 5 9 13 2 7 15 14 3 6 11 8 4 0 12 10
152 146 6 1 0 9 13 2 5 15 14 3 7 11 8 4 6 12 10
151 145 6 1 5 9 13 2 15 14 0 3 7 11 8 4 6 12 10
152 146 6 1 5 9 13 2 15 14 8 3 7 11 0 4 6 12 10
152 147 5 1 5 9 13 2 15 14 8 3 7 11 10 4 6 12 0
151 145 6 1 5 0 13 2 15 9 14 3 7 11 8 4 6 12 10
150 144 6 1 5 9 13 2 15 11 14 3 7 8 0 4 6 12 10
150 145 5 1 5 9 13 2 15 11 14 3 7 8 10 4 6 12 0
143 137 6 1 0 9 13 2 5 15 14 3 7 11 10 4 6 12 8
143 137 6 1 5 9 13 0 2 15 14 3 7 11 10 4 6 12 8
144 138 6 1 5 0 13 2 15 9 14 3 7 11 10 4 6 12 8
143 137 6 1 5 9 13 2 7 15 14 3 0 11 10 4 6 12 8
144 138 6 1 5 9 13 2 7 15 14 3 6 11 10 4 0 12 8
146 139 7 1 5 9 13 2 7 15 14 3 6 11 10 4 12 0 8
146 140 6 1 5 9 13 2 7 15 14 3 6 11 10 4 12 8 0
148 141 7 1 5 9 13 2 7 15 14 3 6 11 0 4 12 8 10
146 139 7 1 5 9 13 2 7 15 14 3 6 11 10 0 4 12 8
147 141 6 1 5 9 13 2 7 15 14 3 6 11 10 8 4 12 0
149 142 7 1 5 9 13 2 7 15 14 3 6 11 0 8 4 12 10
149 142 7 1 5 9 13 2 7 15 14 3 0 11 10 6 4 12 8
149 143 6 1 5 9 13 2 0 15 14 3 7 11 10 6 4 12 8
150 144 6 1 5 9 13 2 15 0 14 3 7 11 10 6 4 12 8
152 145 7 1 5 9 13 2 15 14 0 3 7 11 10 6 4 12 8
153 146 7 1 5 9 13 2 15 14 10 3 7 11 0 6 4 12 8
153 147 6 1 5 9 13 2 15 14 10 3 7 11 8 6 4 12 0
156 149 7 1 5 9 13 2 15 14 10 3 7 11 8 0 4 12 6
156 150 6 1 5 9 13 2 15 14 10 3 7 11 8 4 0 12 6
158 151 7 1 5 9 13 2 15 14 10 3 7 11 8 4 12 0 6
158 152 6 1 5 9 13 2 15 14 10 3 7 11 8 4 12 6 0
160 153 7 1 5 9 13 2 15 14 10 3 7 11 0 4 12 6 8
161 154 7 1 5 9 13 2 15 14 0 3 7 11 10 4 12 6 8
161 155 6 1 5 9 13 2 15 0 14 3 7 11 10 4 12 6 8
162 156 6 1 5 9 13 2 0 15 14 3 7 11 10 4 12 6 8
164 157 7 1 5 9 13 0 2 15 14 3 7 11 10 4 12 6 8
164 157 7 1 5 9 13 2 7 15 14 3 0 11 10 4 12 6 8
165 158 7 1 5 9 13 2 7 15 14 3 12 11 10 4 0 6 8
166 159 7 1 5 9 13 2 7 15 14 3 12 11 10 4 6 0 8
166 160 6 1 5 9 13 2 7 15 14 3 12 11 10 4 6 8 0
168 161 7 1 5 9 13 2 7 15 14 3 12 11 0 4 6 8 10
164 157 7 1 0 9 13 2 5 15 14 3 7 11 10 4 12 6 8
151 144 7 1 5 9 13 0 2 15 14 3 7 11 10 6 4 12 8
163 156 7 1 5 9 13 2 15 11 14 3 7 0 10 4 12 6 8
164 157 7 1 5 9 13 2 15 11 14 3 7 10 0 4 12 6 8
164 158 6 1 5 9 13 2 15 11 14 3 7 10 8 4 12 6 0
168 161 7 1 5 9 13 2 15 11 14 3 7 0 8 4 12 6 10
168 162 6 1 5 9 13 2 15 0 14 3 7 11 8 4 12 6 10
169 163 6 1 5 9 13 2 0 15 14 3 7 11 8 4 12 6 10
171 164 7 1 5 9 13 0 2 15 14 3 7 11 8 4 12 6 10
171 164 7 1 5 9 13 2 7 15 14 3 0 11 8 4 12 6 10
172 165 7 1 5 9 13 2 7 15 14 3 12 11 8 4 0 6 10
173 166 7 1 5 9 13 2 7 15 14 3 12 11 8 4 6 0 10
173 167 6 1 5 9 13 2 7 15 14 3 12 11 8 4 6 10 0
175 168 7 1 5 9 13 2 7 15 14 3 12 11 0 4 6 10 8
171 164 7 1 0 9 13 2 5 15 14 3 7 11 8 4 12 6 10
150 143 7 1 5 9 13 2 7 15 14 3 4 11 10 6 0 12 8
151 144 7 1 5 9 13 2 7 15 14 3 4 11 10 0 6 12 8
152 146 6 1 5 9 13 2 7 15 14 3 4 11 10 8 6 12 0
154 147 7 1 5 9 13 2 7 15 14 3 4 11 0 8 6 12 10
158 151 7 1 5 9 13 2 15 14 10 3 0 11 8 4 7 12 6
159 152 7 1 5 9 13 2 0 14 10 3 15 11 8 4 7 12 6
160 153 7 1 5 9 13 2 14 0 10 3 15 11 8 4 7 12 6
160 154 6 1 5 9 13 2 14 10 0 3 15 11 8 4 7 12 6
161 155 6 1 5 9 13 2 14 10 8 3 15 11 0 4 7 12 6
161 156 5 1 5 9 13 2 14 10 8 3 15 11 6 4 7 12 0
166 159 7 1 5 9 13 2 14 10 8 3 15 0 6 4 7 12 11
167 160 7 1 5 9 13 2 14 10 8 3 15 6 0 4 7 12 11
167 161 6 1 5 9 13 2 14 10 8 3 15 6 11 4 7 12 0
168 161 7 1 5 9 13 2 14 10 0 3 15 6 8 4 7 12 11
162 155 7 1 5 9 0 2 14 10 13 3 15 11 8 4 7 12 6
163 157 6 1 5 9 6 2 14 10 13 3 15 11 8 4 7 12 0
165 158 7 1 5 9 6 2 14 10 13 3 15 11 0 4 7 12 8
166 159 7 1 5 9 6 2 14 10 0 3 15 11 13 4 7 12 8
167 160 7 1 5 9 0 2 14 10 6 3 15 11 13 4 7 12 8
168 162 6 1 5 9 8 2 14 10 6 3 15 11 13 4 7 12 0
170 163 7 1 5 9 8 2 14 10 6 3 15 11 0 4 7 12 13
171 164 7 1 5 9 8 2 14 10 0 3 15 11 6 4 7 12 13
167 160 7 1 5 9 13 2 14 10 8 3 0 15 6 4 7 12 11
167 161 6 1 5 9 13 2 14 10 8 3 7 15 6 4 0 12 11
169 162 7 1 5 9 13 2 14 10 8 3 7 15 6 4 12 0 11
169 163 6 1 5 9 13 2 14 10 8 3 7 15 6 4 12 11 0
173 166 7 1 5 9 13 2 14 10 8 3 7 0 6 4 12 11 15
173 167 6 1 5 9 13 2 14 10 8 3 7 11 6 4 12 0 15
173 168 5 1 5 9 13 2 14 10 8 3 7 11 6 4 12 15 0
173 168 5 1 5 9 13 2 14 10 8 3 7 11 6 4 0 12 15
175 169 6 1 5 9 13 2 14 10 8 3 7 11 6 0 4 12 15
176 171 5 1 5 9 13 2 14 10 8 3 7 11 6 15 4 12 0
178 172 6 1 5 9 13 2 14 10 8 3 7 11 0 15 4 12 6
179 173 6 1 5 9 13 2 14 10 0 3 7 11 8 15 4 12 6
175 169 6 1 5 9 13 2 14 10 8 3 0 11 6 4 7 12 15
176 170 6 1 5 9 13 2 0 10 8 3 14 11 6 4 7 12 15
175 169 6 1 5 9 13 2 14 10 8 3 7 11 0 4 12 15 6
176 170 6 1 5 9 13 2 14 10 0 3 7 11 8 4 12 15 6
178 171 7 1 5 9 13 2 14 0 10 3 7 11 8 4 12 15 6
179 172 7 1 5 9 13 2 0 14 10 3 7 11 8 4 12 15 6
177 170 7 1 5 9 13 2 14 10 8 3 11 0 6 4 7 12 15
178 171 7 1 5 9 13 2 14 10 8 3 11 6 0 4 7 12 15
177 172 5 1 5 9 13 2 14 10 8 3 11 6 15 4 7 12 0
181 175 6 1 5 9 13 2 14 10 8 3 11 0 15 4 7 12 6
181 176 5 1 5 9 13 2 14 10 8 3 0 11 15 4 7 12 6
181 177 4 1 5 9 13 2 14 10 8 3 7 11 15 4 0 12 6
183 178 5 1 5 9 13 2 14 10 8 3 7 11 15 4 12 0 6
183 179 4 1 5 9 13 2 14 10 8 3 7 11 15 4 12 6 0
183 178 5 1 5 9 13 2 14 10 8 3 7 11 15 0 4 12 6
184 180 4 1 5 9 13 2 14 10 8 3 7 11 15 6 4 12 0
182 177 5 1 5 9 13 2 0 10 8 3 14 11 15 4 7 12 6
184 178 6 1 5 9 13 2 10 0 8 3 14 11 15 4 7 12 6
185 179 6 1 5 9 13 2 10 8 0 3 14 11 15 4 7 12 6
187 181 6 1 5 9 13 2 14 10 8 3 0 11 15 7 4 12 6
188 182 6 1 5 9 13 2 14 10 8 3 4 11 15 7 0 12 6
189 183 6 1 5 9 13 2 14 10 8 3 4 11 15 0 7 12 6
190 185 5 1 5 9 13 2 14 10 8 3 4 11 15 6 7 12 0
188 182 6 1 5 9 13 2 0 10 8 3 14 11 15 7 4 12 6
184 178 6 1 5 9 13 0 2 10 8 3 14 11 15 4 7 12 6
186 180 6 1 5 9 13 2 14 10 8 3 7 11 0 4 12 6 15
187 181 6 1 5 9 13 2 14 10 0 3 7 11 8 4 12 6 15
185 179 6 1 5 9 13 2 14 10 8 3 7 0 15 4 12 11 6
187 181 6 1 5 9 13 2 14 10 8 3 7 11 15 6 4 0 12
188 182 6 1 5 9 13 2 14 10 8 3 7 11 15 6 0 4 12
189 183 6 1 5 9 13 2 14 10 8 3 7 11 15 0 6 4 12
190 185 5 1 5 9 13 2 14 10 8 3 7 11 15 12 6 4 0
192 186 6 1 5 9 13 2 14 10 8 3 7 11 15 12 6 0 4
193 187 6 1 5 9 13 2 14 10 8 3 7 11 15 12 0 6 4
188 182 6 0 5 9 13 2 14 10 8 3 7 11 15 4 12 6 1
191 185 6 14 5 9 13 2 0 10 8 3 7 11 15 4 12 6 1
187 181 6 1 5 9 0 2 14 10 8 3 7 11 15 4 12 6 13
188 182 6 1 5 9 8 2 14 10 0 3 7 11 15 4 12 6 13
187 181 6 1 5 9 13 2 14 10 8 3 7 11 15 0 12 6 4
186 180 6 0 5 9 13 2 14 10 8 3 7 11 15 1 4 12 6
188 183 5 6 5 9 13 2 14 10 8 3 7 11 15 1 4 12 0
191 185 6 6 5 9 13 2 14 10 8 3 7 11 15 0 4 12 1
191 186 5 6 5 9 13 2 14 10 8 3 7 11 15 4 0 12 1
193 187 6 6 5 9 13 2 14 10 8 3 7 11 15 4 12 0 1
193 188 5 6 5 9 13 2 14 10 8 3 7 11 15 4 12 1 0
197 191 6 0 5 9 13 2 14 10 8 3 7 11 15 4 12 1 6
200 194 6 14 5 9 13 2 0 10 8 3 7 11 15 4 12 1 6
189 183 6 14 5 9 13 2 0 10 8 3 7 11 15 1 4 12 6
189 183 6 0 5 9 13 2 14 10 8 3 7 11 15 6 4 12 1
192 186 6 14 5 9 13 2 0 10 8 3 7 11 15 6 4 12 1
188 182 6 1 5 9 0 2 14 10 8 3 7 11 15 6 4 12 13
191 185 6 1 5 9 6 2 14 10 8 3 7 11 15 0 4 12 13
192 187 5 1 5 9 6 2 14 10 8 3 7 11 15 13 4 12 0
191 186 5 1 5 9 6 2 14 10 8 3 7 11 15 4 0 12 13
193 187 6 1 5 9 6 2 14 10 8 3 7 11 15 4 12 0 13
193 188 5 1 5 9 6 2 14 10 8 3 7 11 15 4 12 13 0
196 190 6 1 5 9 0 2 14 10 8 3 7 11 15 4 12 13 6
197 191 6 1 5 9 8 2 14 10 0 3 7 11 15 4 12 13 6
188 182 6 1 5 9 13 2 14 10 8 3 7 0 15 4 12 6 11
189 183 6 1 5 9 13 2 14 10 8 3 7 6 15 4 12 0 11
189 184 5 1 5 9 13 2 14 10 8 3 7 6 15 4 12 11 0
189 184 5 1 5 9 13 2 14 10 8 3 7 6 15 4 0 12 11
191 185 6 1 5 9 13 2 14 10 8 3 7 6 15 0 4 12 11
192 187 5 1 5 9 13 2 14 10 8 3 7 6 15 11 4 12 0
196 190 6 1 5 9 13 2 14 10 8 3 7 0 15 11 4 12 6
191 185 6 1 5 9 13 2 14 10 8 3 0 6 15 4 7 12 11
192 186 6 1 5 9 13 2 14 10 8 3 6 0 15 4 7 12 11
192 186 6 1 5 9 13 2 0 10 8 3 14 6 15 4 7 12 11
187 181 6 1 5 9 13 2 14 10 8 3 7 11 0 6 4 12 15
188 182 6 1 5 9 13 2 14 10 0 3 7 11 8 6 4 12 15
184 178 6 1 0 9 13 2 5 10 8 3 14 11 15 4 7 12 6
183 177 6 1 5 9 13 2 14 10 8 0 3 11 15 4 7 12 6
193 187 6 6 5 9 13 2 14 10 8 3 0 11 15 4 7 12 1
194 188 6 6 5 9 13 2 0 10 8 3 14 11 15 4 7 12 1
193 187 6 1 5 9 6 2 14 10 8 3 0 11 15 4 7 12 13
194 188 6 1 5 9 6 2 0 10 8 3 14 11 15 4 7 12 13
187 181 6 1 5 9 0 2 14 10 8 3 7 11 15 13 4 12 6
188 182 6 1 5 9 8 2 14 10 0 3 7 11 15 13 4 12 6
185 179 6 1 5 9 13 2 14 10 8 0 7 11 15 3 4 12 6
189 183 6 1 5 9 13 2 14 10 8 3 7 0 15 6 4 12 11
189 183 6 1 5 9 8 2 14 10 0 3 7 11 15 6 4 12 13
191 184 7 1 5 9 8 2 14 0 10 3 7 11 15 6 4 12 13
192 185 7 1 5 9 8 2 0 14 10 3 7 11 15 6 4 12 13
163 156 7 1 5 0 13 2 15 9 14 3 7 11 10 4 12 6 8
177 170 7 1 5 9 0 2 14 10 8 3 7 11 6 4 12 15 13
178 171 7 1 5 9 8 2 14 10 0 3 7 11 6 4 12 15 13
179 172 7 1 5 9 8 2 14 10 6 3 7 11 0 4 12 15 13
179 173 6 1 5 9 8 2 14 10 6 3 7 11 13 4 12 15 0
182 175 7 1 5 9 0 2 14 10 6 3 7 11 13 4 12 15 8
183 176 7 1 5 9 6 2 14 10 0 3 7 11 13 4 12 15 8
184 177 7 1 5 9 6 2 14 10 13 3 7 11 0 4 12 15 8
184 178 6 1 5 9 6 2 14 10 13 3 7 11 8 4 12 15 0
186 179 7 1 5 9 6 2 14 10 13 3 7 11 8 4 12 0 15
186 180 6 1 5 9 6 2 14 10 13 3 7 11 8 4 0 12 15
188 181 7 1 5 9 6 2 14 10 13 3 7 11 8 0 4 12 15
189 183 6 1 5 9 6 2 14 10 13 3 7 11 8 15 4 12 0
191 184 7 1 5 9 6 2 14 10 13 3 7 11 0 15 4 12 8
192 185 7 1 5 9 6 2 14 10 0 3 7 11 13 15 4 12 8
193 186 7 1 5 9 0 2 14 10 6 3 7 11 13 15 4 12 8
194 188 6 1 5 9 8 2 14 10 6 3 7 11 13 15 4 12 0
197 190 7 1 5 9 8 2 14 10 6 3 7 11 13 0 4 12 15
197 191 6 1 5 9 8 2 14 10 6 3 7 11 13 4 0 12 15
199 192 7 1 5 9 8 2 14 10 6 3 0 11 13 4 7 12 15
200 193 7 1 5 9 8 2 0 10 6 3 14 11 13 4 7 12 15
181 174 7 1 5 9 13 2 14 10 8 3 7 0 6 15 4 12 11
182 175 7 1 5 9 13 2 14 10 8 3 7 6 0 15 4 12 11
182 176 6 1 5 9 13 2 14 10 8 3 7 6 11 15 4 12 0
185 178 7 1 5 9 13 2 14 10 8 3 7 6 11 0 4 12 15
185 179 6 1 5 9 13 2 14 10 8 3 7 6 11 4 0 12 15
187 180 7 1 5 9 13 2 14 10 8 3 7 6 11 4 12 0 15
187 181 6 1 5 9 13 2 14 10 8 3 7 6 11 4 12 15 0
189 182 7 1 5 9 13 2 14 10 8 3 7 6 0 4 12 15 11
190 183 7 1 5 9 13 2 14 10 0 3 7 6 8 4 12 15 11
177 170 7 1 5 9 13 2 14 10 8 0 3 11 6 4 7 12 15
169 162 7 1 5 9 13 2 15 11 14 3 7 6 8 4 12 0 10
169 163 6 1 5 9 13 2 15 11 14 3 7 6 8 4 12 10 0
169 163 6 1 5 9 13 2 15 11 14 3 7 6 8 4 0 12 10
171 164 7 1 5 9 13 2 15 11 14 3 7 6 8 0 4 12 10
172 166 6 1 5 9 13 2 15 11 14 3 7 6 8 10 4 12 0
176 169 7 1 5 9 13 2 15 11 14 3 7 0 8 10 4 12 6
176 170 6 1 5 9 13 2 15 0 14 3 7 11 8 10 4 12 6
177 171 6 1 5 9 13 2 0 15 14 3 7 11 8 10 4 12 6
179 172 7 1 5 9 13 0 2 15 14 3 7 11 8 10 4 12 6
152 145 7 1 5 9 13 2 15 11 14 3 7 0 10 6 4 12 8
153 146 7 1 5 9 13 2 15 11 14 3 7 10 0 6 4 12 8
153 147 6 1 5 9 13 2 15 11 14 3 7 10 8 6 4 12 0
157 150 7 1 5 9 13 2 15 11 14 3 7 0 8 6 4 12 10
157 151 6 1 5 9 13 2 15 0 14 3 7 11 8 6 4 12 10
158 152 6 1 5 9 13 2 0 15 14 3 7 11 8 6 4 12 10
160 153 7 1 5 9 13 0 2 15 14 3 7 11 8 6 4 12 10
146 139 7 1 5 9 0 2 15 14 13 3 7 11 10 4 6 12 8
147 141 6 1 5 9 8 2 15 14 13 3 7 11 10 4 6 12 0
149 142 7 1 5 9 8 2 15 14 13 3 7 11 0 4 6 12 10
150 143 7 1 5 9 8 2 15 14 0 3 7 11 13 4 6 12 10
150 144 6 1 5 9 8 2 15 0 14 3 7 11 13 4 6 12 10
151 145 6 1 5 9 8 2 0 15 14 3 7 11 13 4 6 12 10
153 146 7 1 5 9 8 0 2 15 14 3 7 11 13 4 6 12 10
181 174 7 1 5 9 0 2 14 10 8 3 11 6 15 4 7 12 13
182 175 7 1 5 9 8 2 14 10 0 3 11 6 15 4 7 12 13
195 188 7 1 5 9 13 2 14 10 8 3 4 0 15 6 7 12 11
196 189 7 1 5 9 13 2 14 10 8 3 0 4 15 6 7 12 11
196 190 6 1 5 9 13 2 14 10 8 3 7 4 15 6 0 12 11
197 191 6 1 5 9 13 2 14 10 8 3 7 4 15 0 6 12 11
198 193 5 1 5 9 13 2 14 10 8 3 7 4 15 11 6 12 0
202 196 6 1 5 9 13 2 14 10 8 3 7 0 15 11 6 12 4
204 197 7 1 5 9 13 2 14 10 8 3 7 15 0 11 6 12 4
204 198 6 1 5 9 13 2 14 10 8 3 7 15 4 11 6 12 0
208 201 7 1 5 9 13 2 14 10 8 3 7 0 4 11 6 12 15
154 147 7 1 5 9 13 2 7 15 14 3 11 0 8 4 6 12 10
155 148 7 1 5 9 13 2 7 15 14 3 11 8 0 4 6 12 10
155 149 6 1 5 9 13 2 7 15 14 3 11 8 10 4 6 12 0
195 188 7 1 5 9 13 2 14 10 8 3 7 0 15 12 6 4 11
196 189 7 1 5 9 13 2 14 10 8 3 7 4 15 12 6 0 11
196 190 6 1 5 9 13 2 14 10 8 3 7 4 15 12 6 11 0
199 192 7 1 5 9 13 2 14 10 8 3 7 4 15 0 6 11 12
200 193 7 1 5 9 13 2 14 10 8 3 7 4 15 6 0 11 12
201 194 7 1 5 9 13 2 14 10 8 3 7 4 15 6 11 0 12
200 195 5 1 5 9 13 2 14 10 8 3 7 4 15 6 11 12 0
204 198 6 1 5 9 13 2 14 10 8 3 7 0 15 6 11 12 4
203 197 6 1 5 9 13 2 14 10 8 3 7 4 15 0 11 12 6
204 198 6 1 5 9 13 2 14 10 8 3 7 4 15 11 0 12 6
206 199 7 1 5 9 13 2 14 10 8 3 7 4 15 11 12 0 6
206 200 6 1 5 9 13 2 14 10 8 3 7 4 15 11 12 6 0
210 203 7 1 5 9 13 2 14 10 8 3 7 0 15 11 12 6 4
211 204 7 1 5 9 13 2 14 10 8 3 7 6 15 11 12 0 4
211 205 6 1 5 9 13 2 14 10 8 3 7 6 15 11 12 4 0
211 205 6 1 5 9 13 2 14 10 8 3 7 6 15 11 0 12 4
212 206 6 1 5 9 13 2 14 10 8 3 7 6 15 0 11 12 4
212 208 4 1 5 9 13 2 14 10 8 3 7 6 15 4 11 12 0
216 211 5 1 5 9 13 2 14 10 8 3 7 0 15 4 11 12 6
218 212 6 1 5 9 13 2 14 10 8 3 7 15 0 4 11 12 6
218 213 5 1 5 9 13 2 14 10 8 3 7 15 6 4 11 12 0
222 216 6 1 5 9 13 2 14 10 8 3 7 0 6 4 11 12 15
219 213 6 1 5 9 13 2 14 10 0 3 7 15 8 4 11 12 6
218 212 6 1 5 9 13 2 14 10 8 3 0 7 15 4 11 12 6
219 213 6 1 5 9 13 2 14 10 8 3 11 7 15 4 0 12 6
219 213 6 1 5 9 13 2 0 10 8 3 14 7 15 4 11 12 6
218 212 6 1 5 9 13 2 14 10 8 3 7 12 15 4 11 0 6
218 213 5 1 5 9 13 2 14 10 8 3 7 12 15 4 11 6 0
222 216 6 1 5 9 13 2 14 10 8 3 7 0 15 4 11 6 12
219 213 6 1 5 9 13 2 14 10 8 3 7 12 15 4 0 11 6
218 212 6 1 5 9 13 2 14 0 8 3 7 10 15 4 11 12 6
219 213 6 1 5 9 13 2 14 8 0 3 7 10 15 4 11 12 6
219 213 6 1 5 9 13 2 0 14 8 3 7 10 15 4 11 12 6
217 211 6 0 5 9 13 2 14 10 8 3 7 6 15 4 11 12 1
220 214 6 14 5 9 13 2 0 10 8 3 7 6 15 4 11 12 1
215 209 6 1 5 9 13 2 14 10 8 3 7 6 0 4 11 12 15
216 210 6 1 5 9 13 2 14 10 0 3 7 6 8 4 11 12 15
216 210 6 1 5 9 0 2 14 10 8 3 7 6 15 4 11 12 13
217 211 6 1 5 9 8 2 14 10 0 3 7 6 15 4 11 12 13
215 209 6 1 5 9 13 2 14 10 8 3 7 6 15 4 11 0 12
216 210 6 1 5 9 13 2 14 10 8 3 7 6 15 4 0 11 12
218 211 7 1 5 9 13 2 14 10 8 3 7 6 15 0 4 11 12
219 213 6 1 5 9 13 2 14 10 8 3 7 6 15 12 4 11 0
223 216 7 1 5 9 13 2 14 10 8 3 7 0 15 12 4 11 6
223 217 6 1 5 9 13 2 14 10 8 3 7 11 15 12 4 0 6
223 218 5 1 5 9 13 2 14 10 8 3 7 11 15 12 4 6 0
226 220 6 1 5 9 13 2 14 10 8 3 7 11 15 0 4 6 12
226 221 5 1 5 9 13 2 14 10 8 3 7 11 15 4 0 6 12
227 222 5 1 5 9 13 2 14 10 8 3 7 11 15 4 6 0 12
226 223 3 1 5 9 13 2 14 10 8 3 7 11 15 4 6 12 0
231 226 5 1 5 9 13 2 14 10 8 3 7 0 15 4 6 12 11
231 226 5 0 5 9 13 2 14 10 8 3 7 11 15 4 6 12 1
234 229 5 14 5 9 13 2 0 10 8 3 7 11 15 4 6 12 1
230 225 5 1 5 9 0 2 14 10 8 3 7 11 15 4 6 12 13
231 226 5 1 5 9 8 2 14 10 0 3 7 11 15 4 6 12 13
230 225 5 1 5 9 13 2 14 10 8 3 7 11 15 0 6 12 4
231 226 5 1 5 9 13 2 14 10 8 3 7 11 15 6 0 12 4
229 224 5 1 5 9 13 2 14 10 8 3 7 11 0 4 6 12 15
230 225 5 1 5 9 13 2 14 10 0 3 7 11 8 4 6 12 15
232 226 6 1 5 9 13 2 14 0 10 3 7 11 8 4 6 12 15
233 227 6 1 5 9 13 2 0 14 10 3 7 11 8 4 6 12 15
232 226 6 1 5 9 0 2 14 10 13 3 7 11 8 4 6 12 15
233 228 5 1 5 9 15 2 14 10 13 3 7 11 8 4 6 12 0
235 229 6 1 5 9 15 2 14 10 13 3 7 11 0 4 6 12 8
236 230 6 1 5 9 15 2 14 10 0 3 7 11 13 4 6 12 8
237 231 6 1 5 9 0 2 14 10 15 3 7 11 13 4 6 12 8
238 233 5 1 5 9 8 2 14 10 15 3 7 11 13 4 6 12 0
233 227 6 1 5 9 8 2 14 0 10 3 7 11 15 4 6 12 13
234 228 6 1 5 9 8 2 0 14 10 3 7 11 15 4 6 12 13
231 225 6 1 5 9 13 2 14 10 8 3 7 0 11 4 6 12 15
224 218 6 1 5 9 13 2 14 10 8 3 7 11 15 12 0 4 6
225 219 6 1 5 9 13 2 14 10 8 3 7 11 15 0 12 4 6
226 221 5 1 5 9 13 2 14 10 8 3 7 11 15 6 12 4 0
233 227 6 1 5 9 13 2 14 10 8 3 7 15 0 4 6 12 11
233 228 5 1 5 9 13 2 14 10 8 3 7 15 11 4 6 12 0
234 228 6 1 5 9 13 2 14 10 0 3 7 15 8 4 6 12 11
234 228 6 4 5 9 13 2 14 10 8 3 7 11 15 0 6 12 1
235 230 5 4 5 9 13 2 14 10 8 3 7 11 15 1 6 12 0
235 229 6 4 5 9 13 2 14 10 8 3 7 11 15 6 0 12 1
234 228 6 1 5 9 4 2 14 10 8 3 7 11 15 0 6 12 13
235 230 5 1 5 9 4 2 14 10 8 3 7 11 15 13 6 12 0
235 229 6 1 5 9 4 2 14 10 8 3 7 11 15 6 0 12 13
233 227 6 1 5 9 13 2 14 10 8 3 0 7 15 4 6 12 11
234 228 6 1 5 9 13 2 14 10 8 3 6 7 15 4 0 12 11
234 228 6 1 5 9 13 2 0 10 8 3 14 7 15 4 6 12 11
234 228 6 1 5 9 10 2 14 0 8 3 7 11 15 4 6 12 13
235 229 6 1 5 9 10 2 14 8 0 3 7 11 15 4 6 12 13
236 230 6 1 5 9 0 2 14 8 10 3 7 11 15 4 6 12 13
236 232 4 1 5 9 13 2 14 8 10 3 7 11 15 4 6 12 0
241 235 6 1 5 9 13 2 14 8 10 3 7 0 15 4 6 12 11
242 236 6 1 5 9 13 2 14 0 10 3 7 8 15 4 6 12 11
242 237 5 1 5 9 13 2 14 10 0 3 7 8 15 4 6 12 11
244 238 6 1 5 9 13 2 14 10 15 3 7 8 0 4 6 12 11
244 239 5 1 5 9 13 2 14 10 15 3 7 8 11 4 6 12 0
248 242 6 1 5 9 13 2 14 10 15 3 7 0 11 4 6 12 8
248 243 5 1 5 9 13 2 14 10 15 3 7 11 0 4 6 12 8
248 244 4 1 5 9 13 2 14 10 15 3 7 11 8 4 6 12 0
248 244 4 1 5 9 13 2 14 10 0 3 7 11 15 4 6 12 8
250 245 5 1 5 9 13 2 14 0 10 3 7 11 15 4 6 12 8
251 246 5 1 5 9 13 2 0 14 10 3 7 11 15 4 6 12 8
250 245 5 1 5 9 0 2 14 10 13 3 7 11 15 4 6 12 8
251 247 4 1 5 9 8 2 14 10 13 3 7 11 15 4 6 12 0
256 250 6 1 5 9 8 2 14 10 13 3 7 0 15 4 6 12 11
252 246 6 1 5 9 13 2 14 10 15 3 7 11 8 0 6 12 4
253 247 6 1 5 9 13 2 14 10 15 3 7 11 8 6 0 12 4
256 250 6 0 5 9 8 2 14 10 13 3 7 11 15 4 6 12 1
259 253 6 14 5 9 8 2 0 10 13 3 7 11 15 4 6 12 1
258 252 6 8 5 9 0 2 14 10 13 3 7 11 15 4 6 12 1
259 254 5 8 5 9 1 2 14 10 13 3 7 11 15 4 6 12 0
258 253 5 8 5 9 13 2 14 10 0 3 7 11 15 4 6 12 1
260 254 6 8 5 9 13 2 14 0 10 3 7 11 15 4 6 12 1
261 255 6 8 5 9 13 2 0 14 10 3 7 11 15 4 6 12 1
260 254 6 8 5 9 13 2 14 10 15 3 7 11 0 4 6 12 1
260 255 5 8 5 9 13 2 14 10 15 3 7 11 1 4 6 12 0
264 258 6 0 5 9 13 2 14 10 15 3 7 11 1 4 6 12 8
267 261 6 14 5 9 13 2 0 10 15 3 7 11 1 4 6 12 8
255 249 6 1 5 9 8 2 14 10 13 3 7 11 15 0 6 12 4
258 252 6 1 5 9 0 2 14 10 13 3 7 11 15 8 6 12 4
259 254 5 1 5 9 4 2 14 10 13 3 7 11 15 8 6 12 0
258 253 5 1 5 9 13 2 14 10 0 3 7 11 15 8 6 12 4
260 254 6 1 5 9 13 2 14 0 10 3 7 11 15 8 6 12 4
261 255 6 1 5 9 13 2 0 14 10 3 7 11 15 8 6 12 4
260 254 6 1 5 9 13 2 14 10 15 3 7 11 0 8 6 12 4
260 255 5 1 5 9 13 2 14 10 15 3 7 11 4 8 6 12 0
263 257 6 1 5 9 13 2 14 10 15 3 7 11 4 0 6 12 8
264 258 6 1 5 9 13 2 14 10 15 3 7 11 4 6 0 12 8
236 230 6 14 5 9 13 0 2 10 8 3 7 11 15 4 6 12 1
252 246 6 1 5 0 13 2 14 9 10 3 7 11 15 4 6 12 8
241 235 6 0 5 9 13 2 14 8 10 3 7 11 15 4 6 12 1
244 238 6 14 5 9 13 2 0 8 10 3 7 11 15 4 6 12 1
245 239 6 14 5 9 13 2 8 0 10 3 7 11 15 4 6 12 1
245 240 5 14 5 9 13 2 8 10 0 3 7 11 15 4 6 12 1
247 241 6 14 5 9 13 2 8 10 15 3 7 11 0 4 6 12 1
247 242 5 14 5 9 13 2 8 10 15 3 7 11 1 4 6 12 0
251 245 6 0 5 9 13 2 8 10 15 3 7 11 1 4 6 12 14
254 248 6 8 5 9 13 2 0 10 15 3 7 11 1 4 6 12 14
247 241 6 14 5 9 0 2 8 10 13 3 7 11 15 4 6 12 1
248 243 5 14 5 9 1 2 8 10 13 3 7 11 15 4 6 12 0
252 246 6 0 5 9 1 2 8 10 13 3 7 11 15 4 6 12 14
253 248 5 1 5 9 0 2 8 10 13 3 7 11 15 4 6 12 14
254 250 4 1 5 9 14 2 8 10 13 3 7 11 15 4 6 12 0
253 249 4 1 5 9 13 2 8 10 0 3 7 11 15 4 6 12 14
255 250 5 1 5 9 13 2 8 0 10 3 7 11 15 4 6 12 14
256 251 5 1 5 9 13 2 0 8 10 3 7 11 15 4 6 12 14
255 250 5 1 5 9 13 2 8 10 15 3 7 11 0 4 6 12 14
255 251 4 1 5 9 13 2 8 10 15 3 7 11 14 4 6 12 0
260 254 6 1 5 9 13 2 8 10 15 3 7 0 14 4 6 12 11
261 255 6 1 5 9 13 2 8 10 15 3 7 14 0 4 6 12 11
261 256 5 1 5 9 13 2 8 10 15 3 7 14 11 4 6 12 0
261 256 5 1 5 9 13 2 8 10 0 3 7 14 15 4 6 12 11
263 257 6 1 5 9 13 2 8 0 10 3 7 14 15 4 6 12 11
264 258 6 1 5 9 13 2 0 8 10 3 7 14 15 4 6 12 11
264 258 6 1 5 9 13 2 8 14 10 3 7 0 15 4 6 12 11
233 227 6 0 5 9 1 2 14 10 8 3 7 11 15 4 6 12 13
235 230 5 13 5 9 1 2 14 10 8 3 7 11 15 4 6 12 0
236 230 6 14 5 9 1 2 0 10 8 3 7 11 15 4 6 12 13
236 230 6 14 5 9 13 2 10 0 8 3 7 11 15 4 6 12 1
237 231 6 14 5 9 13 2 10 8 0 3 7 11 15 4 6 12 1
233 227 6 5 0 9 13 2 14 10 8 3 7 11 15 4 6 12 1
234 228 6 5 14 9 13 2 0 10 8 3 7 11 15 4 6 12 1
229 223 6 1 5 9 13 2 14 10 8 3 7 0 15 4 6 11 12
233 227 6 1 5 9 13 2 14 10 8 3 0 11 15 6 7 12 4
234 228 6 1 5 9 13 2 0 10 8 3 14 11 15 6 7 12 4
232 226 6 1 5 9 13 2 14 10 8 0 7 11 15 3 6 12 4
234 228 6 1 5 9 13 2 14 10 8 3 0 11 15 7 6 12 4
235 229 6 1 5 9 13 2 14 10 8 3 6 11 15 7 0 12 4
236 230 6 1 5 9 13 2 14 10 8 3 6 11 15 0 7 12 4
236 232 4 1 5 9 13 2 14 10 8 3 6 11 15 4 7 12 0
241 235 6 0 5 9 13 2 14 10 8 3 6 11 15 4 7 12 1
244 238 6 14 5 9 13 2 0 10 8 3 6 11 15 4 7 12 1
244 239 5 14 5 9 13 2 6 10 8 3 0 11 15 4 7 12 1
244 240 4 14 5 9 13 2 6 10 8 3 7 11 15 4 0 12 1
246 241 5 14 5 9 13 2 6 10 8 3 7 11 15 4 12 0 1
246 242 4 14 5 9 13 2 6 10 8 3 7 11 15 4 12 1 0
250 245 5 0 5 9 13 2 6 10 8 3 7 11 15 4 12 1 14
246 241 5 14 5 9 13 2 6 10 8 3 7 11 15 0 4 12 1
247 243 4 14 5 9 13 2 6 10 8 3 7 11 15 1 4 12 0
251 246 5 0 5 9 13 2 6 10 8 3 7 11 15 1 4 12 14
252 248 4 1 5 9 13 2 6 10 8 3 7 11 15 0 4 12 14
253 250 3 1 5 9 13 2 6 10 8 3 7 11 15 14 4 12 0
252 249 3 1 5 9 13 2 6 10 8 3 7 11 15 4 0 12 14
254 250 4 1 5 9 13 2 6 10 8 3 7 11 15 4 12 0 14
254 251 3 1 5 9 13 2 6 10 8 3 7 11 15 4 12 14 0
254 250 4 1 5 9 13 2 6 10 8 3 0 11 15 4 7 12 14
256 251 5 1 5 9 13 2 6 10 8 3 11 0 15 4 7 12 14
256 251 5 1 5 9 13 2 6 10 8 0 3 11 15 4 7 12 14
256 251 5 1 5 9 13 2 0 10 8 3 6 11 15 4 7 12 14
256 251 5 1 5 9 13 2 6 10 8 3 7 11 15 14 4 0 12
257 252 5 1 5 9 13 2 6 10 8 3 7 11 15 14 0 4 12
258 253 5 1 5 9 13 2 6 10 8 3 7 11 15 0 14 4 12
259 255 4 1 5 9 13 2 6 10 8 3 7 11 15 12 14 4 0
261 256 5 1 5 9 13 2 6 10 8 3 7 11 15 12 14 0 4
262 257 5 1 5 9 13 2 6 10 8 3 7 11 15 12 0 14 4
259 254 5 1 5 9 13 2 6 10 8 3 7 0 15 4 12 14 11
260 255 5 1 5 9 13 2 6 10 8 3 7 14 15 4 12 0 11
260 256 4 1 5 9 13 2 6 10 8 3 7 14 15 4 12 11 0
260 256 4 1 5 9 13 2 6 10 8 3 7 14 15 4 0 12 11
262 257 5 1 5 9 13 2 6 10 8 3 7 14 15 0 4 12 11
263 259 4 1 5 9 13 2 6 10 8 3 7 14 15 11 4 12 0
267 262 5 1 5 9 13 2 6 10 8 3 7 0 15 11 4 12 14
262 257 5 1 5 9 13 2 6 10 8 3 0 14 15 4 7 12 11
263 258 5 1 5 9 13 2 6 10 8 3 14 0 15 4 7 12 11
259 254 5 0 5 9 13 2 6 10 8 3 7 11 15 4 12 14 1
258 253 5 1 5 9 0 2 6 10 8 3 7 11 15 4 12 14 13
259 254 5 1 5 9 8 2 6 10 0 3 7 11 15 4 12 14 13
256 251 5 1 5 9 13 2 6 10 8 3 7 0 15 4 12 11 14
257 252 5 1 5 9 13 2 6 10 8 3 7 11 0 4 12 14 15
258 253 5 1 5 9 13 2 6 10 0 3 7 11 8 4 12 14 15
248 243 5 0 5 9 13 2 6 10 8 3 7 11 15 14 4 12 1
258 253 5 1 5 9 13 2 6 10 8 3 7 0 15 14 4 12 11
256 251 5 1 5 9 13 2 6 10 8 3 0 11 15 7 4 12 14
257 252 5 1 5 9 13 2 6 10 8 3 4 11 15 7 0 12 14
258 253 5 1 5 9 13 2 6 10 8 3 4 11 15 0 7 12 14
259 255 4 1 5 9 13 2 6 10 8 3 4 11 15 14 7 12 0
254 249 5 1 5 9 13 2 6 10 8 0 7 11 15 3 4 12 14
258 253 5 1 5 9 13 2 6 10 8 3 7 11 15 0 12 14 4
256 251 5 1 5 9 13 2 6 10 8 3 7 11 0 14 4 12 15
257 252 5 1 5 9 13 2 6 10 0 3 7 11 8 14 4 12 15
256 251 5 1 5 9 0 2 6 10 8 3 7 11 15 13 4 12 14
257 253 4 1 5 9 14 2 6 10 8 3 7 11 15 13 4 12 0
260 255 5 1 5 9 14 2 6 10 8 3 7 11 15 0 4 12 13
260 256 4 1 5 9 14 2 6 10 8 3 7 11 15 4 0 12 13
262 257 5 1 5 9 14 2 6 10 8 3 7 11 15 4 12 0 13
262 258 4 1 5 9 14 2 6 10 8 3 7 11 15 4 12 13 0
265 260 5 1 5 9 0 2 6 10 8 3 7 11 15 4 12 13 14
266 261 5 1 5 9 8 2 6 10 0 3 7 11 15 4 12 13 14
257 252 5 1 5 9 0 2 6 10 8 3 7 11 15 14 4 12 13
258 253 5 1 5 9 8 2 6 10 0 3 7 11 15 14 4 12 13
257 252 5 1 5 9 8 2 6 10 0 3 7 11 15 13 4 12 14
262 257 5 1 5 9 14 2 6 10 8 3 0 11 15 4 7 12 13
264 258 6 1 5 9 14 2 6 10 8 3 11 0 15 4 7 12 13
249 243 6 0 5 9 14 2 8 10 13 3 7 11 15 4 6 12 1
252 246 6 8 5 9 14 2 0 10 13 3 7 11 15 4 6 12 1
254 248 6 1 5 9 10 2 14 0 13 3 7 11 15 4 6 12 8
255 249 6 1 5 9 10 2 14 13 0 3 7 11 15 4 6 12 8
256 250 6 1 5 9 0 2 14 13 10 3 7 11 15 4 6 12 8
257 252 5 1 5 9 8 2 14 13 10 3 7 11 15 4 6 12 0
258 252 6 1 5 9 13 2 8 10 15 3 7 11 14 4 6 0 12
259 253 6 1 5 9 13 2 8 10 15 3 7 11 14 4 0 6 12
251 245 6 1 5 9 13 2 14 10 15 3 7 11 8 4 6 0 12
252 246 6 1 5 9 13 2 14 10 15 3 7 11 8 4 0 6 12
253 247 6 1 0 9 13 2 5 14 10 3 7 11 15 4 6 12 8
257 251 6 1 5 9 14 2 8 10 13 3 7 11 15 4 6 0 12
258 252 6 1 5 9 14 2 8 10 13 3 7 11 15 4 0 6 12
259 253 6 1 5 9 14 2 8 10 13 3 7 0 15 4 6 12 11
253 247 6 1 5 9 13 2 7 14 10 3 0 11 15 4 6 12 8
254 248 6 1 5 9 13 2 7 14 10 3 6 11 15 4 0 12 8
258 252 6 1 5 9 13 2 7 8 10 3 0 11 15 4 6 12 14
259 253 6 1 5 9 13 2 7 8 10 3 6 11 15 4 0 12 14
258 252 6 1 0 9 13 2 5 8 10 3 7 11 15 4 6 12 14
252 246 6 1 5 9 13 2 14 11 10 3 7 0 15 4 6 12 8
240 234 6 1 5 9 13 2 14 8 10 3 7 11 15 0 6 12 4
241 235 6 1 5 9 13 2 14 8 10 3 7 11 15 6 0 12 4
258 252 6 1 5 9 13 0 2 8 10 3 7 11 15 4 6 12 14
254 248 6 1 5 9 4 2 14 10 13 3 7 11 15 0 6 12 8
255 249 6 1 5 9 4 2 14 10 13 3 7 11 15 6 0 12 8
253 247 6 1 5 9 13 0 2 14 10 3 7 11 15 4 6 12 8
259 253 6 1 5 9 13 2 8 10 15 3 7 11 14 0 6 12 4
260 254 6 1 5 9 13 2 8 10 15 3 7 11 14 6 0 12 4
234 228 6 1 5 9 0 2 14 10 8 3 7 11 15 13 6 12 4
235 229 6 1 5 9 8 2 14 10 0 3 7 11 15 13 6 12 4
235 229 6 1 5 9 13 2 0 10 8 3 14 11 15 7 6 12 4
233 227 6 0 5 9 13 2 14 10 8 3 7 11 15 1 6 12 4
236 230 6 14 5 9 13 2 0 10 8 3 7 11 15 1 6 12 4
257 251 6 1 5 9 4 2 8 10 13 3 7 11 15 0 6 12 14
258 253 5 1 5 9 4 2 8 10 13 3 7 11 15 14 6 12 0
261 255 6 1 5 9 0 2 8 10 13 3 7 11 15 14 6 12 4
261 256 5 1 5 9 13 2 8 10 0 3 7 11 15 14 6 12 4
263 257 6 1 5 9 13 2 8 0 10 3 7 11 15 14 6 12 4
264 258 6 1 5 9 13 2 0 8 10 3 7 11 15 14 6 12 4
233 227 6 1 5 9 8 2 14 10 15 3 7 11 0 4 6 12 13
234 228 6 13 5 9 0 2 14 10 8 3 7 11 15 4 6 12 1
235 229 6 13 5 9 8 2 14 10 0 3 7 11 15 4 6 12 1
246 240 6 14 5 9 13 2 6 10 8 0 3 11 15 4 7 12 1
228 222 6 1 5 9 13 2 14 10 8 3 0 11 15 4 7 6 12
229 223 6 1 5 9 13 2 0 10 8 3 14 11 15 4 7 6 12
233 227 6 1 5 9 13 2 14 10 8 3 7 12 15 4 6 0 11
233 228 5 1 5 9 13 2 14 10 8 3 7 12 15 4 6 11 0
240 234 6 1 5 9 0 2 14 10 8 3 6 11 15 4 7 12 13
241 235 6 1 5 9 8 2 14 10 0 3 6 11 15 4 7 12 13
248 242 6 14 5 9 13 2 6 10 8 3 7 0 15 4 12 11 1
254 248 6 1 5 9 8 2 14 10 13 3 7 11 0 4 6 12 15
255 249 6 1 5 9 8 2 14 10 0 3 7 11 13 4 6 12 15
256 250 6 1 5 9 0 2 14 10 8 3 7 11 13 4 6 12 15
257 252 5 1 5 9 15 2 14 10 8 3 7 11 13 4 6 12 0
259 253 6 1 5 9 15 2 14 10 8 3 7 11 0 4 6 12 13
260 254 6 1 5 9 15 2 14 10 0 3 7 11 8 4 6 12 13
250 244 6 14 5 9 13 2 6 10 8 3 7 11 15 0 12 1 4
252 246 6 0 5 9 13 2 6 10 8 3 7 11 15 14 12 1 4
254 249 5 4 5 9 13 2 6 10 8 3 7 11 15 14 12 1 0
256 250 6 4 5 9 13 2 6 10 8 3 7 11 15 14 12 0 1
256 251 5 4 5 9 13 2 6 10 8 3 7 11 15 14 0 12 1
257 252 5 4 5 9 13 2 6 10 8 3 7 11 15 0 14 12 1
258 254 4 0 5 9 13 2 6 10 8 3 7 11 15 4 14 12 1
259 257 2 1 5 9 13 2 6 10 8 3 7 11 15 4 14 12 0
264 260 4 1 5 9 13 2 6 10 8 3 7 0 15 4 14 12 11
263 259 4 1 5 9 0 2 6 10 8 3 7 11 15 4 14 12 13
264 260 4 1 5 9 8 2 6 10 0 3 7 11 15 4 14 12 13
263 259 4 1 5 9 13 2 6 10 8 3 7 11 15 0 14 12 4
264 260 4 1 5 9 13 2 6 10 8 3 7 11 15 14 0 12 4
262 258 4 1 5 9 13 2 6 10 8 3 7 11 15 4 14 0 12
263 259 4 1 5 9 13 2 6 10 8 3 7 11 15 4 0 14 12
262 258 4 1 5 9 13 2 6 10 8 3 7 11 0 4 14 12 15
263 259 4 1 5 9 13 2 6 10 0 3 7 11 8 4 14 12 15
258 254 4 4 5 9 13 2 6 10 8 3 7 11 15 1 14 12 0
265 260 5 1 5 9 13 2 6 0 10 3 7 11 8 4 14 12 15
265 260 5 1 5 9 0 2 6 10 13 3 7 11 8 4 14 12 15
266 262 4 1 5 9 15 2 6 10 13 3 7 11 8 4 14 12 0
268 263 5 1 5 9 15 2 6 10 13 3 7 11 0 4 14 12 8
269 264 5 1 5 9 15 2 6 10 0 3 7 11 13 4 14 12 8
270 265 5 1 5 9 0 2 6 10 15 3 7 11 13 4 14 12 8
271 267 4 1 5 9 8 2 6 10 15 3 7 11 13 4 14 12 0
264 259 5 1 5 9 13 2 6 10 8 3 7 0 11 4 14 12 15
265 260 5 1 5 9 13 2 6 10 8 3 7 11 15 0 4 14 12
266 262 4 1 5 9 13 2 6 10 8 3 7 11 15 12 4 14 0
268 263 5 1 5 9 13 2 6 10 8 3 7 11 15 12 4 0 14
269 264 5 1 5 9 13 2 6 10 8 3 7 11 15 12 0 4 14
270 265 5 1 5 9 13 2 6 10 8 3 7 11 15 0 12 4 14
271 267 4 1 5 9 13 2 6 10 8 3 7 11 15 14 12 4 0
266 261 5 1 5 9 13 2 6 10 8 3 7 15 0 4 14 12 11
266 262 4 1 5 9 13 2 6 10 8 3 7 15 11 4 14 12 0
267 262 5 1 5 9 13 2 6 10 0 3 7 15 8 4 14 12 11
262 257 5 6 5 9 13 2 0 10 8 3 7 11 15 4 14 12 1
266 261 5 1 5 9 13 2 6 10 8 3 7 12 15 4 14 0 11
266 262 4 1 5 9 13 2 6 10 8 3 7 12 15 4 14 11 0
267 262 5 1 5 9 13 2 6 10 8 3 7 12 15 4 0 14 11
265 260 5 1 5 9 13 2 6 10 8 0 7 11 15 3 14 12 4
267 262 5 1 5 9 0 2 6 10 8 3 7 11 15 13 14 12 4
268 264 4 1 5 9 4 2 6 10 8 3 7 11 15 13 14 12 0
268 263 5 1 5 9 8 2 6 10 0 3 7 11 15 13 14 12 4
266 261 5 1 5 9 13 2 6 10 8 3 7 11 15 14 12 0 4
266 261 5 1 5 9 13 2 6 10 8 3 0 11 15 14 7 12 4
266 261 5 1 5 9 13 2 6 0 8 3 7 10 15 4 14 12 11
267 262 5 1 5 9 13 2 6 8 0 3 7 10 15 4 14 12 11
265 260 5 1 5 9 13 2 6 10 8 3 0 11 15 4 7 14 12
261 256 5 13 5 9 0 2 6 10 8 3 7 11 15 4 14 12 1
262 258 4 13 5 9 1 2 6 10 8 3 7 11 15 4 14 12 0
262 257 5 13 5 9 8 2 6 10 0 3 7 11 15 4 14 12 1
266 261 5 1 5 9 13 2 6 10 8 3 0 7 15 4 14 12 11
267 262 5 1 5 9 13 2 6 10 8 3 14 7 15 4 0 12 11
264 259 5 1 5 9 13 2 6 10 8 3 7 0 15 4 14 11 12
267 262 5 1 5 9 10 2 6 0 8 3 7 11 15 4 14 12 13
268 263 5 1 5 9 10 2 6 8 0 3 7 11 15 4 14 12 13
269 264 5 1 5 9 0 2 6 8 10 3 7 11 15 4 14 12 13
269 266 3 1 5 9 13 2 6 8 10 3 7 11 15 4 14 12 0
274 269 5 1 5 9 13 2 6 8 10 3 7 0 15 4 14 12 11
275 270 5 1 5 9 13 2 6 0 10 3 7 8 15 4 14 12 11
275 271 4 1 5 9 13 2 6 10 0 3 7 8 15 4 14 12 11
277 272 5 1 5 9 13 2 6 10 15 3 7 8 0 4 14 12 11
277 273 4 1 5 9 13 2 6 10 15 3 7 8 11 4 14 12 0
281 276 5 1 5 9 13 2 6 10 15 3 7 0 11 4 14 12 8
281 277 4 1 5 9 13 2 6 10 15 3 7 11 0 4 14 12 8
281 278 3 1 5 9 13 2 6 10 15 3 7 11 8 4 14 12 0
281 278 3 1 5 9 13 2 6 10 0 3 7 11 15 4 14 12 8
283 279 4 1 5 9 13 2 6 0 10 3 7 11 15 4 14 12 8
283 279 4 1 5 9 0 2 6 10 13 3 7 11 15 4 14 12 8
284 281 3 1 5 9 8 2 6 10 13 3 7 11 15 4 14 12 0
289 284 5 1 5 9 8 2 6 10 13 3 7 0 15 4 14 12 11
289 284 5 0 5 9 8 2 6 10 13 3 7 11 15 4 14 12 1
291 286 5 8 5 9 0 2 6 10 13 3 7 11 15 4 14 12 1
292 288 4 8 5 9 1 2 6 10 13 3 7 11 15 4 14 12 0
291 287 4 8 5 9 13 2 6 10 0 3 7 11 15 4 14 12 1
293 288 5 8 5 9 13 2 6 0 10 3 7 11 15 4 14 12 1
293 288 5 8 5 9 13 2 6 10 15 3 7 11 0 4 14 12 1
293 289 4 8 5 9 13 2 6 10 15 3 7 11 1 4 14 12 0
297 292 5 0 5 9 13 2 6 10 15 3 7 11 1 4 14 12 8
288 283 5 1 5 9 8 2 6 10 13 3 7 11 15 0 14 12 4
291 286 5 1 5 9 0 2 6 10 13 3 7 11 15 8 14 12 4
292 288 4 1 5 9 4 2 6 10 13 3 7 11 15 8 14 12 0
291 287 4 1 5 9 13 2 6 10 0 3 7 11 15 8 14 12 4
293 288 5 1 5 9 13 2 6 0 10 3 7 11 15 8 14 12 4
293 288 5 1 5 9 13 2 6 10 15 3 7 11 0 8 14 12 4
293 289 4 1 5 9 13 2 6 10 15 3 7 11 4 8 14 12 0
296 291 5 1 5 9 13 2 6 10 15 3 7 11 4 0 14 12 8
297 292 5 1 5 9 13 2 6 10 15 3 7 11 4 14 0 12 8
289 284 5 1 5 9 8 2 6 10 13 3 7 11 15 14 0 12 4
287 282 5 1 5 9 8 2 6 10 13 3 7 11 15 4 14 0 12
288 283 5 1 5 9 8 2 6 10 13 3 7 11 15 4 0 14 12
267 262 5 1 5 9 13 2 6 10 8 3 0 11 15 7 14 12 4
268 263 5 1 5 9 13 2 6 10 8 3 14 11 15 7 0 12 4
269 264 5 1 5 9 13 2 6 10 8 3 14 11 15 0 7 12 4
269 266 3 1 5 9 13 2 6 10 8 3 14 11 15 4 7 12 0
274 269 5 0 5 9 13 2 6 10 8 3 14 11 15 4 7 12 1
273 268 5 1 5 9 0 2 6 10 8 3 14 11 15 4 7 12 13
274 269 5 1 5 9 8 2 6 10 0 3 14 11 15 4 7 12 13
272 267 5 1 5 9 13 2 6 10 8 3 14 11 15 4 7 0 12
273 268 5 1 5 9 13 2 6 10 8 3 14 11 15 4 0 7 12
274 269 5 1 5 9 13 2 6 10 8 3 0 11 15 4 14 7 12
272 267 5 1 5 9 13 2 6 10 8 3 14 11 0 4 7 12 15
273 268 5 1 5 9 13 2 6 10 0 3 14 11 8 4 7 12 15
285 280 5 1 5 0 9 2 6 10 13 3 7 11 15 4 14 12 8
260 255 5 5 0 9 13 2 6 10 8 3 7 11 15 4 14 12 1
266 261 5 1 5 9 8 2 6 0 10 3 7 11 15 4 14 12 13
273 268 5 1 5 9 13 2 6 8 10 3 7 11 15 0 14 12 4
274 269 5 1 5 9 13 2 6 8 10 3 7 11 15 14 0 12 4
266 261 5 0 5 9 1 2 6 10 8 3 7 11 15 4 14 12 13
266 261 5 1 5 9 8 2 6 10 15 3 7 11 0 4 14 12 13
286 281 5 0 5 9 1 2 6 10 13 3 7 11 15 4 14 12 8
262 257 5 0 5 9 13 2 6 10 8 3 7 11 15 1 14 12 4
278 273 5 1 5 9 13 2 6 10 15 3 7 0 8 4 14 12 11
274 269 5 0 5 9 13 2 6 8 10 3 7 11 15 4 14 12 1
287 282 5 1 5 9 8 2 6 10 13 3 7 11 0 4 14 12 15
288 283 5 1 5 9 8 2 6 10 0 3 7 11 13 4 14 12 15
289 284 5 1 5 9 0 2 6 10 8 3 7 11 13 4 14 12 15
290 286 4 1 5 9 15 2 6 10 8 3 7 11 13 4 14 12 0
292 287 5 1 5 9 15 2 6 10 8 3 7 11 0 4 14 12 13
293 288 5 1 5 9 15 2 6 10 0 3 7 11 8 4 14 12 13
286 281 5 0 5 9 13 2 6 10 15 3 7 11 8 4 14 12 1
272 267 5 1 5 9 13 2 6 8 10 3 7 11 15 4 14 0 12
273 268 5 1 5 9 13 2 6 8 10 3 7 11 15 4 0 14 12
285 280 5 1 5 0 13 2 6 9 10 3 7 11 15 4 14 12 8
267 262 5 1 5 9 4 2 6 10 8 3 7 11 15 0 14 12 13
268 263 5 1 5 9 4 2 6 10 8 3 7 11 15 14 0 12 13
285 280 5 1 5 9 13 2 0 6 10 3 7 11 15 4 14 12 8
272 267 5 1 5 9 13 2 6 8 10 3 7 11 0 4 14 12 15
273 268 5 1 5 9 13 2 6 8 0 3 7 11 10 4 14 12 15
274 269 5 1 5 9 13 2 6 0 8 3 7 11 10 4 14 12 15
287 282 5 1 5 9 4 2 6 10 13 3 7 11 15 0 14 12 8
288 283 5 1 5 9 4 2 6 10 13 3 7 11 15 14 0 12 8
287 282 5 1 5 9 10 2 6 0 13 3 7 11 15 4 14 12 8
288 283 5 1 5 9 10 2 6 13 0 3 7 11 15 4 14 12 8
289 284 5 1 5 9 0 2 6 13 10 3 7 11 15 4 14 12 8
290 286 4 1 5 9 8 2 6 13 10 3 7 11 15 4 14 12 0
285 280 5 1 5 9 0 2 6 10 15 3 7 11 8 4 14 12 13
285 280 5 1 5 9 13 2 6 11 10 3 7 0 15 4 14 12 8
285 280 5 1 5 9 13 2 6 10 15 3 7 11 8 0 14 12 4
286 281 5 1 5 9 13 2 6 10 15 3 7 11 8 14 0 12 4
277 272 5 1 5 9 0 2 6 10 13 3 7 8 15 4 14 12 11
278 274 4 1 5 9 11 2 6 10 13 3 7 8 15 4 14 12 0
282 277 5 1 5 9 11 2 6 10 13 3 7 0 15 4 14 12 8
284 279 5 1 5 9 13 2 6 10 15 3 7 11 8 4 14 0 12
285 280 5 1 5 9 13 2 6 10 15 3 7 11 8 4 0 14 12
260 255 5 2 5 9 13 0 6 10 8 3 7 11 15 4 14 12 1
265 260 5 1 5 0 9 2 6 10 8 3 7 11 15 4 14 12 13
267 261 6 1 0 5 9 2 6 10 8 3 7 11 15 4 14 12 13
254 248 6 6 5 9 13 2 0 10 8 3 7 11 15 4 12 1 14
245 239 6 1 5 9 13 2 14 10 15 3 7 0 8 4 6 12 11
248 242 6 14 5 9 13 2 6 10 8 0 7 11 15 3 4 12 1
250 244 6 14 5 9 0 2 6 10 8 3 7 11 15 13 4 12 1
251 246 5 14 5 9 1 2 6 10 8 3 7 11 15 13 4 12 0
254 248 6 14 5 9 1 2 6 10 8 3 7 11 15 0 4 12 13
254 249 5 14 5 9 1 2 6 10 8 3 7 11 15 4 0 12 13
256 250 6 14 5 9 1 2 6 10 8 3 7 11 15 4 12 0 13
256 251 5 14 5 9 1 2 6 10 8 3 7 11 15 4 12 13 0
259 253 6 14 5 9 0 2 6 10 8 3 7 11 15 4 12 13 1
260 254 6 14 5 9 8 2 6 10 0 3 7 11 15 4 12 13 1
253 247 6 2 5 9 13 0 6 10 8 3 7 11 15 1 4 12 14
233 227 6 1 5 9 13 2 14 0 8 3 7 10 15 4 6 12 11
234 228 6 1 5 9 13 2 14 8 0 3 7 10 15 4 6 12 11
254 248 6 13 5 9 0 2 6 10 8 3 7 11 15 1 4 12 14
255 250 5 13 5 9 14 2 6 10 8 3 7 11 15 1 4 12 0
258 252 6 13 5 9 14 2 6 10 8 3 7 11 15 0 4 12 1
258 253 5 13 5 9 14 2 6 10 8 3 7 11 15 4 0 12 1
260 254 6 13 5 9 14 2 6 10 8 3 7 11 15 4 12 0 1
260 255 5 13 5 9 14 2 6 10 8 3 7 11 15 4 12 1 0
264 258 6 0 5 9 14 2 6 10 8 3 7 11 15 4 12 1 13
264 258 6 1 5 9 13 2 6 10 8 3 7 0 15 12 14 4 11
265 259 6 1 5 9 13 2 6 10 8 3 7 4 15 12 14 0 11
265 260 5 1 5 9 13 2 6 10 8 3 7 4 15 12 14 11 0
268 262 6 1 5 9 13 2 6 10 8 3 7 4 15 0 14 11 12
269 263 6 1 5 9 13 2 6 10 8 3 7 4 15 14 0 11 12
270 264 6 1 5 9 13 2 6 10 8 3 7 4 15 14 11 0 12
269 265 4 1 5 9 13 2 6 10 8 3 7 4 15 14 11 12 0
273 268 5 1 5 9 13 2 6 10 8 3 7 0 15 14 11 12 4
272 267 5 1 5 9 13 2 6 10 8 3 7 4 15 0 11 12 14
273 268 5 1 5 9 13 2 6 10 8 3 7 4 15 11 0 12 14
275 269 6 1 5 9 13 2 6 10 8 3 7 4 15 11 12 0 14
275 270 5 1 5 9 13 2 6 10 8 3 7 4 15 11 12 14 0
279 273 6 1 5 9 13 2 6 10 8 3 7 0 15 11 12 14 4
280 274 6 1 5 9 13 2 6 10 8 3 7 14 15 11 12 0 4
280 275 5 1 5 9 13 2 6 10 8 3 7 14 15 11 12 4 0
280 275 5 1 5 9 13 2 6 10 8 3 7 14 15 11 0 12 4
281 276 5 1 5 9 13 2 6 10 8 3 7 14 15 0 11 12 4
281 278 3 1 5 9 13 2 6 10 8 3 7 14 15 4 11 12 0
285 281 4 1 5 9 13 2 6 10 8 3 7 0 15 4 11 12 14
287 282 5 1 5 9 13 2 6 10 8 3 7 15 0 4 11 12 14
287 283 4 1 5 9 13 2 6 10 8 3 7 15 14 4 11 12 0
291 286 5 1 5 9 13 2 6 10 8 3 7 0 14 4 11 12 15
288 283 5 1 5 9 13 2 6 10 0 3 7 15 8 4 11 12 14
287 282 5 1 5 9 13 2 6 10 8 3 0 7 15 4 11 12 14
288 283 5 1 5 9 13 2 6 10 8 3 11 7 15 4 0 12 14
287 282 5 1 5 9 13 2 6 10 8 3 7 12 15 4 11 0 14
287 283 4 1 5 9 13 2 6 10 8 3 7 12 15 4 11 14 0
291 286 5 1 5 9 13 2 6 10 8 3 7 0 15 4 11 14 12
288 283 5 1 5 9 13 2 6 10 8 3 7 12 15 4 0 11 14
287 282 5 1 5 9 13 2 6 0 8 3 7 10 15 4 11 12 14
288 283 5 1 5 9 13 2 6 8 0 3 7 10 15 4 11 12 14
286 281 5 0 5 9 13 2 6 10 8 3 7 14 15 4 11 12 1
285 280 5 1 5 9 0 2 6 10 8 3 7 14 15 4 11 12 13
286 281 5 1 5 9 8 2 6 10 0 3 7 14 15 4 11 12 13
284 279 5 1 5 9 13 2 6 10 8 3 7 14 0 4 11 12 15
285 280 5 1 5 9 13 2 6 10 0 3 7 14 8 4 11 12 15
284 279 5 1 5 9 13 2 6 10 8 3 7 14 15 4 11 0 12
285 280 5 1 5 9 13 2 6 10 8 3 7 14 15 4 0 11 12
287 281 6 1 5 9 13 2 6 10 8 3 7 14 15 0 4 11 12
288 283 5 1 5 9 13 2 6 10 8 3 7 14 15 12 4 11 0
290 284 6 1 5 9 13 2 6 10 8 3 7 14 15 12 4 0 11
291 285 6 1 5 9 13 2 6 10 8 3 7 14 15 12 0 4 11
289 283 6 1 5 9 4 2 6 10 8 3 7 14 15 0 11 12 13
290 285 5 1 5 9 4 2 6 10 8 3 7 14 15 13 11 12 0
294 288 6 1 5 9 4 2 6 10 8 3 7 0 15 13 11 12 14
290 284 6 1 5 9 4 2 6 10 8 3 7 14 15 11 0 12 13
287 281 6 1 5 9 13 2 6 10 8 3 0 14 15 4 7 11 12
287 281 6 1 5 9 13 2 6 0 10 3 7 14 8 4 11 12 15
288 282 6 1 5 9 13 2 6 14 10 3 7 0 8 4 11 12 15
289 283 6 1 5 9 13 2 6 14 10 3 7 8 0 4 11 12 15
288 284 4 1 5 9 13 2 6 14 10 3 7 8 15 4 11 12 0
292 287 5 1 5 9 13 2 6 14 10 3 7 0 15 4 11 12 8
293 288 5 1 5 9 13 2 6 0 10 3 7 14 15 4 11 12 8
293 289 4 1 5 9 13 2 6 10 0 3 7 14 15 4 11 12 8
295 290 5 1 5 9 13 2 6 10 15 3 7 14 0 4 11 12 8
295 291 4 1 5 9 13 2 6 10 15 3 7 14 8 4 11 12 0
299 294 5 1 5 9 13 2 6 10 15 3 7 0 8 4 11 12 14
300 295 5 1 5 9 13 2 6 10 15 3 7 8 0 4 11 12 14
300 296 4 1 5 9 13 2 6 10 15 3 7 8 14 4 11 12 0
300 296 4 1 5 9 13 2 6 10 0 3 7 8 15 4 11 12 14
302 297 5 1 5 9 13 2 6 0 10 3 7 8 15 4 11 12 14
303 298 5 1 5 9 13 2 6 8 10 3 7 0 15 4 11 12 14
302 297 5 1 5 9 0 2 6 10 13 3 7 8 15 4 11 12 14
303 299 4 1 5 9 14 2 6 10 13 3 7 8 15 4 11 12 0
307 302 5 1 5 9 14 2 6 10 13 3 7 0 15 4 11 12 8
296 291 5 1 5 9 13 2 6 10 15 3 7 0 14 4 11 12 8
295 290 5 1 5 9 0 2 6 10 13 3 7 14 15 4 11 12 8
296 292 4 1 5 9 8 2 6 10 13 3 7 14 15 4 11 12 0
300 295 5 1 5 9 8 2 6 10 13 3 7 0 15 4 11 12 14
302 296 6 1 5 9 8 2 6 10 13 3 7 15 0 4 11 12 14
302 297 5 1 5 9 8 2 6 10 13 3 7 15 14 4 11 12 0
306 300 6 1 5 9 8 2 6 10 13 3 7 0 14 4 11 12 15
305 299 6 1 5 9 0 2 6 10 13 3 7 15 14 4 11 12 8
305 300 5 1 5 9 13 2 6 10 0 3 7 15 14 4 11 12 8
305 301 4 1 5 9 13 2 6 10 14 3 7 15 0 4 11 12 8
305 302 3 1 5 9 13 2 6 10 14 3 7 0 15 4 11 12 8
305 302 3 1 5 9 13 2 6 10 14 3 7 15 8 4 11 12 0
309 305 4 1 5 9 13 2 6 10 14 3 7 0 8 4 11 12 15
310 306 4 1 5 9 13 2 6 10 14 3 7 8 0 4 11 12 15
309 307 2 1 5 9 13 2 6 10 14 3 7 8 15 4 11 12 0
314 310 4 0 5 9 13 2 6 10 14 3 7 8 15 4 11 12 1
313 309 4 1 5 9 0 2 6 10 14 3 7 8 15 4 11 12 13
313 309 4 1 5 9 13 2 6 10 14 3 7 8 15 0 11 12 4
314 310 4 1 5 9 13 2 6 10 14 3 7 8 15 11 0 12 4
312 308 4 1 5 9 13 2 6 10 14 3 7 8 15 4 11 0 12
313 309 4 1 5 9 13 2 6 10 14 3 7 8 15 4 0 11 12
313 309 4 1 5 9 13 2 6 10 14 3 7 0 15 4 11 8 12
307 303 4 1 5 9 13 2 6 10 14 3 0 7 15 4 11 12 8
308 304 4 1 5 9 13 2 6 10 14 3 11 7 15 4 0 12 8
307 303 4 1 5 9 13 2 6 10 14 3 7 12 15 4 11 0 8
307 304 3 1 5 9 13 2 6 10 14 3 7 12 15 4 11 8 0
308 304 4 1 5 9 13 2 6 10 14 3 7 12 15 4 0 11 8
307 303 4 1 5 9 13 2 6 0 14 3 7 10 15 4 11 12 8
309 304 5 1 5 9 13 2 6 14 0 3 7 10 15 4 11 12 8
309 304 5 1 5 9 13 2 0 6 14 3 7 10 15 4 11 12 8
309 304 5 1 5 0 13 2 6 9 14 3 7 10 15 4 11 12 8
309 304 5 1 5 9 13 2 6 10 14 0 3 7 15 4 11 12 8
310 305 5 1 5 9 13 2 6 10 14 3 7 12 15 0 4 11 8
311 307 4 1 5 9 13 2 6 10 14 3 7 12 15 8 4 11 0
315 310 5 1 5 9 13 2 6 10 14 3 7 0 15 8 4 11 12
315 311 4 1 5 9 13 2 6 10 14 3 7 11 15 8 4 0 12
314 312 2 1 5 9 13 2 6 10 14 3 7 11 15 8 4 12 0
317 314 3 1 5 9 13 2 6 10 14 3 7 11 15 0 4 12 8
317 315 2 1 5 9 13 2 6 10 14 3 7 11 15 4 0 12 8
319 316 3 1 5 9 13 2 6 10 14 3 7 11 15 4 12 0 8
319 317 2 1 5 9 13 2 6 10 14 3 7 11 15 4 12 8 0
319 316 3 1 5 9 13 2 6 10 14 3 0 11 15 4 7 12 8
321 317 4 1 5 9 13 2 6 10 14 3 11 0 15 4 7 12 8
321 317 4 1 5 9 13 2 6 10 14 0 3 11 15 4 7 12 8
321 317 4 1 5 9 13 2 0 10 14 3 6 11 15 4 7 12 8
324 320 4 1 5 9 13 2 6 10 14 3 7 0 15 4 12 8 11
325 321 4 1 5 9 13 2 6 10 14 3 7 8 15 4 12 0 11
325 322 3 1 5 9 13 2 6 10 14 3 7 8 15 4 12 11 0
325 322 3 1 5 9 13 2 6 10 14 3 7 8 15 4 0 12 11
327 323 4 1 5 9 13 2 6 10 14 3 7 8 15 0 4 12 11
328 325 3 1 5 9 13 2 6 10 14 3 7 8 15 11 4 12 0
332 328 4 1 5 9 13 2 6 10 14 3 7 0 15 11 4 12 8
327 323 4 1 5 9 13 2 6 10 14 3 0 8 15 4 7 12 11
328 324 4 1 5 9 13 2 6 10 14 3 8 0 15 4 7 12 11
324 320 4 0 5 9 13 2 6 10 14 3 7 11 15 4 12 8 1
323 319 4 1 5 9 13 2 6 10 14 3 7 11 15 0 12 8 4
324 320 4 1 5 9 13 2 6 10 14 3 7 11 15 12 0 8 4
324 321 3 1 5 9 13 2 6 10 14 3 7 11 15 12 8 0 4
324 322 2 1 5 9 13 2 6 10 14 3 7 11 15 12 8 4 0
327 324 3 1 5 9 13 2 6 10 14 3 7 11 15 0 8 4 12
331 327 4 1 5 9 13 2 6 10 14 3 0 11 15 7 8 4 12
319 315 4 0 5 9 13 2 6 10 14 3 7 11 15 8 4 12 1
321 317 4 8 5 9 13 2 6 10 14 3 7 11 15 0 4 12 1
322 319 3 8 5 9 13 2 6 10 14 3 7 11 15 1 4 12 0
321 318 3 8 5 9 13 2 6 10 14 3 7 11 15 4 0 12 1
323 319 4 8 5 9 13 2 6 10 14 3 7 11 15 4 12 0 1
323 320 3 8 5 9 13 2 6 10 14 3 7 11 15 4 12 1 0
327 323 4 0 5 9 13 2 6 10 14 3 7 11 15 4 12 1 8
323 319 4 8 5 9 13 2 6 10 14 3 0 11 15 4 7 12 1
331 327 4 1 5 9 0 2 6 10 14 3 7 11 15 13 8 4 12
332 329 3 1 5 9 12 2 6 10 14 3 7 11 15 13 8 4 0
335 331 4 1 5 9 12 2 6 10 14 3 7 11 15 0 8 4 13
334 330 4 1 5 9 12 2 6 10 14 3 7 11 15 13 8 0 4
318 314 4 1 5 9 0 2 6 10 14 3 7 11 15 8 4 12 13
321 317 4 1 5 9 8 2 6 10 14 3 7 11 15 0 4 12 13
322 319 3 1 5 9 8 2 6 10 14 3 7 11 15 13 4 12 0
321 318 3 1 5 9 8 2 6 10 14 3 7 11 15 4 0 12 13
323 319 4 1 5 9 8 2 6 10 14 3 7 11 15 4 12 0 13
323 320 3 1 5 9 8 2 6 10 14 3 7 11 15 4 12 13 0
326 322 4 1 5 9 0 2 6 10 14 3 7 11 15 4 12 13 8
323 319 4 1 5 9 8 2 6 10 14 3 0 11 15 4 7 12 13
330 326 4 0 5 9 13 2 6 10 14 3 7 11 15 1 8 4 12
332 329 3 12 5 9 13 2 6 10 14 3 7 11 15 1 8 4 0
335 331 4 12 5 9 13 2 6 10 14 3 7 11 15 0 8 4 1
334 330 4 12 5 9 13 2 6 10 14 3 7 11 15 1 8 0 4
321 317 4 1 5 9 13 2 6 10 14 3 7 0 15 4 12 11 8
317 313 4 1 5 9 13 2 6 10 14 3 7 11 0 8 4 12 15
319 315 4 1 5 9 13 2 6 10 14 3 7 0 15 8 4 12 11
322 318 4 1 5 9 13 2 6 10 14 3 7 11 0 4 12 8 15
320 316 4 0 5 9 13 2 6 10 14 3 7 11 15 1 4 12 8
321 317 4 1 5 9 13 2 6 10 14 3 0 11 15 7 4 12 8
322 318 4 1 5 9 13 2 6 10 14 3 4 11 15 7 0 12 8
323 319 4 1 5 9 13 2 6 10 14 3 4 11 15 0 7 12 8
324 321 3 1 5 9 13 2 6 10 14 3 4 11 15 8 7 12 0
329 325 4 1 5 9 13 2 6 10 14 0 7 11 15 3 8 4 12
319 315 4 1 5 9 13 2 6 10 14 0 7 11 15 3 4 12 8
323 319 4 1 5 9 0 2 6 10 14 3 7 11 15 4 12 8 13
327 323 4 1 5 9 13 2 6 10 14 3 7 11 0 12 8 4 15
321 317 4 1 5 9 0 2 6 10 14 3 7 11 15 13 4 12 8
328 324 4 1 5 9 0 2 6 10 14 3 7 11 15 12 8 4 13
316 312 4 1 5 9 13 2 6 10 14 3 7 11 15 8 0 4 12
329 325 4 0 5 9 13 2 6 10 14 3 7 11 15 12 8 4 1
329 325 4 1 5 9 13 2 6 10 14 3 7 0 15 12 8 4 11
330 326 4 1 5 9 13 2 6 10 14 3 7 4 15 12 8 0 11
330 327 3 1 5 9 13 2 6 10 14 3 7 4 15 12 8 11 0
333 329 4 1 5 9 13 2 6 10 14 3 7 4 15 0 8 11 12
326 322 4 1 5 9 13 2 6 10 14 3 7 0 15 12 8 11 4
328 323 5 1 5 9 13 2 6 10 14 3 7 15 0 12 8 11 4
328 324 4 1 5 9 13 2 6 10 14 3 7 15 4 12 8 11 0
332 327 5 1 5 9 13 2 6 10 14 3 7 0 4 12 8 11 15
332 328 4 1 5 9 13 2 6 10 14 3 7 11 4 12 8 0 15
332 329 3 1 5 9 13 2 6 10 14 3 7 11 4 12 8 15 0
335 331 4 1 5 9 13 2 6 10 14 3 7 11 4 0 8 15 12
334 330 4 1 5 9 13 2 6 10 14 3 7 11 0 12 8 15 4
336 331 5 1 5 9 13 2 6 10 14 3 7 0 11 12 8 15 4
337 332 5 1 5 9 13 2 6 10 14 3 7 15 11 12 8 0 4
337 333 4 1 5 9 13 2 6 10 14 3 7 15 11 12 8 4 0
340 335 5 1 5 9 13 2 6 10 14 3 7 15 11 0 8 4 12
336 331 5 1 5 9 13 2 6 10 0 3 7 11 14 12 8 15 4
339 334 5 1 5 9 13 2 6 10 14 3 0 11 4 7 8 15 12
317 312 5 1 5 9 13 2 6 10 14 3 0 8 15 7 11 12 4
318 313 5 1 5 9 13 2 6 10 14 3 8 0 15 7 11 12 4
318 313 5 1 5 9 13 2 6 10 14 3 11 8 15 7 0 12 4
319 314 5 1 5 9 13 2 6 10 14 3 11 8 15 0 7 12 4
319 316 3 1 5 9 13 2 6 10 14 3 11 8 15 4 7 12 0
324 319 5 0 5 9 13 2 6 10 14 3 11 8 15 4 7 12 1
317 312 5 1 5 9 10 2 6 0 14 3 7 8 15 4 11 12 13
318 313 5 1 5 9 10 2 6 8 14 3 7 0 15 4 11 12 13
323 318 5 1 5 9 0 2 6 10 14 3 11 8 15 4 7 12 13
322 317 5 1 5 9 13 2 6 10 14 3 11 8 15 4 7 0 12
323 318 5 1 5 9 13 2 6 10 14 3 11 8 15 4 0 7 12
324 319 5 1 5 9 13 2 6 10 14 3 0 8 15 4 11 7 12
325 320 5 1 5 9 13 2 6 10 14 3 8 0 15 4 11 7 12
326 321 5 1 5 9 13 2 6 10 14 3 8 7 15 4 11 0 12
325 322 3 1 5 9 13 2 6 10 14 3 8 7 15 4 11 12 0
329 325 4 1 5 9 13 2 6 10 14 3 8 0 15 4 11 12 7
330 326 4 1 5 9 13 2 6 10 14 3 0 8 15 4 11 12 7
331 327 4 1 5 9 13 2 6 10 14 3 11 8 15 4 0 12 7
333 328 5 1 5 9 13 2 6 10 14 3 11 8 15 4 12 0 7
333 329 4 1 5 9 13 2 6 10 14 3 11 8 15 4 12 7 0
337 332 5 1 5 9 13 2 6 10 14 3 11 0 15 4 12 7 8
337 333 4 1 5 9 13 2 6 10 14 3 0 11 15 4 12 7 8
338 334 4 1 5 9 13 2 6 10 14 3 12 11 15 4 0 7 8
339 335 4 1 5 9 13 2 6 10 14 3 12 11 15 4 7 0 8
339 336 3 1 5 9 13 2 6 10 14 3 12 11 15 4 7 8 0
344 339 5 1 5 9 13 2 6 10 14 3 12 0 15 4 7 8 11
345 340 5 1 5 9 13 2 6 10 14 3 0 12 15 4 7 8 11
345 341 4 1 5 9 13 2 6 10 14 3 7 12 15 4 0 8 11
345 342 3 1 5 9 13 2 6 10 14 3 7 12 15 4 8 0 11
345 343 2 1 5 9 13 2 6 10 14 3 7 12 15 4 8 11 0
345 343 2 1 5 9 13 2 6 10 14 3 7 0 15 4 8 12 11
347 344 3 1 5 9 13 2 6 10 14 3 7 15 0 4 8 12 11
347 345 2 1 5 9 13 2 6 10 14 3 7 15 11 4 8 12 0
351 348 3 1 5 9 13 2 6 10 14 3 7 0 11 4 8 12 15
351 349 2 1 5 9 13 2 6 10 14 3 7 11 0 4 8 12 15
350 350 0 1 5 9 13 2 6 10 14 3 7 11 15 4 8 12 0
