0 0 0 8 10 4 6 9 11 12 13 0 15 1 7 5 14 3 2
15 1 14 8 10 4 6 0 11 12 13 9 15 1 7 5 14 3 2
16 2 14 8 10 4 6 11 0 12 13 9 15 1 7 5 14 3 2
17 3 14 8 10 4 6 11 12 0 13 9 15 1 7 5 14 3 2
18 4 14 8 10 4 6 11 12 13 0 9 15 1 7 5 14 3 2
19 5 14 8 10 4 6 11 12 13 7 9 15 1 0 5 14 3 2
19 6 13 8 10 4 6 11 12 13 7 9 15 1 2 5 14 3 0
23 9 14 8 10 4 6 11 12 13 7 9 15 0 2 5 14 3 1
24 10 14 8 10 4 6 11 12 13 7 9 15 2 0 5 14 3 1
24 11 13 8 10 4 6 11 12 13 7 9 15 2 1 5 14 3 0
28 14 14 0 10 4 6 11 12 13 7 9 15 2 1 5 14 3 8
31 17 14 12 10 4 6 11 0 13 7 9 15 2 1 5 14 3 8
32 18 14 12 10 4 6 11 13 0 7 9 15 2 1 5 14 3 8
32 19 13 12 10 4 6 11 13 7 0 9 15 2 1 5 14 3 8
33 20 13 12 10 4 6 11 13 7 1 9 15 2 0 5 14 3 8
33 21 12 12 10 4 6 11 13 7 1 9 15 2 8 5 14 3 0
37 24 13 12 10 4 6 11 13 7 1 9 15 0 8 5 14 3 2
38 25 13 12 10 4 6 11 13 7 1 9 15 8 0 5 14 3 2
38 26 12 12 10 4 6 11 13 7 1 9 15 8 2 5 14 3 0
42 29 13 0 10 4 6 11 13 7 1 9 15 8 2 5 14 3 12
45 32 13 13 10 4 6 11 0 7 1 9 15 8 2 5 14 3 12
46 33 13 13 10 4 6 0 11 7 1 9 15 8 2 5 14 3 12
46 33 13 13 0 4 6 11 10 7 1 9 15 8 2 5 14 3 12
47 34 13 13 4 0 6 11 10 7 1 9 15 8 2 5 14 3 12
48 35 13 13 4 6 0 11 10 7 1 9 15 8 2 5 14 3 12
49 37 12 13 4 6 12 11 10 7 1 9 15 8 2 5 14 3 0
53 40 13 13 4 6 12 11 10 7 1 9 15 0 2 5 14 3 8
54 41 13 13 4 6 12 11 10 7 1 9 15 2 0 5 14 3 8
54 42 12 13 4 6 12 11 10 7 1 9 15 2 8 5 14 3 0
58 45 13 13 4 6 12 11 10 7 1 9 15 0 8 5 14 3 2
59 46 13 13 4 6 12 11 10 7 1 9 0 15 8 5 14 3 2
59 47 12 13 4 6 12 11 0 7 1 9 10 15 8 5 14 3 2
60 48 12 13 4 6 12 0 11 7 1 9 10 15 8 5 14 3 2
60 48 12 13 0 6 12 11 4 7 1 9 10 15 8 5 14 3 2
61 49 12 13 6 0 12 11 4 7 1 9 10 15 8 5 14 3 2
62 50 12 13 6 12 0 11 4 7 1 9 10 15 8 5 14 3 2
63 52 11 13 6 12 2 11 4 7 1 9 10 15 8 5 14 3 0
67 55 12 13 6 12 2 11 4 7 1 9 10 0 8 5 14 3 15
68 56 12 13 6 12 2 11 4 7 1 9 10 8 0 5 14 3 15
68 57 11 13 6 12 2 11 4 7 1 9 10 8 15 5 14 3 0
72 60 12 13 6 12 2 11 4 7 1 9 10 0 15 5 14 3 8
73 61 12 13 6 12 2 11 4 7 1 9 10 3 15 5 14 0 8
73 62 11 13 6 12 2 11 4 7 1 9 10 3 15 5 14 8 0
77 65 12 13 6 12 2 11 4 7 1 9 10 0 15 5 14 8 3
78 66 12 13 6 12 2 11 4 7 1 9 10 15 0 5 14 8 3
78 67 11 13 6 12 2 11 4 7 1 9 10 15 3 5 14 8 0
82 70 12 13 6 12 2 11 4 7 1 9 10 0 3 5 14 8 15
83 71 12 13 6 12 2 11 4 7 1 9 10 8 3 5 14 0 15
82 72 10 13 6 12 2 11 4 7 1 9 10 8 3 5 14 15 0
86 75 11 13 6 12 2 11 4 7 1 9 10 0 3 5 14 15 8
87 76 11 13 6 12 2 11 4 7 1 9 10 3 0 5 14 15 8
87 77 10 13 6 12 2 11 4 7 1 9 10 3 8 5 14 15 0
91 80 11 13 6 12 2 11 4 7 1 9 10 0 8 5 14 15 3
91 80 11 0 6 12 2 11 4 7 1 9 10 3 8 5 14 15 13
94 83 11 4 6 12 2 11 0 7 1 9 10 3 8 5 14 15 13
94 84 10 4 0 12 2 11 6 7 1 9 10 3 8 5 14 15 13
95 85 10 4 12 0 2 11 6 7 1 9 10 3 8 5 14 15 13
96 86 10 4 12 2 0 11 6 7 1 9 10 3 8 5 14 15 13
97 88 9 4 12 2 13 11 6 7 1 9 10 3 8 5 14 15 0
97 88 9 0 12 2 4 11 6 7 1 9 10 3 8 5 14 15 13
99 91 8 13 12 2 4 11 6 7 1 9 10 3 8 5 14 15 0
103 94 9 13 12 2 4 11 6 7 1 9 10 0 8 5 14 15 3
104 95 9 13 12 2 4 11 6 7 1 9 10 8 0 5 14 15 3
104 96 8 13 12 2 4 11 6 7 1 9 10 8 3 5 14 15 0
108 99 9 13 12 2 4 11 6 7 1 9 10 0 3 5 14 15 8
108 99 9 0 12 2 4 11 6 7 1 9 10 8 3 5 14 15 13
110 101 9 5 12 2 4 11 6 7 1 9 10 8 3 0 14 15 13
110 103 7 5 12 2 4 11 6 7 1 9 10 8 3 13 14 15 0
114 106 8 5 12 2 4 11 6 7 1 9 10 0 3 13 14 15 8
115 107 8 5 12 2 4 11 6 7 1 9 10 3 0 13 14 15 8
115 108 7 5 12 2 4 11 6 7 1 9 10 3 8 13 14 15 0
119 111 8 5 12 2 4 11 6 7 1 9 10 0 8 13 14 15 3
119 111 8 0 12 2 4 11 6 7 1 9 10 3 8 13 14 15 5
120 112 8 12 0 2 4 11 6 7 1 9 10 3 8 13 14 15 5
120 113 7 12 2 0 4 11 6 7 1 9 10 3 8 13 14 15 5
122 114 8 12 2 4 0 11 6 7 1 9 10 3 8 13 14 15 5
123 116 7 12 2 4 5 11 6 7 1 9 10 3 8 13 14 15 0
127 119 8 12 2 4 5 11 6 7 1 9 10 0 8 13 14 15 3
128 120 8 12 2 4 5 11 6 7 1 9 10 8 0 13 14 15 3
128 121 7 12 2 4 5 11 6 7 1 9 10 8 3 13 14 15 0
132 124 8 12 2 4 5 11 6 7 1 9 10 0 3 13 14 15 8
125 117 8 12 2 4 5 11 6 7 1 9 10 3 0 13 14 15 8
126 118 8 12 2 4 5 11 6 7 0 9 10 3 1 13 14 15 8
127 119 8 12 2 4 0 11 6 7 5 9 10 3 1 13 14 15 8
128 121 7 12 2 4 8 11 6 7 5 9 10 3 1 13 14 15 0
127 120 7 12 2 0 4 11 6 7 5 9 10 3 1 13 14 15 8
129 121 8 12 0 2 4 11 6 7 5 9 10 3 1 13 14 15 8
130 122 8 0 12 2 4 11 6 7 5 9 10 3 1 13 14 15 8
132 125 7 8 12 2 4 11 6 7 5 9 10 3 1 13 14 15 0
136 128 8 8 12 2 4 11 6 7 5 9 10 0 1 13 14 15 3
137 129 8 8 12 2 4 11 6 7 5 9 10 1 0 13 14 15 3
137 130 7 8 12 2 4 11 6 7 5 9 10 1 3 13 14 15 0
141 133 8 8 12 2 4 11 6 7 5 9 10 0 3 13 14 15 1
141 133 8 0 12 2 4 11 6 7 5 9 10 1 3 13 14 15 8
142 134 8 12 0 2 4 11 6 7 5 9 10 1 3 13 14 15 8
142 135 7 12 2 0 4 11 6 7 5 9 10 1 3 13 14 15 8
144 136 8 12 2 4 0 11 6 7 5 9 10 1 3 13 14 15 8
145 138 7 12 2 4 8 11 6 7 5 9 10 1 3 13 14 15 0
149 141 8 12 2 4 8 11 6 7 5 9 10 0 3 13 14 15 1
149 141 8 0 2 4 8 11 6 7 5 9 10 1 3 13 14 15 12
151 143 8 8 2 4 0 11 6 7 5 9 10 1 3 13 14 15 12
152 145 7 8 2 4 12 11 6 7 5 9 10 1 3 13 14 15 0
151 144 7 8 2 0 4 11 6 7 5 9 10 1 3 13 14 15 12
153 145 8 8 0 2 4 11 6 7 5 9 10 1 3 13 14 15 12
154 146 8 0 8 2 4 11 6 7 5 9 10 1 3 13 14 15 12
156 149 7 12 8 2 4 11 6 7 5 9 10 1 3 13 14 15 0
160 152 8 12 8 2 4 11 6 7 5 9 10 0 3 13 14 15 1
161 153 8 12 8 2 4 11 6 7 5 9 10 3 0 13 14 15 1
161 154 7 12 8 2 4 11 6 7 5 9 10 3 1 13 14 15 0
165 157 8 12 8 2 4 11 6 7 5 9 10 0 1 13 14 15 3
165 157 8 0 8 2 4 11 6 7 5 9 10 3 1 13 14 15 12
166 158 8 8 0 2 4 11 6 7 5 9 10 3 1 13 14 15 12
166 159 7 8 2 0 4 11 6 7 5 9 10 3 1 13 14 15 12
168 160 8 8 2 4 0 11 6 7 5 9 10 3 1 13 14 15 12
169 162 7 8 2 4 12 11 6 7 5 9 10 3 1 13 14 15 0
173 165 8 8 2 4 12 11 6 7 5 9 10 0 1 13 14 15 3
171 163 8 8 2 4 12 11 6 7 5 9 10 3 0 13 14 15 1
172 164 8 8 2 4 12 11 6 7 0 9 10 3 5 13 14 15 1
173 165 8 8 2 4 0 11 6 7 12 9 10 3 5 13 14 15 1
174 167 7 8 2 4 1 11 6 7 12 9 10 3 5 13 14 15 0
173 166 7 8 2 0 4 11 6 7 12 9 10 3 5 13 14 15 1
175 167 8 8 0 2 4 11 6 7 12 9 10 3 5 13 14 15 1
176 168 8 0 8 2 4 11 6 7 12 9 10 3 5 13 14 15 1
177 171 6 1 8 2 4 11 6 7 12 9 10 3 5 13 14 15 0
181 174 7 1 8 2 4 11 6 7 12 9 10 0 5 13 14 15 3
182 175 7 1 8 2 4 11 6 7 12 9 10 5 0 13 14 15 3
182 176 6 1 8 2 4 11 6 7 12 9 10 5 3 13 14 15 0
182 176 6 1 8 2 4 11 6 7 0 9 10 5 12 13 14 15 3
184 177 7 1 8 2 4 11 6 0 7 9 10 5 12 13 14 15 3
185 178 7 1 8 2 4 11 6 5 7 9 10 0 12 13 14 15 3
185 178 7 1 8 0 4 11 6 2 7 9 10 5 12 13 14 15 3
186 179 7 1 0 8 4 11 6 2 7 9 10 5 12 13 14 15 3
184 177 7 1 8 2 0 11 6 7 4 9 10 5 12 13 14 15 3
185 179 6 1 8 2 3 11 6 7 4 9 10 5 12 13 14 15 0
189 182 7 1 8 2 3 11 6 7 4 9 10 0 12 13 14 15 5
185 178 7 1 8 0 2 11 6 7 4 9 10 5 12 13 14 15 3
186 179 7 1 0 8 2 11 6 7 4 9 10 5 12 13 14 15 3
179 172 7 1 8 2 4 11 6 7 12 9 10 3 0 13 14 15 5
179 173 6 1 8 2 4 11 6 7 0 9 10 3 12 13 14 15 5
181 174 7 1 8 2 4 11 6 0 7 9 10 3 12 13 14 15 5
182 175 7 1 8 2 4 11 6 3 7 9 10 0 12 13 14 15 5
182 175 7 1 8 0 4 11 6 2 7 9 10 3 12 13 14 15 5
183 176 7 1 0 8 4 11 6 2 7 9 10 3 12 13 14 15 5
181 174 7 1 8 2 0 11 6 7 4 9 10 3 12 13 14 15 5
182 176 6 1 8 2 5 11 6 7 4 9 10 3 12 13 14 15 0
186 179 7 1 8 2 5 11 6 7 4 9 10 0 12 13 14 15 3
182 175 7 1 8 0 2 11 6 7 4 9 10 3 12 13 14 15 5
183 176 7 1 0 8 2 11 6 7 4 9 10 3 12 13 14 15 5
180 173 7 1 8 2 4 11 6 7 12 9 10 0 3 13 14 15 5
182 174 8 1 8 2 4 11 6 7 12 9 0 10 3 13 14 15 5
182 174 8 1 8 2 4 11 6 7 12 9 10 15 3 13 14 0 5
182 175 7 1 8 2 4 11 6 7 12 9 10 15 3 13 14 5 0
186 178 8 1 8 2 4 11 6 7 12 9 10 0 3 13 14 5 15
187 179 8 1 8 2 4 11 6 7 12 9 10 3 0 13 14 5 15
187 180 7 1 8 2 4 11 6 7 12 9 10 3 15 13 14 5 0
187 180 7 1 8 2 4 11 6 7 0 9 10 3 12 13 14 5 15
189 181 8 1 8 2 4 11 6 0 7 9 10 3 12 13 14 5 15
190 182 8 1 8 2 4 11 6 3 7 9 10 0 12 13 14 5 15
191 183 8 1 8 2 4 11 6 3 7 9 10 5 12 13 14 0 15
190 184 6 1 8 2 4 11 6 3 7 9 10 5 12 13 14 15 0
195 187 8 0 8 2 4 11 6 3 7 9 10 5 12 13 14 15 1
196 188 8 8 0 2 4 11 6 3 7 9 10 5 12 13 14 15 1
196 189 7 8 2 0 4 11 6 3 7 9 10 5 12 13 14 15 1
196 190 6 8 2 3 4 11 6 0 7 9 10 5 12 13 14 15 1
196 191 5 8 2 3 4 11 6 7 0 9 10 5 12 13 14 15 1
198 192 6 8 2 3 4 11 6 7 12 9 10 5 0 13 14 15 1
198 193 5 8 2 3 4 11 6 7 12 9 10 5 1 13 14 15 0
202 196 6 8 2 3 4 11 6 7 12 9 10 0 1 13 14 15 5
203 197 6 8 2 3 4 11 6 7 12 9 10 1 0 13 14 15 5
203 198 5 8 2 3 4 11 6 7 12 9 10 1 5 13 14 15 0
203 198 5 8 2 3 4 11 6 7 0 9 10 1 12 13 14 15 5
205 199 6 8 2 3 4 11 6 0 7 9 10 1 12 13 14 15 5
206 200 6 8 2 3 4 11 6 1 7 9 10 0 12 13 14 15 5
205 199 6 8 2 3 0 11 6 7 4 9 10 1 12 13 14 15 5
206 201 5 8 2 3 5 11 6 7 4 9 10 1 12 13 14 15 0
210 204 6 8 2 3 5 11 6 7 4 9 10 0 12 13 14 15 1
210 204 6 0 2 3 5 11 6 7 4 9 10 1 12 13 14 15 8
212 206 6 5 2 3 0 11 6 7 4 9 10 1 12 13 14 15 8
213 208 5 5 2 3 8 11 6 7 4 9 10 1 12 13 14 15 0
212 207 5 5 2 3 4 11 6 7 0 9 10 1 12 13 14 15 8
214 208 6 5 2 3 4 11 6 0 7 9 10 1 12 13 14 15 8
215 209 6 5 2 3 4 11 6 1 7 9 10 0 12 13 14 15 8
214 208 6 5 2 3 4 11 6 7 12 9 10 1 0 13 14 15 8
214 209 5 5 2 3 4 11 6 7 12 9 10 1 8 13 14 15 0
218 212 6 5 2 3 4 11 6 7 12 9 10 0 8 13 14 15 1
219 213 6 5 2 3 4 11 6 7 12 9 10 8 0 13 14 15 1
219 214 5 5 2 3 4 11 6 7 12 9 10 8 1 13 14 15 0
219 214 5 5 2 3 4 11 6 7 0 9 10 8 12 13 14 15 1
221 215 6 5 2 3 4 11 6 0 7 9 10 8 12 13 14 15 1
222 216 6 5 2 3 4 11 6 8 7 9 10 0 12 13 14 15 1
221 215 6 5 2 3 0 11 6 7 4 9 10 8 12 13 14 15 1
222 217 5 5 2 3 1 11 6 7 4 9 10 8 12 13 14 15 0
226 220 6 5 2 3 1 11 6 7 4 9 10 0 12 13 14 15 8
226 220 6 0 2 3 1 11 6 7 4 9 10 8 12 13 14 15 5
227 222 5 1 2 3 0 11 6 7 4 9 10 8 12 13 14 15 5
228 224 4 1 2 3 5 11 6 7 4 9 10 8 12 13 14 15 0
227 223 4 1 2 3 4 11 6 7 0 9 10 8 12 13 14 15 5
229 224 5 1 2 3 4 11 6 0 7 9 10 8 12 13 14 15 5
230 225 5 1 2 3 4 11 6 8 7 9 10 0 12 13 14 15 5
229 224 5 1 2 3 4 11 6 7 12 9 10 8 0 13 14 15 5
229 225 4 1 2 3 4 11 6 7 12 9 10 8 5 13 14 15 0
233 228 5 1 2 3 4 11 6 7 12 9 10 0 5 13 14 15 8
234 229 5 1 2 3 4 11 6 7 12 9 10 5 0 13 14 15 8
234 230 4 1 2 3 4 11 6 7 12 9 10 5 8 13 14 15 0
234 230 4 1 2 3 4 11 6 7 0 9 10 5 12 13 14 15 8
236 231 5 1 2 3 4 11 6 0 7 9 10 5 12 13 14 15 8
237 232 5 1 2 3 4 11 6 5 7 9 10 0 12 13 14 15 8
236 231 5 1 2 3 0 11 6 7 4 9 10 5 12 13 14 15 8
237 233 4 1 2 3 8 11 6 7 4 9 10 5 12 13 14 15 0
241 236 5 1 2 3 8 11 6 7 4 9 10 0 12 13 14 15 5
230 225 5 1 2 3 4 11 6 7 12 9 10 0 8 13 14 15 5
232 227 5 1 2 3 5 11 6 7 4 9 10 0 12 13 14 15 8
234 228 6 1 2 3 5 11 6 7 4 9 10 12 0 13 14 15 8
234 229 5 1 2 3 5 11 6 7 4 9 10 12 8 13 14 15 0
238 232 6 1 2 3 5 11 6 7 4 9 10 0 8 13 14 15 12
237 231 6 1 2 3 0 11 6 7 4 9 10 12 8 13 14 15 5
237 232 5 1 2 3 4 11 6 7 0 9 10 12 8 13 14 15 5
237 233 4 1 2 3 4 11 6 7 8 9 10 12 0 13 14 15 5
237 234 3 1 2 3 4 11 6 7 8 9 10 0 12 13 14 15 5
237 234 3 1 2 3 4 11 6 7 8 9 10 12 5 13 14 15 0
241 237 4 1 2 3 4 11 6 7 8 9 10 0 5 13 14 15 12
242 238 4 1 2 3 4 11 6 7 8 9 10 5 0 13 14 15 12
241 239 2 1 2 3 4 11 6 7 8 9 10 5 12 13 14 15 0
246 242 4 0 2 3 4 11 6 7 8 9 10 5 12 13 14 15 1
247 243 4 11 2 3 4 0 6 7 8 9 10 5 12 13 14 15 1
245 241 4 1 2 3 0 11 6 7 8 9 10 5 12 13 14 15 4
245 241 4 1 2 3 4 11 6 7 8 9 10 5 12 0 14 15 13
244 240 4 1 2 3 4 11 6 7 8 9 10 5 12 13 14 0 15
245 241 4 1 2 3 4 11 6 7 8 9 10 0 12 13 14 5 15
239 235 4 1 2 3 4 11 6 7 8 9 0 10 12 13 14 15 5
239 235 4 1 2 3 4 11 6 7 8 9 10 15 12 13 14 0 5
239 236 3 1 2 3 4 11 6 7 8 9 10 15 12 13 14 5 0
239 235 4 1 2 3 4 11 6 0 8 9 10 7 12 13 14 15 5
241 236 5 1 2 3 4 11 6 8 0 9 10 7 12 13 14 15 5
241 236 5 1 2 3 4 11 0 6 8 9 10 7 12 13 14 15 5
242 237 5 1 2 3 4 0 11 6 8 9 10 7 12 13 14 15 5
241 236 5 1 2 0 4 11 6 3 8 9 10 7 12 13 14 15 5
244 239 5 0 2 3 4 11 6 7 8 9 10 15 12 13 14 5 1
245 240 5 11 2 3 4 0 6 7 8 9 10 15 12 13 14 5 1
243 238 5 1 2 3 4 11 6 0 8 9 10 7 5 13 14 15 12
243 238 5 1 2 3 4 11 6 7 8 9 0 10 5 13 14 15 12
243 238 5 1 2 3 4 11 6 7 8 9 10 15 5 13 14 0 12
243 239 4 1 2 3 4 11 6 7 8 9 10 15 5 13 14 12 0
247 242 5 1 2 3 4 11 6 7 8 9 10 0 5 13 14 12 15
248 243 5 1 2 3 4 11 6 7 8 9 10 5 0 13 14 12 15
248 244 4 1 2 3 4 11 6 7 8 9 10 5 15 13 14 12 0
252 247 5 1 2 3 4 11 6 7 8 9 10 0 15 13 14 12 5
253 248 5 1 2 3 4 11 6 7 8 9 10 12 15 13 14 0 5
253 249 4 1 2 3 4 11 6 7 8 9 10 12 15 13 14 5 0
257 252 5 1 2 3 4 11 6 7 8 9 10 0 15 13 14 5 12
250 245 5 1 2 3 4 11 6 7 8 9 10 5 15 13 14 0 12
245 240 5 1 2 3 4 11 6 7 8 9 10 15 0 13 14 12 5
249 244 5 1 2 3 7 11 6 0 8 9 10 5 12 13 14 15 4
250 245 5 1 2 3 7 11 6 5 8 9 10 0 12 13 14 15 4
249 244 5 1 2 3 13 11 6 7 8 9 10 5 12 0 14 15 4
250 246 4 1 2 3 13 11 6 7 8 9 10 5 12 4 14 15 0
254 249 5 1 2 3 13 11 6 7 8 9 10 0 12 4 14 15 5
248 243 5 0 2 3 1 11 6 7 8 9 10 5 12 13 14 15 4
250 246 4 4 2 3 1 11 6 7 8 9 10 5 12 13 14 15 0
254 249 5 4 2 3 1 11 6 7 8 9 10 0 12 13 14 15 5
249 244 5 11 2 3 1 0 6 7 8 9 10 5 12 13 14 15 4
247 242 5 1 2 3 4 11 6 7 8 0 10 5 12 9 14 15 13
248 243 5 1 2 3 4 0 6 7 8 11 10 5 12 9 14 15 13
242 237 5 0 2 3 4 11 6 7 8 9 10 12 5 13 14 15 1
243 238 5 11 2 3 4 0 6 7 8 9 10 12 5 13 14 15 1
247 242 5 1 2 3 4 11 6 7 8 9 10 12 0 13 14 5 15
241 236 5 1 2 3 0 11 6 7 8 9 10 12 5 13 14 15 4
241 236 5 1 2 3 4 11 6 7 8 9 10 12 5 0 14 15 13
241 236 5 1 2 3 4 11 6 7 8 9 10 15 12 13 0 14 5
241 236 5 1 2 3 4 11 6 7 8 9 14 10 12 13 0 15 5
241 236 5 1 2 3 4 11 6 7 8 0 9 10 12 13 14 15 5
242 237 5 1 2 3 4 0 6 7 8 11 9 10 12 13 14 15 5
249 244 5 11 2 3 4 9 6 7 8 0 10 5 12 13 14 15 1
243 238 5 1 2 3 0 11 6 7 8 9 10 15 12 13 14 5 4
247 242 5 1 2 0 3 11 6 7 8 9 10 5 12 13 14 15 4
240 235 5 1 2 3 4 11 6 7 8 9 10 12 5 13 14 0 15
243 238 5 1 2 3 4 11 6 7 8 9 10 15 12 0 14 5 13
248 243 5 0 2 3 4 11 6 7 8 9 10 5 12 1 14 15 13
250 246 4 13 2 3 4 11 6 7 8 9 10 5 12 1 14 15 0
254 249 5 13 2 3 4 11 6 7 8 9 10 0 12 1 14 15 5
249 244 5 11 2 3 4 0 6 7 8 9 10 5 12 1 14 15 13
247 242 5 1 2 3 8 11 6 7 0 9 10 5 12 13 14 15 4
249 244 5 11 2 3 4 6 0 7 8 9 10 5 12 13 14 15 1
250 245 5 6 2 3 4 11 0 7 8 9 10 5 12 13 14 15 1
251 246 5 6 2 3 4 0 11 7 8 9 10 5 12 13 14 15 1
249 244 5 1 2 3 4 11 6 7 8 9 0 5 12 10 14 15 13
250 245 5 1 2 3 4 11 6 7 8 9 5 0 12 10 14 15 13
247 242 5 1 2 3 4 11 6 7 8 9 10 5 12 14 0 15 13
247 242 5 1 2 3 4 11 6 7 8 9 0 10 12 13 14 5 15
241 236 5 1 2 3 4 11 0 7 8 9 6 10 12 13 14 15 5
242 237 5 1 2 3 4 0 11 7 8 9 6 10 12 13 14 15 5
249 244 5 1 2 3 0 11 6 7 8 9 10 5 12 4 14 15 13
247 242 5 1 2 3 4 11 6 0 8 9 10 7 12 13 14 5 15
242 237 5 1 2 3 4 11 6 7 8 9 10 15 0 13 14 5 12
246 241 5 1 2 3 4 11 6 7 8 9 10 5 12 13 0 14 15
244 239 5 1 2 3 4 11 6 7 0 9 10 5 8 13 14 15 12
249 244 5 4 2 3 0 11 6 7 8 9 10 5 12 13 14 15 1
249 244 5 13 2 3 4 11 6 7 8 9 10 5 12 0 14 15 1
248 243 5 2 0 3 4 11 6 7 8 9 10 5 12 13 14 15 1
250 244 6 2 3 0 4 11 6 7 8 9 10 5 12 13 14 15 1
250 244 6 2 6 3 4 11 0 7 8 9 10 5 12 13 14 15 1
251 245 6 2 6 3 4 0 11 7 8 9 10 5 12 13 14 15 1
232 226 6 1 2 3 4 11 6 7 12 9 10 15 8 13 14 0 5
232 227 5 1 2 3 4 11 6 7 12 9 10 15 8 13 14 5 0
236 230 6 1 2 3 4 11 6 7 12 9 10 0 8 13 14 5 15
237 231 6 1 2 3 4 11 6 7 12 9 10 8 0 13 14 5 15
237 232 5 1 2 3 4 11 6 7 12 9 10 8 15 13 14 5 0
237 232 5 1 2 3 4 11 6 7 0 9 10 8 12 13 14 5 15
239 233 6 1 2 3 4 11 6 0 7 9 10 8 12 13 14 5 15
240 234 6 1 2 3 4 11 6 8 7 9 10 0 12 13 14 5 15
241 235 6 1 2 3 4 11 6 8 7 9 10 5 12 13 14 0 15
240 236 4 1 2 3 4 11 6 8 7 9 10 5 12 13 14 15 0
245 239 6 0 2 3 4 11 6 8 7 9 10 5 12 13 14 15 1
246 240 6 11 2 3 4 0 6 8 7 9 10 5 12 13 14 15 1
244 238 6 1 2 3 0 11 6 8 7 9 10 5 12 13 14 15 4
243 237 6 1 2 3 0 11 6 8 4 9 10 7 12 13 14 15 5
244 239 5 1 2 3 5 11 6 8 4 9 10 7 12 13 14 15 0
248 242 6 1 2 3 5 11 6 8 4 9 10 0 12 13 14 15 7
249 243 6 1 2 3 5 11 6 0 4 9 10 8 12 13 14 15 7
250 244 6 1 2 3 5 11 6 4 0 9 10 8 12 13 14 15 7
251 245 6 1 2 3 0 11 6 4 5 9 10 8 12 13 14 15 7
253 248 5 1 2 3 4 11 6 0 5 9 10 8 12 13 14 15 7
254 249 5 1 2 3 4 11 6 5 0 9 10 8 12 13 14 15 7
254 249 5 1 2 3 4 11 6 8 5 9 10 0 12 13 14 15 7
252 247 5 1 2 3 7 11 6 4 5 9 10 8 12 13 14 15 0
256 250 6 1 2 3 7 11 6 4 5 9 10 0 12 13 14 15 8
257 251 6 1 2 3 7 11 6 0 5 9 10 4 12 13 14 15 8
258 252 6 1 2 3 7 11 6 5 0 9 10 4 12 13 14 15 8
259 253 6 1 2 3 0 11 6 5 7 9 10 4 12 13 14 15 8
260 255 5 1 2 3 8 11 6 5 7 9 10 4 12 13 14 15 0
264 258 6 1 2 3 8 11 6 5 7 9 10 0 12 13 14 15 4
262 256 6 1 2 3 5 11 6 0 7 9 10 4 12 13 14 15 8
262 257 5 1 2 3 5 11 6 7 0 9 10 4 12 13 14 15 8
263 258 5 1 2 3 0 11 6 7 5 9 10 4 12 13 14 15 8
264 260 4 1 2 3 8 11 6 7 5 9 10 4 12 13 14 15 0
268 263 5 1 2 3 8 11 6 7 5 9 10 0 12 13 14 15 4
270 264 6 1 2 3 8 11 6 7 5 9 10 12 0 13 14 15 4
270 265 5 1 2 3 8 11 6 7 5 9 10 12 4 13 14 15 0
274 268 6 1 2 3 8 11 6 7 5 9 10 0 4 13 14 15 12
249 243 6 1 2 3 4 11 6 0 8 9 10 7 5 13 14 12 15
252 246 6 1 2 3 4 11 6 7 8 9 10 5 15 0 14 12 13
250 244 6 1 2 3 4 11 6 7 0 9 10 5 8 13 14 12 15
253 247 6 0 2 3 4 11 6 7 8 9 10 5 15 13 14 12 1
254 248 6 11 2 3 4 0 6 7 8 9 10 5 15 13 14 12 1
254 248 6 1 2 3 4 11 6 7 8 9 0 10 15 13 14 12 5
257 251 6 1 2 3 0 11 6 7 8 9 10 12 15 13 14 5 4
257 251 6 1 2 3 4 11 6 7 8 9 10 12 15 0 14 5 13
259 253 6 1 2 3 4 11 6 0 8 9 10 7 15 13 14 5 12
245 239 6 1 2 3 7 11 6 8 0 9 10 5 12 13 14 15 4
252 246 6 1 2 3 4 11 6 7 8 9 10 5 15 13 0 14 12
259 253 6 1 2 3 4 11 6 7 8 9 0 10 15 13 14 5 12
251 245 6 1 2 3 7 11 0 6 8 9 10 5 12 13 14 15 4
252 246 6 1 2 3 7 0 11 6 8 9 10 5 12 13 14 15 4
251 245 6 1 2 3 13 11 6 7 8 9 10 5 12 14 0 15 4
252 246 6 1 2 3 7 11 6 5 8 9 0 10 12 13 14 15 4
252 246 6 1 2 3 7 11 6 5 8 9 10 15 12 13 14 0 4
252 247 5 1 2 3 7 11 6 5 8 9 10 15 12 13 14 4 0
256 250 6 1 2 3 7 11 6 5 8 9 10 0 12 13 14 4 15
257 251 6 1 2 3 7 11 6 5 8 9 10 4 12 13 14 0 15
256 252 4 1 2 3 7 11 6 5 8 9 10 4 12 13 14 15 0
259 254 5 1 2 3 0 11 6 5 8 9 10 4 12 13 14 15 7
262 257 5 1 2 3 5 11 6 0 8 9 10 4 12 13 14 15 7
263 258 5 1 2 3 5 11 6 4 8 9 10 0 12 13 14 15 7
265 259 6 1 2 3 5 11 6 4 8 9 10 12 0 13 14 15 7
265 260 5 1 2 3 5 11 6 4 8 9 10 12 7 13 14 15 0
269 263 6 1 2 3 5 11 6 4 8 9 10 0 7 13 14 15 12
270 264 6 1 2 3 5 11 6 4 8 9 10 7 0 13 14 15 12
269 265 4 1 2 3 5 11 6 4 8 9 10 7 12 13 14 15 0
272 267 5 1 2 3 0 11 6 4 8 9 10 7 12 13 14 15 5
276 270 6 1 2 3 13 11 6 4 8 9 10 7 12 0 14 15 5
277 272 5 1 2 3 13 11 6 4 8 9 10 7 12 5 14 15 0
281 275 6 1 2 3 13 11 6 4 8 9 10 0 12 5 14 15 7
282 276 6 1 2 3 13 11 6 0 8 9 10 4 12 5 14 15 7
254 248 6 4 2 3 1 11 6 7 8 9 10 5 12 0 14 15 13
253 247 6 4 2 3 1 11 6 7 8 9 10 5 0 13 14 15 12
254 248 6 4 2 3 1 11 6 7 8 9 10 0 5 13 14 15 12
252 246 6 6 0 3 4 11 2 7 8 9 10 5 12 13 14 15 1
253 247 6 0 6 3 4 11 2 7 8 9 10 5 12 13 14 15 1
254 250 4 1 6 3 4 11 2 7 8 9 10 5 12 13 14 15 0
258 253 5 1 6 3 4 11 2 7 8 9 10 0 12 13 14 15 5
260 254 6 1 6 3 4 11 2 7 8 9 10 12 0 13 14 15 5
260 255 5 1 6 3 4 11 2 7 8 9 10 12 5 13 14 15 0
264 258 6 1 6 3 4 11 2 7 8 9 10 0 5 13 14 15 12
246 240 6 6 2 3 4 11 0 7 8 9 10 12 5 13 14 15 1
247 241 6 6 2 3 4 0 11 7 8 9 10 12 5 13 14 15 1
252 246 6 1 2 3 4 11 6 0 8 9 5 7 12 10 14 15 13
244 238 6 0 2 3 4 11 6 7 8 9 10 12 5 1 14 15 13
246 241 5 13 2 3 4 11 6 7 8 9 10 12 5 1 14 15 0
250 244 6 13 2 3 4 11 6 7 8 9 10 0 5 1 14 15 12
243 237 6 1 2 3 8 11 6 7 0 9 10 12 5 13 14 15 4
249 243 6 1 2 3 4 11 6 7 0 9 10 12 8 13 14 5 15
243 237 6 1 2 3 4 11 6 7 8 9 10 12 5 14 0 15 13
245 239 6 1 2 3 13 11 6 7 8 9 10 12 5 0 14 15 4
246 241 5 1 2 3 13 11 6 7 8 9 10 12 5 4 14 15 0
250 244 6 1 2 3 13 11 6 7 8 9 10 0 5 4 14 15 12
245 239 6 1 2 3 7 11 6 0 8 9 10 12 5 13 14 15 4
246 240 6 1 2 3 7 11 6 12 8 9 10 0 5 13 14 15 4
247 241 6 1 2 3 7 11 6 12 8 9 10 5 0 13 14 15 4
247 242 5 1 2 3 7 11 6 12 8 9 10 5 4 13 14 15 0
251 245 6 1 2 3 7 11 6 12 8 9 10 0 4 13 14 15 5
252 246 6 1 2 3 7 11 6 12 8 9 10 4 0 13 14 15 5
252 247 5 1 2 3 7 11 6 12 8 9 10 4 5 13 14 15 0
255 249 6 1 2 3 0 11 6 12 8 9 10 4 5 13 14 15 7
258 252 6 1 2 3 12 11 6 0 8 9 10 4 5 13 14 15 7
259 253 6 1 2 3 12 11 6 4 8 9 10 0 5 13 14 15 7
260 254 6 1 2 3 12 11 6 4 8 9 10 5 0 13 14 15 7
260 255 5 1 2 3 12 11 6 4 8 9 10 5 7 13 14 15 0
264 258 6 1 2 3 12 11 6 4 8 9 10 0 7 13 14 15 5
265 259 6 1 2 3 12 11 6 4 8 9 10 7 0 13 14 15 5
265 260 5 1 2 3 12 11 6 4 8 9 10 7 5 13 14 15 0
268 262 6 1 2 3 0 11 6 4 8 9 10 7 5 13 14 15 12
249 243 6 1 2 7 3 11 6 0 8 9 10 5 12 13 14 15 4
250 244 6 1 2 7 3 11 6 5 8 9 10 0 12 13 14 15 4
246 240 6 0 2 3 4 11 6 7 8 9 10 15 12 1 14 5 13
248 243 5 13 2 3 4 11 6 7 8 9 10 15 12 1 14 5 0
252 246 6 13 2 3 4 11 6 7 8 9 10 0 12 1 14 5 15
232 226 6 1 2 3 4 11 6 8 7 9 10 15 12 13 14 0 5
232 227 5 1 2 3 4 11 6 8 7 9 10 15 12 13 14 5 0
245 239 6 1 2 3 4 11 6 7 8 0 10 15 12 9 14 5 13
246 240 6 1 2 3 4 0 6 7 8 11 10 15 12 9 14 5 13
252 246 6 6 2 3 4 11 0 7 8 9 10 5 12 1 14 15 13
253 247 6 6 2 3 4 0 11 7 8 9 10 5 12 1 14 15 13
251 245 6 4 2 3 0 11 6 7 8 9 10 5 12 1 14 15 13
252 247 5 4 2 3 13 11 6 7 8 9 10 5 12 1 14 15 0
256 250 6 4 2 3 13 11 6 7 8 9 10 0 12 1 14 15 5
235 229 6 1 2 3 4 11 6 0 12 9 10 7 5 13 14 15 8
236 230 6 1 2 3 4 11 6 12 0 9 10 7 5 13 14 15 8
237 231 6 1 2 3 4 11 6 12 5 9 10 7 0 13 14 15 8
237 232 5 1 2 3 4 11 6 12 5 9 10 7 8 13 14 15 0
241 235 6 1 2 3 4 11 6 12 5 9 10 0 8 13 14 15 7
242 236 6 1 2 3 4 11 6 12 5 9 10 8 0 13 14 15 7
242 237 5 1 2 3 4 11 6 12 5 9 10 8 7 13 14 15 0
233 227 6 1 2 3 4 11 6 7 12 9 10 8 5 0 14 15 13
256 250 6 13 2 3 4 11 6 0 8 9 10 7 12 1 14 15 5
251 245 6 1 2 3 4 11 6 7 8 9 14 5 12 10 0 15 13
252 246 6 1 2 3 4 11 6 7 8 9 14 5 12 0 10 15 13
252 248 4 1 2 3 4 11 6 7 8 9 14 5 12 13 10 15 0
256 251 5 1 2 3 4 11 6 7 8 9 14 0 12 13 10 15 5
257 252 5 1 2 3 4 11 6 7 8 9 0 14 12 13 10 15 5
257 253 4 1 2 3 4 11 6 7 8 9 10 14 12 13 0 15 5
259 254 5 1 2 3 4 11 6 7 8 9 10 14 12 13 15 0 5
259 255 4 1 2 3 4 11 6 7 8 9 10 14 12 13 15 5 0
263 258 5 1 2 3 4 11 6 7 8 9 10 0 12 13 15 5 14
264 259 5 1 2 3 4 11 6 7 8 9 10 5 12 13 15 0 14
264 260 4 1 2 3 4 11 6 7 8 9 10 5 12 13 15 14 0
264 260 4 1 2 3 4 11 6 7 8 9 10 5 12 13 0 15 14
266 261 5 1 2 3 4 11 6 7 8 9 10 5 12 0 13 15 14
267 263 4 1 2 3 4 11 6 7 8 9 10 5 12 14 13 15 0
271 266 5 1 2 3 4 11 6 7 8 9 10 0 12 14 13 15 5
266 261 5 1 2 3 4 11 6 7 8 9 0 5 12 13 10 15 14
267 262 5 1 2 3 4 11 6 7 8 9 5 0 12 13 10 15 14
260 255 5 1 2 3 4 11 6 7 8 9 10 0 12 13 15 14 5
259 254 5 1 2 3 4 11 6 7 8 9 10 14 12 0 13 15 5
260 256 4 1 2 3 4 11 6 7 8 9 10 14 12 5 13 15 0
264 259 5 1 2 3 4 11 6 7 8 9 10 0 12 5 13 15 14
266 260 6 1 2 3 4 11 6 7 8 9 10 12 0 5 13 15 14
266 261 5 1 2 3 4 11 6 7 8 9 10 12 14 5 13 15 0
270 264 6 1 2 3 4 11 6 7 8 9 10 0 14 5 13 15 12
269 263 6 1 2 3 4 11 6 7 8 9 10 12 14 0 13 15 5
269 264 5 1 2 3 4 11 6 7 8 9 10 12 14 13 0 15 5
271 265 6 1 2 3 4 11 6 7 8 9 10 12 14 13 15 0 5
271 266 5 1 2 3 4 11 6 7 8 9 10 12 14 13 15 5 0
275 269 6 1 2 3 4 11 6 7 8 9 10 0 14 13 15 5 12
276 270 6 1 2 3 4 11 6 7 8 9 10 5 14 13 15 0 12
276 271 5 1 2 3 4 11 6 7 8 9 10 5 14 13 15 12 0
276 271 5 1 2 3 4 11 6 7 8 9 10 5 14 13 0 15 12
278 272 6 1 2 3 4 11 6 7 8 9 10 5 14 0 13 15 12
279 274 5 1 2 3 4 11 6 7 8 9 10 5 14 12 13 15 0
283 277 6 1 2 3 4 11 6 7 8 9 10 0 14 12 13 15 5
284 278 6 1 2 3 4 11 6 7 8 9 10 14 0 12 13 15 5
284 279 5 1 2 3 4 11 6 7 8 9 10 14 5 12 13 15 0
288 282 6 1 2 3 4 11 6 7 8 9 10 0 5 12 13 15 14
287 281 6 1 2 3 4 11 6 7 8 9 10 14 5 0 13 15 12
287 282 5 1 2 3 4 11 6 7 8 9 10 14 5 13 0 15 12
289 283 6 1 2 3 4 11 6 7 8 9 10 14 5 13 15 0 12
289 284 5 1 2 3 4 11 6 7 8 9 10 14 5 13 15 12 0
293 287 6 1 2 3 4 11 6 7 8 9 10 0 5 13 15 12 14
294 288 6 1 2 3 4 11 6 7 8 9 10 12 5 13 15 0 14
294 289 5 1 2 3 4 11 6 7 8 9 10 12 5 13 15 14 0
294 289 5 1 2 3 4 11 6 7 8 9 10 12 5 13 0 15 14
296 290 6 1 2 3 4 11 6 7 8 9 10 12 5 0 13 15 14
297 292 5 1 2 3 4 11 6 7 8 9 10 12 5 14 13 15 0
301 295 6 1 2 3 4 11 6 7 8 9 10 0 5 14 13 15 12
296 290 6 1 2 3 4 11 6 7 8 9 0 12 5 13 10 15 14
297 291 6 1 2 3 4 11 6 7 8 9 12 0 5 13 10 15 14
298 292 6 1 2 3 4 11 6 7 8 9 12 5 0 13 10 15 14
298 293 5 1 2 3 4 11 6 7 8 9 12 5 14 13 10 15 0
302 296 6 1 2 3 4 11 6 7 8 9 12 0 14 13 10 15 5
303 297 6 1 2 3 4 11 6 7 8 9 12 14 0 13 10 15 5
303 298 5 1 2 3 4 11 6 7 8 9 12 14 5 13 10 15 0
291 285 6 1 2 3 4 11 6 7 8 9 10 14 0 13 15 12 5
273 267 6 1 2 3 4 11 6 7 8 9 0 10 12 14 13 15 5
274 268 6 1 2 3 4 11 6 7 8 9 13 10 12 14 0 15 5
274 269 5 1 2 3 4 11 6 7 8 9 13 10 12 0 14 15 5
275 271 4 1 2 3 4 11 6 7 8 9 13 10 12 5 14 15 0
279 274 5 1 2 3 4 11 6 7 8 9 13 0 12 5 14 15 10
280 275 5 1 2 3 4 11 6 7 8 9 0 13 12 5 14 15 10
282 276 6 1 2 3 4 11 6 7 8 0 9 13 12 5 14 15 10
283 277 6 1 2 3 4 11 6 7 8 5 9 13 12 0 14 15 10
284 279 5 1 2 3 4 11 6 7 8 5 9 13 12 10 14 15 0
288 282 6 1 2 3 4 11 6 7 8 5 9 0 12 10 14 15 13
289 283 6 1 2 3 4 11 6 7 8 5 0 9 12 10 14 15 13
290 284 6 1 2 3 4 11 6 7 8 0 5 9 12 10 14 15 13
291 285 6 1 2 3 4 11 6 7 8 10 5 9 12 0 14 15 13
291 287 4 1 2 3 4 11 6 7 8 10 5 9 12 13 14 15 0
295 290 5 1 2 3 4 11 6 7 8 10 5 0 12 13 14 15 9
296 291 5 1 2 3 4 11 6 7 8 10 0 5 12 13 14 15 9
296 292 4 1 2 3 4 11 6 7 8 0 10 5 12 13 14 15 9
297 293 4 1 2 3 4 0 6 7 8 11 10 5 12 13 14 15 9
299 294 5 1 2 3 4 6 0 7 8 11 10 5 12 13 14 15 9
298 293 5 1 2 3 4 11 6 7 8 13 10 5 12 0 14 15 9
299 295 4 1 2 3 4 11 6 7 8 13 10 5 12 9 14 15 0
303 298 5 1 2 3 4 11 6 7 8 13 10 0 12 9 14 15 5
305 299 6 1 2 3 4 11 6 7 8 13 10 12 0 9 14 15 5
305 300 5 1 2 3 4 11 6 7 8 13 10 12 5 9 14 15 0
309 303 6 1 2 3 4 11 6 7 8 13 10 0 5 9 14 15 12
308 302 6 1 2 3 4 11 6 7 8 13 10 12 5 0 14 15 9
308 303 5 1 2 3 4 11 6 7 8 0 10 12 5 13 14 15 9
309 304 5 1 2 3 4 0 6 7 8 11 10 12 5 13 14 15 9
311 305 6 1 2 3 4 6 0 7 8 11 10 12 5 13 14 15 9
310 304 6 1 2 3 4 11 6 7 8 10 0 12 5 13 14 15 9
311 305 6 1 2 3 4 11 6 7 8 10 12 0 5 13 14 15 9
312 306 6 1 2 3 4 11 6 7 8 10 12 5 0 13 14 15 9
312 307 5 1 2 3 4 11 6 7 8 10 12 5 9 13 14 15 0
316 310 6 1 2 3 4 11 6 7 8 10 12 0 9 13 14 15 5
317 311 6 1 2 3 4 11 6 7 8 10 12 9 0 13 14 15 5
317 312 5 1 2 3 4 11 6 7 8 10 12 9 5 13 14 15 0
317 311 6 1 2 3 4 11 6 7 8 10 0 12 9 13 14 15 5
317 312 5 1 2 3 4 11 6 7 8 0 10 12 9 13 14 15 5
318 313 5 1 2 3 4 0 6 7 8 11 10 12 9 13 14 15 5
320 314 6 1 2 3 4 6 0 7 8 11 10 12 9 13 14 15 5
319 313 6 1 2 3 4 11 6 7 8 13 10 12 9 0 14 15 5
320 315 5 1 2 3 4 11 6 7 8 13 10 12 9 5 14 15 0
324 318 6 1 2 3 4 11 6 7 8 13 10 0 9 5 14 15 12
325 319 6 1 2 3 4 11 6 7 8 13 10 9 0 5 14 15 12
324 320 4 1 2 3 4 11 6 7 8 13 10 9 12 5 14 15 0
328 323 5 1 2 3 4 11 6 7 8 13 10 0 12 5 14 15 9
327 322 5 1 2 3 4 11 6 7 8 13 10 9 12 0 14 15 5
327 323 4 1 2 3 4 11 6 7 8 0 10 9 12 13 14 15 5
328 324 4 1 2 3 4 0 6 7 8 11 10 9 12 13 14 15 5
330 325 5 1 2 3 4 6 0 7 8 11 10 9 12 13 14 15 5
329 324 5 1 2 3 4 11 6 7 8 10 0 9 12 13 14 15 5
330 325 5 1 2 3 4 11 6 7 8 10 9 0 12 13 14 15 5
332 326 6 1 2 3 4 11 6 7 8 10 9 12 0 13 14 15 5
332 327 5 1 2 3 4 11 6 7 8 10 9 12 5 13 14 15 0
336 330 6 1 2 3 4 11 6 7 8 10 9 0 5 13 14 15 12
337 331 6 1 2 3 4 11 6 7 8 10 9 5 0 13 14 15 12
336 332 4 1 2 3 4 11 6 7 8 10 9 5 12 13 14 15 0
341 335 6 0 2 3 4 11 6 7 8 10 9 5 12 13 14 15 1
342 336 6 11 2 3 4 0 6 7 8 10 9 5 12 13 14 15 1
343 337 6 11 2 3 4 10 6 7 8 0 9 5 12 13 14 15 1
343 338 5 11 2 3 4 10 6 7 8 9 0 5 12 13 14 15 1
344 339 5 11 2 3 4 10 6 7 8 9 5 0 12 13 14 15 1
346 340 6 11 2 3 4 10 6 7 8 9 5 12 0 13 14 15 1
346 341 5 11 2 3 4 10 6 7 8 9 5 12 1 13 14 15 0
350 344 6 11 2 3 4 10 6 7 8 9 5 0 1 13 14 15 12
351 345 6 11 2 3 4 10 6 7 8 9 5 1 0 13 14 15 12
350 346 4 11 2 3 4 10 6 7 8 9 5 1 12 13 14 15 0
354 349 5 0 2 3 4 10 6 7 8 9 5 1 12 13 14 15 11
355 350 5 10 2 3 4 0 6 7 8 9 5 1 12 13 14 15 11
357 351 6 10 2 3 4 6 0 7 8 9 5 1 12 13 14 15 11
358 352 6 10 2 3 4 6 5 7 8 9 0 1 12 13 14 15 11
359 353 6 10 2 3 4 6 5 7 8 9 1 0 12 13 14 15 11
353 347 6 11 2 3 4 10 6 7 8 9 5 1 12 13 14 0 15
354 348 6 11 2 3 4 10 6 7 8 9 5 0 12 13 14 1 15
355 349 6 11 2 3 4 10 6 7 8 9 0 5 12 13 14 1 15
268 262 6 1 2 3 4 11 6 7 8 0 10 5 12 9 13 15 14
269 263 6 1 2 3 4 0 6 7 8 11 10 5 12 9 13 15 14
297 291 6 1 2 3 4 11 6 7 8 10 5 15 12 13 14 0 9
297 292 5 1 2 3 4 11 6 7 8 10 5 15 12 13 14 9 0
301 295 6 1 2 3 4 11 6 7 8 10 5 0 12 13 14 9 15
302 296 6 1 2 3 4 11 6 7 8 10 0 5 12 13 14 9 15
302 297 5 1 2 3 4 11 6 7 8 0 10 5 12 13 14 9 15
303 298 5 1 2 3 4 0 6 7 8 11 10 5 12 13 14 9 15
305 299 6 1 2 3 4 6 0 7 8 11 10 5 12 13 14 9 15
304 298 6 1 2 3 4 11 6 7 8 13 10 5 12 0 14 9 15
305 300 5 1 2 3 4 11 6 7 8 13 10 5 12 15 14 9 0
309 303 6 1 2 3 4 11 6 7 8 13 10 0 12 15 14 9 5
310 304 6 1 2 3 4 11 6 7 8 13 10 9 12 15 14 0 5
310 305 5 1 2 3 4 11 6 7 8 13 10 9 12 15 14 5 0
314 308 6 1 2 3 4 11 6 7 8 13 10 0 12 15 14 5 9
313 307 6 1 2 3 4 11 6 7 8 13 10 9 12 0 14 5 15
313 308 5 1 2 3 4 11 6 7 8 0 10 9 12 13 14 5 15
314 309 5 1 2 3 4 0 6 7 8 11 10 9 12 13 14 5 15
316 310 6 1 2 3 4 6 0 7 8 11 10 9 12 13 14 5 15
243 237 6 1 0 3 4 11 2 7 8 9 6 10 12 13 14 15 5
249 243 6 1 2 3 4 11 6 7 8 9 14 10 12 13 0 5 15
250 244 6 1 2 3 4 11 6 7 8 9 14 10 12 13 5 0 15
249 245 4 1 2 3 4 11 6 7 8 9 14 10 12 13 5 15 0
253 248 5 1 2 3 4 11 6 7 8 9 14 0 12 13 5 15 10
254 249 5 1 2 3 4 11 6 7 8 9 0 14 12 13 5 15 10
255 250 5 1 2 3 4 11 6 7 8 9 5 14 12 13 0 15 10
257 251 6 1 2 3 4 11 6 7 8 9 5 14 12 13 15 0 10
257 252 5 1 2 3 4 11 6 7 8 9 5 14 12 13 15 10 0
261 255 6 1 2 3 4 11 6 7 8 9 5 0 12 13 15 10 14
262 256 6 1 2 3 4 11 6 7 8 9 0 5 12 13 15 10 14
263 257 6 1 2 3 4 11 6 7 8 9 15 5 12 13 0 10 14
264 258 6 1 2 3 4 11 6 7 8 9 15 5 12 13 10 0 14
264 259 5 1 2 3 4 11 6 7 8 9 15 5 12 13 10 14 0
268 262 6 1 2 3 4 11 6 7 8 9 15 0 12 13 10 14 5
269 263 6 1 2 3 4 11 6 7 8 9 15 14 12 13 10 0 5
269 264 5 1 2 3 4 11 6 7 8 9 15 14 12 13 10 5 0
270 264 6 1 2 3 4 11 6 7 8 9 15 14 12 13 0 10 5
271 265 6 1 2 3 4 11 6 7 8 9 0 14 12 13 15 10 5
272 266 6 1 2 3 4 11 6 7 8 9 14 0 12 13 15 10 5
302 296 6 1 2 3 4 11 6 7 8 13 0 5 12 10 14 15 9
303 297 6 1 2 3 4 11 6 7 8 13 5 0 12 10 14 15 9
303 297 6 1 2 3 4 11 6 7 8 0 13 5 12 10 14 15 9
304 298 6 1 2 3 4 11 6 7 8 10 13 5 12 0 14 15 9
305 300 5 1 2 3 4 11 6 7 8 10 13 5 12 9 14 15 0
309 303 6 1 2 3 4 11 6 7 8 10 13 0 12 9 14 15 5
310 304 6 1 2 3 4 11 6 7 8 10 0 13 12 9 14 15 5
310 305 5 1 2 3 4 11 6 7 8 0 10 13 12 9 14 15 5
310 306 4 1 2 3 4 11 6 7 8 9 10 13 12 0 14 15 5
311 308 3 1 2 3 4 11 6 7 8 9 10 13 12 5 14 15 0
315 311 4 1 2 3 4 11 6 7 8 9 10 0 12 5 14 15 13
317 312 5 1 2 3 4 11 6 7 8 9 10 12 0 5 14 15 13
317 313 4 1 2 3 4 11 6 7 8 9 10 12 13 5 14 15 0
321 316 5 1 2 3 4 11 6 7 8 9 10 0 13 5 14 15 12
320 315 5 1 2 3 4 11 6 7 8 9 10 12 13 0 14 15 5
317 312 5 1 2 3 4 11 6 7 8 9 0 10 12 5 14 15 13
313 308 5 0 2 3 4 11 6 7 8 9 10 13 12 1 14 15 5
315 311 4 5 2 3 4 11 6 7 8 9 10 13 12 1 14 15 0
319 314 5 5 2 3 4 11 6 7 8 9 10 0 12 1 14 15 13
318 313 5 5 2 3 4 11 6 7 8 9 10 13 12 0 14 15 1
314 309 5 11 2 3 4 0 6 7 8 9 10 13 12 1 14 15 5
312 307 5 1 2 3 4 11 6 7 8 9 10 13 12 14 0 15 5
311 306 5 1 2 3 4 0 6 7 8 11 10 13 12 9 14 15 5
317 312 5 1 2 3 4 11 6 7 8 9 10 15 12 5 14 0 13
317 313 4 1 2 3 4 11 6 7 8 9 10 15 12 5 14 13 0
321 316 5 1 2 3 4 11 6 7 8 9 10 0 12 5 14 13 15
320 315 5 1 2 3 4 11 6 7 8 9 10 15 12 0 14 13 5
314 309 5 1 2 3 4 11 6 7 8 9 10 13 0 5 14 15 12
314 309 5 1 2 3 4 11 6 7 8 9 10 13 12 5 14 0 15
316 311 5 0 2 3 4 11 6 7 8 9 10 13 12 5 14 15 1
317 312 5 11 2 3 4 0 6 7 8 9 10 13 12 5 14 15 1
315 310 5 1 2 3 0 11 6 7 8 9 10 13 12 5 14 15 4
318 313 5 1 2 3 5 11 6 7 8 9 10 13 12 0 14 15 4
319 315 4 1 2 3 5 11 6 7 8 9 10 13 12 4 14 15 0
323 318 5 1 2 3 5 11 6 7 8 9 10 0 12 4 14 15 13
314 309 5 1 2 3 0 11 6 7 8 9 10 13 12 4 14 15 5
317 312 5 1 2 3 4 11 6 0 8 9 10 7 12 5 14 15 13
314 309 5 1 2 3 4 11 6 7 8 9 0 13 12 10 14 15 5
315 310 5 1 2 3 4 11 6 7 8 9 13 0 12 10 14 15 5
317 311 6 1 2 3 4 11 6 7 8 9 13 12 0 10 14 15 5
317 312 5 1 2 3 4 11 6 7 8 9 13 12 5 10 14 15 0
321 315 6 1 2 3 4 11 6 7 8 9 13 0 5 10 14 15 12
322 316 6 1 2 3 4 11 6 7 8 9 13 5 0 10 14 15 12
321 317 4 1 2 3 4 11 6 7 8 9 13 5 12 10 14 15 0
324 319 5 1 2 3 4 11 6 7 8 9 13 5 12 0 14 15 10
326 322 4 1 2 3 4 11 6 7 8 9 0 5 12 13 14 15 10
327 323 4 1 2 3 4 11 6 7 8 9 5 0 12 13 14 15 10
329 324 5 1 2 3 4 11 6 7 8 9 5 12 0 13 14 15 10
329 325 4 1 2 3 4 11 6 7 8 9 5 12 10 13 14 15 0
333 328 5 1 2 3 4 11 6 7 8 9 5 0 10 13 14 15 12
334 329 5 1 2 3 4 11 6 7 8 9 5 10 0 13 14 15 12
333 330 3 1 2 3 4 11 6 7 8 9 5 10 12 13 14 15 0
338 333 5 0 2 3 4 11 6 7 8 9 5 10 12 13 14 15 1
339 334 5 11 2 3 4 0 6 7 8 9 5 10 12 13 14 15 1
337 332 5 1 2 3 0 11 6 7 8 9 5 10 12 13 14 15 4
337 332 5 1 2 3 4 11 6 7 8 9 5 10 12 0 14 15 13
336 331 5 1 2 3 4 11 6 7 8 9 5 10 12 13 14 0 15
337 332 5 1 2 3 4 11 6 7 8 9 5 0 12 13 14 10 15
338 333 5 1 2 3 4 11 6 7 8 9 0 5 12 13 14 10 15
334 329 5 1 2 3 4 11 6 7 8 9 0 5 10 13 14 15 12
329 324 5 1 2 3 4 11 6 7 8 9 5 15 12 13 14 0 10
329 325 4 1 2 3 4 11 6 7 8 9 5 15 12 13 14 10 0
329 324 5 1 2 3 4 11 6 0 8 9 5 7 12 13 14 15 10
328 323 5 1 2 3 4 11 0 7 8 9 6 5 12 13 14 15 10
329 324 5 1 2 3 4 0 11 7 8 9 6 5 12 13 14 15 10
328 323 5 1 2 3 4 11 6 7 8 0 9 5 12 13 14 15 10
329 324 5 1 2 3 4 0 6 7 8 11 9 5 12 13 14 15 10
328 323 5 1 2 3 4 11 6 7 8 9 14 5 12 13 0 15 10
330 324 6 1 2 3 4 11 6 7 8 9 14 5 12 13 15 0 10
330 325 5 1 2 3 4 11 6 7 8 9 14 5 12 13 15 10 0
281 275 6 1 2 3 4 11 6 7 8 9 13 12 0 5 14 15 10
281 276 5 1 2 3 4 11 6 7 8 9 13 12 10 5 14 15 0
285 279 6 1 2 3 4 11 6 7 8 9 13 0 10 5 14 15 12
286 280 6 1 2 3 4 11 6 7 8 9 0 13 10 5 14 15 12
263 257 6 1 2 3 4 11 6 7 8 9 10 14 12 5 13 0 15
264 258 6 1 2 3 4 11 6 7 8 9 10 14 12 5 0 13 15
265 259 6 1 2 3 4 11 6 7 8 9 10 14 12 0 5 13 15
266 261 5 1 2 3 4 11 6 7 8 9 10 14 12 15 5 13 0
270 264 6 1 2 3 4 11 6 7 8 9 10 0 12 15 5 13 14
271 265 6 1 2 3 4 11 6 7 8 9 10 13 12 15 5 0 14
271 266 5 1 2 3 4 11 6 7 8 9 10 13 12 15 5 14 0
275 269 6 1 2 3 4 11 6 7 8 9 10 0 12 15 5 14 13
330 324 6 1 2 3 4 11 6 7 8 13 0 10 12 5 14 15 9
331 325 6 1 2 3 4 11 6 7 8 0 13 10 12 5 14 15 9
332 326 6 1 2 3 4 11 6 7 8 5 13 10 12 0 14 15 9
334 329 5 1 2 3 4 11 6 7 8 5 0 10 12 13 14 15 9
334 330 4 1 2 3 4 11 6 7 8 5 10 0 12 13 14 15 9
336 331 5 1 2 3 4 11 6 7 8 5 10 12 0 13 14 15 9
336 332 4 1 2 3 4 11 6 7 8 5 10 12 9 13 14 15 0
340 335 5 1 2 3 4 11 6 7 8 5 10 0 9 13 14 15 12
341 336 5 1 2 3 4 11 6 7 8 5 10 9 0 13 14 15 12
340 337 3 1 2 3 4 11 6 7 8 5 10 9 12 13 14 15 0
345 340 5 0 2 3 4 11 6 7 8 5 10 9 12 13 14 15 1
346 341 5 11 2 3 4 0 6 7 8 5 10 9 12 13 14 15 1
346 342 4 11 2 3 4 5 6 7 8 0 10 9 12 13 14 15 1
348 343 5 11 2 3 4 5 6 7 8 10 0 9 12 13 14 15 1
349 344 5 11 2 3 4 5 6 7 8 10 9 0 12 13 14 15 1
348 343 5 11 2 3 4 5 6 7 8 13 10 9 12 0 14 15 1
349 345 4 11 2 3 4 5 6 7 8 13 10 9 12 1 14 15 0
353 348 5 11 2 3 4 5 6 7 8 13 10 0 12 1 14 15 9
353 348 5 0 2 3 4 5 6 7 8 13 10 9 12 1 14 15 11
354 350 4 1 2 3 4 5 6 7 8 13 10 9 12 0 14 15 11
355 352 3 1 2 3 4 5 6 7 8 13 10 9 12 11 14 15 0
354 351 3 1 2 3 4 5 6 7 8 0 10 9 12 13 14 15 11
356 352 4 1 2 3 4 5 6 7 8 10 0 9 12 13 14 15 11
357 353 4 1 2 3 4 5 6 7 8 10 9 0 12 13 14 15 11
356 352 4 1 2 3 4 0 6 7 8 5 10 9 12 13 14 15 11
359 355 4 1 2 3 4 5 6 7 8 13 10 0 12 11 14 15 9
361 356 5 1 2 3 4 5 6 7 8 13 10 12 0 11 14 15 9
361 357 4 1 2 3 4 5 6 7 8 13 10 12 9 11 14 15 0
365 360 5 1 2 3 4 5 6 7 8 13 10 0 9 11 14 15 12
364 359 5 1 2 3 4 5 6 7 8 13 10 12 9 0 14 15 11
364 360 4 1 2 3 4 5 6 7 8 0 10 12 9 13 14 15 11
366 361 5 1 2 3 4 5 6 7 8 10 0 12 9 13 14 15 11
367 362 5 1 2 3 4 5 6 7 8 10 12 0 9 13 14 15 11
368 363 5 1 2 3 4 5 6 7 8 10 12 9 0 13 14 15 11
368 364 4 1 2 3 4 5 6 7 8 10 12 9 11 13 14 15 0
372 367 5 1 2 3 4 5 6 7 8 10 12 0 11 13 14 15 9
372 368 4 1 2 3 4 5 6 7 8 10 12 11 0 13 14 15 9
372 369 3 1 2 3 4 5 6 7 8 10 12 11 9 13 14 15 0
377 372 5 0 2 3 4 5 6 7 8 10 12 11 9 13 14 15 1
376 371 5 1 2 3 0 5 6 7 8 10 12 11 9 13 14 15 4
376 371 5 1 2 3 4 5 6 7 8 10 12 11 9 0 14 15 13
379 374 5 1 2 3 4 5 6 7 8 10 0 11 9 12 14 15 13
379 375 4 1 2 3 4 5 6 7 8 0 10 11 9 12 14 15 13
380 376 4 1 2 3 4 5 6 7 8 12 10 11 9 0 14 15 13
380 378 2 1 2 3 4 5 6 7 8 12 10 11 9 13 14 15 0
382 379 3 1 2 3 4 5 6 7 8 12 10 11 0 13 14 15 9
384 380 4 1 2 3 4 5 6 7 8 12 10 0 11 13 14 15 9
384 380 4 1 2 3 4 5 6 7 0 12 10 11 8 13 14 15 9
385 381 4 1 2 3 4 5 6 7 8 12 10 0 9 13 14 15 11
386 382 4 1 2 3 4 5 6 7 8 12 10 9 0 13 14 15 11
386 383 3 1 2 3 4 5 6 7 8 12 10 9 11 13 14 15 0
385 381 4 0 2 3 4 5 6 7 8 12 10 11 9 13 14 15 1
384 380 4 1 2 3 0 5 6 7 8 12 10 11 9 13 14 15 4
383 379 4 1 2 3 4 5 6 7 8 12 10 11 9 13 14 0 15
385 380 5 1 2 3 4 5 6 7 8 12 10 11 9 13 0 14 15
385 380 5 1 2 3 4 5 6 7 8 12 10 0 9 13 14 11 15
386 381 5 1 2 3 4 5 6 7 8 12 10 9 0 13 14 11 15
386 382 4 1 2 3 4 5 6 7 8 12 10 9 15 13 14 11 0
390 385 5 1 2 3 4 5 6 7 8 12 10 0 15 13 14 11 9
390 386 4 1 2 3 4 5 6 7 8 12 10 11 15 13 14 0 9
390 387 3 1 2 3 4 5 6 7 8 12 10 11 15 13 14 9 0
392 388 4 1 2 3 4 5 6 7 8 12 10 11 0 13 14 9 15
394 389 5 1 2 3 4 5 6 7 8 12 10 0 11 13 14 9 15
388 383 5 1 2 3 4 5 6 7 8 12 10 9 15 13 14 0 11
394 389 5 1 2 3 4 5 6 7 0 12 10 11 8 13 14 9 15
389 384 5 1 2 3 4 5 6 7 8 12 10 0 15 13 14 9 11
390 385 5 1 2 3 4 5 6 7 8 12 10 15 0 13 14 9 11
390 386 4 1 2 3 4 5 6 7 8 12 10 15 11 13 14 9 0
333 328 5 1 2 3 4 11 6 7 8 5 13 10 12 9 14 15 0
350 345 5 0 2 3 4 5 6 7 8 13 10 9 12 11 14 15 1
358 353 5 1 2 3 4 5 6 7 8 13 0 9 12 10 14 15 11
359 354 5 1 2 3 4 5 6 7 8 13 9 0 12 10 14 15 11
359 354 5 1 2 3 4 5 6 7 8 0 13 9 12 10 14 15 11
360 355 5 1 2 3 4 5 6 7 8 10 13 9 12 0 14 15 11
361 357 4 1 2 3 4 5 6 7 8 10 13 9 12 11 14 15 0
365 360 5 1 2 3 4 5 6 7 8 10 13 0 12 11 14 15 9
366 361 5 1 2 3 4 5 6 7 8 10 0 13 12 11 14 15 9
366 362 4 1 2 3 4 5 6 7 8 0 10 13 12 11 14 15 9
367 363 4 1 2 3 4 5 6 7 8 11 10 13 12 0 14 15 9
368 365 3 1 2 3 4 5 6 7 8 11 10 13 12 9 14 15 0
372 368 4 1 2 3 4 5 6 7 8 11 10 0 12 9 14 15 13
374 369 5 1 2 3 4 5 6 7 8 11 10 12 0 9 14 15 13
374 370 4 1 2 3 4 5 6 7 8 11 10 12 13 9 14 15 0
378 373 5 1 2 3 4 5 6 7 8 11 10 0 13 9 14 15 12
377 372 5 1 2 3 4 5 6 7 8 11 10 12 13 0 14 15 9
378 373 5 1 2 3 4 5 6 7 8 0 10 12 13 11 14 15 9
371 366 5 1 2 3 0 5 6 7 8 11 10 13 12 4 14 15 9
372 368 4 1 2 3 9 5 6 7 8 11 10 13 12 4 14 15 0
376 371 5 1 2 3 9 5 6 7 8 11 10 0 12 4 14 15 13
375 370 5 1 2 3 9 5 6 7 8 11 10 13 12 0 14 15 4
376 371 5 1 2 3 9 5 6 7 8 0 10 13 12 11 14 15 4
374 369 5 1 2 3 4 5 6 7 8 11 0 10 12 9 14 15 13
375 370 5 1 2 3 4 5 6 7 8 0 11 10 12 9 14 15 13
375 371 4 1 2 3 4 5 6 7 8 9 11 10 12 0 14 15 13
375 373 2 1 2 3 4 5 6 7 8 9 11 10 12 13 14 15 0
379 376 3 1 2 3 4 5 6 7 8 9 11 0 12 13 14 15 10
379 377 2 1 2 3 4 5 6 7 8 9 0 11 12 13 14 15 10
381 378 3 1 2 3 4 5 6 7 8 0 9 11 12 13 14 15 10
381 378 3 1 2 3 4 5 6 7 8 9 14 11 12 13 0 15 10
381 378 3 1 2 3 4 5 0 7 8 9 6 11 12 13 14 15 10
383 379 4 1 2 3 4 5 7 0 8 9 6 11 12 13 14 15 10
383 379 4 1 2 3 4 0 5 7 8 9 6 11 12 13 14 15 10
383 379 4 1 0 3 4 5 2 7 8 9 6 11 12 13 14 15 10
383 379 4 1 2 3 4 5 6 7 8 9 14 11 12 13 15 0 10
383 380 3 1 2 3 4 5 6 7 8 9 14 11 12 13 15 10 0
383 379 4 1 2 3 4 5 6 7 8 9 14 11 12 0 13 15 10
384 381 3 1 2 3 4 5 6 7 8 9 14 11 12 10 13 15 0
386 382 4 1 2 3 4 5 6 7 8 9 0 11 12 14 13 15 10
387 383 4 1 2 3 4 5 6 7 8 9 13 11 12 14 0 15 10
387 384 3 1 2 3 4 5 6 7 8 9 13 11 12 0 14 15 10
388 386 2 1 2 3 4 5 6 7 8 9 13 11 12 10 14 15 0
393 389 4 1 2 3 4 5 6 7 8 9 13 0 12 10 14 15 11
394 390 4 1 2 3 4 5 6 7 8 9 0 13 12 10 14 15 11
393 389 4 0 2 3 4 5 6 7 8 9 13 11 12 10 14 15 1
395 391 4 10 2 3 4 5 6 7 8 9 13 11 12 0 14 15 1
397 394 3 10 2 3 4 5 6 7 8 9 0 11 12 13 14 15 1
396 393 3 10 2 3 4 5 6 7 8 9 13 11 12 1 14 15 0
399 395 4 10 2 3 4 5 6 7 8 9 11 0 12 13 14 15 1
399 395 4 10 2 3 4 5 6 7 8 0 9 11 12 13 14 15 1
399 395 4 10 2 3 4 5 6 7 8 9 14 11 12 13 0 15 1
379 375 4 1 2 3 0 5 6 7 8 9 11 10 12 13 14 15 4
378 374 4 1 2 3 4 5 6 7 8 9 11 10 0 13 14 15 12
379 375 4 1 2 3 4 5 6 7 8 9 11 0 10 13 14 15 12
379 376 3 1 2 3 4 5 6 7 8 9 0 11 10 13 14 15 12
381 377 4 1 2 3 4 5 6 7 8 0 9 11 10 13 14 15 12
381 377 4 1 2 3 4 5 6 7 8 9 14 11 10 13 0 15 12
381 377 4 1 2 3 4 5 0 7 8 9 6 11 10 13 14 15 12
381 377 4 1 2 3 4 5 6 7 8 9 11 12 0 13 14 15 10
381 378 3 1 2 3 4 5 6 7 8 9 11 12 10 13 14 15 0
383 379 4 1 2 3 4 0 6 7 8 5 9 11 12 13 14 15 10
378 374 4 1 2 3 4 5 6 7 8 9 0 10 12 11 14 15 13
378 375 3 1 2 3 4 5 6 7 8 9 10 0 12 11 14 15 13
380 376 4 1 2 3 4 5 6 7 8 9 10 12 0 11 14 15 13
380 377 3 1 2 3 4 5 6 7 8 9 10 12 13 11 14 15 0
384 380 4 1 2 3 4 5 6 7 8 9 10 0 13 11 14 15 12
385 381 4 1 2 3 4 5 6 7 8 9 10 13 0 11 14 15 12
384 382 2 1 2 3 4 5 6 7 8 9 10 13 12 11 14 15 0
387 384 3 1 2 3 4 5 6 7 8 9 10 13 12 0 14 15 11
391 387 4 1 2 3 0 5 6 7 8 9 10 13 12 4 14 15 11
392 389 3 1 2 3 11 5 6 7 8 9 10 13 12 4 14 15 0
396 392 4 1 2 3 11 5 6 7 8 9 10 0 12 4 14 15 13
395 391 4 1 2 3 11 5 6 7 8 9 10 13 12 0 14 15 4
390 386 4 0 2 3 4 5 6 7 8 9 10 13 12 1 14 15 11
392 389 3 11 2 3 4 5 6 7 8 9 10 13 12 1 14 15 0
396 392 4 11 2 3 4 5 6 7 8 9 10 0 12 1 14 15 13
395 391 4 11 2 3 4 5 6 7 8 9 10 13 12 0 14 15 1
389 385 4 1 2 3 4 5 6 7 8 9 10 13 12 14 0 15 11
391 387 4 1 2 3 4 5 6 7 8 9 13 11 0 10 14 15 12
383 379 4 1 2 3 4 5 6 7 8 13 9 11 12 0 14 15 10
384 381 3 1 2 3 4 5 6 7 8 13 9 11 12 10 14 15 0
386 382 4 1 2 3 4 5 6 7 8 13 0 11 12 9 14 15 10
381 377 4 1 2 3 4 5 6 7 8 9 11 15 12 13 14 0 10
381 378 3 1 2 3 4 5 6 7 8 9 11 15 12 13 14 10 0
385 381 4 1 2 3 4 5 6 7 8 9 11 0 12 13 14 10 15
385 382 3 1 2 3 4 5 6 7 8 9 0 11 12 13 14 10 15
387 383 4 1 2 3 4 5 6 7 8 0 9 11 12 13 14 10 15
387 383 4 1 2 3 4 5 6 7 8 9 14 11 12 13 0 10 15
388 384 4 1 2 3 4 5 6 7 8 9 14 11 12 13 10 0 15
387 385 2 1 2 3 4 5 6 7 8 9 14 11 12 13 10 15 0
392 388 4 1 2 3 4 5 6 7 8 9 14 0 12 13 10 15 11
393 389 4 1 2 3 4 5 6 7 8 9 0 14 12 13 10 15 11
393 390 3 1 2 3 4 5 6 7 8 9 10 14 12 13 0 15 11
395 391 4 1 2 3 4 5 6 7 8 9 10 14 12 13 15 0 11
395 392 3 1 2 3 4 5 6 7 8 9 10 14 12 13 15 11 0
399 395 4 1 2 3 4 5 6 7 8 9 10 0 12 13 15 11 14
399 396 3 1 2 3 4 5 6 7 8 9 10 11 12 13 15 0 14
399 397 2 1 2 3 4 5 6 7 8 9 10 11 12 13 15 14 0
399 397 2 1 2 3 4 5 6 7 8 9 10 11 12 13 0 15 14
401 398 3 1 2 3 4 5 6 7 8 9 10 11 12 0 13 15 14
402 400 2 1 2 3 4 5 6 7 8 9 10 11 12 14 13 15 0
401 398 3 1 2 3 4 5 6 7 8 9 0 11 12 13 10 15 14
403 399 4 1 2 3 4 5 6 7 8 9 11 0 12 13 10 15 14
403 399 4 1 2 3 4 5 6 7 8 0 9 11 12 13 10 15 14
403 399 4 1 2 3 4 5 0 7 8 9 6 11 12 13 10 15 14
407 403 4 1 2 3 4 5 6 7 8 9 10 0 12 14 13 15 11
404 400 4 0 2 3 4 5 6 7 8 9 10 11 12 1 13 15 14
406 403 3 14 2 3 4 5 6 7 8 9 10 11 12 1 13 15 0
409 405 4 14 2 3 4 5 6 7 8 9 10 11 12 0 13 15 1
409 406 3 14 2 3 4 5 6 7 8 9 10 11 12 13 0 15 1
411 407 4 14 2 3 4 5 6 7 8 9 10 11 12 13 15 0 1
411 408 3 14 2 3 4 5 6 7 8 9 10 11 12 13 15 1 0
415 411 4 0 2 3 4 5 6 7 8 9 10 11 12 13 15 1 14
411 407 4 14 2 3 4 5 6 7 8 9 0 11 12 13 10 15 1
389 385 4 0 2 3 4 5 6 7 8 9 10 13 12 11 14 15 1
387 383 4 1 2 3 4 5 6 7 8 9 10 13 12 11 14 0 15
388 384 4 1 2 3 4 5 6 7 8 9 10 0 12 11 14 13 15
392 388 4 1 2 3 0 5 6 7 8 9 13 11 12 10 14 15 4
395 391 4 1 2 3 10 5 6 7 8 9 13 11 12 0 14 15 4
397 394 3 1 2 3 10 5 6 7 8 9 0 11 12 13 14 15 4
396 393 3 1 2 3 10 5 6 7 8 9 13 11 12 4 14 15 0
399 395 4 1 2 3 10 5 6 7 8 9 11 0 12 13 14 15 4
399 395 4 1 2 3 10 5 6 7 8 0 9 11 12 13 14 15 4
399 395 4 1 2 3 10 5 6 7 8 9 14 11 12 13 0 15 4
391 387 4 1 2 3 4 5 6 7 8 9 13 11 12 10 14 0 15
389 385 4 1 2 3 4 5 6 7 8 0 10 13 12 9 14 15 11
390 386 4 1 2 3 4 5 6 7 8 9 14 11 0 13 10 15 12
396 392 4 1 2 3 4 5 6 7 8 9 10 0 12 13 15 14 11
392 388 4 0 2 3 4 5 6 7 8 9 14 11 12 13 10 15 1
395 391 4 1 2 3 4 5 6 7 8 9 10 14 12 0 13 15 11
396 393 3 1 2 3 4 5 6 7 8 9 10 14 12 11 13 15 0
400 396 4 1 2 3 4 5 6 7 8 9 10 0 12 11 13 15 14
404 400 4 0 2 3 4 5 6 7 8 9 10 11 12 13 15 14 1
391 387 4 1 2 3 0 5 6 7 8 9 13 11 12 4 14 15 10
403 399 4 1 2 3 0 5 6 7 8 9 10 11 12 13 15 14 4
403 399 4 1 2 3 4 5 6 7 8 9 10 11 12 0 15 14 13
404 400 4 1 2 3 4 5 6 7 8 9 10 11 12 15 0 14 13
404 401 3 1 2 3 4 5 6 7 8 9 10 11 12 15 14 0 13
404 402 2 1 2 3 4 5 6 7 8 9 10 11 12 15 14 13 0
407 404 3 1 2 3 4 5 6 7 8 9 10 11 12 0 14 13 15
411 407 4 1 2 3 4 5 6 7 8 9 0 11 12 10 14 13 15
411 407 4 1 2 3 0 5 6 7 8 9 10 11 12 4 14 13 15
412 409 3 1 2 3 15 5 6 7 8 9 10 11 12 4 14 13 0
415 411 4 1 2 3 15 5 6 7 8 9 10 11 12 0 14 13 4
414 410 4 1 2 3 15 5 6 7 8 9 10 11 12 4 14 0 13
410 406 4 0 2 3 4 5 6 7 8 9 10 11 12 1 14 13 15
412 409 3 15 2 3 4 5 6 7 8 9 10 11 12 1 14 13 0
415 411 4 15 2 3 4 5 6 7 8 9 10 11 12 0 14 13 1
414 410 4 15 2 3 4 5 6 7 8 9 10 11 12 1 14 0 13
409 405 4 1 2 3 4 5 6 7 8 9 10 11 12 14 0 13 15
409 405 4 1 2 3 4 5 6 7 8 0 10 11 12 9 14 13 15
409 405 4 1 2 3 4 5 6 7 8 9 10 0 12 15 14 13 11
410 406 4 1 2 3 4 5 6 7 8 9 10 13 12 15 14 0 11
410 407 3 1 2 3 4 5 6 7 8 9 10 13 12 15 14 11 0
413 409 4 1 2 3 4 5 6 7 8 9 10 13 12 0 14 11 15
409 405 4 0 2 3 4 5 6 7 8 9 10 11 12 15 14 13 1
407 403 4 1 2 3 4 5 6 7 8 9 10 11 0 15 14 13 12
406 402 4 1 2 3 4 5 6 7 8 9 10 0 12 15 14 11 13
408 404 4 1 2 3 0 5 6 7 8 9 10 11 12 15 14 13 4
399 395 4 1 2 3 10 5 0 7 8 9 6 11 12 13 14 15 4
391 387 4 1 2 3 4 5 6 7 8 9 14 11 12 0 10 15 13
394 390 4 1 2 3 4 5 6 7 8 9 0 11 12 14 10 15 13
394 391 3 1 2 3 4 5 6 7 8 9 10 11 12 14 0 15 13
394 392 2 1 2 3 4 5 6 7 8 9 10 11 12 0 14 15 13
394 394 0 1 2 3 4 5 6 7 8 9 10 11 12 13 14 15 0
