0 0 0 2 11 13 14 9 3 8 7 5 10 12 6 4 0 15 1
15 1 14 2 11 13 14 9 3 8 7 5 10 12 6 0 4 15 1
16 3 13 2 11 13 14 9 3 8 7 5 10 12 6 1 4 15 0
20 6 14 2 11 13 14 9 3 8 7 5 10 0 6 1 4 15 12
21 7 14 2 11 13 14 9 3 8 7 5 10 6 0 1 4 15 12
20 8 12 2 11 13 14 9 3 8 7 5 10 6 12 1 4 15 0
24 11 13 2 11 13 14 9 3 8 7 5 10 0 12 1 4 15 6
25 12 13 2 11 13 14 9 3 0 7 5 10 8 12 1 4 15 6
25 13 12 2 11 13 14 9 3 7 0 5 10 8 12 1 4 15 6
26 14 12 2 11 13 0 9 3 7 14 5 10 8 12 1 4 15 6
27 16 11 2 11 13 6 9 3 7 14 5 10 8 12 1 4 15 0
31 19 12 2 11 13 6 9 3 7 14 5 10 0 12 1 4 15 8
31 19 12 0 11 13 6 9 3 7 14 5 10 8 12 1 4 15 2
32 21 11 1 11 13 6 9 3 7 14 5 10 8 12 0 4 15 2
33 23 10 1 11 13 6 9 3 7 14 5 10 8 12 2 4 15 0
37 26 11 1 11 13 6 9 3 7 14 5 10 0 12 2 4 15 8
36 25 11 1 11 13 0 9 3 7 14 5 10 8 12 2 4 15 6
39 28 11 1 11 13 2 9 3 7 14 5 10 8 12 0 4 15 6
40 30 10 1 11 13 2 9 3 7 14 5 10 8 12 6 4 15 0
44 33 11 1 11 13 2 9 3 7 14 5 10 0 12 6 4 15 8
33 22 11 1 11 13 6 9 3 7 14 0 10 8 12 5 4 15 2
33 23 10 1 11 13 6 0 3 7 14 9 10 8 12 5 4 15 2
34 24 10 1 11 13 6 3 0 7 14 9 10 8 12 5 4 15 2
35 25 10 1 0 13 6 3 11 7 14 9 10 8 12 5 4 15 2
36 26 10 1 13 0 6 3 11 7 14 9 10 8 12 5 4 15 2
37 27 10 1 13 6 0 3 11 7 14 9 10 8 12 5 4 15 2
38 29 9 1 13 6 2 3 11 7 14 9 10 8 12 5 4 15 0
42 32 10 1 13 6 2 3 11 7 14 9 10 0 12 5 4 15 8
41 31 10 1 13 6 2 3 11 7 14 9 10 8 12 0 4 15 5
44 34 10 1 13 6 0 3 11 7 14 9 10 8 12 2 4 15 5
45 36 9 1 13 6 5 3 11 7 14 9 10 8 12 2 4 15 0
49 39 10 1 13 6 5 3 11 7 14 9 10 0 12 2 4 15 8
45 35 10 1 13 0 6 3 11 7 14 9 10 8 12 2 4 15 5
46 36 10 1 0 13 6 3 11 7 14 9 10 8 12 2 4 15 5
47 37 10 1 11 13 6 3 0 7 14 9 10 8 12 2 4 15 5
48 38 10 1 11 13 6 0 3 7 14 9 10 8 12 2 4 15 5
40 30 10 1 13 6 5 3 11 7 14 9 10 8 12 0 4 15 2
41 31 10 1 13 6 5 3 11 7 14 9 10 8 12 4 0 15 2
42 32 10 1 13 6 2 3 11 7 14 9 10 8 12 4 0 15 5
38 28 10 1 13 6 14 3 11 7 0 9 10 8 12 5 4 15 2
45 35 10 1 13 6 14 3 11 7 0 9 10 8 12 2 4 15 5
47 36 11 1 13 6 14 3 11 0 7 9 10 8 12 2 4 15 5
48 37 11 1 13 6 14 3 0 11 7 9 10 8 12 2 4 15 5
49 38 11 1 13 6 14 0 3 11 7 9 10 8 12 2 4 15 5
33 22 11 1 11 13 6 9 3 7 14 5 10 8 12 4 0 15 2
36 25 11 1 11 13 6 3 10 7 14 9 0 8 12 5 4 15 2
37 26 11 1 11 13 6 3 10 7 14 9 8 0 12 5 4 15 2
36 25 11 1 11 13 6 3 7 0 14 9 10 8 12 5 4 15 2
37 26 11 1 11 13 6 3 7 14 0 9 10 8 12 5 4 15 2
38 27 11 1 11 13 0 3 7 14 6 9 10 8 12 5 4 15 2
39 29 10 1 11 13 2 3 7 14 6 9 10 8 12 5 4 15 0
43 32 11 1 11 13 2 3 7 14 6 9 10 0 12 5 4 15 8
44 33 11 1 11 13 2 3 7 0 6 9 10 14 12 5 4 15 8
44 34 10 1 11 13 2 3 0 7 6 9 10 14 12 5 4 15 8
45 35 10 1 11 13 2 0 3 7 6 9 10 14 12 5 4 15 8
45 35 10 1 0 13 2 3 11 7 6 9 10 14 12 5 4 15 8
46 36 10 1 13 0 2 3 11 7 6 9 10 14 12 5 4 15 8
47 37 10 1 13 2 0 3 11 7 6 9 10 14 12 5 4 15 8
48 39 9 1 13 2 8 3 11 7 6 9 10 14 12 5 4 15 0
52 42 10 1 13 2 8 3 11 7 6 9 10 0 12 5 4 15 14
51 41 10 1 13 2 8 3 11 7 6 9 10 14 12 0 4 15 5
54 44 10 1 13 2 0 3 11 7 6 9 10 14 12 8 4 15 5
55 46 9 1 13 2 5 3 11 7 6 9 10 14 12 8 4 15 0
59 49 10 1 13 2 5 3 11 7 6 9 10 0 12 8 4 15 14
55 45 10 1 13 0 2 3 11 7 6 9 10 14 12 8 4 15 5
56 46 10 1 0 13 2 3 11 7 6 9 10 14 12 8 4 15 5
57 47 10 1 11 13 2 3 0 7 6 9 10 14 12 8 4 15 5
58 48 10 1 11 13 2 0 3 7 6 9 10 14 12 8 4 15 5
55 45 10 1 13 2 6 3 11 7 0 9 10 14 12 8 4 15 5
48 38 10 1 13 2 6 3 11 7 0 9 10 14 12 5 4 15 8
50 40 10 1 13 2 5 3 11 7 6 9 10 14 12 0 4 15 8
51 41 10 1 13 2 5 3 11 7 6 9 10 14 12 4 0 15 8
52 42 10 1 13 2 8 3 11 7 6 9 10 14 12 4 0 15 5
54 43 11 1 13 2 8 3 11 7 6 9 10 14 12 4 15 0 5
54 44 10 1 13 2 8 3 11 7 6 9 10 14 12 4 15 5 0
58 47 11 1 13 2 8 3 11 7 6 9 10 0 12 4 15 5 14
59 48 11 1 13 2 8 3 11 7 6 9 10 5 12 4 15 0 14
59 49 10 1 13 2 8 3 11 7 6 9 10 5 12 4 15 14 0
59 49 10 1 13 2 8 3 11 7 6 9 10 5 12 4 0 15 14
60 50 10 1 13 2 8 3 11 7 6 9 10 5 12 0 4 15 14
61 52 9 1 13 2 8 3 11 7 6 9 10 5 12 14 4 15 0
65 55 10 1 13 2 8 3 11 7 6 9 10 0 12 14 4 15 5
64 54 10 1 13 2 0 3 11 7 6 9 10 5 12 14 4 15 8
67 57 10 1 13 2 14 3 11 7 6 9 10 5 12 0 4 15 8
68 59 9 1 13 2 14 3 11 7 6 9 10 5 12 8 4 15 0
72 62 10 1 13 2 14 3 11 7 6 9 10 0 12 8 4 15 5
68 58 10 1 13 2 14 3 11 7 6 9 10 5 12 4 0 15 8
65 55 10 1 13 0 2 3 11 7 6 9 10 5 12 14 4 15 8
66 56 10 1 0 13 2 3 11 7 6 9 10 5 12 14 4 15 8
67 57 10 1 11 13 2 3 0 7 6 9 10 5 12 14 4 15 8
68 58 10 1 11 13 2 0 3 7 6 9 10 5 12 14 4 15 8
65 55 10 1 13 2 6 3 11 7 0 9 10 5 12 14 4 15 8
63 53 10 1 13 2 0 3 11 7 6 9 10 5 12 8 4 15 14
64 54 10 1 13 0 2 3 11 7 6 9 10 5 12 8 4 15 14
65 55 10 1 0 13 2 3 11 7 6 9 10 5 12 8 4 15 14
66 56 10 1 11 13 2 3 0 7 6 9 10 5 12 8 4 15 14
67 57 10 1 11 13 2 0 3 7 6 9 10 5 12 8 4 15 14
64 54 10 1 13 2 6 3 11 7 0 9 10 5 12 8 4 15 14
66 55 11 1 13 2 6 3 11 0 7 9 10 5 12 8 4 15 14
67 56 11 1 13 2 6 3 0 11 7 9 10 5 12 8 4 15 14
68 57 11 1 13 2 6 0 3 11 7 9 10 5 12 8 4 15 14
35 24 11 1 11 13 0 9 3 7 14 5 10 8 12 6 4 15 2
36 25 11 1 11 0 13 9 3 7 14 5 10 8 12 6 4 15 2
37 26 11 1 0 11 13 9 3 7 14 5 10 8 12 6 4 15 2
38 27 11 1 3 11 13 9 0 7 14 5 10 8 12 6 4 15 2
39 28 11 1 3 11 13 0 9 7 14 5 10 8 12 6 4 15 2
39 29 10 1 3 11 13 5 9 7 14 0 10 8 12 6 4 15 2
40 30 10 1 3 11 13 5 9 7 14 6 10 8 12 0 4 15 2
42 33 9 1 3 11 0 5 9 7 14 6 10 8 12 13 4 15 2
43 35 8 1 3 11 2 5 9 7 14 6 10 8 12 13 4 15 0
47 38 9 1 3 11 2 5 9 7 14 6 10 0 12 13 4 15 8
43 34 9 1 3 0 11 5 9 7 14 6 10 8 12 13 4 15 2
43 35 8 1 0 3 11 5 9 7 14 6 10 8 12 13 4 15 2
44 36 8 1 9 3 11 5 0 7 14 6 10 8 12 13 4 15 2
46 37 9 1 9 3 11 5 7 0 14 6 10 8 12 13 4 15 2
47 38 9 1 9 3 11 5 7 14 0 6 10 8 12 13 4 15 2
48 39 9 1 9 3 0 5 7 14 11 6 10 8 12 13 4 15 2
49 41 8 1 9 3 2 5 7 14 11 6 10 8 12 13 4 15 0
53 44 9 1 9 3 2 5 7 14 11 6 10 0 12 13 4 15 8
54 45 9 1 9 3 2 5 7 0 11 6 10 14 12 13 4 15 8
54 46 8 1 9 3 2 5 0 7 11 6 10 14 12 13 4 15 8
55 47 8 1 0 3 2 5 9 7 11 6 10 14 12 13 4 15 8
57 48 9 1 3 0 2 5 9 7 11 6 10 14 12 13 4 15 8
58 49 9 1 3 2 0 5 9 7 11 6 10 14 12 13 4 15 8
59 51 8 1 3 2 8 5 9 7 11 6 10 14 12 13 4 15 0
63 54 9 1 3 2 8 5 9 7 11 6 10 0 12 13 4 15 14
59 50 9 1 3 2 11 5 9 7 0 6 10 14 12 13 4 15 8
57 48 9 0 1 3 2 5 9 7 11 6 10 14 12 13 4 15 8
59 51 8 8 1 3 2 5 9 7 11 6 10 14 12 13 4 15 0
63 54 9 8 1 3 2 5 9 7 11 6 10 0 12 13 4 15 14
62 53 9 8 1 3 0 5 9 7 11 6 10 14 12 13 4 15 2
64 55 9 0 1 3 8 5 9 7 11 6 10 14 12 13 4 15 2
66 58 8 2 1 3 8 5 9 7 11 6 10 14 12 13 4 15 0
64 56 8 1 0 3 8 5 9 7 11 6 10 14 12 13 4 15 2
65 57 8 1 9 3 8 5 0 7 11 6 10 14 12 13 4 15 2
67 58 9 1 9 3 8 5 7 0 11 6 10 14 12 13 4 15 2
68 59 9 1 9 3 8 5 7 11 0 6 10 14 12 13 4 15 2
68 60 8 1 9 3 0 5 7 11 8 6 10 14 12 13 4 15 2
69 62 7 1 9 3 2 5 7 11 8 6 10 14 12 13 4 15 0
73 65 8 1 9 3 2 5 7 11 8 6 10 0 12 13 4 15 14
73 66 7 1 9 3 2 5 7 0 8 6 10 11 12 13 4 15 14
73 67 6 1 9 3 2 5 0 7 8 6 10 11 12 13 4 15 14
74 68 6 1 0 3 2 5 9 7 8 6 10 11 12 13 4 15 14
76 69 7 1 3 0 2 5 9 7 8 6 10 11 12 13 4 15 14
77 70 7 1 3 2 0 5 9 7 8 6 10 11 12 13 4 15 14
78 72 6 1 3 2 14 5 9 7 8 6 10 11 12 13 4 15 0
76 69 7 0 1 3 2 5 9 7 8 6 10 11 12 13 4 15 14
78 72 6 14 1 3 2 5 9 7 8 6 10 11 12 13 4 15 0
81 74 7 14 1 3 0 5 9 7 8 6 10 11 12 13 4 15 2
83 76 7 0 1 3 14 5 9 7 8 6 10 11 12 13 4 15 2
85 79 6 2 1 3 14 5 9 7 8 6 10 11 12 13 4 15 0
83 77 6 1 0 3 14 5 9 7 8 6 10 11 12 13 4 15 2
84 78 6 1 9 3 14 5 0 7 8 6 10 11 12 13 4 15 2
86 79 7 1 9 3 14 5 7 0 8 6 10 11 12 13 4 15 2
78 71 7 2 1 3 0 5 9 7 8 6 10 11 12 13 4 15 14
86 79 7 1 9 3 14 0 5 7 8 6 10 11 12 13 4 15 2
87 80 7 1 9 3 14 6 5 7 8 0 10 11 12 13 4 15 2
86 79 7 1 9 3 14 5 10 7 8 6 0 11 12 13 4 15 2
87 80 7 1 9 3 14 5 10 7 8 0 6 11 12 13 4 15 2
87 80 7 1 9 3 14 5 10 7 8 6 4 11 12 13 0 15 2
85 78 7 1 3 0 14 5 9 7 8 6 10 11 12 13 4 15 2
86 79 7 1 3 14 0 5 9 7 8 6 10 11 12 13 4 15 2
87 81 6 1 3 14 2 5 9 7 8 6 10 11 12 13 4 15 0
86 79 7 9 1 3 14 5 0 7 8 6 10 11 12 13 4 15 2
87 80 7 9 0 3 14 5 1 7 8 6 10 11 12 13 4 15 2
88 81 7 0 9 3 14 5 1 7 8 6 10 11 12 13 4 15 2
90 84 6 2 9 3 14 5 1 7 8 6 10 11 12 13 4 15 0
93 86 7 2 9 3 0 5 1 7 8 6 10 11 12 13 4 15 14
95 88 7 0 9 3 2 5 1 7 8 6 10 11 12 13 4 15 14
97 91 6 14 9 3 2 5 1 7 8 6 10 11 12 13 4 15 0
96 89 7 9 0 3 2 5 1 7 8 6 10 11 12 13 4 15 14
75 68 7 1 9 3 2 5 10 7 8 6 0 11 12 13 4 15 14
76 69 7 1 9 3 2 5 10 7 8 0 6 11 12 13 4 15 14
76 69 7 1 9 3 2 5 10 7 8 6 4 11 12 13 0 15 14
79 72 7 9 1 3 2 5 0 7 8 6 10 11 12 13 4 15 14
75 68 7 1 9 3 2 0 5 7 8 6 10 11 12 13 4 15 14
76 69 7 1 9 3 2 6 5 7 8 0 10 11 12 13 4 15 14
90 83 7 14 9 3 0 5 1 7 8 6 10 11 12 13 4 15 2
94 86 8 14 9 3 7 5 1 0 8 6 10 11 12 13 4 15 2
95 87 8 14 9 3 7 5 0 1 8 6 10 11 12 13 4 15 2
96 88 8 14 0 3 7 5 9 1 8 6 10 11 12 13 4 15 2
97 89 8 0 14 3 7 5 9 1 8 6 10 11 12 13 4 15 2
99 92 7 2 14 3 7 5 9 1 8 6 10 11 12 13 4 15 0
102 94 8 2 14 3 0 5 9 1 8 6 10 11 12 13 4 15 7
105 97 8 2 14 3 1 5 9 0 8 6 10 11 12 13 4 15 7
106 98 8 2 14 3 1 5 0 9 8 6 10 11 12 13 4 15 7
107 99 8 2 0 3 1 5 14 9 8 6 10 11 12 13 4 15 7
107 100 7 0 2 3 1 5 14 9 8 6 10 11 12 13 4 15 7
109 103 6 7 2 3 1 5 14 9 8 6 10 11 12 13 4 15 0
108 102 6 1 2 3 0 5 14 9 8 6 10 11 12 13 4 15 7
109 104 5 1 2 3 7 5 14 9 8 6 10 11 12 13 4 15 0
111 105 6 1 2 3 9 5 14 0 8 6 10 11 12 13 4 15 7
112 106 6 1 2 3 9 5 0 14 8 6 10 11 12 13 4 15 7
114 107 7 1 2 3 9 0 5 14 8 6 10 11 12 13 4 15 7
115 108 7 1 2 3 9 6 5 14 8 0 10 11 12 13 4 15 7
114 107 7 1 2 3 7 5 14 9 8 6 10 0 12 13 4 15 11
115 108 7 1 2 3 7 5 14 0 8 6 10 9 12 13 4 15 11
116 109 7 1 2 3 7 5 0 14 8 6 10 9 12 13 4 15 11
114 107 7 1 2 3 9 5 10 14 8 6 0 11 12 13 4 15 7
115 108 7 1 2 3 9 5 10 14 8 0 6 11 12 13 4 15 7
115 108 7 1 2 3 9 5 10 14 8 6 4 11 12 13 0 15 7
112 105 7 7 2 3 0 5 14 9 8 6 10 11 12 13 4 15 1
115 108 7 7 2 3 9 5 14 0 8 6 10 11 12 13 4 15 1
116 109 7 7 2 3 9 5 0 14 8 6 10 11 12 13 4 15 1
110 103 7 14 2 3 1 5 0 9 8 6 10 11 12 13 4 15 7
111 104 7 14 2 3 1 5 9 0 8 6 10 11 12 13 4 15 7
110 103 7 1 2 3 8 5 14 9 0 6 10 11 12 13 4 15 7
111 104 7 1 2 3 8 5 14 0 9 6 10 11 12 13 4 15 7
112 105 7 1 2 3 8 5 0 14 9 6 10 11 12 13 4 15 7
113 106 7 1 2 3 9 5 14 8 0 6 10 11 12 13 4 15 7
114 107 7 1 2 3 0 5 14 8 9 6 10 11 12 13 4 15 7
115 109 6 1 2 3 7 5 14 8 9 6 10 11 12 13 4 15 0
112 105 7 1 2 3 7 5 14 9 8 6 10 11 12 13 4 0 15
113 106 7 1 2 3 7 5 14 9 8 6 10 11 12 13 0 4 15
110 103 7 1 2 0 3 5 14 9 8 6 10 11 12 13 4 15 7
111 104 7 1 2 9 3 5 14 0 8 6 10 11 12 13 4 15 7
112 105 7 1 2 9 3 5 0 14 8 6 10 11 12 13 4 15 7
114 107 7 0 2 3 7 5 14 9 8 6 10 11 12 13 4 15 1
117 110 7 14 2 3 7 5 0 9 8 6 10 11 12 13 4 15 1
118 111 7 14 2 3 7 5 9 0 8 6 10 11 12 13 4 15 1
112 105 7 1 2 3 7 5 14 9 8 6 10 11 0 13 4 15 12
113 106 7 1 2 3 7 5 14 9 8 6 10 11 12 0 4 15 13
116 109 7 1 2 3 0 5 14 9 8 6 10 11 12 7 4 15 13
117 111 6 1 2 3 13 5 14 9 8 6 10 11 12 7 4 15 0
119 112 7 1 2 3 9 5 14 0 8 6 10 11 12 7 4 15 13
120 113 7 1 2 3 9 5 0 14 8 6 10 11 12 7 4 15 13
114 107 7 1 2 3 7 5 14 9 8 6 10 11 12 4 0 15 13
114 107 7 1 2 3 7 5 14 9 8 0 10 11 12 6 4 15 13
113 106 7 1 2 3 9 5 14 11 8 6 10 0 12 13 4 15 7
112 105 7 1 2 3 13 5 14 9 8 6 10 11 12 0 4 15 7
113 106 7 1 2 3 13 5 14 9 8 6 10 11 12 4 0 15 7
113 106 7 1 2 3 13 5 14 9 8 0 10 11 12 6 4 15 7
114 107 7 1 0 3 9 5 2 14 8 6 10 11 12 13 4 15 7
113 106 7 1 2 0 9 5 14 3 8 6 10 11 12 13 4 15 7
114 107 7 1 2 9 0 5 14 3 8 6 10 11 12 13 4 15 7
115 109 6 1 2 9 7 5 14 3 8 6 10 11 12 13 4 15 0
120 112 8 1 2 9 7 5 14 3 8 6 10 0 12 13 4 15 11
121 113 8 1 2 9 7 5 14 0 8 6 10 3 12 13 4 15 11
122 114 8 1 2 9 7 5 0 14 8 6 10 3 12 13 4 15 11
122 114 8 1 2 0 7 5 14 9 8 6 10 3 12 13 4 15 11
123 115 8 1 2 7 0 5 14 9 8 6 10 3 12 13 4 15 11
124 117 7 1 2 7 11 5 14 9 8 6 10 3 12 13 4 15 0
128 120 8 1 2 7 11 5 14 9 8 6 10 0 12 13 4 15 3
129 121 8 1 2 7 11 5 14 0 8 6 10 9 12 13 4 15 3
129 122 7 1 2 0 11 5 14 7 8 6 10 9 12 13 4 15 3
130 123 7 1 2 11 0 5 14 7 8 6 10 9 12 13 4 15 3
131 125 6 1 2 11 3 5 14 7 8 6 10 9 12 13 4 15 0
135 128 7 1 2 11 3 5 14 7 8 6 10 0 12 13 4 15 9
137 129 8 1 2 11 3 5 14 7 8 6 10 12 0 13 4 15 9
137 130 7 1 2 11 3 5 14 7 8 6 10 12 9 13 4 15 0
141 133 8 1 2 11 3 5 14 7 8 6 10 0 9 13 4 15 12
140 132 8 1 2 11 0 5 14 7 8 6 10 12 9 13 4 15 3
141 133 8 1 2 0 11 5 14 7 8 6 10 12 9 13 4 15 3
134 126 8 1 2 11 7 5 14 0 8 6 10 9 12 13 4 15 3
135 127 8 1 2 11 7 5 0 14 8 6 10 9 12 13 4 15 3
135 127 8 1 2 11 7 5 14 9 8 6 10 0 12 13 4 15 3
135 127 8 1 2 0 7 5 14 11 8 6 10 9 12 13 4 15 3
136 128 8 1 2 7 0 5 14 11 8 6 10 9 12 13 4 15 3
137 130 7 1 2 7 3 5 14 11 8 6 10 9 12 13 4 15 0
141 133 8 1 2 7 3 5 14 11 8 6 10 0 12 13 4 15 9
141 134 7 1 2 7 3 5 14 0 8 6 10 11 12 13 4 15 9
141 135 6 1 2 0 3 5 14 7 8 6 10 11 12 13 4 15 9
141 136 5 1 2 3 0 5 14 7 8 6 10 11 12 13 4 15 9
142 138 4 1 2 3 9 5 14 7 8 6 10 11 12 13 4 15 0
147 141 6 1 2 3 9 5 14 7 8 6 10 0 12 13 4 15 11
147 141 6 0 2 3 9 5 14 7 8 6 10 11 12 13 4 15 1
150 144 6 14 2 3 9 5 0 7 8 6 10 11 12 13 4 15 1
149 143 6 9 2 3 0 5 14 7 8 6 10 11 12 13 4 15 1
150 145 5 9 2 3 1 5 14 7 8 6 10 11 12 13 4 15 0
146 140 6 1 2 3 9 5 14 7 8 6 10 11 12 0 4 15 13
149 143 6 1 2 3 0 5 14 7 8 6 10 11 12 9 4 15 13
150 145 5 1 2 3 13 5 14 7 8 6 10 11 12 9 4 15 0
147 141 6 1 2 3 9 5 14 7 8 6 10 11 12 4 0 15 13
145 139 6 1 2 3 9 5 14 7 8 6 10 11 12 13 4 0 15
146 140 6 1 2 3 9 5 14 7 8 6 10 11 12 13 0 4 15
145 139 6 1 2 3 9 5 14 7 8 6 10 11 0 13 4 15 12
143 137 6 1 2 3 8 5 14 7 0 6 10 11 12 13 4 15 9
144 138 6 0 2 3 1 5 14 7 8 6 10 11 12 13 4 15 9
147 141 6 14 2 3 1 5 0 7 8 6 10 11 12 13 4 15 9
145 139 6 1 2 3 13 5 14 7 8 6 10 11 12 0 4 15 9
146 140 6 1 2 3 13 5 14 7 8 6 10 11 12 4 0 15 9
146 140 6 1 2 3 13 5 14 7 8 0 10 11 12 6 4 15 9
145 139 6 1 2 3 7 5 14 0 8 6 10 11 12 13 4 15 9
146 140 6 1 2 3 7 5 0 14 8 6 10 11 12 13 4 15 9
147 141 6 1 2 3 9 5 14 7 8 0 10 11 12 6 4 15 13
149 142 7 1 2 3 9 5 14 7 8 10 0 11 12 6 4 15 13
150 143 7 1 2 3 9 5 14 7 8 10 4 11 12 6 0 15 13
151 144 7 1 2 3 9 5 14 7 8 10 4 11 12 0 6 15 13
151 146 5 1 2 3 9 5 14 7 8 10 4 11 12 13 6 15 0
154 148 6 1 2 3 0 5 14 7 8 10 4 11 12 13 6 15 9
158 151 7 1 2 3 7 5 14 0 8 10 4 11 12 13 6 15 9
159 152 7 1 2 3 7 5 0 14 8 10 4 11 12 13 6 15 9
160 153 7 1 2 3 7 5 4 14 8 10 0 11 12 13 6 15 9
160 154 6 1 2 3 7 5 4 14 8 0 10 11 12 13 6 15 9
162 155 7 1 2 3 7 5 4 14 8 13 10 11 12 0 6 15 9
163 157 6 1 2 3 7 5 4 14 8 13 10 11 12 9 6 15 0
166 159 7 1 2 3 0 5 4 14 8 13 10 11 12 9 6 15 7
169 162 7 1 2 3 14 5 4 0 8 13 10 11 12 9 6 15 7
170 163 7 1 2 3 14 5 0 4 8 13 10 11 12 9 6 15 7
169 162 7 1 2 3 9 5 4 14 8 13 10 11 12 0 6 15 7
170 164 6 1 2 3 9 5 4 14 8 13 10 11 12 7 6 15 0
169 163 6 1 2 3 9 5 4 14 8 0 10 11 12 13 6 15 7
171 164 7 1 2 3 9 5 4 14 8 10 0 11 12 13 6 15 7
172 165 7 1 2 3 9 5 4 14 8 10 6 11 12 13 0 15 7
172 165 7 1 2 3 9 5 0 14 8 10 4 11 12 13 6 15 7
173 166 7 1 2 3 9 5 14 0 8 10 4 11 12 13 6 15 7
153 146 7 9 2 3 13 5 14 7 8 6 10 11 12 0 4 15 1
154 148 6 9 2 3 13 5 14 7 8 6 10 11 12 1 4 15 0
157 150 7 9 2 3 0 5 14 7 8 6 10 11 12 1 4 15 13
154 147 7 9 2 3 13 5 14 7 8 6 10 11 12 4 0 15 1
150 143 7 1 2 3 9 5 14 7 8 6 0 11 12 10 4 15 13
151 144 7 1 2 3 9 5 14 7 8 0 6 11 12 10 4 15 13
152 145 7 1 2 3 9 5 14 7 8 10 6 11 12 0 4 15 13
152 147 5 1 2 3 9 5 14 7 8 10 6 11 12 13 4 15 0
155 149 6 1 2 3 0 5 14 7 8 10 6 11 12 13 4 15 9
159 152 7 1 2 3 7 5 14 0 8 10 6 11 12 13 4 15 9
160 153 7 1 2 3 7 5 0 14 8 10 6 11 12 13 4 15 9
160 154 6 1 2 3 7 5 6 14 8 10 0 11 12 13 4 15 9
160 155 5 1 2 3 7 5 6 14 8 0 10 11 12 13 4 15 9
162 156 6 1 2 3 7 5 6 14 8 13 10 11 12 0 4 15 9
163 158 5 1 2 3 7 5 6 14 8 13 10 11 12 9 4 15 0
166 160 6 1 2 3 0 5 6 14 8 13 10 11 12 9 4 15 7
169 163 6 1 2 3 14 5 6 0 8 13 10 11 12 9 4 15 7
169 163 6 1 2 3 9 5 6 14 8 13 10 11 12 0 4 15 7
170 165 5 1 2 3 9 5 6 14 8 13 10 11 12 7 4 15 0
169 164 5 1 2 3 9 5 6 14 8 0 10 11 12 13 4 15 7
171 165 6 1 2 3 9 5 6 14 8 10 0 11 12 13 4 15 7
172 166 6 1 2 3 9 5 6 14 8 10 4 11 12 13 0 15 7
161 155 6 1 2 3 7 5 6 14 8 10 4 11 12 13 0 15 9
162 156 6 1 2 3 7 0 6 14 8 5 10 11 12 13 4 15 9
171 165 6 1 2 3 9 0 6 14 8 5 10 11 12 13 4 15 7
163 157 6 1 2 3 7 5 6 14 8 13 10 11 12 4 0 15 9
170 164 6 1 2 3 9 5 6 14 8 13 10 11 12 4 0 15 7
165 159 6 1 2 3 0 5 6 14 8 13 10 11 12 7 4 15 9
168 162 6 1 2 3 14 5 6 0 8 13 10 11 12 7 4 15 9
170 163 7 1 2 3 14 5 6 8 0 13 10 11 12 7 4 15 9
171 164 7 1 2 3 0 5 6 8 14 13 10 11 12 7 4 15 9
172 166 6 1 2 3 9 5 6 8 14 13 10 11 12 7 4 15 0
175 168 7 1 2 3 9 5 6 8 14 13 10 11 12 0 4 15 7
175 169 6 1 2 3 9 5 6 8 14 0 10 11 12 13 4 15 7
177 170 7 1 2 3 9 5 6 8 14 10 0 11 12 13 4 15 7
178 171 7 1 2 3 9 5 6 8 14 10 4 11 12 13 0 15 7
146 139 7 2 0 3 1 5 14 7 8 6 10 11 12 13 4 15 9
147 140 7 2 14 3 1 5 0 7 8 6 10 11 12 13 4 15 9
155 148 7 1 2 3 13 5 14 7 8 6 10 0 12 9 4 15 11
149 142 7 14 2 3 1 0 5 7 8 6 10 11 12 13 4 15 9
150 143 7 14 2 3 1 6 5 7 8 0 10 11 12 13 4 15 9
147 140 7 1 2 3 9 5 14 7 8 6 10 0 12 13 4 11 15
148 141 7 1 2 3 13 5 14 7 8 10 0 11 12 6 4 15 9
149 142 7 1 2 3 13 5 14 7 8 10 4 11 12 6 0 15 9
149 142 7 1 2 3 13 5 14 7 8 6 0 11 12 10 4 15 9
150 143 7 1 2 3 13 5 14 7 8 0 6 11 12 10 4 15 9
149 142 7 14 2 3 1 5 7 0 8 6 10 11 12 13 4 15 9
143 136 7 1 0 2 3 5 14 7 8 6 10 11 12 13 4 15 9
144 137 7 1 14 2 3 5 0 7 8 6 10 11 12 13 4 15 9
147 140 7 1 2 0 7 5 14 3 8 6 10 11 12 13 4 15 9
148 141 7 1 2 7 0 5 14 3 8 6 10 11 12 13 4 15 9
149 143 6 1 2 7 9 5 14 3 8 6 10 11 12 13 4 15 0
147 140 7 1 2 3 7 5 14 8 0 6 10 11 12 13 4 15 9
148 141 7 1 2 3 0 5 14 8 7 6 10 11 12 13 4 15 9
149 143 6 1 2 3 9 5 14 8 7 6 10 11 12 13 4 15 0
149 142 7 1 2 3 9 5 14 7 8 6 10 15 12 13 4 0 11
149 143 6 1 2 3 9 5 14 7 8 6 10 15 12 13 4 11 0
152 145 7 1 2 3 0 5 14 7 8 6 10 15 12 13 4 11 9
154 147 7 1 2 3 9 5 14 7 8 10 4 11 12 13 6 0 15
155 148 7 1 2 3 9 5 14 7 8 10 4 11 12 13 0 6 15
156 149 7 1 2 3 9 5 14 7 8 10 0 11 12 13 4 6 15
156 150 6 1 2 3 9 5 14 7 8 0 10 11 12 13 4 6 15
158 151 7 1 2 3 9 5 14 7 8 13 10 11 12 0 4 6 15
159 153 6 1 2 3 9 5 14 7 8 13 10 11 12 15 4 6 0
162 155 7 1 2 3 0 5 14 7 8 13 10 11 12 15 4 6 9
165 158 7 1 2 3 15 5 14 7 8 13 10 11 12 0 4 6 9
166 160 6 1 2 3 15 5 14 7 8 13 10 11 12 9 4 6 0
165 159 6 1 2 3 15 5 14 7 8 0 10 11 12 13 4 6 9
167 160 7 1 2 3 15 5 14 7 8 10 0 11 12 13 4 6 9
168 161 7 1 2 3 15 5 14 7 8 10 4 11 12 13 0 6 9
169 162 7 1 2 3 15 5 14 7 8 10 4 11 12 13 6 0 9
169 163 6 1 2 3 15 5 14 7 8 10 4 11 12 13 6 9 0
172 165 7 1 2 3 0 5 14 7 8 10 4 11 12 13 6 9 15
153 146 7 9 2 3 1 5 14 7 8 6 10 11 12 13 4 0 15
154 147 7 9 2 3 1 5 14 7 8 6 10 11 12 13 0 4 15
152 145 7 14 0 3 9 5 2 7 8 6 10 11 12 13 4 15 1
153 146 7 0 14 3 9 5 2 7 8 6 10 11 12 13 4 15 1
154 149 5 1 14 3 9 5 2 7 8 6 10 11 12 13 4 15 0
157 151 6 1 14 3 0 5 2 7 8 6 10 11 12 13 4 15 9
161 154 7 1 14 3 7 5 2 0 8 6 10 11 12 13 4 15 9
162 155 7 1 14 3 7 5 0 2 8 6 10 11 12 13 4 15 9
163 156 7 1 0 3 7 5 14 2 8 6 10 11 12 13 4 15 9
171 164 7 1 2 3 14 5 6 8 0 13 10 11 12 9 4 15 7
142 135 7 1 2 7 3 5 0 14 8 6 10 11 12 13 4 15 9
151 144 7 9 2 3 8 5 14 7 0 6 10 11 12 13 4 15 1
153 146 7 9 2 3 7 5 14 0 8 6 10 11 12 13 4 15 1
154 147 7 9 2 3 7 5 0 14 8 6 10 11 12 13 4 15 1
153 146 7 9 2 3 1 5 14 7 8 6 10 11 0 13 4 15 12
152 145 7 14 2 3 9 0 5 7 8 6 10 11 12 13 4 15 1
153 146 7 14 2 3 9 6 5 7 8 0 10 11 12 13 4 15 1
165 158 7 1 2 3 0 5 4 14 8 13 10 11 12 7 6 15 9
168 161 7 1 2 3 14 5 4 0 8 13 10 11 12 7 6 15 9
169 162 7 1 2 3 14 5 0 4 8 13 10 11 12 7 6 15 9
171 164 7 1 2 3 9 0 4 14 8 5 10 11 12 13 6 15 7
172 165 7 1 2 3 9 4 0 14 8 5 10 11 12 13 6 15 7
173 166 7 1 2 3 9 4 14 0 8 5 10 11 12 13 6 15 7
151 144 7 1 2 0 3 5 14 7 8 6 10 11 12 9 4 15 13
151 144 7 1 2 3 8 5 14 7 0 6 10 11 12 9 4 15 13
149 142 7 0 2 3 9 5 14 7 8 6 10 11 12 1 4 15 13
151 145 6 13 2 3 9 5 14 7 8 6 10 11 12 1 4 15 0
154 147 7 13 2 3 0 5 14 7 8 6 10 11 12 1 4 15 9
155 148 7 1 2 3 9 5 14 7 8 10 6 11 0 13 4 15 12
153 146 7 1 2 3 13 5 14 7 8 6 10 11 12 9 4 0 15
154 147 7 1 2 3 13 5 14 7 8 6 10 11 12 9 0 4 15
155 148 7 1 2 3 13 5 14 7 8 6 10 11 12 0 9 4 15
157 151 6 1 2 3 0 5 14 7 8 6 10 11 12 13 9 4 15
158 153 5 1 2 3 15 5 14 7 8 6 10 11 12 13 9 4 0
160 154 6 1 2 3 15 5 14 7 8 6 10 11 12 13 9 0 4
161 155 6 1 2 3 15 5 14 7 8 6 10 11 12 13 0 9 4
156 150 6 1 2 3 13 5 14 7 8 6 10 11 12 15 9 4 0
159 152 7 1 2 3 0 5 14 7 8 6 10 11 12 15 9 4 13
149 142 7 1 2 3 9 5 14 7 8 6 10 11 12 4 15 0 13
149 143 6 1 2 3 9 5 14 7 8 6 10 11 12 4 15 13 0
152 145 7 1 2 3 0 5 14 7 8 6 10 11 12 4 15 13 9
154 148 6 1 2 3 4 5 14 7 8 6 10 11 12 0 15 13 9
155 150 5 1 2 3 4 5 14 7 8 6 10 11 12 9 15 13 0
157 151 6 1 2 3 4 5 14 7 8 6 10 11 12 9 15 0 13
157 152 5 1 2 3 4 5 14 7 8 6 10 11 12 9 0 15 13
158 153 5 1 2 3 4 5 14 7 8 6 10 11 12 0 9 15 13
158 155 3 1 2 3 4 5 14 7 8 6 10 11 12 13 9 15 0
163 158 5 1 2 3 4 5 14 7 8 6 10 0 12 13 9 15 11
163 158 5 0 2 3 4 5 14 7 8 6 10 11 12 13 9 15 1
166 161 5 14 2 3 4 5 0 7 8 6 10 11 12 13 9 15 1
162 157 5 1 2 3 0 5 14 7 8 6 10 11 12 13 9 15 4
161 156 5 1 2 3 4 5 14 7 8 6 10 11 12 13 9 0 15
162 157 5 1 2 3 4 5 14 7 8 6 10 11 12 13 0 9 15
161 156 5 1 2 3 4 5 14 7 8 6 10 11 0 13 9 15 12
159 154 5 1 2 3 4 5 14 7 8 0 10 11 12 6 9 15 13
161 155 6 1 2 3 4 5 14 7 8 10 0 11 12 6 9 15 13
162 156 6 1 2 3 4 5 14 7 8 10 9 11 12 6 0 15 13
163 157 6 1 2 3 4 5 14 7 8 10 9 11 12 0 6 15 13
163 159 4 1 2 3 4 5 14 7 8 10 9 11 12 13 6 15 0
168 162 6 1 2 3 4 5 14 7 8 10 9 0 12 13 6 15 11
169 163 6 1 2 3 4 5 14 7 8 10 0 9 12 13 6 15 11
169 164 5 1 2 3 4 5 14 7 8 0 10 9 12 13 6 15 11
171 165 6 1 2 3 4 5 14 7 8 13 10 9 12 0 6 15 11
172 167 5 1 2 3 4 5 14 7 8 13 10 9 12 11 6 15 0
176 170 6 1 2 3 4 5 14 7 8 13 10 0 12 11 6 15 9
172 166 6 1 2 3 4 5 14 7 8 13 10 9 12 6 0 15 11
171 165 6 1 2 3 4 0 14 7 8 5 10 9 12 13 6 15 11
172 166 6 1 2 3 4 14 0 7 8 5 10 9 12 13 6 15 11
166 160 6 1 2 3 4 5 14 7 8 10 0 11 12 9 6 15 13
166 161 5 1 2 3 4 5 14 7 8 0 10 11 12 9 6 15 13
166 162 4 1 2 3 4 5 14 7 8 9 10 11 12 0 6 15 13
166 164 2 1 2 3 4 5 14 7 8 9 10 11 12 13 6 15 0
171 167 4 1 2 3 4 5 14 7 8 9 10 0 12 13 6 15 11
171 167 4 0 2 3 4 5 14 7 8 9 10 11 12 13 6 15 1
174 170 4 14 2 3 4 5 0 7 8 9 10 11 12 13 6 15 1
170 166 4 1 2 3 0 5 14 7 8 9 10 11 12 13 6 15 4
169 165 4 1 2 3 4 5 14 7 8 9 10 11 12 13 6 0 15
170 166 4 1 2 3 4 5 14 7 8 9 10 11 12 13 0 6 15
169 165 4 1 2 3 4 5 14 7 8 9 10 11 0 13 6 15 12
167 163 4 1 2 3 4 5 14 7 8 9 10 11 12 6 0 15 13
169 164 5 1 2 3 4 5 14 7 8 9 10 11 12 6 15 0 13
169 165 4 1 2 3 4 5 14 7 8 9 10 11 12 6 15 13 0
172 167 5 1 2 3 4 5 14 7 8 9 10 11 12 0 15 13 6
173 168 5 1 2 3 4 5 14 7 8 9 10 11 12 15 0 13 6
174 169 5 1 2 3 4 5 14 7 8 9 10 11 12 15 13 0 6
174 170 4 1 2 3 4 5 14 7 8 9 10 11 12 15 13 6 0
169 164 5 1 2 3 4 5 14 7 8 9 0 11 12 6 10 15 13
170 165 5 1 2 3 4 5 0 7 8 9 14 11 12 6 10 15 13
173 168 5 1 2 3 4 5 14 7 8 9 10 12 0 13 6 15 11
173 169 4 1 2 3 4 5 14 7 8 9 10 12 11 13 6 15 0
171 166 5 1 2 3 4 5 14 7 8 9 10 0 11 13 6 15 12
171 166 5 1 2 3 4 5 14 7 0 9 10 11 8 13 6 15 12
170 165 5 1 2 3 0 5 14 7 8 9 10 11 12 4 6 15 13
171 167 4 1 2 3 13 5 14 7 8 9 10 11 12 4 6 15 0
176 171 5 14 2 3 4 5 7 0 8 9 10 11 12 13 6 15 1
174 169 5 4 2 3 0 5 14 7 8 9 10 11 12 13 6 15 1
175 171 4 4 2 3 1 5 14 7 8 9 10 11 12 13 6 15 0
176 171 5 14 0 3 4 5 2 7 8 9 10 11 12 13 6 15 1
177 172 5 0 14 3 4 5 2 7 8 9 10 11 12 13 6 15 1
178 175 3 1 14 3 4 5 2 7 8 9 10 11 12 13 6 15 0
183 178 5 1 14 3 4 5 2 7 8 9 10 0 12 13 6 15 11
182 177 5 1 14 3 0 5 2 7 8 9 10 11 12 13 6 15 4
182 177 5 1 14 3 4 5 2 7 8 9 10 11 12 0 6 15 13
183 178 5 1 14 3 4 5 2 7 8 9 10 11 12 6 0 15 13
181 176 5 1 14 3 4 5 2 7 8 9 10 11 12 13 6 0 15
182 177 5 1 14 3 4 5 2 7 8 9 10 11 12 13 0 6 15
173 168 5 0 2 3 1 5 14 7 8 9 10 11 12 13 6 15 4
176 171 5 14 2 3 1 5 0 7 8 9 10 11 12 13 6 15 4
174 169 5 1 2 3 13 5 14 7 8 9 10 11 12 0 6 15 4
175 170 5 1 2 3 13 5 14 7 8 9 10 11 12 6 0 15 4
173 168 5 1 2 3 4 5 14 7 8 9 0 10 12 13 6 15 11
174 169 5 1 2 3 4 5 14 7 8 9 6 10 12 13 0 15 11
174 169 5 1 2 3 4 5 0 7 8 9 14 10 12 13 6 15 11
173 168 5 5 2 3 4 0 14 7 8 9 10 11 12 13 6 15 1
174 169 5 5 2 3 4 14 0 7 8 9 10 11 12 13 6 15 1
170 165 5 1 2 3 4 5 14 7 8 9 0 11 12 10 6 15 13
171 166 5 1 2 3 4 5 14 7 8 9 6 11 12 10 0 15 13
172 167 5 1 2 3 4 5 14 7 8 9 6 11 12 0 10 15 13
172 169 3 1 2 3 4 5 14 7 8 9 6 11 12 13 10 15 0
177 172 5 1 2 3 4 5 14 7 8 9 6 0 12 13 10 15 11
178 173 5 1 2 3 4 5 14 7 8 9 0 6 12 13 10 15 11
178 174 4 1 2 3 4 5 14 7 8 9 10 6 12 13 0 15 11
180 175 5 1 2 3 4 5 14 7 8 9 10 6 12 13 15 0 11
180 176 4 1 2 3 4 5 14 7 8 9 10 6 12 13 15 11 0
184 179 5 1 2 3 4 5 14 7 8 9 10 0 12 13 15 11 6
184 180 4 1 2 3 4 5 14 7 8 9 10 11 12 13 15 0 6
184 181 3 1 2 3 4 5 14 7 8 9 10 11 12 13 15 6 0
184 181 3 1 2 3 4 5 14 7 8 9 10 11 12 13 0 15 6
186 182 4 1 2 3 4 5 14 7 8 9 10 11 12 0 13 15 6
187 184 3 1 2 3 4 5 14 7 8 9 10 11 12 6 13 15 0
186 182 4 1 2 3 4 5 14 7 8 9 0 11 12 13 10 15 6
187 183 4 1 2 3 4 5 0 7 8 9 14 11 12 13 10 15 6
189 184 5 1 2 3 4 5 7 0 8 9 14 11 12 13 10 15 6
190 185 5 1 2 3 4 5 14 7 8 9 10 11 12 6 13 0 15
191 186 5 1 2 3 4 5 14 7 8 9 10 11 12 6 0 13 15
192 187 5 1 2 3 4 5 14 7 8 9 10 11 12 0 6 13 15
193 189 4 1 2 3 4 5 14 7 8 9 10 11 12 15 6 13 0
195 190 5 1 2 3 4 5 14 7 8 9 10 11 12 15 6 0 13
196 191 5 1 2 3 4 5 14 7 8 9 10 11 12 15 0 6 13
189 184 5 1 2 3 4 0 5 7 8 9 14 11 12 13 10 15 6
189 184 5 1 0 3 4 5 2 7 8 9 14 11 12 13 10 15 6
180 175 5 2 14 3 4 5 0 7 8 9 10 11 12 13 6 15 1
188 183 5 1 2 3 4 5 14 7 8 9 11 0 12 13 10 15 6
176 171 5 1 2 3 0 5 14 7 8 9 6 11 12 13 10 15 4
173 168 5 1 2 3 4 5 14 0 8 9 10 7 12 13 6 15 11
174 169 5 1 2 3 4 5 0 14 8 9 10 7 12 13 6 15 11
169 164 5 0 2 3 4 5 14 7 8 9 10 11 12 1 6 15 13
171 167 4 13 2 3 4 5 14 7 8 9 10 11 12 1 6 15 0
172 167 5 14 2 3 4 5 0 7 8 9 10 11 12 1 6 15 13
174 169 5 1 2 3 7 5 14 0 8 9 10 11 12 13 6 15 4
175 170 5 1 2 3 7 5 0 14 8 9 10 11 12 13 6 15 4
171 166 5 1 2 3 4 5 0 7 8 9 14 11 12 10 6 15 13
180 175 5 1 2 3 4 5 14 7 8 9 10 6 12 0 13 15 11
181 177 4 1 2 3 4 5 14 7 8 9 10 6 12 11 13 15 0
185 180 5 1 2 3 4 5 14 7 8 9 10 0 12 11 13 15 6
179 174 5 1 2 3 4 5 0 7 8 9 14 6 12 13 10 15 11
177 172 5 0 2 3 4 5 14 7 8 9 6 11 12 13 10 15 1
180 175 5 14 2 3 4 5 0 7 8 9 6 11 12 13 10 15 1
180 176 4 14 2 3 4 5 6 7 8 9 0 11 12 13 10 15 1
180 177 3 14 2 3 4 5 6 7 8 9 10 11 12 13 0 15 1
182 178 4 14 2 3 4 5 6 7 8 9 10 11 12 13 15 0 1
182 179 3 14 2 3 4 5 6 7 8 9 10 11 12 13 15 1 0
186 182 4 0 2 3 4 5 6 7 8 9 10 11 12 13 15 1 14
182 178 4 14 2 3 4 5 6 7 8 9 10 11 12 0 13 15 1
183 180 3 14 2 3 4 5 6 7 8 9 10 11 12 1 13 15 0
187 183 4 0 2 3 4 5 6 7 8 9 10 11 12 1 13 15 14
188 185 3 1 2 3 4 5 6 7 8 9 10 11 12 0 13 15 14
189 187 2 1 2 3 4 5 6 7 8 9 10 11 12 14 13 15 0
188 186 2 1 2 3 4 5 6 7 8 9 10 11 12 13 0 15 14
190 187 3 1 2 3 4 5 6 7 8 9 10 11 12 13 15 0 14
190 188 2 1 2 3 4 5 6 7 8 9 10 11 12 13 15 14 0
190 187 3 1 2 3 4 5 6 7 8 9 0 11 12 13 10 15 14
192 188 4 1 2 3 4 5 6 7 8 9 11 0 12 13 10 15 14
192 188 4 1 2 3 4 5 6 7 8 0 9 11 12 13 10 15 14
192 188 4 1 2 3 4 5 0 7 8 9 6 11 12 13 10 15 14
192 188 4 1 2 3 4 5 6 7 8 9 10 11 12 14 13 0 15
193 189 4 1 2 3 4 5 6 7 8 9 10 11 12 14 0 13 15
193 190 3 1 2 3 4 5 6 7 8 9 10 11 12 0 14 13 15
194 192 2 1 2 3 4 5 6 7 8 9 10 11 12 15 14 13 0
196 193 3 1 2 3 4 5 6 7 8 9 10 11 12 15 14 0 13
198 194 4 1 2 3 4 5 6 7 8 9 10 11 12 15 0 14 13
195 191 4 1 2 3 4 5 6 7 8 0 10 11 12 9 14 13 15
198 194 4 1 2 3 4 5 6 7 8 9 10 0 12 15 14 11 13
199 195 4 1 2 3 4 5 6 7 8 9 10 0 12 15 14 13 11
200 196 4 1 2 3 4 5 6 7 8 9 10 13 12 15 14 0 11
200 197 3 1 2 3 4 5 6 7 8 9 10 13 12 15 14 11 0
203 199 4 1 2 3 4 5 6 7 8 9 10 13 12 0 14 11 15
199 195 4 0 2 3 4 5 6 7 8 9 10 11 12 15 14 13 1
201 197 4 15 2 3 4 5 6 7 8 9 10 11 12 0 14 13 1
202 199 3 15 2 3 4 5 6 7 8 9 10 11 12 1 14 13 0
204 200 4 15 2 3 4 5 6 7 8 9 10 11 12 1 14 0 13
198 194 4 1 2 3 0 5 6 7 8 9 10 11 12 15 14 13 4
201 197 4 1 2 3 15 5 6 7 8 9 10 11 12 0 14 13 4
202 199 3 1 2 3 15 5 6 7 8 9 10 11 12 4 14 13 0
204 200 4 1 2 3 15 5 6 7 8 9 10 11 12 4 14 0 13
197 193 4 1 2 3 4 5 6 7 8 9 10 11 0 15 14 13 12
193 189 4 1 2 3 0 5 6 7 8 9 10 11 12 14 13 15 4
196 192 4 1 2 3 14 5 6 7 8 9 10 11 12 0 13 15 4
197 194 3 1 2 3 14 5 6 7 8 9 10 11 12 4 13 15 0
196 193 3 1 2 3 14 5 6 7 8 9 10 11 12 13 0 15 4
198 194 4 1 2 3 14 5 6 7 8 9 10 11 12 13 15 0 4
198 195 3 1 2 3 14 5 6 7 8 9 10 11 12 13 15 4 0
201 197 4 1 2 3 0 5 6 7 8 9 10 11 12 13 15 4 14
198 194 4 1 2 3 14 5 6 7 8 9 0 11 12 13 10 15 4
192 188 4 1 2 3 4 5 6 7 8 9 10 11 0 14 13 15 12
194 190 4 1 2 3 0 5 6 7 8 9 10 11 12 13 15 14 4
190 186 4 1 2 3 4 5 6 7 8 0 10 11 12 9 13 15 14
194 190 4 1 2 3 4 5 6 7 8 9 10 0 12 14 13 15 11
184 180 4 0 2 3 4 5 6 7 8 9 10 11 12 14 13 15 1
194 190 4 1 2 3 4 5 6 7 8 9 10 11 12 0 15 14 13
192 188 4 1 2 3 4 5 6 7 8 9 0 11 12 10 13 15 14
193 189 4 1 2 3 4 5 6 7 8 9 13 11 12 10 0 15 14
194 190 4 1 2 3 4 5 6 7 8 9 13 11 12 0 10 15 14
195 192 3 1 2 3 4 5 6 7 8 9 13 11 12 14 10 15 0
193 189 4 1 2 3 4 5 6 7 8 9 10 11 0 13 15 14 12
197 193 4 1 2 3 4 5 6 7 8 9 0 11 12 10 14 13 15
197 193 4 1 2 3 0 5 6 7 8 9 10 11 12 4 14 13 15
195 191 4 0 2 3 4 5 6 7 8 9 10 11 12 13 15 14 1
192 188 4 1 2 3 4 5 6 7 8 9 10 0 12 13 15 11 14
195 191 4 1 2 3 4 5 6 7 8 9 10 0 12 13 15 14 11
196 192 4 1 2 3 4 5 6 7 8 9 10 14 12 13 15 0 11
196 193 3 1 2 3 4 5 6 7 8 9 10 14 12 13 15 11 0
196 193 3 1 2 3 4 5 6 7 8 9 10 14 12 13 0 15 11
198 194 4 1 2 3 4 5 6 7 8 9 10 14 12 0 13 15 11
199 196 3 1 2 3 4 5 6 7 8 9 10 14 12 11 13 15 0
203 199 4 1 2 3 4 5 6 7 8 9 10 0 12 11 13 15 14
198 194 4 1 2 3 4 5 6 7 8 9 0 14 12 13 10 15 11
199 195 4 1 2 3 4 5 6 7 8 9 14 0 12 13 10 15 11
196 192 4 0 2 3 4 5 6 7 8 9 10 11 12 1 14 13 15
192 188 4 1 2 3 0 5 6 7 8 9 10 11 12 4 13 15 14
196 191 5 1 2 3 7 5 6 0 8 9 10 11 12 4 13 15 14
201 196 5 1 2 3 4 5 6 7 8 9 14 12 0 13 10 15 11
201 197 4 1 2 3 4 5 6 7 8 9 14 12 11 13 10 15 0
205 200 5 1 2 3 4 5 6 7 8 9 14 0 11 13 10 15 12
205 201 4 1 2 3 4 5 6 7 8 9 14 11 0 13 10 15 12
204 202 2 1 2 3 4 5 6 7 8 9 14 11 12 13 10 15 0
209 205 4 0 2 3 4 5 6 7 8 9 14 11 12 13 10 15 1
208 204 4 1 2 3 0 5 6 7 8 9 14 11 12 13 10 15 4
208 204 4 1 2 3 4 5 6 7 8 9 14 11 12 0 10 15 13
211 207 4 1 2 3 4 5 6 7 8 9 0 11 12 14 10 15 13
211 208 3 1 2 3 4 5 6 7 8 9 10 11 12 14 0 15 13
211 209 2 1 2 3 4 5 6 7 8 9 10 11 12 0 14 15 13
211 211 0 1 2 3 4 5 6 7 8 9 10 11 12 13 14 15 0
