0 0 0 5 10 9 3 6 7 15 2 8 11 0 14 1 13 12 4
14 1 13 5 10 9 3 6 7 15 2 8 0 11 14 1 13 12 4
14 2 12 5 10 9 3 6 0 15 2 8 7 11 14 1 13 12 4
14 3 11 5 10 9 3 0 6 15 2 8 7 11 14 1 13 12 4
15 4 11 5 10 9 3 8 6 15 2 0 7 11 14 1 13 12 4
16 5 11 5 10 9 3 8 6 15 2 1 7 11 14 0 13 12 4
16 7 9 5 10 9 3 8 6 15 2 1 7 11 14 4 13 12 0
20 10 10 0 10 9 3 8 6 15 2 1 7 11 14 4 13 12 5
22 12 10 3 10 9 0 8 6 15 2 1 7 11 14 4 13 12 5
23 14 9 3 10 9 5 8 6 15 2 1 7 11 14 4 13 12 0
27 17 10 0 10 9 5 8 6 15 2 1 7 11 14 4 13 12 3
28 18 10 10 0 9 5 8 6 15 2 1 7 11 14 4 13 12 3
21 11 10 10 0 9 3 8 6 15 2 1 7 11 14 4 13 12 5
21 11 10 8 10 9 3 0 6 15 2 1 7 11 14 4 13 12 5
22 12 10 8 10 9 3 1 6 15 2 0 7 11 14 4 13 12 5
28 18 10 8 10 9 5 0 6 15 2 1 7 11 14 4 13 12 3
29 19 10 8 10 9 5 1 6 15 2 0 7 11 14 4 13 12 3
25 15 10 3 10 9 15 8 6 0 2 1 7 11 14 4 13 12 5
26 16 10 3 10 9 15 8 6 2 0 1 7 11 14 4 13 12 5
26 17 9 3 10 9 15 8 6 2 14 1 7 11 0 4 13 12 5
26 18 8 3 10 9 15 8 6 2 14 1 7 11 5 4 13 12 0
30 21 9 0 10 9 15 8 6 2 14 1 7 11 5 4 13 12 3
32 23 9 15 10 9 0 8 6 2 14 1 7 11 5 4 13 12 3
33 25 8 15 10 9 3 8 6 2 14 1 7 11 5 4 13 12 0
37 28 9 0 10 9 3 8 6 2 14 1 7 11 5 4 13 12 15
38 29 9 10 0 9 3 8 6 2 14 1 7 11 5 4 13 12 15
38 29 9 8 10 9 3 0 6 2 14 1 7 11 5 4 13 12 15
39 30 9 8 10 9 3 1 6 2 14 0 7 11 5 4 13 12 15
31 22 9 10 0 9 15 8 6 2 14 1 7 11 5 4 13 12 3
31 22 9 8 10 9 15 0 6 2 14 1 7 11 5 4 13 12 3
32 23 9 8 10 9 15 1 6 2 14 0 7 11 5 4 13 12 3
35 26 9 15 10 9 2 8 6 0 14 1 7 11 5 4 13 12 3
35 26 9 15 10 9 3 8 6 2 14 1 7 11 0 4 13 12 5
29 20 9 3 10 9 0 8 6 2 14 1 7 11 5 4 13 12 15
32 23 9 3 10 9 2 8 6 0 14 1 7 11 5 4 13 12 15
34 24 10 3 10 9 2 8 6 14 0 1 7 11 5 4 13 12 15
35 25 10 3 10 9 2 8 6 14 5 1 7 11 0 4 13 12 15
34 26 8 3 10 9 2 8 6 14 5 1 7 11 15 4 13 12 0
38 29 9 0 10 9 2 8 6 14 5 1 7 11 15 4 13 12 3
40 31 9 2 10 9 0 8 6 14 5 1 7 11 15 4 13 12 3
41 33 8 2 10 9 3 8 6 14 5 1 7 11 15 4 13 12 0
45 36 9 0 10 9 3 8 6 14 5 1 7 11 15 4 13 12 2
46 37 9 10 0 9 3 8 6 14 5 1 7 11 15 4 13 12 2
41 32 9 2 10 9 5 8 6 14 0 1 7 11 15 4 13 12 3
41 33 8 2 10 9 5 8 6 0 14 1 7 11 15 4 13 12 3
43 34 9 2 10 9 5 8 0 6 14 1 7 11 15 4 13 12 3
44 35 9 2 10 9 5 0 8 6 14 1 7 11 15 4 13 12 3
45 36 9 2 10 9 5 1 8 6 14 0 7 11 15 4 13 12 3
39 30 9 8 10 9 2 0 6 14 5 1 7 11 15 4 13 12 3
40 31 9 8 10 9 2 1 6 14 5 0 7 11 15 4 13 12 3
44 35 9 2 0 9 5 8 10 6 14 1 7 11 15 4 13 12 3
45 36 9 0 2 9 5 8 10 6 14 1 7 11 15 4 13 12 3
47 39 8 3 2 9 5 8 10 6 14 1 7 11 15 4 13 12 0
50 41 9 3 2 9 0 8 10 6 14 1 7 11 15 4 13 12 5
53 44 9 3 2 9 6 8 10 0 14 1 7 11 15 4 13 12 5
53 45 8 3 2 9 6 8 0 10 14 1 7 11 15 4 13 12 5
54 46 8 3 2 9 6 0 8 10 14 1 7 11 15 4 13 12 5
55 47 8 3 2 9 6 1 8 10 14 0 7 11 15 4 13 12 5
54 46 8 3 0 9 6 8 2 10 14 1 7 11 15 4 13 12 5
55 47 8 0 3 9 6 8 2 10 14 1 7 11 15 4 13 12 5
57 50 7 5 3 9 6 8 2 10 14 1 7 11 15 4 13 12 0
60 52 8 5 3 9 0 8 2 10 14 1 7 11 15 4 13 12 6
62 54 8 0 3 9 5 8 2 10 14 1 7 11 15 4 13 12 6
64 57 7 6 3 9 5 8 2 10 14 1 7 11 15 4 13 12 0
65 57 8 2 3 9 5 8 0 10 14 1 7 11 15 4 13 12 6
66 58 8 2 3 9 5 0 8 10 14 1 7 11 15 4 13 12 6
67 59 8 2 3 9 5 1 8 10 14 0 7 11 15 4 13 12 6
66 58 8 2 0 9 5 8 3 10 14 1 7 11 15 4 13 12 6
67 59 8 0 2 9 5 8 3 10 14 1 7 11 15 4 13 12 6
69 62 7 6 2 9 5 8 3 10 14 1 7 11 15 4 13 12 0
72 64 8 6 2 9 0 8 3 10 14 1 7 11 15 4 13 12 5
74 66 8 0 2 9 6 8 3 10 14 1 7 11 15 4 13 12 5
76 69 7 5 2 9 6 8 3 10 14 1 7 11 15 4 13 12 0
75 67 8 2 0 9 6 8 3 10 14 1 7 11 15 4 13 12 5
63 55 8 8 3 9 5 0 2 10 14 1 7 11 15 4 13 12 6
63 56 7 8 3 9 5 2 0 10 14 1 7 11 15 4 13 12 6
64 57 7 8 0 9 5 2 3 10 14 1 7 11 15 4 13 12 6
65 58 7 0 8 9 5 2 3 10 14 1 7 11 15 4 13 12 6
67 61 6 6 8 9 5 2 3 10 14 1 7 11 15 4 13 12 0
70 63 7 6 8 9 0 2 3 10 14 1 7 11 15 4 13 12 5
72 65 7 0 8 9 6 2 3 10 14 1 7 11 15 4 13 12 5
74 68 6 5 8 9 6 2 3 10 14 1 7 11 15 4 13 12 0
75 68 7 3 8 9 6 2 0 10 14 1 7 11 15 4 13 12 5
76 69 7 3 0 9 6 2 8 10 14 1 7 11 15 4 13 12 5
77 70 7 0 3 9 6 2 8 10 14 1 7 11 15 4 13 12 5
79 73 6 5 3 9 6 2 8 10 14 1 7 11 15 4 13 12 0
82 75 7 5 3 9 0 2 8 10 14 1 7 11 15 4 13 12 6
84 77 7 0 3 9 5 2 8 10 14 1 7 11 15 4 13 12 6
86 80 6 6 3 9 5 2 8 10 14 1 7 11 15 4 13 12 0
85 78 7 3 0 9 5 2 8 10 14 1 7 11 15 4 13 12 6
80 73 7 8 3 9 6 2 0 10 14 1 7 11 15 4 13 12 5
68 61 7 3 8 9 5 2 0 10 14 1 7 11 15 4 13 12 6
73 66 7 8 0 9 6 2 3 10 14 1 7 11 15 4 13 12 5
79 72 7 6 3 9 0 2 8 10 14 1 7 11 15 4 13 12 5
67 60 7 5 8 9 0 2 3 10 14 1 7 11 15 4 13 12 6
71 63 8 5 8 9 10 2 3 0 14 1 7 11 15 4 13 12 6
72 64 8 5 8 9 10 2 0 3 14 1 7 11 15 4 13 12 6
73 65 8 5 0 9 10 2 8 3 14 1 7 11 15 4 13 12 6
73 66 7 0 5 9 10 2 8 3 14 1 7 11 15 4 13 12 6
75 69 6 6 5 9 10 2 8 3 14 1 7 11 15 4 13 12 0
78 71 7 6 5 9 0 2 8 3 14 1 7 11 15 4 13 12 10
81 74 7 6 5 9 3 2 8 0 14 1 7 11 15 4 13 12 10
82 75 7 6 5 9 3 2 0 8 14 1 7 11 15 4 13 12 10
80 73 7 0 5 9 6 2 8 3 14 1 7 11 15 4 13 12 10
82 76 6 10 5 9 6 2 8 3 14 1 7 11 15 4 13 12 0
83 76 7 8 5 9 6 2 0 3 14 1 7 11 15 4 13 12 10
84 77 7 8 5 9 6 2 3 0 14 1 7 11 15 4 13 12 10
76 69 7 8 5 9 10 2 0 3 14 1 7 11 15 4 13 12 6
77 70 7 8 5 9 10 2 3 0 14 1 7 11 15 4 13 12 6
75 68 7 10 5 9 0 2 8 3 14 1 7 11 15 4 13 12 6
78 71 7 10 5 9 3 2 8 0 14 1 7 11 15 4 13 12 6
79 72 7 10 5 9 3 2 0 8 14 1 7 11 15 4 13 12 6
81 73 8 10 5 9 3 0 2 8 14 1 7 11 15 4 13 12 6
82 74 8 10 5 9 3 1 2 8 14 0 7 11 15 4 13 12 6
78 70 8 8 5 9 10 2 7 3 14 1 0 11 15 4 13 12 6
79 71 8 8 5 9 10 2 7 3 14 0 1 11 15 4 13 12 6
79 71 8 8 5 9 10 2 7 3 14 1 13 11 15 4 0 12 6
77 69 8 10 5 0 9 2 8 3 14 1 7 11 15 4 13 12 6
78 70 8 10 5 3 9 2 8 0 14 1 7 11 15 4 13 12 6
79 71 8 10 5 3 9 2 0 8 14 1 7 11 15 4 13 12 6
81 73 8 10 5 9 3 2 7 8 14 1 0 11 15 4 13 12 6
82 74 8 10 5 9 3 2 7 8 14 0 1 11 15 4 13 12 6
82 74 8 10 5 9 3 2 7 8 14 1 13 11 15 4 0 12 6
86 78 8 8 5 9 6 2 3 11 14 1 7 0 15 4 13 12 10
86 78 8 8 5 0 6 2 3 9 14 1 7 11 15 4 13 12 10
87 79 8 8 5 6 0 2 3 9 14 1 7 11 15 4 13 12 10
88 81 7 8 5 6 10 2 3 9 14 1 7 11 15 4 13 12 0
92 84 8 0 5 6 10 2 3 9 14 1 7 11 15 4 13 12 8
95 87 8 3 5 6 10 2 0 9 14 1 7 11 15 4 13 12 8
96 88 8 3 5 6 10 2 9 0 14 1 7 11 15 4 13 12 8
97 89 8 3 5 0 10 2 9 6 14 1 7 11 15 4 13 12 8
98 90 8 3 5 10 0 2 9 6 14 1 7 11 15 4 13 12 8
99 92 7 3 5 10 8 2 9 6 14 1 7 11 15 4 13 12 0
103 95 8 0 5 10 8 2 9 6 14 1 7 11 15 4 13 12 3
106 98 8 9 5 10 8 2 0 6 14 1 7 11 15 4 13 12 3
106 99 7 9 5 10 8 2 6 0 14 1 7 11 15 4 13 12 3
106 100 6 9 5 0 8 2 6 10 14 1 7 11 15 4 13 12 3
107 101 6 9 5 8 0 2 6 10 14 1 7 11 15 4 13 12 3
108 103 5 9 5 8 3 2 6 10 14 1 7 11 15 4 13 12 0
112 106 6 0 5 8 3 2 6 10 14 1 7 11 15 4 13 12 9
114 108 6 3 5 8 0 2 6 10 14 1 7 11 15 4 13 12 9
115 110 5 3 5 8 9 2 6 10 14 1 7 11 15 4 13 12 0
115 109 6 3 5 0 8 2 6 10 14 1 7 11 15 4 13 12 9
109 103 6 0 5 8 9 2 6 10 14 1 7 11 15 4 13 12 3
113 106 7 6 5 8 9 2 0 10 14 1 7 11 15 4 13 12 3
120 113 7 3 5 8 9 2 6 10 14 1 7 0 15 4 13 12 11
112 105 7 4 5 8 9 2 6 10 14 1 7 11 15 0 13 12 3
113 107 6 4 5 8 9 2 6 10 14 1 7 11 15 3 13 12 0
117 110 7 0 5 8 9 2 6 10 14 1 7 11 15 3 13 12 4
119 112 7 9 5 8 0 2 6 10 14 1 7 11 15 3 13 12 4
120 114 6 9 5 8 4 2 6 10 14 1 7 11 15 3 13 12 0
124 117 7 0 5 8 4 2 6 10 14 1 7 11 15 3 13 12 9
120 113 7 9 5 0 8 2 6 10 14 1 7 11 15 3 13 12 4
116 109 7 4 5 8 0 2 6 10 14 1 7 11 15 3 13 12 9
117 110 7 4 5 0 8 2 6 10 14 1 7 11 15 3 13 12 9
111 104 7 9 5 8 3 2 6 10 14 1 7 11 0 4 13 12 15
117 110 7 3 0 5 8 2 6 10 14 1 7 11 15 4 13 12 9
118 111 7 0 3 5 8 2 6 10 14 1 7 11 15 4 13 12 9
120 114 6 9 3 5 8 2 6 10 14 1 7 11 15 4 13 12 0
123 116 7 9 3 5 0 2 6 10 14 1 7 11 15 4 13 12 8
125 118 7 0 3 5 9 2 6 10 14 1 7 11 15 4 13 12 8
127 121 6 8 3 5 9 2 6 10 14 1 7 11 15 4 13 12 0
116 109 7 6 5 8 3 2 0 10 14 1 7 11 15 4 13 12 9
118 111 7 3 5 8 10 2 6 0 14 1 7 11 15 4 13 12 9
119 112 7 3 5 0 10 2 6 8 14 1 7 11 15 4 13 12 9
120 113 7 3 5 10 0 2 6 8 14 1 7 11 15 4 13 12 9
121 115 6 3 5 10 9 2 6 8 14 1 7 11 15 4 13 12 0
125 118 7 0 5 10 9 2 6 8 14 1 7 11 15 4 13 12 3
127 120 7 9 5 10 0 2 6 8 14 1 7 11 15 4 13 12 3
128 122 6 9 5 10 3 2 6 8 14 1 7 11 15 4 13 12 0
111 104 7 9 5 8 10 2 6 0 14 1 7 11 15 4 13 12 3
111 104 7 5 0 8 9 2 6 10 14 1 7 11 15 4 13 12 3
112 105 7 5 8 0 9 2 6 10 14 1 7 11 15 4 13 12 3
112 106 6 5 8 9 0 2 6 10 14 1 7 11 15 4 13 12 3
113 108 5 5 8 9 3 2 6 10 14 1 7 11 15 4 13 12 0
117 111 6 0 8 9 3 2 6 10 14 1 7 11 15 4 13 12 5
119 113 6 3 8 9 0 2 6 10 14 1 7 11 15 4 13 12 5
120 115 5 3 8 9 5 2 6 10 14 1 7 11 15 4 13 12 0
118 112 6 8 0 9 3 2 6 10 14 1 7 11 15 4 13 12 5
114 108 6 0 8 9 5 2 6 10 14 1 7 11 15 4 13 12 3
115 109 6 8 0 9 5 2 6 10 14 1 7 11 15 4 13 12 3
117 110 7 8 9 0 5 2 6 10 14 1 7 11 15 4 13 12 3
118 111 7 8 9 5 0 2 6 10 14 1 7 11 15 4 13 12 3
119 113 6 8 9 5 3 2 6 10 14 1 7 11 15 4 13 12 0
123 116 7 0 9 5 3 2 6 10 14 1 7 11 15 4 13 12 8
125 118 7 3 9 5 0 2 6 10 14 1 7 11 15 4 13 12 8
126 120 6 3 9 5 8 2 6 10 14 1 7 11 15 4 13 12 0
111 104 7 9 5 8 3 2 6 10 14 1 7 11 15 4 13 0 12
112 105 7 9 5 8 3 2 6 10 14 1 7 11 15 4 0 13 12
118 111 7 3 5 8 9 2 6 10 14 1 7 11 15 4 13 0 12
119 112 7 3 5 8 9 2 6 10 14 1 7 11 15 4 0 13 12
116 109 7 2 8 9 5 0 6 10 14 1 7 11 15 4 13 12 3
117 110 7 2 8 9 5 1 6 10 14 0 7 11 15 4 13 12 3
124 117 7 9 3 0 5 2 6 10 14 1 7 11 15 4 13 12 8
125 118 7 9 0 3 5 2 6 10 14 1 7 11 15 4 13 12 8
126 119 7 0 9 3 5 2 6 10 14 1 7 11 15 4 13 12 8
128 122 6 8 9 3 5 2 6 10 14 1 7 11 15 4 13 12 0
131 124 7 8 9 3 0 2 6 10 14 1 7 11 15 4 13 12 5
133 126 7 0 9 3 8 2 6 10 14 1 7 11 15 4 13 12 5
135 129 6 5 9 3 8 2 6 10 14 1 7 11 15 4 13 12 0
134 127 7 9 0 3 8 2 6 10 14 1 7 11 15 4 13 12 5
135 128 7 9 3 0 8 2 6 10 14 1 7 11 15 4 13 12 5
136 129 7 9 3 8 0 2 6 10 14 1 7 11 15 4 13 12 5
137 131 6 9 3 8 5 2 6 10 14 1 7 11 15 4 13 12 0
141 134 7 0 3 8 5 2 6 10 14 1 7 11 15 4 13 12 9
143 136 7 5 3 8 0 2 6 10 14 1 7 11 15 4 13 12 9
144 138 6 5 3 8 9 2 6 10 14 1 7 11 15 4 13 12 0
144 137 7 5 3 0 8 2 6 10 14 1 7 11 15 4 13 12 9
145 138 7 5 0 3 8 2 6 10 14 1 7 11 15 4 13 12 9
145 139 6 0 5 3 8 2 6 10 14 1 7 11 15 4 13 12 9
147 142 5 9 5 3 8 2 6 10 14 1 7 11 15 4 13 12 0
150 144 6 9 5 3 0 2 6 10 14 1 7 11 15 4 13 12 8
152 146 6 0 5 3 9 2 6 10 14 1 7 11 15 4 13 12 8
154 149 5 8 5 3 9 2 6 10 14 1 7 11 15 4 13 12 0
151 145 6 9 5 0 3 2 6 10 14 1 7 11 15 4 13 12 8
147 141 6 8 5 3 0 2 6 10 14 1 7 11 15 4 13 12 9
148 142 6 8 5 0 3 2 6 10 14 1 7 11 15 4 13 12 9
150 143 7 8 0 5 3 2 6 10 14 1 7 11 15 4 13 12 9
151 144 7 0 8 5 3 2 6 10 14 1 7 11 15 4 13 12 9
153 147 6 9 8 5 3 2 6 10 14 1 7 11 15 4 13 12 0
156 149 7 9 8 5 0 2 6 10 14 1 7 11 15 4 13 12 3
158 151 7 0 8 5 9 2 6 10 14 1 7 11 15 4 13 12 3
160 154 6 3 8 5 9 2 6 10 14 1 7 11 15 4 13 12 0
159 152 7 8 0 5 9 2 6 10 14 1 7 11 15 4 13 12 3
159 153 6 8 5 0 9 2 6 10 14 1 7 11 15 4 13 12 3
159 154 5 8 5 9 0 2 6 10 14 1 7 11 15 4 13 12 3
160 156 4 8 5 9 3 2 6 10 14 1 7 11 15 4 13 12 0
164 159 5 0 5 9 3 2 6 10 14 1 7 11 15 4 13 12 8
166 161 5 3 5 9 0 2 6 10 14 1 7 11 15 4 13 12 8
167 163 4 3 5 9 8 2 6 10 14 1 7 11 15 4 13 12 0
161 156 5 0 5 9 8 2 6 10 14 1 7 11 15 4 13 12 3
165 159 6 6 5 9 8 2 0 10 14 1 7 11 15 4 13 12 3
164 158 6 4 5 9 8 2 6 10 14 1 7 11 15 0 13 12 3
165 160 5 4 5 9 8 2 6 10 14 1 7 11 15 3 13 12 0
169 163 6 0 5 9 8 2 6 10 14 1 7 11 15 3 13 12 4
171 165 6 8 5 9 0 2 6 10 14 1 7 11 15 3 13 12 4
172 167 5 8 5 9 4 2 6 10 14 1 7 11 15 3 13 12 0
176 170 6 0 5 9 4 2 6 10 14 1 7 11 15 3 13 12 8
168 162 6 4 5 9 0 2 6 10 14 1 7 11 15 3 13 12 8
167 161 6 4 5 9 0 2 6 10 14 1 7 11 15 8 13 12 3
168 163 5 4 5 9 3 2 6 10 14 1 7 11 15 8 13 12 0
172 166 6 0 5 9 3 2 6 10 14 1 7 11 15 8 13 12 4
174 168 6 3 5 9 0 2 6 10 14 1 7 11 15 8 13 12 4
175 170 5 3 5 9 4 2 6 10 14 1 7 11 15 8 13 12 0
169 163 6 0 5 9 4 2 6 10 14 1 7 11 15 8 13 12 3
164 158 6 8 5 9 3 2 6 10 14 1 7 11 15 0 13 12 4
165 159 6 8 5 9 3 2 6 10 14 1 7 11 15 13 0 12 4
165 159 6 8 5 9 3 2 6 10 14 0 7 11 15 1 13 12 4
163 157 6 8 5 9 3 2 6 10 14 1 7 11 15 4 13 0 12
164 158 6 8 5 9 3 2 6 10 14 1 7 11 15 4 0 13 12
170 164 6 3 5 9 10 2 6 0 14 1 7 11 15 4 13 12 8
168 162 6 3 5 0 9 2 6 10 14 1 7 11 15 4 13 12 8
170 164 6 3 5 9 4 2 6 10 14 1 7 11 15 0 13 12 8
171 165 6 3 5 9 4 2 6 10 14 1 7 11 15 13 0 12 8
171 165 6 3 5 9 4 2 6 10 14 0 7 11 15 1 13 12 8
170 164 6 3 5 9 8 2 6 10 14 1 7 11 15 4 13 0 12
171 165 6 3 5 9 8 2 6 10 14 1 7 11 15 4 0 13 12
163 157 6 2 5 9 8 0 6 10 14 1 7 11 15 4 13 12 3
164 158 6 2 5 9 8 1 6 10 14 0 7 11 15 4 13 12 3
161 155 6 8 5 9 14 2 6 10 0 1 7 11 15 4 13 12 3
163 157 6 5 0 9 8 2 6 10 14 1 7 11 15 4 13 12 3
165 159 6 4 5 9 8 2 6 10 14 1 7 11 15 13 0 12 3
163 157 6 8 5 9 4 2 6 10 14 1 7 11 15 0 13 12 3
164 158 6 8 5 9 4 2 6 10 14 1 7 11 15 13 0 12 3
164 158 6 8 5 9 4 2 6 10 14 0 7 11 15 1 13 12 3
165 159 6 8 5 9 3 2 6 10 14 1 7 0 15 4 13 12 11
166 160 6 5 0 9 3 2 6 10 14 1 7 11 15 4 13 12 8
163 157 6 8 5 9 10 2 6 0 14 1 7 11 15 4 13 12 3
172 166 6 3 5 9 8 2 6 10 14 1 7 0 15 4 13 12 11
168 162 6 6 5 9 3 2 0 10 14 1 7 11 15 4 13 12 8
163 157 6 8 5 9 3 2 6 10 14 1 7 11 0 4 13 12 15
166 160 6 2 5 9 3 0 6 10 14 1 7 11 15 4 13 12 8
167 161 6 2 5 9 3 1 6 10 14 0 7 11 15 4 13 12 8
168 162 6 3 5 9 14 2 6 10 0 1 7 11 15 4 13 12 8
167 161 6 4 5 9 3 2 6 10 14 1 7 11 15 0 13 12 8
168 162 6 4 5 9 3 2 6 10 14 1 7 11 15 13 0 12 8
168 162 6 4 5 9 3 2 6 10 14 0 7 11 15 1 13 12 8
170 164 6 3 5 9 8 2 6 10 14 1 7 11 0 4 13 12 15
165 159 6 4 5 9 8 2 6 10 14 0 7 11 15 1 13 12 3
171 165 6 3 5 9 8 2 6 10 14 1 7 11 15 0 13 12 4
172 166 6 3 5 9 8 2 6 10 14 1 7 11 15 13 0 12 4
172 166 6 3 5 9 8 2 6 10 14 0 7 11 15 1 13 12 4
174 167 7 3 5 9 8 2 6 10 14 7 0 11 15 1 13 12 4
175 168 7 3 5 9 8 2 6 10 14 7 13 11 15 1 0 12 4
176 169 7 3 5 9 8 2 6 10 14 7 13 11 15 0 1 12 4
176 171 5 3 5 9 8 2 6 10 14 7 13 11 15 4 1 12 0
180 174 6 0 5 9 8 2 6 10 14 7 13 11 15 4 1 12 3
182 176 6 8 5 9 0 2 6 10 14 7 13 11 15 4 1 12 3
183 178 5 8 5 9 3 2 6 10 14 7 13 11 15 4 1 12 0
187 181 6 0 5 9 3 2 6 10 14 7 13 11 15 4 1 12 8
179 173 6 3 5 9 0 2 6 10 14 7 13 11 15 4 1 12 8
183 176 7 3 5 9 10 2 6 0 14 7 13 11 15 4 1 12 8
183 176 7 3 5 9 4 2 6 10 14 7 13 11 15 0 1 12 8
184 178 6 3 5 9 4 2 6 10 14 7 13 11 15 8 1 12 0
188 181 7 0 5 9 4 2 6 10 14 7 13 11 15 8 1 12 3
190 183 7 4 5 9 0 2 6 10 14 7 13 11 15 8 1 12 3
191 185 6 4 5 9 3 2 6 10 14 7 13 11 15 8 1 12 0
195 188 7 0 5 9 3 2 6 10 14 7 13 11 15 8 1 12 4
186 179 7 3 5 9 4 2 6 10 14 7 0 11 15 13 1 12 8
186 180 6 3 5 9 4 2 6 10 14 0 7 11 15 13 1 12 8
187 181 6 3 5 9 4 2 6 10 14 13 7 11 15 0 1 12 8
189 184 5 3 5 9 0 2 6 10 14 13 7 11 15 4 1 12 8
190 186 4 3 5 9 8 2 6 10 14 13 7 11 15 4 1 12 0
194 189 5 0 5 9 8 2 6 10 14 13 7 11 15 4 1 12 3
196 191 5 8 5 9 0 2 6 10 14 13 7 11 15 4 1 12 3
197 193 4 8 5 9 3 2 6 10 14 13 7 11 15 4 1 12 0
191 186 5 0 5 9 3 2 6 10 14 13 7 11 15 4 1 12 8
188 183 5 3 5 9 4 2 6 10 14 13 7 11 15 8 1 12 0
192 186 6 0 5 9 4 2 6 10 14 13 7 11 15 8 1 12 3
194 188 6 4 5 9 0 2 6 10 14 13 7 11 15 8 1 12 3
195 190 5 4 5 9 3 2 6 10 14 13 7 11 15 8 1 12 0
199 193 6 0 5 9 3 2 6 10 14 13 7 11 15 8 1 12 4
195 189 6 6 5 9 3 2 0 10 14 13 7 11 15 4 1 12 8
194 188 6 4 5 9 3 2 6 10 14 13 7 11 15 0 1 12 8
197 191 6 4 5 9 0 2 6 10 14 13 7 11 15 3 1 12 8
198 193 5 4 5 9 8 2 6 10 14 13 7 11 15 3 1 12 0
202 196 6 0 5 9 8 2 6 10 14 13 7 11 15 3 1 12 4
204 198 6 8 5 9 0 2 6 10 14 13 7 11 15 3 1 12 4
205 200 5 8 5 9 4 2 6 10 14 13 7 11 15 3 1 12 0
196 190 6 2 5 9 8 0 6 10 14 13 7 11 15 4 1 12 3
197 191 6 2 5 9 8 13 6 10 14 0 7 11 15 4 1 12 3
195 189 6 3 5 9 8 2 6 10 14 13 7 0 15 4 1 12 11
198 192 6 8 5 9 14 2 6 10 0 13 7 11 15 4 1 12 3
196 190 6 5 0 9 8 2 6 10 14 13 7 11 15 4 1 12 3
194 188 6 3 5 9 8 2 6 10 14 13 7 11 15 0 1 12 4
195 189 6 3 5 9 8 2 6 10 14 13 7 11 15 1 0 12 4
193 187 6 3 5 9 8 2 6 10 14 13 7 11 0 4 1 12 15
202 196 6 8 5 9 3 2 6 10 14 13 7 0 15 4 1 12 11
200 194 6 8 5 9 3 2 6 10 14 13 7 11 0 4 1 12 15
197 191 6 4 5 9 8 2 6 10 14 13 7 11 15 0 1 12 3
198 192 6 4 5 9 8 2 6 10 14 13 7 11 15 1 0 12 3
201 195 6 8 5 9 3 2 6 10 14 13 7 11 15 0 1 12 4
202 196 6 8 5 9 3 2 6 10 14 13 7 11 15 1 0 12 4
200 194 6 8 5 9 3 2 6 10 14 13 7 11 15 4 1 0 12
201 195 6 8 5 9 3 2 6 10 14 13 7 11 15 4 0 1 12
193 187 6 3 5 9 8 2 6 10 14 13 7 11 15 4 1 0 12
194 188 6 3 5 9 8 2 6 10 14 13 7 11 15 4 0 1 12
193 187 6 2 5 9 3 0 6 10 14 13 7 11 15 4 1 12 8
194 188 6 2 5 9 3 13 6 10 14 0 7 11 15 4 1 12 8
188 182 6 3 5 9 4 2 6 10 14 13 7 11 15 1 0 12 8
202 196 6 8 5 9 3 2 6 10 14 0 7 11 15 13 1 12 4
191 185 6 3 5 0 9 2 6 10 14 13 7 11 15 4 1 12 8
191 185 6 3 5 9 0 2 6 10 14 13 7 11 15 8 1 12 4
193 187 6 3 5 9 10 2 6 0 14 13 7 11 15 4 1 12 8
195 189 6 4 5 9 3 2 6 10 14 0 7 11 15 13 1 12 8
189 183 6 0 5 9 4 2 6 10 14 13 7 11 15 3 1 12 8
195 189 6 4 5 9 3 2 6 10 14 13 7 11 15 1 0 12 8
193 187 6 5 0 9 3 2 6 10 14 13 7 11 15 4 1 12 8
200 194 6 8 5 9 10 2 6 0 14 13 7 11 15 4 1 12 3
195 189 6 3 5 9 8 2 6 10 14 0 7 11 15 13 1 12 4
191 185 6 3 5 9 14 2 6 10 0 13 7 11 15 4 1 12 8
198 192 6 8 5 0 9 2 6 10 14 13 7 11 15 4 1 12 3
198 192 6 6 5 9 8 2 0 10 14 13 7 11 15 4 1 12 3
194 188 6 8 5 9 4 2 6 10 14 13 7 11 15 0 1 12 3
195 189 6 8 5 9 4 2 6 10 14 13 7 11 15 1 0 12 3
195 189 6 8 5 9 4 2 6 10 14 0 7 11 15 13 1 12 3
198 192 6 4 5 9 8 2 6 10 14 0 7 11 15 13 1 12 3
200 193 7 4 5 9 8 2 6 10 14 7 0 11 15 13 1 12 3
201 194 7 4 5 9 8 2 6 10 14 7 1 11 15 13 0 12 3
202 195 7 4 5 9 8 2 6 10 14 7 1 11 15 0 13 12 3
203 197 6 0 5 9 8 2 6 10 14 7 1 11 15 4 13 12 3
205 200 5 3 5 9 8 2 6 10 14 7 1 11 15 4 13 12 0
208 202 6 3 5 9 0 2 6 10 14 7 1 11 15 4 13 12 8
210 204 6 0 5 9 3 2 6 10 14 7 1 11 15 4 13 12 8
212 207 5 8 5 9 3 2 6 10 14 7 1 11 15 4 13 12 0
205 199 6 8 5 9 0 2 6 10 14 7 1 11 15 4 13 12 3
203 197 6 4 5 9 8 2 6 10 14 7 1 11 15 3 13 12 0
207 200 7 0 5 9 8 2 6 10 14 7 1 11 15 3 13 12 4
209 202 7 8 5 9 0 2 6 10 14 7 1 11 15 3 13 12 4
210 204 6 8 5 9 4 2 6 10 14 7 1 11 15 3 13 12 0
214 207 7 0 5 9 4 2 6 10 14 7 1 11 15 3 13 12 8
151 144 7 9 5 3 8 2 6 10 14 1 7 11 15 0 13 12 4
154 147 7 9 5 3 0 2 6 10 14 1 7 11 15 8 13 12 4
155 149 6 9 5 3 4 2 6 10 14 1 7 11 15 8 13 12 0
159 152 7 0 5 3 4 2 6 10 14 1 7 11 15 8 13 12 9
161 154 7 4 5 3 0 2 6 10 14 1 7 11 15 8 13 12 9
162 156 6 4 5 3 9 2 6 10 14 1 7 11 15 8 13 12 0
174 167 7 2 5 9 3 0 6 10 14 1 7 11 15 8 13 12 4
175 168 7 2 5 9 3 1 6 10 14 0 7 11 15 8 13 12 4
176 169 7 2 5 9 3 1 6 10 14 8 7 11 15 0 13 12 4
176 171 5 2 5 9 3 1 6 10 14 8 7 11 15 4 13 12 0
180 174 6 0 5 9 3 1 6 10 14 8 7 11 15 4 13 12 2
180 175 5 1 5 9 3 0 6 10 14 8 7 11 15 4 13 12 2
181 176 5 1 5 9 3 8 6 10 14 0 7 11 15 4 13 12 2
183 177 6 1 5 9 3 8 6 10 14 7 0 11 15 4 13 12 2
184 178 6 1 5 9 3 8 6 10 14 7 13 11 15 4 0 12 2
183 177 6 1 5 9 3 8 6 10 14 4 7 11 15 0 13 12 2
184 179 5 1 5 9 3 8 6 10 14 4 7 11 15 2 13 12 0
187 181 6 1 5 9 0 8 6 10 14 4 7 11 15 2 13 12 3
190 184 6 1 5 9 2 8 6 10 14 4 7 11 15 0 13 12 3
191 186 5 1 5 9 2 8 6 10 14 4 7 11 15 3 13 12 0
190 185 5 1 5 9 2 8 6 10 14 0 7 11 15 4 13 12 3
191 186 5 1 5 9 2 0 6 10 14 8 7 11 15 4 13 12 3
193 187 6 1 5 9 2 6 0 10 14 8 7 11 15 4 13 12 3
192 186 6 1 5 9 2 8 6 10 14 7 0 11 15 4 13 12 3
193 187 6 1 5 9 2 8 6 10 14 7 13 11 15 4 0 12 3
191 185 6 1 5 9 2 8 6 10 14 4 7 11 15 13 0 12 3
186 180 6 1 5 9 0 8 6 10 14 4 7 11 15 3 13 12 2
184 178 6 1 5 9 3 8 6 10 14 4 7 11 15 13 0 12 2
182 176 6 3 5 9 0 1 6 10 14 8 7 11 15 4 13 12 2
183 178 5 3 5 9 2 1 6 10 14 8 7 11 15 4 13 12 0
187 181 6 0 5 9 2 1 6 10 14 8 7 11 15 4 13 12 3
182 176 6 1 5 9 3 6 0 10 14 8 7 11 15 4 13 12 2
179 173 6 2 5 9 0 1 6 10 14 8 7 11 15 4 13 12 3
183 176 7 2 5 9 10 1 6 0 14 8 7 11 15 4 13 12 3
191 184 7 6 5 9 2 1 0 10 14 8 7 11 15 4 13 12 3
192 185 7 6 5 9 2 0 1 10 14 8 7 11 15 4 13 12 3
193 186 7 6 5 9 2 8 1 10 14 0 7 11 15 4 13 12 3
168 161 7 4 5 9 8 2 6 10 14 1 7 11 15 3 13 0 12
169 162 7 4 5 9 8 2 6 10 14 1 7 11 15 3 0 13 12
170 163 7 4 5 9 8 2 6 10 14 1 7 11 15 0 3 13 12
171 165 6 0 5 9 8 2 6 10 14 1 7 11 15 4 3 13 12
173 168 5 12 5 9 8 2 6 10 14 1 7 11 15 4 3 13 0
176 170 6 12 5 9 0 2 6 10 14 1 7 11 15 4 3 13 8
178 172 6 0 5 9 12 2 6 10 14 1 7 11 15 4 3 13 8
180 175 5 8 5 9 12 2 6 10 14 1 7 11 15 4 3 13 0
182 176 6 8 5 9 12 2 6 10 14 1 7 11 15 4 3 0 13
183 177 6 8 5 9 12 2 6 10 14 1 7 11 15 4 0 3 13
175 169 6 12 5 9 8 2 6 10 14 1 7 11 15 4 3 0 13
176 170 6 12 5 9 8 2 6 10 14 1 7 11 15 4 0 3 13
173 167 6 8 5 9 0 2 6 10 14 1 7 11 15 4 3 13 12
171 165 6 4 5 9 8 2 6 10 14 1 7 11 15 12 3 13 0
175 168 7 0 5 9 8 2 6 10 14 1 7 11 15 12 3 13 4
177 170 7 8 5 9 0 2 6 10 14 1 7 11 15 12 3 13 4
178 172 6 8 5 9 4 2 6 10 14 1 7 11 15 12 3 13 0
182 175 7 0 5 9 4 2 6 10 14 1 7 11 15 12 3 13 8
175 168 7 8 5 9 4 2 6 10 14 1 7 11 0 3 13 12 15
173 166 7 8 5 0 9 2 6 10 14 1 7 11 15 3 13 12 4
175 168 7 8 5 9 10 2 6 0 14 1 7 11 15 3 13 12 4
173 166 7 3 5 9 4 0 6 10 14 2 7 11 15 1 13 12 8
178 171 7 2 5 9 4 0 6 10 14 1 7 11 15 3 13 12 8
179 172 7 2 5 9 4 1 6 10 14 0 7 11 15 3 13 12 8
179 173 6 2 5 9 4 1 6 10 14 3 7 11 15 0 13 12 8
181 176 5 2 5 9 0 1 6 10 14 3 7 11 15 4 13 12 8
182 178 4 2 5 9 8 1 6 10 14 3 7 11 15 4 13 12 0
186 181 5 0 5 9 8 1 6 10 14 3 7 11 15 4 13 12 2
186 182 4 1 5 9 8 0 6 10 14 3 7 11 15 4 13 12 2
188 183 5 1 5 9 8 6 0 10 14 3 7 11 15 4 13 12 2
188 183 5 1 5 9 8 3 6 10 14 0 7 11 15 4 13 12 2
188 183 5 8 5 9 0 1 6 10 14 3 7 11 15 4 13 12 2
189 185 4 8 5 9 2 1 6 10 14 3 7 11 15 4 13 12 0
183 178 5 0 5 9 2 1 6 10 14 3 7 11 15 4 13 12 8
183 179 4 1 5 9 2 0 6 10 14 3 7 11 15 4 13 12 8
185 180 5 1 5 9 2 6 0 10 14 3 7 11 15 4 13 12 8
185 180 5 1 5 9 2 3 6 10 14 0 7 11 15 4 13 12 8
180 175 5 2 5 9 4 1 6 10 14 3 7 11 15 8 13 12 0
184 178 6 0 5 9 4 1 6 10 14 3 7 11 15 8 13 12 2
184 179 5 1 5 9 4 0 6 10 14 3 7 11 15 8 13 12 2
186 180 6 1 5 9 4 6 0 10 14 3 7 11 15 8 13 12 2
186 180 6 1 5 9 4 3 6 10 14 0 7 11 15 8 13 12 2
187 181 6 1 5 9 4 3 6 10 14 8 7 11 15 0 13 12 2
189 184 5 1 5 9 0 3 6 10 14 8 7 11 15 4 13 12 2
190 186 4 1 5 9 2 3 6 10 14 8 7 11 15 4 13 12 0
188 183 5 1 5 9 4 3 6 10 14 8 7 11 15 2 13 12 0
191 185 6 1 5 9 0 3 6 10 14 8 7 11 15 2 13 12 4
195 189 6 1 5 9 2 3 6 10 14 8 7 0 15 4 13 12 11
195 189 6 0 5 9 2 3 6 10 14 8 7 11 15 4 13 12 1
197 191 6 2 5 9 0 3 6 10 14 8 7 11 15 4 13 12 1
198 193 5 2 5 9 1 3 6 10 14 8 7 11 15 4 13 12 0
196 190 6 3 5 9 2 0 6 10 14 8 7 11 15 4 13 12 1
197 191 6 3 5 9 2 8 6 10 14 0 7 11 15 4 13 12 1
194 188 6 1 5 9 2 3 6 10 14 8 7 11 15 0 13 12 4
195 189 6 1 5 9 2 3 6 10 14 8 7 11 15 13 0 12 4
195 189 6 1 5 9 2 3 6 10 14 0 7 11 15 8 13 12 4
195 190 5 1 5 9 2 0 6 10 14 3 7 11 15 8 13 12 4
197 191 6 1 5 9 2 6 0 10 14 3 7 11 15 8 13 12 4
180 174 6 2 5 9 4 1 6 10 14 3 7 11 15 13 0 12 8
190 184 6 1 5 9 8 6 10 0 14 3 7 11 15 4 13 12 2
185 179 6 2 5 9 8 1 6 10 14 3 7 11 15 4 13 0 12
186 180 6 2 5 9 8 1 6 10 14 3 7 11 15 4 0 13 12
190 184 6 8 5 0 9 1 6 10 14 3 7 11 15 4 13 12 2
194 188 6 8 5 9 2 1 6 10 14 3 7 0 15 4 13 12 11
192 186 6 8 5 9 10 1 6 0 14 3 7 11 15 4 13 12 2
192 186 6 8 5 9 2 1 6 10 14 3 7 11 0 4 13 12 15
192 186 6 8 5 9 2 1 6 10 14 3 7 11 15 4 13 0 12
193 187 6 8 5 9 2 1 6 10 14 3 7 11 15 4 0 13 12
183 177 6 2 5 0 9 1 6 10 14 3 7 11 15 4 13 12 8
187 181 6 6 5 9 2 1 0 10 14 3 7 11 15 4 13 12 8
188 182 6 6 5 9 2 0 1 10 14 3 7 11 15 4 13 12 8
185 179 6 5 0 9 2 1 6 10 14 3 7 11 15 4 13 12 8
187 181 6 1 0 9 2 6 5 10 14 3 7 11 15 4 13 12 8
190 184 6 1 5 9 8 3 6 10 14 7 0 11 15 4 13 12 2
191 185 6 1 5 9 8 3 6 10 14 7 13 11 15 4 0 12 2
191 185 6 1 5 0 9 3 6 10 14 8 7 11 15 4 13 12 2
190 184 6 6 5 9 8 1 0 10 14 3 7 11 15 4 13 12 2
191 185 6 6 5 9 8 0 1 10 14 3 7 11 15 4 13 12 2
185 179 6 2 5 9 8 1 6 10 14 3 7 11 0 4 13 12 15
187 181 6 1 5 9 2 6 10 0 14 3 7 11 15 4 13 12 8
185 179 6 2 5 9 10 1 6 0 14 3 7 11 15 4 13 12 8
187 181 6 1 5 9 2 3 6 10 14 7 0 11 15 4 13 12 8
188 182 6 1 5 9 2 3 6 10 14 7 13 11 15 4 0 12 8
190 184 6 1 5 9 8 3 6 10 14 4 7 11 15 0 13 12 2
191 186 5 1 5 9 8 3 6 10 14 4 7 11 15 2 13 12 0
194 188 6 1 5 9 0 3 6 10 14 4 7 11 15 2 13 12 8
193 187 6 1 5 9 0 3 6 10 14 4 7 11 15 8 13 12 2
194 189 5 1 5 9 2 3 6 10 14 4 7 11 15 8 13 12 0
191 185 6 1 5 9 8 3 6 10 14 4 7 11 15 13 0 12 2
186 180 6 4 5 9 0 1 6 10 14 3 7 11 15 8 13 12 2
187 182 5 4 5 9 2 1 6 10 14 3 7 11 15 8 13 12 0
191 185 6 0 5 9 2 1 6 10 14 3 7 11 15 8 13 12 4
186 180 6 8 5 9 4 1 6 10 14 3 7 11 15 0 13 12 2
187 182 5 8 5 9 4 1 6 10 14 3 7 11 15 2 13 12 0
190 184 6 8 5 9 0 1 6 10 14 3 7 11 15 2 13 12 4
192 186 6 0 5 9 8 1 6 10 14 3 7 11 15 2 13 12 4
194 189 5 4 5 9 8 1 6 10 14 3 7 11 15 2 13 12 0
192 187 5 1 5 9 8 0 6 10 14 3 7 11 15 2 13 12 4
194 188 6 1 5 9 8 6 0 10 14 3 7 11 15 2 13 12 4
194 188 6 1 5 9 8 3 6 10 14 0 7 11 15 2 13 12 4
195 189 6 1 5 9 8 3 6 10 14 2 7 11 15 0 13 12 4
195 191 4 1 5 9 8 3 6 10 14 2 7 11 15 4 13 12 0
198 193 5 1 5 9 0 3 6 10 14 2 7 11 15 4 13 12 8
202 196 6 1 5 9 10 3 6 0 14 2 7 11 15 4 13 12 8
202 196 6 1 5 9 4 3 6 10 14 2 7 11 15 0 13 12 8
203 198 5 1 5 9 4 3 6 10 14 2 7 11 15 8 13 12 0
203 197 6 1 5 9 4 3 6 10 14 2 7 11 15 13 0 12 8
203 197 6 1 5 9 4 3 6 10 14 0 7 11 15 2 13 12 8
203 198 5 1 5 9 4 0 6 10 14 3 7 11 15 2 13 12 8
205 199 6 1 5 9 4 6 0 10 14 3 7 11 15 2 13 12 8
201 195 6 0 5 9 1 3 6 10 14 2 7 11 15 4 13 12 8
203 198 5 8 5 9 1 3 6 10 14 2 7 11 15 4 13 12 0
206 200 6 8 5 9 0 3 6 10 14 2 7 11 15 4 13 12 1
202 196 6 3 5 9 1 0 6 10 14 2 7 11 15 4 13 12 8
202 197 5 3 5 9 1 2 6 10 14 0 7 11 15 4 13 12 8
204 198 6 3 5 9 1 2 6 10 14 7 0 11 15 4 13 12 8
205 199 6 3 5 9 1 2 6 10 14 7 13 11 15 4 0 12 8
204 198 6 3 5 9 1 2 6 10 14 4 7 11 15 0 13 12 8
205 200 5 3 5 9 1 2 6 10 14 4 7 11 15 8 13 12 0
209 203 6 0 5 9 1 2 6 10 14 4 7 11 15 8 13 12 3
210 205 5 1 5 9 0 2 6 10 14 4 7 11 15 8 13 12 3
211 207 4 1 5 9 3 2 6 10 14 4 7 11 15 8 13 12 0
214 209 5 1 5 9 3 2 6 10 14 4 7 11 15 0 13 12 8
214 210 4 1 5 9 3 2 6 10 14 0 7 11 15 4 13 12 8
216 211 5 1 5 9 3 2 6 10 14 7 0 11 15 4 13 12 8
217 212 5 1 5 9 3 2 6 10 14 7 13 11 15 4 0 12 8
216 211 5 1 5 9 3 0 6 10 14 2 7 11 15 4 13 12 8
217 212 5 1 5 9 0 2 6 10 14 4 7 11 15 3 13 12 8
218 214 4 1 5 9 8 2 6 10 14 4 7 11 15 3 13 12 0
215 210 5 1 5 9 3 2 6 10 14 4 7 11 15 13 0 12 8
213 208 5 1 5 9 8 2 6 10 14 4 7 11 15 0 13 12 3
213 209 4 1 5 9 8 2 6 10 14 0 7 11 15 4 13 12 3
215 210 5 1 5 9 8 2 6 10 14 7 0 11 15 4 13 12 3
216 211 5 1 5 9 8 2 6 10 14 7 13 11 15 4 0 12 3
215 210 5 1 5 9 8 0 6 10 14 2 7 11 15 4 13 12 3
214 209 5 1 5 9 8 2 6 10 14 4 7 11 15 13 0 12 3
216 210 6 1 5 9 8 2 6 10 14 4 7 11 15 13 12 0 3
216 211 5 1 5 9 8 2 6 10 14 4 7 11 15 13 12 3 0
219 213 6 1 5 9 0 2 6 10 14 4 7 11 15 13 12 3 8
221 216 5 1 5 9 13 2 6 10 14 4 7 11 15 0 12 3 8
222 218 4 1 5 9 13 2 6 10 14 4 7 11 15 8 12 3 0
221 217 4 1 5 9 13 2 6 10 14 0 7 11 15 4 12 3 8
223 218 5 1 5 9 13 2 6 10 14 7 0 11 15 4 12 3 8
224 219 5 1 5 9 13 2 6 10 14 7 12 11 15 4 0 3 8
225 220 5 1 5 9 13 2 6 10 14 7 12 11 15 4 3 0 8
225 221 4 1 5 9 13 2 6 10 14 7 12 11 15 4 3 8 0
223 218 5 1 5 9 13 0 6 10 14 2 7 11 15 4 12 3 8
224 219 5 1 5 9 13 2 6 10 14 4 7 11 15 8 12 0 3
224 220 4 1 5 9 13 2 6 10 14 4 7 11 15 8 0 12 3
224 221 3 1 5 9 13 2 6 10 14 4 7 11 15 0 8 12 3
225 223 2 1 5 9 13 2 6 10 14 4 7 11 15 3 8 12 0
224 222 2 1 5 9 13 2 6 10 14 0 7 11 15 4 8 12 3
226 223 3 1 5 9 13 2 6 10 14 7 0 11 15 4 8 12 3
226 223 3 1 5 9 13 0 6 10 14 2 7 11 15 4 8 12 3
228 224 4 1 5 9 13 6 0 10 14 2 7 11 15 4 8 12 3
228 224 4 1 5 9 13 2 6 10 14 4 0 11 15 7 8 12 3
229 225 4 1 5 9 13 2 6 10 14 0 4 11 15 7 8 12 3
230 226 4 1 5 9 13 2 6 10 14 7 4 11 15 0 8 12 3
231 228 3 1 5 9 13 2 6 10 14 7 4 11 15 3 8 12 0
228 224 4 1 5 9 13 2 6 10 14 7 11 0 15 4 8 12 3
228 224 4 1 5 9 13 2 6 10 14 7 8 11 15 4 0 12 3
228 224 4 1 5 9 13 2 0 10 14 7 6 11 15 4 8 12 3
230 226 4 1 5 9 13 2 6 10 14 4 7 0 15 3 8 12 11
230 226 4 0 5 9 13 2 6 10 14 4 7 11 15 3 8 12 1
232 228 4 3 5 9 13 2 6 10 14 4 7 11 15 0 8 12 1
233 230 3 3 5 9 13 2 6 10 14 4 7 11 15 1 8 12 0
232 229 3 3 5 9 13 2 6 10 14 0 7 11 15 4 8 12 1
234 230 4 3 5 9 13 2 6 10 14 7 0 11 15 4 8 12 1
234 230 4 3 5 9 13 0 6 10 14 2 7 11 15 4 8 12 1
228 224 4 1 5 9 0 2 6 10 14 4 7 11 15 13 8 12 3
229 226 3 1 5 9 3 2 6 10 14 4 7 11 15 13 8 12 0
232 228 4 1 5 9 3 2 6 10 14 4 7 11 15 0 8 12 13
232 229 3 1 5 9 3 2 6 10 14 0 7 11 15 4 8 12 13
234 230 4 1 5 9 3 2 6 10 14 7 0 11 15 4 8 12 13
234 230 4 1 5 9 3 0 6 10 14 2 7 11 15 4 8 12 13
228 224 4 1 5 9 13 2 6 10 14 4 7 11 0 3 8 12 15
227 223 4 0 5 9 13 2 6 10 14 4 7 11 15 1 8 12 3
229 225 4 1 5 9 0 2 6 10 14 4 7 11 15 3 8 12 13
228 224 4 1 5 9 13 2 6 10 14 4 7 11 15 3 8 0 12
230 225 5 1 5 9 13 2 6 10 14 4 7 11 15 3 0 8 12
231 226 5 1 5 9 13 2 6 10 14 4 7 11 15 0 3 8 12
232 228 4 1 5 9 13 2 6 10 14 4 7 11 15 12 3 8 0
231 227 4 1 5 9 13 2 6 10 14 0 7 11 15 4 3 8 12
233 228 5 1 5 9 13 2 6 10 14 7 0 11 15 4 3 8 12
234 229 5 1 5 9 13 2 6 10 14 7 3 11 15 4 0 8 12
234 230 4 1 5 9 13 2 6 10 14 7 3 11 15 4 8 0 12
233 231 2 1 5 9 13 2 6 10 14 7 3 11 15 4 8 12 0
238 234 4 1 5 9 13 2 6 10 14 7 3 0 15 4 8 12 11
239 235 4 1 5 9 13 2 6 10 14 7 0 3 15 4 8 12 11
239 236 3 1 5 9 13 2 6 10 14 0 7 3 15 4 8 12 11
241 237 4 1 5 9 13 2 6 10 14 4 7 3 15 0 8 12 11
242 239 3 1 5 9 13 2 6 10 14 4 7 3 15 11 8 12 0
246 242 4 1 5 9 13 2 6 10 14 4 7 0 15 11 8 12 3
241 237 4 1 5 9 13 0 6 10 14 2 7 3 15 4 8 12 11
238 234 4 0 5 9 13 2 6 10 14 7 3 11 15 4 8 12 1
237 233 4 1 5 9 13 2 6 10 14 7 3 11 15 0 8 12 4
240 236 4 1 5 9 13 2 6 10 14 7 0 11 15 3 8 12 4
240 237 3 1 5 9 13 2 6 10 14 0 7 11 15 3 8 12 4
240 238 2 1 5 9 13 2 6 10 14 3 7 11 15 0 8 12 4
240 240 0 1 5 9 13 2 6 10 14 3 7 11 15 4 8 12 0
