0 0 0 4 0 2 15 14 9 12 1 5 13 3 7 11 8 6 10
16 1 15 4 2 0 15 14 9 12 1 5 13 3 7 11 8 6 10
17 2 15 4 2 15 0 14 9 12 1 5 13 3 7 11 8 6 10
18 4 14 4 2 15 10 14 9 12 1 5 13 3 7 11 8 6 0
18 4 14 0 2 15 4 14 9 12 1 5 13 3 7 11 8 6 10
20 7 13 10 2 15 4 14 9 12 1 5 13 3 7 11 8 6 0
24 10 14 10 2 15 4 14 9 12 1 5 13 0 7 11 8 6 3
25 11 14 10 2 15 4 14 9 12 1 5 13 7 0 11 8 6 3
25 12 13 10 2 15 4 14 9 12 1 5 13 7 3 11 8 6 0
29 15 14 10 2 15 4 14 9 12 1 5 13 0 3 11 8 6 7
30 16 14 10 2 15 4 14 9 12 1 5 0 13 3 11 8 6 7
31 17 14 10 2 15 4 14 9 12 1 0 5 13 3 11 8 6 7
32 18 14 10 2 15 4 14 9 12 1 11 5 13 3 0 8 6 7
33 20 13 10 2 15 4 14 9 12 1 11 5 13 3 7 8 6 0
37 23 14 10 2 15 4 14 9 12 1 11 5 0 3 7 8 6 13
38 24 14 10 2 15 4 14 9 12 1 11 5 3 0 7 8 6 13
38 25 13 10 2 15 4 14 9 12 1 11 5 3 13 7 8 6 0
42 28 14 10 2 15 4 14 9 12 1 11 5 0 13 7 8 6 3
43 29 14 10 2 15 4 14 9 12 1 11 0 5 13 7 8 6 3
44 30 14 10 2 15 4 14 9 12 1 0 11 5 13 7 8 6 3
45 31 14 10 2 15 4 14 9 12 1 7 11 5 13 0 8 6 3
46 33 13 10 2 15 4 14 9 12 1 7 11 5 13 3 8 6 0
50 36 14 10 2 15 4 14 9 12 1 7 11 0 13 3 8 6 5
50 37 13 10 2 15 4 14 9 12 1 7 0 11 13 3 8 6 5
51 38 13 10 2 15 4 14 9 12 1 0 7 11 13 3 8 6 5
51 39 12 10 2 15 4 14 9 12 1 3 7 11 13 0 8 6 5
53 42 11 10 2 15 0 14 9 12 1 3 7 11 13 4 8 6 5
54 44 10 10 2 15 5 14 9 12 1 3 7 11 13 4 8 6 0
58 47 11 0 2 15 5 14 9 12 1 3 7 11 13 4 8 6 10
61 50 11 9 2 15 5 14 0 12 1 3 7 11 13 4 8 6 10
62 51 11 9 2 15 5 14 12 0 1 3 7 11 13 4 8 6 10
63 52 11 9 2 15 5 14 12 1 0 3 7 11 13 4 8 6 10
64 53 11 9 2 15 5 14 12 1 13 3 7 11 0 4 8 6 10
64 54 10 9 2 15 5 14 12 1 13 3 7 11 10 4 8 6 0
68 57 11 0 2 15 5 14 12 1 13 3 7 11 10 4 8 6 9
71 60 11 12 2 15 5 14 0 1 13 3 7 11 10 4 8 6 9
72 61 11 12 2 15 5 14 1 0 13 3 7 11 10 4 8 6 9
73 62 11 12 2 15 5 14 1 13 0 3 7 11 10 4 8 6 9
74 63 11 12 2 15 5 14 1 13 10 3 7 11 0 4 8 6 9
74 64 10 12 2 15 5 14 1 13 10 3 7 11 9 4 8 6 0
78 67 11 0 2 15 5 14 1 13 10 3 7 11 9 4 8 6 12
80 70 10 1 2 15 5 14 0 13 10 3 7 11 9 4 8 6 12
81 71 10 1 2 15 5 14 13 0 10 3 7 11 9 4 8 6 12
81 72 9 1 2 15 5 14 13 10 0 3 7 11 9 4 8 6 12
82 73 9 1 2 15 5 14 13 10 9 3 7 11 0 4 8 6 12
82 74 8 1 2 15 5 14 13 10 9 3 7 11 12 4 8 6 0
85 76 9 1 2 15 0 14 13 10 9 3 7 11 12 4 8 6 5
86 77 9 1 2 0 15 14 13 10 9 3 7 11 12 4 8 6 5
87 78 9 1 0 2 15 14 13 10 9 3 7 11 12 4 8 6 5
88 79 9 1 13 2 15 14 0 10 9 3 7 11 12 4 8 6 5
89 80 9 1 13 2 15 0 14 10 9 3 7 11 12 4 8 6 5
86 77 9 1 2 15 9 14 13 10 0 3 7 11 12 4 8 6 5
87 78 9 1 2 15 9 14 13 10 12 3 7 11 0 4 8 6 5
87 79 8 1 2 15 9 14 13 10 12 3 7 11 5 4 8 6 0
90 81 9 1 2 15 0 14 13 10 12 3 7 11 5 4 8 6 9
91 82 9 1 2 0 15 14 13 10 12 3 7 11 5 4 8 6 9
92 83 9 1 0 2 15 14 13 10 12 3 7 11 5 4 8 6 9
93 84 9 1 13 2 15 14 0 10 12 3 7 11 5 4 8 6 9
94 85 9 1 13 2 15 0 14 10 12 3 7 11 5 4 8 6 9
91 82 9 1 2 15 12 14 13 10 0 3 7 11 5 4 8 6 9
92 83 9 1 2 15 12 14 13 10 5 3 7 11 0 4 8 6 9
92 84 8 1 2 15 12 14 13 10 5 3 7 11 9 4 8 6 0
94 85 9 1 2 15 12 14 13 10 5 3 7 11 9 4 8 0 6
89 80 9 1 2 15 9 14 13 10 12 3 7 11 5 4 8 0 6
84 75 9 1 2 15 5 14 13 10 9 3 7 11 12 4 8 0 6
82 73 9 1 2 15 0 14 13 10 5 3 7 11 9 4 8 6 12
83 74 9 1 2 0 15 14 13 10 5 3 7 11 9 4 8 6 12
84 75 9 1 0 2 15 14 13 10 5 3 7 11 9 4 8 6 12
85 76 9 1 13 2 15 14 0 10 5 3 7 11 9 4 8 6 12
86 77 9 1 13 2 15 0 14 10 5 3 7 11 9 4 8 6 12
88 78 10 1 13 2 15 3 14 10 5 0 7 11 9 4 8 6 12
87 77 10 1 13 2 15 14 10 0 5 3 7 11 9 4 8 6 12
88 78 10 1 13 2 15 14 10 5 0 3 7 11 9 4 8 6 12
89 79 10 1 13 2 15 14 10 5 9 3 7 11 0 4 8 6 12
89 80 9 1 13 2 15 14 10 5 9 3 7 11 12 4 8 6 0
92 82 10 1 13 2 0 14 10 5 9 3 7 11 12 4 8 6 15
95 85 10 1 13 2 5 14 10 0 9 3 7 11 12 4 8 6 15
95 86 9 1 13 2 5 14 0 10 9 3 7 11 12 4 8 6 15
96 87 9 1 13 2 5 0 14 10 9 3 7 11 12 4 8 6 15
96 87 9 1 0 2 5 14 13 10 9 3 7 11 12 4 8 6 15
97 88 9 1 2 0 5 14 13 10 9 3 7 11 12 4 8 6 15
98 89 9 1 2 5 0 14 13 10 9 3 7 11 12 4 8 6 15
99 91 8 1 2 5 15 14 13 10 9 3 7 11 12 4 8 6 0
101 92 9 1 2 5 15 14 13 10 9 3 7 11 12 4 8 0 6
101 92 9 1 2 5 15 14 13 10 9 3 7 11 0 4 8 6 12
102 93 9 1 2 5 15 14 13 10 0 3 7 11 9 4 8 6 12
103 94 9 1 2 5 0 14 13 10 15 3 7 11 9 4 8 6 12
104 96 8 1 2 5 12 14 13 10 15 3 7 11 9 4 8 6 0
106 97 9 1 2 5 12 14 13 10 15 3 7 11 9 4 8 0 6
106 97 9 1 2 5 12 14 13 10 15 3 7 11 0 4 8 6 9
106 98 8 1 2 5 12 14 13 10 0 3 7 11 15 4 8 6 9
107 99 8 1 2 5 0 14 13 10 12 3 7 11 15 4 8 6 9
108 101 7 1 2 5 9 14 13 10 12 3 7 11 15 4 8 6 0
110 102 8 1 2 5 9 14 13 10 12 3 7 11 15 4 8 0 6
108 100 8 1 2 0 5 14 13 10 12 3 7 11 15 4 8 6 9
109 101 8 1 0 2 5 14 13 10 12 3 7 11 15 4 8 6 9
110 102 8 1 13 2 5 14 0 10 12 3 7 11 15 4 8 6 9
111 103 8 1 13 2 5 0 14 10 12 3 7 11 15 4 8 6 9
113 104 9 1 13 2 5 3 14 10 12 0 7 11 15 4 8 6 9
112 103 9 1 13 2 5 14 10 0 12 3 7 11 15 4 8 6 9
113 104 9 1 13 2 5 14 10 12 0 3 7 11 15 4 8 6 9
114 105 9 1 13 2 0 14 10 12 5 3 7 11 15 4 8 6 9
115 107 8 1 13 2 9 14 10 12 5 3 7 11 15 4 8 6 0
117 108 9 1 13 2 9 14 10 12 5 3 7 11 15 4 8 0 6
117 108 9 1 13 2 12 14 10 0 5 3 7 11 15 4 8 6 9
117 109 8 1 13 2 12 14 0 10 5 3 7 11 15 4 8 6 9
118 110 8 1 13 2 12 0 14 10 5 3 7 11 15 4 8 6 9
118 110 8 1 0 2 12 14 13 10 5 3 7 11 15 4 8 6 9
119 111 8 1 2 0 12 14 13 10 5 3 7 11 15 4 8 6 9
120 112 8 1 2 12 0 14 13 10 5 3 7 11 15 4 8 6 9
121 114 7 1 2 12 9 14 13 10 5 3 7 11 15 4 8 6 0
123 115 8 1 2 12 9 14 13 10 5 3 7 11 15 4 8 0 6
121 113 8 1 2 12 5 14 13 10 0 3 7 11 15 4 8 6 9
123 114 9 1 2 12 5 14 13 0 10 3 7 11 15 4 8 6 9
124 115 9 1 2 12 5 14 0 13 10 3 7 11 15 4 8 6 9
125 116 9 1 2 12 5 0 14 13 10 3 7 11 15 4 8 6 9
125 116 9 1 0 12 5 14 2 13 10 3 7 11 15 4 8 6 9
126 117 9 1 12 0 5 14 2 13 10 3 7 11 15 4 8 6 9
127 118 9 1 12 5 0 14 2 13 10 3 7 11 15 4 8 6 9
129 121 8 1 12 5 13 14 2 0 10 3 7 11 15 4 8 6 9
129 122 7 1 12 5 13 14 2 10 0 3 7 11 15 4 8 6 9
131 123 8 1 12 5 13 14 2 10 15 3 7 11 0 4 8 6 9
131 124 7 1 12 5 13 14 2 10 15 3 7 11 9 4 8 6 0
133 125 8 1 12 5 13 14 2 10 15 3 7 11 9 4 8 0 6
131 123 8 1 12 5 0 14 2 10 13 3 7 11 15 4 8 6 9
132 125 7 1 12 5 9 14 2 10 13 3 7 11 15 4 8 6 0
134 126 8 1 12 5 9 14 2 10 13 3 7 11 15 4 8 0 6
132 124 8 1 12 0 5 14 2 10 13 3 7 11 15 4 8 6 9
133 125 8 1 0 12 5 14 2 10 13 3 7 11 15 4 8 6 9
134 126 8 1 2 12 5 14 0 10 13 3 7 11 15 4 8 6 9
135 127 8 1 2 12 5 0 14 10 13 3 7 11 15 4 8 6 9
130 122 8 1 12 5 13 14 0 2 10 3 7 11 15 4 8 6 9
131 123 8 1 12 5 13 0 14 2 10 3 7 11 15 4 8 6 9
131 123 8 1 0 5 13 14 12 2 10 3 7 11 15 4 8 6 9
131 124 7 1 5 0 13 14 12 2 10 3 7 11 15 4 8 6 9
132 125 7 1 5 2 13 14 12 0 10 3 7 11 15 4 8 6 9
132 126 6 1 5 2 13 14 12 10 0 3 7 11 15 4 8 6 9
134 127 7 1 5 2 13 14 12 10 15 3 7 11 0 4 8 6 9
134 128 6 1 5 2 13 14 12 10 15 3 7 11 9 4 8 6 0
136 129 7 1 5 2 13 14 12 10 15 3 7 11 9 4 8 0 6
134 127 7 1 5 2 0 14 12 10 13 3 7 11 15 4 8 6 9
135 129 6 1 5 2 9 14 12 10 13 3 7 11 15 4 8 6 0
137 130 7 1 5 2 9 14 12 10 13 3 7 11 15 4 8 0 6
135 128 7 1 5 0 2 14 12 10 13 3 7 11 15 4 8 6 9
133 126 7 1 5 2 13 14 0 12 10 3 7 11 15 4 8 6 9
134 127 7 1 5 2 13 0 14 12 10 3 7 11 15 4 8 6 9
136 128 8 1 5 2 13 3 14 12 10 0 7 11 15 4 8 6 9
135 127 8 1 5 2 13 14 7 12 10 3 0 11 15 4 8 6 9
135 127 8 1 0 2 13 14 5 12 10 3 7 11 15 4 8 6 9
136 128 8 1 2 0 13 14 5 12 10 3 7 11 15 4 8 6 9
137 129 8 1 2 12 13 14 5 0 10 3 7 11 15 4 8 6 9
137 130 7 1 2 12 13 14 5 10 0 3 7 11 15 4 8 6 9
139 131 8 1 2 12 13 14 5 10 15 3 7 11 0 4 8 6 9
139 132 7 1 2 12 13 14 5 10 15 3 7 11 9 4 8 6 0
141 133 8 1 2 12 13 14 5 10 15 3 7 11 9 4 8 0 6
139 131 8 1 2 12 0 14 5 10 13 3 7 11 15 4 8 6 9
140 133 7 1 2 12 9 14 5 10 13 3 7 11 15 4 8 6 0
142 134 8 1 2 12 9 14 5 10 13 3 7 11 15 4 8 0 6
140 132 8 1 2 0 12 14 5 10 13 3 7 11 15 4 8 6 9
141 133 8 1 0 2 12 14 5 10 13 3 7 11 15 4 8 6 9
141 134 7 1 5 2 12 14 0 10 13 3 7 11 15 4 8 6 9
142 135 7 1 5 2 12 0 14 10 13 3 7 11 15 4 8 6 9
144 136 8 1 5 2 12 3 14 10 13 0 7 11 15 4 8 6 9
143 135 8 1 5 2 12 14 10 0 13 3 7 11 15 4 8 6 9
144 136 8 1 5 2 12 14 10 13 0 3 7 11 15 4 8 6 9
145 137 8 1 5 2 0 14 10 13 12 3 7 11 15 4 8 6 9
147 140 7 1 5 2 13 14 10 0 12 3 7 11 15 4 8 6 9
147 141 6 1 5 2 13 14 0 10 12 3 7 11 15 4 8 6 9
148 142 6 1 5 2 13 0 14 10 12 3 7 11 15 4 8 6 9
150 143 7 1 5 2 13 3 14 10 12 0 7 11 15 4 8 6 9
149 142 7 1 5 2 13 14 7 10 12 3 0 11 15 4 8 6 9
149 142 7 1 0 2 13 14 5 10 12 3 7 11 15 4 8 6 9
150 143 7 1 2 0 13 14 5 10 12 3 7 11 15 4 8 6 9
148 141 7 1 5 2 13 14 10 12 0 3 7 11 15 4 8 6 9
148 141 7 1 5 0 13 14 10 2 12 3 7 11 15 4 8 6 9
146 139 7 1 5 2 9 14 10 13 12 3 7 11 15 4 8 6 0
148 140 8 1 5 2 9 14 10 13 12 3 7 11 15 4 8 0 6
150 142 8 1 5 13 0 14 10 2 12 3 7 11 15 4 8 6 9
151 144 7 1 5 13 9 14 10 2 12 3 7 11 15 4 8 6 0
153 145 8 1 5 13 9 14 10 2 12 3 7 11 15 4 8 0 6
153 145 8 1 5 13 2 14 10 0 12 3 7 11 15 4 8 6 9
153 146 7 1 5 13 2 14 0 10 12 3 7 11 15 4 8 6 9
154 147 7 1 5 13 2 0 14 10 12 3 7 11 15 4 8 6 9
156 148 8 1 5 13 2 3 14 10 12 0 7 11 15 4 8 6 9
137 129 8 1 0 5 2 14 12 10 13 3 7 11 15 4 8 6 9
138 130 8 1 12 5 2 14 0 10 13 3 7 11 15 4 8 6 9
139 131 8 1 12 5 2 0 14 10 13 3 7 11 15 4 8 6 9
155 147 8 1 5 13 2 14 7 10 12 3 0 11 15 4 8 6 9
139 131 8 1 5 2 13 14 12 10 15 3 7 0 9 4 8 6 11
140 132 8 1 5 2 13 14 12 10 15 3 7 9 0 4 8 6 11
140 133 7 1 5 2 13 14 12 10 15 3 7 9 11 4 8 6 0
140 133 7 1 5 2 13 14 12 10 0 3 7 9 15 4 8 6 11
142 134 8 1 5 2 13 14 12 0 10 3 7 9 15 4 8 6 11
143 135 8 1 5 2 13 14 0 12 10 3 7 9 15 4 8 6 11
144 136 8 1 5 2 13 0 14 12 10 3 7 9 15 4 8 6 11
138 130 8 1 5 2 4 14 12 10 13 3 7 11 15 0 8 6 9
139 132 7 1 5 2 4 14 12 10 13 3 7 11 15 9 8 6 0
142 134 8 1 5 2 0 14 12 10 13 3 7 11 15 9 8 6 4
142 135 7 1 5 2 13 14 12 10 0 3 7 11 15 9 8 6 4
144 136 8 1 5 2 13 14 12 0 10 3 7 11 15 9 8 6 4
145 137 8 1 5 2 13 14 0 12 10 3 7 11 15 9 8 6 4
146 138 8 1 5 2 13 0 14 12 10 3 7 11 15 9 8 6 4
146 138 8 1 5 0 2 14 10 13 12 3 7 11 15 4 8 6 9
144 136 8 1 5 0 12 14 10 2 13 3 7 11 15 4 8 6 9
145 137 8 1 5 12 0 14 10 2 13 3 7 11 15 4 8 6 9
146 139 7 1 5 12 9 14 10 2 13 3 7 11 15 4 8 6 0
145 138 7 1 5 12 13 14 10 2 0 3 7 11 15 4 8 6 9
146 139 7 1 5 12 13 14 10 0 2 3 7 11 15 4 8 6 9
146 140 6 1 5 12 13 14 0 10 2 3 7 11 15 4 8 6 9
147 141 6 1 5 12 13 0 14 10 2 3 7 11 15 4 8 6 9
149 142 7 1 5 12 13 3 14 10 2 0 7 11 15 4 8 6 9
148 141 7 1 5 12 13 14 7 10 2 3 0 11 15 4 8 6 9
148 141 7 1 0 12 13 14 5 10 2 3 7 11 15 4 8 6 9
149 142 7 1 12 0 13 14 5 10 2 3 7 11 15 4 8 6 9
147 140 7 1 5 0 13 14 10 12 2 3 7 11 15 4 8 6 9
149 141 8 1 5 13 0 14 10 12 2 3 7 11 15 4 8 6 9
150 143 7 1 5 13 9 14 10 12 2 3 7 11 15 4 8 6 0
152 144 8 1 5 13 9 14 10 12 2 3 7 11 15 4 8 0 6
151 143 8 1 5 2 13 14 7 10 12 3 11 0 15 4 8 6 9
152 144 8 1 5 2 13 14 7 10 12 3 11 6 15 4 8 0 9
152 145 7 1 5 2 13 14 7 10 12 3 11 6 15 4 8 9 0
156 148 8 1 5 2 13 14 7 10 12 3 11 0 15 4 8 9 6
156 149 7 1 5 2 13 14 7 10 12 3 0 11 15 4 8 9 6
156 150 6 1 5 2 13 14 0 10 12 3 7 11 15 4 8 9 6
157 151 6 1 5 2 13 0 14 10 12 3 7 11 15 4 8 9 6
159 152 7 1 5 2 13 3 14 10 12 0 7 11 15 4 8 9 6
158 151 7 1 5 2 13 14 10 0 12 3 7 11 15 4 8 9 6
159 152 7 1 5 2 13 14 10 12 0 3 7 11 15 4 8 9 6
159 152 7 1 5 0 13 14 10 2 12 3 7 11 15 4 8 9 6
158 151 7 1 0 2 13 14 5 10 12 3 7 11 15 4 8 9 6
159 152 7 1 2 0 13 14 5 10 12 3 7 11 15 4 8 9 6
161 153 8 1 2 13 0 14 5 10 12 3 7 11 15 4 8 9 6
162 155 7 1 2 13 6 14 5 10 12 3 7 11 15 4 8 9 0
164 156 8 1 2 13 6 14 5 10 12 3 7 11 15 4 8 0 9
139 131 8 0 5 2 13 14 12 10 15 3 7 11 9 4 8 6 1
142 134 8 12 5 2 13 14 0 10 15 3 7 11 9 4 8 6 1
143 135 8 12 5 2 13 0 14 10 15 3 7 11 9 4 8 6 1
155 147 8 1 0 13 2 14 5 10 12 3 7 11 15 4 8 6 9
156 148 8 1 13 0 2 14 5 10 12 3 7 11 15 4 8 6 9
157 149 8 1 13 2 0 14 5 10 12 3 7 11 15 4 8 6 9
158 151 7 1 13 2 9 14 5 10 12 3 7 11 15 4 8 6 0
160 152 8 1 13 2 9 14 5 10 12 3 7 11 15 4 8 0 6
133 125 8 1 5 13 0 14 12 2 10 3 7 11 15 4 8 6 9
134 127 7 1 5 13 9 14 12 2 10 3 7 11 15 4 8 6 0
136 128 8 1 5 13 9 14 12 2 10 3 7 11 15 4 8 0 6
138 130 8 1 2 12 13 14 0 5 10 3 7 11 15 4 8 6 9
139 131 8 1 2 12 13 0 14 5 10 3 7 11 15 4 8 6 9
150 142 8 1 5 2 13 14 10 12 15 3 7 11 0 4 8 6 9
150 143 7 1 5 2 13 14 10 12 15 3 7 11 9 4 8 6 0
152 144 8 1 5 2 13 14 10 12 15 3 7 11 9 4 8 0 6
139 131 8 1 0 12 13 14 2 5 10 3 7 11 15 4 8 6 9
140 132 8 1 5 2 13 14 12 10 15 3 7 6 9 4 8 0 11
140 133 7 1 5 2 13 14 12 10 15 3 7 6 9 4 8 11 0
142 134 8 1 5 2 13 14 12 10 15 3 7 6 0 4 8 11 9
142 135 7 1 5 2 13 14 12 10 0 3 7 6 15 4 8 11 9
144 136 8 1 5 2 13 14 12 0 10 3 7 6 15 4 8 11 9
145 137 8 1 5 2 13 14 0 12 10 3 7 6 15 4 8 11 9
146 138 8 1 5 2 13 0 14 12 10 3 7 6 15 4 8 11 9
145 137 8 1 5 2 13 14 12 6 10 3 7 0 15 4 8 11 9
145 138 7 1 5 2 13 14 12 6 10 3 7 11 15 4 8 0 9
145 139 6 1 5 2 13 14 12 6 10 3 7 11 15 4 8 9 0
150 142 8 1 5 2 13 14 12 6 10 3 7 0 15 4 8 9 11
151 143 8 1 5 2 13 14 12 6 10 3 7 9 15 4 8 0 11
151 144 7 1 5 2 13 14 12 6 10 3 7 9 15 4 8 11 0
151 143 8 1 5 2 13 14 12 0 10 3 7 6 15 4 8 9 11
151 144 7 1 5 2 13 14 12 10 0 3 7 6 15 4 8 9 11
153 145 8 1 5 2 13 14 12 10 15 3 7 6 0 4 8 9 11
153 146 7 1 5 2 13 14 12 10 15 3 7 6 11 4 8 9 0
157 149 8 1 5 2 13 14 12 10 15 3 7 0 11 4 8 9 6
157 150 7 1 5 2 13 14 12 10 15 3 7 11 0 4 8 9 6
157 151 6 1 5 2 13 14 12 10 15 3 7 11 6 4 8 9 0
157 151 6 1 5 2 13 14 12 10 0 3 7 11 15 4 8 9 6
159 152 7 1 5 2 13 14 12 0 10 3 7 11 15 4 8 9 6
160 153 7 1 5 2 13 14 0 12 10 3 7 11 15 4 8 9 6
161 154 7 1 5 2 13 0 14 12 10 3 7 11 15 4 8 9 6
160 153 7 1 5 0 13 14 12 2 10 3 7 11 15 4 8 9 6
159 152 7 1 5 2 0 14 12 10 13 3 7 11 15 4 8 9 6
160 154 6 1 5 2 6 14 12 10 13 3 7 11 15 4 8 9 0
162 155 7 1 5 2 6 14 12 10 13 3 7 11 15 4 8 0 9
160 153 7 1 5 0 2 14 12 10 13 3 7 11 15 4 8 9 6
159 152 7 1 5 2 13 14 12 10 15 3 7 11 6 4 8 0 9
161 153 8 1 5 2 13 14 12 10 15 3 7 11 6 4 0 8 9
165 157 8 0 5 2 6 14 12 10 13 3 7 11 15 4 8 9 1
168 160 8 12 5 2 6 14 0 10 13 3 7 11 15 4 8 9 1
169 161 8 12 5 2 6 0 14 10 13 3 7 11 15 4 8 9 1
167 159 8 6 5 2 0 14 12 10 13 3 7 11 15 4 8 9 1
168 161 7 6 5 2 1 14 12 10 13 3 7 11 15 4 8 9 0
167 160 7 6 5 2 13 14 12 10 0 3 7 11 15 4 8 9 1
169 161 8 6 5 2 13 14 12 0 10 3 7 11 15 4 8 9 1
170 162 8 6 5 2 13 14 0 12 10 3 7 11 15 4 8 9 1
171 163 8 6 5 2 13 0 14 12 10 3 7 11 15 4 8 9 1
170 162 8 6 5 0 13 14 12 2 10 3 7 11 15 4 8 9 1
152 144 8 1 5 0 13 14 12 2 10 3 7 6 15 4 8 9 11
169 161 8 6 5 2 13 14 12 10 15 3 7 11 0 4 8 9 1
169 162 7 6 5 2 13 14 12 10 15 3 7 11 1 4 8 9 0
173 165 8 0 5 2 13 14 12 10 15 3 7 11 1 4 8 9 6
176 168 8 12 5 2 13 14 0 10 15 3 7 11 1 4 8 9 6
177 169 8 12 5 2 13 0 14 10 15 3 7 11 1 4 8 9 6
174 166 8 14 5 2 13 0 12 10 15 3 7 11 1 4 8 9 6
175 167 8 14 5 2 13 12 0 10 15 3 7 11 1 4 8 9 6
171 163 8 6 5 2 13 14 12 10 15 3 7 11 1 4 8 0 9
162 154 8 1 0 2 13 14 5 12 10 3 7 11 15 4 8 9 6
163 155 8 1 2 0 13 14 5 12 10 3 7 11 15 4 8 9 6
164 156 8 1 2 12 13 14 5 0 10 3 7 11 15 4 8 9 6
164 157 7 1 2 12 13 14 5 10 0 3 7 11 15 4 8 9 6
166 158 8 1 2 12 13 14 5 10 15 3 7 11 0 4 8 9 6
166 159 7 1 2 12 13 14 5 10 15 3 7 11 6 4 8 9 0
168 160 8 1 2 12 13 14 5 10 15 3 7 11 6 4 8 0 9
166 158 8 1 2 12 0 14 5 10 13 3 7 11 15 4 8 9 6
167 160 7 1 2 12 6 14 5 10 13 3 7 11 15 4 8 9 0
169 161 8 1 2 12 6 14 5 10 13 3 7 11 15 4 8 0 9
167 159 8 1 2 0 12 14 5 10 13 3 7 11 15 4 8 9 6
168 160 8 1 0 2 12 14 5 10 13 3 7 11 15 4 8 9 6
168 161 7 1 5 2 12 14 0 10 13 3 7 11 15 4 8 9 6
169 162 7 1 5 2 12 0 14 10 13 3 7 11 15 4 8 9 6
171 163 8 1 5 2 12 3 14 10 13 0 7 11 15 4 8 9 6
164 156 8 1 5 2 6 14 12 10 13 3 7 0 15 4 8 11 9
170 162 8 1 5 2 12 14 10 0 13 3 7 11 15 4 8 9 6
171 163 8 1 5 2 12 14 10 13 0 3 7 11 15 4 8 9 6
172 164 8 1 5 2 0 14 10 13 12 3 7 11 15 4 8 9 6
173 166 7 1 5 2 6 14 10 13 12 3 7 11 15 4 8 9 0
175 167 8 1 5 2 6 14 10 13 12 3 7 11 15 4 8 0 9
173 165 8 1 5 0 2 14 10 13 12 3 7 11 15 4 8 9 6
174 166 8 1 5 13 2 14 10 0 12 3 7 11 15 4 8 9 6
174 167 7 1 5 13 2 14 0 10 12 3 7 11 15 4 8 9 6
175 168 7 1 5 13 2 0 14 10 12 3 7 11 15 4 8 9 6
177 169 8 1 5 13 2 3 14 10 12 0 7 11 15 4 8 9 6
176 168 8 1 5 13 2 14 7 10 12 3 0 11 15 4 8 9 6
176 168 8 1 0 13 2 14 5 10 12 3 7 11 15 4 8 9 6
177 169 8 1 13 0 2 14 5 10 12 3 7 11 15 4 8 9 6
178 170 8 1 13 2 0 14 5 10 12 3 7 11 15 4 8 9 6
179 172 7 1 13 2 6 14 5 10 12 3 7 11 15 4 8 9 0
181 173 8 1 13 2 6 14 5 10 12 3 7 11 15 4 8 0 9
179 171 8 1 13 2 12 14 5 10 0 3 7 11 15 4 8 9 6
163 155 8 1 5 2 13 3 14 12 10 0 7 11 15 4 8 9 6
150 142 8 0 5 2 13 14 12 6 10 3 7 11 15 4 8 9 1
153 145 8 12 5 2 13 14 0 6 10 3 7 11 15 4 8 9 1
153 146 7 12 5 2 13 14 6 0 10 3 7 11 15 4 8 9 1
153 147 6 12 5 2 13 14 6 10 0 3 7 11 15 4 8 9 1
155 148 7 12 5 2 13 14 6 10 15 3 7 11 0 4 8 9 1
155 149 6 12 5 2 13 14 6 10 15 3 7 11 1 4 8 9 0
159 152 7 0 5 2 13 14 6 10 15 3 7 11 1 4 8 9 12
160 153 7 14 5 2 13 0 6 10 15 3 7 11 1 4 8 9 12
157 150 7 12 5 2 13 14 6 10 15 3 7 11 1 4 8 0 9
155 148 7 12 5 2 0 14 6 10 13 3 7 11 15 4 8 9 1
156 150 6 12 5 2 1 14 6 10 13 3 7 11 15 4 8 9 0
160 153 7 0 5 2 1 14 6 10 13 3 7 11 15 4 8 9 12
161 155 6 1 5 2 0 14 6 10 13 3 7 11 15 4 8 9 12
162 157 5 1 5 2 12 14 6 10 13 3 7 11 15 4 8 9 0
161 156 5 1 5 2 13 14 6 10 0 3 7 11 15 4 8 9 12
163 157 6 1 5 2 13 14 6 0 10 3 7 11 15 4 8 9 12
164 158 6 1 5 0 13 14 6 2 10 3 7 11 15 4 8 9 12
163 157 6 1 5 2 13 14 6 10 15 3 7 11 0 4 8 9 12
163 158 5 1 5 2 13 14 6 10 15 3 7 11 12 4 8 9 0
165 159 6 1 5 2 13 14 6 10 15 3 7 11 12 4 8 0 9
164 158 6 1 5 2 12 14 6 10 13 3 7 11 15 4 8 0 9
162 156 6 1 5 0 2 14 6 10 13 3 7 11 15 4 8 9 12
164 157 7 1 0 5 2 14 6 10 13 3 7 11 15 4 8 9 12
164 157 7 1 5 10 2 14 6 0 13 3 7 11 15 4 8 9 12
165 158 7 1 5 10 2 14 6 13 0 3 7 11 15 4 8 9 12
166 159 7 1 5 10 0 14 6 13 2 3 7 11 15 4 8 9 12
168 162 6 1 5 10 13 14 6 0 2 3 7 11 15 4 8 9 12
168 163 5 1 5 0 13 14 6 10 2 3 7 11 15 4 8 9 12
170 164 6 1 5 13 0 14 6 10 2 3 7 11 15 4 8 9 12
171 166 5 1 5 13 12 14 6 10 2 3 7 11 15 4 8 9 0
173 167 6 1 5 13 12 14 6 10 2 3 7 11 15 4 8 0 9
171 165 6 1 5 13 2 14 6 10 0 3 7 11 15 4 8 9 12
170 164 6 1 0 5 13 14 6 10 2 3 7 11 15 4 8 9 12
169 163 6 1 5 10 13 14 6 2 0 3 7 11 15 4 8 9 12
167 161 6 1 5 10 12 14 6 13 2 3 7 11 15 4 8 9 0
169 162 7 1 5 10 12 14 6 13 2 3 7 11 15 4 8 0 9
171 164 7 1 5 10 13 14 6 2 15 3 7 11 0 4 8 9 12
171 165 6 1 5 10 13 14 6 2 15 3 7 11 12 4 8 9 0
173 166 7 1 5 10 13 14 6 2 15 3 7 11 12 4 8 0 9
171 164 7 1 5 10 0 14 6 2 13 3 7 11 15 4 8 9 12
172 166 6 1 5 10 12 14 6 2 13 3 7 11 15 4 8 9 0
174 167 7 1 5 10 12 14 6 2 13 3 7 11 15 4 8 0 9
172 165 7 1 5 0 10 14 6 2 13 3 7 11 15 4 8 9 12
165 158 7 1 5 2 12 14 6 10 13 3 7 11 0 4 8 9 15
166 159 7 1 5 2 12 14 6 10 0 3 7 11 13 4 8 9 15
167 160 7 1 5 2 0 14 6 10 12 3 7 11 13 4 8 9 15
168 162 6 1 5 2 15 14 6 10 12 3 7 11 13 4 8 9 0
170 163 7 1 5 2 15 14 6 10 12 3 7 11 13 4 8 0 9
170 163 7 1 5 2 15 14 6 10 12 3 7 11 0 4 8 9 13
171 164 7 1 5 2 15 14 6 10 0 3 7 11 12 4 8 9 13
168 161 7 1 5 0 2 14 6 10 12 3 7 11 13 4 8 9 15
167 160 7 1 5 2 13 14 6 10 15 3 7 11 12 0 8 9 4
167 160 7 1 5 2 13 14 6 10 15 3 7 11 12 4 0 8 9
167 160 7 1 5 2 13 14 6 10 15 3 7 0 12 4 8 11 9
168 161 7 1 5 2 13 14 6 10 15 3 7 12 0 4 8 11 9
168 162 6 1 5 2 13 14 6 10 15 3 7 12 9 4 8 11 0
168 162 6 1 5 2 13 14 6 10 0 3 7 12 15 4 8 11 9
170 163 7 1 5 2 13 14 6 0 10 3 7 12 15 4 8 11 9
171 164 7 1 5 2 13 14 6 12 10 3 7 0 15 4 8 11 9
171 165 6 1 5 2 13 14 6 12 10 3 7 11 15 4 8 0 9
171 166 5 1 5 2 13 14 6 12 10 3 7 11 15 4 8 9 0
176 169 7 1 5 2 13 14 6 12 10 3 7 0 15 4 8 9 11
177 170 7 1 5 2 13 14 6 12 10 3 7 9 15 4 8 0 11
177 171 6 1 5 2 13 14 6 12 10 3 7 9 15 4 8 11 0
174 167 7 1 5 13 4 14 6 10 2 3 7 11 15 0 8 9 12
175 169 6 1 5 13 4 14 6 10 2 3 7 11 15 12 8 9 0
178 171 7 1 5 13 0 14 6 10 2 3 7 11 15 12 8 9 4
178 172 6 1 5 0 13 14 6 10 2 3 7 11 15 12 8 9 4
180 173 7 1 0 5 13 14 6 10 2 3 7 11 15 12 8 9 4
172 165 7 1 6 5 13 14 0 10 2 3 7 11 15 4 8 9 12
173 166 7 1 6 5 13 0 14 10 2 3 7 11 15 4 8 9 12
176 169 7 1 5 13 12 14 6 10 2 3 7 0 15 4 8 9 11
177 170 7 1 5 13 12 14 6 10 2 3 7 9 15 4 8 0 11
177 171 6 1 5 13 12 14 6 10 2 3 7 9 15 4 8 11 0
180 173 7 1 5 13 0 14 6 10 2 3 7 9 15 4 8 11 12
180 174 6 1 5 0 13 14 6 10 2 3 7 9 15 4 8 11 12
182 175 7 1 0 5 13 14 6 10 2 3 7 9 15 4 8 11 12
167 160 7 1 5 2 12 14 6 10 13 3 7 0 15 4 8 9 11
168 161 7 1 5 2 12 14 6 10 13 3 7 9 15 4 8 0 11
168 162 6 1 5 2 12 14 6 10 13 3 7 9 15 4 8 11 0
171 164 7 1 5 2 0 14 6 10 13 3 7 9 15 4 8 11 12
171 165 6 1 5 2 13 14 6 10 0 3 7 9 15 4 8 11 12
173 166 7 1 5 2 13 14 6 0 10 3 7 9 15 4 8 11 12
174 167 7 1 5 2 13 14 6 9 10 3 7 0 15 4 8 11 12
174 168 6 1 5 2 13 14 6 9 10 3 7 11 15 4 8 0 12
173 169 4 1 5 2 13 14 6 9 10 3 7 11 15 4 8 12 0
178 172 6 1 5 2 13 14 6 9 10 3 7 0 15 4 8 12 11
179 173 6 1 5 2 13 14 6 0 10 3 7 9 15 4 8 12 11
179 174 5 1 5 2 13 14 6 10 0 3 7 9 15 4 8 12 11
181 175 6 1 5 2 13 14 6 10 15 3 7 9 0 4 8 12 11
181 176 5 1 5 2 13 14 6 10 15 3 7 9 11 4 8 12 0
185 179 6 1 5 2 13 14 6 10 15 3 7 0 11 4 8 12 9
185 180 5 1 5 2 13 14 6 10 15 3 7 11 0 4 8 12 9
185 181 4 1 5 2 13 14 6 10 15 3 7 11 9 4 8 12 0
185 181 4 1 5 2 13 14 6 10 0 3 7 11 15 4 8 12 9
187 182 5 1 5 2 13 14 6 0 10 3 7 11 15 4 8 12 9
188 183 5 1 5 0 13 14 6 2 10 3 7 11 15 4 8 12 9
187 182 5 1 5 2 0 14 6 10 13 3 7 11 15 4 8 12 9
188 184 4 1 5 2 9 14 6 10 13 3 7 11 15 4 8 12 0
188 183 5 1 5 0 2 14 6 10 13 3 7 11 15 4 8 12 9
190 184 6 1 0 5 2 14 6 10 13 3 7 11 15 4 8 12 9
190 184 6 1 5 10 2 14 6 0 13 3 7 11 15 4 8 12 9
191 185 6 1 5 10 2 14 6 13 0 3 7 11 15 4 8 12 9
192 186 6 1 5 10 0 14 6 13 2 3 7 11 15 4 8 12 9
194 189 5 1 5 10 13 14 6 0 2 3 7 11 15 4 8 12 9
194 190 4 1 5 0 13 14 6 10 2 3 7 11 15 4 8 12 9
196 191 5 1 5 13 0 14 6 10 2 3 7 11 15 4 8 12 9
197 193 4 1 5 13 9 14 6 10 2 3 7 11 15 4 8 12 0
197 192 5 1 5 13 2 14 6 10 0 3 7 11 15 4 8 12 9
196 191 5 1 0 5 13 14 6 10 2 3 7 11 15 4 8 12 9
195 190 5 1 5 10 13 14 6 2 0 3 7 11 15 4 8 12 9
193 188 5 1 5 10 9 14 6 13 2 3 7 11 15 4 8 12 0
197 191 6 1 5 10 13 14 6 2 15 3 7 11 0 4 8 12 9
197 192 5 1 5 10 13 14 6 2 15 3 7 11 9 4 8 12 0
197 191 6 1 5 10 0 14 6 2 13 3 7 11 15 4 8 12 9
198 193 5 1 5 10 9 14 6 2 13 3 7 11 15 4 8 12 0
198 192 6 1 5 0 10 14 6 2 13 3 7 11 15 4 8 12 9
180 174 6 1 5 0 13 14 6 2 10 3 7 9 15 4 8 12 11
189 183 6 1 5 2 13 14 6 11 10 3 7 0 15 4 8 12 9
190 184 6 0 5 2 13 14 6 10 15 3 7 11 9 4 8 12 1
191 185 6 14 5 2 13 0 6 10 15 3 7 11 9 4 8 12 1
190 184 6 0 5 2 1 14 6 10 13 3 7 11 15 4 8 12 9
192 187 5 9 5 2 1 14 6 10 13 3 7 11 15 4 8 12 0
195 189 6 9 5 2 0 14 6 10 13 3 7 11 15 4 8 12 1
195 190 5 9 5 2 13 14 6 10 0 3 7 11 15 4 8 12 1
197 191 6 9 5 2 13 14 6 0 10 3 7 11 15 4 8 12 1
198 192 6 9 5 0 13 14 6 2 10 3 7 11 15 4 8 12 1
197 191 6 9 5 2 13 14 6 10 15 3 7 11 0 4 8 12 1
197 192 5 9 5 2 13 14 6 10 15 3 7 11 1 4 8 12 0
201 195 6 0 5 2 13 14 6 10 15 3 7 11 1 4 8 12 9
202 196 6 14 5 2 13 0 6 10 15 3 7 11 1 4 8 12 9
191 185 6 1 5 2 9 14 6 10 13 3 7 11 0 4 8 12 15
192 186 6 1 5 2 9 14 6 10 0 3 7 11 13 4 8 12 15
193 187 6 1 5 2 0 14 6 10 9 3 7 11 13 4 8 12 15
194 189 5 1 5 2 15 14 6 10 9 3 7 11 13 4 8 12 0
196 190 6 1 5 2 15 14 6 10 9 3 7 11 0 4 8 12 13
197 191 6 1 5 2 15 14 6 10 0 3 7 11 9 4 8 12 13
194 188 6 1 5 0 2 14 6 10 9 3 7 11 13 4 8 12 15
176 170 6 1 5 2 13 14 6 9 10 3 7 11 0 4 8 12 15
177 171 6 1 5 2 13 14 6 9 0 3 7 11 10 4 8 12 15
178 172 6 1 5 2 13 14 6 0 9 3 7 11 10 4 8 12 15
179 173 6 1 5 0 13 14 6 2 9 3 7 11 10 4 8 12 15
196 190 6 1 5 10 13 14 6 11 2 3 7 0 15 4 8 12 9
200 194 6 1 5 13 10 14 6 0 2 3 7 11 15 4 8 12 9
201 195 6 1 5 13 10 14 6 2 0 3 7 11 15 4 8 12 9
200 194 6 1 5 13 4 14 6 10 2 3 7 11 15 0 8 12 9
201 196 5 1 5 13 4 14 6 10 2 3 7 11 15 9 8 12 0
204 198 6 1 5 13 0 14 6 10 2 3 7 11 15 9 8 12 4
204 199 5 1 5 0 13 14 6 10 2 3 7 11 15 9 8 12 4
206 200 6 1 0 5 13 14 6 10 2 3 7 11 15 9 8 12 4
206 200 6 1 5 10 13 14 6 0 2 3 7 11 15 9 8 12 4
207 201 6 1 5 10 13 14 6 2 0 3 7 11 15 9 8 12 4
198 192 6 1 6 5 13 14 0 10 2 3 7 11 15 4 8 12 9
199 193 6 1 6 5 13 0 14 10 2 3 7 11 15 4 8 12 9
199 193 6 1 5 13 2 14 6 0 10 3 7 11 15 4 8 12 9
200 194 6 1 5 0 2 14 6 13 10 3 7 11 15 4 8 12 9
201 195 6 1 5 2 0 14 6 13 10 3 7 11 15 4 8 12 9
202 197 5 1 5 2 9 14 6 13 10 3 7 11 15 4 8 12 0
202 196 6 1 5 2 10 14 6 13 0 3 7 11 15 4 8 12 9
199 193 6 0 5 13 1 14 6 10 2 3 7 11 15 4 8 12 9
201 196 5 9 5 13 1 14 6 10 2 3 7 11 15 4 8 12 0
204 198 6 9 5 13 0 14 6 10 2 3 7 11 15 4 8 12 1
204 199 5 9 5 0 13 14 6 10 2 3 7 11 15 4 8 12 1
206 200 6 9 0 5 13 14 6 10 2 3 7 11 15 4 8 12 1
207 201 6 0 9 5 13 14 6 10 2 3 7 11 15 4 8 12 1
208 204 4 1 9 5 13 14 6 10 2 3 7 11 15 4 8 12 0
213 207 6 1 9 5 13 14 6 10 2 3 7 0 15 4 8 12 11
205 199 6 9 5 13 2 14 6 10 0 3 7 11 15 4 8 12 1
212 206 6 1 9 5 0 14 6 10 2 3 7 11 15 4 8 12 13
213 207 6 1 9 0 5 14 6 10 2 3 7 11 15 4 8 12 13
213 208 5 1 0 9 5 14 6 10 2 3 7 11 15 4 8 12 13
215 209 6 0 1 9 5 14 6 10 2 3 7 11 15 4 8 12 13
217 212 5 13 1 9 5 14 6 10 2 3 7 11 15 4 8 12 0
220 214 6 13 1 9 0 14 6 10 2 3 7 11 15 4 8 12 5
221 216 5 0 1 9 13 14 6 10 2 3 7 11 15 4 8 12 5
223 219 4 5 1 9 13 14 6 10 2 3 7 11 15 4 8 12 0
221 217 4 1 0 9 13 14 6 10 2 3 7 11 15 4 8 12 5
223 218 5 1 9 0 13 14 6 10 2 3 7 11 15 4 8 12 5
223 218 5 1 6 9 13 14 0 10 2 3 7 11 15 4 8 12 5
224 219 5 1 6 9 13 0 14 10 2 3 7 11 15 4 8 12 5
222 217 5 14 1 9 13 0 6 10 2 3 7 11 15 4 8 12 5
224 218 6 14 1 9 13 6 0 10 2 3 7 11 15 4 8 12 5
225 219 6 14 0 9 13 6 1 10 2 3 7 11 15 4 8 12 5
226 220 6 0 14 9 13 6 1 10 2 3 7 11 15 4 8 12 5
228 223 5 1 14 9 13 6 0 10 2 3 7 11 15 4 8 12 5
228 224 4 1 14 9 13 0 6 10 2 3 7 11 15 4 8 12 5
230 225 5 1 14 9 13 3 6 10 2 0 7 11 15 4 8 12 5
229 224 5 1 0 9 13 6 14 10 2 3 7 11 15 4 8 12 5
228 223 5 5 14 9 13 6 1 10 2 3 7 11 15 4 8 12 0
227 221 6 6 14 9 13 0 1 10 2 3 7 11 15 4 8 12 5
228 222 6 6 14 9 13 1 0 10 2 3 7 11 15 4 8 12 5
229 223 6 6 0 9 13 1 14 10 2 3 7 11 15 4 8 12 5
230 224 6 0 6 9 13 1 14 10 2 3 7 11 15 4 8 12 5
232 227 5 5 6 9 13 1 14 10 2 3 7 11 15 4 8 12 0
233 227 6 14 6 9 13 1 0 10 2 3 7 11 15 4 8 12 5
233 228 5 14 0 9 13 1 6 10 2 3 7 11 15 4 8 12 5
234 229 5 0 14 9 13 1 6 10 2 3 7 11 15 4 8 12 5
236 232 4 5 14 9 13 1 6 10 2 3 7 11 15 4 8 12 0
241 235 6 5 14 9 13 1 6 10 2 3 7 0 15 4 8 12 11
240 234 6 5 14 9 0 1 6 10 2 3 7 11 15 4 8 12 13
242 236 6 0 14 9 5 1 6 10 2 3 7 11 15 4 8 12 13
244 239 5 13 14 9 5 1 6 10 2 3 7 11 15 4 8 12 0
242 237 5 1 14 9 5 0 6 10 2 3 7 11 15 4 8 12 13
244 238 6 1 14 9 5 6 0 10 2 3 7 11 15 4 8 12 13
245 239 6 1 0 9 5 6 14 10 2 3 7 11 15 4 8 12 13
244 238 6 1 14 9 5 3 6 10 2 0 7 11 15 4 8 12 13
243 237 6 14 0 9 5 1 6 10 2 3 7 11 15 4 8 12 13
241 235 6 5 14 9 2 1 6 10 0 3 7 11 15 4 8 12 13
230 224 6 1 14 9 13 6 10 0 2 3 7 11 15 4 8 12 5
231 225 6 1 14 9 13 6 10 2 0 3 7 11 15 4 8 12 5
230 224 6 1 14 9 13 6 7 10 2 3 0 11 15 4 8 12 5
239 233 6 5 14 9 13 1 6 10 2 3 7 11 0 4 8 12 15
240 234 6 5 14 9 13 1 6 10 0 3 7 11 2 4 8 12 15
228 222 6 5 1 9 13 14 6 10 2 3 7 0 15 4 8 12 11
225 219 6 6 1 9 13 14 0 10 2 3 7 11 15 4 8 12 5
226 220 6 6 1 9 13 0 14 10 2 3 7 11 15 4 8 12 5
226 220 6 6 0 9 13 14 1 10 2 3 7 11 15 4 8 12 5
227 221 6 0 6 9 13 14 1 10 2 3 7 11 15 4 8 12 5
229 224 5 5 6 9 13 14 1 10 2 3 7 11 15 4 8 12 0
221 215 6 13 1 9 2 14 6 10 0 3 7 11 15 4 8 12 5
225 219 6 1 9 10 13 14 6 0 2 3 7 11 15 4 8 12 5
226 220 6 1 9 10 13 14 6 2 0 3 7 11 15 4 8 12 5
235 229 6 14 9 0 13 1 6 10 2 3 7 11 15 4 8 12 5
227 221 6 5 1 9 13 14 6 10 2 3 7 11 15 0 8 12 4
229 223 6 0 1 9 13 14 6 10 2 3 7 11 15 5 8 12 4
231 226 5 4 1 9 13 14 6 10 2 3 7 11 15 5 8 12 0
229 224 5 1 0 9 13 14 6 10 2 3 7 11 15 5 8 12 4
231 225 6 1 9 0 13 14 6 10 2 3 7 11 15 5 8 12 4
231 225 6 1 6 9 13 14 0 10 2 3 7 11 15 5 8 12 4
232 226 6 1 6 9 13 0 14 10 2 3 7 11 15 5 8 12 4
230 224 6 14 1 9 13 0 6 10 2 3 7 11 15 5 8 12 4
232 226 6 1 14 9 13 3 6 10 2 7 0 11 15 4 8 12 5
224 218 6 14 1 9 13 3 6 10 2 0 7 11 15 4 8 12 5
231 225 6 0 1 9 13 6 14 10 2 3 7 11 15 4 8 12 5
233 228 5 5 1 9 13 6 14 10 2 3 7 11 15 4 8 12 0
240 234 6 5 14 9 13 1 6 10 2 3 7 11 15 0 8 12 4
242 236 6 0 14 9 13 1 6 10 2 3 7 11 15 5 8 12 4
244 239 5 4 14 9 13 1 6 10 2 3 7 11 15 5 8 12 0
242 237 5 1 14 9 13 0 6 10 2 3 7 11 15 5 8 12 4
244 238 6 1 14 9 13 6 0 10 2 3 7 11 15 5 8 12 4
245 239 6 1 0 9 13 6 14 10 2 3 7 11 15 5 8 12 4
244 238 6 1 14 9 13 3 6 10 2 0 7 11 15 5 8 12 4
245 239 6 1 14 9 13 3 6 10 2 5 7 11 15 0 8 12 4
245 241 4 1 14 9 13 3 6 10 2 5 7 11 15 4 8 12 0
250 244 6 1 14 9 13 3 6 10 2 5 7 0 15 4 8 12 11
250 244 6 0 14 9 13 3 6 10 2 5 7 11 15 4 8 12 1
251 245 6 14 0 9 13 3 6 10 2 5 7 11 15 4 8 12 1
251 245 6 3 14 9 13 0 6 10 2 5 7 11 15 4 8 12 1
252 246 6 3 14 9 13 5 6 10 2 0 7 11 15 4 8 12 1
249 243 6 1 14 9 0 3 6 10 2 5 7 11 15 4 8 12 13
250 244 6 1 14 9 2 3 6 10 0 5 7 11 15 4 8 12 13
239 233 6 5 14 9 13 1 6 10 2 3 7 11 15 4 8 0 12
237 231 6 4 14 9 13 1 6 10 2 3 7 11 15 0 8 12 5
225 219 6 1 6 9 13 14 10 0 2 3 7 11 15 4 8 12 5
226 220 6 1 6 9 13 14 10 2 0 3 7 11 15 4 8 12 5
231 225 6 1 9 0 13 6 14 10 2 3 7 11 15 4 8 12 5
225 219 6 1 9 13 0 14 6 10 2 3 7 11 15 4 8 12 5
226 221 5 1 9 13 5 14 6 10 2 3 7 11 15 4 8 12 0
226 220 6 1 9 13 2 14 6 10 0 3 7 11 15 4 8 12 5
225 219 6 1 6 9 13 14 7 10 2 3 0 11 15 4 8 12 5
226 220 6 1 6 9 13 3 14 10 2 0 7 11 15 4 8 12 5
232 226 6 1 14 9 13 3 6 10 2 4 7 11 15 0 8 12 5
233 228 5 1 14 9 13 3 6 10 2 4 7 11 15 5 8 12 0
217 211 6 5 1 9 0 14 6 10 2 3 7 11 15 4 8 12 13
218 212 6 5 1 9 2 14 6 10 0 3 7 11 15 4 8 12 13
228 222 6 14 6 9 13 0 1 10 2 3 7 11 15 4 8 12 5
248 242 6 1 14 9 13 3 6 10 2 5 7 11 15 4 8 0 12
237 231 6 13 14 9 0 1 6 10 2 3 7 11 15 4 8 12 5
238 232 6 13 14 9 2 1 6 10 0 3 7 11 15 4 8 12 5
248 242 6 1 14 9 13 3 6 10 2 5 7 11 0 4 8 12 15
249 243 6 1 14 9 13 3 6 10 0 5 7 11 2 4 8 12 15
226 220 6 5 1 9 13 14 6 10 2 3 7 11 15 4 8 0 12
226 220 6 5 1 9 13 14 6 10 2 3 7 11 0 4 8 12 15
227 221 6 5 1 9 13 14 6 10 0 3 7 11 2 4 8 12 15
224 218 6 4 1 9 13 14 6 10 2 3 7 11 15 0 8 12 5
243 237 6 14 0 9 13 1 6 10 2 3 7 11 15 5 8 12 4
216 210 6 14 1 9 5 0 6 10 2 3 7 11 15 4 8 12 13
193 187 6 1 5 0 10 14 6 13 2 3 7 11 15 4 8 12 9
193 187 6 0 5 2 9 14 6 10 13 3 7 11 15 4 8 12 1
194 188 6 14 5 2 9 0 6 10 13 3 7 11 15 4 8 12 1
196 190 6 1 5 10 13 14 0 6 2 3 7 11 15 4 8 12 9
197 191 6 1 5 10 13 0 14 6 2 3 7 11 15 4 8 12 9
193 187 6 1 5 2 9 14 6 10 13 3 7 0 15 4 8 12 11
215 209 6 1 6 9 5 14 0 10 2 3 7 11 15 4 8 12 13
216 210 6 1 6 9 5 0 14 10 2 3 7 11 15 4 8 12 13
189 183 6 1 5 2 13 14 0 6 10 3 7 11 15 4 8 12 9
190 184 6 1 5 2 13 0 14 6 10 3 7 11 15 4 8 12 9
202 196 6 1 5 13 9 14 6 10 2 3 7 0 15 4 8 12 11
199 193 6 1 5 13 2 14 6 10 15 3 7 11 0 4 8 12 9
199 194 5 1 5 13 2 14 6 10 15 3 7 11 9 4 8 12 0
202 196 6 1 5 13 0 14 6 10 15 3 7 11 9 4 8 12 2
202 197 5 1 5 0 13 14 6 10 15 3 7 11 9 4 8 12 2
204 198 6 1 0 5 13 14 6 10 15 3 7 11 9 4 8 12 2
204 198 6 1 5 10 13 14 6 0 15 3 7 11 9 4 8 12 2
205 199 6 1 5 10 13 14 6 15 0 3 7 11 9 4 8 12 2
206 200 6 1 5 10 13 14 6 15 9 3 7 11 0 4 8 12 2
206 201 5 1 5 10 13 14 6 15 9 3 7 11 2 4 8 12 0
203 197 6 1 5 13 15 14 6 10 0 3 7 11 9 4 8 12 2
204 198 6 1 5 13 15 14 6 10 9 3 7 11 0 4 8 12 2
204 199 5 1 5 13 15 14 6 10 9 3 7 11 2 4 8 12 0
207 201 6 1 5 13 0 14 6 10 9 3 7 11 2 4 8 12 15
207 202 5 1 5 0 13 14 6 10 9 3 7 11 2 4 8 12 15
209 203 6 1 0 5 13 14 6 10 9 3 7 11 2 4 8 12 15
209 203 6 1 5 10 13 14 6 0 9 3 7 11 2 4 8 12 15
210 204 6 1 5 10 13 14 6 9 0 3 7 11 2 4 8 12 15
211 205 6 1 5 10 13 14 6 9 2 3 7 11 0 4 8 12 15
210 206 4 1 5 10 13 14 6 9 2 3 7 11 15 4 8 12 0
215 209 6 1 5 10 13 14 6 9 2 3 7 0 15 4 8 12 11
216 210 6 1 5 10 13 14 6 0 2 3 7 9 15 4 8 12 11
216 211 5 1 5 0 13 14 6 10 2 3 7 9 15 4 8 12 11
218 212 6 1 5 13 0 14 6 10 2 3 7 9 15 4 8 12 11
219 214 5 1 5 13 11 14 6 10 2 3 7 9 15 4 8 12 0
223 217 6 1 5 13 11 14 6 10 2 3 7 0 15 4 8 12 9
219 213 6 1 5 13 2 14 6 10 0 3 7 9 15 4 8 12 11
218 212 6 1 0 5 13 14 6 10 2 3 7 9 15 4 8 12 11
217 211 6 1 5 10 13 14 6 2 0 3 7 9 15 4 8 12 11
215 209 6 0 5 10 13 14 6 9 2 3 7 11 15 4 8 12 1
216 210 6 14 5 10 13 0 6 9 2 3 7 11 15 4 8 12 1
214 208 6 1 5 10 0 14 6 9 2 3 7 11 15 4 8 12 13
217 211 6 1 5 10 9 14 6 0 2 3 7 11 15 4 8 12 13
217 212 5 1 5 0 9 14 6 10 2 3 7 11 15 4 8 12 13
217 213 4 1 5 9 0 14 6 10 2 3 7 11 15 4 8 12 13
217 215 2 1 5 9 13 14 6 10 2 3 7 11 15 4 8 12 0
222 218 4 1 5 9 13 14 6 10 2 3 7 0 15 4 8 12 11
222 218 4 0 5 9 13 14 6 10 2 3 7 11 15 4 8 12 1
223 219 4 14 5 9 13 0 6 10 2 3 7 11 15 4 8 12 1
221 217 4 1 5 9 13 14 6 10 2 3 7 11 15 0 8 12 4
220 216 4 1 5 9 13 14 6 10 2 3 7 11 15 4 8 0 12
220 216 4 1 5 9 13 14 6 10 2 3 7 11 0 4 8 12 15
221 217 4 1 5 9 13 14 6 10 0 3 7 11 2 4 8 12 15
218 214 4 1 5 9 2 14 6 10 0 3 7 11 15 4 8 12 13
220 215 5 1 5 9 2 14 6 0 10 3 7 11 15 4 8 12 13
225 220 5 14 5 9 13 3 6 10 2 0 7 11 15 4 8 12 1
220 215 5 1 5 9 2 14 6 10 15 3 7 11 0 4 8 12 13
220 216 4 1 5 9 2 14 6 10 15 3 7 11 13 4 8 12 0
223 218 5 1 5 9 0 14 6 10 15 3 7 11 13 4 8 12 2
224 219 5 1 5 9 15 14 6 10 0 3 7 11 13 4 8 12 2
225 220 5 1 5 9 15 14 6 10 13 3 7 11 0 4 8 12 2
225 221 4 1 5 9 15 14 6 10 13 3 7 11 2 4 8 12 0
223 218 5 1 5 9 13 14 6 0 10 3 7 11 2 4 8 12 15
223 218 5 1 5 9 0 14 6 10 13 3 7 11 2 4 8 12 15
224 219 5 1 5 9 13 14 6 10 2 3 7 12 15 4 8 0 11
224 220 4 1 5 9 13 14 6 10 2 3 7 12 15 4 8 11 0
225 220 5 4 5 9 13 14 6 10 2 3 7 11 15 0 8 12 1
226 222 4 4 5 9 13 14 6 10 2 3 7 11 15 1 8 12 0
224 219 5 1 5 9 13 14 6 10 2 3 0 7 15 4 8 12 11
224 219 5 1 5 9 13 14 6 10 2 3 7 15 0 4 8 12 11
224 220 4 1 5 9 13 14 6 10 2 3 7 15 11 4 8 12 0
225 220 5 1 5 9 13 14 6 10 0 3 7 15 2 4 8 12 11
223 218 5 1 5 9 13 14 6 10 2 0 7 11 15 3 8 12 4
224 219 5 1 5 9 13 0 6 10 2 14 7 11 15 3 8 12 4
224 219 5 5 0 9 13 14 6 10 2 3 7 11 15 4 8 12 1
225 220 5 14 5 9 13 6 0 10 2 3 7 11 15 4 8 12 1
220 215 5 0 5 9 1 14 6 10 2 3 7 11 15 4 8 12 13
222 218 4 13 5 9 1 14 6 10 2 3 7 11 15 4 8 12 0
221 216 5 14 5 9 1 0 6 10 2 3 7 11 15 4 8 12 13
222 217 5 1 5 9 13 14 6 10 2 3 7 11 15 4 0 8 12
225 220 5 1 5 9 13 14 6 10 2 3 0 11 15 7 8 12 4
225 220 5 1 5 9 0 14 6 10 2 3 7 11 15 13 8 12 4
226 222 4 1 5 9 4 14 6 10 2 3 7 11 15 13 8 12 0
226 221 5 1 5 9 2 14 6 10 0 3 7 11 15 13 8 12 4
222 217 5 1 5 9 13 14 6 10 2 3 7 0 11 4 8 12 15
223 218 5 1 5 9 13 14 6 10 2 3 7 11 15 8 0 12 4
224 219 5 1 5 9 13 14 6 0 2 3 7 10 15 4 8 12 11
225 220 5 1 5 9 13 14 6 2 0 3 7 10 15 4 8 12 11
221 216 5 1 5 9 10 14 6 0 2 3 7 11 15 4 8 12 13
222 217 5 1 5 9 10 14 6 2 0 3 7 11 15 4 8 12 13
223 218 5 1 5 9 0 14 6 2 10 3 7 11 15 4 8 12 13
223 220 3 1 5 9 13 14 6 2 10 3 7 11 15 4 8 12 0
228 223 5 1 5 9 13 14 6 2 10 3 7 0 15 4 8 12 11
229 224 5 1 5 9 13 14 6 0 10 3 7 2 15 4 8 12 11
229 225 4 1 5 9 13 14 6 10 0 3 7 2 15 4 8 12 11
231 226 5 1 5 9 13 14 6 10 15 3 7 2 0 4 8 12 11
231 227 4 1 5 9 13 14 6 10 15 3 7 2 11 4 8 12 0
235 230 5 1 5 9 13 14 6 10 15 3 7 0 11 4 8 12 2
235 231 4 1 5 9 13 14 6 10 15 3 7 11 0 4 8 12 2
235 232 3 1 5 9 13 14 6 10 15 3 7 11 2 4 8 12 0
235 232 3 1 5 9 13 14 6 10 0 3 7 11 15 4 8 12 2
237 233 4 1 5 9 13 14 6 0 10 3 7 11 15 4 8 12 2
237 233 4 1 5 9 0 14 6 10 13 3 7 11 15 4 8 12 2
238 235 3 1 5 9 2 14 6 10 13 3 7 11 15 4 8 12 0
243 238 5 1 5 9 2 14 6 10 13 3 7 0 15 4 8 12 11
243 238 5 0 5 9 2 14 6 10 13 3 7 11 15 4 8 12 1
245 240 5 2 5 9 0 14 6 10 13 3 7 11 15 4 8 12 1
246 242 4 2 5 9 1 14 6 10 13 3 7 11 15 4 8 12 0
245 241 4 2 5 9 13 14 6 10 0 3 7 11 15 4 8 12 1
247 242 5 2 5 9 13 14 6 0 10 3 7 11 15 4 8 12 1
247 242 5 2 5 9 13 14 6 10 15 3 7 11 0 4 8 12 1
247 243 4 2 5 9 13 14 6 10 15 3 7 11 1 4 8 12 0
251 246 5 0 5 9 13 14 6 10 15 3 7 11 1 4 8 12 2
252 247 5 14 5 9 13 0 6 10 15 3 7 11 1 4 8 12 2
244 239 5 14 5 9 2 0 6 10 13 3 7 11 15 4 8 12 1
242 237 5 1 5 9 2 14 6 10 13 3 7 11 15 0 8 12 4
245 240 5 1 5 9 0 14 6 10 13 3 7 11 15 2 8 12 4
246 242 4 1 5 9 4 14 6 10 13 3 7 11 15 2 8 12 0
245 241 4 1 5 9 13 14 6 10 0 3 7 11 15 2 8 12 4
247 242 5 1 5 9 13 14 6 0 10 3 7 11 15 2 8 12 4
247 242 5 1 5 9 13 14 6 10 15 3 7 11 0 2 8 12 4
247 243 4 1 5 9 13 14 6 10 15 3 7 11 4 2 8 12 0
250 245 5 1 5 9 13 14 6 10 15 3 7 11 4 0 8 12 2
241 236 5 1 5 9 2 14 6 10 13 3 7 11 15 4 8 0 12
232 227 5 1 5 9 13 14 6 10 15 3 7 0 2 4 8 12 11
239 234 5 1 5 9 0 14 6 10 15 3 7 11 2 4 8 12 13
240 235 5 1 5 9 15 14 6 10 0 3 7 11 2 4 8 12 13
241 236 5 1 5 9 15 14 6 10 2 3 7 11 0 4 8 12 13
241 237 4 1 5 9 15 14 6 10 2 3 7 11 13 4 8 12 0
244 239 5 1 5 9 0 14 6 10 2 3 7 11 13 4 8 12 15
245 240 5 1 5 9 2 14 6 10 0 3 7 11 13 4 8 12 15
239 234 5 1 5 0 13 14 6 9 10 3 7 11 15 4 8 12 2
240 235 5 0 5 9 13 14 6 10 15 3 7 11 2 4 8 12 1
241 236 5 14 5 9 13 0 6 10 15 3 7 11 2 4 8 12 1
239 234 5 1 5 9 13 14 0 6 10 3 7 11 15 4 8 12 2
240 235 5 1 5 9 13 0 14 6 10 3 7 11 15 4 8 12 2
222 217 5 1 5 9 13 14 6 10 2 3 7 0 15 4 8 11 12
241 236 5 1 5 9 10 14 6 0 13 3 7 11 15 4 8 12 2
242 237 5 1 5 9 10 14 6 13 0 3 7 11 15 4 8 12 2
243 238 5 1 5 9 0 14 6 13 10 3 7 11 15 4 8 12 2
244 240 4 1 5 9 2 14 6 13 10 3 7 11 15 4 8 12 0
221 216 5 1 5 9 4 14 6 10 2 3 7 11 15 0 8 12 13
231 226 5 1 5 9 0 14 6 10 13 3 7 2 15 4 8 12 11
232 228 4 1 5 9 11 14 6 10 13 3 7 2 15 4 8 12 0
236 231 5 1 5 9 11 14 6 10 13 3 7 0 15 4 8 12 2
239 234 5 1 5 0 9 14 6 10 13 3 7 11 15 4 8 12 2
228 223 5 0 5 9 13 14 6 2 10 3 7 11 15 4 8 12 1
229 224 5 14 5 9 13 0 6 2 10 3 7 11 15 4 8 12 1
226 221 5 1 5 9 13 14 6 2 10 3 7 11 15 4 8 0 12
239 234 5 1 5 9 13 14 6 11 10 3 7 0 15 4 8 12 2
225 220 5 13 5 9 0 14 6 10 2 3 7 11 15 4 8 12 1
226 221 5 13 5 9 2 14 6 10 0 3 7 11 15 4 8 12 1
240 235 5 0 5 9 1 14 6 10 13 3 7 11 15 4 8 12 2
241 236 5 14 5 9 1 0 6 10 13 3 7 11 15 4 8 12 2
238 233 5 1 5 9 13 14 6 10 15 3 7 11 2 4 8 0 12
241 236 5 1 5 9 4 14 6 10 13 3 7 11 15 0 8 12 2
226 221 5 6 5 9 13 14 0 10 2 3 7 11 15 4 8 12 1
227 222 5 6 5 9 13 0 14 10 2 3 7 11 15 4 8 12 1
224 219 5 0 5 9 13 14 6 10 2 3 7 11 15 1 8 12 4
225 220 5 14 5 9 13 0 6 10 2 3 7 11 15 1 8 12 4
239 234 5 1 5 9 13 14 6 10 15 3 7 11 2 0 8 12 4
226 221 5 1 5 9 13 14 6 2 10 3 7 11 0 4 8 12 15
227 222 5 1 5 9 13 14 6 2 0 3 7 11 10 4 8 12 15
228 223 5 1 5 9 13 14 6 0 2 3 7 11 10 4 8 12 15
227 222 5 1 5 9 13 14 6 2 10 3 7 11 15 0 8 12 4
241 236 5 1 5 9 2 14 6 10 13 3 7 11 0 4 8 12 15
243 237 6 1 5 9 2 14 6 10 13 3 7 0 11 4 8 12 15
230 224 6 1 5 0 13 14 6 9 2 3 7 11 10 4 8 12 15
226 220 6 1 5 0 13 14 6 9 2 3 7 10 15 4 8 12 11
219 213 6 1 0 5 9 14 6 10 2 3 7 11 15 4 8 12 13
218 212 6 1 5 10 9 14 6 2 0 3 7 11 15 4 8 12 13
219 213 6 1 5 10 0 14 6 2 9 3 7 11 15 4 8 12 13
219 215 4 1 5 10 13 14 6 2 9 3 7 11 15 4 8 12 0
224 218 6 1 5 10 13 14 6 2 9 3 7 0 15 4 8 12 11
225 219 6 1 5 10 13 14 6 0 9 3 7 2 15 4 8 12 11
225 220 5 1 5 0 13 14 6 10 9 3 7 2 15 4 8 12 11
227 221 6 1 5 13 0 14 6 10 9 3 7 2 15 4 8 12 11
228 223 5 1 5 13 11 14 6 10 9 3 7 2 15 4 8 12 0
232 226 6 1 5 13 11 14 6 10 9 3 7 0 15 4 8 12 2
224 218 6 1 5 9 2 14 6 10 15 3 7 11 13 0 8 12 4
227 221 6 1 5 9 0 14 6 10 15 3 7 11 13 2 8 12 4
228 223 5 1 5 9 4 14 6 10 15 3 7 11 13 2 8 12 0
230 224 6 1 5 9 4 14 6 10 15 3 7 11 0 2 8 12 13
230 225 5 1 5 9 4 14 6 10 0 3 7 11 15 2 8 12 13
231 226 5 1 5 9 0 14 6 10 4 3 7 11 15 2 8 12 13
231 228 3 1 5 9 13 14 6 10 4 3 7 11 15 2 8 12 0
234 230 4 1 5 9 13 14 6 10 4 3 7 11 15 0 8 12 2
238 233 5 1 5 9 13 14 6 10 4 3 0 11 15 7 8 12 2
238 233 5 1 5 9 0 14 6 10 4 3 7 11 15 13 8 12 2
239 235 4 1 5 9 2 14 6 10 4 3 7 11 15 13 8 12 0
239 234 5 1 5 9 4 14 6 10 0 3 7 11 15 13 8 12 2
237 232 5 0 5 9 13 14 6 10 4 3 7 11 15 1 8 12 2
239 235 4 2 5 9 13 14 6 10 4 3 7 11 15 1 8 12 0
242 237 5 2 5 9 13 14 6 10 4 3 7 11 15 0 8 12 1
238 233 5 14 5 9 13 0 6 10 4 3 7 11 15 1 8 12 2
236 231 5 1 5 9 13 14 6 10 4 3 7 11 15 8 0 12 2
234 229 5 1 5 9 2 14 6 10 4 3 7 11 15 0 8 12 13
234 229 5 1 5 9 13 14 6 10 4 3 7 11 15 2 8 0 12
234 229 5 1 5 9 13 14 6 10 4 3 7 11 0 2 8 12 15
235 230 5 1 5 9 13 14 6 10 0 3 7 11 4 2 8 12 15
236 231 5 0 5 9 13 14 6 10 4 3 7 11 15 2 8 12 1
237 232 5 14 5 9 13 0 6 10 4 3 7 11 15 2 8 12 1
236 231 5 1 5 9 13 14 6 10 4 0 7 11 15 3 8 12 2
237 232 5 1 5 9 13 0 6 10 4 14 7 11 15 3 8 12 2
236 231 5 1 5 9 13 14 6 10 4 3 7 0 15 2 8 12 11
238 232 6 1 5 9 13 14 6 10 4 3 7 15 0 2 8 12 11
238 233 5 1 5 9 13 14 6 10 4 3 7 15 11 2 8 12 0
241 235 6 1 5 9 13 14 6 10 4 3 7 15 11 0 8 12 2
222 216 6 1 5 9 2 14 6 10 15 3 7 0 11 4 8 12 13
226 220 6 1 5 9 13 6 0 10 2 14 7 11 15 3 8 12 4
225 219 6 1 5 9 2 14 6 10 15 3 7 0 13 4 8 12 11
226 220 6 1 5 9 2 14 6 10 15 3 7 13 0 4 8 12 11
226 221 5 1 5 9 2 14 6 10 15 3 7 13 11 4 8 12 0
226 221 5 1 5 9 2 14 6 10 0 3 7 13 15 4 8 12 11
227 222 5 1 5 9 0 14 6 10 2 3 7 13 15 4 8 12 11
228 224 4 1 5 9 11 14 6 10 2 3 7 13 15 4 8 12 0
232 227 5 1 5 9 11 14 6 10 2 3 7 0 15 4 8 12 13
234 228 6 1 5 9 11 14 6 10 2 3 7 15 0 4 8 12 13
234 229 5 1 5 9 11 14 6 10 2 3 7 15 13 4 8 12 0
238 232 6 1 5 9 11 14 6 10 2 3 7 0 13 4 8 12 15
226 220 6 1 5 9 15 14 6 0 10 3 7 11 13 4 8 12 2
228 222 6 1 5 9 15 14 6 10 13 3 7 11 2 4 8 0 12
227 221 6 1 5 9 15 14 6 10 13 3 7 0 11 4 8 12 2
225 219 6 1 5 0 9 14 6 10 13 3 7 11 2 4 8 12 15
230 224 6 1 5 9 15 14 6 10 13 3 7 0 2 4 8 12 11
231 225 6 1 5 9 15 14 6 10 13 3 7 2 0 4 8 12 11
231 226 5 1 5 9 15 14 6 10 13 3 7 2 11 4 8 12 0
234 228 6 1 5 9 0 14 6 10 13 3 7 2 11 4 8 12 15
234 229 5 1 5 9 13 14 6 10 0 3 7 2 11 4 8 12 15
235 230 5 1 5 9 13 14 6 10 11 3 7 2 0 4 8 12 15
234 231 3 1 5 9 13 14 6 10 11 3 7 2 15 4 8 12 0
238 234 4 1 5 9 13 14 6 10 11 3 7 0 15 4 8 12 2
240 235 5 1 5 9 13 14 6 10 11 3 7 15 0 4 8 12 2
240 236 4 1 5 9 13 14 6 10 11 3 7 15 2 4 8 12 0
241 236 5 1 5 9 13 14 6 10 0 3 7 15 11 4 8 12 2
240 235 5 1 5 9 13 14 6 10 11 3 0 7 15 4 8 12 2
240 235 5 1 5 9 13 14 6 10 11 3 7 12 15 4 8 0 2
240 236 4 1 5 9 13 14 6 10 11 3 7 12 15 4 8 2 0
244 239 5 1 5 9 13 14 6 10 11 3 7 0 15 4 8 2 12
240 235 5 1 5 9 13 14 6 0 11 3 7 10 15 4 8 12 2
241 236 5 1 5 9 13 14 6 11 0 3 7 10 15 4 8 12 2
239 234 5 0 5 9 13 14 6 10 11 3 7 2 15 4 8 12 1
240 235 5 14 5 9 13 0 6 10 11 3 7 2 15 4 8 12 1
238 233 5 1 5 9 0 14 6 10 11 3 7 2 15 4 8 12 13
239 234 5 1 5 9 11 14 6 10 0 3 7 2 15 4 8 12 13
238 233 5 1 5 9 13 14 6 10 11 3 7 2 15 0 8 12 4
236 231 5 1 5 9 13 14 6 10 11 3 7 0 2 4 8 12 15
237 232 5 1 5 9 13 14 6 10 11 3 7 2 15 4 8 0 12
239 233 6 1 5 9 13 14 6 10 11 3 7 2 15 4 0 8 12
240 234 6 1 5 9 13 14 6 10 11 0 7 2 15 3 8 12 4
241 235 6 1 5 9 13 0 6 10 11 14 7 2 15 3 8 12 4
226 220 6 1 5 9 13 14 6 10 2 3 7 12 15 4 0 8 11
229 223 6 0 5 9 13 14 6 10 2 3 7 12 15 4 8 11 1
230 224 6 14 5 9 13 0 6 10 2 3 7 12 15 4 8 11 1
227 221 6 4 5 9 13 14 6 10 2 3 7 11 15 8 0 12 1
227 221 6 4 5 9 13 14 6 10 2 0 7 11 15 3 8 12 1
228 222 6 4 5 9 13 0 6 10 2 14 7 11 15 3 8 12 1
229 223 6 4 5 9 13 14 6 10 2 3 0 11 15 7 8 12 1
229 223 6 4 5 9 0 14 6 10 2 3 7 11 15 13 8 12 1
230 225 5 4 5 9 1 14 6 10 2 3 7 11 15 13 8 12 0
229 223 6 4 5 9 13 14 6 10 2 3 7 11 15 1 8 0 12
229 223 6 4 5 9 13 14 6 10 2 3 7 11 0 1 8 12 15
230 224 6 4 5 9 13 14 6 10 0 3 7 11 2 1 8 12 15
230 224 6 4 5 9 0 14 6 10 2 3 7 11 15 1 8 12 13
231 225 6 4 5 9 2 14 6 10 0 3 7 11 15 1 8 12 13
228 222 6 0 5 9 1 14 6 10 2 3 7 11 15 13 8 12 4
229 223 6 14 5 9 1 0 6 10 2 3 7 11 15 13 8 12 4
227 221 6 1 5 9 0 14 6 10 13 3 7 15 2 4 8 12 11
228 223 5 1 5 9 11 14 6 10 13 3 7 15 2 4 8 12 0
232 226 6 1 5 9 11 14 6 10 13 3 7 0 2 4 8 12 15
227 221 6 1 5 9 13 14 0 10 2 3 6 11 15 7 8 12 4
228 222 6 1 5 9 13 0 14 10 2 3 6 11 15 7 8 12 4
225 219 6 1 5 9 13 14 6 10 2 7 0 11 15 3 8 12 4
226 220 6 5 6 9 13 14 0 10 2 3 7 11 15 4 8 12 1
227 221 6 5 6 9 13 0 14 10 2 3 7 11 15 4 8 12 1
227 221 6 14 5 9 13 6 7 10 2 3 0 11 15 4 8 12 1
224 218 6 1 5 9 13 14 6 10 2 3 0 11 15 4 7 8 12
224 218 6 6 5 9 1 14 0 10 2 3 7 11 15 4 8 12 13
225 219 6 6 5 9 1 0 14 10 2 3 7 11 15 4 8 12 13
222 216 6 5 0 9 1 14 6 10 2 3 7 11 15 4 8 12 13
223 217 6 14 5 9 1 6 0 10 2 3 7 11 15 4 8 12 13
225 219 6 13 5 9 1 14 6 10 2 3 7 11 0 4 8 12 15
226 220 6 13 5 9 1 14 6 10 0 3 7 11 2 4 8 12 15
227 221 6 13 5 9 0 14 6 10 1 3 7 11 2 4 8 12 15
228 223 5 13 5 9 15 14 6 10 1 3 7 11 2 4 8 12 0
228 223 5 0 5 9 13 14 6 10 1 3 7 11 2 4 8 12 15
230 226 4 15 5 9 13 14 6 10 1 3 7 11 2 4 8 12 0
232 227 5 15 5 9 13 14 6 10 1 3 7 11 0 4 8 12 2
233 228 5 15 5 9 13 14 6 10 0 3 7 11 1 4 8 12 2
229 224 5 14 5 9 13 0 6 10 1 3 7 11 2 4 8 12 15
231 225 6 14 5 9 13 6 0 10 1 3 7 11 2 4 8 12 15
234 228 6 15 5 9 13 14 6 10 1 3 7 11 2 0 8 12 4
236 230 6 0 5 9 13 14 6 10 1 3 7 11 2 15 8 12 4
238 233 5 4 5 9 13 14 6 10 1 3 7 11 2 15 8 12 0
240 234 6 4 5 9 13 14 6 10 1 3 7 11 0 15 8 12 2
241 235 6 4 5 9 13 14 6 10 0 3 7 11 1 15 8 12 2
229 223 6 1 5 9 10 14 6 0 2 3 7 11 15 13 8 12 4
230 224 6 1 5 9 10 14 6 2 0 3 7 11 15 13 8 12 4
224 218 6 1 5 9 13 14 6 10 2 3 0 7 11 4 8 12 15
229 223 6 1 5 9 4 14 6 10 2 3 7 11 15 13 8 0 12
224 218 6 1 5 9 13 14 6 10 2 3 7 12 11 4 8 0 15
224 219 5 1 5 9 13 14 6 10 2 3 7 12 11 4 8 15 0
228 222 6 1 5 9 13 14 6 10 2 3 7 0 11 4 8 15 12
228 223 5 1 5 9 13 14 6 10 2 3 7 11 0 4 8 15 12
228 224 4 1 5 9 13 14 6 10 2 3 7 11 12 4 8 15 0
230 225 5 1 5 9 13 14 6 10 2 3 7 11 12 4 8 0 15
229 224 5 1 5 9 13 14 6 10 0 3 7 11 2 4 8 15 12
231 225 6 1 5 9 13 14 6 0 10 3 7 11 2 4 8 15 12
227 221 6 1 5 9 4 14 6 2 10 3 7 11 15 0 8 12 13
228 223 5 1 5 9 4 14 6 2 10 3 7 11 15 13 8 12 0
225 219 6 1 5 9 13 14 6 10 2 3 7 11 15 8 12 0 4
225 220 5 1 5 9 13 14 6 10 2 3 7 11 15 8 12 4 0
228 222 6 1 5 9 13 14 6 10 2 3 7 11 15 0 12 4 8
229 223 6 1 5 9 13 14 6 10 2 3 7 11 15 12 0 4 8
230 224 6 1 5 9 13 14 6 10 2 3 7 11 15 12 4 0 8
230 225 5 1 5 9 13 14 6 10 2 3 7 11 15 12 4 8 0
223 217 6 1 5 9 10 14 6 11 2 3 7 0 15 4 8 12 13
225 219 6 1 5 0 9 14 6 2 10 3 7 11 15 4 8 12 13
226 220 6 1 5 2 9 14 6 0 10 3 7 11 15 4 8 12 13
226 221 5 1 5 2 9 14 6 10 0 3 7 11 15 4 8 12 13
227 222 5 1 5 2 0 14 6 10 9 3 7 11 15 4 8 12 13
227 224 3 1 5 2 13 14 6 10 9 3 7 11 15 4 8 12 0
232 227 5 1 5 2 13 14 6 10 9 3 7 0 15 4 8 12 11
232 227 5 0 5 2 13 14 6 10 9 3 7 11 15 4 8 12 1
233 228 5 14 5 2 13 0 6 10 9 3 7 11 15 4 8 12 1
231 226 5 1 5 2 13 14 6 10 9 3 7 11 15 0 8 12 4
230 225 5 1 5 2 13 14 6 10 9 3 7 11 15 4 8 0 12
230 225 5 1 5 2 13 14 6 10 9 3 7 11 0 4 8 12 15
231 226 5 1 5 2 13 14 6 10 0 3 7 11 9 4 8 12 15
228 223 5 1 5 0 2 14 6 10 9 3 7 11 15 4 8 12 13
230 224 6 1 0 5 2 14 6 10 9 3 7 11 15 4 8 12 13
235 229 6 1 5 2 13 14 6 10 9 3 0 11 15 7 8 12 4
230 224 6 1 5 9 13 14 6 2 10 3 7 15 0 4 8 12 11
230 225 5 1 5 9 13 14 6 2 10 3 7 15 11 4 8 12 0
235 229 6 1 5 9 13 14 6 10 15 3 7 2 11 0 8 12 4
235 229 6 1 5 9 0 14 6 10 15 3 7 2 11 4 8 12 13
236 230 6 1 5 9 15 14 6 10 0 3 7 2 11 4 8 12 13
237 231 6 1 5 9 15 14 6 10 11 3 7 2 0 4 8 12 13
237 232 5 1 5 9 15 14 6 10 11 3 7 2 13 4 8 12 0
241 235 6 1 5 9 15 14 6 10 11 3 7 0 13 4 8 12 2
242 236 6 1 5 9 15 14 6 10 11 3 7 13 0 4 8 12 2
242 237 5 1 5 9 15 14 6 10 11 3 7 13 2 4 8 12 0
245 239 6 1 5 9 0 14 6 10 11 3 7 13 2 4 8 12 15
246 240 6 1 5 9 11 14 6 10 0 3 7 13 2 4 8 12 15
252 246 6 0 5 9 13 14 6 10 15 3 7 11 4 2 8 12 1
254 248 6 2 5 9 13 14 6 10 15 3 7 11 4 0 8 12 1
255 250 5 2 5 9 13 14 6 10 15 3 7 11 4 1 8 12 0
257 251 6 2 5 9 13 14 6 10 15 3 7 11 0 1 8 12 4
257 252 5 2 5 9 13 14 6 10 0 3 7 11 15 1 8 12 4
259 253 6 2 5 9 13 14 6 0 10 3 7 11 15 1 8 12 4
245 239 6 1 5 9 2 14 6 10 13 3 7 12 15 4 8 0 11
245 240 5 1 5 9 2 14 6 10 13 3 7 12 15 4 8 11 0
248 242 6 1 5 9 0 14 6 10 13 3 7 12 15 4 8 11 2
248 243 5 1 5 9 13 14 6 10 0 3 7 12 15 4 8 11 2
250 244 6 1 5 9 13 14 6 0 10 3 7 12 15 4 8 11 2
251 245 6 1 5 9 13 14 6 12 10 3 7 0 15 4 8 11 2
251 246 5 1 5 9 13 14 6 12 10 3 7 11 15 4 8 0 2
251 247 4 1 5 9 13 14 6 12 10 3 7 11 15 4 8 2 0
256 250 6 1 5 9 13 14 6 12 10 3 7 0 15 4 8 2 11
257 251 6 1 5 9 13 14 6 12 10 3 7 2 15 4 8 0 11
257 252 5 1 5 9 13 14 6 12 10 3 7 2 15 4 8 11 0
253 247 6 5 0 9 13 14 6 10 15 3 7 11 1 4 8 12 2
249 243 6 2 5 9 13 14 0 6 10 3 7 11 15 4 8 12 1
250 244 6 2 5 9 13 0 14 6 10 3 7 11 15 4 8 12 1
252 246 6 2 5 9 13 14 6 10 15 3 7 0 1 4 8 12 11
253 247 6 2 5 9 13 14 6 10 15 3 7 1 0 4 8 12 11
253 248 5 2 5 9 13 14 6 10 15 3 7 1 11 4 8 12 0
253 248 5 2 5 9 13 14 6 10 0 3 7 1 15 4 8 12 11
255 249 6 2 5 9 13 14 6 0 10 3 7 1 15 4 8 12 11
256 250 6 2 5 9 13 14 6 1 10 3 7 0 15 4 8 12 11
251 245 6 2 5 9 13 14 6 10 15 3 7 11 1 0 8 12 4
253 247 6 0 5 9 13 14 6 10 15 3 7 11 1 2 8 12 4
255 250 5 4 5 9 13 14 6 10 15 3 7 11 1 2 8 12 0
257 251 6 4 5 9 13 14 6 10 15 3 7 11 0 2 8 12 1
257 252 5 4 5 9 13 14 6 10 0 3 7 11 15 2 8 12 1
259 253 6 4 5 9 13 14 6 0 10 3 7 11 15 2 8 12 1
259 253 6 4 5 9 0 14 6 10 13 3 7 11 15 2 8 12 1
260 255 5 4 5 9 1 14 6 10 13 3 7 11 15 2 8 12 0
255 249 6 6 5 9 13 14 0 10 15 3 7 11 1 4 8 12 2
256 250 6 6 5 9 13 0 14 10 15 3 7 11 1 4 8 12 2
245 239 6 0 5 9 2 14 6 10 13 3 7 11 15 1 8 12 4
247 242 5 4 5 9 2 14 6 10 13 3 7 11 15 1 8 12 0
250 244 6 4 5 9 0 14 6 10 13 3 7 11 15 1 8 12 2
250 245 5 4 5 9 13 14 6 10 0 3 7 11 15 1 8 12 2
252 246 6 4 5 9 13 14 6 0 10 3 7 11 15 1 8 12 2
252 246 6 4 5 9 13 14 6 10 15 3 7 11 0 1 8 12 2
252 247 5 4 5 9 13 14 6 10 15 3 7 11 2 1 8 12 0
246 240 6 14 5 9 2 0 6 10 13 3 7 11 15 1 8 12 4
246 240 6 14 5 9 2 6 0 10 13 3 7 11 15 4 8 12 1
246 240 6 14 5 9 2 3 6 10 13 0 7 11 15 4 8 12 1
244 238 6 1 5 9 2 14 6 10 13 3 7 11 15 8 0 12 4
244 238 6 1 5 9 2 14 6 10 13 0 7 11 15 3 8 12 4
245 239 6 1 5 9 2 0 6 10 13 14 7 11 15 3 8 12 4
248 242 6 0 5 9 1 14 6 10 13 3 7 11 15 2 8 12 4
249 243 6 14 5 9 1 0 6 10 13 3 7 11 15 2 8 12 4
247 241 6 1 5 0 9 14 6 10 13 3 7 11 15 2 8 12 4
246 240 6 1 5 9 2 14 6 10 13 3 0 11 15 7 8 12 4
249 243 6 1 5 9 4 14 6 10 13 3 7 11 0 2 8 12 15
250 244 6 1 5 9 4 14 6 10 0 3 7 11 13 2 8 12 15
251 245 6 1 5 9 0 14 6 10 4 3 7 11 13 2 8 12 15
252 247 5 1 5 9 15 14 6 10 4 3 7 11 13 2 8 12 0
255 249 6 1 5 9 15 14 6 10 4 3 7 11 13 0 8 12 2
258 252 6 1 5 9 0 14 6 10 4 3 7 11 13 15 8 12 2
259 254 5 1 5 9 2 14 6 10 4 3 7 11 13 15 8 12 0
261 255 6 1 5 9 2 14 6 10 4 3 7 11 0 15 8 12 13
262 256 6 1 5 9 2 14 6 10 0 3 7 11 4 15 8 12 13
263 257 6 1 5 9 0 14 6 10 2 3 7 11 4 15 8 12 13
263 259 4 1 5 9 13 14 6 10 2 3 7 11 4 15 8 12 0
266 261 5 1 5 9 13 14 6 10 2 3 7 11 4 0 8 12 15
265 260 5 1 5 9 13 14 6 10 2 3 7 11 0 15 8 12 4
266 261 5 1 5 9 13 14 6 10 0 3 7 11 2 15 8 12 4
268 262 6 1 5 9 13 14 6 0 10 3 7 11 2 15 8 12 4
268 262 6 1 5 9 0 14 6 10 13 3 7 11 2 15 8 12 4
269 264 5 1 5 9 4 14 6 10 13 3 7 11 2 15 8 12 0
271 265 6 1 5 9 4 14 6 10 13 3 7 11 0 15 8 12 2
266 260 6 1 5 9 15 14 6 10 2 3 7 11 4 0 8 12 13
267 262 5 1 5 9 15 14 6 10 2 3 7 11 4 13 8 12 0
269 263 6 1 5 9 15 14 6 10 2 3 7 11 0 13 8 12 4
270 264 6 1 5 9 15 14 6 10 0 3 7 11 2 13 8 12 4
267 261 6 1 5 9 13 14 6 10 2 3 7 0 11 15 8 12 4
270 264 6 1 5 9 13 14 6 10 2 3 0 11 4 7 8 12 15
270 264 6 1 5 9 0 14 6 10 2 3 7 11 4 13 8 12 15
271 265 6 1 5 9 2 14 6 10 0 3 7 11 4 13 8 12 15
269 263 6 0 5 9 13 14 6 10 2 3 7 11 4 1 8 12 15
271 266 5 15 5 9 13 14 6 10 2 3 7 11 4 1 8 12 0
274 268 6 15 5 9 13 14 6 10 2 3 7 11 4 0 8 12 1
273 267 6 15 5 9 13 14 6 10 2 3 7 11 0 1 8 12 4
274 268 6 15 5 9 13 14 6 10 0 3 7 11 2 1 8 12 4
270 264 6 14 5 9 13 0 6 10 2 3 7 11 4 1 8 12 15
268 262 6 1 5 9 13 14 6 10 2 3 7 11 4 8 0 12 15
251 245 6 1 5 9 4 14 6 10 13 3 7 0 15 2 8 12 11
259 253 6 1 5 9 4 14 6 10 0 3 7 11 13 15 8 12 2
268 262 6 0 5 9 13 14 6 10 2 3 7 11 4 15 8 12 1
269 263 6 14 5 9 13 0 6 10 2 3 7 11 4 15 8 12 1
268 262 6 1 5 9 13 14 6 10 2 0 7 11 4 3 8 12 15
269 263 6 1 5 9 13 0 6 10 2 14 7 11 4 3 8 12 15
266 260 6 1 5 9 13 14 6 10 2 3 7 11 4 15 8 0 12
268 262 6 1 5 9 13 14 6 10 2 3 7 0 4 15 8 12 11
269 263 6 1 5 9 13 14 6 10 2 3 7 4 0 15 8 12 11
269 264 5 1 5 9 13 14 6 10 2 3 7 4 11 15 8 12 0
272 266 6 1 5 9 13 14 6 10 2 3 7 4 11 0 8 12 15
270 264 6 1 5 9 13 14 6 10 0 3 7 4 2 15 8 12 11
254 248 6 1 5 9 2 14 6 10 4 3 7 11 13 0 8 12 15
249 243 6 1 5 9 10 14 6 0 13 3 7 11 15 2 8 12 4
250 244 6 1 5 9 10 14 6 13 0 3 7 11 15 2 8 12 4
251 245 6 1 5 9 0 14 6 13 10 3 7 11 15 2 8 12 4
252 247 5 1 5 9 4 14 6 13 10 3 7 11 15 2 8 12 0
254 248 6 1 5 9 15 14 6 10 4 3 7 11 0 2 8 12 13
255 249 6 1 5 9 15 14 6 10 0 3 7 11 4 2 8 12 13
251 245 6 0 5 9 4 14 6 10 13 3 7 11 15 2 8 12 1
252 246 6 14 5 9 4 0 6 10 13 3 7 11 15 2 8 12 1
249 243 6 1 5 0 13 14 6 9 10 3 7 11 15 2 8 12 4
250 244 6 1 5 9 13 14 6 10 15 3 7 11 4 2 8 0 12
249 243 6 1 5 9 13 14 6 11 10 3 7 0 15 2 8 12 4
249 243 6 1 5 9 13 14 6 10 15 3 7 0 11 2 8 12 4
251 245 6 1 5 9 0 14 6 10 15 3 7 11 4 2 8 12 13
254 248 6 1 5 9 2 14 6 10 15 3 7 11 4 0 8 12 13
255 250 5 1 5 9 2 14 6 10 15 3 7 11 4 13 8 12 0
252 246 6 1 5 9 13 14 6 10 15 0 7 11 4 3 8 12 2
253 247 6 1 5 9 13 0 6 10 15 14 7 11 4 3 8 12 2
252 246 6 1 5 9 13 14 6 10 15 3 7 0 4 2 8 12 11
253 247 6 1 5 9 13 14 6 10 15 3 7 4 0 2 8 12 11
253 248 5 1 5 9 13 14 6 10 15 3 7 4 11 2 8 12 0
253 248 5 1 5 9 13 14 6 10 0 3 7 4 15 2 8 12 11
255 249 6 1 5 9 13 14 6 0 10 3 7 4 15 2 8 12 11
256 250 6 1 5 9 13 14 6 4 10 3 7 0 15 2 8 12 11
255 249 6 1 5 9 0 14 6 10 13 3 7 4 15 2 8 12 11
256 251 5 1 5 9 11 14 6 10 13 3 7 4 15 2 8 12 0
260 254 6 1 5 9 11 14 6 10 13 3 7 0 15 2 8 12 4
259 253 6 1 5 9 11 14 6 10 13 3 7 4 15 0 8 12 2
262 256 6 1 5 9 0 14 6 10 13 3 7 4 15 11 8 12 2
263 258 5 1 5 9 2 14 6 10 13 3 7 4 15 11 8 12 0
262 257 5 1 5 9 13 14 6 10 0 3 7 4 15 11 8 12 2
264 258 6 1 5 9 13 14 6 0 10 3 7 4 15 11 8 12 2
265 259 6 1 5 9 13 14 6 4 10 3 7 0 15 11 8 12 2
264 258 6 1 5 9 13 14 6 10 15 3 7 4 0 11 8 12 2
264 259 5 1 5 9 13 14 6 10 15 3 7 4 2 11 8 12 0
268 262 6 1 5 9 13 14 6 10 15 3 7 0 2 11 8 12 4
269 263 6 1 5 9 13 14 6 10 15 3 7 2 0 11 8 12 4
269 264 5 1 5 9 13 14 6 10 15 3 7 2 4 11 8 12 0
269 264 5 1 5 9 13 14 6 10 0 3 7 2 15 11 8 12 4
271 265 6 1 5 9 13 14 6 0 10 3 7 2 15 11 8 12 4
272 266 6 1 5 9 13 14 6 2 10 3 7 0 15 11 8 12 4
271 265 6 1 5 9 0 14 6 10 13 3 7 2 15 11 8 12 4
272 267 5 1 5 9 4 14 6 10 13 3 7 2 15 11 8 12 0
276 270 6 1 5 9 4 14 6 10 13 3 7 0 15 11 8 12 2
272 266 6 1 5 9 13 14 6 10 15 3 7 2 4 0 8 12 11
267 261 6 1 5 9 13 14 6 10 15 3 7 4 2 0 8 12 11
265 259 6 1 5 9 13 14 6 10 15 3 7 0 4 11 8 12 2
267 261 6 1 5 9 2 14 6 10 13 3 7 0 15 11 8 12 4
258 252 6 1 5 9 2 14 6 10 13 3 7 4 15 0 8 12 11
234 228 6 1 5 9 13 14 6 10 15 3 0 7 2 4 8 12 11
231 225 6 4 5 9 13 14 6 2 10 3 7 11 15 0 8 12 1
232 227 5 4 5 9 13 14 6 2 10 3 7 11 15 1 8 12 0
256 250 6 1 5 9 13 14 6 10 15 3 7 4 11 0 8 12 2
253 247 6 0 5 9 13 14 6 10 15 3 7 11 4 1 8 12 2
254 248 6 14 5 9 13 0 6 10 15 3 7 11 4 1 8 12 2
252 246 6 1 5 9 13 14 6 10 15 3 7 11 4 8 0 12 2
234 228 6 1 5 9 13 14 6 10 15 3 7 12 2 4 8 0 11
234 229 5 1 5 9 13 14 6 10 15 3 7 12 2 4 8 11 0
254 248 6 1 5 9 13 14 6 10 15 3 0 11 4 7 8 12 2
254 248 6 1 5 9 0 14 6 10 15 3 7 11 4 13 8 12 2
255 249 6 1 5 9 15 14 6 10 0 3 7 11 4 13 8 12 2
256 250 6 1 5 9 15 14 6 10 4 3 7 11 0 13 8 12 2
256 251 5 1 5 9 15 14 6 10 4 3 7 11 2 13 8 12 0
259 253 6 1 5 9 0 14 6 10 4 3 7 11 2 13 8 12 15
261 256 5 1 5 9 13 14 6 10 4 3 7 11 2 0 8 12 15
262 258 4 1 5 9 13 14 6 10 4 3 7 11 2 15 8 12 0
264 259 5 1 5 9 13 14 6 10 4 3 7 11 0 15 8 12 2
265 260 5 1 5 9 13 14 6 10 0 3 7 11 4 15 8 12 2
267 261 6 1 5 9 13 14 6 0 10 3 7 11 4 15 8 12 2
267 261 6 1 5 9 0 14 6 10 13 3 7 11 4 15 8 12 2
268 263 5 1 5 9 2 14 6 10 13 3 7 11 4 15 8 12 0
271 265 6 1 5 9 2 14 6 10 13 3 7 11 4 0 8 12 15
270 264 6 1 5 9 2 14 6 10 13 3 7 11 0 15 8 12 4
271 265 6 1 5 9 2 14 6 10 0 3 7 11 13 15 8 12 4
272 266 6 1 5 9 0 14 6 10 2 3 7 11 13 15 8 12 4
273 268 5 1 5 9 4 14 6 10 2 3 7 11 13 15 8 12 0
275 269 6 1 5 9 4 14 6 10 2 3 7 11 0 15 8 12 13
276 270 6 1 5 9 4 14 6 10 0 3 7 11 2 15 8 12 13
270 264 6 1 5 9 15 14 6 10 13 3 7 11 4 0 8 12 2
271 266 5 1 5 9 15 14 6 10 13 3 7 11 4 2 8 12 0
273 267 6 1 5 9 15 14 6 10 13 3 7 11 0 2 8 12 4
260 254 6 1 5 9 4 14 6 10 0 3 7 11 2 13 8 12 15
266 260 6 1 5 9 13 14 6 10 4 3 7 0 11 15 8 12 2
267 261 6 1 5 9 13 14 6 10 4 3 7 0 2 15 8 12 11
268 262 6 1 5 9 13 14 6 10 4 3 7 2 0 15 8 12 11
268 263 5 1 5 9 13 14 6 10 4 3 7 2 11 15 8 12 0
271 265 6 1 5 9 13 14 6 10 4 3 7 2 11 0 8 12 15
269 263 6 1 5 9 13 14 6 10 0 3 7 2 4 15 8 12 11
267 261 6 0 5 9 13 14 6 10 4 3 7 11 2 15 8 12 1
269 263 6 15 5 9 13 14 6 10 4 3 7 11 2 0 8 12 1
270 265 5 15 5 9 13 14 6 10 4 3 7 11 2 1 8 12 0
272 266 6 15 5 9 13 14 6 10 4 3 7 11 0 1 8 12 2
273 267 6 15 5 9 13 14 6 10 0 3 7 11 4 1 8 12 2
268 262 6 14 5 9 13 0 6 10 4 3 7 11 2 15 8 12 1
263 257 6 1 5 9 13 14 6 10 4 3 7 11 2 8 0 12 15
264 258 6 0 5 9 13 14 6 10 4 3 7 11 2 1 8 12 15
265 259 6 14 5 9 13 0 6 10 4 3 7 11 2 1 8 12 15
243 237 6 1 5 9 2 14 6 10 13 3 7 0 15 4 8 11 12
259 253 6 1 5 9 15 14 6 10 4 3 7 11 2 0 8 12 13
263 257 6 1 5 9 13 14 6 10 4 0 7 11 2 3 8 12 15
264 258 6 1 5 9 13 0 6 10 4 14 7 11 2 3 8 12 15
265 259 6 1 5 9 13 14 6 10 4 3 0 11 2 7 8 12 15
262 256 6 1 5 9 0 14 6 10 4 3 7 11 2 15 8 12 13
265 259 6 1 5 9 13 14 6 10 4 3 7 11 2 15 8 0 12
234 228 6 1 5 9 13 14 6 0 15 3 7 10 2 4 8 12 11
235 229 6 1 5 9 13 14 6 15 0 3 7 10 2 4 8 12 11
236 230 6 1 5 9 13 14 6 15 2 3 7 10 0 4 8 12 11
236 231 5 1 5 9 13 14 6 15 2 3 7 10 11 4 8 12 0
240 234 6 1 5 9 13 14 6 15 2 3 7 0 11 4 8 12 10
240 235 5 1 5 9 13 14 6 15 2 3 7 11 0 4 8 12 10
240 236 4 1 5 9 13 14 6 15 2 3 7 11 10 4 8 12 0
241 236 5 1 5 9 13 14 6 15 0 3 7 11 2 4 8 12 10
242 237 5 1 5 9 13 14 6 0 15 3 7 11 2 4 8 12 10
244 238 6 1 5 9 13 14 0 6 15 3 7 11 2 4 8 12 10
245 239 6 1 5 9 13 0 14 6 15 3 7 11 2 4 8 12 10
244 238 6 1 5 9 13 14 6 11 15 3 7 0 2 4 8 12 10
245 239 6 1 5 9 13 14 6 11 15 3 7 2 0 4 8 12 10
245 240 5 1 5 9 13 14 6 11 15 3 7 2 10 4 8 12 0
245 240 5 1 5 9 13 14 6 11 0 3 7 2 15 4 8 12 10
246 241 5 1 5 9 13 14 6 0 11 3 7 2 15 4 8 12 10
247 242 5 1 5 9 13 14 6 2 11 3 7 0 15 4 8 12 10
249 243 6 1 5 9 13 14 6 2 11 3 7 15 0 4 8 12 10
249 244 5 1 5 9 13 14 6 2 11 3 7 15 10 4 8 12 0
253 247 6 1 5 9 13 14 6 2 11 3 7 0 10 4 8 12 15
254 248 6 1 5 9 13 14 6 2 11 3 7 10 0 4 8 12 15
253 249 4 1 5 9 13 14 6 2 11 3 7 10 15 4 8 12 0
258 252 6 0 5 9 13 14 6 2 11 3 7 10 15 4 8 12 1
259 253 6 14 5 9 13 0 6 2 11 3 7 10 15 4 8 12 1
257 251 6 1 5 9 0 14 6 2 11 3 7 10 15 4 8 12 13
260 254 6 1 5 9 2 14 6 0 11 3 7 10 15 4 8 12 13
260 255 5 1 5 9 2 14 6 10 11 3 7 0 15 4 8 12 13
262 256 6 1 5 9 2 14 6 10 11 3 7 15 0 4 8 12 13
262 257 5 1 5 9 2 14 6 10 11 3 7 15 13 4 8 12 0
266 260 6 1 5 9 2 14 6 10 11 3 7 0 13 4 8 12 15
267 261 6 1 5 9 2 14 6 10 11 3 7 13 0 4 8 12 15
266 262 4 1 5 9 2 14 6 10 11 3 7 13 15 4 8 12 0
269 264 5 1 5 9 0 14 6 10 11 3 7 13 15 4 8 12 2
270 265 5 1 5 9 11 14 6 10 0 3 7 13 15 4 8 12 2
272 266 6 1 5 9 11 14 6 0 10 3 7 13 15 4 8 12 2
273 267 6 1 5 9 11 14 6 13 10 3 7 0 15 4 8 12 2
265 259 6 1 5 9 0 14 6 10 11 3 7 15 13 4 8 12 2
266 260 6 1 5 9 11 14 6 10 0 3 7 15 13 4 8 12 2
272 266 6 1 5 9 11 14 6 10 15 3 7 13 0 4 8 12 2
272 267 5 1 5 9 11 14 6 10 15 3 7 13 2 4 8 12 0
276 270 6 1 5 9 11 14 6 10 15 3 7 0 2 4 8 12 13
275 269 6 1 5 9 0 14 6 10 15 3 7 13 2 4 8 12 11
276 270 6 1 5 9 15 14 6 10 0 3 7 13 2 4 8 12 11
277 271 6 1 5 9 15 14 6 10 2 3 7 13 0 4 8 12 11
277 272 5 1 5 9 15 14 6 10 2 3 7 13 11 4 8 12 0
280 274 6 1 5 9 0 14 6 10 2 3 7 13 11 4 8 12 15
273 267 6 1 5 9 11 14 6 10 15 3 7 0 13 4 8 12 2
273 267 6 1 5 9 10 14 6 0 11 3 7 13 15 4 8 12 2
274 268 6 1 5 9 10 14 6 11 0 3 7 13 15 4 8 12 2
275 269 6 1 5 9 0 14 6 11 10 3 7 13 15 4 8 12 2
276 271 5 1 5 9 2 14 6 11 10 3 7 13 15 4 8 12 0
274 268 6 1 5 9 10 14 6 13 11 3 7 0 15 4 8 12 2
273 267 6 1 5 9 4 14 6 10 11 3 7 13 15 0 8 12 2
274 269 5 1 5 9 4 14 6 10 11 3 7 13 15 2 8 12 0
278 272 6 1 5 9 4 14 6 10 11 3 7 0 15 2 8 12 13
277 271 6 1 5 9 0 14 6 10 11 3 7 13 15 2 8 12 4
278 272 6 1 5 9 11 14 6 10 0 3 7 13 15 2 8 12 4
248 242 6 1 5 9 13 14 0 6 11 3 7 2 15 4 8 12 10
249 243 6 1 5 9 13 0 14 6 11 3 7 2 15 4 8 12 10
244 238 6 1 5 0 13 14 6 9 15 3 7 11 2 4 8 12 10
247 241 6 1 5 9 0 14 6 11 13 3 7 2 15 4 8 12 10
248 243 5 1 5 9 10 14 6 11 13 3 7 2 15 4 8 12 0
250 244 6 1 5 9 11 14 6 0 13 3 7 2 15 4 8 12 10
251 245 6 1 5 9 11 14 6 13 0 3 7 2 15 4 8 12 10
252 246 6 1 5 9 0 14 6 13 11 3 7 2 15 4 8 12 10
253 248 5 1 5 9 10 14 6 13 11 3 7 2 15 4 8 12 0
251 245 6 1 5 9 11 14 6 2 13 3 7 0 15 4 8 12 10
262 256 6 1 5 9 2 14 6 10 11 3 0 7 15 4 8 12 13
263 257 6 1 5 9 2 14 6 10 0 3 7 15 11 4 8 12 13
270 264 6 1 5 9 2 14 6 10 11 3 7 13 15 0 8 12 4
268 262 6 1 5 9 2 14 6 10 0 3 7 13 11 4 8 12 15
269 263 6 1 5 9 2 14 6 10 11 3 7 13 15 4 8 0 12
270 264 6 1 5 9 2 14 6 10 11 3 7 0 15 4 8 13 12
254 248 6 1 5 9 13 14 6 0 11 3 7 2 10 4 8 12 15
255 249 6 1 5 9 13 14 6 11 0 3 7 2 10 4 8 12 15
256 250 6 1 5 9 13 14 6 11 10 3 7 2 0 4 8 12 15
255 251 4 1 5 9 13 14 6 11 10 3 7 2 15 4 8 12 0
260 254 6 0 5 9 13 14 6 11 10 3 7 2 15 4 8 12 1
261 255 6 14 5 9 13 0 6 11 10 3 7 2 15 4 8 12 1
259 253 6 1 5 9 0 14 6 11 10 3 7 2 15 4 8 12 13
260 254 6 1 5 9 10 14 6 11 0 3 7 2 15 4 8 12 13
272 266 6 0 5 9 1 14 6 10 11 3 7 13 15 4 8 12 2
274 269 5 2 5 9 1 14 6 10 11 3 7 13 15 4 8 12 0
278 272 6 2 5 9 1 14 6 10 11 3 7 0 15 4 8 12 13
277 271 6 2 5 9 0 14 6 10 11 3 7 13 15 4 8 12 1
278 272 6 2 5 9 11 14 6 10 0 3 7 13 15 4 8 12 1
250 244 6 1 5 9 13 14 6 2 0 3 7 15 11 4 8 12 10
256 250 6 1 5 9 13 14 6 2 11 3 7 10 15 4 8 0 12
257 251 6 1 5 9 13 14 6 2 11 3 7 0 15 4 8 10 12
258 252 6 1 5 9 13 14 6 0 11 3 7 2 15 4 8 10 12
259 253 6 1 5 9 13 14 6 11 0 3 7 2 15 4 8 10 12
244 238 6 1 5 9 0 14 6 15 2 3 7 11 10 4 8 12 13
247 241 6 1 5 9 15 14 6 0 2 3 7 11 10 4 8 12 13
248 242 6 1 5 9 15 14 6 2 0 3 7 11 10 4 8 12 13
249 243 6 1 5 9 15 14 6 2 10 3 7 11 0 4 8 12 13
249 244 5 1 5 9 15 14 6 2 10 3 7 11 13 4 8 12 0
252 246 6 1 5 9 0 14 6 2 10 3 7 11 13 4 8 12 15
253 247 6 1 5 9 10 14 6 2 0 3 7 11 13 4 8 12 15
254 248 6 1 5 9 10 14 6 2 13 3 7 11 0 4 8 12 15
253 249 4 1 5 9 10 14 6 2 13 3 7 11 15 4 8 12 0
256 251 5 1 5 9 0 14 6 2 13 3 7 11 15 4 8 12 10
256 252 4 1 5 9 13 14 6 2 0 3 7 11 15 4 8 12 10
257 253 4 1 5 9 13 14 6 0 2 3 7 11 15 4 8 12 10
259 254 5 1 5 9 13 14 0 6 2 3 7 11 15 4 8 12 10
260 255 5 1 5 9 13 0 14 6 2 3 7 11 15 4 8 12 10
259 254 5 1 5 9 13 14 6 11 2 3 7 0 15 4 8 12 10
259 254 5 1 5 0 13 14 6 9 2 3 7 11 15 4 8 12 10
258 253 5 1 5 9 13 14 6 2 15 3 7 11 0 4 8 12 10
258 254 4 1 5 9 13 14 6 2 15 3 7 11 10 4 8 12 0
259 254 5 1 5 9 2 14 6 0 13 3 7 11 15 4 8 12 10
260 255 5 1 5 9 2 14 6 13 0 3 7 11 15 4 8 12 10
261 256 5 1 5 9 0 14 6 13 2 3 7 11 15 4 8 12 10
262 258 4 1 5 9 10 14 6 13 2 3 7 11 15 4 8 12 0
267 261 6 1 5 9 10 14 6 13 2 3 7 0 15 4 8 12 11
267 261 6 0 5 9 10 14 6 13 2 3 7 11 15 4 8 12 1
269 263 6 10 5 9 0 14 6 13 2 3 7 11 15 4 8 12 1
271 266 5 10 5 9 13 14 6 0 2 3 7 11 15 4 8 12 1
272 267 5 10 5 9 13 14 6 2 0 3 7 11 15 4 8 12 1
270 265 5 10 5 9 1 14 6 13 2 3 7 11 15 4 8 12 0
265 259 6 1 5 9 10 14 6 13 2 3 7 11 15 4 8 0 12
274 268 6 10 5 9 13 14 6 2 15 3 7 11 0 4 8 12 1
274 269 5 10 5 9 13 14 6 2 15 3 7 11 1 4 8 12 0
278 272 6 0 5 9 13 14 6 2 15 3 7 11 1 4 8 12 10
279 273 6 14 5 9 13 0 6 2 15 3 7 11 1 4 8 12 10
274 268 6 10 5 9 0 14 6 2 13 3 7 11 15 4 8 12 1
275 270 5 10 5 9 1 14 6 2 13 3 7 11 15 4 8 12 0
277 271 6 10 5 9 2 14 6 0 13 3 7 11 15 4 8 12 1
273 267 6 10 5 9 13 14 0 6 2 3 7 11 15 4 8 12 1
274 268 6 10 5 9 13 0 14 6 2 3 7 11 15 4 8 12 1
273 267 6 10 5 9 13 14 6 11 2 3 7 0 15 4 8 12 1
243 237 6 1 5 9 10 14 6 0 15 3 7 11 2 4 8 12 13
244 238 6 1 5 9 10 14 6 15 0 3 7 11 2 4 8 12 13
245 239 6 1 5 9 10 14 6 15 2 3 7 11 0 4 8 12 13
245 240 5 1 5 9 10 14 6 15 2 3 7 11 13 4 8 12 0
248 242 6 1 5 9 0 14 6 15 2 3 7 11 13 4 8 12 10
251 245 6 1 5 9 15 14 6 0 2 3 7 11 13 4 8 12 10
252 246 6 1 5 9 15 14 6 2 0 3 7 11 13 4 8 12 10
253 247 6 1 5 9 15 14 6 2 13 3 7 11 0 4 8 12 10
253 248 5 1 5 9 15 14 6 2 13 3 7 11 10 4 8 12 0
253 247 6 1 5 9 0 14 6 2 15 3 7 11 13 4 8 12 10
254 249 5 1 5 9 10 14 6 2 15 3 7 11 13 4 8 12 0
256 250 6 1 5 9 2 14 6 0 15 3 7 11 13 4 8 12 10
249 243 6 1 5 9 2 14 6 15 0 3 7 11 13 4 8 12 10
250 244 6 1 5 9 2 14 6 15 13 3 7 11 0 4 8 12 10
250 245 5 1 5 9 2 14 6 15 13 3 7 11 10 4 8 12 0
253 247 6 1 5 9 0 14 6 15 13 3 7 11 10 4 8 12 2
253 248 5 1 5 9 13 14 6 15 0 3 7 11 10 4 8 12 2
254 249 5 1 5 9 13 14 6 0 15 3 7 11 10 4 8 12 2
254 249 5 1 5 9 13 14 6 15 10 3 7 11 0 4 8 12 2
254 250 4 1 5 9 13 14 6 15 10 3 7 11 2 4 8 12 0
259 253 6 1 5 9 13 14 6 15 10 3 7 0 2 4 8 12 11
260 254 6 1 5 9 13 14 6 15 10 3 7 2 0 4 8 12 11
260 255 5 1 5 9 13 14 6 15 10 3 7 2 11 4 8 12 0
256 250 6 1 5 9 15 14 6 0 13 3 7 11 10 4 8 12 2
257 251 6 1 5 9 15 14 6 13 0 3 7 11 10 4 8 12 2
258 252 6 1 5 9 15 14 6 13 10 3 7 11 0 4 8 12 2
258 253 5 1 5 9 15 14 6 13 10 3 7 11 2 4 8 12 0
261 255 6 1 5 9 0 14 6 13 10 3 7 11 2 4 8 12 15
262 256 6 1 5 9 10 14 6 13 0 3 7 11 2 4 8 12 15
258 252 6 1 5 9 0 14 6 13 15 3 7 11 10 4 8 12 2
259 254 5 1 5 9 2 14 6 13 15 3 7 11 10 4 8 12 0
261 255 6 1 5 9 13 14 6 15 0 3 7 2 10 4 8 12 11
262 256 6 1 5 9 13 14 6 0 15 3 7 2 10 4 8 12 11
259 253 6 0 5 9 13 14 6 15 10 3 7 11 2 4 8 12 1
260 254 6 14 5 9 13 0 6 15 10 3 7 11 2 4 8 12 1
260 254 6 1 5 9 13 14 6 2 15 3 7 0 11 4 8 12 10
261 255 6 1 5 9 13 14 6 0 15 3 7 2 11 4 8 12 10
262 256 6 1 5 9 13 14 6 15 0 3 7 2 11 4 8 12 10
263 257 6 1 5 9 13 14 6 15 11 3 7 2 0 4 8 12 10
263 258 5 1 5 9 13 14 6 15 11 3 7 2 10 4 8 12 0
267 261 6 1 5 9 13 14 6 15 11 3 7 0 10 4 8 12 2
268 262 6 1 5 9 13 14 6 15 11 3 7 10 0 4 8 12 2
268 263 5 1 5 9 13 14 6 15 11 3 7 10 2 4 8 12 0
269 263 6 1 5 9 13 14 6 15 0 3 7 10 11 4 8 12 2
268 262 6 1 5 9 13 14 6 0 11 3 7 15 10 4 8 12 2
269 263 6 1 5 9 13 14 6 11 0 3 7 15 10 4 8 12 2
264 258 6 1 5 9 13 14 6 15 11 3 7 0 2 4 8 12 10
265 259 6 1 5 9 13 14 6 0 11 3 7 15 2 4 8 12 10
266 260 6 1 5 9 13 14 6 11 0 3 7 15 2 4 8 12 10
249 243 6 1 5 9 13 14 6 11 15 3 7 0 10 4 8 12 2
271 265 6 1 5 0 9 14 6 10 11 3 7 13 15 4 8 12 2
259 253 6 1 5 9 13 14 6 11 10 3 7 2 15 0 8 12 4
243 237 6 1 5 9 13 14 6 15 2 3 7 11 10 4 8 0 12
268 262 6 14 5 9 10 0 6 13 2 3 7 11 15 4 8 12 1
273 267 6 10 5 0 13 14 6 9 2 3 7 11 15 4 8 12 1
237 231 6 1 5 9 13 14 6 15 2 3 7 0 10 4 8 12 11
238 232 6 1 5 9 13 14 6 0 2 3 7 15 10 4 8 12 11
266 260 6 1 5 9 10 14 6 13 2 3 7 11 15 0 8 12 4
269 263 6 1 5 9 0 14 6 13 2 3 7 11 15 10 8 12 4
271 266 5 1 5 9 13 14 6 0 2 3 7 11 15 10 8 12 4
272 267 5 1 5 9 13 14 6 2 0 3 7 11 15 10 8 12 4
270 265 5 1 5 9 4 14 6 13 2 3 7 11 15 10 8 12 0
241 235 6 1 5 0 9 14 6 10 15 3 7 11 2 4 8 12 13
274 268 6 1 5 9 13 14 6 2 15 3 7 11 0 10 8 12 4
274 269 5 1 5 9 13 14 6 2 15 3 7 11 4 10 8 12 0
277 271 6 1 5 9 13 14 6 2 15 3 7 11 4 0 8 12 10
274 268 6 1 5 9 0 14 6 2 13 3 7 11 15 10 8 12 4
275 270 5 1 5 9 4 14 6 2 13 3 7 11 15 10 8 12 0
277 271 6 1 5 9 2 14 6 0 13 3 7 11 15 10 8 12 4
255 249 6 1 5 9 13 14 6 2 0 3 7 10 11 4 8 12 15
262 256 6 1 5 9 2 14 6 10 11 3 7 12 15 4 8 0 13
262 257 5 1 5 9 2 14 6 10 11 3 7 12 15 4 8 13 0
265 259 6 1 5 9 0 14 6 10 11 3 7 12 15 4 8 13 2
266 260 6 1 5 9 11 14 6 10 0 3 7 12 15 4 8 13 2
245 239 6 0 5 9 13 14 6 15 2 3 7 11 10 4 8 12 1
246 240 6 14 5 9 13 0 6 15 2 3 7 11 10 4 8 12 1
263 257 6 1 5 9 13 14 6 2 15 3 7 0 10 4 8 12 11
261 255 6 1 0 9 13 14 5 6 2 3 7 11 15 4 8 12 10
244 238 6 1 5 9 13 14 6 15 2 3 7 11 10 0 8 12 4
242 236 6 1 5 9 15 14 6 0 10 3 7 11 2 4 8 12 13
260 254 6 1 5 9 4 14 6 2 13 3 7 11 15 0 8 12 10
261 255 6 1 5 9 13 14 6 11 2 3 7 12 15 4 8 0 10
261 256 5 1 5 9 13 14 6 11 2 3 7 12 15 4 8 10 0
265 259 6 1 5 9 13 14 6 11 2 3 7 0 15 4 8 10 12
265 260 5 1 5 9 13 14 6 0 2 3 7 11 15 4 8 10 12
266 261 5 1 5 9 13 14 6 2 0 3 7 11 15 4 8 10 12
268 262 6 1 5 9 13 14 6 2 15 3 7 11 0 4 8 10 12
268 263 5 1 5 9 13 14 6 2 15 3 7 11 12 4 8 10 0
270 264 6 1 5 9 13 14 6 2 15 3 7 11 12 4 8 0 10
268 262 6 1 5 9 0 14 6 2 13 3 7 11 15 4 8 10 12
269 264 5 1 5 9 12 14 6 2 13 3 7 11 15 4 8 10 0
271 265 6 1 5 9 12 14 6 2 13 3 7 11 15 4 8 0 10
271 265 6 1 5 9 2 14 6 0 13 3 7 11 15 4 8 10 12
272 266 6 1 5 9 2 14 6 13 0 3 7 11 15 4 8 10 12
273 267 6 1 5 9 0 14 6 13 2 3 7 11 15 4 8 10 12
274 269 5 1 5 9 12 14 6 13 2 3 7 11 15 4 8 10 0
276 270 6 1 5 9 12 14 6 13 2 3 7 11 15 4 8 0 10
256 250 6 1 5 9 10 14 6 2 13 3 7 11 15 4 8 0 12
257 251 6 1 5 9 13 14 6 15 10 3 7 11 2 4 8 0 12
261 255 6 1 5 9 2 14 6 11 13 3 7 0 15 4 8 12 10
263 257 6 1 5 9 10 14 6 13 2 3 7 11 0 4 8 12 15
262 256 6 1 5 9 13 14 6 2 15 3 7 11 10 0 8 12 4
262 256 6 1 5 9 13 3 14 6 2 0 7 11 15 4 8 12 10
261 255 6 1 5 9 13 14 6 2 15 3 7 11 10 4 8 0 12
249 243 6 1 5 9 13 14 6 2 11 3 0 7 15 4 8 12 10
258 252 6 1 5 9 13 14 6 11 10 3 7 2 15 4 8 0 12
259 253 6 1 5 9 13 14 6 11 10 3 7 0 15 4 8 2 12
259 254 5 1 5 9 13 14 6 0 10 3 7 11 15 4 8 2 12
259 255 4 1 5 9 13 14 6 10 0 3 7 11 15 4 8 2 12
261 256 5 1 5 9 13 14 6 10 15 3 7 11 0 4 8 2 12
261 257 4 1 5 9 13 14 6 10 15 3 7 11 12 4 8 2 0
263 258 5 1 5 9 13 14 6 10 15 3 7 11 12 4 8 0 2
261 256 5 1 5 9 0 14 6 10 13 3 7 11 15 4 8 2 12
262 258 4 1 5 9 12 14 6 10 13 3 7 11 15 4 8 2 0
264 259 5 1 5 9 12 14 6 10 13 3 7 11 15 4 8 0 2
266 260 6 1 5 9 12 14 6 10 13 3 7 11 15 4 0 8 2
266 260 6 1 5 9 12 14 6 10 13 3 7 0 15 4 8 11 2
265 259 6 1 5 9 13 14 6 10 15 3 7 11 12 4 0 8 2
265 259 6 1 5 9 4 14 6 13 2 3 7 11 15 0 8 12 10
267 261 6 1 5 9 12 14 6 10 13 3 7 0 15 4 8 2 11
268 262 6 1 5 9 12 14 6 10 13 3 7 2 15 4 8 0 11
268 263 5 1 5 9 12 14 6 10 13 3 7 2 15 4 8 11 0
271 265 6 1 5 9 0 14 6 10 13 3 7 2 15 4 8 11 12
271 266 5 1 5 9 13 14 6 10 0 3 7 2 15 4 8 11 12
273 267 6 1 5 9 13 14 6 0 10 3 7 2 15 4 8 11 12
273 267 6 1 5 9 13 14 6 10 15 3 7 2 0 4 8 11 12
273 268 5 1 5 9 13 14 6 10 15 3 7 2 12 4 8 11 0
275 269 6 1 5 9 13 14 6 10 15 3 7 2 12 4 8 0 11
267 261 6 0 5 9 12 14 6 10 13 3 7 11 15 4 8 2 1
269 263 6 12 5 9 0 14 6 10 13 3 7 11 15 4 8 2 1
270 265 5 12 5 9 1 14 6 10 13 3 7 11 15 4 8 2 0
269 264 5 12 5 9 13 14 6 10 0 3 7 11 15 4 8 2 1
271 265 6 12 5 9 13 14 6 0 10 3 7 11 15 4 8 2 1
271 265 6 0 5 9 2 14 6 10 11 3 7 13 15 4 8 12 1
272 266 6 14 5 9 2 0 6 10 11 3 7 13 15 4 8 12 1
271 265 6 12 5 9 13 14 6 10 15 3 7 11 0 4 8 2 1
271 266 5 12 5 9 13 14 6 10 15 3 7 11 1 4 8 2 0
275 269 6 0 5 9 13 14 6 10 15 3 7 11 1 4 8 2 12
276 270 6 14 5 9 13 0 6 10 15 3 7 11 1 4 8 2 12
273 267 6 12 5 9 13 14 6 10 15 3 7 11 1 4 8 0 2
272 266 6 12 5 9 1 14 6 10 13 3 7 11 15 4 8 0 2
268 262 6 14 5 9 12 0 6 10 13 3 7 11 15 4 8 2 1
258 252 6 1 5 0 9 14 6 2 13 3 7 11 15 4 8 12 10
259 253 6 1 5 2 9 14 6 0 13 3 7 11 15 4 8 12 10
260 254 6 1 5 2 9 14 6 13 0 3 7 11 15 4 8 12 10
261 255 6 1 5 2 0 14 6 13 9 3 7 11 15 4 8 12 10
263 258 5 1 5 2 13 14 6 0 9 3 7 11 15 4 8 12 10
264 259 5 1 5 2 13 14 6 9 0 3 7 11 15 4 8 12 10
264 259 5 1 5 0 13 14 6 2 9 3 7 11 15 4 8 12 10
262 257 5 1 5 2 10 14 6 13 9 3 7 11 15 4 8 12 0
261 255 6 1 5 9 2 14 6 13 15 3 7 11 0 4 8 12 10
266 260 6 1 5 13 0 14 6 2 9 3 7 11 15 4 8 12 10
267 262 5 1 5 13 10 14 6 2 9 3 7 11 15 4 8 12 0
269 263 6 1 5 13 2 14 6 0 9 3 7 11 15 4 8 12 10
270 264 6 1 5 13 2 14 6 9 0 3 7 11 15 4 8 12 10
267 261 6 1 5 13 9 14 6 2 0 3 7 11 15 4 8 12 10
268 262 6 1 5 13 9 14 6 0 2 3 7 11 15 4 8 12 10
266 260 6 1 0 5 13 14 6 2 9 3 7 11 15 4 8 12 10
248 242 6 1 5 0 13 14 6 9 11 3 7 2 15 4 8 12 10
249 243 6 1 5 9 13 14 6 2 11 3 7 12 15 4 8 0 10
249 244 5 1 5 9 13 14 6 2 11 3 7 12 15 4 8 10 0
263 257 6 0 5 9 13 14 6 2 15 3 7 11 10 4 8 12 1
264 258 6 14 5 9 13 0 6 2 15 3 7 11 10 4 8 12 1
263 257 6 1 5 0 9 14 6 13 2 3 7 11 15 4 8 12 10
264 258 6 0 5 9 1 14 6 13 2 3 7 11 15 4 8 12 10
265 259 6 14 5 9 1 0 6 13 2 3 7 11 15 4 8 12 10
265 259 6 1 5 9 0 14 6 10 15 3 7 11 12 4 8 2 13
266 260 6 1 5 9 15 14 6 10 0 3 7 11 12 4 8 2 13
267 261 6 1 5 9 15 14 6 10 12 3 7 11 0 4 8 2 13
267 262 5 1 5 9 15 14 6 10 12 3 7 11 13 4 8 2 0
270 264 6 1 5 9 0 14 6 10 12 3 7 11 13 4 8 2 15
271 265 6 1 5 9 12 14 6 10 0 3 7 11 13 4 8 2 15
269 263 6 1 5 9 15 14 6 10 12 3 7 11 13 4 8 0 2
263 257 6 1 5 9 13 14 6 10 15 3 7 0 11 4 8 2 12
258 252 6 1 5 9 11 14 6 2 0 3 7 10 15 4 8 12 13
263 257 6 1 5 0 9 14 6 10 13 3 7 11 15 4 8 2 12
261 255 6 1 5 9 13 14 0 6 10 3 7 11 15 4 8 2 12
262 256 6 1 5 9 13 0 14 6 10 3 7 11 15 4 8 2 12
265 259 6 1 5 9 4 14 6 10 13 3 7 11 15 0 8 2 12
266 261 5 1 5 9 4 14 6 10 13 3 7 11 15 12 8 2 0
269 263 6 1 5 9 0 14 6 10 13 3 7 11 15 12 8 2 4
269 264 5 1 5 9 13 14 6 10 0 3 7 11 15 12 8 2 4
271 265 6 1 5 9 13 14 6 0 10 3 7 11 15 12 8 2 4
243 237 6 1 5 0 10 14 6 9 13 3 7 11 15 4 8 12 2
244 238 6 1 5 10 0 14 6 9 13 3 7 11 15 4 8 12 2
245 240 5 1 5 10 2 14 6 9 13 3 7 11 15 4 8 12 0
244 239 5 1 5 10 13 14 6 9 0 3 7 11 15 4 8 12 2
245 240 5 1 5 10 13 14 6 0 9 3 7 11 15 4 8 12 2
245 241 4 1 5 0 13 14 6 10 9 3 7 11 15 4 8 12 2
247 242 5 1 5 13 0 14 6 10 9 3 7 11 15 4 8 12 2
248 244 4 1 5 13 2 14 6 10 9 3 7 11 15 4 8 12 0
248 243 5 1 5 13 9 14 6 10 0 3 7 11 15 4 8 12 2
247 242 5 1 0 5 13 14 6 10 9 3 7 11 15 4 8 12 2
249 243 6 0 1 5 13 14 6 10 9 3 7 11 15 4 8 12 2
251 246 5 2 1 5 13 14 6 10 9 3 7 11 15 4 8 12 0
273 267 6 1 5 0 13 14 6 9 2 3 7 11 15 10 8 12 4
256 250 6 1 5 9 13 14 0 6 15 3 7 11 10 4 8 12 2
257 251 6 1 5 9 13 0 14 6 15 3 7 11 10 4 8 12 2
273 267 6 1 5 9 13 14 0 6 2 3 7 11 15 10 8 12 4
274 268 6 1 5 9 13 0 14 6 2 3 7 11 15 10 8 12 4
261 255 6 1 5 9 13 14 6 11 2 3 0 7 15 4 8 12 10
243 237 6 1 5 9 2 14 6 10 13 3 7 11 15 4 0 8 12
245 239 6 1 5 9 0 14 6 15 10 3 7 11 2 4 8 12 13
261 255 6 1 5 9 13 14 7 6 2 3 0 11 15 4 8 12 10
261 255 6 1 5 9 13 14 6 11 2 3 7 15 0 4 8 12 10
261 256 5 1 5 9 13 14 6 11 2 3 7 15 10 4 8 12 0
243 237 6 1 5 9 0 14 6 15 13 3 7 11 2 4 8 12 10
244 239 5 1 5 9 10 14 6 15 13 3 7 11 2 4 8 12 0
246 240 6 1 5 9 10 14 6 15 13 3 7 11 0 4 8 12 2
247 241 6 1 5 9 10 14 6 15 0 3 7 11 13 4 8 12 2
248 242 6 1 5 9 0 14 6 15 10 3 7 11 13 4 8 12 2
249 244 5 1 5 9 2 14 6 15 10 3 7 11 13 4 8 12 0
251 245 6 1 5 9 2 14 6 15 10 3 7 11 0 4 8 12 13
262 256 6 1 5 0 2 14 6 13 9 3 7 11 15 4 8 12 10
256 250 6 1 5 0 13 14 6 9 15 3 7 11 10 4 8 12 2
261 255 6 1 0 5 13 14 6 9 2 3 7 11 15 4 8 12 10
266 260 6 1 5 9 12 14 6 10 13 3 7 11 15 0 8 2 4
258 252 6 1 5 9 13 14 6 15 10 3 7 11 2 0 8 12 4
245 239 6 1 5 9 2 14 6 15 0 3 7 11 10 4 8 12 13
246 240 6 1 5 9 2 14 6 0 15 3 7 11 10 4 8 12 13
265 259 6 1 5 9 12 14 6 10 13 3 7 11 0 4 8 2 15
244 238 6 1 5 9 15 14 6 10 2 3 7 11 13 4 8 0 12
243 237 6 1 5 9 15 14 6 10 2 3 7 0 11 4 8 12 13
261 255 6 1 5 0 13 14 6 9 10 3 7 11 15 4 8 2 12
266 260 6 1 5 2 0 14 6 9 13 3 7 11 15 4 8 12 10
267 262 5 1 5 2 10 14 6 9 13 3 7 11 15 4 8 12 0
266 260 6 1 5 2 13 14 6 9 15 3 7 11 0 4 8 12 10
266 261 5 1 5 2 13 14 6 9 15 3 7 11 10 4 8 12 0
261 255 6 1 5 9 2 14 0 6 13 3 7 11 15 4 8 12 10
262 256 6 1 5 9 2 0 14 6 13 3 7 11 15 4 8 12 10
241 235 6 1 5 9 13 14 6 0 2 3 7 15 11 4 8 12 10
249 243 6 1 5 9 0 14 6 2 15 3 7 11 10 4 8 12 13
266 260 6 0 5 9 13 14 6 10 15 3 7 11 12 4 8 2 1
267 261 6 14 5 9 13 0 6 10 15 3 7 11 12 4 8 2 1
247 241 6 0 5 9 1 14 6 10 2 3 7 11 13 4 8 12 15
249 244 5 15 5 9 1 14 6 10 2 3 7 11 13 4 8 12 0
252 246 6 15 5 9 0 14 6 10 2 3 7 11 13 4 8 12 1
253 247 6 15 5 9 2 14 6 10 0 3 7 11 13 4 8 12 1
254 248 6 15 5 9 2 14 6 10 13 3 7 11 0 4 8 12 1
254 249 5 15 5 9 2 14 6 10 13 3 7 11 1 4 8 12 0
258 252 6 0 5 9 2 14 6 10 13 3 7 11 1 4 8 12 15
260 254 6 2 5 9 0 14 6 10 13 3 7 11 1 4 8 12 15
261 256 5 2 5 9 15 14 6 10 13 3 7 11 1 4 8 12 0
260 255 5 2 5 9 13 14 6 10 0 3 7 11 1 4 8 12 15
261 256 5 2 5 9 13 14 6 10 1 3 7 11 0 4 8 12 15
260 257 3 2 5 9 13 14 6 10 1 3 7 11 15 4 8 12 0
264 260 4 0 5 9 13 14 6 10 1 3 7 11 15 4 8 12 2
265 261 4 14 5 9 13 0 6 10 1 3 7 11 15 4 8 12 2
267 262 5 14 5 9 13 6 0 10 1 3 7 11 15 4 8 12 2
267 262 5 14 5 9 13 3 6 10 1 0 7 11 15 4 8 12 2
268 263 5 6 5 9 13 14 0 10 1 3 7 11 15 4 8 12 2
269 264 5 6 5 9 13 0 14 10 1 3 7 11 15 4 8 12 2
267 262 5 4 5 9 13 14 6 10 1 3 7 11 15 0 8 12 2
268 264 4 4 5 9 13 14 6 10 1 3 7 11 15 2 8 12 0
272 267 5 0 5 9 13 14 6 10 1 3 7 11 15 2 8 12 4
273 268 5 14 5 9 13 0 6 10 1 3 7 11 15 2 8 12 4
267 262 5 13 5 9 0 14 6 10 1 3 7 11 15 4 8 12 2
268 264 4 13 5 9 2 14 6 10 1 3 7 11 15 4 8 12 0
272 267 5 0 5 9 2 14 6 10 1 3 7 11 15 4 8 12 13
273 268 5 14 5 9 2 0 6 10 1 3 7 11 15 4 8 12 13
268 263 5 13 5 9 1 14 6 10 0 3 7 11 15 4 8 12 2
266 261 5 5 0 9 13 14 6 10 1 3 7 11 15 4 8 12 2
265 260 5 2 5 9 13 14 6 10 1 3 7 0 15 4 8 12 11
264 259 5 2 5 9 0 14 6 10 1 3 7 11 15 4 8 12 13
265 260 5 2 5 9 1 14 6 10 0 3 7 11 15 4 8 12 13
264 259 5 2 5 9 13 14 6 10 1 3 7 11 15 0 8 12 4
263 258 5 2 5 9 13 14 6 10 1 3 7 11 15 4 8 0 12
265 259 6 2 5 9 13 14 6 10 1 3 7 11 15 4 0 8 12
270 264 6 1 5 9 2 14 6 13 0 3 7 11 15 10 8 12 4
261 255 6 1 5 13 0 14 6 9 2 3 7 11 15 4 8 12 10
262 257 5 1 5 13 10 14 6 9 2 3 7 11 15 4 8 12 0
243 237 6 4 5 9 13 14 6 10 15 3 7 11 2 0 8 12 1
266 260 6 1 5 9 13 14 6 10 15 3 7 0 12 4 8 2 11
267 261 6 1 5 9 13 14 6 10 15 3 7 12 0 4 8 2 11
267 262 5 1 5 9 13 14 6 10 15 3 7 12 11 4 8 2 0
267 262 5 1 5 9 13 14 6 10 0 3 7 12 15 4 8 2 11
269 263 6 1 5 9 0 14 6 10 13 3 7 12 15 4 8 2 11
270 265 5 1 5 9 11 14 6 10 13 3 7 12 15 4 8 2 0
274 268 6 1 5 9 11 14 6 10 13 3 7 0 15 4 8 2 12
243 237 6 1 5 9 10 14 6 11 13 3 7 0 15 4 8 12 2
224 218 6 1 5 9 13 14 6 0 2 3 7 10 15 4 8 11 12
225 219 6 1 5 9 13 14 6 2 0 3 7 10 15 4 8 11 12
242 236 6 1 5 9 13 3 14 6 10 0 7 11 15 4 8 12 2
243 237 6 1 5 9 4 14 6 10 15 3 7 11 2 0 8 12 13
244 239 5 1 5 9 4 14 6 10 15 3 7 11 2 13 8 12 0
224 218 6 1 5 9 13 14 6 10 2 3 0 7 15 4 8 11 12
224 218 6 1 5 9 13 14 6 10 2 3 7 15 0 4 8 11 12
224 219 5 1 5 9 13 14 6 10 2 3 7 15 12 4 8 11 0
226 220 6 1 5 9 13 14 6 10 2 3 7 15 12 4 8 0 11
228 222 6 1 5 9 0 14 6 10 2 3 7 15 11 4 8 12 13
225 219 6 1 5 9 13 14 6 10 0 3 7 15 2 4 8 11 12
273 267 6 1 5 9 13 14 6 11 2 3 7 0 15 10 8 12 4
228 222 6 13 5 9 2 14 6 0 10 3 7 11 15 4 8 12 1
271 265 6 1 5 9 13 14 6 10 15 3 7 11 0 12 8 2 4
271 266 5 1 5 9 13 14 6 10 15 3 7 11 4 12 8 2 0
274 268 6 1 5 9 13 14 6 10 15 3 7 11 4 0 8 2 12
273 267 6 1 5 9 13 14 6 10 15 3 7 11 4 12 8 0 2
223 217 6 1 5 9 4 14 6 10 2 3 7 11 15 8 0 12 13
254 248 6 13 5 9 0 14 6 10 15 3 7 11 1 4 8 12 2
255 250 5 13 5 9 2 14 6 10 15 3 7 11 1 4 8 12 0
259 253 6 0 5 9 2 14 6 10 15 3 7 11 1 4 8 12 13
260 254 6 14 5 9 2 0 6 10 15 3 7 11 1 4 8 12 13
255 249 6 13 5 9 15 14 6 10 0 3 7 11 1 4 8 12 2
261 255 6 1 5 9 2 14 6 11 0 3 7 10 15 4 8 12 13
262 256 6 1 5 9 0 14 6 11 2 3 7 10 15 4 8 12 13
262 258 4 1 5 9 13 14 6 11 2 3 7 10 15 4 8 12 0
267 261 6 0 5 9 13 14 6 11 2 3 7 10 15 4 8 12 1
268 262 6 14 5 9 13 0 6 11 2 3 7 10 15 4 8 12 1
266 260 6 1 5 9 13 14 6 11 2 3 7 10 15 0 8 12 4
265 259 6 1 5 9 13 14 6 11 2 3 7 10 0 4 8 12 15
266 260 6 1 5 9 13 14 6 11 0 3 7 10 2 4 8 12 15
249 243 6 1 6 5 13 14 0 10 9 3 7 11 15 4 8 12 2
250 244 6 1 6 5 13 0 14 10 9 3 7 11 15 4 8 12 2
233 227 6 1 5 9 11 14 6 10 13 3 7 2 0 4 8 12 15
234 228 6 1 5 9 11 14 6 10 0 3 7 2 13 4 8 12 15
244 238 6 1 5 9 2 14 6 10 4 3 7 0 15 13 8 12 11
235 229 6 1 5 9 4 14 6 10 13 3 7 2 15 0 8 12 11
238 232 6 1 5 9 11 14 6 10 13 3 0 7 15 4 8 12 2
235 229 6 1 5 9 11 14 6 10 13 3 7 2 15 4 8 0 12
250 244 6 1 5 13 9 14 6 0 10 3 7 11 15 4 8 12 2
238 232 6 1 5 9 11 14 6 10 13 3 7 12 15 4 8 0 2
238 232 6 1 5 9 11 14 6 0 13 3 7 10 15 4 8 12 2
239 233 6 1 5 9 11 14 6 13 0 3 7 10 15 4 8 12 2
240 234 6 1 5 9 0 14 6 13 11 3 7 10 15 4 8 12 2
241 236 5 1 5 9 2 14 6 13 11 3 7 10 15 4 8 12 0
245 239 6 1 5 9 2 14 6 13 11 3 7 0 15 4 8 12 10
246 240 6 1 5 9 2 14 6 0 11 3 7 13 15 4 8 12 10
247 241 6 1 5 9 2 14 6 11 0 3 7 13 15 4 8 12 10
248 242 6 1 5 9 0 14 6 11 2 3 7 13 15 4 8 12 10
249 244 5 1 5 9 10 14 6 11 2 3 7 13 15 4 8 12 0
251 245 6 1 5 9 11 14 6 0 2 3 7 13 15 4 8 12 10
252 246 6 1 5 9 11 14 6 2 0 3 7 13 15 4 8 12 10
253 247 6 1 5 9 0 14 6 2 11 3 7 13 15 4 8 12 10
254 249 5 1 5 9 10 14 6 2 11 3 7 13 15 4 8 12 0
258 252 6 1 5 9 10 14 6 2 11 3 7 0 15 4 8 12 13
240 234 6 6 5 9 13 14 0 10 4 3 7 11 15 2 8 12 1
241 235 6 6 5 9 13 0 14 10 4 3 7 11 15 2 8 12 1
241 235 6 6 5 9 13 14 0 10 4 3 7 11 15 1 8 12 2
242 236 6 6 5 9 13 0 14 10 4 3 7 11 15 1 8 12 2
252 246 6 1 5 9 11 14 6 13 2 3 7 0 15 4 8 12 10
228 222 6 1 5 9 13 14 6 2 10 3 7 11 15 4 0 8 12
228 222 6 1 5 9 13 14 6 2 10 3 7 0 15 4 8 11 12
262 256 6 2 5 9 13 14 6 0 10 3 7 11 1 4 8 12 15
267 261 6 1 5 9 13 14 0 6 2 3 7 11 15 4 8 10 12
268 262 6 1 5 9 13 0 14 6 2 3 7 11 15 4 8 10 12
229 223 6 1 5 9 13 14 6 2 10 3 7 11 15 8 0 12 4
227 221 6 13 5 0 9 14 6 10 2 3 7 11 15 4 8 12 1
229 223 6 6 5 9 13 3 14 10 2 0 7 11 15 4 8 12 1
228 222 6 13 5 9 2 14 6 10 15 3 7 11 0 4 8 12 1
229 223 6 13 5 9 10 14 6 0 2 3 7 11 15 4 8 12 1
230 224 6 13 5 9 10 14 6 2 0 3 7 11 15 4 8 12 1
244 238 6 6 5 9 1 14 0 10 13 3 7 11 15 4 8 12 2
245 239 6 6 5 9 1 0 14 10 13 3 7 11 15 4 8 12 2
243 237 6 4 5 9 1 14 6 10 13 3 7 11 15 0 8 12 2
230 224 6 5 0 9 13 14 6 2 10 3 7 11 15 4 8 12 1
243 237 6 1 5 9 4 14 6 10 13 0 7 11 15 3 8 12 2
244 238 6 1 5 9 4 0 6 10 13 14 7 11 15 3 8 12 2
238 232 6 1 5 9 13 14 6 10 15 3 7 0 2 4 8 11 12
243 237 6 14 5 9 1 6 0 10 13 3 7 11 15 4 8 12 2
240 234 6 1 5 9 13 14 6 10 15 3 7 11 2 4 0 8 12
267 261 6 1 5 0 13 14 6 9 2 3 7 11 15 4 8 10 12
265 259 6 1 5 9 13 14 6 11 2 3 7 10 15 4 8 0 12
244 238 6 0 5 9 4 14 6 10 13 3 7 11 15 1 8 12 2
246 241 5 2 5 9 4 14 6 10 13 3 7 11 15 1 8 12 0
245 239 6 14 5 9 4 0 6 10 13 3 7 11 15 1 8 12 2
228 222 6 6 5 9 13 14 10 0 2 3 7 11 15 4 8 12 1
229 223 6 6 5 9 13 14 10 2 0 3 7 11 15 4 8 12 1
228 222 6 6 0 9 13 14 5 10 2 3 7 11 15 4 8 12 1
229 223 6 0 6 9 13 14 5 10 2 3 7 11 15 4 8 12 1
230 226 4 1 6 9 13 14 5 10 2 3 7 11 15 4 8 12 0
235 229 6 1 6 9 13 14 5 10 2 3 7 0 15 4 8 12 11
229 223 6 1 5 9 0 14 6 10 15 3 7 13 11 4 8 12 2
234 228 6 1 6 9 0 14 5 10 2 3 7 11 15 4 8 12 13
235 229 6 1 6 9 2 14 5 10 0 3 7 11 15 4 8 12 13
234 228 6 1 6 9 13 14 5 10 2 3 7 11 15 0 8 12 4
227 221 6 13 5 9 0 14 6 10 2 3 7 11 15 1 8 12 4
228 223 5 13 5 9 4 14 6 10 2 3 7 11 15 1 8 12 0
228 222 6 13 5 9 2 14 6 10 0 3 7 11 15 1 8 12 4
226 220 6 5 0 9 13 14 6 10 2 3 7 11 15 1 8 12 4
234 228 6 0 5 9 1 14 6 10 13 3 7 2 15 4 8 12 11
236 231 5 11 5 9 1 14 6 10 13 3 7 2 15 4 8 12 0
240 234 6 11 5 9 1 14 6 10 13 3 7 0 15 4 8 12 2
239 233 6 11 5 9 0 14 6 10 13 3 7 2 15 4 8 12 1
239 234 5 11 5 9 13 14 6 10 0 3 7 2 15 4 8 12 1
241 235 6 11 5 9 13 14 6 0 10 3 7 2 15 4 8 12 1
242 236 6 11 5 9 13 14 6 2 10 3 7 0 15 4 8 12 1
241 235 6 11 5 9 13 14 6 10 15 3 7 2 0 4 8 12 1
241 236 5 11 5 9 13 14 6 10 15 3 7 2 1 4 8 12 0
245 239 6 11 5 9 13 14 6 10 15 3 7 0 1 4 8 12 2
246 240 6 11 5 9 13 14 6 10 15 3 7 1 0 4 8 12 2
246 241 5 11 5 9 13 14 6 10 15 3 7 1 2 4 8 12 0
246 241 5 11 5 9 13 14 6 10 0 3 7 1 15 4 8 12 2
248 242 6 11 5 9 13 14 6 0 10 3 7 1 15 4 8 12 2
249 243 6 11 5 9 13 14 6 1 10 3 7 0 15 4 8 12 2
243 237 6 1 5 9 0 14 6 10 15 3 7 11 2 13 8 12 4
248 242 6 11 5 9 0 14 6 10 13 3 7 1 15 4 8 12 2
249 244 5 11 5 9 2 14 6 10 13 3 7 1 15 4 8 12 0
253 247 6 11 5 9 2 14 6 10 13 3 7 0 15 4 8 12 1
232 226 6 1 5 9 15 14 6 10 0 3 7 2 13 4 8 12 11
233 227 6 1 5 9 0 14 6 10 15 3 7 2 13 4 8 12 11
234 229 5 1 5 9 11 14 6 10 15 3 7 2 13 4 8 12 0
253 247 6 0 5 9 2 14 6 10 13 3 7 1 15 4 8 12 11
254 248 6 14 5 9 2 0 6 10 13 3 7 1 15 4 8 12 11
250 244 6 0 5 9 11 14 6 10 13 3 7 1 15 4 8 12 2
252 247 5 2 5 9 11 14 6 10 13 3 7 1 15 4 8 12 0
256 250 6 2 5 9 11 14 6 10 13 3 7 0 15 4 8 12 1
251 245 6 14 5 9 11 0 6 10 13 3 7 1 15 4 8 12 2
270 264 6 10 5 9 2 14 6 13 0 3 7 11 15 4 8 12 1
265 259 6 2 5 9 13 14 6 10 1 3 7 0 15 4 8 11 12
272 266 6 13 5 9 2 14 6 10 1 3 7 11 15 0 8 12 4
274 268 6 0 5 9 2 14 6 10 1 3 7 11 15 13 8 12 4
276 271 5 4 5 9 2 14 6 10 1 3 7 11 15 13 8 12 0
275 269 6 14 5 9 2 0 6 10 1 3 7 11 15 13 8 12 4
263 257 6 2 5 9 13 14 6 10 1 3 7 0 11 4 8 12 15
269 263 6 14 5 9 13 6 7 10 1 3 0 11 15 4 8 12 2
269 263 6 14 5 9 13 3 6 10 1 7 0 11 15 4 8 12 2
269 263 6 14 5 9 13 6 10 0 1 3 7 11 15 4 8 12 2
270 264 6 14 5 9 13 6 10 1 0 3 7 11 15 4 8 12 2
269 263 6 14 5 9 13 3 6 10 1 4 7 11 15 0 8 12 2
270 265 5 14 5 9 13 3 6 10 1 4 7 11 15 2 8 12 0
274 268 6 0 5 9 13 3 6 10 1 4 7 11 15 2 8 12 14
276 270 6 2 5 9 13 3 6 10 1 4 7 11 15 0 8 12 14
277 272 5 2 5 9 13 3 6 10 1 4 7 11 15 14 8 12 0
276 271 5 2 5 9 13 3 6 10 1 0 7 11 15 4 8 12 14
276 272 4 2 5 9 13 0 6 10 1 3 7 11 15 4 8 12 14
278 273 5 2 5 9 13 6 0 10 1 3 7 11 15 4 8 12 14
280 274 6 2 5 9 13 6 10 0 1 3 7 11 15 4 8 12 14
281 275 6 2 5 9 13 6 10 1 0 3 7 11 15 4 8 12 14
280 274 6 2 5 9 13 6 7 10 1 3 0 11 15 4 8 12 14
280 274 6 2 0 9 13 6 5 10 1 3 7 11 15 4 8 12 14
281 275 6 0 2 9 13 6 5 10 1 3 7 11 15 4 8 12 14
283 278 5 14 2 9 13 6 5 10 1 3 7 11 15 4 8 12 0
241 235 6 1 5 9 11 14 6 0 10 3 7 2 15 4 8 12 13
242 236 6 1 5 9 11 14 6 2 10 3 7 0 15 4 8 12 13
284 278 6 5 2 9 13 6 0 10 1 3 7 11 15 4 8 12 14
284 279 5 5 2 9 13 0 6 10 1 3 7 11 15 4 8 12 14
286 280 6 5 2 9 13 3 6 10 1 0 7 11 15 4 8 12 14
285 279 6 5 0 9 13 6 2 10 1 3 7 11 15 4 8 12 14
285 280 5 0 5 9 13 6 2 10 1 3 7 11 15 4 8 12 14
287 283 4 14 5 9 13 6 2 10 1 3 7 11 15 4 8 12 0
286 281 5 6 5 9 13 0 2 10 1 3 7 11 15 4 8 12 14
286 282 4 6 5 9 13 2 0 10 1 3 7 11 15 4 8 12 14
288 283 5 6 5 9 13 2 10 0 1 3 7 11 15 4 8 12 14
289 284 5 6 5 9 13 2 10 1 0 3 7 11 15 4 8 12 14
288 283 5 6 5 9 13 2 7 10 1 3 0 11 15 4 8 12 14
288 283 5 6 0 9 13 2 5 10 1 3 7 11 15 4 8 12 14
289 284 5 0 6 9 13 2 5 10 1 3 7 11 15 4 8 12 14
291 287 4 14 6 9 13 2 5 10 1 3 7 11 15 4 8 12 0
292 287 5 5 6 9 13 2 0 10 1 3 7 11 15 4 8 12 14
292 288 4 5 0 9 13 2 6 10 1 3 7 11 15 4 8 12 14
292 289 3 0 5 9 13 2 6 10 1 3 7 11 15 4 8 12 14
294 292 2 14 5 9 13 2 6 10 1 3 7 11 15 4 8 12 0
299 295 4 14 5 9 13 2 6 10 1 3 7 0 15 4 8 12 11
298 294 4 14 5 9 0 2 6 10 1 3 7 11 15 4 8 12 13
300 296 4 0 5 9 14 2 6 10 1 3 7 11 15 4 8 12 13
302 299 3 13 5 9 14 2 6 10 1 3 7 11 15 4 8 12 0
299 295 4 14 5 9 1 2 6 10 0 3 7 11 15 4 8 12 13
298 294 4 14 5 9 13 2 6 10 1 3 7 11 15 0 8 12 4
300 296 4 0 5 9 13 2 6 10 1 3 7 11 15 14 8 12 4
302 299 3 4 5 9 13 2 6 10 1 3 7 11 15 14 8 12 0
297 293 4 14 5 9 13 2 6 10 1 3 7 11 15 4 8 0 12
297 293 4 14 5 9 13 2 6 10 1 3 7 11 0 4 8 12 15
298 294 4 14 5 9 13 2 6 10 0 3 7 11 1 4 8 12 15
295 291 4 4 5 9 13 2 6 10 1 3 7 11 15 0 8 12 14
295 291 4 13 5 9 0 2 6 10 1 3 7 11 15 4 8 12 14
296 292 4 13 5 9 1 2 6 10 0 3 7 11 15 4 8 12 14
298 293 5 13 5 9 1 2 6 0 10 3 7 11 15 4 8 12 14
300 295 5 14 5 9 13 2 6 0 10 3 7 11 1 4 8 12 15
298 293 5 13 5 9 1 2 6 10 15 3 7 11 0 4 8 12 14
298 294 4 13 5 9 1 2 6 10 15 3 7 11 14 4 8 12 0
302 297 5 0 5 9 1 2 6 10 15 3 7 11 14 4 8 12 13
303 299 4 1 5 9 0 2 6 10 15 3 7 11 14 4 8 12 13
303 301 2 1 5 9 13 2 6 10 15 3 7 11 14 4 8 12 0
305 302 3 1 5 9 13 2 6 10 15 3 7 11 0 4 8 12 14
305 303 2 1 5 9 13 2 6 10 0 3 7 11 15 4 8 12 14
307 304 3 1 5 9 13 2 6 0 10 3 7 11 15 4 8 12 14
307 304 3 1 5 9 0 2 6 10 13 3 7 11 15 4 8 12 14
308 306 2 1 5 9 14 2 6 10 13 3 7 11 15 4 8 12 0
313 309 4 1 5 9 14 2 6 10 13 3 7 0 15 4 8 12 11
313 309 4 0 5 9 14 2 6 10 13 3 7 11 15 4 8 12 1
315 311 4 14 5 9 0 2 6 10 13 3 7 11 15 4 8 12 1
316 313 3 14 5 9 1 2 6 10 13 3 7 11 15 4 8 12 0
315 312 3 14 5 9 13 2 6 10 0 3 7 11 15 4 8 12 1
317 313 4 14 5 9 13 2 6 0 10 3 7 11 15 4 8 12 1
317 313 4 14 5 9 13 2 6 10 15 3 7 11 0 4 8 12 1
317 314 3 14 5 9 13 2 6 10 15 3 7 11 1 4 8 12 0
321 317 4 0 5 9 13 2 6 10 15 3 7 11 1 4 8 12 14
312 308 4 1 5 9 14 2 6 10 13 3 7 11 15 0 8 12 4
315 311 4 1 5 9 0 2 6 10 13 3 7 11 15 14 8 12 4
316 313 3 1 5 9 4 2 6 10 13 3 7 11 15 14 8 12 0
315 312 3 1 5 9 13 2 6 10 0 3 7 11 15 14 8 12 4
317 313 4 1 5 9 13 2 6 0 10 3 7 11 15 14 8 12 4
317 313 4 1 5 9 13 2 6 10 15 3 7 11 0 14 8 12 4
317 314 3 1 5 9 13 2 6 10 15 3 7 11 4 14 8 12 0
320 316 4 1 5 9 13 2 6 10 15 3 7 11 4 0 8 12 14
311 307 4 1 5 9 14 2 6 10 13 3 7 11 15 4 8 0 12
311 307 4 1 5 9 14 2 6 10 13 3 7 11 0 4 8 12 15
312 308 4 1 5 9 14 2 6 10 0 3 7 11 13 4 8 12 15
312 309 3 1 5 9 0 2 6 10 14 3 7 11 13 4 8 12 15
313 311 2 1 5 9 15 2 6 10 14 3 7 11 13 4 8 12 0
315 312 3 1 5 9 15 2 6 10 14 3 7 11 0 4 8 12 13
317 313 4 1 5 9 15 2 6 10 14 3 7 0 11 4 8 12 13
311 307 4 1 5 9 10 2 6 0 13 3 7 11 15 4 8 12 14
312 308 4 1 5 9 10 2 6 13 0 3 7 11 15 4 8 12 14
313 309 4 1 5 9 0 2 6 13 10 3 7 11 15 4 8 12 14
314 311 3 1 5 9 14 2 6 13 10 3 7 11 15 4 8 12 0
318 314 4 1 5 9 15 2 6 10 14 3 7 0 13 4 8 12 11
319 315 4 1 5 9 15 2 6 10 14 3 7 13 0 4 8 12 11
319 316 3 1 5 9 15 2 6 10 14 3 7 13 11 4 8 12 0
322 318 4 1 5 9 0 2 6 10 14 3 7 13 11 4 8 12 15
318 314 4 0 5 9 15 2 6 10 14 3 7 11 13 4 8 12 1
320 316 4 15 5 9 0 2 6 10 14 3 7 11 13 4 8 12 1
321 318 3 15 5 9 1 2 6 10 14 3 7 11 13 4 8 12 0
323 319 4 15 5 9 1 2 6 10 14 3 7 11 0 4 8 12 13
317 313 4 1 5 9 15 2 6 10 14 3 7 11 13 0 8 12 4
320 316 4 1 5 9 0 2 6 10 14 3 7 11 13 15 8 12 4
321 318 3 1 5 9 4 2 6 10 14 3 7 11 13 15 8 12 0
323 319 4 1 5 9 4 2 6 10 14 3 7 11 0 15 8 12 13
316 312 4 1 5 9 15 2 6 10 14 3 7 11 13 4 8 0 12
316 312 4 1 5 9 10 2 6 0 14 3 7 11 13 4 8 12 15
311 307 4 1 5 9 4 2 6 10 13 3 7 11 15 0 8 12 14
309 305 4 1 5 9 13 2 0 6 10 3 7 11 15 4 8 12 14
309 305 4 1 5 9 13 2 6 11 10 3 7 0 15 4 8 12 14
316 312 4 1 5 9 4 2 6 10 14 3 7 11 13 0 8 12 15
315 311 4 0 5 9 1 2 6 10 14 3 7 11 13 4 8 12 15
309 305 4 1 5 0 9 2 6 10 13 3 7 11 15 4 8 12 14
308 304 4 0 5 9 13 2 6 10 15 3 7 11 14 4 8 12 1
307 303 4 1 5 9 13 2 6 10 15 3 7 0 11 4 8 12 14
306 302 4 1 5 9 13 2 6 10 15 3 7 11 14 4 8 0 12
314 310 4 1 5 0 9 2 6 10 14 3 7 11 13 4 8 12 15
309 305 4 1 5 0 13 2 6 9 10 3 7 11 15 4 8 12 14
308 304 4 1 5 9 13 2 6 10 15 3 7 0 14 4 8 12 11
309 305 4 1 5 9 13 2 6 10 15 3 7 14 0 4 8 12 11
309 306 3 1 5 9 13 2 6 10 15 3 7 14 11 4 8 12 0
309 306 3 1 5 9 13 2 6 10 0 3 7 14 15 4 8 12 11
311 307 4 1 5 9 13 2 6 0 10 3 7 14 15 4 8 12 11
312 308 4 1 5 9 13 2 6 14 10 3 7 0 15 4 8 12 11
311 307 4 1 5 9 0 2 6 10 13 3 7 14 15 4 8 12 11
312 309 3 1 5 9 11 2 6 10 13 3 7 14 15 4 8 12 0
316 312 4 1 5 9 11 2 6 10 13 3 7 0 15 4 8 12 14
307 303 4 1 5 9 13 2 6 10 15 3 7 11 14 0 8 12 4
310 306 4 0 5 9 1 2 6 10 13 3 7 11 15 4 8 12 14
304 300 4 1 5 9 15 2 6 10 0 3 7 11 14 4 8 12 13
306 301 5 1 5 9 15 2 6 0 10 3 7 11 14 4 8 12 13
314 309 5 6 5 9 1 2 0 10 13 3 7 11 15 4 8 12 14
313 308 5 4 5 9 1 2 6 10 13 3 7 11 15 0 8 12 14
314 310 4 4 5 9 1 2 6 10 13 3 7 11 15 14 8 12 0
317 312 5 4 5 9 0 2 6 10 13 3 7 11 15 14 8 12 1
317 313 4 4 5 9 13 2 6 10 0 3 7 11 15 14 8 12 1
319 314 5 4 5 9 13 2 6 0 10 3 7 11 15 14 8 12 1
319 314 5 4 5 9 13 2 6 10 15 3 7 11 0 14 8 12 1
319 315 4 4 5 9 13 2 6 10 15 3 7 11 1 14 8 12 0
323 318 5 0 5 9 13 2 6 10 15 3 7 11 1 14 8 12 4
316 311 5 4 5 9 0 2 6 10 13 3 7 11 15 1 8 12 14
317 313 4 4 5 9 14 2 6 10 13 3 7 11 15 1 8 12 0
316 312 4 4 5 9 13 2 6 10 0 3 7 11 15 1 8 12 14
318 313 5 4 5 9 13 2 6 0 10 3 7 11 15 1 8 12 14
318 313 5 4 5 9 13 2 6 10 15 3 7 11 0 1 8 12 14
318 314 4 4 5 9 13 2 6 10 15 3 7 11 14 1 8 12 0
302 297 5 14 5 9 0 2 6 10 1 3 7 11 15 13 8 12 4
303 299 4 14 5 9 4 2 6 10 1 3 7 11 15 13 8 12 0
307 302 5 0 5 9 4 2 6 10 1 3 7 11 15 13 8 12 14
304 299 5 0 5 9 14 2 6 10 1 3 7 11 15 13 8 12 4
306 302 4 4 5 9 14 2 6 10 1 3 7 11 15 13 8 12 0
303 298 5 14 5 9 1 2 6 10 0 3 7 11 15 13 8 12 4
301 296 5 14 5 9 13 2 6 0 1 3 7 10 15 4 8 12 11
302 297 5 14 5 9 13 2 6 1 0 3 7 10 15 4 8 12 11
307 302 5 4 5 9 13 2 6 10 1 3 7 0 15 14 8 12 11
297 292 5 4 5 9 13 2 6 10 1 3 7 11 15 8 0 12 14
299 294 5 14 5 9 13 2 6 10 1 3 7 0 11 4 8 12 15
305 300 5 4 5 9 13 2 6 10 1 3 7 11 0 14 8 12 15
306 301 5 4 5 9 13 2 6 10 0 3 7 11 1 14 8 12 15
301 296 5 14 5 9 13 2 6 10 1 3 0 7 15 4 8 12 11
297 292 5 4 5 9 13 2 6 10 1 0 7 11 15 3 8 12 14
301 296 5 13 5 9 0 2 6 10 15 3 7 11 14 4 8 12 1
302 297 5 13 5 9 15 2 6 10 0 3 7 11 14 4 8 12 1
302 298 4 13 5 9 15 2 6 10 14 3 7 11 0 4 8 12 1
302 299 3 13 5 9 15 2 6 10 14 3 7 11 1 4 8 12 0
306 302 4 0 5 9 15 2 6 10 14 3 7 11 1 4 8 12 13
308 304 4 15 5 9 0 2 6 10 14 3 7 11 1 4 8 12 13
308 306 2 15 5 9 13 2 6 10 14 3 7 11 1 4 8 12 0
312 309 3 0 5 9 13 2 6 10 14 3 7 11 1 4 8 12 15
310 307 3 15 5 9 13 2 6 10 14 3 7 11 0 4 8 12 1
312 308 4 15 5 9 13 2 6 10 14 3 7 0 11 4 8 12 1
312 308 4 15 5 9 13 2 6 10 0 3 7 11 14 4 8 12 1
316 312 4 6 5 9 13 2 0 10 14 3 7 11 1 4 8 12 15
315 311 4 4 5 9 13 2 6 10 14 3 7 11 1 0 8 12 15
316 313 3 4 5 9 13 2 6 10 14 3 7 11 1 15 8 12 0
320 316 4 0 5 9 13 2 6 10 14 3 7 11 1 15 8 12 4
318 314 4 4 5 9 13 2 6 10 14 3 7 11 0 15 8 12 1
314 310 4 5 0 9 13 2 6 10 14 3 7 11 1 4 8 12 15
314 310 4 2 5 9 13 0 6 10 14 3 7 11 1 4 8 12 15
313 309 4 15 5 9 13 2 6 10 14 3 7 0 1 4 8 12 11
314 310 4 15 5 9 13 2 6 10 14 3 7 1 0 4 8 12 11
314 311 3 15 5 9 13 2 6 10 14 3 7 1 11 4 8 12 0
318 314 4 0 5 9 13 2 6 10 14 3 7 1 11 4 8 12 15
312 308 4 15 5 9 13 2 6 10 14 3 7 11 1 0 8 12 4
311 307 4 15 5 9 13 2 6 10 14 3 7 11 1 4 8 0 12
305 301 4 13 5 9 0 2 6 10 14 3 7 11 1 4 8 12 15
309 304 5 13 5 9 10 2 6 0 14 3 7 11 1 4 8 12 15
309 304 5 13 5 9 4 2 6 10 14 3 7 11 1 0 8 12 15
310 306 4 13 5 9 4 2 6 10 14 3 7 11 1 15 8 12 0
314 309 5 0 5 9 4 2 6 10 14 3 7 11 1 15 8 12 13
312 307 5 13 5 9 4 2 6 10 14 3 7 11 0 15 8 12 1
311 306 5 0 5 9 4 2 6 10 14 3 7 11 1 13 8 12 15
313 309 4 15 5 9 4 2 6 10 14 3 7 11 1 13 8 12 0
315 310 5 15 5 9 4 2 6 10 14 3 7 11 0 13 8 12 1
303 298 5 4 5 9 14 2 6 10 1 3 7 11 15 0 8 12 13
307 302 5 1 5 9 4 2 6 10 15 3 7 11 14 0 8 12 13
308 304 4 1 5 9 4 2 6 10 15 3 7 11 14 13 8 12 0
310 305 5 1 5 9 4 2 6 10 15 3 7 11 0 13 8 12 14
310 306 4 1 5 9 4 2 6 10 0 3 7 11 15 13 8 12 14
311 307 4 1 5 9 0 2 6 10 4 3 7 11 15 13 8 12 14
313 310 3 1 5 9 13 2 6 10 4 3 7 11 15 0 8 12 14
314 312 2 1 5 9 13 2 6 10 4 3 7 11 15 14 8 12 0
312 309 3 1 5 9 14 2 6 10 4 3 7 11 15 13 8 12 0
315 311 4 1 5 9 14 2 6 10 4 3 7 11 15 0 8 12 13
319 315 4 1 5 9 13 2 6 10 4 3 7 0 15 14 8 12 11
319 315 4 0 5 9 13 2 6 10 4 3 7 11 15 14 8 12 1
321 317 4 14 5 9 13 2 6 10 4 3 7 11 15 0 8 12 1
322 319 3 14 5 9 13 2 6 10 4 3 7 11 15 1 8 12 0
318 314 4 1 5 9 0 2 6 10 4 3 7 11 15 14 8 12 13
319 315 4 1 5 9 4 2 6 10 0 3 7 11 15 14 8 12 13
317 313 4 1 5 9 13 2 6 10 4 3 7 11 15 14 8 0 12
317 313 4 1 5 9 13 2 6 10 4 3 7 11 0 14 8 12 15
318 314 4 1 5 9 13 2 6 10 0 3 7 11 4 14 8 12 15
317 313 4 1 5 9 13 2 6 10 4 3 0 11 15 7 8 12 14
315 311 4 1 5 9 13 2 6 10 4 0 7 11 15 3 8 12 14
315 311 4 1 5 9 13 2 6 10 4 3 7 11 15 8 0 12 14
316 312 4 0 5 9 13 2 6 10 4 3 7 11 15 1 8 12 14
320 315 5 6 5 9 13 2 0 10 4 3 7 11 15 1 8 12 14
319 314 5 1 5 9 13 2 6 10 4 3 11 0 15 7 8 12 14
319 314 5 13 5 9 0 2 6 10 4 3 7 11 15 1 8 12 14
320 316 4 13 5 9 14 2 6 10 4 3 7 11 15 1 8 12 0
323 318 5 13 5 9 14 2 6 10 4 3 7 11 15 0 8 12 1
322 317 5 13 5 9 1 2 6 10 4 3 7 11 15 0 8 12 14
323 319 4 13 5 9 1 2 6 10 4 3 7 11 15 14 8 12 0
320 315 5 13 5 9 4 2 6 10 0 3 7 11 15 1 8 12 14
319 314 5 14 5 9 1 2 6 10 13 3 7 11 15 4 8 0 12
319 314 5 14 5 9 1 2 6 10 13 3 7 11 0 4 8 12 15
320 315 5 14 5 9 1 2 6 10 0 3 7 11 13 4 8 12 15
321 316 5 14 5 9 0 2 6 10 1 3 7 11 13 4 8 12 15
322 318 4 14 5 9 15 2 6 10 1 3 7 11 13 4 8 12 0
326 321 5 0 5 9 15 2 6 10 1 3 7 11 13 4 8 12 14
328 323 5 15 5 9 0 2 6 10 1 3 7 11 13 4 8 12 14
329 325 4 15 5 9 14 2 6 10 1 3 7 11 13 4 8 12 0
331 326 5 15 5 9 14 2 6 10 1 3 7 11 0 4 8 12 13
329 324 5 15 5 9 1 2 6 10 0 3 7 11 13 4 8 12 14
330 325 5 15 5 9 1 2 6 10 13 3 7 11 0 4 8 12 14
330 326 4 15 5 9 1 2 6 10 13 3 7 11 14 4 8 12 0
334 329 5 0 5 9 1 2 6 10 13 3 7 11 14 4 8 12 15
335 331 4 1 5 9 0 2 6 10 13 3 7 11 14 4 8 12 15
336 333 3 1 5 9 15 2 6 10 13 3 7 11 14 4 8 12 0
335 332 3 1 5 9 13 2 6 10 0 3 7 11 14 4 8 12 15
335 333 2 1 5 9 13 2 6 10 14 3 7 11 0 4 8 12 15
334 334 0 1 5 9 13 2 6 10 14 3 7 11 15 4 8 12 0
