0 0 0 13 11 10 15 8 6 1 12 14 3 4 0 5 7 9 2
15 1 14 13 11 10 15 8 6 1 12 14 3 4 2 5 7 9 0
15 1 14 13 11 10 15 8 6 1 0 14 3 4 12 5 7 9 2
16 2 14 13 11 10 15 8 6 0 1 14 3 4 12 5 7 9 2
17 3 14 13 11 10 15 8 6 4 1 14 3 0 12 5 7 9 2
18 4 14 13 11 10 15 8 6 4 1 14 0 3 12 5 7 9 2
19 5 14 13 11 10 15 8 6 4 1 0 14 3 12 5 7 9 2
20 6 14 13 11 10 15 8 6 4 1 5 14 3 12 0 7 9 2
21 8 13 0 11 10 15 8 6 4 1 5 14 3 12 13 7 9 2
23 11 12 2 11 10 15 8 6 4 1 5 14 3 12 13 7 9 0
27 14 13 2 11 10 15 8 6 4 1 5 14 0 12 13 7 9 3
28 15 13 2 11 10 15 8 6 4 1 5 0 14 12 13 7 9 3
29 16 13 2 11 10 15 8 6 4 1 0 5 14 12 13 7 9 3
30 17 13 2 11 10 15 0 6 4 1 8 5 14 12 13 7 9 3
29 16 13 2 11 10 15 8 6 4 1 5 7 14 12 13 0 9 3
30 17 13 2 11 10 15 8 6 4 1 5 7 14 12 13 9 0 3
30 18 12 2 11 10 15 8 6 4 1 5 7 14 12 13 9 3 0
34 21 13 2 11 10 15 8 6 4 1 5 7 0 12 13 9 3 14
35 22 13 2 11 10 15 8 6 4 1 5 0 7 12 13 9 3 14
36 23 13 2 11 10 15 8 6 4 1 0 5 7 12 13 9 3 14
37 24 13 2 11 10 15 0 6 4 1 8 5 7 12 13 9 3 14
36 23 13 2 11 10 15 8 6 4 1 5 9 7 12 13 0 3 14
37 24 13 2 11 10 15 8 6 4 1 5 9 7 12 13 3 0 14
37 25 12 2 11 10 15 8 6 4 1 5 9 7 12 13 3 14 0
41 28 13 2 11 10 15 8 6 4 1 5 9 0 12 13 3 14 7
42 29 13 2 11 10 15 8 6 4 1 5 0 9 12 13 3 14 7
43 30 13 2 11 10 15 8 6 4 1 0 5 9 12 13 3 14 7
44 31 13 2 11 10 15 0 6 4 1 8 5 9 12 13 3 14 7
31 18 13 2 11 10 15 8 6 4 1 5 7 0 12 13 9 14 3
32 19 13 2 11 10 15 8 6 4 1 5 0 7 12 13 9 14 3
33 20 13 2 11 10 15 8 6 4 1 0 5 7 12 13 9 14 3
34 21 13 2 11 10 15 0 6 4 1 8 5 7 12 13 9 14 3
35 22 13 2 11 10 15 8 6 4 1 5 7 3 12 13 9 0 14
35 23 12 2 11 10 15 8 6 4 1 5 7 3 12 13 9 14 0
39 26 13 0 11 10 15 8 6 4 1 5 7 3 12 13 9 14 2
41 28 13 15 11 10 0 8 6 4 1 5 7 3 12 13 9 14 2
43 31 12 15 11 10 4 8 6 0 1 5 7 3 12 13 9 14 2
44 32 12 15 11 10 4 8 6 1 0 5 7 3 12 13 9 14 2
44 32 12 15 11 10 4 8 6 3 1 5 7 0 12 13 9 14 2
45 33 12 15 11 10 4 8 6 3 1 5 0 7 12 13 9 14 2
46 34 12 15 11 10 4 8 6 3 1 0 5 7 12 13 9 14 2
47 35 12 15 11 10 4 0 6 3 1 8 5 7 12 13 9 14 2
46 34 12 15 11 10 4 8 6 3 1 5 9 7 12 13 0 14 2
46 35 11 15 11 10 4 8 6 3 1 5 9 7 12 13 14 0 2
46 36 10 15 11 10 4 8 6 3 1 5 9 7 12 13 14 2 0
50 39 11 15 11 10 4 8 6 3 1 5 9 0 12 13 14 2 7
51 40 11 15 11 10 4 8 6 3 1 5 0 9 12 13 14 2 7
52 41 11 15 11 10 4 8 6 3 1 0 5 9 12 13 14 2 7
53 42 11 15 11 10 4 0 6 3 1 8 5 9 12 13 14 2 7
51 40 11 15 11 10 4 8 6 3 1 5 9 2 12 13 14 0 7
51 41 10 15 11 10 4 8 6 3 1 5 9 2 12 13 14 7 0
55 44 11 0 11 10 4 8 6 3 1 5 9 2 12 13 14 7 15
56 45 11 11 0 10 4 8 6 3 1 5 9 2 12 13 14 7 15
57 46 11 11 10 0 4 8 6 3 1 5 9 2 12 13 14 7 15
57 47 10 11 10 3 4 8 6 0 1 5 9 2 12 13 14 7 15
58 48 10 11 10 3 4 8 6 1 0 5 9 2 12 13 14 7 15
58 48 10 11 10 3 4 8 6 2 1 5 9 0 12 13 14 7 15
59 49 10 11 10 3 4 8 6 2 1 5 0 9 12 13 14 7 15
60 50 10 11 10 3 4 8 6 2 1 0 5 9 12 13 14 7 15
61 51 10 11 10 3 4 0 6 2 1 8 5 9 12 13 14 7 15
59 49 10 11 10 3 4 8 6 2 1 5 9 7 12 13 14 0 15
58 50 8 11 10 3 4 8 6 2 1 5 9 7 12 13 14 15 0
62 53 9 11 10 3 4 8 6 2 1 5 9 0 12 13 14 15 7
63 54 9 11 10 3 4 8 6 2 1 5 0 9 12 13 14 15 7
64 55 9 11 10 3 4 8 6 2 1 0 5 9 12 13 14 15 7
65 56 9 11 10 3 4 0 6 2 1 8 5 9 12 13 14 15 7
63 54 9 11 10 3 4 8 6 0 1 5 9 2 12 13 14 15 7
64 55 9 11 10 3 4 8 6 1 0 5 9 2 12 13 14 15 7
62 53 9 0 10 3 4 8 6 2 1 5 9 7 12 13 14 15 11
63 54 9 10 0 3 4 8 6 2 1 5 9 7 12 13 14 15 11
63 54 9 8 10 3 4 0 6 2 1 5 9 7 12 13 14 15 11
63 55 8 8 10 3 4 5 6 2 1 0 9 7 12 13 14 15 11
63 56 7 8 10 3 4 5 6 2 1 9 0 7 12 13 14 15 11
64 57 7 8 10 3 4 5 6 2 1 9 7 0 12 13 14 15 11
65 58 7 8 10 3 4 5 6 0 1 9 7 2 12 13 14 15 11
66 59 7 8 10 3 4 5 6 1 0 9 7 2 12 13 14 15 11
68 60 8 8 10 3 4 5 6 1 12 9 7 2 0 13 14 15 11
68 61 7 8 10 3 4 5 6 1 12 9 7 2 11 13 14 15 0
72 64 8 8 10 3 4 5 6 1 12 9 7 0 11 13 14 15 2
72 65 7 8 10 3 4 5 6 1 12 9 7 11 0 13 14 15 2
72 66 6 8 10 3 4 5 6 1 12 9 7 11 2 13 14 15 0
72 66 6 8 10 3 4 5 6 1 0 9 7 11 12 13 14 15 2
73 67 6 8 10 3 4 5 6 0 1 9 7 11 12 13 14 15 2
75 68 7 8 10 3 4 5 0 6 1 9 7 11 12 13 14 15 2
76 69 7 8 10 3 4 5 7 6 1 9 0 11 12 13 14 15 2
76 69 7 8 0 3 4 5 10 6 1 9 7 11 12 13 14 15 2
77 70 7 0 8 3 4 5 10 6 1 9 7 11 12 13 14 15 2
79 73 6 2 8 3 4 5 10 6 1 9 7 11 12 13 14 15 0
80 73 7 10 8 3 4 5 0 6 1 9 7 11 12 13 14 15 2
80 74 6 10 8 3 4 5 6 0 1 9 7 11 12 13 14 15 2
81 75 6 10 8 3 4 5 6 1 0 9 7 11 12 13 14 15 2
83 76 7 10 8 3 4 5 6 1 12 9 7 11 0 13 14 15 2
83 77 6 10 8 3 4 5 6 1 12 9 7 11 2 13 14 15 0
87 80 7 0 8 3 4 5 6 1 12 9 7 11 2 13 14 15 10
88 81 7 8 0 3 4 5 6 1 12 9 7 11 2 13 14 15 10
75 68 7 8 10 0 4 5 6 3 1 9 7 11 12 13 14 15 2
76 69 7 8 0 10 4 5 6 3 1 9 7 11 12 13 14 15 2
77 70 7 0 8 10 4 5 6 3 1 9 7 11 12 13 14 15 2
79 73 6 2 8 10 4 5 6 3 1 9 7 11 12 13 14 15 0
83 76 7 10 8 3 0 5 6 1 4 9 7 11 12 13 14 15 2
84 78 6 10 8 3 2 5 6 1 4 9 7 11 12 13 14 15 0
88 81 7 0 8 3 2 5 6 1 4 9 7 11 12 13 14 15 10
90 83 7 2 8 3 0 5 6 1 4 9 7 11 12 13 14 15 10
91 85 6 2 8 3 10 5 6 1 4 9 7 11 12 13 14 15 0
90 84 6 2 8 3 4 5 6 1 0 9 7 11 12 13 14 15 10
91 85 6 2 8 3 4 5 6 0 1 9 7 11 12 13 14 15 10
93 86 7 2 8 3 4 5 0 6 1 9 7 11 12 13 14 15 10
94 87 7 2 8 3 4 5 7 6 1 9 0 11 12 13 14 15 10
94 87 7 2 0 3 4 5 8 6 1 9 7 11 12 13 14 15 10
94 88 6 0 2 3 4 5 8 6 1 9 7 11 12 13 14 15 10
96 91 5 10 2 3 4 5 8 6 1 9 7 11 12 13 14 15 0
97 91 6 8 2 3 4 5 0 6 1 9 7 11 12 13 14 15 10
97 92 5 8 2 3 4 5 6 0 1 9 7 11 12 13 14 15 10
98 93 5 8 2 3 4 5 6 1 0 9 7 11 12 13 14 15 10
100 94 6 8 2 3 4 5 6 1 12 9 7 11 0 13 14 15 10
100 95 5 8 2 3 4 5 6 1 12 9 7 11 10 13 14 15 0
104 98 6 0 2 3 4 5 6 1 12 9 7 11 10 13 14 15 8
100 94 6 8 2 3 0 5 6 1 4 9 7 11 12 13 14 15 10
101 96 5 8 2 3 10 5 6 1 4 9 7 11 12 13 14 15 0
105 99 6 0 2 3 10 5 6 1 4 9 7 11 12 13 14 15 8
107 101 6 10 2 3 0 5 6 1 4 9 7 11 12 13 14 15 8
108 103 5 10 2 3 8 5 6 1 4 9 7 11 12 13 14 15 0
107 102 5 10 2 3 4 5 6 1 0 9 7 11 12 13 14 15 8
108 103 5 10 2 3 4 5 6 0 1 9 7 11 12 13 14 15 8
110 104 6 10 2 3 4 5 0 6 1 9 7 11 12 13 14 15 8
111 105 6 10 2 3 4 5 7 6 1 9 0 11 12 13 14 15 8
110 104 6 10 2 3 4 5 6 11 1 9 7 0 12 13 14 15 8
111 105 6 10 2 3 4 5 6 11 1 9 0 7 12 13 14 15 8
110 104 6 10 2 0 4 5 6 3 1 9 7 11 12 13 14 15 8
109 103 6 10 2 3 4 5 6 1 12 9 7 11 0 13 14 15 8
109 104 5 10 2 3 4 5 6 1 12 9 7 11 8 13 14 15 0
113 107 6 0 2 3 4 5 6 1 12 9 7 11 8 13 14 15 10
110 104 6 10 2 3 1 5 6 0 4 9 7 11 12 13 14 15 8
111 105 6 10 2 3 1 5 6 4 0 9 7 11 12 13 14 15 8
112 106 6 10 2 3 0 5 6 4 1 9 7 11 12 13 14 15 8
113 108 5 10 2 3 8 5 6 4 1 9 7 11 12 13 14 15 0
117 111 6 0 2 3 8 5 6 4 1 9 7 11 12 13 14 15 10
119 113 6 8 2 3 0 5 6 4 1 9 7 11 12 13 14 15 10
120 115 5 8 2 3 10 5 6 4 1 9 7 11 12 13 14 15 0
120 114 6 8 2 3 1 5 6 4 0 9 7 11 12 13 14 15 10
114 108 6 0 2 3 10 5 6 4 1 9 7 11 12 13 14 15 8
103 97 6 8 2 3 1 5 6 0 4 9 7 11 12 13 14 15 10
102 96 6 0 2 3 8 5 6 1 4 9 7 11 12 13 14 15 10
99 93 6 8 2 3 4 5 6 11 1 9 7 0 12 13 14 15 10
100 94 6 8 2 3 4 5 6 11 1 9 0 7 12 13 14 15 10
99 93 6 8 2 0 4 5 6 3 1 9 7 11 12 13 14 15 10
98 92 6 8 2 3 4 5 7 6 1 9 0 11 12 13 14 15 10
100 93 7 8 2 3 4 5 7 6 1 9 11 0 12 13 14 15 10
101 94 7 8 2 3 4 5 7 0 1 9 11 6 12 13 14 15 10
101 95 6 8 2 3 4 5 0 7 1 9 11 6 12 13 14 15 10
102 96 6 8 2 3 4 5 11 7 1 9 0 6 12 13 14 15 10
103 97 6 8 2 3 4 5 11 7 1 9 6 0 12 13 14 15 10
105 98 7 8 2 3 4 5 11 7 1 9 6 12 0 13 14 15 10
105 99 6 8 2 3 4 5 11 7 1 9 6 12 10 13 14 15 0
109 102 7 8 2 3 4 5 11 7 1 9 6 0 10 13 14 15 12
110 103 7 8 2 3 4 5 11 7 1 9 6 10 0 13 14 15 12
109 104 5 8 2 3 4 5 11 7 1 9 6 10 12 13 14 15 0
113 107 6 0 2 3 4 5 11 7 1 9 6 10 12 13 14 15 8
116 110 6 11 2 3 4 5 0 7 1 9 6 10 12 13 14 15 8
116 111 5 11 2 3 4 5 6 7 1 9 0 10 12 13 14 15 8
116 112 4 11 2 3 4 5 6 7 1 9 10 0 12 13 14 15 8
118 113 5 11 2 3 4 5 6 7 1 9 10 12 0 13 14 15 8
118 114 4 11 2 3 4 5 6 7 1 9 10 12 8 13 14 15 0
122 117 5 11 2 3 4 5 6 7 1 9 10 0 8 13 14 15 12
123 118 5 11 2 3 4 5 6 7 1 9 10 8 0 13 14 15 12
122 119 3 11 2 3 4 5 6 7 1 9 10 8 12 13 14 15 0
126 122 4 0 2 3 4 5 6 7 1 9 10 8 12 13 14 15 11
130 125 5 6 2 3 4 5 0 7 1 9 10 8 12 13 14 15 11
129 124 5 13 2 3 4 5 6 7 1 9 10 8 12 0 14 15 11
130 126 4 13 2 3 4 5 6 7 1 9 10 8 12 11 14 15 0
134 129 5 13 2 3 4 5 6 7 1 9 10 0 12 11 14 15 8
134 129 5 0 2 3 4 5 6 7 1 9 10 8 12 11 14 15 13
129 124 5 4 2 3 0 5 6 7 1 9 10 8 12 13 14 15 11
130 126 4 4 2 3 11 5 6 7 1 9 10 8 12 13 14 15 0
134 129 5 4 2 3 11 5 6 7 1 9 10 0 12 13 14 15 8
118 113 5 11 2 3 4 5 6 7 1 9 10 15 12 13 14 0 8
118 114 4 11 2 3 4 5 6 7 1 9 10 15 12 13 14 8 0
122 117 5 11 2 3 4 5 6 7 1 9 10 0 12 13 14 8 15
128 123 5 5 2 3 4 0 6 7 1 9 10 8 12 13 14 15 11
126 121 5 11 2 3 4 5 6 7 1 9 10 8 12 0 14 15 13
126 121 5 11 2 3 0 5 6 7 1 9 10 8 12 13 14 15 4
127 122 5 11 2 3 1 5 6 7 0 9 10 8 12 13 14 15 4
124 119 5 11 2 3 4 5 6 7 0 9 10 8 1 13 14 15 12
122 117 5 0 2 3 4 5 6 7 1 9 10 12 8 13 14 15 11
122 117 5 0 2 3 4 5 6 7 1 9 10 15 12 13 14 8 11
123 118 5 11 2 3 4 5 6 7 1 9 10 8 12 13 14 0 15
130 125 5 4 2 3 1 5 6 7 0 9 10 8 12 13 14 15 11
128 123 5 2 0 3 4 5 6 7 1 9 10 8 12 13 14 15 11
118 113 5 11 2 3 4 5 6 0 1 9 10 7 12 13 14 15 8
119 114 5 11 2 3 4 5 6 1 0 9 10 7 12 13 14 15 8
119 114 5 11 2 3 4 5 6 7 0 9 10 12 1 13 14 15 8
128 123 5 0 2 3 11 5 6 7 1 9 10 8 12 13 14 15 4
132 126 6 6 2 3 11 5 0 7 1 9 10 8 12 13 14 15 4
121 115 6 11 2 3 4 5 6 1 12 9 10 7 0 13 14 15 8
121 116 5 11 2 3 4 5 6 1 12 9 10 7 8 13 14 15 0
125 119 6 11 2 3 4 5 6 1 12 9 10 0 8 13 14 15 7
126 120 6 11 2 3 4 5 6 1 12 9 10 8 0 13 14 15 7
126 121 5 11 2 3 4 5 6 1 12 9 10 8 7 13 14 15 0
126 121 5 11 2 3 4 5 6 1 0 9 10 8 12 13 14 15 7
127 122 5 11 2 3 4 5 6 0 1 9 10 8 12 13 14 15 7
128 123 5 11 2 3 4 5 6 8 1 9 10 0 12 13 14 15 7
130 124 6 11 2 3 4 5 6 8 1 9 10 12 0 13 14 15 7
130 125 5 11 2 3 4 5 6 8 1 9 10 12 7 13 14 15 0
134 128 6 11 2 3 4 5 6 8 1 9 10 0 7 13 14 15 12
135 129 6 11 2 3 4 5 6 8 1 9 10 7 0 13 14 15 12
134 130 4 11 2 3 4 5 6 8 1 9 10 7 12 13 14 15 0
138 133 5 0 2 3 4 5 6 8 1 9 10 7 12 13 14 15 11
142 136 6 6 2 3 4 5 0 8 1 9 10 7 12 13 14 15 11
143 137 6 6 2 3 4 5 8 0 1 9 10 7 12 13 14 15 11
143 138 5 6 2 3 4 5 8 7 1 9 10 0 12 13 14 15 11
145 139 6 6 2 3 4 5 8 7 1 9 10 12 0 13 14 15 11
145 140 5 6 2 3 4 5 8 7 1 9 10 12 11 13 14 15 0
149 143 6 6 2 3 4 5 8 7 1 9 10 0 11 13 14 15 12
149 144 5 6 2 3 4 5 8 7 1 9 10 11 0 13 14 15 12
148 145 3 6 2 3 4 5 8 7 1 9 10 11 12 13 14 15 0
152 148 4 0 2 3 4 5 8 7 1 9 10 11 12 13 14 15 6
155 151 4 8 2 3 4 5 0 7 1 9 10 11 12 13 14 15 6
157 152 5 8 2 3 4 5 7 0 1 9 10 11 12 13 14 15 6
158 153 5 8 2 3 4 5 7 1 0 9 10 11 12 13 14 15 6
157 152 5 8 2 3 4 0 5 7 1 9 10 11 12 13 14 15 6
157 152 5 8 2 3 4 5 10 7 1 9 0 11 12 13 14 15 6
157 152 5 8 0 3 4 5 2 7 1 9 10 11 12 13 14 15 6
158 153 5 0 8 3 4 5 2 7 1 9 10 11 12 13 14 15 6
160 156 4 6 8 3 4 5 2 7 1 9 10 11 12 13 14 15 0
161 156 5 2 8 3 4 5 0 7 1 9 10 11 12 13 14 15 6
155 150 5 13 2 3 4 5 8 7 1 9 10 11 12 0 14 15 6
156 152 4 13 2 3 4 5 8 7 1 9 10 11 12 6 14 15 0
160 155 5 0 2 3 4 5 8 7 1 9 10 11 12 6 14 15 13
163 158 5 8 2 3 4 5 0 7 1 9 10 11 12 6 14 15 13
155 150 5 4 2 3 0 5 8 7 1 9 10 11 12 13 14 15 6
156 152 4 4 2 3 6 5 8 7 1 9 10 11 12 13 14 15 0
160 155 5 0 2 3 6 5 8 7 1 9 10 11 12 13 14 15 4
163 158 5 8 2 3 6 5 0 7 1 9 10 11 12 13 14 15 4
156 151 5 4 2 3 1 5 8 7 0 9 10 11 12 13 14 15 6
150 145 5 6 2 3 4 5 8 7 0 9 10 11 1 13 14 15 12
154 149 5 5 2 3 4 0 8 7 1 9 10 11 12 13 14 15 6
155 150 5 5 2 3 4 8 0 7 1 9 10 11 12 13 14 15 6
154 149 5 2 0 3 4 5 8 7 1 9 10 11 12 13 14 15 6
152 147 5 6 2 3 4 5 8 7 1 9 10 11 12 0 14 15 13
151 146 5 6 2 3 4 5 8 7 1 9 10 11 12 13 14 0 15
152 147 5 6 2 3 0 5 8 7 1 9 10 11 12 13 14 15 4
153 148 5 6 2 3 1 5 8 7 0 9 10 11 12 13 14 15 4
155 149 6 6 2 3 1 5 8 0 7 9 10 11 12 13 14 15 4
156 150 6 6 2 3 1 5 0 8 7 9 10 11 12 13 14 15 4
155 149 6 6 2 3 1 5 8 7 12 9 10 11 0 13 14 15 4
155 150 5 6 2 3 1 5 8 7 12 9 10 11 4 13 14 15 0
159 153 6 0 2 3 1 5 8 7 12 9 10 11 4 13 14 15 6
160 155 5 1 2 3 0 5 8 7 12 9 10 11 4 13 14 15 6
161 157 4 1 2 3 6 5 8 7 12 9 10 11 4 13 14 15 0
163 158 5 1 2 3 6 5 8 7 12 9 10 11 0 13 14 15 4
163 159 4 1 2 3 6 5 8 7 0 9 10 11 12 13 14 15 4
164 160 4 1 2 3 0 5 8 7 6 9 10 11 12 13 14 15 4
164 162 2 1 2 3 4 5 8 7 6 9 10 11 12 13 14 15 0
169 165 4 1 2 3 4 5 8 7 6 9 10 0 12 13 14 15 11
169 165 4 0 2 3 4 5 8 7 6 9 10 11 12 13 14 15 1
172 168 4 8 2 3 4 5 0 7 6 9 10 11 12 13 14 15 1
168 164 4 1 2 3 4 5 8 7 6 9 10 11 12 0 14 15 13
167 163 4 1 2 3 4 5 8 7 6 9 10 11 12 13 14 0 15
167 163 4 1 2 3 4 5 8 7 6 9 10 11 0 13 14 15 12
168 164 4 1 2 3 4 5 8 7 0 9 10 11 6 13 14 15 12
170 165 5 1 2 3 4 5 8 0 7 9 10 11 6 13 14 15 12
171 166 5 1 2 3 4 5 0 8 7 9 10 11 6 13 14 15 12
170 165 5 1 2 3 0 5 8 7 4 9 10 11 6 13 14 15 12
171 167 4 1 2 3 12 5 8 7 4 9 10 11 6 13 14 15 0
173 168 5 1 2 3 12 5 8 7 4 9 10 11 0 13 14 15 6
170 165 5 1 2 3 4 5 8 7 6 9 10 11 12 14 0 15 13
169 164 5 1 2 3 4 5 8 7 6 9 10 0 11 13 14 15 12
169 164 5 1 2 3 4 5 8 7 6 9 10 11 12 13 0 14 15
167 162 5 0 2 3 1 5 8 7 6 9 10 11 12 13 14 15 4
169 165 4 4 2 3 1 5 8 7 6 9 10 11 12 13 14 15 0
170 165 5 8 2 3 1 5 0 7 6 9 10 11 12 13 14 15 4
174 169 5 8 2 3 4 5 10 7 6 9 0 11 12 13 14 15 1
171 166 5 1 2 3 4 5 8 7 6 9 10 12 0 13 14 15 11
171 167 4 1 2 3 4 5 8 7 6 9 10 12 11 13 14 15 0
172 167 5 1 2 3 4 5 8 7 0 9 10 12 6 13 14 15 11
171 166 5 1 2 3 4 5 8 0 6 9 10 7 12 13 14 15 11
172 167 5 1 2 3 4 5 8 6 0 9 10 7 12 13 14 15 11
172 167 5 1 2 3 4 5 0 8 6 9 10 7 12 13 14 15 11
174 169 5 8 0 3 4 5 2 7 6 9 10 11 12 13 14 15 1
175 170 5 0 8 3 4 5 2 7 6 9 10 11 12 13 14 15 1
176 173 3 1 8 3 4 5 2 7 6 9 10 11 12 13 14 15 0
181 176 5 1 8 3 4 5 2 7 6 9 10 0 12 13 14 15 11
180 175 5 1 8 3 0 5 2 7 6 9 10 11 12 13 14 15 4
181 176 5 1 8 3 6 5 2 7 0 9 10 11 12 13 14 15 4
174 169 5 8 2 3 4 5 7 0 6 9 10 11 12 13 14 15 1
175 170 5 8 2 3 4 5 7 6 0 9 10 11 12 13 14 15 1
172 167 5 1 2 3 0 5 8 7 6 9 10 11 12 4 14 15 13
173 169 4 1 2 3 13 5 8 7 6 9 10 11 12 4 14 15 0
173 168 5 1 2 3 6 5 8 7 0 9 10 11 12 4 14 15 13
165 160 5 1 2 3 6 5 8 0 7 9 10 11 12 13 14 15 4
166 161 5 1 2 3 6 5 0 8 7 9 10 11 12 13 14 15 4
169 164 5 1 2 3 4 5 8 7 6 9 10 0 12 13 14 11 15
171 166 5 1 2 3 4 5 8 7 6 9 0 10 12 13 14 15 11
172 167 5 1 2 3 4 5 0 7 6 9 8 10 12 13 14 15 11
172 167 5 4 2 3 0 5 8 7 6 9 10 11 12 13 14 15 1
173 168 5 4 2 3 6 5 8 7 0 9 10 11 12 13 14 15 1
166 161 5 1 2 0 3 5 8 7 6 9 10 11 12 13 14 15 4
171 166 5 2 0 3 4 5 8 7 6 9 10 11 12 13 14 15 1
171 166 5 5 2 3 4 0 8 7 6 9 10 11 12 13 14 15 1
172 167 5 5 2 3 4 8 0 7 6 9 10 11 12 13 14 15 1
171 166 5 1 2 3 4 5 8 7 6 9 10 15 12 13 14 0 11
171 167 4 1 2 3 4 5 8 7 6 9 10 15 12 13 14 11 0
174 169 5 8 2 3 4 0 5 7 6 9 10 11 12 13 14 15 1
179 174 5 1 8 3 4 5 2 7 6 9 10 11 12 13 14 0 15
172 167 5 13 2 3 4 5 8 7 6 9 10 11 12 0 14 15 1
173 169 4 13 2 3 4 5 8 7 6 9 10 11 12 1 14 15 0
179 174 5 1 8 3 4 5 2 7 6 9 10 11 0 13 14 15 12
180 175 5 1 8 3 4 5 2 7 0 9 10 11 6 13 14 15 12
172 167 5 2 8 3 4 5 0 7 6 9 10 11 12 13 14 15 1
168 163 5 1 2 3 13 5 8 7 6 9 10 11 12 0 14 15 4
171 166 5 0 2 3 4 5 8 7 6 9 10 11 12 1 14 15 13
174 169 5 8 2 3 4 5 0 7 6 9 10 11 12 1 14 15 13
161 156 5 1 2 3 12 5 8 7 0 9 10 11 4 13 14 15 6
170 165 5 1 2 3 4 5 8 7 6 0 10 11 12 9 14 15 13
180 175 5 1 8 3 4 5 2 7 6 9 10 11 12 0 14 15 13
172 167 5 1 2 3 4 5 8 7 6 9 0 11 12 10 14 15 13
173 168 5 1 2 3 4 5 0 7 6 9 8 11 12 10 14 15 13
168 163 5 1 2 3 7 5 8 0 6 9 10 11 12 13 14 15 4
169 164 5 1 2 3 7 5 8 6 0 9 10 11 12 13 14 15 4
170 165 5 1 2 3 0 5 8 6 7 9 10 11 12 13 14 15 4
170 167 3 1 2 3 4 5 8 6 7 9 10 11 12 13 14 15 0
175 170 5 1 2 3 4 5 8 6 7 9 10 0 12 13 14 15 11
176 171 5 1 2 3 4 5 8 0 7 9 10 6 12 13 14 15 11
176 172 4 1 2 3 4 5 8 7 0 9 10 6 12 13 14 15 11
178 173 5 1 2 3 4 5 8 7 12 9 10 6 0 13 14 15 11
178 174 4 1 2 3 4 5 8 7 12 9 10 6 11 13 14 15 0
182 177 5 1 2 3 4 5 8 7 12 9 10 0 11 13 14 15 6
182 178 4 1 2 3 4 5 8 7 12 9 10 11 0 13 14 15 6
182 179 3 1 2 3 4 5 8 7 12 9 10 11 6 13 14 15 0
182 179 3 1 2 3 4 5 8 7 0 9 10 11 12 13 14 15 6
184 180 4 1 2 3 4 5 8 0 7 9 10 11 12 13 14 15 6
185 181 4 1 2 3 4 5 0 8 7 9 10 11 12 13 14 15 6
184 180 4 1 2 3 0 5 8 7 4 9 10 11 12 13 14 15 6
185 182 3 1 2 3 6 5 8 7 4 9 10 11 12 13 14 15 0
190 185 5 1 2 3 6 5 8 7 4 9 10 0 12 13 14 15 11
186 181 5 1 2 3 4 5 8 11 7 9 10 0 12 13 14 15 6
190 185 5 0 2 3 6 5 8 7 4 9 10 11 12 13 14 15 1
193 188 5 8 2 3 6 5 0 7 4 9 10 11 12 13 14 15 1
189 184 5 1 2 3 6 5 8 7 4 9 10 11 12 0 14 15 13
192 187 5 1 2 3 0 5 8 7 4 9 10 11 12 6 14 15 13
193 189 4 1 2 3 13 5 8 7 4 9 10 11 12 6 14 15 0
192 188 4 1 2 3 4 5 8 7 0 9 10 11 12 6 14 15 13
194 189 5 1 2 3 4 5 8 0 7 9 10 11 12 6 14 15 13
195 190 5 1 2 3 4 5 0 8 7 9 10 11 12 6 14 15 13
185 180 5 1 2 3 4 5 8 7 12 9 10 11 6 13 14 0 15
179 174 5 1 2 3 4 5 8 7 12 9 10 0 6 13 14 15 11
177 172 5 1 2 3 4 5 0 8 7 9 10 6 12 13 14 15 11
178 173 5 1 2 3 0 5 8 7 4 9 10 6 12 13 14 15 11
179 175 4 1 2 3 11 5 8 7 4 9 10 6 12 13 14 15 0
183 178 5 1 2 3 11 5 8 7 4 9 10 0 12 13 14 15 6
169 164 5 1 2 3 7 5 0 8 6 9 10 11 12 13 14 15 4
187 182 5 0 2 3 4 5 8 7 12 9 10 11 6 13 14 15 1
190 185 5 8 2 3 4 5 0 7 12 9 10 11 6 13 14 15 1
175 170 5 0 2 3 4 5 8 6 7 9 10 11 12 13 14 15 1
178 173 5 8 2 3 4 5 0 6 7 9 10 11 12 13 14 15 1
178 174 4 8 2 3 4 5 6 0 7 9 10 11 12 13 14 15 1
178 175 3 8 2 3 4 5 6 7 0 9 10 11 12 13 14 15 1
180 176 4 8 2 3 4 5 6 7 12 9 10 11 0 13 14 15 1
180 177 3 8 2 3 4 5 6 7 12 9 10 11 1 13 14 15 0
184 180 4 0 2 3 4 5 6 7 12 9 10 11 1 13 14 15 8
180 176 4 8 2 3 0 5 6 7 4 9 10 11 12 13 14 15 1
181 178 3 8 2 3 1 5 6 7 4 9 10 11 12 13 14 15 0
185 181 4 0 2 3 1 5 6 7 4 9 10 11 12 13 14 15 8
186 183 3 1 2 3 0 5 6 7 4 9 10 11 12 13 14 15 8
187 185 2 1 2 3 8 5 6 7 4 9 10 11 12 13 14 15 0
186 184 2 1 2 3 4 5 6 7 0 9 10 11 12 13 14 15 8
188 185 3 1 2 3 4 5 6 0 7 9 10 11 12 13 14 15 8
188 185 3 1 2 3 4 5 6 7 12 9 10 11 0 13 14 15 8
188 186 2 1 2 3 4 5 6 7 12 9 10 11 8 13 14 15 0
193 189 4 1 2 3 4 5 6 7 12 9 10 0 8 13 14 15 11
194 190 4 1 2 3 4 5 6 7 12 9 10 8 0 13 14 15 11
194 191 3 1 2 3 4 5 6 7 12 9 10 8 11 13 14 15 0
194 191 3 1 2 3 4 5 6 7 0 9 10 8 12 13 14 15 11
196 192 4 1 2 3 4 5 6 0 7 9 10 8 12 13 14 15 11
197 193 4 1 2 3 4 5 6 8 7 9 10 0 12 13 14 15 11
196 192 4 1 2 3 0 5 6 7 4 9 10 8 12 13 14 15 11
197 194 3 1 2 3 11 5 6 7 4 9 10 8 12 13 14 15 0
201 197 4 1 2 3 11 5 6 7 4 9 10 0 12 13 14 15 8
193 189 4 0 2 3 4 5 6 7 12 9 10 11 8 13 14 15 1
192 188 4 1 2 3 0 5 6 7 12 9 10 11 8 13 14 15 4
193 189 4 1 2 3 12 5 6 7 0 9 10 11 8 13 14 15 4
193 190 3 1 2 3 12 5 6 7 8 9 10 11 0 13 14 15 4
193 191 2 1 2 3 12 5 6 7 8 9 10 11 4 13 14 15 0
196 193 3 1 2 3 0 5 6 7 8 9 10 11 4 13 14 15 12
200 196 4 1 2 3 7 5 6 0 8 9 10 11 4 13 14 15 12
200 196 4 1 2 3 13 5 6 7 8 9 10 11 4 0 14 15 12
201 198 3 1 2 3 13 5 6 7 8 9 10 11 4 12 14 15 0
204 200 4 1 2 3 0 5 6 7 8 9 10 11 4 12 14 15 13
203 199 4 1 2 3 13 5 6 7 8 9 10 11 0 12 14 15 4
188 184 4 1 2 0 3 5 6 7 4 9 10 11 12 13 14 15 8
197 193 4 1 2 3 12 5 6 7 8 9 10 11 4 0 14 15 13
190 186 4 1 2 3 8 5 6 7 4 9 10 11 0 13 14 15 12
191 187 4 1 2 3 4 5 6 7 12 9 10 11 8 13 14 0 15
192 188 4 1 2 3 8 5 6 7 4 9 10 0 12 13 14 15 11
192 188 4 1 2 3 4 5 6 7 12 9 10 11 8 0 14 15 13
196 192 4 1 2 3 12 5 6 7 8 9 10 11 4 13 14 0 15
195 191 4 1 2 3 12 5 6 7 8 9 10 0 11 13 14 15 4
190 186 4 1 2 3 4 5 6 11 7 9 10 0 12 13 14 15 8
190 186 4 1 2 3 4 5 6 7 12 9 10 0 11 13 14 15 8
190 186 4 1 2 3 7 5 6 0 4 9 10 11 12 13 14 15 8
191 187 4 1 2 3 7 5 6 4 0 9 10 11 12 13 14 15 8
192 188 4 1 2 3 0 5 6 4 7 9 10 11 12 13 14 15 8
193 190 3 1 2 3 8 5 6 4 7 9 10 11 12 13 14 15 0
190 186 4 1 2 3 8 5 6 7 4 9 10 11 12 13 14 0 15
190 186 4 1 2 3 13 5 6 7 4 9 10 11 12 0 14 15 8
191 188 3 1 2 3 13 5 6 7 4 9 10 11 12 8 14 15 0
194 190 4 1 2 3 0 5 6 7 4 9 10 11 12 8 14 15 13
194 191 3 1 2 3 4 5 6 7 0 9 10 11 12 8 14 15 13
196 192 4 1 2 3 4 5 6 0 7 9 10 11 12 8 14 15 13
196 192 4 1 2 3 4 5 6 7 12 9 10 11 0 8 14 15 13
196 193 3 1 2 3 4 5 6 7 12 9 10 11 13 8 14 15 0
199 195 4 1 2 3 4 5 6 7 12 9 10 11 13 0 14 15 8
182 178 4 0 2 3 8 5 6 7 4 9 10 11 12 13 14 15 1
198 194 4 0 2 3 12 5 6 7 8 9 10 11 4 13 14 15 1
200 196 4 12 2 3 0 5 6 7 8 9 10 11 4 13 14 15 1
201 198 3 12 2 3 1 5 6 7 8 9 10 11 4 13 14 15 0
203 199 4 12 2 3 1 5 6 7 8 9 10 11 0 13 14 15 4
190 186 4 1 2 3 4 5 0 6 7 9 10 11 12 13 14 15 8
191 187 4 1 2 3 8 5 6 7 0 9 10 11 4 13 14 15 12
191 187 4 1 2 3 8 5 6 7 4 9 10 11 12 0 14 15 13
198 194 4 1 2 0 3 5 6 7 8 9 10 11 4 13 14 15 12
198 194 4 1 2 3 12 5 6 7 8 9 10 0 4 13 14 15 11
199 195 4 1 2 3 12 5 6 7 8 9 10 4 0 13 14 15 11
199 196 3 1 2 3 12 5 6 7 8 9 10 4 11 13 14 15 0
202 198 4 1 2 3 0 5 6 7 8 9 10 4 11 13 14 15 12
190 186 4 1 2 0 4 5 6 3 7 9 10 11 12 13 14 15 8
199 195 4 0 2 3 1 5 6 7 8 9 10 11 4 13 14 15 12
203 198 5 6 2 3 1 5 0 7 8 9 10 11 4 13 14 15 12
186 181 5 1 2 3 0 5 8 7 12 9 10 11 6 13 14 15 4
187 182 5 1 2 3 12 5 8 7 0 9 10 11 6 13 14 15 4
188 183 5 1 2 3 12 5 8 7 6 9 10 11 0 13 14 15 4
188 184 4 1 2 3 12 5 8 7 6 9 10 11 4 13 14 15 0
191 186 5 1 2 3 0 5 8 7 6 9 10 11 4 13 14 15 12
192 187 5 1 2 3 6 5 8 7 0 9 10 11 4 13 14 15 12
188 183 5 1 2 3 7 5 8 0 4 9 10 11 12 13 14 15 6
189 184 5 1 2 3 7 5 8 4 0 9 10 11 12 13 14 15 6
190 185 5 1 2 3 0 5 8 4 7 9 10 11 12 13 14 15 6
191 187 4 1 2 3 6 5 8 4 7 9 10 11 12 13 14 15 0
189 184 5 1 2 3 7 5 0 8 4 9 10 11 12 13 14 15 6
194 189 5 1 2 3 4 5 8 7 12 9 10 11 0 6 14 15 13
194 190 4 1 2 3 4 5 8 7 12 9 10 11 13 6 14 15 0
197 192 5 1 2 3 4 5 8 7 12 9 10 11 13 0 14 15 6
174 169 5 1 2 3 4 5 8 6 7 9 10 11 12 0 14 15 13
186 181 5 1 2 0 4 5 8 3 7 9 10 11 12 13 14 15 6
180 175 5 8 2 0 4 5 6 3 7 9 10 11 12 13 14 15 1
186 181 5 1 2 3 4 5 8 7 12 9 10 11 6 0 14 15 13
173 168 5 1 2 3 4 5 8 6 7 9 10 11 0 13 14 15 12
174 169 5 1 2 3 4 5 8 6 0 9 10 11 7 13 14 15 12
175 170 5 1 2 3 4 5 8 0 6 9 10 11 7 13 14 15 12
176 171 5 1 2 3 4 5 0 8 6 9 10 11 7 13 14 15 12
187 182 5 1 2 3 4 5 10 8 7 9 0 11 12 13 14 15 6
173 168 5 1 2 3 4 5 8 6 7 9 10 11 12 13 14 0 15
187 182 5 1 2 3 4 0 5 8 7 9 10 11 12 13 14 15 6
186 181 5 5 2 3 4 0 6 7 12 9 10 11 1 13 14 15 8
188 183 5 1 2 3 13 5 8 7 4 9 10 11 12 0 14 15 6
182 177 5 8 2 3 4 5 6 7 12 9 10 0 11 13 14 15 1
187 182 5 1 0 3 4 5 2 8 7 9 10 11 12 13 14 15 6
180 175 5 8 2 3 4 5 6 11 7 9 10 0 12 13 14 15 1
183 178 5 8 2 3 4 5 6 7 12 9 10 11 1 13 14 0 15
185 180 5 8 2 3 4 5 6 7 12 9 10 0 1 13 14 15 11
186 181 5 8 2 3 4 5 6 7 12 9 10 1 0 13 14 15 11
186 182 4 8 2 3 4 5 6 7 12 9 10 1 11 13 14 15 0
186 182 4 8 2 3 4 5 6 7 0 9 10 1 12 13 14 15 11
188 183 5 8 2 3 4 5 6 0 7 9 10 1 12 13 14 15 11
189 184 5 8 2 3 4 5 6 1 7 9 10 0 12 13 14 15 11
188 183 5 8 2 3 0 5 6 7 4 9 10 1 12 13 14 15 11
189 185 4 8 2 3 11 5 6 7 4 9 10 1 12 13 14 15 0
193 188 5 8 2 3 11 5 6 7 4 9 10 0 12 13 14 15 1
193 188 5 0 2 3 11 5 6 7 4 9 10 1 12 13 14 15 8
195 190 5 11 2 3 0 5 6 7 4 9 10 1 12 13 14 15 8
196 192 4 11 2 3 8 5 6 7 4 9 10 1 12 13 14 15 0
195 191 4 11 2 3 4 5 6 7 0 9 10 1 12 13 14 15 8
197 192 5 11 2 3 4 5 6 0 7 9 10 1 12 13 14 15 8
198 193 5 11 2 3 4 5 6 1 7 9 10 0 12 13 14 15 8
197 192 5 11 2 3 4 5 6 7 12 9 10 1 0 13 14 15 8
197 193 4 11 2 3 4 5 6 7 12 9 10 1 8 13 14 15 0
201 196 5 11 2 3 4 5 6 7 12 9 10 0 8 13 14 15 1
202 197 5 11 2 3 4 5 6 7 12 9 10 8 0 13 14 15 1
202 198 4 11 2 3 4 5 6 7 12 9 10 8 1 13 14 15 0
202 198 4 11 2 3 4 5 6 7 0 9 10 8 12 13 14 15 1
204 199 5 11 2 3 4 5 6 0 7 9 10 8 12 13 14 15 1
205 200 5 11 2 3 4 5 6 8 7 9 10 0 12 13 14 15 1
204 199 5 11 2 3 0 5 6 7 4 9 10 8 12 13 14 15 1
205 201 4 11 2 3 1 5 6 7 4 9 10 8 12 13 14 15 0
209 204 5 11 2 3 1 5 6 7 4 9 10 0 12 13 14 15 8
206 201 5 0 2 3 4 5 6 7 12 9 10 8 1 13 14 15 11
201 196 5 0 2 3 4 5 6 7 12 9 10 1 8 13 14 15 11
198 193 5 11 2 3 4 5 6 7 12 9 10 0 1 13 14 15 8
200 195 5 11 2 3 8 5 6 7 4 9 10 0 12 13 14 15 1
184 179 5 8 2 3 0 5 6 7 12 9 10 11 1 13 14 15 4
186 181 5 0 2 3 8 5 6 7 12 9 10 11 1 13 14 15 4
188 184 4 4 2 3 8 5 6 7 12 9 10 11 1 13 14 15 0
190 185 5 4 2 3 8 5 6 7 12 9 10 11 0 13 14 15 1
190 186 4 4 2 3 8 5 6 7 0 9 10 11 12 13 14 15 1
190 187 3 4 2 3 0 5 6 7 8 9 10 11 12 13 14 15 1
191 189 2 4 2 3 1 5 6 7 8 9 10 11 12 13 14 15 0
191 189 2 0 2 3 4 5 6 7 8 9 10 11 12 13 14 15 1
192 192 0 1 2 3 4 5 6 7 8 9 10 11 12 13 14 15 0
