0 0 0 12 14 10 15 0 1 13 8 6 5 7 3 2 11 9 4
16 1 15 12 14 10 15 1 0 13 8 6 5 7 3 2 11 9 4
17 2 15 12 14 10 15 1 13 0 8 6 5 7 3 2 11 9 4
17 3 14 12 14 10 15 1 13 7 8 6 5 0 3 2 11 9 4
18 4 14 12 14 10 15 1 13 7 8 6 5 3 0 2 11 9 4
18 5 13 12 14 10 15 1 13 7 8 6 5 3 4 2 11 9 0
22 8 14 12 14 10 15 1 13 7 8 6 5 0 4 2 11 9 3
23 9 14 12 14 10 15 1 13 7 8 6 5 4 0 2 11 9 3
23 10 13 12 14 10 15 1 13 7 8 6 5 4 3 2 11 9 0
27 13 14 0 14 10 15 1 13 7 8 6 5 4 3 2 11 9 12
27 14 13 1 14 10 15 0 13 7 8 6 5 4 3 2 11 9 12
28 15 13 1 14 10 15 13 0 7 8 6 5 4 3 2 11 9 12
29 16 13 1 14 10 15 13 5 7 8 6 0 4 3 2 11 9 12
30 17 13 1 14 10 15 13 5 7 8 6 4 0 3 2 11 9 12
31 18 13 1 14 10 15 13 5 7 8 6 4 3 0 2 11 9 12
30 19 11 1 14 10 15 13 5 7 8 6 4 3 12 2 11 9 0
34 22 12 1 14 10 15 13 5 7 8 6 4 0 12 2 11 9 3
35 23 12 1 14 10 15 13 5 7 8 6 0 4 12 2 11 9 3
36 24 12 1 14 10 15 13 5 7 8 0 6 4 12 2 11 9 3
37 25 12 1 14 10 15 13 5 7 8 2 6 4 12 0 11 9 3
38 27 11 1 14 10 15 13 5 7 8 2 6 4 12 3 11 9 0
42 30 12 1 14 10 15 13 5 7 8 2 6 0 12 3 11 9 4
43 31 12 1 14 10 15 13 5 7 8 2 0 6 12 3 11 9 4
44 32 12 1 14 10 15 13 5 7 8 0 2 6 12 3 11 9 4
45 33 12 1 14 10 15 13 5 7 8 3 2 6 12 0 11 9 4
46 35 11 1 14 10 15 13 5 7 8 3 2 6 12 4 11 9 0
50 38 12 1 14 10 15 13 5 7 8 3 2 0 12 4 11 9 6
51 39 12 1 14 10 15 13 5 7 8 3 0 2 12 4 11 9 6
52 40 12 1 14 10 15 13 5 7 8 0 3 2 12 4 11 9 6
53 41 12 1 14 10 15 13 5 7 8 4 3 2 12 0 11 9 6
54 43 11 1 14 10 15 13 5 7 8 4 3 2 12 6 11 9 0
58 46 12 1 14 10 15 13 5 7 8 4 3 0 12 6 11 9 2
59 47 12 1 14 10 15 13 5 7 8 4 0 3 12 6 11 9 2
60 48 12 1 14 10 15 13 5 7 8 0 4 3 12 6 11 9 2
61 49 12 1 14 10 15 0 5 7 8 13 4 3 12 6 11 9 2
61 50 11 1 14 10 15 5 0 7 8 13 4 3 12 6 11 9 2
62 51 11 1 14 10 15 5 4 7 8 13 0 3 12 6 11 9 2
63 52 11 1 14 10 15 5 4 7 8 13 3 0 12 6 11 9 2
64 53 11 1 14 10 15 5 4 7 8 13 3 9 12 6 11 0 2
64 54 10 1 14 10 15 5 4 7 8 13 3 9 12 6 11 2 0
68 57 11 1 14 10 15 5 4 7 8 13 3 0 12 6 11 2 9
69 58 11 1 14 10 15 5 4 7 8 13 0 3 12 6 11 2 9
70 59 11 1 14 10 15 5 4 7 8 0 13 3 12 6 11 2 9
71 60 11 1 14 10 15 5 4 7 8 6 13 3 12 0 11 2 9
73 63 10 1 14 10 15 5 4 7 8 6 0 3 12 13 11 2 9
74 64 10 1 14 10 15 5 4 7 8 6 3 0 12 13 11 2 9
75 65 10 1 14 10 15 5 4 7 8 6 3 2 12 13 11 0 9
75 66 9 1 14 10 15 5 4 7 8 6 3 2 12 13 11 9 0
79 69 10 1 14 10 15 5 4 7 8 6 3 0 12 13 11 9 2
80 70 10 1 14 10 15 5 4 7 8 6 0 3 12 13 11 9 2
81 71 10 1 14 10 15 5 4 7 8 0 6 3 12 13 11 9 2
74 64 10 1 14 10 15 5 4 7 8 6 11 3 12 13 0 2 9
75 65 10 1 14 10 15 5 4 7 8 6 11 3 12 13 2 0 9
75 66 9 1 14 10 15 5 4 7 8 6 11 3 12 13 2 9 0
79 69 10 1 14 10 15 5 4 7 8 6 11 0 12 13 2 9 3
79 70 9 1 14 10 15 5 4 7 8 6 0 11 12 13 2 9 3
80 71 9 1 14 10 15 5 4 7 8 0 6 11 12 13 2 9 3
80 71 9 1 14 10 15 5 4 7 8 6 2 11 12 13 0 9 3
81 72 9 1 14 10 15 5 4 7 8 6 2 11 12 13 9 0 3
81 73 8 1 14 10 15 5 4 7 8 6 2 11 12 13 9 3 0
84 75 9 1 14 10 0 5 4 7 8 6 2 11 12 13 9 3 15
85 76 9 1 14 0 10 5 4 7 8 6 2 11 12 13 9 3 15
86 77 9 1 0 14 10 5 4 7 8 6 2 11 12 13 9 3 15
87 78 9 1 4 14 10 5 0 7 8 6 2 11 12 13 9 3 15
88 79 9 1 4 14 10 5 2 7 8 6 0 11 12 13 9 3 15
89 80 9 1 4 14 10 5 2 7 8 0 6 11 12 13 9 3 15
89 80 9 1 4 14 10 5 2 7 8 6 9 11 12 13 0 3 15
90 81 9 1 4 14 10 5 2 7 8 6 9 11 12 13 3 0 15
89 82 7 1 4 14 10 5 2 7 8 6 9 11 12 13 3 15 0
92 84 8 1 4 14 0 5 2 7 8 6 9 11 12 13 3 15 10
93 85 8 1 4 0 14 5 2 7 8 6 9 11 12 13 3 15 10
94 86 8 1 0 4 14 5 2 7 8 6 9 11 12 13 3 15 10
94 87 7 1 2 4 14 5 0 7 8 6 9 11 12 13 3 15 10
95 88 7 1 2 4 14 5 9 7 8 6 0 11 12 13 3 15 10
96 89 7 1 2 4 14 5 9 7 8 0 6 11 12 13 3 15 10
96 89 7 1 2 4 14 5 9 7 8 6 3 11 12 13 0 15 10
98 90 8 1 2 4 14 5 9 7 8 6 3 11 12 13 15 0 10
98 91 7 1 2 4 14 5 9 7 8 6 3 11 12 13 15 10 0
101 93 8 1 2 4 0 5 9 7 8 6 3 11 12 13 15 10 14
101 94 7 1 2 0 4 5 9 7 8 6 3 11 12 13 15 10 14
103 95 8 1 0 2 4 5 9 7 8 6 3 11 12 13 15 10 14
104 96 8 1 9 2 4 5 0 7 8 6 3 11 12 13 15 10 14
105 97 8 1 9 2 4 5 3 7 8 6 0 11 12 13 15 10 14
106 98 8 1 9 2 4 5 3 7 8 0 6 11 12 13 15 10 14
106 98 8 1 9 2 4 5 3 7 8 6 15 11 12 13 0 10 14
107 99 8 1 9 2 4 5 3 7 8 6 15 11 12 13 10 0 14
107 100 7 1 9 2 4 5 3 7 8 6 15 11 12 13 10 14 0
103 95 8 1 2 7 4 5 9 0 8 6 3 11 12 13 15 10 14
104 96 8 1 2 7 4 5 0 9 8 6 3 11 12 13 15 10 14
105 97 8 1 2 7 4 5 3 9 8 6 0 11 12 13 15 10 14
106 98 8 1 2 7 4 5 3 9 8 0 6 11 12 13 15 10 14
97 89 8 1 2 4 14 5 9 7 8 6 11 0 12 13 3 15 10
96 88 8 1 2 4 14 0 5 7 8 6 9 11 12 13 3 15 10
97 89 8 1 2 4 14 6 5 7 8 0 9 11 12 13 3 15 10
97 90 7 1 2 4 14 6 5 7 8 9 0 11 12 13 3 15 10
98 91 7 1 2 4 14 6 5 7 8 9 3 11 12 13 0 15 10
98 91 7 1 2 4 14 6 0 7 8 9 5 11 12 13 3 15 10
98 92 6 1 2 4 14 0 6 7 8 9 5 11 12 13 3 15 10
100 93 7 1 2 4 14 9 6 7 8 0 5 11 12 13 3 15 10
101 94 7 1 2 4 14 9 6 7 8 5 0 11 12 13 3 15 10
102 95 7 1 2 4 14 9 6 7 8 5 3 11 12 13 0 15 10
104 96 8 1 2 4 14 9 6 7 8 5 3 11 12 13 15 0 10
104 97 7 1 2 4 14 9 6 7 8 5 3 11 12 13 15 10 0
107 99 8 1 2 4 0 9 6 7 8 5 3 11 12 13 15 10 14
107 100 7 1 2 0 4 9 6 7 8 5 3 11 12 13 15 10 14
109 101 8 1 0 2 4 9 6 7 8 5 3 11 12 13 15 10 14
109 101 8 1 2 7 4 9 6 0 8 5 3 11 12 13 15 10 14
104 96 8 1 2 4 14 9 6 7 8 5 3 11 12 0 13 15 10
105 98 7 1 2 4 14 9 6 7 8 5 3 11 12 10 13 15 0
108 100 8 1 2 4 0 9 6 7 8 5 3 11 12 10 13 15 14
108 101 7 1 2 0 4 9 6 7 8 5 3 11 12 10 13 15 14
110 102 8 1 0 2 4 9 6 7 8 5 3 11 12 10 13 15 14
110 102 8 1 2 7 4 9 6 0 8 5 3 11 12 10 13 15 14
100 92 8 1 2 4 14 6 7 0 8 9 5 11 12 13 3 15 10
101 93 8 1 2 0 14 6 7 4 8 9 5 11 12 13 3 15 10
102 94 8 1 2 14 0 6 7 4 8 9 5 11 12 13 3 15 10
104 97 7 1 2 14 4 6 7 0 8 9 5 11 12 13 3 15 10
104 98 6 1 2 14 4 6 0 7 8 9 5 11 12 13 3 15 10
104 99 5 1 2 14 4 0 6 7 8 9 5 11 12 13 3 15 10
106 100 6 1 2 14 4 9 6 7 8 0 5 11 12 13 3 15 10
107 101 6 1 2 14 4 9 6 7 8 5 0 11 12 13 3 15 10
108 102 6 1 2 14 4 9 6 7 8 5 3 11 12 13 0 15 10
105 99 6 1 2 14 4 6 5 7 8 9 0 11 12 13 3 15 10
106 100 6 1 2 14 4 6 5 7 8 9 3 11 12 13 0 15 10
108 101 7 1 2 14 4 6 5 7 8 9 3 11 12 13 15 0 10
108 102 6 1 2 14 4 6 5 7 8 9 3 11 12 13 15 10 0
108 101 7 1 2 14 4 6 5 7 8 9 3 11 12 0 13 15 10
109 103 6 1 2 14 4 6 5 7 8 9 3 11 12 10 13 15 0
111 104 7 1 2 14 4 6 5 7 8 9 0 11 12 3 13 15 10
112 105 7 1 2 14 4 6 5 7 8 9 13 11 12 3 0 15 10
113 106 7 1 2 14 4 6 5 7 8 9 13 11 12 0 3 15 10
114 108 6 1 2 14 4 6 5 7 8 9 13 11 12 10 3 15 0
112 105 7 1 2 14 4 6 0 7 8 9 5 11 12 3 13 15 10
112 106 6 1 2 14 4 0 6 7 8 9 5 11 12 3 13 15 10
114 107 7 1 2 14 4 9 6 7 8 0 5 11 12 3 13 15 10
115 108 7 1 2 14 4 9 6 7 8 5 0 11 12 3 13 15 10
116 109 7 1 2 14 4 9 6 7 8 5 13 11 12 3 0 15 10
117 110 7 1 2 14 4 9 6 7 8 5 13 11 12 0 3 15 10
118 112 6 1 2 14 4 9 6 7 8 5 13 11 12 10 3 15 0
118 111 7 1 2 14 4 9 6 7 8 0 13 11 12 5 3 15 10
118 112 6 1 2 14 4 0 6 7 8 9 13 11 12 5 3 15 10
120 113 7 1 2 14 4 6 0 7 8 9 13 11 12 5 3 15 10
121 114 7 1 2 14 4 6 13 7 8 9 0 11 12 5 3 15 10
122 115 7 1 2 14 4 6 13 7 8 9 3 11 12 5 0 15 10
123 116 7 1 2 14 4 6 13 7 8 9 3 11 12 0 5 15 10
124 118 6 1 2 14 4 6 13 7 8 9 3 11 12 10 5 15 0
126 119 7 1 2 14 4 6 13 7 8 9 0 11 12 3 5 15 10
127 120 7 1 2 14 4 6 13 7 8 9 5 11 12 3 0 15 10
128 121 7 1 2 14 4 6 13 7 8 9 5 11 12 0 3 15 10
129 123 6 1 2 14 4 6 13 7 8 9 5 11 12 10 3 15 0
127 120 7 1 2 14 4 6 0 7 8 9 13 11 12 3 5 15 10
127 121 6 1 2 14 4 0 6 7 8 9 13 11 12 3 5 15 10
129 122 7 1 2 14 4 9 6 7 8 0 13 11 12 3 5 15 10
130 123 7 1 2 14 4 9 6 7 8 13 0 11 12 3 5 15 10
131 124 7 1 2 14 4 9 6 7 8 13 5 11 12 3 0 15 10
130 123 7 1 2 14 4 9 6 7 8 3 13 11 12 0 5 15 10
132 126 6 1 2 14 4 9 6 7 8 3 0 11 12 13 5 15 10
133 127 6 1 2 14 4 9 6 7 8 0 3 11 12 13 5 15 10
133 128 5 1 2 14 4 0 6 7 8 9 3 11 12 13 5 15 10
135 129 6 1 2 14 4 6 0 7 8 9 3 11 12 13 5 15 10
136 130 6 1 2 14 4 6 3 7 8 9 0 11 12 13 5 15 10
137 131 6 1 2 14 4 6 3 7 8 9 5 11 12 13 0 15 10
133 127 6 1 2 14 4 9 6 7 8 3 5 11 12 13 0 15 10
131 125 6 1 2 14 4 9 6 7 8 3 13 11 12 10 5 15 0
135 128 7 1 2 14 4 9 6 7 8 3 5 11 12 13 15 0 10
135 129 6 1 2 14 4 9 6 7 8 3 5 11 12 13 15 10 0
139 132 7 1 2 14 4 6 3 7 8 9 5 11 12 13 15 0 10
139 133 6 1 2 14 4 6 3 7 8 9 5 11 12 13 15 10 0
139 132 7 1 2 14 4 6 3 7 8 9 5 11 12 0 13 15 10
140 134 6 1 2 14 4 6 3 7 8 9 5 11 12 10 13 15 0
142 135 7 1 2 14 4 6 3 7 8 9 0 11 12 5 13 15 10
143 136 7 1 2 14 4 6 3 7 8 9 13 11 12 5 0 15 10
144 137 7 1 2 14 4 6 3 7 8 9 13 11 12 0 5 15 10
145 139 6 1 2 14 4 6 3 7 8 9 13 11 12 10 5 15 0
143 136 7 1 2 14 4 6 0 7 8 9 3 11 12 5 13 15 10
143 137 6 1 2 14 4 0 6 7 8 9 3 11 12 5 13 15 10
145 138 7 1 2 14 4 9 6 7 8 0 3 11 12 5 13 15 10
146 139 7 1 2 14 4 9 6 7 8 3 0 11 12 5 13 15 10
138 131 7 1 2 14 4 6 3 7 8 0 9 11 12 13 5 15 10
139 132 7 1 2 14 4 0 3 7 8 6 9 11 12 13 5 15 10
140 133 7 1 2 14 4 3 0 7 8 6 9 11 12 13 5 15 10
141 134 7 1 2 14 4 3 9 7 8 6 0 11 12 13 5 15 10
142 135 7 1 2 14 4 3 9 7 8 0 6 11 12 13 5 15 10
143 136 7 1 2 14 4 0 9 7 8 3 6 11 12 13 5 15 10
142 135 7 1 2 14 4 3 9 7 8 6 5 11 12 13 0 15 10
119 112 7 1 2 14 4 9 6 7 8 13 0 11 12 5 3 15 10
120 113 7 1 2 14 4 9 6 7 8 13 3 11 12 5 0 15 10
134 127 7 1 2 14 4 9 0 7 8 3 6 11 12 13 5 15 10
115 108 7 1 2 14 4 9 6 7 8 3 5 11 12 0 13 15 10
116 110 6 1 2 14 4 9 6 7 8 3 5 11 12 10 13 15 0
131 124 7 1 2 14 4 9 6 7 8 3 13 11 12 5 0 15 10
109 102 7 1 2 14 4 9 0 7 8 5 6 11 12 13 3 15 10
110 103 7 1 2 14 4 0 9 7 8 5 6 11 12 13 3 15 10
110 104 6 1 2 14 4 5 9 7 8 0 6 11 12 13 3 15 10
111 105 6 1 2 14 4 5 9 7 8 6 0 11 12 13 3 15 10
112 106 6 1 2 14 4 5 9 7 8 6 3 11 12 13 0 15 10
112 106 6 1 2 14 4 5 0 7 8 6 9 11 12 13 3 15 10
114 107 7 1 2 14 4 5 7 0 8 6 9 11 12 13 3 15 10
115 108 7 1 2 0 4 5 7 14 8 6 9 11 12 13 3 15 10
112 105 7 1 2 14 4 5 9 7 8 13 6 11 12 0 3 15 10
113 107 6 1 2 14 4 5 9 7 8 13 6 11 12 10 3 15 0
115 108 7 1 2 14 4 5 9 7 8 13 0 11 12 6 3 15 10
116 109 7 1 2 14 4 5 9 7 8 0 13 11 12 6 3 15 10
117 110 7 1 2 14 4 5 9 7 8 6 13 11 12 0 3 15 10
118 112 6 1 2 14 4 5 9 7 8 6 13 11 12 10 3 15 0
118 111 7 1 2 14 4 5 9 7 8 6 13 11 12 3 0 15 10
119 112 7 1 2 14 4 5 9 7 8 6 0 11 12 3 13 15 10
120 113 7 1 2 14 4 5 9 7 8 0 6 11 12 3 13 15 10
121 114 7 1 2 14 4 5 9 7 8 3 6 11 12 0 13 15 10
122 116 6 1 2 14 4 5 9 7 8 3 6 11 12 10 13 15 0
121 115 6 1 2 14 4 5 9 7 8 3 6 11 12 13 0 15 10
122 116 6 1 2 14 4 5 9 7 8 3 0 11 12 13 6 15 10
123 117 6 1 2 14 4 5 9 7 8 0 3 11 12 13 6 15 10
123 117 6 1 2 14 4 5 0 7 8 3 9 11 12 13 6 15 10
125 118 7 1 2 14 4 5 7 0 8 3 9 11 12 13 6 15 10
126 119 7 1 2 0 4 5 7 14 8 3 9 11 12 13 6 15 10
123 116 7 1 2 14 4 5 9 7 8 3 6 11 12 13 15 0 10
123 117 6 1 2 14 4 5 9 7 8 3 6 11 12 13 15 10 0
125 118 7 1 2 14 4 0 5 7 8 3 9 11 12 13 6 15 10
126 119 7 1 2 14 4 3 5 7 8 0 9 11 12 13 6 15 10
126 120 6 1 2 14 4 3 5 7 8 9 0 11 12 13 6 15 10
127 121 6 1 2 14 4 3 5 7 8 9 6 11 12 13 0 15 10
127 121 6 1 2 14 4 3 0 7 8 9 5 11 12 13 6 15 10
128 122 6 1 2 14 4 0 3 7 8 9 5 11 12 13 6 15 10
130 123 7 1 2 14 4 9 3 7 8 0 5 11 12 13 6 15 10
131 124 7 1 2 14 4 9 3 7 8 5 0 11 12 13 6 15 10
132 125 7 1 2 14 4 9 3 7 8 5 6 11 12 13 0 15 10
132 125 7 1 2 14 4 9 0 7 8 5 3 11 12 13 6 15 10
114 107 7 1 2 14 4 5 9 7 8 6 3 11 12 13 15 0 10
114 108 6 1 2 14 4 5 9 7 8 6 3 11 12 13 15 10 0
113 106 7 1 2 14 4 5 9 7 8 13 6 11 12 3 0 15 10
114 107 7 1 2 14 4 5 9 7 8 13 0 11 12 3 6 15 10
115 108 7 1 2 14 4 5 9 7 8 0 13 11 12 3 6 15 10
116 109 7 1 2 14 4 5 9 7 8 3 13 11 12 0 6 15 10
117 111 6 1 2 14 4 5 9 7 8 3 13 11 12 10 6 15 0
117 110 7 1 2 14 4 5 9 7 8 3 13 11 12 6 0 15 10
118 111 7 1 2 14 4 5 9 7 8 3 0 11 12 6 13 15 10
119 112 7 1 2 14 4 5 9 7 8 0 3 11 12 6 13 15 10
119 112 7 1 2 14 4 5 0 7 8 3 9 11 12 6 13 15 10
125 118 7 1 2 14 4 0 9 7 8 5 3 11 12 13 6 15 10
114 107 7 1 2 14 4 5 9 7 8 6 3 11 12 0 13 15 10
115 109 6 1 2 14 4 5 9 7 8 6 3 11 12 10 13 15 0
138 131 7 1 2 14 4 6 3 7 8 9 11 0 12 13 5 15 10
125 118 7 1 0 14 4 5 2 7 8 3 9 11 12 13 6 15 10
126 119 7 1 14 0 4 5 2 7 8 3 9 11 12 13 6 15 10
137 130 7 1 2 14 4 6 7 0 8 9 3 11 12 13 5 15 10
138 131 7 1 2 0 4 6 7 14 8 9 3 11 12 13 5 15 10
114 107 7 1 2 14 4 0 5 7 8 6 9 11 12 13 3 15 10
121 114 7 1 2 14 4 9 6 7 8 13 3 11 12 0 5 15 10
122 116 6 1 2 14 4 9 6 7 8 13 3 11 12 10 5 15 0
107 100 7 1 2 14 4 6 5 7 8 9 11 0 12 13 3 15 10
129 122 7 1 2 14 4 3 5 7 8 9 6 11 12 0 13 15 10
130 124 6 1 2 14 4 3 5 7 8 9 6 11 12 10 13 15 0
132 125 7 1 2 14 4 3 5 7 8 9 0 11 12 6 13 15 10
133 126 7 1 2 14 4 3 5 7 8 9 13 11 12 6 0 15 10
134 127 7 1 2 14 4 3 5 7 8 9 13 11 12 0 6 15 10
135 129 6 1 2 14 4 3 5 7 8 9 13 11 12 10 6 15 0
133 126 7 1 2 14 4 3 0 7 8 9 5 11 12 6 13 15 10
134 127 7 1 2 14 4 0 3 7 8 9 5 11 12 6 13 15 10
116 109 7 1 2 14 4 5 0 7 8 13 9 11 12 6 3 15 10
129 122 7 1 2 14 4 3 7 0 8 9 5 11 12 13 6 15 10
130 123 7 1 2 0 4 3 7 14 8 9 5 11 12 13 6 15 10
114 107 7 1 0 14 4 5 2 7 8 6 9 11 12 13 3 15 10
115 108 7 1 14 0 4 5 2 7 8 6 9 11 12 13 3 15 10
134 127 7 1 2 14 4 9 6 7 8 3 11 0 12 13 5 15 10
125 118 7 1 2 14 4 5 9 7 8 13 3 11 12 0 6 15 10
126 120 6 1 2 14 4 5 9 7 8 13 3 11 12 10 6 15 0
115 108 7 1 2 14 4 5 0 7 8 13 9 11 12 3 6 15 10
120 113 7 1 2 14 4 5 0 7 8 6 9 11 12 3 13 15 10
129 122 7 1 0 14 4 3 2 7 8 9 5 11 12 13 6 15 10
130 123 7 1 14 0 4 3 2 7 8 9 5 11 12 13 6 15 10
137 130 7 1 0 14 4 6 2 7 8 9 3 11 12 13 5 15 10
138 131 7 1 14 0 4 6 2 7 8 9 3 11 12 13 5 15 10
106 99 7 1 0 14 4 6 2 7 8 9 5 11 12 13 3 15 10
107 100 7 1 14 0 4 6 2 7 8 9 5 11 12 13 3 15 10
124 117 7 1 2 14 4 5 9 7 8 3 11 0 12 13 6 15 10
113 106 7 1 2 14 4 5 9 7 8 6 11 0 12 13 3 15 10
107 100 7 1 2 14 4 6 5 7 8 0 9 11 12 13 3 15 10
129 122 7 1 2 14 4 3 5 7 8 9 6 11 12 13 15 0 10
129 123 6 1 2 14 4 3 5 7 8 9 6 11 12 13 15 10 0
103 96 7 1 2 14 10 6 7 4 8 9 5 11 12 13 3 15 0
128 121 7 1 2 14 4 3 5 7 8 9 11 0 12 13 6 15 10
116 109 7 1 2 14 4 5 9 7 8 13 3 11 12 6 0 15 10
108 101 7 1 2 14 4 9 6 7 8 13 5 11 12 0 3 15 10
109 103 6 1 2 14 4 9 6 7 8 13 5 11 12 10 3 15 0
110 103 7 1 2 14 4 9 6 7 8 5 3 11 12 13 15 0 10
110 104 6 1 2 14 4 9 6 7 8 5 3 11 12 13 15 10 0
105 98 7 1 2 0 4 6 7 14 8 9 5 11 12 13 3 15 10
110 103 7 1 2 14 4 9 6 7 8 5 3 11 12 0 13 15 10
111 105 6 1 2 14 4 9 6 7 8 5 3 11 12 10 13 15 0
109 102 7 1 2 14 4 9 6 7 8 5 11 0 12 13 3 15 10
111 103 8 1 2 14 4 9 6 7 8 5 11 12 0 13 3 15 10
111 104 7 1 2 14 4 9 6 7 8 5 11 12 10 13 3 15 0
115 107 8 1 2 14 4 9 6 7 8 5 11 0 10 13 3 15 12
115 108 7 1 2 14 4 9 6 7 8 5 0 11 10 13 3 15 12
116 109 7 1 2 14 4 9 6 7 8 0 5 11 10 13 3 15 12
116 110 6 1 2 14 4 0 6 7 8 9 5 11 10 13 3 15 12
118 111 7 1 2 14 4 6 0 7 8 9 5 11 10 13 3 15 12
119 112 7 1 2 14 4 6 5 7 8 9 0 11 10 13 3 15 12
120 113 7 1 2 14 4 6 5 7 8 9 3 11 10 13 0 15 12
116 109 7 1 2 14 4 9 6 7 8 5 3 11 10 13 0 15 12
118 110 8 1 2 14 4 9 6 7 8 5 3 11 10 13 15 0 12
118 111 7 1 2 14 4 9 6 7 8 5 3 11 10 13 15 12 0
120 112 8 1 2 14 4 9 6 7 8 5 3 11 0 13 15 12 10
120 112 8 1 2 14 4 6 7 0 8 9 5 11 10 13 3 15 12
121 113 8 1 2 0 4 6 7 14 8 9 5 11 10 13 3 15 12
118 110 8 1 2 14 4 9 6 7 8 5 3 11 10 0 13 15 12
119 112 7 1 2 14 4 9 6 7 8 5 3 11 10 12 13 15 0
121 113 8 1 2 14 4 9 6 7 8 5 3 11 0 12 13 15 10
121 113 8 1 2 14 4 9 6 7 8 5 0 11 10 3 13 15 12
122 114 8 1 2 14 4 9 6 7 8 0 5 11 10 3 13 15 12
122 115 7 1 2 14 4 0 6 7 8 9 5 11 10 3 13 15 12
124 116 8 1 2 14 4 6 0 7 8 9 5 11 10 3 13 15 12
125 117 8 1 2 14 4 6 5 7 8 9 0 11 10 3 13 15 12
126 118 8 1 2 14 4 6 5 7 8 9 13 11 10 3 0 15 12
127 119 8 1 2 14 4 6 5 7 8 9 13 11 10 0 3 15 12
128 121 7 1 2 14 4 6 5 7 8 9 13 11 10 12 3 15 0
130 122 8 1 2 14 4 6 5 7 8 9 13 11 0 12 3 15 10
129 121 8 1 0 14 4 6 2 7 8 9 13 11 12 3 5 15 10
130 122 8 1 14 0 4 6 2 7 8 9 13 11 12 3 5 15 10
123 115 8 1 2 14 4 9 6 7 8 3 5 11 10 0 13 15 12
124 117 7 1 2 14 4 9 6 7 8 3 5 11 10 12 13 15 0
123 116 7 1 2 14 4 9 6 7 8 3 5 11 10 13 0 15 12
124 117 7 1 2 14 4 9 6 7 8 3 0 11 10 13 5 15 12
125 118 7 1 2 14 4 9 6 7 8 0 3 11 10 13 5 15 12
125 119 6 1 2 14 4 0 6 7 8 9 3 11 10 13 5 15 12
127 120 7 1 2 14 4 6 0 7 8 9 3 11 10 13 5 15 12
128 121 7 1 2 14 4 6 3 7 8 9 0 11 10 13 5 15 12
129 122 7 1 2 14 4 6 3 7 8 9 5 11 10 13 0 15 12
131 123 8 1 2 14 4 6 3 7 8 9 5 11 10 13 15 0 12
131 124 7 1 2 14 4 6 3 7 8 9 5 11 10 13 15 12 0
133 125 8 1 2 14 4 6 3 7 8 9 5 11 0 13 15 12 10
131 123 8 0 2 14 4 5 9 7 8 13 3 11 12 10 6 15 1
134 126 8 9 2 14 4 5 0 7 8 13 3 11 12 10 6 15 1
135 127 8 9 2 14 4 5 3 7 8 13 0 11 12 10 6 15 1
136 128 8 9 2 14 4 5 3 7 8 0 13 11 12 10 6 15 1
137 129 8 9 2 14 4 5 3 7 8 10 13 11 12 0 6 15 1
139 132 7 9 2 14 4 5 3 7 8 10 0 11 12 13 6 15 1
139 133 6 9 2 14 4 5 3 7 8 0 10 11 12 13 6 15 1
141 134 7 9 2 14 4 5 3 7 8 13 10 11 12 0 6 15 1
142 136 6 9 2 14 4 5 3 7 8 13 10 11 12 1 6 15 0
146 139 7 0 2 14 4 5 3 7 8 13 10 11 12 1 6 15 9
147 141 6 1 2 14 4 5 3 7 8 13 10 11 12 0 6 15 9
148 143 5 1 2 14 4 5 3 7 8 13 10 11 12 9 6 15 0
147 142 5 1 2 14 4 5 3 7 8 0 10 11 12 13 6 15 9
149 143 6 1 2 14 4 5 3 7 8 10 0 11 12 13 6 15 9
150 144 6 1 2 14 4 5 3 7 8 10 6 11 12 13 0 15 9
150 144 6 1 2 14 4 5 0 7 8 10 3 11 12 13 6 15 9
149 143 6 1 2 14 4 0 3 7 8 5 10 11 12 13 6 15 9
150 144 6 1 2 14 4 3 0 7 8 5 10 11 12 13 6 15 9
148 142 6 1 2 14 4 5 3 7 8 13 10 11 12 6 0 15 9
150 143 7 1 2 14 4 5 3 7 8 13 10 11 12 6 15 0 9
150 144 6 1 2 14 4 5 3 7 8 13 10 11 12 6 15 9 0
153 146 7 1 2 14 4 5 3 7 8 13 10 11 12 0 15 9 6
153 147 6 1 2 14 4 5 3 7 8 0 10 11 12 13 15 9 6
155 148 7 1 2 14 4 5 3 7 8 10 0 11 12 13 15 9 6
156 149 7 1 2 14 4 5 3 7 8 10 15 11 12 13 0 9 6
157 150 7 1 2 14 4 5 3 7 8 10 15 11 12 13 9 0 6
157 151 6 1 2 14 4 5 3 7 8 10 15 11 12 13 9 6 0
156 149 7 1 2 14 4 5 0 7 8 10 3 11 12 13 15 9 6
155 148 7 1 2 14 4 0 3 7 8 5 10 11 12 13 15 9 6
156 149 7 1 2 14 4 3 0 7 8 5 10 11 12 13 15 9 6
151 144 7 1 2 14 0 5 3 7 8 13 10 11 12 4 6 15 9
152 146 6 1 2 14 9 5 3 7 8 13 10 11 12 4 6 15 0
155 148 7 1 2 14 9 5 3 7 8 13 10 11 12 0 6 15 4
155 149 6 1 2 14 9 5 3 7 8 0 10 11 12 13 6 15 4
157 150 7 1 2 14 9 5 3 7 8 10 0 11 12 13 6 15 4
158 151 7 1 2 14 9 5 3 7 8 10 6 11 12 13 0 15 4
158 151 7 1 2 14 9 5 0 7 8 10 3 11 12 13 6 15 4
157 150 7 1 2 14 9 0 3 7 8 5 10 11 12 13 6 15 4
158 151 7 1 2 14 9 3 0 7 8 5 10 11 12 13 6 15 4
152 145 7 1 2 14 4 5 3 7 8 10 6 11 12 13 15 0 9
152 146 6 1 2 14 4 5 3 7 8 10 6 11 12 13 15 9 0
152 145 7 1 2 14 4 5 3 7 8 10 6 11 12 0 13 15 9
153 147 6 1 2 14 4 5 3 7 8 10 6 11 12 9 13 15 0
155 148 7 1 2 14 4 5 3 7 8 10 0 11 12 6 13 15 9
155 149 6 1 2 14 4 5 3 7 8 0 10 11 12 6 13 15 9
156 150 6 1 2 14 4 5 3 7 8 6 10 11 12 0 13 15 9
157 152 5 1 2 14 4 5 3 7 8 6 10 11 12 9 13 15 0
156 151 5 1 2 14 4 5 3 7 8 6 10 11 12 13 0 15 9
158 152 6 1 2 14 4 5 3 7 8 6 10 11 12 13 15 0 9
158 153 5 1 2 14 4 5 3 7 8 6 10 11 12 13 15 9 0
158 152 6 1 2 14 4 5 3 7 8 6 0 11 12 13 10 15 9
159 153 6 1 2 14 4 5 3 7 8 0 6 11 12 13 10 15 9
159 153 6 1 2 14 4 5 0 7 8 6 3 11 12 13 10 15 9
161 154 7 1 2 14 4 5 7 0 8 6 3 11 12 13 10 15 9
162 155 7 1 2 0 4 5 7 14 8 6 3 11 12 13 10 15 9
138 131 7 9 2 14 4 5 3 7 8 10 13 11 12 1 6 15 0
154 147 7 1 2 14 4 5 3 7 8 13 10 11 12 15 0 9 6
155 148 7 1 2 14 4 5 3 7 8 13 10 11 12 15 9 0 6
155 149 6 1 2 14 4 5 3 7 8 13 10 11 12 15 9 6 0
158 151 7 1 2 14 4 5 3 7 8 13 10 11 12 0 9 6 15
158 152 6 1 2 14 4 5 3 7 8 0 10 11 12 13 9 6 15
160 153 7 1 2 14 4 5 3 7 8 10 0 11 12 13 9 6 15
161 154 7 1 2 14 4 5 3 7 8 10 9 11 12 13 0 6 15
162 155 7 1 2 14 4 5 3 7 8 10 9 11 12 13 6 0 15
161 156 5 1 2 14 4 5 3 7 8 10 9 11 12 13 6 15 0
166 159 7 1 2 14 4 5 3 7 8 10 9 0 12 13 6 15 11
167 160 7 1 2 14 4 5 3 7 8 10 0 9 12 13 6 15 11
167 161 6 1 2 14 4 5 3 7 8 0 10 9 12 13 6 15 11
169 162 7 1 2 14 4 5 3 7 8 13 10 9 12 0 6 15 11
170 164 6 1 2 14 4 5 3 7 8 13 10 9 12 11 6 15 0
174 167 7 1 2 14 4 5 3 7 8 13 10 0 12 11 6 15 9
152 145 7 1 0 14 4 3 2 7 8 5 10 11 12 13 6 15 9
153 146 7 1 14 0 4 3 2 7 8 5 10 11 12 13 6 15 9
151 144 7 1 2 14 4 5 3 7 8 13 0 11 12 10 6 15 9
152 145 7 1 2 14 4 5 3 7 8 0 13 11 12 10 6 15 9
153 146 7 1 2 14 4 5 3 7 8 10 13 11 12 0 6 15 9
154 148 6 1 2 14 4 5 3 7 8 10 13 11 12 9 6 15 0
140 133 7 9 2 14 4 5 0 7 8 10 3 11 12 13 6 15 1
141 134 7 9 2 14 4 0 3 7 8 5 10 11 12 13 6 15 1
142 135 7 9 2 14 4 3 0 7 8 5 10 11 12 13 6 15 1
153 146 7 1 2 14 4 5 3 7 8 0 6 11 12 10 13 15 9
154 147 7 1 2 14 4 5 3 7 8 10 13 11 12 6 0 15 9
142 135 7 9 2 14 4 5 3 7 8 13 10 11 12 6 0 15 1
156 149 7 1 2 14 4 5 0 7 8 10 3 11 12 6 13 15 9
160 153 7 1 2 14 0 5 3 7 8 6 10 11 12 4 13 15 9
161 155 6 1 2 14 9 5 3 7 8 6 10 11 12 4 13 15 0
164 157 7 1 2 14 9 5 3 7 8 6 10 11 12 0 13 15 4
164 158 6 1 2 14 9 5 3 7 8 6 10 11 12 13 0 15 4
166 159 7 1 2 14 9 5 3 7 8 6 10 11 12 13 15 0 4
166 160 6 1 2 14 9 5 3 7 8 6 10 11 12 13 15 4 0
169 162 7 1 2 14 0 5 3 7 8 6 10 11 12 13 15 4 9
170 163 7 1 2 0 14 5 3 7 8 6 10 11 12 13 15 4 9
162 155 7 1 2 14 4 5 3 7 8 6 10 0 12 9 13 15 11
162 155 7 0 2 14 4 5 3 7 8 6 10 11 12 9 13 15 1
165 158 7 3 2 14 4 5 0 7 8 6 10 11 12 9 13 15 1
164 157 7 9 2 14 4 5 3 7 8 6 10 11 12 0 13 15 1
165 159 6 9 2 14 4 5 3 7 8 6 10 11 12 1 13 15 0
164 158 6 9 2 14 4 5 3 7 8 6 10 11 12 13 0 15 1
166 159 7 9 2 14 4 5 3 7 8 6 10 11 12 13 15 0 1
166 160 6 9 2 14 4 5 3 7 8 6 10 11 12 13 15 1 0
170 163 7 0 2 14 4 5 3 7 8 6 10 11 12 13 15 1 9
173 166 7 3 2 14 4 5 0 7 8 6 10 11 12 13 15 1 9
166 159 7 9 2 14 4 5 3 7 8 6 0 11 12 13 10 15 1
167 160 7 9 2 14 4 5 3 7 8 0 6 11 12 13 10 15 1
167 160 7 9 2 14 4 5 0 7 8 6 3 11 12 13 10 15 1
165 158 7 9 2 14 4 5 3 7 8 0 10 11 12 6 13 15 1
153 146 7 1 2 14 4 5 3 7 8 13 10 0 12 9 6 15 11
151 144 7 1 2 14 4 5 3 7 8 13 10 11 0 9 6 15 12
152 145 7 1 2 14 4 5 7 0 8 10 3 11 12 13 6 15 9
153 146 7 1 2 0 4 5 7 14 8 10 3 11 12 13 6 15 9
152 145 7 1 2 14 4 0 5 7 8 10 3 11 12 13 6 15 9
153 146 7 1 2 14 4 10 5 7 8 0 3 11 12 13 6 15 9
154 147 7 1 2 14 4 10 5 7 8 3 0 11 12 13 6 15 9
155 148 7 1 2 14 4 10 5 7 8 3 6 11 12 13 0 15 9
155 148 7 1 2 14 4 10 0 7 8 3 5 11 12 13 6 15 9
156 149 7 1 2 14 4 0 10 7 8 3 5 11 12 13 6 15 9
157 150 7 1 2 14 4 3 10 7 8 0 5 11 12 13 6 15 9
152 145 7 1 2 14 0 5 3 7 8 13 10 11 12 9 6 15 4
153 146 7 1 2 0 14 5 3 7 8 13 10 11 12 9 6 15 4
152 145 7 1 2 14 4 5 3 7 8 13 6 11 12 10 0 15 9
168 161 7 1 2 14 4 5 0 7 8 10 3 9 12 13 6 15 11
161 154 7 1 2 14 4 5 3 7 8 6 10 11 0 13 15 9 12
166 159 7 0 2 14 4 5 3 7 8 10 9 11 12 13 6 15 1
169 162 7 3 2 14 4 5 0 7 8 10 9 11 12 13 6 15 1
170 163 7 3 2 14 4 5 9 7 8 10 0 11 12 13 6 15 1
170 164 6 3 2 14 4 5 9 7 8 0 10 11 12 13 6 15 1
172 165 7 3 2 14 4 5 9 7 8 13 10 11 12 0 6 15 1
173 167 6 3 2 14 4 5 9 7 8 13 10 11 12 1 6 15 0
177 170 7 0 2 14 4 5 9 7 8 13 10 11 12 1 6 15 3
178 172 6 1 2 14 4 5 9 7 8 13 10 11 12 0 6 15 3
179 174 5 1 2 14 4 5 9 7 8 13 10 11 12 3 6 15 0
178 173 5 1 2 14 4 5 9 7 8 0 10 11 12 13 6 15 3
180 174 6 1 2 14 4 5 9 7 8 10 0 11 12 13 6 15 3
181 175 6 1 2 14 4 5 9 7 8 10 6 11 12 13 0 15 3
181 175 6 1 2 14 4 5 0 7 8 10 9 11 12 13 6 15 3
180 174 6 1 2 14 4 0 9 7 8 5 10 11 12 13 6 15 3
181 175 6 1 2 14 4 9 0 7 8 5 10 11 12 13 6 15 3
179 173 6 1 2 14 4 5 9 7 8 13 10 11 12 6 0 15 3
181 174 7 1 2 14 4 5 9 7 8 13 10 11 12 6 15 0 3
181 175 6 1 2 14 4 5 9 7 8 13 10 11 12 6 15 3 0
184 177 7 1 2 14 4 5 9 7 8 13 10 11 12 0 15 3 6
184 178 6 1 2 14 4 5 9 7 8 0 10 11 12 13 15 3 6
186 179 7 1 2 14 4 5 9 7 8 10 0 11 12 13 15 3 6
187 180 7 1 2 14 4 5 9 7 8 10 15 11 12 13 0 3 6
188 181 7 1 2 14 4 5 9 7 8 10 15 11 12 13 3 0 6
188 182 6 1 2 14 4 5 9 7 8 10 15 11 12 13 3 6 0
187 180 7 1 2 14 4 5 0 7 8 10 9 11 12 13 15 3 6
151 144 7 1 2 14 4 5 3 7 8 13 10 11 12 9 6 0 15
165 158 7 1 2 14 9 5 3 7 8 0 10 11 12 6 13 15 4
166 159 7 1 2 14 9 5 3 7 8 6 0 11 12 13 10 15 4
167 160 7 1 2 14 9 5 3 7 8 0 6 11 12 13 10 15 4
167 160 7 1 2 14 9 5 0 7 8 6 3 11 12 13 10 15 4
161 154 7 1 2 14 4 0 3 7 8 5 6 11 12 13 10 15 9
162 155 7 1 2 14 4 3 0 7 8 5 6 11 12 13 10 15 9
162 156 6 1 2 14 4 3 6 7 8 5 0 11 12 13 10 15 9
162 157 5 1 2 14 4 3 6 7 8 5 10 11 12 13 0 15 9
164 158 6 1 2 14 4 3 6 7 8 5 10 11 12 13 15 0 9
164 159 5 1 2 14 4 3 6 7 8 5 10 11 12 13 15 9 0
164 158 6 1 2 14 4 3 6 7 8 5 10 11 12 0 13 15 9
165 160 5 1 2 14 4 3 6 7 8 5 10 11 12 9 13 15 0
165 159 6 1 2 14 4 3 6 7 8 0 10 11 12 5 13 15 9
166 160 6 1 2 14 4 0 6 7 8 3 10 11 12 5 13 15 9
163 157 6 1 2 14 4 3 6 7 8 0 5 11 12 13 10 15 9
164 158 6 1 2 14 4 0 6 7 8 3 5 11 12 13 10 15 9
166 159 7 1 2 14 4 6 0 7 8 3 5 11 12 13 10 15 9
167 160 7 1 2 14 4 6 5 7 8 3 0 11 12 13 10 15 9
167 161 6 1 2 14 4 6 5 7 8 3 10 11 12 13 0 15 9
169 162 7 1 2 14 4 6 5 7 8 3 10 11 12 13 15 0 9
169 163 6 1 2 14 4 6 5 7 8 3 10 11 12 13 15 9 0
169 162 7 1 2 14 4 6 5 7 8 3 10 11 12 0 13 15 9
170 164 6 1 2 14 4 6 5 7 8 3 10 11 12 9 13 15 0
170 163 7 1 2 14 4 6 5 7 8 0 10 11 12 3 13 15 9
171 164 7 1 2 14 4 0 5 7 8 6 10 11 12 3 13 15 9
171 165 6 1 2 14 4 5 0 7 8 6 10 11 12 3 13 15 9
173 166 7 1 2 14 4 5 7 0 8 6 10 11 12 3 13 15 9
174 167 7 1 2 0 4 5 7 14 8 6 10 11 12 3 13 15 9
173 166 7 1 2 14 4 5 10 7 8 6 0 11 12 3 13 15 9
174 167 7 1 2 14 4 5 10 7 8 0 6 11 12 3 13 15 9
175 168 7 1 2 14 4 5 10 7 8 3 6 11 12 0 13 15 9
176 170 6 1 2 14 4 5 10 7 8 3 6 11 12 9 13 15 0
175 169 6 1 2 14 4 5 10 7 8 3 6 11 12 13 0 15 9
176 170 6 1 2 14 4 5 10 7 8 3 0 11 12 13 6 15 9
176 171 5 1 2 14 4 5 0 7 8 3 10 11 12 13 6 15 9
178 172 6 1 2 14 4 5 7 0 8 3 10 11 12 13 6 15 9
179 173 6 1 2 0 4 5 7 14 8 3 10 11 12 13 6 15 9
178 172 6 1 2 14 4 0 5 7 8 3 10 11 12 13 6 15 9
179 173 6 1 2 14 4 3 5 7 8 0 10 11 12 13 6 15 9
178 172 6 1 0 14 4 5 2 7 8 3 10 11 12 13 6 15 9
179 173 6 1 14 0 4 5 2 7 8 3 10 11 12 13 6 15 9
177 171 6 1 2 14 4 5 10 7 8 0 3 11 12 13 6 15 9
179 172 7 1 2 14 4 5 10 7 8 13 3 11 12 0 6 15 9
180 174 6 1 2 14 4 5 10 7 8 13 3 11 12 9 6 15 0
182 175 7 1 2 14 4 5 10 7 8 13 0 11 12 3 6 15 9
182 176 6 1 2 14 4 5 0 7 8 13 10 11 12 3 6 15 9
184 177 7 1 2 14 4 5 7 0 8 13 10 11 12 3 6 15 9
185 178 7 1 2 0 4 5 7 14 8 13 10 11 12 3 6 15 9
178 171 7 1 2 14 4 5 10 7 8 3 11 0 12 13 6 15 9
184 177 7 1 2 14 4 0 5 7 8 13 10 11 12 3 6 15 9
185 178 7 1 2 14 4 13 5 7 8 0 10 11 12 3 6 15 9
186 179 7 1 2 14 4 13 5 7 8 3 10 11 12 0 6 15 9
187 181 6 1 2 14 4 13 5 7 8 3 10 11 12 9 6 15 0
187 180 7 1 2 14 4 13 5 7 8 3 10 11 12 6 0 15 9
184 177 7 1 0 14 4 5 2 7 8 13 10 11 12 3 6 15 9
185 178 7 1 14 0 4 5 2 7 8 13 10 11 12 3 6 15 9
183 176 7 1 2 14 4 5 10 7 8 0 13 11 12 3 6 15 9
184 177 7 1 2 14 4 5 10 7 8 3 13 11 12 0 6 15 9
185 179 6 1 2 14 4 5 10 7 8 3 13 11 12 9 6 15 0
185 178 7 1 2 14 4 5 10 7 8 3 13 11 12 6 0 15 9
183 176 7 1 2 14 4 5 10 7 8 13 6 11 12 3 0 15 9
184 177 7 1 2 14 4 5 10 7 8 13 6 11 12 0 3 15 9
185 179 6 1 2 14 4 5 10 7 8 13 6 11 12 9 3 15 0
184 178 6 1 2 14 4 5 10 7 8 0 6 11 12 13 3 15 9
185 179 6 1 2 14 4 5 10 7 8 6 0 11 12 13 3 15 9
185 180 5 1 2 14 4 5 0 7 8 6 10 11 12 13 3 15 9
187 181 6 1 2 14 4 5 7 0 8 6 10 11 12 13 3 15 9
188 182 6 1 2 0 4 5 7 14 8 6 10 11 12 13 3 15 9
187 181 6 1 2 14 4 0 5 7 8 6 10 11 12 13 3 15 9
188 182 6 1 2 14 4 6 5 7 8 0 10 11 12 13 3 15 9
187 181 6 1 0 14 4 5 2 7 8 6 10 11 12 13 3 15 9
188 182 6 1 14 0 4 5 2 7 8 6 10 11 12 13 3 15 9
186 180 6 1 2 14 4 5 10 7 8 6 3 11 12 13 0 15 9
188 181 7 1 2 14 4 5 10 7 8 6 3 11 12 13 15 0 9
188 182 6 1 2 14 4 5 10 7 8 6 3 11 12 13 15 9 0
187 180 7 1 2 14 4 5 10 7 8 6 11 0 12 13 3 15 9
188 181 7 1 2 14 4 5 10 7 8 6 3 11 12 0 13 15 9
189 183 6 1 2 14 4 5 10 7 8 6 3 11 12 9 13 15 0
189 182 7 1 2 14 4 5 10 7 8 0 3 11 12 6 13 15 9
190 183 7 1 14 4 0 5 2 7 8 6 10 11 12 13 3 15 9
191 185 6 1 14 4 9 5 2 7 8 6 10 11 12 13 3 15 0
179 172 7 1 2 14 4 0 10 7 8 5 3 11 12 13 6 15 9
180 173 7 1 2 14 4 10 0 7 8 5 3 11 12 13 6 15 9
181 174 7 1 2 14 4 10 3 7 8 5 0 11 12 13 6 15 9
182 175 7 1 2 14 4 10 3 7 8 0 5 11 12 13 6 15 9
183 176 7 1 2 14 4 0 3 7 8 10 5 11 12 13 6 15 9
184 177 7 1 2 14 4 3 0 7 8 10 5 11 12 13 6 15 9
182 175 7 1 2 14 4 10 3 7 8 5 6 11 12 13 0 15 9
181 174 7 1 14 4 0 5 2 7 8 3 10 11 12 13 6 15 9
182 176 6 1 14 4 9 5 2 7 8 3 10 11 12 13 6 15 0
180 173 7 1 2 14 4 5 10 7 8 13 3 11 12 6 0 15 9
178 171 7 1 2 14 4 5 10 7 8 3 0 11 12 6 13 15 9
178 172 6 1 2 14 4 5 0 7 8 3 10 11 12 6 13 15 9
180 173 7 1 2 14 4 5 7 0 8 3 10 11 12 6 13 15 9
181 174 7 1 2 0 4 5 7 14 8 3 10 11 12 6 13 15 9
180 173 7 1 2 14 4 0 5 7 8 3 10 11 12 6 13 15 9
181 174 7 1 2 14 4 3 5 7 8 0 10 11 12 6 13 15 9
182 175 7 1 2 14 4 3 5 7 8 6 10 11 12 0 13 15 9
183 177 6 1 2 14 4 3 5 7 8 6 10 11 12 9 13 15 0
182 176 6 1 2 14 4 3 5 7 8 6 10 11 12 13 0 15 9
184 177 7 1 2 14 4 3 5 7 8 6 10 11 12 13 15 0 9
184 178 6 1 2 14 4 3 5 7 8 6 10 11 12 13 15 9 0
184 177 7 1 2 14 4 3 5 7 8 6 0 11 12 13 10 15 9
185 178 7 1 2 14 4 3 5 7 8 0 6 11 12 13 10 15 9
186 179 7 1 2 14 4 0 5 7 8 3 6 11 12 13 10 15 9
186 180 6 1 2 14 4 5 0 7 8 3 6 11 12 13 10 15 9
186 181 5 1 2 14 4 5 6 7 8 3 0 11 12 13 10 15 9
186 182 4 1 2 14 4 5 6 7 8 3 10 11 12 13 0 15 9
188 183 5 1 2 14 4 5 6 7 8 3 10 11 12 13 15 0 9
188 184 4 1 2 14 4 5 6 7 8 3 10 11 12 13 15 9 0
188 183 5 1 2 14 4 5 6 7 8 3 10 11 12 0 13 15 9
189 185 4 1 2 14 4 5 6 7 8 3 10 11 12 9 13 15 0
189 184 5 1 2 14 4 5 6 7 8 0 10 11 12 3 13 15 9
187 182 5 1 2 14 4 5 6 7 8 0 3 11 12 13 10 15 9
189 183 6 1 2 14 4 5 6 7 8 13 3 11 12 0 10 15 9
190 185 5 1 2 14 4 5 6 7 8 13 3 11 12 9 10 15 0
192 186 6 1 2 14 4 5 6 7 8 13 0 11 12 3 10 15 9
192 187 5 1 2 14 4 5 6 7 8 13 10 11 12 3 0 15 9
193 188 5 1 2 14 4 5 6 7 8 13 10 11 12 0 3 15 9
194 190 4 1 2 14 4 5 6 7 8 13 10 11 12 9 3 15 0
193 189 4 1 2 14 4 5 6 7 8 0 10 11 12 13 3 15 9
195 190 5 1 2 14 4 5 6 7 8 10 0 11 12 13 3 15 9
196 191 5 1 2 14 4 5 6 7 8 10 3 11 12 13 0 15 9
195 190 5 1 2 14 4 0 6 7 8 5 10 11 12 13 3 15 9
197 191 6 1 2 14 4 6 0 7 8 5 10 11 12 13 3 15 9
198 192 6 1 2 14 0 5 6 7 8 13 10 11 12 9 3 15 4
201 195 6 1 2 14 9 5 6 7 8 13 10 11 12 0 3 15 4
202 197 5 1 2 14 9 5 6 7 8 13 10 11 12 4 3 15 0
201 196 5 1 2 14 9 5 6 7 8 0 10 11 12 13 3 15 4
203 197 6 1 2 14 9 5 6 7 8 10 0 11 12 13 3 15 4
204 198 6 1 2 14 9 5 6 7 8 10 3 11 12 13 0 15 4
203 197 6 1 2 14 9 0 6 7 8 5 10 11 12 13 3 15 4
202 196 6 1 2 14 9 5 6 7 8 13 10 11 12 3 0 15 4
199 193 6 1 2 0 14 5 6 7 8 13 10 11 12 9 3 15 4
193 187 6 1 2 14 0 5 6 7 8 3 10 11 12 9 13 15 4
196 190 6 1 2 14 9 5 6 7 8 3 10 11 12 0 13 15 4
197 192 5 1 2 14 9 5 6 7 8 3 10 11 12 4 13 15 0
196 191 5 1 2 14 9 5 6 7 8 3 10 11 12 13 0 15 4
198 192 6 1 2 14 9 5 6 7 8 3 10 11 12 13 15 0 4
198 193 5 1 2 14 9 5 6 7 8 3 10 11 12 13 15 4 0
201 195 6 1 2 14 0 5 6 7 8 3 10 11 12 13 15 4 9
202 196 6 1 2 0 14 5 6 7 8 3 10 11 12 13 15 4 9
198 192 6 1 2 14 9 5 6 7 8 3 0 11 12 13 10 15 4
199 193 6 1 2 14 9 5 6 7 8 0 3 11 12 13 10 15 4
197 191 6 1 2 14 9 5 6 7 8 0 10 11 12 3 13 15 4
194 188 6 1 2 0 14 5 6 7 8 3 10 11 12 9 13 15 4
192 186 6 1 2 14 0 5 6 7 8 3 10 11 12 4 13 15 9
193 187 6 1 2 0 14 5 6 7 8 3 10 11 12 4 13 15 9
190 184 6 1 2 14 4 5 6 7 8 3 10 0 12 13 15 11 9
189 183 6 1 2 14 4 0 6 7 8 5 3 11 12 13 10 15 9
197 191 6 1 2 14 4 5 6 7 8 10 11 0 12 13 3 15 9
197 191 6 1 2 14 4 5 6 7 8 13 10 11 0 9 3 15 12
197 191 6 1 2 14 4 5 6 7 8 13 0 11 12 10 3 15 9
198 192 6 1 2 14 4 5 6 7 8 0 13 11 12 10 3 15 9
199 193 6 1 2 14 4 5 6 7 8 10 13 11 12 0 3 15 9
200 195 5 1 2 14 4 5 6 7 8 10 13 11 12 9 3 15 0
200 194 6 1 2 14 4 5 6 7 8 10 13 11 12 3 0 15 9
197 191 6 1 2 14 0 5 6 7 8 13 10 11 12 4 3 15 9
198 192 6 1 2 0 14 5 6 7 8 13 10 11 12 4 3 15 9
199 193 6 1 2 14 4 5 6 7 8 13 10 0 12 9 3 15 11
196 190 6 0 2 14 4 5 6 7 8 13 10 11 12 1 3 15 9
198 193 5 9 2 14 4 5 6 7 8 13 10 11 12 1 3 15 0
201 195 6 9 2 14 4 5 6 7 8 13 10 11 12 0 3 15 1
201 196 5 9 2 14 4 5 6 7 8 0 10 11 12 13 3 15 1
203 197 6 9 2 14 4 5 6 7 8 10 0 11 12 13 3 15 1
204 198 6 9 2 14 4 5 6 7 8 10 3 11 12 13 0 15 1
203 197 6 9 2 14 4 0 6 7 8 5 10 11 12 13 3 15 1
194 188 6 0 2 14 4 5 6 7 8 3 10 11 12 9 13 15 1
196 190 6 9 2 14 4 5 6 7 8 3 10 11 12 0 13 15 1
197 192 5 9 2 14 4 5 6 7 8 3 10 11 12 1 13 15 0
196 191 5 9 2 14 4 5 6 7 8 3 10 11 12 13 0 15 1
198 192 6 9 2 14 4 5 6 7 8 3 10 11 12 13 15 0 1
198 193 5 9 2 14 4 5 6 7 8 3 10 11 12 13 15 1 0
202 196 6 0 2 14 4 5 6 7 8 3 10 11 12 13 15 1 9
198 192 6 9 2 14 4 5 6 7 8 3 0 11 12 13 10 15 1
199 193 6 9 2 14 4 5 6 7 8 0 3 11 12 13 10 15 1
191 185 6 1 2 14 4 0 6 7 8 5 10 11 12 3 13 15 9
190 184 6 1 2 14 4 5 6 7 8 13 3 11 12 10 0 15 9
193 187 6 1 2 14 4 5 6 7 8 0 13 11 12 3 10 15 9
194 188 6 1 2 14 4 5 6 7 8 3 13 11 12 0 10 15 9
195 190 5 1 2 14 4 5 6 7 8 3 13 11 12 9 10 15 0
195 189 6 1 2 14 4 5 6 7 8 3 13 11 12 10 0 15 9
199 193 6 0 2 14 4 5 6 7 8 13 10 11 12 9 3 15 1
188 182 6 1 2 14 4 5 6 7 8 3 11 0 12 13 10 15 9
193 187 6 0 2 14 4 5 6 7 8 3 10 11 12 13 15 9 1
191 185 6 0 2 14 4 5 6 7 8 3 10 11 12 1 13 15 9
192 186 6 1 2 14 4 5 6 7 8 3 10 11 0 9 13 15 12
194 188 6 1 2 14 4 5 6 7 8 3 10 0 12 9 13 15 11
193 187 6 1 2 14 4 5 6 7 8 3 10 0 12 13 15 9 11
194 188 6 1 2 14 4 5 6 7 8 3 10 9 12 13 15 0 11
194 189 5 1 2 14 4 5 6 7 8 3 10 9 12 13 15 11 0
194 189 5 1 2 14 4 5 6 7 8 3 10 9 12 13 0 15 11
196 190 6 1 2 14 4 5 6 7 8 3 10 9 12 0 13 15 11
197 192 5 1 2 14 4 5 6 7 8 3 10 9 12 11 13 15 0
201 195 6 1 2 14 4 5 6 7 8 3 10 0 12 11 13 15 9
197 191 6 1 2 14 4 5 6 7 8 0 10 9 12 3 13 15 11
196 190 6 1 2 14 4 5 6 7 8 3 0 9 12 13 10 15 11
197 191 6 1 2 14 4 5 6 7 8 3 9 0 12 13 10 15 11
197 191 6 1 2 14 4 5 6 7 8 0 3 9 12 13 10 15 11
192 186 6 1 2 14 0 5 6 7 8 3 10 11 12 13 15 9 4
193 187 6 1 2 0 14 5 6 7 8 3 10 11 12 13 15 9 4
197 191 6 1 2 14 4 5 0 7 8 10 6 11 12 13 3 15 9
191 185 6 1 2 14 4 5 6 7 8 10 0 11 12 3 13 15 9
197 191 6 1 2 14 4 5 6 7 8 13 10 11 12 9 3 0 15
198 192 6 1 2 14 4 5 6 7 8 13 10 11 12 9 0 3 15
199 193 6 1 2 14 4 5 6 7 8 13 10 11 12 0 9 3 15
200 195 5 1 2 14 4 5 6 7 8 13 10 11 12 15 9 3 0
199 194 5 1 2 14 4 5 6 7 8 0 10 11 12 13 9 3 15
201 195 6 1 2 14 4 5 6 7 8 10 0 11 12 13 9 3 15
202 196 6 1 2 14 4 5 6 7 8 10 9 11 12 13 0 3 15
203 197 6 1 2 14 4 5 6 7 8 10 9 11 12 13 3 0 15
202 198 4 1 2 14 4 5 6 7 8 10 9 11 12 13 3 15 0
207 201 6 1 2 14 4 5 6 7 8 10 9 0 12 13 3 15 11
208 202 6 1 2 14 4 5 6 7 8 10 0 9 12 13 3 15 11
208 203 5 1 2 14 4 5 6 7 8 0 10 9 12 13 3 15 11
210 204 6 1 2 14 4 5 6 7 8 13 10 9 12 0 3 15 11
211 206 5 1 2 14 4 5 6 7 8 13 10 9 12 11 3 15 0
215 209 6 1 2 14 4 5 6 7 8 13 10 0 12 11 3 15 9
211 205 6 1 2 14 4 5 6 7 8 13 10 9 12 3 0 15 11
192 186 6 1 2 14 4 5 6 7 8 3 10 11 12 9 13 0 15
193 187 6 1 2 14 4 5 6 7 8 3 10 11 12 9 0 13 15
194 188 6 1 2 14 4 5 6 7 8 3 10 11 12 0 9 13 15
195 190 5 1 2 14 4 5 6 7 8 3 10 11 12 15 9 13 0
197 191 6 1 2 14 4 5 6 7 8 3 10 11 12 15 9 0 13
198 192 6 1 2 14 4 5 6 7 8 3 10 11 12 15 0 9 13
195 189 6 1 2 14 4 5 6 7 8 0 10 11 12 3 9 13 15
210 204 6 1 2 14 4 0 6 7 8 5 10 9 12 13 3 15 11
192 186 6 1 2 14 4 5 6 7 8 3 0 11 12 10 13 15 9
193 187 6 1 2 14 4 5 6 7 8 0 3 11 12 10 13 15 9
205 199 6 1 2 14 4 5 6 7 8 10 9 11 0 13 3 15 12
191 185 6 1 2 14 4 5 6 7 8 3 10 11 0 13 15 9 12
201 195 6 1 2 14 4 0 6 7 8 5 10 11 12 13 9 3 15
202 196 6 1 2 14 4 5 6 7 8 13 10 11 12 15 9 0 3
203 197 6 1 2 14 4 5 6 7 8 13 10 11 12 15 0 9 3
204 198 6 1 2 14 4 5 6 7 8 13 10 11 12 0 15 9 3
205 200 5 1 2 14 4 5 6 7 8 13 10 11 12 3 15 9 0
204 199 5 1 2 14 4 5 6 7 8 0 10 11 12 13 15 9 3
206 200 6 1 2 14 4 5 6 7 8 10 0 11 12 13 15 9 3
207 201 6 1 2 14 4 5 6 7 8 10 15 11 12 13 0 9 3
208 202 6 1 2 14 4 5 6 7 8 10 15 11 12 13 9 0 3
208 203 5 1 2 14 4 5 6 7 8 10 15 11 12 13 9 3 0
206 200 6 1 2 14 4 0 6 7 8 5 10 11 12 13 15 9 3
194 188 6 1 2 14 4 5 6 7 8 10 3 11 12 0 13 15 9
195 190 5 1 2 14 4 5 6 7 8 10 3 11 12 9 13 15 0
206 200 6 1 2 14 0 5 6 7 8 10 9 11 12 13 3 15 4
207 201 6 1 2 0 14 5 6 7 8 10 9 11 12 13 3 15 4
206 200 6 1 2 14 4 5 6 7 8 10 9 11 12 0 3 15 13
209 203 6 1 2 14 4 5 6 7 8 10 0 11 12 9 3 15 13
209 204 5 1 2 14 4 5 6 7 8 0 10 11 12 9 3 15 13
209 205 4 1 2 14 4 5 6 7 8 9 10 11 12 0 3 15 13
209 207 2 1 2 14 4 5 6 7 8 9 10 11 12 13 3 15 0
214 210 4 1 2 14 4 5 6 7 8 9 10 0 12 13 3 15 11
214 210 4 0 2 14 4 5 6 7 8 9 10 11 12 13 3 15 1
213 209 4 1 2 14 0 5 6 7 8 9 10 11 12 13 3 15 4
214 210 4 1 2 0 14 5 6 7 8 9 10 11 12 13 3 15 4
212 208 4 1 2 14 4 5 6 7 8 9 10 11 12 13 3 0 15
213 209 4 1 2 14 4 5 6 7 8 9 10 11 12 13 0 3 15
210 206 4 1 2 14 4 5 6 7 8 9 10 11 12 3 0 15 13
212 208 4 1 2 14 4 5 6 7 8 9 10 11 0 13 3 15 12
214 209 5 1 2 14 4 5 6 7 8 9 10 0 11 13 3 15 12
214 209 5 1 2 14 4 5 6 7 0 9 10 11 8 13 3 15 12
216 211 5 1 2 7 14 5 6 0 8 9 10 11 12 13 3 15 4
212 207 5 1 2 14 4 5 6 7 8 9 10 11 12 3 15 0 13
212 208 4 1 2 14 4 5 6 7 8 9 10 11 12 3 15 13 0
215 210 5 1 2 14 4 5 6 7 8 9 10 11 12 0 15 13 3
216 211 5 1 2 14 4 5 6 7 8 9 10 11 12 15 0 13 3
217 212 5 1 2 14 4 5 6 7 8 9 10 11 12 15 13 0 3
217 213 4 1 2 14 4 5 6 7 8 9 10 11 12 15 13 3 0
212 207 5 0 2 14 4 5 6 7 8 9 10 11 12 1 3 15 13
214 210 4 13 2 14 4 5 6 7 8 9 10 11 12 1 3 15 0
212 207 5 1 2 14 4 5 6 7 8 9 0 11 12 3 10 15 13
215 210 5 1 2 14 4 5 6 7 8 9 10 11 12 0 13 3 15
213 208 5 1 2 14 0 5 6 7 8 9 10 11 12 4 3 15 13
214 210 4 1 2 14 13 5 6 7 8 9 10 11 12 4 3 15 0
214 209 5 1 2 0 14 5 6 7 8 9 10 11 12 4 3 15 13
216 211 5 1 2 14 4 5 6 7 8 9 10 12 0 13 3 15 11
216 212 4 1 2 14 4 5 6 7 8 9 10 12 11 13 3 15 0
215 210 5 1 2 14 8 5 6 7 0 9 10 11 12 13 3 15 4
216 211 5 1 2 14 4 5 6 7 8 9 0 10 12 13 3 15 11
217 212 5 1 2 14 4 5 6 7 8 9 3 10 12 13 0 15 11
217 212 5 1 2 14 7 5 6 0 8 9 10 11 12 13 3 15 4
218 213 5 1 2 0 7 5 6 14 8 9 10 11 12 13 3 15 4
219 214 5 1 2 7 0 5 6 14 8 9 10 11 12 13 3 15 4
219 216 3 1 2 7 4 5 6 14 8 9 10 11 12 13 3 15 0
224 219 5 1 2 7 4 5 6 14 8 9 10 0 12 13 3 15 11
225 220 5 1 2 7 4 5 6 0 8 9 10 14 12 13 3 15 11
225 221 4 1 2 0 4 5 6 7 8 9 10 14 12 13 3 15 11
227 222 5 1 2 4 0 5 6 7 8 9 10 14 12 13 3 15 11
228 224 4 1 2 4 11 5 6 7 8 9 10 14 12 13 3 15 0
232 227 5 1 2 4 11 5 6 7 8 9 10 0 12 13 3 15 14
216 211 5 5 2 14 4 0 6 7 8 9 10 11 12 13 3 15 1
216 211 5 0 2 14 1 5 6 7 8 9 10 11 12 13 3 15 4
218 214 4 4 2 14 1 5 6 7 8 9 10 11 12 13 3 15 0
218 213 5 6 2 14 4 5 0 7 8 9 10 11 12 13 3 15 1
214 209 5 1 2 14 4 5 6 7 8 9 10 0 12 13 3 11 15
216 211 5 1 0 2 14 5 6 7 8 9 10 11 12 13 3 15 4
217 212 5 4 2 14 0 5 6 7 8 9 10 11 12 13 3 15 1
218 213 5 4 2 0 14 5 6 7 8 9 10 11 12 13 3 15 1
215 210 5 1 2 14 4 5 6 7 8 9 0 11 12 13 10 3 15
227 222 5 1 0 2 4 5 6 7 8 9 10 14 12 13 3 15 11
216 211 5 2 0 14 4 5 6 7 8 9 10 11 12 13 3 15 1
217 212 5 2 14 0 4 5 6 7 8 9 10 11 12 13 3 15 1
222 217 5 1 2 7 4 5 6 14 8 9 10 11 12 13 3 0 15
223 218 5 1 2 7 4 5 6 14 8 9 10 11 12 13 0 3 15
217 212 5 1 2 14 13 5 6 7 8 9 10 11 12 0 3 15 4
218 213 5 1 2 14 13 5 6 7 8 9 10 11 12 3 0 15 4
213 208 5 1 2 14 4 5 6 7 8 9 0 11 12 10 3 15 13
214 209 5 1 2 14 4 5 6 7 8 9 3 11 12 10 0 15 13
215 210 5 1 2 14 4 5 6 7 8 9 3 11 12 0 10 15 13
215 212 3 1 2 14 4 5 6 7 8 9 3 11 12 13 10 15 0
220 215 5 1 2 14 4 5 6 7 8 9 3 0 12 13 10 15 11
221 216 5 1 2 14 4 5 6 7 8 9 0 3 12 13 10 15 11
221 217 4 1 2 14 4 5 6 7 8 9 10 3 12 13 0 15 11
223 218 5 1 2 14 4 5 6 7 8 9 10 3 12 13 15 0 11
223 219 4 1 2 14 4 5 6 7 8 9 10 3 12 13 15 11 0
227 222 5 1 2 14 4 5 6 7 8 9 10 0 12 13 15 11 3
227 223 4 1 2 14 4 5 6 7 8 9 10 11 12 13 15 0 3
227 224 3 1 2 14 4 5 6 7 8 9 10 11 12 13 15 3 0
227 224 3 1 2 14 4 5 6 7 8 9 10 11 12 13 0 15 3
229 225 4 1 2 14 4 5 6 7 8 9 10 11 12 0 13 15 3
230 227 3 1 2 14 4 5 6 7 8 9 10 11 12 3 13 15 0
229 225 4 1 2 14 4 5 6 7 8 9 0 11 12 13 10 15 3
231 226 5 1 2 14 4 5 6 7 8 9 11 0 12 13 10 15 3
233 228 5 1 2 14 0 5 6 7 8 9 10 11 12 4 13 15 3
234 230 4 1 2 14 3 5 6 7 8 9 10 11 12 4 13 15 0
237 232 5 1 2 14 3 5 6 7 8 9 10 11 12 0 13 15 4
237 233 4 1 2 14 3 5 6 7 8 9 10 11 12 13 0 15 4
239 234 5 1 2 14 3 5 6 7 8 9 10 11 12 13 15 0 4
239 235 4 1 2 14 3 5 6 7 8 9 10 11 12 13 15 4 0
242 237 5 1 2 14 0 5 6 7 8 9 10 11 12 13 15 4 3
243 238 5 1 2 0 14 5 6 7 8 9 10 11 12 13 15 4 3
239 234 5 1 2 14 3 5 6 7 8 9 0 11 12 13 10 15 4
234 229 5 1 2 0 14 5 6 7 8 9 10 11 12 4 13 15 3
231 226 5 1 2 14 4 5 6 7 8 0 9 11 12 13 10 15 3
231 226 5 1 2 14 4 5 0 7 8 9 6 11 12 13 10 15 3
218 213 5 1 2 14 4 5 6 7 8 9 3 11 12 13 10 0 15
219 214 5 1 2 14 4 5 6 7 8 9 3 11 12 13 0 10 15
220 215 5 1 2 14 4 5 6 7 8 9 0 11 12 13 3 10 15
230 225 5 1 2 14 4 5 6 7 8 9 10 11 0 13 15 3 12
223 218 5 1 2 14 4 5 6 7 8 9 10 3 12 0 13 15 11
224 220 4 1 2 14 4 5 6 7 8 9 10 3 12 11 13 15 0
228 223 5 1 2 14 4 5 6 7 8 9 10 0 12 11 13 15 3
220 215 5 0 2 14 4 5 6 7 8 9 3 11 12 13 10 15 1
224 219 5 1 2 14 4 5 6 7 8 9 10 0 12 13 15 3 11
219 214 5 1 2 14 0 5 6 7 8 9 3 11 12 13 10 15 4
220 215 5 1 2 0 14 5 6 7 8 9 3 11 12 13 10 15 4
232 227 5 0 2 14 4 5 6 7 8 9 10 11 12 13 15 3 1
224 219 5 0 2 7 4 5 6 14 8 9 10 11 12 13 3 15 1
231 226 5 1 2 14 4 5 6 7 8 0 10 11 12 9 13 15 3
233 228 5 1 2 14 4 5 6 7 8 9 0 11 12 10 13 15 3
234 229 5 1 2 14 4 5 6 7 8 9 13 11 12 10 0 15 3
235 230 5 1 2 14 4 5 6 7 8 9 13 11 12 0 10 15 3
236 232 4 1 2 14 4 5 6 7 8 9 13 11 12 3 10 15 0
233 228 5 1 2 14 4 5 6 7 8 9 10 11 0 3 13 15 12
235 230 5 1 2 14 4 5 6 7 8 9 10 0 12 3 13 15 11
235 230 5 0 2 14 4 5 6 7 8 9 10 11 12 3 13 15 1
237 232 5 3 2 14 4 5 6 7 8 9 10 11 12 0 13 15 1
238 234 4 3 2 14 4 5 6 7 8 9 10 11 12 1 13 15 0
237 233 4 3 2 14 4 5 6 7 8 9 10 11 12 13 0 15 1
239 234 5 3 2 14 4 5 6 7 8 9 10 11 12 13 15 0 1
239 235 4 3 2 14 4 5 6 7 8 9 10 11 12 13 15 1 0
243 238 5 0 2 14 4 5 6 7 8 9 10 11 12 13 15 1 3
239 234 5 3 2 14 4 5 6 7 8 9 0 11 12 13 10 15 1
218 213 5 1 2 14 4 5 6 7 8 9 3 11 0 13 10 15 12
223 218 5 1 2 7 4 5 6 14 8 9 10 11 12 0 3 15 13
224 219 5 1 2 7 4 5 6 14 8 9 10 11 12 3 0 15 13
222 217 5 1 2 7 4 5 6 14 8 9 10 11 0 13 3 15 12
231 226 5 1 2 14 0 5 6 7 8 9 10 11 12 13 15 3 4
232 227 5 1 2 0 14 5 6 7 8 9 10 11 12 13 15 3 4
232 227 5 0 2 14 4 5 6 7 8 9 10 11 12 1 13 15 3
234 229 5 1 2 14 0 5 6 7 8 9 10 11 12 3 13 15 4
235 230 5 1 2 0 14 5 6 7 8 9 10 11 12 3 13 15 4
216 211 5 1 2 14 4 5 6 0 8 9 10 7 12 13 3 15 11
217 212 5 1 2 0 4 5 6 14 8 9 10 7 12 13 3 15 11
216 211 5 1 2 14 4 5 6 7 8 9 10 15 12 13 3 0 11
216 212 4 1 2 14 4 5 6 7 8 9 10 15 12 13 3 11 0
217 212 5 1 2 14 4 5 6 7 8 9 10 15 12 13 0 3 11
231 226 5 1 2 14 4 5 6 7 8 9 10 11 12 0 15 3 13
232 227 5 1 2 14 4 5 6 7 8 9 10 11 12 15 0 3 13
233 228 5 1 2 14 4 5 6 7 8 9 10 11 12 15 3 0 13
233 229 4 1 2 14 4 5 6 7 8 9 10 11 12 15 3 13 0
236 231 5 1 2 14 4 5 6 7 8 9 10 11 12 0 3 13 15
237 232 5 1 2 14 4 5 6 7 8 9 10 11 12 3 0 13 15
233 228 5 1 2 14 4 5 6 7 8 9 10 11 12 3 13 0 15
217 212 5 13 2 14 4 5 6 7 8 9 10 11 12 0 3 15 1
218 213 5 13 2 14 4 5 6 7 8 9 10 11 12 3 0 15 1
220 214 6 13 2 14 4 5 6 7 8 9 10 11 12 3 15 0 1
220 215 5 13 2 14 4 5 6 7 8 9 10 11 12 3 15 1 0
224 218 6 0 2 14 4 5 6 7 8 9 10 11 12 3 15 1 13
198 192 6 1 2 14 4 5 6 7 8 10 3 11 12 13 15 0 9
198 193 5 1 2 14 4 5 6 7 8 10 3 11 12 13 15 9 0
207 201 6 0 2 14 4 5 6 7 8 10 9 11 12 13 3 15 1
211 205 6 1 2 14 4 0 6 7 8 5 10 11 12 9 3 15 13
207 201 6 1 2 14 4 5 6 7 8 10 9 11 12 3 0 15 13
208 202 6 1 2 14 4 5 6 7 8 10 0 11 12 3 9 15 13
208 203 5 1 2 14 4 5 6 7 8 0 10 11 12 3 9 15 13
209 204 5 1 2 14 4 5 6 7 8 3 10 11 12 0 9 15 13
209 206 3 1 2 14 4 5 6 7 8 3 10 11 12 13 9 15 0
214 209 5 1 2 14 4 5 6 7 8 3 10 0 12 13 9 15 11
214 209 5 0 2 14 4 5 6 7 8 3 10 11 12 13 9 15 1
213 208 5 1 2 14 0 5 6 7 8 3 10 11 12 13 9 15 4
214 209 5 1 2 0 14 5 6 7 8 3 10 11 12 13 9 15 4
212 207 5 1 2 14 4 5 6 7 8 3 10 11 12 13 9 0 15
213 208 5 1 2 14 4 5 6 7 8 3 10 11 12 13 0 9 15
212 207 5 1 2 14 4 5 6 7 8 3 10 11 0 13 9 15 12
210 205 5 1 2 14 4 5 6 7 8 3 10 11 12 9 0 15 13
212 206 6 1 2 14 4 5 6 7 8 3 10 11 12 9 15 0 13
212 207 5 1 2 14 4 5 6 7 8 3 10 11 12 9 15 13 0
215 209 6 1 2 14 4 5 6 7 8 3 10 11 12 0 15 13 9
216 210 6 1 2 14 4 5 6 7 8 3 10 11 12 15 0 13 9
217 211 6 1 2 14 4 5 6 7 8 3 10 11 12 15 13 0 9
217 212 5 1 2 14 4 5 6 7 8 3 10 11 12 15 13 9 0
216 210 6 1 2 14 4 5 6 0 7 9 10 11 8 13 3 15 12
217 211 6 1 2 0 4 5 6 14 7 9 10 11 8 13 3 15 12
216 210 6 1 2 14 4 5 6 0 8 9 10 7 11 13 3 15 12
217 211 6 1 2 0 4 5 6 14 8 9 10 7 11 13 3 15 12
220 214 6 1 2 14 4 5 6 7 8 9 10 12 11 0 3 15 13
221 215 6 1 2 14 4 5 6 7 8 9 10 12 11 3 0 15 13
218 212 6 1 2 7 14 5 6 11 8 9 10 0 12 13 3 15 4
215 209 6 1 2 14 4 5 6 7 8 9 10 11 0 3 15 13 12
218 212 6 1 2 7 14 5 6 8 0 9 10 11 12 13 3 15 4
219 213 6 1 2 7 0 5 6 8 14 9 10 11 12 13 3 15 4
219 215 4 1 2 7 4 5 6 8 14 9 10 11 12 13 3 15 0
224 218 6 1 2 7 4 5 6 8 14 9 10 0 12 13 3 15 11
225 219 6 1 2 7 4 5 6 0 14 9 10 8 12 13 3 15 11
225 220 5 1 2 0 4 5 6 7 14 9 10 8 12 13 3 15 11
227 221 6 1 2 4 0 5 6 7 14 9 10 8 12 13 3 15 11
228 223 5 1 2 4 11 5 6 7 14 9 10 8 12 13 3 15 0
232 226 6 1 2 4 11 5 6 7 14 9 10 0 12 13 3 15 8
219 213 6 1 2 14 4 5 6 7 8 9 10 0 12 15 13 11 3
219 213 6 1 2 14 0 5 6 7 8 9 10 11 12 4 15 13 3
220 215 5 1 2 14 3 5 6 7 8 9 10 11 12 4 15 13 0
223 217 6 1 2 14 3 5 6 7 8 9 10 11 12 0 15 13 4
224 218 6 1 2 14 3 5 6 7 8 9 10 11 12 15 0 13 4
225 219 6 1 2 14 3 5 6 7 8 9 10 11 12 15 13 0 4
225 220 5 1 2 14 3 5 6 7 8 9 10 11 12 15 13 4 0
228 222 6 1 2 14 0 5 6 7 8 9 10 11 12 15 13 4 3
231 225 6 1 2 14 15 5 6 7 8 9 10 11 12 0 13 4 3
232 227 5 1 2 14 15 5 6 7 8 9 10 11 12 3 13 4 0
231 226 5 1 2 14 15 5 6 7 8 9 10 11 12 13 0 4 3
232 227 5 1 2 14 15 5 6 7 8 9 10 11 12 13 4 0 3
232 228 4 1 2 14 15 5 6 7 8 9 10 11 12 13 4 3 0
235 230 5 1 2 14 0 5 6 7 8 9 10 11 12 13 4 3 15
236 231 5 1 2 0 14 5 6 7 8 9 10 11 12 13 4 3 15
238 232 6 1 0 2 14 5 6 7 8 9 10 11 12 13 4 3 15
214 208 6 1 2 14 4 5 0 7 8 9 6 11 12 3 10 15 13
219 213 6 13 2 14 4 5 6 7 8 9 10 0 12 1 3 15 11
217 211 6 13 2 14 4 5 6 7 8 9 10 11 12 1 3 0 15
218 212 6 13 2 14 4 5 6 7 8 9 10 11 12 1 0 3 15
219 213 6 13 2 14 4 5 6 7 8 9 10 11 12 0 1 3 15
220 215 5 0 2 14 4 5 6 7 8 9 10 11 12 13 1 3 15
222 218 4 15 2 14 4 5 6 7 8 9 10 11 12 13 1 3 0
224 219 5 15 2 14 4 5 6 7 8 9 10 11 12 13 1 0 3
225 220 5 15 2 14 4 5 6 7 8 9 10 11 12 13 0 1 3
220 215 5 13 2 14 4 5 6 7 8 9 10 11 12 15 1 3 0
224 218 6 0 2 14 4 5 6 7 8 9 10 11 12 15 1 3 13
219 213 6 1 2 14 0 5 6 7 8 9 10 11 12 4 13 3 15
220 215 5 1 2 14 15 5 6 7 8 9 10 11 12 4 13 3 0
223 217 6 1 2 14 15 5 6 7 8 9 10 11 12 0 13 3 4
223 218 5 1 2 14 15 5 6 7 8 9 10 11 12 13 0 3 4
224 219 5 1 2 14 15 5 6 7 8 9 10 11 12 13 3 0 4
224 220 4 1 2 14 15 5 6 7 8 9 10 11 12 13 3 4 0
227 222 5 1 2 14 0 5 6 7 8 9 10 11 12 13 3 4 15
228 223 5 1 2 0 14 5 6 7 8 9 10 11 12 13 3 4 15
230 224 6 1 0 2 14 5 6 7 8 9 10 11 12 13 3 4 15
228 222 6 1 2 14 15 5 6 7 8 9 10 11 12 0 3 4 13
231 225 6 1 2 14 0 5 6 7 8 9 10 11 12 15 3 4 13
232 227 5 1 2 14 13 5 6 7 8 9 10 11 12 15 3 4 0
234 228 6 1 2 14 13 5 6 7 8 9 10 11 12 15 3 0 4
235 229 6 1 2 14 13 5 6 7 8 9 10 11 12 15 0 3 4
220 214 6 1 2 14 0 5 6 7 8 9 10 12 11 13 3 15 4
221 215 6 1 2 0 14 5 6 7 8 9 10 12 11 13 3 15 4
218 212 6 1 2 14 4 5 0 7 8 9 6 10 12 13 3 15 11
217 211 6 1 2 14 8 5 6 0 7 9 10 11 12 13 3 15 4
218 212 6 1 2 0 8 5 6 14 7 9 10 11 12 13 3 15 4
219 213 6 1 2 8 0 5 6 14 7 9 10 11 12 13 3 15 4
219 215 4 1 2 8 4 5 6 14 7 9 10 11 12 13 3 15 0
224 218 6 1 2 8 4 5 6 14 7 9 10 0 12 13 3 15 11
225 219 6 1 2 8 4 5 6 0 7 9 10 14 12 13 3 15 11
225 220 5 1 2 8 4 5 6 7 0 9 10 14 12 13 3 15 11
227 221 6 1 2 8 4 5 6 7 12 9 10 14 0 13 3 15 11
227 222 5 1 2 8 4 5 6 7 12 9 10 14 11 13 3 15 0
231 225 6 1 2 8 4 5 6 7 12 9 10 0 11 13 3 15 14
231 226 5 1 2 8 4 5 6 7 12 9 10 11 0 13 3 15 14
231 227 4 1 2 8 4 5 6 7 12 9 10 11 14 13 3 15 0
231 227 4 1 2 8 4 5 6 7 0 9 10 11 12 13 3 15 14
233 228 5 1 2 8 4 5 6 0 7 9 10 11 12 13 3 15 14
234 229 5 1 2 0 4 5 6 8 7 9 10 11 12 13 3 15 14
233 228 5 1 2 8 0 5 6 7 4 9 10 11 12 13 3 15 14
234 230 4 1 2 8 14 5 6 7 4 9 10 11 12 13 3 15 0
234 229 5 1 2 0 8 5 6 7 4 9 10 11 12 13 3 15 14
236 230 6 1 0 2 8 5 6 7 4 9 10 11 12 13 3 15 14
236 230 6 1 2 7 8 5 6 0 4 9 10 11 12 13 3 15 14
237 231 6 1 2 7 8 5 6 4 0 9 10 11 12 13 3 15 14
237 232 5 1 2 7 0 5 6 4 8 9 10 11 12 13 3 15 14
239 235 4 1 2 7 4 5 6 0 8 9 10 11 12 13 3 15 14
239 236 3 1 2 0 4 5 6 7 8 9 10 11 12 13 3 15 14
241 237 4 1 2 4 0 5 6 7 8 9 10 11 12 13 3 15 14
242 239 3 1 2 4 14 5 6 7 8 9 10 11 12 13 3 15 0
241 237 4 1 0 2 4 5 6 7 8 9 10 11 12 13 3 15 14
238 234 4 1 2 7 14 5 6 4 8 9 10 11 12 13 3 15 0
243 238 5 0 1 2 4 5 6 7 8 9 10 11 12 13 3 15 14
245 241 4 14 1 2 4 5 6 7 8 9 10 11 12 13 3 15 0
243 238 5 1 6 2 4 5 0 7 8 9 10 11 12 13 3 15 14
247 242 5 1 2 4 14 5 6 7 8 9 10 0 12 13 3 15 11
247 242 5 0 2 4 14 5 6 7 8 9 10 11 12 13 3 15 1
249 244 5 14 2 4 0 5 6 7 8 9 10 11 12 13 3 15 1
250 246 4 14 2 4 1 5 6 7 8 9 10 11 12 13 3 15 0
249 245 4 14 2 0 4 5 6 7 8 9 10 11 12 13 3 15 1
251 246 5 14 0 2 4 5 6 7 8 9 10 11 12 13 3 15 1
252 247 5 0 14 2 4 5 6 7 8 9 10 11 12 13 3 15 1
253 250 3 1 14 2 4 5 6 7 8 9 10 11 12 13 3 15 0
258 253 5 1 14 2 4 5 6 7 8 9 10 0 12 13 3 15 11
257 252 5 1 14 2 0 5 6 7 8 9 10 11 12 13 3 15 4
258 253 5 1 14 0 2 5 6 7 8 9 10 11 12 13 3 15 4
259 254 5 1 0 14 2 5 6 7 8 9 10 11 12 13 3 15 4
257 252 5 1 14 2 4 5 6 7 8 9 10 11 12 0 3 15 13
258 253 5 1 14 2 4 5 6 7 8 9 10 11 12 3 0 15 13
256 251 5 1 14 2 4 5 6 7 8 9 10 11 12 13 3 0 15
257 252 5 1 14 2 4 5 6 7 8 9 10 11 12 13 0 3 15
256 251 5 1 14 2 4 5 6 7 8 9 10 11 0 13 3 15 12
251 246 5 14 2 7 4 5 6 0 8 9 10 11 12 13 3 15 1
246 241 5 1 2 4 14 5 6 7 8 9 10 11 12 0 3 15 13
249 244 5 1 2 4 0 5 6 7 8 9 10 11 12 14 3 15 13
250 246 4 1 2 4 13 5 6 7 8 9 10 11 12 14 3 15 0
249 245 4 1 2 0 4 5 6 7 8 9 10 11 12 14 3 15 13
251 246 5 1 0 2 4 5 6 7 8 9 10 11 12 14 3 15 13
251 246 5 1 2 7 4 5 6 0 8 9 10 11 12 14 3 15 13
247 242 5 1 2 4 14 5 6 7 8 9 10 11 12 3 0 15 13
245 240 5 1 2 4 14 5 6 7 8 9 10 11 12 13 3 0 15
246 241 5 1 2 4 14 5 6 7 8 9 10 11 12 13 0 3 15
245 240 5 1 2 4 7 5 6 0 8 9 10 11 12 13 3 15 14
245 240 5 1 2 4 13 5 6 7 8 9 10 11 12 0 3 15 14
246 241 5 1 2 4 13 5 6 7 8 9 10 11 12 3 0 15 14
245 240 5 1 2 4 14 5 6 7 8 9 10 11 0 13 3 15 12
244 239 5 0 2 4 1 5 6 7 8 9 10 11 12 13 3 15 14
243 238 5 1 2 4 8 5 6 7 0 9 10 11 12 13 3 15 14
241 236 5 1 2 7 4 5 6 8 0 9 10 11 12 13 3 15 14
241 236 5 1 2 7 4 5 0 6 8 9 10 11 12 13 3 15 14
241 236 5 1 2 7 4 5 6 11 8 9 10 0 12 13 3 15 14
238 233 5 1 2 0 7 5 6 4 8 9 10 11 12 13 3 15 14
240 234 6 1 0 2 7 5 6 4 8 9 10 11 12 13 3 15 14
243 237 6 1 2 7 4 5 6 11 8 9 10 12 0 13 3 15 14
243 238 5 1 2 7 4 5 6 11 8 9 10 12 14 13 3 15 0
247 241 6 1 2 7 4 5 6 11 8 9 10 0 14 13 3 15 12
247 242 5 1 2 7 4 5 6 0 8 9 10 11 14 13 3 15 12
247 243 4 1 2 0 4 5 6 7 8 9 10 11 14 13 3 15 12
249 244 5 1 2 4 0 5 6 7 8 9 10 11 14 13 3 15 12
250 246 4 1 2 4 12 5 6 7 8 9 10 11 14 13 3 15 0
252 247 5 1 2 4 12 5 6 7 8 9 10 11 0 13 3 15 14
249 244 5 1 0 2 4 5 6 7 8 9 10 11 14 13 3 15 12
251 245 6 0 1 2 4 5 6 7 8 9 10 11 14 13 3 15 12
253 248 5 12 1 2 4 5 6 7 8 9 10 11 14 13 3 15 0
255 249 6 12 1 2 4 5 6 7 8 9 10 11 0 13 3 15 14
253 247 6 1 2 4 13 5 6 7 8 9 10 11 14 0 3 15 12
254 249 5 1 2 4 13 5 6 7 8 9 10 11 14 12 3 15 0
257 251 6 1 2 4 0 5 6 7 8 9 10 11 14 12 3 15 13
257 252 5 1 2 0 4 5 6 7 8 9 10 11 14 12 3 15 13
259 253 6 1 0 2 4 5 6 7 8 9 10 11 14 12 3 15 13
259 253 6 1 2 7 4 5 6 0 8 9 10 11 14 12 3 15 13
256 250 6 1 2 4 13 5 6 7 8 9 10 11 0 12 3 15 14
254 248 6 1 2 4 13 5 6 7 8 9 10 11 14 3 0 15 12
249 243 6 1 2 4 14 5 6 0 8 9 10 7 12 13 3 15 11
250 244 6 1 2 0 14 5 6 4 8 9 10 7 12 13 3 15 11
251 245 6 1 2 14 0 5 6 4 8 9 10 7 12 13 3 15 11
252 247 5 1 2 14 11 5 6 4 8 9 10 7 12 13 3 15 0
256 250 6 1 2 14 11 5 6 4 8 9 10 0 12 13 3 15 7
257 251 6 1 2 14 11 5 6 0 8 9 10 4 12 13 3 15 7
258 252 6 1 2 0 11 5 6 14 8 9 10 4 12 13 3 15 7
259 253 6 1 2 11 0 5 6 14 8 9 10 4 12 13 3 15 7
260 255 5 1 2 11 7 5 6 14 8 9 10 4 12 13 3 15 0
264 258 6 1 2 11 7 5 6 14 8 9 10 0 12 13 3 15 4
265 259 6 1 2 11 7 5 6 0 8 9 10 14 12 13 3 15 4
266 260 6 1 2 0 7 5 6 11 8 9 10 14 12 13 3 15 4
267 261 6 1 2 7 0 5 6 11 8 9 10 14 12 13 3 15 4
267 263 4 1 2 7 4 5 6 11 8 9 10 14 12 13 3 15 0
272 266 6 0 2 7 4 5 6 11 8 9 10 14 12 13 3 15 1
271 265 6 1 2 7 4 5 6 11 8 9 10 14 12 0 3 15 13
272 266 6 1 2 7 4 5 6 11 8 9 10 14 12 3 0 15 13
270 264 6 1 2 7 4 5 6 11 8 9 10 14 12 13 3 0 15
271 265 6 1 2 7 4 5 6 11 8 9 10 14 12 13 0 3 15
271 265 6 1 2 7 4 5 6 11 8 9 10 0 12 13 3 14 15
271 266 5 1 2 7 4 5 6 0 8 9 10 11 12 13 3 14 15
271 267 4 1 2 0 4 5 6 7 8 9 10 11 12 13 3 14 15
273 268 5 1 2 4 0 5 6 7 8 9 10 11 12 13 3 14 15
274 270 4 1 2 4 15 5 6 7 8 9 10 11 12 13 3 14 0
276 271 5 1 2 4 15 5 6 7 8 9 10 11 12 13 3 0 14
277 272 5 1 2 4 15 5 6 7 8 9 10 11 12 13 0 3 14
273 268 5 1 0 2 4 5 6 7 8 9 10 11 12 13 3 14 15
275 269 6 0 1 2 4 5 6 7 8 9 10 11 12 13 3 14 15
277 272 5 15 1 2 4 5 6 7 8 9 10 11 12 13 3 14 0
279 273 6 15 1 2 4 5 6 7 8 9 10 11 12 13 3 0 14
280 274 6 15 1 2 4 5 6 7 8 9 10 11 12 13 0 3 14
275 269 6 1 6 2 4 5 0 7 8 9 10 11 12 13 3 14 15
277 271 6 1 2 4 13 5 6 7 8 9 10 11 12 0 3 14 15
278 273 5 1 2 4 13 5 6 7 8 9 10 11 12 15 3 14 0
281 275 6 1 2 4 0 5 6 7 8 9 10 11 12 15 3 14 13
281 276 5 1 2 0 4 5 6 7 8 9 10 11 12 15 3 14 13
283 277 6 1 0 2 4 5 6 7 8 9 10 11 12 15 3 14 13
283 277 6 1 2 7 4 5 6 0 8 9 10 11 12 15 3 14 13
280 274 6 1 2 4 13 5 6 7 8 9 10 11 12 15 3 0 14
281 275 6 1 2 4 13 5 6 7 8 9 10 11 12 15 0 3 14
282 276 6 1 2 4 13 5 6 7 8 9 10 11 12 0 15 3 14
284 279 5 1 2 4 0 5 6 7 8 9 10 11 12 13 15 3 14
285 281 4 1 2 4 14 5 6 7 8 9 10 11 12 13 15 3 0
284 280 4 1 2 0 4 5 6 7 8 9 10 11 12 13 15 3 14
286 281 5 1 0 2 4 5 6 7 8 9 10 11 12 13 15 3 14
286 281 5 1 2 7 4 5 6 0 8 9 10 11 12 13 15 3 14
287 282 5 1 2 4 14 5 6 7 8 9 10 11 12 13 15 0 3
287 283 4 1 2 4 14 5 6 7 8 9 10 11 12 13 0 15 3
289 284 5 1 2 4 14 5 6 7 8 9 10 11 12 0 13 15 3
290 286 4 1 2 4 14 5 6 7 8 9 10 11 12 3 13 15 0
293 288 5 1 2 4 0 5 6 7 8 9 10 11 12 3 13 15 14
293 289 4 1 2 0 4 5 6 7 8 9 10 11 12 3 13 15 14
295 290 5 1 0 2 4 5 6 7 8 9 10 11 12 3 13 15 14
295 290 5 1 2 7 4 5 6 0 8 9 10 11 12 3 13 15 14
296 291 5 1 2 4 3 5 6 7 8 9 10 11 12 0 13 15 14
297 293 4 1 2 4 3 5 6 7 8 9 10 11 12 14 13 15 0
296 292 4 1 2 4 3 5 6 7 8 9 10 11 12 13 0 15 14
298 293 5 1 2 4 3 5 6 7 8 9 10 11 12 13 15 0 14
298 294 4 1 2 4 3 5 6 7 8 9 10 11 12 13 15 14 0
301 296 5 1 2 4 0 5 6 7 8 9 10 11 12 13 15 14 3
301 297 4 1 2 0 4 5 6 7 8 9 10 11 12 13 15 14 3
303 298 5 1 0 2 4 5 6 7 8 9 10 11 12 13 15 14 3
303 298 5 1 2 7 4 5 6 0 8 9 10 11 12 13 15 14 3
298 293 5 1 2 4 3 5 6 7 8 9 0 11 12 13 10 15 14
292 287 5 1 2 4 0 5 6 7 8 9 10 11 12 14 13 15 3
292 288 4 1 2 0 4 5 6 7 8 9 10 11 12 14 13 15 3
294 289 5 1 0 2 4 5 6 7 8 9 10 11 12 14 13 15 3
294 289 5 1 2 7 4 5 6 0 8 9 10 11 12 14 13 15 3
289 284 5 1 2 4 14 5 6 7 8 9 0 11 12 13 10 15 3
283 278 5 1 2 4 13 5 6 7 8 9 10 11 12 14 15 3 0
286 280 6 1 2 4 0 5 6 7 8 9 10 11 12 14 15 3 13
286 281 5 1 2 0 4 5 6 7 8 9 10 11 12 14 15 3 13
288 282 6 1 0 2 4 5 6 7 8 9 10 11 12 14 15 3 13
296 290 6 1 2 7 4 5 0 6 8 9 10 11 12 14 13 15 3
288 282 6 1 2 7 4 5 6 0 8 9 10 11 12 14 15 3 13
285 279 6 1 2 4 13 5 6 7 8 9 10 11 12 14 15 0 3
285 280 5 1 2 4 13 5 6 7 8 9 10 11 12 14 0 15 3
285 281 4 1 2 4 13 5 6 7 8 9 10 11 12 0 14 15 3
287 284 3 1 2 4 0 5 6 7 8 9 10 11 12 13 14 15 3
288 286 2 1 2 4 3 5 6 7 8 9 10 11 12 13 14 15 0
287 285 2 1 2 0 4 5 6 7 8 9 10 11 12 13 14 15 3
289 286 3 1 0 2 4 5 6 7 8 9 10 11 12 13 14 15 3
289 286 3 1 2 7 4 5 6 0 8 9 10 11 12 13 14 15 3
286 283 3 1 2 4 13 5 6 7 8 9 10 11 12 3 14 15 0
289 285 4 1 2 4 0 5 6 7 8 9 10 11 12 3 14 15 13
289 286 3 1 2 0 4 5 6 7 8 9 10 11 12 3 14 15 13
291 287 4 1 0 2 4 5 6 7 8 9 10 11 12 3 14 15 13
291 287 4 1 2 7 4 5 6 0 8 9 10 11 12 3 14 15 13
291 287 4 1 2 7 4 5 6 8 0 9 10 11 12 13 14 15 3
291 287 4 1 2 7 4 5 0 6 8 9 10 11 12 13 14 15 3
291 287 4 1 2 7 4 5 6 11 8 9 10 0 12 13 14 15 3
291 287 4 0 1 2 4 5 6 7 8 9 10 11 12 13 14 15 3
293 290 3 3 1 2 4 5 6 7 8 9 10 11 12 13 14 15 0
291 287 4 1 6 2 4 5 0 7 8 9 10 11 12 13 14 15 3
291 287 4 1 2 4 3 5 6 7 8 9 10 11 12 13 14 0 15
290 286 4 0 2 4 1 5 6 7 8 9 10 11 12 13 14 15 3
292 289 3 3 2 4 1 5 6 7 8 9 10 11 12 13 14 15 0
295 291 4 3 2 4 0 5 6 7 8 9 10 11 12 13 14 15 1
295 292 3 3 2 0 4 5 6 7 8 9 10 11 12 13 14 15 1
297 293 4 3 0 2 4 5 6 7 8 9 10 11 12 13 14 15 1
298 294 4 0 3 2 4 5 6 7 8 9 10 11 12 13 14 15 1
299 297 2 1 3 2 4 5 6 7 8 9 10 11 12 13 14 15 0
304 300 4 1 3 2 4 5 6 7 8 9 10 0 12 13 14 15 11
303 299 4 1 3 2 0 5 6 7 8 9 10 11 12 13 14 15 4
304 300 4 1 3 0 2 5 6 7 8 9 10 11 12 13 14 15 4
304 301 3 1 0 3 2 5 6 7 8 9 10 11 12 13 14 15 4
306 302 4 0 1 3 2 5 6 7 8 9 10 11 12 13 14 15 4
308 305 3 4 1 3 2 5 6 7 8 9 10 11 12 13 14 15 0
311 307 4 4 1 3 0 5 6 7 8 9 10 11 12 13 14 15 2
312 309 3 0 1 3 4 5 6 7 8 9 10 11 12 13 14 15 2
314 312 2 2 1 3 4 5 6 7 8 9 10 11 12 13 14 15 0
312 310 2 1 0 3 4 5 6 7 8 9 10 11 12 13 14 15 2
314 311 3 1 3 0 4 5 6 7 8 9 10 11 12 13 14 15 2
314 311 3 1 6 3 4 5 0 7 8 9 10 11 12 13 14 15 2
316 312 4 1 6 3 4 5 7 0 8 9 10 11 12 13 14 15 2
316 312 4 1 6 3 4 0 5 7 8 9 10 11 12 13 14 15 2
316 312 4 1 6 3 4 5 10 7 8 9 0 11 12 13 14 15 2
316 312 4 1 3 4 0 5 6 7 8 9 10 11 12 13 14 15 2
317 314 3 1 3 4 2 5 6 7 8 9 10 11 12 13 14 15 0
316 312 4 1 3 7 4 5 6 0 8 9 10 11 12 13 14 15 2
308 304 4 2 1 3 0 5 6 7 8 9 10 11 12 13 14 15 4
319 315 4 2 1 3 4 5 6 7 8 9 10 0 12 13 14 15 11
297 293 4 3 2 7 4 5 6 0 8 9 10 11 12 13 14 15 1
291 287 4 1 2 4 7 5 6 0 8 9 10 11 12 13 14 15 3
292 288 4 1 2 0 7 5 6 4 8 9 10 11 12 13 14 15 3
293 289 4 1 2 7 0 5 6 4 8 9 10 11 12 13 14 15 3
294 291 3 1 2 7 3 5 6 4 8 9 10 11 12 13 14 15 0
303 299 4 1 3 2 4 5 6 7 8 9 10 11 12 0 14 15 13
293 289 4 0 2 4 3 5 6 7 8 9 10 11 12 13 14 15 1
289 285 4 1 2 4 8 5 6 7 0 9 10 11 12 13 14 15 3
293 289 4 1 2 4 3 5 6 7 8 9 10 0 12 13 14 15 11
292 288 4 1 2 4 3 5 6 7 8 9 10 11 12 0 14 15 13
306 302 4 1 6 3 2 5 0 7 8 9 10 11 12 13 14 15 4
314 310 4 5 1 3 4 0 6 7 8 9 10 11 12 13 14 15 2
291 287 4 1 2 4 3 5 6 7 8 9 10 11 0 13 14 15 12
302 298 4 1 3 2 4 5 6 7 8 9 10 11 12 13 14 0 15
316 312 4 6 1 3 4 5 0 7 8 9 10 11 12 13 14 15 2
317 313 4 6 0 3 4 5 1 7 8 9 10 11 12 13 14 15 2
318 314 4 0 6 3 4 5 1 7 8 9 10 11 12 13 14 15 2
320 317 3 2 6 3 4 5 1 7 8 9 10 11 12 13 14 15 0
317 313 4 2 1 3 4 5 6 7 8 9 10 11 0 13 14 15 12
315 311 4 13 1 3 4 5 6 7 8 9 10 11 12 0 14 15 2
316 313 3 13 1 3 4 5 6 7 8 9 10 11 12 2 14 15 0
320 316 4 0 1 3 4 5 6 7 8 9 10 11 12 2 14 15 13
320 317 3 1 0 3 4 5 6 7 8 9 10 11 12 2 14 15 13
322 318 4 1 3 0 4 5 6 7 8 9 10 11 12 2 14 15 13
322 318 4 1 6 3 4 5 0 7 8 9 10 11 12 2 14 15 13
302 298 4 1 3 2 4 5 6 7 8 9 10 11 0 13 14 15 12
317 313 4 2 1 3 4 5 6 7 8 9 10 11 12 13 14 0 15
318 314 4 2 1 3 4 5 6 7 8 9 10 11 12 0 14 15 13
322 317 5 2 1 3 4 5 6 7 8 9 0 11 12 10 14 15 13
322 317 5 2 1 3 0 5 6 7 8 9 10 11 12 4 14 15 13
323 319 4 2 1 3 13 5 6 7 8 9 10 11 12 4 14 15 0
327 322 5 0 1 3 13 5 6 7 8 9 10 11 12 4 14 15 2
327 323 4 1 0 3 13 5 6 7 8 9 10 11 12 4 14 15 2
329 324 5 1 3 0 13 5 6 7 8 9 10 11 12 4 14 15 2
330 325 5 1 3 13 0 5 6 7 8 9 10 11 12 4 14 15 2
332 328 4 1 3 13 4 5 6 7 8 9 10 11 12 0 14 15 2
333 330 3 1 3 13 4 5 6 7 8 9 10 11 12 2 14 15 0
331 327 4 1 3 13 2 5 6 7 8 9 10 11 12 4 14 15 0
334 329 5 1 3 13 2 5 6 7 8 9 10 11 12 0 14 15 4
338 333 5 1 3 13 4 5 6 7 8 9 10 0 12 2 14 15 11
293 288 5 1 2 7 4 5 6 11 8 9 10 0 12 3 14 15 13
294 289 5 4 1 2 0 5 6 7 8 9 10 11 12 13 14 15 3
295 291 4 4 1 2 3 5 6 7 8 9 10 11 12 13 14 15 0
299 294 5 0 1 2 3 5 6 7 8 9 10 11 12 13 14 15 4
299 295 4 1 0 2 3 5 6 7 8 9 10 11 12 13 14 15 4
299 296 3 1 2 0 3 5 6 7 8 9 10 11 12 13 14 15 4
299 297 2 1 2 3 0 5 6 7 8 9 10 11 12 13 14 15 4
299 299 0 1 2 3 4 5 6 7 8 9 10 11 12 13 14 15 0
