0 0 0 14 1 0 11 3 2 12 6 7 5 15 13 8 9 10 4
17 1 16 14 1 11 0 3 2 12 6 7 5 15 13 8 9 10 4
17 3 14 14 1 11 4 3 2 12 6 7 5 15 13 8 9 10 0
21 6 15 14 1 11 4 3 2 12 6 7 5 0 13 8 9 10 15
22 7 15 14 1 11 4 3 2 12 6 7 5 13 0 8 9 10 15
22 8 14 14 1 11 4 3 2 12 6 7 5 13 15 8 9 10 0
26 11 15 14 1 11 4 3 2 12 6 7 5 0 15 8 9 10 13
27 12 15 14 1 11 4 3 2 12 6 7 0 5 15 8 9 10 13
27 13 14 14 1 11 4 3 2 12 6 0 7 5 15 8 9 10 13
27 14 13 14 1 11 4 0 2 12 6 3 7 5 15 8 9 10 13
27 15 12 14 1 11 4 2 0 12 6 3 7 5 15 8 9 10 13
28 16 12 14 1 11 4 2 12 0 6 3 7 5 15 8 9 10 13
29 17 12 14 1 11 4 2 12 6 0 3 7 5 15 8 9 10 13
30 18 12 14 1 11 0 2 12 6 4 3 7 5 15 8 9 10 13
30 20 10 14 1 11 13 2 12 6 4 3 7 5 15 8 9 10 0
34 23 11 14 1 11 13 2 12 6 4 3 7 0 15 8 9 10 5
35 24 11 14 1 11 13 2 12 6 4 3 7 10 15 8 9 0 5
35 25 10 14 1 11 13 2 12 6 4 3 7 10 15 8 9 5 0
39 28 11 14 1 11 13 2 12 6 4 3 7 0 15 8 9 5 10
40 29 11 14 1 11 13 2 12 0 4 3 7 6 15 8 9 5 10
41 30 11 14 1 11 13 2 12 4 0 3 7 6 15 8 9 5 10
39 28 11 0 1 11 13 2 12 6 4 3 7 10 15 8 9 5 14
39 29 10 1 0 11 13 2 12 6 4 3 7 10 15 8 9 5 14
40 30 10 1 11 0 13 2 12 6 4 3 7 10 15 8 9 5 14
41 31 10 1 11 6 13 2 12 0 4 3 7 10 15 8 9 5 14
41 32 9 1 11 6 13 2 12 10 4 3 7 0 15 8 9 5 14
42 33 9 1 11 6 13 2 12 10 4 3 7 5 15 8 9 0 14
42 34 8 1 11 6 13 2 12 10 4 3 7 5 15 8 9 14 0
46 37 9 1 11 6 13 2 12 10 4 3 7 0 15 8 9 14 5
47 38 9 1 11 6 13 2 12 10 4 3 7 14 15 8 9 0 5
47 39 8 1 11 6 13 2 12 10 4 3 7 14 15 8 9 5 0
50 41 9 1 11 6 13 2 12 10 4 3 7 14 15 0 9 5 8
51 42 9 1 11 6 13 2 12 10 4 3 7 14 15 9 0 5 8
52 43 9 1 11 6 13 2 12 10 4 3 7 14 15 9 5 0 8
52 44 8 1 11 6 13 2 12 10 4 3 7 14 15 9 5 8 0
56 47 9 1 11 6 13 2 12 10 4 3 7 0 15 9 5 8 14
57 48 9 1 11 6 13 2 12 10 4 3 7 8 15 9 5 0 14
57 49 8 1 11 6 13 2 12 10 4 3 7 8 15 9 5 14 0
60 51 9 1 11 6 13 2 12 10 4 3 7 8 15 0 5 14 9
61 52 9 1 11 6 13 2 12 10 4 3 7 8 15 5 0 14 9
62 53 9 1 11 6 13 2 12 10 4 3 7 8 15 5 14 0 9
62 54 8 1 11 6 13 2 12 10 4 3 7 8 15 5 14 9 0
66 57 9 1 11 6 13 2 12 10 4 3 7 0 15 5 14 9 8
67 58 9 1 11 6 13 2 12 10 4 3 7 9 15 5 14 0 8
67 59 8 1 11 6 13 2 12 10 4 3 7 9 15 5 14 8 0
70 61 9 1 11 6 13 2 12 10 4 3 7 9 15 0 14 8 5
71 62 9 1 11 6 13 2 12 10 4 3 7 9 15 14 0 8 5
71 63 8 1 11 6 13 2 12 10 4 3 7 9 15 14 8 0 5
71 64 7 1 11 6 13 2 12 10 4 3 7 9 15 14 8 5 0
75 67 8 1 11 6 13 2 12 10 4 3 7 0 15 14 8 5 9
76 68 8 1 11 6 13 2 12 10 4 3 7 5 15 14 8 0 9
76 69 7 1 11 6 13 2 12 10 4 3 7 5 15 14 8 9 0
79 71 8 1 11 6 13 2 12 10 4 3 7 5 15 0 8 9 14
74 66 8 1 11 6 13 2 12 10 4 3 7 9 15 0 8 5 14
72 64 8 1 11 6 13 2 12 10 4 3 7 0 15 14 8 9 5
74 65 9 1 11 6 13 2 12 10 4 3 7 15 0 14 8 9 5
74 66 8 1 11 6 13 2 12 10 4 3 7 15 5 14 8 9 0
78 69 9 1 11 6 13 2 12 10 4 3 7 0 5 14 8 9 15
79 70 9 1 11 6 13 2 12 10 4 3 7 9 5 14 8 0 15
79 71 8 1 11 6 13 2 12 10 4 3 7 9 5 14 8 15 0
83 74 9 1 11 6 13 2 12 10 4 3 7 0 5 14 8 15 9
84 75 9 1 11 6 13 2 12 10 4 3 7 5 0 14 8 15 9
84 76 8 1 11 6 13 2 12 10 4 3 7 5 9 14 8 15 0
88 79 9 1 11 6 13 2 12 10 4 3 7 0 9 14 8 15 5
89 80 9 1 11 6 13 2 12 10 4 3 7 15 9 14 8 0 5
89 81 8 1 11 6 13 2 12 10 4 3 7 15 9 14 8 5 0
93 84 9 1 11 6 13 2 12 10 4 3 7 0 9 14 8 5 15
92 83 9 1 11 6 13 2 12 10 4 3 7 15 9 0 8 5 14
87 78 9 1 11 6 13 2 12 10 4 3 7 5 9 0 8 15 14
74 65 9 1 11 6 13 2 12 0 4 3 7 10 15 14 8 9 5
75 66 9 1 11 6 13 2 12 4 0 3 7 10 15 14 8 9 5
75 66 9 1 11 6 13 2 0 12 4 3 7 10 15 14 8 9 5
76 67 9 1 0 6 13 2 11 12 4 3 7 10 15 14 8 9 5
77 68 9 1 6 0 13 2 11 12 4 3 7 10 15 14 8 9 5
78 69 9 1 6 12 13 2 11 0 4 3 7 10 15 14 8 9 5
78 70 8 1 6 12 13 2 11 10 4 3 7 0 15 14 8 9 5
79 71 8 1 6 12 13 2 11 10 4 3 7 9 15 14 8 0 5
79 72 7 1 6 12 13 2 11 10 4 3 7 9 15 14 8 5 0
83 75 8 1 6 12 13 2 11 10 4 3 7 0 15 14 8 5 9
84 76 8 1 6 12 13 2 11 10 4 3 7 5 15 14 8 0 9
84 77 7 1 6 12 13 2 11 10 4 3 7 5 15 14 8 9 0
87 79 8 1 6 12 13 2 11 10 4 3 7 5 15 0 8 9 14
82 74 8 1 6 12 13 2 11 10 4 3 7 9 15 0 8 5 14
86 77 9 1 6 12 13 2 11 10 4 3 0 9 15 7 8 5 14
87 78 9 1 6 12 13 2 11 10 4 3 9 0 15 7 8 5 14
88 79 9 1 6 12 13 2 11 10 4 3 9 5 15 7 8 0 14
88 80 8 1 6 12 13 2 11 10 4 3 9 5 15 7 8 14 0
92 83 9 1 6 12 13 2 11 10 4 3 9 0 15 7 8 14 5
93 84 9 1 6 12 13 2 11 10 4 3 0 9 15 7 8 14 5
94 85 9 1 6 12 13 2 0 10 4 3 11 9 15 7 8 14 5
94 86 8 1 0 12 13 2 6 10 4 3 11 9 15 7 8 14 5
95 87 8 1 12 0 13 2 6 10 4 3 11 9 15 7 8 14 5
97 88 9 1 12 13 0 2 6 10 4 3 11 9 15 7 8 14 5
98 90 8 1 12 13 5 2 6 10 4 3 11 9 15 7 8 14 0
102 93 9 1 12 13 5 2 6 10 4 3 11 0 15 7 8 14 9
102 94 8 1 12 13 5 2 6 10 4 3 0 11 15 7 8 14 9
104 95 9 1 12 13 5 2 6 10 4 0 3 11 15 7 8 14 9
105 96 9 1 12 13 5 2 6 10 4 7 3 11 15 0 8 14 9
106 98 8 1 12 13 5 2 6 10 4 7 3 11 15 9 8 14 0
109 100 9 1 12 13 0 2 6 10 4 7 3 11 15 9 8 14 5
109 101 8 1 12 0 13 2 6 10 4 7 3 11 15 9 8 14 5
110 102 8 1 0 12 13 2 6 10 4 7 3 11 15 9 8 14 5
112 103 9 0 1 12 13 2 6 10 4 7 3 11 15 9 8 14 5
114 106 8 5 1 12 13 2 6 10 4 7 3 11 15 9 8 14 0
117 108 9 5 1 12 13 2 6 10 4 7 3 11 15 0 8 14 9
120 111 9 5 1 12 13 2 6 10 4 7 0 11 15 3 8 14 9
120 112 8 5 1 12 13 2 6 10 4 0 7 11 15 3 8 14 9
120 113 7 5 1 12 13 2 6 10 4 3 7 11 15 0 8 14 9
121 115 6 5 1 12 13 2 6 10 4 3 7 11 15 9 8 14 0
125 118 7 0 1 12 13 2 6 10 4 3 7 11 15 9 8 14 5
125 119 6 1 0 12 13 2 6 10 4 3 7 11 15 9 8 14 5
126 120 6 1 12 0 13 2 6 10 4 3 7 11 15 9 8 14 5
128 121 7 1 12 13 0 2 6 10 4 3 7 11 15 9 8 14 5
129 123 6 1 12 13 5 2 6 10 4 3 7 11 15 9 8 14 0
132 125 7 1 12 13 5 2 6 10 4 3 7 11 15 0 8 14 9
135 128 7 1 12 13 0 2 6 10 4 3 7 11 15 5 8 14 9
136 130 6 1 12 13 9 2 6 10 4 3 7 11 15 5 8 14 0
135 129 6 1 12 0 13 2 6 10 4 3 7 11 15 5 8 14 9
136 130 6 1 0 12 13 2 6 10 4 3 7 11 15 5 8 14 9
138 131 7 1 6 12 13 2 0 10 4 3 7 11 15 5 8 14 9
137 130 7 1 12 10 13 2 6 0 4 3 7 11 15 5 8 14 9
138 131 7 1 12 10 13 2 6 4 0 3 7 11 15 5 8 14 9
138 131 7 1 12 13 9 2 6 10 4 3 7 11 15 5 8 0 14
128 121 7 1 12 10 13 2 6 0 4 3 7 11 15 9 8 14 5
129 122 7 1 12 10 13 2 6 4 0 3 7 11 15 9 8 14 5
127 120 7 1 6 12 13 2 0 10 4 3 7 11 15 9 8 14 5
127 120 7 9 1 12 13 2 6 10 4 3 7 11 15 0 8 14 5
128 122 6 9 1 12 13 2 6 10 4 3 7 11 15 5 8 14 0
130 123 7 9 1 12 13 2 6 10 4 3 7 11 15 5 8 0 14
123 116 7 5 1 12 13 2 6 10 4 3 7 11 15 9 8 0 14
122 115 7 0 1 12 13 2 6 10 4 3 7 11 15 5 8 14 9
131 124 7 1 12 13 9 2 6 10 4 3 7 11 15 0 8 14 5
136 129 7 1 12 13 4 2 6 10 0 3 7 11 15 5 8 14 9
129 122 7 1 12 13 4 2 6 10 0 3 7 11 15 9 8 14 5
131 124 7 1 12 13 5 2 6 10 4 3 7 11 15 9 8 0 14
133 125 8 1 12 13 5 2 6 10 4 3 7 11 15 9 0 8 14
134 126 8 1 12 13 5 2 6 10 4 3 7 11 15 0 9 8 14
135 128 7 1 12 13 5 2 6 10 4 3 7 11 15 14 9 8 0
138 130 8 1 12 13 0 2 6 10 4 3 7 11 15 14 9 8 5
138 131 7 1 12 0 13 2 6 10 4 3 7 11 15 14 9 8 5
139 132 7 1 0 12 13 2 6 10 4 3 7 11 15 14 9 8 5
141 133 8 0 1 12 13 2 6 10 4 3 7 11 15 14 9 8 5
143 136 7 5 1 12 13 2 6 10 4 3 7 11 15 14 9 8 0
146 138 8 5 1 12 13 2 6 10 4 3 7 11 15 0 9 8 14
148 140 8 0 1 12 13 2 6 10 4 3 7 11 15 5 9 8 14
150 143 7 14 1 12 13 2 6 10 4 3 7 11 15 5 9 8 0
148 141 7 1 0 12 13 2 6 10 4 3 7 11 15 5 9 8 14
149 142 7 1 12 0 13 2 6 10 4 3 7 11 15 5 9 8 14
151 143 8 1 12 10 13 2 6 0 4 3 7 11 15 5 9 8 14
152 144 8 1 12 10 13 2 6 4 0 3 7 11 15 5 9 8 14
150 142 8 1 6 12 13 2 0 10 4 3 7 11 15 5 9 8 14
134 126 8 1 12 13 5 2 6 10 4 0 7 11 15 3 8 14 9
134 126 8 0 12 13 5 2 6 10 4 3 7 11 15 9 8 14 1
136 128 8 9 12 13 5 2 6 10 4 3 7 11 15 0 8 14 1
137 130 7 9 12 13 5 2 6 10 4 3 7 11 15 1 8 14 0
140 132 8 9 12 13 0 2 6 10 4 3 7 11 15 1 8 14 5
140 133 7 9 12 0 13 2 6 10 4 3 7 11 15 1 8 14 5
141 134 7 9 0 12 13 2 6 10 4 3 7 11 15 1 8 14 5
142 135 7 0 9 12 13 2 6 10 4 3 7 11 15 1 8 14 5
144 138 6 5 9 12 13 2 6 10 4 3 7 11 15 1 8 14 0
143 137 6 1 9 12 13 2 6 10 4 3 7 11 15 0 8 14 5
144 139 5 1 9 12 13 2 6 10 4 3 7 11 15 5 8 14 0
146 140 6 1 9 12 13 2 6 10 4 3 7 11 15 5 8 0 14
148 141 7 1 9 12 13 2 6 10 4 3 7 11 15 5 0 8 14
149 142 7 1 9 12 13 2 6 10 4 3 7 11 15 0 5 8 14
150 144 6 1 9 12 13 2 6 10 4 3 7 11 15 14 5 8 0
152 145 7 1 9 12 13 2 6 10 4 3 7 11 15 14 5 0 8
153 146 7 1 9 12 13 2 6 10 4 3 7 11 15 14 0 5 8
154 147 7 1 9 12 13 2 6 10 4 3 7 11 15 0 14 5 8
155 149 6 1 9 12 13 2 6 10 4 3 7 11 15 8 14 5 0
157 150 7 1 9 12 13 2 6 10 4 3 7 11 15 8 14 0 5
148 141 7 1 9 12 13 2 6 10 4 3 7 0 15 5 8 11 14
149 142 7 1 9 12 13 2 6 10 4 3 7 0 15 5 8 14 11
150 143 7 1 9 12 13 2 6 10 4 3 7 14 15 5 8 0 11
150 144 6 1 9 12 13 2 6 10 4 3 7 14 15 5 8 11 0
153 146 7 1 9 12 13 2 6 10 4 3 7 14 15 0 8 11 5
149 142 7 0 9 12 13 2 6 10 4 3 7 11 15 5 8 14 1
150 143 7 9 0 12 13 2 6 10 4 3 7 11 15 5 8 14 1
151 144 7 9 12 0 13 2 6 10 4 3 7 11 15 5 8 14 1
146 139 7 5 9 12 13 2 6 10 4 3 7 11 15 1 8 0 14
147 140 7 1 9 12 13 2 6 10 4 3 0 11 15 7 8 14 5
147 140 7 1 9 12 0 2 6 10 4 3 7 11 15 13 8 14 5
148 142 6 1 9 12 5 2 6 10 4 3 7 11 15 13 8 14 0
151 144 7 1 9 12 5 2 6 10 4 3 7 11 15 0 8 14 13
150 143 7 1 9 12 5 2 6 10 4 3 7 11 15 13 8 0 14
148 141 7 1 9 0 12 2 6 10 4 3 7 11 15 13 8 14 5
148 142 6 1 0 9 12 2 6 10 4 3 7 11 15 13 8 14 5
150 143 7 0 1 9 12 2 6 10 4 3 7 11 15 13 8 14 5
152 146 6 5 1 9 12 2 6 10 4 3 7 11 15 13 8 14 0
155 148 7 5 1 9 0 2 6 10 4 3 7 11 15 13 8 14 12
157 151 6 5 1 9 13 2 6 10 4 3 7 11 15 0 8 14 12
158 153 5 5 1 9 13 2 6 10 4 3 7 11 15 12 8 14 0
162 156 6 0 1 9 13 2 6 10 4 3 7 11 15 12 8 14 5
162 157 5 1 0 9 13 2 6 10 4 3 7 11 15 12 8 14 5
164 158 6 1 9 0 13 2 6 10 4 3 7 11 15 12 8 14 5
164 158 6 1 6 9 13 2 0 10 4 3 7 11 15 12 8 14 5
164 158 6 12 1 9 13 2 6 10 4 3 7 11 15 0 8 14 5
165 160 5 12 1 9 13 2 6 10 4 3 7 11 15 5 8 14 0
167 161 6 12 1 9 13 2 6 10 4 3 7 11 15 5 8 0 14
160 154 6 5 1 9 13 2 6 10 4 3 7 11 15 12 8 0 14
159 153 6 0 1 9 13 2 6 10 4 3 7 11 15 5 8 14 12
159 154 5 1 0 9 13 2 6 10 4 3 7 11 15 5 8 14 12
161 155 6 1 9 0 13 2 6 10 4 3 7 11 15 5 8 14 12
161 155 6 1 6 9 13 2 0 10 4 3 7 11 15 5 8 14 12
163 156 7 1 6 9 13 2 10 0 4 3 7 11 15 5 8 14 12
164 157 7 1 6 9 13 2 10 4 0 3 7 11 15 5 8 14 12
163 156 7 1 6 9 13 0 2 10 4 3 7 11 15 5 8 14 12
163 156 7 1 6 9 13 2 7 10 4 3 0 11 15 5 8 14 12
159 152 7 5 1 9 13 2 6 10 4 0 7 11 15 3 8 14 12
154 147 7 5 1 9 12 2 6 10 4 3 7 11 15 13 8 0 14
152 145 7 13 1 9 12 2 6 10 4 3 7 11 15 0 8 14 5
153 147 6 13 1 9 12 2 6 10 4 3 7 11 15 5 8 14 0
157 150 7 0 1 9 12 2 6 10 4 3 7 11 15 5 8 14 13
157 151 6 1 0 9 12 2 6 10 4 3 7 11 15 5 8 14 13
159 152 7 1 9 0 12 2 6 10 4 3 7 11 15 5 8 14 13
159 152 7 1 6 9 12 2 0 10 4 3 7 11 15 5 8 14 13
155 148 7 13 1 9 12 2 6 10 4 3 7 11 15 5 8 0 14
155 148 7 5 1 9 12 2 6 10 4 3 7 11 15 0 8 14 13
161 154 7 5 1 9 13 2 6 10 4 3 0 11 15 7 8 14 12
155 148 7 13 1 9 0 2 6 10 4 3 7 11 15 12 8 14 5
156 150 6 13 1 9 5 2 6 10 4 3 7 11 15 12 8 14 0
160 153 7 0 1 9 5 2 6 10 4 3 7 11 15 12 8 14 13
160 154 6 1 0 9 5 2 6 10 4 3 7 11 15 12 8 14 13
162 155 7 1 9 0 5 2 6 10 4 3 7 11 15 12 8 14 13
163 156 7 1 9 5 0 2 6 10 4 3 7 11 15 12 8 14 13
163 158 5 1 9 5 13 2 6 10 4 3 7 11 15 12 8 14 0
166 160 6 1 9 5 13 2 6 10 4 3 7 11 15 0 8 14 12
165 159 6 1 9 5 13 2 6 10 4 3 7 11 15 12 8 0 14
167 160 7 1 9 5 13 2 6 10 4 3 7 11 15 12 0 8 14
168 161 7 1 9 5 13 2 6 10 4 3 7 11 15 0 12 8 14
169 163 6 1 9 5 13 2 6 10 4 3 7 11 15 14 12 8 0
171 164 7 1 9 5 13 2 6 10 4 3 7 11 15 14 12 0 8
171 165 6 1 9 5 13 2 6 10 4 3 7 11 15 14 0 12 8
172 166 6 1 9 5 13 2 6 10 4 3 7 11 15 0 14 12 8
173 168 5 1 9 5 13 2 6 10 4 3 7 11 15 8 14 12 0
178 171 7 1 9 5 13 2 6 10 4 3 7 0 15 8 14 12 11
178 171 7 0 9 5 13 2 6 10 4 3 7 11 15 8 14 12 1
180 173 7 8 9 5 13 2 6 10 4 3 7 11 15 0 14 12 1
181 175 6 8 9 5 13 2 6 10 4 3 7 11 15 1 14 12 0
181 174 7 8 9 5 13 2 6 10 4 3 7 11 15 14 0 12 1
179 172 7 9 0 5 13 2 6 10 4 3 7 11 15 8 14 12 1
179 173 6 9 5 0 13 2 6 10 4 3 7 11 15 8 14 12 1
181 174 7 9 5 13 0 2 6 10 4 3 7 11 15 8 14 12 1
182 176 6 9 5 13 1 2 6 10 4 3 7 11 15 8 14 12 0
186 179 7 0 5 13 1 2 6 10 4 3 7 11 15 8 14 12 9
187 181 6 1 5 13 0 2 6 10 4 3 7 11 15 8 14 12 9
188 183 5 1 5 13 9 2 6 10 4 3 7 11 15 8 14 12 0
187 182 5 1 5 0 13 2 6 10 4 3 7 11 15 8 14 12 9
189 183 6 1 0 5 13 2 6 10 4 3 7 11 15 8 14 12 9
189 183 6 1 5 10 13 2 6 0 4 3 7 11 15 8 14 12 9
190 184 6 1 5 10 13 2 6 4 0 3 7 11 15 8 14 12 9
191 185 6 1 5 13 9 2 6 10 4 3 7 11 15 0 14 12 8
194 188 6 1 5 13 0 2 6 10 4 3 7 11 15 9 14 12 8
195 190 5 1 5 13 8 2 6 10 4 3 7 11 15 9 14 12 0
194 189 5 1 5 0 13 2 6 10 4 3 7 11 15 9 14 12 8
196 190 6 1 0 5 13 2 6 10 4 3 7 11 15 9 14 12 8
196 190 6 1 5 10 13 2 6 0 4 3 7 11 15 9 14 12 8
197 191 6 1 5 10 13 2 6 4 0 3 7 11 15 9 14 12 8
195 189 6 1 5 13 4 2 6 10 0 3 7 11 15 9 14 12 8
192 186 6 1 5 13 9 2 6 10 4 3 7 11 15 14 0 12 8
190 184 6 1 5 13 8 2 6 10 4 3 7 11 15 0 14 12 9
191 185 6 1 5 13 8 2 6 10 4 3 7 11 15 14 0 12 9
188 182 6 1 5 13 4 2 6 10 0 3 7 11 15 8 14 12 9
190 183 7 1 5 13 4 2 6 0 10 3 7 11 15 8 14 12 9
191 184 7 1 5 0 4 2 6 13 10 3 7 11 15 8 14 12 9
192 185 7 1 5 4 0 2 6 13 10 3 7 11 15 8 14 12 9
194 188 6 1 5 4 13 2 6 0 10 3 7 11 15 8 14 12 9
194 189 5 1 5 4 13 2 6 10 0 3 7 11 15 8 14 12 9
196 190 6 1 5 4 13 2 6 10 15 3 7 11 0 8 14 12 9
196 191 5 1 5 4 13 2 6 10 15 3 7 11 9 8 14 12 0
199 193 6 1 5 4 13 2 6 10 15 3 7 11 9 0 14 12 8
200 194 6 1 5 4 13 2 6 10 15 3 7 11 9 14 0 12 8
196 190 6 1 5 4 0 2 6 10 13 3 7 11 15 8 14 12 9
197 192 5 1 5 4 9 2 6 10 13 3 7 11 15 8 14 12 0
200 194 6 1 5 4 9 2 6 10 13 3 7 11 15 0 14 12 8
203 197 6 1 5 4 0 2 6 10 13 3 7 11 15 9 14 12 8
204 199 5 1 5 4 8 2 6 10 13 3 7 11 15 9 14 12 0
203 198 5 1 5 4 13 2 6 10 0 3 7 11 15 9 14 12 8
205 199 6 1 5 4 13 2 6 0 10 3 7 11 15 9 14 12 8
206 200 6 1 5 0 13 2 6 4 10 3 7 11 15 9 14 12 8
205 199 6 1 5 4 13 2 6 10 15 3 7 11 0 9 14 12 8
205 200 5 1 5 4 13 2 6 10 15 3 7 11 8 9 14 12 0
208 202 6 1 5 4 13 2 6 10 15 3 7 11 8 0 14 12 9
209 203 6 1 5 4 13 2 6 10 15 3 7 11 8 14 0 12 9
204 198 6 1 5 0 4 2 6 10 13 3 7 11 15 9 14 12 8
201 195 6 1 5 4 9 2 6 10 13 3 7 11 15 14 0 12 8
199 193 6 1 5 4 8 2 6 10 13 3 7 11 15 0 14 12 9
200 194 6 1 5 4 8 2 6 10 13 3 7 11 15 14 0 12 9
197 191 6 1 5 0 4 2 6 10 13 3 7 11 15 8 14 12 9
195 189 6 1 5 0 13 2 6 4 10 3 7 11 15 8 14 12 9
193 187 6 1 5 4 9 2 6 13 10 3 7 11 15 8 14 12 0
196 189 7 1 5 4 9 2 6 13 10 3 7 11 15 0 14 12 8
199 192 7 1 5 4 0 2 6 13 10 3 7 11 15 9 14 12 8
200 194 6 1 5 4 8 2 6 13 10 3 7 11 15 9 14 12 0
200 193 7 1 5 0 4 2 6 13 10 3 7 11 15 9 14 12 8
174 167 7 1 9 5 13 2 6 10 4 0 7 11 15 3 14 12 8
156 149 7 13 1 9 4 2 6 10 0 3 7 11 15 12 8 14 5
158 151 7 5 1 9 0 2 6 10 4 3 7 11 15 12 8 14 13
159 152 7 5 1 9 4 2 6 10 0 3 7 11 15 12 8 14 13
164 157 7 1 9 5 4 2 6 10 0 3 7 11 15 12 8 14 13
176 169 7 1 9 5 13 2 6 10 4 3 7 11 0 8 14 12 15
177 170 7 1 9 5 13 2 6 10 0 3 7 11 4 8 14 12 15
166 159 7 1 9 5 13 2 6 10 4 3 7 11 0 12 8 14 15
167 160 7 1 9 5 13 2 6 10 0 3 7 11 4 12 8 14 15
176 169 7 1 9 5 13 2 6 10 4 3 7 11 15 8 14 0 12
185 178 7 9 5 13 1 2 6 10 4 3 7 11 15 0 14 12 8
188 181 7 9 5 13 0 2 6 10 4 3 7 11 15 1 14 12 8
189 183 6 9 5 13 8 2 6 10 4 3 7 11 15 1 14 12 0
188 182 6 9 5 0 13 2 6 10 4 3 7 11 15 1 14 12 8
190 183 7 9 0 5 13 2 6 10 4 3 7 11 15 1 14 12 8
190 183 7 9 5 10 13 2 6 0 4 3 7 11 15 1 14 12 8
191 184 7 9 5 10 13 2 6 4 0 3 7 11 15 1 14 12 8
191 184 7 1 5 13 10 2 6 0 4 3 7 11 15 8 14 12 9
192 185 7 1 5 13 10 2 6 4 0 3 7 11 15 8 14 12 9
192 185 7 1 5 0 10 2 6 13 4 3 7 11 15 8 14 12 9
193 186 7 1 5 10 0 2 6 13 4 3 7 11 15 8 14 12 9
194 188 6 1 5 10 9 2 6 13 4 3 7 11 15 8 14 12 0
197 190 7 1 5 10 9 2 6 13 4 3 7 11 15 0 14 12 8
200 193 7 1 5 10 0 2 6 13 4 3 7 11 15 9 14 12 8
201 195 6 1 5 10 8 2 6 13 4 3 7 11 15 9 14 12 0
201 194 7 1 5 0 10 2 6 13 4 3 7 11 15 9 14 12 8
195 188 7 1 5 13 9 2 6 10 4 3 0 11 15 7 14 12 8
196 189 7 1 5 13 9 2 6 10 4 3 14 11 15 7 0 12 8
197 190 7 1 5 13 9 2 6 10 4 3 14 11 15 0 7 12 8
198 192 6 1 5 13 9 2 6 10 4 3 14 11 15 8 7 12 0
201 194 7 1 5 13 0 2 6 10 4 3 14 11 15 8 7 12 9
201 195 6 1 5 0 13 2 6 10 4 3 14 11 15 8 7 12 9
203 196 7 1 0 5 13 2 6 10 4 3 14 11 15 8 7 12 9
203 196 7 1 5 10 13 2 6 0 4 3 14 11 15 8 7 12 9
204 197 7 1 5 10 13 2 6 4 0 3 14 11 15 8 7 12 9
201 194 7 1 5 4 13 2 6 10 15 0 7 11 9 3 14 12 8
199 192 7 1 5 10 0 2 6 4 13 3 7 11 15 9 14 12 8
200 194 6 1 5 10 8 2 6 4 13 3 7 11 15 9 14 12 0
203 196 7 1 5 10 8 2 6 4 13 3 7 11 15 0 14 12 9
204 197 7 1 5 10 8 2 6 4 13 3 7 11 15 14 0 12 9
198 191 7 1 5 10 13 2 6 11 4 3 7 0 15 9 14 12 8
198 191 7 1 6 5 13 2 0 10 4 3 7 11 15 9 14 12 8
198 191 7 1 5 13 8 2 6 10 4 3 7 11 15 9 14 0 12
199 192 7 1 5 13 8 2 6 10 4 3 7 11 15 9 0 14 12
200 193 7 1 5 13 8 2 6 10 4 3 7 11 15 0 9 14 12
201 195 6 1 5 13 8 2 6 10 4 3 7 11 15 12 9 14 0
204 197 7 1 5 13 0 2 6 10 4 3 7 11 15 12 9 14 8
204 198 6 1 5 0 13 2 6 10 4 3 7 11 15 12 9 14 8
206 199 7 1 0 5 13 2 6 10 4 3 7 11 15 12 9 14 8
158 151 7 13 1 9 5 2 6 10 4 3 7 11 15 12 8 0 14
194 187 7 1 5 13 9 2 6 10 4 3 7 11 15 14 12 0 8
194 188 6 1 5 13 9 2 6 10 4 3 7 11 15 14 12 8 0
197 190 7 1 5 13 0 2 6 10 4 3 7 11 15 14 12 8 9
197 191 6 1 5 0 13 2 6 10 4 3 7 11 15 14 12 8 9
199 192 7 1 0 5 13 2 6 10 4 3 7 11 15 14 12 8 9
193 186 7 1 5 4 10 2 6 13 0 3 7 11 15 8 14 12 9
193 186 7 1 5 13 8 2 6 10 4 3 7 11 15 14 12 0 9
193 187 6 1 5 13 8 2 6 10 4 3 7 11 15 14 12 9 0
196 189 7 1 5 13 0 2 6 10 4 3 7 11 15 14 12 9 8
196 190 6 1 5 0 13 2 6 10 4 3 7 11 15 14 12 9 8
198 191 7 1 0 5 13 2 6 10 4 3 7 11 15 14 12 9 8
199 192 7 1 5 10 13 2 6 0 4 3 7 11 15 14 12 8 9
200 193 7 1 5 10 13 2 6 4 0 3 7 11 15 14 12 8 9
201 194 7 1 5 4 13 2 6 10 15 3 7 0 9 8 14 12 11
202 195 7 1 5 4 13 2 6 10 15 3 7 9 0 8 14 12 11
202 196 6 1 5 4 13 2 6 10 15 3 7 9 11 8 14 12 0
202 196 6 1 5 4 13 2 6 10 0 3 7 9 15 8 14 12 11
204 197 7 1 5 4 13 2 6 0 10 3 7 9 15 8 14 12 11
205 198 7 1 5 4 13 2 6 9 10 3 7 0 15 8 14 12 11
196 189 7 1 5 4 13 2 6 11 10 3 7 0 15 8 14 12 9
196 189 7 1 5 4 13 2 0 6 10 3 7 11 15 8 14 12 9
201 194 7 0 5 4 13 2 6 10 15 3 7 11 9 8 14 12 1
203 196 7 8 5 4 13 2 6 10 15 3 7 11 9 0 14 12 1
204 198 6 8 5 4 13 2 6 10 15 3 7 11 9 1 14 12 0
206 199 7 8 5 4 13 2 6 10 15 3 7 11 0 1 14 12 9
206 200 6 8 5 4 13 2 6 10 0 3 7 11 15 1 14 12 9
208 201 7 8 5 4 13 2 6 0 10 3 7 11 15 1 14 12 9
209 202 7 8 5 0 13 2 6 4 10 3 7 11 15 1 14 12 9
203 196 7 1 5 4 0 2 6 10 15 3 7 11 9 13 14 12 8
204 198 6 1 5 4 8 2 6 10 15 3 7 11 9 13 14 12 0
207 200 7 1 5 4 8 2 6 10 15 3 7 11 9 0 14 12 13
208 201 7 1 5 4 8 2 6 10 15 3 7 11 9 14 0 12 13
202 195 7 0 5 4 9 2 6 10 13 3 7 11 15 8 14 12 1
204 197 7 8 5 4 9 2 6 10 13 3 7 11 15 0 14 12 1
205 199 6 8 5 4 9 2 6 10 13 3 7 11 15 1 14 12 0
204 197 7 1 5 4 9 2 6 10 13 3 0 11 15 7 14 12 8
205 198 7 1 5 4 9 2 6 10 13 3 14 11 15 7 0 12 8
206 199 7 1 5 4 9 2 6 10 13 3 14 11 15 0 7 12 8
207 201 6 1 5 4 9 2 6 10 13 3 14 11 15 8 7 12 0
210 203 7 1 5 4 0 2 6 10 13 3 14 11 15 8 7 12 9
210 204 6 1 5 4 13 2 6 10 0 3 14 11 15 8 7 12 9
212 205 7 1 5 4 13 2 6 0 10 3 14 11 15 8 7 12 9
213 206 7 1 5 0 13 2 6 4 10 3 14 11 15 8 7 12 9
209 202 7 0 5 4 8 2 6 10 13 3 7 11 15 9 14 12 1
211 204 7 9 5 4 8 2 6 10 13 3 7 11 15 0 14 12 1
212 206 6 9 5 4 8 2 6 10 13 3 7 11 15 1 14 12 0
215 208 7 9 5 4 0 2 6 10 13 3 7 11 15 1 14 12 8
215 209 6 9 5 4 13 2 6 10 0 3 7 11 15 1 14 12 8
217 210 7 9 5 4 13 2 6 0 10 3 7 11 15 1 14 12 8
218 211 7 9 5 0 13 2 6 4 10 3 7 11 15 1 14 12 8
208 201 7 1 5 13 0 2 6 4 10 3 7 11 15 9 14 12 8
209 203 6 1 5 13 8 2 6 4 10 3 7 11 15 9 14 12 0
212 205 7 1 5 13 8 2 6 4 10 3 7 11 15 0 14 12 9
213 206 7 1 5 13 8 2 6 4 10 3 7 11 15 14 0 12 9
210 203 7 1 5 4 13 2 6 10 15 3 7 0 8 9 14 12 11
211 204 7 1 5 4 13 2 6 10 15 3 7 8 0 9 14 12 11
211 205 6 1 5 4 13 2 6 10 15 3 7 8 11 9 14 12 0
211 205 6 1 5 4 13 2 6 10 0 3 7 8 15 9 14 12 11
213 206 7 1 5 4 13 2 6 0 10 3 7 8 15 9 14 12 11
214 207 7 1 5 4 13 2 6 8 10 3 7 0 15 9 14 12 11
203 196 7 1 5 4 9 2 6 10 13 3 7 11 15 14 12 0 8
203 197 6 1 5 4 9 2 6 10 13 3 7 11 15 14 12 8 0
206 199 7 1 5 4 0 2 6 10 13 3 7 11 15 14 12 8 9
206 200 6 1 5 4 13 2 6 10 0 3 7 11 15 14 12 8 9
208 201 7 1 5 4 13 2 6 0 10 3 7 11 15 14 12 8 9
209 202 7 1 5 0 13 2 6 4 10 3 7 11 15 14 12 8 9
212 205 7 1 5 4 13 2 6 10 15 3 0 11 8 7 14 12 9
213 206 7 1 5 4 13 2 6 10 15 3 14 11 8 7 0 12 9
214 207 7 1 5 4 13 2 6 10 15 3 14 11 8 0 7 12 9
215 209 6 1 5 4 13 2 6 10 15 3 14 11 8 9 7 12 0
217 210 7 1 5 4 13 2 6 10 15 3 14 11 0 9 7 12 8
217 211 6 1 5 4 13 2 6 10 0 3 14 11 15 9 7 12 8
219 212 7 1 5 4 13 2 6 0 10 3 14 11 15 9 7 12 8
220 213 7 1 5 0 13 2 6 4 10 3 14 11 15 9 7 12 8
201 194 7 1 5 4 8 2 6 10 13 0 7 11 15 3 14 12 9
203 196 7 1 5 4 8 2 6 10 13 3 0 11 15 7 14 12 9
204 197 7 1 5 4 8 2 6 10 13 3 14 11 15 7 0 12 9
199 192 7 0 5 4 1 2 6 10 13 3 7 11 15 8 14 12 9
201 195 6 9 5 4 1 2 6 10 13 3 7 11 15 8 14 12 0
167 160 7 1 9 5 13 2 6 10 4 3 7 0 15 12 8 11 14
166 159 7 1 9 5 12 2 6 10 4 3 7 11 15 0 8 14 13
167 161 6 1 9 5 12 2 6 10 4 3 7 11 15 13 8 14 0
169 162 7 1 9 5 12 2 6 10 4 3 7 11 15 13 8 0 14
193 186 7 1 5 13 0 2 6 4 10 3 7 11 15 8 14 12 9
194 188 6 1 5 13 9 2 6 4 10 3 7 11 15 8 14 12 0
191 184 7 1 6 5 13 2 0 10 4 3 7 11 15 8 14 12 9
189 182 7 9 5 13 4 2 6 10 0 3 7 11 15 1 14 12 8
168 161 7 1 9 5 13 2 6 10 4 3 7 0 15 12 8 14 11
169 162 7 1 9 5 13 2 6 10 4 3 7 14 15 12 8 0 11
169 163 6 1 9 5 13 2 6 10 4 3 7 14 15 12 8 11 0
172 165 7 1 9 5 13 2 6 10 4 3 7 14 15 0 8 11 12
184 177 7 9 5 13 8 2 6 10 4 3 7 11 15 0 14 12 1
185 178 7 9 5 13 8 2 6 10 4 3 7 11 15 14 0 12 1
183 176 7 0 5 13 9 2 6 10 4 3 7 11 15 8 14 12 1
185 178 7 8 5 13 9 2 6 10 4 3 7 11 15 0 14 12 1
186 180 6 8 5 13 9 2 6 10 4 3 7 11 15 1 14 12 0
189 182 7 8 5 13 0 2 6 10 4 3 7 11 15 1 14 12 9
189 183 6 8 5 0 13 2 6 10 4 3 7 11 15 1 14 12 9
191 184 7 8 0 5 13 2 6 10 4 3 7 11 15 1 14 12 9
192 185 7 0 8 5 13 2 6 10 4 3 7 11 15 1 14 12 9
194 188 6 9 8 5 13 2 6 10 4 3 7 11 15 1 14 12 0
193 187 6 1 8 5 13 2 6 10 4 3 7 11 15 0 14 12 9
194 189 5 1 8 5 13 2 6 10 4 3 7 11 15 9 14 12 0
194 188 6 1 8 5 13 2 6 10 4 3 7 11 15 14 0 12 9
196 189 7 1 8 5 13 2 6 10 4 3 7 11 15 14 12 0 9
196 190 6 1 8 5 13 2 6 10 4 3 7 11 15 14 12 9 0
199 192 7 1 8 5 13 2 6 10 4 3 7 11 15 0 12 9 14
200 193 7 1 8 5 13 2 6 10 4 3 7 11 15 12 0 9 14
201 194 7 1 8 5 13 2 6 10 4 3 7 11 15 12 9 0 14
201 195 6 1 8 5 13 2 6 10 4 3 7 11 15 12 9 14 0
204 197 7 1 8 5 13 2 6 10 4 3 7 11 15 0 9 14 12
205 198 7 1 8 5 13 2 6 10 4 3 7 11 15 9 0 14 12
196 189 7 1 8 5 13 2 6 10 4 3 0 11 15 14 7 12 9
199 192 7 1 8 5 13 2 6 10 4 3 7 0 15 9 14 12 11
199 192 7 0 8 5 13 2 6 10 4 3 7 11 15 9 14 12 1
200 193 7 8 0 5 13 2 6 10 4 3 7 11 15 9 14 12 1
200 194 6 8 5 0 13 2 6 10 4 3 7 11 15 9 14 12 1
202 195 7 8 5 10 13 2 6 0 4 3 7 11 15 9 14 12 1
203 196 7 8 5 10 13 2 6 4 0 3 7 11 15 9 14 12 1
198 191 7 1 8 5 0 2 6 10 4 3 7 11 15 9 14 12 13
201 194 7 1 8 5 9 2 6 10 4 3 7 11 15 0 14 12 13
202 196 6 1 8 5 9 2 6 10 4 3 7 11 15 13 14 12 0
202 195 7 1 8 5 9 2 6 10 4 3 7 11 15 14 0 12 13
199 192 7 1 8 0 5 2 6 10 4 3 7 11 15 9 14 12 13
200 193 7 1 0 8 5 2 6 10 4 3 7 11 15 9 14 12 13
199 192 7 1 8 5 4 2 6 10 0 3 7 11 15 9 14 12 13
197 190 7 1 8 5 13 2 6 10 4 3 7 11 15 9 14 0 12
197 190 7 1 8 5 0 2 6 10 4 3 7 11 15 13 14 12 9
198 191 7 1 8 0 5 2 6 10 4 3 7 11 15 13 14 12 9
199 192 7 1 0 8 5 2 6 10 4 3 7 11 15 13 14 12 9
198 191 7 1 8 5 4 2 6 10 0 3 7 11 15 13 14 12 9
197 190 7 1 8 5 13 2 6 10 4 3 0 11 15 7 14 12 9
198 191 7 1 8 5 13 2 6 10 4 3 14 11 15 7 0 12 9
199 192 7 1 8 5 13 2 6 10 4 3 14 11 15 0 7 12 9
200 194 6 1 8 5 13 2 6 10 4 3 14 11 15 9 7 12 0
191 184 7 1 5 10 13 2 6 11 4 3 7 0 15 8 14 12 9
197 190 7 1 8 5 13 2 6 10 4 3 7 11 0 9 14 12 15
198 191 7 1 8 5 13 2 6 10 0 3 7 11 4 9 14 12 15
193 186 7 1 5 13 9 2 6 10 4 3 7 0 15 8 14 12 11
198 191 7 1 5 10 13 2 0 6 4 3 7 11 15 9 14 12 8
192 185 7 1 5 10 13 2 6 4 15 3 7 11 0 8 14 12 9
192 186 6 1 5 10 13 2 6 4 15 3 7 11 9 8 14 12 0
195 188 7 1 5 10 13 2 6 4 15 3 7 11 9 0 14 12 8
196 189 7 1 5 10 13 2 6 4 15 3 7 11 9 14 0 12 8
198 191 7 1 5 13 8 2 6 10 4 3 7 11 0 9 14 12 15
199 192 7 1 5 13 8 2 6 10 0 3 7 11 4 9 14 12 15
200 193 7 1 5 13 0 2 6 10 8 3 7 11 4 9 14 12 15
201 195 6 1 5 13 15 2 6 10 8 3 7 11 4 9 14 12 0
200 194 6 1 5 0 13 2 6 10 8 3 7 11 4 9 14 12 15
202 195 7 1 0 5 13 2 6 10 8 3 7 11 4 9 14 12 15
202 195 7 1 5 10 13 2 6 0 8 3 7 11 4 9 14 12 15
203 196 7 1 5 10 13 2 6 8 0 3 7 11 4 9 14 12 15
204 197 7 1 5 10 13 2 6 8 4 3 7 11 0 9 14 12 15
203 198 5 1 5 10 13 2 6 8 4 3 7 11 15 9 14 12 0
206 200 6 1 5 10 13 2 6 8 4 3 7 11 15 0 14 12 9
207 201 6 1 5 10 13 2 6 8 4 3 7 11 15 14 0 12 9
209 202 7 1 5 10 13 2 6 8 4 3 7 11 15 14 12 0 9
209 203 6 1 5 10 13 2 6 8 4 3 7 11 15 14 12 9 0
212 205 7 1 5 10 13 2 6 8 4 3 7 11 15 0 12 9 14
213 206 7 1 5 10 13 2 6 8 4 3 7 11 15 12 0 9 14
214 207 7 1 5 10 13 2 6 8 4 3 7 11 15 12 9 0 14
214 208 6 1 5 10 13 2 6 8 4 3 7 11 15 12 9 14 0
217 210 7 1 5 10 13 2 6 8 4 3 7 11 15 0 9 14 12
218 211 7 1 5 10 13 2 6 8 4 3 7 11 15 9 0 14 12
207 200 7 1 5 10 0 2 6 8 4 3 7 11 15 9 14 12 13
210 203 7 1 5 10 8 2 6 0 4 3 7 11 15 9 14 12 13
210 204 6 1 5 0 8 2 6 10 4 3 7 11 15 9 14 12 13
211 205 6 1 5 8 0 2 6 10 4 3 7 11 15 9 14 12 13
211 207 4 1 5 8 13 2 6 10 4 3 7 11 15 9 14 12 0
214 209 5 1 5 8 13 2 6 10 4 3 7 11 15 0 14 12 9
215 210 5 1 5 8 13 2 6 10 4 3 7 11 15 14 0 12 9
217 211 6 1 5 8 13 2 6 10 4 3 7 11 15 14 12 0 9
217 212 5 1 5 8 13 2 6 10 4 3 7 11 15 14 12 9 0
220 214 6 1 5 8 13 2 6 10 4 3 7 11 15 0 12 9 14
221 215 6 1 5 8 13 2 6 10 4 3 7 11 15 12 0 9 14
222 216 6 1 5 8 13 2 6 10 4 3 7 11 15 12 9 0 14
222 217 5 1 5 8 13 2 6 10 4 3 7 11 15 12 9 14 0
225 219 6 1 5 8 13 2 6 10 4 3 7 11 15 0 9 14 12
226 220 6 1 5 8 13 2 6 10 4 3 7 11 15 9 0 14 12
214 208 6 1 5 8 13 2 6 10 4 3 7 11 15 9 14 0 12
217 211 6 1 5 8 13 2 6 10 4 3 0 11 15 14 7 12 9
218 212 6 1 5 8 13 2 6 10 4 3 0 11 15 7 14 12 9
219 213 6 1 5 8 13 2 6 10 4 3 14 11 15 7 0 12 9
220 214 6 1 5 8 13 2 6 10 4 3 14 11 15 0 7 12 9
221 216 5 1 5 8 13 2 6 10 4 3 14 11 15 9 7 12 0
218 212 6 1 5 8 0 2 6 10 4 3 7 11 15 13 14 12 9
219 214 5 1 5 8 9 2 6 10 4 3 7 11 15 13 14 12 0
219 213 6 1 5 0 8 2 6 10 4 3 7 11 15 13 14 12 9
219 213 6 1 5 8 4 2 6 10 0 3 7 11 15 13 14 12 9
214 208 6 1 5 8 9 2 6 10 4 3 7 11 15 0 14 12 13
215 209 6 1 5 8 9 2 6 10 4 3 7 11 15 14 0 12 13
212 206 6 1 5 8 4 2 6 10 0 3 7 11 15 9 14 12 13
214 208 6 1 5 8 13 2 6 10 4 3 7 11 0 9 14 12 15
215 209 6 1 5 8 13 2 6 10 0 3 7 11 4 9 14 12 15
216 210 6 0 5 8 13 2 6 10 4 3 7 11 15 9 14 12 1
218 212 6 9 5 8 13 2 6 10 4 3 7 11 15 0 14 12 1
219 214 5 9 5 8 13 2 6 10 4 3 7 11 15 1 14 12 0
219 213 6 9 5 8 13 2 6 10 4 3 7 11 15 14 0 12 1
216 210 6 1 5 8 13 2 6 10 4 0 7 11 15 3 14 12 9
217 211 6 0 5 8 13 2 6 10 4 3 7 11 15 1 14 12 9
216 210 6 1 5 8 13 2 6 10 4 3 7 0 15 9 14 12 11
218 211 7 1 5 8 13 2 6 10 4 3 7 15 0 9 14 12 11
218 212 6 1 5 8 13 2 6 10 4 3 7 15 11 9 14 12 0
221 214 7 1 5 8 13 2 6 10 4 3 7 15 11 0 14 12 9
222 215 7 1 5 8 13 2 6 10 4 3 7 15 11 14 0 12 9
219 212 7 1 5 8 13 2 6 10 0 3 7 15 4 9 14 12 11
218 211 7 1 5 8 13 2 6 10 4 3 0 7 15 9 14 12 11
219 212 7 1 5 8 13 2 6 10 4 3 14 7 15 9 0 12 11
220 213 7 1 5 8 13 2 6 10 4 3 14 7 15 0 9 12 11
221 215 6 1 5 8 13 2 6 10 4 3 14 7 15 11 9 12 0
225 218 7 1 5 8 13 2 6 10 4 3 14 0 15 11 9 12 7
226 219 7 1 5 8 13 2 6 10 4 3 0 14 15 11 9 12 7
227 220 7 1 5 8 13 2 6 10 4 3 9 14 15 11 0 12 7
228 221 7 1 5 8 13 2 6 10 4 3 9 14 15 0 11 12 7
229 223 6 1 5 8 13 2 6 10 4 3 9 14 15 7 11 12 0
233 226 7 1 5 8 13 2 6 10 4 3 9 0 15 7 11 12 14
234 227 7 1 5 8 13 2 6 10 4 3 0 9 15 7 11 12 14
235 228 7 1 5 8 13 2 6 10 4 3 11 9 15 7 0 12 14
236 229 7 1 5 8 13 2 6 10 4 3 11 9 15 0 7 12 14
237 231 6 1 5 8 13 2 6 10 4 3 11 9 15 14 7 12 0
239 232 7 1 5 8 13 2 6 10 4 3 0 9 15 11 7 12 14
239 233 6 1 5 8 13 2 6 10 4 3 7 9 15 11 0 12 14
240 234 6 1 5 8 13 2 6 10 4 3 7 9 15 0 11 12 14
241 236 5 1 5 8 13 2 6 10 4 3 7 9 15 14 11 12 0
245 239 6 1 5 8 13 2 6 10 4 3 7 0 15 14 11 12 9
247 240 7 1 5 8 13 2 6 10 4 3 7 15 0 14 11 12 9
247 241 6 1 5 8 13 2 6 10 4 3 7 15 9 14 11 12 0
251 244 7 1 5 8 13 2 6 10 4 3 7 0 9 14 11 12 15
250 243 7 1 5 8 13 2 6 10 4 3 7 15 9 0 11 12 14
251 244 7 1 5 8 13 2 6 10 4 3 7 15 9 11 0 12 14
222 215 7 1 5 8 13 2 6 10 4 3 7 0 15 14 12 9 11
223 216 7 1 5 8 13 2 6 10 4 3 7 9 15 14 12 0 11
223 217 6 1 5 8 13 2 6 10 4 3 7 9 15 14 12 11 0
223 217 6 1 5 8 13 2 6 10 4 3 7 9 15 14 0 12 11
224 218 6 1 5 8 13 2 6 10 4 3 7 9 15 0 14 12 11
225 220 5 1 5 8 13 2 6 10 4 3 7 9 15 11 14 12 0
229 223 6 1 5 8 13 2 6 10 4 3 7 0 15 11 14 12 9
231 224 7 1 5 8 13 2 6 10 4 3 7 15 0 11 14 12 9
231 225 6 1 5 8 13 2 6 10 4 3 7 15 9 11 14 12 0
235 228 7 1 5 8 13 2 6 10 4 3 7 0 9 11 14 12 15
234 227 7 1 5 8 13 2 6 10 4 3 7 15 9 0 14 12 11
235 228 7 1 5 8 13 2 6 10 4 3 7 15 9 14 0 12 11
225 218 7 1 5 8 13 2 6 10 4 3 7 11 0 12 9 14 15
226 219 7 1 5 8 13 2 6 10 0 3 7 11 4 12 9 14 15
227 220 7 0 5 8 13 2 6 10 4 3 7 11 15 12 9 14 1
229 222 7 12 5 8 13 2 6 10 4 3 7 11 15 0 9 14 1
230 224 6 12 5 8 13 2 6 10 4 3 7 11 15 1 9 14 0
232 225 7 12 5 8 13 2 6 10 4 3 7 11 15 1 9 0 14
233 226 7 12 5 8 13 2 6 10 4 3 7 11 15 1 0 9 14
234 227 7 12 5 8 13 2 6 10 4 3 7 11 15 0 1 9 14
235 229 6 12 5 8 13 2 6 10 4 3 7 11 15 14 1 9 0
239 232 7 0 5 8 13 2 6 10 4 3 7 11 15 14 1 9 12
241 234 7 14 5 8 13 2 6 10 4 3 7 11 15 0 1 9 12
242 236 6 14 5 8 13 2 6 10 4 3 7 11 15 12 1 9 0
244 237 7 14 5 8 13 2 6 10 4 3 7 11 15 12 1 0 9
245 238 7 14 5 8 13 2 6 10 4 3 7 11 15 12 0 1 9
246 239 7 14 5 8 13 2 6 10 4 3 7 11 15 0 12 1 9
247 241 6 14 5 8 13 2 6 10 4 3 7 11 15 9 12 1 0
251 244 7 0 5 8 13 2 6 10 4 3 7 11 15 9 12 1 14
253 246 7 9 5 8 13 2 6 10 4 3 7 11 15 0 12 1 14
254 248 6 9 5 8 13 2 6 10 4 3 7 11 15 14 12 1 0
254 247 7 9 5 8 13 2 6 10 4 3 7 11 15 12 0 1 14
255 248 7 9 5 8 13 2 6 10 4 3 7 11 15 12 1 0 14
255 249 6 9 5 8 13 2 6 10 4 3 7 11 15 12 1 14 0
259 252 7 0 5 8 13 2 6 10 4 3 7 11 15 12 1 14 9
261 254 7 12 5 8 13 2 6 10 4 3 7 11 15 0 1 14 9
262 256 6 12 5 8 13 2 6 10 4 3 7 11 15 9 1 14 0
266 259 7 0 5 8 13 2 6 10 4 3 7 11 15 9 1 14 12
264 257 7 12 5 8 13 2 6 10 4 3 7 11 15 9 1 0 14
265 258 7 12 5 8 13 2 6 10 4 3 7 11 15 9 0 1 14
266 259 7 12 5 8 13 2 6 10 4 3 7 11 15 0 9 1 14
267 261 6 12 5 8 13 2 6 10 4 3 7 11 15 14 9 1 0
271 264 7 0 5 8 13 2 6 10 4 3 7 11 15 14 9 1 12
273 266 7 14 5 8 13 2 6 10 4 3 7 11 15 0 9 1 12
274 268 6 14 5 8 13 2 6 10 4 3 7 11 15 12 9 1 0
276 269 7 14 5 8 13 2 6 10 4 3 7 11 15 12 9 0 1
277 270 7 14 5 8 13 2 6 10 4 3 7 11 15 12 0 9 1
278 271 7 14 5 8 13 2 6 10 4 3 7 11 15 0 12 9 1
279 273 6 14 5 8 13 2 6 10 4 3 7 11 15 1 12 9 0
281 274 7 14 5 8 13 2 6 10 4 3 7 11 15 1 12 0 9
281 275 6 14 5 8 13 2 6 10 4 3 7 11 15 1 0 12 9
282 276 6 14 5 8 13 2 6 10 4 3 7 11 15 0 1 12 9
283 278 5 14 5 8 13 2 6 10 4 3 7 11 15 9 1 12 0
287 281 6 0 5 8 13 2 6 10 4 3 7 11 15 9 1 12 14
289 283 6 9 5 8 13 2 6 10 4 3 7 11 15 0 1 12 14
290 285 5 9 5 8 13 2 6 10 4 3 7 11 15 14 1 12 0
290 284 6 9 5 8 13 2 6 10 4 3 7 11 15 1 0 12 14
284 278 6 0 5 8 13 2 6 10 4 3 7 11 15 14 1 12 9
288 281 7 6 5 8 13 2 0 10 4 3 7 11 15 14 1 12 9
293 286 7 9 5 8 13 2 6 10 4 3 7 11 15 14 1 0 12
294 287 7 9 5 8 13 2 6 10 4 3 7 11 15 14 0 1 12
295 288 7 9 5 8 13 2 6 10 4 3 7 11 15 0 14 1 12
296 290 6 9 5 8 13 2 6 10 4 3 7 11 15 12 14 1 0
300 293 7 0 5 8 13 2 6 10 4 3 7 11 15 12 14 1 9
302 295 7 12 5 8 13 2 6 10 4 3 7 11 15 0 14 1 9
303 297 6 12 5 8 13 2 6 10 4 3 7 11 15 9 14 1 0
305 298 7 12 5 8 13 2 6 10 4 3 7 11 15 9 14 0 1
303 296 7 12 5 8 13 2 6 10 4 3 7 11 15 14 0 1 9
223 216 7 9 5 8 0 2 6 10 4 3 7 11 15 1 14 12 13
226 219 7 9 5 8 1 2 6 10 4 3 7 11 15 0 14 12 13
227 221 6 9 5 8 1 2 6 10 4 3 7 11 15 13 14 12 0
227 220 7 9 5 8 1 2 6 10 4 3 7 11 15 14 0 12 13
221 214 7 9 5 8 13 2 6 10 4 3 7 11 15 14 12 0 1
208 201 7 0 5 10 13 2 6 8 4 3 7 11 15 9 14 12 1
210 203 7 9 5 10 13 2 6 8 4 3 7 11 15 0 14 12 1
211 205 6 9 5 10 13 2 6 8 4 3 7 11 15 1 14 12 0
211 204 7 9 5 10 13 2 6 8 4 3 7 11 15 14 0 12 1
208 201 7 1 5 10 13 2 6 8 4 3 7 0 15 9 14 12 11
209 202 7 1 5 10 13 2 6 0 4 3 7 8 15 9 14 12 11
209 203 6 1 5 0 13 2 6 10 4 3 7 8 15 9 14 12 11
211 204 7 1 5 13 0 2 6 10 4 3 7 8 15 9 14 12 11
212 206 6 1 5 13 11 2 6 10 4 3 7 8 15 9 14 12 0
216 209 7 1 5 13 11 2 6 10 4 3 7 0 15 9 14 12 8
191 184 7 0 1 5 13 2 6 10 4 3 7 11 15 8 14 12 9
193 187 6 9 1 5 13 2 6 10 4 3 7 11 15 8 14 12 0
196 189 7 9 1 5 13 2 6 10 4 3 7 11 15 0 14 12 8
197 190 7 9 1 5 13 2 6 10 4 3 7 11 15 14 0 12 8
209 202 7 1 5 10 13 2 6 8 4 3 0 11 15 14 7 12 9
208 201 7 1 5 10 4 2 6 8 0 3 7 11 15 9 14 12 13
209 202 7 1 5 10 4 2 6 0 8 3 7 11 15 9 14 12 13
209 203 6 1 5 0 4 2 6 10 8 3 7 11 15 9 14 12 13
210 204 6 1 5 4 0 2 6 10 8 3 7 11 15 9 14 12 13
210 206 4 1 5 4 13 2 6 10 8 3 7 11 15 9 14 12 0
213 208 5 1 5 4 13 2 6 10 8 3 7 11 15 0 14 12 9
214 209 5 1 5 4 13 2 6 10 8 3 7 11 15 14 0 12 9
216 210 6 1 5 4 13 2 6 10 8 3 7 11 15 14 12 0 9
216 211 5 1 5 4 13 2 6 10 8 3 7 11 15 14 12 9 0
219 213 6 1 5 4 13 2 6 10 8 3 7 11 15 0 12 9 14
220 214 6 1 5 4 13 2 6 10 8 3 7 11 15 12 0 9 14
221 215 6 1 5 4 13 2 6 10 8 3 7 11 15 12 9 0 14
221 216 5 1 5 4 13 2 6 10 8 3 7 11 15 12 9 14 0
224 218 6 1 5 4 13 2 6 10 8 3 7 11 15 0 9 14 12
225 219 6 1 5 4 13 2 6 10 8 3 7 11 15 9 0 14 12
216 210 6 1 5 4 13 2 6 10 8 3 0 11 15 14 7 12 9
217 211 6 1 5 4 13 2 6 10 8 3 0 11 15 7 14 12 9
218 212 6 1 5 4 13 2 6 10 8 3 14 11 15 7 0 12 9
219 213 6 1 5 4 13 2 6 10 8 3 14 11 15 0 7 12 9
220 215 5 1 5 4 13 2 6 10 8 3 14 11 15 9 7 12 0
217 211 6 1 5 4 0 2 6 10 8 3 7 11 15 13 14 12 9
218 213 5 1 5 4 9 2 6 10 8 3 7 11 15 13 14 12 0
218 212 6 1 5 0 4 2 6 10 8 3 7 11 15 13 14 12 9
218 212 6 1 5 4 8 2 6 10 0 3 7 11 15 13 14 12 9
216 210 6 0 5 4 13 2 6 10 8 3 7 11 15 1 14 12 9
218 213 5 9 5 4 13 2 6 10 8 3 7 11 15 1 14 12 0
221 215 6 9 5 4 13 2 6 10 8 3 7 11 15 0 14 12 1
222 216 6 9 5 4 13 2 6 10 8 3 7 11 15 14 0 12 1
213 207 6 1 5 4 9 2 6 10 8 3 7 11 15 0 14 12 13
214 208 6 1 5 4 9 2 6 10 8 3 7 11 15 14 0 12 13
215 209 6 1 5 4 13 2 6 10 8 0 7 11 15 3 14 12 9
213 207 6 1 5 4 13 2 6 10 8 3 7 11 0 9 14 12 15
214 208 6 1 5 4 13 2 6 10 0 3 7 11 8 9 14 12 15
215 209 6 0 5 4 13 2 6 10 8 3 7 11 15 9 14 12 1
211 205 6 1 5 4 8 2 6 10 0 3 7 11 15 9 14 12 13
213 207 6 1 5 4 13 2 6 10 8 3 7 11 15 9 14 0 12
215 209 6 1 5 4 13 2 6 10 8 3 7 0 15 9 14 12 11
217 210 7 1 5 4 13 2 6 10 8 3 7 15 0 9 14 12 11
217 211 6 1 5 4 13 2 6 10 8 3 7 15 11 9 14 12 0
220 213 7 1 5 4 13 2 6 10 8 3 7 15 11 0 14 12 9
221 214 7 1 5 4 13 2 6 10 8 3 7 15 11 14 0 12 9
203 196 7 1 5 13 15 2 6 10 8 3 7 11 0 9 14 12 4
204 197 7 1 5 13 15 2 6 10 0 3 7 11 8 9 14 12 4
205 198 7 1 5 13 0 2 6 10 15 3 7 11 8 9 14 12 4
206 200 6 1 5 13 4 2 6 10 15 3 7 11 8 9 14 12 0
205 199 6 1 5 0 13 2 6 10 15 3 7 11 8 9 14 12 4
207 200 7 1 0 5 13 2 6 10 15 3 7 11 8 9 14 12 4
214 207 7 0 5 8 1 2 6 10 4 3 7 11 15 9 14 12 13
216 210 6 13 5 8 1 2 6 10 4 3 7 11 15 9 14 12 0
219 212 7 13 5 8 1 2 6 10 4 3 7 11 15 0 14 12 9
220 213 7 13 5 8 1 2 6 10 4 3 7 11 15 14 0 12 9
219 212 7 1 5 8 13 2 6 10 4 3 7 0 15 14 12 11 9
209 202 7 0 5 10 13 2 6 8 4 3 7 11 15 1 14 12 9
220 213 7 1 5 8 13 2 6 10 4 3 7 11 0 14 12 9 15
221 214 7 1 5 8 13 2 6 10 0 3 7 11 4 14 12 9 15
246 239 7 0 5 8 13 2 6 10 4 3 7 9 15 14 11 12 1
248 241 7 14 5 8 13 2 6 10 4 3 7 9 15 0 11 12 1
249 243 6 14 5 8 13 2 6 10 4 3 7 9 15 1 11 12 0
253 246 7 14 5 8 13 2 6 10 4 3 7 0 15 1 11 12 9
244 237 7 1 5 8 0 2 6 10 4 3 7 9 15 13 11 12 14
245 239 6 1 5 8 14 2 6 10 4 3 7 9 15 13 11 12 0
249 242 7 1 5 8 14 2 6 10 4 3 7 0 15 13 11 12 9
226 219 7 1 5 8 0 2 6 10 4 3 7 11 15 12 9 14 13
229 222 7 1 5 8 12 2 6 10 4 3 7 11 15 0 9 14 13
230 224 6 1 5 8 12 2 6 10 4 3 7 11 15 13 9 14 0
232 225 7 1 5 8 12 2 6 10 4 3 7 11 15 13 9 0 14
233 226 7 1 5 8 12 2 6 10 4 3 7 11 15 13 0 9 14
234 227 7 1 5 8 12 2 6 10 4 3 7 11 15 0 13 9 14
235 229 6 1 5 8 12 2 6 10 4 3 7 11 15 14 13 9 0
238 231 7 1 5 8 0 2 6 10 4 3 7 11 15 14 13 9 12
241 234 7 1 5 8 14 2 6 10 4 3 7 11 15 0 13 9 12
242 236 6 1 5 8 14 2 6 10 4 3 7 11 15 12 13 9 0
244 237 7 1 5 8 14 2 6 10 4 3 7 11 15 12 13 0 9
245 238 7 1 5 8 14 2 6 10 4 3 7 11 15 12 0 13 9
246 239 7 1 5 8 14 2 6 10 4 3 7 11 15 0 12 13 9
247 241 6 1 5 8 14 2 6 10 4 3 7 11 15 9 12 13 0
250 243 7 1 5 8 0 2 6 10 4 3 7 11 15 9 12 13 14
253 246 7 1 5 8 9 2 6 10 4 3 7 11 15 0 12 13 14
254 248 6 1 5 8 9 2 6 10 4 3 7 11 15 14 12 13 0
226 219 7 1 5 8 13 2 6 10 4 0 7 9 15 3 14 12 11
231 224 7 1 5 8 13 2 6 0 4 3 7 10 15 11 14 12 9
232 225 7 1 5 8 13 2 6 4 0 3 7 10 15 11 14 12 9
228 221 7 1 5 8 13 2 6 10 4 3 7 9 15 11 14 0 12
229 222 7 1 5 8 13 2 6 10 4 3 7 9 15 11 0 14 12
230 223 7 1 5 8 13 2 6 10 4 3 7 9 15 0 11 14 12
231 225 6 1 5 8 13 2 6 10 4 3 7 9 15 12 11 14 0
235 228 7 1 5 8 13 2 6 10 4 3 7 0 15 12 11 14 9
236 229 7 1 5 8 13 2 6 10 4 3 7 14 15 12 11 0 9
236 230 6 1 5 8 13 2 6 10 4 3 7 14 15 12 11 9 0
240 233 7 1 5 8 13 2 6 10 4 3 7 0 15 12 11 9 14
228 221 7 0 5 8 13 2 6 10 4 3 7 11 15 1 9 14 12
228 221 7 1 5 8 13 2 6 10 4 3 7 9 0 11 14 12 15
229 222 7 1 5 8 13 2 6 10 0 3 7 9 4 11 14 12 15
219 212 7 1 5 8 13 2 6 10 4 0 3 11 15 14 7 12 9
220 213 7 1 5 8 13 2 6 10 4 14 3 11 15 0 7 12 9
221 215 6 1 5 8 13 2 6 10 4 14 3 11 15 9 7 12 0
220 213 7 1 5 8 13 2 0 10 4 3 6 11 15 7 14 12 9
227 220 7 1 5 8 13 2 6 10 4 0 7 11 15 3 9 14 12
219 212 7 1 5 8 13 2 6 10 4 3 11 0 15 14 7 12 9
228 221 7 1 5 8 13 2 6 10 4 3 0 11 15 9 7 14 12
249 242 7 14 5 8 13 2 6 10 4 3 7 11 15 9 12 0 1
249 243 6 14 5 8 13 2 6 10 4 3 7 11 15 9 0 12 1
250 244 6 14 5 8 13 2 6 10 4 3 7 11 15 0 9 12 1
251 246 5 14 5 8 13 2 6 10 4 3 7 11 15 1 9 12 0
255 249 6 0 5 8 13 2 6 10 4 3 7 11 15 1 9 12 14
256 251 5 1 5 8 13 2 6 10 4 3 7 11 15 0 9 12 14
257 253 4 1 5 8 13 2 6 10 4 3 7 11 15 14 9 12 0
257 252 5 1 5 8 13 2 6 10 4 3 7 11 15 9 0 12 14
259 253 6 1 5 8 13 2 6 10 4 3 7 11 15 9 12 0 14
259 254 5 1 5 8 13 2 6 10 4 3 7 11 15 9 12 14 0
262 256 6 1 5 8 13 2 6 10 4 3 7 11 15 0 12 14 9
263 257 6 1 5 8 13 2 6 10 4 3 7 11 15 12 0 14 9
264 258 6 1 5 8 13 2 6 10 4 3 7 11 15 12 14 0 9
264 259 5 1 5 8 13 2 6 10 4 3 7 11 15 12 14 9 0
267 261 6 1 5 8 13 2 6 10 4 3 7 11 15 0 14 9 12
268 262 6 1 5 8 13 2 6 10 4 3 7 11 15 14 0 9 12
259 253 6 1 5 8 13 2 6 10 4 3 0 11 15 9 7 12 14
262 256 6 1 5 8 13 2 6 10 4 3 7 0 15 14 9 12 11
261 255 6 1 5 8 0 2 6 10 4 3 7 11 15 14 9 12 13
264 258 6 1 5 8 14 2 6 10 4 3 7 11 15 0 9 12 13
265 260 5 1 5 8 14 2 6 10 4 3 7 11 15 13 9 12 0
265 259 6 1 5 8 14 2 6 10 4 3 7 11 15 9 0 12 13
262 256 6 1 5 0 8 2 6 10 4 3 7 11 15 14 9 12 13
262 256 6 1 5 8 4 2 6 10 0 3 7 11 15 14 9 12 13
260 254 6 1 5 8 13 2 6 10 4 3 7 11 15 14 9 0 12
252 246 6 0 5 8 13 2 6 10 4 3 7 11 15 14 9 12 1
258 252 6 1 5 8 13 2 6 10 4 0 7 11 15 3 9 12 14
260 254 6 1 5 8 0 2 6 10 4 3 7 11 15 13 9 12 14
261 255 6 1 5 0 8 2 6 10 4 3 7 11 15 13 9 12 14
261 255 6 1 5 8 4 2 6 10 0 3 7 11 15 13 9 12 14
260 254 6 1 5 8 13 2 6 10 4 3 7 11 0 14 9 12 15
261 255 6 1 5 8 13 2 6 10 0 3 7 11 4 14 9 12 15
260 254 6 1 5 8 13 2 6 10 4 3 0 11 15 7 9 12 14
261 255 6 1 5 8 13 2 6 10 4 3 9 11 15 7 0 12 14
262 256 6 1 5 8 13 2 6 10 4 3 9 11 15 0 7 12 14
263 258 5 1 5 8 13 2 6 10 4 3 9 11 15 14 7 12 0
268 261 7 1 5 8 13 2 6 10 4 3 9 0 15 14 7 12 11
203 196 7 1 5 4 9 2 6 10 13 3 0 11 15 14 7 12 8
236 229 7 0 5 8 13 2 6 10 4 3 7 11 15 12 1 9 14
237 230 7 12 5 8 13 2 6 10 4 3 7 11 15 14 1 0 9
224 217 7 1 5 8 13 2 6 10 4 3 14 11 15 9 7 0 12
225 218 7 1 5 8 13 2 6 10 4 3 14 11 15 9 0 7 12
226 219 7 1 5 8 13 2 6 10 4 3 14 11 15 0 9 7 12
227 221 6 1 5 8 13 2 6 10 4 3 14 11 15 12 9 7 0
229 222 7 1 5 8 13 2 6 10 4 3 14 11 15 12 9 0 7
230 223 7 1 5 8 13 2 6 10 4 3 14 11 15 12 0 9 7
231 224 7 1 5 8 13 2 6 10 4 3 14 11 15 0 12 9 7
232 226 6 1 5 8 13 2 6 10 4 3 14 11 15 7 12 9 0
242 235 7 14 5 8 13 2 6 10 4 3 7 11 15 1 0 9 12
211 204 7 1 0 5 13 2 6 10 4 3 7 8 15 9 14 12 11
291 284 7 9 5 8 13 2 6 10 4 0 7 11 15 3 1 12 14
218 211 7 1 5 8 9 2 6 10 4 3 0 11 15 7 14 12 13
219 212 7 1 5 8 9 2 6 10 4 3 14 11 15 7 0 12 13
220 213 7 1 5 8 9 2 6 10 4 3 14 11 15 0 7 12 13
221 215 6 1 5 8 9 2 6 10 4 3 14 11 15 13 7 12 0
208 201 7 1 5 10 13 2 6 8 4 0 7 11 15 3 14 12 9
221 214 7 1 5 8 4 2 6 10 15 3 7 11 0 13 14 12 9
221 215 6 1 5 8 4 2 6 10 15 3 7 11 9 13 14 12 0
224 217 7 1 5 8 0 2 6 10 15 3 7 11 9 13 14 12 4
226 220 6 1 5 8 13 2 6 10 15 3 7 11 9 0 14 12 4
226 222 4 1 5 8 13 2 6 10 15 3 7 11 9 4 14 12 0
228 223 5 1 5 8 13 2 6 10 15 3 7 11 0 4 14 12 9
228 224 4 1 5 8 13 2 6 10 0 3 7 11 15 4 14 12 9
230 225 5 1 5 8 13 2 6 0 10 3 7 11 15 4 14 12 9
231 226 5 1 5 0 13 2 6 8 10 3 7 11 15 4 14 12 9
230 225 5 1 5 8 0 2 6 10 13 3 7 11 15 4 14 12 9
231 227 4 1 5 8 9 2 6 10 13 3 7 11 15 4 14 12 0
231 226 5 1 5 0 8 2 6 10 13 3 7 11 15 4 14 12 9
233 227 6 1 0 5 8 2 6 10 13 3 7 11 15 4 14 12 9
233 227 6 1 5 10 8 2 6 0 13 3 7 11 15 4 14 12 9
234 228 6 1 5 10 8 2 6 13 0 3 7 11 15 4 14 12 9
235 229 6 1 5 10 0 2 6 13 8 3 7 11 15 4 14 12 9
237 232 5 1 5 10 13 2 6 0 8 3 7 11 15 4 14 12 9
237 233 4 1 5 0 13 2 6 10 8 3 7 11 15 4 14 12 9
239 234 5 1 5 13 0 2 6 10 8 3 7 11 15 4 14 12 9
240 236 4 1 5 13 9 2 6 10 8 3 7 11 15 4 14 12 0
240 235 5 1 5 13 8 2 6 10 0 3 7 11 15 4 14 12 9
239 234 5 1 0 5 13 2 6 10 8 3 7 11 15 4 14 12 9
238 233 5 1 5 10 13 2 6 8 0 3 7 11 15 4 14 12 9
236 231 5 1 5 10 9 2 6 13 8 3 7 11 15 4 14 12 0
232 226 6 1 5 8 13 2 0 6 10 3 7 11 15 4 14 12 9
240 234 6 1 5 10 13 2 6 8 15 3 7 11 0 4 14 12 9
240 235 5 1 5 10 13 2 6 8 15 3 7 11 9 4 14 12 0
240 234 6 1 5 10 0 2 6 8 13 3 7 11 15 4 14 12 9
241 236 5 1 5 10 9 2 6 8 13 3 7 11 15 4 14 12 0
241 235 6 1 5 0 10 2 6 8 13 3 7 11 15 4 14 12 9
241 235 6 0 1 5 13 2 6 10 8 3 7 11 15 4 14 12 9
243 238 5 9 1 5 13 2 6 10 8 3 7 11 15 4 14 12 0
241 235 6 1 6 5 13 2 0 10 8 3 7 11 15 4 14 12 9
234 228 6 1 5 8 4 2 6 10 13 3 7 11 15 0 14 12 9
235 230 5 1 5 8 4 2 6 10 13 3 7 11 15 9 14 12 0
238 232 6 1 5 8 0 2 6 10 13 3 7 11 15 9 14 12 4
238 233 5 1 5 8 13 2 6 10 0 3 7 11 15 9 14 12 4
240 234 6 1 5 8 13 2 6 0 10 3 7 11 15 9 14 12 4
241 235 6 1 5 0 13 2 6 8 10 3 7 11 15 9 14 12 4
231 225 6 0 5 8 13 2 6 10 15 3 7 11 9 4 14 12 1
240 234 6 1 5 8 13 2 6 10 15 3 7 11 0 9 14 12 4
240 235 5 1 5 8 13 2 6 10 15 3 7 11 4 9 14 12 0
243 237 6 1 5 8 13 2 6 10 15 3 7 11 4 0 14 12 9
244 238 6 1 5 8 13 2 6 10 15 3 7 11 4 14 0 12 9
239 233 6 1 5 0 8 2 6 10 13 3 7 11 15 9 14 12 4
236 230 6 1 5 8 9 2 6 10 13 3 7 0 15 4 14 12 11
235 229 6 1 5 8 9 2 6 10 13 3 7 11 15 0 14 12 4
236 230 6 1 5 8 9 2 6 10 13 3 7 11 15 14 0 12 4
230 224 6 1 5 8 13 2 6 10 15 3 7 0 11 4 14 12 9
239 233 6 1 5 10 13 2 6 11 8 3 7 0 15 4 14 12 9
231 225 6 1 5 8 13 2 6 10 15 3 7 0 9 4 14 12 11
232 226 6 1 5 8 13 2 6 10 15 3 7 9 0 4 14 12 11
232 227 5 1 5 8 13 2 6 10 15 3 7 9 11 4 14 12 0
232 227 5 1 5 8 13 2 6 10 0 3 7 9 15 4 14 12 11
234 228 6 1 5 8 13 2 6 0 10 3 7 9 15 4 14 12 11
235 229 6 1 5 8 13 2 6 9 10 3 7 0 15 4 14 12 11
235 229 6 1 5 0 13 2 6 8 10 3 7 9 15 4 14 12 11
234 228 6 1 5 8 0 2 6 10 13 3 7 9 15 4 14 12 11
235 230 5 1 5 8 11 2 6 10 13 3 7 9 15 4 14 12 0
239 233 6 1 5 8 11 2 6 10 13 3 7 0 15 4 14 12 9
235 229 6 1 5 0 8 2 6 10 13 3 7 9 15 4 14 12 11
233 227 6 1 0 5 13 2 6 8 10 3 7 11 15 4 14 12 9
245 239 6 0 5 13 9 2 6 10 8 3 7 11 15 4 14 12 1
247 241 6 9 5 13 0 2 6 10 8 3 7 11 15 4 14 12 1
248 243 5 9 5 13 1 2 6 10 8 3 7 11 15 4 14 12 0
247 242 5 9 5 0 13 2 6 10 8 3 7 11 15 4 14 12 1
249 243 6 9 0 5 13 2 6 10 8 3 7 11 15 4 14 12 1
250 244 6 0 9 5 13 2 6 10 8 3 7 11 15 4 14 12 1
251 247 4 1 9 5 13 2 6 10 8 3 7 11 15 4 14 12 0
256 250 6 1 9 5 13 2 6 10 8 3 7 0 15 4 14 12 11
255 249 6 1 9 5 0 2 6 10 8 3 7 11 15 4 14 12 13
256 250 6 1 9 0 5 2 6 10 8 3 7 11 15 4 14 12 13
256 251 5 1 0 9 5 2 6 10 8 3 7 11 15 4 14 12 13
258 252 6 0 1 9 5 2 6 10 8 3 7 11 15 4 14 12 13
260 255 5 13 1 9 5 2 6 10 8 3 7 11 15 4 14 12 0
263 257 6 13 1 9 0 2 6 10 8 3 7 11 15 4 14 12 5
264 259 5 0 1 9 13 2 6 10 8 3 7 11 15 4 14 12 5
266 262 4 5 1 9 13 2 6 10 8 3 7 11 15 4 14 12 0
264 260 4 1 0 9 13 2 6 10 8 3 7 11 15 4 14 12 5
266 261 5 1 9 0 13 2 6 10 8 3 7 11 15 4 14 12 5
266 261 5 1 6 9 13 2 0 10 8 3 7 11 15 4 14 12 5
268 262 6 1 6 9 13 2 10 0 8 3 7 11 15 4 14 12 5
269 263 6 1 6 9 13 2 10 8 0 3 7 11 15 4 14 12 5
268 262 6 1 6 9 13 0 2 10 8 3 7 11 15 4 14 12 5
268 262 6 1 6 9 13 2 7 10 8 3 0 11 15 4 14 12 5
269 263 6 1 6 9 13 2 7 10 8 3 14 11 15 4 0 12 5
268 262 6 1 9 13 0 2 6 10 8 3 7 11 15 4 14 12 5
269 264 5 1 9 13 5 2 6 10 8 3 7 11 15 4 14 12 0
269 263 6 1 9 13 8 2 6 10 0 3 7 11 15 4 14 12 5
268 262 6 1 9 10 13 2 6 0 8 3 7 11 15 4 14 12 5
269 263 6 1 9 10 13 2 6 8 0 3 7 11 15 4 14 12 5
249 243 6 9 5 10 13 2 6 0 8 3 7 11 15 4 14 12 1
250 244 6 9 5 10 13 2 6 8 0 3 7 11 15 4 14 12 1
266 260 6 2 1 9 13 0 6 10 8 3 7 11 15 4 14 12 5
264 258 6 13 1 9 8 2 6 10 0 3 7 11 15 4 14 12 5
256 250 6 1 9 5 8 2 6 10 0 3 7 11 15 4 14 12 13
260 254 6 5 1 9 0 2 6 10 8 3 7 11 15 4 14 12 13
261 255 6 5 1 9 8 2 6 10 0 3 7 11 15 4 14 12 13
258 252 6 1 6 9 5 2 0 10 8 3 7 11 15 4 14 12 13
255 249 6 1 9 5 13 2 6 10 8 3 7 11 15 0 14 12 4
256 250 6 1 9 5 13 2 6 10 8 3 7 11 15 14 0 12 4
254 248 6 1 9 5 13 2 6 10 8 3 7 11 15 4 14 0 12
255 249 6 1 9 5 13 2 6 10 8 3 7 11 15 4 0 14 12
271 265 6 5 1 9 13 2 6 10 8 3 7 0 15 4 14 12 11
269 263 6 5 1 9 13 2 6 10 8 3 7 11 0 4 14 12 15
270 264 6 5 1 9 13 2 6 10 0 3 7 11 8 4 14 12 15
269 263 6 5 1 9 13 2 6 10 8 3 7 11 15 4 14 0 12
270 264 6 5 1 9 13 2 6 10 8 3 7 11 15 4 0 14 12
270 264 6 5 1 9 13 2 6 10 8 3 7 11 15 0 14 12 4
272 266 6 0 1 9 13 2 6 10 8 3 7 11 15 5 14 12 4
274 269 5 4 1 9 13 2 6 10 8 3 7 11 15 5 14 12 0
272 267 5 1 0 9 13 2 6 10 8 3 7 11 15 5 14 12 4
274 268 6 1 9 0 13 2 6 10 8 3 7 11 15 5 14 12 4
274 268 6 1 6 9 13 2 0 10 8 3 7 11 15 5 14 12 4
271 265 6 5 1 9 13 2 6 10 8 3 7 11 15 14 0 12 4
248 242 6 9 5 13 8 2 6 10 0 3 7 11 15 4 14 12 1
254 248 6 1 9 5 13 2 6 10 8 3 7 11 0 4 14 12 15
255 249 6 1 9 5 13 2 6 10 0 3 7 11 8 4 14 12 15
227 221 6 1 5 8 13 2 6 10 15 3 7 11 9 14 0 12 4
268 262 6 6 1 9 13 2 0 10 8 3 7 11 15 4 14 12 5
269 263 6 6 0 9 13 2 1 10 8 3 7 11 15 4 14 12 5
270 264 6 0 6 9 13 2 1 10 8 3 7 11 15 4 14 12 5
272 267 5 5 6 9 13 2 1 10 8 3 7 11 15 4 14 12 0
267 261 6 4 1 9 13 2 6 10 8 3 7 11 15 0 14 12 5
268 262 6 4 1 9 13 2 6 10 8 3 7 11 15 14 0 12 5
233 227 6 1 5 13 0 2 6 8 10 3 7 11 15 4 14 12 9
234 229 5 1 5 13 9 2 6 8 10 3 7 11 15 4 14 12 0
234 228 6 1 5 13 10 2 6 8 0 3 7 11 15 4 14 12 9
243 237 6 1 5 13 9 2 6 10 8 3 7 11 0 4 14 12 15
244 238 6 1 5 13 9 2 6 10 0 3 7 11 8 4 14 12 15
245 239 6 1 5 13 0 2 6 10 9 3 7 11 8 4 14 12 15
246 241 5 1 5 13 15 2 6 10 9 3 7 11 8 4 14 12 0
245 240 5 1 5 0 13 2 6 10 9 3 7 11 8 4 14 12 15
247 241 6 1 0 5 13 2 6 10 9 3 7 11 8 4 14 12 15
247 241 6 1 5 10 13 2 6 0 9 3 7 11 8 4 14 12 15
248 242 6 1 5 10 13 2 6 9 0 3 7 11 8 4 14 12 15
249 243 6 1 5 10 13 2 6 9 8 3 7 11 0 4 14 12 15
248 244 4 1 5 10 13 2 6 9 8 3 7 11 15 4 14 12 0
253 247 6 1 5 10 13 2 6 9 8 3 7 0 15 4 14 12 11
254 248 6 1 5 10 13 2 6 0 8 3 7 9 15 4 14 12 11
254 249 5 1 5 0 13 2 6 10 8 3 7 9 15 4 14 12 11
256 250 6 1 5 13 0 2 6 10 8 3 7 9 15 4 14 12 11
257 252 5 1 5 13 11 2 6 10 8 3 7 9 15 4 14 12 0
261 255 6 1 5 13 11 2 6 10 8 3 7 0 15 4 14 12 9
257 251 6 1 5 13 8 2 6 10 0 3 7 9 15 4 14 12 11
256 250 6 1 0 5 13 2 6 10 8 3 7 9 15 4 14 12 11
255 249 6 1 5 10 13 2 6 8 0 3 7 9 15 4 14 12 11
253 247 6 0 5 10 13 2 6 9 8 3 7 11 15 4 14 12 1
252 246 6 1 5 10 0 2 6 9 8 3 7 11 15 4 14 12 13
255 249 6 1 5 10 9 2 6 0 8 3 7 11 15 4 14 12 13
255 250 5 1 5 0 9 2 6 10 8 3 7 11 15 4 14 12 13
255 251 4 1 5 9 0 2 6 10 8 3 7 11 15 4 14 12 13
255 253 2 1 5 9 13 2 6 10 8 3 7 11 15 4 14 12 0
260 256 4 1 5 9 13 2 6 10 8 3 7 0 15 4 14 12 11
260 256 4 0 5 9 13 2 6 10 8 3 7 11 15 4 14 12 1
259 255 4 1 5 9 13 2 6 10 8 3 7 11 15 0 14 12 4
260 256 4 1 5 9 13 2 6 10 8 3 7 11 15 14 0 12 4
258 254 4 1 5 9 13 2 6 10 8 3 7 11 15 4 14 0 12
259 255 4 1 5 9 13 2 6 10 8 3 7 11 15 4 0 14 12
258 254 4 1 5 9 13 2 6 10 8 3 7 11 0 4 14 12 15
259 255 4 1 5 9 13 2 6 10 0 3 7 11 8 4 14 12 15
256 252 4 1 5 9 8 2 6 10 0 3 7 11 15 4 14 12 13
258 253 5 1 5 9 8 2 6 0 10 3 7 11 15 4 14 12 13
258 253 5 1 5 9 8 2 6 10 15 3 7 11 0 4 14 12 13
258 254 4 1 5 9 8 2 6 10 15 3 7 11 13 4 14 12 0
261 256 5 1 5 9 0 2 6 10 15 3 7 11 13 4 14 12 8
262 257 5 1 5 9 15 2 6 10 0 3 7 11 13 4 14 12 8
263 258 5 1 5 9 15 2 6 10 13 3 7 11 0 4 14 12 8
263 259 4 1 5 9 15 2 6 10 13 3 7 11 8 4 14 12 0
258 253 5 0 5 9 1 2 6 10 8 3 7 11 15 4 14 12 13
260 256 4 13 5 9 1 2 6 10 8 3 7 11 15 4 14 12 0
261 256 5 1 5 9 13 2 6 0 10 3 7 11 8 4 14 12 15
261 256 5 1 5 9 0 2 6 10 13 3 7 11 8 4 14 12 15
260 255 5 1 5 9 13 2 6 10 8 3 7 0 11 4 14 12 15
262 257 5 1 5 9 13 2 6 10 8 3 0 7 15 4 14 12 11
263 258 5 1 5 9 13 2 6 10 8 3 14 7 15 4 0 12 11
262 257 5 1 5 9 13 2 6 10 8 3 7 15 0 4 14 12 11
262 258 4 1 5 9 13 2 6 10 8 3 7 15 11 4 14 12 0
263 258 5 1 5 9 13 2 6 10 0 3 7 15 8 4 14 12 11
259 254 5 1 5 9 4 2 6 10 8 3 7 11 15 0 14 12 13
260 256 4 1 5 9 4 2 6 10 8 3 7 11 15 13 14 12 0
260 255 5 1 5 9 4 2 6 10 8 3 7 11 15 14 0 12 13
263 258 5 1 5 9 13 2 6 10 8 3 0 11 15 7 14 12 4
264 259 5 1 5 9 13 2 6 10 8 3 14 11 15 7 0 12 4
265 260 5 1 5 9 13 2 6 10 8 3 14 11 15 0 7 12 4
265 262 3 1 5 9 13 2 6 10 8 3 14 11 15 4 7 12 0
270 265 5 1 5 9 13 2 6 10 8 3 14 0 15 4 7 12 11
271 266 5 1 5 9 13 2 6 10 8 3 0 14 15 4 7 12 11
271 267 4 1 5 9 13 2 6 10 8 3 7 14 15 4 0 12 11
273 268 5 1 5 9 13 2 6 10 8 3 7 14 15 4 12 0 11
273 269 4 1 5 9 13 2 6 10 8 3 7 14 15 4 12 11 0
277 272 5 1 5 9 13 2 6 10 8 3 7 0 15 4 12 11 14
277 273 4 1 5 9 13 2 6 10 8 3 7 11 15 4 12 0 14
277 274 3 1 5 9 13 2 6 10 8 3 7 11 15 4 12 14 0
277 274 3 1 5 9 13 2 6 10 8 3 7 11 15 4 0 12 14
279 275 4 1 5 9 13 2 6 10 8 3 7 11 15 0 4 12 14
280 277 3 1 5 9 13 2 6 10 8 3 7 11 15 14 4 12 0
279 275 4 1 5 9 13 2 6 10 8 3 0 11 15 4 7 12 14
281 276 5 1 5 9 13 2 6 10 8 3 11 0 15 4 7 12 14
281 276 5 1 5 9 13 2 6 10 8 0 3 11 15 4 7 12 14
281 276 5 1 5 9 13 2 0 10 8 3 6 11 15 4 7 12 14
285 280 5 1 5 9 13 2 6 10 8 3 7 0 15 14 4 12 11
285 280 5 0 5 9 13 2 6 10 8 3 7 11 15 14 4 12 1
287 282 5 14 5 9 13 2 6 10 8 3 7 11 15 0 4 12 1
288 284 4 14 5 9 13 2 6 10 8 3 7 11 15 1 4 12 0
287 283 4 14 5 9 13 2 6 10 8 3 7 11 15 4 0 12 1
289 284 5 14 5 9 13 2 6 10 8 3 7 11 15 4 12 0 1
289 285 4 14 5 9 13 2 6 10 8 3 7 11 15 4 12 1 0
293 288 5 0 5 9 13 2 6 10 8 3 7 11 15 4 12 1 14
289 284 5 14 5 9 13 2 6 10 8 3 0 11 15 4 7 12 1
284 279 5 1 5 9 0 2 6 10 8 3 7 11 15 14 4 12 13
287 282 5 1 5 9 14 2 6 10 8 3 7 11 15 0 4 12 13
288 284 4 1 5 9 14 2 6 10 8 3 7 11 15 13 4 12 0
287 283 4 1 5 9 14 2 6 10 8 3 7 11 15 4 0 12 13
289 284 5 1 5 9 14 2 6 10 8 3 7 11 15 4 12 0 13
289 285 4 1 5 9 14 2 6 10 8 3 7 11 15 4 12 13 0
292 287 5 1 5 9 0 2 6 10 8 3 7 11 15 4 12 13 14
293 288 5 1 5 9 8 2 6 10 0 3 7 11 15 4 12 13 14
289 284 5 1 5 9 14 2 6 10 8 3 0 11 15 4 7 12 13
285 280 5 1 5 9 8 2 6 10 0 3 7 11 15 14 4 12 13
262 257 5 1 5 9 13 2 6 10 8 3 0 11 15 14 7 12 4
262 257 5 0 5 9 13 2 6 10 8 3 7 11 15 1 14 12 4
264 260 4 4 5 9 13 2 6 10 8 3 7 11 15 1 14 12 0
273 268 5 1 5 9 13 2 6 10 8 3 7 14 15 0 4 12 11
274 270 4 1 5 9 13 2 6 10 8 3 7 14 15 11 4 12 0
278 273 5 1 5 9 13 2 6 10 8 3 7 0 15 11 4 12 14
259 254 5 1 5 9 10 2 6 0 8 3 7 11 15 4 14 12 13
260 255 5 1 5 9 10 2 6 8 0 3 7 11 15 4 14 12 13
261 256 5 1 5 9 0 2 6 8 10 3 7 11 15 4 14 12 13
261 258 3 1 5 9 13 2 6 8 10 3 7 11 15 4 14 12 0
266 261 5 1 5 9 13 2 6 8 10 3 7 0 15 4 14 12 11
267 262 5 1 5 9 13 2 6 0 10 3 7 8 15 4 14 12 11
267 263 4 1 5 9 13 2 6 10 0 3 7 8 15 4 14 12 11
269 264 5 1 5 9 13 2 6 10 15 3 7 8 0 4 14 12 11
269 265 4 1 5 9 13 2 6 10 15 3 7 8 11 4 14 12 0
273 268 5 1 5 9 13 2 6 10 15 3 7 0 11 4 14 12 8
273 269 4 1 5 9 13 2 6 10 15 3 7 11 0 4 14 12 8
273 270 3 1 5 9 13 2 6 10 15 3 7 11 8 4 14 12 0
273 270 3 1 5 9 13 2 6 10 0 3 7 11 15 4 14 12 8
275 271 4 1 5 9 13 2 6 0 10 3 7 11 15 4 14 12 8
275 271 4 1 5 9 0 2 6 10 13 3 7 11 15 4 14 12 8
276 273 3 1 5 9 8 2 6 10 13 3 7 11 15 4 14 12 0
281 276 5 1 5 9 8 2 6 10 13 3 7 0 15 4 14 12 11
277 272 5 1 5 9 13 2 0 6 10 3 7 11 15 4 14 12 8
281 276 5 0 5 9 8 2 6 10 13 3 7 11 15 4 14 12 1
283 278 5 8 5 9 0 2 6 10 13 3 7 11 15 4 14 12 1
284 280 4 8 5 9 1 2 6 10 13 3 7 11 15 4 14 12 0
283 279 4 8 5 9 13 2 6 10 0 3 7 11 15 4 14 12 1
285 280 5 8 5 9 13 2 6 0 10 3 7 11 15 4 14 12 1
285 280 5 8 5 9 13 2 6 10 15 3 7 11 0 4 14 12 1
285 281 4 8 5 9 13 2 6 10 15 3 7 11 1 4 14 12 0
289 284 5 0 5 9 13 2 6 10 15 3 7 11 1 4 14 12 8
280 275 5 1 5 9 8 2 6 10 13 3 7 11 15 0 14 12 4
283 278 5 1 5 9 0 2 6 10 13 3 7 11 15 8 14 12 4
284 280 4 1 5 9 4 2 6 10 13 3 7 11 15 8 14 12 0
283 279 4 1 5 9 13 2 6 10 0 3 7 11 15 8 14 12 4
285 280 5 1 5 9 13 2 6 0 10 3 7 11 15 8 14 12 4
285 280 5 1 5 9 13 2 6 10 15 3 7 11 0 8 14 12 4
285 281 4 1 5 9 13 2 6 10 15 3 7 11 4 8 14 12 0
288 283 5 1 5 9 13 2 6 10 15 3 7 11 4 0 14 12 8
289 284 5 1 5 9 13 2 6 10 15 3 7 11 4 14 0 12 8
281 276 5 1 5 9 8 2 6 10 13 3 7 11 15 14 0 12 4
279 274 5 1 5 9 8 2 6 10 13 3 7 11 15 4 14 0 12
280 275 5 1 5 9 8 2 6 10 13 3 7 11 15 4 0 14 12
261 256 5 1 5 9 13 2 6 10 8 3 7 11 15 0 4 14 12
262 258 4 1 5 9 13 2 6 10 8 3 7 11 15 12 4 14 0
264 259 5 1 5 9 13 2 6 10 8 3 7 11 15 12 4 0 14
265 260 5 1 5 9 13 2 6 10 8 3 7 11 15 12 0 4 14
266 261 5 1 5 9 13 2 6 10 8 3 7 11 15 0 12 4 14
267 263 4 1 5 9 13 2 6 10 8 3 7 11 15 14 12 4 0
283 278 5 1 5 9 0 2 6 10 8 3 7 11 15 13 4 12 14
284 279 5 1 5 9 8 2 6 10 0 3 7 11 15 13 4 12 14
263 258 5 13 5 9 0 2 6 10 8 3 7 11 15 4 14 12 1
264 259 5 13 5 9 8 2 6 10 0 3 7 11 15 4 14 12 1
260 255 5 1 5 9 13 2 6 10 8 3 7 0 15 4 14 11 12
281 276 5 1 5 9 0 2 6 10 8 3 7 11 15 4 12 14 13
282 277 5 1 5 9 8 2 6 10 0 3 7 11 15 4 12 14 13
274 269 5 1 5 9 13 2 6 10 8 3 7 0 15 4 12 14 11
262 257 5 5 0 9 13 2 6 10 8 3 7 11 15 4 14 12 1
265 260 5 1 5 9 13 2 6 8 10 3 7 11 15 0 14 12 4
266 261 5 1 5 9 13 2 6 8 10 3 7 11 15 14 0 12 4
262 257 5 1 5 9 13 2 6 10 8 3 7 11 15 14 12 0 4
266 261 5 0 5 9 13 2 6 8 10 3 7 11 15 4 14 12 1
276 271 5 1 5 9 13 2 6 10 15 3 7 11 8 4 14 0 12
277 272 5 1 5 9 13 2 6 10 15 3 7 11 8 4 0 14 12
270 265 5 1 5 9 13 2 6 10 15 3 7 0 8 4 14 12 11
277 272 5 1 5 0 13 2 6 9 10 3 7 11 15 4 14 12 8
268 263 5 1 5 9 13 2 6 10 8 3 14 11 0 4 7 12 15
269 264 5 1 5 9 13 2 6 10 0 3 14 11 8 4 7 12 15
278 273 5 0 5 9 13 2 6 10 15 3 7 11 8 4 14 12 1
277 272 5 1 5 9 13 2 6 11 10 3 7 0 15 4 14 12 8
269 264 5 1 5 9 0 2 6 10 13 3 7 8 15 4 14 12 11
270 266 4 1 5 9 11 2 6 10 13 3 7 8 15 4 14 12 0
274 269 5 1 5 9 11 2 6 10 13 3 7 0 15 4 14 12 8
269 264 5 1 5 9 0 2 6 10 8 3 14 11 15 4 7 12 13
270 265 5 1 5 9 8 2 6 10 0 3 14 11 15 4 7 12 13
277 272 5 1 5 9 0 2 6 10 15 3 7 11 8 4 14 12 13
278 273 5 1 5 9 15 2 6 10 0 3 7 11 8 4 14 12 13
279 274 5 1 5 9 15 2 6 10 8 3 7 11 0 4 14 12 13
279 275 4 1 5 9 15 2 6 10 8 3 7 11 13 4 14 12 0
282 277 5 1 5 9 0 2 6 10 8 3 7 11 13 4 14 12 15
283 278 5 1 5 9 8 2 6 10 0 3 7 11 13 4 14 12 15
281 276 5 1 5 9 13 2 6 10 8 3 7 11 15 0 12 14 4
282 277 5 1 5 9 13 2 6 10 8 3 7 11 15 12 0 14 4
283 278 5 1 5 9 13 2 6 10 8 3 7 11 15 12 14 0 4
283 279 4 1 5 9 13 2 6 10 8 3 7 11 15 12 14 4 0
286 281 5 1 5 9 13 2 6 10 8 3 7 11 15 0 14 4 12
287 282 5 1 5 9 13 2 6 10 8 3 7 11 15 14 0 4 12
270 265 5 0 5 9 13 2 6 10 8 3 14 11 15 4 7 12 1
280 275 5 1 5 9 13 2 6 10 8 3 7 11 0 4 12 14 15
281 276 5 1 5 9 13 2 6 10 0 3 7 11 8 4 12 14 15
282 277 5 0 5 9 13 2 6 10 8 3 7 11 15 1 4 12 14
283 278 5 1 5 9 13 2 6 10 8 3 0 11 15 7 4 12 14
284 279 5 1 5 9 13 2 6 10 8 3 4 11 15 7 0 12 14
285 280 5 1 5 9 13 2 6 10 8 3 4 11 15 0 7 12 14
286 282 4 1 5 9 13 2 6 10 8 3 4 11 15 14 7 12 0
281 276 5 1 5 9 13 2 6 10 8 0 7 11 15 3 4 12 14
264 259 5 1 5 9 13 2 6 8 10 3 7 11 0 4 14 12 15
265 260 5 1 5 9 13 2 6 8 0 3 7 11 10 4 14 12 15
266 261 5 1 5 9 13 2 6 0 8 3 7 11 10 4 14 12 15
261 256 5 1 5 9 13 2 6 10 8 3 0 11 15 4 7 14 12
264 259 5 1 5 9 13 2 6 8 10 3 7 11 15 4 14 0 12
265 260 5 1 5 9 13 2 6 8 10 3 7 11 15 4 0 14 12
261 256 5 1 5 9 13 2 6 10 8 0 7 11 15 3 14 12 4
278 273 5 0 5 9 1 2 6 10 13 3 7 11 15 4 14 12 8
264 259 5 6 5 9 13 2 0 10 8 3 7 11 15 4 14 12 1
279 274 5 1 5 9 8 2 6 10 13 3 7 11 0 4 14 12 15
283 278 5 1 5 9 13 2 6 10 8 3 7 11 15 14 4 0 12
279 274 5 1 5 9 10 2 6 0 13 3 7 11 15 4 14 12 8
280 275 5 1 5 9 10 2 6 13 0 3 7 11 15 4 14 12 8
281 276 5 1 5 9 0 2 6 13 10 3 7 11 15 4 14 12 8
282 278 4 1 5 9 8 2 6 13 10 3 7 11 15 4 14 12 0
277 272 5 1 5 0 9 2 6 10 13 3 7 11 15 4 14 12 8
279 274 5 1 5 9 4 2 6 10 13 3 7 11 15 0 14 12 8
280 275 5 1 5 9 4 2 6 10 13 3 7 11 15 14 0 12 8
262 257 5 1 5 9 13 2 6 0 8 3 7 10 15 4 14 12 11
263 258 5 1 5 9 13 2 6 8 0 3 7 10 15 4 14 12 11
262 257 5 1 5 9 13 2 6 10 8 3 7 12 15 4 14 0 11
262 258 4 1 5 9 13 2 6 10 8 3 7 12 15 4 14 11 0
263 258 5 1 5 9 13 2 6 10 8 3 7 12 15 4 0 14 11
262 257 5 2 5 9 13 0 6 10 8 3 7 11 15 4 14 12 1
282 277 5 0 5 9 13 2 6 10 8 3 7 11 15 4 12 14 1
277 272 5 1 5 9 13 2 6 10 15 3 7 11 8 0 14 12 4
278 273 5 1 5 9 13 2 6 10 15 3 7 11 8 14 0 12 4
263 258 5 4 5 9 13 2 6 10 8 3 7 11 15 0 14 12 1
264 259 5 4 5 9 13 2 6 10 8 3 7 11 15 14 0 12 1
283 278 5 1 5 9 13 2 6 10 8 3 7 11 0 14 4 12 15
284 279 5 1 5 9 13 2 6 10 0 3 7 11 8 14 4 12 15
263 258 5 1 5 9 0 2 6 10 8 3 7 11 15 13 14 12 4
264 259 5 1 5 9 8 2 6 10 0 3 7 11 15 13 14 12 4
268 263 5 1 5 9 13 2 6 10 8 3 14 11 15 4 7 0 12
269 264 5 1 5 9 13 2 6 10 8 3 14 11 15 4 0 7 12
270 265 5 1 5 9 13 2 6 10 8 3 0 11 15 4 14 7 12
272 266 6 1 5 9 13 2 6 10 8 3 11 0 15 4 14 7 12
273 267 6 1 5 9 13 2 6 10 8 3 11 7 15 4 14 0 12
272 268 4 1 5 9 13 2 6 10 8 3 11 7 15 4 14 12 0
276 271 5 1 5 9 13 2 6 10 8 3 11 0 15 4 14 12 7
276 272 4 1 5 9 13 2 6 10 8 3 0 11 15 4 14 12 7
277 273 4 1 5 9 13 2 6 10 8 3 14 11 15 4 0 12 7
279 274 5 1 5 9 13 2 6 10 8 3 14 11 15 4 12 0 7
279 275 4 1 5 9 13 2 6 10 8 3 14 11 15 4 12 7 0
279 274 5 1 5 9 13 2 6 10 8 3 14 11 15 0 4 12 7
280 276 4 1 5 9 13 2 6 10 8 3 14 11 15 7 4 12 0
282 277 5 1 5 9 13 2 6 10 8 3 0 11 15 14 4 12 7
283 278 5 1 5 9 13 2 6 10 8 3 4 11 15 14 0 12 7
284 279 5 1 5 9 13 2 6 10 8 3 4 11 15 0 14 12 7
285 281 4 1 5 9 13 2 6 10 8 3 4 11 15 7 14 12 0
278 273 5 1 5 9 13 2 6 10 8 0 3 11 15 4 14 12 7
278 273 5 1 5 9 13 2 0 10 8 3 6 11 15 4 14 12 7
280 274 6 1 5 9 13 2 10 0 8 3 6 11 15 4 14 12 7
281 275 6 1 5 9 13 2 10 8 0 3 6 11 15 4 14 12 7
288 282 6 1 5 9 13 2 6 10 8 3 4 11 0 7 14 12 15
289 283 6 1 5 9 13 2 6 10 0 3 4 11 8 7 14 12 15
257 251 6 1 0 5 9 2 6 10 8 3 7 11 15 4 14 12 13
252 246 6 1 5 10 13 2 6 9 8 3 7 11 15 0 14 12 4
253 247 6 1 5 10 13 2 6 9 8 3 7 11 15 14 0 12 4
265 259 6 1 5 9 10 2 6 0 15 3 7 11 13 4 14 12 8
266 260 6 1 5 9 10 2 6 15 0 3 7 11 13 4 14 12 8
267 261 6 1 5 9 10 2 6 15 13 3 7 11 0 4 14 12 8
267 262 5 1 5 9 10 2 6 15 13 3 7 11 8 4 14 12 0
270 264 6 1 5 9 0 2 6 15 13 3 7 11 8 4 14 12 10
270 265 5 1 5 9 13 2 6 15 0 3 7 11 8 4 14 12 10
271 266 5 1 5 9 13 2 6 0 15 3 7 11 8 4 14 12 10
271 266 5 1 5 9 13 2 6 15 8 3 7 11 0 4 14 12 10
271 267 4 1 5 9 13 2 6 15 8 3 7 11 10 4 14 12 0
276 270 6 1 5 9 13 2 6 15 8 3 7 0 10 4 14 12 11
277 271 6 1 5 9 13 2 6 15 8 3 7 10 0 4 14 12 11
277 272 5 1 5 9 13 2 6 15 8 3 7 10 11 4 14 12 0
278 272 6 1 5 9 13 2 6 15 0 3 7 10 8 4 14 12 11
263 257 6 1 5 9 8 2 6 10 15 3 7 0 13 4 14 12 11
264 258 6 1 5 9 8 2 6 10 15 3 7 13 0 4 14 12 11
264 259 5 1 5 9 8 2 6 10 15 3 7 13 11 4 14 12 0
264 259 5 1 5 9 8 2 6 10 0 3 7 13 15 4 14 12 11
265 260 5 1 5 9 0 2 6 10 8 3 7 13 15 4 14 12 11
266 262 4 1 5 9 11 2 6 10 8 3 7 13 15 4 14 12 0
270 265 5 1 5 9 11 2 6 10 8 3 7 0 15 4 14 12 13
272 266 6 1 5 9 11 2 6 10 8 3 7 15 0 4 14 12 13
272 267 5 1 5 9 11 2 6 10 8 3 7 15 13 4 14 12 0
276 270 6 1 5 9 11 2 6 10 8 3 7 0 13 4 14 12 15
275 269 6 1 5 9 0 2 6 10 8 3 7 15 13 4 14 12 11
276 270 6 1 5 9 8 2 6 10 0 3 7 15 13 4 14 12 11
268 262 6 0 5 9 15 2 6 10 13 3 7 11 8 4 14 12 1
270 264 6 15 5 9 0 2 6 10 13 3 7 11 8 4 14 12 1
271 266 5 15 5 9 1 2 6 10 13 3 7 11 8 4 14 12 0
270 265 5 15 5 9 13 2 6 10 0 3 7 11 8 4 14 12 1
271 266 5 15 5 9 13 2 6 10 8 3 7 11 0 4 14 12 1
271 267 4 15 5 9 13 2 6 10 8 3 7 11 1 4 14 12 0
275 270 5 0 5 9 13 2 6 10 8 3 7 11 1 4 14 12 15
279 273 6 6 5 9 13 2 0 10 8 3 7 11 1 4 14 12 15
278 272 6 4 5 9 13 2 6 10 8 3 7 11 1 0 14 12 15
279 274 5 4 5 9 13 2 6 10 8 3 7 11 1 15 14 12 0
283 277 6 0 5 9 13 2 6 10 8 3 7 11 1 15 14 12 4
281 275 6 4 5 9 13 2 6 10 8 3 7 11 0 15 14 12 1
282 276 6 4 5 9 13 2 6 10 0 3 7 11 8 15 14 12 1
283 277 6 1 5 9 13 0 6 10 8 2 3 11 15 4 7 12 14
262 256 6 1 5 9 13 2 6 10 8 3 0 7 11 4 14 12 15
263 257 6 1 5 9 13 2 6 10 8 3 14 7 11 4 0 12 15
264 258 6 0 5 9 1 2 6 10 13 3 7 11 8 4 14 12 15
265 259 6 1 5 9 4 2 6 10 13 3 7 11 8 0 14 12 15
266 261 5 1 5 9 4 2 6 10 13 3 7 11 8 15 14 12 0
269 263 6 1 5 9 0 2 6 10 13 3 7 11 8 15 14 12 4
269 264 5 1 5 9 13 2 6 10 0 3 7 11 8 15 14 12 4
270 265 5 1 5 9 13 2 6 10 8 3 7 11 0 15 14 12 4
270 266 4 1 5 9 13 2 6 10 8 3 7 11 4 15 14 12 0
273 268 5 1 5 9 13 2 6 10 8 3 7 11 4 0 14 12 15
274 269 5 1 5 9 13 2 6 10 8 3 7 11 4 14 0 12 15
276 270 6 1 5 9 13 2 6 10 8 3 7 11 4 14 12 0 15
276 271 5 1 5 9 13 2 6 10 8 3 7 11 4 14 12 15 0
279 273 6 1 5 9 13 2 6 10 8 3 7 11 4 0 12 15 14
280 274 6 1 5 9 13 2 6 10 8 3 7 11 4 12 0 15 14
281 275 6 1 5 9 13 2 6 10 8 3 7 11 4 12 15 0 14
281 276 5 1 5 9 13 2 6 10 8 3 7 11 4 12 15 14 0
284 278 6 1 5 9 13 2 6 10 8 3 7 11 4 0 15 14 12
285 279 6 1 5 9 13 2 6 10 8 3 7 11 4 15 0 14 12
283 277 6 1 5 9 13 2 6 10 8 3 7 11 0 12 15 14 4
284 278 6 1 5 9 13 2 6 10 0 3 7 11 8 12 15 14 4
262 256 6 1 5 9 4 2 6 10 8 3 0 11 15 14 7 12 13
265 259 6 1 5 9 13 2 6 10 8 0 3 11 15 7 14 12 4
266 260 6 1 5 9 13 2 6 10 8 7 3 11 15 0 14 12 4
266 262 4 1 5 9 13 2 6 10 8 7 3 11 15 4 14 12 0
271 265 6 1 5 9 13 2 6 10 8 7 3 0 15 4 14 12 11
272 266 6 1 5 9 13 2 6 10 8 7 0 3 15 4 14 12 11
272 267 5 1 5 9 13 2 6 10 8 0 7 3 15 4 14 12 11
274 268 6 1 5 9 13 2 6 10 8 4 7 3 15 0 14 12 11
275 270 5 1 5 9 13 2 6 10 8 4 7 3 15 11 14 12 0
279 273 6 1 5 9 13 2 6 10 8 4 7 0 15 11 14 12 3
275 269 6 1 5 9 13 2 6 10 8 4 7 3 15 14 0 12 11
276 270 6 1 5 9 13 2 6 10 8 3 7 14 0 4 12 11 15
277 271 6 1 5 9 13 2 6 10 8 3 7 0 14 4 12 11 15
277 272 5 1 5 9 13 2 6 10 8 3 7 11 14 4 12 0 15
277 273 4 1 5 9 13 2 6 10 8 3 7 11 14 4 12 15 0
277 273 4 1 5 9 13 2 6 10 8 3 7 11 14 4 0 12 15
279 274 5 1 5 9 13 2 6 10 8 3 7 11 14 0 4 12 15
280 276 4 1 5 9 13 2 6 10 8 3 7 11 14 15 4 12 0
282 277 5 1 5 9 13 2 6 10 8 3 7 11 0 15 4 12 14
283 278 5 1 5 9 13 2 6 10 0 3 7 11 8 15 4 12 14
279 274 5 1 5 9 13 2 6 10 8 3 0 11 14 4 7 12 15
279 274 5 1 5 9 13 2 6 10 8 3 7 11 0 4 12 15 14
280 275 5 1 5 9 13 2 6 10 0 3 7 11 8 4 12 15 14
282 276 6 1 5 9 13 2 6 0 10 3 7 11 8 4 12 15 14
260 254 6 5 0 9 1 2 6 10 8 3 7 11 15 4 14 12 13
282 276 6 1 5 9 0 2 6 10 13 3 7 11 8 4 12 15 14
283 278 5 1 5 9 14 2 6 10 13 3 7 11 8 4 12 15 0
285 279 6 1 5 9 14 2 6 10 13 3 7 11 8 4 12 0 15
285 280 5 1 5 9 14 2 6 10 13 3 7 11 8 4 0 12 15
287 281 6 1 5 9 14 2 6 10 13 3 7 11 8 0 4 12 15
288 283 5 1 5 9 14 2 6 10 13 3 7 11 8 15 4 12 0
290 284 6 1 5 9 14 2 6 10 13 3 7 11 0 15 4 12 8
291 285 6 1 5 9 14 2 6 10 0 3 7 11 13 15 4 12 8
291 286 5 1 5 9 0 2 6 10 14 3 7 11 13 15 4 12 8
292 288 4 1 5 9 8 2 6 10 14 3 7 11 13 15 4 12 0
295 290 5 1 5 9 8 2 6 10 14 3 7 11 13 0 4 12 15
295 291 4 1 5 9 8 2 6 10 14 3 7 11 13 4 0 12 15
297 292 5 1 5 9 8 2 6 10 14 3 7 11 13 4 12 0 15
297 293 4 1 5 9 8 2 6 10 14 3 7 11 13 4 12 15 0
300 295 5 1 5 9 0 2 6 10 14 3 7 11 13 4 12 15 8
299 294 5 1 5 9 8 2 6 10 14 3 7 11 0 4 12 15 13
297 292 5 1 5 9 8 2 6 10 14 3 0 11 13 4 7 12 15
298 293 5 1 5 9 0 2 6 10 14 3 7 11 13 8 4 12 15
299 295 4 1 5 9 15 2 6 10 14 3 7 11 13 8 4 12 0
301 296 5 1 5 9 15 2 6 10 14 3 7 11 0 8 4 12 13
294 289 5 1 5 9 8 2 6 10 14 3 7 11 0 15 4 12 13
294 289 5 1 5 9 15 2 6 10 14 3 7 11 13 0 4 12 8
294 290 4 1 5 9 15 2 6 10 14 3 7 11 13 4 0 12 8
296 291 5 1 5 9 15 2 6 10 14 3 7 11 13 4 12 0 8
296 292 4 1 5 9 15 2 6 10 14 3 7 11 13 4 12 8 0
299 294 5 1 5 9 0 2 6 10 14 3 7 11 13 4 12 8 15
298 293 5 1 5 9 15 2 6 10 14 3 7 11 0 4 12 8 13
296 291 5 1 5 9 15 2 6 10 14 3 0 11 13 4 7 12 8
298 292 6 1 5 9 15 2 6 10 14 3 11 0 13 4 7 12 8
299 293 6 1 5 9 15 2 6 10 14 3 11 13 0 4 7 12 8
299 294 5 1 5 9 15 2 6 10 14 3 11 13 8 4 7 12 0
303 297 6 1 5 9 15 2 6 10 14 3 11 0 8 4 7 12 13
303 298 5 1 5 9 15 2 6 10 14 3 0 11 8 4 7 12 13
303 299 4 1 5 9 15 2 6 10 14 3 7 11 8 4 0 12 13
305 300 5 1 5 9 15 2 6 10 14 3 7 11 8 4 12 0 13
305 301 4 1 5 9 15 2 6 10 14 3 7 11 8 4 12 13 0
308 303 5 1 5 9 0 2 6 10 14 3 7 11 8 4 12 13 15
307 302 5 1 5 9 15 2 6 10 14 3 7 11 0 4 12 13 8
305 300 5 1 5 9 15 2 6 10 14 3 7 11 8 0 4 12 13
306 302 4 1 5 9 15 2 6 10 14 3 7 11 8 13 4 12 0
309 304 5 1 5 9 0 2 6 10 14 3 7 11 8 13 4 12 15
311 307 4 1 5 9 13 2 6 10 14 3 7 11 8 0 4 12 15
312 309 3 1 5 9 13 2 6 10 14 3 7 11 8 15 4 12 0
311 308 3 1 5 9 13 2 6 10 14 3 7 11 8 4 0 12 15
313 309 4 1 5 9 13 2 6 10 14 3 7 11 8 4 12 0 15
313 310 3 1 5 9 13 2 6 10 14 3 7 11 8 4 12 15 0
315 311 4 1 5 9 13 2 6 10 14 3 7 11 0 4 12 15 8
313 309 4 1 5 9 13 2 6 10 14 3 0 11 8 4 7 12 15
314 310 4 1 5 9 13 2 6 10 14 3 7 11 0 15 4 12 8
316 311 5 1 5 9 13 2 6 10 14 3 7 0 11 15 4 12 8
308 303 5 1 5 9 15 2 6 10 14 3 7 11 0 13 4 12 8
308 303 5 1 5 9 0 2 6 10 14 3 7 11 8 15 4 12 13
316 311 5 1 5 9 13 2 6 10 0 3 7 11 14 15 4 12 8
315 310 5 1 5 9 13 2 6 10 14 3 7 0 8 4 12 11 15
316 311 5 1 5 9 13 2 6 10 14 3 7 8 0 4 12 11 15
315 312 3 1 5 9 13 2 6 10 14 3 7 8 15 4 12 11 0
319 315 4 1 5 9 13 2 6 10 14 3 7 0 15 4 12 11 8
319 316 3 1 5 9 13 2 6 10 14 3 7 11 15 4 12 0 8
319 317 2 1 5 9 13 2 6 10 14 3 7 11 15 4 12 8 0
319 317 2 1 5 9 13 2 6 10 14 3 7 11 15 4 0 12 8
321 318 3 1 5 9 13 2 6 10 14 3 7 11 15 0 4 12 8
322 320 2 1 5 9 13 2 6 10 14 3 7 11 15 8 4 12 0
321 318 3 1 5 9 13 2 6 10 14 3 0 11 15 4 7 12 8
323 319 4 1 5 9 13 2 6 10 14 3 11 0 15 4 7 12 8
323 319 4 1 5 9 13 2 6 10 14 0 3 11 15 4 7 12 8
323 319 4 1 5 9 13 2 0 10 14 3 6 11 15 4 7 12 8
324 320 4 1 5 9 13 2 6 10 14 3 7 0 15 4 12 8 11
327 323 4 1 5 9 13 2 6 10 14 3 7 0 15 8 4 12 11
327 323 4 0 5 9 13 2 6 10 14 3 7 11 15 8 4 12 1
329 325 4 8 5 9 13 2 6 10 14 3 7 11 15 0 4 12 1
330 327 3 8 5 9 13 2 6 10 14 3 7 11 15 1 4 12 0
329 326 3 8 5 9 13 2 6 10 14 3 7 11 15 4 0 12 1
331 327 4 8 5 9 13 2 6 10 14 3 7 11 15 4 12 0 1
331 328 3 8 5 9 13 2 6 10 14 3 7 11 15 4 12 1 0
335 331 4 0 5 9 13 2 6 10 14 3 7 11 15 4 12 1 8
331 327 4 8 5 9 13 2 6 10 14 3 0 11 15 4 7 12 1
326 322 4 1 5 9 0 2 6 10 14 3 7 11 15 8 4 12 13
329 325 4 1 5 9 8 2 6 10 14 3 7 11 15 0 4 12 13
330 327 3 1 5 9 8 2 6 10 14 3 7 11 15 13 4 12 0
329 326 3 1 5 9 8 2 6 10 14 3 7 11 15 4 0 12 13
331 327 4 1 5 9 8 2 6 10 14 3 7 11 15 4 12 0 13
331 328 3 1 5 9 8 2 6 10 14 3 7 11 15 4 12 13 0
334 330 4 1 5 9 0 2 6 10 14 3 7 11 15 4 12 13 8
322 318 4 1 5 9 13 2 6 10 14 3 7 11 0 4 12 8 15
331 327 4 1 5 9 8 2 6 10 14 3 0 11 15 4 7 12 13
317 313 4 1 5 9 13 2 6 10 14 3 7 8 15 4 12 0 11
317 314 3 1 5 9 13 2 6 10 14 3 7 8 15 4 0 12 11
319 315 4 1 5 9 13 2 6 10 14 3 7 8 15 0 4 12 11
320 317 3 1 5 9 13 2 6 10 14 3 7 8 15 11 4 12 0
324 320 4 1 5 9 13 2 6 10 14 3 7 0 15 11 4 12 8
319 315 4 1 5 9 13 2 6 10 14 3 0 8 15 4 7 12 11
320 316 4 1 5 9 13 2 6 10 14 3 8 0 15 4 7 12 11
325 321 4 1 5 9 13 2 6 10 14 3 0 11 15 7 4 12 8
326 322 4 1 5 9 13 2 6 10 14 3 4 11 15 7 0 12 8
327 323 4 1 5 9 13 2 6 10 14 3 4 11 15 0 7 12 8
328 325 3 1 5 9 13 2 6 10 14 3 4 11 15 8 7 12 0
325 321 4 1 5 9 0 2 6 10 14 3 7 11 15 13 4 12 8
325 321 4 1 5 9 13 2 6 10 14 3 7 11 15 8 4 0 12
326 322 4 1 5 9 13 2 6 10 14 3 7 11 15 8 0 4 12
326 323 3 1 5 9 13 2 6 10 14 3 7 11 15 0 8 4 12
327 325 2 1 5 9 13 2 6 10 14 3 7 11 15 12 8 4 0
329 326 3 1 5 9 13 2 6 10 14 3 7 11 15 12 8 0 4
331 327 4 1 5 9 13 2 6 10 14 3 7 11 15 12 0 8 4
323 319 4 1 5 9 0 2 6 10 14 3 7 11 15 4 12 8 13
331 327 4 1 5 9 13 2 6 10 14 3 7 0 15 12 8 11 4
332 328 4 1 5 9 13 2 6 10 14 3 7 0 15 12 8 4 11
333 329 4 1 5 9 13 2 6 10 14 3 7 4 15 12 8 0 11
333 330 3 1 5 9 13 2 6 10 14 3 7 4 15 12 8 11 0
336 332 4 1 5 9 13 2 6 10 14 3 7 4 15 0 8 11 12
332 328 4 0 5 9 13 2 6 10 14 3 7 11 15 12 8 4 1
334 330 4 12 5 9 13 2 6 10 14 3 7 11 15 0 8 4 1
335 332 3 12 5 9 13 2 6 10 14 3 7 11 15 1 8 4 0
337 333 4 12 5 9 13 2 6 10 14 3 7 11 15 1 8 0 4
331 327 4 1 5 9 0 2 6 10 14 3 7 11 15 12 8 4 13
334 330 4 1 5 9 12 2 6 10 14 3 7 11 15 0 8 4 13
335 332 3 1 5 9 12 2 6 10 14 3 7 11 15 13 8 4 0
337 333 4 1 5 9 12 2 6 10 14 3 7 11 15 13 8 0 4
330 326 4 1 5 9 13 2 6 10 14 3 7 11 0 12 8 4 15
330 326 4 1 5 9 13 2 6 10 14 3 0 11 15 7 8 4 12
324 320 4 0 5 9 13 2 6 10 14 3 7 11 15 4 12 8 1
324 320 4 0 5 9 13 2 6 10 14 3 7 11 15 1 4 12 8
323 319 4 1 5 9 13 2 6 10 14 0 7 11 15 3 4 12 8
330 326 4 1 5 9 0 2 6 10 14 3 7 11 15 13 8 4 12
323 319 4 1 5 9 13 2 6 10 14 3 7 11 15 0 12 8 4
329 325 4 0 5 9 13 2 6 10 14 3 7 11 15 1 8 4 12
328 324 4 1 5 9 13 2 6 10 14 0 7 11 15 3 8 4 12
325 321 4 1 5 9 13 2 6 10 14 3 7 11 0 8 4 12 15
327 322 5 1 5 9 13 2 6 10 14 3 7 0 11 8 4 12 15
315 310 5 1 5 9 13 2 6 10 14 3 7 11 8 15 4 0 12
316 311 5 1 5 9 13 2 6 10 14 3 7 11 8 15 0 4 12
317 312 5 1 5 9 13 2 6 10 14 3 7 11 8 0 15 4 12
318 314 4 1 5 9 13 2 6 10 14 3 7 11 8 12 15 4 0
320 315 5 1 5 9 13 2 6 10 14 3 7 11 8 12 15 0 4
321 316 5 1 5 9 13 2 6 10 14 3 7 11 8 12 0 15 4
320 315 5 1 5 9 13 2 6 10 14 3 7 11 0 12 15 4 8
327 322 5 1 5 9 13 2 6 10 0 3 7 11 14 8 4 12 15
330 325 5 1 5 9 13 2 6 10 14 7 0 11 15 3 8 4 12
315 310 5 1 5 9 13 2 0 10 14 3 6 11 8 4 7 12 15
313 308 5 1 5 9 13 2 6 10 14 0 7 11 8 3 4 12 15
317 312 5 0 5 9 13 2 6 10 14 3 7 11 8 15 4 12 1
319 314 5 15 5 9 13 2 6 10 14 3 7 11 8 0 4 12 1
320 316 4 15 5 9 13 2 6 10 14 3 7 11 8 1 4 12 0
319 315 4 15 5 9 13 2 6 10 14 3 7 11 8 4 0 12 1
321 316 5 15 5 9 13 2 6 10 14 3 7 11 8 4 12 0 1
321 317 4 15 5 9 13 2 6 10 14 3 7 11 8 4 12 1 0
325 320 5 0 5 9 13 2 6 10 14 3 7 11 8 4 12 1 15
323 318 5 15 5 9 13 2 6 10 14 3 7 11 0 4 12 1 8
321 316 5 15 5 9 13 2 6 10 14 3 0 11 8 4 7 12 1
322 317 5 15 5 9 13 2 6 10 14 3 7 11 0 1 4 12 8
315 310 5 1 5 9 13 2 6 10 14 3 11 0 8 4 7 12 15
316 311 5 1 5 9 13 2 6 10 14 3 11 8 0 4 7 12 15
315 312 3 1 5 9 13 2 6 10 14 3 11 8 15 4 7 12 0
320 315 5 0 5 9 13 2 6 10 14 3 11 8 15 4 7 12 1
319 314 5 1 5 9 0 2 6 10 14 3 11 8 15 4 7 12 13
319 314 5 1 5 9 13 2 6 10 14 3 11 8 15 0 7 12 4
322 317 5 1 5 9 13 2 6 10 14 3 0 8 15 11 7 12 4
322 318 4 1 5 9 13 2 6 10 14 3 7 8 15 11 0 12 4
323 319 4 1 5 9 13 2 6 10 14 3 7 8 15 0 11 12 4
323 321 2 1 5 9 13 2 6 10 14 3 7 8 15 4 11 12 0
327 324 3 1 5 9 13 2 6 10 14 3 7 0 15 4 11 12 8
329 325 4 1 5 9 13 2 6 10 14 3 7 15 0 4 11 12 8
329 326 3 1 5 9 13 2 6 10 14 3 7 15 8 4 11 12 0
333 329 4 1 5 9 13 2 6 10 14 3 7 0 8 4 11 12 15
329 325 4 1 5 9 13 2 6 10 14 3 0 7 15 4 11 12 8
330 326 4 1 5 9 13 2 6 10 14 3 11 7 15 4 0 12 8
329 325 4 1 5 9 13 2 6 10 14 3 7 12 15 4 11 0 8
329 326 3 1 5 9 13 2 6 10 14 3 7 12 15 4 11 8 0
333 329 4 1 5 9 13 2 6 10 14 3 7 0 15 4 11 8 12
330 326 4 1 5 9 13 2 6 10 14 3 7 12 15 4 0 11 8
329 325 4 1 5 9 13 2 6 0 14 3 7 10 15 4 11 12 8
328 324 4 0 5 9 13 2 6 10 14 3 7 8 15 4 11 12 1
327 323 4 1 5 9 0 2 6 10 14 3 7 8 15 4 11 12 13
326 322 4 1 5 9 13 2 6 10 14 3 7 8 15 4 11 0 12
327 323 4 1 5 9 13 2 6 10 14 3 7 8 15 4 0 11 12
326 322 4 1 5 9 13 2 6 10 14 3 7 8 0 4 11 12 15
328 323 5 1 5 9 13 2 6 10 0 3 7 8 14 4 11 12 15
325 320 5 1 5 9 13 2 10 0 14 3 6 11 15 4 7 12 8
329 324 5 1 5 9 13 2 6 10 14 3 7 8 15 0 4 11 12
330 326 4 1 5 9 13 2 6 10 14 3 7 8 15 12 4 11 0
334 329 5 1 5 9 13 2 6 10 14 3 7 0 15 12 4 11 8
334 330 4 1 5 9 13 2 6 10 14 3 7 11 15 12 4 0 8
334 331 3 1 5 9 13 2 6 10 14 3 7 11 15 12 4 8 0
337 333 4 1 5 9 13 2 6 10 14 3 7 11 15 0 4 8 12
337 334 3 1 5 9 13 2 6 10 14 3 7 11 15 4 0 8 12
337 335 2 1 5 9 13 2 6 10 14 3 7 11 15 4 8 0 12
336 336 0 1 5 9 13 2 6 10 14 3 7 11 15 4 8 12 0
