0 0 0 6 5 14 13 4 1 15 7 8 9 3 2 11 0 12 10
14 1 13 6 5 14 13 4 1 15 7 8 9 3 2 0 11 12 10
15 3 12 6 5 14 13 4 1 15 7 8 9 3 2 10 11 12 0
19 6 13 6 5 14 13 4 1 15 7 8 9 0 2 10 11 12 3
20 7 13 6 5 14 13 4 1 15 7 8 9 2 0 10 11 12 3
20 8 12 6 5 14 13 4 1 15 7 8 9 2 3 10 11 12 0
24 11 13 6 5 14 13 4 1 15 7 8 9 0 3 10 11 12 2
25 12 13 6 5 14 13 4 1 15 7 8 0 9 3 10 11 12 2
26 13 13 6 5 14 13 4 1 15 7 0 8 9 3 10 11 12 2
27 14 13 6 5 14 13 4 1 15 7 10 8 9 3 0 11 12 2
28 16 12 6 5 14 13 4 1 15 7 10 8 9 3 2 11 12 0
32 19 13 6 5 14 13 4 1 15 7 10 8 0 3 2 11 12 9
33 20 13 6 5 14 13 4 1 15 7 10 8 3 0 2 11 12 9
33 21 12 6 5 14 13 4 1 15 7 10 8 3 9 2 11 12 0
37 24 13 6 5 14 13 4 1 15 7 10 8 0 9 2 11 12 3
38 25 13 6 5 14 13 4 1 15 7 10 0 8 9 2 11 12 3
39 26 13 6 5 14 13 4 1 15 7 0 10 8 9 2 11 12 3
40 27 13 6 5 14 13 4 1 15 7 2 10 8 9 0 11 12 3
41 29 12 6 5 14 13 4 1 15 7 2 10 8 9 3 11 12 0
45 32 13 6 5 14 13 4 1 15 7 2 10 0 9 3 11 12 8
46 33 13 6 5 14 13 4 1 15 7 2 10 9 0 3 11 12 8
46 34 12 6 5 14 13 4 1 15 7 2 10 9 8 3 11 12 0
50 37 13 6 5 14 13 4 1 15 7 2 10 0 8 3 11 12 9
51 38 13 6 5 14 13 4 1 15 7 2 0 10 8 3 11 12 9
52 39 13 6 5 14 13 4 1 15 7 0 2 10 8 3 11 12 9
52 40 12 6 5 14 13 4 1 15 7 3 2 10 8 0 11 12 9
53 42 11 6 5 14 13 4 1 15 7 3 2 10 8 9 11 12 0
57 45 12 6 5 14 13 4 1 15 7 3 2 0 8 9 11 12 10
58 46 12 6 5 14 13 4 1 15 7 3 2 8 0 9 11 12 10
58 47 11 6 5 14 13 4 1 15 7 3 2 8 10 9 11 12 0
62 50 12 6 5 14 13 4 1 15 7 3 2 0 10 9 11 12 8
63 51 12 6 5 14 13 4 1 15 7 3 0 2 10 9 11 12 8
64 52 12 6 5 14 13 4 1 15 7 3 11 2 10 9 0 12 8
65 53 12 6 5 14 13 4 1 15 7 3 11 2 10 0 9 12 8
66 55 11 6 5 14 13 4 1 15 7 3 11 2 10 8 9 12 0
70 58 12 6 5 14 13 4 1 15 7 3 11 0 10 8 9 12 2
70 59 11 6 5 14 13 4 1 15 7 3 0 11 10 8 9 12 2
71 60 11 6 5 14 13 4 1 15 7 3 9 11 10 8 0 12 2
71 61 10 6 5 14 13 4 1 15 7 3 9 11 10 0 8 12 2
72 63 9 6 5 14 13 4 1 15 7 3 9 11 10 2 8 12 0
76 66 10 0 5 14 13 4 1 15 7 3 9 11 10 2 8 12 6
78 69 9 1 5 14 13 4 0 15 7 3 9 11 10 2 8 12 6
79 70 9 1 5 14 13 4 15 0 7 3 9 11 10 2 8 12 6
80 71 9 1 5 14 13 4 15 7 0 3 9 11 10 2 8 12 6
81 72 9 1 5 14 13 4 15 7 10 3 9 11 0 2 8 12 6
81 73 8 1 5 14 13 4 15 7 10 3 9 11 6 2 8 12 0
84 75 9 1 5 14 13 4 15 7 10 3 9 11 6 0 8 12 2
87 78 9 1 5 14 13 4 15 7 10 3 0 11 6 9 8 12 2
88 79 9 1 5 14 13 4 0 7 10 3 15 11 6 9 8 12 2
89 80 9 1 5 14 13 4 7 0 10 3 15 11 6 9 8 12 2
89 81 8 1 5 14 13 4 7 10 0 3 15 11 6 9 8 12 2
90 82 8 1 5 14 13 4 7 10 6 3 15 11 0 9 8 12 2
90 83 7 1 5 14 13 4 7 10 6 3 15 11 2 9 8 12 0
93 85 8 1 5 14 13 4 7 10 6 3 15 11 2 0 8 12 9
96 88 8 1 5 14 13 4 7 10 6 3 0 11 2 15 8 12 9
96 89 7 1 5 14 13 4 0 10 6 3 7 11 2 15 8 12 9
97 90 7 1 5 14 13 0 4 10 6 3 7 11 2 15 8 12 9
99 91 8 1 5 14 13 3 4 10 6 0 7 11 2 15 8 12 9
100 92 8 1 5 14 13 3 4 10 6 15 7 11 2 0 8 12 9
101 94 7 1 5 14 13 3 4 10 6 15 7 11 2 9 8 12 0
103 95 8 1 5 14 13 3 4 10 6 15 7 11 0 9 8 12 2
104 96 8 1 5 14 13 3 4 10 0 15 7 11 6 9 8 12 2
98 90 8 1 5 14 13 4 10 0 6 3 7 11 2 15 8 12 9
99 91 8 1 5 14 13 4 10 6 0 3 7 11 2 15 8 12 9
100 92 8 1 5 14 13 4 10 6 2 3 7 11 0 15 8 12 9
100 93 7 1 5 14 13 4 10 6 2 3 7 11 9 15 8 12 0
103 95 8 1 5 14 13 4 10 6 2 3 7 11 9 0 8 12 15
99 91 8 1 5 0 13 4 10 14 6 3 7 11 2 15 8 12 9
98 90 8 1 0 14 13 4 5 10 6 3 7 11 2 15 8 12 9
99 91 8 1 14 0 13 4 5 10 6 3 7 11 2 15 8 12 9
101 92 9 1 14 13 0 4 5 10 6 3 7 11 2 15 8 12 9
102 94 8 1 14 13 9 4 5 10 6 3 7 11 2 15 8 12 0
105 96 9 1 14 13 9 4 5 10 6 3 7 11 2 0 8 12 15
108 99 9 1 14 13 0 4 5 10 6 3 7 11 2 9 8 12 15
109 101 8 1 14 13 15 4 5 10 6 3 7 11 2 9 8 12 0
108 100 8 1 14 0 13 4 5 10 6 3 7 11 2 9 8 12 15
109 101 8 1 0 14 13 4 5 10 6 3 7 11 2 9 8 12 15
109 102 7 1 5 14 13 4 0 10 6 3 7 11 2 9 8 12 15
110 103 7 1 5 14 13 0 4 10 6 3 7 11 2 9 8 12 15
112 104 8 1 5 14 13 3 4 10 6 0 7 11 2 9 8 12 15
113 105 8 1 5 14 13 3 4 10 6 9 7 11 2 0 8 12 15
114 107 7 1 5 14 13 3 4 10 6 9 7 11 2 15 8 12 0
116 108 8 1 5 14 13 3 4 10 6 9 7 11 0 15 8 12 2
117 109 8 1 5 14 13 3 4 10 0 9 7 11 6 15 8 12 2
111 103 8 1 5 14 13 4 10 0 6 3 7 11 2 9 8 12 15
112 104 8 1 5 14 13 4 10 6 0 3 7 11 2 9 8 12 15
113 105 8 1 5 14 13 4 10 6 2 3 7 11 0 9 8 12 15
112 106 6 1 5 14 13 4 10 6 2 3 7 11 15 9 8 12 0
115 108 7 1 5 14 13 4 10 6 2 3 7 11 15 0 8 12 9
119 111 8 1 5 14 13 4 10 6 2 3 0 11 15 7 8 12 9
120 112 8 1 5 14 13 4 0 6 2 3 10 11 15 7 8 12 9
120 113 7 1 5 14 13 4 6 0 2 3 10 11 15 7 8 12 9
121 114 7 1 5 14 13 4 6 2 0 3 10 11 15 7 8 12 9
121 114 7 1 5 0 13 4 6 14 2 3 10 11 15 7 8 12 9
123 115 8 1 5 13 0 4 6 14 2 3 10 11 15 7 8 12 9
124 117 7 1 5 13 9 4 6 14 2 3 10 11 15 7 8 12 0
127 119 8 1 5 13 9 4 6 14 2 3 10 11 15 0 8 12 7
130 122 8 1 5 13 9 4 6 14 2 3 0 11 15 10 8 12 7
130 122 8 1 5 13 0 4 6 14 2 3 10 11 15 9 8 12 7
131 124 7 1 5 13 7 4 6 14 2 3 10 11 15 9 8 12 0
130 123 7 1 5 0 13 4 6 14 2 3 10 11 15 9 8 12 7
131 124 7 1 5 14 13 4 6 0 2 3 10 11 15 9 8 12 7
132 125 7 1 5 14 13 4 6 2 0 3 10 11 15 9 8 12 7
134 126 8 1 5 14 13 4 6 2 15 3 10 11 0 9 8 12 7
134 127 7 1 5 14 13 4 6 2 15 3 10 11 7 9 8 12 0
137 129 8 1 5 14 13 4 6 2 15 3 10 11 7 0 8 12 9
140 132 8 1 5 14 13 4 6 2 15 3 0 11 7 10 8 12 9
134 126 8 1 5 14 0 4 6 2 13 3 10 11 15 9 8 12 7
135 128 7 1 5 14 7 4 6 2 13 3 10 11 15 9 8 12 0
138 130 8 1 5 14 7 4 6 2 13 3 10 11 15 0 8 12 9
141 133 8 1 5 14 7 4 6 2 13 3 0 11 15 10 8 12 9
137 129 8 1 5 14 2 4 6 0 13 3 10 11 15 9 8 12 7
138 130 8 1 5 14 2 4 6 13 0 3 10 11 15 9 8 12 7
139 131 8 1 5 14 0 4 6 13 2 3 10 11 15 9 8 12 7
140 133 7 1 5 14 7 4 6 13 2 3 10 11 15 9 8 12 0
143 135 8 1 5 14 7 4 6 13 2 3 10 11 15 0 8 12 9
146 138 8 1 5 14 7 4 6 13 2 3 0 11 15 10 8 12 9
146 138 8 1 5 14 0 4 6 13 2 3 10 11 15 7 8 12 9
147 140 7 1 5 14 9 4 6 13 2 3 10 11 15 7 8 12 0
147 139 8 1 5 0 14 4 6 13 2 3 10 11 15 7 8 12 9
147 139 8 1 5 14 2 4 6 13 0 3 10 11 15 7 8 12 9
148 140 8 1 5 14 2 4 6 0 13 3 10 11 15 7 8 12 9
149 141 8 1 5 0 2 4 6 14 13 3 10 11 15 7 8 12 9
150 142 8 1 5 2 0 4 6 14 13 3 10 11 15 7 8 12 9
151 144 7 1 5 2 9 4 6 14 13 3 10 11 15 7 8 12 0
150 143 7 1 5 2 13 4 6 14 0 3 10 11 15 7 8 12 9
150 144 6 1 5 2 13 4 6 0 14 3 10 11 15 7 8 12 9
151 145 6 1 5 0 13 4 6 2 14 3 10 11 15 7 8 12 9
153 146 7 1 5 13 0 4 6 2 14 3 10 11 15 7 8 12 9
154 148 6 1 5 13 9 4 6 2 14 3 10 11 15 7 8 12 0
157 150 7 1 5 13 9 4 6 2 14 3 10 11 15 0 8 12 7
160 153 7 1 5 13 9 4 6 2 14 3 0 11 15 10 8 12 7
160 153 7 1 5 13 0 4 6 2 14 3 10 11 15 9 8 12 7
161 155 6 1 5 13 7 4 6 2 14 3 10 11 15 9 8 12 0
160 154 6 1 5 0 13 4 6 2 14 3 10 11 15 9 8 12 7
161 155 6 1 5 2 13 4 6 0 14 3 10 11 15 9 8 12 7
163 156 7 1 5 2 13 4 6 14 0 3 10 11 15 9 8 12 7
163 156 7 1 5 2 13 4 0 6 14 3 10 11 15 9 8 12 7
164 157 7 1 5 2 13 0 4 6 14 3 10 11 15 9 8 12 7
152 145 7 1 5 2 13 4 6 11 14 3 10 0 15 7 8 12 9
153 146 7 1 5 2 13 4 6 11 14 3 0 10 15 7 8 12 9
164 157 7 1 5 2 13 4 10 6 14 3 0 11 15 9 8 12 7
163 156 7 1 5 2 13 4 6 11 14 3 10 0 15 9 8 12 7
164 157 7 1 5 2 13 4 6 11 14 3 0 10 15 9 8 12 7
163 156 7 1 5 13 2 4 6 0 14 3 10 11 15 9 8 12 7
164 157 7 1 5 0 2 4 6 13 14 3 10 11 15 9 8 12 7
165 158 7 1 5 2 0 4 6 13 14 3 10 11 15 9 8 12 7
166 160 6 1 5 2 7 4 6 13 14 3 10 11 15 9 8 12 0
169 162 7 1 5 2 7 4 6 13 14 3 10 11 15 0 8 12 9
172 165 7 1 5 2 7 4 6 13 14 3 0 11 15 10 8 12 9
172 165 7 1 5 2 0 4 6 13 14 3 10 11 15 7 8 12 9
173 167 6 1 5 2 9 4 6 13 14 3 10 11 15 7 8 12 0
173 166 7 1 5 0 2 4 6 13 14 3 10 11 15 7 8 12 9
168 161 7 1 5 2 9 4 6 13 14 3 10 11 15 0 8 12 7
171 164 7 1 5 2 9 4 6 13 14 3 0 11 15 10 8 12 7
162 155 7 1 0 5 13 4 6 2 14 3 10 11 15 9 8 12 7
156 149 7 1 5 13 7 4 6 2 14 3 10 11 15 0 8 12 9
159 152 7 1 5 13 7 4 6 2 14 3 0 11 15 10 8 12 9
153 146 7 1 0 5 13 4 6 2 14 3 10 11 15 7 8 12 9
152 145 7 1 5 2 13 4 0 6 14 3 10 11 15 7 8 12 9
153 146 7 1 5 2 13 0 4 6 14 3 10 11 15 7 8 12 9
153 146 7 1 5 2 13 4 10 6 14 3 0 11 15 7 8 12 9
156 149 7 1 5 13 2 4 6 0 14 3 10 11 15 7 8 12 9
158 150 8 1 5 13 2 4 0 6 14 3 10 11 15 7 8 12 9
159 151 8 1 5 13 2 0 4 6 14 3 10 11 15 7 8 12 9
142 134 8 1 5 14 9 4 6 13 2 3 10 11 15 0 8 12 7
145 137 8 1 5 14 9 4 6 13 2 3 0 11 15 10 8 12 7
137 129 8 1 5 14 9 4 6 2 13 3 10 11 15 0 8 12 7
138 131 7 1 5 14 9 4 6 2 13 3 10 11 15 7 8 12 0
135 127 8 1 5 0 14 4 6 2 13 3 10 11 15 9 8 12 7
136 128 8 1 5 2 14 4 6 0 13 3 10 11 15 9 8 12 7
171 163 8 0 5 2 9 4 6 13 14 3 10 11 15 1 8 12 7
173 166 7 7 5 2 9 4 6 13 14 3 10 11 15 1 8 12 0
176 168 8 7 5 2 0 4 6 13 14 3 10 11 15 1 8 12 9
178 171 7 7 5 2 13 4 6 0 14 3 10 11 15 1 8 12 9
179 172 7 7 5 0 13 4 6 2 14 3 10 11 15 1 8 12 9
181 173 8 7 5 13 0 4 6 2 14 3 10 11 15 1 8 12 9
182 175 7 7 5 13 9 4 6 2 14 3 10 11 15 1 8 12 0
185 177 8 7 5 13 9 4 6 2 14 3 10 11 15 0 8 12 1
188 180 8 7 5 13 9 4 6 2 14 3 0 11 15 10 8 12 1
157 149 8 1 5 13 9 4 6 2 14 3 10 11 15 7 8 0 12
159 151 8 1 5 13 9 4 6 2 14 3 10 0 15 7 8 12 11
160 152 8 1 5 13 9 4 6 2 14 3 0 10 15 7 8 12 11
162 154 8 1 5 13 9 4 0 2 14 3 6 11 15 10 8 12 7
163 155 8 1 5 13 9 4 2 0 14 3 6 11 15 10 8 12 7
164 156 8 1 5 0 9 4 2 13 14 3 6 11 15 10 8 12 7
164 157 7 1 5 9 0 4 2 13 14 3 6 11 15 10 8 12 7
166 160 6 1 5 9 13 4 2 0 14 3 6 11 15 10 8 12 7
167 161 6 1 5 9 13 4 0 2 14 3 6 11 15 10 8 12 7
167 162 5 1 5 9 13 4 6 2 14 3 0 11 15 10 8 12 7
169 163 6 1 5 9 13 4 6 2 14 3 11 0 15 10 8 12 7
170 164 6 1 5 9 13 4 6 0 14 3 11 2 15 10 8 12 7
169 163 6 1 5 9 13 4 6 2 14 0 3 11 15 10 8 12 7
170 164 6 1 5 9 13 4 6 2 14 10 3 11 15 0 8 12 7
171 166 5 1 5 9 13 4 6 2 14 10 3 11 15 7 8 12 0
173 167 6 1 5 9 13 4 6 2 14 10 0 11 15 3 8 12 7
174 168 6 1 5 9 13 4 6 2 14 0 10 11 15 3 8 12 7
174 169 5 1 5 9 13 4 6 2 14 3 10 11 15 0 8 12 7
175 171 4 1 5 9 13 4 6 2 14 3 10 11 15 7 8 12 0
180 174 6 1 5 9 13 4 6 2 14 3 10 0 15 7 8 12 11
181 175 6 1 5 9 13 4 6 2 14 3 0 10 15 7 8 12 11
181 175 6 1 5 9 13 4 6 0 14 3 10 2 15 7 8 12 11
180 174 6 0 5 9 13 4 6 2 14 3 10 11 15 7 8 12 1
182 176 6 7 5 9 13 4 6 2 14 3 10 11 15 0 8 12 1
183 178 5 7 5 9 13 4 6 2 14 3 10 11 15 1 8 12 0
185 179 6 7 5 9 13 4 6 2 14 3 0 11 15 10 8 12 1
181 175 6 4 5 9 13 0 6 2 14 3 10 11 15 7 8 12 1
179 173 6 1 5 9 0 4 6 2 14 3 10 11 15 7 8 12 13
182 176 6 1 5 9 2 4 6 0 14 3 10 11 15 7 8 12 13
182 176 6 1 5 9 7 4 6 2 14 3 10 11 15 0 8 12 13
183 178 5 1 5 9 7 4 6 2 14 3 10 11 15 13 8 12 0
185 179 6 1 5 9 7 4 6 2 14 3 0 11 15 10 8 12 13
165 159 6 1 5 9 7 4 2 13 14 3 6 11 15 10 8 12 0
170 164 6 1 5 9 13 0 6 2 14 4 3 11 15 10 8 12 7
168 162 6 1 5 9 13 0 4 2 14 3 6 11 15 10 8 12 7
177 171 6 0 5 9 13 4 6 2 14 3 10 11 15 1 8 12 7
178 172 6 4 5 9 13 0 6 2 14 3 10 11 15 1 8 12 7
176 170 6 1 5 9 13 4 6 2 14 3 10 11 15 8 0 12 7
177 171 6 1 5 9 13 4 6 2 14 3 0 11 15 8 10 12 7
178 172 6 1 5 9 0 4 6 2 14 3 10 11 15 13 8 12 7
181 175 6 1 5 9 2 4 6 0 14 3 10 11 15 13 8 12 7
178 172 6 1 5 9 13 4 6 2 14 3 10 11 15 7 8 0 12
175 169 6 1 5 9 13 0 6 2 14 4 10 11 15 3 8 12 7
169 163 6 1 5 9 13 4 6 2 14 3 8 11 15 10 0 12 7
170 164 6 1 5 9 13 4 6 2 14 3 8 11 15 0 10 12 7
171 166 5 1 5 9 13 4 6 2 14 3 8 11 15 7 10 12 0
178 172 6 1 5 9 13 4 6 2 14 3 10 11 0 7 8 12 15
180 173 7 1 5 9 13 4 6 2 14 3 10 0 11 7 8 12 15
181 174 7 1 5 9 13 4 6 2 14 3 0 10 11 7 8 12 15
181 174 7 1 5 9 13 4 6 0 14 3 10 2 11 7 8 12 15
173 166 7 0 5 9 13 4 6 2 14 3 8 11 15 1 10 12 7
175 169 6 7 5 9 13 4 6 2 14 3 8 11 15 1 10 12 0
178 171 7 7 5 9 13 4 6 2 14 3 8 11 15 0 10 12 1
181 174 7 7 5 9 13 4 6 2 14 3 0 11 15 8 10 12 1
174 167 7 4 5 9 13 0 6 2 14 3 8 11 15 1 10 12 7
180 173 7 1 5 9 13 4 6 2 0 3 10 11 14 7 8 12 15
181 174 7 1 5 9 13 4 6 0 2 3 10 11 14 7 8 12 15
187 180 7 7 5 9 13 4 6 2 14 3 11 0 15 10 8 12 1
188 181 7 7 5 9 13 4 6 0 14 3 11 2 15 10 8 12 1
182 175 7 0 5 9 1 4 6 2 14 3 10 11 15 7 8 12 13
184 178 6 13 5 9 1 4 6 2 14 3 10 11 15 7 8 12 0
187 180 7 13 5 9 1 4 6 2 14 3 10 11 15 0 8 12 7
190 183 7 13 5 9 1 4 6 2 14 3 0 11 15 10 8 12 7
184 177 7 7 5 9 1 4 6 2 14 3 10 11 15 0 8 12 13
185 179 6 7 5 9 1 4 6 2 14 3 10 11 15 13 8 12 0
187 180 7 7 5 9 1 4 6 2 14 3 0 11 15 10 8 12 13
183 176 7 4 5 9 1 0 6 2 14 3 10 11 15 7 8 12 13
185 178 7 0 5 9 7 4 6 2 14 3 10 11 15 1 8 12 13
187 181 6 13 5 9 7 4 6 2 14 3 10 11 15 1 8 12 0
190 183 7 13 5 9 7 4 6 2 14 3 10 11 15 0 8 12 1
193 186 7 13 5 9 7 4 6 2 14 3 0 11 15 10 8 12 1
186 179 7 4 5 9 7 0 6 2 14 3 10 11 15 1 8 12 13
188 181 7 0 5 9 7 4 6 2 14 3 10 11 15 13 8 12 1
189 182 7 4 5 9 7 0 6 2 14 3 10 11 15 13 8 12 1
187 180 7 1 5 9 7 4 0 2 14 3 6 11 15 10 8 12 13
188 181 7 1 5 9 7 4 2 0 14 3 6 11 15 10 8 12 13
188 181 7 1 5 9 7 0 4 2 14 3 6 11 15 10 8 12 13
168 161 7 1 5 9 7 4 2 13 14 3 6 11 15 0 8 12 10
171 164 7 1 5 9 7 4 2 13 14 3 0 11 15 6 8 12 10
172 165 7 1 5 9 7 4 0 13 14 3 2 11 15 6 8 12 10
173 166 7 1 5 9 7 4 13 0 14 3 2 11 15 6 8 12 10
173 166 7 1 5 9 7 0 4 13 14 3 2 11 15 6 8 12 10
171 164 7 1 5 9 0 4 2 13 14 3 6 11 15 7 8 12 10
173 167 6 1 5 9 13 4 2 0 14 3 6 11 15 7 8 12 10
174 168 6 1 5 9 13 4 0 2 14 3 6 11 15 7 8 12 10
174 169 5 1 5 9 13 4 6 2 14 3 0 11 15 7 8 12 10
176 170 6 1 5 9 13 4 6 2 14 3 11 0 15 7 8 12 10
177 171 6 1 5 9 13 4 6 0 14 3 11 2 15 7 8 12 10
176 170 6 1 5 9 13 4 6 2 14 0 3 11 15 7 8 12 10
177 171 6 1 5 9 13 4 6 2 14 7 3 11 15 0 8 12 10
178 173 5 1 5 9 13 4 6 2 14 7 3 11 15 10 8 12 0
180 174 6 1 5 9 13 4 6 2 14 7 0 11 15 3 8 12 10
180 175 5 1 5 9 13 4 6 2 14 0 7 11 15 3 8 12 10
180 176 4 1 5 9 13 4 6 2 14 3 7 11 15 0 8 12 10
181 178 3 1 5 9 13 4 6 2 14 3 7 11 15 10 8 12 0
186 181 5 1 5 9 13 4 6 2 14 3 7 0 15 10 8 12 11
187 182 5 1 5 9 13 4 6 0 14 3 7 2 15 10 8 12 11
186 181 5 0 5 9 13 4 6 2 14 3 7 11 15 10 8 12 1
188 183 5 10 5 9 13 4 6 2 14 3 7 11 15 0 8 12 1
189 185 4 10 5 9 13 4 6 2 14 3 7 11 15 1 8 12 0
187 182 5 4 5 9 13 0 6 2 14 3 7 11 15 10 8 12 1
185 180 5 1 5 9 0 4 6 2 14 3 7 11 15 10 8 12 13
188 183 5 1 5 9 2 4 6 0 14 3 7 11 15 10 8 12 13
188 183 5 1 5 9 10 4 6 2 14 3 7 11 15 0 8 12 13
189 185 4 1 5 9 10 4 6 2 14 3 7 11 15 13 8 12 0
184 179 5 1 5 9 13 4 6 2 14 3 7 11 15 10 8 0 12
182 177 5 1 5 9 13 4 6 2 14 3 7 11 15 8 0 12 10
181 176 5 1 5 9 13 0 6 2 14 4 7 11 15 3 8 12 10
184 179 5 1 5 9 0 4 6 2 14 3 7 11 15 13 8 12 10
187 182 5 1 5 9 2 4 6 0 14 3 7 11 15 13 8 12 10
183 178 5 0 5 9 13 4 6 2 14 3 7 11 15 1 8 12 10
184 179 5 4 5 9 13 0 6 2 14 3 7 11 15 1 8 12 10
184 179 5 1 5 9 13 4 6 2 14 3 7 11 0 10 8 12 15
186 180 6 1 5 9 13 4 6 2 14 3 7 0 11 10 8 12 15
187 181 6 1 5 9 13 4 6 0 14 3 7 2 11 10 8 12 15
189 183 6 1 5 9 2 4 6 14 0 3 7 11 15 13 8 12 10
190 184 6 1 5 9 0 4 6 14 2 3 7 11 15 13 8 12 10
192 187 5 1 5 9 13 4 6 14 2 3 7 11 15 0 8 12 10
193 189 4 1 5 9 13 4 6 14 2 3 7 11 15 10 8 12 0
191 186 5 1 5 9 10 4 6 14 2 3 7 11 15 13 8 12 0
194 188 6 1 5 9 10 4 6 14 2 3 7 11 15 0 8 12 13
198 192 6 1 5 9 13 4 6 14 2 3 7 0 15 10 8 12 11
199 193 6 1 5 9 13 4 6 0 2 3 7 14 15 10 8 12 11
200 194 6 1 5 9 13 4 6 2 0 3 7 14 15 10 8 12 11
198 192 6 0 5 9 13 4 6 14 2 3 7 11 15 10 8 12 1
200 194 6 10 5 9 13 4 6 14 2 3 7 11 15 0 8 12 1
201 196 5 10 5 9 13 4 6 14 2 3 7 11 15 1 8 12 0
199 193 6 4 5 9 13 0 6 14 2 3 7 11 15 10 8 12 1
188 182 6 1 5 9 13 4 6 2 14 3 7 15 0 10 8 12 11
188 183 5 1 5 9 13 4 6 2 14 3 7 15 11 10 8 12 0
191 185 6 1 5 9 13 4 6 2 14 3 7 15 11 0 8 12 10
190 184 6 10 5 9 13 4 6 2 14 0 7 11 15 3 8 12 1
191 185 6 10 5 9 13 0 6 2 14 4 7 11 15 3 8 12 1
189 183 6 4 5 9 13 3 6 2 14 0 7 11 15 10 8 12 1
190 184 6 4 5 9 13 3 6 2 14 10 7 11 15 0 8 12 1
191 186 5 0 5 9 13 3 6 2 14 10 7 11 15 4 8 12 1
192 189 3 1 5 9 13 3 6 2 14 10 7 11 15 4 8 12 0
197 192 5 1 5 9 13 3 6 2 14 10 7 0 15 4 8 12 11
198 193 5 1 5 9 13 3 6 0 14 10 7 2 15 4 8 12 11
196 191 5 1 5 9 0 3 6 2 14 10 7 11 15 4 8 12 13
199 194 5 1 5 9 2 3 6 0 14 10 7 11 15 4 8 12 13
196 191 5 1 5 9 13 3 6 2 14 10 7 11 15 0 8 12 4
197 192 5 1 5 9 13 3 6 2 14 0 7 11 15 10 8 12 4
197 193 4 1 5 9 13 0 6 2 14 3 7 11 15 10 8 12 4
199 194 5 1 5 9 13 6 0 2 14 3 7 11 15 10 8 12 4
200 195 5 1 5 9 13 6 2 0 14 3 7 11 15 10 8 12 4
195 190 5 1 5 9 13 3 6 2 14 10 7 11 15 4 8 0 12
195 190 5 1 5 9 13 3 6 2 14 10 7 11 0 4 8 12 15
192 187 5 3 5 9 13 0 6 2 14 10 7 11 15 4 8 12 1
193 188 5 3 5 9 13 10 6 2 14 0 7 11 15 4 8 12 1
191 186 5 4 5 9 13 3 6 2 14 10 7 11 15 1 8 12 0
194 188 6 0 5 9 10 4 6 2 14 3 7 11 15 13 8 12 1
196 190 6 13 5 9 10 4 6 2 14 3 7 11 15 0 8 12 1
197 192 5 13 5 9 10 4 6 2 14 3 7 11 15 1 8 12 0
190 184 6 1 5 9 2 4 6 11 14 3 7 0 15 10 8 12 13
190 184 6 1 5 0 2 4 6 9 14 3 7 11 15 10 8 12 13
191 185 6 1 5 2 0 4 6 9 14 3 7 11 15 10 8 12 13
191 187 4 1 5 2 13 4 6 9 14 3 7 11 15 10 8 12 0
194 189 5 1 5 2 13 4 6 9 14 3 7 11 15 0 8 12 10
198 192 6 1 5 2 13 4 6 9 14 3 0 11 15 7 8 12 10
190 184 6 1 5 9 10 4 6 2 14 3 7 11 15 8 0 12 13
192 186 6 1 5 9 10 4 6 2 14 3 0 11 15 7 8 12 13
191 185 6 0 5 9 10 4 6 2 14 3 7 11 15 1 8 12 13
192 186 6 4 5 9 10 0 6 2 14 3 7 11 15 1 8 12 13
192 186 6 1 5 9 10 4 6 2 14 3 7 11 0 13 8 12 15
190 184 6 1 5 9 10 4 6 2 14 0 7 11 15 3 8 12 13
191 185 6 1 5 9 10 0 6 2 14 4 7 11 15 3 8 12 13
194 188 6 1 5 9 10 4 6 2 14 3 7 0 15 13 8 12 11
195 189 6 1 5 9 10 4 6 0 14 3 7 2 15 13 8 12 11
197 191 6 1 5 9 0 4 6 14 2 3 7 11 15 10 8 12 13
200 194 6 1 5 9 14 4 6 0 2 3 7 11 15 10 8 12 13
189 183 6 1 5 9 2 4 6 11 14 3 7 0 15 13 8 12 10
192 186 6 10 5 9 13 4 6 2 14 3 7 11 15 1 8 0 12
183 177 6 1 5 9 13 6 0 2 14 4 7 11 15 3 8 12 10
184 178 6 1 5 9 13 6 2 0 14 4 7 11 15 3 8 12 10
189 183 6 1 5 0 2 4 6 9 14 3 7 11 15 13 8 12 10
186 180 6 1 5 9 14 4 6 2 0 3 7 11 15 13 8 12 10
175 169 6 1 5 9 13 0 4 2 14 3 6 11 15 7 8 12 10
186 180 6 1 5 0 9 4 6 2 14 3 7 11 15 13 8 12 10
187 181 6 1 5 2 9 4 6 0 14 3 7 11 15 13 8 12 10
177 171 6 1 5 9 13 0 6 2 14 4 3 11 15 7 8 12 10
176 170 6 1 5 9 13 4 6 2 14 3 8 11 15 7 0 12 10
177 171 6 1 5 9 13 4 6 2 14 3 8 11 15 0 7 12 10
178 173 5 1 5 9 13 4 6 2 14 3 8 11 15 10 7 12 0
172 166 6 1 5 9 10 4 2 13 14 3 6 11 15 7 8 12 0
185 179 6 5 0 9 13 4 6 2 14 3 7 11 15 1 8 12 10
187 181 6 6 5 9 13 4 0 2 14 3 7 11 15 1 8 12 10
188 182 6 6 5 9 13 4 2 0 14 3 7 11 15 1 8 12 10
188 182 6 1 5 9 13 4 6 2 14 3 7 12 15 10 8 0 11
188 183 5 1 5 9 13 4 6 2 14 3 7 12 15 10 8 11 0
191 185 6 1 5 9 13 4 6 2 14 3 7 12 15 0 8 11 10
186 180 6 4 5 9 13 6 0 2 14 3 7 11 15 1 8 12 10
187 181 6 4 5 9 13 6 2 0 14 3 7 11 15 1 8 12 10
188 182 6 1 5 9 13 4 6 2 14 3 0 7 15 10 8 12 11
196 190 6 1 5 9 13 4 6 14 2 3 7 11 0 10 8 12 15
197 191 6 1 5 9 13 4 6 14 0 3 7 11 2 10 8 12 15
197 192 5 1 5 9 13 4 6 0 14 3 7 11 2 10 8 12 15
199 193 6 1 5 9 13 4 0 6 14 3 7 11 2 10 8 12 15
200 194 6 1 5 9 13 0 4 6 14 3 7 11 2 10 8 12 15
196 190 6 1 5 9 13 4 6 14 2 3 0 11 15 7 8 12 10
188 182 6 5 0 9 13 4 6 2 14 3 7 11 15 10 8 12 1
193 187 6 10 5 9 0 4 6 2 14 3 7 11 15 1 8 12 13
196 190 6 10 5 9 2 4 6 0 14 3 7 11 15 1 8 12 13
189 183 6 1 5 9 13 4 0 6 14 3 7 2 15 10 8 12 11
190 184 6 1 5 9 13 0 4 6 14 3 7 2 15 10 8 12 11
189 183 6 1 5 0 13 4 6 9 14 3 7 2 15 10 8 12 11
192 186 6 10 5 9 13 4 6 2 14 3 0 11 15 7 8 12 1
192 186 6 10 5 9 0 4 6 2 14 3 7 11 15 13 8 12 1
193 188 5 10 5 9 1 4 6 2 14 3 7 11 15 13 8 12 0
190 184 6 10 5 9 13 4 6 2 14 3 7 11 15 8 0 12 1
195 189 6 10 5 9 2 4 6 0 14 3 7 11 15 13 8 12 1
194 188 6 1 5 9 13 4 6 14 2 3 7 11 15 8 0 12 10
196 190 6 1 5 2 13 4 6 9 14 3 7 11 15 8 0 12 10
199 193 6 1 5 9 13 3 6 2 14 10 7 12 15 4 8 0 11
199 194 5 1 5 9 13 3 6 2 14 10 7 12 15 4 8 11 0
193 187 6 5 0 9 13 3 6 2 14 10 7 11 15 4 8 12 1
199 193 6 1 5 9 13 3 6 2 14 10 7 15 0 4 8 12 11
199 194 5 1 5 9 13 3 6 2 14 10 7 15 11 4 8 12 0
202 196 6 1 5 0 13 6 2 9 14 3 7 11 15 10 8 12 4
198 192 6 1 5 9 14 3 6 2 0 10 7 11 15 4 8 12 13
199 193 6 1 5 9 14 3 6 0 2 10 7 11 15 4 8 12 13
200 194 6 1 5 9 13 3 6 14 0 10 7 2 15 4 8 12 11
198 192 6 1 5 0 9 3 6 2 14 10 7 11 15 4 8 12 13
199 193 6 1 5 2 9 3 6 0 14 10 7 11 15 4 8 12 13
199 193 6 0 5 9 1 3 6 2 14 10 7 11 15 4 8 12 13
201 196 5 13 5 9 1 3 6 2 14 10 7 11 15 4 8 12 0
200 194 6 3 5 9 1 0 6 2 14 10 7 11 15 4 8 12 13
201 195 6 3 5 9 1 10 6 2 14 0 7 11 15 4 8 12 13
200 194 6 1 5 9 0 3 6 2 14 10 7 11 15 13 8 12 4
201 196 5 1 5 9 4 3 6 2 14 10 7 11 15 13 8 12 0
203 197 6 1 5 9 2 3 6 0 14 10 7 11 15 13 8 12 4
199 193 6 1 5 9 13 3 6 2 14 7 0 11 15 10 8 12 4
200 194 6 1 5 9 13 3 6 2 14 10 0 11 15 7 8 12 4
201 195 6 1 5 9 13 3 6 2 14 0 10 11 15 7 8 12 4
201 196 5 1 5 9 13 0 6 2 14 3 10 11 15 7 8 12 4
203 197 6 1 5 9 13 6 0 2 14 3 10 11 15 7 8 12 4
204 198 6 1 5 9 13 6 2 0 14 3 10 11 15 7 8 12 4
204 198 6 1 5 9 13 6 10 2 14 3 0 11 15 7 8 12 4
195 189 6 3 5 9 13 10 6 2 14 4 7 11 15 0 8 12 1
196 191 5 3 5 9 13 10 6 2 14 4 7 11 15 1 8 12 0
200 194 6 0 5 9 13 10 6 2 14 4 7 11 15 1 8 12 3
201 196 5 1 5 9 13 10 6 2 14 4 7 11 15 0 8 12 3
202 198 4 1 5 9 13 10 6 2 14 4 7 11 15 3 8 12 0
201 197 4 1 5 9 13 10 6 2 14 0 7 11 15 4 8 12 3
202 198 4 1 5 9 13 0 6 2 14 10 7 11 15 4 8 12 3
204 199 5 1 5 9 13 6 0 2 14 10 7 11 15 4 8 12 3
205 200 5 1 5 9 13 6 2 0 14 10 7 11 15 4 8 12 3
203 198 5 1 5 9 13 10 6 2 14 7 0 11 15 4 8 12 3
205 199 6 1 5 9 13 10 6 2 14 7 11 0 15 4 8 12 3
206 200 6 1 5 9 13 10 6 0 14 7 11 2 15 4 8 12 3
206 200 6 1 0 9 13 6 5 2 14 10 7 11 15 4 8 12 3
188 182 6 0 5 9 1 4 6 2 14 3 7 11 15 10 8 12 13
190 185 5 13 5 9 1 4 6 2 14 3 7 11 15 10 8 12 0
193 187 6 13 5 9 1 4 6 2 14 3 7 11 15 0 8 12 10
189 183 6 4 5 9 1 0 6 2 14 3 7 11 15 10 8 12 13
187 181 6 1 5 9 14 4 6 2 0 3 7 11 15 10 8 12 13
196 190 6 1 5 2 13 4 6 9 14 3 7 0 15 10 8 12 11
197 191 6 1 5 2 13 4 6 0 14 3 7 9 15 10 8 12 11
198 192 6 1 5 0 13 4 6 2 14 3 7 9 15 10 8 12 11
190 184 6 1 5 9 2 4 0 6 14 3 7 11 15 10 8 12 13
191 185 6 1 5 9 2 0 4 6 14 3 7 11 15 10 8 12 13
194 188 6 1 5 2 10 4 6 9 14 3 7 11 15 0 8 12 13
195 190 5 1 5 2 10 4 6 9 14 3 7 11 15 13 8 12 0
194 188 6 1 5 2 13 4 6 9 14 3 7 11 0 10 8 12 15
187 181 6 1 5 9 14 4 6 0 2 3 7 11 15 13 8 12 10
184 178 6 1 5 9 13 4 6 2 14 3 7 11 15 8 12 0 10
184 179 5 1 5 9 13 4 6 2 14 3 7 11 15 8 12 10 0
187 181 6 1 5 9 13 4 6 2 14 3 7 11 15 0 12 10 8
188 182 6 1 5 9 13 4 6 2 14 3 7 11 15 12 0 10 8
189 183 6 1 5 9 13 4 6 2 14 3 7 11 15 12 10 0 8
189 184 5 1 5 9 13 4 6 2 14 3 7 11 15 12 10 8 0
192 186 6 1 5 9 13 4 6 2 14 3 7 11 15 0 10 8 12
197 191 6 0 5 2 13 4 6 9 14 3 7 11 15 1 8 12 10
199 194 5 10 5 2 13 4 6 9 14 3 7 11 15 1 8 12 0
202 196 6 10 5 2 13 4 6 9 14 3 7 11 15 0 8 12 1
198 192 6 4 5 2 13 0 6 9 14 3 7 11 15 1 8 12 10
186 180 6 4 5 9 13 3 6 2 14 0 7 11 15 1 8 12 10
187 181 6 4 5 9 13 3 6 2 14 1 7 11 15 0 8 12 10
188 183 5 0 5 9 13 3 6 2 14 1 7 11 15 4 8 12 10
190 186 4 10 5 9 13 3 6 2 14 1 7 11 15 4 8 12 0
189 184 5 3 5 9 13 0 6 2 14 1 7 11 15 4 8 12 10
190 185 5 3 5 9 13 1 6 2 14 0 7 11 15 4 8 12 10
188 183 5 4 5 9 13 3 6 2 14 1 7 11 15 10 8 12 0
192 186 6 0 5 9 13 3 6 2 14 1 7 11 15 10 8 12 4
193 187 6 3 5 9 13 0 6 2 14 1 7 11 15 10 8 12 4
194 188 6 3 5 9 13 1 6 2 14 0 7 11 15 10 8 12 4
195 189 6 3 5 9 13 1 6 2 14 10 7 11 15 0 8 12 4
195 191 4 3 5 9 13 1 6 2 14 10 7 11 15 4 8 12 0
199 194 5 0 5 9 13 1 6 2 14 10 7 11 15 4 8 12 3
203 197 6 6 5 9 13 1 0 2 14 10 7 11 15 4 8 12 3
204 198 6 6 5 9 13 1 2 0 14 10 7 11 15 4 8 12 3
204 198 6 6 5 9 13 0 1 2 14 10 7 11 15 4 8 12 3
205 199 6 6 5 9 13 10 1 2 14 0 7 11 15 4 8 12 3
202 196 6 4 5 9 13 1 6 2 14 10 7 11 15 0 8 12 3
203 198 5 4 5 9 13 1 6 2 14 10 7 11 15 3 8 12 0
203 197 6 4 5 9 13 1 6 2 14 0 7 11 15 10 8 12 3
204 198 6 4 5 9 13 0 6 2 14 1 7 11 15 10 8 12 3
202 196 6 13 5 9 0 1 6 2 14 10 7 11 15 4 8 12 3
203 198 5 13 5 9 3 1 6 2 14 10 7 11 15 4 8 12 0
207 201 6 0 5 9 3 1 6 2 14 10 7 11 15 4 8 12 13
207 202 5 1 5 9 3 0 6 2 14 10 7 11 15 4 8 12 13
208 203 5 1 5 9 3 10 6 2 14 0 7 11 15 4 8 12 13
210 204 6 1 5 9 3 10 6 2 14 7 0 11 15 4 8 12 13
210 204 6 1 5 9 3 10 6 2 14 4 7 11 15 0 8 12 13
211 206 5 1 5 9 3 10 6 2 14 4 7 11 15 13 8 12 0
209 203 6 1 5 9 3 6 0 2 14 10 7 11 15 4 8 12 13
210 204 6 1 5 9 3 6 2 0 14 10 7 11 15 4 8 12 13
205 199 6 13 5 9 2 1 6 0 14 10 7 11 15 4 8 12 3
194 188 6 10 5 9 13 3 6 2 14 1 7 11 15 0 8 12 4
195 189 6 10 5 9 13 3 6 2 14 0 7 11 15 1 8 12 4
195 190 5 10 5 9 13 0 6 2 14 3 7 11 15 1 8 12 4
197 191 6 10 5 9 13 6 0 2 14 3 7 11 15 1 8 12 4
198 192 6 10 5 9 13 6 2 0 14 3 7 11 15 1 8 12 4
192 186 6 3 5 9 13 1 6 2 14 7 0 11 15 4 8 12 10
195 189 6 10 5 9 13 3 6 2 14 1 7 0 15 4 8 12 11
196 190 6 10 5 9 13 3 6 0 14 1 7 2 15 4 8 12 11
191 185 6 3 5 9 13 6 0 2 14 1 7 11 15 4 8 12 10
192 186 6 3 5 9 13 6 2 0 14 1 7 11 15 4 8 12 10
200 194 6 3 5 9 13 1 6 2 14 10 7 0 15 4 8 12 11
201 195 6 3 5 9 13 1 6 0 14 10 7 2 15 4 8 12 11
194 188 6 10 5 9 0 3 6 2 14 1 7 11 15 4 8 12 13
197 191 6 10 5 9 2 3 6 0 14 1 7 11 15 4 8 12 13
196 190 6 0 5 9 10 3 6 2 14 1 7 11 15 4 8 12 13
198 193 5 13 5 9 10 3 6 2 14 1 7 11 15 4 8 12 0
197 191 6 3 5 9 10 0 6 2 14 1 7 11 15 4 8 12 13
198 192 6 3 5 9 10 1 6 2 14 0 7 11 15 4 8 12 13
201 195 6 5 0 9 13 1 6 2 14 10 7 11 15 4 8 12 3
198 192 6 3 5 9 13 1 6 2 14 10 7 11 0 4 8 12 15
198 192 6 3 5 9 13 1 6 2 14 10 7 11 15 4 8 0 12
193 187 6 10 5 9 13 3 6 2 14 1 7 11 15 4 8 0 12
197 191 6 0 5 9 13 1 6 2 14 10 7 11 15 3 8 12 4
197 192 5 1 5 9 13 0 6 2 14 10 7 11 15 3 8 12 4
198 193 5 1 5 9 13 10 6 2 14 0 7 11 15 3 8 12 4
198 194 4 1 5 9 13 10 6 2 14 3 7 11 15 0 8 12 4
198 196 2 1 5 9 13 10 6 2 14 3 7 11 15 4 8 12 0
203 199 4 1 5 9 13 10 6 2 14 3 7 0 15 4 8 12 11
204 200 4 1 5 9 13 10 6 0 14 3 7 2 15 4 8 12 11
203 199 4 0 5 9 13 10 6 2 14 3 7 11 15 4 8 12 1
204 200 4 10 5 9 13 0 6 2 14 3 7 11 15 4 8 12 1
202 198 4 1 5 9 0 10 6 2 14 3 7 11 15 4 8 12 13
205 201 4 1 5 9 2 10 6 0 14 3 7 11 15 4 8 12 13
201 197 4 1 5 9 13 10 6 2 14 3 7 11 15 4 8 0 12
201 197 4 1 5 9 13 10 6 2 14 3 7 11 0 4 8 12 15
203 198 5 1 5 9 13 10 6 2 14 3 7 0 11 4 8 12 15
204 199 5 1 5 9 13 10 6 0 14 3 7 2 11 4 8 12 15
203 198 5 1 5 9 13 10 6 2 0 3 7 11 14 4 8 12 15
204 199 5 1 5 9 13 10 6 0 2 3 7 11 14 4 8 12 15
204 199 5 1 5 0 9 10 6 2 14 3 7 11 15 4 8 12 13
205 200 5 1 5 2 9 10 6 0 14 3 7 11 15 4 8 12 13
203 198 5 1 5 9 13 10 6 2 14 3 7 11 15 4 0 8 12
203 198 5 1 5 9 13 10 6 2 14 3 7 0 15 4 8 11 12
204 199 5 1 5 9 13 10 6 0 14 3 7 2 15 4 8 11 12
202 197 5 1 5 9 0 10 6 2 14 3 7 11 15 13 8 12 4
203 199 4 1 5 9 4 10 6 2 14 3 7 11 15 13 8 12 0
205 200 5 1 5 9 2 10 6 0 14 3 7 11 15 13 8 12 4
200 195 5 1 5 9 13 10 6 2 14 3 7 11 15 8 0 12 4
206 201 5 10 5 9 13 3 6 2 14 0 7 11 15 4 8 12 1
207 202 5 6 5 9 13 10 0 2 14 3 7 11 15 4 8 12 1
208 203 5 6 5 9 13 10 2 0 14 3 7 11 15 4 8 12 1
208 203 5 6 5 9 13 0 10 2 14 3 7 11 15 4 8 12 1
206 201 5 13 5 9 0 10 6 2 14 3 7 11 15 4 8 12 1
207 203 4 13 5 9 1 10 6 2 14 3 7 11 15 4 8 12 0
209 204 5 13 5 9 2 10 6 0 14 3 7 11 15 4 8 12 1
205 200 5 5 0 9 13 10 6 2 14 3 7 11 15 4 8 12 1
207 202 5 1 5 9 2 10 0 6 14 3 7 11 15 4 8 12 13
208 203 5 1 5 9 2 0 10 6 14 3 7 11 15 4 8 12 13
204 199 5 1 5 9 14 10 6 2 0 3 7 11 15 4 8 12 13
205 200 5 1 5 9 14 10 6 0 2 3 7 11 15 4 8 12 13
206 201 5 1 5 9 13 10 6 14 0 3 7 2 15 4 8 12 11
207 202 5 1 5 9 2 10 6 11 14 3 7 0 15 4 8 12 13
205 200 5 0 5 9 1 10 6 2 14 3 7 11 15 4 8 12 13
206 201 5 10 5 9 1 0 6 2 14 3 7 11 15 4 8 12 13
201 196 5 0 5 9 13 10 6 2 14 3 7 11 15 1 8 12 4
203 199 4 4 5 9 13 10 6 2 14 3 7 11 15 1 8 12 0
207 202 5 1 5 0 2 10 6 9 14 3 7 11 15 4 8 12 13
208 203 5 1 5 2 0 10 6 9 14 3 7 11 15 4 8 12 13
208 205 3 1 5 2 13 10 6 9 14 3 7 11 15 4 8 12 0
213 208 5 1 5 2 13 10 6 9 14 3 7 0 15 4 8 12 11
214 209 5 1 5 2 13 10 6 0 14 3 7 9 15 4 8 12 11
215 210 5 1 5 0 13 10 6 2 14 3 7 9 15 4 8 12 11
213 208 5 0 5 2 13 10 6 9 14 3 7 11 15 4 8 12 1
214 209 5 10 5 2 13 0 6 9 14 3 7 11 15 4 8 12 1
206 201 5 1 5 9 13 10 0 6 14 3 7 2 15 4 8 12 11
207 202 5 1 5 9 13 0 10 6 14 3 7 2 15 4 8 12 11
206 201 5 4 5 9 13 10 6 2 14 3 7 11 15 0 8 12 1
206 201 5 10 5 9 13 6 0 2 14 3 7 11 15 4 8 12 1
207 202 5 10 5 9 13 6 2 0 14 3 7 11 15 4 8 12 1
205 200 5 1 5 9 13 10 6 2 14 3 7 12 15 4 8 0 11
205 201 4 1 5 9 13 10 6 2 14 3 7 12 15 4 8 11 0
205 200 5 1 5 9 13 10 6 2 14 3 7 15 0 4 8 12 11
205 201 4 1 5 9 13 10 6 2 14 3 7 15 11 4 8 12 0
206 201 5 1 5 9 4 10 6 2 14 3 7 11 15 0 8 12 13
206 201 5 1 5 0 13 10 6 9 14 3 7 2 15 4 8 12 11
202 197 5 1 5 9 13 10 6 2 14 3 0 11 15 7 8 12 4
211 206 5 1 5 2 13 10 6 9 14 3 7 11 15 4 8 0 12
211 206 5 1 5 2 13 10 6 9 14 3 7 11 0 4 8 12 15
205 200 5 1 5 9 13 10 6 2 14 3 0 7 15 4 8 12 11
212 207 5 1 5 2 13 10 6 9 14 3 7 11 15 0 8 12 4
207 202 5 1 5 9 2 10 6 14 0 3 7 11 15 4 8 12 13
208 203 5 1 5 9 0 10 6 14 2 3 7 11 15 4 8 12 13
208 205 3 1 5 9 13 10 6 14 2 3 7 11 15 4 8 12 0
213 208 5 1 5 9 13 10 6 14 2 3 7 0 15 4 8 12 11
214 209 5 1 5 9 13 10 6 0 2 3 7 14 15 4 8 12 11
215 210 5 1 5 9 13 10 6 2 0 3 7 14 15 4 8 12 11
213 208 5 0 5 9 13 10 6 14 2 3 7 11 15 4 8 12 1
214 209 5 10 5 9 13 0 6 14 2 3 7 11 15 4 8 12 1
212 207 5 1 5 9 13 10 6 14 2 3 7 11 15 0 8 12 4
211 206 5 1 5 9 13 10 6 14 2 3 7 11 15 4 8 0 12
211 206 5 1 5 9 13 10 6 14 2 3 7 11 0 4 8 12 15
212 207 5 1 5 9 13 10 6 14 0 3 7 11 2 4 8 12 15
212 208 4 1 5 9 13 10 6 0 14 3 7 11 2 4 8 12 15
214 209 5 1 5 9 13 10 0 6 14 3 7 11 2 4 8 12 15
215 210 5 1 5 9 13 0 10 6 14 3 7 11 2 4 8 12 15
214 209 5 1 5 9 13 10 6 11 14 3 7 0 2 4 8 12 15
215 210 5 1 5 9 13 10 6 11 14 3 7 2 0 4 8 12 15
214 211 3 1 5 9 13 10 6 11 14 3 7 2 15 4 8 12 0
218 214 4 1 5 9 13 10 6 11 14 3 7 0 15 4 8 12 2
218 215 3 1 5 9 13 10 6 0 14 3 7 11 15 4 8 12 2
220 216 4 1 5 9 13 10 6 14 0 3 7 11 15 4 8 12 2
220 216 4 1 5 9 13 10 0 6 14 3 7 11 15 4 8 12 2
221 217 4 1 5 9 13 0 10 6 14 3 7 11 15 4 8 12 2
220 216 4 1 5 0 13 10 6 9 14 3 7 11 15 4 8 12 2
222 217 5 1 5 13 0 10 6 9 14 3 7 11 15 4 8 12 2
223 219 4 1 5 13 2 10 6 9 14 3 7 11 15 4 8 12 0
225 220 5 1 5 13 9 10 6 0 14 3 7 11 15 4 8 12 2
226 221 5 1 5 0 9 10 6 13 14 3 7 11 15 4 8 12 2
226 222 4 1 5 9 0 10 6 13 14 3 7 11 15 4 8 12 2
227 224 3 1 5 9 2 10 6 13 14 3 7 11 15 4 8 12 0
232 227 5 1 5 9 2 10 6 13 14 3 7 0 15 4 8 12 11
233 228 5 1 5 9 2 10 6 0 14 3 7 13 15 4 8 12 11
217 212 5 1 5 9 13 10 6 11 14 3 7 2 15 4 8 0 12
218 213 5 1 5 9 13 10 6 11 14 3 7 0 15 4 8 2 12
218 214 4 1 5 9 13 10 6 0 14 3 7 11 15 4 8 2 12
220 215 5 1 5 9 13 10 6 14 0 3 7 11 15 4 8 2 12
220 215 5 1 5 9 13 10 0 6 14 3 7 11 15 4 8 2 12
221 216 5 1 5 9 13 0 10 6 14 3 7 11 15 4 8 2 12
220 215 5 1 5 0 13 10 6 9 14 3 7 11 15 4 8 2 12
232 227 5 0 5 9 2 10 6 13 14 3 7 11 15 4 8 12 1
234 229 5 2 5 9 0 10 6 13 14 3 7 11 15 4 8 12 1
236 232 4 2 5 9 13 10 6 0 14 3 7 11 15 4 8 12 1
235 231 4 2 5 9 1 10 6 13 14 3 7 11 15 4 8 12 0
238 233 5 2 5 9 13 10 6 14 0 3 7 11 15 4 8 12 1
238 233 5 2 5 9 13 10 0 6 14 3 7 11 15 4 8 12 1
239 234 5 2 5 9 13 0 10 6 14 3 7 11 15 4 8 12 1
222 217 5 1 0 9 13 10 5 6 14 3 7 11 15 4 8 12 2
219 214 5 0 5 9 13 10 6 11 14 3 7 2 15 4 8 12 1
220 215 5 10 5 9 13 0 6 11 14 3 7 2 15 4 8 12 1
214 209 5 1 5 0 13 10 6 9 14 3 7 11 2 4 8 12 15
229 224 5 0 5 9 1 10 6 13 14 3 7 11 15 4 8 12 2
230 225 5 10 5 9 1 0 6 13 14 3 7 11 15 4 8 12 2
228 223 5 1 5 9 14 10 6 13 0 3 7 11 15 4 8 12 2
229 224 5 1 5 9 14 10 6 0 13 3 7 11 15 4 8 12 2
222 217 5 1 0 5 13 10 6 9 14 3 7 11 15 4 8 12 2
218 213 5 1 5 9 0 10 6 11 14 3 7 2 15 4 8 12 13
221 216 5 1 5 9 11 10 6 0 14 3 7 2 15 4 8 12 13
222 217 5 1 5 9 11 10 6 2 14 3 7 0 15 4 8 12 13
222 217 5 1 5 9 13 10 7 6 14 3 0 11 15 4 8 12 2
220 215 5 1 5 9 13 10 6 11 14 3 0 7 15 4 8 12 2
218 213 5 1 5 9 13 10 6 11 14 3 7 2 15 0 8 12 4
220 215 5 1 5 9 13 10 6 11 14 3 7 12 15 4 8 0 2
220 216 4 1 5 9 13 10 6 11 14 3 7 12 15 4 8 2 0
230 225 5 1 5 9 2 10 6 13 14 3 7 11 15 4 8 0 12
223 218 5 1 5 9 13 3 10 6 14 0 7 11 15 4 8 12 2
238 233 5 2 5 0 13 10 6 9 14 3 7 11 15 4 8 12 1
222 217 5 1 5 9 13 10 6 14 15 3 7 11 0 4 8 12 2
222 218 4 1 5 9 13 10 6 14 15 3 7 11 2 4 8 12 0
222 217 5 1 5 9 0 10 6 14 13 3 7 11 15 4 8 12 2
223 219 4 1 5 9 2 10 6 14 13 3 7 11 15 4 8 12 0
231 226 5 1 5 9 2 10 6 13 14 3 7 11 15 0 8 12 4
234 229 5 1 5 9 0 10 6 13 14 3 7 11 15 2 8 12 4
236 232 4 1 5 9 13 10 6 0 14 3 7 11 15 2 8 12 4
235 231 4 1 5 9 4 10 6 13 14 3 7 11 15 2 8 12 0
238 233 5 1 5 9 13 10 6 14 0 3 7 11 15 2 8 12 4
238 233 5 1 5 9 13 10 0 6 14 3 7 11 15 2 8 12 4
239 234 5 1 5 9 13 0 10 6 14 3 7 11 15 2 8 12 4
238 233 5 1 5 9 13 10 6 11 14 3 7 0 15 2 8 12 4
238 233 5 1 5 0 13 10 6 9 14 3 7 11 15 2 8 12 4
220 215 5 1 5 9 13 10 6 11 14 3 7 15 0 4 8 12 2
220 216 4 1 5 9 13 10 6 11 14 3 7 15 2 4 8 12 0
238 233 5 2 5 9 13 10 6 11 14 3 7 0 15 4 8 12 1
233 228 5 10 5 9 2 0 6 13 14 3 7 11 15 4 8 12 1
230 225 5 1 5 9 2 10 6 13 14 3 7 11 0 4 8 12 15
230 225 5 1 5 9 4 10 6 13 14 3 7 11 15 0 8 12 2
234 228 6 1 5 9 4 10 6 13 14 3 0 11 15 7 8 12 2
233 227 6 0 5 9 4 10 6 13 14 3 7 11 15 1 8 12 2
235 230 5 2 5 9 4 10 6 13 14 3 7 11 15 1 8 12 0
238 232 6 2 5 9 0 10 6 13 14 3 7 11 15 1 8 12 4
240 235 5 2 5 9 13 10 6 0 14 3 7 11 15 1 8 12 4
242 236 6 2 5 9 13 10 6 14 0 3 7 11 15 1 8 12 4
192 186 6 6 5 9 13 3 0 2 14 1 7 11 15 4 8 12 10
193 187 6 6 5 9 13 3 2 0 14 1 7 11 15 4 8 12 10
193 187 6 6 5 9 13 0 3 2 14 1 7 11 15 4 8 12 10
194 188 6 6 5 9 13 1 3 2 14 0 7 11 15 4 8 12 10
205 199 6 1 5 9 13 10 6 2 14 3 7 12 11 4 8 0 15
205 200 5 1 5 9 13 10 6 2 14 3 7 12 11 4 8 15 0
209 203 6 1 5 9 13 10 6 2 14 3 7 0 11 4 8 15 12
209 204 5 1 5 9 13 10 6 2 14 3 7 11 0 4 8 15 12
209 205 4 1 5 9 13 10 6 2 14 3 7 11 12 4 8 15 0
211 206 5 1 5 9 13 10 6 2 14 3 7 11 12 4 8 0 15
213 207 6 1 5 9 13 10 6 2 14 3 7 11 12 4 0 8 15
206 200 6 1 5 9 13 10 0 6 2 3 7 11 14 4 8 12 15
207 201 6 1 5 9 13 0 10 6 2 3 7 11 14 4 8 12 15
206 200 6 1 5 9 13 10 6 11 2 3 7 0 14 4 8 12 15
207 201 6 1 5 9 13 10 6 11 2 3 7 14 0 4 8 12 15
206 202 4 1 5 9 13 10 6 11 2 3 7 14 15 4 8 12 0
210 205 5 1 5 9 13 10 6 11 2 3 7 0 15 4 8 12 14
210 206 4 1 5 9 13 10 6 0 2 3 7 11 15 4 8 12 14
211 207 4 1 5 9 13 10 6 2 0 3 7 11 15 4 8 12 14
213 208 5 1 5 9 13 10 6 2 15 3 7 11 0 4 8 12 14
213 209 4 1 5 9 13 10 6 2 15 3 7 11 14 4 8 12 0
213 208 5 1 5 9 0 10 6 2 13 3 7 11 15 4 8 12 14
214 210 4 1 5 9 14 10 6 2 13 3 7 11 15 4 8 12 0
216 211 5 1 5 9 2 10 6 0 13 3 7 11 15 4 8 12 14
217 212 5 1 5 9 2 10 6 13 0 3 7 11 15 4 8 12 14
218 213 5 1 5 9 0 10 6 13 2 3 7 11 15 4 8 12 14
219 215 4 1 5 9 14 10 6 13 2 3 7 11 15 4 8 12 0
212 207 5 1 5 9 13 10 0 6 2 3 7 11 15 4 8 12 14
213 208 5 1 5 9 13 0 10 6 2 3 7 11 15 4 8 12 14
212 207 5 1 5 0 13 10 6 9 2 3 7 11 15 4 8 12 14
214 208 6 1 5 13 0 10 6 9 2 3 7 11 15 4 8 12 14
215 210 5 1 5 13 14 10 6 9 2 3 7 11 15 4 8 12 0
204 198 6 1 5 0 9 10 6 2 14 3 7 11 15 13 8 12 4
205 199 6 1 5 2 9 10 6 0 14 3 7 11 15 13 8 12 4
206 200 6 1 5 0 13 10 6 9 14 3 7 2 15 4 8 11 12
204 198 6 1 5 9 14 10 6 2 0 3 7 11 15 13 8 12 4
205 199 6 1 5 9 14 10 6 0 2 3 7 11 15 13 8 12 4
208 202 6 4 5 9 1 10 6 2 14 3 7 11 15 0 8 12 13
209 204 5 4 5 9 1 10 6 2 14 3 7 11 15 13 8 12 0
208 202 6 0 5 9 4 10 6 2 14 3 7 11 15 13 8 12 1
209 203 6 10 5 9 4 0 6 2 14 3 7 11 15 13 8 12 1
206 200 6 1 5 9 4 10 6 2 14 3 7 11 0 13 8 12 15
202 196 6 1 5 9 13 10 6 2 14 3 0 11 15 8 7 12 4
207 201 6 1 5 0 2 10 6 9 14 3 7 11 15 13 8 12 4
208 202 6 1 5 9 4 10 6 2 14 3 7 0 15 13 8 12 11
209 203 6 1 5 9 4 10 6 0 14 3 7 2 15 13 8 12 11
207 201 6 1 5 9 2 10 0 6 14 3 7 11 15 13 8 12 4
208 202 6 1 5 9 2 0 10 6 14 3 7 11 15 13 8 12 4
208 202 6 10 5 9 13 3 6 2 14 4 7 11 15 0 8 12 1
209 204 5 10 5 9 13 3 6 2 14 4 7 11 15 1 8 12 0
213 207 6 0 5 9 13 3 6 2 14 4 7 11 15 1 8 12 10
214 209 5 1 5 9 13 3 6 2 14 4 7 11 15 0 8 12 10
215 211 4 1 5 9 13 3 6 2 14 4 7 11 15 10 8 12 0
214 210 4 1 5 9 13 3 6 2 14 0 7 11 15 4 8 12 10
214 211 3 1 5 9 13 0 6 2 14 3 7 11 15 4 8 12 10
216 212 4 1 5 9 13 6 0 2 14 3 7 11 15 4 8 12 10
217 213 4 1 5 9 13 6 2 0 14 3 7 11 15 4 8 12 10
219 214 5 1 5 9 13 6 2 14 0 3 7 11 15 4 8 12 10
219 214 5 1 5 9 13 6 2 11 14 3 7 0 15 4 8 12 10
219 214 5 1 5 0 13 6 2 9 14 3 7 11 15 4 8 12 10
218 213 5 1 5 9 13 6 7 2 14 3 0 11 15 4 8 12 10
218 213 5 1 0 9 13 6 5 2 14 3 7 11 15 4 8 12 10
216 211 5 1 5 9 13 3 6 2 14 7 0 11 15 4 8 12 10
218 212 6 1 5 9 13 3 6 2 14 7 11 0 15 4 8 12 10
219 213 6 1 5 9 13 3 6 0 14 7 11 2 15 4 8 12 10
208 202 6 13 5 9 14 10 6 2 0 3 7 11 15 4 8 12 1
209 203 6 13 5 9 14 10 6 0 2 3 7 11 15 4 8 12 1
211 205 6 13 5 9 2 10 0 6 14 3 7 11 15 4 8 12 1
212 206 6 13 5 9 2 0 10 6 14 3 7 11 15 4 8 12 1
210 204 6 13 5 9 4 10 6 2 14 3 7 11 15 0 8 12 1
211 206 5 13 5 9 4 10 6 2 14 3 7 11 15 1 8 12 0
211 205 6 13 5 9 1 10 6 2 14 3 7 11 15 0 8 12 4
210 204 6 13 5 9 1 10 6 2 14 3 7 11 15 4 8 0 12
211 205 6 13 5 0 2 10 6 9 14 3 7 11 15 4 8 12 1
212 206 6 13 5 9 1 10 6 2 14 3 7 0 15 4 8 12 11
213 207 6 13 5 9 1 10 6 0 14 3 7 2 15 4 8 12 11
207 201 6 5 6 9 13 10 0 2 14 3 7 11 15 4 8 12 1
208 202 6 5 6 9 13 10 2 0 14 3 7 11 15 4 8 12 1
210 204 6 1 5 9 2 3 10 6 14 0 7 11 15 4 8 12 13
209 203 6 1 5 9 2 10 7 6 14 3 0 11 15 4 8 12 13
206 200 6 4 5 9 13 10 6 2 14 3 7 11 0 1 8 12 15
207 201 6 1 5 9 14 10 6 11 2 3 7 0 15 4 8 12 13
207 201 6 1 5 0 14 10 6 9 2 3 7 11 15 4 8 12 13
208 202 6 1 5 14 0 10 6 9 2 3 7 11 15 4 8 12 13
208 204 4 1 5 14 13 10 6 9 2 3 7 11 15 4 8 12 0
213 207 6 1 5 14 13 10 6 9 2 3 7 0 15 4 8 12 11
214 208 6 1 5 14 13 10 6 0 2 3 7 9 15 4 8 12 11
215 209 6 1 5 14 13 10 6 2 0 3 7 9 15 4 8 12 11
209 203 6 1 5 9 2 10 6 11 14 3 0 7 15 4 8 12 13
204 198 6 13 5 9 0 10 6 2 14 3 7 11 15 1 8 12 4
207 201 6 13 5 9 2 10 6 0 14 3 7 11 15 1 8 12 4
209 203 6 6 5 9 1 10 0 2 14 3 7 11 15 4 8 12 13
210 204 6 6 5 9 1 10 2 0 14 3 7 11 15 4 8 12 13
208 202 6 10 5 9 1 6 0 2 14 3 7 11 15 4 8 12 13
209 203 6 10 5 9 1 6 2 0 14 3 7 11 15 4 8 12 13
205 199 6 6 5 9 13 10 0 2 14 3 7 11 15 1 8 12 4
206 200 6 6 5 9 13 10 2 0 14 3 7 11 15 1 8 12 4
206 200 6 4 5 9 13 10 6 2 14 3 7 11 15 1 8 0 12
210 204 6 1 5 2 14 10 6 9 0 3 7 11 15 4 8 12 13
211 205 6 1 5 2 14 10 6 0 9 3 7 11 15 4 8 12 13
212 206 6 1 5 0 14 10 6 2 9 3 7 11 15 4 8 12 13
213 207 6 1 5 14 0 10 6 2 9 3 7 11 15 4 8 12 13
213 209 4 1 5 14 13 10 6 2 9 3 7 11 15 4 8 12 0
218 212 6 1 5 14 13 10 6 2 9 3 7 0 15 4 8 12 11
219 213 6 1 5 14 13 10 6 0 9 3 7 2 15 4 8 12 11
220 214 6 1 5 14 13 10 6 9 0 3 7 2 15 4 8 12 11
216 210 6 4 5 2 13 10 6 9 14 3 7 11 15 0 8 12 1
217 212 5 4 5 2 13 10 6 9 14 3 7 11 15 1 8 12 0
216 210 6 10 5 2 13 3 6 9 14 0 7 11 15 4 8 12 1
216 210 6 10 5 2 13 6 0 9 14 3 7 11 15 4 8 12 1
217 211 6 10 5 2 13 6 9 0 14 3 7 11 15 4 8 12 1
218 212 6 10 5 0 13 6 9 2 14 3 7 11 15 4 8 12 1
209 203 6 1 5 9 13 3 10 6 14 0 7 2 15 4 8 12 11
210 204 6 4 5 9 0 10 6 2 14 3 7 11 15 13 8 12 1
213 207 6 4 5 9 2 10 6 0 14 3 7 11 15 13 8 12 1
207 201 6 1 5 9 13 10 6 2 14 3 7 12 15 4 0 8 11
208 202 6 10 5 9 13 6 7 2 14 3 0 11 15 4 8 12 1
208 202 6 10 0 9 13 6 5 2 14 3 7 11 15 4 8 12 1
209 203 6 0 10 9 13 6 5 2 14 3 7 11 15 4 8 12 1
210 206 4 1 10 9 13 6 5 2 14 3 7 11 15 4 8 12 0
215 209 6 1 10 9 13 6 5 2 14 3 7 0 15 4 8 12 11
216 210 6 1 10 9 13 6 5 0 14 3 7 2 15 4 8 12 11
217 211 6 1 10 9 13 6 0 5 14 3 7 2 15 4 8 12 11
217 212 5 1 10 9 13 0 6 5 14 3 7 2 15 4 8 12 11
219 213 6 1 10 9 13 3 6 5 14 0 7 2 15 4 8 12 11
209 203 6 1 5 9 13 10 6 2 14 3 7 15 11 0 8 12 4
208 202 6 1 5 9 13 10 6 2 14 3 7 15 11 4 8 0 12
210 204 6 0 5 9 13 10 6 2 14 3 7 15 11 4 8 12 1
211 205 6 10 5 9 13 0 6 2 14 3 7 15 11 4 8 12 1
216 210 6 13 5 9 0 10 6 14 2 3 7 11 15 4 8 12 1
217 212 5 13 5 9 1 10 6 14 2 3 7 11 15 4 8 12 0
216 210 6 1 5 2 13 10 0 6 14 3 7 9 15 4 8 12 11
217 211 6 1 5 2 13 0 10 6 14 3 7 9 15 4 8 12 11
196 190 6 1 5 9 13 4 6 14 2 3 7 11 15 10 8 0 12
209 203 6 0 5 9 4 10 6 2 14 3 7 11 15 1 8 12 13
210 204 6 10 5 9 4 0 6 2 14 3 7 11 15 1 8 12 13
204 198 6 1 5 9 13 10 6 2 14 3 11 0 15 7 8 12 4
205 199 6 1 5 9 13 10 6 0 14 3 11 2 15 7 8 12 4
204 198 6 1 5 9 13 10 6 2 14 0 3 11 15 7 8 12 4
205 199 6 1 5 9 13 10 6 2 14 7 3 11 15 0 8 12 4
205 201 4 1 5 9 13 10 6 2 14 7 3 11 15 4 8 12 0
210 204 6 1 5 9 13 10 6 2 14 7 3 0 15 4 8 12 11
211 205 6 1 5 9 13 10 6 2 14 7 0 3 15 4 8 12 11
211 206 5 1 5 9 13 10 6 2 14 0 7 3 15 4 8 12 11
212 207 5 1 5 9 13 0 6 2 14 10 7 3 15 4 8 12 11
214 208 6 1 5 9 13 6 0 2 14 10 7 3 15 4 8 12 11
215 209 6 1 5 9 13 6 2 0 14 10 7 3 15 4 8 12 11
216 210 6 1 5 9 13 6 2 3 14 10 7 0 15 4 8 12 11
213 207 6 1 5 2 13 10 6 9 14 3 7 0 11 4 8 12 15
214 208 6 1 5 2 13 10 6 0 14 3 7 9 11 4 8 12 15
215 209 6 1 5 0 13 10 6 2 14 3 7 9 11 4 8 12 15
207 201 6 1 5 9 13 10 6 2 14 0 3 7 15 4 8 12 11
208 202 6 1 5 9 13 0 6 2 14 10 3 7 15 4 8 12 11
212 206 6 1 5 9 4 10 6 14 2 3 7 11 15 0 8 12 13
213 208 5 1 5 9 4 10 6 14 2 3 7 11 15 13 8 12 0
209 203 6 1 0 9 2 10 5 6 14 3 7 11 15 4 8 12 13
208 202 6 1 5 2 0 10 6 9 14 3 7 11 15 13 8 12 4
209 204 5 1 5 2 4 10 6 9 14 3 7 11 15 13 8 12 0
209 203 6 1 5 9 2 10 6 14 15 3 7 11 0 4 8 12 13
209 204 5 1 5 9 2 10 6 14 15 3 7 11 13 4 8 12 0
212 206 6 1 5 9 0 10 6 14 15 3 7 11 13 4 8 12 2
215 209 6 1 5 9 14 10 6 0 15 3 7 11 13 4 8 12 2
216 210 6 1 5 9 14 10 6 15 0 3 7 11 13 4 8 12 2
216 211 5 1 5 9 0 10 6 15 14 3 7 11 13 4 8 12 2
217 213 4 1 5 9 2 10 6 15 14 3 7 11 13 4 8 12 0
219 214 5 1 5 9 2 10 6 15 14 3 7 11 0 4 8 12 13
219 214 5 1 5 9 15 10 6 0 14 3 7 11 13 4 8 12 2
221 215 6 1 5 9 15 10 0 6 14 3 7 11 13 4 8 12 2
222 216 6 1 5 9 15 0 10 6 14 3 7 11 13 4 8 12 2
215 209 6 1 5 9 13 10 6 14 2 3 0 7 15 4 8 12 11
209 203 6 10 5 0 13 6 2 9 14 3 7 11 15 4 8 12 1
216 210 6 1 5 9 13 10 0 6 2 3 7 14 15 4 8 12 11
217 211 6 1 5 9 13 0 10 6 2 3 7 14 15 4 8 12 11
217 211 6 1 5 9 0 10 6 2 13 3 7 14 15 4 8 12 11
218 213 5 1 5 9 11 10 6 2 13 3 7 14 15 4 8 12 0
222 216 6 1 5 9 11 10 6 2 13 3 7 0 15 4 8 12 14
223 217 6 1 5 9 11 10 6 0 13 3 7 2 15 4 8 12 14
224 218 6 1 5 9 11 10 6 13 0 3 7 2 15 4 8 12 14
225 219 6 1 5 9 0 10 6 13 11 3 7 2 15 4 8 12 14
227 222 5 1 5 9 13 10 6 0 11 3 7 2 15 4 8 12 14
228 223 5 1 5 9 13 10 6 11 0 3 7 2 15 4 8 12 14
228 223 5 1 5 9 13 10 6 2 11 3 7 0 15 4 8 12 14
226 221 5 1 5 9 14 10 6 13 11 3 7 2 15 4 8 12 0
230 224 6 1 5 9 14 10 6 13 11 3 7 0 15 4 8 12 2
231 225 6 1 5 9 14 10 6 0 11 3 7 13 15 4 8 12 2
232 226 6 1 5 9 14 10 6 11 0 3 7 13 15 4 8 12 2
232 227 5 1 5 9 0 10 6 11 14 3 7 13 15 4 8 12 2
233 229 4 1 5 9 2 10 6 11 14 3 7 13 15 4 8 12 0
235 230 5 1 5 9 11 10 6 0 14 3 7 13 15 4 8 12 2
236 231 5 1 5 9 11 10 6 13 14 3 7 0 15 4 8 12 2
238 232 6 1 5 9 11 10 6 13 14 3 7 15 0 4 8 12 2
238 233 5 1 5 9 11 10 6 13 14 3 7 15 2 4 8 12 0
242 236 6 1 5 9 11 10 6 13 14 3 7 0 2 4 8 12 15
243 237 6 1 5 9 11 10 6 13 14 3 7 2 0 4 8 12 15
242 238 4 1 5 9 11 10 6 13 14 3 7 2 15 4 8 12 0
245 240 5 1 5 9 0 10 6 13 14 3 7 2 15 4 8 12 11
249 243 6 1 5 9 4 10 6 13 14 3 7 2 15 0 8 12 11
250 245 5 1 5 9 4 10 6 13 14 3 7 2 15 11 8 12 0
254 248 6 1 5 9 4 10 6 13 14 3 7 0 15 11 8 12 2
255 249 6 1 5 9 4 10 6 0 14 3 7 13 15 11 8 12 2
214 208 6 1 5 9 0 10 6 14 13 3 7 11 2 4 8 12 15
215 210 5 1 5 9 15 10 6 14 13 3 7 11 2 4 8 12 0
217 211 6 1 5 9 15 10 6 14 13 3 7 11 0 4 8 12 2
190 184 6 5 0 9 13 3 6 2 14 1 7 11 15 4 8 12 10
216 210 6 1 5 9 13 10 6 11 14 3 0 7 2 4 8 12 15
216 210 6 1 5 9 13 10 6 11 14 3 7 12 2 4 8 0 15
216 211 5 1 5 9 13 10 6 11 14 3 7 12 2 4 8 15 0
220 214 6 1 5 9 13 10 6 11 14 3 7 0 2 4 8 15 12
220 215 5 1 5 9 13 10 6 0 14 3 7 11 2 4 8 15 12
222 216 6 1 5 9 13 10 6 14 0 3 7 11 2 4 8 15 12
223 217 6 1 5 9 13 10 6 14 2 3 7 11 0 4 8 15 12
223 218 5 1 5 9 13 10 6 14 2 3 7 11 12 4 8 15 0
225 219 6 1 5 9 13 10 6 14 2 3 7 11 12 4 8 0 15
226 220 6 1 5 13 4 10 6 9 14 3 7 11 15 0 8 12 2
227 222 5 1 5 13 4 10 6 9 14 3 7 11 15 2 8 12 0
240 234 6 2 5 9 13 10 7 6 14 3 0 11 15 4 8 12 1
228 222 6 1 0 5 9 10 6 13 14 3 7 11 15 4 8 12 2
226 220 6 1 5 13 2 10 6 9 14 3 7 11 15 4 8 0 12
226 220 6 1 5 13 2 10 6 9 14 3 7 11 0 4 8 12 15
227 221 6 1 5 13 9 10 6 14 0 3 7 11 15 4 8 12 2
228 222 6 1 5 13 0 10 6 14 9 3 7 11 15 4 8 12 2
229 224 5 1 5 13 2 10 6 14 9 3 7 11 15 4 8 12 0
228 223 5 1 5 0 13 10 6 14 9 3 7 11 15 4 8 12 2
229 224 5 1 5 14 13 10 6 0 9 3 7 11 15 4 8 12 2
230 225 5 1 5 14 13 10 6 9 0 3 7 11 15 4 8 12 2
232 226 6 1 5 14 13 10 6 9 15 3 7 11 0 4 8 12 2
232 227 5 1 5 14 13 10 6 9 15 3 7 11 2 4 8 12 0
227 221 6 1 5 13 9 10 6 11 14 3 7 0 15 4 8 12 2
222 216 6 1 0 5 13 10 6 9 14 3 7 11 15 4 8 2 12
238 232 6 2 5 9 1 10 6 13 14 3 7 11 15 4 8 0 12
234 228 6 1 5 9 2 10 6 13 14 3 7 15 0 4 8 12 11
234 229 5 1 5 9 2 10 6 13 14 3 7 15 11 4 8 12 0
237 231 6 1 5 9 0 10 6 13 14 3 7 15 11 4 8 12 2
239 234 5 1 5 9 13 10 6 0 14 3 7 15 11 4 8 12 2
240 235 5 1 5 9 13 10 6 15 14 3 7 0 11 4 8 12 2
240 236 4 1 5 9 13 10 6 15 14 3 7 11 0 4 8 12 2
240 237 3 1 5 9 13 10 6 15 14 3 7 11 2 4 8 12 0
245 240 5 1 5 9 13 10 6 15 14 3 7 0 2 4 8 12 11
246 241 5 1 5 9 13 10 6 15 14 3 7 2 0 4 8 12 11
246 242 4 1 5 9 13 10 6 15 14 3 7 2 11 4 8 12 0
246 241 5 1 5 9 13 10 6 0 14 3 7 15 2 4 8 12 11
245 240 5 0 5 9 13 10 6 15 14 3 7 11 2 4 8 12 1
246 241 5 10 5 9 13 0 6 15 14 3 7 11 2 4 8 12 1
244 239 5 1 5 9 0 10 6 15 14 3 7 11 2 4 8 12 13
247 242 5 1 5 9 15 10 6 0 14 3 7 11 2 4 8 12 13
244 239 5 1 5 9 13 10 6 15 14 3 7 11 2 0 8 12 4
243 238 5 1 5 9 13 10 6 15 14 3 7 11 2 4 8 0 12
242 237 5 1 5 9 13 10 6 15 0 3 7 11 14 4 8 12 2
243 238 5 1 5 9 13 10 6 0 15 3 7 11 14 4 8 12 2
245 239 6 1 5 9 13 10 0 6 15 3 7 11 14 4 8 12 2
246 240 6 1 5 9 13 0 10 6 15 3 7 11 14 4 8 12 2
245 239 6 1 5 9 13 10 6 11 15 3 7 0 14 4 8 12 2
246 240 6 1 5 9 13 10 6 11 15 3 7 14 0 4 8 12 2
246 241 5 1 5 9 13 10 6 11 15 3 7 14 2 4 8 12 0
246 241 5 1 5 9 13 10 6 11 0 3 7 14 15 4 8 12 2
247 242 5 1 5 9 13 10 6 0 11 3 7 14 15 4 8 12 2
248 243 5 1 5 9 13 10 6 14 11 3 7 0 15 4 8 12 2
250 244 6 1 5 9 13 10 6 14 11 3 7 15 0 4 8 12 2
250 245 5 1 5 9 13 10 6 14 11 3 7 15 2 4 8 12 0
254 248 6 1 5 9 13 10 6 14 11 3 7 0 2 4 8 12 15
255 249 6 1 5 9 13 10 6 14 11 3 7 2 0 4 8 12 15
254 250 4 1 5 9 13 10 6 14 11 3 7 2 15 4 8 12 0
259 253 6 0 5 9 13 10 6 14 11 3 7 2 15 4 8 12 1
260 254 6 10 5 9 13 0 6 14 11 3 7 2 15 4 8 12 1
258 252 6 1 5 9 0 10 6 14 11 3 7 2 15 4 8 12 13
261 255 6 1 5 9 14 10 6 0 11 3 7 2 15 4 8 12 13
262 256 6 1 5 9 14 10 6 2 11 3 7 0 15 4 8 12 13
258 252 6 1 5 9 13 10 6 14 11 3 7 2 15 0 8 12 4
257 251 6 1 5 9 13 10 6 14 11 3 7 2 15 4 8 0 12
258 252 6 1 5 9 13 10 6 14 11 3 7 0 15 4 8 2 12
259 253 6 1 5 9 13 10 6 0 11 3 7 14 15 4 8 2 12
260 254 6 1 5 9 13 10 6 11 0 3 7 14 15 4 8 2 12
255 249 6 1 5 9 13 10 6 0 11 3 7 14 2 4 8 12 15
250 244 6 1 5 9 13 10 6 14 11 3 0 7 15 4 8 12 2
250 244 6 1 5 9 13 10 6 14 11 3 7 12 15 4 8 0 2
250 245 5 1 5 9 13 10 6 14 11 3 7 12 15 4 8 2 0
245 239 6 1 5 0 13 10 6 9 15 3 7 11 14 4 8 12 2
220 214 6 1 5 9 13 10 6 11 14 3 0 7 15 4 8 2 12
250 244 6 1 5 9 13 10 6 11 15 3 7 0 2 4 8 12 14
250 245 5 1 5 9 13 10 6 0 15 3 7 11 2 4 8 12 14
251 246 5 1 5 9 13 10 6 15 0 3 7 11 2 4 8 12 14
252 247 5 1 5 9 13 10 6 15 2 3 7 11 0 4 8 12 14
252 248 4 1 5 9 13 10 6 15 2 3 7 11 14 4 8 12 0
257 251 6 1 5 9 13 10 6 15 2 3 7 0 14 4 8 12 11
258 252 6 1 5 9 13 10 6 15 2 3 7 14 0 4 8 12 11
258 253 5 1 5 9 13 10 6 15 2 3 7 14 11 4 8 12 0
259 253 6 1 5 9 13 10 6 15 0 3 7 14 2 4 8 12 11
260 254 6 1 5 9 13 10 6 0 15 3 7 14 2 4 8 12 11
258 252 6 1 5 9 13 10 6 0 2 3 7 15 14 4 8 12 11
257 251 6 0 5 9 13 10 6 15 2 3 7 11 14 4 8 12 1
258 252 6 10 5 9 13 0 6 15 2 3 7 11 14 4 8 12 1
256 250 6 1 5 9 0 10 6 15 2 3 7 11 14 4 8 12 13
259 253 6 1 5 9 15 10 6 0 2 3 7 11 14 4 8 12 13
260 254 6 1 5 9 15 10 6 2 0 3 7 11 14 4 8 12 13
260 255 5 1 5 9 15 10 6 2 14 3 7 11 0 4 8 12 13
260 256 4 1 5 9 15 10 6 2 14 3 7 11 13 4 8 12 0
263 258 5 1 5 9 0 10 6 2 14 3 7 11 13 4 8 12 15
266 261 5 1 5 9 2 10 6 0 14 3 7 11 13 4 8 12 15
268 262 6 1 5 9 2 10 6 14 0 3 7 11 13 4 8 12 15
269 263 6 1 5 9 0 10 6 14 2 3 7 11 13 4 8 12 15
270 265 5 1 5 9 15 10 6 14 2 3 7 11 13 4 8 12 0
272 266 6 1 5 9 15 10 6 14 2 3 7 11 0 4 8 12 13
272 266 6 1 5 9 14 10 6 0 2 3 7 11 13 4 8 12 15
265 259 6 0 5 9 15 10 6 2 14 3 7 11 13 4 8 12 1
267 261 6 15 5 9 0 10 6 2 14 3 7 11 13 4 8 12 1
268 263 5 15 5 9 1 10 6 2 14 3 7 11 13 4 8 12 0
270 264 6 15 5 9 1 10 6 2 14 3 7 11 0 4 8 12 13
270 264 6 15 5 9 2 10 6 0 14 3 7 11 13 4 8 12 1
266 260 6 10 5 9 15 0 6 2 14 3 7 11 13 4 8 12 1
268 262 6 1 5 9 2 10 0 6 14 3 7 11 13 4 8 12 15
269 263 6 1 5 9 2 0 10 6 14 3 7 11 13 4 8 12 15
268 262 6 1 5 9 2 10 6 11 14 3 7 0 13 4 8 12 15
268 262 6 1 5 0 2 10 6 9 14 3 7 11 13 4 8 12 15
269 263 6 1 5 2 0 10 6 9 14 3 7 11 13 4 8 12 15
270 265 5 1 5 2 15 10 6 9 14 3 7 11 13 4 8 12 0
272 266 6 1 5 2 15 10 6 9 14 3 7 11 0 4 8 12 13
272 266 6 1 5 2 9 10 6 0 14 3 7 11 13 4 8 12 15
249 243 6 1 5 9 13 10 0 6 11 3 7 14 15 4 8 12 2
250 244 6 1 5 9 13 0 10 6 11 3 7 14 15 4 8 12 2
254 248 6 1 5 9 13 10 6 15 2 3 7 0 11 4 8 12 14
255 249 6 1 5 9 13 10 6 0 2 3 7 15 11 4 8 12 14
256 250 6 1 5 9 13 10 6 2 0 3 7 15 11 4 8 12 14
263 257 6 1 5 9 15 10 6 2 14 3 7 11 13 4 8 0 12
265 259 6 1 5 9 14 10 6 2 0 3 7 11 13 4 8 12 15
265 259 6 1 5 9 15 10 6 2 14 3 7 0 13 4 8 12 11
266 260 6 1 5 9 15 10 6 2 14 3 7 13 0 4 8 12 11
266 261 5 1 5 9 15 10 6 2 14 3 7 13 11 4 8 12 0
269 263 6 1 5 9 0 10 6 2 14 3 7 13 11 4 8 12 15
272 266 6 1 5 9 2 10 6 0 14 3 7 13 11 4 8 12 15
266 260 6 1 5 9 15 10 6 0 14 3 7 2 13 4 8 12 11
266 260 6 0 5 9 1 10 6 2 14 3 7 11 13 4 8 12 15
267 261 6 10 5 9 1 0 6 2 14 3 7 11 13 4 8 12 15
248 242 6 1 5 9 0 10 6 11 13 3 7 14 15 4 8 12 2
249 244 5 1 5 9 2 10 6 11 13 3 7 14 15 4 8 12 0
251 245 6 1 5 9 11 10 6 0 13 3 7 14 15 4 8 12 2
252 246 6 1 5 9 11 10 6 13 0 3 7 14 15 4 8 12 2
253 247 6 1 5 9 0 10 6 13 11 3 7 14 15 4 8 12 2
254 249 5 1 5 9 2 10 6 13 11 3 7 14 15 4 8 12 0
258 252 6 1 5 9 2 10 6 13 11 3 7 0 15 4 8 12 14
259 253 6 1 5 9 2 10 6 0 11 3 7 13 15 4 8 12 14
260 254 6 1 5 9 2 10 6 11 0 3 7 13 15 4 8 12 14
261 255 6 1 5 9 0 10 6 11 2 3 7 13 15 4 8 12 14
262 257 5 1 5 9 14 10 6 11 2 3 7 13 15 4 8 12 0
264 258 6 1 5 9 11 10 6 0 2 3 7 13 15 4 8 12 14
265 259 6 1 5 9 11 10 6 2 0 3 7 13 15 4 8 12 14
266 260 6 1 5 9 0 10 6 2 11 3 7 13 15 4 8 12 14
267 262 5 1 5 9 14 10 6 2 11 3 7 13 15 4 8 12 0
265 259 6 1 5 9 11 10 6 13 2 3 7 0 15 4 8 12 14
252 246 6 1 5 9 11 10 6 14 13 3 7 0 15 4 8 12 2
252 246 6 1 5 0 13 10 6 9 15 3 7 11 2 4 8 12 14
255 249 6 1 5 9 13 10 6 15 2 3 7 11 14 4 8 0 12
267 261 6 1 5 9 4 10 6 2 14 3 7 11 13 0 8 12 15
268 263 5 1 5 9 4 10 6 2 14 3 7 11 13 15 8 12 0
271 265 6 1 5 9 0 10 6 2 14 3 7 11 13 15 8 12 4
274 268 6 1 5 9 2 10 6 0 14 3 7 11 13 15 8 12 4
270 264 6 1 5 9 4 10 6 2 14 3 7 11 0 15 8 12 13
265 259 6 1 5 0 9 10 6 2 14 3 7 11 13 4 8 12 15
264 258 6 1 5 9 15 10 6 2 14 3 7 11 13 0 8 12 4
249 243 6 1 5 0 13 10 6 9 11 3 7 14 15 4 8 12 2
244 238 6 1 5 9 0 10 6 15 13 3 7 11 14 4 8 12 2
245 240 5 1 5 9 2 10 6 15 13 3 7 11 14 4 8 12 0
247 241 6 1 5 9 2 10 6 15 13 3 7 11 0 4 8 12 14
248 242 6 1 5 9 2 10 6 15 0 3 7 11 13 4 8 12 14
249 243 6 1 5 9 2 10 6 0 15 3 7 11 13 4 8 12 14
249 243 6 1 5 9 0 10 6 15 2 3 7 11 13 4 8 12 14
250 245 5 1 5 9 14 10 6 15 2 3 7 11 13 4 8 12 0
252 246 6 1 5 9 14 10 6 15 2 3 7 11 0 4 8 12 13
252 246 6 1 5 9 15 10 6 0 2 3 7 11 13 4 8 12 14
253 247 6 1 5 9 15 10 6 2 0 3 7 11 13 4 8 12 14
254 248 6 1 5 9 15 10 6 2 13 3 7 11 0 4 8 12 14
254 249 5 1 5 9 15 10 6 2 13 3 7 11 14 4 8 12 0
254 248 6 1 5 9 0 10 6 2 15 3 7 11 13 4 8 12 14
255 250 5 1 5 9 14 10 6 2 15 3 7 11 13 4 8 12 0
247 241 6 1 5 9 15 10 6 0 13 3 7 11 14 4 8 12 2
248 242 6 1 5 9 15 10 6 13 0 3 7 11 14 4 8 12 2
248 243 5 1 5 9 15 10 6 13 14 3 7 11 0 4 8 12 2
248 244 4 1 5 9 15 10 6 13 14 3 7 11 2 4 8 12 0
251 246 5 1 5 9 0 10 6 13 14 3 7 11 2 4 8 12 15
255 249 6 1 5 9 4 10 6 13 14 3 7 11 2 0 8 12 15
256 251 5 1 5 9 4 10 6 13 14 3 7 11 2 15 8 12 0
259 253 6 1 5 9 0 10 6 13 14 3 7 11 2 15 8 12 4
261 256 5 1 5 9 13 10 6 0 14 3 7 11 2 15 8 12 4
263 257 6 1 5 9 13 10 6 14 0 3 7 11 2 15 8 12 4
264 258 6 1 5 9 13 10 6 14 2 3 7 11 0 15 8 12 4
264 259 5 1 5 9 13 10 6 14 2 3 7 11 4 15 8 12 0
267 261 6 1 5 9 13 10 6 14 2 3 7 11 4 0 8 12 15
263 257 6 1 5 9 13 10 0 6 14 3 7 11 2 15 8 12 4
264 258 6 1 5 9 13 0 10 6 14 3 7 11 2 15 8 12 4
263 257 6 1 5 9 13 10 6 11 14 3 7 0 2 15 8 12 4
264 258 6 1 5 9 13 10 6 11 14 3 7 2 0 15 8 12 4
264 259 5 1 5 9 13 10 6 11 14 3 7 2 4 15 8 12 0
268 262 6 1 5 9 13 10 6 11 14 3 7 0 4 15 8 12 2
268 263 5 1 5 9 13 10 6 0 14 3 7 11 4 15 8 12 2
270 264 6 1 5 9 13 10 6 14 0 3 7 11 4 15 8 12 2
271 265 6 1 5 9 13 10 6 14 4 3 7 11 0 15 8 12 2
271 266 5 1 5 9 13 10 6 14 4 3 7 11 2 15 8 12 0
274 268 6 1 5 9 13 10 6 14 4 3 7 11 2 0 8 12 15
270 264 6 1 5 9 13 10 0 6 14 3 7 11 4 15 8 12 2
271 265 6 1 5 9 13 0 10 6 14 3 7 11 4 15 8 12 2
270 264 6 1 5 0 13 10 6 9 14 3 7 11 4 15 8 12 2
269 263 6 1 5 9 13 10 6 11 14 3 7 4 0 15 8 12 2
269 264 5 1 5 9 13 10 6 11 14 3 7 4 2 15 8 12 0
272 266 6 1 5 9 13 10 6 11 14 3 7 4 2 0 8 12 15
267 261 6 1 5 9 13 10 6 11 14 3 7 2 4 0 8 12 15
258 252 6 1 5 9 4 10 6 13 14 3 7 11 0 15 8 12 2
253 247 6 0 5 9 15 10 6 13 14 3 7 11 2 4 8 12 1
255 249 6 15 5 9 0 10 6 13 14 3 7 11 2 4 8 12 1
257 252 5 15 5 9 13 10 6 0 14 3 7 11 2 4 8 12 1
256 251 5 15 5 9 1 10 6 13 14 3 7 11 2 4 8 12 0
258 252 6 15 5 9 1 10 6 13 14 3 7 11 0 4 8 12 2
259 253 6 15 5 9 13 10 6 14 0 3 7 11 2 4 8 12 1
260 254 6 15 5 9 13 10 6 14 2 3 7 11 0 4 8 12 1
260 255 5 15 5 9 13 10 6 14 2 3 7 11 1 4 8 12 0
264 258 6 0 5 9 13 10 6 14 2 3 7 11 1 4 8 12 15
265 259 6 10 5 9 13 0 6 14 2 3 7 11 1 4 8 12 15
259 253 6 15 5 9 13 10 0 6 14 3 7 11 2 4 8 12 1
260 254 6 15 5 9 13 0 10 6 14 3 7 11 2 4 8 12 1
259 253 6 15 5 9 13 10 6 11 14 3 7 0 2 4 8 12 1
260 254 6 15 5 9 13 10 6 11 14 3 7 2 0 4 8 12 1
260 255 5 15 5 9 13 10 6 11 14 3 7 2 1 4 8 12 0
264 258 6 15 5 9 13 10 6 11 14 3 7 0 1 4 8 12 2
264 259 5 15 5 9 13 10 6 0 14 3 7 11 1 4 8 12 2
266 260 6 15 5 9 13 10 6 14 0 3 7 11 1 4 8 12 2
267 261 6 15 5 9 13 10 6 14 1 3 7 11 0 4 8 12 2
267 262 5 15 5 9 13 10 6 14 1 3 7 11 2 4 8 12 0
271 265 6 0 5 9 13 10 6 14 1 3 7 11 2 4 8 12 15
272 266 6 10 5 9 13 0 6 14 1 3 7 11 2 4 8 12 15
251 245 6 1 5 9 15 10 6 13 14 3 7 11 2 4 8 0 12
266 260 6 15 5 9 13 10 0 6 14 3 7 11 1 4 8 12 2
267 261 6 15 5 9 13 0 10 6 14 3 7 11 1 4 8 12 2
266 260 6 15 5 0 13 10 6 9 14 3 7 11 1 4 8 12 2
253 247 6 1 5 9 14 10 6 13 0 3 7 11 2 4 8 12 15
249 243 6 1 5 9 0 10 6 13 15 3 7 11 14 4 8 12 2
250 245 5 1 5 9 2 10 6 13 15 3 7 11 14 4 8 12 0
256 250 6 1 5 9 13 10 6 15 2 3 7 11 14 0 8 12 4
254 248 6 0 5 9 1 10 6 13 14 3 7 11 2 4 8 12 15
255 249 6 10 5 9 1 0 6 13 14 3 7 11 2 4 8 12 15
262 256 6 1 5 9 15 10 6 2 14 3 7 0 11 4 8 12 13
263 257 6 1 5 9 15 10 6 0 14 3 7 2 11 4 8 12 13
254 248 6 10 5 9 15 0 6 13 14 3 7 11 2 4 8 12 1
263 257 6 1 5 0 13 10 6 9 14 3 7 11 2 15 8 12 4
252 246 6 1 5 9 15 10 6 13 14 3 7 11 2 0 8 12 4
253 247 6 1 5 9 0 10 6 15 13 3 7 11 2 4 8 12 14
254 249 5 1 5 9 14 10 6 15 13 3 7 11 2 4 8 12 0
256 250 6 1 5 9 15 10 6 0 13 3 7 11 2 4 8 12 14
257 251 6 1 5 9 15 10 6 13 0 3 7 11 2 4 8 12 14
258 252 6 1 5 9 15 10 6 13 2 3 7 11 0 4 8 12 14
258 253 5 1 5 9 15 10 6 13 2 3 7 11 14 4 8 12 0
261 255 6 1 5 9 0 10 6 13 2 3 7 11 14 4 8 12 15
258 252 6 1 5 9 0 10 6 13 15 3 7 11 2 4 8 12 14
259 254 5 1 5 9 14 10 6 13 15 3 7 11 2 4 8 12 0
252 246 6 1 5 9 13 10 0 6 15 3 7 11 2 4 8 12 14
253 247 6 1 5 9 13 0 10 6 15 3 7 11 2 4 8 12 14
250 244 6 1 5 9 15 10 6 13 14 3 7 0 11 4 8 12 2
251 245 6 1 5 9 15 10 6 0 14 3 7 13 11 4 8 12 2
259 253 6 15 5 0 13 10 6 9 14 3 7 11 2 4 8 12 1
264 258 6 0 5 9 13 10 6 11 14 3 7 2 1 4 8 12 15
265 259 6 10 5 9 13 0 6 11 14 3 7 2 1 4 8 12 15
253 247 6 1 5 9 15 10 6 13 14 3 7 0 2 4 8 12 11
254 248 6 1 5 9 15 10 6 13 14 3 7 2 0 4 8 12 11
254 249 5 1 5 9 15 10 6 13 14 3 7 2 11 4 8 12 0
257 251 6 1 5 9 0 10 6 13 14 3 7 2 11 4 8 12 15
254 248 6 1 5 9 15 10 6 0 14 3 7 13 2 4 8 12 11
253 247 6 1 5 0 9 10 6 13 14 3 7 11 2 4 8 12 15
254 248 6 1 5 13 9 10 6 0 14 3 7 11 2 4 8 12 15
265 259 6 15 5 9 13 10 6 11 14 3 7 1 0 4 8 12 2
265 260 5 15 5 9 13 10 6 11 14 3 7 1 2 4 8 12 0
269 263 6 0 5 9 13 10 6 11 14 3 7 1 2 4 8 12 15
270 264 6 10 5 9 13 0 6 11 14 3 7 1 2 4 8 12 15
222 216 6 1 5 9 0 10 6 14 13 3 7 11 15 4 8 2 12
223 218 5 1 5 9 12 10 6 14 13 3 7 11 15 4 8 2 0
225 219 6 1 5 9 12 10 6 14 13 3 7 11 15 4 8 0 2
225 219 6 1 5 9 14 10 6 0 13 3 7 11 15 4 8 2 12
226 220 6 1 5 9 14 10 6 13 0 3 7 11 15 4 8 2 12
226 221 5 1 5 9 0 10 6 13 14 3 7 11 15 4 8 2 12
227 223 4 1 5 9 12 10 6 13 14 3 7 11 15 4 8 2 0
229 224 5 1 5 9 12 10 6 13 14 3 7 11 15 4 8 0 2
231 225 6 1 5 9 12 10 6 13 14 3 7 11 15 4 0 8 2
231 225 6 1 5 9 12 10 6 13 14 3 7 0 15 4 8 11 2
232 226 6 1 5 9 12 10 6 0 14 3 7 13 15 4 8 11 2
232 226 6 1 5 9 12 10 6 13 14 3 7 0 15 4 8 2 11
233 227 6 1 5 9 12 10 6 13 14 3 7 2 15 4 8 0 11
233 228 5 1 5 9 12 10 6 13 14 3 7 2 15 4 8 11 0
236 230 6 1 5 9 0 10 6 13 14 3 7 2 15 4 8 11 12
233 227 6 1 5 9 12 10 6 0 14 3 7 13 15 4 8 2 11
231 225 6 1 5 9 12 10 6 13 14 3 7 11 15 0 8 2 4
234 228 6 1 5 9 0 10 6 13 14 3 7 11 15 12 8 2 4
236 231 5 1 5 9 13 10 6 0 14 3 7 11 15 12 8 2 4
235 230 5 1 5 9 4 10 6 13 14 3 7 11 15 12 8 2 0
237 231 6 1 5 9 4 10 6 13 14 3 7 11 15 12 8 0 2
238 232 6 1 5 9 13 10 6 14 0 3 7 11 15 12 8 2 4
222 216 6 1 5 9 13 10 6 14 15 3 7 11 0 4 8 2 12
222 217 5 1 5 9 13 10 6 14 15 3 7 11 12 4 8 2 0
224 218 6 1 5 9 13 10 6 14 15 3 7 11 12 4 8 0 2
222 216 6 1 5 9 13 10 7 6 14 3 0 11 15 4 8 2 12
238 232 6 1 5 9 13 10 0 6 14 3 7 11 15 12 8 2 4
239 233 6 1 5 9 13 0 10 6 14 3 7 11 15 12 8 2 4
238 232 6 1 5 9 13 10 6 11 14 3 7 0 15 12 8 2 4
239 233 6 1 5 9 13 10 6 11 14 3 7 2 15 12 8 0 4
239 234 5 1 5 9 13 10 6 11 14 3 7 2 15 12 8 4 0
243 237 6 1 5 9 13 10 6 11 14 3 7 0 15 12 8 4 2
243 238 5 1 5 9 13 10 6 0 14 3 7 11 15 12 8 4 2
245 239 6 1 5 9 13 10 6 14 0 3 7 11 15 12 8 4 2
245 239 6 1 5 9 13 10 0 6 14 3 7 11 15 12 8 4 2
246 240 6 1 5 9 13 0 10 6 14 3 7 11 15 12 8 4 2
245 239 6 1 5 0 13 10 6 9 14 3 7 11 15 12 8 4 2
244 238 6 1 5 9 13 10 6 11 14 3 7 4 15 12 8 0 2
244 239 5 1 5 9 13 10 6 11 14 3 7 4 15 12 8 2 0
247 241 6 1 5 9 13 10 6 11 14 3 7 4 15 0 8 2 12
242 236 6 1 5 9 13 10 6 11 14 3 7 2 15 0 8 4 12
238 232 6 1 5 0 13 10 6 9 14 3 7 11 15 12 8 2 4
228 222 6 1 5 0 9 10 6 13 14 3 7 11 15 4 8 2 12
229 223 6 1 5 13 9 10 6 0 14 3 7 11 15 4 8 2 12
232 226 6 0 5 9 12 10 6 13 14 3 7 11 15 4 8 2 1
234 228 6 12 5 9 0 10 6 13 14 3 7 11 15 4 8 2 1
236 231 5 12 5 9 13 10 6 0 14 3 7 11 15 4 8 2 1
235 230 5 12 5 9 1 10 6 13 14 3 7 11 15 4 8 2 0
237 231 6 12 5 9 1 10 6 13 14 3 7 11 15 4 8 0 2
238 232 6 12 5 9 13 10 6 14 0 3 7 11 15 4 8 2 1
238 232 6 12 5 9 13 10 0 6 14 3 7 11 15 4 8 2 1
239 233 6 12 5 9 13 0 10 6 14 3 7 11 15 4 8 2 1
238 232 6 12 5 9 13 10 6 11 14 3 7 0 15 4 8 2 1
239 233 6 12 5 9 13 10 6 11 14 3 7 2 15 4 8 0 1
239 234 5 12 5 9 13 10 6 11 14 3 7 2 15 4 8 1 0
243 237 6 12 5 9 13 10 6 11 14 3 7 0 15 4 8 1 2
243 238 5 12 5 9 13 10 6 0 14 3 7 11 15 4 8 1 2
245 239 6 12 5 9 13 10 6 14 0 3 7 11 15 4 8 1 2
245 239 6 12 5 9 13 10 0 6 14 3 7 11 15 4 8 1 2
246 240 6 12 5 9 13 0 10 6 14 3 7 11 15 4 8 1 2
245 239 6 12 5 0 13 10 6 9 14 3 7 11 15 4 8 1 2
244 238 6 12 5 9 13 10 6 11 14 3 7 1 15 4 8 0 2
244 239 5 12 5 9 13 10 6 11 14 3 7 1 15 4 8 2 0
248 242 6 0 5 9 13 10 6 11 14 3 7 1 15 4 8 2 12
249 243 6 10 5 9 13 0 6 11 14 3 7 1 15 4 8 2 12
243 237 6 0 5 9 13 10 6 11 14 3 7 2 15 4 8 1 12
244 238 6 10 5 9 13 0 6 11 14 3 7 2 15 4 8 1 12
238 232 6 12 5 0 13 10 6 9 14 3 7 11 15 4 8 2 1
233 227 6 10 5 9 12 0 6 13 14 3 7 11 15 4 8 2 1
223 217 6 6 5 9 13 10 0 11 14 3 7 2 15 4 8 12 1
224 218 6 6 5 9 13 10 11 0 14 3 7 2 15 4 8 12 1
225 219 6 6 5 9 13 10 11 2 14 3 7 0 15 4 8 12 1
224 218 6 6 5 9 13 0 10 11 14 3 7 2 15 4 8 12 1
230 224 6 1 5 9 4 10 6 13 14 3 7 11 15 0 8 2 12
230 224 6 1 5 9 12 10 6 13 14 3 7 11 0 4 8 2 15
229 223 6 0 5 9 1 10 6 13 14 3 7 11 15 4 8 2 12
230 224 6 10 5 9 1 0 6 13 14 3 7 11 15 4 8 2 12
222 216 6 1 0 9 13 10 5 6 14 3 7 11 15 4 8 2 12
223 217 6 1 5 9 13 3 10 6 14 0 7 11 15 4 8 2 12
222 216 6 1 5 13 0 10 6 9 14 3 7 11 15 4 8 2 12
223 218 5 1 5 13 12 10 6 9 14 3 7 11 15 4 8 2 0
225 219 6 1 5 13 12 10 6 9 14 3 7 11 15 4 8 0 2
234 228 6 5 0 9 2 10 6 13 14 3 7 11 15 4 8 12 1
206 200 6 1 5 9 13 10 6 14 0 3 7 2 11 4 8 12 15
238 232 6 2 5 9 4 10 6 13 14 3 7 11 15 0 8 12 1
236 230 6 6 5 9 2 10 0 13 14 3 7 11 15 4 8 12 1
237 231 6 6 5 9 2 10 13 0 14 3 7 11 15 4 8 12 1
237 231 6 6 5 9 2 0 10 13 14 3 7 11 15 4 8 12 1
235 229 6 4 5 9 2 10 6 13 14 3 7 11 15 0 8 12 1
236 231 5 4 5 9 2 10 6 13 14 3 7 11 15 1 8 12 0
238 232 6 4 5 9 0 10 6 13 14 3 7 11 15 2 8 12 1
240 235 5 4 5 9 13 10 6 0 14 3 7 11 15 2 8 12 1
239 234 5 4 5 9 1 10 6 13 14 3 7 11 15 2 8 12 0
242 236 6 4 5 9 13 10 6 14 0 3 7 11 15 2 8 12 1
242 236 6 4 5 9 13 10 0 6 14 3 7 11 15 2 8 12 1
243 237 6 4 5 9 13 0 10 6 14 3 7 11 15 2 8 12 1
242 236 6 4 5 9 13 10 6 11 14 3 7 0 15 2 8 12 1
242 236 6 4 5 0 13 10 6 9 14 3 7 11 15 2 8 12 1
236 230 6 2 5 0 9 10 6 13 14 3 7 11 15 4 8 12 1
237 231 6 2 5 13 9 10 6 0 14 3 7 11 15 4 8 12 1
236 230 6 2 5 9 14 10 6 13 0 3 7 11 15 4 8 12 1
237 231 6 2 5 9 14 10 6 0 13 3 7 11 15 4 8 12 1
240 234 6 2 5 9 0 10 6 14 13 3 7 11 15 4 8 12 1
241 236 5 2 5 9 1 10 6 14 13 3 7 11 15 4 8 12 0
238 232 6 2 5 9 1 10 6 13 14 3 7 11 0 4 8 12 15
240 234 6 2 5 9 1 10 6 13 14 3 7 0 15 4 8 12 11
241 235 6 2 5 9 1 10 6 0 14 3 7 13 15 4 8 12 11
239 233 6 2 5 9 1 10 6 13 14 3 7 11 15 0 8 12 4
240 234 6 2 0 9 13 10 5 6 14 3 7 11 15 4 8 12 1
241 235 6 0 2 9 13 10 5 6 14 3 7 11 15 4 8 12 1
242 238 4 1 2 9 13 10 5 6 14 3 7 11 15 4 8 12 0
247 241 6 1 2 9 13 10 5 6 14 3 7 0 15 4 8 12 11
248 242 6 1 2 9 13 10 5 0 14 3 7 6 15 4 8 12 11
249 243 6 1 2 9 13 10 0 5 14 3 7 6 15 4 8 12 11
250 244 6 1 2 9 13 0 10 5 14 3 7 6 15 4 8 12 11
250 244 6 1 0 9 13 10 2 5 14 3 7 6 15 4 8 12 11
246 240 6 1 2 9 0 10 5 6 14 3 7 11 15 4 8 12 13
249 243 6 1 2 9 6 10 5 0 14 3 7 11 15 4 8 12 13
250 244 6 1 2 9 6 10 0 5 14 3 7 11 15 4 8 12 13
251 245 6 1 2 9 6 0 10 5 14 3 7 11 15 4 8 12 13
251 245 6 1 0 9 6 10 2 5 14 3 7 11 15 4 8 12 13
246 240 6 1 2 9 13 10 5 6 14 3 7 11 15 0 8 12 4
245 239 6 1 2 9 13 10 5 6 14 3 7 11 15 4 8 0 12
245 239 6 1 2 9 13 10 5 6 14 3 7 11 0 4 8 12 15
224 218 6 1 9 0 13 10 5 6 14 3 7 11 15 4 8 12 2
225 219 6 1 9 6 13 10 5 0 14 3 7 11 15 4 8 12 2
226 220 6 1 9 6 13 10 0 5 14 3 7 11 15 4 8 12 2
227 221 6 1 9 6 13 0 10 5 14 3 7 11 15 4 8 12 2
227 221 6 1 0 6 13 10 9 5 14 3 7 11 15 4 8 12 2
228 222 6 1 6 0 13 10 9 5 14 3 7 11 15 4 8 12 2
229 223 6 1 6 5 13 10 9 0 14 3 7 11 15 4 8 12 2
244 238 6 5 2 9 13 10 0 6 14 3 7 11 15 4 8 12 1
244 239 5 5 2 9 13 10 6 0 14 3 7 11 15 4 8 12 1
246 240 6 5 2 9 13 10 6 14 0 3 7 11 15 4 8 12 1
246 240 6 5 2 9 13 10 6 11 14 3 7 0 15 4 8 12 1
246 240 6 5 2 0 13 10 6 9 14 3 7 11 15 4 8 12 1
245 239 6 5 2 9 13 0 10 6 14 3 7 11 15 4 8 12 1
245 239 6 5 0 9 13 10 2 6 14 3 7 11 15 4 8 12 1
245 240 5 0 5 9 13 10 2 6 14 3 7 11 15 4 8 12 1
246 243 3 1 5 9 13 10 2 6 14 3 7 11 15 4 8 12 0
251 246 5 1 5 9 13 10 2 6 14 3 7 0 15 4 8 12 11
252 247 5 1 5 9 13 10 2 0 14 3 7 6 15 4 8 12 11
253 248 5 1 5 9 13 10 0 2 14 3 7 6 15 4 8 12 11
254 249 5 1 5 9 13 0 10 2 14 3 7 6 15 4 8 12 11
250 245 5 1 5 9 0 10 2 6 14 3 7 11 15 4 8 12 13
253 248 5 1 5 9 6 10 2 0 14 3 7 11 15 4 8 12 13
254 249 5 1 5 9 6 10 0 2 14 3 7 11 15 4 8 12 13
255 250 5 1 5 9 6 0 10 2 14 3 7 11 15 4 8 12 13
250 245 5 1 5 9 13 10 2 6 14 3 7 11 15 0 8 12 4
249 244 5 1 5 9 13 10 2 6 14 3 7 11 15 4 8 0 12
246 241 5 10 5 9 13 0 2 6 14 3 7 11 15 4 8 12 1
246 242 4 10 5 9 13 2 0 6 14 3 7 11 15 4 8 12 1
246 243 3 10 5 9 13 2 6 0 14 3 7 11 15 4 8 12 1
248 244 4 10 5 9 13 2 6 14 0 3 7 11 15 4 8 12 1
248 244 4 10 5 9 13 2 6 11 14 3 7 0 15 4 8 12 1
248 244 4 10 5 0 13 2 6 9 14 3 7 11 15 4 8 12 1
250 245 5 10 5 13 0 2 6 9 14 3 7 11 15 4 8 12 1
251 247 4 10 5 13 1 2 6 9 14 3 7 11 15 4 8 12 0
255 250 5 0 5 13 1 2 6 9 14 3 7 11 15 4 8 12 10
256 252 4 1 5 13 0 2 6 9 14 3 7 11 15 4 8 12 10
257 254 3 1 5 13 10 2 6 9 14 3 7 11 15 4 8 12 0
256 253 3 1 5 0 13 2 6 9 14 3 7 11 15 4 8 12 10
256 254 2 1 5 9 13 2 6 0 14 3 7 11 15 4 8 12 10
258 255 3 1 5 9 13 2 6 14 0 3 7 11 15 4 8 12 10
258 255 3 1 5 9 13 2 0 6 14 3 7 11 15 4 8 12 10
258 255 3 1 5 9 13 2 6 11 14 3 7 0 15 4 8 12 10
260 256 4 1 5 9 13 2 6 11 14 3 7 15 0 4 8 12 10
260 257 3 1 5 9 13 2 6 11 14 3 7 15 10 4 8 12 0
264 260 4 1 5 9 13 2 6 11 14 3 7 0 10 4 8 12 15
264 261 3 1 5 9 13 2 6 0 14 3 7 11 10 4 8 12 15
266 262 4 1 5 9 13 2 6 14 0 3 7 11 10 4 8 12 15
267 263 4 1 5 9 13 2 6 14 10 3 7 11 0 4 8 12 15
266 264 2 1 5 9 13 2 6 14 10 3 7 11 15 4 8 12 0
271 267 4 1 5 9 13 2 6 14 10 3 7 0 15 4 8 12 11
272 268 4 1 5 9 13 2 6 0 10 3 7 14 15 4 8 12 11
272 269 3 1 5 9 13 2 6 10 0 3 7 14 15 4 8 12 11
274 270 4 1 5 9 13 2 6 10 15 3 7 14 0 4 8 12 11
274 271 3 1 5 9 13 2 6 10 15 3 7 14 11 4 8 12 0
278 274 4 1 5 9 13 2 6 10 15 3 7 0 11 4 8 12 14
278 275 3 1 5 9 13 2 6 10 15 3 7 11 0 4 8 12 14
278 276 2 1 5 9 13 2 6 10 15 3 7 11 14 4 8 12 0
278 276 2 1 5 9 13 2 6 10 0 3 7 11 15 4 8 12 14
280 277 3 1 5 9 13 2 6 0 10 3 7 11 15 4 8 12 14
280 277 3 1 5 9 0 2 6 10 13 3 7 11 15 4 8 12 14
281 279 2 1 5 9 14 2 6 10 13 3 7 11 15 4 8 12 0
286 282 4 1 5 9 14 2 6 10 13 3 7 0 15 4 8 12 11
286 282 4 0 5 9 14 2 6 10 13 3 7 11 15 4 8 12 1
288 284 4 14 5 9 0 2 6 10 13 3 7 11 15 4 8 12 1
289 286 3 14 5 9 1 2 6 10 13 3 7 11 15 4 8 12 0
288 285 3 14 5 9 13 2 6 10 0 3 7 11 15 4 8 12 1
290 286 4 14 5 9 13 2 6 0 10 3 7 11 15 4 8 12 1
290 286 4 14 5 9 13 2 6 10 15 3 7 11 0 4 8 12 1
290 287 3 14 5 9 13 2 6 10 15 3 7 11 1 4 8 12 0
294 290 4 0 5 9 13 2 6 10 15 3 7 11 1 4 8 12 14
285 281 4 1 5 9 14 2 6 10 13 3 7 11 15 0 8 12 4
288 284 4 1 5 9 0 2 6 10 13 3 7 11 15 14 8 12 4
289 286 3 1 5 9 4 2 6 10 13 3 7 11 15 14 8 12 0
288 285 3 1 5 9 13 2 6 10 0 3 7 11 15 14 8 12 4
290 286 4 1 5 9 13 2 6 0 10 3 7 11 15 14 8 12 4
290 286 4 1 5 9 13 2 6 10 15 3 7 11 0 14 8 12 4
290 287 3 1 5 9 13 2 6 10 15 3 7 11 4 14 8 12 0
293 289 4 1 5 9 13 2 6 10 15 3 7 11 4 0 8 12 14
284 280 4 1 5 9 14 2 6 10 13 3 7 11 15 4 8 0 12
284 280 4 1 5 9 14 2 6 10 13 3 7 11 0 4 8 12 15
285 281 4 1 5 9 14 2 6 10 0 3 7 11 13 4 8 12 15
285 282 3 1 5 9 0 2 6 10 14 3 7 11 13 4 8 12 15
286 284 2 1 5 9 15 2 6 10 14 3 7 11 13 4 8 12 0
288 285 3 1 5 9 15 2 6 10 14 3 7 11 0 4 8 12 13
290 286 4 1 5 9 15 2 6 10 14 3 7 0 11 4 8 12 13
290 286 4 1 5 9 15 2 6 10 0 3 7 11 14 4 8 12 13
291 287 4 1 5 9 15 2 6 10 14 3 7 0 13 4 8 12 11
292 288 4 1 5 9 15 2 6 10 14 3 7 13 0 4 8 12 11
292 289 3 1 5 9 15 2 6 10 14 3 7 13 11 4 8 12 0
295 291 4 1 5 9 0 2 6 10 14 3 7 13 11 4 8 12 15
291 287 4 0 5 9 15 2 6 10 14 3 7 11 13 4 8 12 1
293 289 4 15 5 9 0 2 6 10 14 3 7 11 13 4 8 12 1
294 291 3 15 5 9 1 2 6 10 14 3 7 11 13 4 8 12 0
296 292 4 15 5 9 1 2 6 10 14 3 7 11 0 4 8 12 13
282 278 4 1 5 9 13 2 6 11 10 3 7 0 15 4 8 12 14
260 256 4 1 5 9 13 0 2 6 14 3 7 11 15 4 8 12 10
283 279 4 0 5 9 1 2 6 10 13 3 7 11 15 4 8 12 14
266 262 4 1 5 9 13 2 0 6 14 3 7 11 10 4 8 12 15
284 280 4 1 5 9 10 2 6 0 13 3 7 11 15 4 8 12 14
285 281 4 1 5 9 10 2 6 13 0 3 7 11 15 4 8 12 14
286 282 4 1 5 9 0 2 6 13 10 3 7 11 15 4 8 12 14
287 284 3 1 5 9 14 2 6 13 10 3 7 11 15 4 8 12 0
260 256 4 1 5 9 13 2 6 11 14 3 7 12 15 4 8 0 10
260 257 3 1 5 9 13 2 6 11 14 3 7 12 15 4 8 10 0
264 260 4 1 5 9 13 2 6 11 14 3 7 0 15 4 8 10 12
264 261 3 1 5 9 13 2 6 0 14 3 7 11 15 4 8 10 12
266 262 4 1 5 9 13 2 6 14 0 3 7 11 15 4 8 10 12
266 262 4 1 5 9 13 2 0 6 14 3 7 11 15 4 8 10 12
266 262 4 1 5 0 13 2 6 9 14 3 7 11 15 4 8 10 12
265 261 4 1 5 9 13 2 6 11 14 3 7 10 15 4 8 0 12
264 262 2 1 5 9 13 2 6 11 14 3 7 10 15 4 8 12 0
269 265 4 0 5 9 13 2 6 11 14 3 7 10 15 4 8 12 1
268 264 4 1 5 9 0 2 6 11 14 3 7 10 15 4 8 12 13
271 267 4 1 5 9 11 2 6 0 14 3 7 10 15 4 8 12 13
271 268 3 1 5 9 11 2 6 10 14 3 7 0 15 4 8 12 13
273 269 4 1 5 9 11 2 6 10 14 3 7 15 0 4 8 12 13
273 270 3 1 5 9 11 2 6 10 14 3 7 15 13 4 8 12 0
277 273 4 1 5 9 11 2 6 10 14 3 7 0 13 4 8 12 15
278 274 4 1 5 9 11 2 6 10 14 3 7 13 0 4 8 12 15
277 275 2 1 5 9 11 2 6 10 14 3 7 13 15 4 8 12 0
280 277 3 1 5 9 0 2 6 10 14 3 7 13 15 4 8 12 11
284 280 4 1 5 9 10 2 6 0 14 3 7 13 15 4 8 12 11
285 281 4 1 5 9 10 2 6 13 14 3 7 0 15 4 8 12 11
273 269 4 1 5 9 11 2 6 10 14 3 0 7 15 4 8 12 13
284 280 4 1 5 9 4 2 6 10 14 3 7 13 15 0 8 12 11
285 282 3 1 5 9 4 2 6 10 14 3 7 13 15 11 8 12 0
289 285 4 1 5 9 4 2 6 10 14 3 7 0 15 11 8 12 13
288 284 4 1 5 9 0 2 6 10 14 3 7 13 15 11 8 12 4
283 279 4 0 5 9 1 2 6 10 14 3 7 13 15 4 8 12 11
285 282 3 11 5 9 1 2 6 10 14 3 7 13 15 4 8 12 0
289 285 4 11 5 9 1 2 6 10 14 3 7 0 15 4 8 12 13
282 278 4 1 5 0 13 2 6 9 10 3 7 11 15 4 8 12 14
274 270 4 1 5 9 0 2 6 10 13 3 7 14 15 4 8 12 11
275 272 3 1 5 9 11 2 6 10 13 3 7 14 15 4 8 12 0
279 275 4 1 5 9 11 2 6 10 13 3 7 0 15 4 8 12 14
289 285 4 1 5 9 10 2 6 0 14 3 7 11 13 4 8 12 15
258 254 4 1 0 5 13 2 6 9 14 3 7 11 15 4 8 12 10
282 278 4 1 5 9 13 2 0 6 10 3 7 11 15 4 8 12 14
260 256 4 1 5 9 0 2 6 14 13 3 7 11 15 4 8 12 10
261 258 3 1 5 9 10 2 6 14 13 3 7 11 15 4 8 12 0
283 279 4 0 5 9 13 2 6 10 15 3 7 11 14 4 8 12 1
275 271 4 1 5 9 13 2 6 10 15 3 7 0 14 4 8 12 11
288 284 4 0 5 9 1 2 6 10 14 3 7 11 13 4 8 12 15
290 286 4 1 5 9 15 2 6 10 14 3 7 11 13 0 8 12 4
293 289 4 1 5 9 0 2 6 10 14 3 7 11 13 15 8 12 4
294 291 3 1 5 9 4 2 6 10 14 3 7 11 13 15 8 12 0
296 292 4 1 5 9 4 2 6 10 14 3 7 11 0 15 8 12 13
289 285 4 1 5 9 4 2 6 10 14 3 7 11 13 0 8 12 15
260 256 4 1 0 9 13 2 5 6 14 3 7 11 15 4 8 12 10
271 267 4 0 5 9 13 2 6 14 10 3 7 11 15 4 8 12 1
270 266 4 1 5 9 0 2 6 14 10 3 7 11 15 4 8 12 13
273 269 4 1 5 9 14 2 6 0 10 3 7 11 15 4 8 12 13
273 270 3 1 5 9 14 2 6 10 0 3 7 11 15 4 8 12 13
273 271 2 1 5 9 0 2 6 10 14 3 7 11 15 4 8 12 13
273 273 0 1 5 9 13 2 6 10 14 3 7 11 15 4 8 12 0
