0 0 0 7 10 2 6 5 15 11 3 4 13 1 14 8 12 0 9
15 1 14 7 10 2 6 5 15 11 3 4 13 1 14 8 12 9 0
19 4 15 7 10 2 6 5 15 11 3 4 13 0 14 8 12 9 1
19 5 14 7 10 2 6 5 15 0 3 4 13 11 14 8 12 9 1
20 6 14 7 10 2 6 5 15 3 0 4 13 11 14 8 12 9 1
21 7 14 7 10 2 6 5 15 3 14 4 13 11 0 8 12 9 1
21 8 13 7 10 2 6 5 15 3 14 4 13 11 1 8 12 9 0
25 11 14 0 10 2 6 5 15 3 14 4 13 11 1 8 12 9 7
28 14 14 15 10 2 6 5 0 3 14 4 13 11 1 8 12 9 7
29 15 14 15 10 2 6 5 3 0 14 4 13 11 1 8 12 9 7
30 16 14 15 10 2 6 5 3 14 0 4 13 11 1 8 12 9 7
31 17 14 15 10 2 6 5 3 14 1 4 13 11 0 8 12 9 7
31 18 13 15 10 2 6 5 3 14 1 4 13 11 7 8 12 9 0
35 21 14 0 10 2 6 5 3 14 1 4 13 11 7 8 12 9 15
38 24 14 3 10 2 6 5 0 14 1 4 13 11 7 8 12 9 15
39 25 14 3 10 2 6 5 14 0 1 4 13 11 7 8 12 9 15
40 26 14 3 10 2 6 5 14 1 0 4 13 11 7 8 12 9 15
41 27 14 3 10 2 6 5 14 1 7 4 13 11 0 8 12 9 15
41 28 13 3 10 2 6 5 14 1 7 4 13 11 15 8 12 9 0
45 31 14 0 10 2 6 5 14 1 7 4 13 11 15 8 12 9 3
48 34 14 14 10 2 6 5 0 1 7 4 13 11 15 8 12 9 3
49 35 14 14 10 2 6 5 1 0 7 4 13 11 15 8 12 9 3
49 36 13 14 10 2 6 5 1 7 0 4 13 11 15 8 12 9 3
50 37 13 14 10 2 6 5 1 7 15 4 13 11 0 8 12 9 3
50 38 12 14 10 2 6 5 1 7 15 4 13 11 3 8 12 9 0
54 41 13 0 10 2 6 5 1 7 15 4 13 11 3 8 12 9 14
56 44 12 1 10 2 6 5 0 7 15 4 13 11 3 8 12 9 14
57 45 12 1 10 2 6 5 13 7 15 4 0 11 3 8 12 9 14
58 46 12 1 10 2 6 5 13 7 15 0 4 11 3 8 12 9 14
59 47 12 1 10 2 6 5 13 7 15 8 4 11 3 0 12 9 14
60 49 11 1 10 2 6 5 13 7 15 8 4 11 3 14 12 9 0
63 51 12 1 10 2 0 5 13 7 15 8 4 11 3 14 12 9 6
66 54 12 1 10 2 14 5 13 7 15 8 4 11 3 0 12 9 6
67 56 11 1 10 2 14 5 13 7 15 8 4 11 3 6 12 9 0
69 57 12 1 10 2 14 5 13 7 15 8 4 11 3 6 12 0 9
70 58 12 1 10 2 14 5 13 7 15 8 4 11 3 6 0 12 9
71 59 12 1 10 2 14 5 13 7 15 8 4 11 3 0 6 12 9
72 61 11 1 10 2 14 5 13 7 15 8 4 11 3 9 6 12 0
75 63 12 1 10 2 0 5 13 7 15 8 4 11 3 9 6 12 14
78 66 12 1 10 2 9 5 13 7 15 8 4 11 3 0 6 12 14
79 68 11 1 10 2 9 5 13 7 15 8 4 11 3 14 6 12 0
81 69 12 1 10 2 9 5 13 7 15 8 4 11 3 14 6 0 12
82 70 12 1 10 2 9 5 13 7 15 8 4 11 3 14 0 6 12
82 71 11 1 10 2 9 5 13 7 15 8 4 11 3 0 14 6 12
83 73 10 1 10 2 9 5 13 7 15 8 4 11 3 12 14 6 0
86 75 11 1 10 2 0 5 13 7 15 8 4 11 3 12 14 6 9
89 78 11 1 10 2 12 5 13 7 15 8 4 11 3 0 14 6 9
90 80 10 1 10 2 12 5 13 7 15 8 4 11 3 9 14 6 0
92 81 11 1 10 2 12 5 13 7 15 8 4 11 3 9 14 0 6
92 81 11 1 10 2 12 5 13 7 15 8 4 11 0 9 14 6 3
93 82 11 1 10 2 12 5 13 7 0 8 4 11 15 9 14 6 3
94 83 11 1 10 2 0 5 13 7 12 8 4 11 15 9 14 6 3
95 85 10 1 10 2 3 5 13 7 12 8 4 11 15 9 14 6 0
98 87 11 1 10 2 3 5 13 7 12 8 4 11 15 0 14 6 9
101 90 11 1 10 2 3 5 13 7 12 8 0 11 15 4 14 6 9
102 91 11 1 10 2 3 5 13 7 12 0 8 11 15 4 14 6 9
103 92 11 1 10 2 3 5 13 7 12 4 8 11 15 0 14 6 9
104 94 10 1 10 2 3 5 13 7 12 4 8 11 15 9 14 6 0
107 96 11 1 10 2 0 5 13 7 12 4 8 11 15 9 14 6 3
110 99 11 1 10 2 9 5 13 7 12 4 8 11 15 0 14 6 3
111 101 10 1 10 2 9 5 13 7 12 4 8 11 15 3 14 6 0
113 102 11 1 10 2 9 5 13 7 12 4 8 11 15 3 14 0 6
113 102 11 1 10 2 9 5 13 7 12 4 8 11 0 3 14 6 15
113 103 10 1 10 2 9 5 13 7 0 4 8 11 12 3 14 6 15
114 104 10 1 10 2 0 5 13 7 9 4 8 11 12 3 14 6 15
115 106 9 1 10 2 15 5 13 7 9 4 8 11 12 3 14 6 0
118 108 10 1 10 2 15 5 13 7 9 4 8 11 12 0 14 6 3
121 111 10 1 10 2 15 5 13 7 9 4 0 11 12 8 14 6 3
122 112 10 1 10 2 15 5 13 7 9 0 4 11 12 8 14 6 3
123 113 10 1 10 2 15 5 13 7 9 8 4 11 12 0 14 6 3
124 115 9 1 10 2 15 5 13 7 9 8 4 11 12 3 14 6 0
127 117 10 1 10 2 0 5 13 7 9 8 4 11 12 3 14 6 15
130 120 10 1 10 2 3 5 13 7 9 8 4 11 12 0 14 6 15
131 122 9 1 10 2 3 5 13 7 9 8 4 11 12 15 14 6 0
133 123 10 1 10 2 3 5 13 7 9 8 4 11 12 15 14 0 6
117 107 10 1 10 2 3 5 13 7 9 4 8 11 12 0 14 6 15
118 109 9 1 10 2 3 5 13 7 9 4 8 11 12 15 14 6 0
120 110 10 1 10 2 3 5 13 7 9 4 8 11 12 15 14 0 6
120 110 10 1 10 2 3 5 13 7 9 4 0 11 12 8 14 6 15
121 111 10 1 10 2 3 5 0 7 9 4 13 11 12 8 14 6 15
122 112 10 1 0 2 3 5 10 7 9 4 13 11 12 8 14 6 15
122 113 9 1 2 0 3 5 10 7 9 4 13 11 12 8 14 6 15
122 114 8 1 2 3 0 5 10 7 9 4 13 11 12 8 14 6 15
123 116 7 1 2 3 15 5 10 7 9 4 13 11 12 8 14 6 0
126 118 8 1 2 3 15 5 10 7 9 4 13 11 12 0 14 6 8
128 121 7 1 2 3 15 5 10 7 9 4 0 11 12 13 14 6 8
128 122 6 1 2 3 15 5 0 7 9 4 10 11 12 13 14 6 8
130 123 7 1 2 3 15 5 7 0 9 4 10 11 12 13 14 6 8
131 124 7 1 2 3 15 5 7 9 0 4 10 11 12 13 14 6 8
132 125 7 1 2 3 0 5 7 9 15 4 10 11 12 13 14 6 8
133 127 6 1 2 3 8 5 7 9 15 4 10 11 12 13 14 6 0
135 128 7 1 2 3 8 5 7 9 15 4 10 11 12 13 14 0 6
135 128 7 1 2 3 9 5 7 0 15 4 10 11 12 13 14 6 8
135 129 6 1 2 3 9 5 0 7 15 4 10 11 12 13 14 6 8
137 130 7 1 2 3 9 0 5 7 15 4 10 11 12 13 14 6 8
138 131 7 1 2 3 9 4 5 7 15 0 10 11 12 13 14 6 8
137 130 7 1 2 3 9 5 10 7 15 4 0 11 12 13 14 6 8
138 131 7 1 2 3 9 5 10 7 15 0 4 11 12 13 14 6 8
137 130 7 1 0 3 9 5 2 7 15 4 10 11 12 13 14 6 8
136 129 7 1 2 3 9 5 7 15 0 4 10 11 12 13 14 6 8
137 130 7 1 2 3 0 5 7 15 9 4 10 11 12 13 14 6 8
138 132 6 1 2 3 8 5 7 15 9 4 10 11 12 13 14 6 0
140 133 7 1 2 3 8 5 7 15 9 4 10 11 12 13 14 0 6
130 123 7 1 2 3 15 0 5 7 9 4 10 11 12 13 14 6 8
131 124 7 1 2 3 15 4 5 7 9 0 10 11 12 13 14 6 8
130 123 7 1 0 3 15 5 2 7 9 4 10 11 12 13 14 6 8
129 122 7 1 2 3 15 5 10 7 9 0 4 11 12 13 14 6 8
131 123 8 1 2 3 15 5 10 7 9 13 4 11 12 0 14 6 8
132 125 7 1 2 3 15 5 10 7 9 13 4 11 12 8 14 6 0
135 127 8 1 2 3 0 5 10 7 9 13 4 11 12 8 14 6 15
138 130 8 1 2 3 8 5 10 7 9 13 4 11 12 0 14 6 15
139 132 7 1 2 3 8 5 10 7 9 13 4 11 12 15 14 6 0
138 131 7 1 2 3 8 5 10 7 9 0 4 11 12 13 14 6 15
139 132 7 1 2 3 8 5 10 7 9 4 0 11 12 13 14 6 15
139 133 6 1 2 3 8 5 0 7 9 4 10 11 12 13 14 6 15
141 134 7 1 2 3 8 5 7 0 9 4 10 11 12 13 14 6 15
142 135 7 1 2 3 8 5 7 9 0 4 10 11 12 13 14 6 15
142 136 6 1 2 3 0 5 7 9 8 4 10 11 12 13 14 6 15
143 138 5 1 2 3 15 5 7 9 8 4 10 11 12 13 14 6 0
145 139 6 1 2 3 15 5 7 9 8 4 10 11 12 13 14 0 6
145 139 6 1 2 3 9 5 7 0 8 4 10 11 12 13 14 6 15
145 140 5 1 2 3 9 5 0 7 8 4 10 11 12 13 14 6 15
147 141 6 1 2 3 9 0 5 7 8 4 10 11 12 13 14 6 15
148 142 6 1 2 3 9 4 5 7 8 0 10 11 12 13 14 6 15
147 141 6 1 2 3 9 5 10 7 8 4 0 11 12 13 14 6 15
148 142 6 1 2 3 9 5 10 7 8 0 4 11 12 13 14 6 15
147 141 6 1 0 3 9 5 2 7 8 4 10 11 12 13 14 6 15
149 142 7 1 3 0 9 5 2 7 8 4 10 11 12 13 14 6 15
150 143 7 1 3 9 0 5 2 7 8 4 10 11 12 13 14 6 15
151 145 6 1 3 9 15 5 2 7 8 4 10 11 12 13 14 6 0
153 146 7 1 3 9 15 5 2 7 8 4 10 11 12 13 14 0 6
149 142 7 0 1 3 9 5 2 7 8 4 10 11 12 13 14 6 15
151 145 6 15 1 3 9 5 2 7 8 4 10 11 12 13 14 6 0
154 147 7 15 1 3 0 5 2 7 8 4 10 11 12 13 14 6 9
156 149 7 0 1 3 15 5 2 7 8 4 10 11 12 13 14 6 9
158 152 6 9 1 3 15 5 2 7 8 4 10 11 12 13 14 6 0
156 150 6 1 0 3 15 5 2 7 8 4 10 11 12 13 14 6 9
156 151 5 1 2 3 15 5 0 7 8 4 10 11 12 13 14 6 9
158 152 6 1 2 3 15 5 7 0 8 4 10 11 12 13 14 6 9
158 152 6 1 2 3 15 0 5 7 8 4 10 11 12 13 14 6 9
159 153 6 1 2 3 15 4 5 7 8 0 10 11 12 13 14 6 9
158 152 6 1 2 3 15 5 10 7 8 4 0 11 12 13 14 6 9
159 153 6 1 2 3 15 5 10 7 8 0 4 11 12 13 14 6 9
161 154 7 1 2 3 15 5 10 7 8 13 4 11 12 0 14 6 9
162 156 6 1 2 3 15 5 10 7 8 13 4 11 12 9 14 6 0
165 158 7 1 2 3 0 5 10 7 8 13 4 11 12 9 14 6 15
164 157 7 1 2 3 15 5 10 7 8 13 4 11 12 9 14 0 6
164 157 7 1 2 3 15 5 10 7 8 13 0 11 12 4 14 6 9
164 158 6 1 2 3 15 5 0 7 8 13 10 11 12 4 14 6 9
166 159 7 1 2 3 15 5 7 0 8 13 10 11 12 4 14 6 9
166 159 7 1 2 3 15 0 5 7 8 13 10 11 12 4 14 6 9
167 160 7 1 2 3 15 13 5 7 8 0 10 11 12 4 14 6 9
168 161 7 1 2 3 15 13 5 7 8 4 10 11 12 0 14 6 9
169 163 6 1 2 3 15 13 5 7 8 4 10 11 12 9 14 6 0
172 165 7 1 2 3 0 13 5 7 8 4 10 11 12 9 14 6 15
175 168 7 1 2 3 9 13 5 7 8 4 10 11 12 0 14 6 15
176 170 6 1 2 3 9 13 5 7 8 4 10 11 12 15 14 6 0
178 171 7 1 2 3 9 13 5 7 8 4 10 11 12 15 14 0 6
147 140 7 1 2 3 15 5 7 9 8 4 10 11 12 13 0 14 6
145 138 7 0 2 3 1 5 7 9 8 4 10 11 12 13 14 6 15
147 141 6 15 2 3 1 5 7 9 8 4 10 11 12 13 14 6 0
150 143 7 15 2 3 0 5 7 9 8 4 10 11 12 13 14 6 1
153 146 7 15 2 3 9 5 7 0 8 4 10 11 12 13 14 6 1
153 147 6 15 2 3 9 5 0 7 8 4 10 11 12 13 14 6 1
155 148 7 15 2 3 9 0 5 7 8 4 10 11 12 13 14 6 1
156 149 7 15 2 3 9 4 5 7 8 0 10 11 12 13 14 6 1
164 157 7 1 2 3 0 5 10 7 8 13 4 11 12 15 14 6 9
165 159 6 1 2 3 9 5 10 7 8 13 4 11 12 15 14 6 0
167 160 7 1 2 3 9 5 10 7 8 13 4 11 12 15 14 0 6
160 153 7 9 1 3 15 5 2 7 8 4 10 11 12 13 14 0 6
146 139 7 1 2 3 15 5 7 9 8 4 10 11 0 13 14 6 12
161 154 7 1 2 3 15 4 5 7 8 13 10 11 12 0 14 6 9
162 156 6 1 2 3 15 4 5 7 8 13 10 11 12 9 14 6 0
165 158 7 1 2 3 0 4 5 7 8 13 10 11 12 9 14 6 15
160 153 7 1 2 0 15 5 7 3 8 4 10 11 12 13 14 6 9
161 154 7 1 2 15 0 5 7 3 8 4 10 11 12 13 14 6 9
162 156 6 1 2 15 9 5 7 3 8 4 10 11 12 13 14 6 0
164 157 7 1 2 15 9 5 7 3 8 4 10 11 12 13 14 0 6
160 153 7 1 2 3 15 5 10 7 8 4 14 11 12 13 0 6 9
161 154 7 1 2 3 15 5 10 7 8 4 14 11 12 13 6 0 9
161 155 6 1 2 3 15 5 10 7 8 4 14 11 12 13 6 9 0
164 157 7 1 2 3 0 5 10 7 8 4 14 11 12 13 6 9 15
160 153 7 1 2 3 15 5 7 8 0 4 10 11 12 13 14 6 9
161 154 7 1 2 3 0 5 7 8 15 4 10 11 12 13 14 6 9
162 156 6 1 2 3 9 5 7 8 15 4 10 11 12 13 14 6 0
164 157 7 1 2 3 9 5 7 8 15 4 10 11 12 13 14 0 6
150 143 7 1 2 3 9 4 5 7 8 13 10 11 12 0 14 6 15
151 145 6 1 2 3 9 4 5 7 8 13 10 11 12 15 14 6 0
153 146 7 1 2 3 9 4 5 7 8 13 10 11 12 15 14 0 6
150 143 7 1 2 3 9 4 5 7 8 10 0 11 12 13 14 6 15
151 144 7 1 2 3 9 4 0 7 8 10 5 11 12 13 14 6 15
152 145 7 1 2 3 9 0 4 7 8 10 5 11 12 13 14 6 15
153 146 7 1 2 3 9 10 4 7 8 0 5 11 12 13 14 6 15
154 147 7 1 2 3 9 10 4 7 8 5 0 11 12 13 14 6 15
155 148 7 1 2 3 9 10 0 7 8 5 4 11 12 13 14 6 15
165 158 7 1 2 3 15 5 10 7 8 0 13 11 12 4 14 6 9
166 159 7 1 2 3 15 5 10 7 8 4 13 11 12 0 14 6 9
167 161 6 1 2 3 15 5 10 7 8 4 13 11 12 9 14 6 0
170 163 7 1 2 3 0 5 10 7 8 4 13 11 12 9 14 6 15
173 166 7 1 2 3 9 5 10 7 8 4 13 11 12 0 14 6 15
174 168 6 1 2 3 9 5 10 7 8 4 13 11 12 15 14 6 0
176 169 7 1 2 3 9 5 10 7 8 4 13 11 12 15 14 0 6
174 167 7 1 2 3 9 5 10 7 8 0 13 11 12 4 14 6 15
175 168 7 1 2 3 9 5 10 7 8 13 0 11 12 4 14 6 15
175 169 6 1 2 3 9 5 0 7 8 13 10 11 12 4 14 6 15
177 170 7 1 2 3 9 5 7 0 8 13 10 11 12 4 14 6 15
177 170 7 1 2 3 9 0 5 7 8 13 10 11 12 4 14 6 15
155 148 7 15 0 3 9 5 2 7 8 4 10 11 12 13 14 6 1
156 149 7 0 15 3 9 5 2 7 8 4 10 11 12 13 14 6 1
157 152 5 1 15 3 9 5 2 7 8 4 10 11 12 13 14 6 0
160 154 6 1 15 3 0 5 2 7 8 4 10 11 12 13 14 6 9
159 153 6 1 15 3 9 5 2 7 8 4 10 11 12 13 14 0 6
161 154 7 1 15 3 9 5 2 7 8 4 10 11 12 13 0 14 6
161 154 7 1 15 3 9 5 2 7 8 4 10 11 12 0 14 6 13
164 157 7 1 15 3 0 5 2 7 8 4 10 11 12 9 14 6 13
165 159 6 1 15 3 13 5 2 7 8 4 10 11 12 9 14 6 0
167 160 7 1 15 3 13 5 2 7 8 4 10 11 12 9 14 0 6
162 155 7 1 15 3 9 5 2 7 8 0 10 11 12 4 14 6 13
161 154 7 1 15 3 9 5 2 7 8 4 10 0 12 13 14 11 6
164 157 7 1 15 3 7 5 2 0 8 4 10 11 12 13 14 6 9
165 158 7 1 15 3 7 5 0 2 8 4 10 11 12 13 14 6 9
166 159 7 1 0 3 7 5 15 2 8 4 10 11 12 13 14 6 9
164 157 7 1 15 3 13 5 2 7 8 4 10 11 12 0 14 6 9
165 158 7 1 15 3 13 5 2 7 8 0 10 11 12 4 14 6 9
159 152 7 2 15 3 9 5 0 7 8 4 10 11 12 13 14 6 1
160 153 7 2 0 3 9 5 15 7 8 4 10 11 12 13 14 6 1
160 154 6 0 2 3 9 5 15 7 8 4 10 11 12 13 14 6 1
161 157 4 1 2 3 9 5 15 7 8 4 10 11 12 13 14 6 0
164 159 5 1 2 3 0 5 15 7 8 4 10 11 12 13 14 6 9
163 158 5 1 2 3 9 5 15 7 8 4 10 11 12 13 14 0 6
165 159 6 1 2 3 9 5 15 7 8 4 10 11 12 13 0 14 6
165 159 6 1 2 3 9 5 15 7 8 4 10 11 12 0 14 6 13
168 162 6 1 2 3 0 5 15 7 8 4 10 11 12 9 14 6 13
169 164 5 1 2 3 13 5 15 7 8 4 10 11 12 9 14 6 0
171 165 6 1 2 3 13 5 15 7 8 4 10 11 12 9 14 0 6
166 160 6 1 2 3 9 5 15 7 8 0 10 11 12 4 14 6 13
165 159 6 1 2 3 9 5 15 7 8 4 10 0 12 13 14 11 6
168 162 6 1 2 3 7 5 15 0 8 4 10 11 12 13 14 6 9
169 163 6 1 2 3 7 5 0 15 8 4 10 11 12 13 14 6 9
168 162 6 1 2 3 13 5 15 7 8 4 10 11 12 0 14 6 9
169 163 6 1 2 3 13 5 15 7 8 0 10 11 12 4 14 6 9
167 161 6 0 2 3 1 5 15 7 8 4 10 11 12 13 14 6 9
169 164 5 9 2 3 1 5 15 7 8 4 10 11 12 13 14 6 0
171 165 6 9 2 3 1 5 15 7 8 4 10 11 12 13 14 0 6
170 164 6 15 2 3 1 5 0 7 8 4 10 11 12 13 14 6 9
166 160 6 1 2 3 9 5 15 7 8 4 10 0 12 13 14 6 11
167 161 6 1 2 3 9 5 15 7 8 4 10 6 12 13 14 0 11
167 162 5 1 2 3 9 5 15 7 8 4 10 6 12 13 14 11 0
170 164 6 1 2 3 0 5 15 7 8 4 10 6 12 13 14 11 9
166 160 6 1 2 3 8 5 15 7 0 4 10 11 12 13 14 6 9
166 160 6 1 2 0 3 5 15 7 8 4 10 11 12 13 14 6 9
162 156 6 9 2 3 0 5 15 7 8 4 10 11 12 13 14 6 1
164 158 6 1 2 3 9 5 15 7 8 4 10 11 0 13 14 6 12
166 159 7 1 2 3 9 5 15 7 8 4 10 0 11 13 14 6 12
167 160 7 1 2 3 9 5 15 7 8 4 10 6 11 13 14 0 12
167 161 6 1 2 3 9 5 15 7 8 4 10 6 11 13 14 12 0
171 164 7 1 2 3 9 5 15 7 8 4 10 0 11 13 14 12 6
171 165 6 1 2 3 9 5 15 7 8 4 10 11 0 13 14 12 6
171 166 5 1 2 3 9 5 15 7 8 4 10 11 6 13 14 12 0
174 168 6 1 2 3 0 5 15 7 8 4 10 11 6 13 14 12 9
173 167 6 1 2 3 9 5 15 7 8 4 10 11 6 13 14 0 12
175 168 7 1 2 3 9 5 15 7 8 4 10 11 6 13 0 14 12
175 168 7 1 2 3 9 5 15 7 8 4 10 0 6 13 14 11 12
178 171 7 1 2 3 7 5 15 0 8 4 10 11 6 13 14 12 9
179 172 7 1 2 3 7 5 0 15 8 4 10 11 6 13 14 12 9
167 160 7 1 2 3 9 5 15 7 8 4 10 11 12 0 13 14 6
168 162 6 1 2 3 9 5 15 7 8 4 10 11 12 6 13 14 0
171 164 7 1 2 3 0 5 15 7 8 4 10 11 12 6 13 14 9
174 167 7 1 2 3 6 5 15 7 8 4 10 11 12 0 13 14 9
175 169 6 1 2 3 6 5 15 7 8 4 10 11 12 9 13 14 0
174 168 6 1 2 3 6 5 15 7 8 4 10 11 12 13 0 14 9
174 169 5 1 2 3 6 5 15 7 8 4 10 11 12 13 14 0 9
174 170 4 1 2 3 6 5 15 7 8 4 10 11 12 13 14 9 0
177 172 5 1 2 3 0 5 15 7 8 4 10 11 12 13 14 9 6
181 175 6 1 2 3 7 5 15 0 8 4 10 11 12 13 14 9 6
182 176 6 1 2 3 7 5 0 15 8 4 10 11 12 13 14 9 6
181 175 6 1 2 3 13 5 15 7 8 4 10 11 12 0 14 9 6
182 177 5 1 2 3 13 5 15 7 8 4 10 11 12 6 14 9 0
185 179 6 1 2 3 0 5 15 7 8 4 10 11 12 6 14 9 13
184 178 6 1 2 3 13 5 15 7 8 4 10 11 12 6 14 0 9
182 176 6 1 2 3 13 5 15 7 8 0 10 11 12 4 14 9 6
180 174 6 0 2 3 1 5 15 7 8 4 10 11 12 13 14 9 6
182 177 5 6 2 3 1 5 15 7 8 4 10 11 12 13 14 9 0
185 179 6 6 2 3 0 5 15 7 8 4 10 11 12 13 14 9 1
184 178 6 6 2 3 1 5 15 7 8 4 10 11 12 13 14 0 9
183 177 6 15 2 3 1 5 0 7 8 4 10 11 12 13 14 9 6
179 173 6 1 2 0 3 5 15 7 8 4 10 11 12 13 14 9 6
177 171 6 1 2 3 6 5 15 7 8 4 10 11 0 13 14 9 12
178 172 6 1 2 3 6 5 15 7 8 4 10 11 12 0 14 9 13
179 173 6 1 2 3 6 5 15 7 8 0 10 11 12 4 14 9 13
179 173 6 1 2 3 6 5 15 7 8 4 10 0 12 13 14 9 11
180 174 6 1 2 3 6 5 15 7 8 4 10 9 12 13 14 0 11
180 175 5 1 2 3 6 5 15 7 8 4 10 9 12 13 14 11 0
183 177 6 1 2 3 0 5 15 7 8 4 10 9 12 13 14 11 6
179 173 6 1 2 3 8 5 15 7 0 4 10 11 12 13 14 9 6
176 170 6 1 2 3 6 5 15 7 8 4 10 0 12 13 14 11 9
179 173 6 0 2 3 6 5 15 7 8 4 10 11 12 13 14 9 1
182 176 6 15 2 3 6 5 0 7 8 4 10 11 12 13 14 9 1
184 177 7 15 2 3 6 5 7 0 8 4 10 11 12 13 14 9 1
184 177 7 15 2 3 6 0 5 7 8 4 10 11 12 13 14 9 1
185 178 7 15 2 3 6 4 5 7 8 0 10 11 12 13 14 9 1
167 160 7 1 2 3 9 5 15 7 8 4 0 10 12 13 14 11 6
168 161 7 1 2 3 9 5 15 7 8 0 4 10 12 13 14 11 6
168 161 7 1 2 3 9 5 0 7 8 4 15 10 12 13 14 11 6
168 161 7 1 2 3 9 5 15 7 8 10 0 11 12 4 14 6 13
169 162 7 1 2 3 9 5 0 7 8 10 15 11 12 4 14 6 13
169 162 7 5 2 3 1 0 15 7 8 4 10 11 12 13 14 6 9
170 163 7 5 2 3 1 15 0 7 8 4 10 11 12 13 14 6 9
170 163 7 5 2 3 1 4 15 7 8 0 10 11 12 13 14 6 9
170 163 7 1 2 3 7 5 15 11 8 4 10 0 12 13 14 6 9
171 164 7 1 2 3 7 5 15 11 8 4 10 6 12 13 14 0 9
171 165 6 1 2 3 7 5 15 11 8 4 10 6 12 13 14 9 0
174 167 7 1 2 3 0 5 15 11 8 4 10 6 12 13 14 9 7
177 170 7 1 2 3 11 5 15 0 8 4 10 6 12 13 14 9 7
178 171 7 1 2 3 11 5 0 15 8 4 10 6 12 13 14 9 7
178 171 7 1 2 3 11 5 15 6 8 4 10 0 12 13 14 9 7
179 172 7 1 2 3 11 5 15 6 8 4 10 9 12 13 14 0 7
179 173 6 1 2 3 11 5 15 6 8 4 10 9 12 13 14 7 0
183 176 7 1 2 3 11 5 15 6 8 4 10 0 12 13 14 7 9
184 177 7 1 2 3 11 5 15 6 8 4 10 7 12 13 14 0 9
184 178 6 1 2 3 11 5 15 6 8 4 10 7 12 13 14 9 0
187 180 7 1 2 3 0 5 15 6 8 4 10 7 12 13 14 9 11
170 163 7 13 2 3 1 5 15 7 8 4 10 11 12 0 14 6 9
171 165 6 13 2 3 1 5 15 7 8 4 10 11 12 9 14 6 0
174 167 7 13 2 3 0 5 15 7 8 4 10 11 12 9 14 6 1
170 163 7 1 2 3 9 5 15 7 8 4 10 6 0 13 14 11 12
169 162 7 2 0 3 1 5 15 7 8 4 10 11 12 13 14 6 9
170 163 7 2 15 3 1 5 0 7 8 4 10 11 12 13 14 6 9
172 165 7 15 2 3 1 5 7 0 8 4 10 11 12 13 14 6 9
172 165 7 15 2 3 1 0 5 7 8 4 10 11 12 13 14 6 9
173 166 7 15 2 3 1 4 5 7 8 0 10 11 12 13 14 6 9
168 161 7 1 2 3 9 5 15 7 8 4 10 12 0 13 14 6 11
168 162 6 1 2 3 9 5 15 7 8 4 10 12 11 13 14 6 0
171 164 7 1 2 3 0 5 15 7 8 4 10 12 11 13 14 6 9
167 160 7 1 2 3 9 5 15 7 8 4 10 12 0 13 14 11 6
167 161 6 1 2 3 9 5 15 7 8 4 10 12 6 13 14 11 0
170 163 7 1 2 3 0 5 15 7 8 4 10 12 6 13 14 11 9
172 165 7 1 2 0 3 5 15 7 8 4 10 6 12 13 14 11 9
172 165 7 1 2 3 8 5 15 7 0 4 10 6 12 13 14 11 9
172 165 7 0 2 3 9 5 15 7 8 4 10 6 12 13 14 11 1
175 168 7 15 2 3 9 5 0 7 8 4 10 6 12 13 14 11 1
174 167 7 1 2 3 13 5 15 7 8 4 10 6 12 0 14 11 9
175 169 6 1 2 3 13 5 15 7 8 4 10 6 12 9 14 11 0
178 171 7 1 2 3 0 5 15 7 8 4 10 6 12 9 14 11 13
174 167 7 1 2 3 7 5 15 0 8 4 10 6 12 13 14 11 9
175 168 7 1 2 3 7 5 0 15 8 4 10 6 12 13 14 11 9
162 155 7 1 15 3 8 5 2 7 0 4 10 11 12 13 14 6 9
164 157 7 9 2 3 8 5 15 7 0 4 10 11 12 13 14 6 1
168 161 7 1 2 7 3 5 15 0 8 4 10 11 12 13 14 6 9
169 162 7 1 2 7 3 5 0 15 8 4 10 11 12 13 14 6 9
163 156 7 13 2 3 9 5 15 7 8 4 10 11 12 0 14 6 1
164 158 6 13 2 3 9 5 15 7 8 4 10 11 12 1 14 6 0
166 159 7 13 2 3 9 5 15 7 8 4 10 11 12 1 14 0 6
162 155 7 5 2 3 9 0 15 7 8 4 10 11 12 13 14 6 1
163 156 7 5 2 3 9 15 0 7 8 4 10 11 12 13 14 6 1
170 163 7 1 2 3 0 5 15 7 8 4 10 6 11 13 14 12 9
160 153 7 1 15 3 9 5 2 7 8 4 10 11 0 13 14 6 12
166 159 7 1 2 3 9 5 15 7 0 4 10 11 8 13 14 6 12
167 160 7 1 2 3 0 5 15 7 9 4 10 11 8 13 14 6 12
168 162 6 1 2 3 12 5 15 7 9 4 10 11 8 13 14 6 0
170 163 7 1 2 3 12 5 15 7 9 4 10 11 8 13 14 0 6
176 169 7 1 2 0 3 5 15 7 8 4 10 11 6 13 14 12 9
175 168 7 1 2 3 9 5 15 7 8 4 10 11 6 0 14 12 13
178 171 7 1 2 3 0 5 15 7 8 4 10 11 6 9 14 12 13
179 173 6 1 2 3 13 5 15 7 8 4 10 11 6 9 14 12 0
181 174 7 1 2 3 13 5 15 7 8 4 10 11 6 9 14 0 12
176 169 7 1 2 3 8 5 15 7 0 4 10 11 6 13 14 12 9
177 170 7 1 2 3 8 5 15 7 6 4 10 11 0 13 14 12 9
177 171 6 1 2 3 8 5 15 7 6 4 10 11 9 13 14 12 0
180 173 7 1 2 3 0 5 15 7 6 4 10 11 9 13 14 12 8
181 174 7 1 2 3 6 5 15 7 0 4 10 11 9 13 14 12 8
182 175 7 1 2 3 6 5 15 7 9 4 10 11 0 13 14 12 8
182 176 6 1 2 3 6 5 15 7 9 4 10 11 8 13 14 12 0
185 178 7 1 2 3 0 5 15 7 9 4 10 11 8 13 14 12 6
168 161 7 0 2 3 9 5 15 7 8 4 10 11 12 1 14 6 13
171 164 7 15 2 3 9 5 0 7 8 4 10 11 12 1 14 6 13
170 163 7 1 2 3 0 5 15 7 8 4 10 11 12 9 13 14 6
172 165 7 1 2 3 13 5 15 7 8 4 10 11 0 9 14 6 12
171 164 7 0 2 3 1 5 15 7 8 4 10 11 12 9 14 6 13
174 167 7 15 2 3 1 5 0 7 8 4 10 11 12 9 14 6 13
170 163 7 1 2 3 9 5 15 7 8 4 10 11 12 6 13 0 14
171 164 7 1 2 3 9 5 15 7 8 4 10 11 12 6 0 13 14
172 165 7 1 2 3 9 5 15 7 8 4 10 11 12 0 6 13 14
173 167 6 1 2 3 9 5 15 7 8 4 10 11 12 14 6 13 0
176 169 7 1 2 3 0 5 15 7 8 4 10 11 12 14 6 13 9
179 172 7 1 2 3 14 5 15 7 8 4 10 11 12 0 6 13 9
180 174 6 1 2 3 14 5 15 7 8 4 10 11 12 9 6 13 0
182 175 7 1 2 3 14 5 15 7 8 4 10 11 12 9 6 0 13
183 176 7 1 2 3 14 5 15 7 8 4 10 11 12 9 0 6 13
184 177 7 1 2 3 14 5 15 7 8 4 10 11 12 0 9 6 13
184 179 5 1 2 3 14 5 15 7 8 4 10 11 12 13 9 6 0
187 181 6 1 2 3 0 5 15 7 8 4 10 11 12 13 9 6 14
186 180 6 1 2 3 14 5 15 7 8 4 10 11 12 13 9 0 6
187 181 6 1 2 3 14 5 15 7 8 4 10 11 12 13 0 9 6
189 182 7 1 2 3 14 5 15 7 8 4 10 11 12 0 13 9 6
190 184 6 1 2 3 14 5 15 7 8 4 10 11 12 6 13 9 0
193 186 7 1 2 3 0 5 15 7 8 4 10 11 12 6 13 9 14
196 189 7 1 2 3 6 5 15 7 8 4 10 11 12 0 13 9 14
197 191 6 1 2 3 6 5 15 7 8 4 10 11 12 14 13 9 0
196 190 6 1 2 3 6 5 15 7 8 4 10 11 12 13 0 9 14
197 191 6 1 2 3 6 5 15 7 8 4 10 11 12 13 9 0 14
197 192 5 1 2 3 6 5 15 7 8 4 10 11 12 13 9 14 0
200 194 6 1 2 3 0 5 15 7 8 4 10 11 12 13 9 14 6
204 197 7 1 2 3 7 5 15 0 8 4 10 11 12 13 9 14 6
205 198 7 1 2 3 7 5 0 15 8 4 10 11 12 13 9 14 6
183 176 7 13 2 3 1 5 15 7 8 4 10 11 12 0 14 9 6
184 178 6 13 2 3 1 5 15 7 8 4 10 11 12 6 14 9 0
187 180 7 13 2 3 0 5 15 7 8 4 10 11 12 6 14 9 1
188 181 7 0 2 3 1 5 15 7 8 4 10 11 12 6 14 9 13
191 184 7 15 2 3 1 5 0 7 8 4 10 11 12 6 14 9 13
184 177 7 1 2 3 13 0 15 7 8 5 10 11 12 4 14 9 6
185 178 7 1 2 3 13 15 0 7 8 5 10 11 12 4 14 9 6
182 175 7 5 2 3 1 0 15 7 8 4 10 11 12 13 14 9 6
183 176 7 5 2 3 1 15 0 7 8 4 10 11 12 13 14 9 6
185 178 7 6 2 3 1 5 15 7 8 4 10 11 0 13 14 9 12
187 180 7 6 2 0 3 5 15 7 8 4 10 11 12 13 14 9 1
186 179 7 6 2 3 1 5 15 7 8 4 10 11 12 0 14 9 13
189 182 7 6 2 3 0 5 15 7 8 4 10 11 12 1 14 9 13
190 184 6 6 2 3 13 5 15 7 8 4 10 11 12 1 14 9 0
192 185 7 6 2 3 13 5 15 7 8 4 10 11 12 1 14 0 9
189 182 7 6 2 3 7 5 15 0 8 4 10 11 12 13 14 9 1
190 183 7 6 2 3 7 5 0 15 8 4 10 11 12 13 14 9 1
171 164 7 1 2 3 9 5 15 7 8 4 10 6 12 0 14 11 13
172 165 7 1 2 3 9 5 15 7 8 0 10 6 12 4 14 11 13
186 179 7 6 2 3 1 5 15 7 8 4 10 11 12 13 0 14 9
179 172 7 1 2 3 6 5 15 7 0 4 10 11 8 13 14 9 12
180 173 7 1 2 3 0 5 15 7 6 4 10 11 8 13 14 9 12
181 175 6 1 2 3 12 5 15 7 6 4 10 11 8 13 14 9 0
183 176 7 1 2 3 12 5 15 7 6 4 10 11 8 13 14 0 9
183 176 7 1 2 3 12 5 15 7 6 4 10 11 0 13 14 9 8
184 177 7 1 2 3 12 5 15 7 0 4 10 11 6 13 14 9 8
185 178 7 1 2 3 0 5 15 7 12 4 10 11 6 13 14 9 8
186 180 6 1 2 3 8 5 15 7 12 4 10 11 6 13 14 9 0
188 181 7 1 2 3 8 5 15 7 12 4 10 11 6 13 14 0 9
185 178 7 15 2 3 1 0 5 7 8 4 10 11 12 13 14 9 6
186 179 7 15 2 3 1 4 5 7 8 0 10 11 12 13 14 9 6
181 174 7 1 0 2 3 5 15 7 8 4 10 11 12 13 14 9 6
182 175 7 1 15 2 3 5 0 7 8 4 10 11 12 13 14 9 6
181 174 7 1 2 7 3 5 15 0 8 4 10 11 12 13 14 9 6
182 175 7 1 2 7 3 5 0 15 8 4 10 11 12 13 14 9 6
181 174 7 1 2 3 6 5 15 7 8 10 0 11 12 4 14 9 13
182 175 7 1 2 3 6 5 0 7 8 10 15 11 12 4 14 9 13
181 174 7 1 2 3 6 0 15 7 8 5 10 11 12 4 14 9 13
182 175 7 1 2 3 6 15 0 7 8 5 10 11 12 4 14 9 13
181 174 7 0 2 3 6 5 15 7 8 4 10 11 12 1 14 9 13
183 177 6 13 2 3 6 5 15 7 8 4 10 11 12 1 14 9 0
185 178 7 13 2 3 6 5 15 7 8 4 10 11 12 1 14 0 9
184 177 7 15 2 3 6 5 0 7 8 4 10 11 12 1 14 9 13
180 173 7 1 2 3 6 5 15 7 8 4 10 11 12 14 0 9 13
181 174 7 1 2 3 6 5 15 7 8 4 10 11 12 14 9 0 13
181 175 6 1 2 3 6 5 15 7 8 4 10 11 12 14 9 13 0
184 177 7 1 2 3 0 5 15 7 8 4 10 11 12 14 9 13 6
187 180 7 1 2 3 14 5 15 7 8 4 10 11 12 0 9 13 6
188 182 6 1 2 3 14 5 15 7 8 4 10 11 12 6 9 13 0
191 184 7 1 2 3 0 5 15 7 8 4 10 11 12 6 9 13 14
190 183 7 1 2 3 14 5 15 7 8 4 10 11 12 6 9 0 13
191 184 7 1 2 3 14 5 15 7 8 4 10 11 12 6 0 9 13
192 185 7 1 2 3 14 5 15 7 8 4 10 11 12 0 6 9 13
192 187 5 1 2 3 14 5 15 7 8 4 10 11 12 13 6 9 0
195 189 6 1 2 3 0 5 15 7 8 4 10 11 12 13 6 9 14
194 188 6 1 2 3 14 5 15 7 8 4 10 11 12 13 6 0 9
195 189 6 1 2 3 14 5 15 7 8 4 10 11 12 13 0 6 9
197 190 7 1 2 3 14 5 15 7 8 4 10 11 12 0 13 6 9
198 192 6 1 2 3 14 5 15 7 8 4 10 11 12 9 13 6 0
201 194 7 1 2 3 0 5 15 7 8 4 10 11 12 9 13 6 14
204 197 7 1 2 3 9 5 15 7 8 4 10 11 12 0 13 6 14
205 199 6 1 2 3 9 5 15 7 8 4 10 11 12 14 13 6 0
204 198 6 1 2 3 9 5 15 7 8 4 10 11 12 13 0 6 14
205 199 6 1 2 3 9 5 15 7 8 4 10 11 12 13 6 0 14
205 200 5 1 2 3 9 5 15 7 8 4 10 11 12 13 6 14 0
208 202 6 1 2 3 0 5 15 7 8 4 10 11 12 13 6 14 9
212 205 7 1 2 3 7 5 15 0 8 4 10 11 12 13 6 14 9
213 206 7 1 2 3 7 5 0 15 8 4 10 11 12 13 6 14 9
212 205 7 1 2 3 13 5 15 7 8 4 10 11 12 0 6 14 9
213 207 6 1 2 3 13 5 15 7 8 4 10 11 12 9 6 14 0
216 209 7 1 2 3 0 5 15 7 8 4 10 11 12 9 6 14 13
215 208 7 1 2 3 13 5 15 7 8 4 10 11 12 9 6 0 14
216 209 7 1 2 3 13 5 15 7 8 4 10 11 12 9 0 6 14
213 206 7 1 2 3 13 5 15 7 8 0 10 11 12 4 6 14 9
211 204 7 0 2 3 1 5 15 7 8 4 10 11 12 13 6 14 9
213 207 6 9 2 3 1 5 15 7 8 4 10 11 12 13 6 14 0
216 209 7 9 2 3 0 5 15 7 8 4 10 11 12 13 6 14 1
215 208 7 9 2 3 1 5 15 7 8 4 10 11 12 13 6 0 14
216 209 7 9 2 3 1 5 15 7 8 4 10 11 12 13 0 6 14
214 207 7 15 2 3 1 5 0 7 8 4 10 11 12 13 6 14 9
199 192 7 1 2 3 13 5 15 7 8 4 10 11 12 0 6 9 14
200 194 6 1 2 3 13 5 15 7 8 4 10 11 12 14 6 9 0
202 195 7 1 2 3 13 5 15 7 8 4 10 11 12 14 6 0 9
200 193 7 1 2 3 13 5 15 7 8 4 10 11 12 6 0 9 14
201 194 7 1 2 3 13 5 15 7 8 4 10 11 12 6 9 0 14
201 195 6 1 2 3 13 5 15 7 8 4 10 11 12 6 9 14 0
204 197 7 1 2 3 0 5 15 7 8 4 10 11 12 6 9 14 13
200 193 7 1 2 3 13 5 15 7 8 0 10 11 12 4 6 9 14
210 203 7 1 2 3 9 5 15 7 8 4 10 0 12 13 6 14 11
211 204 7 1 2 3 9 5 15 7 8 4 10 14 12 13 6 0 11
211 205 6 1 2 3 9 5 15 7 8 4 10 14 12 13 6 11 0
214 207 7 1 2 3 0 5 15 7 8 4 10 14 12 13 6 11 9
212 205 7 1 2 3 9 5 15 7 8 4 10 14 12 13 0 6 11
200 193 7 1 2 3 0 5 15 7 8 4 10 11 12 14 13 6 9
197 190 7 1 2 3 8 5 15 7 0 4 10 11 12 13 6 9 14
207 200 7 1 2 3 9 5 15 7 8 4 10 11 12 14 13 0 6
208 201 7 1 2 3 9 5 15 7 8 4 10 11 12 14 0 13 6
208 202 6 1 2 3 9 5 15 7 8 4 10 11 12 0 14 13 6
209 204 5 1 2 3 9 5 15 7 8 4 10 11 12 6 14 13 0
212 206 6 1 2 3 0 5 15 7 8 4 10 11 12 6 14 13 9
215 209 6 1 2 3 6 5 15 7 8 4 10 11 12 0 14 13 9
216 211 5 1 2 3 6 5 15 7 8 4 10 11 12 9 14 13 0
218 212 6 1 2 3 6 5 15 7 8 4 10 11 12 9 14 0 13
216 210 6 1 2 3 6 5 15 7 8 0 10 11 12 4 14 13 9
211 205 6 1 2 3 9 5 15 7 8 4 10 11 12 6 14 0 13
211 205 6 1 2 3 0 5 15 7 8 4 10 11 12 9 14 13 6
209 203 6 1 2 3 9 5 15 7 8 0 10 11 12 4 14 13 6
211 204 7 1 2 3 9 5 15 7 8 10 0 11 12 4 14 13 6
212 205 7 1 2 3 9 5 0 7 8 10 15 11 12 4 14 13 6
211 204 7 1 2 3 9 0 15 7 8 5 10 11 12 4 14 13 6
212 205 7 1 2 3 9 15 0 7 8 5 10 11 12 4 14 13 6
215 208 7 1 2 3 7 5 15 0 8 4 10 11 12 9 14 13 6
216 209 7 1 2 3 7 5 0 15 8 4 10 11 12 9 14 13 6
197 190 7 0 2 3 14 5 15 7 8 4 10 11 12 13 6 9 1
200 193 7 15 2 3 14 5 0 7 8 4 10 11 12 13 6 9 1
199 192 7 14 2 3 0 5 15 7 8 4 10 11 12 13 6 9 1
200 194 6 14 2 3 1 5 15 7 8 4 10 11 12 13 6 9 0
202 195 7 14 2 3 1 5 15 7 8 4 10 11 12 13 6 0 9
203 196 7 14 2 3 1 5 15 7 8 4 10 11 12 13 0 6 9
198 191 7 1 2 3 14 5 15 7 8 0 10 11 12 4 13 6 9
210 203 7 1 2 0 3 5 15 7 8 4 10 11 12 13 6 14 9
205 198 7 1 2 3 9 5 15 7 8 0 10 11 12 4 13 6 14
182 175 7 1 2 3 6 5 15 7 8 4 0 11 12 10 14 9 13
183 176 7 1 2 3 6 5 15 7 8 0 4 11 12 10 14 9 13
184 177 7 1 2 3 6 5 15 7 8 10 4 11 12 0 14 9 13
184 179 5 1 2 3 6 5 15 7 8 10 4 11 12 13 14 9 0
187 181 6 1 2 3 0 5 15 7 8 10 4 11 12 13 14 9 6
186 180 6 1 2 3 6 5 15 7 8 10 4 11 12 13 14 0 9
188 181 7 1 2 3 6 5 15 7 8 10 4 11 12 13 0 14 9
189 182 7 1 2 3 6 5 15 7 8 10 0 11 12 13 4 14 9
189 183 6 1 2 3 6 5 15 7 8 0 10 11 12 13 4 14 9
191 184 7 1 2 3 6 5 15 7 8 13 10 11 12 0 4 14 9
192 186 6 1 2 3 6 5 15 7 8 13 10 11 12 9 4 14 0
195 188 7 1 2 3 0 5 15 7 8 13 10 11 12 9 4 14 6
198 191 7 1 2 3 9 5 15 7 8 13 10 11 12 0 4 14 6
199 193 6 1 2 3 9 5 15 7 8 13 10 11 12 6 4 14 0
198 192 6 1 2 3 9 5 15 7 8 0 10 11 12 13 4 14 6
200 193 7 1 2 3 9 5 15 7 8 10 0 11 12 13 4 14 6
201 194 7 1 2 3 9 5 15 7 8 10 4 11 12 13 0 14 6
201 195 6 1 2 3 9 5 15 7 8 10 4 11 12 13 14 0 6
201 196 5 1 2 3 9 5 15 7 8 10 4 11 12 13 14 6 0
204 198 6 1 2 3 0 5 15 7 8 10 4 11 12 13 14 6 9
208 201 7 1 2 3 7 5 15 0 8 10 4 11 12 13 14 6 9
209 202 7 1 2 3 7 5 0 15 8 10 4 11 12 13 14 6 9
210 203 7 1 2 3 7 5 4 15 8 10 0 11 12 13 14 6 9
210 204 6 1 2 3 7 5 4 15 8 0 10 11 12 13 14 6 9
212 205 7 1 2 3 7 5 4 15 8 13 10 11 12 0 14 6 9
213 207 6 1 2 3 7 5 4 15 8 13 10 11 12 9 14 6 0
216 209 7 1 2 3 0 5 4 15 8 13 10 11 12 9 14 6 7
219 212 7 1 2 3 15 5 4 0 8 13 10 11 12 9 14 6 7
220 213 7 1 2 3 15 5 0 4 8 13 10 11 12 9 14 6 7
219 212 7 1 2 3 9 5 4 15 8 13 10 11 12 0 14 6 7
220 214 6 1 2 3 9 5 4 15 8 13 10 11 12 7 14 6 0
219 213 6 1 2 3 9 5 4 15 8 0 10 11 12 13 14 6 7
221 214 7 1 2 3 9 5 4 15 8 10 0 11 12 13 14 6 7
222 215 7 1 2 3 9 5 0 15 8 10 4 11 12 13 14 6 7
223 216 7 1 2 3 9 5 15 0 8 10 4 11 12 13 14 6 7
221 214 7 1 2 3 9 0 4 15 8 5 10 11 12 13 14 6 7
222 215 7 1 2 3 9 4 0 15 8 5 10 11 12 13 14 6 7
223 216 7 1 2 3 9 4 15 0 8 5 10 11 12 13 14 6 7
220 213 7 1 2 3 6 5 15 7 8 4 10 0 12 9 14 11 13
213 206 7 1 2 0 3 5 15 7 8 4 10 11 12 9 14 13 6
221 214 7 1 2 3 6 5 15 7 8 4 10 0 12 9 14 13 11
222 215 7 1 2 3 6 5 15 7 8 4 10 13 12 9 14 0 11
222 216 6 1 2 3 6 5 15 7 8 4 10 13 12 9 14 11 0
225 218 7 1 2 3 0 5 15 7 8 4 10 13 12 9 14 11 6
228 221 7 1 2 3 9 5 15 7 8 4 10 13 12 0 14 11 6
229 223 6 1 2 3 9 5 15 7 8 4 10 13 12 6 14 11 0
232 225 7 1 2 3 0 5 15 7 8 4 10 13 12 6 14 11 9
231 224 7 1 2 3 9 5 15 7 8 4 10 13 12 6 14 0 11
190 183 7 1 2 3 6 5 0 7 8 10 15 11 12 13 4 14 9
210 203 7 0 2 3 9 5 15 7 8 4 10 11 12 13 6 14 1
213 206 7 15 2 3 9 5 0 7 8 4 10 11 12 13 6 14 1
196 189 7 1 2 3 14 5 15 7 8 4 10 0 12 13 6 11 9
193 186 7 1 2 3 14 5 15 7 8 0 10 11 12 4 6 9 13
184 177 7 1 2 3 6 5 15 7 8 4 10 11 12 0 9 13 14
185 178 7 1 2 3 6 5 15 7 8 4 10 11 12 9 0 13 14
185 178 7 1 2 3 6 5 15 7 8 0 10 11 12 4 9 13 14
188 181 7 1 2 3 14 5 15 7 8 0 10 11 12 4 9 13 6
212 205 7 1 2 3 9 5 15 7 8 4 10 11 0 6 14 13 12
189 182 7 1 2 0 3 5 15 7 8 10 4 11 12 13 14 9 6
183 176 7 1 2 3 6 5 0 7 8 4 15 11 12 10 14 9 13
215 208 7 0 2 3 1 5 15 7 8 4 10 11 12 6 14 13 9
217 211 6 9 2 3 1 5 15 7 8 4 10 11 12 6 14 13 0
220 213 7 9 2 3 0 5 15 7 8 4 10 11 12 6 14 13 1
223 216 7 9 2 3 6 5 15 7 8 4 10 11 12 0 14 13 1
224 218 6 9 2 3 6 5 15 7 8 4 10 11 12 1 14 13 0
227 220 7 9 2 3 0 5 15 7 8 4 10 11 12 1 14 13 6
226 219 7 9 2 3 6 5 15 7 8 4 10 11 12 1 14 0 13
188 181 7 1 2 3 6 5 15 7 8 10 4 0 12 13 14 11 9
189 182 7 1 2 3 6 5 15 7 8 10 0 4 12 13 14 11 9
189 183 6 1 2 3 6 5 15 7 8 0 10 4 12 13 14 11 9
191 184 7 1 2 3 6 5 15 7 8 13 10 4 12 0 14 11 9
192 186 6 1 2 3 6 5 15 7 8 13 10 4 12 9 14 11 0
196 189 7 1 2 3 6 5 15 7 8 13 10 0 12 9 14 11 4
196 190 6 1 2 3 6 5 15 7 8 13 10 11 12 9 14 0 4
196 191 5 1 2 3 6 5 15 7 8 13 10 11 12 9 14 4 0
199 193 6 1 2 3 0 5 15 7 8 13 10 11 12 9 14 4 6
202 196 6 1 2 3 9 5 15 7 8 13 10 11 12 0 14 4 6
203 198 5 1 2 3 9 5 15 7 8 13 10 11 12 6 14 4 0
202 197 5 1 2 3 9 5 15 7 8 0 10 11 12 13 14 4 6
204 198 6 1 2 3 9 5 15 7 8 10 0 11 12 13 14 4 6
205 199 6 1 2 3 9 5 0 7 8 10 15 11 12 13 14 4 6
204 198 6 1 2 3 9 0 15 7 8 5 10 11 12 13 14 4 6
205 199 6 1 2 3 9 15 0 7 8 5 10 11 12 13 14 4 6
206 200 6 1 2 3 0 5 15 7 8 13 10 11 12 6 14 4 9
205 199 6 1 2 3 9 5 15 7 8 13 10 11 12 6 14 0 4
199 193 6 1 2 3 6 5 15 7 8 13 10 11 12 0 14 4 9
199 194 5 1 2 3 6 5 15 7 8 0 10 11 12 13 14 4 9
201 195 6 1 2 3 6 5 15 7 8 10 0 11 12 13 14 4 9
202 196 6 1 2 3 6 5 0 7 8 10 15 11 12 13 14 4 9
201 195 6 1 2 3 6 0 15 7 8 5 10 11 12 13 14 4 9
202 196 6 1 2 3 6 15 0 7 8 5 10 11 12 13 14 4 9
204 197 7 1 2 3 6 15 7 0 8 5 10 11 12 13 14 4 9
204 197 7 1 2 3 6 15 10 7 8 5 0 11 12 13 14 4 9
205 198 7 1 2 3 6 15 10 7 8 0 5 11 12 13 14 4 9
206 199 7 1 2 3 6 0 10 7 8 15 5 11 12 13 14 4 9
207 200 7 1 2 3 6 10 0 7 8 15 5 11 12 13 14 4 9
208 201 7 1 2 3 6 10 5 7 8 15 0 11 12 13 14 4 9
209 202 7 1 2 3 6 10 5 7 8 0 15 11 12 13 14 4 9
204 197 7 1 0 3 6 15 2 7 8 5 10 11 12 13 14 4 9
195 188 7 1 2 3 0 5 15 7 8 4 10 11 12 14 6 9 13
212 205 7 1 2 3 9 5 15 7 8 4 0 11 12 10 14 13 6
213 206 7 1 2 3 9 5 15 7 8 0 4 11 12 10 14 13 6
214 207 7 1 2 3 9 5 15 7 8 10 4 11 12 0 14 13 6
215 209 6 1 2 3 9 5 15 7 8 10 4 11 12 6 14 13 0
218 211 7 1 2 3 0 5 15 7 8 10 4 11 12 6 14 13 9
221 214 7 1 2 3 6 5 15 7 8 10 4 11 12 0 14 13 9
222 216 6 1 2 3 6 5 15 7 8 10 4 11 12 9 14 13 0
224 217 7 1 2 3 6 5 15 7 8 10 4 11 12 9 14 0 13
222 215 7 1 2 3 6 5 15 7 8 0 4 11 12 10 14 13 9
217 210 7 1 2 3 9 5 15 7 8 10 4 11 12 6 14 0 13
206 199 7 0 2 3 9 5 15 7 8 10 4 11 12 13 14 6 1
209 202 7 15 2 3 9 5 0 7 8 10 4 11 12 13 14 6 1
210 203 7 15 2 3 9 5 4 7 8 10 0 11 12 13 14 6 1
210 204 6 15 2 3 9 5 4 7 8 0 10 11 12 13 14 6 1
212 205 7 15 2 3 9 5 4 7 8 13 10 11 12 0 14 6 1
213 207 6 15 2 3 9 5 4 7 8 13 10 11 12 1 14 6 0
217 210 7 0 2 3 9 5 4 7 8 13 10 11 12 1 14 6 15
218 212 6 1 2 3 9 5 4 7 8 13 10 11 12 0 14 6 15
219 214 5 1 2 3 9 5 4 7 8 13 10 11 12 15 14 6 0
218 213 5 1 2 3 9 5 4 7 8 0 10 11 12 13 14 6 15
220 214 6 1 2 3 9 5 4 7 8 10 0 11 12 13 14 6 15
221 215 6 1 2 3 9 5 0 7 8 10 4 11 12 13 14 6 15
220 214 6 1 2 3 9 0 4 7 8 5 10 11 12 13 14 6 15
221 215 6 1 2 3 9 4 0 7 8 5 10 11 12 13 14 6 15
221 215 6 1 2 3 9 5 4 7 8 13 10 11 12 15 14 0 6
221 215 6 1 2 3 0 5 4 7 8 13 10 11 12 9 14 6 15
222 217 5 1 2 3 15 5 4 7 8 13 10 11 12 9 14 6 0
225 219 6 1 2 3 15 5 4 7 8 13 10 11 12 0 14 6 9
225 220 5 1 2 3 15 5 4 7 8 0 10 11 12 13 14 6 9
227 221 6 1 2 3 15 5 4 7 8 10 0 11 12 13 14 6 9
228 222 6 1 2 3 15 5 0 7 8 10 4 11 12 13 14 6 9
227 221 6 1 2 3 15 0 4 7 8 5 10 11 12 13 14 6 9
228 222 6 1 2 3 15 4 0 7 8 5 10 11 12 13 14 6 9
224 218 6 1 2 3 15 5 4 7 8 13 10 11 12 9 14 0 6
222 216 6 1 2 3 0 5 4 7 8 13 10 11 12 15 14 6 9
226 219 7 1 2 3 7 5 4 0 8 13 10 11 12 15 14 6 9
227 220 7 1 2 3 7 5 0 4 8 13 10 11 12 15 14 6 9
214 207 7 0 2 3 9 5 15 7 8 4 10 11 12 6 14 13 1
217 210 7 15 2 3 9 5 0 7 8 4 10 11 12 6 14 13 1
216 209 7 1 2 3 7 5 15 0 8 4 10 11 12 6 14 13 9
217 210 7 1 2 3 7 5 0 15 8 4 10 11 12 6 14 13 9
215 208 7 1 2 3 7 5 4 15 8 13 10 11 12 9 14 0 6
189 182 7 1 2 3 6 5 15 7 8 10 4 0 12 13 14 9 11
190 183 7 1 2 3 6 5 15 7 8 10 0 4 12 13 14 9 11
190 184 6 1 2 3 6 5 15 7 8 0 10 4 12 13 14 9 11
192 185 7 1 2 3 6 5 15 7 8 13 10 4 12 0 14 9 11
193 187 6 1 2 3 6 5 15 7 8 13 10 4 12 11 14 9 0
197 190 7 1 2 3 6 5 15 7 8 13 10 0 12 11 14 9 4
198 191 7 1 2 3 6 5 15 7 8 13 10 9 12 11 14 0 4
198 192 6 1 2 3 6 5 15 7 8 13 10 9 12 11 14 4 0
202 195 7 1 2 3 6 5 15 7 8 13 10 0 12 11 14 4 9
213 206 7 1 2 3 9 5 15 7 8 4 10 0 12 6 14 11 13
213 206 7 1 2 3 9 5 15 7 8 4 10 11 12 6 0 14 13
198 191 7 0 2 3 1 5 15 7 8 4 10 11 12 13 6 9 14
201 194 7 15 2 3 1 5 0 7 8 4 10 11 12 13 6 9 14
197 190 7 1 2 3 14 5 15 7 8 4 0 11 12 13 10 6 9
198 191 7 1 2 3 14 5 15 7 8 0 4 11 12 13 10 6 9
218 211 7 15 2 3 1 5 0 7 8 4 10 11 12 6 14 13 9
197 190 7 1 2 0 3 5 15 7 8 4 10 11 12 13 6 9 14
200 193 7 1 2 3 14 5 15 7 8 4 10 11 12 9 13 0 6
229 222 7 1 2 3 9 5 15 7 8 0 10 13 12 4 14 11 6
187 180 7 1 2 3 0 5 15 7 8 10 4 11 12 6 14 9 13
188 182 6 1 2 3 13 5 15 7 8 10 4 11 12 6 14 9 0
190 183 7 1 2 3 13 5 15 7 8 10 4 11 12 6 14 0 9
189 182 7 1 2 3 8 5 15 7 0 10 4 11 12 13 14 9 6
219 212 7 1 2 3 6 5 15 7 8 4 0 11 12 10 14 13 9
220 213 7 1 2 3 6 5 0 7 8 4 15 11 12 10 14 13 9
181 174 7 1 2 3 6 5 15 0 8 4 10 7 12 13 14 9 11
182 175 7 1 2 3 6 5 0 15 8 4 10 7 12 13 14 9 11
190 183 7 0 2 3 1 5 15 7 8 10 4 11 12 13 14 9 6
192 186 6 6 2 3 1 5 15 7 8 10 4 11 12 13 14 9 0
195 188 7 6 2 3 0 5 15 7 8 10 4 11 12 13 14 9 1
191 184 7 1 2 3 13 5 15 7 8 10 4 11 12 0 14 9 6
192 185 7 1 2 3 13 5 15 7 8 0 4 11 12 10 14 9 6
201 194 7 1 2 3 8 5 15 7 0 13 10 11 12 9 14 4 6
194 187 7 1 2 3 0 5 15 7 8 13 10 4 12 6 14 11 9
195 189 6 1 2 3 9 5 15 7 8 13 10 4 12 6 14 11 0
198 191 7 1 2 3 9 5 15 7 8 13 10 4 12 0 14 11 6
198 192 6 1 2 3 9 5 15 7 8 0 10 4 12 13 14 11 6
200 193 7 1 2 3 9 5 15 7 8 10 0 4 12 13 14 11 6
201 194 7 1 2 3 9 5 0 7 8 10 15 4 12 13 14 11 6
187 180 7 1 2 3 6 5 15 7 8 10 4 11 0 13 14 9 12
195 188 7 1 2 3 0 5 15 7 8 13 10 4 12 9 14 11 6
194 187 7 1 2 3 6 5 15 7 8 13 10 4 12 9 14 0 11
221 214 7 0 2 3 6 5 15 7 8 4 10 11 12 9 14 13 1
224 217 7 15 2 3 6 5 0 7 8 4 10 11 12 9 14 13 1
198 191 7 1 2 3 6 5 15 7 8 13 10 11 12 9 0 14 4
199 192 7 1 2 3 6 5 15 7 8 13 10 11 12 0 9 14 4
200 194 6 1 2 3 6 5 15 7 8 13 10 11 12 4 9 14 0
199 193 6 1 2 3 6 5 15 7 8 0 10 11 12 13 9 14 4
201 194 7 1 2 3 6 5 15 7 8 10 0 11 12 13 9 14 4
202 195 7 1 2 3 6 5 15 7 8 10 9 11 12 13 0 14 4
202 196 6 1 2 3 6 5 15 7 8 10 9 11 12 13 14 0 4
202 197 5 1 2 3 6 5 15 7 8 10 9 11 12 13 14 4 0
205 199 6 1 2 3 0 5 15 7 8 10 9 11 12 13 14 4 6
209 202 7 1 2 3 7 5 15 0 8 10 9 11 12 13 14 4 6
210 203 7 1 2 3 7 5 0 15 8 10 9 11 12 13 14 4 6
211 204 7 1 2 3 7 5 9 15 8 10 0 11 12 13 14 4 6
211 205 6 1 2 3 7 5 9 15 8 0 10 11 12 13 14 4 6
213 206 7 1 2 3 7 5 9 15 8 13 10 11 12 0 14 4 6
214 208 6 1 2 3 7 5 9 15 8 13 10 11 12 6 14 4 0
217 210 7 1 2 3 0 5 9 15 8 13 10 11 12 6 14 4 7
220 213 7 1 2 3 15 5 9 0 8 13 10 11 12 6 14 4 7
221 214 7 1 2 3 15 5 0 9 8 13 10 11 12 6 14 4 7
205 198 7 0 2 3 9 5 15 7 8 13 10 11 12 1 14 4 6
207 201 6 6 2 3 9 5 15 7 8 13 10 11 12 1 14 4 0
210 203 7 6 2 3 0 5 15 7 8 13 10 11 12 1 14 4 9
213 206 7 6 2 3 1 5 15 7 8 13 10 11 12 0 14 4 9
214 208 6 6 2 3 1 5 15 7 8 13 10 11 12 9 14 4 0
213 207 6 6 2 3 1 5 15 7 8 0 10 11 12 13 14 4 9
215 208 7 6 2 3 1 5 15 7 8 10 0 11 12 13 14 4 9
216 209 7 6 2 3 1 5 0 7 8 10 15 11 12 13 14 4 9
208 201 7 1 2 3 9 5 15 7 8 13 10 0 12 6 14 4 11
204 197 7 1 2 3 9 5 15 7 8 13 10 11 12 14 0 4 6
205 198 7 1 2 3 9 5 15 7 8 13 10 11 12 14 4 0 6
205 199 6 1 2 3 9 5 15 7 8 13 10 11 12 14 4 6 0
208 201 7 1 2 3 0 5 15 7 8 13 10 11 12 14 4 6 9
211 204 7 1 2 3 14 5 15 7 8 13 10 11 12 0 4 6 9
212 206 6 1 2 3 14 5 15 7 8 13 10 11 12 9 4 6 0
211 205 6 1 2 3 14 5 15 7 8 0 10 11 12 13 4 6 9
213 206 7 1 2 3 14 5 15 7 8 10 0 11 12 13 4 6 9
214 207 7 1 2 3 14 5 15 7 8 10 4 11 12 13 0 6 9
215 208 7 1 2 3 14 5 15 7 8 10 4 11 12 13 6 0 9
215 209 6 1 2 3 14 5 15 7 8 10 4 11 12 13 6 9 0
218 211 7 1 2 3 0 5 15 7 8 10 4 11 12 13 6 9 14
208 201 7 1 2 0 3 5 15 7 8 13 10 11 12 6 14 4 9
174 167 7 0 2 3 13 5 15 7 8 4 10 11 12 9 14 6 1
177 170 7 15 2 3 13 5 0 7 8 4 10 11 12 9 14 6 1
208 201 7 1 2 3 8 5 15 7 0 13 10 11 12 6 14 4 9
207 200 7 1 2 3 9 15 7 0 8 5 10 11 12 13 14 4 6
187 180 7 1 2 3 7 5 15 0 8 4 10 9 12 13 14 11 6
188 181 7 1 2 3 7 5 0 15 8 4 10 9 12 13 14 11 6
206 199 7 1 2 0 3 5 15 7 8 10 4 11 12 13 14 6 9
185 178 7 1 2 3 8 5 15 7 0 4 10 9 12 13 14 11 6
209 202 7 0 2 3 1 5 15 7 8 13 10 11 12 6 14 4 9
211 205 6 9 2 3 1 5 15 7 8 13 10 11 12 6 14 4 0
214 207 7 9 2 3 0 5 15 7 8 13 10 11 12 6 14 4 1
217 210 7 9 2 3 6 5 15 7 8 13 10 11 12 0 14 4 1
218 212 6 9 2 3 6 5 15 7 8 13 10 11 12 1 14 4 0
217 211 6 9 2 3 6 5 15 7 8 0 10 11 12 13 14 4 1
219 212 7 9 2 3 6 5 15 7 8 10 0 11 12 13 14 4 1
220 213 7 9 2 3 6 5 0 7 8 10 15 11 12 13 14 4 1
187 180 7 1 2 3 13 5 15 7 8 4 10 9 12 0 14 11 6
188 182 6 1 2 3 13 5 15 7 8 4 10 9 12 6 14 11 0
191 184 7 1 2 3 0 5 15 7 8 4 10 9 12 6 14 11 13
178 171 7 1 2 3 6 5 15 7 8 4 0 10 12 13 14 11 9
179 172 7 1 2 3 6 5 15 7 8 0 4 10 12 13 14 11 9
204 197 7 1 0 3 6 5 2 7 8 10 15 11 12 13 14 4 9
181 174 7 5 2 3 6 0 15 7 8 4 10 11 12 13 14 9 1
182 175 7 5 2 3 6 15 0 7 8 4 10 11 12 13 14 9 1
200 193 7 1 2 3 9 0 15 7 8 5 10 11 12 13 4 14 6
201 194 7 1 2 3 9 15 0 7 8 5 10 11 12 13 4 14 6
148 141 7 1 2 3 15 5 7 9 8 4 10 0 12 13 14 6 11
149 142 7 1 2 3 15 5 7 9 8 4 10 6 12 13 14 0 11
149 143 6 1 2 3 15 5 7 9 8 4 10 6 12 13 14 11 0
152 145 7 1 2 3 0 5 7 9 8 4 10 6 12 13 14 11 15
155 148 7 1 2 3 9 5 7 0 8 4 10 6 12 13 14 11 15
155 149 6 1 2 3 9 5 0 7 8 4 10 6 12 13 14 11 15
157 150 7 1 2 3 9 0 5 7 8 4 10 6 12 13 14 11 15
158 151 7 1 2 3 9 4 5 7 8 0 10 6 12 13 14 11 15
205 198 7 1 2 3 9 5 15 7 8 10 4 11 12 0 14 6 13
208 201 7 1 2 3 0 5 15 7 8 10 4 11 12 9 14 6 13
209 203 6 1 2 3 13 5 15 7 8 10 4 11 12 9 14 6 0
211 204 7 1 2 3 13 5 15 7 8 10 4 11 12 9 14 0 6
173 166 7 1 2 3 13 5 15 7 8 4 10 11 12 9 0 14 6
218 211 7 0 2 3 6 5 15 7 8 4 10 11 12 1 14 13 9
221 214 7 15 2 3 6 5 0 7 8 4 10 11 12 1 14 13 9
206 199 7 1 2 3 9 5 15 7 8 4 0 11 12 13 10 6 14
207 200 7 1 2 3 9 5 15 7 8 0 4 11 12 13 10 6 14
192 185 7 1 2 3 6 5 15 7 8 13 10 11 12 4 0 14 9
192 186 6 1 2 3 6 5 15 7 8 13 10 11 12 4 14 0 9
192 187 5 1 2 3 6 5 15 7 8 13 10 11 12 4 14 9 0
195 189 6 1 2 3 0 5 15 7 8 13 10 11 12 4 14 9 6
197 192 5 1 2 3 4 5 15 7 8 13 10 11 12 0 14 9 6
198 194 4 1 2 3 4 5 15 7 8 13 10 11 12 6 14 9 0
197 193 4 1 2 3 4 5 15 7 8 0 10 11 12 13 14 9 6
199 194 5 1 2 3 4 5 15 7 8 10 0 11 12 13 14 9 6
200 195 5 1 2 3 4 5 0 7 8 10 15 11 12 13 14 9 6
199 194 5 1 2 3 4 0 15 7 8 5 10 11 12 13 14 9 6
200 195 5 1 2 3 4 15 0 7 8 5 10 11 12 13 14 9 6
200 195 5 1 2 3 4 5 15 7 8 13 10 11 12 6 14 0 9
202 196 6 1 2 3 4 5 15 7 8 13 10 11 12 6 0 14 9
203 197 6 1 2 3 4 5 15 7 8 13 10 11 12 0 6 14 9
204 199 5 1 2 3 4 5 15 7 8 13 10 11 12 9 6 14 0
203 198 5 1 2 3 4 5 15 7 8 0 10 11 12 13 6 14 9
205 199 6 1 2 3 4 5 15 7 8 10 0 11 12 13 6 14 9
206 200 6 1 2 3 4 5 15 7 8 10 6 11 12 13 0 14 9
206 201 5 1 2 3 4 5 15 7 8 10 6 11 12 13 14 0 9
206 202 4 1 2 3 4 5 15 7 8 10 6 11 12 13 14 9 0
211 205 6 1 2 3 4 5 15 7 8 10 6 0 12 13 14 9 11
212 206 6 1 2 3 4 5 15 7 8 10 0 6 12 13 14 9 11
212 207 5 1 2 3 4 5 15 7 8 0 10 6 12 13 14 9 11
214 208 6 1 2 3 4 5 15 7 8 13 10 6 12 0 14 9 11
215 210 5 1 2 3 4 5 15 7 8 13 10 6 12 11 14 9 0
219 213 6 1 2 3 4 5 15 7 8 13 10 0 12 11 14 9 6
220 214 6 1 2 3 4 5 15 7 8 13 10 9 12 11 14 0 6
220 215 5 1 2 3 4 5 15 7 8 13 10 9 12 11 14 6 0
224 218 6 1 2 3 4 5 15 7 8 13 10 0 12 11 14 6 9
223 217 6 1 2 3 4 5 15 7 8 13 10 9 12 0 14 6 11
223 218 5 1 2 3 4 5 15 7 8 0 10 9 12 13 14 6 11
225 219 6 1 2 3 4 5 15 7 8 10 0 9 12 13 14 6 11
226 220 6 1 2 3 4 5 15 7 8 10 9 0 12 13 14 6 11
227 221 6 1 2 3 4 5 15 7 8 10 9 6 12 13 14 0 11
227 222 5 1 2 3 4 5 15 7 8 10 9 6 12 13 14 11 0
231 225 6 1 2 3 4 5 15 7 8 10 9 0 12 13 14 11 6
231 226 5 1 2 3 4 5 15 7 8 10 9 11 12 13 14 0 6
231 227 4 1 2 3 4 5 15 7 8 10 9 11 12 13 14 6 0
236 230 6 0 2 3 4 5 15 7 8 10 9 11 12 13 14 6 1
239 233 6 15 2 3 4 5 0 7 8 10 9 11 12 13 14 6 1
240 234 6 15 2 3 4 5 9 7 8 10 0 11 12 13 14 6 1
240 235 5 15 2 3 4 5 9 7 8 0 10 11 12 13 14 6 1
242 236 6 15 2 3 4 5 9 7 8 13 10 11 12 0 14 6 1
243 238 5 15 2 3 4 5 9 7 8 13 10 11 12 1 14 6 0
247 241 6 0 2 3 4 5 9 7 8 13 10 11 12 1 14 6 15
248 243 5 1 2 3 4 5 9 7 8 13 10 11 12 0 14 6 15
249 245 4 1 2 3 4 5 9 7 8 13 10 11 12 15 14 6 0
248 244 4 1 2 3 4 5 9 7 8 0 10 11 12 13 14 6 15
250 245 5 1 2 3 4 5 9 7 8 10 0 11 12 13 14 6 15
251 246 5 1 2 3 4 5 0 7 8 10 9 11 12 13 14 6 15
250 245 5 1 2 3 4 0 9 7 8 5 10 11 12 13 14 6 15
251 246 5 1 2 3 4 9 0 7 8 5 10 11 12 13 14 6 15
251 246 5 1 2 3 4 5 9 7 8 13 10 11 12 15 14 0 6
253 247 6 1 2 3 4 5 9 7 8 13 10 11 12 15 0 14 6
254 248 6 1 2 3 4 5 9 7 8 13 10 11 12 0 15 14 6
255 250 5 1 2 3 4 5 9 7 8 13 10 11 12 6 15 14 0
254 249 5 1 2 3 4 5 9 7 8 0 10 11 12 13 15 14 6
256 250 6 1 2 3 4 5 9 7 8 10 0 11 12 13 15 14 6
257 251 6 1 2 3 4 5 9 7 8 10 15 11 12 13 0 14 6
257 252 5 1 2 3 4 5 9 7 8 10 15 11 12 13 14 0 6
257 253 4 1 2 3 4 5 9 7 8 10 15 11 12 13 14 6 0
262 256 6 1 2 3 4 5 9 7 8 10 15 0 12 13 14 6 11
263 257 6 1 2 3 4 5 9 7 8 10 0 15 12 13 14 6 11
263 258 5 1 2 3 4 5 9 7 8 0 10 15 12 13 14 6 11
265 259 6 1 2 3 4 5 9 7 8 13 10 15 12 0 14 6 11
266 261 5 1 2 3 4 5 9 7 8 13 10 15 12 11 14 6 0
270 264 6 1 2 3 4 5 9 7 8 13 10 0 12 11 14 6 15
271 265 6 1 2 3 4 5 9 7 8 13 10 6 12 11 14 0 15
270 266 4 1 2 3 4 5 9 7 8 13 10 6 12 11 14 15 0
274 269 5 1 2 3 4 5 9 7 8 13 10 0 12 11 14 15 6
273 268 5 1 2 3 4 5 9 7 8 13 10 6 12 0 14 15 11
273 269 4 1 2 3 4 5 9 7 8 0 10 6 12 13 14 15 11
275 270 5 1 2 3 4 5 9 7 8 10 0 6 12 13 14 15 11
276 271 5 1 2 3 4 5 9 7 8 10 6 0 12 13 14 15 11
276 271 5 1 2 3 4 5 0 7 8 10 9 6 12 13 14 15 11
275 270 5 1 2 3 4 0 9 7 8 5 10 6 12 13 14 15 11
276 271 5 1 2 3 4 9 0 7 8 5 10 6 12 13 14 15 11
278 272 6 1 2 3 4 9 7 0 8 5 10 6 12 13 14 15 11
279 273 6 1 2 3 4 9 7 6 8 5 10 0 12 13 14 15 11
278 272 6 1 2 3 4 9 10 7 8 5 0 6 12 13 14 15 11
279 273 6 1 2 3 4 9 10 7 8 5 6 0 12 13 14 15 11
279 273 6 1 2 3 4 9 10 7 8 0 5 6 12 13 14 15 11
279 274 5 1 2 3 4 0 10 7 8 9 5 6 12 13 14 15 11
280 275 5 1 2 3 4 10 0 7 8 9 5 6 12 13 14 15 11
281 276 5 1 2 3 4 10 5 7 8 9 0 6 12 13 14 15 11
282 277 5 1 2 3 4 10 5 7 8 9 6 0 12 13 14 15 11
284 278 6 1 2 3 4 10 5 7 8 9 6 12 0 13 14 15 11
284 279 5 1 2 3 4 10 5 7 8 9 6 12 11 13 14 15 0
288 282 6 1 2 3 4 10 5 7 8 9 6 0 11 13 14 15 12
288 283 5 1 2 3 4 10 5 7 8 9 6 11 0 13 14 15 12
287 284 3 1 2 3 4 10 5 7 8 9 6 11 12 13 14 15 0
292 287 5 0 2 3 4 10 5 7 8 9 6 11 12 13 14 15 1
295 290 5 5 2 3 4 10 0 7 8 9 6 11 12 13 14 15 1
295 291 4 5 2 3 4 10 6 7 8 9 0 11 12 13 14 15 1
297 292 5 5 2 3 4 10 6 7 8 9 11 0 12 13 14 15 1
297 292 5 5 2 3 4 10 6 7 8 0 9 11 12 13 14 15 1
298 293 5 5 2 3 4 0 6 7 8 10 9 11 12 13 14 15 1
297 292 5 5 2 3 4 10 6 7 8 9 14 11 12 13 0 15 1
296 291 5 5 2 3 4 0 10 7 8 9 6 11 12 13 14 15 1
293 288 5 10 2 3 4 0 5 7 8 9 6 11 12 13 14 15 1
293 289 4 10 2 3 4 5 0 7 8 9 6 11 12 13 14 15 1
293 290 3 10 2 3 4 5 6 7 8 9 0 11 12 13 14 15 1
295 291 4 10 2 3 4 5 6 7 8 9 11 0 12 13 14 15 1
295 291 4 10 2 3 4 5 6 7 8 0 9 11 12 13 14 15 1
295 291 4 10 2 3 4 5 6 7 8 9 14 11 12 13 0 15 1
297 292 5 10 2 3 4 5 6 7 8 9 14 11 12 13 15 0 1
297 293 4 10 2 3 4 5 6 7 8 9 14 11 12 13 15 1 0
301 296 5 0 2 3 4 5 6 7 8 9 14 11 12 13 15 1 10
291 286 5 1 2 3 4 10 5 7 8 9 6 11 12 0 14 15 13
294 289 5 1 2 3 4 10 5 7 8 9 0 11 12 6 14 15 13
295 290 5 1 2 3 4 10 0 7 8 9 5 11 12 6 14 15 13
296 291 5 1 2 3 4 0 10 7 8 9 5 11 12 6 14 15 13
297 292 5 10 2 3 4 5 6 7 8 9 14 11 12 0 13 15 1
298 294 4 10 2 3 4 5 6 7 8 9 14 11 12 1 13 15 0
302 297 5 0 2 3 4 5 6 7 8 9 14 11 12 1 13 15 10
303 299 4 1 2 3 4 5 6 7 8 9 14 11 12 0 13 15 10
304 301 3 1 2 3 4 5 6 7 8 9 14 11 12 10 13 15 0
303 300 3 1 2 3 4 5 6 7 8 9 14 11 12 13 0 15 10
303 301 2 1 2 3 4 5 6 7 8 9 0 11 12 13 14 15 10
305 302 3 1 2 3 4 5 6 7 8 9 11 0 12 13 14 15 10
305 302 3 1 2 3 4 5 6 7 8 0 9 11 12 13 14 15 10
305 302 3 1 2 3 4 5 0 7 8 9 6 11 12 13 14 15 10
307 303 4 1 2 3 4 5 7 0 8 9 6 11 12 13 14 15 10
307 303 4 1 2 3 4 0 5 7 8 9 6 11 12 13 14 15 10
307 303 4 1 0 3 4 5 2 7 8 9 6 11 12 13 14 15 10
307 303 4 1 2 3 4 5 6 7 8 13 9 11 12 0 14 15 10
308 305 3 1 2 3 4 5 6 7 8 13 9 11 12 10 14 15 0
310 306 4 1 2 3 4 5 6 7 8 13 0 11 12 9 14 15 10
311 307 4 1 2 3 4 5 6 7 8 0 13 11 12 9 14 15 10
311 308 3 1 2 3 4 5 6 7 8 9 13 11 12 0 14 15 10
312 310 2 1 2 3 4 5 6 7 8 9 13 11 12 10 14 15 0
317 313 4 1 2 3 4 5 6 7 8 9 13 0 12 10 14 15 11
318 314 4 1 2 3 4 5 6 7 8 9 0 13 12 10 14 15 11
317 313 4 0 2 3 4 5 6 7 8 9 13 11 12 10 14 15 1
319 315 4 10 2 3 4 5 6 7 8 9 13 11 12 0 14 15 1
320 317 3 10 2 3 4 5 6 7 8 9 13 11 12 1 14 15 0
316 312 4 1 2 3 0 5 6 7 8 9 13 11 12 10 14 15 4
319 315 4 1 2 3 10 5 6 7 8 9 13 11 12 0 14 15 4
321 318 3 1 2 3 10 5 6 7 8 9 0 11 12 13 14 15 4
320 317 3 1 2 3 10 5 6 7 8 9 13 11 12 4 14 15 0
323 319 4 1 2 3 10 5 6 7 8 9 11 0 12 13 14 15 4
323 319 4 1 2 3 10 5 6 7 8 0 9 11 12 13 14 15 4
323 319 4 1 2 3 10 5 6 7 8 9 14 11 12 13 0 15 4
305 301 4 1 2 3 4 5 6 7 8 9 14 11 12 13 15 0 10
305 302 3 1 2 3 4 5 6 7 8 9 14 11 12 13 15 10 0
307 303 4 1 2 3 4 5 6 0 8 9 11 7 12 13 14 15 10
307 303 4 1 2 3 4 5 6 7 8 9 11 15 12 13 14 0 10
307 304 3 1 2 3 4 5 6 7 8 9 11 15 12 13 14 10 0
311 307 4 1 2 3 4 5 6 7 8 9 11 0 12 13 14 10 15
311 308 3 1 2 3 4 5 6 7 8 9 0 11 12 13 14 10 15
313 309 4 1 2 3 4 5 6 7 8 0 9 11 12 13 14 10 15
313 309 4 1 2 3 4 5 6 7 8 9 14 11 12 13 0 10 15
314 310 4 1 2 3 4 5 6 7 8 9 14 11 12 13 10 0 15
313 311 2 1 2 3 4 5 6 7 8 9 14 11 12 13 10 15 0
318 314 4 1 2 3 4 5 6 7 8 9 14 0 12 13 10 15 11
319 315 4 1 2 3 4 5 6 7 8 9 0 14 12 13 10 15 11
319 316 3 1 2 3 4 5 6 7 8 9 10 14 12 13 0 15 11
321 317 4 1 2 3 4 5 6 7 8 9 10 14 12 13 15 0 11
321 318 3 1 2 3 4 5 6 7 8 9 10 14 12 13 15 11 0
325 321 4 1 2 3 4 5 6 7 8 9 10 0 12 13 15 11 14
325 322 3 1 2 3 4 5 6 7 8 9 10 11 12 13 15 0 14
325 323 2 1 2 3 4 5 6 7 8 9 10 11 12 13 15 14 0
325 323 2 1 2 3 4 5 6 7 8 9 10 11 12 13 0 15 14
327 324 3 1 2 3 4 5 6 7 8 9 10 11 12 0 13 15 14
328 326 2 1 2 3 4 5 6 7 8 9 10 11 12 14 13 15 0
327 324 3 1 2 3 4 5 6 7 8 9 0 11 12 13 10 15 14
329 325 4 1 2 3 4 5 6 7 8 9 11 0 12 13 10 15 14
329 325 4 1 2 3 4 5 6 7 8 0 9 11 12 13 10 15 14
329 325 4 1 2 3 4 5 0 7 8 9 6 11 12 13 10 15 14
333 329 4 1 2 3 4 5 6 7 8 9 10 0 12 14 13 15 11
333 329 4 0 2 3 4 5 6 7 8 9 10 11 12 14 13 15 1
335 331 4 14 2 3 4 5 6 7 8 9 10 11 12 0 13 15 1
336 333 3 14 2 3 4 5 6 7 8 9 10 11 12 1 13 15 0
335 332 3 14 2 3 4 5 6 7 8 9 10 11 12 13 0 15 1
337 333 4 14 2 3 4 5 6 7 8 9 10 11 12 13 15 0 1
337 334 3 14 2 3 4 5 6 7 8 9 10 11 12 13 15 1 0
341 337 4 0 2 3 4 5 6 7 8 9 10 11 12 13 15 1 14
337 333 4 14 2 3 4 5 6 7 8 9 0 11 12 13 10 15 1
315 311 4 1 2 3 0 5 6 7 8 9 13 11 12 4 14 15 10
313 309 4 1 2 3 4 5 0 7 8 9 6 11 12 13 14 10 15
307 303 4 1 2 3 4 0 6 7 8 5 9 11 12 13 14 15 10
314 310 4 0 2 3 4 5 6 7 8 9 13 11 12 1 14 15 10
306 302 4 1 2 3 4 5 6 7 8 9 0 11 12 14 13 15 10
312 308 4 1 2 3 4 5 6 7 8 9 11 10 12 13 14 0 15
311 309 2 1 2 3 4 5 6 7 8 9 11 10 12 13 14 15 0
316 312 4 0 2 3 4 5 6 7 8 9 11 10 12 13 14 15 1
315 311 4 1 2 3 0 5 6 7 8 9 11 10 12 13 14 15 4
315 311 4 1 2 3 4 5 6 7 8 9 11 10 12 0 14 15 13
318 314 4 1 2 3 4 5 6 7 8 9 0 10 12 11 14 15 13
318 315 3 1 2 3 4 5 6 7 8 9 10 0 12 11 14 15 13
320 316 4 1 2 3 4 5 6 7 8 9 10 12 0 11 14 15 13
320 317 3 1 2 3 4 5 6 7 8 9 10 12 13 11 14 15 0
324 320 4 1 2 3 4 5 6 7 8 9 10 0 13 11 14 15 12
325 321 4 1 2 3 4 5 6 7 8 9 10 13 0 11 14 15 12
324 322 2 1 2 3 4 5 6 7 8 9 10 13 12 11 14 15 0
327 324 3 1 2 3 4 5 6 7 8 9 10 13 12 0 14 15 11
331 327 4 1 2 3 0 5 6 7 8 9 10 13 12 4 14 15 11
332 329 3 1 2 3 11 5 6 7 8 9 10 13 12 4 14 15 0
336 332 4 1 2 3 11 5 6 7 8 9 10 0 12 4 14 15 13
335 331 4 1 2 3 11 5 6 7 8 9 10 13 12 0 14 15 4
330 326 4 0 2 3 4 5 6 7 8 9 10 13 12 1 14 15 11
332 329 3 11 2 3 4 5 6 7 8 9 10 13 12 1 14 15 0
336 332 4 11 2 3 4 5 6 7 8 9 10 0 12 1 14 15 13
335 331 4 11 2 3 4 5 6 7 8 9 10 13 12 0 14 15 1
331 327 4 1 2 3 4 5 6 7 8 9 10 11 12 14 13 0 15
332 328 4 1 2 3 4 5 6 7 8 9 10 11 12 14 0 13 15
332 329 3 1 2 3 4 5 6 7 8 9 10 11 12 0 14 13 15
333 331 2 1 2 3 4 5 6 7 8 9 10 11 12 15 14 13 0
335 332 3 1 2 3 4 5 6 7 8 9 10 11 12 15 14 0 13
337 333 4 1 2 3 4 5 6 7 8 9 10 11 12 15 0 14 13
337 333 4 1 2 3 4 5 6 7 8 9 10 0 12 15 14 11 13
321 317 4 1 2 3 4 5 6 7 8 9 10 14 12 0 13 15 11
322 319 3 1 2 3 4 5 6 7 8 9 10 14 12 11 13 15 0
326 322 4 1 2 3 4 5 6 7 8 9 10 0 12 11 13 15 14
329 325 4 1 2 3 4 5 6 7 8 9 10 11 12 0 15 14 13
338 334 4 1 2 3 4 5 6 7 8 9 10 0 12 15 14 13 11
339 335 4 1 2 3 4 5 6 7 8 9 10 13 12 15 14 0 11
339 336 3 1 2 3 4 5 6 7 8 9 10 13 12 15 14 11 0
342 338 4 1 2 3 4 5 6 7 8 9 10 13 12 0 14 11 15
338 334 4 0 2 3 4 5 6 7 8 9 10 11 12 15 14 13 1
340 336 4 15 2 3 4 5 6 7 8 9 10 11 12 0 14 13 1
341 338 3 15 2 3 4 5 6 7 8 9 10 11 12 1 14 13 0
343 339 4 15 2 3 4 5 6 7 8 9 10 11 12 1 14 0 13
336 332 4 1 2 3 4 5 6 7 8 9 10 11 0 15 14 13 12
318 314 4 0 2 3 4 5 6 7 8 9 14 11 12 13 10 15 1
328 324 4 1 2 3 4 5 6 7 8 9 10 11 0 13 15 14 12
314 310 4 1 2 3 4 5 6 7 8 9 11 10 0 13 14 15 12
315 311 4 1 2 3 4 5 6 7 8 9 11 0 10 13 14 15 12
315 312 3 1 2 3 4 5 6 7 8 9 0 11 10 13 14 15 12
317 313 4 1 2 3 4 5 6 7 8 0 9 11 10 13 14 15 12
317 313 4 1 2 3 4 5 6 7 8 9 14 11 10 13 0 15 12
317 313 4 1 2 3 4 5 0 7 8 9 6 11 10 13 14 15 12
331 327 4 1 2 3 0 5 6 7 8 9 10 11 12 4 13 15 14
332 329 3 1 2 3 14 5 6 7 8 9 10 11 12 4 13 15 0
335 331 4 1 2 3 14 5 6 7 8 9 10 11 12 0 13 15 4
335 332 3 1 2 3 14 5 6 7 8 9 10 11 12 13 0 15 4
337 333 4 1 2 3 14 5 6 7 8 9 10 11 12 13 15 0 4
337 334 3 1 2 3 14 5 6 7 8 9 10 11 12 13 15 4 0
340 336 4 1 2 3 0 5 6 7 8 9 10 11 12 13 15 4 14
337 333 4 1 2 3 14 5 6 7 8 9 0 11 12 13 10 15 4
320 316 4 1 2 3 4 5 6 0 8 9 10 7 12 11 14 15 13
323 319 4 1 2 3 10 5 0 7 8 9 6 11 12 13 14 15 4
315 311 4 1 2 3 4 5 6 7 8 9 13 11 0 10 14 15 12
332 328 4 1 2 3 0 5 6 7 8 9 10 11 12 14 13 15 4
335 331 4 0 2 3 4 5 6 7 8 9 10 11 12 1 14 13 15
329 325 4 1 2 3 0 5 6 7 8 9 10 11 12 13 15 14 4
334 330 4 1 2 3 4 5 6 7 8 0 10 11 12 9 14 13 15
317 313 4 1 2 3 4 5 6 7 8 9 14 11 12 0 10 15 13
320 316 4 1 2 3 4 5 6 7 8 9 0 11 12 14 10 15 13
320 317 3 1 2 3 4 5 6 7 8 9 10 11 12 14 0 15 13
320 318 2 1 2 3 4 5 6 7 8 9 10 11 12 0 14 15 13
320 320 0 1 2 3 4 5 6 7 8 9 10 11 12 13 14 15 0
