0 0 0 5 15 4 2 12 13 7 0 11 6 1 3 10 9 8 14
16 1 15 5 15 4 2 12 13 7 3 11 6 1 0 10 9 8 14
16 2 14 5 15 4 2 12 13 7 3 11 6 1 14 10 9 8 0
20 5 15 5 15 4 2 12 13 7 3 11 6 0 14 10 9 8 1
21 6 15 5 15 4 2 12 13 7 3 11 6 14 0 10 9 8 1
21 7 14 5 15 4 2 12 13 7 3 11 6 14 1 10 9 8 0
25 10 15 0 15 4 2 12 13 7 3 11 6 14 1 10 9 8 5
28 13 15 13 15 4 2 12 0 7 3 11 6 14 1 10 9 8 5
28 14 14 13 15 4 2 12 6 7 3 11 0 14 1 10 9 8 5
29 15 14 13 15 4 2 12 6 7 3 11 14 0 1 10 9 8 5
30 16 14 13 15 4 2 12 6 7 3 11 14 1 0 10 9 8 5
30 17 13 13 15 4 2 12 6 7 3 11 14 1 5 10 9 8 0
34 20 14 13 15 4 2 12 6 7 3 11 14 0 5 10 9 8 1
35 21 14 13 15 4 2 12 6 7 3 11 14 5 0 10 9 8 1
35 22 13 13 15 4 2 12 6 7 3 11 14 5 1 10 9 8 0
39 25 14 0 15 4 2 12 6 7 3 11 14 5 1 10 9 8 13
41 27 14 10 15 4 2 12 6 7 3 11 14 5 1 0 9 8 13
41 29 12 10 15 4 2 12 6 7 3 11 14 5 1 13 9 8 0
45 32 13 10 15 4 2 12 6 7 3 11 14 0 1 13 9 8 5
46 33 13 10 15 4 2 12 6 7 3 11 14 1 0 13 9 8 5
46 34 12 10 15 4 2 12 6 7 3 11 14 1 5 13 9 8 0
50 37 13 10 15 4 2 12 6 7 3 11 14 0 5 13 9 8 1
51 38 13 10 15 4 2 12 6 7 3 11 0 14 5 13 9 8 1
52 39 13 10 15 4 2 12 6 7 3 0 11 14 5 13 9 8 1
53 40 13 10 15 4 2 0 6 7 3 12 11 14 5 13 9 8 1
52 39 13 10 15 4 2 12 6 7 3 11 9 14 5 13 0 8 1
53 40 13 10 15 4 2 12 6 7 3 11 9 14 5 13 8 0 1
53 41 12 10 15 4 2 12 6 7 3 11 9 14 5 13 8 1 0
57 44 13 10 15 4 2 12 6 7 3 11 9 0 5 13 8 1 14
58 45 13 10 15 4 2 12 6 7 3 11 9 5 0 13 8 1 14
58 46 12 10 15 4 2 12 6 7 3 11 9 5 14 13 8 1 0
62 49 13 10 15 4 2 12 6 7 3 11 9 0 14 13 8 1 5
63 50 13 10 15 4 2 12 6 7 3 11 0 9 14 13 8 1 5
64 51 13 10 15 4 2 12 6 7 3 0 11 9 14 13 8 1 5
65 52 13 10 15 4 2 0 6 7 3 12 11 9 14 13 8 1 5
64 51 13 10 15 4 2 12 6 7 3 11 8 9 14 13 0 1 5
65 52 13 10 15 4 2 12 6 7 3 11 8 9 14 13 1 0 5
65 53 12 10 15 4 2 12 6 7 3 11 8 9 14 13 1 5 0
69 56 13 10 15 4 2 12 6 7 3 11 8 0 14 13 1 5 9
70 57 13 10 15 4 2 12 6 7 3 11 8 14 0 13 1 5 9
70 58 12 10 15 4 2 12 6 7 3 11 8 14 9 13 1 5 0
74 61 13 10 15 4 2 12 6 7 3 11 8 0 9 13 1 5 14
75 62 13 10 15 4 2 12 6 7 3 11 0 8 9 13 1 5 14
76 63 13 10 15 4 2 12 6 7 3 0 11 8 9 13 1 5 14
77 64 13 10 15 4 2 0 6 7 3 12 11 8 9 13 1 5 14
60 47 13 10 15 4 2 12 6 7 3 11 9 5 14 13 8 0 1
61 48 13 10 15 4 2 12 6 7 3 11 9 5 14 13 0 8 1
62 49 13 10 15 4 2 12 6 7 3 11 0 5 14 13 9 8 1
63 50 13 10 15 4 2 12 6 7 3 11 5 0 14 13 9 8 1
64 51 13 10 15 4 2 12 6 7 3 11 5 14 0 13 9 8 1
64 52 12 10 15 4 2 12 6 7 3 11 5 14 1 13 9 8 0
68 55 13 10 15 4 2 12 6 7 3 11 5 0 1 13 9 8 14
69 56 13 10 15 4 2 12 6 7 3 11 5 1 0 13 9 8 14
69 57 12 10 15 4 2 12 6 7 3 11 5 1 14 13 9 8 0
73 60 13 0 15 4 2 12 6 7 3 11 5 1 14 13 9 8 10
75 62 13 2 15 4 0 12 6 7 3 11 5 1 14 13 9 8 10
76 64 12 2 15 4 10 12 6 7 3 11 5 1 14 13 9 8 0
75 63 12 2 15 0 4 12 6 7 3 11 5 1 14 13 9 8 10
76 64 12 2 0 15 4 12 6 7 3 11 5 1 14 13 9 8 10
76 65 11 0 2 15 4 12 6 7 3 11 5 1 14 13 9 8 10
78 68 10 10 2 15 4 12 6 7 3 11 5 1 14 13 9 8 0
82 71 11 10 2 15 4 12 6 7 3 11 5 0 14 13 9 8 1
83 72 11 10 2 15 4 12 6 7 3 11 5 14 0 13 9 8 1
83 73 10 10 2 15 4 12 6 7 3 11 5 14 1 13 9 8 0
87 76 11 10 2 15 4 12 6 7 3 11 5 0 1 13 9 8 14
88 77 11 10 2 15 4 12 6 7 3 11 0 5 1 13 9 8 14
89 78 11 10 2 15 4 12 6 7 3 0 11 5 1 13 9 8 14
90 79 11 10 2 15 4 0 6 7 3 12 11 5 1 13 9 8 14
89 78 11 10 2 15 4 12 6 7 3 11 9 5 1 13 0 8 14
90 79 11 10 2 15 4 12 6 7 3 11 9 5 1 13 8 0 14
90 80 10 10 2 15 4 12 6 7 3 11 9 5 1 13 8 14 0
94 83 11 10 2 15 4 12 6 7 3 11 9 0 1 13 8 14 5
95 84 11 10 2 15 4 12 6 7 3 11 9 1 0 13 8 14 5
95 85 10 10 2 15 4 12 6 7 3 11 9 1 5 13 8 14 0
99 88 11 10 2 15 4 12 6 7 3 11 9 0 5 13 8 14 1
100 89 11 10 2 15 4 12 6 7 3 11 0 9 5 13 8 14 1
101 90 11 10 2 15 4 12 6 7 3 0 11 9 5 13 8 14 1
102 91 11 10 2 15 4 0 6 7 3 12 11 9 5 13 8 14 1
101 90 11 10 2 15 4 12 6 7 3 11 8 9 5 13 0 14 1
101 91 10 10 2 15 4 12 6 7 3 11 8 9 5 13 14 0 1
101 92 9 10 2 15 4 12 6 7 3 11 8 9 5 13 14 1 0
105 95 10 10 2 15 4 12 6 7 3 11 8 0 5 13 14 1 9
106 96 10 10 2 15 4 12 6 7 3 11 8 5 0 13 14 1 9
106 97 9 10 2 15 4 12 6 7 3 11 8 5 9 13 14 1 0
110 100 10 10 2 15 4 12 6 7 3 11 8 0 9 13 14 1 5
111 101 10 10 2 15 4 12 6 7 3 11 0 8 9 13 14 1 5
112 102 10 10 2 15 4 12 6 7 3 0 11 8 9 13 14 1 5
113 103 10 10 2 15 4 0 6 7 3 12 11 8 9 13 14 1 5
111 101 10 10 2 15 4 12 6 7 3 11 8 1 9 13 14 0 5
111 102 9 10 2 15 4 12 6 7 3 11 8 1 9 13 14 5 0
115 105 10 10 2 15 4 12 6 7 3 11 8 0 9 13 14 5 1
116 106 10 10 2 15 4 12 6 7 3 11 8 9 0 13 14 5 1
116 107 9 10 2 15 4 12 6 7 3 11 8 9 1 13 14 5 0
120 110 10 10 2 15 4 12 6 7 3 11 8 0 1 13 14 5 9
121 111 10 10 2 15 4 12 6 7 3 11 0 8 1 13 14 5 9
122 112 10 10 2 15 4 12 6 7 3 0 11 8 1 13 14 5 9
123 113 10 10 2 15 4 0 6 7 3 12 11 8 1 13 14 5 9
105 95 10 0 2 15 4 12 6 7 3 11 8 9 5 13 14 1 10
106 96 10 12 2 15 4 0 6 7 3 11 8 9 5 13 14 1 10
107 97 10 12 2 15 4 11 6 7 3 0 8 9 5 13 14 1 10
108 98 10 12 2 15 4 11 6 7 3 8 0 9 5 13 14 1 10
109 99 10 12 2 15 4 11 6 7 3 8 9 0 5 13 14 1 10
110 100 10 12 2 15 4 11 6 7 3 8 9 5 0 13 14 1 10
110 101 9 12 2 15 4 11 6 7 3 8 9 5 10 13 14 1 0
114 104 10 12 2 15 4 11 6 7 3 8 9 0 10 13 14 1 5
115 105 10 12 2 15 4 11 6 7 3 8 9 10 0 13 14 1 5
115 106 9 12 2 15 4 11 6 7 3 8 9 10 5 13 14 1 0
119 109 10 0 2 15 4 11 6 7 3 8 9 10 5 13 14 1 12
120 110 10 11 2 15 4 0 6 7 3 8 9 10 5 13 14 1 12
121 111 10 11 2 15 4 8 6 7 3 0 9 10 5 13 14 1 12
121 112 9 11 2 15 4 8 6 7 3 9 0 10 5 13 14 1 12
121 113 8 11 2 15 4 8 6 7 3 9 10 0 5 13 14 1 12
122 114 8 11 2 15 4 8 6 7 3 9 10 5 0 13 14 1 12
121 115 6 11 2 15 4 8 6 7 3 9 10 5 12 13 14 1 0
125 118 7 11 2 15 4 8 6 7 3 9 10 0 12 13 14 1 5
126 119 7 11 2 15 4 8 6 7 3 9 10 1 12 13 14 0 5
126 120 6 11 2 15 4 8 6 7 3 9 10 1 12 13 14 5 0
130 123 7 11 2 15 4 8 6 7 3 9 10 0 12 13 14 5 1
130 123 7 0 2 15 4 8 6 7 3 9 10 1 12 13 14 5 11
131 124 7 8 2 15 4 0 6 7 3 9 10 1 12 13 14 5 11
125 118 7 0 2 15 4 8 6 7 3 9 10 5 12 13 14 1 11
126 119 7 8 2 15 4 0 6 7 3 9 10 5 12 13 14 1 11
123 116 7 11 2 15 4 8 6 7 3 9 10 5 12 13 14 0 1
125 117 8 11 2 15 4 8 6 7 3 9 10 5 12 13 0 14 1
127 119 8 2 0 15 4 8 6 7 3 9 10 5 12 13 14 1 11
128 120 8 2 15 0 4 8 6 7 3 9 10 5 12 13 14 1 11
128 120 8 8 2 15 4 6 0 7 3 9 10 5 12 13 14 1 11
128 120 8 8 2 15 4 9 6 7 3 0 10 5 12 13 14 1 11
129 121 8 6 2 15 4 8 0 7 3 9 10 5 12 13 14 1 11
130 122 8 6 2 15 4 0 8 7 3 9 10 5 12 13 14 1 11
128 120 8 13 2 15 4 8 6 7 3 9 10 5 12 0 14 1 11
129 122 7 13 2 15 4 8 6 7 3 9 10 5 12 11 14 1 0
133 125 8 13 2 15 4 8 6 7 3 9 10 0 12 11 14 1 5
134 126 8 13 2 15 4 8 6 7 3 9 10 1 12 11 14 0 5
134 127 7 13 2 15 4 8 6 7 3 9 10 1 12 11 14 5 0
138 130 8 13 2 15 4 8 6 7 3 9 10 0 12 11 14 5 1
138 130 8 0 2 15 4 8 6 7 3 9 10 1 12 11 14 5 13
139 131 8 8 2 15 4 0 6 7 3 9 10 1 12 11 14 5 13
133 125 8 0 2 15 4 8 6 7 3 9 10 5 12 11 14 1 13
134 126 8 8 2 15 4 0 6 7 3 9 10 5 12 11 14 1 13
134 126 8 6 2 15 4 8 0 7 3 9 10 1 12 13 14 5 11
135 127 8 6 2 15 4 0 8 7 3 9 10 1 12 13 14 5 11
133 125 8 8 2 15 4 9 6 7 3 0 10 1 12 13 14 5 11
128 120 8 4 2 15 0 8 6 7 3 9 10 5 12 13 14 1 11
129 122 7 4 2 15 11 8 6 7 3 9 10 5 12 13 14 1 0
133 125 8 4 2 15 11 8 6 7 3 9 10 0 12 13 14 1 5
134 126 8 4 2 15 11 8 6 7 3 9 10 1 12 13 14 0 5
134 127 7 4 2 15 11 8 6 7 3 9 10 1 12 13 14 5 0
138 130 8 4 2 15 11 8 6 7 3 9 10 0 12 13 14 5 1
129 121 8 4 2 15 3 8 6 7 0 9 10 5 12 13 14 1 11
138 130 8 0 2 15 11 8 6 7 3 9 10 1 12 13 14 5 4
139 131 8 8 2 15 11 0 6 7 3 9 10 1 12 13 14 5 4
133 125 8 0 2 15 11 8 6 7 3 9 10 5 12 13 14 1 4
134 126 8 8 2 15 11 0 6 7 3 9 10 5 12 13 14 1 4
129 121 8 4 2 0 15 8 6 7 3 9 10 5 12 13 14 1 11
133 125 8 8 2 15 4 6 0 7 3 9 10 1 12 13 14 5 11
131 123 8 13 2 15 4 8 6 7 3 9 10 5 12 11 14 0 1
132 124 8 2 0 15 4 8 6 7 3 9 10 1 12 13 14 5 11
133 125 8 2 15 0 4 8 6 7 3 9 10 1 12 13 14 5 11
132 124 8 11 2 15 4 8 6 7 3 9 10 12 0 13 14 5 1
132 125 7 11 2 15 4 8 6 7 3 9 10 12 1 13 14 5 0
136 128 8 11 2 15 4 8 6 7 3 9 10 0 1 13 14 5 12
137 129 8 11 2 15 4 8 6 7 3 9 10 5 1 13 14 0 12
137 130 7 11 2 15 4 8 6 7 3 9 10 5 1 13 14 12 0
141 133 8 11 2 15 4 8 6 7 3 9 10 0 1 13 14 12 5
142 134 8 11 2 15 4 8 6 7 3 9 10 1 0 13 14 12 5
142 135 7 11 2 15 4 8 6 7 3 9 10 1 5 13 14 12 0
146 138 8 11 2 15 4 8 6 7 3 9 10 0 5 13 14 12 1
147 139 8 11 2 15 4 8 6 7 3 9 10 12 5 13 14 0 1
147 140 7 11 2 15 4 8 6 7 3 9 10 12 5 13 14 1 0
151 143 8 0 2 15 4 8 6 7 3 9 10 12 5 13 14 1 11
152 144 8 8 2 15 4 0 6 7 3 9 10 12 5 13 14 1 11
146 138 8 0 2 15 4 8 6 7 3 9 10 1 5 13 14 12 11
147 139 8 8 2 15 4 0 6 7 3 9 10 1 5 13 14 12 11
143 135 8 11 2 15 4 8 6 7 0 9 10 1 3 13 14 12 5
133 125 8 11 2 15 4 8 6 7 0 9 10 12 3 13 14 5 1
133 125 8 13 2 15 4 8 6 7 3 9 10 1 12 0 14 5 11
131 123 8 4 2 15 11 8 6 7 3 9 10 5 12 13 14 0 1
134 126 8 11 2 15 4 8 6 7 3 9 10 12 1 13 14 0 5
136 128 8 0 2 15 4 8 6 7 3 9 10 12 1 13 14 5 11
137 129 8 8 2 15 4 0 6 7 3 9 10 12 1 13 14 5 11
141 133 8 0 2 15 4 8 6 7 3 9 10 5 1 13 14 12 11
142 134 8 8 2 15 4 0 6 7 3 9 10 5 1 13 14 12 11
139 131 8 11 2 15 4 8 6 7 3 9 10 5 0 13 14 12 1
140 132 8 11 2 15 4 8 6 7 0 9 10 5 3 13 14 12 1
133 125 8 4 2 15 0 8 6 7 3 9 10 1 12 13 14 5 11
134 126 8 4 2 0 15 8 6 7 3 9 10 1 12 13 14 5 11
134 126 8 4 2 15 3 8 6 7 0 9 10 1 12 13 14 5 11
132 124 8 11 2 15 4 8 6 7 3 9 0 10 12 13 14 5 1
122 114 8 11 2 15 4 8 6 7 3 9 10 1 5 13 14 0 12
132 124 8 11 2 15 4 8 6 0 3 9 10 7 12 13 14 5 1
133 125 8 11 2 15 4 8 6 3 0 9 10 7 12 13 14 5 1
133 125 8 11 2 0 4 8 6 15 3 9 10 7 12 13 14 5 1
125 117 8 11 2 15 4 8 6 7 3 9 10 5 12 0 14 1 13
127 119 8 11 2 15 4 8 6 0 3 9 10 7 12 13 14 1 5
128 120 8 11 2 15 4 8 6 3 0 9 10 7 12 13 14 1 5
128 120 8 11 2 0 4 8 6 15 3 9 10 7 12 13 14 1 5
127 119 8 11 2 15 4 8 6 7 3 9 10 12 0 13 14 1 5
128 120 8 11 2 15 4 8 6 7 0 9 10 12 3 13 14 1 5
127 119 8 11 2 15 4 8 6 7 3 9 0 10 12 13 14 1 5
125 117 8 11 2 15 0 8 6 7 3 9 10 5 12 13 14 1 4
126 118 8 11 2 0 15 8 6 7 3 9 10 5 12 13 14 1 4
126 118 8 11 2 15 3 8 6 7 0 9 10 5 12 13 14 1 4
123 115 8 11 2 15 4 8 6 7 0 9 10 5 3 13 14 1 12
128 120 8 11 2 15 4 8 6 7 3 9 10 1 12 13 0 14 5
130 122 8 11 2 15 0 8 6 7 3 9 10 1 12 13 14 5 4
131 123 8 11 2 0 15 8 6 7 3 9 10 1 12 13 14 5 4
131 123 8 11 2 15 3 8 6 7 0 9 10 1 12 13 14 5 4
129 121 8 11 2 15 4 8 6 7 3 9 10 1 0 13 14 5 12
130 122 8 11 2 15 4 8 6 7 0 9 10 1 3 13 14 5 12
130 122 8 11 2 15 4 8 6 7 3 9 10 1 12 0 14 5 13
134 125 9 11 2 15 4 8 6 7 3 9 0 1 12 10 14 5 13
135 126 9 11 2 15 4 8 6 7 3 9 1 0 12 10 14 5 13
136 127 9 11 2 15 4 8 6 7 3 9 1 5 12 10 14 0 13
136 128 8 11 2 15 4 8 6 7 3 9 1 5 12 10 14 13 0
140 131 9 11 2 15 4 8 6 7 3 9 1 0 12 10 14 13 5
141 132 9 11 2 15 4 8 6 7 3 9 0 1 12 10 14 13 5
127 118 9 11 2 15 4 8 6 7 3 9 10 5 12 0 13 14 1
128 120 8 11 2 15 4 8 6 7 3 9 10 5 12 1 13 14 0
132 123 9 11 2 15 4 8 6 7 3 9 10 0 12 1 13 14 5
133 124 9 11 2 15 4 8 6 7 3 9 10 14 12 1 13 0 5
133 125 8 11 2 15 4 8 6 7 3 9 10 14 12 1 13 5 0
137 128 9 11 2 15 4 8 6 7 3 9 10 0 12 1 13 5 14
130 121 9 13 2 15 4 8 6 7 3 9 10 5 12 14 0 1 11
131 122 9 13 2 15 4 8 6 7 3 9 10 5 12 14 1 0 11
131 123 8 13 2 15 4 8 6 7 3 9 10 5 12 14 1 11 0
135 126 9 13 2 15 4 8 6 7 3 9 10 0 12 14 1 11 5
135 127 8 13 2 15 4 8 6 7 3 9 10 11 12 14 1 0 5
135 128 7 13 2 15 4 8 6 7 3 9 10 11 12 14 1 5 0
139 131 8 0 2 15 4 8 6 7 3 9 10 11 12 14 1 5 13
141 133 8 14 2 15 4 8 6 7 3 9 10 11 12 0 1 5 13
141 135 6 14 2 15 4 8 6 7 3 9 10 11 12 13 1 5 0
145 138 7 0 2 15 4 8 6 7 3 9 10 11 12 13 1 5 14
146 139 7 8 2 15 4 0 6 7 3 9 10 11 12 13 1 5 14
143 136 7 14 2 15 4 8 6 7 3 9 10 11 12 13 1 0 5
144 137 7 14 2 15 4 8 6 7 3 9 10 11 12 13 0 1 5
146 138 8 14 2 15 4 8 6 7 3 9 10 11 12 0 13 1 5
147 140 7 14 2 15 4 8 6 7 3 9 10 11 12 5 13 1 0
151 143 8 0 2 15 4 8 6 7 3 9 10 11 12 5 13 1 14
153 145 8 5 2 15 4 8 6 7 3 9 10 11 12 0 13 1 14
154 147 7 5 2 15 4 8 6 7 3 9 10 11 12 14 13 1 0
153 146 7 5 2 15 4 8 6 7 3 9 10 11 12 13 0 1 14
154 147 7 5 2 15 4 8 6 7 3 9 10 11 12 13 1 0 14
154 148 6 5 2 15 4 8 6 7 3 9 10 11 12 13 1 14 0
158 151 7 0 2 15 4 8 6 7 3 9 10 11 12 13 1 14 5
159 152 7 8 2 15 4 0 6 7 3 9 10 11 12 13 1 14 5
161 153 8 8 2 15 4 6 0 7 3 9 10 11 12 13 1 14 5
161 153 8 8 2 15 4 9 6 7 3 0 10 11 12 13 1 14 5
162 154 8 6 2 15 4 8 0 7 3 9 10 11 12 13 1 14 5
163 155 8 6 2 15 4 0 8 7 3 9 10 11 12 13 1 14 5
161 153 8 13 2 15 4 8 6 7 3 9 10 11 12 0 1 14 5
162 155 7 13 2 15 4 8 6 7 3 9 10 11 12 5 1 14 0
166 158 8 0 2 15 4 8 6 7 3 9 10 11 12 5 1 14 13
167 159 8 8 2 15 4 0 6 7 3 9 10 11 12 5 1 14 13
164 156 8 13 2 15 4 8 6 7 3 9 10 11 12 5 1 0 14
165 157 8 13 2 15 4 8 6 7 3 9 10 11 12 5 0 1 14
166 158 8 13 2 15 4 8 6 7 3 9 10 11 12 0 5 1 14
167 160 7 0 2 15 4 8 6 7 3 9 10 11 12 13 5 1 14
169 163 6 14 2 15 4 8 6 7 3 9 10 11 12 13 5 1 0
171 164 7 14 2 15 4 8 6 7 3 9 10 11 12 13 5 0 1
172 165 7 14 2 15 4 8 6 7 3 9 10 11 12 13 0 5 1
168 161 7 8 2 15 4 0 6 7 3 9 10 11 12 13 5 1 14
167 160 7 13 2 15 4 8 6 7 3 9 10 11 12 14 5 1 0
171 163 8 0 2 15 4 8 6 7 3 9 10 11 12 14 5 1 13
172 164 8 8 2 15 4 0 6 7 3 9 10 11 12 14 5 1 13
169 161 8 13 2 15 4 8 6 7 3 9 10 11 12 14 5 0 1
170 162 8 13 2 15 4 8 6 7 3 9 10 11 12 14 0 5 1
170 163 7 13 2 15 4 8 6 7 3 9 10 11 12 0 14 5 1
171 165 6 0 2 15 4 8 6 7 3 9 10 11 12 13 14 5 1
172 168 4 1 2 15 4 8 6 7 3 9 10 11 12 13 14 5 0
174 169 5 1 2 15 4 8 6 7 3 9 10 11 12 13 14 0 5
176 170 6 1 2 15 4 8 6 7 3 9 10 11 12 13 0 14 5
176 170 6 1 2 15 4 8 6 7 3 9 10 0 12 13 14 11 5
177 171 6 1 2 15 4 8 6 7 3 9 10 0 12 13 14 5 11
178 172 6 1 2 15 4 8 6 7 3 9 10 5 12 13 14 0 11
178 173 5 1 2 15 4 8 6 7 3 9 10 5 12 13 14 11 0
176 170 6 1 2 15 0 8 6 7 3 9 10 11 12 13 14 5 4
177 171 6 1 2 0 15 8 6 7 3 9 10 11 12 13 14 5 4
177 171 6 1 2 15 3 8 6 7 0 9 10 11 12 13 14 5 4
176 170 6 1 2 15 4 8 6 7 3 9 10 11 12 0 14 5 13
171 165 6 13 2 15 4 8 6 7 3 9 10 11 12 1 14 5 0
172 166 6 8 2 15 4 0 6 7 3 9 10 11 12 13 14 5 1
175 169 6 1 2 15 4 8 6 7 3 9 10 11 0 13 14 5 12
176 170 6 1 2 15 4 8 6 7 0 9 10 11 3 13 14 5 12
178 171 7 1 2 15 4 8 6 0 7 9 10 11 3 13 14 5 12
179 172 7 1 2 0 4 8 6 15 7 9 10 11 3 13 14 5 12
178 171 7 1 2 15 4 8 6 7 3 9 0 10 12 13 14 11 5
178 171 7 1 2 15 0 8 6 7 4 9 10 11 3 13 14 5 12
179 173 6 1 2 15 12 8 6 7 4 9 10 11 3 13 14 5 0
181 174 7 1 2 15 12 8 6 7 4 9 10 11 3 13 14 0 5
181 174 7 1 2 15 12 8 6 7 4 9 10 11 0 13 14 5 3
182 175 7 1 2 15 12 8 6 7 0 9 10 11 4 13 14 5 3
183 176 7 1 2 15 0 8 6 7 12 9 10 11 4 13 14 5 3
184 178 6 1 2 15 3 8 6 7 12 9 10 11 4 13 14 5 0
186 179 7 1 2 15 3 8 6 7 12 9 10 11 4 13 14 0 5
184 177 7 1 2 0 15 8 6 7 12 9 10 11 4 13 14 5 3
179 172 7 1 2 0 15 8 6 7 4 9 10 11 3 13 14 5 12
173 166 7 2 0 15 4 8 6 7 3 9 10 11 12 13 14 5 1
174 167 7 2 15 0 4 8 6 7 3 9 10 11 12 13 14 5 1
179 172 7 1 2 15 4 8 6 7 3 9 0 10 12 13 14 5 11
182 175 7 1 2 15 4 8 6 7 3 9 10 5 12 0 14 11 13
181 174 7 1 2 15 4 8 6 7 3 9 10 5 0 13 14 11 12
182 175 7 1 2 15 4 8 6 7 3 9 10 0 5 13 14 11 12
182 176 6 1 2 15 4 8 6 7 3 9 10 11 5 13 14 0 12
182 177 5 1 2 15 4 8 6 7 3 9 10 11 5 13 14 12 0
184 178 6 1 2 15 4 8 6 7 3 9 10 11 0 13 14 12 5
185 179 6 1 2 15 4 8 6 7 0 9 10 11 3 13 14 12 5
187 180 7 1 2 15 4 8 6 0 7 9 10 11 3 13 14 12 5
188 181 7 1 2 0 4 8 6 15 7 9 10 11 3 13 14 12 5
187 180 7 1 2 15 0 8 6 7 4 9 10 11 3 13 14 12 5
188 182 6 1 2 15 5 8 6 7 4 9 10 11 3 13 14 12 0
190 183 7 1 2 15 5 8 6 7 4 9 10 11 3 13 14 0 12
190 183 7 1 2 15 5 8 6 7 4 9 10 11 0 13 14 12 3
191 184 7 1 2 15 5 8 6 7 0 9 10 11 4 13 14 12 3
192 185 7 1 2 15 0 8 6 7 5 9 10 11 4 13 14 12 3
193 187 6 1 2 15 3 8 6 7 5 9 10 11 4 13 14 12 0
195 188 7 1 2 15 3 8 6 7 5 9 10 11 4 13 14 0 12
195 188 7 1 2 15 3 8 6 7 5 9 10 11 0 13 14 12 4
196 189 7 1 2 15 3 8 6 7 0 9 10 11 5 13 14 12 4
178 171 7 1 2 15 4 8 6 0 3 9 10 7 12 13 14 11 5
179 172 7 1 2 15 4 8 6 3 0 9 10 7 12 13 14 11 5
179 172 7 1 2 0 4 8 6 15 3 9 10 7 12 13 14 11 5
178 171 7 1 2 15 4 8 6 7 3 0 10 11 12 9 14 5 13
179 172 7 1 2 15 4 0 6 7 3 8 10 11 12 9 14 5 13
179 172 7 1 2 15 4 8 6 0 3 9 10 7 12 13 14 5 11
180 173 7 1 2 15 4 8 6 3 0 9 10 7 12 13 14 5 11
180 173 7 1 2 0 4 8 6 15 3 9 10 7 12 13 14 5 11
178 171 7 1 2 15 4 8 6 7 3 9 10 12 0 13 14 11 5
178 172 6 1 2 15 4 8 6 7 3 9 10 12 5 13 14 11 0
180 173 7 1 2 15 4 8 6 7 3 9 10 12 5 13 14 0 11
179 172 7 1 2 15 4 8 6 7 0 9 10 12 3 13 14 11 5
179 172 7 1 2 15 4 8 6 7 3 9 10 12 0 13 14 5 11
179 173 6 1 2 15 4 8 6 7 3 9 10 12 11 13 14 5 0
181 174 7 1 2 15 4 8 6 7 3 9 10 12 11 13 14 0 5
180 173 7 1 2 15 4 8 6 7 0 9 10 12 3 13 14 5 11
179 172 7 1 2 7 15 8 6 0 3 9 10 11 12 13 14 5 4
180 173 7 1 2 7 15 8 6 3 0 9 10 11 12 13 14 5 4
181 174 7 1 2 7 0 8 6 3 15 9 10 11 12 13 14 5 4
181 176 5 1 2 7 4 8 6 3 15 9 10 11 12 13 14 5 0
183 177 6 1 2 7 4 8 6 3 15 9 10 11 12 13 14 0 5
185 178 7 1 2 7 4 8 6 3 15 9 10 11 12 13 0 14 5
185 178 7 1 2 7 4 8 6 3 15 9 10 0 12 13 14 11 5
186 179 7 1 2 7 4 8 6 0 15 9 10 3 12 13 14 11 5
186 180 6 1 2 0 4 8 6 7 15 9 10 3 12 13 14 11 5
188 181 7 1 2 4 0 8 6 7 15 9 10 3 12 13 14 11 5
189 183 6 1 2 4 5 8 6 7 15 9 10 3 12 13 14 11 0
193 186 7 1 2 4 5 8 6 7 15 9 10 0 12 13 14 11 3
193 187 6 1 2 4 5 8 6 7 15 9 10 11 12 13 14 0 3
193 188 5 1 2 4 5 8 6 7 15 9 10 11 12 13 14 3 0
196 190 6 1 2 4 0 8 6 7 15 9 10 11 12 13 14 3 5
196 191 5 1 2 0 4 8 6 7 15 9 10 11 12 13 14 3 5
198 192 6 1 0 2 4 8 6 7 15 9 10 11 12 13 14 3 5
198 192 6 1 2 7 4 8 6 0 15 9 10 11 12 13 14 3 5
199 193 6 1 2 7 4 8 6 15 0 9 10 11 12 13 14 3 5
197 191 6 1 2 4 15 8 6 7 0 9 10 11 12 13 14 3 5
199 192 7 1 2 4 15 8 6 0 7 9 10 11 12 13 14 3 5
200 193 7 1 2 0 15 8 6 4 7 9 10 11 12 13 14 3 5
201 194 7 1 2 15 0 8 6 4 7 9 10 11 12 13 14 3 5
203 197 6 1 2 15 4 8 6 0 7 9 10 11 12 13 14 3 5
203 198 5 1 2 15 4 8 6 7 0 9 10 11 12 13 14 3 5
205 199 6 1 2 15 4 8 6 7 12 9 10 11 0 13 14 3 5
205 200 5 1 2 15 4 8 6 7 12 9 10 11 5 13 14 3 0
207 201 6 1 2 15 4 8 6 7 12 9 10 11 5 13 14 0 3
205 199 6 1 2 15 0 8 6 7 4 9 10 11 12 13 14 3 5
206 201 5 1 2 15 5 8 6 7 4 9 10 11 12 13 14 3 0
208 202 6 1 2 15 5 8 6 7 4 9 10 11 12 13 14 0 3
206 200 6 1 2 0 15 8 6 7 4 9 10 11 12 13 14 3 5
204 198 6 1 2 0 4 8 6 15 7 9 10 11 12 13 14 3 5
202 196 6 1 2 15 5 8 6 4 7 9 10 11 12 13 14 3 0
204 197 7 1 2 15 5 8 6 4 7 9 10 11 12 13 14 0 3
206 199 7 1 2 4 0 8 6 15 7 9 10 11 12 13 14 3 5
207 201 6 1 2 4 5 8 6 15 7 9 10 11 12 13 14 3 0
209 202 7 1 2 4 5 8 6 15 7 9 10 11 12 13 14 0 3
207 200 7 1 2 4 7 8 6 15 0 9 10 11 12 13 14 3 5
206 199 7 1 0 2 4 8 6 15 7 9 10 11 12 13 14 3 5
187 180 7 0 2 15 4 8 6 7 3 9 10 11 5 13 14 12 1
188 181 7 8 2 15 4 0 6 7 3 9 10 11 5 13 14 12 1
179 172 7 0 2 15 1 8 6 7 3 9 10 11 12 13 14 5 4
181 175 6 4 2 15 1 8 6 7 3 9 10 11 12 13 14 5 0
183 176 7 4 2 15 1 8 6 7 3 9 10 11 12 13 14 0 5
180 173 7 1 2 15 13 8 6 7 3 9 10 11 12 0 14 5 4
181 175 6 1 2 15 13 8 6 7 3 9 10 11 12 4 14 5 0
183 176 7 1 2 15 13 8 6 7 3 9 10 11 12 4 14 0 5
184 177 7 1 2 7 4 8 6 3 15 9 10 11 0 13 14 5 12
185 178 7 1 2 7 4 8 6 3 0 9 10 11 15 13 14 5 12
186 179 7 1 2 7 4 8 6 0 3 9 10 11 15 13 14 5 12
186 180 6 1 2 0 4 8 6 7 3 9 10 11 15 13 14 5 12
188 181 7 1 2 4 0 8 6 7 3 9 10 11 15 13 14 5 12
189 183 6 1 2 4 12 8 6 7 3 9 10 11 15 13 14 5 0
191 184 7 1 2 4 12 8 6 7 3 9 10 11 15 13 14 0 5
186 179 7 1 2 15 4 8 6 7 3 9 10 11 5 0 14 12 13
178 171 7 1 2 15 4 8 6 7 3 9 10 11 12 14 0 5 13
179 172 7 1 2 15 4 8 6 7 3 9 10 11 12 14 5 0 13
179 173 6 1 2 15 4 8 6 7 3 9 10 11 12 14 5 13 0
182 175 7 1 2 15 4 8 6 7 3 9 10 11 12 0 5 13 14
183 176 7 1 2 15 4 8 6 7 3 9 10 11 12 5 0 13 14
184 177 7 1 2 15 4 8 6 7 3 9 10 11 12 5 13 0 14
184 178 6 1 2 15 4 8 6 7 3 9 10 11 12 5 13 14 0
174 167 7 8 2 15 4 6 0 7 3 9 10 11 12 13 14 5 1
184 177 7 1 2 15 4 8 6 7 3 9 10 11 5 13 0 14 12
180 173 7 1 2 15 0 8 6 7 3 9 10 11 12 4 14 5 13
181 174 7 1 2 0 15 8 6 7 3 9 10 11 12 4 14 5 13
196 189 7 1 2 4 5 8 6 7 15 9 10 11 0 13 14 3 12
197 190 7 1 2 4 5 8 6 7 0 9 10 11 15 13 14 3 12
198 191 7 1 2 4 0 8 6 7 5 9 10 11 15 13 14 3 12
199 193 6 1 2 4 12 8 6 7 5 9 10 11 15 13 14 3 0
198 192 6 1 2 0 4 8 6 7 5 9 10 11 15 13 14 3 12
200 193 7 1 0 2 4 8 6 7 5 9 10 11 15 13 14 3 12
188 181 7 1 2 0 15 8 6 7 4 9 10 11 3 13 14 12 5
199 192 7 0 2 4 1 8 6 7 15 9 10 11 12 13 14 3 5
201 195 6 5 2 4 1 8 6 7 15 9 10 11 12 13 14 3 0
204 197 7 5 2 4 0 8 6 7 15 9 10 11 12 13 14 3 1
204 198 6 5 2 0 4 8 6 7 15 9 10 11 12 13 14 3 1
206 199 7 5 0 2 4 8 6 7 15 9 10 11 12 13 14 3 1
207 200 7 0 5 2 4 8 6 7 15 9 10 11 12 13 14 3 1
208 203 5 1 5 2 4 8 6 7 15 9 10 11 12 13 14 3 0
210 204 6 1 5 2 4 8 6 7 15 9 10 11 12 13 14 0 3
212 205 7 1 5 2 4 8 6 7 15 9 10 11 12 13 0 14 3
200 193 7 1 2 7 4 8 0 6 15 9 10 11 12 13 14 3 5
201 194 7 1 2 7 4 0 8 6 15 9 10 11 12 13 14 3 5
179 172 7 1 2 15 3 8 6 7 12 9 10 11 0 13 14 5 4
209 202 7 1 2 15 7 8 6 0 4 9 10 11 12 13 14 3 5
210 203 7 1 2 0 7 8 6 15 4 9 10 11 12 13 14 3 5
201 194 7 1 2 7 4 8 6 15 12 9 10 11 0 13 14 3 5
201 195 6 1 2 7 4 8 6 15 12 9 10 11 5 13 14 3 0
203 196 7 1 2 7 4 8 6 15 12 9 10 11 5 13 14 0 3
182 175 7 1 2 15 0 8 6 7 3 9 10 5 12 13 14 11 4
183 176 7 1 2 0 15 8 6 7 3 9 10 5 12 13 14 11 4
205 198 7 1 2 15 4 8 6 11 7 9 10 0 12 13 14 3 5
206 199 7 1 2 15 4 8 6 11 7 9 10 3 12 13 14 0 5
206 200 6 1 2 15 4 8 6 11 7 9 10 3 12 13 14 5 0
210 203 7 1 2 15 4 8 6 11 7 9 10 0 12 13 14 5 3
210 204 6 1 2 15 4 8 6 0 7 9 10 11 12 13 14 5 3
210 205 5 1 2 15 4 8 6 7 0 9 10 11 12 13 14 5 3
212 206 6 1 2 15 4 8 6 7 12 9 10 11 0 13 14 5 3
212 207 5 1 2 15 4 8 6 7 12 9 10 11 3 13 14 5 0
214 208 6 1 2 15 4 8 6 7 12 9 10 11 3 13 14 0 5
212 206 6 1 2 15 0 8 6 7 4 9 10 11 12 13 14 5 3
213 208 5 1 2 15 3 8 6 7 4 9 10 11 12 13 14 5 0
215 209 6 1 2 15 3 8 6 7 4 9 10 11 12 13 14 0 5
213 207 6 1 2 0 15 8 6 7 4 9 10 11 12 13 14 5 3
211 205 6 1 2 0 4 8 6 15 7 9 10 11 12 13 14 5 3
213 206 7 1 2 4 0 8 6 15 7 9 10 11 12 13 14 5 3
214 208 6 1 2 4 3 8 6 15 7 9 10 11 12 13 14 5 0
216 209 7 1 2 4 3 8 6 15 7 9 10 11 12 13 14 0 5
209 202 7 1 2 15 4 8 6 7 12 9 10 11 5 0 14 3 13
209 202 7 1 2 15 4 8 6 7 12 9 10 11 5 13 0 14 3
178 171 7 1 2 15 4 8 6 7 3 9 10 11 12 0 13 14 5
208 201 7 1 2 7 15 8 6 0 4 9 10 11 12 13 14 3 5
209 202 7 1 2 7 15 8 6 4 0 9 10 11 12 13 14 3 5
210 203 7 1 2 7 0 8 6 4 15 9 10 11 12 13 14 3 5
211 205 6 1 2 7 5 8 6 4 15 9 10 11 12 13 14 3 0
213 206 7 1 2 7 5 8 6 4 15 9 10 11 12 13 14 0 3
186 179 7 1 2 7 4 8 6 3 15 9 10 0 12 13 14 5 11
187 180 7 1 2 7 4 8 6 3 15 9 10 5 12 13 14 0 11
187 181 6 1 2 7 4 8 6 3 15 9 10 5 12 13 14 11 0
210 203 7 1 2 15 5 8 6 7 4 9 10 0 12 13 14 11 3
180 173 7 1 2 15 7 8 6 0 3 9 10 11 12 13 14 5 4
181 174 7 1 2 15 7 8 6 3 0 9 10 11 12 13 14 5 4
182 175 7 1 2 15 0 8 6 3 7 9 10 11 12 13 14 5 4
182 177 5 1 2 15 4 8 6 3 7 9 10 11 12 13 14 5 0
184 178 6 1 2 15 4 8 6 3 7 9 10 11 12 13 14 0 5
186 179 7 1 2 15 4 8 6 3 7 9 10 11 12 13 0 14 5
186 179 7 1 2 15 4 8 6 3 7 9 10 0 12 13 14 11 5
187 180 7 1 2 15 4 8 6 0 7 9 10 3 12 13 14 11 5
187 181 6 1 2 15 4 8 6 7 0 9 10 3 12 13 14 11 5
189 182 7 1 2 15 4 8 6 7 12 9 10 3 0 13 14 11 5
189 183 6 1 2 15 4 8 6 7 12 9 10 3 5 13 14 11 0
191 184 7 1 2 15 4 8 6 7 12 9 10 3 5 13 14 0 11
183 176 7 0 2 15 4 8 6 7 3 9 10 5 12 13 14 11 1
184 177 7 8 2 15 4 0 6 7 3 9 10 5 12 13 14 11 1
179 172 7 1 0 2 15 8 6 7 3 9 10 11 12 13 14 5 4
174 167 7 8 2 15 4 9 6 7 3 0 10 11 12 13 14 5 1
189 182 7 1 2 4 3 8 6 7 0 9 10 11 15 13 14 5 12
190 183 7 1 2 4 3 8 6 7 15 9 10 11 0 13 14 5 12
189 184 5 1 2 4 3 8 6 7 15 9 10 11 12 13 14 5 0
192 186 6 1 2 4 0 8 6 7 15 9 10 11 12 13 14 5 3
192 187 5 1 2 0 4 8 6 7 15 9 10 11 12 13 14 5 3
194 188 6 1 0 2 4 8 6 7 15 9 10 11 12 13 14 5 3
194 188 6 1 2 7 4 8 6 0 15 9 10 11 12 13 14 5 3
195 189 6 1 2 7 4 8 6 15 0 9 10 11 12 13 14 5 3
193 187 6 1 2 4 15 8 6 7 0 9 10 11 12 13 14 5 3
191 185 6 1 2 4 3 8 6 7 15 9 10 11 12 13 14 0 5
193 186 7 1 2 4 3 8 6 7 15 9 10 11 12 13 0 14 5
196 189 7 1 2 7 4 8 6 11 15 9 10 0 12 13 14 5 3
197 190 7 1 2 7 4 8 6 11 15 9 10 5 12 13 14 0 3
197 191 6 1 2 7 4 8 6 11 15 9 10 5 12 13 14 3 0
193 186 7 1 2 4 3 8 6 7 15 9 10 0 12 13 14 11 5
201 194 7 1 2 4 12 8 6 7 5 9 10 11 0 13 14 3 15
202 195 7 1 2 4 12 8 6 7 0 9 10 11 5 13 14 3 15
203 196 7 1 2 4 0 8 6 7 12 9 10 11 5 13 14 3 15
204 198 6 1 2 4 15 8 6 7 12 9 10 11 5 13 14 3 0
203 197 6 1 2 0 4 8 6 7 12 9 10 11 5 13 14 3 15
205 198 7 1 0 2 4 8 6 7 12 9 10 11 5 13 14 3 15
205 198 7 1 2 7 4 8 6 0 12 9 10 11 5 13 14 3 15
206 199 7 1 2 7 4 8 6 12 0 9 10 11 5 13 14 3 15
207 200 7 1 2 7 4 8 6 12 5 9 10 11 0 13 14 3 15
207 201 6 1 2 7 4 8 6 12 5 9 10 11 15 13 14 3 0
209 202 7 1 2 7 4 8 6 12 5 9 10 11 15 13 14 0 3
206 199 7 5 2 7 4 8 6 0 15 9 10 11 12 13 14 3 1
207 200 7 5 2 7 4 8 6 15 0 9 10 11 12 13 14 3 1
193 186 7 1 2 0 15 8 6 7 5 9 10 11 4 13 14 12 3
203 196 7 5 2 4 1 8 6 7 15 9 10 11 12 13 14 0 3
175 168 7 6 2 15 4 8 0 7 3 9 10 11 12 13 14 5 1
176 169 7 6 2 15 4 0 8 7 3 9 10 11 12 13 14 5 1
200 193 7 8 2 4 1 0 6 7 15 9 10 11 12 13 14 3 5
205 198 7 5 2 4 15 8 6 7 0 9 10 11 12 13 14 3 1
173 166 7 13 2 15 4 8 6 7 3 9 10 11 12 1 14 0 5
210 203 7 0 2 15 4 8 6 7 12 9 10 11 5 13 14 3 1
211 204 7 8 2 15 4 0 6 7 12 9 10 11 5 13 14 3 1
180 173 7 1 2 15 4 8 6 7 3 9 0 11 12 10 14 5 13
212 205 7 1 5 2 0 8 6 7 15 9 10 11 12 13 14 3 4
213 206 7 1 5 0 2 8 6 7 15 9 10 11 12 13 14 3 4
214 207 7 1 0 5 2 8 6 7 15 9 10 11 12 13 14 3 4
213 206 7 1 5 2 15 8 6 7 0 9 10 11 12 13 14 3 4
208 201 7 8 5 2 4 0 6 7 15 9 10 11 12 13 14 3 1
200 193 7 1 2 7 4 8 6 11 15 9 10 0 12 13 14 3 5
201 194 7 1 2 7 4 8 6 11 15 9 10 3 12 13 14 0 5
201 195 6 1 2 7 4 8 6 11 15 9 10 3 12 13 14 5 0
212 205 7 1 5 2 4 8 6 7 15 9 10 11 12 0 14 3 13
211 204 7 1 5 2 4 8 6 7 15 9 10 11 0 13 14 3 12
212 205 7 1 5 2 4 8 6 7 0 9 10 11 15 13 14 3 12
200 193 7 0 1 2 4 8 6 7 15 9 10 11 12 13 14 3 5
202 196 6 5 1 2 4 8 6 7 15 9 10 11 12 13 14 3 0
204 197 7 5 1 2 4 8 6 7 15 9 10 11 12 13 14 0 3
201 194 7 8 1 2 4 0 6 7 15 9 10 11 12 13 14 3 5
212 205 7 1 5 2 4 8 6 7 15 9 10 0 12 13 14 11 3
213 206 7 1 5 2 4 8 6 7 15 9 10 0 12 13 14 3 11
214 207 7 1 5 2 4 8 6 7 15 9 10 3 12 13 14 0 11
214 208 6 1 5 2 4 8 6 7 15 9 10 3 12 13 14 11 0
201 194 7 1 2 7 0 8 6 15 4 9 10 11 12 13 14 3 5
202 196 6 1 2 7 5 8 6 15 4 9 10 11 12 13 14 3 0
204 197 7 1 2 7 5 8 6 15 4 9 10 11 12 13 14 0 3
192 185 7 1 2 15 4 8 6 7 12 9 10 0 5 13 14 3 11
193 186 7 1 2 15 4 8 6 7 12 9 10 5 0 13 14 3 11
193 187 6 1 2 15 4 8 6 7 12 9 10 5 11 13 14 3 0
193 187 6 1 2 15 4 8 6 7 0 9 10 5 12 13 14 3 11
195 188 7 1 2 15 4 8 6 0 7 9 10 5 12 13 14 3 11
196 189 7 1 2 15 4 8 6 5 7 9 10 0 12 13 14 3 11
197 190 7 1 2 15 4 8 6 5 7 9 10 3 12 13 14 0 11
197 191 6 1 2 15 4 8 6 5 7 9 10 3 12 13 14 11 0
201 194 7 1 2 15 4 8 6 5 7 9 10 0 12 13 14 11 3
201 195 6 1 2 15 4 8 6 5 7 9 10 11 12 13 14 0 3
201 196 5 1 2 15 4 8 6 5 7 9 10 11 12 13 14 3 0
206 199 7 0 2 15 4 8 6 5 7 9 10 11 12 13 14 3 1
207 200 7 8 2 15 4 0 6 5 7 9 10 11 12 13 14 3 1
205 198 7 1 2 15 0 8 6 5 7 9 10 11 12 13 14 3 4
208 201 7 1 2 15 5 8 6 0 7 9 10 11 12 13 14 3 4
208 202 6 1 2 15 5 8 6 7 0 9 10 11 12 13 14 3 4
209 203 6 1 2 15 0 8 6 7 5 9 10 11 12 13 14 3 4
209 205 4 1 2 15 4 8 6 7 5 9 10 11 12 13 14 3 0
211 206 5 1 2 15 4 8 6 7 5 9 10 11 12 13 14 0 3
213 207 6 1 2 15 4 8 6 7 5 9 10 11 12 13 0 14 3
213 207 6 1 2 15 4 8 6 7 5 9 10 0 12 13 14 11 3
214 208 6 1 2 15 4 8 6 7 5 9 10 0 12 13 14 3 11
215 209 6 1 2 15 4 8 6 7 5 9 10 3 12 13 14 0 11
215 210 5 1 2 15 4 8 6 7 5 9 10 3 12 13 14 11 0
214 208 6 0 2 15 4 8 6 7 5 9 10 11 12 13 14 3 1
215 209 6 8 2 15 4 0 6 7 5 9 10 11 12 13 14 3 1
213 207 6 1 2 15 4 8 6 7 5 9 10 11 12 0 14 3 13
212 206 6 1 2 15 4 8 6 7 5 9 10 11 0 13 14 3 12
213 207 6 1 2 15 4 8 6 7 0 9 10 11 5 13 14 3 12
210 204 6 1 2 0 15 8 6 7 5 9 10 11 12 13 14 3 4
212 205 7 1 0 2 15 8 6 7 5 9 10 11 12 13 14 3 4
212 205 7 1 2 7 15 8 6 0 5 9 10 11 12 13 14 3 4
213 206 7 1 2 7 15 8 6 5 0 9 10 11 12 13 14 3 4
214 207 7 1 2 7 0 8 6 5 15 9 10 11 12 13 14 3 4
214 209 5 1 2 7 4 8 6 5 15 9 10 11 12 13 14 3 0
216 210 6 1 2 7 4 8 6 5 15 9 10 11 12 13 14 0 3
218 211 7 1 2 7 4 8 6 5 15 9 10 11 12 13 0 14 3
218 211 7 1 2 7 4 8 6 5 15 9 10 0 12 13 14 11 3
219 212 7 1 2 7 4 8 6 0 15 9 10 5 12 13 14 11 3
219 213 6 1 2 0 4 8 6 7 15 9 10 5 12 13 14 11 3
221 214 7 1 2 4 0 8 6 7 15 9 10 5 12 13 14 11 3
222 216 6 1 2 4 3 8 6 7 15 9 10 5 12 13 14 11 0
224 217 7 1 2 4 3 8 6 7 15 9 10 5 12 13 14 0 11
222 215 7 1 2 4 15 8 6 7 0 9 10 5 12 13 14 11 3
221 214 7 1 0 2 4 8 6 7 15 9 10 5 12 13 14 11 3
213 206 7 1 2 15 13 8 6 7 5 9 10 11 12 0 14 3 4
214 208 6 1 2 15 13 8 6 7 5 9 10 11 12 4 14 3 0
216 209 7 1 2 15 13 8 6 7 5 9 10 11 12 4 14 0 3
215 208 7 1 2 15 4 8 6 7 5 9 0 11 12 13 10 14 3
213 206 7 1 2 15 7 8 6 0 5 9 10 11 12 13 14 3 4
214 207 7 1 2 0 7 8 6 15 5 9 10 11 12 13 14 3 4
215 208 7 1 2 7 0 8 6 15 5 9 10 11 12 13 14 3 4
215 210 5 1 2 7 4 8 6 15 5 9 10 11 12 13 14 3 0
217 211 6 1 2 7 4 8 6 15 5 9 10 11 12 13 14 0 3
219 212 7 1 2 7 4 8 6 15 5 9 10 11 12 13 0 14 3
219 212 7 1 2 7 4 8 6 15 5 9 10 0 12 13 14 11 3
220 213 7 1 2 7 4 8 6 0 5 9 10 15 12 13 14 11 3
220 214 6 1 2 0 4 8 6 7 5 9 10 15 12 13 14 11 3
222 215 7 1 2 4 0 8 6 7 5 9 10 15 12 13 14 11 3
223 217 6 1 2 4 3 8 6 7 5 9 10 15 12 13 14 11 0
227 220 7 1 2 4 3 8 6 7 5 9 10 0 12 13 14 11 15
227 221 6 1 2 4 3 8 6 7 5 9 10 11 12 13 14 0 15
226 222 4 1 2 4 3 8 6 7 5 9 10 11 12 13 14 15 0
229 224 5 1 2 4 0 8 6 7 5 9 10 11 12 13 14 15 3
229 225 4 1 2 0 4 8 6 7 5 9 10 11 12 13 14 15 3
231 226 5 1 0 2 4 8 6 7 5 9 10 11 12 13 14 15 3
231 226 5 1 2 7 4 8 6 0 5 9 10 11 12 13 14 15 3
232 227 5 1 2 7 4 8 6 5 0 9 10 11 12 13 14 15 3
230 225 5 1 2 4 5 8 6 7 0 9 10 11 12 13 14 15 3
232 226 6 1 2 4 5 8 6 0 7 9 10 11 12 13 14 15 3
233 227 6 1 2 0 5 8 6 4 7 9 10 11 12 13 14 15 3
234 228 6 1 2 5 0 8 6 4 7 9 10 11 12 13 14 15 3
236 231 5 1 2 5 4 8 6 0 7 9 10 11 12 13 14 15 3
236 232 4 1 2 5 4 8 6 7 0 9 10 11 12 13 14 15 3
238 233 5 1 2 5 4 8 6 7 12 9 10 11 0 13 14 15 3
238 234 4 1 2 5 4 8 6 7 12 9 10 11 3 13 14 15 0
238 233 5 1 2 5 0 8 6 7 4 9 10 11 12 13 14 15 3
239 235 4 1 2 5 3 8 6 7 4 9 10 11 12 13 14 15 0
239 234 5 1 2 0 5 8 6 7 4 9 10 11 12 13 14 15 3
237 232 5 1 2 0 4 8 6 5 7 9 10 11 12 13 14 15 3
235 230 5 1 2 5 3 8 6 4 7 9 10 11 12 13 14 15 0
239 233 6 1 2 4 0 8 6 5 7 9 10 11 12 13 14 15 3
240 235 5 1 2 4 3 8 6 5 7 9 10 11 12 13 14 15 0
240 234 6 1 2 4 7 8 6 5 0 9 10 11 12 13 14 15 3
239 233 6 1 0 2 4 8 6 5 7 9 10 11 12 13 14 15 3
242 236 6 1 2 5 7 8 6 0 4 9 10 11 12 13 14 15 3
243 237 6 1 2 0 7 8 6 5 4 9 10 11 12 13 14 15 3
241 235 6 1 0 2 5 8 6 7 4 9 10 11 12 13 14 15 3
233 227 6 1 2 7 4 8 6 11 5 9 10 0 12 13 14 15 3
233 227 6 0 1 2 4 8 6 7 5 9 10 11 12 13 14 15 3
235 230 5 3 1 2 4 8 6 7 5 9 10 11 12 13 14 15 0
234 228 6 8 1 2 4 0 6 7 5 9 10 11 12 13 14 15 3
229 223 6 1 2 4 3 8 6 7 5 9 10 11 0 13 14 15 12
230 224 6 1 2 4 3 8 6 7 0 9 10 11 5 13 14 15 12
231 225 6 1 2 4 0 8 6 7 3 9 10 11 5 13 14 15 12
232 227 5 1 2 4 12 8 6 7 3 9 10 11 5 13 14 15 0
231 226 5 1 2 0 4 8 6 7 3 9 10 11 5 13 14 15 12
233 227 6 1 0 2 4 8 6 7 3 9 10 11 5 13 14 15 12
233 227 6 1 2 7 4 8 6 0 3 9 10 11 5 13 14 15 12
234 228 6 1 2 7 4 8 6 3 0 9 10 11 5 13 14 15 12
235 229 6 1 2 7 4 8 6 3 5 9 10 11 0 13 14 15 12
234 230 4 1 2 7 4 8 6 3 5 9 10 11 12 13 14 15 0
239 233 6 1 2 7 4 8 6 3 5 9 10 0 12 13 14 15 11
240 234 6 1 2 7 4 8 6 0 5 9 10 3 12 13 14 15 11
240 235 5 1 2 0 4 8 6 7 5 9 10 3 12 13 14 15 11
242 236 6 1 2 4 0 8 6 7 5 9 10 3 12 13 14 15 11
243 238 5 1 2 4 11 8 6 7 5 9 10 3 12 13 14 15 0
247 241 6 1 2 4 11 8 6 7 5 9 10 0 12 13 14 15 3
243 237 6 1 2 4 5 8 6 7 0 9 10 3 12 13 14 15 11
243 237 6 1 2 5 4 8 6 7 12 9 10 0 3 13 14 15 11
244 238 6 1 2 5 4 8 6 7 12 9 10 3 0 13 14 15 11
244 239 5 1 2 5 4 8 6 7 12 9 10 3 11 13 14 15 0
244 239 5 1 2 5 4 8 6 7 0 9 10 3 12 13 14 15 11
246 240 6 1 2 5 4 8 6 0 7 9 10 3 12 13 14 15 11
247 241 6 1 2 5 4 8 6 3 7 9 10 0 12 13 14 15 11
247 241 6 1 2 0 4 8 6 5 7 9 10 3 12 13 14 15 11
233 227 6 1 2 7 4 8 0 6 5 9 10 11 12 13 14 15 3
234 228 6 1 2 7 4 0 8 6 5 9 10 11 12 13 14 15 3
241 235 6 1 2 7 5 8 6 0 4 9 10 11 12 13 14 15 3
242 236 6 1 2 7 5 8 6 4 0 9 10 11 12 13 14 15 3
243 237 6 1 2 7 0 8 6 4 5 9 10 11 12 13 14 15 3
244 239 5 1 2 7 3 8 6 4 5 9 10 11 12 13 14 15 0
244 238 6 1 2 0 7 8 6 4 5 9 10 11 12 13 14 15 3
233 227 6 1 6 2 4 8 0 7 5 9 10 11 12 13 14 15 3
234 228 6 1 6 2 4 0 8 7 5 9 10 11 12 13 14 15 3
231 225 6 0 2 4 3 8 6 7 5 9 10 11 12 13 14 15 1
233 227 6 3 2 4 0 8 6 7 5 9 10 11 12 13 14 15 1
234 229 5 3 2 4 1 8 6 7 5 9 10 11 12 13 14 15 0
233 228 5 3 2 0 4 8 6 7 5 9 10 11 12 13 14 15 1
235 229 6 3 0 2 4 8 6 7 5 9 10 11 12 13 14 15 1
236 230 6 0 3 2 4 8 6 7 5 9 10 11 12 13 14 15 1
237 233 4 1 3 2 4 8 6 7 5 9 10 11 12 13 14 15 0
242 236 6 1 3 2 4 8 6 7 5 9 10 0 12 13 14 15 11
241 235 6 1 3 2 0 8 6 7 5 9 10 11 12 13 14 15 4
242 236 6 1 3 0 2 8 6 7 5 9 10 11 12 13 14 15 4
242 237 5 1 0 3 2 8 6 7 5 9 10 11 12 13 14 15 4
244 238 6 0 1 3 2 8 6 7 5 9 10 11 12 13 14 15 4
246 241 5 4 1 3 2 8 6 7 5 9 10 11 12 13 14 15 0
249 243 6 4 1 3 0 8 6 7 5 9 10 11 12 13 14 15 2
250 245 5 0 1 3 4 8 6 7 5 9 10 11 12 13 14 15 2
252 248 4 2 1 3 4 8 6 7 5 9 10 11 12 13 14 15 0
250 246 4 1 0 3 4 8 6 7 5 9 10 11 12 13 14 15 2
252 247 5 1 3 0 4 8 6 7 5 9 10 11 12 13 14 15 2
252 247 5 1 6 3 4 8 0 7 5 9 10 11 12 13 14 15 2
253 248 5 1 6 3 4 0 8 7 5 9 10 11 12 13 14 15 2
251 246 5 8 1 3 4 0 6 7 5 9 10 11 12 13 14 15 2
253 247 6 8 1 3 4 6 0 7 5 9 10 11 12 13 14 15 2
254 248 6 8 0 3 4 6 1 7 5 9 10 11 12 13 14 15 2
255 249 6 0 8 3 4 6 1 7 5 9 10 11 12 13 14 15 2
257 252 5 1 8 3 4 6 0 7 5 9 10 11 12 13 14 15 2
257 253 4 1 8 3 4 0 6 7 5 9 10 11 12 13 14 15 2
259 254 5 1 8 3 4 9 6 7 5 0 10 11 12 13 14 15 2
258 253 5 1 0 3 4 6 8 7 5 9 10 11 12 13 14 15 2
257 252 5 2 8 3 4 6 1 7 5 9 10 11 12 13 14 15 0
256 250 6 6 8 3 4 0 1 7 5 9 10 11 12 13 14 15 2
257 251 6 6 8 3 4 1 0 7 5 9 10 11 12 13 14 15 2
258 252 6 6 0 3 4 1 8 7 5 9 10 11 12 13 14 15 2
259 253 6 0 6 3 4 1 8 7 5 9 10 11 12 13 14 15 2
261 256 5 2 6 3 4 1 8 7 5 9 10 11 12 13 14 15 0
262 256 6 8 6 3 4 1 0 7 5 9 10 11 12 13 14 15 2
262 257 5 8 0 3 4 1 6 7 5 9 10 11 12 13 14 15 2
263 258 5 0 8 3 4 1 6 7 5 9 10 11 12 13 14 15 2
265 261 4 2 8 3 4 1 6 7 5 9 10 11 12 13 14 15 0
270 264 6 2 8 3 4 1 6 7 5 9 10 0 12 13 14 15 11
269 263 6 2 8 3 0 1 6 7 5 9 10 11 12 13 14 15 4
271 265 6 0 8 3 2 1 6 7 5 9 10 11 12 13 14 15 4
273 268 5 4 8 3 2 1 6 7 5 9 10 11 12 13 14 15 0
271 266 5 1 8 3 2 0 6 7 5 9 10 11 12 13 14 15 4
273 267 6 1 8 3 2 6 0 7 5 9 10 11 12 13 14 15 4
274 268 6 1 0 3 2 6 8 7 5 9 10 11 12 13 14 15 4
273 267 6 1 8 3 2 9 6 7 5 0 10 11 12 13 14 15 4
272 266 6 8 0 3 2 1 6 7 5 9 10 11 12 13 14 15 4
234 228 6 1 2 4 12 8 6 7 3 9 10 11 0 13 14 15 5
235 229 6 1 2 4 12 8 6 7 0 9 10 11 3 13 14 15 5
236 230 6 1 2 4 0 8 6 7 12 9 10 11 3 13 14 15 5
237 232 5 1 2 4 5 8 6 7 12 9 10 11 3 13 14 15 0
236 231 5 1 2 0 4 8 6 7 12 9 10 11 3 13 14 15 5
238 232 6 1 0 2 4 8 6 7 12 9 10 11 3 13 14 15 5
238 232 6 1 2 7 4 8 6 0 12 9 10 11 3 13 14 15 5
239 233 6 1 2 7 4 8 6 12 0 9 10 11 3 13 14 15 5
240 234 6 1 2 7 4 8 6 12 3 9 10 11 0 13 14 15 5
240 235 5 1 2 7 4 8 6 12 3 9 10 11 5 13 14 15 0
243 237 6 0 2 5 4 8 6 7 12 9 10 11 3 13 14 15 1
244 238 6 8 2 5 4 0 6 7 12 9 10 11 3 13 14 15 1
234 228 6 1 2 7 4 8 6 5 12 9 10 11 0 13 14 15 3
234 229 5 1 2 7 4 8 6 5 12 9 10 11 3 13 14 15 0
242 236 6 1 2 5 4 8 6 7 12 9 10 11 3 0 14 15 13
240 234 6 1 3 2 4 8 6 7 5 9 10 11 12 13 14 0 15
246 240 6 2 1 3 0 8 6 7 5 9 10 11 12 13 14 15 4
247 241 6 2 1 3 5 8 6 7 0 9 10 11 12 13 14 15 4
245 239 6 8 1 3 2 0 6 7 5 9 10 11 12 13 14 15 4
238 232 6 1 2 7 0 8 6 3 5 9 10 11 12 13 14 15 4
241 235 6 1 2 7 3 8 6 0 5 9 10 11 12 13 14 15 4
241 236 5 1 2 0 3 8 6 7 5 9 10 11 12 13 14 15 4
241 237 4 1 2 3 0 8 6 7 5 9 10 11 12 13 14 15 4
241 239 2 1 2 3 4 8 6 7 5 9 10 11 12 13 14 15 0
246 242 4 1 2 3 4 8 6 7 5 9 10 0 12 13 14 15 11
246 242 4 0 2 3 4 8 6 7 5 9 10 11 12 13 14 15 1
247 243 4 8 2 3 4 0 6 7 5 9 10 11 12 13 14 15 1
245 241 4 1 2 3 4 8 6 7 5 9 10 11 12 0 14 15 13
244 240 4 1 2 3 4 8 6 7 5 9 10 11 12 13 14 0 15
244 240 4 1 2 3 4 8 6 7 5 9 10 11 0 13 14 15 12
245 241 4 1 2 3 4 8 6 7 0 9 10 11 5 13 14 15 12
242 238 4 1 2 3 5 8 6 7 0 9 10 11 12 13 14 15 4
244 239 5 1 2 3 5 8 6 0 7 9 10 11 12 13 14 15 4
249 244 5 1 2 3 4 8 6 7 5 9 0 11 12 10 14 15 13
244 239 5 1 2 3 5 8 6 7 12 9 10 11 0 13 14 15 4
244 240 4 1 2 3 5 8 6 7 12 9 10 11 4 13 14 15 0
247 242 5 1 2 3 0 8 6 7 12 9 10 11 4 13 14 15 5
248 243 5 1 2 3 12 8 6 7 0 9 10 11 4 13 14 15 5
249 244 5 1 2 3 12 8 6 7 4 9 10 11 0 13 14 15 5
249 245 4 1 2 3 12 8 6 7 4 9 10 11 5 13 14 15 0
248 243 5 1 2 3 4 8 6 7 5 9 0 10 12 13 14 15 11
248 243 5 1 2 3 4 8 6 7 5 9 10 15 12 13 14 0 11
248 244 4 1 2 3 4 8 6 7 5 9 10 15 12 13 14 11 0
245 240 5 1 2 3 13 8 6 7 5 9 10 11 12 0 14 15 4
246 242 4 1 2 3 13 8 6 7 5 9 10 11 12 4 14 15 0
249 244 5 13 2 3 4 8 6 7 5 9 10 11 12 0 14 15 1
250 246 4 13 2 3 4 8 6 7 5 9 10 11 12 1 14 15 0
249 244 5 4 2 3 0 8 6 7 5 9 10 11 12 13 14 15 1
250 246 4 4 2 3 1 8 6 7 5 9 10 11 12 13 14 15 0
247 242 5 1 2 3 4 8 6 7 5 0 10 11 12 9 14 15 13
248 243 5 1 2 3 4 0 6 7 5 8 10 11 12 9 14 15 13
249 244 5 8 2 3 4 6 0 7 5 9 10 11 12 13 14 15 1
250 245 5 6 2 3 4 8 0 7 5 9 10 11 12 13 14 15 1
251 246 5 6 2 3 4 0 8 7 5 9 10 11 12 13 14 15 1
248 243 5 0 2 3 4 8 6 7 5 9 10 11 12 1 14 15 13
249 244 5 8 2 3 4 0 6 7 5 9 10 11 12 1 14 15 13
244 239 5 0 2 3 1 8 6 7 5 9 10 11 12 13 14 15 4
245 240 5 8 2 3 1 0 6 7 5 9 10 11 12 13 14 15 4
249 244 5 8 2 3 4 9 6 7 5 0 10 11 12 13 14 15 1
249 244 5 1 2 3 0 8 6 7 5 9 10 11 12 4 14 15 13
250 245 5 1 2 3 5 8 6 7 0 9 10 11 12 4 14 15 13
248 243 5 2 0 3 4 8 6 7 5 9 10 11 12 13 14 15 1
250 245 5 4 2 3 5 8 6 7 0 9 10 11 12 13 14 15 1
247 242 5 1 2 3 0 8 6 7 4 9 10 11 5 13 14 15 12
247 242 5 1 2 3 4 8 6 0 7 9 10 11 5 13 14 15 12
247 242 5 1 2 3 4 8 6 7 5 9 10 11 12 14 0 15 13
246 241 5 1 2 3 4 8 6 7 5 9 10 11 12 13 0 14 15
246 241 5 1 2 3 4 8 6 7 5 9 10 0 11 13 14 15 12
248 243 5 1 2 3 4 8 6 0 5 9 10 7 12 13 14 15 11
249 244 5 1 2 3 4 8 6 5 0 9 10 7 12 13 14 15 11
248 243 5 1 2 3 4 8 6 7 5 9 10 12 0 13 14 15 11
248 244 4 1 2 3 4 8 6 7 5 9 10 12 11 13 14 15 0
249 244 5 1 2 3 4 8 6 7 0 9 10 12 5 13 14 15 11
245 240 5 1 2 3 7 8 6 0 5 9 10 11 12 13 14 15 4
246 241 5 1 2 3 7 8 6 5 0 9 10 11 12 13 14 15 4
247 242 5 1 2 3 0 8 6 5 7 9 10 11 12 13 14 15 4
247 244 3 1 2 3 4 8 6 5 7 9 10 11 12 13 14 15 0
252 247 5 1 2 3 4 8 6 5 7 9 10 0 12 13 14 15 11
253 248 5 1 2 3 4 8 6 0 7 9 10 5 12 13 14 15 11
253 249 4 1 2 3 4 8 6 7 0 9 10 5 12 13 14 15 11
255 250 5 1 2 3 4 8 6 7 12 9 10 5 0 13 14 15 11
255 251 4 1 2 3 4 8 6 7 12 9 10 5 11 13 14 15 0
259 254 5 1 2 3 4 8 6 7 12 9 10 0 11 13 14 15 5
259 255 4 1 2 3 4 8 6 7 12 9 10 11 0 13 14 15 5
259 256 3 1 2 3 4 8 6 7 12 9 10 11 5 13 14 15 0
259 256 3 1 2 3 4 8 6 7 0 9 10 11 12 13 14 15 5
261 257 4 1 2 3 4 8 6 0 7 9 10 11 12 13 14 15 5
261 257 4 1 2 3 0 8 6 7 4 9 10 11 12 13 14 15 5
262 259 3 1 2 3 5 8 6 7 4 9 10 11 12 13 14 15 0
267 262 5 1 2 3 5 8 6 7 4 9 10 0 12 13 14 15 11
267 262 5 0 2 3 5 8 6 7 4 9 10 11 12 13 14 15 1
269 264 5 5 2 3 0 8 6 7 4 9 10 11 12 13 14 15 1
270 266 4 5 2 3 1 8 6 7 4 9 10 11 12 13 14 15 0
269 265 4 5 2 3 4 8 6 7 0 9 10 11 12 13 14 15 1
271 266 5 5 2 3 4 8 6 0 7 9 10 11 12 13 14 15 1
271 266 5 5 2 3 4 8 6 7 12 9 10 11 0 13 14 15 1
271 267 4 5 2 3 4 8 6 7 12 9 10 11 1 13 14 15 0
275 270 5 0 2 3 4 8 6 7 12 9 10 11 1 13 14 15 5
276 271 5 8 2 3 4 0 6 7 12 9 10 11 1 13 14 15 5
268 263 5 8 2 3 5 0 6 7 4 9 10 11 12 13 14 15 1
250 245 5 1 2 3 4 8 6 5 7 9 10 11 12 13 14 0 15
263 258 5 1 2 3 4 8 6 7 12 9 10 11 5 0 14 15 13
262 257 5 1 2 3 4 8 6 7 12 9 10 11 5 13 14 0 15
256 251 5 1 2 3 4 8 6 7 12 9 10 0 5 13 14 15 11
263 258 5 1 2 3 4 8 6 11 7 9 10 0 12 13 14 15 5
255 250 5 1 2 3 0 8 6 7 4 9 10 5 12 13 14 15 11
256 252 4 1 2 3 11 8 6 7 4 9 10 5 12 13 14 15 0
260 255 5 1 2 3 11 8 6 7 4 9 10 0 12 13 14 15 5
263 258 5 1 2 0 4 8 6 3 7 9 10 11 12 13 14 15 5
264 259 5 0 2 3 4 8 6 7 12 9 10 11 5 13 14 15 1
265 260 5 8 2 3 4 0 6 7 12 9 10 11 5 13 14 15 1
263 258 5 1 2 0 3 8 6 7 4 9 10 11 12 13 14 15 5
263 258 5 1 2 3 4 8 0 6 7 9 10 11 12 13 14 15 5
264 259 5 1 2 3 4 0 8 6 7 9 10 11 12 13 14 15 5
264 259 5 0 2 3 1 8 6 7 4 9 10 11 12 13 14 15 5
265 260 5 8 2 3 1 0 6 7 4 9 10 11 12 13 14 15 5
265 260 5 1 2 3 13 8 6 7 4 9 10 11 12 0 14 15 5
266 262 4 1 2 3 13 8 6 7 4 9 10 11 12 5 14 15 0
269 264 5 1 2 3 0 8 6 7 4 9 10 11 12 5 14 15 13
269 265 4 1 2 3 4 8 6 7 0 9 10 11 12 5 14 15 13
271 266 5 1 2 3 4 8 6 0 7 9 10 11 12 5 14 15 13
271 266 5 1 2 3 4 8 6 7 12 9 10 11 0 5 14 15 13
271 267 4 1 2 3 4 8 6 7 12 9 10 11 13 5 14 15 0
274 269 5 1 2 3 4 8 6 7 12 9 10 11 13 0 14 15 5
251 246 5 1 2 3 4 8 6 5 7 9 10 11 12 0 14 15 13
246 241 5 1 2 3 4 8 6 7 5 9 10 0 12 13 14 11 15
252 247 5 0 2 3 4 8 6 5 7 9 10 11 12 13 14 15 1
253 248 5 8 2 3 4 0 6 5 7 9 10 11 12 13 14 15 1
265 260 5 1 2 3 7 8 6 0 4 9 10 11 12 13 14 15 5
266 261 5 1 2 3 7 8 6 4 0 9 10 11 12 13 14 15 5
267 262 5 1 2 3 0 8 6 4 7 9 10 11 12 13 14 15 5
268 264 4 1 2 3 5 8 6 4 7 9 10 11 12 13 14 15 0
263 258 5 1 2 3 0 8 6 7 12 9 10 11 5 13 14 15 4
264 259 5 1 2 3 12 8 6 7 0 9 10 11 5 13 14 15 4
265 260 5 1 2 3 12 8 6 7 5 9 10 11 0 13 14 15 4
265 261 4 1 2 3 12 8 6 7 5 9 10 11 4 13 14 15 0
268 263 5 1 2 3 0 8 6 7 5 9 10 11 4 13 14 15 12
269 264 5 1 2 3 5 8 6 7 0 9 10 11 4 13 14 15 12
250 245 5 1 2 3 4 8 6 5 7 9 10 11 0 13 14 15 12
251 246 5 1 2 3 4 8 6 5 0 9 10 11 7 13 14 15 12
252 247 5 1 2 3 4 8 6 0 5 9 10 11 7 13 14 15 12
266 261 5 1 2 3 5 8 6 7 4 9 10 11 12 0 14 15 13
265 260 5 1 2 3 5 8 6 7 4 9 10 11 0 13 14 15 12
265 260 5 1 2 3 5 8 6 7 4 9 10 11 12 13 14 0 15
267 261 6 1 2 3 5 8 6 7 4 9 10 11 12 13 0 14 15
254 248 6 1 2 3 4 8 0 6 5 9 10 11 7 13 14 15 12
255 249 6 1 2 3 4 0 8 6 5 9 10 11 7 13 14 15 12
254 248 6 6 1 3 4 8 0 7 5 9 10 11 12 13 14 15 2
255 249 6 6 1 3 4 0 8 7 5 9 10 11 12 13 14 15 2
238 232 6 1 2 7 4 8 6 3 5 9 10 11 12 0 14 15 13
255 249 6 2 1 3 4 8 6 7 5 9 10 11 12 13 14 0 15
254 248 6 1 3 7 4 8 6 0 5 9 10 11 12 13 14 15 2
255 249 6 1 3 7 4 8 6 5 0 9 10 11 12 13 14 15 2
233 227 6 1 2 4 13 8 6 7 5 9 10 11 12 0 14 15 3
234 229 5 1 2 4 13 8 6 7 5 9 10 11 12 3 14 15 0
237 231 6 1 2 4 0 8 6 7 5 9 10 11 12 3 14 15 13
237 232 5 1 2 0 4 8 6 7 5 9 10 11 12 3 14 15 13
239 233 6 1 0 2 4 8 6 7 5 9 10 11 12 3 14 15 13
241 235 6 0 2 5 1 8 6 7 4 9 10 11 12 13 14 15 3
243 238 5 3 2 5 1 8 6 7 4 9 10 11 12 13 14 15 0
246 240 6 3 2 5 0 8 6 7 4 9 10 11 12 13 14 15 1
246 241 5 3 2 5 4 8 6 7 0 9 10 11 12 13 14 15 1
248 242 6 3 2 5 4 8 6 0 7 9 10 11 12 13 14 15 1
249 243 6 3 2 0 4 8 6 5 7 9 10 11 12 13 14 15 1
259 253 6 1 8 3 4 6 10 7 5 9 0 11 12 13 14 15 2
232 226 6 0 2 4 1 8 6 7 5 9 10 11 12 13 14 15 3
233 227 6 8 2 4 1 0 6 7 5 9 10 11 12 13 14 15 3
242 236 6 1 2 5 3 8 6 7 4 9 10 11 0 13 14 15 12
243 237 6 1 2 5 3 8 6 7 0 9 10 11 4 13 14 15 12
244 238 6 1 2 5 0 8 6 7 3 9 10 11 4 13 14 15 12
245 240 5 1 2 5 12 8 6 7 3 9 10 11 4 13 14 15 0
247 241 6 1 2 5 12 8 6 7 3 9 10 11 0 13 14 15 4
248 242 6 1 2 5 12 8 6 7 0 9 10 11 3 13 14 15 4
242 236 6 1 2 5 13 8 6 7 4 9 10 11 12 0 14 15 3
243 238 5 1 2 5 13 8 6 7 4 9 10 11 12 3 14 15 0
246 240 6 1 2 5 0 8 6 7 4 9 10 11 12 3 14 15 13
246 241 5 1 2 5 4 8 6 7 0 9 10 11 12 3 14 15 13
248 242 6 1 2 5 4 8 6 0 7 9 10 11 12 3 14 15 13
249 243 6 1 2 0 4 8 6 5 7 9 10 11 12 3 14 15 13
266 260 6 4 8 3 0 1 6 7 5 9 10 11 12 13 14 15 2
267 261 6 4 8 3 5 1 6 7 0 9 10 11 12 13 14 15 2
231 225 6 1 2 4 3 8 6 7 5 9 10 0 12 13 14 15 11
233 227 6 1 2 4 7 8 6 0 5 9 10 11 12 13 14 15 3
264 258 6 8 3 0 4 1 6 7 5 9 10 11 12 13 14 15 2
235 229 6 3 2 7 4 8 6 0 5 9 10 11 12 13 14 15 1
236 230 6 3 2 7 4 8 6 5 0 9 10 11 12 13 14 15 1
268 262 6 2 8 3 4 1 6 7 5 9 10 11 12 13 14 0 15
268 262 6 2 8 3 4 1 6 7 5 9 10 11 0 13 14 15 12
269 263 6 2 8 3 4 1 6 7 0 9 10 11 5 13 14 15 12
269 263 6 2 8 3 4 1 6 7 5 9 10 11 12 0 14 15 13
271 265 6 0 8 3 4 1 6 7 5 9 10 11 12 2 14 15 13
273 268 5 13 8 3 4 1 6 7 5 9 10 11 12 2 14 15 0
271 266 5 1 8 3 4 0 6 7 5 9 10 11 12 2 14 15 13
273 267 6 1 8 3 4 6 0 7 5 9 10 11 12 2 14 15 13
274 268 6 1 0 3 4 6 8 7 5 9 10 11 12 2 14 15 13
235 229 6 1 2 5 7 8 6 4 0 9 10 11 12 13 14 15 3
254 248 6 1 6 3 4 8 10 7 5 9 0 11 12 13 14 15 2
238 232 6 1 2 5 4 8 6 11 7 9 10 0 12 13 14 15 3
230 224 6 1 2 4 3 8 6 7 5 9 10 11 12 0 14 15 13
241 235 6 1 2 5 4 8 6 7 12 9 10 11 3 13 14 0 15
242 236 6 1 3 2 5 8 6 7 0 9 10 11 12 13 14 15 4
242 236 6 1 2 5 0 8 6 7 12 9 10 11 3 13 14 15 4
243 237 6 1 2 0 5 8 6 7 12 9 10 11 3 13 14 15 4
240 234 6 1 3 2 4 8 6 7 5 9 10 11 0 13 14 15 12
241 235 6 1 3 2 4 8 6 7 0 9 10 11 5 13 14 15 12
240 234 6 1 2 5 4 8 6 7 12 9 10 0 11 13 14 15 3
244 238 6 1 6 3 2 8 0 7 5 9 10 11 12 13 14 15 4
245 239 6 1 6 3 2 0 8 7 5 9 10 11 12 13 14 15 4
255 249 6 2 1 3 4 8 6 7 5 9 10 11 0 13 14 15 12
256 250 6 2 1 3 4 8 6 7 0 9 10 11 5 13 14 15 12
239 233 6 1 2 0 7 8 6 3 5 9 10 11 12 13 14 15 4
250 244 6 4 1 3 5 8 6 7 0 9 10 11 12 13 14 15 2
243 237 6 1 0 2 3 8 6 7 5 9 10 11 12 13 14 15 4
239 233 6 0 2 7 4 8 6 3 5 9 10 11 12 13 14 15 1
240 234 6 8 2 7 4 0 6 3 5 9 10 11 12 13 14 15 1
250 244 6 0 2 3 1 8 6 7 12 9 10 11 4 13 14 15 5
252 247 5 5 2 3 1 8 6 7 12 9 10 11 4 13 14 15 0
255 249 6 5 2 3 0 8 6 7 12 9 10 11 4 13 14 15 1
256 250 6 5 2 3 12 8 6 7 0 9 10 11 4 13 14 15 1
257 251 6 5 2 3 12 8 6 7 4 9 10 11 0 13 14 15 1
257 252 5 5 2 3 12 8 6 7 4 9 10 11 1 13 14 15 0
261 255 6 0 2 3 12 8 6 7 4 9 10 11 1 13 14 15 5
263 257 6 12 2 3 0 8 6 7 4 9 10 11 1 13 14 15 5
264 259 5 12 2 3 5 8 6 7 4 9 10 11 1 13 14 15 0
263 258 5 12 2 3 4 8 6 7 0 9 10 11 1 13 14 15 5
264 259 5 12 2 3 4 8 6 7 1 9 10 11 0 13 14 15 5
264 260 4 12 2 3 4 8 6 7 1 9 10 11 5 13 14 15 0
268 263 5 0 2 3 4 8 6 7 1 9 10 11 5 13 14 15 12
269 264 5 8 2 3 4 0 6 7 1 9 10 11 5 13 14 15 12
271 265 6 8 2 3 4 6 0 7 1 9 10 11 5 13 14 15 12
271 265 6 8 2 3 4 9 6 7 1 0 10 11 5 13 14 15 12
251 245 6 1 2 3 13 8 6 7 12 9 10 11 4 0 14 15 5
252 247 5 1 2 3 13 8 6 7 12 9 10 11 4 5 14 15 0
255 249 6 1 2 3 0 8 6 7 12 9 10 11 4 5 14 15 13
256 250 6 1 2 3 12 8 6 7 0 9 10 11 4 5 14 15 13
257 251 6 1 2 3 12 8 6 7 4 9 10 11 0 5 14 15 13
257 252 5 1 2 3 12 8 6 7 4 9 10 11 13 5 14 15 0
260 254 6 1 2 3 0 8 6 7 4 9 10 11 13 5 14 15 12
260 255 5 1 2 3 4 8 6 7 0 9 10 11 13 5 14 15 12
261 256 5 1 2 3 4 8 6 7 13 9 10 11 0 5 14 15 12
260 257 3 1 2 3 4 8 6 7 13 9 10 11 12 5 14 15 0
263 259 4 1 2 3 4 8 6 7 13 9 10 11 12 0 14 15 5
267 262 5 1 2 3 4 8 6 7 13 9 0 11 12 10 14 15 5
267 262 5 1 2 3 0 8 6 7 13 9 10 11 12 4 14 15 5
268 264 4 1 2 3 5 8 6 7 13 9 10 11 12 4 14 15 0
271 266 5 1 2 3 5 8 6 7 13 9 10 11 12 0 14 15 4
268 263 5 1 2 3 13 8 6 7 0 9 10 11 12 4 14 15 5
266 261 5 0 2 3 4 8 6 7 13 9 10 11 12 1 14 15 5
268 264 4 5 2 3 4 8 6 7 13 9 10 11 12 1 14 15 0
271 266 5 5 2 3 4 8 6 7 13 9 10 11 12 0 14 15 1
267 262 5 8 2 3 4 0 6 7 13 9 10 11 12 1 14 15 5
265 260 5 1 2 3 4 8 6 7 13 9 10 11 12 14 0 15 5
265 260 5 1 2 3 4 8 6 7 13 0 10 11 12 9 14 15 5
266 261 5 1 2 3 4 0 6 7 13 8 10 11 12 9 14 15 5
265 260 5 1 2 3 4 8 6 7 13 9 10 0 12 5 14 15 11
263 258 5 1 2 3 4 8 6 7 13 9 10 11 12 5 14 0 15
264 259 5 1 2 3 0 8 6 7 13 9 10 11 12 5 14 15 4
265 260 5 1 2 3 13 8 6 7 0 9 10 11 12 5 14 15 4
265 260 5 0 2 3 4 8 6 7 13 9 10 11 12 5 14 15 1
266 261 5 8 2 3 4 0 6 7 13 9 10 11 12 5 14 15 1
268 262 6 8 2 3 4 6 0 7 13 9 10 11 12 5 14 15 1
268 262 6 8 2 3 4 9 6 7 13 0 10 11 12 5 14 15 1
269 263 6 8 2 3 4 9 6 7 13 5 10 11 12 0 14 15 1
270 265 5 8 2 3 4 9 6 7 13 5 10 11 12 1 14 15 0
274 268 6 0 2 3 4 9 6 7 13 5 10 11 12 1 14 15 8
275 270 5 1 2 3 4 9 6 7 13 5 10 11 12 0 14 15 8
276 272 4 1 2 3 4 9 6 7 13 5 10 11 12 8 14 15 0
276 271 5 1 2 3 4 9 6 7 13 0 10 11 12 5 14 15 8
276 272 4 1 2 3 4 0 6 7 13 9 10 11 12 5 14 15 8
278 273 5 1 2 3 4 6 0 7 13 9 10 11 12 5 14 15 8
280 274 6 1 2 3 4 6 7 0 13 9 10 11 12 5 14 15 8
281 275 6 1 2 3 4 6 7 13 0 9 10 11 12 5 14 15 8
280 274 6 1 2 3 4 6 10 7 13 9 0 11 12 5 14 15 8
280 274 6 1 0 3 4 6 2 7 13 9 10 11 12 5 14 15 8
278 272 6 1 2 3 4 9 6 7 13 10 0 11 12 5 14 15 8
281 275 6 1 2 3 4 9 6 7 13 5 10 0 12 8 14 15 11
280 274 6 1 2 3 0 9 6 7 13 5 10 11 12 8 14 15 4
283 277 6 1 2 3 8 9 6 7 13 5 10 11 12 0 14 15 4
284 279 5 1 2 3 8 9 6 7 13 5 10 11 12 4 14 15 0
284 278 6 1 2 3 8 9 6 7 13 0 10 11 12 5 14 15 4
284 279 5 1 2 3 8 0 6 7 13 9 10 11 12 5 14 15 4
286 280 6 1 2 3 8 6 0 7 13 9 10 11 12 5 14 15 4
281 275 6 1 2 3 13 9 6 7 0 5 10 11 12 8 14 15 4
279 273 6 1 2 3 4 9 6 7 13 5 10 11 12 8 14 0 15
279 273 6 1 2 3 4 9 6 7 13 5 10 11 0 8 14 15 12
280 274 6 1 2 3 4 9 6 7 0 5 10 11 13 8 14 15 12
277 271 6 1 2 3 4 9 6 7 13 5 10 11 12 14 0 15 8
279 273 6 1 2 3 4 9 6 7 13 5 0 11 12 10 14 15 8
280 274 6 1 2 3 4 9 6 7 13 0 5 11 12 10 14 15 8
280 275 5 1 2 3 4 0 6 7 13 9 5 11 12 10 14 15 8
282 276 6 1 2 3 4 6 0 7 13 9 5 11 12 10 14 15 8
283 277 6 1 2 3 4 6 5 7 13 9 0 11 12 10 14 15 8
281 275 6 1 2 3 4 9 6 7 13 10 5 11 12 0 14 15 8
282 277 5 1 2 3 4 9 6 7 13 10 5 11 12 8 14 15 0
279 273 6 1 2 3 0 9 6 7 13 5 10 11 12 4 14 15 8
280 274 6 1 2 3 13 9 6 7 0 5 10 11 12 4 14 15 8
275 269 6 9 2 3 4 0 6 7 13 5 10 11 12 1 14 15 8
275 270 5 9 2 3 4 5 6 7 13 0 10 11 12 1 14 15 8
276 271 5 9 2 3 4 5 6 7 13 1 10 11 12 0 14 15 8
277 273 4 9 2 3 4 5 6 7 13 1 10 11 12 8 14 15 0
281 276 5 0 2 3 4 5 6 7 13 1 10 11 12 8 14 15 9
283 278 5 8 2 3 4 5 6 7 13 1 10 11 12 0 14 15 9
284 280 4 8 2 3 4 5 6 7 13 1 10 11 12 9 14 15 0
284 279 5 8 2 3 4 5 6 7 13 0 10 11 12 1 14 15 9
278 273 5 0 2 3 4 5 6 7 13 1 10 11 12 9 14 15 8
282 276 6 6 2 3 4 5 0 7 13 1 10 11 12 9 14 15 8
287 281 6 8 2 3 4 5 6 7 13 1 10 11 0 9 14 15 12
288 282 6 8 2 3 4 5 6 7 0 1 10 11 13 9 14 15 12
281 275 6 4 2 3 0 5 6 7 13 1 10 11 12 9 14 15 8
282 277 5 4 2 3 8 5 6 7 13 1 10 11 12 9 14 15 0
286 280 6 0 2 3 8 5 6 7 13 1 10 11 12 9 14 15 4
288 282 6 9 2 3 8 5 6 7 13 1 10 11 12 0 14 15 4
289 284 5 9 2 3 8 5 6 7 13 1 10 11 12 4 14 15 0
293 287 6 0 2 3 8 5 6 7 13 1 10 11 12 4 14 15 9
289 283 6 9 2 3 8 5 6 7 13 0 10 11 12 1 14 15 4
285 279 6 4 2 3 8 5 6 7 13 1 10 11 12 0 14 15 9
286 280 6 4 2 3 8 5 6 7 13 0 10 11 12 1 14 15 9
284 278 6 4 2 3 9 5 6 7 13 1 10 11 12 0 14 15 8
285 280 5 4 2 3 9 5 6 7 13 1 10 11 12 8 14 15 0
289 283 6 0 2 3 9 5 6 7 13 1 10 11 12 8 14 15 4
291 285 6 8 2 3 9 5 6 7 13 1 10 11 12 0 14 15 4
292 287 5 8 2 3 9 5 6 7 13 1 10 11 12 4 14 15 0
292 286 6 8 2 3 9 5 6 7 13 0 10 11 12 1 14 15 4
286 280 6 0 2 3 9 5 6 7 13 1 10 11 12 4 14 15 8
285 279 6 4 2 3 9 5 6 7 13 0 10 11 12 1 14 15 8
282 276 6 4 2 3 13 5 6 7 0 1 10 11 12 9 14 15 8
280 274 6 2 0 3 4 5 6 7 13 1 10 11 12 9 14 15 8
286 280 6 8 2 3 4 0 6 7 13 5 10 11 12 1 14 15 9
289 283 6 8 2 3 4 5 6 7 13 1 10 0 12 9 14 15 11
287 281 6 8 2 3 4 5 6 7 13 1 10 11 12 9 14 0 15
287 281 6 8 2 3 4 5 6 7 13 1 0 11 12 10 14 15 9
288 282 6 8 2 3 4 5 6 7 13 0 1 11 12 10 14 15 9
289 283 6 8 2 3 4 5 6 7 13 10 1 11 12 0 14 15 9
290 285 5 8 2 3 4 5 6 7 13 10 1 11 12 9 14 15 0
294 288 6 0 2 3 4 5 6 7 13 10 1 11 12 9 14 15 8
296 290 6 9 2 3 4 5 6 7 13 10 1 11 12 0 14 15 8
297 292 5 9 2 3 4 5 6 7 13 10 1 11 12 8 14 15 0
297 291 6 9 2 3 4 5 6 7 13 0 1 11 12 10 14 15 8
291 285 6 0 2 3 4 5 6 7 13 10 1 11 12 8 14 15 9
288 282 6 8 2 3 0 5 6 7 13 1 10 11 12 9 14 15 4
289 283 6 8 2 3 13 5 6 7 0 1 10 11 12 9 14 15 4
282 276 6 9 2 3 4 5 6 7 13 1 10 0 12 8 14 15 11
280 274 6 5 2 3 4 0 6 7 13 1 10 11 12 9 14 15 8
281 275 6 5 2 3 4 1 6 7 13 0 10 11 12 9 14 15 8
281 276 5 5 2 3 4 1 6 7 13 9 10 11 12 0 14 15 8
282 278 4 5 2 3 4 1 6 7 13 9 10 11 12 8 14 15 0
286 281 5 0 2 3 4 1 6 7 13 9 10 11 12 8 14 15 5
286 282 4 1 2 3 4 0 6 7 13 9 10 11 12 8 14 15 5
288 283 5 1 2 3 4 6 0 7 13 9 10 11 12 8 14 15 5
288 283 5 1 2 3 4 9 6 7 13 0 10 11 12 8 14 15 5
289 284 5 1 2 3 4 9 6 7 13 8 10 11 12 0 14 15 5
290 286 4 1 2 3 4 9 6 7 13 8 10 11 12 5 14 15 0
288 283 5 8 2 3 4 1 6 7 13 9 10 11 12 0 14 15 5
289 285 4 8 2 3 4 1 6 7 13 9 10 11 12 5 14 15 0
283 278 5 0 2 3 4 1 6 7 13 9 10 11 12 5 14 15 8
287 281 6 6 2 3 4 1 0 7 13 9 10 11 12 5 14 15 8
288 282 6 6 2 3 4 0 1 7 13 9 10 11 12 5 14 15 8
286 280 6 4 2 3 0 1 6 7 13 9 10 11 12 5 14 15 8
287 282 5 4 2 3 8 1 6 7 13 9 10 11 12 5 14 15 0
291 285 6 0 2 3 8 1 6 7 13 9 10 11 12 5 14 15 4
293 287 6 5 2 3 8 1 6 7 13 9 10 11 12 0 14 15 4
294 289 5 5 2 3 8 1 6 7 13 9 10 11 12 4 14 15 0
298 292 6 0 2 3 8 1 6 7 13 9 10 11 12 4 14 15 5
298 293 5 1 2 3 8 0 6 7 13 9 10 11 12 4 14 15 5
300 294 6 1 2 3 8 6 0 7 13 9 10 11 12 4 14 15 5
295 289 6 0 2 3 4 9 6 7 13 8 10 11 12 5 14 15 1
297 291 6 5 2 3 4 9 6 7 13 8 10 11 12 0 14 15 1
298 293 5 5 2 3 4 9 6 7 13 8 10 11 12 1 14 15 0
298 292 6 5 2 3 4 9 6 7 13 0 10 11 12 8 14 15 1
298 293 5 5 2 3 4 0 6 7 13 9 10 11 12 8 14 15 1
300 294 6 5 2 3 4 6 0 7 13 9 10 11 12 8 14 15 1
296 290 6 9 2 3 4 0 6 7 13 8 10 11 12 5 14 15 1
297 291 6 9 2 3 4 8 6 7 13 0 10 11 12 5 14 15 1
298 292 6 9 2 3 4 8 6 7 13 5 10 11 12 0 14 15 1
299 294 5 9 2 3 4 8 6 7 13 5 10 11 12 1 14 15 0
303 297 6 0 2 3 4 8 6 7 13 5 10 11 12 1 14 15 9
304 299 5 1 2 3 4 8 6 7 13 5 10 11 12 0 14 15 9
305 301 4 1 2 3 4 8 6 7 13 5 10 11 12 9 14 15 0
305 300 5 1 2 3 4 8 6 7 13 0 10 11 12 5 14 15 9
306 301 5 1 2 3 4 0 6 7 13 8 10 11 12 5 14 15 9
308 302 6 1 2 3 4 6 0 7 13 8 10 11 12 5 14 15 9
307 301 6 1 2 3 4 8 6 7 13 10 0 11 12 5 14 15 9
310 304 6 1 2 3 4 8 6 7 13 5 10 0 12 9 14 15 11
292 286 6 0 2 3 4 9 6 7 13 8 10 11 12 1 14 15 5
293 287 6 9 2 3 4 0 6 7 13 8 10 11 12 1 14 15 5
294 288 6 9 2 3 4 8 6 7 13 0 10 11 12 1 14 15 5
295 289 6 9 2 3 4 8 6 7 13 1 10 11 12 0 14 15 5
296 291 5 9 2 3 4 8 6 7 13 1 10 11 12 5 14 15 0
300 294 6 0 2 3 4 8 6 7 13 1 10 11 12 5 14 15 9
302 296 6 5 2 3 4 8 6 7 13 1 10 11 12 0 14 15 9
303 298 5 5 2 3 4 8 6 7 13 1 10 11 12 9 14 15 0
303 297 6 5 2 3 4 8 6 7 13 0 10 11 12 1 14 15 9
304 298 6 5 2 3 4 0 6 7 13 8 10 11 12 1 14 15 9
301 295 6 8 2 3 4 0 6 7 13 1 10 11 12 5 14 15 9
302 296 6 8 2 3 4 1 6 7 13 0 10 11 12 5 14 15 9
303 297 6 8 2 3 4 1 6 7 13 5 10 11 12 0 14 15 9
304 299 5 8 2 3 4 1 6 7 13 5 10 11 12 9 14 15 0
308 302 6 0 2 3 4 1 6 7 13 5 10 11 12 9 14 15 8
308 303 5 1 2 3 4 0 6 7 13 5 10 11 12 9 14 15 8
308 304 4 1 2 3 4 5 6 7 13 0 10 11 12 9 14 15 8
308 305 3 1 2 3 4 5 6 7 13 9 10 11 12 0 14 15 8
309 307 2 1 2 3 4 5 6 7 13 9 10 11 12 8 14 15 0
314 310 4 1 2 3 4 5 6 7 13 9 10 0 12 8 14 15 11
314 310 4 0 2 3 4 5 6 7 13 9 10 11 12 8 14 15 1
316 312 4 8 2 3 4 5 6 7 13 9 10 11 12 0 14 15 1
317 314 3 8 2 3 4 5 6 7 13 9 10 11 12 1 14 15 0
313 309 4 1 2 3 0 5 6 7 13 9 10 11 12 8 14 15 4
316 312 4 1 2 3 8 5 6 7 13 9 10 11 12 0 14 15 4
317 314 3 1 2 3 8 5 6 7 13 9 10 11 12 4 14 15 0
314 310 4 1 2 3 13 5 6 7 0 9 10 11 12 8 14 15 4
312 308 4 1 2 3 4 5 6 7 13 9 10 11 12 8 14 0 15
312 308 4 1 2 3 4 5 6 7 13 9 10 11 0 8 14 15 12
313 309 4 1 2 3 4 5 6 7 0 9 10 11 13 8 14 15 12
312 308 4 1 2 3 4 5 6 7 13 9 0 11 12 10 14 15 8
310 306 4 1 2 3 4 5 6 7 13 9 10 11 12 14 0 15 8
311 307 4 0 2 3 4 5 6 7 13 9 10 11 12 1 14 15 8
312 308 4 1 2 3 0 5 6 7 13 9 10 11 12 4 14 15 8
313 309 4 1 2 3 13 5 6 7 0 9 10 11 12 4 14 15 8
315 310 5 1 2 3 13 5 6 0 7 9 10 11 12 4 14 15 8
315 310 5 1 2 3 13 5 6 7 12 9 10 11 0 4 14 15 8
315 311 4 1 2 3 13 5 6 7 12 9 10 11 8 4 14 15 0
318 313 5 1 2 3 0 5 6 7 12 9 10 11 8 4 14 15 13
320 316 4 1 2 3 4 5 6 7 12 9 10 11 8 0 14 15 13
320 318 2 1 2 3 4 5 6 7 12 9 10 11 8 13 14 15 0
322 319 3 1 2 3 4 5 6 7 12 9 10 11 0 13 14 15 8
322 320 2 1 2 3 4 5 6 7 0 9 10 11 12 13 14 15 8
324 321 3 1 2 3 4 5 6 0 7 9 10 11 12 13 14 15 8
324 321 3 1 2 3 0 5 6 7 4 9 10 11 12 13 14 15 8
325 323 2 1 2 3 8 5 6 7 4 9 10 11 12 13 14 15 0
330 326 4 1 2 3 8 5 6 7 4 9 10 0 12 13 14 15 11
330 326 4 0 2 3 8 5 6 7 4 9 10 11 12 13 14 15 1
332 328 4 8 2 3 0 5 6 7 4 9 10 11 12 13 14 15 1
333 330 3 8 2 3 1 5 6 7 4 9 10 11 12 13 14 15 0
332 329 3 8 2 3 4 5 6 7 0 9 10 11 12 13 14 15 1
334 330 4 8 2 3 4 5 6 0 7 9 10 11 12 13 14 15 1
334 330 4 8 2 3 4 5 6 7 12 9 10 11 0 13 14 15 1
334 331 3 8 2 3 4 5 6 7 12 9 10 11 1 13 14 15 0
338 334 4 0 2 3 4 5 6 7 12 9 10 11 1 13 14 15 8
329 325 4 1 2 3 8 5 6 7 4 9 10 11 12 0 14 15 13
332 328 4 1 2 3 0 5 6 7 4 9 10 11 12 8 14 15 13
333 330 3 1 2 3 13 5 6 7 4 9 10 11 12 8 14 15 0
332 329 3 1 2 3 4 5 6 7 0 9 10 11 12 8 14 15 13
334 330 4 1 2 3 4 5 6 0 7 9 10 11 12 8 14 15 13
334 330 4 1 2 3 4 5 6 7 12 9 10 11 0 8 14 15 13
334 331 3 1 2 3 4 5 6 7 12 9 10 11 13 8 14 15 0
337 333 4 1 2 3 4 5 6 7 12 9 10 11 13 0 14 15 8
328 324 4 1 2 3 8 5 6 7 4 9 10 11 12 13 14 0 15
324 320 4 1 2 3 4 5 6 7 12 9 10 0 11 13 14 15 8
325 321 4 0 2 3 4 5 6 7 12 9 10 11 8 13 14 15 1
325 321 4 1 2 3 4 5 6 7 12 9 10 0 8 13 14 15 11
326 322 4 1 2 3 4 5 6 7 12 9 10 8 0 13 14 15 11
326 323 3 1 2 3 4 5 6 7 12 9 10 8 11 13 14 15 0
326 323 3 1 2 3 4 5 6 7 0 9 10 8 12 13 14 15 11
328 324 4 1 2 3 4 5 6 0 7 9 10 8 12 13 14 15 11
329 325 4 1 2 3 4 5 6 8 7 9 10 0 12 13 14 15 11
328 324 4 1 2 3 0 5 6 7 4 9 10 8 12 13 14 15 11
329 326 3 1 2 3 11 5 6 7 4 9 10 8 12 13 14 15 0
333 329 4 1 2 3 11 5 6 7 4 9 10 0 12 13 14 15 8
328 324 4 1 2 3 13 5 6 7 4 9 10 11 12 0 14 15 8
326 322 4 1 2 0 3 5 6 7 4 9 10 11 12 13 14 15 8
326 322 4 1 2 3 4 5 0 6 7 9 10 11 12 13 14 15 8
328 324 4 1 2 3 7 5 6 0 4 9 10 11 12 13 14 15 8
329 325 4 1 2 3 7 5 6 4 0 9 10 11 12 13 14 15 8
330 326 4 1 2 3 0 5 6 4 7 9 10 11 12 13 14 15 8
331 328 3 1 2 3 8 5 6 4 7 9 10 11 12 13 14 15 0
324 320 4 1 2 3 0 5 6 7 12 9 10 11 8 13 14 15 4
325 321 4 1 2 3 12 5 6 7 0 9 10 11 8 13 14 15 4
325 322 3 1 2 3 12 5 6 7 8 9 10 11 0 13 14 15 4
325 323 2 1 2 3 12 5 6 7 8 9 10 11 4 13 14 15 0
328 325 3 1 2 3 0 5 6 7 8 9 10 11 4 13 14 15 12
332 328 4 1 2 3 7 5 6 0 8 9 10 11 4 13 14 15 12
326 322 4 1 2 3 4 5 6 11 7 9 10 0 12 13 14 15 8
332 328 4 1 2 3 13 5 6 7 8 9 10 11 4 0 14 15 12
333 330 3 1 2 3 13 5 6 7 8 9 10 11 4 12 14 15 0
336 332 4 1 2 3 0 5 6 7 8 9 10 11 4 12 14 15 13
335 331 4 1 2 3 13 5 6 7 8 9 10 11 0 12 14 15 4
331 327 4 0 2 3 1 5 6 7 8 9 10 11 4 13 14 15 12
333 330 3 12 2 3 1 5 6 7 8 9 10 11 4 13 14 15 0
336 332 4 12 2 3 0 5 6 7 8 9 10 11 4 13 14 15 1
335 331 4 12 2 3 1 5 6 7 8 9 10 11 0 13 14 15 4
330 326 4 0 2 3 12 5 6 7 8 9 10 11 4 13 14 15 1
327 323 4 0 2 3 1 5 6 7 4 9 10 11 12 13 14 15 8
327 323 4 1 2 3 12 5 6 7 8 9 10 0 11 13 14 15 4
323 319 4 1 2 3 4 5 6 7 12 9 10 11 8 13 14 0 15
328 324 4 1 2 3 8 5 6 7 4 9 10 11 0 13 14 15 12
329 325 4 1 2 3 12 5 6 7 8 9 10 11 4 0 14 15 13
326 322 4 1 2 0 4 5 6 3 7 9 10 11 12 13 14 15 8
328 324 4 1 2 3 12 5 6 7 8 9 10 11 4 13 14 0 15
330 326 4 1 2 0 3 5 6 7 8 9 10 11 4 13 14 15 12
330 326 4 1 2 3 12 5 6 7 8 9 10 0 4 13 14 15 11
331 327 4 1 2 3 12 5 6 7 8 9 10 4 0 13 14 15 11
331 328 3 1 2 3 12 5 6 7 8 9 10 4 11 13 14 15 0
334 330 4 1 2 3 0 5 6 7 8 9 10 4 11 13 14 15 12
329 325 4 1 2 3 8 5 6 7 0 9 10 11 4 13 14 15 12
331 326 5 1 2 3 8 5 6 0 7 9 10 11 4 13 14 15 12
330 325 5 1 2 3 12 5 6 7 8 9 10 0 4 13 14 11 15
331 326 5 1 2 3 12 5 6 7 8 9 10 4 0 13 14 11 15
331 327 4 1 2 3 12 5 6 7 8 9 10 4 15 13 14 11 0
335 330 5 1 2 3 12 5 6 7 8 9 10 0 15 13 14 11 4
335 331 4 1 2 3 12 5 6 7 8 9 10 11 15 13 14 0 4
335 332 3 1 2 3 12 5 6 7 8 9 10 11 15 13 14 4 0
338 334 4 1 2 3 0 5 6 7 8 9 10 11 15 13 14 4 12
337 333 4 1 2 3 12 5 6 7 8 9 10 11 0 13 14 4 15
339 334 5 1 2 3 12 5 6 7 8 9 10 0 11 13 14 4 15
339 334 5 1 2 3 12 5 6 7 0 9 10 11 8 13 14 4 15
340 335 5 1 2 3 0 5 6 7 12 9 10 11 8 13 14 4 15
341 337 4 1 2 3 15 5 6 7 12 9 10 11 8 13 14 4 0
343 338 5 1 2 3 15 5 6 7 12 9 10 11 8 13 14 0 4
343 338 5 1 2 3 15 5 6 7 12 9 10 11 0 13 14 4 8
343 339 4 1 2 3 15 5 6 7 0 9 10 11 12 13 14 4 8
344 340 4 1 2 3 0 5 6 7 15 9 10 11 12 13 14 4 8
345 342 3 1 2 3 8 5 6 7 15 9 10 11 12 13 14 4 0
347 343 4 1 2 3 8 5 6 7 15 9 10 11 12 13 14 0 4
349 344 5 1 2 3 8 5 6 7 15 9 10 11 12 13 0 14 4
349 344 5 1 2 3 8 5 6 7 15 9 10 0 12 13 14 11 4
322 317 5 0 2 3 8 5 6 7 13 9 10 11 12 4 14 15 1
324 319 5 4 2 3 8 5 6 7 13 9 10 11 12 0 14 15 1
325 321 4 4 2 3 8 5 6 7 13 9 10 11 12 1 14 15 0
320 315 5 1 2 3 8 5 6 7 13 9 10 11 12 4 14 0 15
314 309 5 1 2 3 4 5 6 7 13 9 10 0 11 8 14 15 12
316 311 5 1 2 3 4 5 6 0 13 9 10 7 12 8 14 15 11
317 312 5 1 2 3 4 5 6 13 0 9 10 7 12 8 14 15 11
316 311 5 2 0 3 4 5 6 7 13 9 10 11 12 8 14 15 1
316 311 5 1 2 3 13 5 6 7 12 9 10 11 0 8 14 15 4
316 312 4 1 2 3 13 5 6 7 12 9 10 11 4 8 14 15 0
319 314 5 1 2 3 0 5 6 7 12 9 10 11 4 8 14 15 13
322 317 5 1 2 3 8 5 6 7 12 9 10 11 4 0 14 15 13
322 319 3 1 2 3 8 5 6 7 12 9 10 11 4 13 14 15 0
325 321 4 1 2 3 0 5 6 7 12 9 10 11 4 13 14 15 8
326 322 4 1 2 3 12 5 6 7 0 9 10 11 4 13 14 15 8
327 323 4 1 2 3 12 5 6 7 4 9 10 11 0 13 14 15 8
327 324 3 1 2 3 12 5 6 7 4 9 10 11 8 13 14 15 0
330 326 4 1 2 3 0 5 6 7 4 9 10 11 8 13 14 15 12
330 327 3 1 2 3 4 5 6 7 0 9 10 11 8 13 14 15 12
330 328 2 1 2 3 4 5 6 7 8 9 10 11 0 13 14 15 12
329 329 0 1 2 3 4 5 6 7 8 9 10 11 12 13 14 15 0
