0 0 0 0 1 11 9 8 15 14 4 3 7 6 10 2 12 5 13
16 3 13 13 1 11 9 8 15 14 4 3 7 6 10 2 12 5 0
14 1 13 1 0 11 9 8 15 14 4 3 7 6 10 2 12 5 13
15 2 13 1 11 0 9 8 15 14 4 3 7 6 10 2 12 5 13
15 3 12 1 11 9 0 8 15 14 4 3 7 6 10 2 12 5 13
15 5 10 1 11 9 13 8 15 14 4 3 7 6 10 2 12 5 0
19 8 11 1 11 9 13 8 15 14 4 3 7 0 10 2 12 5 6
20 9 11 1 11 9 13 8 15 14 4 3 7 10 0 2 12 5 6
20 10 10 1 11 9 13 8 15 14 4 3 7 10 6 2 12 5 0
24 13 11 1 11 9 13 8 15 14 4 3 7 0 6 2 12 5 10
25 14 11 1 11 9 13 8 15 14 4 3 7 5 6 2 12 0 10
25 15 10 1 11 9 13 8 15 14 4 3 7 5 6 2 12 10 0
25 15 10 1 11 9 13 8 15 14 4 3 7 5 6 2 0 12 10
26 16 10 1 11 9 13 8 15 14 4 3 7 5 6 0 2 12 10
27 18 9 1 11 9 13 8 15 14 4 3 7 5 6 10 2 12 0
31 21 10 1 11 9 13 8 15 14 4 3 7 0 6 10 2 12 5
32 22 10 1 11 9 13 8 15 14 4 3 7 6 0 10 2 12 5
32 23 9 1 11 9 13 8 15 14 4 3 7 6 5 10 2 12 0
36 26 10 1 11 9 13 8 15 14 4 3 7 0 5 10 2 12 6
37 27 10 1 11 9 13 8 15 0 4 3 7 14 5 10 2 12 6
38 28 10 1 11 9 13 8 15 4 0 3 7 14 5 10 2 12 6
39 29 10 1 11 9 13 8 15 4 5 3 7 14 0 10 2 12 6
39 30 9 1 11 9 13 8 15 4 5 3 7 14 6 10 2 12 0
43 33 10 1 11 9 13 8 15 4 5 3 7 0 6 10 2 12 14
44 34 10 1 11 9 13 8 15 4 5 3 7 6 0 10 2 12 14
44 35 9 1 11 9 13 8 15 4 5 3 7 6 14 10 2 12 0
47 37 10 1 11 9 13 8 15 4 5 3 7 6 14 0 2 12 10
48 38 10 1 11 9 13 8 15 4 5 3 7 6 14 2 0 12 10
45 35 10 1 11 9 13 8 15 4 0 3 7 6 5 10 2 12 14
46 36 10 1 11 9 13 8 15 0 4 3 7 6 5 10 2 12 14
47 37 10 1 11 9 13 8 0 15 4 3 7 6 5 10 2 12 14
48 38 10 1 11 9 13 0 8 15 4 3 7 6 5 10 2 12 14
48 38 10 1 0 9 13 8 11 15 4 3 7 6 5 10 2 12 14
47 37 10 1 11 9 13 8 15 6 4 3 7 0 5 10 2 12 14
48 38 10 1 11 9 13 8 15 6 4 3 7 5 0 10 2 12 14
48 39 9 1 11 9 13 8 15 6 4 3 7 5 14 10 2 12 0
52 42 10 1 11 9 13 8 15 6 4 3 7 0 14 10 2 12 5
53 43 10 1 11 9 13 8 15 6 4 3 7 14 0 10 2 12 5
53 44 9 1 11 9 13 8 15 6 4 3 7 14 5 10 2 12 0
56 46 10 1 11 9 13 8 15 6 4 3 7 14 5 0 2 12 10
57 47 10 1 11 9 13 8 15 6 4 3 7 14 5 2 0 12 10
54 44 10 1 11 9 13 8 15 6 0 3 7 14 4 10 2 12 5
55 45 10 1 11 9 13 8 15 0 6 3 7 14 4 10 2 12 5
56 46 10 1 11 9 13 8 0 15 6 3 7 14 4 10 2 12 5
57 47 10 1 11 9 13 0 8 15 6 3 7 14 4 10 2 12 5
44 34 10 1 11 9 13 8 15 0 5 3 7 4 6 10 2 12 14
45 35 10 1 11 9 13 8 15 5 0 3 7 4 6 10 2 12 14
46 36 10 1 11 9 13 8 15 5 6 3 7 4 0 10 2 12 14
46 37 9 1 11 9 13 8 15 5 6 3 7 4 14 10 2 12 0
50 40 10 1 11 9 13 8 15 5 6 3 7 0 14 10 2 12 4
51 41 10 1 11 9 13 8 15 5 6 3 7 14 0 10 2 12 4
51 42 9 1 11 9 13 8 15 5 6 3 7 14 4 10 2 12 0
54 44 10 1 11 9 13 8 15 5 6 3 7 14 4 0 2 12 10
55 45 10 1 11 9 13 8 15 5 6 3 7 14 4 2 0 12 10
52 42 10 1 11 9 13 8 15 5 0 3 7 14 6 10 2 12 4
53 43 10 1 11 9 13 8 15 0 5 3 7 14 6 10 2 12 4
54 44 10 1 11 9 13 8 0 15 5 3 7 14 6 10 2 12 4
55 45 10 1 11 9 13 0 8 15 5 3 7 14 6 10 2 12 4
55 45 10 1 0 9 13 8 11 15 5 3 7 14 6 10 2 12 4
53 43 10 1 11 9 13 8 15 0 4 3 7 6 14 10 2 12 5
54 44 10 1 11 9 13 8 15 4 0 3 7 6 14 10 2 12 5
54 45 9 1 11 9 13 8 15 4 14 3 7 6 0 10 2 12 5
54 46 8 1 11 9 13 8 15 4 14 3 7 6 5 10 2 12 0
58 49 9 1 11 9 13 8 15 4 14 3 7 0 5 10 2 12 6
59 50 9 1 11 9 13 8 15 4 14 3 7 5 0 10 2 12 6
59 51 8 1 11 9 13 8 15 4 14 3 7 5 6 10 2 12 0
62 53 9 1 11 9 13 8 15 4 14 3 7 5 6 0 2 12 10
63 54 9 1 11 9 13 8 15 4 14 3 7 5 6 2 0 12 10
59 50 9 1 11 9 13 8 15 0 14 3 7 4 5 10 2 12 6
60 51 9 1 11 9 13 8 0 15 14 3 7 4 5 10 2 12 6
61 52 9 1 11 9 13 0 8 15 14 3 7 4 5 10 2 12 6
61 52 9 1 0 9 13 8 11 15 14 3 7 4 5 10 2 12 6
57 48 9 1 11 9 13 8 15 4 14 3 7 6 5 0 2 12 10
58 49 9 1 11 9 13 8 15 4 14 3 7 6 5 2 0 12 10
55 46 9 1 11 9 13 8 15 4 14 3 7 0 6 10 2 12 5
56 47 9 1 11 9 13 8 15 0 14 3 7 4 6 10 2 12 5
57 48 9 1 11 9 13 8 0 15 14 3 7 4 6 10 2 12 5
58 49 9 1 11 9 13 0 8 15 14 3 7 4 6 10 2 12 5
58 49 9 1 0 9 13 8 11 15 14 3 7 4 6 10 2 12 5
60 50 10 1 9 0 13 8 11 15 14 3 7 4 6 10 2 12 5
61 51 10 1 9 15 13 8 11 0 14 3 7 4 6 10 2 12 5
62 52 10 1 9 15 13 8 0 11 14 3 7 4 6 10 2 12 5
63 53 10 1 9 15 13 0 8 11 14 3 7 4 6 10 2 12 5
63 53 10 1 0 15 13 8 9 11 14 3 7 4 6 10 2 12 5
64 54 10 1 15 0 13 8 9 11 14 3 7 4 6 10 2 12 5
65 55 10 1 15 11 13 8 9 0 14 3 7 4 6 10 2 12 5
66 56 10 1 15 11 13 8 0 9 14 3 7 4 6 10 2 12 5
67 57 10 1 15 11 13 0 8 9 14 3 7 4 6 10 2 12 5
67 57 10 1 0 11 13 8 15 9 14 3 7 4 6 10 2 12 5
65 55 10 1 11 9 13 8 15 4 14 3 7 5 6 2 12 0 10
65 56 9 1 11 9 13 8 15 4 14 3 7 5 6 2 12 10 0
69 59 10 1 11 9 13 8 15 4 14 3 7 0 6 2 12 10 5
70 60 10 1 11 9 13 8 15 4 14 3 7 6 0 2 12 10 5
70 61 9 1 11 9 13 8 15 4 14 3 7 6 5 2 12 10 0
74 64 10 1 11 9 13 8 15 4 14 3 7 0 5 2 12 10 6
75 65 10 1 11 9 13 8 15 4 14 3 7 10 5 2 12 0 6
75 66 9 1 11 9 13 8 15 4 14 3 7 10 5 2 12 6 0
75 66 9 1 11 9 13 8 15 4 14 3 7 10 5 2 0 12 6
76 67 9 1 11 9 13 8 15 4 14 3 7 10 5 0 2 12 6
77 69 8 1 11 9 13 8 15 4 14 3 7 10 5 6 2 12 0
81 72 9 1 11 9 13 8 15 4 14 3 7 0 5 6 2 12 10
82 73 9 1 11 9 13 8 15 4 14 3 7 5 0 6 2 12 10
82 74 8 1 11 9 13 8 15 4 14 3 7 5 10 6 2 12 0
86 77 9 1 11 9 13 8 15 4 14 3 7 0 10 6 2 12 5
87 78 9 1 11 9 13 8 15 0 14 3 7 4 10 6 2 12 5
88 79 9 1 11 9 13 8 0 15 14 3 7 4 10 6 2 12 5
89 80 9 1 11 9 13 0 8 15 14 3 7 4 10 6 2 12 5
89 80 9 1 0 9 13 8 11 15 14 3 7 4 10 6 2 12 5
85 76 9 1 11 9 13 8 15 4 14 3 7 5 10 0 2 12 6
86 77 9 1 11 9 13 8 15 4 14 3 7 5 10 2 0 12 6
82 73 9 1 11 9 13 8 15 0 14 3 7 4 5 6 2 12 10
83 74 9 1 11 9 13 8 0 15 14 3 7 4 5 6 2 12 10
84 75 9 1 11 9 13 0 8 15 14 3 7 4 5 6 2 12 10
84 75 9 1 0 9 13 8 11 15 14 3 7 4 5 6 2 12 10
79 70 9 1 11 9 13 8 15 4 14 3 7 10 0 6 2 12 5
81 71 10 1 11 9 13 8 15 4 0 3 7 10 14 6 2 12 5
82 72 10 1 11 9 13 8 15 0 4 3 7 10 14 6 2 12 5
82 73 9 1 11 9 13 8 15 10 4 3 7 0 14 6 2 12 5
83 74 9 1 11 9 13 8 15 10 4 3 7 14 0 6 2 12 5
83 75 8 1 11 9 13 8 15 10 4 3 7 14 5 6 2 12 0
87 78 9 1 11 9 13 8 15 10 4 3 7 0 5 6 2 12 14
88 79 9 1 11 9 13 8 15 10 4 3 7 5 0 6 2 12 14
88 80 8 1 11 9 13 8 15 10 4 3 7 5 14 6 2 12 0
91 82 9 1 11 9 13 8 15 10 4 3 7 5 14 0 2 12 6
92 83 9 1 11 9 13 8 15 10 4 3 7 5 14 2 0 12 6
89 80 9 1 11 9 13 8 15 10 0 3 7 5 4 6 2 12 14
86 77 9 1 11 9 13 8 15 10 4 3 7 14 5 0 2 12 6
87 78 9 1 11 9 13 8 15 10 4 3 7 14 5 2 0 12 6
84 75 9 1 11 9 13 8 15 10 0 3 7 14 4 6 2 12 5
86 76 10 1 11 9 13 8 15 0 10 3 7 14 4 6 2 12 5
87 77 10 1 11 9 13 8 0 15 10 3 7 14 4 6 2 12 5
88 78 10 1 11 9 13 0 8 15 10 3 7 14 4 6 2 12 5
88 78 10 1 0 9 13 8 11 15 10 3 7 14 4 6 2 12 5
87 77 10 1 11 9 13 8 15 14 10 3 7 0 4 6 2 12 5
88 78 10 1 11 9 13 8 15 14 10 3 7 4 0 6 2 12 5
88 79 9 1 11 9 13 8 15 14 10 3 7 4 5 6 2 12 0
92 82 10 1 11 9 13 8 15 14 10 3 7 0 5 6 2 12 4
93 83 10 1 11 9 13 8 15 14 10 3 7 5 0 6 2 12 4
93 84 9 1 11 9 13 8 15 14 10 3 7 5 4 6 2 12 0
96 86 10 1 11 9 13 8 15 14 10 3 7 5 4 0 2 12 6
97 87 10 1 11 9 13 8 15 14 10 3 7 5 4 2 0 12 6
94 84 10 1 11 9 13 8 15 14 0 3 7 5 10 6 2 12 4
94 85 9 1 11 9 13 8 15 0 14 3 7 5 10 6 2 12 4
95 86 9 1 11 9 13 8 0 15 14 3 7 5 10 6 2 12 4
96 87 9 1 11 9 13 0 8 15 14 3 7 5 10 6 2 12 4
96 87 9 1 0 9 13 8 11 15 14 3 7 5 10 6 2 12 4
95 86 9 1 11 9 13 8 15 5 14 3 7 0 10 6 2 12 4
96 87 9 1 11 9 13 8 15 5 14 3 7 10 0 6 2 12 4
96 88 8 1 11 9 13 8 15 5 14 3 7 10 4 6 2 12 0
100 91 9 1 11 9 13 8 15 5 14 3 7 0 4 6 2 12 10
101 92 9 1 11 9 13 8 15 5 14 3 7 4 0 6 2 12 10
101 93 8 1 11 9 13 8 15 5 14 3 7 4 10 6 2 12 0
104 95 9 1 11 9 13 8 15 5 14 3 7 4 10 0 2 12 6
105 96 9 1 11 9 13 8 15 5 14 3 7 4 10 2 0 12 6
101 92 9 1 11 9 13 8 15 0 14 3 7 5 4 6 2 12 10
102 93 9 1 11 9 13 8 0 15 14 3 7 5 4 6 2 12 10
103 94 9 1 11 9 13 0 8 15 14 3 7 5 4 6 2 12 10
103 94 9 1 0 9 13 8 11 15 14 3 7 5 4 6 2 12 10
99 90 9 1 11 9 13 8 15 5 14 3 7 10 4 0 2 12 6
100 91 9 1 11 9 13 8 15 5 14 3 7 10 4 2 0 12 6
102 92 10 1 11 9 13 8 15 5 14 3 7 10 4 2 12 0 6
102 93 9 1 11 9 13 8 15 5 14 3 7 10 4 2 12 6 0
106 96 10 1 11 9 13 8 15 5 14 3 7 0 4 2 12 6 10
107 97 10 1 11 9 13 8 15 5 14 3 7 4 0 2 12 6 10
107 98 9 1 11 9 13 8 15 5 14 3 7 4 10 2 12 6 0
111 101 10 1 11 9 13 8 15 5 14 3 7 0 10 2 12 6 4
112 102 10 1 11 9 13 8 15 5 14 3 7 6 10 2 12 0 4
112 103 9 1 11 9 13 8 15 5 14 3 7 6 10 2 12 4 0
112 103 9 1 11 9 13 8 15 5 14 3 7 6 10 2 0 12 4
113 104 9 1 11 9 13 8 15 5 14 3 7 6 10 0 2 12 4
113 106 7 1 11 9 13 8 15 5 14 3 7 6 10 4 2 12 0
117 109 8 1 11 9 13 8 15 5 14 3 7 0 10 4 2 12 6
118 110 8 1 11 9 13 8 15 5 14 3 7 10 0 4 2 12 6
118 111 7 1 11 9 13 8 15 5 14 3 7 10 6 4 2 12 0
122 114 8 1 11 9 13 8 15 5 14 3 7 0 6 4 2 12 10
123 115 8 1 11 9 13 8 15 0 14 3 7 5 6 4 2 12 10
124 116 8 1 11 9 13 8 0 15 14 3 7 5 6 4 2 12 10
125 117 8 1 11 9 13 0 8 15 14 3 7 5 6 4 2 12 10
125 117 8 1 0 9 13 8 11 15 14 3 7 5 6 4 2 12 10
118 110 8 1 11 9 13 8 15 0 14 3 7 5 10 4 2 12 6
119 111 8 1 11 9 13 8 0 15 14 3 7 5 10 4 2 12 6
120 112 8 1 11 9 13 0 8 15 14 3 7 5 10 4 2 12 6
120 112 8 1 0 9 13 8 11 15 14 3 7 5 10 4 2 12 6
115 107 8 1 11 9 13 8 15 5 14 3 7 6 0 4 2 12 10
117 108 9 1 11 9 13 8 15 5 0 3 7 6 14 4 2 12 10
118 109 9 1 11 9 13 8 15 0 5 3 7 6 14 4 2 12 10
119 110 9 1 11 9 13 8 0 15 5 3 7 6 14 4 2 12 10
120 111 9 1 11 9 13 0 8 15 5 3 7 6 14 4 2 12 10
120 111 9 1 0 9 13 8 11 15 5 3 7 6 14 4 2 12 10
119 110 9 1 11 9 13 8 15 6 5 3 7 0 14 4 2 12 10
120 111 9 1 11 9 13 8 15 6 5 3 7 14 0 4 2 12 10
120 112 8 1 11 9 13 8 15 6 5 3 7 14 10 4 2 12 0
124 115 9 1 11 9 13 8 15 6 5 3 7 0 10 4 2 12 14
125 116 9 1 11 9 13 8 15 6 5 3 7 10 0 4 2 12 14
125 117 8 1 11 9 13 8 15 6 5 3 7 10 14 4 2 12 0
117 108 9 1 11 9 0 8 15 5 14 3 7 6 10 4 2 12 13
120 111 9 1 11 9 5 8 15 0 14 3 7 6 10 4 2 12 13
121 112 9 1 11 9 5 8 0 15 14 3 7 6 10 4 2 12 13
122 113 9 1 11 9 5 0 8 15 14 3 7 6 10 4 2 12 13
120 111 9 1 11 9 13 8 15 5 0 3 7 10 14 4 2 12 6
121 112 9 1 11 9 13 8 15 0 5 3 7 10 14 4 2 12 6
121 113 8 1 11 9 13 8 15 10 5 3 7 0 14 4 2 12 6
122 114 8 1 11 9 13 8 15 10 5 3 7 14 0 4 2 12 6
122 115 7 1 11 9 13 8 15 10 5 3 7 14 6 4 2 12 0
126 118 8 1 11 9 13 8 15 10 5 3 7 0 6 4 2 12 14
127 119 8 1 11 9 13 8 15 10 5 3 7 6 0 4 2 12 14
127 120 7 1 11 9 13 8 15 10 5 3 7 6 14 4 2 12 0
128 120 8 1 11 9 13 8 15 10 0 3 7 6 5 4 2 12 14
123 115 8 1 11 9 13 8 15 10 0 3 7 14 5 4 2 12 6
125 116 9 1 11 9 13 8 15 0 10 3 7 14 5 4 2 12 6
126 117 9 1 11 9 13 8 0 15 10 3 7 14 5 4 2 12 6
127 118 9 1 11 9 13 0 8 15 10 3 7 14 5 4 2 12 6
127 118 9 0 1 9 13 8 11 15 14 3 7 5 6 4 2 12 10
129 121 8 10 1 9 13 8 11 15 14 3 7 5 6 4 2 12 0
133 124 9 10 1 9 13 8 11 15 14 3 7 0 6 4 2 12 5
134 125 9 10 1 9 13 8 11 15 14 3 7 6 0 4 2 12 5
134 126 8 10 1 9 13 8 11 15 14 3 7 6 5 4 2 12 0
138 129 9 10 1 9 13 8 11 15 14 3 7 0 5 4 2 12 6
139 130 9 10 1 9 13 8 11 0 14 3 7 15 5 4 2 12 6
140 131 9 10 1 9 13 8 0 11 14 3 7 15 5 4 2 12 6
141 132 9 10 1 9 13 0 8 11 14 3 7 15 5 4 2 12 6
122 113 9 0 1 9 13 8 11 15 14 3 7 5 10 4 2 12 6
124 116 8 6 1 9 13 8 11 15 14 3 7 5 10 4 2 12 0
128 119 9 6 1 9 13 8 11 15 14 3 7 0 10 4 2 12 5
129 120 9 6 1 9 13 8 11 15 14 3 7 10 0 4 2 12 5
129 121 8 6 1 9 13 8 11 15 14 3 7 10 5 4 2 12 0
133 124 9 6 1 9 13 8 11 15 14 3 7 0 5 4 2 12 10
134 125 9 6 1 9 13 8 11 0 14 3 7 15 5 4 2 12 10
135 126 9 6 1 9 13 8 0 11 14 3 7 15 5 4 2 12 10
136 127 9 6 1 9 13 0 8 11 14 3 7 15 5 4 2 12 10
136 127 9 6 0 9 13 8 1 11 14 3 7 15 5 4 2 12 10
137 128 9 0 6 9 13 8 1 11 14 3 7 15 5 4 2 12 10
139 131 8 1 6 9 13 8 0 11 14 3 7 15 5 4 2 12 10
139 132 7 1 0 9 13 8 6 11 14 3 7 15 5 4 2 12 10
141 133 8 1 9 0 13 8 6 11 14 3 7 15 5 4 2 12 10
142 134 8 1 9 11 13 8 6 0 14 3 7 15 5 4 2 12 10
143 135 8 1 9 11 13 8 6 15 14 3 7 0 5 4 2 12 10
144 136 8 1 9 11 13 8 6 15 14 3 7 5 0 4 2 12 10
144 137 7 1 9 11 13 8 6 15 14 3 7 5 10 4 2 12 0
148 140 8 1 9 11 13 8 6 15 14 3 7 0 10 4 2 12 5
149 141 8 1 9 11 13 8 6 15 14 3 7 10 0 4 2 12 5
149 142 7 1 9 11 13 8 6 15 14 3 7 10 5 4 2 12 0
149 141 8 1 9 11 13 8 6 0 14 3 7 15 10 4 2 12 5
150 142 8 1 9 0 13 8 6 11 14 3 7 15 10 4 2 12 5
150 143 7 1 0 9 13 8 6 11 14 3 7 15 10 4 2 12 5
152 144 8 0 1 9 13 8 6 11 14 3 7 15 10 4 2 12 5
154 147 7 5 1 9 13 8 6 11 14 3 7 15 10 4 2 12 0
158 150 8 5 1 9 13 8 6 11 14 3 7 0 10 4 2 12 15
158 151 7 5 1 9 13 8 6 0 14 3 7 11 10 4 2 12 15
160 152 8 5 1 9 13 8 6 14 0 3 7 11 10 4 2 12 15
161 153 8 5 1 9 13 8 6 14 10 3 7 11 0 4 2 12 15
160 154 6 5 1 9 13 8 6 14 10 3 7 11 15 4 2 12 0
164 157 7 0 1 9 13 8 6 14 10 3 7 11 15 4 2 12 5
164 158 6 1 0 9 13 8 6 14 10 3 7 11 15 4 2 12 5
166 159 7 1 9 0 13 8 6 14 10 3 7 11 15 4 2 12 5
167 160 7 1 9 14 13 8 6 0 10 3 7 11 15 4 2 12 5
167 161 6 1 9 14 13 8 6 10 0 3 7 11 15 4 2 12 5
169 162 7 1 9 14 13 8 6 10 15 3 7 11 0 4 2 12 5
169 163 6 1 9 14 13 8 6 10 15 3 7 11 5 4 2 12 0
169 162 7 1 9 14 0 8 6 10 13 3 7 11 15 4 2 12 5
170 164 6 1 9 14 5 8 6 10 13 3 7 11 15 4 2 12 0
170 163 7 1 9 0 14 8 6 10 13 3 7 11 15 4 2 12 5
170 164 6 1 0 9 14 8 6 10 13 3 7 11 15 4 2 12 5
172 165 7 0 1 9 14 8 6 10 13 3 7 11 15 4 2 12 5
174 168 6 5 1 9 14 8 6 10 13 3 7 11 15 4 2 12 0
177 170 7 5 1 9 0 8 6 10 13 3 7 11 15 4 2 12 14
177 171 6 5 1 9 13 8 6 10 0 3 7 11 15 4 2 12 14
179 172 7 5 1 9 13 8 6 0 10 3 7 11 15 4 2 12 14
179 172 7 5 1 9 13 8 6 10 15 3 7 11 0 4 2 12 14
179 173 6 5 1 9 13 8 6 10 15 3 7 11 14 4 2 12 0
183 176 7 0 1 9 13 8 6 10 15 3 7 11 14 4 2 12 5
183 177 6 1 0 9 13 8 6 10 15 3 7 11 14 4 2 12 5
185 178 7 1 9 0 13 8 6 10 15 3 7 11 14 4 2 12 5
185 178 7 1 6 9 13 8 0 10 15 3 7 11 14 4 2 12 5
186 179 7 1 6 9 13 0 8 10 15 3 7 11 14 4 2 12 5
184 177 7 8 1 9 13 0 6 10 15 3 7 11 14 4 2 12 5
179 172 7 0 1 9 5 8 6 10 13 3 7 11 15 4 2 12 14
181 175 6 14 1 9 5 8 6 10 13 3 7 11 15 4 2 12 0
179 173 6 1 0 9 5 8 6 10 13 3 7 11 15 4 2 12 14
181 174 7 1 9 0 5 8 6 10 13 3 7 11 15 4 2 12 14
182 175 7 1 9 5 0 8 6 10 13 3 7 11 15 4 2 12 14
183 177 6 1 9 5 14 8 6 10 13 3 7 11 15 4 2 12 0
182 176 6 1 9 5 13 8 6 10 0 3 7 11 15 4 2 12 14
184 177 7 1 9 5 13 8 6 0 10 3 7 11 15 4 2 12 14
185 178 7 1 9 0 13 8 6 5 10 3 7 11 15 4 2 12 14
185 179 6 1 0 9 13 8 6 5 10 3 7 11 15 4 2 12 14
187 180 7 0 1 9 13 8 6 5 10 3 7 11 15 4 2 12 14
189 183 6 14 1 9 13 8 6 5 10 3 7 11 15 4 2 12 0
188 181 7 8 1 9 13 0 6 5 10 3 7 11 15 4 2 12 14
187 180 7 1 6 9 13 8 0 5 10 3 7 11 15 4 2 12 14
188 181 7 1 6 9 13 8 5 0 10 3 7 11 15 4 2 12 14
188 182 6 1 6 9 13 8 5 10 0 3 7 11 15 4 2 12 14
190 183 7 1 6 9 13 8 5 10 15 3 7 11 0 4 2 12 14
190 184 6 1 6 9 13 8 5 10 15 3 7 11 14 4 2 12 0
190 183 7 1 6 9 0 8 5 10 13 3 7 11 15 4 2 12 14
191 185 6 1 6 9 14 8 5 10 13 3 7 11 15 4 2 12 0
188 181 7 1 6 9 13 0 8 5 10 3 7 11 15 4 2 12 14
184 177 7 1 9 5 13 8 6 10 15 3 7 11 0 4 2 12 14
184 178 6 1 9 5 13 8 6 10 15 3 7 11 14 4 2 12 0
165 158 7 8 1 9 13 0 6 14 10 3 7 11 15 4 2 12 5
172 165 7 1 6 9 14 8 0 10 13 3 7 11 15 4 2 12 5
173 166 7 1 6 9 14 0 8 10 13 3 7 11 15 4 2 12 5
180 173 7 8 1 9 5 0 6 10 13 3 7 11 15 4 2 12 14
166 159 7 1 6 9 13 8 0 14 10 3 7 11 15 4 2 12 5
167 160 7 1 6 9 13 8 14 0 10 3 7 11 15 4 2 12 5
167 161 6 1 6 9 13 8 14 10 0 3 7 11 15 4 2 12 5
169 162 7 1 6 9 13 8 14 10 15 3 7 11 0 4 2 12 5
169 163 6 1 6 9 13 8 14 10 15 3 7 11 5 4 2 12 0
169 162 7 1 6 9 0 8 14 10 13 3 7 11 15 4 2 12 5
170 164 6 1 6 9 5 8 14 10 13 3 7 11 15 4 2 12 0
167 160 7 1 6 9 13 0 8 14 10 3 7 11 15 4 2 12 5
174 167 7 14 1 9 0 8 6 10 13 3 7 11 15 4 2 12 5
174 168 6 14 1 9 13 8 6 10 0 3 7 11 15 4 2 12 5
176 169 7 14 1 9 13 8 6 0 10 3 7 11 15 4 2 12 5
176 169 7 14 1 9 13 8 6 10 15 3 7 11 0 4 2 12 5
176 170 6 14 1 9 13 8 6 10 15 3 7 11 5 4 2 12 0
180 173 7 0 1 9 13 8 6 10 15 3 7 11 5 4 2 12 14
180 174 6 1 0 9 13 8 6 10 15 3 7 11 5 4 2 12 14
182 175 7 1 9 0 13 8 6 10 15 3 7 11 5 4 2 12 14
182 175 7 1 6 9 13 8 0 10 15 3 7 11 5 4 2 12 14
183 176 7 1 6 9 13 0 8 10 15 3 7 11 5 4 2 12 14
181 174 7 8 1 9 13 0 6 10 15 3 7 11 5 4 2 12 14
181 174 7 1 6 9 5 8 0 10 13 3 7 11 15 4 2 12 14
182 175 7 1 6 9 5 0 8 10 13 3 7 11 15 4 2 12 14
173 166 7 8 1 9 14 0 6 10 13 3 7 11 15 4 2 12 5
175 167 8 8 1 9 14 6 0 10 13 3 7 11 15 4 2 12 5
176 168 8 8 0 9 14 6 1 10 13 3 7 11 15 4 2 12 5
177 169 8 0 8 9 14 6 1 10 13 3 7 11 15 4 2 12 5
179 172 7 1 8 9 14 6 0 10 13 3 7 11 15 4 2 12 5
179 173 6 1 8 9 14 0 6 10 13 3 7 11 15 4 2 12 5
181 174 7 1 8 9 14 3 6 10 13 0 7 11 15 4 2 12 5
180 173 7 1 0 9 14 6 8 10 13 3 7 11 15 4 2 12 5
179 172 7 5 8 9 14 6 1 10 13 3 7 11 15 4 2 12 0
182 174 8 5 8 9 0 6 1 10 13 3 7 11 15 4 2 12 14
182 175 7 5 8 9 13 6 1 10 0 3 7 11 15 4 2 12 14
184 176 8 5 8 9 13 6 1 0 10 3 7 11 15 4 2 12 14
185 177 8 5 8 9 13 6 0 1 10 3 7 11 15 4 2 12 14
185 178 7 5 8 9 13 0 6 1 10 3 7 11 15 4 2 12 14
187 179 8 5 8 9 13 3 6 1 10 0 7 11 15 4 2 12 14
186 178 8 5 0 9 13 6 8 1 10 3 7 11 15 4 2 12 14
186 179 7 0 5 9 13 6 8 1 10 3 7 11 15 4 2 12 14
188 182 6 14 5 9 13 6 8 1 10 3 7 11 15 4 2 12 0
189 182 7 8 5 9 13 6 0 1 10 3 7 11 15 4 2 12 14
189 183 6 8 5 9 13 0 6 1 10 3 7 11 15 4 2 12 14
191 184 7 8 5 9 13 3 6 1 10 0 7 11 15 4 2 12 14
190 183 7 8 5 9 13 6 1 0 10 3 7 11 15 4 2 12 14
190 184 6 8 5 9 13 6 1 10 0 3 7 11 15 4 2 12 14
192 185 7 8 5 9 13 6 1 10 15 3 7 11 0 4 2 12 14
192 186 6 8 5 9 13 6 1 10 15 3 7 11 14 4 2 12 0
196 189 7 0 5 9 13 6 1 10 15 3 7 11 14 4 2 12 8
198 192 6 1 5 9 13 6 0 10 15 3 7 11 14 4 2 12 8
198 193 5 1 5 9 13 0 6 10 15 3 7 11 14 4 2 12 8
200 194 6 1 5 9 13 3 6 10 15 0 7 11 14 4 2 12 8
202 195 7 1 5 9 13 3 6 10 15 7 0 11 14 4 2 12 8
203 196 7 1 5 9 13 3 6 10 15 7 2 11 14 4 0 12 8
202 195 7 1 5 9 13 3 6 10 15 4 7 11 14 0 2 12 8
203 197 6 1 5 9 13 3 6 10 15 4 7 11 14 8 2 12 0
205 198 7 1 5 9 13 3 6 10 15 4 7 11 0 8 2 12 14
205 199 6 1 5 9 13 3 6 10 0 4 7 11 15 8 2 12 14
207 200 7 1 5 9 13 3 6 0 10 4 7 11 15 8 2 12 14
207 200 7 1 5 9 0 3 6 10 13 4 7 11 15 8 2 12 14
208 202 6 1 5 9 14 3 6 10 13 4 7 11 15 8 2 12 0
211 204 7 1 5 9 14 3 6 10 13 4 7 11 15 0 2 12 8
211 205 6 1 5 9 14 3 6 10 13 0 7 11 15 4 2 12 8
211 206 5 1 5 9 14 0 6 10 13 3 7 11 15 4 2 12 8
213 207 6 1 5 9 14 6 0 10 13 3 7 11 15 4 2 12 8
215 208 7 1 5 9 14 6 10 0 13 3 7 11 15 4 2 12 8
216 209 7 1 5 9 14 6 10 13 0 3 7 11 15 4 2 12 8
216 210 6 1 5 9 0 6 10 13 14 3 7 11 15 4 2 12 8
218 213 5 1 5 9 13 6 10 0 14 3 7 11 15 4 2 12 8
218 214 4 1 5 9 13 6 0 10 14 3 7 11 15 4 2 12 8
218 215 3 1 5 9 13 0 6 10 14 3 7 11 15 4 2 12 8
220 216 4 1 5 9 13 3 6 10 14 0 7 11 15 4 2 12 8
222 217 5 1 5 9 13 3 6 10 14 7 0 11 15 4 2 12 8
223 218 5 1 5 9 13 3 6 10 14 7 2 11 15 4 0 12 8
222 217 5 1 5 9 13 3 6 10 14 4 7 11 15 0 2 12 8
223 219 4 1 5 9 13 3 6 10 14 4 7 11 15 8 2 12 0
223 218 5 1 5 9 13 3 6 10 14 4 7 11 15 2 0 12 8
220 215 5 1 5 9 13 6 7 10 14 3 0 11 15 4 2 12 8
221 216 5 1 5 9 13 6 7 10 14 3 2 11 15 4 0 12 8
217 212 5 1 5 9 8 6 10 13 14 3 7 11 15 4 2 12 0
220 215 5 1 0 9 13 6 5 10 14 3 7 11 15 4 2 12 8
222 216 6 1 9 0 13 6 5 10 14 3 7 11 15 4 2 12 8
226 220 6 1 5 9 0 3 6 10 14 4 7 11 15 13 2 12 8
227 222 5 1 5 9 8 3 6 10 14 4 7 11 15 13 2 12 0
230 224 6 1 5 9 8 3 6 10 14 4 7 11 15 0 2 12 13
230 225 5 1 5 9 8 3 6 10 14 0 7 11 15 4 2 12 13
230 226 4 1 5 9 8 0 6 10 14 3 7 11 15 4 2 12 13
232 227 5 1 5 9 8 6 0 10 14 3 7 11 15 4 2 12 13
234 228 6 1 5 9 8 6 10 0 14 3 7 11 15 4 2 12 13
225 219 6 1 5 9 13 3 6 10 14 7 2 11 15 0 4 12 8
226 221 5 1 5 9 13 3 6 10 14 7 2 11 15 8 4 12 0
228 222 6 1 5 9 13 3 6 10 14 7 0 11 15 2 4 12 8
228 223 5 1 5 9 13 3 6 10 14 0 7 11 15 2 4 12 8
228 224 4 1 5 9 13 0 6 10 14 3 7 11 15 2 4 12 8
230 225 5 1 5 9 13 6 0 10 14 3 7 11 15 2 4 12 8
229 224 5 1 5 9 13 3 6 10 14 2 7 11 15 0 4 12 8
230 226 4 1 5 9 13 3 6 10 14 2 7 11 15 8 4 12 0
229 225 4 1 5 9 13 3 6 10 14 2 7 11 15 4 0 12 8
231 226 5 1 5 9 13 3 6 10 14 2 7 11 15 4 12 0 8
231 227 4 1 5 9 13 3 6 10 14 2 7 11 15 4 12 8 0
231 226 5 1 5 9 13 3 6 10 14 2 0 11 15 4 7 12 8
232 227 5 1 5 9 13 3 6 10 14 0 2 11 15 4 7 12 8
232 228 4 1 5 9 13 0 6 10 14 3 2 11 15 4 7 12 8
234 229 5 1 5 9 13 6 0 10 14 3 2 11 15 4 7 12 8
235 230 5 1 5 9 13 6 2 10 14 3 0 11 15 4 7 12 8
235 231 4 1 5 9 13 6 2 10 14 3 7 11 15 4 0 12 8
237 232 5 1 5 9 13 6 2 10 14 3 7 11 15 4 12 0 8
237 233 4 1 5 9 13 6 2 10 14 3 7 11 15 4 12 8 0
237 232 5 1 5 9 13 6 2 10 14 3 7 11 15 0 4 12 8
238 234 4 1 5 9 13 6 2 10 14 3 7 11 15 8 4 12 0
243 237 6 1 5 9 13 6 2 10 14 3 7 0 15 8 4 12 11
239 233 6 1 5 9 13 6 2 10 14 0 7 11 15 3 4 12 8
240 234 6 1 5 9 13 0 2 10 14 6 7 11 15 3 4 12 8
240 235 5 1 5 9 13 2 0 10 14 6 7 11 15 3 4 12 8
242 236 6 1 5 9 13 2 10 0 14 6 7 11 15 3 4 12 8
242 236 6 1 5 9 13 2 7 10 14 6 0 11 15 3 4 12 8
243 237 6 1 5 9 13 2 7 10 14 0 6 11 15 3 4 12 8
243 238 5 1 5 9 13 2 7 10 14 3 6 11 15 0 4 12 8
244 240 4 1 5 9 13 2 7 10 14 3 6 11 15 8 4 12 0
243 239 4 1 5 9 13 2 7 10 14 3 6 11 15 4 0 12 8
244 240 4 1 5 9 13 2 7 10 14 3 0 11 15 4 6 12 8
244 241 3 1 5 9 13 2 0 10 14 3 7 11 15 4 6 12 8
246 242 4 1 5 9 13 2 10 0 14 3 7 11 15 4 6 12 8
246 242 4 1 5 9 13 0 2 10 14 3 7 11 15 4 6 12 8
246 242 4 1 0 9 13 2 5 10 14 3 7 11 15 4 6 12 8
248 243 5 1 9 0 13 2 5 10 14 3 7 11 15 4 6 12 8
248 243 5 0 1 9 13 2 5 10 14 3 7 11 15 4 6 12 8
250 246 4 8 1 9 13 2 5 10 14 3 7 11 15 4 6 12 0
251 246 5 5 1 9 13 2 0 10 14 3 7 11 15 4 6 12 8
252 247 5 5 0 9 13 2 1 10 14 3 7 11 15 4 6 12 8
252 248 4 0 5 9 13 2 1 10 14 3 7 11 15 4 6 12 8
254 251 3 8 5 9 13 2 1 10 14 3 7 11 15 4 6 12 0
259 254 5 8 5 9 13 2 1 10 14 3 7 0 15 4 6 12 11
258 253 5 8 5 9 0 2 1 10 14 3 7 11 15 4 6 12 13
260 255 5 0 5 9 8 2 1 10 14 3 7 11 15 4 6 12 13
262 258 4 1 5 9 8 2 0 10 14 3 7 11 15 4 6 12 13
262 258 4 13 5 9 8 2 1 10 14 3 7 11 15 4 6 12 0
264 259 5 1 5 9 8 2 10 0 14 3 7 11 15 4 6 12 13
246 241 5 1 5 9 13 2 7 10 14 0 3 11 15 4 6 12 8
246 241 5 1 5 9 13 2 7 10 14 3 11 0 15 4 6 12 8
255 250 5 13 5 9 0 2 1 10 14 3 7 11 15 4 6 12 8
248 243 5 1 5 9 13 2 10 14 0 3 7 11 15 4 6 12 8
248 243 5 1 5 9 13 2 10 11 14 3 7 0 15 4 6 12 8
246 241 5 1 5 9 13 2 7 10 14 3 0 11 15 6 4 12 8
246 242 4 1 5 9 13 2 0 10 14 3 7 11 15 6 4 12 8
248 243 5 1 5 9 13 2 10 0 14 3 7 11 15 6 4 12 8
264 259 5 1 0 9 8 2 5 10 14 3 7 11 15 4 6 12 13
248 243 5 1 5 9 13 0 2 10 14 3 7 11 15 6 4 12 8
248 243 5 1 5 9 13 3 2 10 14 0 7 11 15 4 6 12 8
248 243 5 1 0 9 13 2 5 10 14 3 7 11 15 6 4 12 8
247 242 5 1 5 9 13 2 7 10 14 3 4 11 15 6 0 12 8
248 243 5 1 5 9 13 2 7 10 14 3 4 11 15 0 6 12 8
249 245 4 1 5 9 13 2 7 10 14 3 4 11 15 8 6 12 0
245 240 5 1 5 9 13 2 7 10 14 3 6 11 15 4 12 0 8
245 241 4 1 5 9 13 2 7 10 14 3 6 11 15 4 12 8 0
255 250 5 4 5 9 13 2 1 10 14 3 7 11 15 0 6 12 8
256 252 4 4 5 9 13 2 1 10 14 3 7 11 15 8 6 12 0
260 255 5 0 5 9 13 2 1 10 14 3 7 11 15 8 6 12 4
262 258 4 1 5 9 13 2 0 10 14 3 7 11 15 8 6 12 4
264 259 5 1 5 9 13 2 10 0 14 3 7 11 15 8 6 12 4
254 249 5 2 5 9 13 0 1 10 14 3 7 11 15 4 6 12 8
255 250 5 2 5 9 13 1 0 10 14 3 7 11 15 4 6 12 8
264 259 5 1 5 9 13 0 2 10 14 3 7 11 15 8 6 12 4
264 259 5 1 5 9 13 2 7 10 14 3 0 11 15 8 6 12 4
265 260 5 1 5 9 13 2 7 10 14 3 6 11 15 8 0 12 4
265 261 4 1 5 9 13 2 7 10 14 3 6 11 15 0 8 12 4
265 263 2 1 5 9 13 2 7 10 14 3 6 11 15 4 8 12 0
270 266 4 1 5 9 13 2 7 10 14 3 6 0 15 4 8 12 11
271 267 4 1 5 9 13 2 7 10 14 3 0 6 15 4 8 12 11
271 268 3 1 5 9 13 2 0 10 14 3 7 6 15 4 8 12 11
273 269 4 1 5 9 13 2 10 0 14 3 7 6 15 4 8 12 11
274 270 4 1 5 9 13 2 10 6 14 3 7 0 15 4 8 12 11
273 269 4 1 5 9 13 0 2 10 14 3 7 6 15 4 8 12 11
273 269 4 1 0 9 13 2 5 10 14 3 7 6 15 4 8 12 11
270 266 4 0 5 9 13 2 7 10 14 3 6 11 15 4 8 12 1
273 269 4 7 5 9 13 2 0 10 14 3 6 11 15 4 8 12 1
273 270 3 7 5 9 13 2 6 10 14 3 0 11 15 4 8 12 1
275 271 4 7 5 9 13 2 6 10 14 3 11 0 15 4 8 12 1
275 271 4 7 5 9 13 2 6 10 14 0 3 11 15 4 8 12 1
275 271 4 7 5 9 13 2 6 10 14 3 8 11 15 4 0 12 1
269 265 4 1 5 9 0 2 7 10 14 3 6 11 15 4 8 12 13
268 264 4 1 5 9 13 2 7 10 14 3 6 11 15 4 8 0 12
268 264 4 1 5 9 13 2 7 10 14 3 6 11 0 4 8 12 15
268 264 4 1 5 9 13 2 7 10 14 3 0 11 15 6 8 12 4
268 265 3 1 5 9 13 2 0 10 14 3 7 11 15 6 8 12 4
270 266 4 1 5 9 13 2 10 0 14 3 7 11 15 6 8 12 4
270 266 4 1 5 9 13 0 2 10 14 3 7 11 15 6 8 12 4
270 266 4 1 0 9 13 2 5 10 14 3 7 11 15 6 8 12 4
272 267 5 1 9 0 13 2 5 10 14 3 7 11 15 6 8 12 4
272 267 5 0 1 9 13 2 5 10 14 3 7 11 15 6 8 12 4
274 270 4 4 1 9 13 2 5 10 14 3 7 11 15 6 8 12 0
277 272 5 4 1 9 13 2 5 10 14 3 7 11 15 0 8 12 6
278 274 4 0 1 9 13 2 5 10 14 3 7 11 15 4 8 12 6
280 277 3 6 1 9 13 2 5 10 14 3 7 11 15 4 8 12 0
278 275 3 1 0 9 13 2 5 10 14 3 7 11 15 4 8 12 6
278 276 2 1 5 9 13 2 0 10 14 3 7 11 15 4 8 12 6
280 277 3 1 5 9 13 2 10 0 14 3 7 11 15 4 8 12 6
280 277 3 1 5 9 13 0 2 10 14 3 7 11 15 4 8 12 6
280 277 3 1 5 9 13 2 7 10 14 3 0 11 15 4 8 12 6
282 278 4 1 5 9 13 2 7 10 14 3 11 0 15 4 8 12 6
282 278 4 1 5 9 13 2 7 10 14 0 3 11 15 4 8 12 6
282 278 4 1 5 9 13 2 7 10 14 3 8 11 15 4 0 12 6
282 278 4 1 5 9 13 3 2 10 14 0 7 11 15 4 8 12 6
282 278 4 1 5 9 13 2 10 14 0 3 7 11 15 4 8 12 6
282 278 4 1 5 9 13 2 10 11 14 3 7 0 15 4 8 12 6
281 277 4 5 1 9 13 2 0 10 14 3 7 11 15 4 8 12 6
282 278 4 5 0 9 13 2 1 10 14 3 7 11 15 4 8 12 6
282 279 3 0 5 9 13 2 1 10 14 3 7 11 15 4 8 12 6
284 282 2 6 5 9 13 2 1 10 14 3 7 11 15 4 8 12 0
289 285 4 6 5 9 13 2 1 10 14 3 7 0 15 4 8 12 11
288 284 4 6 5 9 0 2 1 10 14 3 7 11 15 4 8 12 13
290 286 4 0 5 9 6 2 1 10 14 3 7 11 15 4 8 12 13
292 289 3 1 5 9 6 2 0 10 14 3 7 11 15 4 8 12 13
292 289 3 13 5 9 6 2 1 10 14 3 7 11 15 4 8 12 0
294 290 4 1 5 9 6 2 10 0 14 3 7 11 15 4 8 12 13
294 290 4 1 5 9 6 0 2 10 14 3 7 11 15 4 8 12 13
294 290 4 1 5 9 6 2 7 10 14 3 0 11 15 4 8 12 13
294 290 4 1 0 9 6 2 5 10 14 3 7 11 15 4 8 12 13
288 284 4 6 5 9 13 2 1 10 14 3 7 11 15 0 8 12 4
290 286 4 0 5 9 13 2 1 10 14 3 7 11 15 6 8 12 4
292 289 3 4 5 9 13 2 1 10 14 3 7 11 15 6 8 12 0
285 281 4 13 5 9 0 2 1 10 14 3 7 11 15 4 8 12 6
284 280 4 2 5 9 13 0 1 10 14 3 7 11 15 4 8 12 6
285 281 4 2 5 9 13 1 0 10 14 3 7 11 15 4 8 12 6
282 278 4 1 5 0 13 2 10 9 14 3 7 11 15 4 8 12 6
287 283 4 6 5 9 13 2 1 10 14 3 7 11 15 4 8 0 12
287 283 4 6 5 9 13 2 1 10 14 3 7 11 0 4 8 12 15
285 281 4 4 5 9 13 2 1 10 14 3 7 11 15 0 8 12 6
280 276 4 1 9 0 13 2 5 10 14 3 7 11 15 4 8 12 6
282 277 5 1 9 13 0 2 5 10 14 3 7 11 15 4 8 12 6
283 279 4 1 9 13 6 2 5 10 14 3 7 11 15 4 8 12 0
282 277 5 1 9 10 13 2 5 0 14 3 7 11 15 4 8 12 6
283 278 5 1 9 10 13 2 0 5 14 3 7 11 15 4 8 12 6
284 279 5 1 0 10 13 2 9 5 14 3 7 11 15 4 8 12 6
285 280 5 1 10 0 13 2 9 5 14 3 7 11 15 4 8 12 6
286 281 5 1 10 5 13 2 9 0 14 3 7 11 15 4 8 12 6
287 282 5 1 10 5 13 2 0 9 14 3 7 11 15 4 8 12 6
289 284 5 4 5 9 13 2 1 10 14 3 0 11 15 7 8 12 6
290 285 5 4 5 9 13 2 0 10 14 3 1 11 15 7 8 12 6
289 284 5 4 5 9 0 2 1 10 14 3 7 11 15 13 8 12 6
290 286 4 4 5 9 6 2 1 10 14 3 7 11 15 13 8 12 0
294 289 5 0 5 9 6 2 1 10 14 3 7 11 15 13 8 12 4
296 292 4 1 5 9 6 2 0 10 14 3 7 11 15 13 8 12 4
298 293 5 1 5 9 6 2 10 0 14 3 7 11 15 13 8 12 4
284 279 5 1 5 9 13 2 7 10 14 4 3 11 15 0 8 12 6
285 281 4 1 5 9 13 2 7 10 14 4 3 11 15 6 8 12 0
287 282 5 1 5 9 13 2 7 10 14 4 0 11 15 3 8 12 6
287 283 4 1 5 9 13 2 0 10 14 4 7 11 15 3 8 12 6
289 284 5 1 5 9 13 2 10 0 14 4 7 11 15 3 8 12 6
289 284 5 1 5 9 13 0 2 10 14 4 7 11 15 3 8 12 6
290 285 5 1 5 9 13 4 2 10 14 0 7 11 15 3 8 12 6
290 286 4 1 5 9 13 4 2 10 14 3 7 11 15 0 8 12 6
291 288 3 1 5 9 13 4 2 10 14 3 7 11 15 6 8 12 0
296 291 5 1 5 9 13 4 2 10 14 3 7 0 15 6 8 12 11
296 291 5 0 5 9 13 4 2 10 14 3 7 11 15 6 8 12 1
299 294 5 2 5 9 13 4 0 10 14 3 7 11 15 6 8 12 1
300 295 5 2 5 9 13 0 4 10 14 3 7 11 15 6 8 12 1
298 293 5 6 5 9 13 4 2 10 14 3 7 11 15 0 8 12 1
299 295 4 6 5 9 13 4 2 10 14 3 7 11 15 1 8 12 0
297 292 5 4 5 9 13 0 2 10 14 3 7 11 15 6 8 12 1
297 293 4 4 5 9 13 2 0 10 14 3 7 11 15 6 8 12 1
299 294 5 4 5 9 13 2 10 0 14 3 7 11 15 6 8 12 1
299 294 5 4 5 9 13 2 7 10 14 3 0 11 15 6 8 12 1
299 294 5 4 0 9 13 2 5 10 14 3 7 11 15 6 8 12 1
300 295 5 0 4 9 13 2 5 10 14 3 7 11 15 6 8 12 1
301 298 3 1 4 9 13 2 5 10 14 3 7 11 15 6 8 12 0
304 300 4 1 4 9 13 2 5 10 14 3 7 11 15 0 8 12 6
308 303 5 1 4 9 13 2 5 10 14 3 0 11 15 7 8 12 6
309 304 5 1 4 9 13 2 0 10 14 3 5 11 15 7 8 12 6
310 305 5 1 0 9 13 2 4 10 14 3 5 11 15 7 8 12 6
308 303 5 1 4 9 0 2 5 10 14 3 7 11 15 13 8 12 6
309 305 4 1 4 9 6 2 5 10 14 3 7 11 15 13 8 12 0
312 307 5 1 4 9 6 2 5 10 14 3 7 11 15 0 8 12 13
307 302 5 0 4 9 13 2 5 10 14 3 7 11 15 1 8 12 6
309 305 4 6 4 9 13 2 5 10 14 3 7 11 15 1 8 12 0
310 305 5 5 4 9 13 2 0 10 14 3 7 11 15 1 8 12 6
311 306 5 5 0 9 13 2 4 10 14 3 7 11 15 1 8 12 6
311 307 4 0 5 9 13 2 4 10 14 3 7 11 15 1 8 12 6
313 310 3 6 5 9 13 2 4 10 14 3 7 11 15 1 8 12 0
312 309 3 1 5 9 13 2 4 10 14 3 7 11 15 0 8 12 6
313 311 2 1 5 9 13 2 4 10 14 3 7 11 15 6 8 12 0
318 314 4 1 5 9 13 2 4 10 14 3 7 0 15 6 8 12 11
318 314 4 0 5 9 13 2 4 10 14 3 7 11 15 6 8 12 1
317 313 4 1 5 9 0 2 4 10 14 3 7 11 15 6 8 12 13
320 316 4 1 5 9 6 2 4 10 14 3 7 11 15 0 8 12 13
321 318 3 1 5 9 6 2 4 10 14 3 7 11 15 13 8 12 0
316 312 4 1 5 9 13 2 4 10 14 3 7 11 15 6 8 0 12
316 312 4 1 5 9 13 2 4 10 14 3 7 11 0 6 8 12 15
316 312 4 1 5 9 13 2 4 10 14 3 0 11 15 7 8 12 6
317 313 4 1 5 9 13 2 0 10 14 3 4 11 15 7 8 12 6
316 312 4 1 5 9 0 2 4 10 14 3 7 11 15 13 8 12 6
314 310 4 4 5 9 13 2 0 10 14 3 7 11 15 1 8 12 6
316 312 4 6 5 9 13 2 4 10 14 3 7 11 15 0 8 12 1
314 310 4 1 5 9 13 2 4 10 14 0 7 11 15 3 8 12 6
314 310 4 1 5 9 13 2 4 10 14 3 7 11 15 8 0 12 6
316 311 5 1 5 9 13 2 4 10 14 3 7 11 15 8 12 0 6
316 312 4 1 5 9 13 2 4 10 14 3 7 11 15 8 12 6 0
319 314 5 1 5 9 13 2 4 10 14 3 7 11 15 0 12 6 8
320 315 5 1 5 9 13 2 4 10 14 3 7 11 15 12 0 6 8
321 316 5 1 5 9 13 2 4 10 14 3 7 11 15 12 6 0 8
321 317 4 1 5 9 13 2 4 10 14 3 7 11 15 12 6 8 0
324 319 5 1 5 9 13 2 4 10 14 3 7 11 15 0 6 8 12
318 313 5 6 5 9 13 2 4 10 14 0 7 11 15 3 8 12 1
284 279 5 5 9 0 13 2 1 10 14 3 7 11 15 4 8 12 6
289 284 5 6 5 9 13 2 1 10 0 3 7 11 14 4 8 12 15
287 282 5 13 5 0 9 2 1 10 14 3 7 11 15 4 8 12 6
295 290 5 4 5 9 13 2 1 10 14 3 7 11 15 6 8 0 12
295 290 5 4 5 9 13 2 1 10 14 3 7 11 0 6 8 12 15
287 282 5 13 5 9 14 2 1 10 0 3 7 11 15 4 8 12 6
297 292 5 4 5 9 13 2 1 10 14 3 7 0 15 6 8 12 11
289 284 5 6 5 9 13 2 1 10 14 3 7 11 15 4 0 8 12
287 282 5 2 5 9 13 1 7 10 14 3 0 11 15 4 8 12 6
289 284 5 13 5 9 10 2 1 0 14 3 7 11 15 4 8 12 6
290 285 5 13 5 9 10 2 0 1 14 3 7 11 15 4 8 12 6
293 288 5 13 5 9 0 2 1 10 14 3 7 11 15 6 8 12 4
294 290 4 13 5 9 4 2 1 10 14 3 7 11 15 6 8 12 0
298 293 5 0 5 9 4 2 1 10 14 3 7 11 15 6 8 12 13
300 296 4 1 5 9 4 2 0 10 14 3 7 11 15 6 8 12 13
302 297 5 1 5 9 4 2 10 0 14 3 7 11 15 6 8 12 13
302 297 5 1 5 9 4 0 2 10 14 3 7 11 15 6 8 12 13
286 281 5 2 5 9 13 3 1 10 14 0 7 11 15 4 8 12 6
284 279 5 6 1 9 0 2 5 10 14 3 7 11 15 4 8 12 13
287 282 5 4 5 9 13 2 1 10 14 0 7 11 15 3 8 12 6
287 282 5 2 5 9 13 1 10 0 14 3 7 11 15 4 8 12 6
289 284 5 6 5 9 13 2 1 10 14 3 7 0 11 4 8 12 15
285 280 5 6 1 9 13 2 5 10 14 3 7 0 15 4 8 12 11
284 279 5 1 5 9 13 2 10 11 14 3 7 12 15 4 8 0 6
284 280 4 1 5 9 13 2 10 11 14 3 7 12 15 4 8 6 0
288 283 5 1 5 9 13 2 10 11 14 3 7 0 15 4 8 6 12
288 284 4 1 5 9 13 2 10 0 14 3 7 11 15 4 8 6 12
288 285 3 1 5 9 13 2 0 10 14 3 7 11 15 4 8 6 12
290 286 4 1 5 9 13 0 2 10 14 3 7 11 15 4 8 6 12
290 286 4 1 5 9 13 2 7 10 14 3 0 11 15 4 8 6 12
290 286 4 1 0 9 13 2 5 10 14 3 7 11 15 4 8 6 12
292 287 5 1 9 0 13 2 5 10 14 3 7 11 15 4 8 6 12
292 287 5 0 1 9 13 2 5 10 14 3 7 11 15 4 8 6 12
294 290 4 12 1 9 13 2 5 10 14 3 7 11 15 4 8 6 0
296 291 5 12 1 9 13 2 5 10 14 3 7 11 15 4 8 0 6
295 290 5 5 1 9 13 2 0 10 14 3 7 11 15 4 8 6 12
296 291 5 5 0 9 13 2 1 10 14 3 7 11 15 4 8 6 12
296 292 4 0 5 9 13 2 1 10 14 3 7 11 15 4 8 6 12
298 295 3 12 5 9 13 2 1 10 14 3 7 11 15 4 8 6 0
300 296 4 12 5 9 13 2 1 10 14 3 7 11 15 4 8 0 6
302 297 5 12 5 9 13 2 1 10 14 3 7 11 15 4 0 8 6
302 297 5 12 5 9 13 2 1 10 14 3 7 0 15 4 8 11 6
281 276 5 13 1 9 0 2 5 10 14 3 7 11 15 4 8 12 6
282 278 4 13 1 9 6 2 5 10 14 3 7 11 15 4 8 12 0
290 285 5 6 5 9 13 2 1 10 14 0 7 11 15 3 8 12 4
290 285 5 6 5 9 14 2 1 10 0 3 7 11 15 4 8 12 13
294 289 5 1 5 9 0 4 2 10 14 3 7 11 15 13 8 12 6
295 291 4 1 5 9 6 4 2 10 14 3 7 11 15 13 8 12 0
298 293 5 1 5 9 6 4 2 10 14 3 7 11 15 0 8 12 13
284 279 5 1 5 9 13 2 10 14 15 3 7 11 0 4 8 12 6
284 280 4 1 5 9 13 2 10 14 15 3 7 11 6 4 8 12 0
298 293 5 1 5 9 6 2 7 10 14 3 0 11 15 13 8 12 4
289 284 5 1 0 9 13 2 5 10 14 4 7 11 15 3 8 12 6
283 278 5 5 1 9 13 0 2 10 14 3 7 11 15 4 8 12 6
284 279 5 1 5 9 13 2 7 10 14 3 8 11 15 4 12 0 6
284 280 4 1 5 9 13 2 7 10 14 3 8 11 15 4 12 6 0
284 279 5 1 5 9 13 2 10 11 14 3 7 15 0 4 8 12 6
284 280 4 1 5 9 13 2 10 11 14 3 7 15 6 4 8 12 0
288 283 5 1 5 9 13 2 10 11 14 3 7 0 6 4 8 12 15
288 284 4 1 5 9 13 2 10 0 14 3 7 11 6 4 8 12 15
288 285 3 1 5 9 13 2 0 10 14 3 7 11 6 4 8 12 15
290 286 4 1 5 9 13 0 2 10 14 3 7 11 6 4 8 12 15
290 286 4 1 5 9 13 2 7 10 14 3 0 11 6 4 8 12 15
290 286 4 1 0 9 13 2 5 10 14 3 7 11 6 4 8 12 15
292 287 5 1 9 0 13 2 5 10 14 3 7 11 6 4 8 12 15
295 290 5 1 5 9 0 4 2 10 14 3 7 11 15 6 8 12 13
292 287 5 0 1 9 13 2 5 10 14 3 7 11 6 4 8 12 15
294 290 4 15 1 9 13 2 5 10 14 3 7 11 6 4 8 12 0
296 291 5 15 1 9 13 2 5 10 14 3 7 11 0 4 8 12 6
295 290 5 5 1 9 13 2 0 10 14 3 7 11 6 4 8 12 15
296 291 5 5 0 9 13 2 1 10 14 3 7 11 6 4 8 12 15
296 292 4 0 5 9 13 2 1 10 14 3 7 11 6 4 8 12 15
298 295 3 15 5 9 13 2 1 10 14 3 7 11 6 4 8 12 0
300 296 4 15 5 9 13 2 1 10 14 3 7 11 0 4 8 12 6
302 297 5 15 5 9 13 2 1 10 14 3 7 0 11 4 8 12 6
302 297 5 15 5 9 13 2 1 10 0 3 7 11 14 4 8 12 6
291 286 5 6 5 9 13 2 1 10 14 3 7 12 15 4 8 0 11
291 287 4 6 5 9 13 2 1 10 14 3 7 12 15 4 8 11 0
295 290 5 0 5 9 13 2 1 10 14 3 7 12 15 4 8 11 6
297 293 4 1 5 9 13 2 0 10 14 3 7 12 15 4 8 11 6
299 294 5 1 5 9 13 2 10 0 14 3 7 12 15 4 8 11 6
300 295 5 1 5 9 13 2 10 12 14 3 7 0 15 4 8 11 6
300 296 4 1 5 9 13 2 10 12 14 3 7 11 15 4 8 0 6
300 297 3 1 5 9 13 2 10 12 14 3 7 11 15 4 8 6 0
305 300 5 1 5 9 13 2 10 12 14 3 7 0 15 4 8 6 11
306 301 5 1 5 9 13 2 10 12 14 3 7 6 15 4 8 0 11
306 302 4 1 5 9 13 2 10 12 14 3 7 6 15 4 8 11 0
306 301 5 1 5 9 13 2 10 0 14 3 7 12 15 4 8 6 11
306 302 4 1 5 9 13 2 0 10 14 3 7 12 15 4 8 6 11
308 303 5 1 5 9 13 0 2 10 14 3 7 12 15 4 8 6 11
308 303 5 1 5 9 13 2 7 10 14 3 0 12 15 4 8 6 11
309 304 5 1 5 9 13 2 7 10 14 3 12 0 15 4 8 6 11
310 305 5 1 5 9 13 2 7 10 14 3 12 6 15 4 8 0 11
310 306 4 1 5 9 13 2 7 10 14 3 12 6 15 4 8 11 0
314 309 5 1 5 9 13 2 7 10 14 3 12 0 15 4 8 11 6
314 310 4 1 5 9 13 2 7 10 14 3 12 11 15 4 8 0 6
314 311 3 1 5 9 13 2 7 10 14 3 12 11 15 4 8 6 0
319 314 5 0 5 9 13 2 7 10 14 3 12 11 15 4 8 6 1
322 317 5 7 5 9 13 2 0 10 14 3 12 11 15 4 8 6 1
323 318 5 7 5 9 13 2 12 10 14 3 0 11 15 4 8 6 1
318 313 5 1 5 9 0 2 7 10 14 3 12 11 15 4 8 6 13
313 308 5 2 5 9 13 0 4 10 14 3 7 11 15 1 8 12 6
314 309 5 2 5 9 13 4 0 10 14 3 7 11 15 1 8 12 6
314 309 5 13 5 9 0 2 4 10 14 3 7 11 15 1 8 12 6
315 311 4 13 5 9 6 2 4 10 14 3 7 11 15 1 8 12 0
318 313 5 13 5 9 6 2 4 10 14 3 7 11 15 0 8 12 1
317 312 5 13 5 9 1 2 4 10 14 3 7 11 15 0 8 12 6
318 314 4 13 5 9 1 2 4 10 14 3 7 11 15 6 8 12 0
320 315 5 1 5 9 13 2 4 0 14 3 7 10 15 6 8 12 11
321 316 5 1 5 9 13 2 0 4 14 3 7 10 15 6 8 12 11
316 311 5 1 5 9 13 0 4 10 14 2 7 11 15 3 8 12 6
317 312 5 1 5 9 13 4 0 10 14 2 7 11 15 3 8 12 6
320 315 5 1 5 9 13 2 4 10 14 3 7 15 0 6 8 12 11
320 316 4 1 5 9 13 2 4 10 14 3 7 15 11 6 8 12 0
323 318 5 1 5 9 13 2 4 10 14 3 7 15 11 0 8 12 6
320 315 5 0 5 9 1 2 4 10 14 3 7 11 15 6 8 12 13
323 318 5 4 5 9 1 2 0 10 14 3 7 11 15 6 8 12 13
319 314 5 1 5 0 9 2 4 10 14 3 7 11 15 6 8 12 13
318 313 5 1 5 9 13 2 4 10 14 3 7 0 11 6 8 12 15
324 319 5 1 5 9 6 2 4 10 14 3 7 11 0 13 8 12 15
324 319 5 1 5 9 6 2 4 10 14 3 0 11 15 7 8 12 13
325 320 5 1 5 9 6 2 0 10 14 3 4 11 15 7 8 12 13
319 314 5 0 5 9 6 2 4 10 14 3 7 11 15 1 8 12 13
322 317 5 4 5 9 6 2 0 10 14 3 7 11 15 1 8 12 13
320 315 5 0 5 9 6 2 4 10 14 3 7 11 15 13 8 12 1
323 318 5 4 5 9 6 2 0 10 14 3 7 11 15 13 8 12 1
322 317 5 1 5 9 6 2 4 10 14 0 7 11 15 3 8 12 13
326 321 5 1 5 9 6 2 4 10 14 3 7 0 15 13 8 12 11
318 313 5 1 5 9 13 2 4 10 14 3 7 11 15 6 0 8 12
320 315 5 6 5 9 13 2 4 10 14 3 0 11 15 7 8 12 1
321 316 5 6 5 9 13 2 0 10 14 3 4 11 15 7 8 12 1
318 313 5 1 5 9 13 2 4 10 14 3 11 0 15 7 8 12 6
318 313 5 1 5 9 13 2 4 10 14 0 3 11 15 7 8 12 6
319 314 5 1 5 9 13 2 4 10 14 7 3 11 15 0 8 12 6
320 316 4 1 5 9 13 2 4 10 14 7 3 11 15 6 8 12 0
319 314 5 1 0 9 13 2 5 10 14 3 4 11 15 7 8 12 6
318 313 5 1 5 9 13 2 4 10 14 3 7 0 15 6 8 11 12
292 287 5 5 0 9 13 2 1 10 14 3 7 11 15 6 8 12 4
319 314 5 1 5 9 13 2 10 0 14 3 4 11 15 7 8 12 6
290 285 5 6 5 9 13 2 1 10 14 3 7 11 15 8 0 12 4
316 311 5 4 5 9 13 2 7 10 14 3 0 11 15 1 8 12 6
319 314 5 0 5 9 1 2 4 10 14 3 7 11 15 13 8 12 6
321 317 4 6 5 9 1 2 4 10 14 3 7 11 15 13 8 12 0
320 315 5 1 5 9 10 2 4 0 14 3 7 11 15 13 8 12 6
321 316 5 1 5 9 10 2 0 4 14 3 7 11 15 13 8 12 6
292 287 5 2 5 9 13 0 1 10 14 3 7 11 15 6 8 12 4
293 288 5 2 5 9 13 1 0 10 14 3 7 11 15 6 8 12 4
318 313 5 6 5 9 13 2 4 10 14 3 7 11 15 8 0 12 1
320 315 5 1 5 9 13 2 4 10 14 3 0 7 15 6 8 12 11
321 316 5 1 5 9 13 2 0 10 14 3 4 7 15 6 8 12 11
292 287 5 6 5 9 0 2 1 10 14 3 7 11 15 13 8 12 4
293 289 4 6 5 9 4 2 1 10 14 3 7 11 15 13 8 12 0
316 311 5 4 5 9 13 0 2 10 14 3 7 11 15 1 8 12 6
287 282 5 2 0 9 13 1 5 10 14 3 7 11 15 4 8 12 6
288 283 5 0 2 9 13 1 5 10 14 3 7 11 15 4 8 12 6
290 286 4 6 2 9 13 1 5 10 14 3 7 11 15 4 8 12 0
288 284 4 1 2 9 13 0 5 10 14 3 7 11 15 4 8 12 6
289 285 4 1 2 9 13 5 0 10 14 3 7 11 15 4 8 12 6
290 286 4 1 0 9 13 5 2 10 14 3 7 11 15 4 8 12 6
292 287 5 1 9 0 13 5 2 10 14 3 7 11 15 4 8 12 6
289 284 5 13 5 9 4 2 1 10 14 3 7 11 15 0 8 12 6
289 284 5 6 5 9 13 2 1 10 14 3 7 0 15 4 8 11 12
288 283 5 1 5 9 13 2 7 10 14 0 4 11 15 3 8 12 6
288 284 4 1 5 9 13 2 7 10 14 3 4 11 15 0 8 12 6
289 286 3 1 5 9 13 2 7 10 14 3 4 11 15 6 8 12 0
294 289 5 1 5 9 13 2 7 10 14 3 4 0 15 6 8 12 11
295 290 5 1 5 9 13 2 7 10 14 3 0 4 15 6 8 12 11
295 291 4 1 5 9 13 2 0 10 14 3 7 4 15 6 8 12 11
297 292 5 1 5 9 13 2 10 0 14 3 7 4 15 6 8 12 11
298 293 5 1 5 9 13 2 10 4 14 3 7 0 15 6 8 12 11
283 278 5 6 1 9 13 2 5 10 14 3 7 11 0 4 8 12 15
292 287 5 1 5 9 13 2 7 10 14 3 8 11 15 4 0 6 12
293 288 5 1 5 9 13 2 7 10 14 3 8 11 15 4 6 0 12
292 289 3 1 5 9 13 2 7 10 14 3 8 11 15 4 6 12 0
297 292 5 1 5 9 13 2 7 10 14 3 8 0 15 4 6 12 11
298 293 5 1 5 9 13 2 7 10 14 3 0 8 15 4 6 12 11
298 294 4 1 5 9 13 2 0 10 14 3 7 8 15 4 6 12 11
300 295 5 1 5 9 13 2 10 0 14 3 7 8 15 4 6 12 11
301 296 5 1 5 9 13 2 10 8 14 3 7 0 15 4 6 12 11
284 279 5 1 5 9 13 2 7 10 14 3 11 15 0 4 8 12 6
284 280 4 1 5 9 13 2 7 10 14 3 11 15 6 4 8 12 0
284 279 5 1 5 9 13 0 7 10 14 2 3 11 15 4 8 12 6
285 280 5 1 5 9 13 7 0 10 14 2 3 11 15 4 8 12 6
286 281 5 1 5 9 13 7 3 10 14 2 0 11 15 4 8 12 6
287 282 5 1 5 9 13 7 3 10 14 0 2 11 15 4 8 12 6
288 283 5 1 5 9 13 0 3 10 14 7 2 11 15 4 8 12 6
289 284 5 1 5 9 13 3 0 10 14 7 2 11 15 4 8 12 6
284 279 5 1 5 9 13 3 2 10 14 4 7 11 15 0 8 12 6
285 281 4 1 5 9 13 3 2 10 14 4 7 11 15 6 8 12 0
302 297 5 12 5 9 0 2 1 10 14 3 7 11 15 4 8 6 13
304 299 5 0 5 9 12 2 1 10 14 3 7 11 15 4 8 6 13
306 302 4 1 5 9 12 2 0 10 14 3 7 11 15 4 8 6 13
306 302 4 13 5 9 12 2 1 10 14 3 7 11 15 4 8 6 0
308 303 5 13 5 9 12 2 1 10 14 3 7 11 15 4 8 0 6
320 315 5 5 0 9 13 2 4 10 14 3 7 11 15 6 8 12 1
292 287 5 5 0 9 6 2 1 10 14 3 7 11 15 4 8 12 13
293 288 5 5 1 9 6 2 0 10 14 3 7 11 15 4 8 12 13
294 289 5 1 5 9 13 4 2 10 14 3 0 11 15 7 8 12 6
295 290 5 1 5 9 13 4 0 10 14 3 2 11 15 7 8 12 6
296 291 5 1 5 9 13 0 4 10 14 3 2 11 15 7 8 12 6
284 279 5 1 5 9 13 2 10 11 14 3 0 7 15 4 8 12 6
285 280 5 1 5 9 13 2 0 11 14 3 10 7 15 4 8 12 6
286 281 5 1 5 9 13 2 11 0 14 3 10 7 15 4 8 12 6
287 282 5 1 5 9 13 2 11 7 14 3 10 0 15 4 8 12 6
288 283 5 1 5 9 13 2 11 7 14 3 0 10 15 4 8 12 6
289 284 5 1 5 9 13 2 0 7 14 3 11 10 15 4 8 12 6
298 293 5 1 5 9 6 0 2 10 14 3 7 11 15 13 8 12 4
289 284 5 1 5 9 13 2 10 11 14 3 7 6 0 4 8 12 15
288 285 3 1 5 9 13 2 10 11 14 3 7 6 15 4 8 12 0
293 288 5 0 5 9 13 2 10 11 14 3 7 6 15 4 8 12 1
296 291 5 10 5 9 13 2 0 11 14 3 7 6 15 4 8 12 1
297 292 5 10 5 9 13 2 11 0 14 3 7 6 15 4 8 12 1
298 293 5 10 5 9 13 2 11 6 14 3 7 0 15 4 8 12 1
306 301 5 1 4 9 13 2 5 10 14 3 7 0 15 6 8 12 11
301 296 5 15 5 9 13 2 1 10 14 3 7 11 6 4 8 0 12
290 285 5 6 5 0 9 2 1 10 14 3 7 11 15 4 8 12 13
292 287 5 2 5 9 6 0 1 10 14 3 7 11 15 4 8 12 13
293 288 5 2 5 9 6 1 0 10 14 3 7 11 15 4 8 12 13
295 290 5 13 5 9 6 2 1 10 14 3 7 11 15 4 8 0 12
304 299 5 1 4 9 13 2 5 10 14 3 7 11 0 6 8 12 15
299 294 5 13 5 9 0 2 1 10 14 3 7 11 6 4 8 12 15
300 296 4 13 5 9 15 2 1 10 14 3 7 11 6 4 8 12 0
304 299 5 0 5 9 15 2 1 10 14 3 7 11 6 4 8 12 13
306 302 4 1 5 9 15 2 0 10 14 3 7 11 6 4 8 12 13
308 303 5 1 5 9 15 2 10 0 14 3 7 11 6 4 8 12 13
303 298 5 15 5 9 13 2 1 10 14 3 7 0 6 4 8 12 11
304 299 5 15 5 9 13 2 1 10 14 3 7 6 0 4 8 12 11
304 300 4 15 5 9 13 2 1 10 14 3 7 6 11 4 8 12 0
308 303 5 0 5 9 13 2 1 10 14 3 7 6 11 4 8 12 15
310 306 4 1 5 9 13 2 0 10 14 3 7 6 11 4 8 12 15
312 307 5 1 5 9 13 2 10 0 14 3 7 6 11 4 8 12 15
313 308 5 1 5 9 13 2 10 6 14 3 7 0 11 4 8 12 15
313 309 4 1 5 9 13 2 10 6 14 3 7 11 0 4 8 12 15
312 310 2 1 5 9 13 2 10 6 14 3 7 11 15 4 8 12 0
317 313 4 0 5 9 13 2 10 6 14 3 7 11 15 4 8 12 1
320 316 4 10 5 9 13 2 0 6 14 3 7 11 15 4 8 12 1
320 317 3 10 5 9 13 2 6 0 14 3 7 11 15 4 8 12 1
322 318 4 10 5 9 13 2 6 14 0 3 7 11 15 4 8 12 1
322 318 4 10 5 9 13 2 6 11 14 3 7 0 15 4 8 12 1
322 318 4 10 5 0 13 2 6 9 14 3 7 11 15 4 8 12 1
316 312 4 1 5 9 0 2 10 6 14 3 7 11 15 4 8 12 13
315 311 4 1 5 9 13 2 10 6 14 3 7 11 15 4 8 0 12
316 312 4 1 5 9 13 2 10 6 14 3 7 11 15 0 8 12 4
320 315 5 1 5 9 13 2 10 6 14 3 0 11 15 7 8 12 4
321 316 5 1 5 9 13 2 0 6 14 3 10 11 15 7 8 12 4
321 317 4 1 5 9 13 2 6 0 14 3 10 11 15 7 8 12 4
323 318 5 1 5 9 13 2 6 14 0 3 10 11 15 7 8 12 4
299 294 5 1 5 9 13 0 2 10 14 3 7 12 15 4 8 11 6
296 291 5 1 5 0 6 2 10 9 14 3 7 11 15 4 8 12 13
297 292 5 1 5 6 0 2 10 9 14 3 7 11 15 4 8 12 13
297 294 3 1 5 6 13 2 10 9 14 3 7 11 15 4 8 12 0
302 297 5 1 5 6 13 2 10 9 14 3 7 0 15 4 8 12 11
303 298 5 1 5 6 13 2 10 0 14 3 7 9 15 4 8 12 11
303 299 4 1 5 6 13 2 0 10 14 3 7 9 15 4 8 12 11
305 300 5 1 5 6 13 0 2 10 14 3 7 9 15 4 8 12 11
306 301 5 1 4 9 13 2 5 10 14 3 7 11 15 8 0 12 6
306 301 5 1 4 9 13 2 5 10 14 0 7 11 15 3 8 12 6
316 311 5 1 5 9 13 2 4 10 14 7 0 11 15 3 8 12 6
317 312 5 1 5 9 13 2 0 10 14 7 4 11 15 3 8 12 6
297 292 5 13 5 9 6 2 1 10 14 3 7 0 15 4 8 12 11
296 291 5 1 5 9 6 3 2 10 14 0 7 11 15 4 8 12 13
308 303 5 1 0 9 13 2 5 10 14 3 7 12 15 4 8 6 11
296 291 5 13 5 9 6 2 1 10 14 3 7 11 15 0 8 12 4
296 291 5 1 9 0 6 2 5 10 14 3 7 11 15 4 8 12 13
297 292 5 1 9 6 0 2 5 10 14 3 7 11 15 4 8 12 13
297 294 3 1 9 6 13 2 5 10 14 3 7 11 15 4 8 12 0
302 297 5 1 9 6 13 2 5 10 14 3 7 0 15 4 8 12 11
317 312 5 1 5 9 13 2 7 10 14 3 12 11 0 4 8 6 15
316 311 5 1 5 9 13 2 7 10 14 3 12 11 15 4 0 8 6
317 312 5 1 5 9 13 2 7 10 14 3 0 11 15 4 12 8 6
317 313 4 1 5 9 13 2 0 10 14 3 7 11 15 4 12 8 6
319 314 5 1 5 9 13 2 10 0 14 3 7 11 15 4 12 8 6
316 311 5 6 5 9 13 2 4 10 14 3 7 11 15 1 8 0 12
296 291 5 1 5 9 6 2 7 10 14 3 11 0 15 4 8 12 13
319 314 5 1 5 9 13 0 2 10 14 3 7 11 15 4 12 8 6
321 316 5 13 5 9 0 2 4 10 14 3 7 11 15 6 8 12 1
321 316 5 1 5 9 10 2 4 0 14 3 7 11 15 6 8 12 13
322 317 5 1 5 9 10 2 0 4 14 3 7 11 15 6 8 12 13
274 269 5 6 1 9 13 2 5 10 14 3 7 11 15 0 8 12 4
322 317 5 1 5 9 6 2 4 10 14 3 7 11 15 8 0 12 13
322 317 5 6 5 9 1 2 4 10 14 3 7 11 15 0 8 12 13
318 313 5 1 5 9 13 2 4 10 0 3 7 11 14 6 8 12 15
290 285 5 1 5 9 13 2 10 14 0 3 7 11 15 4 8 6 12
291 286 5 5 2 9 13 1 0 10 14 3 7 11 15 4 8 12 6
292 287 5 5 2 9 13 0 1 10 14 3 7 11 15 4 8 12 6
292 287 5 5 0 9 13 1 2 10 14 3 7 11 15 4 8 12 6
292 288 4 0 5 9 13 1 2 10 14 3 7 11 15 4 8 12 6
294 291 3 6 5 9 13 1 2 10 14 3 7 11 15 4 8 12 0
299 294 5 6 5 9 13 1 2 10 14 3 7 0 15 4 8 12 11
322 317 5 4 5 9 1 2 0 10 14 3 7 11 15 13 8 12 6
298 293 5 6 5 9 0 1 2 10 14 3 7 11 15 4 8 12 13
300 295 5 0 5 9 6 1 2 10 14 3 7 11 15 4 8 12 13
302 298 4 13 5 9 6 1 2 10 14 3 7 11 15 4 8 12 0
320 315 5 6 5 9 0 2 4 10 14 3 7 11 15 13 8 12 1
316 311 5 4 5 9 13 2 10 0 14 3 7 11 15 1 8 12 6
302 297 5 1 0 9 4 2 5 10 14 3 7 11 15 6 8 12 13
284 279 5 1 5 9 13 3 2 10 14 7 0 11 15 4 8 12 6
292 287 5 1 5 9 0 2 7 10 14 3 4 11 15 13 8 12 6
293 289 4 1 5 9 6 2 7 10 14 3 4 11 15 13 8 12 0
296 291 5 1 5 9 6 2 7 10 14 3 4 11 15 0 8 12 13
292 287 5 6 5 9 13 2 1 10 14 3 0 11 15 7 8 12 4
293 288 5 6 5 9 13 2 0 10 14 3 1 11 15 7 8 12 4
291 286 5 0 5 9 13 2 7 10 14 3 4 11 15 1 8 12 6
293 289 4 6 5 9 13 2 7 10 14 3 4 11 15 1 8 12 0
296 291 5 6 5 9 13 2 7 10 14 3 4 11 15 0 8 12 1
298 294 4 6 5 9 13 2 7 10 14 3 0 11 15 4 8 12 1
298 295 3 6 5 9 13 2 0 10 14 3 7 11 15 4 8 12 1
300 296 4 6 5 9 13 2 10 0 14 3 7 11 15 4 8 12 1
300 296 4 6 5 9 13 0 2 10 14 3 7 11 15 4 8 12 1
300 296 4 6 0 9 13 2 5 10 14 3 7 11 15 4 8 12 1
301 297 4 0 6 9 13 2 5 10 14 3 7 11 15 4 8 12 1
302 300 2 1 6 9 13 2 5 10 14 3 7 11 15 4 8 12 0
307 303 4 1 6 9 13 2 5 10 14 3 7 0 15 4 8 12 11
306 302 4 1 6 9 0 2 5 10 14 3 7 11 15 4 8 12 13
306 302 4 1 6 9 13 2 5 10 14 3 7 11 15 0 8 12 4
305 301 4 1 6 9 13 2 5 10 14 3 7 11 15 4 8 0 12
305 301 4 1 6 9 13 2 5 10 14 3 7 11 0 4 8 12 15
304 300 4 5 6 9 13 2 0 10 14 3 7 11 15 4 8 12 1
304 301 3 5 0 9 13 2 6 10 14 3 7 11 15 4 8 12 1
304 302 2 0 5 9 13 2 6 10 14 3 7 11 15 4 8 12 1
305 305 0 1 5 9 13 2 6 10 14 3 7 11 15 4 8 12 0
