0 0 0 10 13 4 6 8 14 3 12 1 9 15 11 7 2 0 5
16 1 15 10 13 4 6 8 14 3 12 1 9 15 11 7 2 5 0
16 1 15 10 13 4 6 8 14 3 12 1 9 0 11 7 2 15 5
16 2 14 10 13 4 6 8 14 3 12 1 9 11 0 7 2 15 5
16 3 13 10 13 4 6 8 14 3 12 1 9 11 5 7 2 15 0
16 3 13 10 13 4 6 8 14 3 0 1 9 11 12 7 2 15 5
17 4 13 10 13 4 6 8 14 0 3 1 9 11 12 7 2 15 5
18 5 13 10 13 4 6 8 0 14 3 1 9 11 12 7 2 15 5
19 6 13 10 13 4 6 0 8 14 3 1 9 11 12 7 2 15 5
20 7 13 10 13 4 6 1 8 14 3 0 9 11 12 7 2 15 5
20 8 12 10 13 4 6 1 8 14 3 9 0 11 12 7 2 15 5
21 9 12 10 13 4 6 1 8 14 3 9 2 11 12 7 0 15 5
22 10 12 10 13 4 6 1 8 14 3 9 2 11 12 0 7 15 5
23 12 11 10 13 4 6 1 8 14 3 9 2 11 12 5 7 15 0
27 15 12 0 13 4 6 1 8 14 3 9 2 11 12 5 7 15 10
27 16 11 1 13 4 6 0 8 14 3 9 2 11 12 5 7 15 10
28 17 11 1 13 4 6 8 0 14 3 9 2 11 12 5 7 15 10
29 18 11 1 13 4 6 8 14 0 3 9 2 11 12 5 7 15 10
30 19 11 1 13 4 6 8 14 3 0 9 2 11 12 5 7 15 10
31 20 11 1 13 4 0 8 14 3 6 9 2 11 12 5 7 15 10
32 22 10 1 13 4 10 8 14 3 6 9 2 11 12 5 7 15 0
31 21 10 1 13 0 4 8 14 3 6 9 2 11 12 5 7 15 10
31 22 9 1 13 3 4 8 14 0 6 9 2 11 12 5 7 15 10
32 23 9 1 13 3 4 8 14 6 0 9 2 11 12 5 7 15 10
32 23 9 1 13 3 4 8 0 14 6 9 2 11 12 5 7 15 10
33 24 9 1 13 3 4 0 8 14 6 9 2 11 12 5 7 15 10
33 24 9 1 13 3 4 8 2 14 6 9 0 11 12 5 7 15 10
34 25 9 1 13 3 4 8 2 14 6 9 7 11 12 5 0 15 10
35 26 9 1 13 3 4 8 2 14 6 9 7 11 12 0 5 15 10
36 28 8 1 13 3 4 8 2 14 6 9 7 11 12 10 5 15 0
38 29 9 1 13 3 4 8 2 14 6 9 0 11 12 7 5 15 10
39 30 9 1 13 3 4 8 2 14 6 9 5 11 12 7 0 15 10
40 31 9 1 13 3 4 8 2 14 6 9 5 11 12 0 7 15 10
41 33 8 1 13 3 4 8 2 14 6 9 5 11 12 10 7 15 0
39 30 9 1 13 3 4 8 0 14 6 9 2 11 12 7 5 15 10
40 31 9 1 13 3 4 8 14 0 6 9 2 11 12 7 5 15 10
41 32 9 1 13 3 4 8 14 6 0 9 2 11 12 7 5 15 10
40 31 9 1 13 3 4 0 8 14 6 9 2 11 12 7 5 15 10
33 24 9 1 0 3 4 8 13 14 6 9 2 11 12 5 7 15 10
40 31 9 1 0 3 4 8 13 14 6 9 2 11 12 7 5 15 10
42 32 10 1 3 0 4 8 13 14 6 9 2 11 12 7 5 15 10
43 33 10 1 3 14 4 8 13 0 6 9 2 11 12 7 5 15 10
44 34 10 1 3 14 4 8 13 6 0 9 2 11 12 7 5 15 10
35 25 10 1 3 0 4 8 13 14 6 9 2 11 12 5 7 15 10
36 26 10 1 3 14 4 8 13 0 6 9 2 11 12 5 7 15 10
37 27 10 1 3 14 4 8 13 6 0 9 2 11 12 5 7 15 10
37 27 10 1 3 14 4 8 0 13 6 9 2 11 12 5 7 15 10
38 28 10 1 3 14 4 0 8 13 6 9 2 11 12 5 7 15 10
38 28 10 1 3 14 4 8 2 13 6 9 0 11 12 5 7 15 10
39 29 10 1 3 14 4 8 2 13 6 9 7 11 12 5 0 15 10
40 30 10 1 3 14 4 8 2 13 6 9 7 11 12 0 5 15 10
41 32 9 1 3 14 4 8 2 13 6 9 7 11 12 10 5 15 0
46 36 10 0 13 3 4 8 2 14 6 9 5 11 12 10 7 15 1
49 39 10 2 13 3 4 8 0 14 6 9 5 11 12 10 7 15 1
50 40 10 2 13 3 4 8 14 0 6 9 5 11 12 10 7 15 1
51 41 10 2 13 3 4 8 14 6 0 9 5 11 12 10 7 15 1
41 31 10 1 13 3 4 8 2 14 6 9 5 11 12 7 15 0 10
41 32 9 1 13 3 4 8 2 14 6 9 5 11 12 7 15 10 0
44 34 10 1 13 3 4 8 2 14 6 9 5 11 12 0 15 10 7
47 37 10 1 13 3 4 8 2 14 6 9 0 11 12 5 15 10 7
48 38 10 1 13 3 4 8 2 14 6 9 15 11 12 5 0 10 7
49 39 10 1 13 3 4 8 2 14 6 9 15 11 12 5 10 0 7
49 40 9 1 13 3 4 8 2 14 6 9 15 11 12 5 10 7 0
52 42 10 1 13 3 4 8 2 14 6 9 15 11 12 0 10 7 5
55 45 10 1 13 3 4 8 2 14 6 9 0 11 12 15 10 7 5
55 46 9 1 13 3 4 8 2 14 6 9 10 11 12 15 0 7 5
56 47 9 1 13 3 4 8 2 14 6 9 10 11 12 15 7 0 5
56 48 8 1 13 3 4 8 2 14 6 9 10 11 12 15 7 5 0
59 50 9 1 13 3 4 8 2 14 6 9 10 11 12 0 7 5 15
60 51 9 1 13 3 4 8 2 14 6 9 10 11 12 7 0 5 15
61 52 9 1 13 3 4 8 2 14 6 9 10 11 12 7 5 0 15
60 53 7 1 13 3 4 8 2 14 6 9 10 11 12 7 5 15 0
63 55 8 1 13 3 4 8 2 14 6 9 10 11 12 0 5 15 7
64 56 8 1 13 3 4 8 2 14 6 9 10 11 12 5 0 15 7
66 57 9 1 13 3 4 8 2 14 6 9 10 11 12 5 15 0 7
66 58 8 1 13 3 4 8 2 14 6 9 10 11 12 5 15 7 0
66 57 9 1 13 3 4 8 2 14 6 9 0 11 12 5 10 15 7
67 58 9 1 13 3 4 8 0 14 6 9 2 11 12 5 10 15 7
68 59 9 1 13 3 4 8 14 0 6 9 2 11 12 5 10 15 7
69 60 9 1 13 3 4 8 14 6 0 9 2 11 12 5 10 15 7
68 59 9 1 13 3 4 0 8 14 6 9 2 11 12 5 10 15 7
63 54 9 1 13 3 4 8 2 14 6 9 10 11 0 7 5 15 12
64 55 9 1 13 3 4 8 2 14 0 9 10 11 6 7 5 15 12
65 56 9 1 13 3 4 8 2 0 14 9 10 11 6 7 5 15 12
66 57 9 1 13 3 4 8 0 2 14 9 10 11 6 7 5 15 12
67 58 9 1 13 3 4 0 8 2 14 9 10 11 6 7 5 15 12
67 58 9 1 0 3 4 8 13 2 14 9 10 11 6 7 5 15 12
64 55 9 1 13 3 0 8 2 14 6 9 10 11 12 7 5 15 4
67 58 9 1 13 3 14 8 2 0 6 9 10 11 12 7 5 15 4
68 59 9 1 13 3 14 8 2 6 0 9 10 11 12 7 5 15 4
69 60 9 1 13 3 0 8 2 6 14 9 10 11 12 7 5 15 4
69 62 7 1 13 3 4 8 2 6 14 9 10 11 12 7 5 15 0
72 64 8 1 13 3 4 8 2 6 14 9 10 11 12 0 5 15 7
73 65 8 1 13 3 4 8 2 6 14 9 10 11 12 5 0 15 7
75 66 9 1 13 3 4 8 2 6 14 9 10 11 12 5 15 0 7
75 67 8 1 13 3 4 8 2 6 14 9 10 11 12 5 15 7 0
78 69 9 1 13 3 4 8 2 6 14 9 10 11 12 0 15 7 5
79 70 9 1 13 3 4 8 2 6 14 9 10 11 12 15 0 7 5
80 71 9 1 13 3 4 8 2 6 14 9 10 11 12 15 7 0 5
80 72 8 1 13 3 4 8 2 6 14 9 10 11 12 15 7 5 0
83 74 9 1 13 3 4 8 2 6 14 9 10 11 12 0 7 5 15
84 75 9 1 13 3 4 8 2 6 14 9 10 11 12 7 0 5 15
67 58 9 1 13 3 0 8 2 14 6 9 10 11 12 4 5 15 7
68 60 8 1 13 3 7 8 2 14 6 9 10 11 12 4 5 15 0
67 58 9 1 13 3 7 8 2 14 6 9 10 11 12 0 5 15 4
68 59 9 1 13 3 7 8 2 14 6 9 10 11 12 5 0 15 4
56 47 9 1 13 3 4 8 2 14 6 9 10 11 12 0 15 7 5
65 56 9 1 13 3 4 8 2 14 6 9 10 0 12 7 5 15 11
66 57 9 1 13 3 4 8 2 0 6 9 10 14 12 7 5 15 11
67 58 9 1 13 3 4 8 2 6 0 9 10 14 12 7 5 15 11
67 58 9 1 13 3 4 8 0 2 6 9 10 14 12 7 5 15 11
68 59 9 1 13 3 4 0 8 2 6 9 10 14 12 7 5 15 11
68 59 9 1 0 3 4 8 13 2 6 9 10 14 12 7 5 15 11
72 63 9 1 13 3 4 8 2 6 14 9 10 11 12 7 5 0 15
65 56 9 1 13 3 6 8 2 14 0 9 10 11 12 7 5 15 4
74 65 9 1 13 3 4 8 2 6 14 9 10 0 12 7 5 15 11
75 66 9 1 13 3 4 8 2 0 14 9 10 6 12 7 5 15 11
76 67 9 1 13 3 4 8 2 14 0 9 10 6 12 7 5 15 11
76 67 9 1 13 3 4 8 0 2 14 9 10 6 12 7 5 15 11
77 68 9 1 13 3 4 0 8 2 14 9 10 6 12 7 5 15 11
77 68 9 1 0 3 4 8 13 2 14 9 10 6 12 7 5 15 11
66 57 9 0 13 3 4 8 2 14 6 9 10 11 12 1 5 15 7
68 60 8 7 13 3 4 8 2 14 6 9 10 11 12 1 5 15 0
71 62 9 7 13 3 4 8 2 14 6 9 10 11 12 0 5 15 1
72 63 9 7 13 3 4 8 2 14 6 9 10 11 12 5 0 15 1
67 58 9 1 13 3 4 8 2 14 6 9 0 11 12 10 5 15 7
68 59 9 1 13 3 4 8 2 14 6 9 5 11 12 10 0 15 7
69 60 9 1 13 3 4 8 2 14 6 9 5 11 12 0 10 15 7
70 62 8 1 13 3 4 8 2 14 6 9 5 11 12 7 10 15 0
68 59 9 1 13 3 4 8 0 14 6 9 2 11 12 10 5 15 7
69 60 9 1 13 3 4 8 14 0 6 9 2 11 12 10 5 15 7
70 61 9 1 13 3 4 8 14 6 0 9 2 11 12 10 5 15 7
69 60 9 1 13 3 4 0 8 14 6 9 2 11 12 10 5 15 7
69 60 9 1 0 3 4 8 13 14 6 9 2 11 12 10 5 15 7
69 60 9 2 13 3 4 8 0 14 6 9 10 11 12 1 5 15 7
70 61 9 2 13 3 4 8 14 0 6 9 10 11 12 1 5 15 7
71 62 9 2 13 3 4 8 14 6 0 9 10 11 12 1 5 15 7
70 61 9 2 13 3 4 0 8 14 6 9 10 11 12 1 5 15 7
70 61 9 2 0 3 4 8 13 14 6 9 10 11 12 1 5 15 7
70 62 8 0 2 3 4 8 13 14 6 9 10 11 12 1 5 15 7
72 65 7 7 2 3 4 8 13 14 6 9 10 11 12 1 5 15 0
71 64 7 1 2 3 4 8 13 14 6 9 10 11 12 0 5 15 7
72 66 6 1 2 3 4 8 13 14 6 9 10 11 12 7 5 15 0
72 65 7 1 2 3 4 8 13 14 6 9 10 11 12 5 0 15 7
74 66 8 1 2 3 4 8 13 14 6 9 10 11 12 5 15 0 7
74 67 7 1 2 3 4 8 13 14 6 9 10 11 12 5 15 7 0
77 69 8 1 2 3 4 8 13 14 6 9 10 11 12 0 15 7 5
78 70 8 1 2 3 4 8 13 14 6 9 10 11 12 15 0 7 5
79 71 8 1 2 3 4 8 13 14 6 9 10 11 12 15 7 0 5
79 72 7 1 2 3 4 8 13 14 6 9 10 11 12 15 7 5 0
82 74 8 1 2 3 4 8 13 14 6 9 10 11 12 0 7 5 15
83 75 8 1 2 3 4 8 13 14 6 9 10 11 12 7 0 5 15
74 66 8 1 2 3 4 8 13 14 6 9 0 11 12 5 10 15 7
75 67 8 1 2 3 4 8 0 14 6 9 13 11 12 5 10 15 7
76 68 8 1 2 3 4 8 14 0 6 9 13 11 12 5 10 15 7
77 69 8 1 2 3 4 8 14 6 0 9 13 11 12 5 10 15 7
76 68 8 1 2 3 4 0 8 14 6 9 13 11 12 5 10 15 7
75 67 8 1 2 3 4 8 13 14 6 9 10 11 12 7 5 0 15
77 69 8 0 2 3 4 8 13 14 6 9 10 11 12 7 5 15 1
80 72 8 13 2 3 4 8 0 14 6 9 10 11 12 7 5 15 1
81 73 8 13 2 3 4 8 14 0 6 9 10 11 12 7 5 15 1
82 74 8 13 2 3 4 8 14 6 0 9 10 11 12 7 5 15 1
81 73 8 13 2 3 4 0 8 14 6 9 10 11 12 7 5 15 1
71 63 8 8 2 3 4 0 13 14 6 9 10 11 12 1 5 15 7
72 64 8 8 2 3 4 13 0 14 6 9 10 11 12 1 5 15 7
73 65 8 8 2 3 4 13 14 0 6 9 10 11 12 1 5 15 7
74 66 8 8 2 3 4 13 14 6 0 9 10 11 12 1 5 15 7
78 70 8 8 2 3 4 0 13 14 6 9 10 11 12 7 5 15 1
79 71 8 8 2 3 4 13 0 14 6 9 10 11 12 7 5 15 1
80 72 8 8 2 3 4 13 14 0 6 9 10 11 12 7 5 15 1
81 73 8 8 2 3 4 13 14 6 0 9 10 11 12 7 5 15 1
75 67 8 1 2 3 4 8 13 14 6 9 10 11 0 7 5 15 12
76 68 8 1 2 3 4 8 13 14 0 9 10 11 6 7 5 15 12
77 69 8 1 2 3 4 8 13 0 14 9 10 11 6 7 5 15 12
78 70 8 1 2 3 4 8 0 13 14 9 10 11 6 7 5 15 12
79 71 8 1 2 3 4 0 8 13 14 9 10 11 6 7 5 15 12
73 65 8 1 2 3 4 8 13 14 6 0 10 11 12 9 5 15 7
74 66 8 1 2 3 4 0 13 14 6 8 10 11 12 9 5 15 7
75 67 8 1 2 3 4 13 0 14 6 8 10 11 12 9 5 15 7
76 68 8 1 2 3 4 13 14 0 6 8 10 11 12 9 5 15 7
77 69 8 1 2 3 4 13 14 6 0 8 10 11 12 9 5 15 7
75 67 8 1 2 3 0 8 13 14 6 9 10 11 12 4 5 15 7
76 69 7 1 2 3 7 8 13 14 6 9 10 11 12 4 5 15 0
79 71 8 1 2 3 7 8 13 14 6 9 10 11 12 0 5 15 4
80 72 8 1 2 3 7 8 13 14 6 9 10 11 12 5 0 15 4
78 70 8 1 2 3 14 8 13 0 6 9 10 11 12 4 5 15 7
79 71 8 1 2 3 14 8 13 6 0 9 10 11 12 4 5 15 7
80 72 8 1 2 3 0 8 13 6 14 9 10 11 12 4 5 15 7
82 75 7 1 2 3 4 8 13 6 14 9 10 11 12 0 5 15 7
83 77 6 1 2 3 4 8 13 6 14 9 10 11 12 7 5 15 0
83 76 7 1 2 3 4 8 13 6 14 9 10 11 12 5 0 15 7
81 74 7 1 2 3 7 8 13 6 14 9 10 11 12 4 5 15 0
84 76 8 1 2 3 7 8 13 6 14 9 10 11 12 0 5 15 4
85 77 8 1 2 3 7 8 13 6 14 9 10 11 12 5 0 15 4
83 75 8 1 2 3 6 8 13 0 14 9 10 11 12 4 5 15 7
84 76 8 1 2 3 6 8 0 13 14 9 10 11 12 4 5 15 7
85 77 8 1 2 3 6 0 8 13 14 9 10 11 12 4 5 15 7
75 67 8 1 2 3 4 8 13 14 6 9 0 11 12 10 5 15 7
76 68 8 1 2 3 4 8 13 14 6 9 5 11 12 10 0 15 7
77 69 8 1 2 3 4 8 13 14 6 9 5 11 12 0 10 15 7
78 71 7 1 2 3 4 8 13 14 6 9 5 11 12 7 10 15 0
75 67 8 7 2 3 4 8 13 14 6 9 10 11 12 0 5 15 1
76 68 8 7 2 3 4 8 13 14 6 9 10 11 12 5 0 15 1
77 69 8 1 2 3 4 8 13 14 6 9 10 0 12 7 5 15 11
78 70 8 1 2 3 4 8 13 0 6 9 10 14 12 7 5 15 11
79 71 8 1 2 3 4 8 13 6 0 9 10 14 12 7 5 15 11
79 71 8 1 2 3 4 8 0 13 6 9 10 14 12 7 5 15 11
80 72 8 1 2 3 4 0 8 13 6 9 10 14 12 7 5 15 11
76 68 8 1 2 3 4 8 0 14 6 9 13 11 12 10 5 15 7
77 69 8 1 2 3 4 8 14 0 6 9 13 11 12 10 5 15 7
78 70 8 1 2 3 4 8 14 6 0 9 13 11 12 10 5 15 7
77 69 8 1 2 3 4 0 8 14 6 9 13 11 12 10 5 15 7
86 78 8 1 2 3 4 8 13 6 14 9 0 11 12 10 5 15 7
87 79 8 1 2 3 4 8 13 6 14 9 5 11 12 10 0 15 7
88 80 8 1 2 3 4 8 13 6 14 9 5 11 12 0 10 15 7
89 82 7 1 2 3 4 8 13 6 14 9 5 11 12 7 10 15 0
87 79 8 1 2 3 4 8 0 6 14 9 13 11 12 10 5 15 7
87 80 7 1 2 3 4 8 6 0 14 9 13 11 12 10 5 15 7
88 81 7 1 2 3 4 8 6 14 0 9 13 11 12 10 5 15 7
90 82 8 1 2 3 4 8 6 14 12 9 13 11 0 10 5 15 7
90 83 7 1 2 3 4 8 6 14 12 9 13 11 7 10 5 15 0
93 85 8 1 2 3 4 8 6 14 12 9 13 11 7 0 5 15 10
95 88 7 1 2 3 4 8 6 14 12 9 0 11 7 13 5 15 10
96 89 7 1 2 3 4 8 6 14 12 9 5 11 7 13 0 15 10
98 90 8 1 2 3 4 8 6 14 12 9 5 11 7 13 15 0 10
98 91 7 1 2 3 4 8 6 14 12 9 5 11 7 13 15 10 0
100 92 8 1 2 3 4 8 6 14 12 9 5 11 0 13 15 10 7
100 93 7 1 2 3 4 8 6 14 0 9 5 11 12 13 15 10 7
101 94 7 1 2 3 4 8 6 0 14 9 5 11 12 13 15 10 7
103 95 8 1 2 3 4 8 0 6 14 9 5 11 12 13 15 10 7
104 96 8 1 2 3 4 0 8 6 14 9 5 11 12 13 15 10 7
104 96 8 1 2 3 4 8 5 6 14 9 0 11 12 13 15 10 7
105 97 8 1 2 3 4 8 5 6 14 9 15 11 12 13 0 10 7
106 98 8 1 2 3 4 8 5 6 14 9 15 11 12 13 10 0 7
106 99 7 1 2 3 4 8 5 6 14 9 15 11 12 13 10 7 0
79 71 8 1 2 3 14 8 0 13 6 9 10 11 12 4 5 15 7
80 72 8 1 2 3 14 0 8 13 6 9 10 11 12 4 5 15 7
88 80 8 0 2 3 4 8 13 6 14 9 10 11 12 7 5 15 1
91 83 8 13 2 3 4 8 0 6 14 9 10 11 12 7 5 15 1
91 84 7 13 2 3 4 8 6 0 14 9 10 11 12 7 5 15 1
92 85 7 13 2 3 4 8 6 14 0 9 10 11 12 7 5 15 1
94 86 8 13 2 3 4 8 6 14 12 9 10 11 0 7 5 15 1
94 87 7 13 2 3 4 8 6 14 12 9 10 11 1 7 5 15 0
98 90 8 0 2 3 4 8 6 14 12 9 10 11 1 7 5 15 13
100 92 8 7 2 3 4 8 6 14 12 9 10 11 1 0 5 15 13
100 94 6 7 2 3 4 8 6 14 12 9 10 11 1 13 5 15 0
104 97 7 0 2 3 4 8 6 14 12 9 10 11 1 13 5 15 7
105 98 7 8 2 3 4 0 6 14 12 9 10 11 1 13 5 15 7
102 95 7 7 2 3 4 8 6 14 12 9 10 11 0 13 5 15 1
102 96 6 7 2 3 4 8 6 14 0 9 10 11 12 13 5 15 1
103 97 6 7 2 3 4 8 6 0 14 9 10 11 12 13 5 15 1
105 98 7 7 2 3 4 8 0 6 14 9 10 11 12 13 5 15 1
106 99 7 7 2 3 4 0 8 6 14 9 10 11 12 13 5 15 1
105 98 7 7 2 3 4 8 6 11 14 9 10 0 12 13 5 15 1
105 98 7 7 2 0 4 8 6 3 14 9 10 11 12 13 5 15 1
104 97 7 7 2 3 0 8 6 14 4 9 10 11 12 13 5 15 1
105 99 6 7 2 3 1 8 6 14 4 9 10 11 12 13 5 15 0
109 102 7 0 2 3 1 8 6 14 4 9 10 11 12 13 5 15 7
110 104 6 1 2 3 0 8 6 14 4 9 10 11 12 13 5 15 7
111 106 5 1 2 3 7 8 6 14 4 9 10 11 12 13 5 15 0
110 105 5 1 2 3 4 8 6 14 0 9 10 11 12 13 5 15 7
111 106 5 1 2 3 4 8 6 0 14 9 10 11 12 13 5 15 7
113 107 6 1 2 3 4 8 0 6 14 9 10 11 12 13 5 15 7
114 108 6 1 2 3 4 0 8 6 14 9 10 11 12 13 5 15 7
113 107 6 1 2 3 4 8 6 11 14 9 10 0 12 13 5 15 7
113 107 6 1 2 0 4 8 6 3 14 9 10 11 12 13 5 15 7
112 106 6 1 2 3 4 8 6 14 12 9 10 11 0 13 5 15 7
112 107 5 1 2 3 4 8 6 14 12 9 10 11 7 13 5 15 0
113 107 6 1 2 3 14 8 6 0 4 9 10 11 12 13 5 15 7
114 108 6 1 2 3 14 8 6 4 0 9 10 11 12 13 5 15 7
115 109 6 1 2 3 0 8 6 4 14 9 10 11 12 13 5 15 7
116 111 5 1 2 3 7 8 6 4 14 9 10 11 12 13 5 15 0
121 114 7 1 2 3 7 8 6 4 14 9 10 0 12 13 5 15 11
122 115 7 1 2 3 7 8 6 0 14 9 10 4 12 13 5 15 11
123 116 7 1 2 3 7 8 6 14 0 9 10 4 12 13 5 15 11
124 117 7 1 2 3 0 8 6 14 7 9 10 4 12 13 5 15 11
125 119 6 1 2 3 11 8 6 14 7 9 10 4 12 13 5 15 0
129 122 7 1 2 3 11 8 6 14 7 9 10 0 12 13 5 15 4
130 123 7 1 2 3 11 8 6 0 7 9 10 14 12 13 5 15 4
130 124 6 1 2 3 11 8 6 7 0 9 10 14 12 13 5 15 4
131 125 6 1 2 3 0 8 6 7 11 9 10 14 12 13 5 15 4
131 127 4 1 2 3 4 8 6 7 11 9 10 14 12 13 5 15 0
135 130 5 1 2 3 4 8 6 7 11 9 10 0 12 13 5 15 14
137 131 6 1 2 3 4 8 6 7 11 9 10 12 0 13 5 15 14
137 132 5 1 2 3 4 8 6 7 11 9 10 12 14 13 5 15 0
141 135 6 1 2 3 4 8 6 7 11 9 10 0 14 13 5 15 12
138 132 6 1 2 3 4 8 6 7 0 9 10 12 11 13 5 15 14
137 131 6 1 2 3 4 8 6 7 11 9 0 10 12 13 5 15 14
138 132 6 1 2 3 4 8 6 7 11 9 5 10 12 13 0 15 14
137 131 6 1 2 3 4 8 6 7 11 9 10 15 12 13 5 0 14
137 132 5 1 2 3 4 8 6 7 11 9 10 15 12 13 5 14 0
141 135 6 1 2 3 4 8 6 7 11 9 10 0 12 13 5 14 15
138 132 6 1 2 3 4 8 6 7 11 9 10 15 12 13 0 5 14
137 131 6 1 2 3 4 8 6 0 11 9 10 7 12 13 5 15 14
138 132 6 1 2 3 4 8 6 11 0 9 10 7 12 13 5 15 14
136 130 6 0 2 3 4 8 6 7 11 9 10 14 12 13 5 15 1
137 131 6 8 2 3 4 0 6 7 11 9 10 14 12 13 5 15 1
135 129 6 1 2 3 4 8 6 7 11 9 10 14 12 0 5 15 13
136 130 6 1 2 3 4 8 6 7 11 9 10 14 12 5 0 15 13
134 128 6 1 2 3 4 8 6 7 11 9 10 14 0 13 5 15 12
135 129 6 1 2 3 4 8 6 7 0 9 10 14 11 13 5 15 12
134 128 6 1 2 3 4 8 6 7 11 9 10 14 12 13 5 0 15
135 129 6 1 2 3 4 8 6 7 11 9 10 14 12 13 0 5 15
137 130 7 1 2 3 4 8 6 7 11 9 10 14 12 0 13 5 15
138 132 6 1 2 3 4 8 6 7 11 9 10 14 12 15 13 5 0
142 135 7 1 2 3 4 8 6 7 11 9 10 0 12 15 13 5 14
143 136 7 1 2 3 4 8 6 7 11 9 10 5 12 15 13 0 14
143 137 6 1 2 3 4 8 6 7 11 9 10 5 12 15 13 14 0
147 140 7 1 2 3 4 8 6 7 11 9 10 0 12 15 13 14 5
146 139 7 1 2 3 4 8 6 7 11 9 10 5 12 0 13 14 15
146 140 6 1 2 3 4 8 6 7 11 9 10 5 12 13 0 14 15
146 141 5 1 2 3 4 8 6 7 11 9 10 5 12 13 14 0 15
145 142 3 1 2 3 4 8 6 7 11 9 10 5 12 13 14 15 0
149 145 4 1 2 3 4 8 6 7 11 9 10 0 12 13 14 15 5
151 146 5 1 2 3 4 8 6 7 11 9 10 12 0 13 14 15 5
151 147 4 1 2 3 4 8 6 7 11 9 10 12 5 13 14 15 0
155 150 5 1 2 3 4 8 6 7 11 9 10 0 5 13 14 15 12
152 147 5 1 2 3 4 8 6 7 0 9 10 12 11 13 14 15 5
151 146 5 1 2 3 4 8 6 7 11 9 0 10 12 13 14 15 5
151 146 5 1 2 3 4 8 6 7 11 9 10 15 12 13 14 0 5
151 147 4 1 2 3 4 8 6 7 11 9 10 15 12 13 14 5 0
151 146 5 1 2 3 4 8 6 0 11 9 10 7 12 13 14 15 5
152 147 5 1 2 3 4 8 6 11 0 9 10 7 12 13 14 15 5
150 145 5 0 2 3 4 8 6 7 11 9 10 5 12 13 14 15 1
151 146 5 8 2 3 4 0 6 7 11 9 10 5 12 13 14 15 1
149 144 5 1 2 3 4 8 6 7 11 9 10 5 12 0 14 15 13
148 143 5 1 2 3 4 8 6 7 11 9 10 5 0 13 14 15 12
149 144 5 1 2 3 4 8 6 7 0 9 10 5 11 13 14 15 12
149 144 5 1 2 3 0 8 6 7 11 9 10 5 12 13 14 15 4
150 145 5 1 2 3 11 8 6 7 0 9 10 5 12 13 14 15 4
147 142 5 1 2 3 4 8 6 7 11 9 10 0 12 13 14 5 15
149 143 6 1 2 3 4 8 6 7 11 9 10 12 0 13 14 5 15
149 144 5 1 2 3 4 8 6 7 11 9 10 12 15 13 14 5 0
153 147 6 1 2 3 4 8 6 7 11 9 10 0 15 13 14 5 12
154 148 6 1 2 3 4 8 6 7 11 9 10 5 15 13 14 0 12
154 149 5 1 2 3 4 8 6 7 11 9 10 5 15 13 14 12 0
158 152 6 1 2 3 4 8 6 7 11 9 10 0 15 13 14 12 5
159 153 6 1 2 3 4 8 6 7 11 9 10 15 0 13 14 12 5
159 154 5 1 2 3 4 8 6 7 11 9 10 15 5 13 14 12 0
163 157 6 1 2 3 4 8 6 7 11 9 10 0 5 13 14 12 15
160 154 6 1 2 3 4 8 6 7 0 9 10 15 11 13 14 12 5
156 150 6 1 2 3 4 8 6 7 11 9 10 5 0 13 14 12 15
157 151 6 1 2 3 4 8 6 7 0 9 10 5 11 13 14 12 15
153 147 6 1 2 3 4 8 0 7 11 9 6 10 12 13 14 15 5
154 148 6 1 2 3 4 0 8 7 11 9 6 10 12 13 14 15 5
154 148 6 1 2 3 4 8 6 0 7 9 10 12 11 13 14 15 5
155 149 6 1 2 3 4 8 6 12 7 9 10 0 11 13 14 15 5
155 150 5 1 2 3 4 8 6 12 7 9 10 11 0 13 14 15 5
155 151 4 1 2 3 4 8 6 12 7 9 10 11 5 13 14 15 0
156 151 5 1 2 3 4 8 6 12 0 9 10 11 7 13 14 15 5
157 152 5 1 2 3 4 8 6 0 12 9 10 11 7 13 14 15 5
159 153 6 1 2 3 4 8 0 6 12 9 10 11 7 13 14 15 5
160 154 6 1 2 3 4 0 8 6 12 9 10 11 7 13 14 15 5
159 153 6 1 2 3 4 8 6 11 12 9 10 0 7 13 14 15 5
159 153 6 1 2 0 4 8 6 3 12 9 10 11 7 13 14 15 5
155 149 6 1 2 3 0 8 6 7 11 9 10 15 12 13 14 5 4
156 150 6 1 2 3 11 8 6 7 0 9 10 15 12 13 14 5 4
153 147 6 1 2 3 4 8 0 6 11 9 10 7 12 13 14 15 5
154 148 6 1 2 3 4 0 8 6 11 9 10 7 12 13 14 15 5
153 147 6 1 2 3 0 8 6 7 11 9 10 5 12 4 14 15 13
154 149 5 1 2 3 13 8 6 7 11 9 10 5 12 4 14 15 0
158 152 6 1 2 3 13 8 6 7 11 9 10 0 12 4 14 15 5
154 148 6 1 2 3 11 8 6 7 0 9 10 5 12 4 14 15 13
154 148 6 1 2 3 4 8 6 11 12 9 10 7 0 13 14 15 5
154 149 5 1 2 3 4 8 6 11 12 9 10 7 5 13 14 15 0
158 152 6 1 2 3 4 8 6 11 12 9 10 0 5 13 14 15 7
158 153 5 1 2 3 4 8 6 0 12 9 10 11 5 13 14 15 7
159 154 5 1 2 3 4 8 6 12 0 9 10 11 5 13 14 15 7
160 155 5 1 2 3 4 8 6 12 5 9 10 11 0 13 14 15 7
160 156 4 1 2 3 4 8 6 12 5 9 10 11 7 13 14 15 0
165 159 6 1 2 3 4 8 6 12 5 9 10 0 7 13 14 15 11
166 160 6 1 2 3 4 8 6 12 5 9 10 7 0 13 14 15 11
166 161 5 1 2 3 4 8 6 12 5 9 10 7 11 13 14 15 0
165 159 6 0 2 3 4 8 6 12 5 9 10 11 7 13 14 15 1
166 160 6 8 2 3 4 0 6 12 5 9 10 11 7 13 14 15 1
151 145 6 1 2 3 4 8 6 0 7 9 10 5 11 13 14 15 12
152 146 6 1 2 3 4 8 6 5 7 9 10 0 11 13 14 15 12
152 147 5 1 2 3 4 8 6 5 7 9 10 11 0 13 14 15 12
151 148 3 1 2 3 4 8 6 5 7 9 10 11 12 13 14 15 0
156 151 5 1 2 3 4 8 6 5 7 9 10 0 12 13 14 15 11
157 152 5 1 2 3 4 8 6 0 7 9 10 5 12 13 14 15 11
157 153 4 1 2 3 4 8 6 7 0 9 10 5 12 13 14 15 11
159 154 5 1 2 3 4 8 6 7 12 9 10 5 0 13 14 15 11
159 155 4 1 2 3 4 8 6 7 12 9 10 5 11 13 14 15 0
163 158 5 1 2 3 4 8 6 7 12 9 10 0 11 13 14 15 5
163 159 4 1 2 3 4 8 6 7 12 9 10 11 0 13 14 15 5
163 160 3 1 2 3 4 8 6 7 12 9 10 11 5 13 14 15 0
163 160 3 1 2 3 4 8 6 7 0 9 10 11 12 13 14 15 5
165 161 4 1 2 3 4 8 6 0 7 9 10 11 12 13 14 15 5
165 161 4 1 2 3 0 8 6 7 4 9 10 11 12 13 14 15 5
166 163 3 1 2 3 5 8 6 7 4 9 10 11 12 13 14 15 0
171 166 5 1 2 3 5 8 6 7 4 9 10 0 12 13 14 15 11
171 166 5 0 2 3 5 8 6 7 4 9 10 11 12 13 14 15 1
173 168 5 5 2 3 0 8 6 7 4 9 10 11 12 13 14 15 1
174 170 4 5 2 3 1 8 6 7 4 9 10 11 12 13 14 15 0
173 169 4 5 2 3 4 8 6 7 0 9 10 11 12 13 14 15 1
175 170 5 5 2 3 4 8 6 0 7 9 10 11 12 13 14 15 1
175 170 5 5 2 3 4 8 6 7 12 9 10 11 0 13 14 15 1
175 171 4 5 2 3 4 8 6 7 12 9 10 11 1 13 14 15 0
179 174 5 0 2 3 4 8 6 7 12 9 10 11 1 13 14 15 5
180 175 5 8 2 3 4 0 6 7 12 9 10 11 1 13 14 15 5
172 167 5 8 2 3 5 0 6 7 4 9 10 11 12 13 14 15 1
169 164 5 1 2 3 5 8 6 7 4 9 10 11 12 13 14 0 15
168 163 5 0 2 3 4 8 6 7 12 9 10 11 5 13 14 15 1
169 164 5 8 2 3 4 0 6 7 12 9 10 11 5 13 14 15 1
167 162 5 1 2 3 4 8 6 7 12 9 10 11 5 0 14 15 13
153 148 5 1 2 3 4 8 6 5 0 9 10 11 7 13 14 15 12
154 149 5 1 2 3 4 8 6 0 5 9 10 11 7 13 14 15 12
167 162 5 1 2 3 4 8 0 6 7 9 10 11 12 13 14 15 5
168 163 5 1 2 3 4 0 8 6 7 9 10 11 12 13 14 15 5
167 162 5 1 2 0 4 8 6 3 7 9 10 11 12 13 14 15 5
155 150 5 1 2 3 0 8 6 5 7 9 10 11 12 13 14 15 4
158 153 5 1 2 3 5 8 6 0 7 9 10 11 12 13 14 15 4
158 154 4 1 2 3 5 8 6 7 0 9 10 11 12 13 14 15 4
159 155 4 1 2 3 0 8 6 7 5 9 10 11 12 13 14 15 4
159 157 2 1 2 3 4 8 6 7 5 9 10 11 12 13 14 15 0
164 160 4 1 2 3 4 8 6 7 5 9 10 0 12 13 14 15 11
164 160 4 0 2 3 4 8 6 7 5 9 10 11 12 13 14 15 1
165 161 4 8 2 3 4 0 6 7 5 9 10 11 12 13 14 15 1
163 159 4 1 2 3 4 8 6 7 5 9 10 11 12 0 14 15 13
162 158 4 1 2 3 4 8 6 7 5 9 10 11 12 13 14 0 15
162 158 4 1 2 3 4 8 6 7 5 9 10 11 0 13 14 15 12
163 159 4 1 2 3 4 8 6 7 0 9 10 11 5 13 14 15 12
165 160 5 1 2 3 4 8 6 0 7 9 10 11 5 13 14 15 12
165 160 5 1 2 3 0 8 6 7 4 9 10 11 5 13 14 15 12
166 162 4 1 2 3 12 8 6 7 4 9 10 11 5 13 14 15 0
168 163 5 1 2 3 12 8 6 7 4 9 10 11 0 13 14 15 5
169 164 5 1 2 3 12 8 6 7 0 9 10 11 4 13 14 15 5
170 165 5 1 2 3 0 8 6 7 12 9 10 11 4 13 14 15 5
171 167 4 1 2 3 5 8 6 7 12 9 10 11 4 13 14 15 0
165 160 5 1 2 3 4 8 6 7 5 9 10 11 12 14 0 15 13
166 161 5 1 2 3 4 8 6 7 5 9 10 15 12 13 14 0 11
166 162 4 1 2 3 4 8 6 7 5 9 10 15 12 13 14 11 0
169 164 5 1 2 3 5 8 6 7 4 9 10 11 0 13 14 15 12
170 165 5 1 2 3 5 8 6 7 0 9 10 11 4 13 14 15 12
171 166 5 1 2 3 0 8 6 7 5 9 10 11 4 13 14 15 12
172 168 4 1 2 3 12 8 6 7 5 9 10 11 4 13 14 15 0
174 169 5 1 2 3 12 8 6 7 5 9 10 11 0 13 14 15 4
175 170 5 1 2 3 12 8 6 7 0 9 10 11 5 13 14 15 4
169 164 5 1 2 3 13 8 6 7 4 9 10 11 12 0 14 15 5
170 166 4 1 2 3 13 8 6 7 4 9 10 11 12 5 14 15 0
173 168 5 1 2 3 0 8 6 7 4 9 10 11 12 5 14 15 13
173 169 4 1 2 3 4 8 6 7 0 9 10 11 12 5 14 15 13
175 170 5 1 2 3 4 8 6 0 7 9 10 11 12 5 14 15 13
175 170 5 1 2 3 4 8 6 7 12 9 10 11 0 5 14 15 13
175 171 4 1 2 3 4 8 6 7 12 9 10 11 13 5 14 15 0
178 173 5 1 2 3 4 8 6 7 12 9 10 11 13 0 14 15 5
163 158 5 1 2 3 13 8 6 7 5 9 10 11 12 0 14 15 4
164 160 4 1 2 3 13 8 6 7 5 9 10 11 12 4 14 15 0
167 162 5 1 2 3 4 8 6 11 7 9 10 0 12 13 14 15 5
166 161 5 1 2 3 4 8 6 7 5 9 0 10 12 13 14 15 11
167 162 5 8 2 3 4 9 6 7 5 0 10 11 12 13 14 15 1
167 162 5 13 2 3 4 8 6 7 5 9 10 11 12 0 14 15 1
168 164 4 13 2 3 4 8 6 7 5 9 10 11 12 1 14 15 0
167 162 5 4 2 3 0 8 6 7 5 9 10 11 12 13 14 15 1
168 164 4 4 2 3 1 8 6 7 5 9 10 11 12 13 14 15 0
168 163 5 4 2 3 5 8 6 7 0 9 10 11 12 13 14 15 1
167 162 5 1 2 3 0 8 6 7 5 9 10 11 12 4 14 15 13
168 163 5 1 2 3 5 8 6 7 0 9 10 11 12 4 14 15 13
166 161 5 2 0 3 4 8 6 7 5 9 10 11 12 13 14 15 1
165 160 5 1 2 3 4 8 6 7 5 0 10 11 12 9 14 15 13
166 161 5 1 2 3 4 0 6 7 5 8 10 11 12 9 14 15 13
166 161 5 0 2 3 4 8 6 7 5 9 10 11 12 1 14 15 13
167 162 5 8 2 3 4 0 6 7 5 9 10 11 12 1 14 15 13
160 155 5 1 2 3 4 8 6 7 12 9 10 0 5 13 14 15 11
167 162 5 8 2 3 4 6 0 7 5 9 10 11 12 13 14 15 1
154 149 5 1 2 3 4 8 6 5 7 9 10 11 12 13 14 0 15
164 159 5 1 2 3 4 8 6 7 5 9 10 0 11 13 14 15 12
166 161 5 1 2 3 4 8 6 0 5 9 10 7 12 13 14 15 11
167 162 5 1 2 3 4 8 6 5 0 9 10 7 12 13 14 15 11
167 162 5 1 2 0 3 8 6 7 4 9 10 11 12 13 14 15 5
167 162 5 1 2 3 0 8 6 7 12 9 10 11 5 13 14 15 4
164 159 5 1 2 3 4 8 6 7 5 9 10 11 12 13 0 14 15
169 164 5 1 2 3 7 8 6 0 4 9 10 11 12 13 14 15 5
170 165 5 1 2 3 7 8 6 4 0 9 10 11 12 13 14 15 5
171 166 5 1 2 3 0 8 6 4 7 9 10 11 12 13 14 15 5
172 168 4 1 2 3 5 8 6 4 7 9 10 11 12 13 14 15 0
164 159 5 1 2 3 4 8 6 7 5 9 10 0 12 13 14 11 15
156 151 5 0 2 3 4 8 6 5 7 9 10 11 12 13 14 15 1
157 152 5 8 2 3 4 0 6 5 7 9 10 11 12 13 14 15 1
155 150 5 1 2 3 4 8 6 5 7 9 10 11 12 0 14 15 13
163 158 5 1 2 3 7 8 6 0 5 9 10 11 12 13 14 15 4
156 151 5 1 2 3 7 8 6 5 0 9 10 11 12 13 14 15 4
170 165 5 1 2 3 5 8 6 7 4 9 10 11 12 0 14 15 13
166 161 5 1 2 3 4 8 6 7 5 9 10 12 0 13 14 15 11
166 162 4 1 2 3 4 8 6 7 5 9 10 12 11 13 14 15 0
167 162 5 1 2 3 4 8 6 7 0 9 10 12 5 13 14 15 11
168 163 5 6 2 3 4 8 0 7 5 9 10 11 12 13 14 15 1
169 164 5 6 2 3 4 0 8 7 5 9 10 11 12 13 14 15 1
167 162 5 1 2 3 4 8 6 7 5 9 0 11 12 10 14 15 13
159 154 5 1 2 3 0 8 6 7 4 9 10 5 12 13 14 15 11
160 156 4 1 2 3 11 8 6 7 4 9 10 5 12 13 14 15 0
164 159 5 1 2 3 11 8 6 7 4 9 10 0 12 13 14 15 5
160 155 5 1 2 3 5 8 6 7 12 9 10 11 0 13 14 15 4
166 161 5 1 2 3 4 8 6 7 12 9 10 11 5 13 14 0 15
161 156 5 1 2 0 3 8 6 7 5 9 10 11 12 13 14 15 4
162 157 5 0 2 3 1 8 6 7 5 9 10 11 12 13 14 15 4
163 158 5 8 2 3 1 0 6 7 5 9 10 11 12 13 14 15 4
168 163 5 0 2 3 1 8 6 7 4 9 10 11 12 13 14 15 5
169 164 5 8 2 3 1 0 6 7 4 9 10 11 12 13 14 15 5
171 165 6 8 2 3 1 6 0 7 4 9 10 11 12 13 14 15 5
159 153 6 1 2 3 4 8 6 5 7 9 0 11 12 10 14 15 13
171 165 6 8 2 3 1 9 6 7 4 0 10 11 12 13 14 15 5
172 166 6 6 2 3 1 8 0 7 4 9 10 11 12 13 14 15 5
173 167 6 6 2 3 1 0 8 7 4 9 10 11 12 13 14 15 5
171 165 6 13 2 3 1 8 6 7 4 9 10 11 12 0 14 15 5
172 167 5 13 2 3 1 8 6 7 4 9 10 11 12 5 14 15 0
175 169 6 13 2 3 0 8 6 7 4 9 10 11 12 5 14 15 1
175 170 5 13 2 3 4 8 6 7 0 9 10 11 12 5 14 15 1
177 171 6 13 2 3 4 8 6 0 7 9 10 11 12 5 14 15 1
177 171 6 13 2 3 4 8 6 7 12 9 10 11 0 5 14 15 1
177 172 5 13 2 3 4 8 6 7 12 9 10 11 1 5 14 15 0
181 175 6 0 2 3 4 8 6 7 12 9 10 11 1 5 14 15 13
182 176 6 8 2 3 4 0 6 7 12 9 10 11 1 5 14 15 13
174 168 6 13 2 3 0 8 6 7 4 9 10 11 12 1 14 15 5
175 170 5 13 2 3 5 8 6 7 4 9 10 11 12 1 14 15 0
174 169 5 13 2 3 4 8 6 7 0 9 10 11 12 1 14 15 5
176 170 6 13 2 3 4 8 6 0 7 9 10 11 12 1 14 15 5
176 170 6 13 2 3 4 8 6 7 12 9 10 11 0 1 14 15 5
176 171 5 13 2 3 4 8 6 7 12 9 10 11 5 1 14 15 0
170 164 6 2 0 3 1 8 6 7 4 9 10 11 12 13 14 15 5
165 159 6 1 2 3 7 8 6 11 5 9 10 0 12 13 14 15 4
169 163 6 1 2 3 4 8 0 7 5 9 6 11 12 10 14 15 13
170 164 6 1 2 3 4 0 8 7 5 9 6 11 12 10 14 15 13
170 164 6 6 2 3 4 8 7 0 5 9 10 11 12 13 14 15 1
171 165 6 6 2 3 4 8 7 5 0 9 10 11 12 13 14 15 1
161 155 6 1 2 0 3 8 6 7 4 9 10 5 12 13 14 15 11
169 163 6 1 2 3 4 8 6 7 5 0 9 11 12 10 14 15 13
170 164 6 1 2 3 4 8 6 7 5 10 9 11 12 0 14 15 13
170 166 4 1 2 3 4 8 6 7 5 10 9 11 12 13 14 15 0
175 169 6 1 2 3 4 8 6 7 5 10 9 0 12 13 14 15 11
176 170 6 1 2 3 4 8 6 7 5 10 0 9 12 13 14 15 11
176 171 5 1 2 3 4 8 6 7 5 0 10 9 12 13 14 15 11
177 172 5 1 2 3 4 0 6 7 5 8 10 9 12 13 14 15 11
179 173 6 1 2 3 4 6 0 7 5 8 10 9 12 13 14 15 11
178 172 6 1 2 3 4 8 6 7 5 13 10 9 12 0 14 15 11
179 174 5 1 2 3 4 8 6 7 5 13 10 9 12 11 14 15 0
183 177 6 1 2 3 4 8 6 7 5 13 10 0 12 11 14 15 9
175 169 6 0 2 3 4 8 6 7 5 10 9 11 12 13 14 15 1
176 170 6 8 2 3 4 0 6 7 5 10 9 11 12 13 14 15 1
177 171 6 8 2 3 4 10 6 7 5 0 9 11 12 13 14 15 1
177 172 5 8 2 3 4 10 6 7 5 9 0 11 12 13 14 15 1
179 173 6 8 2 3 4 10 6 7 5 9 11 0 12 13 14 15 1
179 173 6 8 2 3 4 10 6 7 5 9 14 11 12 13 0 15 1
179 173 6 8 2 3 4 10 0 7 5 9 6 11 12 13 14 15 1
180 174 6 8 2 3 4 0 10 7 5 9 6 11 12 13 14 15 1
174 168 6 1 2 3 0 8 6 7 5 10 9 11 12 13 14 15 4
175 169 6 1 2 3 5 8 6 7 0 10 9 11 12 13 14 15 4
165 159 6 13 2 3 1 8 6 7 5 9 10 11 12 0 14 15 4
166 161 5 13 2 3 1 8 6 7 5 9 10 11 12 4 14 15 0
152 146 6 1 2 3 11 8 6 0 7 9 10 5 12 13 14 15 4
153 147 6 1 2 3 11 8 6 5 7 9 10 0 12 13 14 15 4
174 168 6 1 2 3 5 8 6 7 4 9 0 11 12 10 14 15 13
172 166 6 1 2 3 5 8 6 7 4 9 10 11 12 14 0 15 13
173 167 6 0 2 3 5 8 6 7 4 9 10 11 12 1 14 15 13
175 169 6 5 2 3 0 8 6 7 4 9 10 11 12 1 14 15 13
176 171 5 5 2 3 13 8 6 7 4 9 10 11 12 1 14 15 0
175 170 5 5 2 3 4 8 6 7 0 9 10 11 12 1 14 15 13
177 171 6 5 2 3 4 8 6 0 7 9 10 11 12 1 14 15 13
177 171 6 5 2 3 4 8 6 7 12 9 10 11 0 1 14 15 13
177 172 5 5 2 3 4 8 6 7 12 9 10 11 13 1 14 15 0
180 174 6 5 2 3 4 8 6 7 12 9 10 11 13 0 14 15 1
174 168 6 8 2 3 5 0 6 7 4 9 10 11 12 1 14 15 13
158 152 6 1 2 3 7 8 6 5 12 9 10 11 0 13 14 15 4
158 153 5 1 2 3 7 8 6 5 12 9 10 11 4 13 14 15 0
161 155 6 1 2 3 0 8 6 5 12 9 10 11 4 13 14 15 7
164 158 6 1 2 3 5 8 6 0 12 9 10 11 4 13 14 15 7
165 159 6 1 2 3 5 8 6 12 0 9 10 11 4 13 14 15 7
166 160 6 1 2 3 5 8 6 12 4 9 10 11 0 13 14 15 7
166 161 5 1 2 3 5 8 6 12 4 9 10 11 7 13 14 15 0
166 160 6 1 2 3 0 8 6 12 5 9 10 11 4 13 14 15 7
167 162 5 1 2 3 7 8 6 12 5 9 10 11 4 13 14 15 0
169 163 6 1 2 3 7 8 6 12 5 9 10 11 0 13 14 15 4
170 164 6 1 2 3 7 8 6 12 0 9 10 11 5 13 14 15 4
169 163 6 1 2 3 12 8 6 0 5 9 10 11 4 13 14 15 7
162 156 6 1 2 3 12 8 6 5 0 9 10 11 4 13 14 15 7
163 157 6 1 2 3 12 8 6 5 4 9 10 11 0 13 14 15 7
163 158 5 1 2 3 12 8 6 5 4 9 10 11 7 13 14 15 0
173 167 6 1 2 3 4 8 6 7 5 10 9 11 0 13 14 15 12
174 168 6 1 2 3 4 8 6 7 0 10 9 11 5 13 14 15 12
162 156 6 1 2 3 5 8 6 7 12 9 10 0 11 13 14 15 4
164 158 6 2 0 3 1 8 6 7 5 9 10 11 12 13 14 15 4
169 163 6 1 2 3 0 8 6 7 4 9 10 12 5 13 14 15 11
170 165 5 1 2 3 11 8 6 7 4 9 10 12 5 13 14 15 0
174 168 6 1 2 3 11 8 6 7 4 9 10 0 5 13 14 15 12
165 159 6 8 2 3 1 9 6 7 5 0 10 11 12 13 14 15 4
163 157 6 1 2 7 3 8 6 0 5 9 10 11 12 13 14 15 4
164 158 6 1 2 7 3 8 6 5 0 9 10 11 12 13 14 15 4
165 159 6 1 2 7 0 8 6 5 3 9 10 11 12 13 14 15 4
165 161 4 1 2 7 4 8 6 5 3 9 10 11 12 13 14 15 0
170 164 6 1 2 7 4 8 6 5 3 9 10 0 12 13 14 15 11
171 165 6 1 2 7 4 8 6 0 3 9 10 5 12 13 14 15 11
171 166 5 1 2 0 4 8 6 7 3 9 10 5 12 13 14 15 11
173 167 6 1 2 4 0 8 6 7 3 9 10 5 12 13 14 15 11
174 169 5 1 2 4 11 8 6 7 3 9 10 5 12 13 14 15 0
178 172 6 1 2 4 11 8 6 7 3 9 10 0 12 13 14 15 5
174 168 6 1 2 4 3 8 6 7 0 9 10 5 12 13 14 15 11
173 167 6 1 0 2 4 8 6 7 3 9 10 5 12 13 14 15 11
172 166 6 1 2 7 4 8 6 3 0 9 10 5 12 13 14 15 11
163 157 6 1 2 3 13 8 6 7 4 9 10 5 12 0 14 15 11
164 159 5 1 2 3 13 8 6 7 4 9 10 5 12 11 14 15 0
168 162 6 1 2 3 13 8 6 7 4 9 10 0 12 11 14 15 5
167 161 6 1 2 3 0 8 6 7 4 9 10 5 12 11 14 15 13
167 162 5 1 2 3 4 8 6 7 0 9 10 5 12 11 14 15 13
169 163 6 1 2 3 4 8 6 0 7 9 10 5 12 11 14 15 13
170 164 6 1 2 3 4 8 6 5 7 9 10 0 12 11 14 15 13
169 163 6 1 2 3 4 8 6 7 12 9 10 5 0 11 14 15 13
169 164 5 1 2 3 4 8 6 7 12 9 10 5 13 11 14 15 0
173 167 6 1 2 3 4 8 6 7 12 9 10 0 13 11 14 15 5
174 168 6 1 2 3 4 8 6 7 12 9 10 13 0 11 14 15 5
174 169 5 1 2 3 4 8 6 7 12 9 10 13 5 11 14 15 0
174 169 5 1 2 3 4 8 6 7 0 9 10 13 12 11 14 15 5
176 170 6 1 2 3 4 8 6 0 7 9 10 13 12 11 14 15 5
177 171 6 1 2 3 4 8 6 13 7 9 10 0 12 11 14 15 5
176 170 6 1 2 3 0 8 6 7 4 9 10 13 12 11 14 15 5
177 172 5 1 2 3 5 8 6 7 4 9 10 13 12 11 14 15 0
181 175 6 1 2 3 5 8 6 7 4 9 10 0 12 11 14 15 13
180 174 6 1 2 3 5 8 6 7 4 9 10 13 12 0 14 15 11
183 177 6 1 2 3 0 8 6 7 4 9 10 13 12 5 14 15 11
184 179 5 1 2 3 11 8 6 7 4 9 10 13 12 5 14 15 0
183 178 5 1 2 3 4 8 6 7 0 9 10 13 12 5 14 15 11
185 179 6 1 2 3 4 8 6 0 7 9 10 13 12 5 14 15 11
186 180 6 1 2 3 4 8 6 13 7 9 10 0 12 5 14 15 11
185 179 6 1 2 3 4 8 6 7 12 9 10 13 0 5 14 15 11
185 180 5 1 2 3 4 8 6 7 12 9 10 13 11 5 14 15 0
188 182 6 1 2 3 4 8 6 7 12 9 10 13 11 0 14 15 5
165 159 6 1 2 3 7 8 0 6 5 9 10 11 12 13 14 15 4
166 160 6 1 2 3 7 0 8 6 5 9 10 11 12 13 14 15 4
166 160 6 1 2 3 11 8 6 7 4 9 10 15 12 13 14 0 5
166 161 5 1 2 3 11 8 6 7 4 9 10 15 12 13 14 5 0
170 164 6 1 2 3 11 8 6 7 4 9 10 0 12 13 14 5 15
169 163 6 1 2 3 0 8 6 7 4 9 10 15 12 13 14 5 11
169 164 5 1 2 3 4 8 6 7 0 9 10 15 12 13 14 5 11
171 165 6 1 2 3 4 8 6 0 7 9 10 15 12 13 14 5 11
172 166 6 1 2 3 4 8 6 15 7 9 10 0 12 13 14 5 11
173 167 6 1 2 3 4 8 6 15 7 9 10 5 12 13 14 0 11
173 168 5 1 2 3 4 8 6 15 7 9 10 5 12 13 14 11 0
177 171 6 1 2 3 4 8 6 15 7 9 10 0 12 13 14 11 5
177 172 5 1 2 3 4 8 6 15 7 9 10 11 12 13 14 0 5
177 173 4 1 2 3 4 8 6 15 7 9 10 11 12 13 14 5 0
182 176 6 0 2 3 4 8 6 15 7 9 10 11 12 13 14 5 1
183 177 6 8 2 3 4 0 6 15 7 9 10 11 12 13 14 5 1
181 175 6 1 2 3 0 8 6 15 7 9 10 11 12 13 14 5 4
184 178 6 1 2 3 15 8 6 0 7 9 10 11 12 13 14 5 4
184 179 5 1 2 3 15 8 6 7 0 9 10 11 12 13 14 5 4
185 180 5 1 2 3 0 8 6 7 15 9 10 11 12 13 14 5 4
185 182 3 1 2 3 4 8 6 7 15 9 10 11 12 13 14 5 0
187 183 4 1 2 3 4 8 6 7 15 9 10 11 12 13 14 0 5
189 184 5 1 2 3 4 8 6 7 15 9 10 11 12 13 0 14 5
189 184 5 1 2 3 4 8 6 7 15 9 10 0 12 13 14 11 5
190 185 5 1 2 3 4 8 6 7 15 9 10 0 12 13 14 5 11
191 186 5 1 2 3 4 8 6 7 15 9 10 5 12 13 14 0 11
191 187 4 1 2 3 4 8 6 7 15 9 10 5 12 13 14 11 0
190 185 5 0 2 3 4 8 6 7 15 9 10 11 12 13 14 5 1
191 186 5 8 2 3 4 0 6 7 15 9 10 11 12 13 14 5 1
189 184 5 1 2 3 4 8 6 7 15 9 10 11 12 0 14 5 13
188 183 5 1 2 3 4 8 6 7 15 9 10 11 0 13 14 5 12
189 184 5 1 2 3 4 8 6 7 0 9 10 11 15 13 14 5 12
191 185 6 1 2 3 4 8 6 0 7 9 10 11 15 13 14 5 12
193 187 6 8 2 3 4 6 0 7 15 9 10 11 12 13 14 5 1
191 185 6 1 2 3 0 8 6 7 4 9 10 11 15 13 14 5 12
192 187 5 1 2 3 12 8 6 7 4 9 10 11 15 13 14 5 0
194 188 6 1 2 3 12 8 6 7 4 9 10 11 15 13 14 0 5
194 188 6 1 2 3 12 8 6 7 4 9 10 11 0 13 14 5 15
195 189 6 1 2 3 12 8 6 7 0 9 10 11 4 13 14 5 15
196 190 6 1 2 3 0 8 6 7 12 9 10 11 4 13 14 5 15
197 192 5 1 2 3 15 8 6 7 12 9 10 11 4 13 14 5 0
199 193 6 1 2 3 15 8 6 7 12 9 10 11 4 13 14 0 5
190 184 6 1 2 3 4 8 6 7 15 9 10 0 11 13 14 5 12
191 185 6 1 2 3 4 8 6 7 15 9 10 5 11 13 14 0 12
191 186 5 1 2 3 4 8 6 7 15 9 10 5 11 13 14 12 0
195 189 6 1 2 3 4 8 6 7 15 9 10 0 11 13 14 12 5
195 190 5 1 2 3 4 8 6 7 15 9 10 11 0 13 14 12 5
195 191 4 1 2 3 4 8 6 7 15 9 10 11 5 13 14 12 0
197 192 5 1 2 3 4 8 6 7 15 9 10 11 5 13 14 0 12
196 191 5 1 2 3 4 8 6 7 0 9 10 11 15 13 14 12 5
198 192 6 1 2 3 4 8 6 0 7 9 10 11 15 13 14 12 5
153 147 6 1 2 3 4 8 6 7 11 9 0 5 12 10 14 15 13
154 148 6 1 2 3 4 8 6 7 11 9 5 0 12 10 14 15 13
198 192 6 1 2 3 0 8 6 7 4 9 10 11 15 13 14 12 5
199 194 5 1 2 3 5 8 6 7 4 9 10 11 15 13 14 12 0
201 195 6 1 2 3 5 8 6 7 4 9 10 11 15 13 14 0 12
201 195 6 1 2 3 5 8 6 7 4 9 10 11 0 13 14 12 15
202 196 6 1 2 3 5 8 6 7 0 9 10 11 4 13 14 12 15
203 197 6 1 2 3 0 8 6 7 5 9 10 11 4 13 14 12 15
204 199 5 1 2 3 15 8 6 7 5 9 10 11 4 13 14 12 0
206 200 6 1 2 3 15 8 6 7 5 9 10 11 4 13 14 0 12
206 200 6 1 2 3 15 8 6 7 5 9 10 11 0 13 14 12 4
207 201 6 1 2 3 15 8 6 7 0 9 10 11 5 13 14 12 4
199 193 6 1 2 3 4 8 6 7 15 9 10 11 5 13 0 14 12
166 160 6 6 2 3 1 8 0 7 5 9 10 11 12 13 14 15 4
167 161 6 6 2 3 1 0 8 7 5 9 10 11 12 13 14 15 4
166 160 6 1 2 3 11 8 6 0 4 9 10 7 12 13 14 15 5
167 161 6 1 2 3 11 8 6 4 0 9 10 7 12 13 14 15 5
168 162 6 1 2 3 0 8 6 4 11 9 10 7 12 13 14 15 5
169 164 5 1 2 3 5 8 6 4 11 9 10 7 12 13 14 15 0
173 167 6 1 2 3 5 8 6 4 11 9 10 0 12 13 14 15 7
174 168 6 1 2 3 5 8 6 0 11 9 10 4 12 13 14 15 7
175 169 6 1 2 3 5 8 6 11 0 9 10 4 12 13 14 15 7
176 170 6 1 2 3 0 8 6 11 5 9 10 4 12 13 14 15 7
177 172 5 1 2 3 7 8 6 11 5 9 10 4 12 13 14 15 0
179 173 6 1 2 3 11 8 6 0 5 9 10 4 12 13 14 15 7
180 174 6 1 2 3 11 8 6 5 0 9 10 4 12 13 14 15 7
181 175 6 1 2 3 0 8 6 5 11 9 10 4 12 13 14 15 7
182 177 5 1 2 3 7 8 6 5 11 9 10 4 12 13 14 15 0
186 180 6 1 2 3 7 8 6 5 11 9 10 0 12 13 14 15 4
180 174 6 1 2 3 11 8 6 4 5 9 10 0 12 13 14 15 7
179 173 6 1 2 3 4 8 6 15 7 9 10 11 12 13 0 14 5
187 181 6 1 2 0 3 8 6 7 15 9 10 11 12 13 14 5 4
188 182 6 0 2 3 1 8 6 7 15 9 10 11 12 13 14 5 4
190 185 5 4 2 3 1 8 6 7 15 9 10 11 12 13 14 5 0
192 186 6 4 2 3 1 8 6 7 15 9 10 11 12 13 14 0 5
189 183 6 8 2 3 1 0 6 7 15 9 10 11 12 13 14 5 4
189 183 6 1 2 3 7 8 6 0 15 9 10 11 12 13 14 5 4
191 185 6 1 2 3 4 8 6 0 15 9 10 7 12 13 14 11 5
192 186 6 1 2 3 4 8 6 15 0 9 10 7 12 13 14 11 5
189 183 6 1 2 3 13 8 6 7 15 9 10 11 12 0 14 5 4
190 185 5 1 2 3 13 8 6 7 15 9 10 11 12 4 14 5 0
192 186 6 1 2 3 13 8 6 7 15 9 10 11 12 4 14 0 5
172 166 6 1 2 3 4 8 6 7 12 9 10 5 13 0 14 15 11
192 186 6 1 2 3 4 8 6 7 15 9 10 12 0 13 14 5 11
192 187 5 1 2 3 4 8 6 7 15 9 10 12 11 13 14 5 0
195 189 6 1 2 3 0 8 6 7 15 9 10 5 12 13 14 11 4
196 190 6 1 2 3 15 8 6 7 0 9 10 5 12 13 14 11 4
193 187 6 1 2 3 4 8 6 7 15 9 10 5 12 13 0 14 11
195 189 6 1 2 3 4 8 6 7 15 9 10 5 12 0 14 11 13
194 188 6 1 2 3 4 8 6 7 15 9 10 5 0 13 14 11 12
195 189 6 1 2 3 4 8 6 7 0 9 10 5 15 13 14 11 12
166 160 6 1 2 3 11 8 6 7 4 9 0 10 12 13 14 15 5
192 186 6 2 0 3 4 8 6 7 15 9 10 11 12 13 14 5 1
196 190 6 0 2 3 4 8 6 7 15 9 10 5 12 13 14 11 1
197 191 6 8 2 3 4 0 6 7 15 9 10 5 12 13 14 11 1
193 187 6 4 2 3 0 8 6 7 15 9 10 11 12 13 14 5 1
194 188 6 4 2 3 15 8 6 7 0 9 10 11 12 13 14 5 1
168 162 6 1 2 7 4 8 6 5 3 9 10 11 12 13 14 0 15
194 188 6 6 2 3 4 8 0 7 15 9 10 11 12 13 14 5 1
195 189 6 6 2 3 4 0 8 7 15 9 10 11 12 13 14 5 1
193 187 6 8 2 3 4 9 6 7 15 0 10 11 12 13 14 5 1
192 186 6 1 2 3 4 8 6 0 15 9 10 7 12 13 14 5 11
193 187 6 1 2 3 4 8 6 15 0 9 10 7 12 13 14 5 11
166 160 6 1 2 0 7 8 6 5 3 9 10 11 12 13 14 15 4
167 161 6 1 2 5 7 8 6 0 3 9 10 11 12 13 14 15 4
168 162 6 1 2 5 7 8 6 3 0 9 10 11 12 13 14 15 4
169 163 6 1 2 5 0 8 6 3 7 9 10 11 12 13 14 15 4
169 165 4 1 2 5 4 8 6 3 7 9 10 11 12 13 14 15 0
174 168 6 1 2 5 4 8 6 3 7 9 10 0 12 13 14 15 11
175 169 6 1 2 5 4 8 6 0 7 9 10 3 12 13 14 15 11
175 170 5 1 2 5 4 8 6 7 0 9 10 3 12 13 14 15 11
177 171 6 1 2 5 4 8 6 7 12 9 10 3 0 13 14 15 11
177 172 5 1 2 5 4 8 6 7 12 9 10 3 11 13 14 15 0
181 175 6 1 2 5 4 8 6 7 12 9 10 0 11 13 14 15 3
181 176 5 1 2 5 4 8 6 7 12 9 10 11 0 13 14 15 3
181 177 4 1 2 5 4 8 6 7 12 9 10 11 3 13 14 15 0
181 177 4 1 2 5 4 8 6 7 0 9 10 11 12 13 14 15 3
183 178 5 1 2 5 4 8 6 0 7 9 10 11 12 13 14 15 3
184 179 5 1 2 0 4 8 6 5 7 9 10 11 12 13 14 15 3
183 178 5 1 2 5 0 8 6 7 4 9 10 11 12 13 14 15 3
184 180 4 1 2 5 3 8 6 7 4 9 10 11 12 13 14 15 0
184 179 5 1 2 0 5 8 6 7 4 9 10 11 12 13 14 15 3
186 180 6 1 0 2 5 8 6 7 4 9 10 11 12 13 14 15 3
193 187 6 1 2 3 4 8 6 7 0 9 10 12 15 13 14 5 11
173 167 6 1 2 3 4 8 6 7 5 10 9 11 12 13 14 0 15
151 145 6 1 2 3 4 8 6 7 11 9 10 12 15 13 14 0 5
164 158 6 1 2 3 11 8 6 7 4 9 10 5 12 0 14 15 13
155 149 6 1 2 3 0 8 6 7 11 9 10 12 5 13 14 15 4
156 150 6 1 2 3 11 8 6 7 0 9 10 12 5 13 14 15 4
157 151 6 1 2 3 11 8 6 7 5 9 10 12 0 13 14 15 4
157 152 5 1 2 3 11 8 6 7 5 9 10 0 12 13 14 15 4
157 152 5 1 2 3 11 8 6 7 5 9 10 12 4 13 14 15 0
161 155 6 1 2 3 11 8 6 7 5 9 10 0 4 13 14 15 12
162 156 6 1 2 3 11 8 6 7 5 9 10 4 0 13 14 15 12
161 157 4 1 2 3 11 8 6 7 5 9 10 4 12 13 14 15 0
164 159 5 1 2 3 0 8 6 7 5 9 10 4 12 13 14 15 11
165 160 5 1 2 3 5 8 6 7 0 9 10 4 12 13 14 15 11
167 161 6 1 2 3 5 8 6 0 7 9 10 4 12 13 14 15 11
164 158 6 1 2 3 11 8 6 7 5 9 10 4 12 13 14 0 15
165 159 6 1 2 3 11 8 6 7 5 9 10 0 12 13 14 4 15
188 182 6 1 2 3 11 8 6 7 4 9 10 0 12 5 14 15 13
199 193 6 1 2 3 0 8 6 7 15 9 10 11 5 13 14 12 4
193 187 6 1 2 3 4 8 6 7 15 9 10 5 0 13 14 12 11
194 188 6 1 2 3 4 8 6 7 0 9 10 5 15 13 14 12 11
199 193 6 1 2 3 4 8 6 7 15 9 10 11 5 0 14 12 13
194 188 6 1 2 3 4 8 6 7 15 9 10 12 11 13 14 0 5
194 188 6 1 2 3 4 8 6 7 15 9 10 0 5 13 14 12 11
195 189 6 1 2 3 4 8 6 7 15 9 10 12 5 13 14 0 11
195 190 5 1 2 3 4 8 6 7 15 9 10 12 5 13 14 11 0
153 147 6 1 2 0 4 8 6 3 11 9 10 7 12 13 14 15 5
157 151 6 1 2 3 4 8 6 0 11 9 10 7 5 13 14 15 12
158 152 6 1 2 3 4 8 6 11 0 9 10 7 5 13 14 15 12
159 153 6 1 2 3 4 8 6 11 5 9 10 7 0 13 14 15 12
158 154 4 1 2 3 4 8 6 11 5 9 10 7 12 13 14 15 0
162 157 5 1 2 3 4 8 6 11 5 9 10 0 12 13 14 15 7
162 158 4 1 2 3 4 8 6 0 5 9 10 11 12 13 14 15 7
163 159 4 1 2 3 4 8 6 5 0 9 10 11 12 13 14 15 7
165 160 5 1 2 3 4 8 6 5 12 9 10 11 0 13 14 15 7
165 161 4 1 2 3 4 8 6 5 12 9 10 11 7 13 14 15 0
165 160 5 1 2 3 0 8 6 5 4 9 10 11 12 13 14 15 7
166 162 4 1 2 3 7 8 6 5 4 9 10 11 12 13 14 15 0
168 163 5 1 2 3 5 8 6 0 4 9 10 11 12 13 14 15 7
169 164 5 1 2 3 5 8 6 4 0 9 10 11 12 13 14 15 7
170 165 5 1 2 3 0 8 6 4 5 9 10 11 12 13 14 15 7
171 167 4 1 2 3 7 8 6 4 5 9 10 11 12 13 14 15 0
164 159 5 1 2 3 4 8 0 6 5 9 10 11 12 13 14 15 7
165 160 5 1 2 3 4 0 8 6 5 9 10 11 12 13 14 15 7
164 159 5 1 2 0 4 8 6 3 5 9 10 11 12 13 14 15 7
166 160 6 1 2 4 0 8 6 3 5 9 10 11 12 13 14 15 7
167 162 5 1 2 4 7 8 6 3 5 9 10 11 12 13 14 15 0
156 150 6 1 2 0 4 8 6 3 5 9 10 11 7 13 14 15 12
154 148 6 1 2 3 0 8 6 11 4 9 10 7 12 13 14 15 5
155 150 5 1 2 3 5 8 6 11 4 9 10 7 12 13 14 15 0
195 189 6 1 2 3 4 8 6 7 15 9 10 0 5 13 14 11 12
159 153 6 1 2 3 0 8 6 12 7 9 10 11 5 13 14 15 4
170 164 6 1 2 3 4 8 6 7 12 9 10 0 5 11 14 15 13
170 164 6 1 2 3 0 8 6 7 5 9 10 12 11 13 14 15 4
171 165 6 1 2 3 5 8 6 7 0 9 10 12 11 13 14 15 4
172 166 6 1 2 3 5 8 6 7 11 9 10 12 0 13 14 15 4
172 167 5 1 2 3 5 8 6 7 11 9 10 0 12 13 14 15 4
172 167 5 1 2 3 5 8 6 7 11 9 10 12 4 13 14 15 0
176 170 6 1 2 3 5 8 6 7 11 9 10 0 4 13 14 15 12
177 171 6 1 2 3 5 8 6 7 11 9 10 4 0 13 14 15 12
176 172 4 1 2 3 5 8 6 7 11 9 10 4 12 13 14 15 0
179 174 5 1 2 3 0 8 6 7 11 9 10 4 12 13 14 15 5
180 175 5 1 2 3 11 8 6 7 0 9 10 4 12 13 14 15 5
182 176 6 1 2 3 11 8 6 0 7 9 10 4 12 13 14 15 5
183 177 6 1 2 3 11 8 6 4 7 9 10 0 12 13 14 15 5
151 145 6 1 2 3 0 8 6 7 4 9 10 5 11 13 14 15 12
152 147 5 1 2 3 12 8 6 7 4 9 10 5 11 13 14 15 0
154 148 6 1 2 3 12 8 6 7 4 9 10 5 0 13 14 15 11
155 149 6 1 2 3 12 8 6 7 0 9 10 5 4 13 14 15 11
156 150 6 1 2 3 0 8 6 7 12 9 10 5 4 13 14 15 11
157 152 5 1 2 3 11 8 6 7 12 9 10 5 4 13 14 15 0
161 155 6 1 2 3 11 8 6 7 12 9 10 0 4 13 14 15 5
172 166 6 1 2 3 5 8 6 7 4 0 10 11 12 9 14 15 13
173 167 6 1 2 3 5 0 6 7 4 8 10 11 12 9 14 15 13
163 157 6 1 2 3 11 8 6 7 4 9 10 5 12 13 14 0 15
154 148 6 6 2 3 4 8 0 7 11 9 10 5 12 13 14 15 1
155 149 6 6 2 3 4 0 8 7 11 9 10 5 12 13 14 15 1
191 185 6 1 2 3 4 8 6 7 15 9 0 11 12 13 10 14 5
191 185 6 1 2 3 4 8 6 7 15 9 10 12 0 13 14 11 5
192 186 6 1 2 3 4 8 6 7 0 9 10 12 15 13 14 11 5
152 146 6 1 2 3 11 8 6 7 12 9 10 5 0 13 14 15 4
153 147 6 1 2 3 11 8 6 7 12 9 10 0 5 13 14 15 4
182 176 6 1 2 3 7 8 6 15 0 9 10 11 12 13 14 5 4
157 151 6 1 2 3 4 8 6 7 11 9 10 15 5 13 14 0 12
181 175 6 1 2 3 4 8 6 15 7 9 10 11 12 0 14 5 13
153 147 6 8 2 3 4 9 6 7 11 0 10 5 12 13 14 15 1
153 147 6 13 2 3 4 8 6 7 11 9 10 5 12 0 14 15 1
154 149 5 13 2 3 4 8 6 7 11 9 10 5 12 1 14 15 0
158 152 6 13 2 3 4 8 6 7 11 9 10 0 12 1 14 15 5
153 147 6 8 2 3 4 6 0 7 11 9 10 5 12 13 14 15 1
157 151 6 1 2 3 4 8 6 7 11 9 0 10 5 13 14 15 12
153 147 6 4 2 3 0 8 6 7 11 9 10 5 12 13 14 15 1
154 149 5 4 2 3 1 8 6 7 11 9 10 5 12 13 14 15 0
158 152 6 4 2 3 1 8 6 7 11 9 10 0 12 13 14 15 5
151 145 6 1 2 3 4 8 6 7 11 9 10 5 12 14 0 15 13
191 185 6 1 2 3 4 8 6 7 15 9 10 11 12 0 13 14 5
192 187 5 1 2 3 4 8 6 7 15 9 10 11 12 5 13 14 0
194 188 6 1 2 3 4 8 6 7 15 9 10 11 12 5 13 0 14
195 189 6 1 2 3 4 8 6 7 15 9 10 11 12 5 0 13 14
196 190 6 1 2 3 4 8 6 7 15 9 10 11 12 0 5 13 14
197 192 5 1 2 3 4 8 6 7 15 9 10 11 12 14 5 13 0
199 193 6 1 2 3 4 8 6 7 15 9 10 11 12 14 5 0 13
160 154 6 1 2 3 4 8 0 6 12 9 10 11 5 13 14 15 7
161 155 6 1 2 3 4 0 8 6 12 9 10 11 5 13 14 15 7
172 166 6 1 2 3 5 8 6 0 7 9 10 11 4 13 14 15 12
192 186 6 0 2 3 4 8 6 7 15 9 10 11 12 1 14 5 13
194 189 5 13 2 3 4 8 6 7 15 9 10 11 12 1 14 5 0
196 190 6 13 2 3 4 8 6 7 15 9 10 11 12 1 14 0 5
193 187 6 8 2 3 4 0 6 7 15 9 10 11 12 1 14 5 13
193 187 6 13 2 3 4 8 6 7 15 9 10 11 12 0 14 5 1
151 145 6 1 2 0 3 8 6 7 11 9 10 5 12 13 14 15 4
153 147 6 1 2 3 13 8 6 7 11 9 10 5 12 0 14 15 4
154 148 6 1 2 3 4 8 6 7 11 9 10 12 5 13 14 0 15
162 156 6 0 2 3 1 8 6 7 4 9 10 5 12 13 14 15 11
164 159 5 11 2 3 1 8 6 7 4 9 10 5 12 13 14 15 0
168 162 6 11 2 3 1 8 6 7 4 9 10 0 12 13 14 15 5
167 161 6 11 2 3 0 8 6 7 4 9 10 5 12 13 14 15 1
167 162 5 11 2 3 4 8 6 7 0 9 10 5 12 13 14 15 1
169 163 6 11 2 3 4 8 6 0 7 9 10 5 12 13 14 15 1
170 164 6 11 2 3 4 8 6 5 7 9 10 0 12 13 14 15 1
175 169 6 0 2 3 13 8 6 7 4 9 10 11 12 5 14 15 1
176 170 6 8 2 3 13 0 6 7 4 9 10 11 12 5 14 15 1
159 153 6 1 2 0 4 8 6 3 7 9 10 5 12 13 14 15 11
150 144 6 1 2 3 4 8 6 7 0 9 10 12 11 13 14 5 15
179 173 6 1 2 3 11 8 6 7 4 9 10 13 12 0 14 15 5
159 153 6 1 2 3 4 8 0 6 7 9 10 5 12 13 14 15 11
160 154 6 1 2 3 4 0 8 6 7 9 10 5 12 13 14 15 11
158 152 6 1 2 3 4 8 6 5 7 9 10 15 12 13 14 0 11
158 153 5 1 2 3 4 8 6 5 7 9 10 15 12 13 14 11 0
153 147 6 1 2 3 4 8 6 7 11 9 10 15 12 13 0 14 5
163 157 6 1 2 3 4 8 6 7 12 9 10 5 11 0 14 15 13
168 162 6 1 2 7 5 8 6 0 3 9 10 11 12 13 14 15 4
168 163 5 1 2 0 5 8 6 7 3 9 10 11 12 13 14 15 4
169 164 5 1 2 5 0 8 6 7 3 9 10 11 12 13 14 15 4
169 166 3 1 2 5 4 8 6 7 3 9 10 11 12 13 14 15 0
174 169 5 1 2 5 4 8 6 7 3 9 10 0 12 13 14 15 11
174 169 5 0 2 5 4 8 6 7 3 9 10 11 12 13 14 15 1
175 170 5 8 2 5 4 0 6 7 3 9 10 11 12 13 14 15 1
173 168 5 1 2 5 4 8 6 7 3 9 10 11 12 0 14 15 13
172 167 5 1 2 5 4 8 6 7 3 9 10 11 12 13 14 0 15
172 167 5 1 2 5 4 8 6 7 3 9 10 11 0 13 14 15 12
173 168 5 1 2 5 4 8 6 7 0 9 10 11 3 13 14 15 12
170 165 5 1 2 5 3 8 6 7 0 9 10 11 12 13 14 15 4
172 166 6 1 2 5 3 8 6 7 12 9 10 11 0 13 14 15 4
172 167 5 1 2 5 3 8 6 7 12 9 10 11 4 13 14 15 0
175 169 6 1 2 5 0 8 6 7 12 9 10 11 4 13 14 15 3
176 170 6 1 2 0 5 8 6 7 12 9 10 11 4 13 14 15 3
176 170 6 1 2 5 12 8 6 7 0 9 10 11 4 13 14 15 3
177 171 6 1 2 5 12 8 6 7 4 9 10 11 0 13 14 15 3
177 172 5 1 2 5 12 8 6 7 4 9 10 11 3 13 14 15 0
186 180 6 1 0 2 4 8 6 5 7 9 10 11 12 13 14 15 3
178 172 6 1 2 5 4 8 6 7 12 9 10 0 3 13 14 15 11
160 154 6 1 2 3 5 8 6 11 7 9 10 0 12 13 14 15 4
165 159 6 1 2 3 4 8 6 7 12 9 10 15 11 13 14 0 5
165 160 5 1 2 3 4 8 6 7 12 9 10 15 11 13 14 5 0
169 163 6 1 2 3 4 8 6 7 12 9 10 0 11 13 14 5 15
169 164 5 1 2 3 4 8 6 7 12 9 10 11 0 13 14 5 15
169 165 4 1 2 3 4 8 6 7 12 9 10 11 15 13 14 5 0
169 165 4 1 2 3 4 8 6 7 0 9 10 11 12 13 14 5 15
171 166 5 1 2 3 4 8 6 0 7 9 10 11 12 13 14 5 15
171 166 5 1 2 3 0 8 6 7 4 9 10 11 12 13 14 5 15
172 168 4 1 2 3 15 8 6 7 4 9 10 11 12 13 14 5 0
174 169 5 1 2 3 15 8 6 7 4 9 10 11 12 13 14 0 5
171 166 5 1 2 3 4 8 6 7 12 9 10 11 15 13 14 0 5
173 167 6 1 2 3 4 8 6 7 12 9 10 11 15 13 0 14 5
173 167 6 1 2 3 4 8 6 7 12 9 10 0 15 13 14 11 5
174 168 6 1 2 3 4 8 6 7 12 9 10 15 0 13 14 11 5
174 169 5 1 2 3 4 8 6 7 12 9 10 15 5 13 14 11 0
174 169 5 1 2 3 4 8 6 7 0 9 10 15 12 13 14 11 5
176 170 6 1 2 3 0 8 6 7 4 9 10 15 12 13 14 11 5
177 172 5 1 2 3 5 8 6 7 4 9 10 15 12 13 14 11 0
167 161 6 1 2 3 4 8 6 7 5 10 0 11 12 9 14 15 13
155 149 6 1 2 3 4 8 6 7 11 9 10 15 12 0 14 5 13
185 179 6 1 2 5 4 8 6 11 7 9 10 0 12 13 14 15 3
152 146 6 0 2 3 1 8 6 7 11 9 10 5 12 13 14 15 4
153 147 6 8 2 3 1 0 6 7 11 9 10 5 12 13 14 15 4
189 183 6 0 2 5 3 8 6 7 4 9 10 11 12 13 14 15 1
191 185 6 3 2 5 0 8 6 7 4 9 10 11 12 13 14 15 1
192 187 5 3 2 5 1 8 6 7 4 9 10 11 12 13 14 15 0
191 186 5 3 2 5 4 8 6 7 0 9 10 11 12 13 14 15 1
193 187 6 3 2 5 4 8 6 0 7 9 10 11 12 13 14 15 1
194 188 6 3 2 0 4 8 6 5 7 9 10 11 12 13 14 15 1
169 163 6 1 2 3 4 8 6 5 12 9 10 7 0 13 14 15 11
169 164 5 1 2 3 4 8 6 5 12 9 10 7 11 13 14 15 0
187 181 6 1 2 5 7 8 6 0 4 9 10 11 12 13 14 15 3
188 182 6 1 2 5 7 8 6 4 0 9 10 11 12 13 14 15 3
189 183 6 1 2 5 0 8 6 4 7 9 10 11 12 13 14 15 3
190 185 5 1 2 5 3 8 6 4 7 9 10 11 12 13 14 15 0
190 184 6 1 2 0 5 8 6 4 7 9 10 11 12 13 14 15 3
191 185 6 1 2 4 5 8 6 0 7 9 10 11 12 13 14 15 3
191 186 5 1 2 4 5 8 6 7 0 9 10 11 12 13 14 15 3
192 187 5 1 2 4 0 8 6 7 5 9 10 11 12 13 14 15 3
193 189 4 1 2 4 3 8 6 7 5 9 10 11 12 13 14 15 0
192 188 4 1 2 0 4 8 6 7 5 9 10 11 12 13 14 15 3
194 189 5 1 0 2 4 8 6 7 5 9 10 11 12 13 14 15 3
194 189 5 1 2 7 4 8 6 0 5 9 10 11 12 13 14 15 3
195 190 5 1 2 7 4 8 6 5 0 9 10 11 12 13 14 15 3
197 191 6 1 2 7 4 8 6 5 12 9 10 11 0 13 14 15 3
197 192 5 1 2 7 4 8 6 5 12 9 10 11 3 13 14 15 0
197 191 6 1 2 7 0 8 6 5 4 9 10 11 12 13 14 15 3
198 193 5 1 2 7 3 8 6 5 4 9 10 11 12 13 14 15 0
173 167 6 1 2 3 5 8 6 0 4 9 10 7 12 13 14 15 11
174 168 6 1 2 3 5 8 6 4 0 9 10 7 12 13 14 15 11
175 169 6 1 2 3 0 8 6 4 5 9 10 7 12 13 14 15 11
176 171 5 1 2 3 11 8 6 4 5 9 10 7 12 13 14 15 0
153 147 6 1 2 3 7 8 6 0 11 9 10 5 12 13 14 15 4
154 148 6 1 2 3 7 8 6 11 0 9 10 5 12 13 14 15 4
155 149 6 1 2 3 0 8 6 11 7 9 10 5 12 13 14 15 4
155 151 4 1 2 3 4 8 6 11 7 9 10 5 12 13 14 15 0
160 154 6 0 2 3 4 8 6 11 7 9 10 5 12 13 14 15 1
161 155 6 8 2 3 4 0 6 11 7 9 10 5 12 13 14 15 1
159 153 6 1 2 3 4 8 6 11 7 9 10 5 12 0 14 15 13
158 152 6 1 2 3 4 8 6 11 7 9 10 5 12 13 14 0 15
158 152 6 1 2 3 4 8 6 11 7 9 10 5 0 13 14 15 12
159 153 6 1 2 3 4 8 6 11 0 9 10 5 7 13 14 15 12
160 154 6 1 2 3 4 8 6 0 11 9 10 5 7 13 14 15 12
161 155 6 1 2 3 4 8 6 5 11 9 10 0 7 13 14 15 12
162 156 6 1 2 3 4 8 6 5 11 9 10 7 0 13 14 15 12
161 157 4 1 2 3 4 8 6 5 11 9 10 7 12 13 14 15 0
165 160 5 1 2 3 4 8 6 5 11 9 10 0 12 13 14 15 7
166 161 5 1 2 3 4 8 6 0 11 9 10 5 12 13 14 15 7
167 162 5 1 2 3 4 8 6 11 0 9 10 5 12 13 14 15 7
169 163 6 1 2 3 0 8 6 11 4 9 10 5 12 13 14 15 7
170 165 5 1 2 3 7 8 6 11 4 9 10 5 12 13 14 15 0
172 166 6 1 2 3 11 8 6 0 4 9 10 5 12 13 14 15 7
173 167 6 1 2 3 11 8 6 4 0 9 10 5 12 13 14 15 7
174 168 6 1 2 3 0 8 6 4 11 9 10 5 12 13 14 15 7
175 170 5 1 2 3 7 8 6 4 11 9 10 5 12 13 14 15 0
179 173 6 1 2 3 7 8 6 4 11 9 10 0 12 13 14 15 5
173 167 6 1 2 3 11 8 6 5 4 9 10 0 12 13 14 15 7
163 157 6 1 2 3 4 8 6 5 0 9 10 7 11 13 14 15 12
168 162 6 1 2 3 4 8 0 6 11 9 10 5 12 13 14 15 7
169 163 6 1 2 3 4 0 8 6 11 9 10 5 12 13 14 15 7
168 162 6 1 2 0 4 8 6 3 11 9 10 5 12 13 14 15 7
167 161 6 1 2 3 4 8 6 5 11 9 10 12 0 13 14 15 7
167 162 5 1 2 3 4 8 6 5 11 9 10 12 7 13 14 15 0
168 162 6 1 2 3 4 8 6 5 0 9 10 12 11 13 14 15 7
169 163 6 1 2 3 4 8 6 0 5 9 10 12 11 13 14 15 7
167 161 6 1 2 3 4 8 6 5 11 9 0 10 12 13 14 15 7
164 158 6 1 2 3 4 8 6 5 11 9 10 7 12 13 14 0 15
165 159 6 1 2 3 4 8 6 5 11 9 10 0 12 13 14 7 15
166 160 6 1 2 3 4 8 6 0 11 9 10 5 12 13 14 7 15
167 161 6 1 2 3 4 8 6 11 0 9 10 5 12 13 14 7 15
165 159 6 1 2 3 0 8 6 5 11 9 10 7 12 13 14 15 4
166 160 6 1 2 3 11 8 6 5 0 9 10 7 12 13 14 15 4
165 159 6 1 2 3 4 8 6 5 11 9 10 7 12 0 14 15 13
167 161 6 1 2 3 4 8 6 5 11 9 10 15 12 13 14 0 7
167 162 5 1 2 3 4 8 6 5 11 9 10 15 12 13 14 7 0
159 153 6 1 2 3 11 8 6 7 5 9 10 15 12 13 14 0 4
159 154 5 1 2 3 11 8 6 7 5 9 10 15 12 13 14 4 0
162 156 6 1 2 3 0 8 6 7 5 9 10 15 12 13 14 4 11
163 157 6 1 2 3 5 8 6 7 0 9 10 15 12 13 14 4 11
166 160 6 0 2 3 4 8 6 5 11 9 10 7 12 13 14 15 1
167 161 6 8 2 3 4 0 6 5 11 9 10 7 12 13 14 15 1
159 153 6 1 2 3 11 8 6 0 5 9 10 7 12 13 14 15 4
173 167 6 1 2 3 5 8 6 7 4 9 10 12 0 13 14 15 11
173 168 5 1 2 3 5 8 6 7 4 9 10 12 11 13 14 15 0
174 168 6 1 2 3 5 8 6 7 0 9 10 12 4 13 14 15 11
153 147 6 1 2 3 4 8 6 7 11 9 14 10 12 13 0 15 5
165 159 6 8 2 3 1 6 0 7 5 9 10 11 12 13 14 15 4
159 153 6 1 2 3 11 8 6 7 5 9 0 10 12 13 14 15 4
174 168 6 13 2 3 5 8 6 7 4 9 10 11 12 0 14 15 1
200 194 6 0 2 3 4 8 6 7 15 9 10 11 5 13 14 12 1
201 195 6 8 2 3 4 0 6 7 15 9 10 11 5 13 14 12 1
173 167 6 1 2 3 5 8 6 7 4 9 0 10 12 13 14 15 11
160 154 6 1 2 3 0 8 6 7 5 9 10 12 4 13 14 15 11
168 162 6 1 2 3 13 8 6 7 5 9 10 4 12 0 14 15 11
169 164 5 1 2 3 13 8 6 7 5 9 10 4 12 11 14 15 0
173 167 6 1 2 3 13 8 6 7 5 9 10 0 12 11 14 15 4
172 166 6 1 2 3 0 8 6 7 5 9 10 4 12 11 14 15 13
173 167 6 1 2 3 5 8 6 7 0 9 10 4 12 11 14 15 13
166 160 6 1 2 0 3 8 6 7 5 9 10 4 12 13 14 15 11
166 160 6 0 2 3 11 8 6 7 5 9 10 4 12 13 14 15 1
168 162 6 11 2 3 0 8 6 7 5 9 10 4 12 13 14 15 1
169 164 5 11 2 3 1 8 6 7 5 9 10 4 12 13 14 15 0
173 167 6 11 2 3 1 8 6 7 5 9 10 0 12 13 14 15 4
169 163 6 11 2 3 5 8 6 7 0 9 10 4 12 13 14 15 1
167 161 6 8 2 3 11 0 6 7 5 9 10 4 12 13 14 15 1
177 171 6 5 2 3 13 8 6 7 4 9 10 11 12 0 14 15 1
165 159 6 1 2 3 11 8 6 7 5 9 10 4 12 0 14 15 13
175 169 6 6 2 3 5 8 0 7 4 9 10 11 12 13 14 15 1
176 170 6 6 2 3 5 0 8 7 4 9 10 11 12 13 14 15 1
158 152 6 1 2 3 0 8 6 12 4 9 10 11 7 13 14 15 5
161 155 6 1 2 3 12 8 6 0 4 9 10 11 7 13 14 15 5
162 156 6 1 2 3 12 8 6 4 0 9 10 11 7 13 14 15 5
163 157 6 1 2 3 12 8 6 4 7 9 10 11 0 13 14 15 5
163 158 5 1 2 3 12 8 6 4 7 9 10 11 5 13 14 15 0
166 160 6 1 2 3 0 8 6 4 7 9 10 11 5 13 14 15 12
167 161 6 1 2 3 7 8 6 4 0 9 10 11 5 13 14 15 12
163 157 6 1 2 3 0 8 6 4 12 9 10 11 7 13 14 15 5
164 159 5 1 2 3 5 8 6 4 12 9 10 11 7 13 14 15 0
175 169 6 5 2 0 3 8 6 7 4 9 10 11 12 13 14 15 1
167 161 6 0 2 3 1 8 6 7 5 9 10 4 12 13 14 15 11
168 162 6 8 2 3 1 0 6 7 5 9 10 4 12 13 14 15 11
177 171 6 5 2 3 1 8 6 7 4 9 10 11 0 13 14 15 12
178 172 6 5 2 3 1 8 6 7 0 9 10 11 4 13 14 15 12
179 173 6 5 2 3 0 8 6 7 1 9 10 11 4 13 14 15 12
180 175 5 5 2 3 12 8 6 7 1 9 10 11 4 13 14 15 0
184 178 6 0 2 3 12 8 6 7 1 9 10 11 4 13 14 15 5
186 180 6 12 2 3 0 8 6 7 1 9 10 11 4 13 14 15 5
187 182 5 12 2 3 5 8 6 7 1 9 10 11 4 13 14 15 0
189 183 6 12 2 3 5 8 6 7 1 9 10 11 0 13 14 15 4
190 184 6 12 2 3 5 8 6 7 0 9 10 11 1 13 14 15 4
191 185 6 12 2 3 0 8 6 7 5 9 10 11 1 13 14 15 4
191 187 4 12 2 3 4 8 6 7 5 9 10 11 1 13 14 15 0
195 190 5 0 2 3 4 8 6 7 5 9 10 11 1 13 14 15 12
196 191 5 8 2 3 4 0 6 7 5 9 10 11 1 13 14 15 12
193 188 5 12 2 3 4 8 6 7 5 9 10 11 0 13 14 15 1
194 189 5 12 2 3 4 8 6 7 0 9 10 11 5 13 14 15 1
196 190 6 12 2 3 4 8 6 0 7 9 10 11 5 13 14 15 1
196 190 6 12 2 3 0 8 6 7 4 9 10 11 5 13 14 15 1
197 192 5 12 2 3 1 8 6 7 4 9 10 11 5 13 14 15 0
199 193 6 12 2 3 1 8 6 7 4 9 10 11 0 13 14 15 5
195 189 6 12 2 3 4 8 6 7 5 9 10 0 11 13 14 15 1
193 187 6 0 2 3 12 8 6 7 5 9 10 11 1 13 14 15 4
195 190 5 4 2 3 12 8 6 7 5 9 10 11 1 13 14 15 0
197 191 6 4 2 3 12 8 6 7 5 9 10 11 0 13 14 15 1
198 192 6 4 2 3 12 8 6 7 0 9 10 11 5 13 14 15 1
194 188 6 8 2 3 12 0 6 7 5 9 10 11 1 13 14 15 4
198 192 6 8 2 3 4 6 0 7 5 9 10 11 1 13 14 15 12
198 192 6 8 2 3 4 9 6 7 5 0 10 11 1 13 14 15 12
197 191 6 2 0 3 4 8 6 7 5 9 10 11 1 13 14 15 12
177 171 6 5 2 3 7 8 6 0 4 9 10 11 12 13 14 15 1
178 172 6 5 2 3 7 8 6 4 0 9 10 11 12 13 14 15 1
179 173 6 5 2 3 0 8 6 4 7 9 10 11 12 13 14 15 1
180 175 5 5 2 3 1 8 6 4 7 9 10 11 12 13 14 15 0
182 176 6 5 2 3 12 8 6 7 1 9 10 11 0 13 14 15 4
183 177 6 5 2 3 12 8 6 7 0 9 10 11 1 13 14 15 4
187 181 6 12 2 3 1 8 6 7 0 9 10 11 4 13 14 15 5
195 189 6 12 2 3 4 8 6 7 5 9 10 11 1 0 14 15 13
197 191 6 0 2 3 4 8 6 7 5 9 10 11 1 12 14 15 13
199 194 5 13 2 3 4 8 6 7 5 9 10 11 1 12 14 15 0
201 195 6 13 2 3 4 8 6 7 5 9 10 11 0 12 14 15 1
202 196 6 13 2 3 4 8 6 7 0 9 10 11 5 12 14 15 1
198 192 6 8 2 3 4 0 6 7 5 9 10 11 1 12 14 15 13
198 192 6 4 2 3 0 8 6 7 5 9 10 11 1 13 14 15 12
199 193 6 4 2 3 5 8 6 7 0 9 10 11 1 13 14 15 12
200 194 6 4 2 3 5 8 6 7 1 9 10 11 0 13 14 15 12
199 195 4 4 2 3 5 8 6 7 1 9 10 11 12 13 14 15 0
203 198 5 0 2 3 5 8 6 7 1 9 10 11 12 13 14 15 4
205 200 5 5 2 3 0 8 6 7 1 9 10 11 12 13 14 15 4
205 202 3 5 2 3 4 8 6 7 1 9 10 11 12 13 14 15 0
209 205 4 0 2 3 4 8 6 7 1 9 10 11 12 13 14 15 5
210 206 4 8 2 3 4 0 6 7 1 9 10 11 12 13 14 15 5
212 207 5 8 2 3 4 6 0 7 1 9 10 11 12 13 14 15 5
212 207 5 8 2 3 4 9 6 7 1 0 10 11 12 13 14 15 5
213 208 5 6 2 3 4 8 0 7 1 9 10 11 12 13 14 15 5
214 209 5 6 2 3 4 0 8 7 1 9 10 11 12 13 14 15 5
212 207 5 13 2 3 4 8 6 7 1 9 10 11 12 0 14 15 5
213 209 4 13 2 3 4 8 6 7 1 9 10 11 12 5 14 15 0
217 212 5 0 2 3 4 8 6 7 1 9 10 11 12 5 14 15 13
218 213 5 8 2 3 4 0 6 7 1 9 10 11 12 5 14 15 13
211 206 5 2 0 3 4 8 6 7 1 9 10 11 12 13 14 15 5
210 205 5 5 2 3 4 8 6 7 1 9 10 0 12 13 14 15 11
209 204 5 5 2 3 4 8 6 7 1 9 10 11 12 0 14 15 13
208 203 5 5 2 3 4 8 6 7 1 9 10 11 12 13 14 0 15
202 197 5 4 2 3 0 8 6 7 1 9 10 11 12 13 14 15 5
203 198 5 4 2 3 1 8 6 7 0 9 10 11 12 13 14 15 5
208 203 5 5 2 3 4 8 6 7 1 9 10 11 0 13 14 15 12
209 204 5 5 2 3 4 8 6 7 0 9 10 11 1 13 14 15 12
206 201 5 5 2 3 1 8 6 7 0 9 10 11 12 13 14 15 4
204 199 5 8 2 3 5 0 6 7 1 9 10 11 12 13 14 15 4
206 200 6 8 2 3 5 6 0 7 1 9 10 11 12 13 14 15 4
205 199 6 4 2 3 1 8 6 0 7 9 10 11 12 13 14 15 5
206 200 6 8 2 3 5 9 6 7 1 0 10 11 12 13 14 15 4
208 202 6 5 2 3 1 8 6 0 7 9 10 11 12 13 14 15 4
208 202 6 5 2 3 1 8 6 7 12 9 10 11 0 13 14 15 4
208 203 5 5 2 3 1 8 6 7 12 9 10 11 4 13 14 15 0
211 205 6 5 2 3 0 8 6 7 12 9 10 11 4 13 14 15 1
212 206 6 5 2 3 12 8 6 7 0 9 10 11 4 13 14 15 1
213 207 6 5 2 3 12 8 6 7 4 9 10 11 0 13 14 15 1
213 208 5 5 2 3 12 8 6 7 4 9 10 11 1 13 14 15 0
217 211 6 0 2 3 12 8 6 7 4 9 10 11 1 13 14 15 5
219 213 6 12 2 3 0 8 6 7 4 9 10 11 1 13 14 15 5
220 215 5 12 2 3 5 8 6 7 4 9 10 11 1 13 14 15 0
219 214 5 12 2 3 4 8 6 7 0 9 10 11 1 13 14 15 5
220 215 5 12 2 3 4 8 6 7 1 9 10 11 0 13 14 15 5
220 216 4 12 2 3 4 8 6 7 1 9 10 11 5 13 14 15 0
224 219 5 0 2 3 4 8 6 7 1 9 10 11 5 13 14 15 12
225 220 5 8 2 3 4 0 6 7 1 9 10 11 5 13 14 15 12
227 221 6 8 2 3 4 6 0 7 1 9 10 11 5 13 14 15 12
215 209 6 6 2 3 4 8 7 0 1 9 10 11 12 13 14 15 5
216 210 6 6 2 3 4 8 7 1 0 9 10 11 12 13 14 15 5
227 221 6 8 2 3 4 9 6 7 1 0 10 11 5 13 14 15 12
228 222 6 6 2 3 4 8 0 7 1 9 10 11 5 13 14 15 12
229 223 6 6 2 3 4 0 8 7 1 9 10 11 5 13 14 15 12
227 221 6 13 2 3 4 8 6 7 1 9 10 11 5 0 14 15 12
228 223 5 13 2 3 4 8 6 7 1 9 10 11 5 12 14 15 0
232 226 6 0 2 3 4 8 6 7 1 9 10 11 5 12 14 15 13
233 227 6 8 2 3 4 0 6 7 1 9 10 11 5 12 14 15 13
230 224 6 13 2 3 4 8 6 7 1 9 10 11 0 12 14 15 5
231 225 6 13 2 3 4 8 6 7 0 9 10 11 1 12 14 15 5
227 221 6 4 2 3 0 8 6 7 1 9 10 11 5 13 14 15 12
228 223 5 4 2 3 12 8 6 7 1 9 10 11 5 13 14 15 0
232 226 6 0 2 3 12 8 6 7 1 9 10 11 5 13 14 15 4
233 227 6 8 2 3 12 0 6 7 1 9 10 11 5 13 14 15 4
230 224 6 4 2 3 12 8 6 7 1 9 10 11 0 13 14 15 5
231 225 6 4 2 3 12 8 6 7 0 9 10 11 1 13 14 15 5
228 222 6 4 2 3 1 8 6 7 0 9 10 11 5 13 14 15 12
216 210 6 6 2 3 4 9 8 7 1 0 10 11 12 13 14 15 5
220 214 6 8 2 3 4 9 6 7 1 0 10 11 12 5 14 15 13
221 215 6 8 2 3 4 9 6 7 1 5 10 11 12 0 14 15 13
221 217 4 8 2 3 4 9 6 7 1 5 10 11 12 13 14 15 0
225 220 5 0 2 3 4 9 6 7 1 5 10 11 12 13 14 15 8
226 221 5 9 2 3 4 0 6 7 1 5 10 11 12 13 14 15 8
226 222 4 9 2 3 4 5 6 7 1 0 10 11 12 13 14 15 8
228 223 5 9 2 3 4 5 6 7 1 10 0 11 12 13 14 15 8
228 223 5 9 2 3 4 5 6 7 1 13 10 11 12 0 14 15 8
229 225 4 9 2 3 4 5 6 7 1 13 10 11 12 8 14 15 0
233 228 5 0 2 3 4 5 6 7 1 13 10 11 12 8 14 15 9
235 230 5 8 2 3 4 5 6 7 1 13 10 11 12 0 14 15 9
236 232 4 8 2 3 4 5 6 7 1 13 10 11 12 9 14 15 0
235 231 4 8 2 3 4 5 6 7 1 0 10 11 12 13 14 15 9
237 232 5 8 2 3 4 5 6 7 1 10 0 11 12 13 14 15 9
237 232 5 8 2 3 4 0 6 7 1 5 10 11 12 13 14 15 9
230 225 5 0 2 3 4 5 6 7 1 13 10 11 12 9 14 15 8
234 228 6 6 2 3 4 5 0 7 1 13 10 11 12 9 14 15 8
233 227 6 4 2 3 0 5 6 7 1 13 10 11 12 9 14 15 8
234 229 5 4 2 3 8 5 6 7 1 13 10 11 12 9 14 15 0
238 232 6 0 2 3 8 5 6 7 1 13 10 11 12 9 14 15 4
240 234 6 9 2 3 8 5 6 7 1 13 10 11 12 0 14 15 4
241 236 5 9 2 3 8 5 6 7 1 13 10 11 12 4 14 15 0
240 235 5 9 2 3 8 5 6 7 1 0 10 11 12 13 14 15 4
242 236 6 9 2 3 8 5 6 7 1 10 0 11 12 13 14 15 4
242 236 6 9 2 3 8 0 6 7 1 5 10 11 12 13 14 15 4
245 239 6 0 2 3 8 5 6 7 1 13 10 11 12 4 14 15 9
237 231 6 4 2 3 8 5 6 7 1 13 10 11 12 0 14 15 9
237 232 5 4 2 3 8 5 6 7 1 0 10 11 12 13 14 15 9
239 233 6 4 2 3 8 5 6 7 1 10 0 11 12 13 14 15 9
239 233 6 4 2 3 8 0 6 7 1 5 10 11 12 13 14 15 9
204 198 6 4 2 3 5 8 6 7 1 9 10 0 12 13 14 15 11
196 190 6 12 2 3 4 8 6 7 5 9 10 0 1 13 14 15 11
197 191 6 12 2 3 4 8 6 7 5 9 10 1 0 13 14 15 11
197 192 5 12 2 3 4 8 6 7 5 9 10 1 11 13 14 15 0
201 195 6 0 2 3 4 8 6 7 5 9 10 1 11 13 14 15 12
202 196 6 8 2 3 4 0 6 7 5 9 10 1 11 13 14 15 12
198 192 6 12 2 3 4 8 6 7 0 9 10 1 5 13 14 15 11
181 175 6 0 2 3 5 8 6 7 1 9 10 11 4 13 14 15 12
182 176 6 8 2 3 5 0 6 7 1 9 10 11 4 13 14 15 12
209 203 6 5 2 3 13 8 6 7 1 9 10 11 12 0 14 15 4
210 205 5 5 2 3 13 8 6 7 1 9 10 11 12 4 14 15 0
214 208 6 0 2 3 13 8 6 7 1 9 10 11 12 4 14 15 5
215 209 6 8 2 3 13 0 6 7 1 9 10 11 12 4 14 15 5
211 205 6 0 2 3 13 8 6 7 1 9 10 11 12 5 14 15 4
213 208 5 4 2 3 13 8 6 7 1 9 10 11 12 5 14 15 0
212 206 6 8 2 3 13 0 6 7 1 9 10 11 12 5 14 15 4
214 208 6 8 0 3 4 6 2 7 1 9 10 11 12 13 14 15 5
215 209 6 0 8 3 4 6 2 7 1 9 10 11 12 13 14 15 5
217 212 5 5 8 3 4 6 2 7 1 9 10 11 12 13 14 15 0
218 212 6 2 8 3 4 6 0 7 1 9 10 11 12 13 14 15 5
218 213 5 2 8 3 4 0 6 7 1 9 10 11 12 13 14 15 5
220 214 6 2 8 3 4 9 6 7 1 0 10 11 12 13 14 15 5
219 213 6 2 0 3 4 6 8 7 1 9 10 11 12 13 14 15 5
219 214 5 0 2 3 4 6 8 7 1 9 10 11 12 13 14 15 5
221 217 4 5 2 3 4 6 8 7 1 9 10 11 12 13 14 15 0
226 220 6 5 2 3 4 6 8 7 1 9 10 0 12 13 14 15 11
225 219 6 5 2 3 0 6 8 7 1 9 10 11 12 13 14 15 4
227 221 6 0 2 3 5 6 8 7 1 9 10 11 12 13 14 15 4
229 224 5 4 2 3 5 6 8 7 1 9 10 11 12 13 14 15 0
228 222 6 6 2 3 5 0 8 7 1 9 10 11 12 13 14 15 4
240 234 6 8 2 3 0 5 6 7 1 13 10 11 12 9 14 15 4
243 237 6 8 2 3 9 5 6 7 1 13 10 11 12 0 14 15 4
244 239 5 8 2 3 9 5 6 7 1 13 10 11 12 4 14 15 0
243 238 5 8 2 3 9 5 6 7 1 0 10 11 12 13 14 15 4
245 239 6 8 2 3 9 5 6 7 1 10 0 11 12 13 14 15 4
245 239 6 8 2 3 9 0 6 7 1 5 10 11 12 13 14 15 4
216 210 6 4 2 3 0 8 6 7 1 9 10 11 12 5 14 15 13
217 211 6 4 2 3 1 8 6 7 0 9 10 11 12 5 14 15 13
213 207 6 13 2 3 0 8 6 7 1 9 10 11 12 5 14 15 4
214 208 6 13 2 3 1 8 6 7 0 9 10 11 12 5 14 15 4
219 213 6 2 0 3 4 8 6 7 1 9 10 11 12 5 14 15 13
220 214 6 8 2 3 4 6 0 7 1 9 10 11 12 5 14 15 13
212 206 6 5 2 3 4 8 6 7 1 9 0 10 12 13 14 15 11
216 210 6 13 2 3 4 8 6 7 1 9 10 11 12 5 14 0 15
213 207 6 5 2 3 0 8 6 7 1 9 10 11 12 4 14 15 13
215 209 6 0 2 3 5 8 6 7 1 9 10 11 12 4 14 15 13
217 212 5 13 2 3 5 8 6 7 1 9 10 11 12 4 14 15 0
216 210 6 8 2 3 5 0 6 7 1 9 10 11 12 4 14 15 13
213 207 6 2 6 3 4 8 0 7 1 9 10 11 12 13 14 15 5
214 208 6 2 6 3 4 0 8 7 1 9 10 11 12 13 14 15 5
212 206 6 5 2 3 4 8 6 7 1 9 10 12 0 13 14 15 11
212 207 5 5 2 3 4 8 6 7 1 9 10 12 11 13 14 15 0
216 210 6 0 2 3 4 8 6 7 1 9 10 12 11 13 14 15 5
217 211 6 8 2 3 4 0 6 7 1 9 10 12 11 13 14 15 5
213 207 6 5 2 3 4 8 6 7 0 9 10 12 1 13 14 15 11
226 220 6 8 2 3 4 9 6 7 1 5 10 0 12 13 14 15 11
225 219 6 8 2 3 0 9 6 7 1 5 10 11 12 13 14 15 4
227 221 6 0 2 3 8 9 6 7 1 5 10 11 12 13 14 15 4
229 224 5 4 2 3 8 9 6 7 1 5 10 11 12 13 14 15 0
226 220 6 8 2 3 1 9 6 7 0 5 10 11 12 13 14 15 4
229 223 6 6 2 3 4 9 0 7 1 5 10 11 12 13 14 15 8
230 224 6 6 2 3 4 0 9 7 1 5 10 11 12 13 14 15 8
230 225 5 6 2 3 4 5 9 7 1 0 10 11 12 13 14 15 8
232 226 6 6 2 3 4 5 9 7 1 10 0 11 12 13 14 15 8
233 227 6 6 2 3 4 5 0 7 1 10 9 11 12 13 14 15 8
232 226 6 6 2 3 4 5 9 7 1 13 10 11 12 0 14 15 8
233 228 5 6 2 3 4 5 9 7 1 13 10 11 12 8 14 15 0
237 231 6 0 2 3 4 5 9 7 1 13 10 11 12 8 14 15 6
240 234 6 9 2 3 4 5 0 7 1 13 10 11 12 8 14 15 6
239 233 6 8 2 3 4 5 9 7 1 13 10 11 12 0 14 15 6
240 235 5 8 2 3 4 5 9 7 1 13 10 11 12 6 14 15 0
239 234 5 8 2 3 4 5 9 7 1 0 10 11 12 13 14 15 6
241 235 6 8 2 3 4 5 9 7 1 10 0 11 12 13 14 15 6
242 236 6 8 2 3 4 5 0 7 1 10 9 11 12 13 14 15 6
241 235 6 8 2 3 4 0 9 7 1 5 10 11 12 13 14 15 6
242 236 6 8 2 3 4 9 0 7 1 5 10 11 12 13 14 15 6
235 229 6 5 2 3 4 0 6 7 1 13 10 11 12 8 14 15 9
236 230 6 5 2 3 4 13 6 7 1 0 10 11 12 8 14 15 9
237 231 6 5 2 3 4 13 6 7 1 8 10 11 12 0 14 15 9
238 233 5 5 2 3 4 13 6 7 1 8 10 11 12 9 14 15 0
242 236 6 0 2 3 4 13 6 7 1 8 10 11 12 9 14 15 5
244 238 6 9 2 3 4 13 6 7 1 8 10 11 12 0 14 15 5
245 240 5 9 2 3 4 13 6 7 1 8 10 11 12 5 14 15 0
245 239 6 9 2 3 4 13 6 7 1 0 10 11 12 8 14 15 5
246 240 6 9 2 3 4 0 6 7 1 13 10 11 12 8 14 15 5
204 198 6 4 2 0 3 8 6 7 1 9 10 11 12 13 14 15 5
241 235 6 8 2 3 4 5 6 7 1 13 10 0 12 9 14 15 11
211 205 6 5 2 3 4 8 6 7 1 9 10 11 12 14 0 15 13
239 233 6 8 2 3 4 5 0 7 1 10 6 11 12 13 14 15 9
210 204 6 5 2 3 4 8 6 7 1 9 10 11 12 13 0 14 15
239 233 6 8 2 3 4 5 6 7 1 10 14 11 12 13 0 15 9
239 233 6 8 2 3 4 6 0 7 1 5 10 11 12 13 14 15 9
239 233 6 8 2 3 4 5 6 7 1 10 11 0 12 13 14 15 9
206 200 6 4 2 3 7 8 6 0 1 9 10 11 12 13 14 15 5
207 201 6 4 2 3 7 8 6 1 0 9 10 11 12 13 14 15 5
208 202 6 4 2 3 0 8 6 1 7 9 10 11 12 13 14 15 5
209 204 5 4 2 3 5 8 6 1 7 9 10 11 12 13 14 15 0
209 204 5 0 2 3 4 8 6 1 7 9 10 11 12 13 14 15 5
211 207 4 5 2 3 4 8 6 1 7 9 10 11 12 13 14 15 0
210 205 5 8 2 3 4 0 6 1 7 9 10 11 12 13 14 15 5
212 206 6 8 2 3 4 6 0 1 7 9 10 11 12 13 14 15 5
213 207 6 8 2 3 4 6 1 0 7 9 10 11 12 13 14 15 5
213 208 5 8 2 3 4 6 1 7 0 9 10 11 12 13 14 15 5
215 209 6 8 2 3 4 6 1 7 12 9 10 11 0 13 14 15 5
215 210 5 8 2 3 4 6 1 7 12 9 10 11 5 13 14 15 0
219 213 6 0 2 3 4 6 1 7 12 9 10 11 5 13 14 15 8
221 216 5 1 2 3 4 6 0 7 12 9 10 11 5 13 14 15 8
221 217 4 1 2 3 4 0 6 7 12 9 10 11 5 13 14 15 8
223 218 5 1 2 3 4 9 6 7 12 0 10 11 5 13 14 15 8
225 219 6 1 2 3 4 9 6 7 12 10 0 11 5 13 14 15 8
225 219 6 1 2 3 4 9 6 7 12 13 10 11 5 0 14 15 8
226 221 5 1 2 3 4 9 6 7 12 13 10 11 5 8 14 15 0
228 222 6 1 2 3 4 9 6 7 12 13 10 11 0 8 14 15 5
228 223 5 1 2 3 4 9 6 7 0 13 10 11 12 8 14 15 5
230 224 6 1 2 3 4 9 6 0 7 13 10 11 12 8 14 15 5
230 224 6 1 2 3 0 9 6 7 4 13 10 11 12 8 14 15 5
231 226 5 1 2 3 5 9 6 7 4 13 10 11 12 8 14 15 0
234 228 6 1 2 3 5 9 6 7 4 13 10 11 12 0 14 15 8
234 229 5 1 2 3 5 9 6 7 4 0 10 11 12 13 14 15 8
234 230 4 1 2 3 5 0 6 7 4 9 10 11 12 13 14 15 8
236 231 5 1 2 3 5 6 0 7 4 9 10 11 12 13 14 15 8
238 232 6 1 2 3 5 6 7 0 4 9 10 11 12 13 14 15 8
239 233 6 1 2 3 5 6 7 4 0 9 10 11 12 13 14 15 8
240 234 6 1 2 3 0 6 7 4 5 9 10 11 12 13 14 15 8
242 237 5 1 2 3 4 6 7 0 5 9 10 11 12 13 14 15 8
242 238 4 1 2 3 4 6 0 7 5 9 10 11 12 13 14 15 8
242 239 3 1 2 3 4 0 6 7 5 9 10 11 12 13 14 15 8
244 240 4 1 2 3 4 9 6 7 5 0 10 11 12 13 14 15 8
246 241 5 1 2 3 4 9 6 7 5 10 0 11 12 13 14 15 8
246 241 5 1 2 3 4 9 6 7 5 13 10 11 12 0 14 15 8
247 243 4 1 2 3 4 9 6 7 5 13 10 11 12 8 14 15 0
244 239 5 1 2 3 4 6 10 7 5 9 0 11 12 13 14 15 8
244 239 5 1 0 3 4 6 2 7 5 9 10 11 12 13 14 15 8
243 238 5 1 2 3 4 6 7 5 0 9 10 11 12 13 14 15 8
241 236 5 1 2 3 8 6 7 4 5 9 10 11 12 13 14 15 0
245 239 6 1 2 3 4 6 7 5 12 9 10 11 0 13 14 15 8
245 240 5 1 2 3 4 6 7 5 12 9 10 11 8 13 14 15 0
245 239 6 1 2 3 0 6 7 5 4 9 10 11 12 13 14 15 8
246 241 5 1 2 3 8 6 7 5 4 9 10 11 12 13 14 15 0
222 216 6 4 2 3 0 6 8 7 1 9 10 11 12 13 14 15 5
223 217 6 4 2 3 1 6 8 7 0 9 10 11 12 13 14 15 5
216 210 6 13 2 3 0 8 6 7 1 9 10 11 12 4 14 15 5
217 211 6 13 2 3 1 8 6 7 0 9 10 11 12 4 14 15 5
224 218 6 5 2 3 4 6 8 7 1 9 10 11 12 13 14 0 15
225 219 6 5 2 3 4 6 8 7 1 9 10 11 12 0 14 15 13
227 221 6 0 2 3 4 6 8 7 1 9 10 11 12 5 14 15 13
229 224 5 13 2 3 4 6 8 7 1 9 10 11 12 5 14 15 0
228 222 6 6 2 3 4 0 8 7 1 9 10 11 12 5 14 15 13
225 219 6 12 2 3 4 8 6 7 1 9 10 0 5 13 14 15 11
226 220 6 12 2 3 4 8 6 7 1 9 10 5 0 13 14 15 11
226 221 5 12 2 3 4 8 6 7 1 9 10 5 11 13 14 15 0
230 224 6 0 2 3 4 8 6 7 1 9 10 5 11 13 14 15 12
231 225 6 8 2 3 4 0 6 7 1 9 10 5 11 13 14 15 12
226 220 6 5 2 3 1 6 8 7 0 9 10 11 12 13 14 15 4
227 221 6 12 2 3 4 8 6 7 0 9 10 5 1 13 14 15 11
248 242 6 0 2 3 9 5 6 7 1 13 10 11 12 4 14 15 8
207 201 6 6 2 3 5 8 0 7 1 9 10 11 12 13 14 15 4
216 210 6 13 2 3 4 8 6 7 1 9 10 11 0 5 14 15 12
217 211 6 13 2 3 4 8 6 7 0 9 10 11 1 5 14 15 12
230 224 6 9 2 3 4 5 6 7 1 10 11 0 12 13 14 15 8
224 218 6 8 2 3 4 9 6 7 1 5 10 11 12 13 14 0 15
224 218 6 8 2 3 4 9 6 7 1 5 10 11 0 13 14 15 12
225 219 6 8 2 3 4 9 6 7 0 5 10 11 1 13 14 15 12
223 217 6 0 2 3 4 9 6 7 1 5 10 11 12 8 14 15 13
225 220 5 13 2 3 4 9 6 7 1 5 10 11 12 8 14 15 0
224 218 6 9 2 3 4 0 6 7 1 5 10 11 12 8 14 15 13
224 219 5 9 2 3 4 5 6 7 1 0 10 11 12 8 14 15 13
225 220 5 9 2 3 4 5 6 7 1 8 10 11 12 0 14 15 13
225 222 3 9 2 3 4 5 6 7 1 8 10 11 12 13 14 15 0
229 225 4 0 2 3 4 5 6 7 1 8 10 11 12 13 14 15 9
233 228 5 6 2 3 4 5 0 7 1 8 10 11 12 13 14 15 9
232 227 5 13 2 3 4 5 6 7 1 8 10 11 12 0 14 15 9
233 229 4 13 2 3 4 5 6 7 1 8 10 11 12 9 14 15 0
233 228 5 13 2 3 4 5 6 7 1 0 10 11 12 8 14 15 9
232 227 5 4 2 3 0 5 6 7 1 8 10 11 12 13 14 15 9
233 229 4 4 2 3 9 5 6 7 1 8 10 11 12 13 14 15 0
237 232 5 0 2 3 9 5 6 7 1 8 10 11 12 13 14 15 4
233 228 5 4 2 3 1 5 6 7 0 8 10 11 12 13 14 15 9
231 226 5 2 0 3 4 5 6 7 1 8 10 11 12 13 14 15 9
231 226 5 5 2 3 4 0 6 7 1 8 10 11 12 13 14 15 9
232 227 5 5 2 3 4 8 6 7 1 0 10 11 12 13 14 15 9
230 225 5 9 2 3 4 5 6 7 1 8 10 0 12 13 14 15 11
229 224 5 9 2 3 0 5 6 7 1 8 10 11 12 13 14 15 4
230 225 5 9 2 3 1 5 6 7 0 8 10 11 12 13 14 15 4
227 222 5 0 2 3 4 5 6 7 1 8 10 11 12 9 14 15 13
228 223 5 9 2 3 4 5 6 7 1 8 10 11 12 13 14 0 15
228 223 5 9 2 3 4 5 6 7 1 8 10 11 0 13 14 15 12
229 224 5 9 2 3 4 5 6 7 0 8 10 11 1 13 14 15 12
231 225 6 9 2 3 4 5 6 0 7 8 10 11 1 13 14 15 12
231 225 6 9 2 3 0 5 6 7 4 8 10 11 1 13 14 15 12
232 227 5 9 2 3 12 5 6 7 4 8 10 11 1 13 14 15 0
236 230 6 0 2 3 12 5 6 7 4 8 10 11 1 13 14 15 9
238 232 6 12 2 3 0 5 6 7 4 8 10 11 1 13 14 15 9
239 234 5 12 2 3 9 5 6 7 4 8 10 11 1 13 14 15 0
238 233 5 12 2 3 4 5 6 7 0 8 10 11 1 13 14 15 9
239 234 5 12 2 3 4 5 6 7 1 8 10 11 0 13 14 15 9
239 235 4 12 2 3 4 5 6 7 1 8 10 11 9 13 14 15 0
243 238 5 0 2 3 4 5 6 7 1 8 10 11 9 13 14 15 12
247 241 6 6 2 3 4 5 0 7 1 8 10 11 9 13 14 15 12
241 235 6 12 2 3 4 5 6 7 1 8 10 0 11 13 14 15 9
246 240 6 13 2 3 4 5 6 7 1 8 10 11 9 0 14 15 12
247 242 5 13 2 3 4 5 6 7 1 8 10 11 9 12 14 15 0
251 245 6 0 2 3 4 5 6 7 1 8 10 11 9 12 14 15 13
249 243 6 13 2 3 4 5 6 7 1 8 10 11 0 12 14 15 9
250 244 6 13 2 3 4 5 6 7 0 8 10 11 1 12 14 15 9
247 241 6 13 2 3 4 5 6 7 1 0 10 11 9 8 14 15 12
239 233 6 8 2 3 0 5 6 7 1 13 10 11 12 4 14 15 9
240 234 6 8 2 3 1 5 6 7 0 13 10 11 12 4 14 15 9
239 233 6 0 2 3 4 13 6 7 1 8 10 11 12 5 14 15 9
240 234 6 13 2 3 4 0 6 7 1 8 10 11 12 5 14 15 9
241 235 6 13 2 3 4 8 6 7 1 0 10 11 12 5 14 15 9
242 236 6 13 2 3 4 8 6 7 1 5 10 11 12 0 14 15 9
243 238 5 0 2 3 4 8 6 7 1 5 10 11 12 13 14 15 9
245 241 4 9 2 3 4 8 6 7 1 5 10 11 12 13 14 15 0
243 238 5 13 2 3 4 8 6 7 1 5 10 11 12 9 14 15 0
247 241 6 0 2 3 4 8 6 7 1 5 10 11 12 9 14 15 13
248 242 6 8 2 3 4 0 6 7 1 5 10 11 12 9 14 15 13
248 243 5 8 2 3 4 5 6 7 1 0 10 11 12 9 14 15 13
248 244 4 8 2 3 4 5 6 7 1 9 10 11 12 0 14 15 13
248 246 2 8 2 3 4 5 6 7 1 9 10 11 12 13 14 15 0
252 249 3 0 2 3 4 5 6 7 1 9 10 11 12 13 14 15 8
256 252 4 6 2 3 4 5 0 7 1 9 10 11 12 13 14 15 8
255 251 4 13 2 3 4 5 6 7 1 9 10 11 12 0 14 15 8
256 253 3 13 2 3 4 5 6 7 1 9 10 11 12 8 14 15 0
255 251 4 4 2 3 0 5 6 7 1 9 10 11 12 13 14 15 8
256 253 3 4 2 3 8 5 6 7 1 9 10 11 12 13 14 15 0
260 256 4 0 2 3 8 5 6 7 1 9 10 11 12 13 14 15 4
256 252 4 4 2 3 1 5 6 7 0 9 10 11 12 13 14 15 8
254 250 4 2 0 3 4 5 6 7 1 9 10 11 12 13 14 15 8
254 250 4 5 2 3 4 0 6 7 1 9 10 11 12 13 14 15 8
253 249 4 8 2 3 4 5 6 7 1 9 10 0 12 13 14 15 11
252 248 4 8 2 3 0 5 6 7 1 9 10 11 12 13 14 15 4
253 249 4 8 2 3 1 5 6 7 0 9 10 11 12 13 14 15 4
250 246 4 0 2 3 4 5 6 7 1 9 10 11 12 8 14 15 13
251 247 4 8 2 3 4 5 6 7 1 9 10 11 12 13 14 0 15
251 247 4 8 2 3 4 5 6 7 1 9 10 11 0 13 14 15 12
252 248 4 8 2 3 4 5 6 7 0 9 10 11 1 13 14 15 12
254 249 5 8 2 3 4 5 6 0 7 9 10 11 1 13 14 15 12
258 253 5 6 2 3 4 5 7 0 1 9 10 11 12 13 14 15 8
259 254 5 6 2 3 4 5 7 1 0 9 10 11 12 13 14 15 8
253 248 5 8 2 3 4 5 6 7 1 9 10 0 11 13 14 15 12
257 252 5 13 2 3 4 5 6 7 1 9 10 11 12 14 0 15 8
253 248 5 8 2 3 4 5 6 7 1 9 10 11 12 13 0 14 15
253 248 5 8 2 3 4 5 6 7 1 9 10 0 12 13 14 11 15
257 252 5 13 2 3 4 5 6 7 1 0 10 11 12 9 14 15 8
258 253 5 6 2 3 4 5 10 7 1 9 0 11 12 13 14 15 8
254 249 5 6 2 3 4 5 0 7 1 9 10 11 12 8 14 15 13
259 254 5 4 2 3 13 5 6 7 1 9 10 11 12 0 14 15 8
260 256 4 4 2 3 13 5 6 7 1 9 10 11 12 8 14 15 0
264 259 5 0 2 3 13 5 6 7 1 9 10 11 12 8 14 15 4
257 252 5 4 2 0 3 5 6 7 1 9 10 11 12 13 14 15 8
259 254 5 13 2 3 4 5 6 7 1 9 10 11 12 8 14 0 15
259 254 5 13 2 3 4 5 6 7 1 9 10 11 0 8 14 15 12
260 255 5 13 2 3 4 5 6 7 0 9 10 11 1 8 14 15 12
260 255 5 13 2 3 0 5 6 7 1 9 10 11 12 8 14 15 4
261 256 5 13 2 3 1 5 6 7 0 9 10 11 12 8 14 15 4
259 254 5 4 2 3 7 5 6 0 1 9 10 11 12 13 14 15 8
260 255 5 4 2 3 7 5 6 1 0 9 10 11 12 13 14 15 8
261 256 5 4 2 3 0 5 6 1 7 9 10 11 12 13 14 15 8
262 258 4 4 2 3 8 5 6 1 7 9 10 11 12 13 14 15 0
262 258 4 0 2 3 4 5 6 1 7 9 10 11 12 13 14 15 8
264 261 3 8 2 3 4 5 6 1 7 9 10 11 12 13 14 15 0
269 264 5 8 2 3 4 5 6 1 7 9 10 0 12 13 14 15 11
270 265 5 8 2 3 4 5 6 0 7 9 10 1 12 13 14 15 11
270 266 4 8 2 3 4 5 6 7 0 9 10 1 12 13 14 15 11
272 267 5 8 2 3 4 5 6 7 12 9 10 1 0 13 14 15 11
272 268 4 8 2 3 4 5 6 7 12 9 10 1 11 13 14 15 0
276 271 5 8 2 3 4 5 6 7 12 9 10 0 11 13 14 15 1
276 272 4 8 2 3 4 5 6 7 12 9 10 11 0 13 14 15 1
276 273 3 8 2 3 4 5 6 7 12 9 10 11 1 13 14 15 0
276 273 3 8 2 3 4 5 6 7 0 9 10 11 12 13 14 15 1
278 274 4 8 2 3 4 5 6 0 7 9 10 11 12 13 14 15 1
278 274 4 8 2 3 0 5 6 7 4 9 10 11 12 13 14 15 1
279 276 3 8 2 3 1 5 6 7 4 9 10 11 12 13 14 15 0
283 279 4 0 2 3 1 5 6 7 4 9 10 11 12 13 14 15 8
284 281 3 1 2 3 0 5 6 7 4 9 10 11 12 13 14 15 8
285 283 2 1 2 3 8 5 6 7 4 9 10 11 12 13 14 15 0
284 282 2 1 2 3 4 5 6 7 0 9 10 11 12 13 14 15 8
286 283 3 1 2 3 4 5 6 0 7 9 10 11 12 13 14 15 8
286 283 3 1 2 3 4 5 6 7 12 9 10 11 0 13 14 15 8
286 284 2 1 2 3 4 5 6 7 12 9 10 11 8 13 14 15 0
291 287 4 1 2 3 4 5 6 7 12 9 10 0 8 13 14 15 11
292 288 4 1 2 3 4 5 6 7 12 9 10 8 0 13 14 15 11
292 289 3 1 2 3 4 5 6 7 12 9 10 8 11 13 14 15 0
292 289 3 1 2 3 4 5 6 7 0 9 10 8 12 13 14 15 11
294 290 4 1 2 3 4 5 6 0 7 9 10 8 12 13 14 15 11
295 291 4 1 2 3 4 5 6 8 7 9 10 0 12 13 14 15 11
294 290 4 1 2 3 0 5 6 7 4 9 10 8 12 13 14 15 11
295 292 3 1 2 3 11 5 6 7 4 9 10 8 12 13 14 15 0
299 295 4 1 2 3 11 5 6 7 4 9 10 0 12 13 14 15 8
288 284 4 1 2 3 4 5 6 11 7 9 10 0 12 13 14 15 8
291 287 4 0 2 3 4 5 6 7 12 9 10 11 8 13 14 15 1
290 286 4 1 2 3 0 5 6 7 12 9 10 11 8 13 14 15 4
291 287 4 1 2 3 12 5 6 7 0 9 10 11 8 13 14 15 4
291 288 3 1 2 3 12 5 6 7 8 9 10 11 0 13 14 15 4
291 289 2 1 2 3 12 5 6 7 8 9 10 11 4 13 14 15 0
294 291 3 1 2 3 0 5 6 7 8 9 10 11 4 13 14 15 12
298 294 4 1 2 3 7 5 6 0 8 9 10 11 4 13 14 15 12
298 294 4 1 2 3 13 5 6 7 8 9 10 11 4 0 14 15 12
299 296 3 1 2 3 13 5 6 7 8 9 10 11 4 12 14 15 0
302 298 4 1 2 3 0 5 6 7 8 9 10 11 4 12 14 15 13
301 297 4 1 2 3 13 5 6 7 8 9 10 11 0 12 14 15 4
297 293 4 0 2 3 1 5 6 7 8 9 10 11 4 13 14 15 12
299 296 3 12 2 3 1 5 6 7 8 9 10 11 4 13 14 15 0
302 298 4 12 2 3 0 5 6 7 8 9 10 11 4 13 14 15 1
301 297 4 12 2 3 1 5 6 7 8 9 10 11 0 13 14 15 4
296 292 4 1 2 0 3 5 6 7 8 9 10 11 4 13 14 15 12
280 276 4 0 2 3 4 5 6 7 12 9 10 11 1 13 14 15 8
288 284 4 1 2 3 7 5 6 0 4 9 10 11 12 13 14 15 8
289 285 4 1 2 3 7 5 6 4 0 9 10 11 12 13 14 15 8
290 286 4 1 2 3 0 5 6 4 7 9 10 11 12 13 14 15 8
291 288 3 1 2 3 8 5 6 4 7 9 10 11 12 13 14 15 0
288 284 4 1 2 3 8 5 6 7 4 9 10 11 0 13 14 15 12
295 291 4 1 2 3 12 5 6 7 8 9 10 11 4 0 14 15 13
289 285 4 1 2 3 4 5 6 7 12 9 10 11 8 13 14 0 15
286 282 4 1 2 0 3 5 6 7 4 9 10 11 12 13 14 15 8
288 284 4 1 2 3 4 5 6 7 12 9 10 0 11 13 14 15 8
288 284 4 1 2 3 13 5 6 7 4 9 10 11 12 0 14 15 8
289 286 3 1 2 3 13 5 6 7 4 9 10 11 12 8 14 15 0
292 288 4 1 2 3 0 5 6 7 4 9 10 11 12 8 14 15 13
292 289 3 1 2 3 4 5 6 7 0 9 10 11 12 8 14 15 13
294 290 4 1 2 3 4 5 6 0 7 9 10 11 12 8 14 15 13
294 290 4 1 2 3 4 5 6 7 12 9 10 11 0 8 14 15 13
294 291 3 1 2 3 4 5 6 7 12 9 10 11 13 8 14 15 0
297 293 4 1 2 3 4 5 6 7 12 9 10 11 13 0 14 15 8
294 290 4 1 2 3 12 5 6 7 8 9 10 11 4 13 14 0 15
290 286 4 1 2 3 4 5 6 7 12 9 10 11 8 0 14 15 13
293 289 4 1 2 3 12 5 6 7 8 9 10 0 11 13 14 15 4
289 285 4 1 2 3 8 5 6 7 4 9 10 11 12 0 14 15 13
288 284 4 1 2 3 4 5 0 6 7 9 10 11 12 13 14 15 8
280 276 4 0 2 3 8 5 6 7 4 9 10 11 12 13 14 15 1
288 284 4 1 2 0 4 5 6 3 7 9 10 11 12 13 14 15 8
288 284 4 1 2 3 8 5 6 7 4 9 10 11 12 13 14 0 15
290 286 4 1 2 3 8 5 6 7 4 9 10 0 12 13 14 15 11
296 292 4 0 2 3 12 5 6 7 8 9 10 11 4 13 14 15 1
296 292 4 1 2 3 12 5 6 7 8 9 10 0 4 13 14 15 11
297 293 4 1 2 3 12 5 6 7 8 9 10 4 0 13 14 15 11
297 294 3 1 2 3 12 5 6 7 8 9 10 4 11 13 14 15 0
300 296 4 1 2 3 0 5 6 7 8 9 10 4 11 13 14 15 12
289 285 4 1 2 3 8 5 6 7 0 9 10 11 4 13 14 15 12
291 286 5 1 2 3 8 5 6 0 7 9 10 11 4 13 14 15 12
258 253 5 4 2 3 1 5 6 7 12 9 10 11 0 13 14 15 8
258 254 4 4 2 3 1 5 6 7 12 9 10 11 8 13 14 15 0
255 250 5 8 2 3 4 5 6 7 1 9 10 15 12 13 14 0 11
255 251 4 8 2 3 4 5 6 7 1 9 10 15 12 13 14 11 0
259 254 5 0 2 3 4 5 6 7 1 9 10 15 12 13 14 11 8
255 250 5 8 2 3 4 5 6 0 1 9 10 7 12 13 14 15 11
256 251 5 8 2 3 4 5 6 1 0 9 10 7 12 13 14 15 11
253 248 5 4 2 3 0 5 6 7 1 9 10 11 12 8 14 15 13
254 249 5 4 2 3 1 5 6 7 0 9 10 11 12 8 14 15 13
255 250 5 8 2 3 4 5 6 7 1 9 10 12 0 13 14 15 11
255 251 4 8 2 3 4 5 6 7 1 9 10 12 11 13 14 15 0
259 254 5 0 2 3 4 5 6 7 1 9 10 12 11 13 14 15 8
254 249 5 8 2 0 3 5 6 7 1 9 10 11 12 13 14 15 4
252 247 5 2 0 3 4 5 6 7 1 9 10 11 12 8 14 15 13
255 250 5 8 2 3 1 5 6 7 12 9 10 11 0 13 14 15 4
255 251 4 8 2 3 1 5 6 7 12 9 10 11 4 13 14 15 0
259 254 5 0 2 3 1 5 6 7 12 9 10 11 4 13 14 15 8
260 256 4 1 2 3 0 5 6 7 12 9 10 11 4 13 14 15 8
261 258 3 1 2 3 8 5 6 7 12 9 10 11 4 13 14 15 0
263 259 4 1 2 3 8 5 6 7 12 9 10 11 0 13 14 15 4
263 260 3 1 2 3 8 5 6 7 0 9 10 11 12 13 14 15 4
263 261 2 1 2 3 0 5 6 7 8 9 10 11 12 13 14 15 4
263 263 0 1 2 3 4 5 6 7 8 9 10 11 12 13 14 15 0
