0 0 0 5 0 6 14 7 3 10 1 4 12 8 13 11 9 15 2
15 1 14 0 5 6 14 7 3 10 1 4 12 8 13 11 9 15 2
17 4 13 2 5 6 14 7 3 10 1 4 12 8 13 11 9 15 0
21 7 14 2 5 6 14 7 3 10 1 4 12 0 13 11 9 15 8
22 8 14 2 5 6 14 7 3 10 1 4 12 13 0 11 9 15 8
22 9 13 2 5 6 14 7 3 10 1 4 12 13 8 11 9 15 0
26 12 14 2 5 6 14 7 3 10 1 4 12 0 8 11 9 15 13
27 13 14 2 5 6 14 7 3 10 1 4 0 12 8 11 9 15 13
28 14 14 2 5 6 14 7 3 10 1 0 4 12 8 11 9 15 13
29 15 14 2 5 6 14 7 3 10 1 11 4 12 8 0 9 15 13
31 18 13 2 5 6 14 7 3 10 1 11 0 12 8 4 9 15 13
32 19 13 2 5 6 14 7 3 10 1 11 12 0 8 4 9 15 13
33 20 13 2 5 6 14 7 3 10 1 11 12 8 0 4 9 15 13
33 21 12 2 5 6 14 7 3 10 1 11 12 8 13 4 9 15 0
37 24 13 2 5 6 14 7 3 10 1 11 12 0 13 4 9 15 8
38 25 13 2 5 6 14 7 3 10 1 11 12 13 0 4 9 15 8
38 26 12 2 5 6 14 7 3 10 1 11 12 13 8 4 9 15 0
42 29 13 0 5 6 14 7 3 10 1 11 12 13 8 4 9 15 2
45 32 13 3 5 6 14 7 0 10 1 11 12 13 8 4 9 15 2
46 33 13 3 5 6 14 0 7 10 1 11 12 13 8 4 9 15 2
47 34 13 3 5 6 14 11 7 10 1 0 12 13 8 4 9 15 2
48 35 13 3 5 6 14 11 7 10 1 12 0 13 8 4 9 15 2
48 36 12 3 5 6 14 11 0 10 1 12 7 13 8 4 9 15 2
49 37 12 3 5 6 14 0 11 10 1 12 7 13 8 4 9 15 2
50 38 12 3 5 6 14 12 11 10 1 0 7 13 8 4 9 15 2
52 39 13 3 5 6 14 12 11 10 1 7 0 13 8 4 9 15 2
53 40 13 3 5 6 14 12 11 10 1 7 13 0 8 4 9 15 2
54 41 13 3 5 6 14 12 11 10 1 7 13 8 0 4 9 15 2
54 42 12 3 5 6 14 12 11 10 1 7 13 8 2 4 9 15 0
58 45 13 3 5 6 14 12 11 10 1 7 13 0 2 4 9 15 8
59 46 13 3 5 6 14 12 11 10 1 7 13 2 0 4 9 15 8
59 47 12 3 5 6 14 12 11 10 1 7 13 2 8 4 9 15 0
63 50 13 0 5 6 14 12 11 10 1 7 13 2 8 4 9 15 3
66 53 13 11 5 6 14 12 0 10 1 7 13 2 8 4 9 15 3
67 54 13 11 5 6 14 0 12 10 1 7 13 2 8 4 9 15 3
68 55 13 11 5 6 14 7 12 10 1 0 13 2 8 4 9 15 3
69 56 13 11 5 6 14 7 12 10 1 13 0 2 8 4 9 15 3
70 57 13 11 5 6 14 7 12 10 1 13 2 0 8 4 9 15 3
71 58 13 11 5 6 14 7 12 10 1 13 2 8 0 4 9 15 3
71 59 12 11 5 6 14 7 12 10 1 13 2 8 3 4 9 15 0
75 62 13 11 5 6 14 7 12 10 1 13 2 0 3 4 9 15 8
76 63 13 11 5 6 14 7 12 10 1 13 2 3 0 4 9 15 8
76 64 12 11 5 6 14 7 12 10 1 13 2 3 8 4 9 15 0
80 67 13 0 5 6 14 7 12 10 1 13 2 3 8 4 9 15 11
83 70 13 12 5 6 14 7 0 10 1 13 2 3 8 4 9 15 11
84 71 13 12 5 6 14 0 7 10 1 13 2 3 8 4 9 15 11
85 72 13 12 5 6 14 13 7 10 1 0 2 3 8 4 9 15 11
86 73 13 12 5 6 14 13 7 10 1 2 0 3 8 4 9 15 11
86 74 12 12 5 6 14 13 0 10 1 2 7 3 8 4 9 15 11
87 75 12 12 5 6 14 0 13 10 1 2 7 3 8 4 9 15 11
87 76 11 12 5 6 14 2 13 10 1 0 7 3 8 4 9 15 11
89 77 12 12 5 6 14 2 13 10 1 7 0 3 8 4 9 15 11
90 78 12 12 5 6 14 2 13 10 1 7 3 0 8 4 9 15 11
91 79 12 12 5 6 14 2 13 10 1 7 3 8 0 4 9 15 11
91 80 11 12 5 6 14 2 13 10 1 7 3 8 11 4 9 15 0
95 83 12 12 5 6 14 2 13 10 1 7 3 0 11 4 9 15 8
95 84 11 12 5 6 14 2 13 10 1 7 3 11 0 4 9 15 8
95 85 10 12 5 6 14 2 13 10 1 7 3 11 8 4 9 15 0
99 88 11 0 5 6 14 2 13 10 1 7 3 11 8 4 9 15 12
102 91 11 13 5 6 14 2 0 10 1 7 3 11 8 4 9 15 12
103 92 11 13 5 6 14 2 3 10 1 7 0 11 8 4 9 15 12
103 93 10 13 5 6 14 2 3 10 1 0 7 11 8 4 9 15 12
105 94 11 13 5 6 14 2 3 10 1 4 7 11 8 0 9 15 12
106 96 10 13 5 6 14 2 3 10 1 4 7 11 8 12 9 15 0
110 99 11 0 5 6 14 2 3 10 1 4 7 11 8 12 9 15 13
113 102 11 3 5 6 14 2 0 10 1 4 7 11 8 12 9 15 13
112 101 11 12 5 6 14 2 3 10 1 4 7 11 8 0 9 15 13
113 103 10 12 5 6 14 2 3 10 1 4 7 11 8 13 9 15 0
112 102 10 12 5 6 14 2 3 10 1 0 7 11 8 4 9 15 13
114 103 11 12 5 6 14 2 3 10 1 7 0 11 8 4 9 15 13
115 104 11 12 5 6 14 2 3 10 1 7 9 11 8 4 0 15 13
116 105 11 12 5 6 14 2 3 10 1 7 9 11 8 4 15 0 13
116 106 10 12 5 6 14 2 3 10 1 7 9 11 8 4 15 13 0
120 109 11 0 5 6 14 2 3 10 1 7 9 11 8 4 15 13 12
123 112 11 3 5 6 14 2 0 10 1 7 9 11 8 4 15 13 12
124 113 11 3 5 6 14 2 9 10 1 7 0 11 8 4 15 13 12
124 114 10 3 5 6 14 2 9 10 1 0 7 11 8 4 15 13 12
126 115 11 3 5 6 14 2 9 10 1 4 7 11 8 0 15 13 12
127 117 10 3 5 6 14 2 9 10 1 4 7 11 8 12 15 13 0
131 120 11 0 5 6 14 2 9 10 1 4 7 11 8 12 15 13 3
134 123 11 9 5 6 14 2 0 10 1 4 7 11 8 12 15 13 3
133 122 11 12 5 6 14 2 9 10 1 4 7 11 8 0 15 13 3
134 124 10 12 5 6 14 2 9 10 1 4 7 11 8 3 15 13 0
133 123 10 12 5 6 14 2 9 10 1 0 7 11 8 4 15 13 3
135 124 11 12 5 6 14 2 9 10 1 7 0 11 8 4 15 13 3
136 125 11 12 5 6 14 2 9 10 1 7 15 11 8 4 0 13 3
137 126 11 12 5 6 14 2 9 10 1 7 15 11 8 4 13 0 3
137 127 10 12 5 6 14 2 9 10 1 7 15 11 8 4 13 3 0
141 130 11 0 5 6 14 2 9 10 1 7 15 11 8 4 13 3 12
144 133 11 9 5 6 14 2 0 10 1 7 15 11 8 4 13 3 12
145 134 11 9 5 6 14 2 15 10 1 7 0 11 8 4 13 3 12
145 135 10 9 5 6 14 2 15 10 1 0 7 11 8 4 13 3 12
147 136 11 9 5 6 14 2 15 10 1 4 7 11 8 0 13 3 12
148 138 10 9 5 6 14 2 15 10 1 4 7 11 8 12 13 3 0
152 141 11 0 5 6 14 2 15 10 1 4 7 11 8 12 13 3 9
155 144 11 15 5 6 14 2 0 10 1 4 7 11 8 12 13 3 9
105 94 11 13 5 6 14 0 3 10 1 2 7 11 8 4 9 15 12
106 95 11 13 5 6 14 3 0 10 1 2 7 11 8 4 9 15 12
108 97 11 13 5 6 14 2 3 10 1 4 7 11 8 12 9 0 15
109 98 11 13 5 6 14 2 3 10 1 4 7 11 8 12 0 9 15
110 99 11 13 5 6 14 2 3 10 1 4 7 11 8 0 12 9 15
111 101 10 13 5 6 14 2 3 10 1 4 7 11 8 15 12 9 0
110 100 10 13 5 6 14 2 3 10 1 0 7 11 8 4 12 9 15
112 101 11 13 5 6 14 2 3 10 1 7 0 11 8 4 12 9 15
113 102 11 13 5 6 14 2 3 10 1 7 12 11 8 4 0 9 15
114 103 11 13 5 6 14 2 3 10 1 7 12 11 8 4 9 0 15
114 104 10 13 5 6 14 2 3 10 1 7 12 11 8 4 9 15 0
118 107 11 0 5 6 14 2 3 10 1 7 12 11 8 4 9 15 13
121 110 11 3 5 6 14 2 0 10 1 7 12 11 8 4 9 15 13
122 111 11 3 5 6 14 2 12 10 1 7 0 11 8 4 9 15 13
122 112 10 3 5 6 14 2 12 10 1 0 7 11 8 4 9 15 13
124 113 11 3 5 6 14 2 12 10 1 4 7 11 8 0 9 15 13
125 115 10 3 5 6 14 2 12 10 1 4 7 11 8 13 9 15 0
129 118 11 0 5 6 14 2 12 10 1 4 7 11 8 13 9 15 3
132 121 11 12 5 6 14 2 0 10 1 4 7 11 8 13 9 15 3
131 120 11 13 5 6 14 2 12 10 1 4 7 11 8 0 9 15 3
132 122 10 13 5 6 14 2 12 10 1 4 7 11 8 3 9 15 0
131 121 10 13 5 6 14 2 12 10 1 0 7 11 8 4 9 15 3
133 122 11 13 5 6 14 2 12 10 1 7 0 11 8 4 9 15 3
134 123 11 13 5 6 14 2 12 10 1 7 9 11 8 4 0 15 3
135 124 11 13 5 6 14 2 12 10 1 7 9 11 8 4 15 0 3
135 125 10 13 5 6 14 2 12 10 1 7 9 11 8 4 15 3 0
139 128 11 0 5 6 14 2 12 10 1 7 9 11 8 4 15 3 13
142 131 11 12 5 6 14 2 0 10 1 7 9 11 8 4 15 3 13
143 132 11 12 5 6 14 2 9 10 1 7 0 11 8 4 15 3 13
143 133 10 12 5 6 14 2 9 10 1 0 7 11 8 4 15 3 13
145 134 11 12 5 6 14 2 9 10 1 4 7 11 8 0 15 3 13
146 136 10 12 5 6 14 2 9 10 1 4 7 11 8 13 15 3 0
150 139 11 0 5 6 14 2 9 10 1 4 7 11 8 13 15 3 12
153 142 11 9 5 6 14 2 0 10 1 4 7 11 8 13 15 3 12
152 141 11 13 5 6 14 2 9 10 1 4 7 11 8 0 15 3 12
153 143 10 13 5 6 14 2 9 10 1 4 7 11 8 12 15 3 0
152 142 10 13 5 6 14 2 9 10 1 0 7 11 8 4 15 3 12
154 143 11 13 5 6 14 2 9 10 1 7 0 11 8 4 15 3 12
155 144 11 13 5 6 14 2 9 10 1 7 15 11 8 4 0 3 12
156 145 11 13 5 6 14 2 9 10 1 7 15 11 8 4 3 0 12
155 146 9 13 5 6 14 2 9 10 1 7 15 11 8 4 3 12 0
159 149 10 0 5 6 14 2 9 10 1 7 15 11 8 4 3 12 13
162 152 10 9 5 6 14 2 0 10 1 7 15 11 8 4 3 12 13
163 153 10 9 5 6 14 2 15 10 1 7 0 11 8 4 3 12 13
163 154 9 9 5 6 14 2 15 10 1 0 7 11 8 4 3 12 13
165 155 10 9 5 6 14 2 15 10 1 4 7 11 8 0 3 12 13
166 157 9 9 5 6 14 2 15 10 1 4 7 11 8 13 3 12 0
170 160 10 0 5 6 14 2 15 10 1 4 7 11 8 13 3 12 9
173 163 10 15 5 6 14 2 0 10 1 4 7 11 8 13 3 12 9
172 162 10 13 5 6 14 2 15 10 1 4 7 11 8 0 3 12 9
173 164 9 13 5 6 14 2 15 10 1 4 7 11 8 9 3 12 0
172 163 9 13 5 6 14 2 15 10 1 0 7 11 8 4 3 12 9
174 164 10 13 5 6 14 2 15 10 1 7 0 11 8 4 3 12 9
175 165 10 13 5 6 14 2 15 10 1 7 3 11 8 4 0 12 9
175 165 10 13 5 6 14 2 0 10 1 7 15 11 8 4 3 12 9
174 164 10 13 5 6 14 0 15 10 1 2 7 11 8 4 3 12 9
175 165 10 13 5 6 14 15 0 10 1 2 7 11 8 4 3 12 9
176 166 10 13 5 6 0 2 15 10 1 4 7 11 8 9 3 12 14
177 168 9 0 5 6 13 2 15 10 1 4 7 11 8 9 3 12 14
179 171 8 14 5 6 13 2 15 10 1 4 7 11 8 9 3 12 0
182 173 9 14 5 6 13 2 15 10 1 4 7 11 8 0 3 12 9
182 174 8 14 5 6 13 2 15 10 1 0 7 11 8 4 3 12 9
184 175 9 14 5 6 13 2 15 10 1 7 0 11 8 4 3 12 9
185 176 9 14 5 6 13 2 15 10 1 7 3 11 8 4 0 12 9
185 176 9 14 5 6 13 2 0 10 1 7 15 11 8 4 3 12 9
184 175 9 14 5 6 13 0 15 10 1 2 7 11 8 4 3 12 9
185 176 9 14 5 6 13 15 0 10 1 2 7 11 8 4 3 12 9
184 175 9 0 5 6 13 2 15 10 1 4 7 11 8 14 3 12 9
186 178 8 9 5 6 13 2 15 10 1 4 7 11 8 14 3 12 0
188 179 9 9 5 6 13 2 15 10 1 4 7 11 0 14 3 12 8
189 180 9 9 5 6 13 2 15 10 0 4 7 11 1 14 3 12 8
187 178 9 15 5 6 13 2 0 10 1 4 7 11 8 14 3 12 9
183 174 9 14 5 6 13 2 15 10 1 4 7 11 8 3 0 12 9
181 172 9 14 5 6 13 2 15 10 1 4 7 11 0 9 3 12 8
182 173 9 14 5 6 13 2 15 10 0 4 7 11 1 9 3 12 8
180 171 9 15 5 6 13 2 0 10 1 4 7 11 8 9 3 12 14
179 170 9 9 5 6 13 2 15 10 1 4 7 11 8 0 3 12 14
179 171 8 9 5 6 13 2 15 10 1 0 7 11 8 4 3 12 14
181 172 9 9 5 6 13 2 15 10 1 7 0 11 8 4 3 12 14
182 173 9 9 5 6 13 2 15 10 1 7 3 11 8 4 0 12 14
182 173 9 9 5 6 13 2 0 10 1 7 15 11 8 4 3 12 14
181 172 9 9 5 6 13 0 15 10 1 2 7 11 8 4 3 12 14
182 173 9 9 5 6 13 15 0 10 1 2 7 11 8 4 3 12 14
180 171 9 9 5 6 13 2 15 10 1 4 7 11 8 3 0 12 14
182 172 10 9 5 6 13 2 15 10 1 4 7 11 8 3 12 0 14
182 173 9 9 5 6 13 2 15 10 1 4 7 11 8 3 12 14 0
186 176 10 0 5 6 13 2 15 10 1 4 7 11 8 3 12 14 9
189 179 10 15 5 6 13 2 0 10 1 4 7 11 8 3 12 14 9
169 159 10 9 5 6 0 2 15 10 1 4 7 11 8 13 3 12 14
171 161 10 0 5 6 9 2 15 10 1 4 7 11 8 13 3 12 14
173 164 9 14 5 6 9 2 15 10 1 4 7 11 8 13 3 12 0
176 166 10 14 5 6 9 2 15 10 1 4 7 11 8 0 3 12 13
176 167 9 14 5 6 9 2 15 10 1 0 7 11 8 4 3 12 13
178 168 10 14 5 6 9 2 15 10 1 7 0 11 8 4 3 12 13
179 169 10 14 5 6 9 2 15 10 1 7 3 11 8 4 0 12 13
175 165 10 13 5 6 14 2 15 10 1 4 7 11 0 9 3 12 8
176 166 10 13 5 6 14 2 15 10 0 4 7 11 1 9 3 12 8
176 167 9 13 5 6 0 2 15 10 14 4 7 11 1 9 3 12 8
177 169 8 13 5 6 8 2 15 10 14 4 7 11 1 9 3 12 0
177 169 8 0 5 6 13 2 15 10 14 4 7 11 1 9 3 12 8
179 172 7 8 5 6 13 2 15 10 14 4 7 11 1 9 3 12 0
182 174 8 8 5 6 13 2 15 10 14 4 7 11 1 0 3 12 9
182 175 7 8 5 6 13 2 15 10 14 0 7 11 1 4 3 12 9
184 176 8 8 5 6 13 2 15 10 14 7 0 11 1 4 3 12 9
185 177 8 8 5 6 13 2 15 10 14 7 3 11 1 4 0 12 9
185 177 8 8 5 6 13 2 0 10 14 7 15 11 1 4 3 12 9
184 176 8 8 5 6 13 0 15 10 14 2 7 11 1 4 3 12 9
185 177 8 8 5 6 13 15 0 10 14 2 7 11 1 4 3 12 9
184 176 8 0 5 6 13 2 15 10 14 4 7 11 1 8 3 12 9
186 179 7 9 5 6 13 2 15 10 14 4 7 11 1 8 3 12 0
188 180 8 9 5 6 13 2 15 10 14 4 7 11 0 8 3 12 1
187 179 8 15 5 6 13 2 0 10 14 4 7 11 1 8 3 12 9
183 175 8 8 5 6 13 2 15 10 14 4 7 11 1 3 0 12 9
180 172 8 15 5 6 13 2 0 10 14 4 7 11 1 9 3 12 8
179 171 8 9 5 6 13 2 15 10 14 4 7 11 1 0 3 12 8
179 172 7 9 5 6 13 2 15 10 14 0 7 11 1 4 3 12 8
181 173 8 9 5 6 13 2 15 10 14 7 0 11 1 4 3 12 8
182 174 8 9 5 6 13 2 15 10 14 7 3 11 1 4 0 12 8
182 174 8 9 5 6 13 2 0 10 14 7 15 11 1 4 3 12 8
181 173 8 9 5 6 13 0 15 10 14 2 7 11 1 4 3 12 8
182 174 8 9 5 6 13 15 0 10 14 2 7 11 1 4 3 12 8
180 172 8 9 5 6 13 2 15 10 14 4 7 11 1 3 0 12 8
181 173 8 8 5 6 13 2 15 10 14 4 7 11 0 9 3 12 1
183 174 9 8 5 6 13 2 15 10 14 4 7 0 11 9 3 12 1
183 174 9 8 5 6 13 2 15 10 0 4 7 11 14 9 3 12 1
182 173 9 9 5 6 13 2 15 10 14 4 7 11 1 3 12 0 8
182 174 8 9 5 6 13 2 15 10 14 4 7 11 1 3 12 8 0
186 177 9 0 5 6 13 2 15 10 14 4 7 11 1 3 12 8 9
189 180 9 15 5 6 13 2 0 10 14 4 7 11 1 3 12 8 9
188 179 9 3 5 6 13 2 15 10 14 4 7 11 1 0 12 8 9
189 181 8 3 5 6 13 2 15 10 14 4 7 11 1 9 12 8 0
188 180 8 3 5 6 13 2 15 10 14 0 7 11 1 4 12 8 9
190 181 9 3 5 6 13 2 15 10 14 7 0 11 1 4 12 8 9
191 182 9 3 5 6 13 2 15 10 14 7 12 11 1 4 0 8 9
191 183 8 3 5 6 13 2 15 10 14 7 12 11 1 4 8 0 9
191 184 7 3 5 6 13 2 15 10 14 7 12 11 1 4 8 9 0
195 187 8 0 5 6 13 2 15 10 14 7 12 11 1 4 8 9 3
198 190 8 15 5 6 13 2 0 10 14 7 12 11 1 4 8 9 3
199 191 8 15 5 6 13 2 12 10 14 7 0 11 1 4 8 9 3
199 192 7 15 5 6 13 2 12 10 14 0 7 11 1 4 8 9 3
201 193 8 15 5 6 13 2 12 10 14 4 7 11 1 0 8 9 3
202 195 7 15 5 6 13 2 12 10 14 4 7 11 1 3 8 9 0
206 198 8 0 5 6 13 2 12 10 14 4 7 11 1 3 8 9 15
209 201 8 12 5 6 13 2 0 10 14 4 7 11 1 3 8 9 15
208 200 8 3 5 6 13 2 12 10 14 4 7 11 1 0 8 9 15
209 202 7 3 5 6 13 2 12 10 14 4 7 11 1 15 8 9 0
208 201 7 3 5 6 13 2 12 10 14 0 7 11 1 4 8 9 15
210 202 8 3 5 6 13 2 12 10 14 7 0 11 1 4 8 9 15
211 203 8 3 5 6 13 2 0 10 14 7 12 11 1 4 8 9 15
210 202 8 3 5 6 13 0 12 10 14 2 7 11 1 4 8 9 15
211 203 8 3 5 6 13 12 0 10 14 2 7 11 1 4 8 9 15
211 203 8 3 5 6 13 2 12 10 14 4 7 11 1 15 8 0 9
203 195 8 0 5 6 13 2 12 10 14 4 7 11 1 15 8 9 3
206 198 8 12 5 6 13 2 0 10 14 4 7 11 1 15 8 9 3
193 185 8 3 5 6 13 2 15 10 14 7 12 11 0 4 8 9 1
201 193 8 15 5 6 13 0 12 10 14 2 7 11 1 4 8 9 3
202 194 8 15 5 6 13 12 0 10 14 2 7 11 1 4 8 9 3
204 196 8 15 5 6 13 2 12 10 14 4 7 11 0 3 8 9 1
211 203 8 3 5 6 13 2 12 10 14 4 7 11 0 15 8 9 1
204 196 8 15 5 6 13 2 12 10 14 4 7 11 1 3 8 0 9
206 197 9 15 5 6 13 2 12 10 14 4 7 11 1 3 0 8 9
207 198 9 15 5 6 13 2 12 10 14 4 7 11 1 0 3 8 9
208 200 8 15 5 6 13 2 12 10 14 4 7 11 1 9 3 8 0
207 199 8 15 5 6 13 2 12 10 14 0 7 11 1 4 3 8 9
209 200 9 15 5 6 13 2 12 10 14 7 0 11 1 4 3 8 9
210 201 9 15 5 6 13 2 12 10 14 7 3 11 1 4 0 8 9
210 202 8 15 5 6 13 2 12 10 14 7 3 11 1 4 8 0 9
210 203 7 15 5 6 13 2 12 10 14 7 3 11 1 4 8 9 0
214 206 8 0 5 6 13 2 12 10 14 7 3 11 1 4 8 9 15
217 209 8 12 5 6 13 2 0 10 14 7 3 11 1 4 8 9 15
218 210 8 12 5 6 13 2 3 10 14 7 0 11 1 4 8 9 15
218 211 7 12 5 6 13 2 3 10 14 0 7 11 1 4 8 9 15
220 212 8 12 5 6 13 2 3 10 14 4 7 11 1 0 8 9 15
221 214 7 12 5 6 13 2 3 10 14 4 7 11 1 15 8 9 0
225 217 8 0 5 6 13 2 3 10 14 4 7 11 1 15 8 9 12
228 220 8 3 5 6 13 2 0 10 14 4 7 11 1 15 8 9 12
227 219 8 15 5 6 13 2 3 10 14 4 7 11 1 0 8 9 12
228 221 7 15 5 6 13 2 3 10 14 4 7 11 1 12 8 9 0
227 220 7 15 5 6 13 2 3 10 14 0 7 11 1 4 8 9 12
229 221 8 15 5 6 13 2 3 10 14 7 0 11 1 4 8 9 12
230 222 8 15 5 6 13 2 0 10 14 7 3 11 1 4 8 9 12
229 221 8 15 5 6 13 0 3 10 14 2 7 11 1 4 8 9 12
230 222 8 15 5 6 13 3 0 10 14 2 7 11 1 4 8 9 12
212 204 8 15 5 6 13 2 12 10 14 7 3 11 0 4 8 9 1
230 222 8 15 5 6 13 2 3 10 14 4 7 11 1 12 8 0 9
220 212 8 12 5 6 13 0 3 10 14 2 7 11 1 4 8 9 15
221 213 8 12 5 6 13 3 0 10 14 2 7 11 1 4 8 9 15
230 222 8 15 5 6 13 2 3 10 14 4 7 11 0 12 8 9 1
223 215 8 12 5 6 13 2 3 10 14 4 7 11 0 15 8 9 1
222 214 8 0 5 6 13 2 3 10 14 4 7 11 1 12 8 9 15
225 217 8 3 5 6 13 2 0 10 14 4 7 11 1 12 8 9 15
223 215 8 12 5 6 13 2 3 10 14 4 7 11 1 15 8 0 9
225 216 9 12 5 6 13 2 3 10 14 4 7 11 1 15 0 8 9
226 217 9 12 5 6 13 2 3 10 14 4 7 11 1 0 15 8 9
227 219 8 12 5 6 13 2 3 10 14 4 7 11 1 9 15 8 0
226 218 8 12 5 6 13 2 3 10 14 0 7 11 1 4 15 8 9
228 219 9 12 5 6 13 2 3 10 14 7 0 11 1 4 15 8 9
229 220 9 12 5 6 13 2 3 10 14 7 15 11 1 4 0 8 9
229 221 8 12 5 6 13 2 3 10 14 7 15 11 1 4 8 0 9
229 222 7 12 5 6 13 2 3 10 14 7 15 11 1 4 8 9 0
233 225 8 0 5 6 13 2 3 10 14 7 15 11 1 4 8 9 12
236 228 8 3 5 6 13 2 0 10 14 7 15 11 1 4 8 9 12
237 229 8 3 5 6 13 2 15 10 14 7 0 11 1 4 8 9 12
237 230 7 3 5 6 13 2 15 10 14 0 7 11 1 4 8 9 12
239 231 8 3 5 6 13 2 15 10 14 4 7 11 1 0 8 9 12
240 233 7 3 5 6 13 2 15 10 14 4 7 11 1 12 8 9 0
244 236 8 0 5 6 13 2 15 10 14 4 7 11 1 12 8 9 3
247 239 8 15 5 6 13 2 0 10 14 4 7 11 1 12 8 9 3
246 238 8 12 5 6 13 2 15 10 14 4 7 11 1 0 8 9 3
247 240 7 12 5 6 13 2 15 10 14 4 7 11 1 3 8 9 0
246 239 7 12 5 6 13 2 15 10 14 0 7 11 1 4 8 9 3
248 240 8 12 5 6 13 2 15 10 14 7 0 11 1 4 8 9 3
249 241 8 12 5 6 13 2 0 10 14 7 15 11 1 4 8 9 3
248 240 8 12 5 6 13 0 15 10 14 2 7 11 1 4 8 9 3
249 241 8 12 5 6 13 15 0 10 14 2 7 11 1 4 8 9 3
249 241 8 12 5 6 13 2 15 10 14 4 7 11 1 3 8 0 9
249 241 8 12 5 6 13 2 15 10 14 4 7 11 0 3 8 9 1
242 234 8 3 5 6 13 2 15 10 14 4 7 11 1 12 8 0 9
239 231 8 3 5 6 13 0 15 10 14 2 7 11 1 4 8 9 12
240 232 8 3 5 6 13 15 0 10 14 2 7 11 1 4 8 9 12
242 234 8 3 5 6 13 2 15 10 14 4 7 11 0 12 8 9 1
241 233 8 0 5 6 13 2 15 10 14 4 7 11 1 3 8 9 12
244 236 8 15 5 6 13 2 0 10 14 4 7 11 1 3 8 9 12
231 223 8 12 5 6 13 2 3 10 14 7 15 11 0 4 8 9 1
233 224 9 12 5 6 13 2 3 10 14 7 15 0 11 4 8 9 1
234 225 9 12 5 6 13 2 3 10 14 7 0 15 11 4 8 9 1
234 226 8 12 5 6 13 2 3 10 14 0 7 15 11 4 8 9 1
236 227 9 12 5 6 13 2 3 10 14 4 7 15 11 0 8 9 1
237 229 8 12 5 6 13 2 3 10 14 4 7 15 11 1 8 9 0
241 232 9 12 5 6 13 2 3 10 14 4 7 0 11 1 8 9 15
241 233 8 12 5 6 13 2 3 10 14 4 7 11 0 1 8 9 15
240 234 6 12 5 6 13 2 3 10 14 4 7 11 15 1 8 9 0
244 237 7 0 5 6 13 2 3 10 14 4 7 11 15 1 8 9 12
245 239 6 1 5 6 13 2 3 10 14 4 7 11 15 0 8 9 12
246 241 5 1 5 6 13 2 3 10 14 4 7 11 15 12 8 9 0
245 240 5 1 5 6 13 2 3 10 14 0 7 11 15 4 8 9 12
247 241 6 1 5 6 13 2 3 10 14 7 0 11 15 4 8 9 12
248 242 6 1 5 6 13 2 0 10 14 7 3 11 15 4 8 9 12
247 241 6 1 5 6 13 0 3 10 14 2 7 11 15 4 8 9 12
248 242 6 1 5 6 13 3 0 10 14 2 7 11 15 4 8 9 12
248 242 6 1 5 6 13 2 3 10 14 4 7 11 15 12 8 0 9
250 243 7 1 5 6 13 2 3 10 14 4 7 11 15 12 0 8 9
251 244 7 1 5 6 13 2 3 10 14 4 7 11 15 0 12 8 9
252 246 6 1 5 6 13 2 3 10 14 4 7 11 15 9 12 8 0
251 245 6 1 5 6 13 2 3 10 14 0 7 11 15 4 12 8 9
253 246 7 1 5 6 13 2 3 10 14 7 0 11 15 4 12 8 9
254 247 7 1 5 6 13 2 3 10 14 7 12 11 15 4 0 8 9
254 248 6 1 5 6 13 2 3 10 14 7 12 11 15 4 8 0 9
254 249 5 1 5 6 13 2 3 10 14 7 12 11 15 4 8 9 0
259 252 7 1 5 6 13 2 3 10 14 7 12 0 15 4 8 9 11
260 253 7 1 5 6 13 2 3 10 14 7 0 12 15 4 8 9 11
260 254 6 1 5 6 13 2 3 10 14 0 7 12 15 4 8 9 11
262 255 7 1 5 6 13 2 3 10 14 4 7 12 15 0 8 9 11
263 257 6 1 5 6 13 2 3 10 14 4 7 12 15 11 8 9 0
267 260 7 1 5 6 13 2 3 10 14 4 7 0 15 11 8 9 12
268 261 7 1 5 6 13 2 3 10 14 4 7 9 15 11 8 0 12
267 262 5 1 5 6 13 2 3 10 14 4 7 9 15 11 8 12 0
271 265 6 1 5 6 13 2 3 10 14 4 7 0 15 11 8 12 9
270 264 6 1 5 6 13 2 3 10 14 4 7 9 15 0 8 12 11
270 265 5 1 5 6 13 2 3 10 14 0 7 9 15 4 8 12 11
272 266 6 1 5 6 13 2 3 10 14 7 0 9 15 4 8 12 11
273 267 6 1 5 6 13 2 3 10 14 7 9 0 15 4 8 12 11
273 267 6 1 5 6 13 2 0 10 14 7 3 9 15 4 8 12 11
272 266 6 1 5 6 13 0 3 10 14 2 7 9 15 4 8 12 11
273 267 6 1 5 6 13 3 0 10 14 2 7 9 15 4 8 12 11
275 268 7 1 5 6 13 3 10 0 14 2 7 9 15 4 8 12 11
276 269 7 1 5 6 13 3 10 9 14 2 7 0 15 4 8 12 11
276 269 7 1 5 0 13 3 10 6 14 2 7 9 15 4 8 12 11
275 268 7 1 5 6 13 3 7 10 14 2 0 9 15 4 8 12 11
276 269 7 1 5 6 13 3 7 10 14 2 9 0 15 4 8 12 11
276 269 7 1 5 6 13 3 7 10 14 0 2 9 15 4 8 12 11
276 270 6 1 5 6 13 0 7 10 14 3 2 9 15 4 8 12 11
277 271 6 1 5 6 13 7 0 10 14 3 2 9 15 4 8 12 11
278 272 6 1 5 6 13 7 2 10 14 3 0 9 15 4 8 12 11
279 273 6 1 5 6 13 7 2 10 14 3 9 0 15 4 8 12 11
281 274 7 1 5 6 13 7 2 10 14 3 9 15 0 4 8 12 11
281 275 6 1 5 6 13 7 2 10 14 3 9 15 11 4 8 12 0
285 278 7 1 5 6 13 7 2 10 14 3 9 0 11 4 8 12 15
285 279 6 1 5 6 13 7 2 10 14 3 9 11 0 4 8 12 15
284 280 4 1 5 6 13 7 2 10 14 3 9 11 15 4 8 12 0
289 283 6 0 5 6 13 7 2 10 14 3 9 11 15 4 8 12 1
292 286 6 2 5 6 13 7 0 10 14 3 9 11 15 4 8 12 1
293 287 6 2 5 6 13 0 7 10 14 3 9 11 15 4 8 12 1
293 287 6 2 5 6 13 7 9 10 14 3 0 11 15 4 8 12 1
290 284 6 7 5 6 13 0 2 10 14 3 9 11 15 4 8 12 1
290 285 5 7 5 6 13 2 0 10 14 3 9 11 15 4 8 12 1
291 286 5 7 5 6 13 2 9 10 14 3 0 11 15 4 8 12 1
293 287 6 7 5 6 13 2 9 10 14 3 11 0 15 4 8 12 1
293 287 6 7 5 6 13 2 9 10 14 0 3 11 15 4 8 12 1
293 287 6 7 5 6 13 2 9 10 14 3 8 11 15 4 0 12 1
292 286 6 7 5 6 13 2 10 0 14 3 9 11 15 4 8 12 1
293 287 6 7 5 0 13 2 10 6 14 3 9 11 15 4 8 12 1
292 286 6 7 0 6 13 2 5 10 14 3 9 11 15 4 8 12 1
293 287 6 7 6 0 13 2 5 10 14 3 9 11 15 4 8 12 1
293 287 6 0 7 6 13 2 5 10 14 3 9 11 15 4 8 12 1
294 290 4 1 7 6 13 2 5 10 14 3 9 11 15 4 8 12 0
299 293 6 1 7 6 13 2 5 10 14 3 9 0 15 4 8 12 11
300 294 6 1 7 6 13 2 5 10 14 3 0 9 15 4 8 12 11
301 295 6 1 7 6 13 2 0 10 14 3 5 9 15 4 8 12 11
302 296 6 1 0 6 13 2 7 10 14 3 5 9 15 4 8 12 11
303 297 6 1 6 0 13 2 7 10 14 3 5 9 15 4 8 12 11
298 292 6 1 7 6 0 2 5 10 14 3 9 11 15 4 8 12 13
299 293 6 1 7 0 6 2 5 10 14 3 9 11 15 4 8 12 13
300 294 6 1 0 7 6 2 5 10 14 3 9 11 15 4 8 12 13
300 295 5 1 5 7 6 2 0 10 14 3 9 11 15 4 8 12 13
301 296 5 1 5 7 6 2 9 10 14 3 0 11 15 4 8 12 13
303 297 6 1 5 7 6 2 9 10 14 3 11 0 15 4 8 12 13
303 297 6 1 5 7 6 2 9 10 14 0 3 11 15 4 8 12 13
303 297 6 1 5 7 6 2 9 10 14 3 8 11 15 4 0 12 13
302 296 6 1 5 7 6 2 10 0 14 3 9 11 15 4 8 12 13
303 297 6 1 5 0 6 2 10 7 14 3 9 11 15 4 8 12 13
304 298 6 1 5 6 0 2 10 7 14 3 9 11 15 4 8 12 13
304 300 4 1 5 6 13 2 10 7 14 3 9 11 15 4 8 12 0
309 303 6 1 5 6 13 2 10 7 14 3 9 0 15 4 8 12 11
310 304 6 1 5 6 13 2 10 7 14 3 0 9 15 4 8 12 11
311 305 6 1 5 6 13 2 0 7 14 3 10 9 15 4 8 12 11
312 306 6 1 5 6 13 2 7 0 14 3 10 9 15 4 8 12 11
313 307 6 1 5 6 13 2 7 9 14 3 10 0 15 4 8 12 11
314 308 6 1 5 6 13 2 7 9 14 3 0 10 15 4 8 12 11
314 309 5 1 5 6 13 2 0 9 14 3 7 10 15 4 8 12 11
315 310 5 1 5 6 13 2 9 0 14 3 7 10 15 4 8 12 11
315 311 4 1 5 6 13 2 9 10 14 3 7 0 15 4 8 12 11
317 312 5 1 5 6 13 2 9 10 14 3 7 15 0 4 8 12 11
317 313 4 1 5 6 13 2 9 10 14 3 7 15 11 4 8 12 0
321 316 5 1 5 6 13 2 9 10 14 3 7 0 11 4 8 12 15
321 317 4 1 5 6 13 2 9 10 14 3 7 11 0 4 8 12 15
320 318 2 1 5 6 13 2 9 10 14 3 7 11 15 4 8 12 0
325 321 4 0 5 6 13 2 9 10 14 3 7 11 15 4 8 12 1
328 324 4 9 5 6 13 2 0 10 14 3 7 11 15 4 8 12 1
324 320 4 1 5 6 0 2 9 10 14 3 7 11 15 4 8 12 13
325 321 4 1 5 0 6 2 9 10 14 3 7 11 15 4 8 12 13
324 320 4 1 5 6 13 2 9 10 14 3 7 11 15 0 8 12 4
323 319 4 1 5 6 13 2 9 10 14 3 7 11 15 4 8 0 12
325 320 5 1 5 6 13 2 9 10 14 3 7 11 15 4 0 8 12
328 323 5 13 5 6 0 2 9 10 14 3 7 11 15 4 8 12 1
329 325 4 13 5 6 1 2 9 10 14 3 7 11 15 4 8 12 0
329 324 5 13 5 0 6 2 9 10 14 3 7 11 15 4 8 12 1
325 320 5 1 5 6 13 2 9 10 14 3 7 0 15 4 8 11 12
323 318 5 1 5 6 13 2 9 10 0 3 7 11 14 4 8 12 15
316 311 5 1 5 0 13 2 9 6 14 3 7 10 15 4 8 12 11
317 312 5 1 5 6 13 2 9 10 14 3 0 7 15 4 8 12 11
318 313 5 1 5 6 13 2 0 10 14 3 9 7 15 4 8 12 11
317 312 5 1 5 6 13 2 9 10 14 3 7 12 15 4 8 0 11
317 313 4 1 5 6 13 2 9 10 14 3 7 12 15 4 8 11 0
328 323 5 1 5 6 13 2 9 10 14 3 0 11 15 7 8 12 4
329 324 5 1 5 6 13 2 0 10 14 3 9 11 15 7 8 12 4
327 322 5 2 5 6 13 0 9 10 14 3 7 11 15 4 8 12 1
328 323 5 2 5 6 13 9 0 10 14 3 7 11 15 4 8 12 1
327 322 5 5 0 6 13 2 9 10 14 3 7 11 15 4 8 12 1
328 323 5 5 6 0 13 2 9 10 14 3 7 11 15 4 8 12 1
328 323 5 5 9 6 13 2 0 10 14 3 7 11 15 4 8 12 1
330 325 5 9 0 6 13 2 5 10 14 3 7 11 15 4 8 12 1
331 326 5 9 6 0 13 2 5 10 14 3 7 11 15 4 8 12 1
331 326 5 0 9 6 13 2 5 10 14 3 7 11 15 4 8 12 1
332 329 3 1 9 6 13 2 5 10 14 3 7 11 15 4 8 12 0
337 332 5 1 9 6 13 2 5 10 14 3 7 0 15 4 8 12 11
336 331 5 1 9 6 0 2 5 10 14 3 7 11 15 4 8 12 13
337 332 5 1 9 0 6 2 5 10 14 3 7 11 15 4 8 12 13
337 333 4 1 0 9 6 2 5 10 14 3 7 11 15 4 8 12 13
337 334 3 1 5 9 6 2 0 10 14 3 7 11 15 4 8 12 13
339 335 4 1 5 9 6 2 10 0 14 3 7 11 15 4 8 12 13
339 335 4 1 5 9 6 0 2 10 14 3 7 11 15 4 8 12 13
339 335 4 1 5 9 6 2 7 10 14 3 0 11 15 4 8 12 13
341 336 5 1 5 9 6 2 7 10 14 3 11 0 15 4 8 12 13
341 336 5 1 5 9 6 2 7 10 14 0 3 11 15 4 8 12 13
341 336 5 1 5 9 6 2 7 10 14 3 8 11 15 4 0 12 13
341 336 5 1 5 9 6 3 2 10 14 0 7 11 15 4 8 12 13
341 336 5 1 5 9 6 2 10 14 0 3 7 11 15 4 8 12 13
342 337 5 1 5 9 0 2 10 14 6 3 7 11 15 4 8 12 13
342 339 3 1 5 9 13 2 10 14 6 3 7 11 15 4 8 12 0
347 342 5 1 5 9 13 2 10 14 6 3 7 0 15 4 8 12 11
348 343 5 1 5 9 13 2 10 0 6 3 7 14 15 4 8 12 11
348 344 4 1 5 9 13 2 0 10 6 3 7 14 15 4 8 12 11
350 345 5 1 5 9 13 0 2 10 6 3 7 14 15 4 8 12 11
350 345 5 1 5 9 13 2 7 10 6 3 0 14 15 4 8 12 11
351 346 5 1 5 9 13 2 7 10 6 3 14 0 15 4 8 12 11
350 345 5 1 0 9 13 2 5 10 6 3 7 14 15 4 8 12 11
349 344 5 1 5 9 13 2 10 6 0 3 7 14 15 4 8 12 11
347 342 5 0 5 9 13 2 10 14 6 3 7 11 15 4 8 12 1
350 345 5 10 5 9 13 2 0 14 6 3 7 11 15 4 8 12 1
351 346 5 10 5 9 13 2 14 0 6 3 7 11 15 4 8 12 1
352 347 5 10 5 9 13 2 14 6 0 3 7 11 15 4 8 12 1
346 341 5 1 5 9 13 2 10 14 6 3 7 11 15 0 8 12 4
345 340 5 1 5 9 13 2 10 14 6 3 7 11 15 4 8 0 12
345 340 5 1 5 9 13 2 10 14 6 3 7 11 0 4 8 12 15
346 341 5 1 5 9 13 2 10 14 0 3 7 11 6 4 8 12 15
346 342 4 1 5 9 13 2 10 0 14 3 7 11 6 4 8 12 15
346 343 3 1 5 9 13 2 0 10 14 3 7 11 6 4 8 12 15
348 344 4 1 5 9 13 0 2 10 14 3 7 11 6 4 8 12 15
348 344 4 1 5 9 13 2 7 10 14 3 0 11 6 4 8 12 15
348 344 4 1 0 9 13 2 5 10 14 3 7 11 6 4 8 12 15
350 345 5 1 9 0 13 2 5 10 14 3 7 11 6 4 8 12 15
350 345 5 0 1 9 13 2 5 10 14 3 7 11 6 4 8 12 15
352 348 4 15 1 9 13 2 5 10 14 3 7 11 6 4 8 12 0
354 349 5 15 1 9 13 2 5 10 14 3 7 11 0 4 8 12 6
353 348 5 5 1 9 13 2 0 10 14 3 7 11 6 4 8 12 15
354 349 5 5 0 9 13 2 1 10 14 3 7 11 6 4 8 12 15
354 350 4 0 5 9 13 2 1 10 14 3 7 11 6 4 8 12 15
356 353 3 15 5 9 13 2 1 10 14 3 7 11 6 4 8 12 0
358 354 4 15 5 9 13 2 1 10 14 3 7 11 0 4 8 12 6
360 355 5 15 5 9 13 2 1 10 14 3 7 0 11 4 8 12 6
360 355 5 15 5 9 13 2 1 10 0 3 7 11 14 4 8 12 6
361 356 5 15 5 9 13 2 1 10 14 3 7 0 6 4 8 12 11
362 357 5 15 5 9 13 2 1 10 14 3 7 6 0 4 8 12 11
362 358 4 15 5 9 13 2 1 10 14 3 7 6 11 4 8 12 0
366 361 5 0 5 9 13 2 1 10 14 3 7 6 11 4 8 12 15
368 364 4 1 5 9 13 2 0 10 14 3 7 6 11 4 8 12 15
370 365 5 1 5 9 13 2 10 0 14 3 7 6 11 4 8 12 15
371 366 5 1 5 9 13 2 10 6 14 3 7 0 11 4 8 12 15
371 367 4 1 5 9 13 2 10 6 14 3 7 11 0 4 8 12 15
370 368 2 1 5 9 13 2 10 6 14 3 7 11 15 4 8 12 0
375 371 4 1 5 9 13 2 10 6 14 3 7 0 15 4 8 12 11
376 372 4 1 5 9 13 2 10 0 14 3 7 6 15 4 8 12 11
376 373 3 1 5 9 13 2 0 10 14 3 7 6 15 4 8 12 11
378 374 4 1 5 9 13 0 2 10 14 3 7 6 15 4 8 12 11
378 374 4 1 5 9 13 2 7 10 14 3 0 6 15 4 8 12 11
379 375 4 1 5 9 13 2 7 10 14 3 6 0 15 4 8 12 11
378 374 4 1 0 9 13 2 5 10 14 3 7 6 15 4 8 12 11
375 371 4 0 5 9 13 2 10 6 14 3 7 11 15 4 8 12 1
378 374 4 10 5 9 13 2 0 6 14 3 7 11 15 4 8 12 1
378 375 3 10 5 9 13 2 6 0 14 3 7 11 15 4 8 12 1
380 376 4 10 5 9 13 2 6 14 0 3 7 11 15 4 8 12 1
380 376 4 10 5 9 13 2 6 11 14 3 7 0 15 4 8 12 1
380 376 4 10 5 0 13 2 6 9 14 3 7 11 15 4 8 12 1
374 370 4 1 5 9 0 2 10 6 14 3 7 11 15 4 8 12 13
374 370 4 1 5 9 13 2 10 6 14 3 7 11 15 0 8 12 4
373 369 4 1 5 9 13 2 10 6 14 3 7 11 15 4 8 0 12
375 370 5 1 5 9 13 2 10 6 14 3 7 11 15 4 0 8 12
375 370 5 1 5 9 13 2 10 6 14 3 7 0 15 4 8 11 12
376 371 5 1 5 9 13 2 10 0 14 3 7 6 15 4 8 11 12
376 372 4 1 5 9 13 2 0 10 14 3 7 6 15 4 8 11 12
378 373 5 1 5 9 13 0 2 10 14 3 7 6 15 4 8 11 12
378 373 5 1 5 9 13 2 7 10 14 3 0 6 15 4 8 11 12
379 374 5 1 5 9 13 2 7 10 14 3 6 0 15 4 8 11 12
379 375 4 1 5 9 13 2 7 10 14 3 6 11 15 4 8 0 12
378 376 2 1 5 9 13 2 7 10 14 3 6 11 15 4 8 12 0
383 379 4 0 5 9 13 2 7 10 14 3 6 11 15 4 8 12 1
386 382 4 7 5 9 13 2 0 10 14 3 6 11 15 4 8 12 1
386 383 3 7 5 9 13 2 6 10 14 3 0 11 15 4 8 12 1
388 384 4 7 5 9 13 2 6 10 14 3 11 0 15 4 8 12 1
388 384 4 7 5 9 13 2 6 10 14 0 3 11 15 4 8 12 1
388 384 4 7 5 9 13 2 6 10 14 3 8 11 15 4 0 12 1
382 378 4 1 5 9 0 2 7 10 14 3 6 11 15 4 8 12 13
382 378 4 1 5 9 13 2 7 10 14 3 6 11 15 0 8 12 4
385 381 4 1 5 9 13 2 7 10 14 3 0 11 15 6 8 12 4
385 382 3 1 5 9 13 2 0 10 14 3 7 11 15 6 8 12 4
387 383 4 1 5 9 13 2 10 0 14 3 7 11 15 6 8 12 4
387 383 4 1 5 9 13 0 2 10 14 3 7 11 15 6 8 12 4
387 383 4 1 0 9 13 2 5 10 14 3 7 11 15 6 8 12 4
381 377 4 1 5 9 13 2 7 10 14 3 6 11 0 4 8 12 15
383 378 5 1 5 9 13 2 7 10 14 3 6 0 11 4 8 12 15
383 378 5 1 5 9 13 2 7 10 0 3 6 11 14 4 8 12 15
376 371 5 1 5 0 9 2 10 6 14 3 7 11 15 4 8 12 13
377 372 5 1 5 6 9 2 10 0 14 3 7 11 15 4 8 12 13
377 373 4 1 5 6 9 2 0 10 14 3 7 11 15 4 8 12 13
379 374 5 1 5 6 9 0 2 10 14 3 7 11 15 4 8 12 13
379 374 5 1 5 6 9 2 7 10 14 3 0 11 15 4 8 12 13
379 374 5 1 0 6 9 2 5 10 14 3 7 11 15 4 8 12 13
380 375 5 1 6 0 9 2 5 10 14 3 7 11 15 4 8 12 13
380 376 4 1 6 9 0 2 5 10 14 3 7 11 15 4 8 12 13
380 378 2 1 6 9 13 2 5 10 14 3 7 11 15 4 8 12 0
385 381 4 1 6 9 13 2 5 10 14 3 7 0 15 4 8 12 11
385 381 4 0 6 9 13 2 5 10 14 3 7 11 15 4 8 12 1
388 384 4 5 6 9 13 2 0 10 14 3 7 11 15 4 8 12 1
388 385 3 5 0 9 13 2 6 10 14 3 7 11 15 4 8 12 1
388 386 2 0 5 9 13 2 6 10 14 3 7 11 15 4 8 12 1
389 389 0 1 5 9 13 2 6 10 14 3 7 11 15 4 8 12 0
