0 0 0 6 14 0 12 7 13 10 1 9 5 2 11 15 4 3 8
16 1 15 6 14 12 0 7 13 10 1 9 5 2 11 15 4 3 8
17 3 14 6 14 12 8 7 13 10 1 9 5 2 11 15 4 3 0
21 6 15 6 14 12 8 7 13 10 1 9 5 0 11 15 4 3 2
21 7 14 6 14 12 8 7 13 10 1 9 5 11 0 15 4 3 2
21 8 13 6 14 12 8 7 13 10 1 9 5 11 2 15 4 3 0
25 11 14 0 14 12 8 7 13 10 1 9 5 11 2 15 4 3 6
28 14 14 13 14 12 8 7 0 10 1 9 5 11 2 15 4 3 6
29 15 14 13 14 12 8 7 10 0 1 9 5 11 2 15 4 3 6
30 16 14 13 14 12 8 7 10 1 0 9 5 11 2 15 4 3 6
30 17 13 13 14 12 0 7 10 1 8 9 5 11 2 15 4 3 6
31 19 12 13 14 12 6 7 10 1 8 9 5 11 2 15 4 3 0
35 22 13 0 14 12 6 7 10 1 8 9 5 11 2 15 4 3 13
38 25 13 10 14 12 6 7 0 1 8 9 5 11 2 15 4 3 13
39 26 13 10 14 12 6 7 1 0 8 9 5 11 2 15 4 3 13
40 27 13 10 14 0 6 7 1 12 8 9 5 11 2 15 4 3 13
41 28 13 10 14 6 0 7 1 12 8 9 5 11 2 15 4 3 13
42 30 12 10 14 6 13 7 1 12 8 9 5 11 2 15 4 3 0
46 33 13 0 14 6 13 7 1 12 8 9 5 11 2 15 4 3 10
48 36 12 1 14 6 13 7 0 12 8 9 5 11 2 15 4 3 10
49 37 12 1 14 6 13 7 12 0 8 9 5 11 2 15 4 3 10
50 38 12 1 14 0 13 7 12 6 8 9 5 11 2 15 4 3 10
51 39 12 1 14 13 0 7 12 6 8 9 5 11 2 15 4 3 10
52 41 11 1 14 13 10 7 12 6 8 9 5 11 2 15 4 3 0
55 43 12 1 14 13 10 7 12 6 8 9 5 11 2 0 4 3 15
58 46 12 1 14 13 10 7 12 6 8 9 0 11 2 5 4 3 15
59 47 12 1 14 13 10 7 12 6 8 9 4 11 2 5 0 3 15
60 48 12 1 14 13 10 7 12 6 8 9 4 11 2 5 3 0 15
59 49 10 1 14 13 10 7 12 6 8 9 4 11 2 5 3 15 0
62 51 11 1 14 13 0 7 12 6 8 9 4 11 2 5 3 15 10
65 54 11 1 14 13 6 7 12 0 8 9 4 11 2 5 3 15 10
66 55 11 1 14 13 6 7 0 12 8 9 4 11 2 5 3 15 10
67 56 11 1 14 13 6 0 7 12 8 9 4 11 2 5 3 15 10
61 50 11 1 14 13 10 7 12 6 8 9 4 11 0 5 3 15 2
67 56 11 1 14 13 6 7 4 12 8 9 0 11 2 5 3 15 10
68 57 11 1 14 13 6 7 4 12 8 9 3 11 2 5 0 15 10
69 58 11 1 14 13 6 7 4 12 8 9 3 11 2 0 5 15 10
70 60 10 1 14 13 6 7 4 12 8 9 3 11 2 10 5 15 0
73 62 11 1 14 13 0 7 4 12 8 9 3 11 2 10 5 15 6
76 65 11 1 14 13 12 7 4 0 8 9 3 11 2 10 5 15 6
77 66 11 1 14 13 12 7 0 4 8 9 3 11 2 10 5 15 6
78 67 11 1 14 13 12 0 7 4 8 9 3 11 2 10 5 15 6
78 67 11 1 14 13 12 7 3 4 8 9 0 11 2 10 5 15 6
79 68 11 1 14 13 12 7 3 4 8 9 5 11 2 10 0 15 6
80 69 11 1 14 13 12 7 3 4 8 9 5 11 2 0 10 15 6
81 71 10 1 14 13 12 7 3 4 8 9 5 11 2 6 10 15 0
84 73 11 1 14 13 0 7 3 4 8 9 5 11 2 6 10 15 12
86 76 10 1 14 13 4 7 3 0 8 9 5 11 2 6 10 15 12
87 77 10 1 14 13 4 7 0 3 8 9 5 11 2 6 10 15 12
88 78 10 1 14 13 4 0 7 3 8 9 5 11 2 6 10 15 12
88 78 10 1 14 13 4 7 5 3 8 9 0 11 2 6 10 15 12
88 79 9 1 14 13 4 7 5 3 8 9 10 11 2 6 0 15 12
89 80 9 1 14 13 4 7 5 3 8 9 10 11 2 0 6 15 12
90 82 8 1 14 13 4 7 5 3 8 9 10 11 2 12 6 15 0
92 83 9 1 14 13 4 7 5 3 8 9 10 11 0 12 6 15 2
94 84 10 1 14 13 4 7 5 3 8 9 10 0 11 12 6 15 2
95 85 10 1 14 13 4 7 5 0 8 9 10 3 11 12 6 15 2
96 86 10 1 14 13 4 7 0 5 8 9 10 3 11 12 6 15 2
97 87 10 1 14 13 4 0 7 5 8 9 10 3 11 12 6 15 2
97 87 10 1 0 13 4 7 14 5 8 9 10 3 11 12 6 15 2
98 88 10 1 13 0 4 7 14 5 8 9 10 3 11 12 6 15 2
99 89 10 1 13 5 4 7 14 0 8 9 10 3 11 12 6 15 2
100 90 10 1 13 5 4 7 0 14 8 9 10 3 11 12 6 15 2
101 91 10 1 13 5 4 0 7 14 8 9 10 3 11 12 6 15 2
101 91 10 1 0 5 4 7 13 14 8 9 10 3 11 12 6 15 2
102 92 10 1 5 0 4 7 13 14 8 9 10 3 11 12 6 15 2
103 93 10 1 5 14 4 7 13 0 8 9 10 3 11 12 6 15 2
104 94 10 1 5 14 4 7 0 13 8 9 10 3 11 12 6 15 2
105 95 10 1 5 14 4 0 7 13 8 9 10 3 11 12 6 15 2
105 95 10 1 0 14 4 7 5 13 8 9 10 3 11 12 6 15 2
93 83 10 1 14 13 0 7 5 3 8 9 10 11 2 4 6 15 12
94 85 9 1 14 13 12 7 5 3 8 9 10 11 2 4 6 15 0
97 87 10 1 14 13 12 7 5 3 8 9 10 11 2 0 6 15 4
98 88 10 1 14 13 12 7 5 3 8 9 10 11 2 6 0 15 4
96 86 10 1 14 13 12 7 5 3 8 9 10 11 0 4 6 15 2
94 84 10 1 14 13 4 7 5 3 0 9 10 11 8 12 6 15 2
95 85 10 1 14 13 4 7 5 0 3 9 10 11 8 12 6 15 2
96 86 10 1 14 13 4 7 0 5 3 9 10 11 8 12 6 15 2
97 87 10 1 14 13 4 0 7 5 3 9 10 11 8 12 6 15 2
97 87 10 1 0 13 4 7 14 5 3 9 10 11 8 12 6 15 2
98 88 10 1 13 0 4 7 14 5 3 9 10 11 8 12 6 15 2
99 89 10 1 13 5 4 7 14 0 3 9 10 11 8 12 6 15 2
100 90 10 1 13 5 4 7 14 3 0 9 10 11 8 12 6 15 2
100 91 9 1 13 5 4 7 14 3 8 9 10 11 0 12 6 15 2
100 92 8 1 13 5 4 7 14 3 8 9 10 11 2 12 6 15 0
103 94 9 1 13 5 4 7 14 3 8 9 10 11 2 0 6 15 12
104 95 9 1 13 5 4 7 14 3 8 9 10 11 2 6 0 15 12
106 96 10 1 13 5 4 7 14 3 8 9 10 11 2 6 15 0 12
106 97 9 1 13 5 4 7 14 3 8 9 10 11 2 6 15 12 0
109 99 10 1 13 5 4 7 14 3 8 9 10 11 2 0 15 12 6
110 100 10 1 13 5 4 7 14 3 8 9 10 11 2 15 0 12 6
111 101 10 1 13 5 4 7 14 3 8 9 10 11 2 15 12 0 6
111 102 9 1 13 5 4 7 14 3 8 9 10 11 2 15 12 6 0
114 104 10 1 13 5 4 7 14 3 8 9 10 11 2 0 12 6 15
115 105 10 1 13 5 4 7 14 3 8 9 10 11 2 12 0 6 15
96 86 10 1 14 13 3 7 5 0 8 9 10 11 2 4 6 15 12
97 87 10 1 14 13 3 7 0 5 8 9 10 11 2 4 6 15 12
98 88 10 1 14 13 3 0 7 5 8 9 10 11 2 4 6 15 12
100 90 10 1 13 5 4 7 14 3 8 9 10 0 11 12 6 15 2
95 85 10 0 14 13 4 7 5 3 8 9 10 11 2 12 6 15 1
98 88 10 5 14 13 4 7 0 3 8 9 10 11 2 12 6 15 1
99 89 10 5 14 13 4 7 3 0 8 9 10 11 2 12 6 15 1
100 90 10 5 14 0 4 7 3 13 8 9 10 11 2 12 6 15 1
101 91 10 5 0 14 4 7 3 13 8 9 10 11 2 12 6 15 1
102 92 10 0 5 14 4 7 3 13 8 9 10 11 2 12 6 15 1
103 95 8 1 5 14 4 7 3 13 8 9 10 11 2 12 6 15 0
106 97 9 1 5 14 4 7 3 13 8 9 10 11 2 0 6 15 12
107 98 9 1 5 14 4 7 3 13 8 9 10 11 2 6 0 15 12
105 96 9 1 5 14 4 7 3 13 8 9 10 11 0 12 6 15 2
107 97 10 1 5 14 4 7 3 13 8 9 10 0 11 12 6 15 2
108 98 10 1 5 14 4 7 3 0 8 9 10 13 11 12 6 15 2
109 99 10 1 5 14 4 7 0 3 8 9 10 13 11 12 6 15 2
110 100 10 1 5 14 4 0 7 3 8 9 10 13 11 12 6 15 2
110 100 10 1 0 14 4 7 5 3 8 9 10 13 11 12 6 15 2
111 101 10 1 14 0 4 7 5 3 8 9 10 13 11 12 6 15 2
111 102 9 1 14 3 4 7 5 0 8 9 10 13 11 12 6 15 2
112 103 9 1 14 3 4 7 0 5 8 9 10 13 11 12 6 15 2
113 104 9 1 14 3 4 0 7 5 8 9 10 13 11 12 6 15 2
113 104 9 1 0 3 4 7 14 5 8 9 10 13 11 12 6 15 2
112 103 9 1 14 3 4 7 5 13 8 9 10 0 11 12 6 15 2
112 104 8 1 14 3 4 7 5 13 8 9 10 11 0 12 6 15 2
112 105 7 1 14 3 4 7 5 13 8 9 10 11 2 12 6 15 0
115 107 8 1 14 3 4 7 5 13 8 9 10 11 2 0 6 15 12
116 108 8 1 14 3 4 7 5 13 8 9 10 11 2 6 0 15 12
118 109 9 1 14 3 4 7 5 13 8 9 10 11 2 6 15 0 12
118 110 8 1 14 3 4 7 5 13 8 9 10 11 2 6 15 12 0
121 112 9 1 14 3 4 7 5 13 8 9 10 11 2 0 15 12 6
122 113 9 1 14 3 4 7 5 13 8 9 10 11 2 15 0 12 6
123 114 9 1 14 3 4 7 5 13 8 9 10 11 2 15 12 0 6
123 115 8 1 14 3 4 7 5 13 8 9 10 11 2 15 12 6 0
126 117 9 1 14 3 4 7 5 13 8 9 10 11 2 0 12 6 15
127 118 9 1 14 3 4 7 5 13 8 9 10 11 2 12 0 6 15
125 116 9 1 14 3 4 7 5 13 8 9 10 11 0 15 12 6 2
120 111 9 1 14 3 4 7 5 13 8 9 10 11 0 6 15 12 2
119 110 9 1 14 3 4 7 5 13 8 9 0 11 2 10 6 15 12
120 111 9 1 14 3 4 7 5 13 8 9 6 11 2 10 0 15 12
121 112 9 1 14 3 4 7 5 13 8 9 6 11 2 0 10 15 12
122 114 8 1 14 3 4 7 5 13 8 9 6 11 2 12 10 15 0
124 115 9 1 14 3 4 7 5 13 8 9 6 11 0 12 10 15 2
120 111 9 1 14 3 4 7 0 13 8 9 5 11 2 10 6 15 12
121 112 9 1 14 3 4 7 13 0 8 9 5 11 2 10 6 15 12
121 112 9 1 14 3 4 0 7 13 8 9 5 11 2 10 6 15 12
121 112 9 1 0 3 4 7 14 13 8 9 5 11 2 10 6 15 12
118 109 9 0 14 3 4 7 5 13 8 9 10 11 2 1 6 15 12
120 112 8 12 14 3 4 7 5 13 8 9 10 11 2 1 6 15 0
123 114 9 12 14 3 4 7 5 13 8 9 10 11 2 0 6 15 1
124 115 9 12 14 3 4 7 5 13 8 9 10 11 2 6 0 15 1
122 113 9 12 14 3 4 7 5 13 8 9 10 11 0 1 6 15 2
119 110 9 14 0 3 4 7 5 13 8 9 10 11 2 1 6 15 12
120 111 9 14 5 3 4 7 0 13 8 9 10 11 2 1 6 15 12
121 112 9 14 5 3 4 7 13 0 8 9 10 11 2 1 6 15 12
121 112 9 14 5 3 4 0 7 13 8 9 10 11 2 1 6 15 12
117 108 9 0 14 3 4 7 5 13 8 9 10 11 2 12 6 15 1
120 111 9 5 14 3 4 7 0 13 8 9 10 11 2 12 6 15 1
121 112 9 5 14 3 4 7 13 0 8 9 10 11 2 12 6 15 1
119 110 9 7 14 3 4 0 5 13 8 9 10 11 2 1 6 15 12
119 111 8 7 14 3 4 5 0 13 8 9 10 11 2 1 6 15 12
120 112 8 7 14 3 4 5 13 0 8 9 10 11 2 1 6 15 12
120 112 8 7 0 3 4 5 14 13 8 9 10 11 2 1 6 15 12
121 113 8 0 7 3 4 5 14 13 8 9 10 11 2 1 6 15 12
123 116 7 12 7 3 4 5 14 13 8 9 10 11 2 1 6 15 0
122 115 7 1 7 3 4 5 14 13 8 9 10 11 2 0 6 15 12
123 117 6 1 7 3 4 5 14 13 8 9 10 11 2 12 6 15 0
125 118 7 1 7 3 4 5 14 13 8 9 10 11 0 12 6 15 2
123 116 7 1 7 3 4 5 14 13 8 9 10 11 2 6 0 15 12
125 117 8 1 7 3 4 5 14 13 8 9 10 11 2 6 15 0 12
125 118 7 1 7 3 4 5 14 13 8 9 10 11 2 6 15 12 0
128 120 8 1 7 3 4 5 14 13 8 9 10 11 2 0 15 12 6
129 121 8 1 7 3 4 5 14 13 8 9 10 11 2 15 0 12 6
130 122 8 1 7 3 4 5 14 13 8 9 10 11 2 15 12 0 6
130 123 7 1 7 3 4 5 14 13 8 9 10 11 2 15 12 6 0
133 125 8 1 7 3 4 5 14 13 8 9 10 11 2 0 12 6 15
134 126 8 1 7 3 4 5 14 13 8 9 10 11 2 12 0 6 15
132 124 8 1 7 3 4 5 14 13 8 9 10 11 0 15 12 6 2
127 119 8 1 7 3 4 5 14 13 8 9 10 11 0 6 15 12 2
125 117 8 1 7 3 4 5 14 13 8 9 0 11 2 6 10 15 12
126 118 8 1 7 3 4 5 0 13 8 9 14 11 2 6 10 15 12
127 119 8 1 7 3 4 5 13 0 8 9 14 11 2 6 10 15 12
125 117 8 12 7 3 4 5 14 13 8 9 10 11 0 1 6 15 2
128 120 8 0 7 3 4 5 14 13 8 9 10 11 2 12 6 15 1
131 123 8 14 7 3 4 5 0 13 8 9 10 11 2 12 6 15 1
132 124 8 14 7 3 4 5 13 0 8 9 10 11 2 12 6 15 1
126 118 8 1 7 3 0 5 14 13 8 9 10 11 2 4 6 15 12
127 120 7 1 7 3 12 5 14 13 8 9 10 11 2 4 6 15 0
130 122 8 1 7 3 12 5 14 13 8 9 10 11 2 0 6 15 4
131 123 8 1 7 3 12 5 14 13 8 9 10 11 2 6 0 15 4
127 119 8 1 7 3 4 5 14 13 0 9 10 11 8 12 6 15 2
128 120 8 1 7 3 4 5 14 0 13 9 10 11 8 12 6 15 2
129 121 8 1 7 3 4 5 0 14 13 9 10 11 8 12 6 15 2
130 122 8 1 0 3 4 5 7 14 13 9 10 11 8 12 6 15 2
127 119 8 1 7 3 4 5 14 13 8 9 10 0 11 12 6 15 2
128 120 8 1 7 3 4 5 14 0 8 9 10 13 11 12 6 15 2
129 121 8 1 7 3 4 5 0 14 8 9 10 13 11 12 6 15 2
130 122 8 1 0 3 4 5 7 14 8 9 10 13 11 12 6 15 2
124 116 8 14 7 3 4 5 0 13 8 9 10 11 2 1 6 15 12
125 117 8 14 7 3 4 5 13 0 8 9 10 11 2 1 6 15 12
125 117 8 14 0 3 4 5 7 13 8 9 10 11 2 1 6 15 12
126 118 8 0 14 3 4 5 7 13 8 9 10 11 2 1 6 15 12
128 121 7 12 14 3 4 5 7 13 8 9 10 11 2 1 6 15 0
127 120 7 1 14 3 4 5 7 13 8 9 10 11 2 0 6 15 12
128 122 6 1 14 3 4 5 7 13 8 9 10 11 2 12 6 15 0
130 123 7 1 14 3 4 5 7 13 8 9 10 11 0 12 6 15 2
128 121 7 1 14 3 4 5 7 13 8 9 10 11 2 6 0 15 12
130 122 8 1 14 3 4 5 7 13 8 9 10 11 2 6 15 0 12
130 123 7 1 14 3 4 5 7 13 8 9 10 11 2 6 15 12 0
133 125 8 1 14 3 4 5 7 13 8 9 10 11 2 0 15 12 6
134 126 8 1 14 3 4 5 7 13 8 9 10 11 2 15 0 12 6
135 127 8 1 14 3 4 5 7 13 8 9 10 11 2 15 12 0 6
135 128 7 1 14 3 4 5 7 13 8 9 10 11 2 15 12 6 0
138 130 8 1 14 3 4 5 7 13 8 9 10 11 2 0 12 6 15
139 131 8 1 14 3 4 5 7 13 8 9 10 11 2 12 0 6 15
137 129 8 1 14 3 4 5 7 13 8 9 10 11 0 15 12 6 2
132 124 8 14 0 3 4 5 7 13 8 9 10 11 2 12 6 15 1
126 118 8 12 7 3 4 5 14 13 8 9 10 11 2 0 6 15 1
127 119 8 12 7 3 4 5 14 13 8 9 10 11 2 6 0 15 1
128 120 8 1 7 3 4 5 14 13 8 9 10 0 2 12 6 15 11
129 121 8 1 7 3 4 5 14 13 8 9 10 2 0 12 6 15 11
129 122 7 1 7 3 4 5 14 13 8 9 10 2 11 12 6 15 0
132 124 8 1 7 3 4 5 14 13 8 9 10 2 11 0 6 15 12
133 125 8 1 7 3 4 5 14 13 8 9 10 2 11 6 0 15 12
129 121 8 1 7 3 4 5 14 0 8 9 10 13 2 12 6 15 11
130 122 8 1 7 3 4 5 0 14 8 9 10 13 2 12 6 15 11
131 123 8 1 0 3 4 5 7 14 8 9 10 13 2 12 6 15 11
129 121 8 7 0 3 4 5 14 13 8 9 10 11 2 12 6 15 1
130 122 8 7 14 3 4 5 0 13 8 9 10 11 2 12 6 15 1
131 123 8 7 14 3 4 5 13 0 8 9 10 11 2 12 6 15 1
131 123 8 1 14 3 4 5 7 13 8 9 0 11 2 10 6 15 12
132 124 8 1 14 3 4 5 7 13 8 9 6 11 2 10 0 15 12
133 125 8 1 14 3 4 5 7 13 8 9 6 11 2 0 10 15 12
134 127 7 1 14 3 4 5 7 13 8 9 6 11 2 12 10 15 0
136 128 8 1 14 3 4 5 7 13 8 9 6 11 0 12 10 15 2
132 124 8 1 14 3 4 5 0 13 8 9 7 11 2 10 6 15 12
133 125 8 1 14 3 4 5 13 0 8 9 7 11 2 10 6 15 12
133 125 8 1 0 3 4 5 14 13 8 9 7 11 2 10 6 15 12
131 123 8 1 14 3 0 5 7 13 8 9 10 11 2 4 6 15 12
132 125 7 1 14 3 12 5 7 13 8 9 10 11 2 4 6 15 0
135 127 8 1 14 3 12 5 7 13 8 9 10 11 2 0 6 15 4
136 128 8 1 14 3 12 5 7 13 8 9 10 11 2 6 0 15 4
134 126 8 1 14 3 12 5 7 13 8 9 10 11 0 4 6 15 2
134 126 8 1 14 3 13 5 7 0 8 9 10 11 2 4 6 15 12
134 127 7 1 14 3 13 5 0 7 8 9 10 11 2 4 6 15 12
135 128 7 1 0 3 13 5 14 7 8 9 10 11 2 4 6 15 12
137 129 8 1 3 0 13 5 14 7 8 9 10 11 2 4 6 15 12
138 130 8 1 3 13 0 5 14 7 8 9 10 11 2 4 6 15 12
140 133 7 1 3 13 4 5 14 7 8 9 10 11 2 0 6 15 12
141 135 6 1 3 13 4 5 14 7 8 9 10 11 2 12 6 15 0
143 136 7 1 3 13 4 5 14 7 8 9 10 11 0 12 6 15 2
141 134 7 1 3 13 4 5 14 7 8 9 10 11 2 6 0 15 12
139 132 7 1 3 13 12 5 14 7 8 9 10 11 2 4 6 15 0
142 134 8 1 3 13 12 5 14 7 8 9 10 11 2 0 6 15 4
143 135 8 1 3 13 12 5 14 7 8 9 10 11 2 6 0 15 4
141 133 8 1 3 13 12 5 14 7 8 9 10 11 0 4 6 15 2
145 137 8 1 3 13 0 5 14 7 8 9 10 11 2 12 6 15 4
146 138 8 1 3 0 13 5 14 7 8 9 10 11 2 12 6 15 4
146 139 7 1 0 3 13 5 14 7 8 9 10 11 2 12 6 15 4
147 140 7 1 14 3 13 5 0 7 8 9 10 11 2 12 6 15 4
149 141 8 1 14 3 13 5 7 0 8 9 10 11 2 12 6 15 4
149 141 8 1 14 3 13 0 5 7 8 9 10 11 2 12 6 15 4
149 141 8 1 14 3 13 5 10 7 8 9 0 11 2 12 6 15 4
150 142 8 1 14 3 13 5 10 7 8 9 6 11 2 12 0 15 4
151 143 8 1 14 3 13 5 10 7 8 9 6 11 2 0 12 15 4
153 146 7 1 14 3 0 5 10 7 8 9 6 11 2 13 12 15 4
153 148 5 1 14 3 4 5 10 7 8 9 6 11 2 13 12 15 0
155 149 6 1 14 3 4 5 10 7 8 9 6 11 0 13 12 15 2
157 150 7 1 14 3 4 5 10 7 8 9 6 0 11 13 12 15 2
158 151 7 1 14 3 4 5 10 7 8 9 0 6 11 13 12 15 2
158 152 6 1 14 3 4 5 0 7 8 9 10 6 11 13 12 15 2
159 153 6 1 0 3 4 5 14 7 8 9 10 6 11 13 12 15 2
161 154 7 1 3 0 4 5 14 7 8 9 10 6 11 13 12 15 2
161 154 7 0 1 3 4 5 14 7 8 9 10 6 11 13 12 15 2
163 157 6 2 1 3 4 5 14 7 8 9 10 6 11 13 12 15 0
167 160 7 2 1 3 4 5 14 7 8 9 10 0 11 13 12 15 6
167 161 6 2 1 3 4 5 14 7 8 9 10 11 0 13 12 15 6
167 162 5 2 1 3 4 5 14 7 8 9 10 11 6 13 12 15 0
171 165 6 0 1 3 4 5 14 7 8 9 10 11 6 13 12 15 2
171 166 5 1 0 3 4 5 14 7 8 9 10 11 6 13 12 15 2
172 167 5 1 14 3 4 5 0 7 8 9 10 11 6 13 12 15 2
174 168 6 1 14 3 4 5 7 0 8 9 10 11 6 13 12 15 2
174 168 6 1 14 3 4 0 5 7 8 9 10 11 6 13 12 15 2
174 168 6 1 14 3 4 5 10 7 8 9 0 11 6 13 12 15 2
175 169 6 1 14 3 4 5 10 7 8 9 12 11 6 13 0 15 2
173 167 6 1 3 0 4 5 14 7 8 9 10 11 6 13 12 15 2
174 168 6 14 1 3 4 5 0 7 8 9 10 11 6 13 12 15 2
175 169 6 14 0 3 4 5 1 7 8 9 10 11 6 13 12 15 2
176 170 6 0 14 3 4 5 1 7 8 9 10 11 6 13 12 15 2
178 173 5 2 14 3 4 5 1 7 8 9 10 11 6 13 12 15 0
180 174 6 2 14 3 4 5 1 7 8 9 10 11 0 13 12 15 6
182 175 7 2 14 3 4 5 1 7 8 9 10 0 11 13 12 15 6
182 175 7 2 14 3 4 5 1 7 0 9 10 11 8 13 12 15 6
177 170 7 14 3 0 4 5 1 7 8 9 10 11 6 13 12 15 2
183 176 7 2 14 3 4 5 1 7 8 9 10 0 6 13 12 15 11
184 177 7 2 14 3 4 5 1 7 8 9 10 6 0 13 12 15 11
184 178 6 2 14 3 4 5 1 7 8 9 10 6 11 13 12 15 0
188 181 7 0 14 3 4 5 1 7 8 9 10 6 11 13 12 15 2
189 182 7 14 0 3 4 5 1 7 8 9 10 6 11 13 12 15 2
158 151 7 0 14 3 4 5 10 7 8 9 6 11 2 13 12 15 1
161 154 7 10 14 3 4 5 0 7 8 9 6 11 2 13 12 15 1
161 155 6 10 14 3 4 5 6 7 8 9 0 11 2 13 12 15 1
162 156 6 10 14 3 4 5 6 7 8 9 12 11 2 13 0 15 1
164 157 7 10 14 3 4 5 6 7 8 9 12 11 2 13 15 0 1
164 158 6 10 14 3 4 5 6 7 8 9 12 11 2 13 15 1 0
168 161 7 0 14 3 4 5 6 7 8 9 12 11 2 13 15 1 10
169 162 7 14 0 3 4 5 6 7 8 9 12 11 2 13 15 1 10
166 159 7 10 14 3 4 5 6 7 8 9 12 11 0 13 15 1 2
174 167 7 13 1 3 4 5 14 7 8 9 10 11 6 0 12 15 2
175 169 6 13 1 3 4 5 14 7 8 9 10 11 6 2 12 15 0
179 172 7 0 1 3 4 5 14 7 8 9 10 11 6 2 12 15 13
179 173 6 1 0 3 4 5 14 7 8 9 10 11 6 2 12 15 13
180 174 6 1 14 3 4 5 0 7 8 9 10 11 6 2 12 15 13
182 175 7 1 14 3 4 5 7 0 8 9 10 11 6 2 12 15 13
182 175 7 1 14 3 4 0 5 7 8 9 10 11 6 2 12 15 13
176 169 7 1 14 3 4 5 10 7 8 0 9 11 6 13 12 15 2
176 169 7 1 14 3 4 9 5 7 8 0 10 11 6 13 12 15 2
176 169 7 1 14 3 4 5 7 8 0 9 10 11 6 13 12 15 2
177 170 7 1 14 3 4 5 7 8 6 9 10 11 0 13 12 15 2
177 171 6 1 14 3 4 5 7 8 6 9 10 11 2 13 12 15 0
156 149 7 1 14 3 4 5 10 7 8 9 6 11 2 13 12 0 15
157 150 7 1 14 3 4 5 10 7 8 9 6 11 2 13 0 12 15
158 151 7 1 14 3 4 5 10 7 8 9 0 11 2 13 6 12 15
158 152 6 1 14 3 4 5 0 7 8 9 10 11 2 13 6 12 15
159 153 6 1 0 3 4 5 14 7 8 9 10 11 2 13 6 12 15
161 154 7 1 3 0 4 5 14 7 8 9 10 11 2 13 6 12 15
161 154 7 0 1 3 4 5 14 7 8 9 10 11 2 13 6 12 15
163 157 6 15 1 3 4 5 14 7 8 9 10 11 2 13 6 12 0
165 158 7 15 1 3 4 5 14 7 8 9 10 11 2 13 6 0 12
166 159 7 15 1 3 4 5 14 7 8 9 10 11 2 13 0 6 12
165 158 7 15 1 3 4 5 14 7 8 9 10 11 0 13 6 12 2
179 172 7 4 14 3 0 5 1 7 8 9 10 11 6 13 12 15 2
180 174 6 4 14 3 2 5 1 7 8 9 10 11 6 13 12 15 0
184 177 7 0 14 3 2 5 1 7 8 9 10 11 6 13 12 15 4
186 180 6 1 14 3 2 5 0 7 8 9 10 11 6 13 12 15 4
187 181 6 1 0 3 2 5 14 7 8 9 10 11 6 13 12 15 4
189 182 7 1 3 0 2 5 14 7 8 9 10 11 6 13 12 15 4
190 183 7 1 3 2 0 5 14 7 8 9 10 11 6 13 12 15 4
190 185 5 1 3 2 4 5 14 7 8 9 10 11 6 13 12 15 0
192 186 6 1 3 2 4 5 14 7 8 9 10 11 0 13 12 15 6
194 187 7 1 3 2 4 5 14 7 8 9 10 0 11 13 12 15 6
164 157 7 14 1 3 4 5 0 7 8 9 10 11 2 13 6 12 15
165 158 7 14 0 3 4 5 1 7 8 9 10 11 2 13 6 12 15
166 159 7 0 14 3 4 5 1 7 8 9 10 11 2 13 6 12 15
168 162 6 15 14 3 4 5 1 7 8 9 10 11 2 13 6 12 0
170 163 7 15 14 3 4 5 1 7 8 9 10 11 2 13 6 0 12
171 164 7 15 14 3 4 5 1 7 8 9 10 11 2 13 0 6 12
170 163 7 15 14 3 4 5 1 7 8 9 10 11 0 13 6 12 2
194 187 7 1 3 2 4 5 14 7 0 9 10 11 8 13 12 15 6
162 155 7 10 0 3 4 5 14 7 8 9 6 11 2 13 12 15 1
163 156 7 0 10 3 4 5 14 7 8 9 6 11 2 13 12 15 1
164 159 5 1 10 3 4 5 14 7 8 9 6 11 2 13 12 15 0
166 160 6 1 10 3 4 5 14 7 8 9 6 11 0 13 12 15 2
168 161 7 1 10 3 4 5 14 7 8 9 6 0 11 13 12 15 2
169 162 7 1 10 3 4 5 14 7 8 9 0 6 11 13 12 15 2
170 163 7 1 10 3 4 5 14 7 8 9 12 6 11 13 0 15 2
170 163 7 1 10 3 4 5 0 7 8 9 14 6 11 13 12 15 2
171 164 7 1 0 3 4 5 10 7 8 9 14 6 11 13 12 15 2
168 161 7 1 10 3 4 5 14 7 0 9 6 11 8 13 12 15 2
171 164 7 2 1 3 0 5 14 7 8 9 10 11 6 13 12 15 4
174 167 7 4 1 3 0 5 14 7 8 9 10 11 6 13 12 15 2
175 169 6 4 1 3 2 5 14 7 8 9 10 11 6 13 12 15 0
177 170 7 4 1 3 2 5 14 7 8 9 10 11 0 13 12 15 6
181 174 7 1 3 0 4 5 14 7 8 9 10 11 6 2 12 15 13
182 175 7 14 1 3 4 5 0 7 8 9 10 11 6 2 12 15 13
183 176 7 14 0 3 4 5 1 7 8 9 10 11 6 2 12 15 13
184 177 7 0 14 3 4 5 1 7 8 9 10 11 6 2 12 15 13
186 180 6 13 14 3 4 5 1 7 8 9 10 11 6 2 12 15 0
188 181 7 13 14 3 4 5 1 7 8 9 10 11 0 2 12 15 6
169 162 7 2 1 3 4 5 14 7 0 9 10 11 8 13 12 15 6
175 168 7 1 3 4 0 5 14 7 8 9 10 11 6 13 12 15 2
176 170 6 1 3 4 2 5 14 7 8 9 10 11 6 13 12 15 0
178 171 7 1 3 4 2 5 14 7 8 9 10 11 0 13 12 15 6
160 153 7 1 14 3 4 0 5 7 8 9 10 11 2 13 6 12 15
157 150 7 1 14 3 4 5 10 7 8 9 6 11 2 0 12 15 13
160 153 7 1 14 3 4 5 10 7 8 9 0 11 2 6 12 15 13
160 154 6 1 14 3 4 5 0 7 8 9 10 11 2 6 12 15 13
161 155 6 1 0 3 4 5 14 7 8 9 10 11 2 6 12 15 13
163 156 7 1 3 0 4 5 14 7 8 9 10 11 2 6 12 15 13
176 169 7 14 1 3 4 5 7 0 8 9 10 11 6 13 12 15 2
170 163 7 2 1 3 4 5 14 7 8 9 10 11 6 13 12 0 15
171 164 7 2 1 3 4 5 14 7 8 9 10 11 6 13 0 12 15
177 170 7 1 14 3 4 5 10 7 8 9 12 11 6 0 13 15 2
178 172 6 1 14 3 4 5 10 7 8 9 12 11 6 2 13 15 0
180 173 7 1 14 3 4 5 10 7 8 9 12 11 0 2 13 15 6
182 175 7 2 14 3 4 5 1 7 8 9 10 11 6 0 12 15 13
183 176 7 2 14 3 4 5 1 7 8 9 10 11 6 12 0 15 13
185 178 7 14 0 3 2 5 1 7 8 9 10 11 6 13 12 15 4
186 179 7 14 1 3 2 5 0 7 8 9 10 11 6 13 12 15 4
182 175 7 2 14 3 0 5 1 7 8 9 10 11 6 13 12 15 4
195 188 7 0 3 2 4 5 14 7 8 9 10 11 6 13 12 15 1
198 191 7 14 3 2 4 5 0 7 8 9 10 11 6 13 12 15 1
199 192 7 14 0 2 4 5 3 7 8 9 10 11 6 13 12 15 1
199 193 6 14 2 0 4 5 3 7 8 9 10 11 6 13 12 15 1
201 194 7 14 2 4 0 5 3 7 8 9 10 11 6 13 12 15 1
202 196 6 14 2 4 1 5 3 7 8 9 10 11 6 13 12 15 0
206 199 7 0 2 4 1 5 3 7 8 9 10 11 6 13 12 15 14
207 201 6 1 2 4 0 5 3 7 8 9 10 11 6 13 12 15 14
208 203 5 1 2 4 14 5 3 7 8 9 10 11 6 13 12 15 0
207 202 5 1 2 0 4 5 3 7 8 9 10 11 6 13 12 15 14
209 203 6 1 0 2 4 5 3 7 8 9 10 11 6 13 12 15 14
210 204 6 1 3 2 4 5 0 7 8 9 10 11 6 13 12 15 14
209 203 6 1 2 7 4 5 3 0 8 9 10 11 6 13 12 15 14
210 204 6 1 2 7 4 5 0 3 8 9 10 11 6 13 12 15 14
210 204 6 1 2 4 14 5 3 7 8 9 10 11 0 13 12 15 6
212 205 7 1 2 4 14 5 3 7 8 9 10 0 11 13 12 15 6
164 157 7 10 14 3 4 5 6 7 8 9 12 11 2 0 13 15 1
165 159 6 10 14 3 4 5 6 7 8 9 12 11 2 1 13 15 0
169 162 7 0 14 3 4 5 6 7 8 9 12 11 2 1 13 15 10
170 164 6 1 14 3 4 5 6 7 8 9 12 11 2 0 13 15 10
171 166 5 1 14 3 4 5 6 7 8 9 12 11 2 10 13 15 0
170 165 5 1 14 3 4 5 6 7 8 9 12 11 2 13 0 15 10
171 166 5 1 14 3 4 5 6 7 8 9 0 11 2 13 12 15 10
173 167 6 1 14 3 4 5 6 7 8 9 11 0 2 13 12 15 10
174 168 6 1 14 3 4 5 6 7 8 9 11 2 0 13 12 15 10
174 169 5 1 14 3 4 5 6 7 8 9 11 2 10 13 12 15 0
178 172 6 1 14 3 4 5 6 7 8 9 11 0 10 13 12 15 2
178 173 5 1 14 3 4 5 6 7 8 9 0 11 10 13 12 15 2
179 174 5 1 14 3 4 5 6 7 8 9 12 11 10 13 0 15 2
181 175 6 1 14 3 4 5 6 7 8 9 12 11 10 13 15 0 2
181 176 5 1 14 3 4 5 6 7 8 9 12 11 10 13 15 2 0
183 177 6 1 14 3 4 5 6 7 8 9 12 11 0 13 15 2 10
173 167 6 1 14 3 4 5 0 7 8 9 6 11 2 13 12 15 10
174 168 6 1 0 3 4 5 14 7 8 9 6 11 2 13 12 15 10
181 175 6 1 14 3 4 5 6 7 8 9 12 11 10 0 13 15 2
182 177 5 1 14 3 4 5 6 7 8 9 12 11 10 2 13 15 0
184 178 6 1 14 3 4 5 6 7 8 9 12 11 0 2 13 15 10
184 178 6 1 14 3 4 5 6 7 8 9 0 11 10 12 13 15 2
185 179 6 1 14 3 4 5 6 7 8 9 13 11 10 12 0 15 2
186 180 6 1 14 3 4 5 6 7 8 9 13 11 10 0 12 15 2
187 182 5 1 14 3 4 5 6 7 8 9 13 11 10 2 12 15 0
189 183 6 1 14 3 4 5 6 7 8 9 13 11 0 2 12 15 10
180 174 6 1 14 3 4 5 6 7 8 0 9 11 10 13 12 15 2
173 167 6 1 14 3 4 5 6 7 8 9 0 11 2 12 13 15 10
174 168 6 1 14 3 4 5 6 7 8 9 13 11 2 12 0 15 10
175 169 6 1 14 3 4 5 6 7 8 9 13 11 2 0 12 15 10
176 171 5 1 14 3 4 5 6 7 8 9 13 11 2 10 12 15 0
178 172 6 1 14 3 4 5 6 7 8 9 13 11 0 10 12 15 2
180 174 6 1 14 3 4 5 0 7 8 9 6 11 10 13 12 15 2
181 175 6 1 0 3 4 5 14 7 8 9 6 11 10 13 12 15 2
179 173 6 1 14 3 4 5 6 7 8 9 11 10 0 13 12 15 2
179 174 5 1 14 3 4 5 6 7 8 9 11 10 2 13 12 15 0
172 166 6 1 14 3 4 5 6 7 8 9 12 11 2 13 15 0 10
172 167 5 1 14 3 4 5 6 7 8 9 12 11 2 13 15 10 0
174 168 6 1 14 3 4 5 6 7 8 9 12 11 0 13 15 10 2
173 167 6 1 14 3 4 5 6 7 8 0 9 11 2 13 12 15 10
173 167 6 1 14 3 4 5 6 7 8 9 12 11 0 10 13 15 2
175 168 7 1 14 3 4 5 6 7 8 9 12 0 11 10 13 15 2
176 169 7 1 14 3 4 5 6 7 8 9 0 12 11 10 13 15 2
177 170 7 1 14 3 4 5 6 7 8 9 13 12 11 10 0 15 2
178 171 7 1 14 3 4 5 6 7 8 9 13 12 11 0 10 15 2
180 174 6 1 14 3 4 5 6 7 8 9 0 12 11 13 10 15 2
180 175 5 1 14 3 4 5 6 7 8 9 10 12 11 13 0 15 2
182 176 6 1 14 3 4 5 6 7 8 9 10 12 11 13 15 0 2
182 177 5 1 14 3 4 5 6 7 8 9 10 12 11 13 15 2 0
186 180 6 1 14 3 4 5 6 7 8 9 10 0 11 13 15 2 12
186 181 5 1 14 3 4 5 6 7 8 9 10 11 0 13 15 2 12
185 182 3 1 14 3 4 5 6 7 8 9 10 11 12 13 15 2 0
187 183 4 1 14 3 4 5 6 7 8 9 10 11 12 13 15 0 2
187 184 3 1 14 3 4 5 6 7 8 9 10 11 12 13 0 15 2
189 185 4 1 14 3 4 5 6 7 8 9 10 11 12 0 13 15 2
190 187 3 1 14 3 4 5 6 7 8 9 10 11 12 2 13 15 0
189 185 4 1 14 3 4 5 6 7 8 9 0 11 12 13 10 15 2
191 186 5 1 14 3 4 5 6 7 8 9 11 0 12 13 10 15 2
193 188 5 1 14 3 4 5 6 7 8 9 0 11 12 10 13 15 2
194 189 5 1 14 3 4 5 6 7 8 9 13 11 12 10 0 15 2
195 190 5 1 14 3 4 5 6 7 8 9 13 11 12 0 10 15 2
196 192 4 1 14 3 4 5 6 7 8 9 13 11 12 2 10 15 0
191 186 5 1 14 3 4 5 6 7 8 0 9 11 12 13 10 15 2
191 186 5 1 14 3 4 5 0 7 8 9 6 11 12 13 10 15 2
192 187 5 1 0 3 4 5 14 7 8 9 6 11 12 13 10 15 2
195 190 5 1 14 3 4 5 6 7 8 9 10 0 12 2 13 15 11
189 184 5 1 14 3 4 5 6 7 8 9 10 11 12 0 15 2 13
190 185 5 1 14 3 4 5 6 7 8 9 10 11 12 15 0 2 13
191 186 5 1 14 3 4 5 6 7 8 9 10 11 12 15 2 0 13
191 187 4 1 14 3 4 5 6 7 8 9 10 11 12 15 2 13 0
194 189 5 1 14 3 4 5 6 7 8 9 10 11 12 0 2 13 15
195 190 5 1 14 3 4 5 6 7 8 9 10 11 12 2 0 13 15
189 184 5 1 14 3 0 5 6 7 8 9 10 11 12 13 15 2 4
190 185 5 1 14 3 4 5 6 7 8 9 10 0 12 13 15 2 11
191 186 5 1 14 3 4 5 6 7 8 9 10 2 12 13 15 0 11
191 187 4 1 14 3 4 5 6 7 8 9 10 2 12 13 15 11 0
191 187 4 1 14 3 4 5 6 7 8 9 10 2 12 13 0 15 11
193 188 5 1 14 3 4 5 6 7 8 9 10 2 12 0 13 15 11
194 190 4 1 14 3 4 5 6 7 8 9 10 2 12 11 13 15 0
198 193 5 1 14 3 4 5 6 7 8 9 10 0 12 11 13 15 2
193 188 5 1 14 3 4 5 6 7 8 9 0 2 12 13 10 15 11
194 189 5 1 14 3 4 5 6 7 8 9 2 0 12 13 10 15 11
191 186 5 1 14 3 4 5 6 7 8 0 10 11 12 9 13 15 2
193 188 5 1 14 3 4 5 6 7 8 9 10 11 12 2 13 0 15
189 184 5 1 14 3 4 5 6 7 8 9 10 0 12 13 15 11 2
193 188 5 1 14 3 4 5 6 7 8 9 10 11 0 2 13 15 12
190 185 5 0 14 3 4 5 6 7 8 9 10 11 12 13 15 2 1
191 186 5 14 0 3 4 5 6 7 8 9 10 11 12 13 15 2 1
195 190 5 0 14 3 4 5 6 7 8 9 10 11 12 2 13 15 1
197 192 5 2 14 3 4 5 6 7 8 9 10 11 12 0 13 15 1
198 194 4 2 14 3 4 5 6 7 8 9 10 11 12 1 13 15 0
197 193 4 2 14 3 4 5 6 7 8 9 10 11 12 13 0 15 1
199 194 5 2 14 3 4 5 6 7 8 9 10 11 12 13 15 0 1
199 195 4 2 14 3 4 5 6 7 8 9 10 11 12 13 15 1 0
203 198 5 0 14 3 4 5 6 7 8 9 10 11 12 13 15 1 2
204 199 5 14 0 3 4 5 6 7 8 9 10 11 12 13 15 1 2
199 194 5 2 14 3 4 5 6 7 8 9 0 11 12 13 10 15 1
196 191 5 14 0 3 4 5 6 7 8 9 10 11 12 2 13 15 1
194 189 5 1 14 3 0 5 6 7 8 9 10 11 12 2 13 15 4
197 192 5 1 14 3 2 5 6 7 8 9 10 11 12 0 13 15 4
198 194 4 1 14 3 2 5 6 7 8 9 10 11 12 4 13 15 0
197 193 4 1 14 3 2 5 6 7 8 9 10 11 12 13 0 15 4
199 194 5 1 14 3 2 5 6 7 8 9 10 11 12 13 15 0 4
199 195 4 1 14 3 2 5 6 7 8 9 10 11 12 13 15 4 0
202 197 5 1 14 3 0 5 6 7 8 9 10 11 12 13 15 4 2
199 194 5 1 14 3 2 5 6 7 8 9 0 11 12 13 10 15 4
193 188 5 1 14 3 0 5 6 7 8 9 10 11 12 4 13 15 2
192 187 5 0 14 3 4 5 6 7 8 9 10 11 12 1 13 15 2
193 188 5 14 0 3 4 5 6 7 8 9 10 11 12 1 13 15 2
195 189 6 14 3 0 4 5 6 7 8 9 10 11 12 1 13 15 2
195 189 6 14 6 3 4 5 0 7 8 9 10 11 12 1 13 15 2
196 190 6 6 14 3 4 5 0 7 8 9 10 11 12 1 13 15 2
197 191 6 6 0 3 4 5 14 7 8 9 10 11 12 1 13 15 2
198 192 6 0 6 3 4 5 14 7 8 9 10 11 12 1 13 15 2
200 195 5 2 6 3 4 5 14 7 8 9 10 11 12 1 13 15 0
199 194 5 1 6 3 4 5 14 7 8 9 10 11 12 0 13 15 2
200 196 4 1 6 3 4 5 14 7 8 9 10 11 12 2 13 15 0
199 195 4 1 6 3 4 5 14 7 8 9 10 11 12 13 0 15 2
201 196 5 1 6 3 4 5 14 7 8 9 10 11 12 13 15 0 2
201 197 4 1 6 3 4 5 14 7 8 9 10 11 12 13 15 2 0
201 196 5 1 6 3 4 5 14 7 8 9 0 11 12 13 10 15 2
202 197 5 1 6 3 4 5 0 7 8 9 14 11 12 13 10 15 2
202 198 4 1 0 3 4 5 6 7 8 9 14 11 12 13 10 15 2
204 199 5 1 3 0 4 5 6 7 8 9 14 11 12 13 10 15 2
204 199 5 0 1 3 4 5 6 7 8 9 14 11 12 13 10 15 2
206 202 4 2 1 3 4 5 6 7 8 9 14 11 12 13 10 15 0
211 205 6 2 1 3 4 5 6 7 8 9 14 0 12 13 10 15 11
212 206 6 2 1 3 4 5 6 7 8 9 0 14 12 13 10 15 11
212 207 5 2 1 3 4 5 6 7 8 9 10 14 12 13 0 15 11
214 208 6 2 1 3 4 5 6 7 8 9 10 14 12 13 15 0 11
214 209 5 2 1 3 4 5 6 7 8 9 10 14 12 13 15 11 0
218 212 6 2 1 3 4 5 6 7 8 9 10 0 12 13 15 11 14
218 213 5 2 1 3 4 5 6 7 8 9 10 11 12 13 15 0 14
218 214 4 2 1 3 4 5 6 7 8 9 10 11 12 13 15 14 0
218 214 4 2 1 3 4 5 6 7 8 9 10 11 12 13 0 15 14
220 215 5 2 1 3 4 5 6 7 8 9 10 11 12 0 13 15 14
221 217 4 2 1 3 4 5 6 7 8 9 10 11 12 14 13 15 0
225 220 5 0 1 3 4 5 6 7 8 9 10 11 12 14 13 15 2
225 221 4 1 0 3 4 5 6 7 8 9 10 11 12 14 13 15 2
227 222 5 1 3 0 4 5 6 7 8 9 10 11 12 14 13 15 2
227 222 5 1 6 3 4 5 0 7 8 9 10 11 12 14 13 15 2
227 222 5 14 1 3 4 5 6 7 8 9 10 11 12 0 13 15 2
228 224 4 14 1 3 4 5 6 7 8 9 10 11 12 2 13 15 0
227 223 4 14 1 3 4 5 6 7 8 9 10 11 12 13 0 15 2
229 224 5 14 1 3 4 5 6 7 8 9 10 11 12 13 15 0 2
229 225 4 14 1 3 4 5 6 7 8 9 10 11 12 13 15 2 0
233 228 5 0 1 3 4 5 6 7 8 9 10 11 12 13 15 2 14
233 229 4 1 0 3 4 5 6 7 8 9 10 11 12 13 15 2 14
235 230 5 1 3 0 4 5 6 7 8 9 10 11 12 13 15 2 14
235 230 5 1 6 3 4 5 0 7 8 9 10 11 12 13 15 2 14
229 224 5 14 1 3 4 5 6 7 8 9 0 11 12 13 10 15 2
222 217 5 0 1 3 4 5 6 7 8 9 10 11 12 2 13 15 14
222 218 4 1 0 3 4 5 6 7 8 9 10 11 12 2 13 15 14
224 219 5 1 3 0 4 5 6 7 8 9 10 11 12 2 13 15 14
224 219 5 1 6 3 4 5 0 7 8 9 10 11 12 2 13 15 14
220 215 5 2 1 3 4 5 6 7 8 9 0 11 12 13 10 15 14
222 217 5 0 1 3 4 5 6 7 8 9 10 11 12 13 15 14 2
222 218 4 1 0 3 4 5 6 7 8 9 10 11 12 13 15 14 2
224 219 5 1 3 0 4 5 6 7 8 9 10 11 12 13 15 14 2
224 219 5 1 6 3 4 5 0 7 8 9 10 11 12 13 15 14 2
226 220 6 1 6 3 4 5 7 0 8 9 10 11 12 13 15 14 2
226 220 6 1 6 3 4 0 5 7 8 9 10 11 12 13 15 14 2
226 220 6 1 6 3 4 5 10 7 8 9 0 11 12 13 15 14 2
227 221 6 1 6 3 4 5 10 7 8 9 15 11 12 13 0 14 2
227 222 5 1 6 3 4 5 10 7 8 9 15 11 12 13 14 0 2
227 223 4 1 6 3 4 5 10 7 8 9 15 11 12 13 14 2 0
232 226 6 1 6 3 4 5 10 7 8 9 15 0 12 13 14 2 11
233 227 6 1 6 3 4 5 10 7 8 9 0 15 12 13 14 2 11
233 228 5 1 6 3 4 5 0 7 8 9 10 15 12 13 14 2 11
233 229 4 1 0 3 4 5 6 7 8 9 10 15 12 13 14 2 11
235 230 5 1 3 0 4 5 6 7 8 9 10 15 12 13 14 2 11
235 230 5 0 1 3 4 5 6 7 8 9 10 15 12 13 14 2 11
237 233 4 11 1 3 4 5 6 7 8 9 10 15 12 13 14 2 0
241 236 5 11 1 3 4 5 6 7 8 9 10 0 12 13 14 2 15
242 237 5 11 1 3 4 5 6 7 8 9 10 2 12 13 14 0 15
241 238 3 11 1 3 4 5 6 7 8 9 10 2 12 13 14 15 0
245 241 4 11 1 3 4 5 6 7 8 9 10 0 12 13 14 15 2
245 241 4 0 1 3 4 5 6 7 8 9 10 2 12 13 14 15 11
245 242 3 1 0 3 4 5 6 7 8 9 10 2 12 13 14 15 11
247 243 4 1 3 0 4 5 6 7 8 9 10 2 12 13 14 15 11
247 243 4 1 6 3 4 5 0 7 8 9 10 2 12 13 14 15 11
249 244 5 1 6 3 4 5 7 0 8 9 10 2 12 13 14 15 11
250 245 5 1 6 3 4 5 7 2 8 9 10 0 12 13 14 15 11
249 244 5 1 6 3 4 0 5 7 8 9 10 2 12 13 14 15 11
245 240 5 11 1 3 0 5 6 7 8 9 10 2 12 13 14 15 4
247 242 5 0 1 3 11 5 6 7 8 9 10 2 12 13 14 15 4
249 245 4 4 1 3 11 5 6 7 8 9 10 2 12 13 14 15 0
247 243 4 1 0 3 11 5 6 7 8 9 10 2 12 13 14 15 4
249 244 5 1 3 0 11 5 6 7 8 9 10 2 12 13 14 15 4
250 245 5 1 3 11 0 5 6 7 8 9 10 2 12 13 14 15 4
250 247 3 1 3 11 4 5 6 7 8 9 10 2 12 13 14 15 0
254 250 4 1 3 11 4 5 6 7 8 9 10 0 12 13 14 15 2
256 251 5 1 3 11 4 5 6 7 8 9 10 12 0 13 14 15 2
256 252 4 1 3 11 4 5 6 7 8 9 10 12 2 13 14 15 0
260 255 5 1 3 11 4 5 6 7 8 9 10 0 2 13 14 15 12
256 251 5 1 3 11 4 5 6 7 8 9 0 10 12 13 14 15 2
256 251 5 1 3 11 4 5 6 7 8 9 10 15 12 13 14 0 2
256 252 4 1 3 11 4 5 6 7 8 9 10 15 12 13 14 2 0
260 255 5 1 3 11 4 5 6 7 8 9 10 0 12 13 14 2 15
256 251 5 1 3 11 4 5 6 0 8 9 10 7 12 13 14 15 2
257 252 5 1 3 0 4 5 6 11 8 9 10 7 12 13 14 15 2
257 253 4 1 0 3 4 5 6 11 8 9 10 7 12 13 14 15 2
259 254 5 0 1 3 4 5 6 11 8 9 10 7 12 13 14 15 2
261 257 4 2 1 3 4 5 6 11 8 9 10 7 12 13 14 15 0
265 260 5 2 1 3 4 5 6 11 8 9 10 0 12 13 14 15 7
265 261 4 2 1 3 4 5 6 0 8 9 10 11 12 13 14 15 7
267 262 5 2 1 3 4 5 6 8 0 9 10 11 12 13 14 15 7
267 262 5 2 1 3 4 5 0 6 8 9 10 11 12 13 14 15 7
268 263 5 2 0 3 4 5 1 6 8 9 10 11 12 13 14 15 7
268 264 4 0 2 3 4 5 1 6 8 9 10 11 12 13 14 15 7
270 267 3 1 2 3 4 5 0 6 8 9 10 11 12 13 14 15 7
270 268 2 1 2 3 4 5 6 0 8 9 10 11 12 13 14 15 7
272 269 3 1 2 3 4 5 6 8 0 9 10 11 12 13 14 15 7
272 269 3 1 2 3 4 5 6 11 8 9 10 0 12 13 14 15 7
272 269 3 1 2 0 4 5 6 3 8 9 10 11 12 13 14 15 7
270 267 3 7 2 3 4 5 1 6 8 9 10 11 12 13 14 15 0
272 268 4 1 2 3 4 5 10 6 8 9 0 11 12 13 14 15 7
274 270 4 1 2 4 0 5 6 3 8 9 10 11 12 13 14 15 7
275 272 3 1 2 4 7 5 6 3 8 9 10 11 12 13 14 15 0
277 273 4 1 2 4 3 5 6 0 8 9 10 11 12 13 14 15 7
278 274 4 1 2 0 3 5 6 4 8 9 10 11 12 13 14 15 7
278 275 3 1 2 3 0 5 6 4 8 9 10 11 12 13 14 15 7
279 277 2 1 2 3 7 5 6 4 8 9 10 11 12 13 14 15 0
284 280 4 1 2 3 7 5 6 4 8 9 10 0 12 13 14 15 11
285 281 4 1 2 3 7 5 6 0 8 9 10 4 12 13 14 15 11
284 280 4 0 2 3 7 5 6 4 8 9 10 11 12 13 14 15 1
286 282 4 7 2 3 0 5 6 4 8 9 10 11 12 13 14 15 1
288 285 3 7 2 3 4 5 6 0 8 9 10 11 12 13 14 15 1
287 284 3 7 2 3 1 5 6 4 8 9 10 11 12 13 14 15 0
290 286 4 7 2 3 4 5 6 8 0 9 10 11 12 13 14 15 1
290 286 4 7 2 3 4 5 0 6 8 9 10 11 12 13 14 15 1
290 286 4 7 2 3 4 5 6 11 8 9 10 0 12 13 14 15 1
290 286 4 7 2 0 4 5 6 3 8 9 10 11 12 13 14 15 1
283 279 4 1 2 3 7 5 6 4 8 9 10 11 12 0 14 15 13
286 282 4 1 2 3 0 5 6 4 8 9 10 11 12 7 14 15 13
288 285 3 1 2 3 4 5 6 0 8 9 10 11 12 7 14 15 13
287 284 3 1 2 3 13 5 6 4 8 9 10 11 12 7 14 15 0
290 286 4 1 2 3 4 5 6 8 0 9 10 11 12 7 14 15 13
290 286 4 1 2 3 4 5 0 6 8 9 10 11 12 7 14 15 13
274 270 4 1 0 2 4 5 6 3 8 9 10 11 12 13 14 15 7
282 278 4 1 2 3 7 5 6 4 8 9 10 11 12 13 14 0 15
272 268 4 1 0 3 4 5 2 6 8 9 10 11 12 13 14 15 7
282 278 4 1 2 3 7 5 6 4 8 9 10 11 0 13 14 15 12
274 270 4 1 2 3 0 5 6 8 4 9 10 11 12 13 14 15 7
275 272 3 1 2 3 7 5 6 8 4 9 10 11 12 13 14 15 0
277 273 4 1 2 3 8 5 6 0 4 9 10 11 12 13 14 15 7
281 277 4 0 2 3 1 5 6 4 8 9 10 11 12 13 14 15 7
274 270 4 1 2 3 4 5 6 8 12 9 10 11 0 13 14 15 7
274 271 3 1 2 3 4 5 6 8 12 9 10 11 7 13 14 15 0
282 278 4 1 2 3 13 5 6 4 8 9 10 11 12 0 14 15 7
290 286 4 1 2 3 4 5 6 11 8 9 10 0 12 7 14 15 13
274 270 4 1 2 3 4 5 6 11 8 9 10 15 12 13 14 0 7
274 271 3 1 2 3 4 5 6 11 8 9 10 15 12 13 14 7 0
278 274 4 1 2 3 4 5 6 11 8 9 10 0 12 13 14 7 15
278 275 3 1 2 3 4 5 6 0 8 9 10 11 12 13 14 7 15
280 276 4 1 2 3 4 5 6 8 0 9 10 11 12 13 14 7 15
280 276 4 1 2 3 4 5 0 6 8 9 10 11 12 13 14 7 15
280 276 4 1 2 0 4 5 6 3 8 9 10 11 12 13 14 7 15
279 275 4 1 2 3 4 5 6 11 8 9 10 7 12 13 14 0 15
278 276 2 1 2 3 4 5 6 11 8 9 10 7 12 13 14 15 0
283 279 4 0 2 3 4 5 6 11 8 9 10 7 12 13 14 15 1
282 278 4 1 2 3 0 5 6 11 8 9 10 7 12 13 14 15 4
285 281 4 1 2 3 11 5 6 0 8 9 10 7 12 13 14 15 4
285 282 3 1 2 3 11 5 6 7 8 9 10 0 12 13 14 15 4
287 283 4 1 2 3 11 5 6 7 8 9 10 12 0 13 14 15 4
287 284 3 1 2 3 11 5 6 7 8 9 10 12 4 13 14 15 0
291 287 4 1 2 3 11 5 6 7 8 9 10 0 4 13 14 15 12
292 288 4 1 2 3 11 5 6 7 8 9 10 4 0 13 14 15 12
291 289 2 1 2 3 11 5 6 7 8 9 10 4 12 13 14 15 0
294 291 3 1 2 3 0 5 6 7 8 9 10 4 12 13 14 15 11
298 294 4 1 2 3 13 5 6 7 8 9 10 4 12 0 14 15 11
299 296 3 1 2 3 13 5 6 7 8 9 10 4 12 11 14 15 0
303 299 4 1 2 3 13 5 6 7 8 9 10 0 12 11 14 15 4
302 298 4 1 2 3 0 5 6 7 8 9 10 4 12 11 14 15 13
272 268 4 1 2 3 4 0 5 6 8 9 10 11 12 13 14 15 7
297 293 4 0 2 3 1 5 6 7 8 9 10 4 12 13 14 15 11
299 296 3 11 2 3 1 5 6 7 8 9 10 4 12 13 14 15 0
303 299 4 11 2 3 1 5 6 7 8 9 10 0 12 13 14 15 4
302 298 4 11 2 3 0 5 6 7 8 9 10 4 12 13 14 15 1
296 292 4 1 2 0 3 5 6 7 8 9 10 4 12 13 14 15 11
294 290 4 1 2 3 11 5 6 7 8 9 10 4 12 13 14 0 15
295 291 4 1 2 3 11 5 6 7 8 9 10 0 12 13 14 4 15
290 286 4 1 2 3 0 5 6 7 8 9 10 12 4 13 14 15 11
274 270 4 1 2 3 4 5 6 11 8 9 10 12 0 13 14 15 7
274 271 3 1 2 3 4 5 6 11 8 9 10 12 7 13 14 15 0
278 274 4 1 2 3 4 5 6 11 8 9 10 0 7 13 14 15 12
278 275 3 1 2 3 4 5 6 0 8 9 10 11 7 13 14 15 12
280 276 4 1 2 3 4 5 6 8 0 9 10 11 7 13 14 15 12
281 277 4 1 2 3 4 5 6 8 7 9 10 11 0 13 14 15 12
280 278 2 1 2 3 4 5 6 8 7 9 10 11 12 13 14 15 0
285 281 4 1 2 3 4 5 6 8 7 9 10 0 12 13 14 15 11
286 282 4 1 2 3 4 5 6 0 7 9 10 8 12 13 14 15 11
286 283 3 1 2 3 4 5 6 7 0 9 10 8 12 13 14 15 11
288 284 4 1 2 3 4 5 6 7 12 9 10 8 0 13 14 15 11
288 285 3 1 2 3 4 5 6 7 12 9 10 8 11 13 14 15 0
292 288 4 1 2 3 4 5 6 7 12 9 10 0 11 13 14 15 8
292 289 3 1 2 3 4 5 6 7 12 9 10 11 0 13 14 15 8
292 290 2 1 2 3 4 5 6 7 12 9 10 11 8 13 14 15 0
292 290 2 1 2 3 4 5 6 7 0 9 10 11 12 13 14 15 8
294 291 3 1 2 3 4 5 6 0 7 9 10 11 12 13 14 15 8
294 291 3 1 2 3 0 5 6 7 4 9 10 11 12 13 14 15 8
295 293 2 1 2 3 8 5 6 7 4 9 10 11 12 13 14 15 0
300 296 4 1 2 3 8 5 6 7 4 9 10 0 12 13 14 15 11
289 285 4 1 2 3 4 5 6 7 12 9 10 0 8 13 14 15 11
300 296 4 0 2 3 8 5 6 7 4 9 10 11 12 13 14 15 1
302 298 4 8 2 3 0 5 6 7 4 9 10 11 12 13 14 15 1
303 300 3 8 2 3 1 5 6 7 4 9 10 11 12 13 14 15 0
302 299 3 8 2 3 4 5 6 7 0 9 10 11 12 13 14 15 1
304 300 4 8 2 3 4 5 6 0 7 9 10 11 12 13 14 15 1
304 300 4 8 2 3 4 5 6 7 12 9 10 11 0 13 14 15 1
304 301 3 8 2 3 4 5 6 7 12 9 10 11 1 13 14 15 0
308 304 4 0 2 3 4 5 6 7 12 9 10 11 1 13 14 15 8
299 295 4 1 2 3 8 5 6 7 4 9 10 11 12 0 14 15 13
302 298 4 1 2 3 0 5 6 7 4 9 10 11 12 8 14 15 13
303 300 3 1 2 3 13 5 6 7 4 9 10 11 12 8 14 15 0
302 299 3 1 2 3 4 5 6 7 0 9 10 11 12 8 14 15 13
304 300 4 1 2 3 4 5 6 0 7 9 10 11 12 8 14 15 13
304 300 4 1 2 3 4 5 6 7 12 9 10 11 0 8 14 15 13
304 301 3 1 2 3 4 5 6 7 12 9 10 11 13 8 14 15 0
307 303 4 1 2 3 4 5 6 7 12 9 10 11 13 0 14 15 8
298 294 4 1 2 3 8 5 6 7 4 9 10 11 12 13 14 0 15
280 276 4 1 2 3 4 5 0 6 8 9 10 11 7 13 14 15 12
296 292 4 1 2 3 0 5 6 7 12 9 10 11 8 13 14 15 4
297 293 4 1 2 3 12 5 6 7 0 9 10 11 8 13 14 15 4
297 294 3 1 2 3 12 5 6 7 8 9 10 11 0 13 14 15 4
297 295 2 1 2 3 12 5 6 7 8 9 10 11 4 13 14 15 0
300 297 3 1 2 3 0 5 6 7 8 9 10 11 4 13 14 15 12
304 300 4 1 2 3 7 5 6 0 8 9 10 11 4 13 14 15 12
304 300 4 1 2 3 13 5 6 7 8 9 10 11 4 0 14 15 12
305 302 3 1 2 3 13 5 6 7 8 9 10 11 4 12 14 15 0
308 304 4 1 2 3 0 5 6 7 8 9 10 11 4 12 14 15 13
307 303 4 1 2 3 13 5 6 7 8 9 10 11 0 12 14 15 4
303 299 4 0 2 3 1 5 6 7 8 9 10 11 4 13 14 15 12
305 302 3 12 2 3 1 5 6 7 8 9 10 11 4 13 14 15 0
308 304 4 12 2 3 0 5 6 7 8 9 10 11 4 13 14 15 1
307 303 4 12 2 3 1 5 6 7 8 9 10 11 0 13 14 15 4
302 298 4 1 2 0 3 5 6 7 8 9 10 11 4 13 14 15 12
279 275 4 1 2 3 4 5 6 11 8 9 10 7 0 13 14 15 12
295 291 4 1 2 3 11 5 6 7 8 9 10 4 12 0 14 15 13
297 293 4 0 2 3 4 5 6 7 12 9 10 11 8 13 14 15 1
283 279 4 1 2 3 4 5 6 8 7 9 10 11 12 13 14 0 15
296 292 4 1 2 3 4 5 6 11 7 9 10 0 12 13 14 15 8
296 292 4 1 2 3 8 5 6 7 0 9 10 4 12 13 14 15 11
285 281 4 0 2 3 4 5 6 8 7 9 10 11 12 13 14 15 1
296 292 4 0 2 3 11 5 6 7 8 9 10 4 12 13 14 15 1
298 294 4 1 2 3 8 5 6 7 4 9 10 11 0 13 14 15 12
278 274 4 1 2 3 8 5 6 4 0 9 10 11 12 13 14 15 7
280 276 4 1 2 0 4 5 6 3 8 9 10 11 7 13 14 15 12
284 280 4 1 2 3 4 5 6 8 7 9 10 11 12 0 14 15 13
298 294 4 1 2 3 7 5 6 0 4 9 10 11 12 13 14 15 8
299 295 4 1 2 3 7 5 6 4 0 9 10 11 12 13 14 15 8
300 296 4 1 2 3 0 5 6 4 7 9 10 11 12 13 14 15 8
301 298 3 1 2 3 8 5 6 4 7 9 10 11 12 13 14 15 0
284 280 4 1 2 3 0 5 6 8 7 9 10 11 12 13 14 15 4
287 283 4 1 2 3 8 5 6 0 7 9 10 11 12 13 14 15 4
287 284 3 1 2 3 8 5 6 7 0 9 10 11 12 13 14 15 4
287 285 2 1 2 3 0 5 6 7 8 9 10 11 12 13 14 15 4
287 287 0 1 2 3 4 5 6 7 8 9 10 11 12 13 14 15 0
