0 0 0 1 9 15 0 2 13 10 12 3 11 14 5 6 8 7 4
12 2 10 1 9 15 4 2 13 10 12 3 11 14 5 6 8 7 0
16 5 11 1 9 15 4 2 13 10 12 3 11 0 5 6 8 7 14
16 6 10 1 9 15 4 2 13 10 12 3 0 11 5 6 8 7 14
17 7 10 1 9 15 4 2 0 10 12 3 13 11 5 6 8 7 14
18 8 10 1 0 15 4 2 9 10 12 3 13 11 5 6 8 7 14
19 9 10 1 15 0 4 2 9 10 12 3 13 11 5 6 8 7 14
20 10 10 1 15 4 0 2 9 10 12 3 13 11 5 6 8 7 14
21 12 9 1 15 4 14 2 9 10 12 3 13 11 5 6 8 7 0
24 14 10 1 15 4 14 2 9 10 12 3 13 11 5 0 8 7 6
27 17 10 1 15 4 14 2 9 10 12 3 0 11 5 13 8 7 6
28 18 10 1 15 4 14 2 0 10 12 3 9 11 5 13 8 7 6
29 19 10 1 0 4 14 2 15 10 12 3 9 11 5 13 8 7 6
30 20 10 1 4 0 14 2 15 10 12 3 9 11 5 13 8 7 6
31 21 10 1 4 14 0 2 15 10 12 3 9 11 5 13 8 7 6
33 24 9 1 4 14 13 2 15 10 12 3 9 11 5 0 8 7 6
34 26 8 1 4 14 13 2 15 10 12 3 9 11 5 6 8 7 0
36 27 9 1 4 14 13 2 15 10 12 3 9 11 5 6 8 0 7
36 27 9 1 4 14 13 2 15 10 12 3 9 11 0 6 8 7 5
37 28 9 1 4 14 13 2 15 10 0 3 9 11 12 6 8 7 5
32 23 9 1 4 14 6 2 15 10 12 3 9 11 5 13 8 7 0
36 27 9 1 4 14 13 2 15 10 12 3 0 11 5 9 8 7 6
37 28 9 1 4 14 13 2 0 10 12 3 15 11 5 9 8 7 6
38 29 9 1 0 14 13 2 4 10 12 3 15 11 5 9 8 7 6
39 30 9 1 14 0 13 2 4 10 12 3 15 11 5 9 8 7 6
41 31 10 1 14 13 0 2 4 10 12 3 15 11 5 9 8 7 6
42 33 9 1 14 13 6 2 4 10 12 3 15 11 5 9 8 7 0
45 35 10 1 14 13 6 2 4 10 12 3 15 11 5 0 8 7 9
48 38 10 1 14 13 6 2 4 10 12 3 0 11 5 15 8 7 9
49 39 10 1 14 13 6 2 0 10 12 3 4 11 5 15 8 7 9
50 40 10 1 0 13 6 2 14 10 12 3 4 11 5 15 8 7 9
51 41 10 1 13 0 6 2 14 10 12 3 4 11 5 15 8 7 9
52 42 10 1 13 6 0 2 14 10 12 3 4 11 5 15 8 7 9
53 44 9 1 13 6 9 2 14 10 12 3 4 11 5 15 8 7 0
56 46 10 1 13 6 9 2 14 10 12 3 4 11 5 0 8 7 15
58 49 9 1 13 6 9 2 14 10 12 3 0 11 5 4 8 7 15
59 50 9 1 13 6 9 2 0 10 12 3 14 11 5 4 8 7 15
60 51 9 1 0 6 9 2 13 10 12 3 14 11 5 4 8 7 15
61 52 9 1 6 0 9 2 13 10 12 3 14 11 5 4 8 7 15
61 53 8 1 6 9 0 2 13 10 12 3 14 11 5 4 8 7 15
62 55 7 1 6 9 15 2 13 10 12 3 14 11 5 4 8 7 0
64 56 8 1 6 9 15 2 13 10 12 3 14 11 5 4 8 0 7
64 56 8 1 6 9 15 2 13 10 12 3 14 11 0 4 8 7 5
65 57 8 1 6 9 15 2 13 10 0 3 14 11 12 4 8 7 5
66 58 8 1 6 9 0 2 13 10 15 3 14 11 12 4 8 7 5
67 60 7 1 6 9 5 2 13 10 15 3 14 11 12 4 8 7 0
69 61 8 1 6 9 5 2 13 10 15 3 14 11 12 4 8 0 7
69 61 8 1 6 9 5 2 13 10 15 3 14 11 0 4 8 7 12
69 62 7 1 6 9 5 2 13 10 0 3 14 11 15 4 8 7 12
70 63 7 1 6 9 0 2 13 10 5 3 14 11 15 4 8 7 12
71 65 6 1 6 9 12 2 13 10 5 3 14 11 15 4 8 7 0
73 66 7 1 6 9 12 2 13 10 5 3 14 11 15 4 8 0 7
75 67 8 1 6 9 12 2 13 10 5 3 14 11 15 4 0 8 7
76 68 8 1 6 9 12 2 13 10 5 3 0 11 15 4 14 8 7
77 69 8 1 6 9 12 2 0 10 5 3 13 11 15 4 14 8 7
77 70 7 1 0 9 12 2 6 10 5 3 13 11 15 4 14 8 7
79 71 8 1 9 0 12 2 6 10 5 3 13 11 15 4 14 8 7
80 72 8 1 9 12 0 2 6 10 5 3 13 11 15 4 14 8 7
81 74 7 1 9 12 7 2 6 10 5 3 13 11 15 4 14 8 0
83 75 8 1 9 12 7 2 6 10 5 3 13 11 15 4 14 0 8
84 76 8 1 9 12 7 2 6 10 5 3 13 11 15 4 0 14 8
85 77 8 1 9 12 7 2 6 10 5 3 0 11 15 4 13 14 8
81 73 8 1 9 12 5 2 6 10 0 3 13 11 15 4 14 8 7
79 71 8 0 1 9 12 2 6 10 5 3 13 11 15 4 14 8 7
81 74 7 7 1 9 12 2 6 10 5 3 13 11 15 4 14 8 0
84 76 8 7 1 9 0 2 6 10 5 3 13 11 15 4 14 8 12
86 78 8 0 1 9 7 2 6 10 5 3 13 11 15 4 14 8 12
88 81 7 12 1 9 7 2 6 10 5 3 13 11 15 4 14 8 0
86 79 7 1 0 9 7 2 6 10 5 3 13 11 15 4 14 8 12
88 80 8 1 9 0 7 2 6 10 5 3 13 11 15 4 14 8 12
89 81 8 1 9 7 0 2 6 10 5 3 13 11 15 4 14 8 12
90 83 7 1 9 7 12 2 6 10 5 3 13 11 15 4 14 8 0
92 84 8 1 9 7 12 2 6 10 5 3 13 11 15 4 14 0 8
93 85 8 1 9 7 12 2 6 10 5 3 13 11 15 4 0 14 8
94 86 8 1 9 7 12 2 6 10 5 3 0 11 15 4 13 14 8
90 82 8 1 9 7 5 2 6 10 0 3 13 11 15 4 14 8 12
88 80 8 1 6 9 7 2 0 10 5 3 13 11 15 4 14 8 12
89 81 8 1 6 9 7 2 13 10 5 3 0 11 15 4 14 8 12
90 82 8 1 6 9 7 2 13 10 5 3 14 11 15 4 0 8 12
90 83 7 1 6 9 7 2 13 10 5 3 14 11 15 4 8 0 12
89 84 5 1 6 9 7 2 13 10 5 3 14 11 15 4 8 12 0
92 86 6 1 6 9 0 2 13 10 5 3 14 11 15 4 8 12 7
93 87 6 1 6 9 5 2 13 10 0 3 14 11 15 4 8 12 7
95 88 7 1 6 9 5 2 13 0 10 3 14 11 15 4 8 12 7
96 89 7 1 6 9 5 2 0 13 10 3 14 11 15 4 8 12 7
96 90 6 1 0 9 5 2 6 13 10 3 14 11 15 4 8 12 7
98 91 7 1 9 0 5 2 6 13 10 3 14 11 15 4 8 12 7
99 92 7 1 9 5 0 2 6 13 10 3 14 11 15 4 8 12 7
101 95 6 1 9 5 13 2 6 0 10 3 14 11 15 4 8 12 7
101 96 5 1 9 5 13 2 6 10 0 3 14 11 15 4 8 12 7
103 97 6 1 9 5 13 2 6 10 15 3 14 11 0 4 8 12 7
103 98 5 1 9 5 13 2 6 10 15 3 14 11 7 4 8 12 0
103 97 6 1 9 5 0 2 6 10 13 3 14 11 15 4 8 12 7
104 99 5 1 9 5 7 2 6 10 13 3 14 11 15 4 8 12 0
104 98 6 1 9 0 5 2 6 10 13 3 14 11 15 4 8 12 7
104 99 5 1 0 9 5 2 6 10 13 3 14 11 15 4 8 12 7
106 100 6 0 1 9 5 2 6 10 13 3 14 11 15 4 8 12 7
108 103 5 7 1 9 5 2 6 10 13 3 14 11 15 4 8 12 0
111 105 6 7 1 9 0 2 6 10 13 3 14 11 15 4 8 12 5
111 106 5 7 1 9 13 2 6 10 0 3 14 11 15 4 8 12 5
113 107 6 7 1 9 13 2 6 0 10 3 14 11 15 4 8 12 5
113 107 6 7 1 9 13 2 6 10 15 3 14 11 0 4 8 12 5
113 108 5 7 1 9 13 2 6 10 15 3 14 11 5 4 8 12 0
117 111 6 0 1 9 13 2 6 10 15 3 14 11 5 4 8 12 7
117 112 5 1 0 9 13 2 6 10 15 3 14 11 5 4 8 12 7
119 113 6 1 9 0 13 2 6 10 15 3 14 11 5 4 8 12 7
119 113 6 1 6 9 13 2 0 10 15 3 14 11 5 4 8 12 7
120 114 6 1 6 9 13 2 14 10 15 3 0 11 5 4 8 12 7
113 107 6 0 1 9 7 2 6 10 13 3 14 11 15 4 8 12 5
115 110 5 5 1 9 7 2 6 10 13 3 14 11 15 4 8 12 0
113 108 5 1 0 9 7 2 6 10 13 3 14 11 15 4 8 12 5
115 109 6 1 9 0 7 2 6 10 13 3 14 11 15 4 8 12 5
116 110 6 1 9 7 0 2 6 10 13 3 14 11 15 4 8 12 5
117 112 5 1 9 7 5 2 6 10 13 3 14 11 15 4 8 12 0
116 111 5 1 9 7 13 2 6 10 0 3 14 11 15 4 8 12 5
118 112 6 1 9 7 13 2 6 0 10 3 14 11 15 4 8 12 5
119 113 6 1 9 0 13 2 6 7 10 3 14 11 15 4 8 12 5
119 114 5 1 0 9 13 2 6 7 10 3 14 11 15 4 8 12 5
121 115 6 0 1 9 13 2 6 7 10 3 14 11 15 4 8 12 5
123 118 5 5 1 9 13 2 6 7 10 3 14 11 15 4 8 12 0
121 115 6 1 6 9 13 2 0 7 10 3 14 11 15 4 8 12 5
122 116 6 1 6 9 13 2 7 0 10 3 14 11 15 4 8 12 5
122 117 5 1 6 9 13 2 7 10 0 3 14 11 15 4 8 12 5
124 118 6 1 6 9 13 2 7 10 15 3 14 11 0 4 8 12 5
124 119 5 1 6 9 13 2 7 10 15 3 14 11 5 4 8 12 0
124 118 6 1 6 9 0 2 7 10 13 3 14 11 15 4 8 12 5
125 120 5 1 6 9 5 2 7 10 13 3 14 11 15 4 8 12 0
122 116 6 1 6 9 13 2 14 7 10 3 0 11 15 4 8 12 5
118 112 6 1 9 7 13 2 6 10 15 3 14 11 0 4 8 12 5
118 113 5 1 9 7 13 2 6 10 15 3 14 11 5 4 8 12 0
115 109 6 1 6 9 7 2 0 10 13 3 14 11 15 4 8 12 5
116 110 6 1 6 9 7 2 14 10 13 3 0 11 15 4 8 12 5
100 94 6 1 9 5 7 2 6 13 10 3 14 11 15 4 8 12 0
108 102 6 5 1 9 0 2 6 10 13 3 14 11 15 4 8 12 7
108 103 5 5 1 9 13 2 6 10 0 3 14 11 15 4 8 12 7
110 104 6 5 1 9 13 2 6 0 10 3 14 11 15 4 8 12 7
110 104 6 5 1 9 13 2 6 10 15 3 14 11 0 4 8 12 7
110 105 5 5 1 9 13 2 6 10 15 3 14 11 7 4 8 12 0
114 108 6 0 1 9 13 2 6 10 15 3 14 11 7 4 8 12 5
114 109 5 1 0 9 13 2 6 10 15 3 14 11 7 4 8 12 5
116 110 6 1 9 0 13 2 6 10 15 3 14 11 7 4 8 12 5
116 110 6 1 6 9 13 2 0 10 15 3 14 11 7 4 8 12 5
117 111 6 1 6 9 13 2 14 10 15 3 0 11 7 4 8 12 5
106 100 6 1 6 9 5 2 0 10 13 3 14 11 15 4 8 12 7
107 101 6 1 6 9 5 2 14 10 13 3 0 11 15 4 8 12 7
102 96 6 1 9 0 13 2 6 5 10 3 14 11 15 4 8 12 7
102 97 5 1 0 9 13 2 6 5 10 3 14 11 15 4 8 12 7
104 98 6 0 1 9 13 2 6 5 10 3 14 11 15 4 8 12 7
106 101 5 7 1 9 13 2 6 5 10 3 14 11 15 4 8 12 0
104 98 6 1 6 9 13 2 0 5 10 3 14 11 15 4 8 12 7
105 99 6 1 6 9 13 2 5 0 10 3 14 11 15 4 8 12 7
105 100 5 1 6 9 13 2 5 10 0 3 14 11 15 4 8 12 7
107 101 6 1 6 9 13 2 5 10 15 3 14 11 0 4 8 12 7
107 102 5 1 6 9 13 2 5 10 15 3 14 11 7 4 8 12 0
107 101 6 1 6 9 0 2 5 10 13 3 14 11 15 4 8 12 7
108 103 5 1 6 9 7 2 5 10 13 3 14 11 15 4 8 12 0
105 99 6 1 6 9 13 2 14 5 10 3 0 11 15 4 8 12 7
107 100 7 1 6 9 13 2 14 5 10 3 11 0 15 4 8 12 7
108 101 7 1 6 9 13 2 14 0 10 3 11 5 15 4 8 12 7
108 102 6 1 6 9 13 2 14 10 0 3 11 5 15 4 8 12 7
110 103 7 1 6 9 13 2 14 10 15 3 11 5 0 4 8 12 7
110 104 6 1 6 9 13 2 14 10 15 3 11 5 7 4 8 12 0
120 113 7 1 9 7 4 2 6 10 13 3 14 11 15 0 8 12 5
121 115 6 1 9 7 4 2 6 10 13 3 14 11 15 5 8 12 0
124 117 7 1 9 7 0 2 6 10 13 3 14 11 15 5 8 12 4
124 118 6 1 9 7 13 2 6 10 0 3 14 11 15 5 8 12 4
126 119 7 1 9 7 13 2 6 0 10 3 14 11 15 5 8 12 4
127 120 7 1 9 0 13 2 6 7 10 3 14 11 15 5 8 12 4
127 121 6 1 0 9 13 2 6 7 10 3 14 11 15 5 8 12 4
129 122 7 0 1 9 13 2 6 7 10 3 14 11 15 5 8 12 4
131 125 6 4 1 9 13 2 6 7 10 3 14 11 15 5 8 12 0
121 114 7 1 6 9 13 0 2 10 15 3 14 11 5 4 8 12 7
120 113 7 1 9 7 5 2 6 10 13 3 14 11 15 4 8 0 12
121 114 7 1 9 13 0 2 6 7 10 3 14 11 15 4 8 12 5
122 116 6 1 9 13 5 2 6 7 10 3 14 11 15 4 8 12 0
121 114 7 1 6 9 13 2 10 0 15 3 14 11 5 4 8 12 7
122 115 7 1 6 9 13 2 10 15 0 3 14 11 5 4 8 12 7
123 116 7 1 6 9 13 2 10 15 5 3 14 11 0 4 8 12 7
123 117 6 1 6 9 13 2 10 15 5 3 14 11 7 4 8 12 0
124 117 7 13 1 9 0 2 6 7 10 3 14 11 15 4 8 12 5
125 119 6 13 1 9 5 2 6 7 10 3 14 11 15 4 8 12 0
129 122 7 0 1 9 5 2 6 7 10 3 14 11 15 4 8 12 13
129 123 6 1 0 9 5 2 6 7 10 3 14 11 15 4 8 12 13
131 124 7 1 9 0 5 2 6 7 10 3 14 11 15 4 8 12 13
132 125 7 1 9 5 0 2 6 7 10 3 14 11 15 4 8 12 13
132 127 5 1 9 5 13 2 6 7 10 3 14 11 15 4 8 12 0
137 130 7 1 9 5 13 2 6 7 10 3 14 0 15 4 8 12 11
138 131 7 1 9 5 13 2 6 7 10 3 0 14 15 4 8 12 11
127 120 7 5 1 9 0 2 6 7 10 3 14 11 15 4 8 12 13
130 123 7 5 1 9 7 2 6 0 10 3 14 11 15 4 8 12 13
130 124 6 5 1 9 7 2 6 10 0 3 14 11 15 4 8 12 13
131 125 6 5 1 9 0 2 6 10 7 3 14 11 15 4 8 12 13
131 127 4 5 1 9 13 2 6 10 7 3 14 11 15 4 8 12 0
135 130 5 0 1 9 13 2 6 10 7 3 14 11 15 4 8 12 5
135 131 4 1 0 9 13 2 6 10 7 3 14 11 15 4 8 12 5
137 132 5 1 9 0 13 2 6 10 7 3 14 11 15 4 8 12 5
137 132 5 1 6 9 13 2 0 10 7 3 14 11 15 4 8 12 5
138 133 5 1 6 9 13 2 14 10 7 3 0 11 15 4 8 12 5
140 134 6 1 6 9 13 2 14 10 7 3 11 0 15 4 8 12 5
140 134 6 1 6 9 13 2 14 10 7 0 3 11 15 4 8 12 5
140 134 6 1 6 9 13 2 14 10 7 3 8 11 15 4 0 12 5
138 132 6 4 1 9 13 2 6 10 7 3 14 11 15 0 8 12 5
139 134 5 4 1 9 13 2 6 10 7 3 14 11 15 5 8 12 0
143 137 6 0 1 9 13 2 6 10 7 3 14 11 15 5 8 12 4
143 138 5 1 0 9 13 2 6 10 7 3 14 11 15 5 8 12 4
145 139 6 1 9 0 13 2 6 10 7 3 14 11 15 5 8 12 4
145 139 6 1 6 9 13 2 0 10 7 3 14 11 15 5 8 12 4
146 140 6 1 6 9 13 2 14 10 7 3 0 11 15 5 8 12 4
141 135 6 4 1 9 13 2 6 10 7 3 0 11 15 14 8 12 5
137 131 6 2 1 9 13 0 6 10 7 3 14 11 15 4 8 12 5
139 133 6 6 1 9 13 2 0 10 7 3 14 11 15 4 8 12 5
140 134 6 6 1 9 13 2 14 10 7 3 0 11 15 4 8 12 5
140 134 6 6 0 9 13 2 1 10 7 3 14 11 15 4 8 12 5
141 135 6 0 6 9 13 2 1 10 7 3 14 11 15 4 8 12 5
143 138 5 5 6 9 13 2 1 10 7 3 14 11 15 4 8 12 0
136 130 6 5 1 9 13 2 6 10 7 3 14 0 15 4 8 12 11
137 131 6 5 1 9 13 2 6 10 7 3 0 14 15 4 8 12 11
139 133 6 1 9 13 0 2 6 10 7 3 14 11 15 4 8 12 5
140 135 5 1 9 13 5 2 6 10 7 3 14 11 15 4 8 12 0
140 134 6 1 9 13 7 2 6 10 0 3 14 11 15 4 8 12 5
139 133 6 1 6 9 13 2 10 0 7 3 14 11 15 4 8 12 5
140 134 6 1 6 9 13 2 10 7 0 3 14 11 15 4 8 12 5
139 133 6 1 6 9 13 0 2 10 7 3 14 11 15 4 8 12 5
133 127 6 0 1 9 5 2 6 10 7 3 14 11 15 4 8 12 13
135 130 5 13 1 9 5 2 6 10 7 3 14 11 15 4 8 12 0
133 128 5 1 0 9 5 2 6 10 7 3 14 11 15 4 8 12 13
135 129 6 1 9 0 5 2 6 10 7 3 14 11 15 4 8 12 13
136 130 6 1 9 5 0 2 6 10 7 3 14 11 15 4 8 12 13
136 132 4 1 9 5 13 2 6 10 7 3 14 11 15 4 8 12 0
141 135 6 1 9 5 13 2 6 10 7 3 14 0 15 4 8 12 11
142 136 6 1 9 5 13 2 6 10 7 3 0 14 15 4 8 12 11
141 135 6 0 9 5 13 2 6 10 7 3 14 11 15 4 8 12 1
142 136 6 9 0 5 13 2 6 10 7 3 14 11 15 4 8 12 1
142 137 5 9 5 0 13 2 6 10 7 3 14 11 15 4 8 12 1
144 138 6 9 5 13 0 2 6 10 7 3 14 11 15 4 8 12 1
145 140 5 9 5 13 1 2 6 10 7 3 14 11 15 4 8 12 0
149 143 6 0 5 13 1 2 6 10 7 3 14 11 15 4 8 12 9
150 145 5 1 5 13 0 2 6 10 7 3 14 11 15 4 8 12 9
151 147 4 1 5 13 9 2 6 10 7 3 14 11 15 4 8 12 0
150 146 4 1 5 0 13 2 6 10 7 3 14 11 15 4 8 12 9
152 147 5 1 0 5 13 2 6 10 7 3 14 11 15 4 8 12 9
152 147 5 1 5 10 13 2 6 0 7 3 14 11 15 4 8 12 9
153 148 5 1 5 10 13 2 6 7 0 3 14 11 15 4 8 12 9
151 146 5 1 5 13 7 2 6 10 0 3 14 11 15 4 8 12 9
153 147 6 1 5 13 7 2 6 0 10 3 14 11 15 4 8 12 9
154 148 6 1 5 0 7 2 6 13 10 3 14 11 15 4 8 12 9
155 149 6 1 5 7 0 2 6 13 10 3 14 11 15 4 8 12 9
157 152 5 1 5 7 13 2 6 0 10 3 14 11 15 4 8 12 9
157 153 4 1 5 7 13 2 6 10 0 3 14 11 15 4 8 12 9
159 154 5 1 5 7 13 2 6 10 15 3 14 11 0 4 8 12 9
159 155 4 1 5 7 13 2 6 10 15 3 14 11 9 4 8 12 0
159 154 5 1 5 7 0 2 6 10 13 3 14 11 15 4 8 12 9
160 156 4 1 5 7 9 2 6 10 13 3 14 11 15 4 8 12 0
160 155 5 1 5 0 7 2 6 10 13 3 14 11 15 4 8 12 9
158 153 5 1 5 0 13 2 6 7 10 3 14 11 15 4 8 12 9
156 151 5 1 5 7 9 2 6 13 10 3 14 11 15 4 8 12 0
160 154 6 1 5 13 0 2 6 7 10 3 14 11 15 4 8 12 9
161 156 5 1 5 13 9 2 6 7 10 3 14 11 15 4 8 12 0
161 155 6 1 5 13 10 2 6 7 0 3 14 11 15 4 8 12 9
160 154 6 1 0 5 13 2 6 7 10 3 14 11 15 4 8 12 9
162 156 6 1 0 5 7 2 6 10 13 3 14 11 15 4 8 12 9
154 148 6 0 1 5 13 2 6 10 7 3 14 11 15 4 8 12 9
156 151 5 9 1 5 13 2 6 10 7 3 14 11 15 4 8 12 0
134 128 6 5 1 9 13 2 6 10 7 3 14 11 15 4 8 0 12
155 149 6 1 5 13 9 2 6 10 7 3 14 11 15 0 8 12 4
158 152 6 1 5 13 9 2 6 10 7 3 0 11 15 14 8 12 4
158 152 6 1 5 13 0 2 6 10 7 3 14 11 15 9 8 12 4
159 154 5 1 5 13 4 2 6 10 7 3 14 11 15 9 8 12 0
158 153 5 1 5 0 13 2 6 10 7 3 14 11 15 9 8 12 4
160 154 6 1 0 5 13 2 6 10 7 3 14 11 15 9 8 12 4
160 154 6 1 5 10 13 2 6 0 7 3 14 11 15 9 8 12 4
161 155 6 1 5 10 13 2 6 7 0 3 14 11 15 9 8 12 4
146 140 6 0 5 13 9 2 6 10 7 3 14 11 15 4 8 12 1
155 149 6 1 5 10 13 2 6 7 15 3 14 11 0 4 8 12 9
155 150 5 1 5 10 13 2 6 7 15 3 14 11 9 4 8 12 0
163 157 6 1 5 7 9 2 6 10 13 3 14 11 15 4 8 0 12
159 153 6 1 5 7 13 2 6 11 10 3 14 0 15 4 8 12 9
160 154 6 1 5 7 13 2 6 11 10 3 0 14 15 4 8 12 9
156 150 6 1 5 7 10 2 6 13 0 3 14 11 15 4 8 12 9
161 155 6 1 5 7 13 2 6 10 15 3 14 0 11 4 8 12 9
162 156 6 1 5 7 13 2 6 10 15 3 0 14 11 4 8 12 9
135 129 6 1 6 9 5 2 0 10 7 3 14 11 15 4 8 12 13
136 130 6 1 6 9 5 2 14 10 7 3 0 11 15 4 8 12 13
154 148 6 1 5 13 10 2 6 0 7 3 14 11 15 4 8 12 9
155 149 6 1 5 0 10 2 6 13 7 3 14 11 15 4 8 12 9
156 150 6 1 5 10 0 2 6 13 7 3 14 11 15 4 8 12 9
157 152 5 1 5 10 9 2 6 13 7 3 14 11 15 4 8 12 0
157 151 6 1 5 10 7 2 6 13 0 3 14 11 15 4 8 12 9
163 157 6 1 5 7 0 2 6 10 15 3 14 11 9 4 8 12 13
164 158 6 1 5 0 7 2 6 10 15 3 14 11 9 4 8 12 13
164 158 6 1 5 7 15 2 6 10 0 3 14 11 9 4 8 12 13
165 159 6 1 5 7 15 2 6 10 9 3 14 11 0 4 8 12 13
165 160 5 1 5 7 15 2 6 10 9 3 14 11 13 4 8 12 0
168 162 6 1 5 7 0 2 6 10 9 3 14 11 13 4 8 12 15
169 163 6 1 5 0 7 2 6 10 9 3 14 11 13 4 8 12 15
169 163 6 1 5 7 9 2 6 10 0 3 14 11 13 4 8 12 15
164 158 6 1 5 7 9 2 6 10 13 3 14 11 15 0 8 12 4
167 161 6 1 5 7 9 2 6 10 13 3 0 11 15 14 8 12 4
167 161 6 1 5 7 0 2 6 10 13 3 14 11 15 9 8 12 4
168 163 5 1 5 7 4 2 6 10 13 3 14 11 15 9 8 12 0
167 162 5 1 5 7 13 2 6 10 0 3 14 11 15 9 8 12 4
169 163 6 1 5 7 13 2 6 0 10 3 14 11 15 9 8 12 4
170 164 6 1 5 0 13 2 6 7 10 3 14 11 15 9 8 12 4
169 163 6 1 5 7 13 2 6 10 15 3 14 11 0 9 8 12 4
169 164 5 1 5 7 13 2 6 10 15 3 14 11 4 9 8 12 0
172 166 6 1 5 7 13 2 6 10 15 3 14 11 4 0 8 12 9
175 169 6 1 5 7 13 2 6 10 15 3 0 11 4 14 8 12 9
154 148 6 1 5 13 9 2 6 10 7 3 14 11 15 4 8 0 12
156 150 6 1 5 13 9 2 6 10 7 3 14 0 15 4 8 12 11
157 151 6 1 5 13 9 2 6 10 7 3 0 14 15 4 8 12 11
159 153 6 1 5 13 7 2 6 10 0 3 14 11 15 9 8 12 4
154 148 6 1 5 13 4 2 6 10 7 3 14 11 15 0 8 12 9
157 151 6 1 5 13 4 2 6 10 7 3 0 11 15 14 8 12 9
139 133 6 1 9 5 13 2 6 10 7 3 14 11 0 4 8 12 15
140 134 6 1 9 5 13 2 6 10 0 3 14 11 7 4 8 12 15
154 148 6 1 6 5 13 2 0 10 7 3 14 11 15 4 8 12 9
155 149 6 1 6 5 13 2 14 10 7 3 0 11 15 4 8 12 9
163 157 6 1 5 7 9 2 6 10 13 3 14 11 0 4 8 12 15
159 153 6 1 5 7 13 2 0 6 10 3 14 11 15 4 8 12 9
160 154 6 1 5 7 13 2 14 6 10 3 0 11 15 4 8 12 9
164 158 6 1 5 7 13 2 6 10 15 3 14 0 9 4 8 12 11
165 159 6 1 5 7 13 2 6 10 15 3 14 9 0 4 8 12 11
165 160 5 1 5 7 13 2 6 10 15 3 14 9 11 4 8 12 0
165 160 5 1 5 7 13 2 6 10 0 3 14 9 15 4 8 12 11
167 161 6 1 5 7 13 2 6 0 10 3 14 9 15 4 8 12 11
168 162 6 1 5 7 13 2 6 9 10 3 14 0 15 4 8 12 11
169 163 6 1 5 7 13 2 6 9 10 3 0 14 15 4 8 12 11
168 162 6 1 5 0 13 2 6 7 10 3 14 9 15 4 8 12 11
167 161 6 1 5 7 0 2 6 10 13 3 14 9 15 4 8 12 11
168 163 5 1 5 7 11 2 6 10 13 3 14 9 15 4 8 12 0
172 166 6 1 5 7 11 2 6 10 13 3 14 0 15 4 8 12 9
173 167 6 1 5 7 11 2 6 10 13 3 0 14 15 4 8 12 9
158 152 6 1 5 10 7 2 6 0 13 3 14 11 15 4 8 12 9
168 162 6 1 5 0 7 2 6 10 13 3 14 11 15 9 8 12 4
140 134 6 1 9 5 13 2 6 10 7 3 14 11 15 0 8 12 4
143 137 6 1 9 5 13 2 6 10 7 3 0 11 15 14 8 12 4
165 159 6 0 5 7 9 2 6 10 13 3 14 11 15 4 8 12 1
167 161 6 9 5 7 0 2 6 10 13 3 14 11 15 4 8 12 1
168 163 5 9 5 7 1 2 6 10 13 3 14 11 15 4 8 12 0
167 162 5 9 5 7 13 2 6 10 0 3 14 11 15 4 8 12 1
169 163 6 9 5 7 13 2 6 0 10 3 14 11 15 4 8 12 1
170 164 6 9 5 0 13 2 6 7 10 3 14 11 15 4 8 12 1
137 131 6 1 9 5 7 2 6 10 0 3 14 11 15 4 8 12 13
163 157 6 1 5 7 13 2 6 10 15 3 14 11 9 0 8 12 4
166 160 6 1 5 7 13 2 6 10 15 3 0 11 9 14 8 12 4
164 158 6 0 5 7 13 2 6 10 15 3 14 11 9 4 8 12 1
162 156 6 0 5 7 1 2 6 10 13 3 14 11 15 4 8 12 9
154 148 6 1 5 10 13 2 6 11 7 3 14 0 15 4 8 12 9
155 149 6 1 5 10 13 2 6 11 7 3 0 14 15 4 8 12 9
139 133 6 1 9 5 13 2 6 10 7 3 14 11 15 4 8 0 12
163 157 6 1 5 7 4 2 6 10 13 3 14 11 15 0 8 12 9
166 160 6 1 5 7 4 2 6 10 13 3 0 11 15 14 8 12 9
154 148 6 1 5 10 13 2 0 6 7 3 14 11 15 4 8 12 9
155 149 6 1 5 10 13 2 14 6 7 3 0 11 15 4 8 12 9
157 151 6 1 5 7 10 2 6 0 13 3 14 11 15 4 8 12 9
158 152 6 1 5 0 10 2 6 7 13 3 14 11 15 4 8 12 9
154 148 6 1 5 13 9 2 6 10 7 3 14 11 0 4 8 12 15
155 149 6 1 5 13 9 2 6 10 0 3 14 11 7 4 8 12 15
156 150 6 1 5 13 0 2 6 10 9 3 14 11 7 4 8 12 15
157 152 5 1 5 13 15 2 6 10 9 3 14 11 7 4 8 12 0
156 151 5 1 5 0 13 2 6 10 9 3 14 11 7 4 8 12 15
158 152 6 1 0 5 13 2 6 10 9 3 14 11 7 4 8 12 15
158 152 6 1 5 10 13 2 6 0 9 3 14 11 7 4 8 12 15
159 153 6 1 5 10 13 2 6 9 0 3 14 11 7 4 8 12 15
160 154 6 1 5 10 13 2 6 9 7 3 14 11 0 4 8 12 15
159 155 4 1 5 10 13 2 6 9 7 3 14 11 15 4 8 12 0
164 158 6 1 5 10 13 2 6 9 7 3 14 0 15 4 8 12 11
165 159 6 1 5 10 13 2 6 9 7 3 0 14 15 4 8 12 11
165 159 6 1 5 10 13 2 6 0 7 3 14 9 15 4 8 12 11
165 160 5 1 5 0 13 2 6 10 7 3 14 9 15 4 8 12 11
167 161 6 1 5 13 0 2 6 10 7 3 14 9 15 4 8 12 11
168 163 5 1 5 13 11 2 6 10 7 3 14 9 15 4 8 12 0
172 166 6 1 5 13 11 2 6 10 7 3 14 0 15 4 8 12 9
173 167 6 1 5 13 11 2 6 10 7 3 0 14 15 4 8 12 9
168 162 6 1 5 13 7 2 6 10 0 3 14 9 15 4 8 12 11
167 161 6 1 0 5 13 2 6 10 7 3 14 9 15 4 8 12 11
166 160 6 1 5 10 13 2 6 7 0 3 14 9 15 4 8 12 11
168 162 6 9 5 0 7 2 6 10 13 3 14 11 15 4 8 12 1
165 159 6 1 5 7 9 2 6 10 13 3 14 0 15 4 8 12 11
166 160 6 1 5 7 9 2 6 10 13 3 0 14 15 4 8 12 11
153 147 6 1 5 13 7 2 6 10 15 3 14 11 0 4 8 12 9
153 148 5 1 5 13 7 2 6 10 15 3 14 11 9 4 8 12 0
156 150 6 1 5 13 0 2 6 10 15 3 14 11 9 4 8 12 7
156 151 5 1 5 0 13 2 6 10 15 3 14 11 9 4 8 12 7
158 152 6 1 0 5 13 2 6 10 15 3 14 11 9 4 8 12 7
158 152 6 1 5 10 13 2 6 0 15 3 14 11 9 4 8 12 7
159 153 6 1 5 10 13 2 6 15 0 3 14 11 9 4 8 12 7
160 154 6 1 5 10 13 2 6 15 9 3 14 11 0 4 8 12 7
160 155 5 1 5 10 13 2 6 15 9 3 14 11 7 4 8 12 0
157 151 6 1 5 13 15 2 6 10 0 3 14 11 9 4 8 12 7
168 162 6 1 5 0 7 2 6 10 13 3 14 9 15 4 8 12 11
163 157 6 1 5 10 0 2 6 9 7 3 14 11 15 4 8 12 13
166 160 6 1 5 10 9 2 6 0 7 3 14 11 15 4 8 12 13
166 161 5 1 5 0 9 2 6 10 7 3 14 11 15 4 8 12 13
166 162 4 1 5 9 0 2 6 10 7 3 14 11 15 4 8 12 13
166 164 2 1 5 9 13 2 6 10 7 3 14 11 15 4 8 12 0
171 167 4 1 5 9 13 2 6 10 7 3 14 0 15 4 8 12 11
172 168 4 1 5 9 13 2 6 10 7 3 0 14 15 4 8 12 11
171 167 4 0 5 9 13 2 6 10 7 3 14 11 15 4 8 12 1
170 166 4 1 5 9 13 2 6 10 7 3 14 11 15 0 8 12 4
173 169 4 1 5 9 13 2 6 10 7 3 0 11 15 14 8 12 4
169 165 4 1 5 9 13 2 6 10 7 3 14 11 15 4 8 0 12
169 165 4 1 5 9 13 2 6 10 7 3 14 11 0 4 8 12 15
170 166 4 1 5 9 13 2 6 10 0 3 14 11 7 4 8 12 15
167 163 4 1 5 9 7 2 6 10 0 3 14 11 15 4 8 12 13
169 164 5 1 5 9 7 2 6 0 10 3 14 11 15 4 8 12 13
169 164 5 1 5 9 7 2 6 10 15 3 14 11 0 4 8 12 13
169 165 4 1 5 9 7 2 6 10 15 3 14 11 13 4 8 12 0
172 167 5 1 5 9 0 2 6 10 15 3 14 11 13 4 8 12 7
173 168 5 1 5 9 15 2 6 10 0 3 14 11 13 4 8 12 7
174 169 5 1 5 9 15 2 6 10 13 3 14 11 0 4 8 12 7
174 170 4 1 5 9 15 2 6 10 13 3 14 11 7 4 8 12 0
173 168 5 2 5 9 13 0 6 10 7 3 14 11 15 4 8 12 1
172 167 5 1 5 9 13 2 6 0 10 3 14 11 7 4 8 12 15
173 168 5 1 5 9 13 2 6 10 7 3 14 12 15 4 8 0 11
173 169 4 1 5 9 13 2 6 10 7 3 14 12 15 4 8 11 0
174 169 5 1 5 9 13 2 6 10 7 3 8 14 15 4 0 12 11
169 164 5 0 5 9 1 2 6 10 7 3 14 11 15 4 8 12 13
171 167 4 13 5 9 1 2 6 10 7 3 14 11 15 4 8 12 0
173 168 5 5 0 9 13 2 6 10 7 3 14 11 15 4 8 12 1
175 170 5 6 5 9 13 2 0 10 7 3 14 11 15 4 8 12 1
176 171 5 6 5 9 13 2 14 10 7 3 0 11 15 4 8 12 1
174 169 5 1 5 9 0 2 6 10 7 3 14 11 15 13 8 12 4
175 171 4 1 5 9 4 2 6 10 7 3 14 11 15 13 8 12 0
175 170 5 1 5 9 7 2 6 10 0 3 14 11 15 13 8 12 4
172 167 5 1 5 9 13 2 6 10 7 0 14 11 15 3 8 12 4
173 168 5 1 5 9 13 2 6 10 7 14 0 11 15 3 8 12 4
171 166 5 1 5 9 13 2 6 10 7 3 14 0 11 4 8 12 15
172 167 5 1 5 9 13 2 6 10 7 3 0 14 11 4 8 12 15
171 166 5 1 5 9 13 2 6 10 7 3 14 0 15 4 8 11 12
172 167 5 1 5 9 13 2 6 10 7 3 0 14 15 4 8 11 12
175 170 5 1 5 9 13 2 0 10 7 3 6 11 15 14 8 12 4
175 170 5 1 5 9 13 2 6 10 7 0 3 11 15 14 8 12 4
176 171 5 1 5 9 13 2 6 10 7 14 3 11 15 0 8 12 4
176 173 3 1 5 9 13 2 6 10 7 14 3 11 15 4 8 12 0
181 176 5 1 5 9 13 2 6 10 7 14 3 0 15 4 8 12 11
182 177 5 1 5 9 13 2 6 10 7 14 0 3 15 4 8 12 11
183 178 5 1 5 9 13 2 6 10 7 0 14 3 15 4 8 12 11
181 176 5 0 5 9 13 2 6 10 7 14 3 11 15 4 8 12 1
180 175 5 1 5 9 0 2 6 10 7 14 3 11 15 4 8 12 13
181 176 5 1 5 9 7 2 6 10 0 14 3 11 15 4 8 12 13
174 169 5 1 5 9 13 2 0 10 7 3 6 14 15 4 8 12 11
172 167 5 1 5 9 0 2 6 10 13 3 14 11 7 4 8 12 15
173 168 5 0 5 9 13 2 6 10 7 3 14 11 15 1 8 12 4
175 171 4 4 5 9 13 2 6 10 7 3 14 11 15 1 8 12 0
172 167 5 1 5 9 13 2 6 10 7 3 14 11 15 8 0 12 4
173 168 5 1 5 9 13 2 6 10 7 3 0 11 15 8 14 12 4
174 169 5 13 5 9 0 2 6 10 7 3 14 11 15 4 8 12 1
175 170 5 13 5 9 7 2 6 10 0 3 14 11 15 4 8 12 1
174 169 5 4 5 9 13 2 6 10 7 3 14 11 15 0 8 12 1
177 172 5 4 5 9 13 2 6 10 7 3 0 11 15 14 8 12 1
171 166 5 1 5 9 13 2 6 10 7 3 14 11 15 4 0 8 12
172 167 5 1 5 9 13 2 6 10 7 3 0 11 15 4 14 8 12
170 165 5 1 5 9 10 2 6 0 7 3 14 11 15 4 8 12 13
171 166 5 1 5 9 10 2 6 7 0 3 14 11 15 4 8 12 13
172 167 5 1 5 9 0 2 6 7 10 3 14 11 15 4 8 12 13
172 169 3 1 5 9 13 2 6 7 10 3 14 11 15 4 8 12 0
177 172 5 1 5 9 13 2 6 7 10 3 14 0 15 4 8 12 11
178 173 5 1 5 9 13 2 6 7 10 3 0 14 15 4 8 12 11
178 173 5 1 5 9 13 2 6 0 10 3 14 7 15 4 8 12 11
178 174 4 1 5 9 13 2 6 10 0 3 14 7 15 4 8 12 11
180 175 5 1 5 9 13 2 6 10 15 3 14 7 0 4 8 12 11
180 176 4 1 5 9 13 2 6 10 15 3 14 7 11 4 8 12 0
184 179 5 1 5 9 13 2 6 10 15 3 14 0 11 4 8 12 7
184 180 4 1 5 9 13 2 6 10 15 3 14 11 0 4 8 12 7
184 181 3 1 5 9 13 2 6 10 15 3 14 11 7 4 8 12 0
184 181 3 1 5 9 13 2 6 10 0 3 14 11 15 4 8 12 7
186 182 4 1 5 9 13 2 6 0 10 3 14 11 15 4 8 12 7
186 182 4 1 5 9 0 2 6 10 13 3 14 11 15 4 8 12 7
187 184 3 1 5 9 7 2 6 10 13 3 14 11 15 4 8 12 0
192 187 5 1 5 9 7 2 6 10 13 3 14 0 15 4 8 12 11
193 188 5 1 5 9 7 2 6 10 13 3 0 14 15 4 8 12 11
192 187 5 0 5 9 7 2 6 10 13 3 14 11 15 4 8 12 1
194 189 5 7 5 9 0 2 6 10 13 3 14 11 15 4 8 12 1
195 191 4 7 5 9 1 2 6 10 13 3 14 11 15 4 8 12 0
194 190 4 7 5 9 13 2 6 10 0 3 14 11 15 4 8 12 1
196 191 5 7 5 9 13 2 6 0 10 3 14 11 15 4 8 12 1
196 191 5 7 5 9 13 2 6 10 15 3 14 11 0 4 8 12 1
196 192 4 7 5 9 13 2 6 10 15 3 14 11 1 4 8 12 0
200 195 5 0 5 9 13 2 6 10 15 3 14 11 1 4 8 12 7
191 186 5 1 5 9 7 2 6 10 13 3 14 11 15 0 8 12 4
194 189 5 1 5 9 7 2 6 10 13 3 0 11 15 14 8 12 4
194 189 5 1 5 9 0 2 6 10 13 3 14 11 15 7 8 12 4
195 191 4 1 5 9 4 2 6 10 13 3 14 11 15 7 8 12 0
194 190 4 1 5 9 13 2 6 10 0 3 14 11 15 7 8 12 4
196 191 5 1 5 9 13 2 6 0 10 3 14 11 15 7 8 12 4
196 191 5 1 5 9 13 2 6 10 15 3 14 11 0 7 8 12 4
196 192 4 1 5 9 13 2 6 10 15 3 14 11 4 7 8 12 0
199 194 5 1 5 9 13 2 6 10 15 3 14 11 4 0 8 12 7
202 197 5 1 5 9 13 2 6 10 15 3 0 11 4 14 8 12 7
190 185 5 1 5 9 7 2 6 10 13 3 14 11 15 4 8 0 12
188 183 5 1 5 9 13 2 6 11 10 3 14 0 15 4 8 12 7
189 184 5 1 5 9 13 2 6 11 10 3 0 14 15 4 8 12 7
189 184 5 0 5 9 13 2 6 10 15 3 14 11 7 4 8 12 1
175 170 5 1 5 9 13 2 6 7 10 3 14 11 15 4 8 0 12
190 185 5 1 5 9 4 2 6 10 13 3 14 11 15 0 8 12 7
193 188 5 1 5 9 4 2 6 10 13 3 0 11 15 14 8 12 7
189 184 5 0 5 9 1 2 6 10 13 3 14 11 15 4 8 12 7
190 185 5 1 5 9 7 2 6 10 13 3 14 11 0 4 8 12 15
191 186 5 1 5 9 7 2 6 10 0 3 14 11 13 4 8 12 15
192 187 5 1 5 9 0 2 6 10 7 3 14 11 13 4 8 12 15
193 189 4 1 5 9 15 2 6 10 7 3 14 11 13 4 8 12 0
195 190 5 1 5 9 15 2 6 10 7 3 14 11 0 4 8 12 13
196 191 5 1 5 9 15 2 6 10 0 3 14 11 7 4 8 12 13
188 183 5 1 5 0 9 2 6 10 13 3 14 11 15 4 8 12 7
175 170 5 1 5 9 13 2 6 10 7 3 11 0 15 14 8 12 4
175 170 5 1 5 9 13 2 6 7 10 3 14 11 0 4 8 12 15
176 171 5 1 5 9 13 2 6 7 0 3 14 11 10 4 8 12 15
177 172 5 1 5 9 13 2 6 0 7 3 14 11 10 4 8 12 15
181 176 5 1 5 9 13 2 6 10 15 3 14 0 7 4 8 12 11
182 177 5 1 5 9 13 2 6 10 15 3 0 14 7 4 8 12 11
188 183 5 1 5 9 13 2 6 10 15 3 14 11 7 0 8 12 4
191 186 5 1 5 9 13 2 6 10 15 3 0 11 7 14 8 12 4
188 183 5 1 5 9 0 2 6 10 15 3 14 11 7 4 8 12 13
180 175 5 1 5 9 0 2 6 10 13 3 14 7 15 4 8 12 11
181 177 4 1 5 9 11 2 6 10 13 3 14 7 15 4 8 12 0
185 180 5 1 5 9 11 2 6 10 13 3 14 0 15 4 8 12 7
186 181 5 1 5 9 11 2 6 10 13 3 0 14 15 4 8 12 7
188 183 5 1 5 9 13 2 0 6 10 3 14 11 15 4 8 12 7
189 184 5 1 5 9 13 2 14 6 10 3 0 11 15 4 8 12 7
185 180 5 1 5 9 13 2 6 10 15 3 0 14 11 4 8 12 7
188 183 5 1 5 0 13 2 6 9 10 3 14 11 15 4 8 12 7
190 185 5 1 5 9 10 2 6 0 13 3 14 11 15 4 8 12 7
191 186 5 1 5 9 10 2 6 13 0 3 14 11 15 4 8 12 7
192 187 5 1 5 9 0 2 6 13 10 3 14 11 15 4 8 12 7
193 189 4 1 5 9 7 2 6 13 10 3 14 11 15 4 8 12 0
176 171 5 1 5 9 13 2 6 7 10 3 14 11 15 0 8 12 4
179 174 5 1 5 9 13 2 6 7 10 3 0 11 15 14 8 12 4
187 182 5 1 5 9 13 2 6 10 15 3 14 11 7 4 8 0 12
177 172 5 0 5 9 13 2 6 7 10 3 14 11 15 4 8 12 1
173 168 5 1 5 9 13 2 6 10 7 3 14 15 0 4 8 12 11
173 169 4 1 5 9 13 2 6 10 7 3 14 15 11 4 8 12 0
174 169 5 1 5 9 13 2 6 10 0 3 14 15 7 4 8 12 11
173 168 5 1 5 9 13 2 6 0 7 3 14 10 15 4 8 12 11
174 169 5 1 5 9 13 2 6 7 0 3 14 10 15 4 8 12 11
170 165 5 1 5 9 4 2 6 10 7 3 14 11 15 0 8 12 13
173 168 5 1 5 9 4 2 6 10 7 3 0 11 15 14 8 12 13
174 169 5 1 5 9 13 2 6 10 7 0 3 14 15 4 8 12 11
175 170 5 1 5 9 13 2 6 10 7 3 8 11 15 14 0 12 4
176 171 5 1 5 9 13 2 6 10 7 3 8 11 15 0 14 12 4
176 173 3 1 5 9 13 2 6 10 7 3 8 11 15 4 14 12 0
181 176 5 1 5 9 13 2 6 10 7 3 8 0 15 4 14 12 11
182 177 5 1 5 9 13 2 6 10 7 3 0 8 15 4 14 12 11
183 178 5 1 5 9 13 2 6 10 7 3 14 8 15 4 0 12 11
181 176 5 0 5 9 13 2 6 10 7 3 8 11 15 4 14 12 1
180 175 5 1 5 9 0 2 6 10 7 3 8 11 15 4 14 12 13
181 176 5 1 5 9 7 2 6 10 0 3 8 11 15 4 14 12 13
179 174 5 1 5 9 13 2 6 10 7 3 8 11 15 4 14 0 12
180 175 5 1 5 9 13 2 6 10 7 3 8 11 15 4 0 14 12
180 176 4 1 5 9 13 2 6 10 7 3 0 11 15 4 8 14 12
182 177 5 1 5 9 13 2 6 10 7 3 11 0 15 4 8 14 12
183 178 5 1 5 9 13 2 6 10 7 3 11 14 15 4 8 0 12
182 179 3 1 5 9 13 2 6 10 7 3 11 14 15 4 8 12 0
186 182 4 1 5 9 13 2 6 10 7 3 11 0 15 4 8 12 14
186 183 3 1 5 9 13 2 6 10 7 3 0 11 15 4 8 12 14
188 184 4 1 5 9 13 2 6 10 7 0 3 11 15 4 8 12 14
188 184 4 1 5 9 13 2 6 10 7 3 8 11 15 4 0 12 14
188 184 4 1 5 9 13 2 0 10 7 3 6 11 15 4 8 12 14
190 185 5 1 5 9 13 2 10 0 7 3 6 11 15 4 8 12 14
191 186 5 1 5 9 13 2 10 7 0 3 6 11 15 4 8 12 14
188 183 5 1 5 9 13 2 6 0 7 3 11 10 15 4 8 12 14
189 184 5 1 5 9 13 2 6 7 0 3 11 10 15 4 8 12 14
190 185 5 1 5 9 13 0 2 10 7 3 6 11 15 4 8 12 14
190 185 5 1 0 9 13 2 5 10 7 3 6 11 15 4 8 12 14
190 185 5 1 5 9 13 2 6 10 7 3 8 11 15 4 12 0 14
190 186 4 1 5 9 13 2 6 10 7 3 8 11 15 4 12 14 0
190 185 5 1 5 9 13 2 6 10 7 3 8 11 15 0 4 12 14
191 187 4 1 5 9 13 2 6 10 7 3 8 11 15 14 4 12 0
193 188 5 1 5 9 13 2 6 10 7 3 0 11 15 8 4 12 14
194 189 5 1 5 9 13 2 6 10 7 3 4 11 15 8 0 12 14
194 190 4 1 5 9 13 2 6 10 7 3 4 11 15 0 8 12 14
195 192 3 1 5 9 13 2 6 10 7 3 4 11 15 14 8 12 0
200 195 5 1 5 9 13 2 6 10 7 3 4 0 15 14 8 12 11
201 196 5 1 5 9 13 2 6 10 7 3 0 4 15 14 8 12 11
200 195 5 0 5 9 13 2 6 10 7 3 4 11 15 14 8 12 1
202 197 5 14 5 9 13 2 6 10 7 3 4 11 15 0 8 12 1
204 200 4 14 5 9 13 2 6 10 7 3 0 11 15 4 8 12 1
203 199 4 14 5 9 13 2 6 10 7 3 4 11 15 1 8 12 0
206 201 5 14 5 9 13 2 6 10 7 3 11 0 15 4 8 12 1
206 201 5 14 5 9 13 2 6 10 7 0 3 11 15 4 8 12 1
206 201 5 14 5 9 13 2 6 10 7 3 8 11 15 4 0 12 1
198 193 5 1 5 9 13 2 6 10 7 3 4 11 0 14 8 12 15
199 194 5 1 5 9 13 2 6 10 0 3 4 11 7 14 8 12 15
190 185 5 1 5 9 13 2 6 10 7 4 3 11 15 0 8 12 14
191 187 4 1 5 9 13 2 6 10 7 4 3 11 15 14 8 12 0
193 188 5 1 5 9 13 2 6 10 7 4 0 11 15 3 8 12 14
185 180 5 1 5 9 13 2 6 10 7 3 11 14 0 4 8 12 15
186 181 5 1 5 9 13 2 6 10 7 3 11 0 14 4 8 12 15
186 182 4 1 5 9 13 2 6 10 7 3 0 11 14 4 8 12 15
188 183 5 1 5 9 13 2 6 10 7 0 3 11 14 4 8 12 15
188 183 5 1 5 9 13 2 6 10 7 3 8 11 14 4 0 12 15
188 183 5 1 5 9 13 2 0 10 7 3 6 11 14 4 8 12 15
186 181 5 1 5 9 13 2 6 10 0 3 11 14 7 4 8 12 15
186 181 5 1 5 9 0 2 6 10 7 3 11 14 15 4 8 12 13
187 182 5 1 5 9 7 2 6 10 0 3 11 14 15 4 8 12 13
182 177 5 1 5 9 13 2 6 10 7 0 3 11 15 4 8 14 12
179 174 5 1 5 9 13 2 6 10 7 3 8 11 0 4 14 12 15
180 175 5 1 5 9 13 2 6 10 0 3 8 11 7 4 14 12 15
198 193 5 1 5 9 0 2 6 10 7 3 4 11 15 13 8 12 14
199 195 4 1 5 9 14 2 6 10 7 3 4 11 15 13 8 12 0
202 197 5 1 5 9 14 2 6 10 7 3 4 11 15 0 8 12 13
204 200 4 1 5 9 14 2 6 10 7 3 0 11 15 4 8 12 13
206 201 5 1 5 9 14 2 6 10 7 3 11 0 15 4 8 12 13
206 201 5 1 5 9 14 2 6 10 7 0 3 11 15 4 8 12 13
206 201 5 1 5 9 14 2 6 10 7 3 8 11 15 4 0 12 13
206 201 5 1 5 9 14 2 0 10 7 3 6 11 15 4 8 12 13
199 194 5 1 5 9 7 2 6 10 0 3 4 11 15 13 8 12 14
190 185 5 1 5 9 13 0 6 10 7 2 3 11 15 4 8 12 14
197 192 5 0 5 9 13 2 6 10 7 3 4 11 15 1 8 12 14
179 174 5 1 5 9 13 2 6 10 7 14 3 11 0 4 8 12 15
180 175 5 1 5 9 13 2 6 10 0 14 3 11 7 4 8 12 15
182 177 5 1 5 9 13 2 0 10 7 3 6 11 15 4 8 14 12
198 193 5 1 5 9 13 2 6 10 7 3 4 11 15 14 8 0 12
187 182 5 0 5 9 13 2 6 10 7 3 11 14 15 4 8 12 1
199 194 5 1 5 9 0 2 6 10 7 3 4 11 15 14 8 12 13
200 195 5 1 5 9 7 2 6 10 0 3 4 11 15 14 8 12 13
188 183 5 1 5 9 13 2 6 10 7 3 11 15 0 4 8 12 14
188 184 4 1 5 9 13 2 6 10 7 3 11 15 14 4 8 12 0
189 184 5 1 5 9 13 2 6 10 0 3 11 15 7 4 8 12 14
206 201 5 14 5 9 13 2 0 10 7 3 6 11 15 4 8 12 1
194 189 5 1 5 9 13 2 6 10 7 0 4 11 15 3 8 12 14
188 183 5 1 5 9 13 2 6 10 7 3 11 12 15 4 8 0 14
188 184 4 1 5 9 13 2 6 10 7 3 11 12 15 4 8 14 0
186 181 5 1 5 9 13 2 6 10 7 3 11 14 15 0 8 12 4
189 184 5 1 5 9 13 2 6 10 7 3 0 14 15 11 8 12 4
190 185 5 1 5 9 13 2 6 10 7 3 14 0 15 11 8 12 4
179 174 5 1 5 9 13 2 6 10 7 14 3 11 15 4 8 0 12
181 175 6 1 5 9 13 2 6 10 7 14 3 11 15 4 0 8 12
182 176 6 1 5 9 13 2 6 10 7 14 0 11 15 4 3 8 12
183 177 6 1 5 9 13 2 6 10 7 0 14 11 15 4 3 8 12
181 175 6 1 5 9 13 2 6 10 7 14 3 0 15 4 8 11 12
182 176 6 1 5 9 13 2 6 10 7 14 0 3 15 4 8 11 12
183 177 6 1 5 9 13 2 6 10 7 0 14 3 15 4 8 11 12
174 168 6 1 5 9 13 2 6 10 7 3 14 11 15 8 12 0 4
174 169 5 1 5 9 13 2 6 10 7 3 14 11 15 8 12 4 0
177 171 6 1 5 9 13 2 6 10 7 3 14 11 15 0 12 4 8
180 174 6 1 5 9 13 2 6 10 7 3 0 11 15 14 12 4 8
181 175 6 1 5 9 13 2 6 10 7 3 12 11 15 14 0 4 8
182 176 6 1 5 9 13 2 6 10 7 3 12 11 15 14 4 0 8
182 177 5 1 5 9 13 2 6 10 7 3 12 11 15 14 4 8 0
185 179 6 1 5 9 13 2 6 10 7 3 12 11 15 0 4 8 14
185 180 5 1 5 9 13 2 6 10 7 3 12 11 15 4 0 8 14
185 181 4 1 5 9 13 2 6 10 7 3 12 11 15 4 8 0 14
185 182 3 1 5 9 13 2 6 10 7 3 12 11 15 4 8 14 0
190 185 5 1 5 9 13 2 6 10 7 3 12 0 15 4 8 14 11
191 186 5 1 5 9 13 2 6 10 7 3 0 12 15 4 8 14 11
191 186 5 1 5 9 13 2 6 10 7 3 12 14 15 4 8 0 11
191 187 4 1 5 9 13 2 6 10 7 3 12 14 15 4 8 11 0
190 185 5 0 5 9 13 2 6 10 7 3 12 11 15 4 8 14 1
189 184 5 1 5 9 0 2 6 10 7 3 12 11 15 4 8 14 13
190 185 5 1 5 9 7 2 6 10 0 3 12 11 15 4 8 14 13
189 184 5 1 5 9 13 2 6 10 7 3 12 11 15 0 8 14 4
192 187 5 1 5 9 13 2 6 10 7 3 0 11 15 12 8 14 4
188 183 5 1 5 9 13 2 6 10 7 3 12 11 0 4 8 14 15
189 184 5 1 5 9 13 2 6 10 0 3 12 11 7 4 8 14 15
187 182 5 1 5 9 13 2 6 10 7 3 12 0 15 4 8 11 14
188 183 5 1 5 9 13 2 6 10 7 3 0 12 15 4 8 11 14
186 181 5 1 5 9 13 2 6 10 7 3 0 11 15 4 12 8 14
188 182 6 1 5 9 13 2 6 10 7 3 11 0 15 4 12 8 14
189 183 6 1 5 9 13 2 6 10 7 3 11 8 15 4 12 0 14
189 184 5 1 5 9 13 2 6 10 7 3 11 8 15 4 12 14 0
189 184 5 1 5 9 13 2 6 10 7 3 11 8 15 4 0 12 14
190 185 5 1 5 9 13 2 6 10 7 3 0 8 15 4 11 12 14
191 186 5 1 5 9 13 2 6 10 7 3 8 0 15 4 11 12 14
193 187 6 1 5 9 13 2 6 10 7 3 8 15 0 4 11 12 14
193 188 5 1 5 9 13 2 6 10 7 3 8 15 14 4 11 12 0
197 191 6 1 5 9 13 2 6 10 7 3 8 0 14 4 11 12 15
198 192 6 1 5 9 13 2 6 10 7 3 8 14 0 4 11 12 15
197 193 4 1 5 9 13 2 6 10 7 3 8 14 15 4 11 12 0
202 196 6 0 5 9 13 2 6 10 7 3 8 14 15 4 11 12 1
174 168 6 1 5 9 13 2 0 10 7 3 6 11 15 4 14 8 12
201 195 6 1 5 9 0 2 6 10 7 3 8 14 15 4 11 12 13
202 196 6 1 5 9 7 2 6 10 0 3 8 14 15 4 11 12 13
175 169 6 0 5 9 1 2 6 7 10 3 14 11 15 4 8 12 13
177 172 5 13 5 9 1 2 6 7 10 3 14 11 15 4 8 12 0
179 173 6 1 5 9 13 2 6 7 10 3 14 12 15 4 8 0 11
179 174 5 1 5 9 13 2 6 7 10 3 14 12 15 4 8 11 0
180 174 6 1 5 9 13 2 6 7 10 3 8 14 15 4 0 12 11
179 173 6 1 5 9 13 2 6 7 10 3 14 15 0 4 8 12 11
179 174 5 1 5 9 13 2 6 7 10 3 14 15 11 4 8 12 0
180 174 6 1 5 0 13 2 6 9 10 3 14 7 15 4 8 12 11
184 178 6 1 5 9 0 2 6 10 15 3 14 7 11 4 8 12 13
185 179 6 1 5 9 15 2 6 10 0 3 14 7 11 4 8 12 13
186 180 6 1 5 9 15 2 6 10 11 3 14 7 0 4 8 12 13
186 181 5 1 5 9 15 2 6 10 11 3 14 7 13 4 8 12 0
190 184 6 1 5 9 15 2 6 10 11 3 14 0 13 4 8 12 7
191 185 6 1 5 9 15 2 6 10 11 3 14 13 0 4 8 12 7
191 186 5 1 5 9 15 2 6 10 11 3 14 13 7 4 8 12 0
194 188 6 1 5 9 0 2 6 10 11 3 14 13 7 4 8 12 15
195 189 6 1 5 9 11 2 6 10 0 3 14 13 7 4 8 12 15
196 190 6 1 5 9 11 2 6 10 7 3 14 13 0 4 8 12 15
195 191 4 1 5 9 11 2 6 10 7 3 14 13 15 4 8 12 0
199 194 5 1 5 9 11 2 6 10 7 3 14 0 15 4 8 12 13
200 195 5 1 5 9 11 2 6 10 7 3 0 14 15 4 8 12 13
198 193 5 1 5 9 0 2 6 10 7 3 14 13 15 4 8 12 11
199 194 5 1 5 9 7 2 6 10 0 3 14 13 15 4 8 12 11
201 195 6 1 5 9 7 2 6 0 10 3 14 13 15 4 8 12 11
194 188 6 1 5 9 7 2 6 0 13 3 14 10 15 4 8 12 11
195 189 6 1 5 9 7 2 6 13 0 3 14 10 15 4 8 12 11
196 190 6 1 5 9 0 2 6 13 7 3 14 10 15 4 8 12 11
197 192 5 1 5 9 11 2 6 13 7 3 14 10 15 4 8 12 0
201 195 6 1 5 9 11 2 6 13 7 3 14 0 15 4 8 12 10
202 196 6 1 5 9 11 2 6 13 7 3 0 14 15 4 8 12 10
204 198 6 1 5 9 13 2 6 10 15 3 8 11 4 14 0 12 7
205 199 6 1 5 9 13 2 6 10 15 3 8 11 4 0 14 12 7
206 201 5 1 5 9 13 2 6 10 15 3 8 11 4 7 14 12 0
208 202 6 1 5 9 13 2 6 10 15 3 8 11 0 7 14 12 4
208 203 5 1 5 9 13 2 6 10 0 3 8 11 15 7 14 12 4
210 204 6 1 5 9 13 2 6 0 10 3 8 11 15 7 14 12 4
191 185 6 1 5 9 13 2 6 11 10 0 3 14 15 4 8 12 7
198 192 6 7 5 0 13 2 6 9 10 3 14 11 15 4 8 12 1
200 194 6 7 5 9 1 2 6 10 13 3 14 0 15 4 8 12 11
201 195 6 7 5 9 1 2 6 10 13 3 0 14 15 4 8 12 11
198 192 6 7 5 9 13 2 0 6 10 3 14 11 15 4 8 12 1
199 193 6 7 5 9 13 2 14 6 10 3 0 11 15 4 8 12 1
200 194 6 7 5 9 13 2 6 10 15 3 14 11 1 0 8 12 4
203 197 6 7 5 9 13 2 6 10 15 3 0 11 1 14 8 12 4
199 193 6 7 5 9 13 2 6 10 15 3 14 11 1 4 8 0 12
202 196 6 5 0 9 13 2 6 10 15 3 14 11 1 4 8 12 7
202 196 6 2 5 9 13 0 6 10 15 3 14 11 1 4 8 12 7
200 194 6 7 5 9 0 2 6 10 15 3 14 11 1 4 8 12 13
202 196 6 0 5 9 7 2 6 10 15 3 14 11 1 4 8 12 13
204 199 5 13 5 9 7 2 6 10 15 3 14 11 1 4 8 12 0
203 197 6 13 5 9 0 2 6 10 15 3 14 11 1 4 8 12 7
204 198 6 13 5 9 15 2 6 10 0 3 14 11 1 4 8 12 7
205 199 6 13 5 9 15 2 6 10 1 3 14 11 0 4 8 12 7
205 200 5 13 5 9 15 2 6 10 1 3 14 11 7 4 8 12 0
209 203 6 0 5 9 15 2 6 10 1 3 14 11 7 4 8 12 13
211 205 6 15 5 9 0 2 6 10 1 3 14 11 7 4 8 12 13
211 207 4 15 5 9 13 2 6 10 1 3 14 11 7 4 8 12 0
215 210 5 0 5 9 13 2 6 10 1 3 14 11 7 4 8 12 15
213 208 5 15 5 9 13 2 6 10 1 3 14 11 0 4 8 12 7
214 209 5 15 5 9 13 2 6 10 0 3 14 11 1 4 8 12 7
216 210 6 15 5 9 13 2 6 0 10 3 14 11 1 4 8 12 7
196 190 6 1 5 9 7 2 6 10 13 3 8 11 15 14 0 12 4
197 191 6 1 5 9 7 2 6 10 13 3 8 11 15 0 14 12 4
197 193 4 1 5 9 7 2 6 10 13 3 8 11 15 4 14 12 0
200 195 5 1 5 9 0 2 6 10 13 3 8 11 15 4 14 12 7
200 196 4 1 5 9 13 2 6 10 0 3 8 11 15 4 14 12 7
202 197 5 1 5 9 13 2 6 0 10 3 8 11 15 4 14 12 7
202 197 5 1 5 9 13 2 6 10 15 3 8 11 0 4 14 12 7
202 198 4 1 5 9 13 2 6 10 15 3 8 11 7 4 14 12 0
207 201 6 1 5 9 13 2 6 10 15 3 8 0 7 4 14 12 11
208 202 6 1 5 9 13 2 6 10 15 3 8 7 0 4 14 12 11
208 203 5 1 5 9 13 2 6 10 15 3 8 7 11 4 14 12 0
208 203 5 1 5 9 13 2 6 10 0 3 8 7 15 4 14 12 11
210 204 6 1 5 9 13 2 6 0 10 3 8 7 15 4 14 12 11
211 205 6 1 5 9 13 2 6 7 10 3 8 0 15 4 14 12 11
212 206 6 1 5 9 13 2 6 7 10 3 0 8 15 4 14 12 11
213 207 6 1 5 9 13 2 6 7 10 3 14 8 15 4 0 12 11
199 193 6 1 5 9 13 2 6 10 15 3 14 11 4 7 8 0 12
198 192 6 1 5 9 13 2 6 10 15 3 14 0 11 7 8 12 4
199 193 6 1 5 9 13 2 6 10 15 3 0 14 11 7 8 12 4
201 195 6 1 5 9 13 2 6 10 15 3 14 0 4 7 8 12 11
202 196 6 1 5 9 13 2 6 10 15 3 14 4 0 7 8 12 11
202 197 5 1 5 9 13 2 6 10 15 3 14 4 11 7 8 12 0
202 197 5 1 5 9 13 2 6 10 0 3 14 4 15 7 8 12 11
204 198 6 1 5 9 13 2 6 0 10 3 14 4 15 7 8 12 11
205 199 6 1 5 9 13 2 6 4 10 3 14 0 15 7 8 12 11
206 200 6 1 5 9 13 2 6 4 10 3 0 14 15 7 8 12 11
204 198 6 1 5 9 13 2 0 10 15 3 6 11 4 14 8 12 7
204 198 6 1 5 9 13 2 6 10 15 3 11 0 4 14 8 12 7
205 199 6 1 5 9 13 2 6 10 15 3 11 4 0 14 8 12 7
205 200 5 1 5 9 13 2 6 10 15 3 11 4 7 14 8 12 0
205 200 5 1 5 9 13 2 6 10 0 3 11 4 15 14 8 12 7
207 201 6 1 5 9 13 2 6 0 10 3 11 4 15 14 8 12 7
208 202 6 1 5 9 13 2 6 4 10 3 11 0 15 14 8 12 7
208 203 5 1 5 9 13 2 6 4 10 3 0 11 15 14 8 12 7
210 204 6 1 5 9 13 2 6 4 10 0 3 11 15 14 8 12 7
211 205 6 1 5 9 13 2 6 4 10 14 3 11 15 0 8 12 7
212 207 5 1 5 9 13 2 6 4 10 14 3 11 15 7 8 12 0
192 186 6 13 5 9 0 2 6 10 15 3 14 11 7 4 8 12 1
193 188 5 13 5 9 1 2 6 10 15 3 14 11 7 4 8 12 0
195 189 6 13 5 9 1 2 6 10 15 3 14 11 0 4 8 12 7
195 190 5 13 5 9 1 2 6 10 0 3 14 11 15 4 8 12 7
196 191 5 13 5 9 0 2 6 10 1 3 14 11 15 4 8 12 7
197 193 4 13 5 9 7 2 6 10 1 3 14 11 15 4 8 12 0
197 193 4 0 5 9 13 2 6 10 1 3 14 11 15 4 8 12 7
199 196 3 7 5 9 13 2 6 10 1 3 14 11 15 4 8 12 0
204 199 5 7 5 9 13 2 6 10 1 3 14 0 15 4 8 12 11
205 200 5 7 5 9 13 2 6 10 1 3 0 14 15 4 8 12 11
203 198 5 7 5 9 0 2 6 10 1 3 14 11 15 4 8 12 13
204 199 5 7 5 9 1 2 6 10 0 3 14 11 15 4 8 12 13
202 197 5 7 5 9 13 2 6 10 1 3 14 11 15 4 8 0 12
201 196 5 6 5 9 13 2 0 10 1 3 14 11 15 4 8 12 7
202 197 5 6 5 9 13 2 14 10 1 3 0 11 15 4 8 12 7
200 195 5 4 5 9 13 2 6 10 1 3 14 11 15 0 8 12 7
201 197 4 4 5 9 13 2 6 10 1 3 14 11 15 7 8 12 0
205 200 5 0 5 9 13 2 6 10 1 3 14 11 15 7 8 12 4
203 198 5 4 5 9 13 2 6 10 1 3 0 11 15 14 8 12 7
199 194 5 2 5 9 13 0 6 10 1 3 14 11 15 4 8 12 7
201 196 5 0 5 9 7 2 6 10 1 3 14 11 15 4 8 12 13
199 194 5 5 0 9 13 2 6 10 1 3 14 11 15 4 8 12 7
202 197 5 7 5 9 13 2 6 10 1 3 14 11 0 4 8 12 15
203 198 5 7 5 9 13 2 6 10 0 3 14 11 1 4 8 12 15
203 198 5 7 5 9 13 2 6 10 1 3 14 11 15 0 8 12 4
206 201 5 7 5 9 13 2 6 10 1 3 0 11 15 14 8 12 4
208 202 6 7 5 9 13 2 6 10 1 3 11 0 15 14 8 12 4
167 161 6 1 5 10 9 2 6 7 0 3 14 11 15 4 8 12 13
168 162 6 1 5 10 0 2 6 7 9 3 14 11 15 4 8 12 13
168 164 4 1 5 10 13 2 6 7 9 3 14 11 15 4 8 12 0
173 167 6 1 5 10 13 2 6 7 9 3 14 0 15 4 8 12 11
174 168 6 1 5 10 13 2 6 7 9 3 0 14 15 4 8 12 11
191 185 6 2 5 9 1 0 6 10 13 3 14 11 15 4 8 12 7
193 187 6 1 5 9 13 2 0 10 15 3 6 11 7 14 8 12 4
195 189 6 0 5 9 1 2 6 10 7 3 14 11 13 4 8 12 15
197 192 5 15 5 9 1 2 6 10 7 3 14 11 13 4 8 12 0
200 194 6 15 5 9 0 2 6 10 7 3 14 11 13 4 8 12 1
201 195 6 15 5 9 7 2 6 10 0 3 14 11 13 4 8 12 1
202 196 6 15 5 9 7 2 6 10 13 3 14 11 0 4 8 12 1
202 197 5 15 5 9 7 2 6 10 13 3 14 11 1 4 8 12 0
206 200 6 0 5 9 7 2 6 10 13 3 14 11 1 4 8 12 15
196 190 6 1 5 9 15 2 6 10 7 3 14 11 13 4 8 0 12
177 171 6 1 5 9 13 2 6 10 7 3 11 12 15 14 8 0 4
177 172 5 1 5 9 13 2 6 10 7 3 11 12 15 14 8 4 0
181 175 6 1 5 9 13 2 6 10 7 3 11 0 15 14 8 4 12
181 176 5 1 5 9 13 2 6 10 7 3 0 11 15 14 8 4 12
183 177 6 1 5 9 13 2 6 10 7 0 3 11 15 14 8 4 12
184 178 6 1 5 9 13 2 6 10 7 14 3 11 15 0 8 4 12
185 180 5 1 5 9 13 2 6 10 7 14 3 11 15 12 8 4 0
187 181 6 1 5 9 13 2 6 10 7 14 3 11 15 12 8 0 4
178 172 6 1 5 9 0 2 6 7 13 3 14 11 10 4 8 12 15
179 174 5 1 5 9 15 2 6 7 13 3 14 11 10 4 8 12 0
181 175 6 1 5 9 15 2 6 7 13 3 14 11 0 4 8 12 10
182 176 6 1 5 9 15 2 6 7 0 3 14 11 13 4 8 12 10
183 177 6 1 5 9 15 2 6 0 7 3 14 11 13 4 8 12 10
176 170 6 1 5 9 4 2 6 10 15 3 14 11 13 0 8 12 7
177 172 5 1 5 9 4 2 6 10 15 3 14 11 13 7 8 12 0
180 174 6 1 5 9 0 2 6 10 15 3 14 11 13 7 8 12 4
181 175 6 1 5 9 15 2 6 10 0 3 14 11 13 7 8 12 4
182 176 6 1 5 9 15 2 6 10 13 3 14 11 0 7 8 12 4
182 177 5 1 5 9 15 2 6 10 13 3 14 11 4 7 8 12 0
185 179 6 1 5 9 0 2 6 10 13 3 14 11 4 7 8 12 15
185 180 5 1 5 9 13 2 6 10 0 3 14 11 4 7 8 12 15
186 181 5 1 5 9 13 2 6 10 4 3 14 11 0 7 8 12 15
185 182 3 1 5 9 13 2 6 10 4 3 14 11 15 7 8 12 0
188 184 4 1 5 9 13 2 6 10 4 3 14 11 15 0 8 12 7
191 187 4 1 5 9 13 2 6 10 4 3 0 11 15 14 8 12 7
193 188 5 1 5 9 13 2 6 10 4 3 11 0 15 14 8 12 7
193 188 5 1 5 9 13 2 6 10 4 0 3 11 15 14 8 12 7
194 189 5 1 5 9 13 2 6 10 4 14 3 11 15 0 8 12 7
195 191 4 1 5 9 13 2 6 10 4 14 3 11 15 7 8 12 0
197 192 5 1 5 9 13 2 6 10 4 14 0 11 15 3 8 12 7
193 188 5 1 5 9 13 2 6 10 4 3 8 11 15 14 0 12 7
194 189 5 1 5 9 13 2 6 10 4 3 8 11 15 0 14 12 7
195 191 4 1 5 9 13 2 6 10 4 3 8 11 15 7 14 12 0
197 192 5 1 5 9 13 2 6 10 4 3 0 11 15 8 14 12 7
193 188 5 1 5 9 13 2 0 10 4 3 6 11 15 14 8 12 7
192 187 5 1 5 9 0 2 6 10 4 3 14 11 15 13 8 12 7
193 189 4 1 5 9 7 2 6 10 4 3 14 11 15 13 8 12 0
196 191 5 1 5 9 7 2 6 10 4 3 14 11 15 0 8 12 13
199 194 5 1 5 9 7 2 6 10 4 3 0 11 15 14 8 12 13
193 188 5 1 5 9 4 2 6 10 0 3 14 11 15 13 8 12 7
191 186 5 0 5 9 13 2 6 10 4 3 14 11 15 1 8 12 7
193 189 4 7 5 9 13 2 6 10 4 3 14 11 15 1 8 12 0
196 191 5 7 5 9 13 2 6 10 4 3 14 11 15 0 8 12 1
199 194 5 7 5 9 13 2 6 10 4 3 0 11 15 14 8 12 1
190 185 5 1 5 9 13 2 6 10 4 3 14 0 15 7 8 12 11
191 186 5 1 5 9 13 2 6 10 4 3 0 14 15 7 8 12 11
190 185 5 1 5 9 13 2 6 10 4 0 14 11 15 3 8 12 7
190 185 5 1 5 9 13 2 6 10 4 3 14 11 15 8 0 12 7
188 183 5 1 5 9 13 2 6 10 4 3 14 11 15 7 8 0 12
190 185 5 0 5 9 13 2 6 10 4 3 14 11 15 7 8 12 1
189 184 5 1 5 9 0 2 6 10 4 3 14 11 15 7 8 12 13
190 185 5 1 5 9 4 2 6 10 0 3 14 11 15 7 8 12 13
192 186 6 1 5 9 4 2 6 0 10 3 14 11 15 7 8 12 13
193 187 6 1 5 9 13 2 6 10 4 3 8 14 15 7 0 12 11
194 188 6 1 5 9 13 2 6 10 4 3 8 14 15 0 7 12 11
195 190 5 1 5 9 13 2 6 10 4 3 8 14 15 11 7 12 0
199 193 6 1 5 9 13 2 6 10 4 3 8 0 15 11 7 12 14
200 194 6 1 5 9 13 2 6 10 4 3 0 8 15 11 7 12 14
200 195 5 1 5 9 13 2 6 10 4 3 7 8 15 11 0 12 14
201 196 5 1 5 9 13 2 6 10 4 3 7 8 15 0 11 12 14
202 198 4 1 5 9 13 2 6 10 4 3 7 8 15 14 11 12 0
206 201 5 1 5 9 13 2 6 10 4 3 7 0 15 14 11 12 8
208 202 6 1 5 9 13 2 6 10 4 3 7 15 0 14 11 12 8
208 203 5 1 5 9 13 2 6 10 4 3 7 15 8 14 11 12 0
212 206 6 1 5 9 13 2 6 10 4 3 7 0 8 14 11 12 15
182 176 6 1 5 0 9 2 6 10 7 14 3 11 15 4 8 12 13
190 184 6 1 5 9 13 0 2 6 10 3 14 11 15 4 8 12 7
184 178 6 1 5 9 10 2 6 0 13 3 14 7 15 4 8 12 11
185 179 6 1 5 9 10 2 6 13 0 3 14 7 15 4 8 12 11
186 180 6 1 5 9 0 2 6 13 10 3 14 7 15 4 8 12 11
187 182 5 1 5 9 11 2 6 13 10 3 14 7 15 4 8 12 0
191 185 6 1 5 9 11 2 6 13 10 3 14 0 15 4 8 12 7
192 186 6 1 5 9 11 2 6 13 10 3 0 14 15 4 8 12 7
192 186 6 1 5 9 11 2 6 0 10 3 14 13 15 4 8 12 7
192 187 5 1 5 9 11 2 6 10 0 3 14 13 15 4 8 12 7
193 188 5 1 5 9 0 2 6 10 11 3 14 13 15 4 8 12 7
194 190 4 1 5 9 7 2 6 10 11 3 14 13 15 4 8 12 0
198 193 5 1 5 9 7 2 6 10 11 3 14 0 15 4 8 12 13
199 194 5 1 5 9 7 2 6 10 11 3 0 14 15 4 8 12 13
201 195 6 1 5 9 7 2 6 10 11 0 3 14 15 4 8 12 13
201 195 6 1 5 9 7 2 6 10 11 3 8 14 15 4 0 12 13
201 195 6 1 5 9 7 2 0 10 11 3 6 14 15 4 8 12 13
195 189 6 1 5 0 9 2 6 10 11 3 14 13 15 4 8 12 7
200 194 6 1 5 9 7 2 6 10 11 3 14 15 0 4 8 12 13
200 195 5 1 5 9 7 2 6 10 11 3 14 15 13 4 8 12 0
204 198 6 1 5 9 7 2 6 10 11 3 14 0 13 4 8 12 15
205 199 6 1 5 9 7 2 6 10 11 3 0 14 13 4 8 12 15
203 197 6 1 5 9 0 2 6 10 11 3 14 15 13 4 8 12 7
204 198 6 1 5 9 11 2 6 10 0 3 14 15 13 4 8 12 7
201 195 6 1 5 9 7 2 6 10 0 3 14 15 11 4 8 12 13
200 194 6 1 5 9 7 2 6 10 11 3 14 12 15 4 8 0 13
200 195 5 1 5 9 7 2 6 10 11 3 14 12 15 4 8 13 0
204 198 6 1 5 9 7 2 6 10 11 3 14 0 15 4 8 13 12
205 199 6 1 5 9 7 2 6 10 11 3 0 14 15 4 8 13 12
203 197 6 1 5 9 0 2 6 10 11 3 14 12 15 4 8 13 7
204 198 6 1 5 9 11 2 6 10 0 3 14 12 15 4 8 13 7
200 194 6 1 5 9 7 2 6 0 11 3 14 10 15 4 8 12 13
201 195 6 1 5 9 7 2 6 11 0 3 14 10 15 4 8 12 13
202 196 6 1 5 9 0 2 6 11 7 3 14 10 15 4 8 12 13
202 198 4 1 5 9 13 2 6 11 7 3 14 10 15 4 8 12 0
206 201 5 1 5 9 13 2 6 11 7 3 14 0 15 4 8 12 10
206 202 4 1 5 9 13 2 6 0 7 3 14 11 15 4 8 12 10
207 203 4 1 5 9 13 2 6 7 0 3 14 11 15 4 8 12 10
209 204 5 1 5 9 13 2 6 7 15 3 14 11 0 4 8 12 10
209 205 4 1 5 9 13 2 6 7 15 3 14 11 10 4 8 12 0
209 204 5 1 5 9 0 2 6 7 13 3 14 11 15 4 8 12 10
210 206 4 1 5 9 10 2 6 7 13 3 14 11 15 4 8 12 0
212 207 5 1 5 9 7 2 6 0 13 3 14 11 15 4 8 12 10
213 208 5 1 5 9 7 2 6 13 0 3 14 11 15 4 8 12 10
214 209 5 1 5 9 0 2 6 13 7 3 14 11 15 4 8 12 10
215 211 4 1 5 9 10 2 6 13 7 3 14 11 15 4 8 12 0
208 203 5 1 5 9 13 2 0 6 7 3 14 11 15 4 8 12 10
209 204 5 1 5 9 13 2 14 6 7 3 0 11 15 4 8 12 10
208 203 5 1 5 0 13 2 6 9 7 3 14 11 15 4 8 12 10
207 202 5 1 5 9 13 2 6 11 7 3 0 14 15 4 8 12 10
209 203 6 1 5 9 13 2 6 11 7 0 3 14 15 4 8 12 10
210 204 6 1 0 9 13 2 5 6 7 3 14 11 15 4 8 12 10
209 203 6 1 5 9 13 2 6 11 7 3 8 14 15 4 0 12 10
209 203 6 1 5 9 13 2 0 11 7 3 6 14 15 4 8 12 10
210 204 6 1 5 9 13 2 11 0 7 3 6 14 15 4 8 12 10
211 205 6 1 5 9 13 2 11 7 0 3 6 14 15 4 8 12 10
211 205 6 1 5 9 13 2 11 14 7 3 6 0 15 4 8 12 10
212 206 6 1 5 9 13 2 11 14 7 3 0 6 15 4 8 12 10
213 207 6 1 5 9 13 2 0 14 7 3 11 6 15 4 8 12 10
214 208 6 1 5 9 13 2 14 0 7 3 11 6 15 4 8 12 10
215 209 6 1 5 9 13 2 14 7 0 3 11 6 15 4 8 12 10
220 214 6 0 5 9 10 2 6 13 7 3 14 11 15 4 8 12 1
222 216 6 10 5 9 0 2 6 13 7 3 14 11 15 4 8 12 1
224 219 5 10 5 9 13 2 6 0 7 3 14 11 15 4 8 12 1
225 220 5 10 5 9 13 2 6 7 0 3 14 11 15 4 8 12 1
223 218 5 10 5 9 1 2 6 13 7 3 14 11 15 4 8 12 0
227 221 6 10 5 9 13 2 6 7 15 3 14 11 0 4 8 12 1
227 222 5 10 5 9 13 2 6 7 15 3 14 11 1 4 8 12 0
231 225 6 0 5 9 13 2 6 7 15 3 14 11 1 4 8 12 10
227 221 6 10 5 9 0 2 6 7 13 3 14 11 15 4 8 12 1
228 223 5 10 5 9 1 2 6 7 13 3 14 11 15 4 8 12 0
230 224 6 10 5 9 7 2 6 0 13 3 14 11 15 4 8 12 1
226 220 6 10 5 9 13 2 0 6 7 3 14 11 15 4 8 12 1
227 221 6 10 5 9 13 2 14 6 7 3 0 11 15 4 8 12 1
194 188 6 1 5 9 11 2 6 10 15 3 14 13 0 4 8 12 7
194 189 5 1 5 9 11 2 6 10 15 3 14 13 7 4 8 12 0
198 192 6 1 5 9 11 2 6 10 15 3 14 0 7 4 8 12 13
199 193 6 1 5 9 11 2 6 10 15 3 14 7 0 4 8 12 13
199 194 5 1 5 9 11 2 6 10 15 3 14 7 13 4 8 12 0
199 194 5 1 5 9 11 2 6 10 0 3 14 7 15 4 8 12 13
200 195 5 1 5 9 0 2 6 10 11 3 14 7 15 4 8 12 13
200 197 3 1 5 9 13 2 6 10 11 3 14 7 15 4 8 12 0
204 200 4 1 5 9 13 2 6 10 11 3 14 0 15 4 8 12 7
205 201 4 1 5 9 13 2 6 10 11 3 0 14 15 4 8 12 7
207 202 5 1 5 9 13 2 6 10 11 0 3 14 15 4 8 12 7
207 202 5 1 5 9 13 2 6 10 11 3 8 14 15 4 0 12 7
207 202 5 1 5 9 13 2 0 10 11 3 6 14 15 4 8 12 7
206 201 5 1 5 9 13 2 6 10 11 3 14 15 0 4 8 12 7
206 202 4 1 5 9 13 2 6 10 11 3 14 15 7 4 8 12 0
210 205 5 1 5 9 13 2 6 10 11 3 14 0 7 4 8 12 15
211 206 5 1 5 9 13 2 6 10 11 3 0 14 7 4 8 12 15
207 202 5 1 5 9 13 2 6 10 0 3 14 15 11 4 8 12 7
206 201 5 1 5 9 13 2 6 10 11 3 14 12 15 4 8 0 7
206 202 4 1 5 9 13 2 6 10 11 3 14 12 15 4 8 7 0
210 205 5 1 5 9 13 2 6 10 11 3 14 0 15 4 8 7 12
211 206 5 1 5 9 13 2 6 10 11 3 0 14 15 4 8 7 12
206 201 5 1 5 9 13 2 6 0 11 3 14 10 15 4 8 12 7
207 202 5 1 5 9 13 2 6 11 0 3 14 10 15 4 8 12 7
205 200 5 0 5 9 13 2 6 10 11 3 14 7 15 4 8 12 1
203 198 5 1 5 9 13 2 6 10 11 3 14 7 15 4 8 0 12
203 198 5 1 5 9 13 2 6 10 11 3 14 7 0 4 8 12 15
204 199 5 1 5 9 13 2 6 10 0 3 14 7 11 4 8 12 15
204 199 5 1 5 9 13 2 6 10 11 3 14 7 15 0 8 12 4
207 202 5 1 5 9 13 2 6 10 11 3 0 7 15 14 8 12 4
207 203 4 1 5 9 13 2 6 10 11 3 7 0 15 14 8 12 4
209 204 5 1 5 9 13 2 6 10 11 3 7 15 0 14 8 12 4
209 205 4 1 5 9 13 2 6 10 11 3 7 15 4 14 8 12 0
213 208 5 1 5 9 13 2 6 10 11 3 7 0 4 14 8 12 15
214 209 5 1 5 9 13 2 6 10 11 3 7 4 0 14 8 12 15
213 210 3 1 5 9 13 2 6 10 11 3 7 4 15 14 8 12 0
216 212 4 1 5 9 13 2 6 10 11 3 7 4 15 0 8 12 14
220 215 5 1 5 9 13 2 6 10 11 3 0 4 15 7 8 12 14
221 216 5 1 5 9 13 2 6 10 11 3 4 0 15 7 8 12 14
220 215 5 1 5 9 0 2 6 10 11 3 7 4 15 13 8 12 14
221 217 4 1 5 9 14 2 6 10 11 3 7 4 15 13 8 12 0
225 220 5 1 5 9 14 2 6 10 11 3 7 0 15 13 8 12 4
224 219 5 1 5 9 14 2 6 10 11 3 7 4 15 0 8 12 13
221 216 5 1 5 9 11 2 6 10 0 3 7 4 15 13 8 12 14
219 214 5 0 5 9 13 2 6 10 11 3 7 4 15 1 8 12 14
221 217 4 14 5 9 13 2 6 10 11 3 7 4 15 1 8 12 0
225 220 5 14 5 9 13 2 6 10 11 3 7 0 15 1 8 12 4
224 219 5 14 5 9 13 2 6 10 11 3 7 4 15 0 8 12 1
218 213 5 1 5 9 13 2 6 10 11 3 7 4 15 8 0 12 14
210 205 5 1 5 9 13 2 6 10 0 3 7 15 11 14 8 12 4
217 212 5 1 5 9 0 2 6 10 11 3 7 4 15 14 8 12 13
218 213 5 1 5 9 11 2 6 10 0 3 7 4 15 14 8 12 13
209 204 5 1 5 9 13 2 6 10 11 3 7 12 15 14 8 0 4
209 205 4 1 5 9 13 2 6 10 11 3 7 12 15 14 8 4 0
213 208 5 1 5 9 13 2 6 10 11 3 7 0 15 14 8 4 12
212 207 5 1 5 9 13 2 6 10 11 3 7 12 15 0 8 4 14
214 209 5 1 5 9 13 2 6 10 11 3 7 4 15 14 8 0 12
215 210 5 1 5 9 13 2 6 10 0 3 7 4 11 14 8 12 15
209 204 5 1 5 9 13 2 6 0 11 3 7 10 15 14 8 12 4
210 205 5 1 5 9 13 2 6 11 0 3 7 10 15 14 8 12 4
218 213 5 1 5 9 13 2 6 10 11 0 7 4 15 3 8 12 14
212 207 5 1 5 9 13 2 6 10 11 3 7 15 4 0 8 12 14
218 213 5 0 5 9 13 2 6 10 11 3 7 4 15 14 8 12 1
222 216 6 6 5 9 13 2 0 10 11 3 7 4 15 14 8 12 1
221 215 6 13 5 9 0 2 6 10 11 3 7 4 15 14 8 12 1
222 217 5 13 5 9 1 2 6 10 11 3 7 4 15 14 8 12 0
226 220 6 13 5 9 1 2 6 10 11 3 7 0 15 14 8 12 4
225 219 6 13 5 9 1 2 6 10 11 3 7 4 15 0 8 12 14
224 218 6 13 5 9 14 2 6 10 11 3 7 4 15 0 8 12 1
225 220 5 13 5 9 14 2 6 10 11 3 7 4 15 1 8 12 0
229 223 6 13 5 9 14 2 6 10 11 3 7 0 15 1 8 12 4
218 212 6 1 5 9 10 2 6 13 7 3 14 11 0 4 8 12 15
219 213 6 1 5 9 10 2 6 13 0 3 14 11 7 4 8 12 15
220 214 6 1 5 9 0 2 6 13 10 3 14 11 7 4 8 12 15
221 216 5 1 5 9 15 2 6 13 10 3 14 11 7 4 8 12 0
223 217 6 1 5 9 15 2 6 13 10 3 14 11 0 4 8 12 7
224 218 6 1 5 9 15 2 6 13 0 3 14 11 10 4 8 12 7
225 219 6 1 5 9 15 2 6 0 13 3 14 11 10 4 8 12 7
225 219 6 1 5 9 0 2 6 13 15 3 14 11 10 4 8 12 7
227 222 5 1 5 9 13 2 6 0 15 3 14 11 10 4 8 12 7
228 223 5 1 5 9 13 2 6 15 0 3 14 11 10 4 8 12 7
229 224 5 1 5 9 13 2 6 15 10 3 14 11 0 4 8 12 7
229 225 4 1 5 9 13 2 6 15 10 3 14 11 7 4 8 12 0
226 221 5 1 5 9 7 2 6 13 15 3 14 11 10 4 8 12 0
234 228 6 1 5 9 13 2 6 15 10 3 14 0 7 4 8 12 11
235 229 6 1 5 9 13 2 6 15 10 3 14 7 0 4 8 12 11
235 230 5 1 5 9 13 2 6 15 10 3 14 7 11 4 8 12 0
236 230 6 1 5 9 13 2 6 15 0 3 14 7 10 4 8 12 11
237 231 6 1 5 9 13 2 6 0 15 3 14 7 10 4 8 12 11
235 229 6 1 5 9 13 2 6 15 10 3 0 14 7 4 8 12 11
226 220 6 10 5 9 13 2 6 11 7 3 14 0 15 4 8 12 1
227 221 6 10 5 9 13 2 6 11 7 3 0 14 15 4 8 12 1
197 191 6 1 5 9 7 2 6 10 11 3 14 13 0 4 8 12 15
198 192 6 1 5 9 7 2 6 10 0 3 14 13 11 4 8 12 15
199 193 6 1 5 9 0 2 6 10 7 3 14 13 11 4 8 12 15
200 195 5 1 5 9 15 2 6 10 7 3 14 13 11 4 8 12 0
202 196 6 1 5 9 15 2 6 10 7 3 14 13 0 4 8 12 11
203 197 6 1 5 9 15 2 6 10 0 3 14 13 7 4 8 12 11
211 205 6 1 5 0 9 2 6 7 13 3 14 11 15 4 8 12 10
212 206 6 1 5 7 9 2 6 0 13 3 14 11 15 4 8 12 10
213 207 6 1 5 7 9 2 6 13 0 3 14 11 15 4 8 12 10
214 208 6 1 5 7 0 2 6 13 9 3 14 11 15 4 8 12 10
216 211 5 1 5 7 13 2 6 0 9 3 14 11 15 4 8 12 10
217 212 5 1 5 7 13 2 6 9 0 3 14 11 15 4 8 12 10
217 212 5 1 5 0 13 2 6 7 9 3 14 11 15 4 8 12 10
215 210 5 1 5 7 10 2 6 13 9 3 14 11 15 4 8 12 0
219 213 6 1 5 13 0 2 6 7 9 3 14 11 15 4 8 12 10
220 215 5 1 5 13 10 2 6 7 9 3 14 11 15 4 8 12 0
190 184 6 1 0 5 13 2 6 9 10 3 14 11 15 4 8 12 7
222 216 6 1 5 13 7 2 6 0 9 3 14 11 15 4 8 12 10
223 217 6 1 5 13 7 2 6 9 0 3 14 11 15 4 8 12 10
220 214 6 1 5 13 9 2 6 7 0 3 14 11 15 4 8 12 10
221 215 6 1 5 13 9 2 6 0 7 3 14 11 15 4 8 12 10
212 206 6 1 5 9 13 2 6 10 11 3 14 12 7 4 8 0 15
212 207 5 1 5 9 13 2 6 10 11 3 14 12 7 4 8 15 0
216 210 6 1 5 9 13 2 6 10 11 3 14 0 7 4 8 15 12
217 211 6 1 5 9 13 2 6 10 11 3 14 7 0 4 8 15 12
217 212 5 1 5 9 13 2 6 10 11 3 14 7 12 4 8 15 0
221 215 6 1 5 9 13 2 6 10 11 3 14 0 12 4 8 15 7
222 216 6 1 5 9 13 2 6 10 11 3 0 14 12 4 8 15 7
222 216 6 1 5 9 13 2 6 10 11 3 14 15 12 4 8 0 7
222 217 5 1 5 9 13 2 6 10 11 3 14 15 12 4 8 7 0
226 220 6 1 5 9 13 2 6 10 11 3 14 0 12 4 8 7 15
227 221 6 1 5 9 13 2 6 10 11 3 0 14 12 4 8 7 15
198 192 6 1 5 9 13 2 6 11 10 3 14 0 15 7 8 12 4
199 193 6 1 5 9 13 2 6 11 10 3 0 14 15 7 8 12 4
196 190 6 1 5 9 7 2 6 13 10 3 14 11 0 4 8 12 15
197 191 6 1 5 9 7 2 6 13 0 3 14 11 10 4 8 12 15
198 192 6 1 5 9 0 2 6 13 7 3 14 11 10 4 8 12 15
199 194 5 1 5 9 15 2 6 13 7 3 14 11 10 4 8 12 0
201 195 6 1 5 9 15 2 6 13 7 3 14 11 0 4 8 12 10
202 196 6 1 5 9 15 2 6 13 0 3 14 11 7 4 8 12 10
203 197 6 1 5 9 15 2 6 0 13 3 14 11 7 4 8 12 10
203 197 6 1 5 9 0 2 6 13 15 3 14 11 7 4 8 12 10
205 200 5 1 5 9 13 2 6 0 15 3 14 11 7 4 8 12 10
206 201 5 1 5 9 13 2 6 15 0 3 14 11 7 4 8 12 10
207 202 5 1 5 9 13 2 6 15 7 3 14 11 0 4 8 12 10
207 203 4 1 5 9 13 2 6 15 7 3 14 11 10 4 8 12 0
204 199 5 1 5 9 10 2 6 13 15 3 14 11 7 4 8 12 0
213 207 6 1 5 9 13 2 6 10 11 0 3 14 7 4 8 12 15
212 206 6 1 5 9 13 2 6 15 7 3 14 0 10 4 8 12 11
213 207 6 1 5 9 13 2 6 15 7 3 14 10 0 4 8 12 11
213 208 5 1 5 9 13 2 6 15 7 3 14 10 11 4 8 12 0
183 177 6 1 5 9 7 2 6 10 15 3 8 11 0 4 14 12 13
183 178 5 1 5 9 7 2 6 10 15 3 8 11 13 4 14 12 0
186 180 6 1 5 9 0 2 6 10 15 3 8 11 13 4 14 12 7
187 181 6 1 5 9 15 2 6 10 0 3 8 11 13 4 14 12 7
188 182 6 1 5 9 15 2 6 10 13 3 8 11 0 4 14 12 7
188 183 5 1 5 9 15 2 6 10 13 3 8 11 7 4 14 12 0
214 208 6 1 5 9 13 2 6 15 0 3 14 10 7 4 8 12 11
176 170 6 1 5 9 13 2 6 7 15 3 14 10 0 4 8 12 11
176 171 5 1 5 9 13 2 6 7 15 3 14 10 11 4 8 12 0
208 202 6 1 5 0 13 2 6 9 11 3 14 10 15 4 8 12 7
212 206 6 1 5 9 13 2 6 10 11 3 14 15 0 4 8 7 12
213 207 6 1 5 9 13 2 6 10 0 3 14 15 11 4 8 7 12
210 204 6 1 0 5 13 2 6 9 7 3 14 11 15 4 8 12 10
213 207 6 1 5 9 13 2 0 10 11 3 6 14 15 4 8 7 12
214 208 6 1 5 9 7 2 6 11 13 3 14 0 15 4 8 12 10
215 209 6 1 5 9 7 2 6 11 13 3 0 14 15 4 8 12 10
209 203 6 1 5 9 0 2 6 11 13 3 14 10 15 4 8 12 7
210 205 5 1 5 9 7 2 6 11 13 3 14 10 15 4 8 12 0
207 201 6 5 0 9 13 2 6 10 11 3 14 7 15 4 8 12 1
213 207 6 1 5 9 13 2 6 10 11 3 8 14 15 4 0 7 12
214 208 6 1 5 9 13 2 6 10 11 3 8 14 15 4 7 0 12
213 209 4 1 5 9 13 2 6 10 11 3 8 14 15 4 7 12 0
217 212 5 1 5 9 13 2 6 10 11 3 8 0 15 4 7 12 14
218 213 5 1 5 9 13 2 6 10 11 3 0 8 15 4 7 12 14
218 214 4 1 5 9 13 2 6 10 11 3 7 8 15 4 0 12 14
220 215 5 1 5 9 13 2 6 10 11 3 7 8 15 4 12 0 14
220 216 4 1 5 9 13 2 6 10 11 3 7 8 15 4 12 14 0
224 219 5 1 5 9 13 2 6 10 11 3 7 0 15 4 12 14 8
225 220 5 1 5 9 13 2 6 10 11 3 7 14 15 4 12 0 8
225 221 4 1 5 9 13 2 6 10 11 3 7 14 15 4 12 8 0
225 221 4 1 5 9 13 2 6 10 11 3 7 14 15 4 0 12 8
227 222 5 1 5 9 13 2 6 10 11 3 7 14 15 0 4 12 8
228 224 4 1 5 9 13 2 6 10 11 3 7 14 15 8 4 12 0
232 227 5 1 5 9 13 2 6 10 11 3 7 0 15 8 4 12 14
227 222 5 1 5 9 13 2 6 10 11 3 0 14 15 4 7 12 8
228 223 5 1 5 9 13 2 6 10 11 3 14 0 15 4 7 12 8
221 216 5 1 5 9 13 2 6 10 11 3 7 0 15 4 12 8 14
220 215 5 1 5 9 13 2 6 10 11 3 7 8 15 0 4 12 14
221 217 4 1 5 9 13 2 6 10 11 3 7 8 15 14 4 12 0
225 220 5 1 5 9 13 2 6 10 11 3 7 0 15 14 4 12 8
227 221 6 1 5 9 13 2 6 10 11 3 7 15 0 14 4 12 8
227 222 5 1 5 9 13 2 6 10 11 3 7 15 8 14 4 12 0
231 225 6 1 5 9 13 2 6 10 11 3 7 0 8 14 4 12 15
193 187 6 1 5 9 13 2 10 7 15 3 6 11 0 4 8 12 14
193 188 5 1 5 9 13 2 10 7 15 3 6 11 14 4 8 12 0
230 224 6 1 5 9 13 2 6 10 11 3 7 15 8 0 4 12 14
230 225 5 1 5 9 13 2 6 10 11 3 7 15 8 4 0 12 14
232 226 6 1 5 9 13 2 6 10 11 3 7 15 8 4 12 0 14
232 227 5 1 5 9 13 2 6 10 11 3 7 15 8 4 12 14 0
236 230 6 1 5 9 13 2 6 10 11 3 7 0 8 4 12 14 15
237 231 6 1 5 9 13 2 6 10 11 3 7 14 8 4 12 0 15
237 232 5 1 5 9 13 2 6 10 11 3 7 14 8 4 12 15 0
237 232 5 1 5 9 13 2 6 10 11 3 7 14 8 4 0 12 15
239 233 6 1 5 9 13 2 6 10 11 3 7 14 8 0 4 12 15
240 235 5 1 5 9 13 2 6 10 11 3 7 14 8 15 4 12 0
244 238 6 1 5 9 13 2 6 10 11 3 7 0 8 15 4 12 14
245 239 6 1 5 9 13 2 6 10 11 3 7 8 0 15 4 12 14
245 240 5 1 5 9 13 2 6 10 11 3 7 8 14 15 4 12 0
249 243 6 1 5 9 13 2 6 10 11 3 7 0 14 15 4 12 8
248 242 6 1 5 9 13 2 6 10 11 3 7 8 14 0 4 12 15
248 243 5 1 5 9 13 2 6 10 11 3 7 8 14 4 0 12 15
250 244 6 1 5 9 13 2 6 10 11 3 7 8 14 4 12 0 15
250 245 5 1 5 9 13 2 6 10 11 3 7 8 14 4 12 15 0
254 248 6 1 5 9 13 2 6 10 11 3 7 0 14 4 12 15 8
255 249 6 1 5 9 13 2 6 10 11 3 7 15 14 4 12 0 8
255 250 5 1 5 9 13 2 6 10 11 3 7 15 14 4 12 8 0
255 250 5 1 5 9 13 2 6 10 11 3 7 15 14 4 0 12 8
257 251 6 1 5 9 13 2 6 10 11 3 7 15 14 0 4 12 8
258 253 5 1 5 9 13 2 6 10 11 3 7 15 14 8 4 12 0
262 256 6 1 5 9 13 2 6 10 11 3 7 0 14 8 4 12 15
257 251 6 1 5 9 13 2 6 10 11 3 0 15 14 4 7 12 8
258 252 6 1 5 9 13 2 6 10 11 3 15 0 14 4 7 12 8
259 253 6 1 5 9 13 2 6 10 11 3 15 14 0 4 7 12 8
259 254 5 1 5 9 13 2 6 10 11 3 15 14 8 4 7 12 0
263 257 6 1 5 9 13 2 6 10 11 3 15 0 8 4 7 12 14
264 258 6 1 5 9 13 2 6 10 11 3 15 8 0 4 7 12 14
264 259 5 1 5 9 13 2 6 10 11 3 15 8 14 4 7 12 0
222 216 6 1 5 9 13 2 6 10 11 0 3 4 15 7 8 12 14
223 217 6 1 5 9 13 2 6 10 11 7 3 4 15 0 8 12 14
224 219 5 1 5 9 13 2 6 10 11 7 3 4 15 14 8 12 0
228 222 6 1 5 9 13 2 6 10 11 7 3 0 15 14 8 12 4
229 223 6 1 5 9 13 2 6 10 11 7 0 3 15 14 8 12 4
229 224 5 1 5 9 13 2 6 10 11 0 7 3 15 14 8 12 4
230 225 5 1 5 9 13 2 6 10 11 14 7 3 15 0 8 12 4
230 227 3 1 5 9 13 2 6 10 11 14 7 3 15 4 8 12 0
234 230 4 1 5 9 13 2 6 10 11 14 7 0 15 4 8 12 3
236 231 5 1 5 9 13 2 6 10 11 14 7 15 0 4 8 12 3
236 232 4 1 5 9 13 2 6 10 11 14 7 15 3 4 8 12 0
240 235 5 1 5 9 13 2 6 10 11 14 7 0 3 4 8 12 15
237 232 5 1 5 9 13 2 6 10 0 14 7 15 11 4 8 12 3
236 231 5 1 5 9 13 2 6 10 11 14 0 7 15 4 8 12 3
237 232 5 1 5 9 13 2 6 10 11 0 14 7 15 4 8 12 3
236 231 5 1 5 9 13 2 6 10 11 14 7 12 15 4 8 0 3
236 232 4 1 5 9 13 2 6 10 11 14 7 12 15 4 8 3 0
240 235 5 1 5 9 13 2 6 10 11 14 7 0 15 4 8 3 12
236 231 5 1 5 9 13 2 6 0 11 14 7 10 15 4 8 12 3
237 232 5 1 5 9 13 2 6 11 0 14 7 10 15 4 8 12 3
235 230 5 0 5 9 13 2 6 10 11 14 7 3 15 4 8 12 1
234 229 5 1 5 9 0 2 6 10 11 14 7 3 15 4 8 12 13
235 230 5 1 5 9 11 2 6 10 0 14 7 3 15 4 8 12 13
233 228 5 1 5 9 13 2 6 10 11 14 7 3 15 4 8 0 12
233 228 5 1 5 9 13 2 6 10 11 14 7 3 0 4 8 12 15
234 229 5 1 5 9 13 2 6 10 0 14 7 3 11 4 8 12 15
236 230 6 1 5 9 13 2 6 0 10 14 7 3 11 4 8 12 15
237 231 6 1 5 9 13 2 6 3 10 14 7 0 11 4 8 12 15
237 232 5 1 5 9 13 2 6 3 10 14 7 11 0 4 8 12 15
236 233 3 1 5 9 13 2 6 3 10 14 7 11 15 4 8 12 0
241 236 5 1 5 9 13 2 6 3 10 14 7 0 15 4 8 12 11
242 237 5 1 5 9 13 2 6 0 10 14 7 3 15 4 8 12 11
242 238 4 1 5 9 13 2 6 10 0 14 7 3 15 4 8 12 11
244 239 5 1 5 9 13 2 6 10 15 14 7 3 0 4 8 12 11
244 240 4 1 5 9 13 2 6 10 15 14 7 3 11 4 8 12 0
248 243 5 1 5 9 13 2 6 10 15 14 7 0 11 4 8 12 3
248 244 4 1 5 9 13 2 6 10 15 14 7 11 0 4 8 12 3
248 245 3 1 5 9 13 2 6 10 15 14 7 11 3 4 8 12 0
248 245 3 1 5 9 13 2 6 10 0 14 7 11 15 4 8 12 3
250 246 4 1 5 9 13 2 6 0 10 14 7 11 15 4 8 12 3
250 246 4 1 5 9 0 2 6 10 13 14 7 11 15 4 8 12 3
251 248 3 1 5 9 3 2 6 10 13 14 7 11 15 4 8 12 0
256 251 5 1 5 9 3 2 6 10 13 14 7 0 15 4 8 12 11
256 251 5 0 5 9 3 2 6 10 13 14 7 11 15 4 8 12 1
258 253 5 3 5 9 0 2 6 10 13 14 7 11 15 4 8 12 1
259 255 4 3 5 9 1 2 6 10 13 14 7 11 15 4 8 12 0
258 254 4 3 5 9 13 2 6 10 0 14 7 11 15 4 8 12 1
260 255 5 3 5 9 13 2 6 0 10 14 7 11 15 4 8 12 1
260 255 5 3 5 9 13 2 6 10 15 14 7 11 0 4 8 12 1
260 256 4 3 5 9 13 2 6 10 15 14 7 11 1 4 8 12 0
264 259 5 0 5 9 13 2 6 10 15 14 7 11 1 4 8 12 3
255 250 5 1 5 9 3 2 6 10 13 14 7 11 15 0 8 12 4
258 253 5 1 5 9 0 2 6 10 13 14 7 11 15 3 8 12 4
259 255 4 1 5 9 4 2 6 10 13 14 7 11 15 3 8 12 0
258 254 4 1 5 9 13 2 6 10 0 14 7 11 15 3 8 12 4
260 255 5 1 5 9 13 2 6 0 10 14 7 11 15 3 8 12 4
260 255 5 1 5 9 13 2 6 10 15 14 7 11 0 3 8 12 4
260 256 4 1 5 9 13 2 6 10 15 14 7 11 4 3 8 12 0
263 258 5 1 5 9 13 2 6 10 15 14 7 11 4 0 8 12 3
264 259 5 1 5 9 13 2 6 10 15 0 7 11 4 14 8 12 3
256 251 5 1 5 9 3 2 6 10 13 0 7 11 15 14 8 12 4
254 249 5 1 5 9 10 2 6 0 13 14 7 11 15 4 8 12 3
255 250 5 1 5 9 10 2 6 13 0 14 7 11 15 4 8 12 3
256 251 5 1 5 9 0 2 6 13 10 14 7 11 15 4 8 12 3
257 253 4 1 5 9 3 2 6 13 10 14 7 11 15 4 8 12 0
252 247 5 1 5 0 13 2 6 9 10 14 7 11 15 4 8 12 3
252 247 5 1 5 9 0 2 6 10 15 14 7 11 3 4 8 12 13
253 248 5 1 5 9 15 2 6 10 0 14 7 11 3 4 8 12 13
254 249 5 1 5 9 15 2 6 10 3 14 7 11 0 4 8 12 13
254 250 4 1 5 9 15 2 6 10 3 14 7 11 13 4 8 12 0
257 252 5 1 5 9 0 2 6 10 3 14 7 11 13 4 8 12 15
258 253 5 1 5 9 3 2 6 10 0 14 7 11 13 4 8 12 15
253 248 5 0 5 9 1 2 6 10 13 14 7 11 15 4 8 12 3
240 235 5 1 5 9 0 2 6 3 10 14 7 11 15 4 8 12 13
243 238 5 1 5 9 3 2 6 0 10 14 7 11 15 4 8 12 13
243 239 4 1 5 9 3 2 6 10 0 14 7 11 15 4 8 12 13
244 240 4 1 5 9 0 2 6 10 3 14 7 11 15 4 8 12 13
244 242 2 1 5 9 13 2 6 10 3 14 7 11 15 4 8 12 0
249 245 4 1 5 9 13 2 6 10 3 14 7 0 15 4 8 12 11
249 245 4 0 5 9 13 2 6 10 3 14 7 11 15 4 8 12 1
248 244 4 1 5 9 13 2 6 10 3 14 7 11 15 0 8 12 4
249 245 4 1 5 9 13 2 6 10 3 0 7 11 15 14 8 12 4
247 243 4 1 5 9 13 2 6 10 3 14 7 11 15 4 8 0 12
247 243 4 1 5 9 13 2 6 10 3 14 7 11 0 4 8 12 15
248 244 4 1 5 9 13 2 6 10 0 14 7 11 3 4 8 12 15
250 245 5 1 5 9 13 2 6 0 10 14 7 11 3 4 8 12 15
252 247 5 1 5 9 13 2 6 10 3 14 0 11 15 7 8 12 4
253 248 5 1 5 9 13 2 6 10 3 0 14 11 15 7 8 12 4
254 249 5 1 5 9 13 2 6 10 3 7 14 11 15 0 8 12 4
254 251 3 1 5 9 13 2 6 10 3 7 14 11 15 4 8 12 0
259 254 5 1 5 9 13 2 6 10 3 7 14 0 15 4 8 12 11
260 255 5 1 5 9 13 2 6 10 3 7 0 14 15 4 8 12 11
260 256 4 1 5 9 13 2 6 10 3 0 7 14 15 4 8 12 11
262 257 5 1 5 9 13 2 6 10 3 4 7 14 15 0 8 12 11
263 259 4 1 5 9 13 2 6 10 3 4 7 14 15 11 8 12 0
267 262 5 1 5 9 13 2 6 10 3 4 7 0 15 11 8 12 14
262 257 5 1 5 9 13 0 6 10 3 2 7 14 15 4 8 12 11
259 254 5 0 5 9 13 2 6 10 3 7 14 11 15 4 8 12 1
258 253 5 1 5 9 0 2 6 10 3 7 14 11 15 4 8 12 13
259 254 5 1 5 9 3 2 6 10 0 7 14 11 15 4 8 12 13
257 252 5 1 5 9 13 2 6 10 3 7 14 11 15 4 8 0 12
252 247 5 1 5 9 13 2 0 6 10 14 7 11 15 4 8 12 3
251 246 5 1 5 9 13 2 6 0 3 14 7 10 15 4 8 12 11
252 247 5 1 5 9 13 2 6 3 0 14 7 10 15 4 8 12 11
254 249 5 1 5 9 3 2 6 10 13 14 7 11 15 4 8 0 12
241 236 5 1 5 9 10 2 6 3 0 14 7 11 15 4 8 12 13
245 240 5 1 5 9 13 2 6 10 15 14 7 0 3 4 8 12 11
242 237 5 1 5 9 10 2 6 0 3 14 7 11 15 4 8 12 13
245 240 5 1 5 9 3 2 6 10 15 14 7 11 0 4 8 12 13
245 241 4 1 5 9 3 2 6 10 15 14 7 11 13 4 8 12 0
248 243 5 1 5 9 0 2 6 10 15 14 7 11 13 4 8 12 3
249 244 5 1 5 9 15 2 6 10 0 14 7 11 13 4 8 12 3
250 245 5 1 5 9 15 2 6 10 13 14 7 11 0 4 8 12 3
250 246 4 1 5 9 15 2 6 10 13 14 7 11 3 4 8 12 0
253 248 5 0 5 9 13 2 6 10 15 14 7 11 3 4 8 12 1
248 243 5 1 5 9 4 2 6 10 3 14 7 11 15 0 8 12 13
249 245 4 1 5 9 4 2 6 10 3 14 7 11 15 13 8 12 0
249 244 5 1 5 9 4 2 6 10 3 0 7 11 15 14 8 12 13
246 241 5 1 5 0 9 2 6 10 3 14 7 11 15 4 8 12 13
251 246 5 2 5 9 13 0 6 10 3 14 7 11 15 4 8 12 1
252 247 5 2 5 9 13 14 6 10 3 0 7 11 15 4 8 12 1
251 246 5 1 5 9 13 0 6 10 3 2 7 11 15 14 8 12 4
251 246 5 5 0 9 13 2 6 10 3 14 7 11 15 4 8 12 1
251 246 5 0 5 9 13 2 6 10 3 14 7 11 15 1 8 12 4
253 249 4 4 5 9 13 2 6 10 3 14 7 11 15 1 8 12 0
252 247 5 1 5 9 13 2 6 11 10 14 7 0 15 4 8 12 3
252 247 5 1 5 9 0 2 6 10 3 14 7 11 15 13 8 12 4
253 248 5 1 5 9 3 2 6 10 0 14 7 11 15 13 8 12 4
251 246 5 1 5 9 13 2 6 10 3 14 0 7 15 4 8 12 11
252 247 5 1 5 9 13 2 6 10 3 0 14 7 15 4 8 12 11
239 234 5 1 5 9 13 2 6 3 10 14 7 11 15 4 8 0 12
251 246 5 1 5 9 13 2 6 10 3 14 7 12 15 4 8 0 11
251 247 4 1 5 9 13 2 6 10 3 14 7 12 15 4 8 11 0
244 239 5 1 5 9 0 2 6 10 13 14 7 3 15 4 8 12 11
245 241 4 1 5 9 11 2 6 10 13 14 7 3 15 4 8 12 0
249 244 5 1 5 9 11 2 6 10 13 14 7 0 15 4 8 12 3
252 247 5 1 5 0 9 2 6 10 13 14 7 11 15 4 8 12 3
249 244 5 1 5 9 13 2 6 10 3 14 7 0 15 4 8 11 12
249 244 5 1 5 9 13 2 6 10 3 14 7 11 15 4 0 8 12
253 248 5 6 5 9 13 2 0 10 3 14 7 11 15 4 8 12 1
251 246 5 1 5 9 13 2 6 10 15 14 7 11 3 4 8 0 12
238 233 5 1 5 9 13 2 6 3 0 14 7 11 10 4 8 12 15
239 234 5 1 5 9 13 2 6 0 3 14 7 11 10 4 8 12 15
252 247 5 1 5 9 13 2 6 10 15 14 7 11 3 0 8 12 4
253 248 5 1 5 9 13 2 6 10 15 0 7 11 3 14 8 12 4
249 244 5 1 5 9 13 2 6 10 3 14 7 0 11 4 8 12 15
250 245 5 1 5 9 0 2 6 10 13 14 7 11 3 4 8 12 15
251 246 5 1 5 9 13 2 6 10 3 14 7 15 0 4 8 12 11
251 247 4 1 5 9 13 2 6 10 3 14 7 15 11 4 8 12 0
252 247 5 1 5 9 13 2 6 10 0 14 7 15 3 4 8 12 11
257 252 5 1 5 9 13 2 6 10 3 7 14 11 0 4 8 12 15
258 253 5 1 5 9 13 2 6 10 0 7 14 11 3 4 8 12 15
252 247 5 4 5 9 13 2 6 10 3 14 7 11 15 0 8 12 1
253 248 5 4 5 9 13 2 6 10 3 0 7 11 15 14 8 12 1
247 242 5 0 5 9 1 2 6 10 3 14 7 11 15 4 8 12 13
249 245 4 13 5 9 1 2 6 10 3 14 7 11 15 4 8 12 0
250 245 5 1 5 9 13 2 6 10 3 14 7 11 15 8 0 12 4
240 235 5 1 5 9 13 2 6 3 10 14 7 11 15 0 8 12 4
241 236 5 1 5 9 13 2 6 3 10 0 7 11 15 14 8 12 4
251 246 5 1 5 9 13 2 6 10 3 7 0 11 15 14 8 12 4
241 236 5 0 5 9 13 2 6 3 10 14 7 11 15 4 8 12 1
254 249 5 1 5 9 3 2 6 10 13 14 7 11 0 4 8 12 15
252 247 5 13 5 9 0 2 6 10 3 14 7 11 15 4 8 12 1
253 248 5 13 5 9 3 2 6 10 0 14 7 11 15 4 8 12 1
254 249 5 1 5 9 4 2 6 10 13 14 7 11 15 0 8 12 3
255 250 5 1 5 9 4 2 6 10 13 0 7 11 15 14 8 12 3
257 251 6 1 5 9 4 2 6 10 13 7 0 11 15 14 8 12 3
174 168 6 1 5 9 13 2 6 10 7 0 3 11 15 4 14 8 12
257 251 6 1 5 9 4 0 6 10 13 2 7 11 15 14 8 12 3
219 213 6 1 5 9 10 2 6 13 7 3 14 11 15 0 8 12 4
222 216 6 1 5 9 10 2 6 13 7 3 0 11 15 14 8 12 4
172 166 6 1 5 9 10 2 6 11 7 3 14 0 15 4 8 12 13
173 167 6 1 5 9 10 2 6 11 7 3 0 14 15 4 8 12 13
228 222 6 1 5 9 14 2 6 10 11 3 0 4 15 7 8 12 13
229 223 6 1 5 9 14 2 6 10 11 3 4 0 15 7 8 12 13
223 217 6 1 5 9 11 2 6 0 10 3 7 4 15 13 8 12 14
224 218 6 1 5 9 11 2 6 4 10 3 7 0 15 13 8 12 14
225 219 6 14 5 9 0 2 6 10 11 3 7 4 15 1 8 12 13
228 222 6 14 5 9 1 2 6 10 11 3 7 4 15 0 8 12 13
229 224 5 14 5 9 1 2 6 10 11 3 7 4 15 13 8 12 0
233 227 6 14 5 9 1 2 6 10 11 3 7 0 15 13 8 12 4
226 220 6 14 5 9 13 2 6 10 11 3 7 4 15 8 0 12 1
227 221 6 14 5 9 13 2 6 10 11 3 7 12 15 1 8 0 4
227 222 5 14 5 9 13 2 6 10 11 3 7 12 15 1 8 4 0
231 225 6 14 5 9 13 2 6 10 11 3 7 0 15 1 8 4 12
227 221 6 14 5 9 13 2 6 10 11 3 7 15 0 1 8 12 4
227 222 5 14 5 9 13 2 6 10 11 3 7 15 4 1 8 12 0
231 225 6 14 5 9 13 2 6 10 11 3 7 0 4 1 8 12 15
220 214 6 1 5 9 13 2 6 10 11 3 0 4 15 8 7 12 14
221 215 6 1 5 9 13 2 6 10 11 3 4 0 15 8 7 12 14
220 214 6 1 5 9 13 2 6 10 11 3 7 4 15 8 12 0 14
220 215 5 1 5 9 13 2 6 10 11 3 7 4 15 8 12 14 0
224 218 6 1 5 9 13 2 6 10 11 3 7 0 15 8 12 14 4
225 219 6 1 5 9 13 2 6 10 11 3 7 14 15 8 12 0 4
225 220 5 1 5 9 13 2 6 10 11 3 7 14 15 8 12 4 0
225 220 5 1 5 9 13 2 6 10 11 3 7 14 15 8 0 12 4
225 221 4 1 5 9 13 2 6 10 11 3 7 14 15 0 8 12 4
225 223 2 1 5 9 13 2 6 10 11 3 7 14 15 4 8 12 0
229 226 3 1 5 9 13 2 6 10 11 3 7 0 15 4 8 12 14
231 227 4 1 5 9 13 2 6 10 11 3 7 15 0 4 8 12 14
231 228 3 1 5 9 13 2 6 10 11 3 7 15 14 4 8 12 0
235 231 4 1 5 9 13 2 6 10 11 3 7 0 14 4 8 12 15
232 228 4 1 5 9 13 2 6 10 0 3 7 15 11 4 8 12 14
231 227 4 1 5 9 13 2 6 10 11 3 0 7 15 4 8 12 14
231 227 4 1 5 9 13 2 6 10 11 3 7 12 15 4 8 0 14
231 228 3 1 5 9 13 2 6 10 11 3 7 12 15 4 8 14 0
235 231 4 1 5 9 13 2 6 10 11 3 7 0 15 4 8 14 12
231 227 4 1 5 9 13 2 6 0 11 3 7 10 15 4 8 12 14
232 228 4 1 5 9 13 2 6 11 0 3 7 10 15 4 8 12 14
230 226 4 0 5 9 13 2 6 10 11 3 7 14 15 4 8 12 1
228 224 4 1 5 9 13 2 6 10 11 3 7 14 0 4 8 12 15
229 225 4 1 5 9 13 2 6 10 0 3 7 14 11 4 8 12 15
229 225 4 1 5 9 0 2 6 10 11 3 7 14 15 4 8 12 13
230 226 4 1 5 9 11 2 6 10 0 3 7 14 15 4 8 12 13
228 224 4 1 5 9 13 2 6 10 11 3 7 14 15 4 8 0 12
230 225 5 1 5 9 13 2 6 10 11 3 7 14 15 4 0 8 12
234 229 5 6 5 9 13 2 0 10 11 3 7 14 15 4 8 12 1
233 228 5 4 5 9 13 2 6 10 11 3 7 14 15 0 8 12 1
234 230 4 4 5 9 13 2 6 10 11 3 7 14 15 1 8 12 0
238 233 5 4 5 9 13 2 6 10 11 3 7 0 15 1 8 12 14
232 227 5 1 5 9 11 2 6 0 10 3 7 14 15 4 8 12 13
233 228 5 1 5 9 11 2 6 14 10 3 7 0 15 4 8 12 13
232 227 5 1 5 9 11 2 6 10 15 3 7 14 0 4 8 12 13
232 228 4 1 5 9 11 2 6 10 15 3 7 14 13 4 8 12 0
236 231 5 1 5 9 11 2 6 10 15 3 7 0 13 4 8 12 14
237 232 5 1 5 9 11 2 6 10 15 3 7 13 0 4 8 12 14
237 233 4 1 5 9 11 2 6 10 15 3 7 13 14 4 8 12 0
237 233 4 1 5 9 11 2 6 10 0 3 7 13 15 4 8 12 14
238 234 4 1 5 9 0 2 6 10 11 3 7 13 15 4 8 12 14
239 236 3 1 5 9 14 2 6 10 11 3 7 13 15 4 8 12 0
243 239 4 1 5 9 14 2 6 10 11 3 7 0 15 4 8 12 13
245 240 5 1 5 9 14 2 6 10 11 3 7 15 0 4 8 12 13
245 241 4 1 5 9 14 2 6 10 11 3 7 15 13 4 8 12 0
249 244 5 1 5 9 14 2 6 10 11 3 7 0 13 4 8 12 15
248 243 5 1 5 9 0 2 6 10 11 3 7 15 13 4 8 12 14
249 244 5 1 5 9 11 2 6 10 0 3 7 15 13 4 8 12 14
250 245 5 1 5 9 11 2 6 10 13 3 7 15 0 4 8 12 14
250 246 4 1 5 9 11 2 6 10 13 3 7 0 15 4 8 12 14
250 246 4 1 5 9 11 2 6 10 13 3 7 15 14 4 8 12 0
254 249 5 1 5 9 11 2 6 10 13 3 7 0 14 4 8 12 15
255 250 5 1 5 9 11 2 6 10 13 3 7 14 0 4 8 12 15
254 251 3 1 5 9 11 2 6 10 13 3 7 14 15 4 8 12 0
257 253 4 1 5 9 0 2 6 10 13 3 7 14 15 4 8 12 11
257 254 3 1 5 9 13 2 6 10 0 3 7 14 15 4 8 12 11
259 255 4 1 5 9 13 2 6 0 10 3 7 14 15 4 8 12 11
260 256 4 1 5 9 13 2 6 14 10 3 7 0 15 4 8 12 11
259 255 4 1 5 9 13 2 6 10 15 3 7 14 0 4 8 12 11
259 256 3 1 5 9 13 2 6 10 15 3 7 14 11 4 8 12 0
263 259 4 1 5 9 13 2 6 10 15 3 7 0 11 4 8 12 14
263 260 3 1 5 9 13 2 6 10 15 3 7 11 0 4 8 12 14
263 261 2 1 5 9 13 2 6 10 15 3 7 11 14 4 8 12 0
263 261 2 1 5 9 13 2 6 10 0 3 7 11 15 4 8 12 14
265 262 3 1 5 9 13 2 6 0 10 3 7 11 15 4 8 12 14
265 262 3 1 5 9 0 2 6 10 13 3 7 11 15 4 8 12 14
266 264 2 1 5 9 14 2 6 10 13 3 7 11 15 4 8 12 0
271 267 4 1 5 9 14 2 6 10 13 3 7 0 15 4 8 12 11
271 267 4 0 5 9 14 2 6 10 13 3 7 11 15 4 8 12 1
273 269 4 14 5 9 0 2 6 10 13 3 7 11 15 4 8 12 1
274 271 3 14 5 9 1 2 6 10 13 3 7 11 15 4 8 12 0
273 270 3 14 5 9 13 2 6 10 0 3 7 11 15 4 8 12 1
275 271 4 14 5 9 13 2 6 0 10 3 7 11 15 4 8 12 1
275 271 4 14 5 9 13 2 6 10 15 3 7 11 0 4 8 12 1
275 272 3 14 5 9 13 2 6 10 15 3 7 11 1 4 8 12 0
279 275 4 0 5 9 13 2 6 10 15 3 7 11 1 4 8 12 14
270 266 4 1 5 9 14 2 6 10 13 3 7 11 15 0 8 12 4
273 269 4 1 5 9 0 2 6 10 13 3 7 11 15 14 8 12 4
274 271 3 1 5 9 4 2 6 10 13 3 7 11 15 14 8 12 0
273 270 3 1 5 9 13 2 6 10 0 3 7 11 15 14 8 12 4
275 271 4 1 5 9 13 2 6 0 10 3 7 11 15 14 8 12 4
275 271 4 1 5 9 13 2 6 10 15 3 7 11 0 14 8 12 4
275 272 3 1 5 9 13 2 6 10 15 3 7 11 4 14 8 12 0
278 274 4 1 5 9 13 2 6 10 15 3 7 11 4 0 8 12 14
269 265 4 1 5 9 14 2 6 10 13 3 7 11 15 4 8 0 12
269 265 4 1 5 9 14 2 6 10 13 3 7 11 0 4 8 12 15
270 266 4 1 5 9 14 2 6 10 0 3 7 11 13 4 8 12 15
270 267 3 1 5 9 0 2 6 10 14 3 7 11 13 4 8 12 15
271 269 2 1 5 9 15 2 6 10 14 3 7 11 13 4 8 12 0
273 270 3 1 5 9 15 2 6 10 14 3 7 11 0 4 8 12 13
275 271 4 1 5 9 15 2 6 10 14 3 7 0 11 4 8 12 13
275 271 4 1 5 9 15 2 6 10 0 3 7 11 14 4 8 12 13
267 263 4 1 5 9 13 2 6 10 15 3 7 11 14 0 8 12 4
276 272 4 0 5 9 15 2 6 10 14 3 7 11 13 4 8 12 1
278 274 4 15 5 9 0 2 6 10 14 3 7 11 13 4 8 12 1
279 276 3 15 5 9 1 2 6 10 14 3 7 11 13 4 8 12 0
281 277 4 15 5 9 1 2 6 10 14 3 7 11 0 4 8 12 13
275 271 4 1 5 9 15 2 6 10 14 3 7 11 13 0 8 12 4
278 274 4 1 5 9 0 2 6 10 14 3 7 11 13 15 8 12 4
279 276 3 1 5 9 4 2 6 10 14 3 7 11 13 15 8 12 0
281 277 4 1 5 9 4 2 6 10 14 3 7 11 0 15 8 12 13
274 270 4 1 5 9 15 2 6 10 14 3 7 11 13 4 8 0 12
269 265 4 1 5 9 4 2 6 10 13 3 7 11 15 0 8 12 14
274 270 4 1 5 9 4 2 6 10 14 3 7 11 13 0 8 12 15
267 263 4 1 5 9 13 2 6 11 10 3 7 0 15 4 8 12 14
268 264 4 0 5 9 13 2 6 10 15 3 7 11 14 4 8 12 1
267 263 4 1 5 0 9 2 6 10 13 3 7 11 15 4 8 12 14
273 269 4 0 5 9 1 2 6 10 14 3 7 11 13 4 8 12 15
269 265 4 1 5 9 10 2 6 0 13 3 7 11 15 4 8 12 14
270 266 4 1 5 9 10 2 6 13 0 3 7 11 15 4 8 12 14
271 267 4 1 5 9 0 2 6 13 10 3 7 11 15 4 8 12 14
272 269 3 1 5 9 14 2 6 13 10 3 7 11 15 4 8 12 0
272 268 4 1 5 0 9 2 6 10 14 3 7 11 13 4 8 12 15
260 256 4 1 5 9 13 2 6 10 15 3 7 0 14 4 8 12 11
267 263 4 1 5 0 13 2 6 9 10 3 7 11 15 4 8 12 14
267 263 4 1 5 9 13 2 0 6 10 3 7 11 15 4 8 12 14
274 270 4 1 5 9 10 2 6 0 14 3 7 11 13 4 8 12 15
276 272 4 1 5 9 15 2 6 10 14 3 7 0 13 4 8 12 11
277 273 4 1 5 9 15 2 6 10 14 3 7 13 0 4 8 12 11
277 274 3 1 5 9 15 2 6 10 14 3 7 13 11 4 8 12 0
280 276 4 1 5 9 0 2 6 10 14 3 7 13 11 4 8 12 15
266 262 4 1 5 9 13 2 6 10 15 3 7 11 14 4 8 0 12
267 263 4 1 5 9 0 2 6 10 15 3 7 11 14 4 8 12 13
268 264 4 0 5 9 1 2 6 10 13 3 7 11 15 4 8 12 14
272 267 5 6 5 9 1 2 0 10 13 3 7 11 15 4 8 12 14
271 266 5 4 5 9 1 2 6 10 13 3 7 11 15 0 8 12 14
272 268 4 4 5 9 1 2 6 10 13 3 7 11 15 14 8 12 0
275 270 5 4 5 9 0 2 6 10 13 3 7 11 15 14 8 12 1
275 271 4 4 5 9 13 2 6 10 0 3 7 11 15 14 8 12 1
277 272 5 4 5 9 13 2 6 0 10 3 7 11 15 14 8 12 1
277 272 5 4 5 9 13 2 6 10 15 3 7 11 0 14 8 12 1
277 273 4 4 5 9 13 2 6 10 15 3 7 11 1 14 8 12 0
281 276 5 0 5 9 13 2 6 10 15 3 7 11 1 14 8 12 4
274 269 5 4 5 9 0 2 6 10 13 3 7 11 15 1 8 12 14
275 271 4 4 5 9 14 2 6 10 13 3 7 11 15 1 8 12 0
274 270 4 4 5 9 13 2 6 10 0 3 7 11 15 1 8 12 14
276 271 5 4 5 9 13 2 6 0 10 3 7 11 15 1 8 12 14
276 271 5 4 5 9 13 2 6 10 15 3 7 11 0 1 8 12 14
276 272 4 4 5 9 13 2 6 10 15 3 7 11 14 1 8 12 0
236 231 5 0 5 9 13 2 6 10 11 3 7 15 14 4 8 12 1
237 232 5 1 5 9 13 2 6 0 11 3 7 10 14 4 8 12 15
238 233 5 1 5 9 13 2 6 11 0 3 7 10 14 4 8 12 15
238 234 4 1 5 9 13 2 6 11 14 3 7 10 0 4 8 12 15
237 235 2 1 5 9 13 2 6 11 14 3 7 10 15 4 8 12 0
241 238 3 1 5 9 13 2 6 11 14 3 7 0 15 4 8 12 10
241 239 2 1 5 9 13 2 6 0 14 3 7 11 15 4 8 12 10
243 240 3 1 5 9 13 2 6 14 0 3 7 11 15 4 8 12 10
243 240 3 1 5 9 13 2 0 6 14 3 7 11 15 4 8 12 10
243 240 3 1 5 0 13 2 6 9 14 3 7 11 15 4 8 12 10
245 241 4 1 5 13 0 2 6 9 14 3 7 11 15 4 8 12 10
246 243 3 1 5 13 10 2 6 9 14 3 7 11 15 4 8 12 0
248 244 4 1 5 13 9 2 6 0 14 3 7 11 15 4 8 12 10
249 245 4 1 5 0 9 2 6 13 14 3 7 11 15 4 8 12 10
249 246 3 1 5 9 0 2 6 13 14 3 7 11 15 4 8 12 10
250 248 2 1 5 9 10 2 6 13 14 3 7 11 15 4 8 12 0
255 251 4 1 5 9 10 2 6 13 14 3 7 0 15 4 8 12 11
256 252 4 1 5 9 10 2 6 0 14 3 7 13 15 4 8 12 11
255 251 4 0 5 9 10 2 6 13 14 3 7 11 15 4 8 12 1
257 253 4 10 5 9 0 2 6 13 14 3 7 11 15 4 8 12 1
259 256 3 10 5 9 13 2 6 0 14 3 7 11 15 4 8 12 1
258 255 3 10 5 9 1 2 6 13 14 3 7 11 15 4 8 12 0
261 257 4 10 5 9 13 2 6 14 0 3 7 11 15 4 8 12 1
261 257 4 10 5 9 13 2 0 6 14 3 7 11 15 4 8 12 1
261 257 4 10 5 9 13 2 6 11 14 3 7 0 15 4 8 12 1
261 257 4 10 5 0 13 2 6 9 14 3 7 11 15 4 8 12 1
254 250 4 1 5 9 10 2 6 13 14 3 7 11 15 0 8 12 4
257 253 4 1 5 9 0 2 6 13 14 3 7 11 15 10 8 12 4
259 256 3 1 5 9 13 2 6 0 14 3 7 11 15 10 8 12 4
258 255 3 1 5 9 4 2 6 13 14 3 7 11 15 10 8 12 0
261 257 4 1 5 9 13 2 6 14 0 3 7 11 15 10 8 12 4
261 257 4 1 5 9 13 2 0 6 14 3 7 11 15 10 8 12 4
261 257 4 1 5 9 13 2 6 11 14 3 7 0 15 10 8 12 4
261 257 4 1 5 0 13 2 6 9 14 3 7 11 15 10 8 12 4
251 247 4 1 5 9 14 2 6 13 0 3 7 11 15 4 8 12 10
252 248 4 1 5 9 14 2 6 0 13 3 7 11 15 4 8 12 10
242 238 4 0 5 9 13 2 6 11 14 3 7 10 15 4 8 12 1
241 237 4 1 5 9 0 2 6 11 14 3 7 10 15 4 8 12 13
244 240 4 1 5 9 11 2 6 0 14 3 7 10 15 4 8 12 13
244 241 3 1 5 9 11 2 6 10 14 3 7 0 15 4 8 12 13
246 242 4 1 5 9 11 2 6 10 14 3 7 15 0 4 8 12 13
246 243 3 1 5 9 11 2 6 10 14 3 7 15 13 4 8 12 0
250 246 4 1 5 9 11 2 6 10 14 3 7 0 13 4 8 12 15
251 247 4 1 5 9 11 2 6 10 14 3 7 13 0 4 8 12 15
250 248 2 1 5 9 11 2 6 10 14 3 7 13 15 4 8 12 0
253 250 3 1 5 9 0 2 6 10 14 3 7 13 15 4 8 12 11
257 253 4 1 5 9 4 2 6 10 14 3 7 13 15 0 8 12 11
258 255 3 1 5 9 4 2 6 10 14 3 7 13 15 11 8 12 0
262 258 4 1 5 9 4 2 6 10 14 3 7 0 15 11 8 12 13
261 257 4 1 5 9 0 2 6 10 14 3 7 13 15 11 8 12 4
256 252 4 0 5 9 1 2 6 10 14 3 7 13 15 4 8 12 11
258 255 3 11 5 9 1 2 6 10 14 3 7 13 15 4 8 12 0
262 258 4 11 5 9 1 2 6 10 14 3 7 0 15 4 8 12 13
261 257 4 11 5 9 0 2 6 10 14 3 7 13 15 4 8 12 1
255 251 4 1 5 9 14 2 6 10 0 3 7 13 15 4 8 12 11
245 241 4 1 5 9 13 0 2 6 14 3 7 11 15 4 8 12 10
239 235 4 1 5 9 13 2 6 11 14 3 7 0 10 4 8 12 15
239 236 3 1 5 9 13 2 6 0 14 3 7 11 10 4 8 12 15
241 237 4 1 5 9 13 2 6 14 0 3 7 11 10 4 8 12 15
242 238 4 1 5 9 13 2 6 14 10 3 7 11 0 4 8 12 15
241 239 2 1 5 9 13 2 6 14 10 3 7 11 15 4 8 12 0
246 242 4 0 5 9 13 2 6 14 10 3 7 11 15 4 8 12 1
245 241 4 1 5 9 0 2 6 14 10 3 7 11 15 4 8 12 13
248 244 4 1 5 9 14 2 6 0 10 3 7 11 15 4 8 12 13
248 245 3 1 5 9 14 2 6 10 0 3 7 11 15 4 8 12 13
248 246 2 1 5 9 0 2 6 10 14 3 7 11 15 4 8 12 13
248 248 0 1 5 9 13 2 6 10 14 3 7 11 15 4 8 12 0
