0 0 0 15 11 2 8 6 12 14 7 9 10 4 5 1 0 13 3
15 1 14 15 11 2 8 6 12 14 7 9 10 4 5 1 13 0 3
15 2 13 15 11 2 8 6 12 14 7 9 10 4 5 1 13 3 0
19 5 14 15 11 2 8 6 12 14 7 9 10 0 5 1 13 3 4
20 6 14 15 11 2 8 6 12 14 7 9 10 5 0 1 13 3 4
20 7 13 15 11 2 8 6 12 14 7 9 10 5 4 1 13 3 0
24 10 14 15 11 2 8 6 12 14 7 9 10 0 4 1 13 3 5
25 11 14 15 11 2 8 6 12 14 7 9 10 3 4 1 13 0 5
25 12 13 15 11 2 8 6 12 14 7 9 10 3 4 1 13 5 0
29 15 14 15 11 2 8 6 12 14 7 9 10 0 4 1 13 5 3
30 16 14 15 11 2 8 6 12 14 7 9 10 4 0 1 13 5 3
30 17 13 15 11 2 8 6 12 14 7 9 10 4 3 1 13 5 0
34 20 14 15 11 2 8 6 12 14 7 9 10 0 3 1 13 5 4
35 21 14 15 11 2 8 6 12 14 7 9 10 5 3 1 13 0 4
35 22 13 15 11 2 8 6 12 14 7 9 10 5 3 1 13 4 0
39 25 14 15 11 2 8 6 12 14 7 9 10 0 3 1 13 4 5
40 26 14 15 11 2 8 6 12 14 7 9 10 3 0 1 13 4 5
40 27 13 15 11 2 8 6 12 14 7 9 10 3 5 1 13 4 0
44 30 14 0 11 2 8 6 12 14 7 9 10 3 5 1 13 4 15
45 32 13 1 11 2 8 6 12 14 7 9 10 3 5 0 13 4 15
46 34 12 1 11 2 8 6 12 14 7 9 10 3 5 15 13 4 0
45 33 12 1 11 2 8 6 12 14 7 9 10 3 5 13 0 4 15
46 34 12 1 11 2 8 6 12 14 7 9 10 3 5 13 4 0 15
45 35 10 1 11 2 8 6 12 14 7 9 10 3 5 13 4 15 0
49 38 11 1 11 2 8 6 12 14 7 9 10 0 5 13 4 15 3
50 39 11 1 11 2 8 6 12 14 7 9 10 5 0 13 4 15 3
50 40 10 1 11 2 8 6 12 14 7 9 10 5 3 13 4 15 0
54 43 11 1 11 2 8 6 12 14 7 9 10 0 3 13 4 15 5
55 44 11 1 11 2 8 6 12 0 7 9 10 14 3 13 4 15 5
55 45 10 1 11 2 8 6 12 7 0 9 10 14 3 13 4 15 5
55 46 9 1 11 2 0 6 12 7 8 9 10 14 3 13 4 15 5
56 48 8 1 11 2 5 6 12 7 8 9 10 14 3 13 4 15 0
60 51 9 1 11 2 5 6 12 7 8 9 10 0 3 13 4 15 14
61 52 9 1 11 2 5 6 12 7 8 9 10 3 0 13 4 15 14
61 53 8 1 11 2 5 6 12 7 8 9 10 3 14 13 4 15 0
65 56 9 1 11 2 5 6 12 7 8 9 10 0 14 13 4 15 3
64 55 9 1 11 2 0 6 12 7 8 9 10 3 14 13 4 15 5
65 56 9 1 11 0 2 6 12 7 8 9 10 3 14 13 4 15 5
66 57 9 1 0 11 2 6 12 7 8 9 10 3 14 13 4 15 5
67 58 9 1 12 11 2 6 0 7 8 9 10 3 14 13 4 15 5
67 59 8 1 12 11 2 0 6 7 8 9 10 3 14 13 4 15 5
69 60 9 1 12 11 2 9 6 7 8 0 10 3 14 13 4 15 5
56 47 9 1 11 0 2 6 12 7 8 9 10 14 3 13 4 15 5
57 48 9 1 0 11 2 6 12 7 8 9 10 14 3 13 4 15 5
58 49 9 1 12 11 2 6 0 7 8 9 10 14 3 13 4 15 5
58 50 8 1 12 11 2 0 6 7 8 9 10 14 3 13 4 15 5
60 51 9 1 12 11 2 9 6 7 8 0 10 14 3 13 4 15 5
58 49 9 1 11 2 5 6 12 7 8 9 10 14 0 13 4 15 3
60 50 10 1 11 2 5 6 12 7 0 9 10 14 8 13 4 15 3
61 51 10 1 11 2 0 6 12 7 5 9 10 14 8 13 4 15 3
62 53 9 1 11 2 3 6 12 7 5 9 10 14 8 13 4 15 0
66 56 10 1 11 2 3 6 12 7 5 9 10 0 8 13 4 15 14
67 57 10 1 11 2 3 6 12 7 5 9 10 8 0 13 4 15 14
67 58 9 1 11 2 3 6 12 7 5 9 10 8 14 13 4 15 0
71 61 10 1 11 2 3 6 12 7 5 9 10 0 14 13 4 15 8
58 48 10 0 11 2 1 6 12 7 8 9 10 14 3 13 4 15 5
60 51 9 5 11 2 1 6 12 7 8 9 10 14 3 13 4 15 0
64 54 10 5 11 2 1 6 12 7 8 9 10 0 3 13 4 15 14
65 55 10 5 11 2 1 6 12 7 8 9 10 3 0 13 4 15 14
65 56 9 5 11 2 1 6 12 7 8 9 10 3 14 13 4 15 0
69 59 10 5 11 2 1 6 12 7 8 9 10 0 14 13 4 15 3
68 58 10 5 11 2 0 6 12 7 8 9 10 3 14 13 4 15 1
69 59 10 5 11 0 2 6 12 7 8 9 10 3 14 13 4 15 1
70 60 10 5 0 11 2 6 12 7 8 9 10 3 14 13 4 15 1
71 61 10 0 5 11 2 6 12 7 8 9 10 3 14 13 4 15 1
72 64 8 1 5 11 2 6 12 7 8 9 10 3 14 13 4 15 0
76 67 9 1 5 11 2 6 12 7 8 9 10 0 14 13 4 15 3
77 68 9 1 5 11 2 6 12 7 8 9 10 14 0 13 4 15 3
77 69 8 1 5 11 2 6 12 7 8 9 10 14 3 13 4 15 0
81 72 9 1 5 11 2 6 12 7 8 9 10 0 3 13 4 15 14
80 71 9 1 5 11 0 6 12 7 8 9 10 14 3 13 4 15 2
81 72 9 1 5 0 11 6 12 7 8 9 10 14 3 13 4 15 2
82 73 9 1 0 5 11 6 12 7 8 9 10 14 3 13 4 15 2
83 74 9 1 12 5 11 6 0 7 8 9 10 14 3 13 4 15 2
83 75 8 1 12 5 11 0 6 7 8 9 10 14 3 13 4 15 2
85 76 9 1 12 5 11 9 6 7 8 0 10 14 3 13 4 15 2
75 66 9 1 5 11 0 6 12 7 8 9 10 3 14 13 4 15 2
76 67 9 1 5 0 11 6 12 7 8 9 10 3 14 13 4 15 2
77 68 9 1 0 5 11 6 12 7 8 9 10 3 14 13 4 15 2
78 69 9 1 12 5 11 6 0 7 8 9 10 3 14 13 4 15 2
78 70 8 1 12 5 11 0 6 7 8 9 10 3 14 13 4 15 2
80 71 9 1 12 5 11 9 6 7 8 0 10 3 14 13 4 15 2
74 65 9 1 5 11 2 6 12 7 8 9 10 3 0 13 4 15 14
76 66 10 1 5 11 2 6 12 7 0 9 10 3 8 13 4 15 14
77 67 10 1 5 11 0 6 12 7 2 9 10 3 8 13 4 15 14
78 69 9 1 5 11 14 6 12 7 2 9 10 3 8 13 4 15 0
82 72 10 1 5 11 14 6 12 7 2 9 10 0 8 13 4 15 3
83 73 10 1 5 11 14 6 12 7 2 9 10 8 0 13 4 15 3
83 74 9 1 5 11 14 6 12 7 2 9 10 8 3 13 4 15 0
87 77 10 1 5 11 14 6 12 7 2 9 10 0 3 13 4 15 8
79 69 10 1 5 11 2 6 12 7 0 9 10 14 8 13 4 15 3
80 70 10 1 5 11 0 6 12 7 2 9 10 14 8 13 4 15 3
81 72 9 1 5 11 3 6 12 7 2 9 10 14 8 13 4 15 0
85 75 10 1 5 11 3 6 12 7 2 9 10 0 8 13 4 15 14
86 76 10 1 5 11 3 6 12 7 2 9 10 8 0 13 4 15 14
86 77 9 1 5 11 3 6 12 7 2 9 10 8 14 13 4 15 0
90 80 10 1 5 11 3 6 12 7 2 9 10 0 14 13 4 15 8
78 68 10 1 5 11 2 6 12 0 8 9 10 7 14 13 4 15 3
79 69 10 1 5 11 2 6 0 12 8 9 10 7 14 13 4 15 3
79 70 9 1 5 11 2 0 6 12 8 9 10 7 14 13 4 15 3
81 71 10 1 5 11 2 9 6 12 8 0 10 7 14 13 4 15 3
61 51 10 12 11 2 1 6 0 7 8 9 10 14 3 13 4 15 5
61 52 9 12 11 2 1 0 6 7 8 9 10 14 3 13 4 15 5
63 53 10 12 11 2 1 9 6 7 8 0 10 14 3 13 4 15 5
82 72 10 1 5 11 8 6 12 7 0 9 10 14 3 13 4 15 2
83 73 10 1 5 11 8 6 12 7 3 9 10 14 0 13 4 15 2
83 74 9 1 5 11 8 6 12 7 3 9 10 14 2 13 4 15 0
87 77 10 1 5 11 8 6 12 7 3 9 10 0 2 13 4 15 14
88 78 10 1 5 11 8 6 12 7 3 9 10 2 0 13 4 15 14
88 79 9 1 5 11 8 6 12 7 3 9 10 2 14 13 4 15 0
91 81 10 1 5 11 0 6 12 7 3 9 10 2 14 13 4 15 8
92 82 10 1 5 0 11 6 12 7 3 9 10 2 14 13 4 15 8
93 83 10 1 0 5 11 6 12 7 3 9 10 2 14 13 4 15 8
94 84 10 1 12 5 11 6 0 7 3 9 10 2 14 13 4 15 8
94 85 9 1 12 5 11 0 6 7 3 9 10 2 14 13 4 15 8
96 86 10 1 12 5 11 9 6 7 3 0 10 2 14 13 4 15 8
62 52 10 1 11 2 5 6 12 7 8 9 0 10 3 13 4 15 14
63 53 10 1 11 2 5 6 12 7 8 9 4 10 3 13 0 15 14
83 73 10 1 5 7 11 6 12 0 8 9 10 14 3 13 4 15 2
84 74 10 1 5 7 11 6 0 12 8 9 10 14 3 13 4 15 2
84 75 9 1 5 7 11 0 6 12 8 9 10 14 3 13 4 15 2
86 76 10 1 5 7 11 9 6 12 8 0 10 14 3 13 4 15 2
85 75 10 1 0 7 11 6 5 12 8 9 10 14 3 13 4 15 2
86 76 10 1 7 0 11 6 5 12 8 9 10 14 3 13 4 15 2
87 77 10 1 7 11 0 6 5 12 8 9 10 14 3 13 4 15 2
88 79 9 1 7 11 2 6 5 12 8 9 10 14 3 13 4 15 0
92 82 10 1 7 11 2 6 5 12 8 9 10 0 3 13 4 15 14
93 83 10 1 7 11 2 6 5 12 8 9 10 3 0 13 4 15 14
93 84 9 1 7 11 2 6 5 12 8 9 10 3 14 13 4 15 0
97 87 10 1 7 11 2 6 5 12 8 9 10 0 14 13 4 15 3
98 88 10 1 7 11 2 6 5 0 8 9 10 12 14 13 4 15 3
99 89 10 1 7 11 2 6 0 5 8 9 10 12 14 13 4 15 3
99 90 9 1 7 11 2 0 6 5 8 9 10 12 14 13 4 15 3
101 91 10 1 7 11 2 9 6 5 8 0 10 12 14 13 4 15 3
90 80 10 1 7 11 12 6 5 0 8 9 10 14 3 13 4 15 2
91 81 10 1 7 11 12 6 0 5 8 9 10 14 3 13 4 15 2
91 82 9 1 7 11 12 0 6 5 8 9 10 14 3 13 4 15 2
93 83 10 1 7 11 12 9 6 5 8 0 10 14 3 13 4 15 2
92 82 10 1 0 11 12 6 7 5 8 9 10 14 3 13 4 15 2
93 83 10 1 11 0 12 6 7 5 8 9 10 14 3 13 4 15 2
94 84 10 1 11 12 0 6 7 5 8 9 10 14 3 13 4 15 2
95 86 9 1 11 12 2 6 7 5 8 9 10 14 3 13 4 15 0
99 89 10 1 11 12 2 6 7 5 8 9 10 0 3 13 4 15 14
100 90 10 1 11 12 2 6 7 5 8 9 10 3 0 13 4 15 14
100 91 9 1 11 12 2 6 7 5 8 9 10 3 14 13 4 15 0
104 94 10 1 11 12 2 6 7 5 8 9 10 0 14 13 4 15 3
105 95 10 1 11 12 2 6 7 0 8 9 10 5 14 13 4 15 3
105 96 9 1 11 12 2 6 0 7 8 9 10 5 14 13 4 15 3
105 97 8 1 11 12 2 0 6 7 8 9 10 5 14 13 4 15 3
107 98 9 1 11 12 2 9 6 7 8 0 10 5 14 13 4 15 3
106 97 9 1 0 12 2 6 11 7 8 9 10 5 14 13 4 15 3
107 98 9 1 12 0 2 6 11 7 8 9 10 5 14 13 4 15 3
108 99 9 1 12 2 0 6 11 7 8 9 10 5 14 13 4 15 3
109 101 8 1 12 2 3 6 11 7 8 9 10 5 14 13 4 15 0
113 104 9 1 12 2 3 6 11 7 8 9 10 0 14 13 4 15 5
114 105 9 1 12 2 3 6 11 7 8 9 10 14 0 13 4 15 5
114 106 8 1 12 2 3 6 11 7 8 9 10 14 5 13 4 15 0
118 109 9 1 12 2 3 6 11 7 8 9 10 0 5 13 4 15 14
117 108 9 1 12 2 0 6 11 7 8 9 10 14 5 13 4 15 3
118 109 9 1 12 0 2 6 11 7 8 9 10 14 5 13 4 15 3
119 110 9 1 0 12 2 6 11 7 8 9 10 14 5 13 4 15 3
120 111 9 1 11 12 2 6 0 7 8 9 10 14 5 13 4 15 3
120 112 8 1 11 12 2 0 6 7 8 9 10 14 5 13 4 15 3
122 113 9 1 11 12 2 9 6 7 8 0 10 14 5 13 4 15 3
111 102 9 1 12 2 3 6 11 7 8 9 10 5 0 13 4 15 14
113 103 10 1 12 2 3 6 11 7 0 9 10 5 8 13 4 15 14
114 104 10 1 12 2 0 6 11 7 3 9 10 5 8 13 4 15 14
115 106 9 1 12 2 14 6 11 7 3 9 10 5 8 13 4 15 0
119 109 10 1 12 2 14 6 11 7 3 9 10 0 8 13 4 15 5
120 110 10 1 12 2 14 6 11 7 3 9 10 8 0 13 4 15 5
120 111 9 1 12 2 14 6 11 7 3 9 10 8 5 13 4 15 0
124 114 10 1 12 2 14 6 11 7 3 9 10 0 5 13 4 15 8
123 113 10 1 12 2 0 6 11 7 3 9 10 8 5 13 4 15 14
124 114 10 1 12 0 2 6 11 7 3 9 10 8 5 13 4 15 14
125 115 10 1 0 12 2 6 11 7 3 9 10 8 5 13 4 15 14
126 116 10 1 11 12 2 6 0 7 3 9 10 8 5 13 4 15 14
126 117 9 1 11 12 2 0 6 7 3 9 10 8 5 13 4 15 14
128 118 10 1 11 12 2 9 6 7 3 0 10 8 5 13 4 15 14
80 70 10 1 12 5 11 6 10 7 8 9 0 3 14 13 4 15 2
81 71 10 1 12 5 11 6 10 7 8 9 3 0 14 13 4 15 2
82 72 10 1 12 5 11 6 10 7 8 9 3 14 0 13 4 15 2
82 73 9 1 12 5 11 6 10 7 8 9 3 14 2 13 4 15 0
86 76 10 1 12 5 11 6 10 7 8 9 3 0 2 13 4 15 14
87 77 10 1 12 5 11 6 10 7 8 9 3 2 0 13 4 15 14
87 78 9 1 12 5 11 6 10 7 8 9 3 2 14 13 4 15 0
90 80 10 1 12 5 0 6 10 7 8 9 3 2 14 13 4 15 11
91 81 10 1 12 0 5 6 10 7 8 9 3 2 14 13 4 15 11
92 82 10 1 0 12 5 6 10 7 8 9 3 2 14 13 4 15 11
93 83 10 1 10 12 5 6 0 7 8 9 3 2 14 13 4 15 11
93 84 9 1 10 12 5 0 6 7 8 9 3 2 14 13 4 15 11
95 85 10 1 10 12 5 9 6 7 8 0 3 2 14 13 4 15 11
96 86 10 1 10 12 5 9 6 7 8 3 0 2 14 13 4 15 11
97 87 10 1 10 12 5 9 6 7 8 3 2 0 14 13 4 15 11
98 88 10 1 10 12 5 9 6 7 8 3 2 14 0 13 4 15 11
98 89 9 1 10 12 5 9 6 7 8 3 2 14 11 13 4 15 0
102 92 10 1 10 12 5 9 6 7 8 3 2 0 11 13 4 15 14
102 93 9 1 10 12 5 9 6 7 8 3 2 11 0 13 4 15 14
102 94 8 1 10 12 5 9 6 7 8 3 2 11 14 13 4 15 0
105 96 9 1 10 12 0 9 6 7 8 3 2 11 14 13 4 15 5
106 97 9 1 10 0 12 9 6 7 8 3 2 11 14 13 4 15 5
107 98 9 1 0 10 12 9 6 7 8 3 2 11 14 13 4 15 5
109 99 10 0 1 10 12 9 6 7 8 3 2 11 14 13 4 15 5
111 102 9 5 1 10 12 9 6 7 8 3 2 11 14 13 4 15 0
114 104 10 5 1 10 0 9 6 7 8 3 2 11 14 13 4 15 12
116 106 10 0 1 10 5 9 6 7 8 3 2 11 14 13 4 15 12
118 109 9 12 1 10 5 9 6 7 8 3 2 11 14 13 4 15 0
116 107 9 1 0 10 5 9 6 7 8 3 2 11 14 13 4 15 12
117 108 9 1 10 0 5 9 6 7 8 3 2 11 14 13 4 15 12
118 109 9 1 10 5 0 9 6 7 8 3 2 11 14 13 4 15 12
119 111 8 1 10 5 12 9 6 7 8 3 2 11 14 13 4 15 0
121 112 9 1 10 5 12 9 6 7 8 3 2 11 0 13 4 15 14
123 113 10 1 10 5 12 9 6 7 8 3 2 0 11 13 4 15 14
124 114 10 1 10 5 12 9 6 7 8 3 0 2 11 13 4 15 14
125 115 10 1 10 5 12 9 6 7 8 0 3 2 11 13 4 15 14
125 116 9 1 10 5 12 0 6 7 8 9 3 2 11 13 4 15 14
127 117 10 1 10 5 12 6 0 7 8 9 3 2 11 13 4 15 14
128 118 10 1 10 5 12 6 3 7 8 9 0 2 11 13 4 15 14
129 119 10 1 10 5 12 6 3 7 8 9 2 0 11 13 4 15 14
129 120 9 1 10 5 12 6 3 7 8 9 2 11 0 13 4 15 14
129 121 8 1 10 5 12 6 3 7 8 9 2 11 14 13 4 15 0
132 123 9 1 10 5 0 6 3 7 8 9 2 11 14 13 4 15 12
133 124 9 1 10 0 5 6 3 7 8 9 2 11 14 13 4 15 12
134 125 9 1 0 10 5 6 3 7 8 9 2 11 14 13 4 15 12
135 126 9 1 3 10 5 6 0 7 8 9 2 11 14 13 4 15 12
135 127 8 1 3 10 5 0 6 7 8 9 2 11 14 13 4 15 12
137 128 9 1 3 10 5 9 6 7 8 0 2 11 14 13 4 15 12
138 129 9 1 3 10 5 9 6 7 8 2 0 11 14 13 4 15 12
139 130 9 1 3 10 5 9 6 7 8 2 4 11 14 13 0 15 12
136 127 9 1 3 10 5 6 2 7 8 9 0 11 14 13 4 15 12
137 128 9 1 3 10 5 6 2 7 8 9 4 11 14 13 0 15 12
139 129 10 1 3 10 5 6 2 7 8 9 4 11 14 13 15 0 12
139 130 9 1 3 10 5 6 2 7 8 9 4 11 14 13 15 12 0
142 132 10 1 3 10 0 6 2 7 8 9 4 11 14 13 15 12 5
143 133 10 1 3 0 10 6 2 7 8 9 4 11 14 13 15 12 5
143 134 9 1 0 3 10 6 2 7 8 9 4 11 14 13 15 12 5
143 135 8 1 2 3 10 6 0 7 8 9 4 11 14 13 15 12 5
143 136 7 1 2 3 10 0 6 7 8 9 4 11 14 13 15 12 5
145 137 8 1 2 3 10 9 6 7 8 0 4 11 14 13 15 12 5
146 138 8 1 2 3 10 9 6 7 8 4 0 11 14 13 15 12 5
147 139 8 1 2 3 10 9 6 7 8 4 15 11 14 13 0 12 5
148 140 8 1 2 3 10 9 6 7 8 4 15 11 14 13 12 0 5
148 141 7 1 2 3 10 9 6 7 8 4 15 11 14 13 12 5 0
151 143 8 1 2 3 0 9 6 7 8 4 15 11 14 13 12 5 10
150 142 8 1 2 3 10 9 6 7 8 4 15 11 0 13 12 5 14
144 136 8 1 2 3 10 6 4 7 8 9 0 11 14 13 15 12 5
145 137 8 1 2 3 10 6 4 7 8 9 15 11 14 13 0 12 5
146 138 8 1 2 3 10 6 4 7 8 9 15 11 14 13 12 0 5
146 139 7 1 2 3 10 6 4 7 8 9 15 11 14 13 12 5 0
149 141 8 1 2 3 0 6 4 7 8 9 15 11 14 13 12 5 10
148 140 8 1 2 3 10 6 4 7 8 9 15 11 0 13 12 5 14
150 141 9 1 2 3 10 6 4 7 8 9 15 0 11 13 12 5 14
151 142 9 1 2 3 10 6 4 7 8 9 0 15 11 13 12 5 14
152 143 9 1 2 3 10 6 4 7 8 9 12 15 11 13 0 5 14
153 144 9 1 2 3 10 6 4 7 8 9 12 15 11 13 5 0 14
153 145 8 1 2 3 10 6 4 7 8 9 12 15 11 13 5 14 0
153 145 8 1 2 3 10 6 4 7 8 9 12 0 11 13 5 15 14
153 146 7 1 2 3 10 6 4 7 8 9 12 11 0 13 5 15 14
153 147 6 1 2 3 10 6 4 7 8 9 12 11 14 13 5 15 0
156 149 7 1 2 3 0 6 4 7 8 9 12 11 14 13 5 15 10
160 152 8 1 2 3 7 6 4 0 8 9 12 11 14 13 5 15 10
161 153 8 1 2 3 7 6 0 4 8 9 12 11 14 13 5 15 10
161 154 7 1 2 3 7 0 6 4 8 9 12 11 14 13 5 15 10
163 155 8 1 2 3 7 9 6 4 8 0 12 11 14 13 5 15 10
164 156 8 1 2 3 7 9 6 4 8 12 0 11 14 13 5 15 10
165 157 8 1 2 3 7 9 6 4 8 12 5 11 14 13 0 15 10
162 154 8 1 2 3 7 6 12 4 8 9 0 11 14 13 5 15 10
163 155 8 1 2 3 7 6 12 4 8 9 5 11 14 13 0 15 10
160 152 8 1 2 3 13 6 4 7 8 9 12 11 14 0 5 15 10
161 154 7 1 2 3 13 6 4 7 8 9 12 11 14 10 5 15 0
164 156 8 1 2 3 0 6 4 7 8 9 12 11 14 10 5 15 13
163 155 8 1 2 3 13 6 4 7 8 9 12 11 0 10 5 15 14
163 155 8 1 2 3 13 6 4 7 8 9 0 11 14 12 5 15 10
164 156 8 1 2 3 13 6 4 7 8 9 5 11 14 12 0 15 10
165 157 8 1 2 3 13 6 4 7 8 9 5 11 14 0 12 15 10
167 160 7 1 2 3 0 6 4 7 8 9 5 11 14 13 12 15 10
168 162 6 1 2 3 10 6 4 7 8 9 5 11 14 13 12 15 0
170 163 7 1 2 3 10 6 4 7 8 9 5 11 0 13 12 15 14
166 159 7 1 2 3 13 6 4 7 8 9 5 11 14 10 12 15 0
169 161 8 1 2 3 0 6 4 7 8 9 5 11 14 10 12 15 13
168 160 8 1 2 3 13 6 4 7 8 9 5 11 0 10 12 15 14
172 164 8 1 2 3 10 6 4 7 8 9 5 0 11 13 12 15 14
173 165 8 1 2 3 10 6 4 7 8 9 0 5 11 13 12 15 14
174 166 8 1 2 3 10 6 4 7 8 9 12 5 11 13 0 15 14
174 166 8 1 2 3 10 6 0 7 8 9 4 5 11 13 12 15 14
174 167 7 1 2 3 10 0 6 7 8 9 4 5 11 13 12 15 14
176 168 8 1 2 3 10 9 6 7 8 0 4 5 11 13 12 15 14
177 169 8 1 2 3 10 9 6 7 8 4 0 5 11 13 12 15 14
178 170 8 1 2 3 10 9 6 7 8 4 5 0 11 13 12 15 14
178 171 7 1 2 3 10 9 6 7 8 4 5 11 0 13 12 15 14
178 172 6 1 2 3 10 9 6 7 8 4 5 11 14 13 12 15 0
181 174 7 1 2 3 0 9 6 7 8 4 5 11 14 13 12 15 10
185 177 8 1 2 3 7 9 6 0 8 4 5 11 14 13 12 15 10
185 177 8 1 2 3 13 9 6 7 8 4 5 11 14 0 12 15 10
186 179 7 1 2 3 13 9 6 7 8 4 5 11 14 10 12 15 0
189 181 8 1 2 3 0 9 6 7 8 4 5 11 14 10 12 15 13
188 180 8 1 2 3 13 9 6 7 8 4 5 11 0 10 12 15 14
188 180 8 1 2 3 13 9 6 7 8 4 0 11 14 5 12 15 10
189 181 8 1 2 3 13 9 6 7 8 0 4 11 14 5 12 15 10
189 182 7 1 2 3 13 0 6 7 8 9 4 11 14 5 12 15 10
191 183 8 1 2 3 13 6 0 7 8 9 4 11 14 5 12 15 10
186 178 8 1 2 3 13 9 6 7 8 0 5 11 14 4 12 15 10
186 179 7 1 2 3 13 0 6 7 8 9 5 11 14 4 12 15 10
188 180 8 1 2 3 13 6 0 7 8 9 5 11 14 4 12 15 10
189 181 8 1 2 3 13 6 5 7 8 9 0 11 14 4 12 15 10
190 182 8 1 2 3 13 6 5 7 8 9 12 11 14 4 0 15 10
191 183 8 1 2 3 13 6 5 7 8 9 12 11 14 0 4 15 10
193 186 7 1 2 3 0 6 5 7 8 9 12 11 14 13 4 15 10
194 188 6 1 2 3 10 6 5 7 8 9 12 11 14 13 4 15 0
196 189 7 1 2 3 10 6 5 7 8 9 12 11 0 13 4 15 14
192 185 7 1 2 3 13 6 5 7 8 9 12 11 14 10 4 15 0
195 187 8 1 2 3 0 6 5 7 8 9 12 11 14 10 4 15 13
194 186 8 1 2 3 13 6 5 7 8 9 12 11 0 10 4 15 14
158 150 8 0 2 3 10 6 4 7 8 9 12 11 14 13 5 15 1
161 153 8 4 2 3 10 6 0 7 8 9 12 11 14 13 5 15 1
161 154 7 4 2 3 10 0 6 7 8 9 12 11 14 13 5 15 1
163 155 8 4 2 3 10 9 6 7 8 0 12 11 14 13 5 15 1
164 156 8 4 2 3 10 9 6 7 8 12 0 11 14 13 5 15 1
165 157 8 4 2 3 10 9 6 7 8 12 5 11 14 13 0 15 1
162 154 8 4 2 3 10 6 12 7 8 9 0 11 14 13 5 15 1
163 155 8 4 2 3 10 6 12 7 8 9 5 11 14 13 0 15 1
156 148 8 1 2 3 10 6 4 7 8 9 12 11 14 13 5 0 15
157 149 8 1 2 3 10 6 4 7 8 9 12 11 14 13 0 5 15
158 150 8 1 2 3 10 6 4 7 8 9 0 11 14 13 12 5 15
159 151 8 1 2 3 10 6 0 7 8 9 4 11 14 13 12 5 15
159 152 7 1 2 3 10 0 6 7 8 9 4 11 14 13 12 5 15
161 153 8 1 2 3 10 9 6 7 8 0 4 11 14 13 12 5 15
162 154 8 1 2 3 10 9 6 7 8 4 0 11 14 13 12 5 15
163 155 8 1 2 3 10 9 6 7 8 4 12 11 14 13 0 5 15
164 156 8 1 2 3 10 9 6 7 8 4 12 11 14 13 5 0 15
163 157 6 1 2 3 10 9 6 7 8 4 12 11 14 13 5 15 0
166 159 7 1 2 3 0 9 6 7 8 4 12 11 14 13 5 15 10
165 158 7 1 2 3 10 9 6 7 8 4 12 11 0 13 5 15 14
167 159 8 1 2 3 10 9 6 7 8 4 12 0 11 13 5 15 14
168 160 8 1 2 3 10 9 6 7 8 4 0 12 11 13 5 15 14
169 161 8 1 2 3 10 9 6 7 8 0 4 12 11 13 5 15 14
169 162 7 1 2 3 10 0 6 7 8 9 4 12 11 13 5 15 14
171 163 8 1 2 3 10 6 0 7 8 9 4 12 11 13 5 15 14
169 161 8 1 2 3 10 9 6 7 8 4 5 12 11 13 0 15 14
186 178 8 1 2 3 13 9 6 7 8 4 5 11 14 12 0 15 10
187 179 8 1 2 3 13 9 6 7 8 4 0 11 14 12 5 15 10
188 180 8 1 2 3 13 9 6 7 8 0 4 11 14 12 5 15 10
188 181 7 1 2 3 13 0 6 7 8 9 4 11 14 12 5 15 10
169 161 8 1 2 3 8 6 4 7 0 9 5 11 14 13 12 15 10
170 162 8 1 2 3 8 6 4 7 14 9 5 11 0 13 12 15 10
170 163 7 1 2 3 8 6 4 7 14 9 5 11 10 13 12 15 0
173 165 8 1 2 3 0 6 4 7 14 9 5 11 10 13 12 15 8
174 166 8 1 2 3 14 6 4 7 0 9 5 11 10 13 12 15 8
175 167 8 1 2 3 14 6 4 7 10 9 5 11 0 13 12 15 8
175 168 7 1 2 3 14 6 4 7 10 9 5 11 8 13 12 15 0
178 170 8 1 2 3 0 6 4 7 10 9 5 11 8 13 12 15 14
189 181 8 1 2 3 13 9 6 7 8 12 4 11 14 0 5 15 10
191 184 7 1 2 3 0 9 6 7 8 12 4 11 14 13 5 15 10
192 186 6 1 2 3 10 9 6 7 8 12 4 11 14 13 5 15 0
194 187 7 1 2 3 10 9 6 7 8 12 4 11 0 13 5 15 14
190 183 7 1 2 3 13 9 6 7 8 12 4 11 14 10 5 15 0
193 185 8 1 2 3 0 9 6 7 8 12 4 11 14 10 5 15 13
192 184 8 1 2 3 13 9 6 7 8 12 4 11 0 10 5 15 14
196 188 8 1 2 3 10 9 6 7 8 12 4 0 11 13 5 15 14
197 189 8 1 2 3 10 9 6 7 8 12 0 4 11 13 5 15 14
198 190 8 1 2 3 10 9 6 7 8 0 12 4 11 13 5 15 14
198 191 7 1 2 3 10 0 6 7 8 9 12 4 11 13 5 15 14
200 192 8 1 2 3 10 6 0 7 8 9 12 4 11 13 5 15 14
201 193 8 1 2 3 10 6 12 7 8 9 0 4 11 13 5 15 14
202 194 8 1 2 3 10 6 12 7 8 9 4 0 11 13 5 15 14
202 195 7 1 2 3 10 6 12 7 8 9 4 11 0 13 5 15 14
202 196 6 1 2 3 10 6 12 7 8 9 4 11 14 13 5 15 0
205 198 7 1 2 3 0 6 12 7 8 9 4 11 14 13 5 15 10
209 201 8 1 2 3 7 6 12 0 8 9 4 11 14 13 5 15 10
210 202 8 1 2 3 7 6 0 12 8 9 4 11 14 13 5 15 10
210 203 7 1 2 3 7 0 6 12 8 9 4 11 14 13 5 15 10
212 204 8 1 2 3 7 9 6 12 8 0 4 11 14 13 5 15 10
213 205 8 1 2 3 7 9 6 12 8 4 0 11 14 13 5 15 10
214 206 8 1 2 3 7 9 6 12 8 4 5 11 14 13 0 15 10
211 203 8 1 2 3 7 6 4 12 8 9 0 11 14 13 5 15 10
212 204 8 1 2 3 7 6 4 12 8 9 5 11 14 13 0 15 10
183 175 8 1 2 3 8 9 6 7 0 4 5 11 14 13 12 15 10
184 176 8 1 2 3 8 9 6 7 14 4 5 11 0 13 12 15 10
184 177 7 1 2 3 8 9 6 7 14 4 5 11 10 13 12 15 0
187 179 8 1 2 3 0 9 6 7 14 4 5 11 10 13 12 15 8
188 180 8 1 2 3 14 9 6 7 0 4 5 11 10 13 12 15 8
189 181 8 1 2 3 14 9 6 7 10 4 5 11 0 13 12 15 8
189 182 7 1 2 3 14 9 6 7 10 4 5 11 8 13 12 15 0
192 184 8 1 2 3 0 9 6 7 10 4 5 11 8 13 12 15 14
183 175 8 1 2 0 3 9 6 7 8 4 5 11 14 13 12 15 10
173 165 8 0 2 3 10 6 4 7 8 9 5 11 14 13 12 15 1
176 168 8 4 2 3 10 6 0 7 8 9 5 11 14 13 12 15 1
176 169 7 4 2 3 10 0 6 7 8 9 5 11 14 13 12 15 1
178 170 8 4 2 3 10 9 6 7 8 0 5 11 14 13 12 15 1
179 171 8 4 2 3 10 9 6 7 8 5 0 11 14 13 12 15 1
180 172 8 4 2 3 10 9 6 7 8 5 12 11 14 13 0 15 1
169 161 8 0 2 3 1 9 6 7 8 4 12 11 14 13 5 15 10
171 164 7 10 2 3 1 9 6 7 8 4 12 11 14 13 5 15 0
174 166 8 10 2 3 0 9 6 7 8 4 12 11 14 13 5 15 1
158 150 8 1 2 3 8 6 4 7 0 9 12 11 14 13 5 15 10
159 151 8 1 2 3 8 6 4 7 14 9 12 11 0 13 5 15 10
159 152 7 1 2 3 8 6 4 7 14 9 12 11 10 13 5 15 0
162 154 8 1 2 3 0 6 4 7 14 9 12 11 10 13 5 15 8
163 155 8 1 2 3 14 6 4 7 0 9 12 11 10 13 5 15 8
164 156 8 1 2 3 14 6 4 7 10 9 12 11 0 13 5 15 8
164 157 7 1 2 3 14 6 4 7 10 9 12 11 8 13 5 15 0
167 159 8 1 2 3 0 6 4 7 10 9 12 11 8 13 5 15 14
209 201 8 1 2 3 13 6 12 7 8 9 4 11 14 0 5 15 10
210 203 7 1 2 3 13 6 12 7 8 9 4 11 14 10 5 15 0
213 205 8 1 2 3 0 6 12 7 8 9 4 11 14 10 5 15 13
196 188 8 0 2 3 1 6 5 7 8 9 12 11 14 13 4 15 10
198 191 7 10 2 3 1 6 5 7 8 9 12 11 14 13 4 15 0
201 193 8 10 2 3 0 6 5 7 8 9 12 11 14 13 4 15 1
190 182 8 1 2 3 13 9 6 7 8 12 4 11 14 5 0 15 10
191 183 8 1 2 3 13 9 6 7 8 12 0 11 14 5 4 15 10
192 184 8 1 2 3 13 9 6 7 8 0 12 11 14 5 4 15 10
192 185 7 1 2 3 13 0 6 7 8 9 12 11 14 5 4 15 10
194 186 8 1 2 3 13 6 0 7 8 9 12 11 14 5 4 15 10
195 187 8 1 2 3 13 6 12 7 8 9 0 11 14 5 4 15 10
190 182 8 1 2 3 13 9 6 7 8 5 4 11 14 0 12 15 10
192 185 7 1 2 3 0 9 6 7 8 5 4 11 14 13 12 15 10
193 187 6 1 2 3 10 9 6 7 8 5 4 11 14 13 12 15 0
195 188 7 1 2 3 10 9 6 7 8 5 4 11 0 13 12 15 14
191 184 7 1 2 3 13 9 6 7 8 5 4 11 14 10 12 15 0
194 186 8 1 2 3 0 9 6 7 8 5 4 11 14 10 12 15 13
199 191 8 1 2 3 10 6 5 7 8 9 12 0 14 13 4 15 11
200 192 8 1 2 3 10 6 5 7 8 9 12 14 0 13 4 15 11
200 193 7 1 2 3 10 6 5 7 8 9 12 14 11 13 4 15 0
203 195 8 1 2 3 0 6 5 7 8 9 12 14 11 13 4 15 10
198 190 8 1 2 3 10 6 5 7 8 9 12 11 14 0 4 15 13
201 193 8 1 2 3 10 6 5 7 8 9 0 11 14 12 4 15 13
202 194 8 1 2 3 10 6 5 7 8 9 4 11 14 12 0 15 13
203 195 8 1 2 3 10 6 5 7 8 9 4 11 14 0 12 15 13
203 197 6 1 2 3 10 6 5 7 8 9 4 11 14 13 12 15 0
206 199 7 1 2 3 0 6 5 7 8 9 4 11 14 13 12 15 10
205 198 7 1 2 3 10 6 5 7 8 9 4 11 0 13 12 15 14
207 199 8 1 2 3 10 6 5 7 8 9 4 0 11 13 12 15 14
208 200 8 1 2 3 10 6 5 7 8 9 0 4 11 13 12 15 14
209 201 8 1 2 3 10 6 5 7 8 9 12 4 11 13 0 15 14
158 150 8 1 2 0 3 6 4 7 8 9 12 11 14 13 5 15 10
198 190 8 1 2 3 10 6 5 7 8 9 12 0 11 13 4 15 14
199 191 8 1 2 3 10 6 5 7 8 9 0 12 11 13 4 15 14
200 192 8 1 2 3 10 6 5 7 8 9 4 12 11 13 0 15 14
205 197 8 1 2 3 10 6 12 7 8 9 4 11 14 13 5 0 15
206 198 8 1 2 3 10 6 12 7 8 9 4 11 14 13 0 5 15
207 199 8 1 2 3 10 6 12 7 8 9 0 11 14 13 4 5 15
208 200 8 1 2 3 10 6 0 7 8 9 12 11 14 13 4 5 15
208 201 7 1 2 3 10 0 6 7 8 9 12 11 14 13 4 5 15
210 202 8 1 2 3 10 9 6 7 8 0 12 11 14 13 4 5 15
211 203 8 1 2 3 10 9 6 7 8 12 0 11 14 13 4 5 15
212 204 8 1 2 3 10 9 6 7 8 12 4 11 14 13 0 5 15
159 151 8 0 2 3 1 6 4 7 8 9 12 11 14 13 5 15 10
161 154 7 10 2 3 1 6 4 7 8 9 12 11 14 13 5 15 0
163 155 8 10 2 3 1 6 4 7 8 9 12 11 0 13 5 15 14
206 198 8 1 2 3 10 6 12 7 8 9 4 11 14 0 5 15 13
209 201 8 1 2 3 10 6 12 7 8 9 0 11 14 4 5 15 13
210 202 8 1 2 3 10 6 12 7 8 9 5 11 14 4 0 15 13
211 203 8 1 2 3 10 6 12 7 8 9 5 11 14 0 4 15 13
211 205 6 1 2 3 10 6 12 7 8 9 5 11 14 13 4 15 0
214 207 7 1 2 3 0 6 12 7 8 9 5 11 14 13 4 15 10
213 206 7 1 2 3 10 6 12 7 8 9 5 11 0 13 4 15 14
215 207 8 1 2 3 10 6 12 7 8 9 5 0 11 13 4 15 14
216 208 8 1 2 3 10 6 12 7 8 9 0 5 11 13 4 15 14
217 209 8 1 2 3 10 6 12 7 8 9 4 5 11 13 0 15 14
217 209 8 1 2 3 10 6 0 7 8 9 12 5 11 13 4 15 14
217 210 7 1 2 3 10 0 6 7 8 9 12 5 11 13 4 15 14
219 211 8 1 2 3 10 9 6 7 8 0 12 5 11 13 4 15 14
220 212 8 1 2 3 10 9 6 7 8 12 0 5 11 13 4 15 14
221 213 8 1 2 3 10 9 6 7 8 12 5 0 11 13 4 15 14
221 214 7 1 2 3 10 9 6 7 8 12 5 11 0 13 4 15 14
221 215 6 1 2 3 10 9 6 7 8 12 5 11 14 13 4 15 0
224 217 7 1 2 3 0 9 6 7 8 12 5 11 14 13 4 15 10
228 220 8 1 2 3 7 9 6 0 8 12 5 11 14 13 4 15 10
224 216 8 1 2 3 10 9 6 7 8 12 5 11 14 13 4 0 15
225 217 8 1 2 3 10 9 6 7 8 12 5 11 14 13 0 4 15
226 218 8 1 2 3 10 9 6 7 8 12 0 11 14 13 5 4 15
227 219 8 1 2 3 10 9 6 7 8 0 12 11 14 13 5 4 15
227 220 7 1 2 3 10 0 6 7 8 9 12 11 14 13 5 4 15
229 221 8 1 2 3 10 6 0 7 8 9 12 11 14 13 5 4 15
230 222 8 1 2 3 10 6 12 7 8 9 0 11 14 13 5 4 15
231 223 8 1 2 3 10 6 12 7 8 9 5 11 14 13 0 4 15
226 218 8 1 2 3 8 9 6 7 0 12 5 11 14 13 4 15 10
227 219 8 1 2 3 8 9 6 7 14 12 5 11 0 13 4 15 10
227 220 7 1 2 3 8 9 6 7 14 12 5 11 10 13 4 15 0
230 222 8 1 2 3 0 9 6 7 14 12 5 11 10 13 4 15 8
231 223 8 1 2 3 14 9 6 7 0 12 5 11 10 13 4 15 8
232 224 8 1 2 3 14 9 6 7 10 12 5 11 0 13 4 15 8
232 225 7 1 2 3 14 9 6 7 10 12 5 11 8 13 4 15 0
235 227 8 1 2 3 0 9 6 7 10 12 5 11 8 13 4 15 14
170 162 8 9 2 3 1 0 6 7 8 4 12 11 14 13 5 15 10
171 163 8 9 2 3 1 4 6 7 8 0 12 11 14 13 5 15 10
172 164 8 9 2 3 1 4 6 7 8 12 0 11 14 13 5 15 10
173 165 8 9 2 3 1 4 6 7 8 12 5 11 14 13 0 15 10
167 159 8 1 2 3 10 9 6 7 0 4 12 11 8 13 5 15 14
168 160 8 1 2 3 0 9 6 7 10 4 12 11 8 13 5 15 14
169 162 7 1 2 3 14 9 6 7 10 4 12 11 8 13 5 15 0
171 163 8 1 2 3 14 9 6 7 10 4 12 11 0 13 5 15 8
172 164 8 1 2 3 14 9 6 7 0 4 12 11 10 13 5 15 8
173 165 8 1 2 3 0 9 6 7 14 4 12 11 10 13 5 15 8
174 167 7 1 2 3 8 9 6 7 14 4 12 11 10 13 5 15 0
176 168 8 1 2 3 8 9 6 7 14 4 12 11 0 13 5 15 10
212 204 8 1 2 3 13 6 12 7 8 9 4 11 0 10 5 15 14
171 163 8 1 2 3 7 6 4 0 8 9 5 11 14 13 12 15 10
172 164 8 1 2 3 7 6 0 4 8 9 5 11 14 13 12 15 10
172 165 7 1 2 3 7 0 6 4 8 9 5 11 14 13 12 15 10
174 166 8 1 2 3 7 9 6 4 8 0 5 11 14 13 12 15 10
175 167 8 1 2 3 7 9 6 4 8 5 0 11 14 13 12 15 10
176 168 8 1 2 3 7 9 6 4 8 5 12 11 14 13 0 15 10
173 165 8 1 2 3 7 6 5 4 8 9 0 11 14 13 12 15 10
174 166 8 1 2 3 7 6 5 4 8 9 12 11 14 13 0 15 10
181 173 8 1 2 3 10 9 6 7 8 4 5 11 14 13 12 0 15
182 174 8 1 2 3 10 9 6 7 8 4 5 11 14 13 0 12 15
183 175 8 1 2 3 10 9 6 7 8 4 0 11 14 13 5 12 15
184 176 8 1 2 3 10 9 6 7 8 0 4 11 14 13 5 12 15
184 177 7 1 2 3 10 0 6 7 8 9 4 11 14 13 5 12 15
186 178 8 1 2 3 10 6 0 7 8 9 4 11 14 13 5 12 15
187 179 8 1 2 3 10 6 4 7 8 9 0 11 14 13 5 12 15
188 180 8 1 2 3 10 6 4 7 8 9 5 11 14 13 0 12 15
200 192 8 10 2 3 1 6 5 7 8 9 12 11 0 13 4 15 14
199 191 8 5 2 3 1 6 0 7 8 9 12 11 14 13 4 15 10
199 192 7 5 2 3 1 0 6 7 8 9 12 11 14 13 4 15 10
201 193 8 5 2 3 1 9 6 7 8 0 12 11 14 13 4 15 10
202 194 8 5 2 3 1 9 6 7 8 12 0 11 14 13 4 15 10
203 195 8 5 2 3 1 9 6 7 8 12 4 11 14 13 0 15 10
200 192 8 5 2 3 1 6 12 7 8 9 0 11 14 13 4 15 10
201 193 8 5 2 3 1 6 12 7 8 9 4 11 14 13 0 15 10
197 189 8 1 2 3 7 6 5 0 8 9 12 11 14 13 4 15 10
198 190 8 1 2 3 7 6 0 5 8 9 12 11 14 13 4 15 10
198 191 7 1 2 3 7 0 6 5 8 9 12 11 14 13 4 15 10
200 192 8 1 2 3 7 9 6 5 8 0 12 11 14 13 4 15 10
201 193 8 1 2 3 7 9 6 5 8 12 0 11 14 13 4 15 10
202 194 8 1 2 3 7 9 6 5 8 12 4 11 14 13 0 15 10
199 191 8 1 2 3 7 6 12 5 8 9 0 11 14 13 4 15 10
200 192 8 1 2 3 7 6 12 5 8 9 4 11 14 13 0 15 10
200 192 8 1 2 3 10 6 5 7 8 9 0 12 14 13 4 15 11
201 193 8 1 2 3 10 6 5 7 8 9 4 12 14 13 0 15 11
201 193 8 1 2 3 10 6 0 7 8 9 5 12 14 13 4 15 11
201 194 7 1 2 3 10 0 6 7 8 9 5 12 14 13 4 15 11
203 195 8 1 2 3 10 9 6 7 8 0 5 12 14 13 4 15 11
204 196 8 1 2 3 10 9 6 7 8 5 0 12 14 13 4 15 11
205 197 8 1 2 3 10 9 6 7 8 5 12 0 14 13 4 15 11
206 198 8 1 2 3 10 9 6 7 8 5 12 14 0 13 4 15 11
206 199 7 1 2 3 10 9 6 7 8 5 12 14 11 13 4 15 0
210 202 8 1 2 3 10 9 6 7 8 5 12 0 11 13 4 15 14
210 203 7 1 2 3 10 9 6 7 8 5 12 11 0 13 4 15 14
210 204 6 1 2 3 10 9 6 7 8 5 12 11 14 13 4 15 0
213 206 7 1 2 3 0 9 6 7 8 5 12 11 14 13 4 15 10
217 209 8 1 2 3 7 9 6 0 8 5 12 11 14 13 4 15 10
216 208 8 0 2 3 1 9 6 7 8 5 12 11 14 13 4 15 10
218 211 7 10 2 3 1 9 6 7 8 5 12 11 14 13 4 15 0
221 213 8 10 2 3 0 9 6 7 8 5 12 11 14 13 4 15 1
220 212 8 10 2 3 1 9 6 7 8 5 12 11 0 13 4 15 14
217 209 8 9 2 3 1 0 6 7 8 5 12 11 14 13 4 15 10
217 210 7 9 2 3 1 5 6 7 8 0 12 11 14 13 4 15 10
218 211 7 9 2 3 1 5 6 7 8 12 0 11 14 13 4 15 10
219 212 7 9 2 3 1 5 6 7 8 12 4 11 14 13 0 15 10
221 213 8 9 2 3 1 5 6 7 8 12 4 11 14 13 15 0 10
221 214 7 9 2 3 1 5 6 7 8 12 4 11 14 13 15 10 0
225 217 8 0 2 3 1 5 6 7 8 12 4 11 14 13 15 10 9
226 219 7 1 2 3 0 5 6 7 8 12 4 11 14 13 15 10 9
227 221 6 1 2 3 9 5 6 7 8 12 4 11 14 13 15 10 0
229 222 7 1 2 3 9 5 6 7 8 12 4 11 14 13 15 0 10
229 223 6 1 2 3 9 5 6 7 8 12 4 11 14 13 0 15 10
230 224 6 1 2 3 9 5 6 7 8 12 0 11 14 13 4 15 10
231 225 6 1 2 3 9 5 6 7 8 0 12 11 14 13 4 15 10
233 226 7 1 2 3 9 5 6 7 8 13 12 11 14 0 4 15 10
234 228 6 1 2 3 9 5 6 7 8 13 12 11 14 10 4 15 0
237 230 7 1 2 3 0 5 6 7 8 13 12 11 14 10 4 15 9
240 233 7 1 2 3 10 5 6 7 8 13 12 11 14 0 4 15 9
241 235 6 1 2 3 10 5 6 7 8 13 12 11 14 9 4 15 0
240 234 6 1 2 3 10 5 6 7 8 0 12 11 14 13 4 15 9
241 235 6 1 2 3 10 5 6 7 8 12 0 11 14 13 4 15 9
242 236 6 1 2 3 10 5 6 7 8 12 4 11 14 13 0 15 9
244 237 7 1 2 3 10 5 6 7 8 12 4 11 14 13 15 0 9
244 238 6 1 2 3 10 5 6 7 8 12 4 11 14 13 15 9 0
247 240 7 1 2 3 0 5 6 7 8 12 4 11 14 13 15 9 10
246 239 7 1 2 3 10 5 6 7 8 12 4 11 0 13 15 9 14
231 224 7 1 2 3 9 5 6 7 8 12 4 11 14 0 13 15 10
232 226 6 1 2 3 9 5 6 7 8 12 4 11 14 10 13 15 0
235 228 7 1 2 3 0 5 6 7 8 12 4 11 14 10 13 15 9
234 227 7 1 2 3 9 5 6 7 8 12 4 11 0 10 13 15 14
234 227 7 1 2 3 9 5 6 7 8 12 0 11 14 4 13 15 10
235 228 7 1 2 3 9 5 6 7 8 0 12 11 14 4 13 15 10
236 229 7 1 2 3 9 5 6 7 8 4 12 11 14 0 13 15 10
237 231 6 1 2 3 9 5 6 7 8 4 12 11 14 10 13 15 0
236 230 6 1 2 3 9 5 6 7 8 4 12 11 14 13 0 15 10
237 231 6 1 2 3 9 5 6 7 8 4 0 11 14 13 12 15 10
238 232 6 1 2 3 9 5 6 7 8 0 4 11 14 13 12 15 10
240 233 7 1 2 3 9 5 6 7 8 13 4 11 14 0 12 15 10
241 235 6 1 2 3 9 5 6 7 8 13 4 11 14 10 12 15 0
244 237 7 1 2 3 0 5 6 7 8 13 4 11 14 10 12 15 9
247 240 7 1 2 3 10 5 6 7 8 13 4 11 14 0 12 15 9
248 242 6 1 2 3 10 5 6 7 8 13 4 11 14 9 12 15 0
247 241 6 1 2 3 10 5 6 7 8 0 4 11 14 13 12 15 9
248 242 6 1 2 3 10 5 6 7 8 4 0 11 14 13 12 15 9
249 243 6 1 2 3 10 5 6 7 8 4 12 11 14 13 0 15 9
251 244 7 1 2 3 10 5 6 7 8 4 12 11 14 13 15 0 9
251 245 6 1 2 3 10 5 6 7 8 4 12 11 14 13 15 9 0
254 247 7 1 2 3 0 5 6 7 8 4 12 11 14 13 15 9 10
253 246 7 1 2 3 10 5 6 7 8 4 12 11 0 13 15 9 14
248 241 7 1 2 3 10 5 6 7 8 13 4 11 14 12 0 15 9
251 244 7 1 2 3 10 5 6 7 8 4 12 11 14 0 13 15 9
252 246 6 1 2 3 10 5 6 7 8 4 12 11 14 9 13 15 0
254 247 7 1 2 3 10 5 6 7 8 4 12 11 0 9 13 15 14
254 247 7 1 2 3 10 5 6 7 8 4 0 11 14 12 13 15 9
255 248 7 1 2 3 10 5 6 7 8 0 4 11 14 12 13 15 9
255 248 7 1 2 3 10 5 6 7 8 4 13 11 14 12 0 15 9
256 249 7 1 2 3 10 5 6 7 8 4 13 11 14 0 12 15 9
257 251 6 1 2 3 10 5 6 7 8 4 13 11 14 9 12 15 0
260 253 7 1 2 3 0 5 6 7 8 4 13 11 14 9 12 15 10
263 256 7 1 2 3 9 5 6 7 8 4 13 11 14 0 12 15 10
264 258 6 1 2 3 9 5 6 7 8 4 13 11 14 10 12 15 0
266 259 7 1 2 3 9 5 6 7 8 4 13 11 0 10 12 15 14
264 257 7 1 2 3 9 5 6 7 8 4 13 11 14 12 0 15 10
264 257 7 1 2 3 9 5 6 7 8 0 13 11 14 4 12 15 10
259 252 7 1 2 3 10 5 6 7 8 4 13 11 0 9 12 15 14
234 227 7 1 2 3 9 5 6 7 8 13 12 11 14 4 0 15 10
229 222 7 1 2 3 9 5 6 7 8 12 4 11 0 13 15 10 14
239 232 7 1 2 3 9 5 0 7 8 4 6 11 14 13 12 15 10
238 231 7 1 2 3 9 5 6 7 8 4 12 11 14 13 15 0 10
238 232 6 1 2 3 9 5 6 7 8 4 12 11 14 13 15 10 0
241 234 7 1 2 3 0 5 6 7 8 4 12 11 14 13 15 10 9
240 233 7 1 2 3 9 5 6 7 8 4 12 11 0 13 15 10 14
239 232 7 1 2 3 9 5 6 7 8 4 0 11 14 12 13 15 10
236 229 7 1 2 3 9 5 6 7 8 13 12 11 0 10 4 15 14
236 229 7 1 2 3 9 5 6 7 8 13 0 11 14 12 4 15 10
237 230 7 1 2 3 9 5 6 7 8 0 13 11 14 12 4 15 10
238 231 7 1 2 3 9 5 6 7 8 12 13 11 14 0 4 15 10
239 233 6 1 2 3 9 5 6 7 8 12 13 11 14 10 4 15 0
242 235 7 1 2 3 0 5 6 7 8 12 13 11 14 10 4 15 9
245 238 7 1 2 3 10 5 6 7 8 12 13 11 14 0 4 15 9
246 240 6 1 2 3 10 5 6 7 8 12 13 11 14 9 4 15 0
248 241 7 1 2 3 10 5 6 7 8 12 13 11 0 9 4 15 14
246 239 7 1 2 3 10 5 6 7 8 12 13 11 14 4 0 15 9
247 240 7 1 2 3 10 5 6 7 8 12 0 11 14 4 13 15 9
250 243 7 1 2 3 10 5 6 7 8 13 0 11 14 4 12 15 9
232 225 7 1 2 3 9 5 0 7 8 12 6 11 14 13 4 15 10
236 229 7 1 2 3 0 5 6 7 8 13 12 11 14 9 4 15 10
250 243 7 1 2 3 10 5 6 7 8 4 11 0 14 13 12 15 9
251 244 7 1 2 3 10 5 6 7 8 4 11 14 0 13 12 15 9
251 245 6 1 2 3 10 5 6 7 8 4 11 14 9 13 12 15 0
255 248 7 1 2 3 10 5 6 7 8 4 11 0 9 13 12 15 14
255 249 6 1 2 3 10 5 6 7 8 4 0 11 9 13 12 15 14
256 250 6 1 2 3 10 5 6 7 8 0 4 11 9 13 12 15 14
256 250 6 1 2 3 10 5 6 7 8 4 12 11 9 13 0 15 14
258 251 7 1 2 3 10 5 6 7 8 4 12 11 9 13 15 0 14
258 252 6 1 2 3 10 5 6 7 8 4 12 11 9 13 15 14 0
261 254 7 1 2 3 0 5 6 7 8 4 12 11 9 13 15 14 10
260 253 7 1 2 3 10 5 6 7 8 4 12 11 0 13 15 14 9
241 234 7 1 2 3 10 5 6 7 8 13 12 11 14 4 0 15 9
232 225 7 1 2 3 9 5 6 7 8 0 4 11 14 12 13 15 10
239 232 7 1 2 3 0 5 6 7 8 4 12 11 14 9 13 15 10
235 228 7 1 2 3 9 5 6 7 8 12 13 11 14 4 0 15 10
239 232 7 1 2 3 9 5 6 7 8 4 11 0 14 13 12 15 10
240 233 7 1 2 3 9 5 6 7 8 4 11 14 0 13 12 15 10
240 234 6 1 2 3 9 5 6 7 8 4 11 14 10 13 12 15 0
244 237 7 1 2 3 9 5 6 7 8 4 11 0 10 13 12 15 14
244 238 6 1 2 3 9 5 6 7 8 4 0 11 10 13 12 15 14
245 239 6 1 2 3 9 5 6 7 8 0 4 11 10 13 12 15 14
245 239 6 1 2 3 9 5 6 7 8 4 12 11 10 13 0 15 14
247 240 7 1 2 3 9 5 6 7 8 4 12 11 10 13 15 0 14
247 241 6 1 2 3 9 5 6 7 8 4 12 11 10 13 15 14 0
250 243 7 1 2 3 0 5 6 7 8 4 12 11 10 13 15 14 9
249 242 7 1 2 3 9 5 6 7 8 4 12 11 0 13 15 14 10
239 232 7 1 2 3 9 5 6 7 8 4 12 11 0 10 13 15 14
247 240 7 1 2 3 9 5 6 7 8 4 12 11 10 0 13 15 14
248 242 6 1 2 3 9 5 6 7 8 4 12 11 10 14 13 15 0
251 244 7 1 2 3 0 5 6 7 8 4 12 11 10 14 13 15 9
254 247 7 1 2 3 14 5 6 7 8 4 12 11 10 0 13 15 9
255 249 6 1 2 3 14 5 6 7 8 4 12 11 10 9 13 15 0
254 248 6 1 2 3 14 5 6 7 8 4 12 11 10 13 0 15 9
255 249 6 1 2 3 14 5 6 7 8 4 0 11 10 13 12 15 9
256 250 6 1 2 3 14 5 6 7 8 0 4 11 10 13 12 15 9
258 251 7 1 2 3 14 5 6 7 8 13 4 11 10 0 12 15 9
259 253 6 1 2 3 14 5 6 7 8 13 4 11 10 9 12 15 0
262 255 7 1 2 3 0 5 6 7 8 13 4 11 10 9 12 15 14
261 254 7 1 2 3 14 5 6 7 8 13 4 11 0 9 12 15 10
261 254 7 1 2 3 14 5 6 7 8 13 0 11 10 4 12 15 9
262 255 7 1 2 3 14 5 6 7 8 0 13 11 10 4 12 15 9
263 256 7 1 2 3 14 5 6 7 8 4 13 11 10 0 12 15 9
264 258 6 1 2 3 14 5 6 7 8 4 13 11 10 9 12 15 0
267 260 7 1 2 3 0 5 6 7 8 4 13 11 10 9 12 15 14
270 263 7 1 2 3 9 5 6 7 8 4 13 11 10 0 12 15 14
271 265 6 1 2 3 9 5 6 7 8 4 13 11 10 14 12 15 0
273 266 7 1 2 3 9 5 6 7 8 4 13 11 0 14 12 15 10
271 264 7 1 2 3 9 5 6 7 8 4 13 11 10 12 0 15 14
271 264 7 1 2 3 9 5 6 7 8 0 13 11 10 4 12 15 14
272 265 7 1 2 3 9 5 6 7 8 13 0 11 10 4 12 15 14
273 266 7 1 2 3 9 5 6 7 8 13 12 11 10 4 0 15 14
274 267 7 1 2 3 9 5 6 7 8 13 12 11 10 0 4 15 14
275 269 6 1 2 3 9 5 6 7 8 13 12 11 10 14 4 15 0
274 268 6 1 2 3 9 5 6 7 8 0 12 11 10 13 4 15 14
275 269 6 1 2 3 9 5 6 7 8 12 0 11 10 13 4 15 14
276 270 6 1 2 3 9 5 6 7 8 12 4 11 10 13 0 15 14
278 271 7 1 2 3 9 5 6 7 8 12 4 11 10 13 15 0 14
278 272 6 1 2 3 9 5 6 7 8 12 4 11 10 13 15 14 0
281 274 7 1 2 3 0 5 6 7 8 12 4 11 10 13 15 14 9
280 273 7 1 2 3 9 5 6 7 8 12 4 11 0 13 15 14 10
278 271 7 1 2 3 9 5 6 7 8 12 4 11 10 0 13 15 14
279 273 6 1 2 3 9 5 6 7 8 12 4 11 10 14 13 15 0
282 275 7 1 2 3 0 5 6 7 8 12 4 11 10 14 13 15 9
285 278 7 1 2 3 14 5 6 7 8 12 4 11 10 0 13 15 9
286 280 6 1 2 3 14 5 6 7 8 12 4 11 10 9 13 15 0
285 279 6 1 2 3 14 5 6 7 8 12 4 11 10 13 0 15 9
286 280 6 1 2 3 14 5 6 7 8 12 0 11 10 13 4 15 9
287 281 6 1 2 3 14 5 6 7 8 0 12 11 10 13 4 15 9
289 282 7 1 2 3 14 5 6 7 8 13 12 11 10 0 4 15 9
290 284 6 1 2 3 14 5 6 7 8 13 12 11 10 9 4 15 0
292 285 7 1 2 3 14 5 6 7 8 13 12 11 0 9 4 15 10
292 285 7 1 2 3 14 5 6 7 8 13 0 11 10 12 4 15 9
293 286 7 1 2 3 14 5 6 7 8 0 13 11 10 12 4 15 9
294 287 7 1 2 3 14 5 6 7 8 12 13 11 10 0 4 15 9
295 289 6 1 2 3 14 5 6 7 8 12 13 11 10 9 4 15 0
298 291 7 1 2 3 0 5 6 7 8 12 13 11 10 9 4 15 14
301 294 7 1 2 3 9 5 6 7 8 12 13 11 10 0 4 15 14
302 296 6 1 2 3 9 5 6 7 8 12 13 11 10 14 4 15 0
304 297 7 1 2 3 9 5 6 7 8 12 13 11 0 14 4 15 10
302 295 7 1 2 3 9 5 6 7 8 12 13 11 10 4 0 15 14
302 295 7 1 2 3 9 5 6 7 8 0 13 11 10 12 4 15 14
258 251 7 1 2 3 10 5 6 7 8 13 4 11 9 0 12 15 14
259 253 6 1 2 3 10 5 6 7 8 13 4 11 9 14 12 15 0
262 255 7 1 2 3 0 5 6 7 8 13 4 11 9 14 12 15 10
265 258 7 1 2 3 14 5 6 7 8 13 4 11 9 0 12 15 10
266 260 6 1 2 3 14 5 6 7 8 13 4 11 9 10 12 15 0
265 259 6 1 2 3 14 5 6 7 8 0 4 11 9 13 12 15 10
266 260 6 1 2 3 14 5 6 7 8 4 0 11 9 13 12 15 10
267 261 6 1 2 3 14 5 6 7 8 4 12 11 9 13 0 15 10
269 262 7 1 2 3 14 5 6 7 8 4 12 11 9 13 15 0 10
269 263 6 1 2 3 14 5 6 7 8 4 12 11 9 13 15 10 0
272 265 7 1 2 3 0 5 6 7 8 4 12 11 9 13 15 10 14
271 264 7 1 2 3 14 5 6 7 8 4 12 11 0 13 15 10 9
243 236 7 1 2 3 10 5 0 7 8 12 6 11 14 13 4 15 9
269 262 7 1 2 3 14 5 6 7 8 4 12 11 9 0 13 15 10
270 264 6 1 2 3 14 5 6 7 8 4 12 11 9 10 13 15 0
273 266 7 1 2 3 0 5 6 7 8 4 12 11 9 10 13 15 14
250 243 7 1 2 3 10 5 6 7 8 13 4 11 0 9 12 15 14
250 243 7 1 2 3 10 5 0 7 8 4 6 11 14 13 12 15 9
261 254 7 1 2 3 0 5 6 7 8 13 4 11 10 14 12 15 9
262 256 6 1 2 3 9 5 6 7 8 13 4 11 10 14 12 15 0
264 257 7 1 2 3 9 5 6 7 8 13 4 11 0 14 12 15 10
254 247 7 1 2 3 0 5 6 7 8 4 11 14 9 13 12 15 10
277 270 7 1 2 3 9 5 6 7 8 13 0 11 10 12 4 15 14
278 271 7 1 2 3 9 5 6 7 8 13 4 11 10 12 0 15 14
246 239 7 1 2 3 10 5 6 7 8 0 13 11 14 12 4 15 9
266 259 7 1 2 3 14 5 6 7 8 4 13 11 0 9 12 15 10
266 259 7 1 2 3 0 5 6 7 8 4 13 11 10 14 12 15 9
259 252 7 1 2 3 0 5 6 7 8 4 13 11 14 10 12 15 9
234 227 7 1 2 3 0 5 6 7 8 12 4 11 14 9 13 15 10
235 229 6 1 2 3 10 5 6 7 8 12 4 11 14 9 13 15 0
237 230 7 1 2 3 10 5 6 7 8 12 4 11 0 9 13 15 14
257 250 7 1 2 3 10 5 0 7 8 4 6 11 9 13 12 15 14
243 236 7 1 2 3 10 5 6 7 8 13 0 11 14 12 4 15 9
286 279 7 1 2 3 14 5 6 7 8 0 4 11 10 12 13 15 9
277 270 7 1 2 3 9 5 6 7 8 12 11 0 10 13 4 15 14
278 271 7 1 2 3 9 5 6 7 8 12 11 10 0 13 4 15 14
278 272 6 1 2 3 9 5 6 7 8 12 11 10 14 13 4 15 0
281 274 7 1 2 3 0 5 6 7 8 12 11 10 14 13 4 15 9
277 270 7 1 2 3 9 5 6 7 8 13 12 11 0 14 4 15 10
246 239 7 1 2 3 9 5 0 7 8 4 6 11 10 13 12 15 14
241 234 7 1 2 3 9 5 6 7 8 12 13 11 0 10 4 15 14
245 238 7 1 2 3 9 5 6 7 8 4 11 10 0 13 12 15 14
245 239 6 1 2 3 9 5 6 7 8 4 11 10 14 13 12 15 0
248 241 7 1 2 3 0 5 6 7 8 4 11 10 14 13 12 15 9
251 244 7 1 2 3 10 5 6 7 8 0 13 11 14 4 12 15 9
243 236 7 1 2 3 0 5 6 7 8 4 11 14 10 13 12 15 9
243 236 7 1 2 3 0 5 6 7 8 13 4 11 14 9 12 15 10
281 274 7 1 2 3 9 5 6 7 8 12 0 11 10 4 13 15 14
249 242 7 1 2 3 10 0 6 7 8 5 4 11 14 13 12 15 9
279 272 7 1 2 3 9 5 6 7 8 0 4 11 10 12 13 15 14
240 233 7 1 2 3 0 5 6 7 8 4 12 11 14 10 13 15 9
281 274 7 1 2 3 0 5 6 7 8 12 4 11 10 9 13 15 14
237 230 7 1 2 3 9 5 6 7 8 13 4 11 14 12 0 15 10
268 261 7 1 2 3 14 5 6 7 8 4 11 0 9 13 12 15 10
269 262 7 1 2 3 14 5 6 7 8 4 11 9 0 13 12 15 10
269 263 6 1 2 3 14 5 6 7 8 4 11 9 10 13 12 15 0
272 265 7 1 2 3 0 5 6 7 8 4 11 9 10 13 12 15 14
247 240 7 1 2 3 9 5 6 7 8 13 4 11 10 0 12 15 14
288 281 7 1 2 3 14 5 6 7 8 12 0 11 10 4 13 15 9
258 251 7 1 2 3 10 5 6 7 8 4 12 11 9 0 13 15 14
259 253 6 1 2 3 10 5 6 7 8 4 12 11 9 14 13 15 0
261 254 7 1 2 3 10 5 6 7 8 4 12 11 0 14 13 15 9
233 226 7 1 2 3 9 0 6 7 8 5 12 11 14 13 4 15 10
248 241 7 1 2 3 9 5 6 7 8 0 12 11 10 4 13 15 14
258 251 7 1 2 3 10 0 6 7 8 5 4 11 9 13 12 15 14
288 281 7 1 2 3 14 5 0 7 8 12 6 11 10 13 4 15 9
257 250 7 1 2 3 14 5 6 7 8 4 0 11 10 12 13 15 9
288 281 7 1 2 3 14 5 6 7 8 12 11 0 10 13 4 15 9
289 282 7 1 2 3 14 5 6 7 8 12 11 10 0 13 4 15 9
289 283 6 1 2 3 14 5 6 7 8 12 11 10 9 13 4 15 0
293 286 7 1 2 3 14 5 6 7 8 12 11 0 9 13 4 15 10
293 287 6 1 2 3 14 5 6 7 8 12 0 11 9 13 4 15 10
294 288 6 1 2 3 14 5 6 7 8 0 12 11 9 13 4 15 10
294 288 6 1 2 3 14 5 6 7 8 12 4 11 9 13 0 15 10
296 289 7 1 2 3 14 5 6 7 8 12 4 11 9 13 15 0 10
296 290 6 1 2 3 14 5 6 7 8 12 4 11 9 13 15 10 0
299 292 7 1 2 3 0 5 6 7 8 12 4 11 9 13 15 10 14
250 243 7 1 2 3 0 5 6 7 8 4 12 11 10 9 13 15 14
250 243 7 1 2 3 9 5 6 7 8 4 0 11 10 12 13 15 14
248 241 7 1 2 3 10 5 6 7 8 0 12 11 14 4 13 15 9
261 254 7 1 2 3 10 5 6 7 8 13 0 11 9 4 12 15 14
262 255 7 1 2 3 10 5 6 7 8 0 13 11 9 4 12 15 14
263 256 7 1 2 3 10 5 6 7 8 4 13 11 9 0 12 15 14
264 258 6 1 2 3 10 5 6 7 8 4 13 11 9 14 12 15 0
267 260 7 1 2 3 0 5 6 7 8 4 13 11 9 14 12 15 10
270 263 7 1 2 3 14 5 6 7 8 4 13 11 9 0 12 15 10
271 265 6 1 2 3 14 5 6 7 8 4 13 11 9 10 12 15 0
273 266 7 1 2 3 14 5 6 7 8 4 13 11 0 10 12 15 9
257 250 7 1 2 3 14 5 6 7 8 4 12 11 0 9 13 15 10
268 261 7 1 2 3 14 5 0 7 8 4 6 11 9 13 12 15 10
242 235 7 1 2 3 10 0 6 7 8 5 12 11 14 13 4 15 9
266 259 7 1 2 3 14 5 6 7 8 13 4 11 9 12 0 15 10
267 260 7 1 2 3 14 5 6 7 8 13 0 11 9 12 4 15 10
268 261 7 1 2 3 14 5 6 7 8 0 13 11 9 12 4 15 10
269 262 7 1 2 3 14 5 6 7 8 12 13 11 9 0 4 15 10
270 264 6 1 2 3 14 5 6 7 8 12 13 11 9 10 4 15 0
273 266 7 1 2 3 0 5 6 7 8 12 13 11 9 10 4 15 14
276 269 7 1 2 3 10 5 6 7 8 12 13 11 9 0 4 15 14
278 272 6 1 2 3 10 5 6 7 8 12 0 11 9 13 4 15 14
279 273 6 1 2 3 10 5 6 7 8 0 12 11 9 13 4 15 14
279 273 6 1 2 3 10 5 6 7 8 12 4 11 9 13 0 15 14
277 271 6 1 2 3 10 5 6 7 8 12 13 11 9 14 4 15 0
279 272 7 1 2 3 10 5 6 7 8 12 13 11 0 14 4 15 9
281 274 7 1 2 3 10 5 6 7 8 12 4 11 9 13 15 0 14
281 275 6 1 2 3 10 5 6 7 8 12 4 11 9 13 15 14 0
284 277 7 1 2 3 0 5 6 7 8 12 4 11 9 13 15 14 10
283 276 7 1 2 3 10 5 6 7 8 12 4 11 0 13 15 14 9
281 274 7 1 2 3 10 5 6 7 8 12 4 11 9 0 13 15 14
282 276 6 1 2 3 10 5 6 7 8 12 4 11 9 14 13 15 0
285 278 7 1 2 3 0 5 6 7 8 12 4 11 9 14 13 15 10
284 277 7 1 2 3 10 5 6 7 8 12 4 11 0 14 13 15 9
284 277 7 1 2 3 10 5 6 7 8 12 0 11 9 4 13 15 14
238 231 7 1 2 3 10 5 6 7 8 12 4 11 14 0 13 15 9
288 281 7 1 2 3 14 5 6 7 8 12 4 11 9 0 13 15 10
289 283 6 1 2 3 14 5 6 7 8 12 4 11 9 10 13 15 0
291 284 7 1 2 3 14 5 6 7 8 12 4 11 0 10 13 15 9
291 284 7 1 2 3 14 5 6 7 8 12 0 11 9 4 13 15 10
289 282 7 1 2 3 14 5 6 7 8 0 4 11 9 12 13 15 10
276 269 7 1 2 3 9 0 6 7 8 5 12 11 10 13 4 15 14
289 282 7 1 2 3 14 0 6 7 8 5 12 11 10 13 4 15 9
261 254 7 1 2 3 10 5 6 7 8 4 0 11 9 12 13 15 14
259 252 7 1 2 3 10 5 6 7 8 0 12 11 9 4 13 15 14
241 234 7 1 2 3 0 5 6 7 8 12 13 11 14 9 4 15 10
287 280 7 1 2 3 14 5 6 7 8 12 4 11 10 13 15 0 9
287 281 6 1 2 3 14 5 6 7 8 12 4 11 10 13 15 9 0
290 283 7 1 2 3 0 5 6 7 8 12 4 11 10 13 15 9 14
289 282 7 1 2 3 14 5 6 7 8 12 4 11 0 13 15 9 10
243 236 7 1 2 3 9 5 6 7 8 13 4 11 0 10 12 15 14
288 281 7 1 2 3 14 5 6 7 8 12 4 11 0 9 13 15 10
289 282 7 1 2 3 14 5 6 7 8 12 13 11 10 4 0 15 9
292 285 7 1 2 3 0 5 6 7 8 12 11 10 9 13 4 15 14
235 228 7 1 2 3 9 5 6 7 8 13 0 11 14 4 12 15 10
232 225 7 1 2 3 9 5 6 7 8 12 11 0 14 13 4 15 10
233 226 7 1 2 3 9 5 6 7 8 12 11 14 0 13 4 15 10
233 227 6 1 2 3 9 5 6 7 8 12 11 14 10 13 4 15 0
236 229 7 1 2 3 0 5 6 7 8 12 11 14 10 13 4 15 9
294 287 7 1 2 3 14 5 6 7 8 12 11 9 0 13 4 15 10
294 288 6 1 2 3 14 5 6 7 8 12 11 9 10 13 4 15 0
297 290 7 1 2 3 0 5 6 7 8 12 11 9 10 13 4 15 14
296 289 7 1 2 3 14 0 6 7 8 5 12 11 9 13 4 15 10
296 289 7 1 2 3 14 5 6 7 8 13 12 11 9 0 4 15 10
297 291 6 1 2 3 14 5 6 7 8 13 12 11 9 10 4 15 0
300 293 7 1 2 3 0 5 6 7 8 13 12 11 9 10 4 15 14
299 292 7 1 2 3 14 5 6 7 8 13 12 11 0 10 4 15 9
250 243 7 1 2 3 9 5 6 7 8 4 12 11 0 14 13 15 10
257 250 7 1 2 3 14 5 0 7 8 4 6 11 10 13 12 15 9
266 259 7 1 2 3 0 5 6 7 8 4 13 11 9 10 12 15 14
262 255 7 1 2 3 10 5 6 7 8 4 13 11 9 12 0 15 14
259 252 7 1 2 3 14 5 6 7 8 13 4 11 10 12 0 15 9
266 259 7 1 2 3 10 5 6 7 8 4 13 11 0 14 12 15 9
262 255 7 1 2 3 0 5 6 7 8 4 12 11 9 14 13 15 10
272 265 7 1 2 3 14 5 6 7 8 12 13 11 0 10 4 15 9
268 261 7 1 2 3 14 5 6 7 8 13 4 11 0 10 12 15 9
261 254 7 1 2 3 0 5 6 7 8 13 4 11 9 10 12 15 14
271 264 7 1 2 3 14 5 6 7 8 4 13 11 9 12 0 15 10
261 254 7 1 2 3 10 5 6 7 8 13 4 11 0 14 12 15 9
255 248 7 1 2 3 14 5 6 7 8 0 12 11 10 4 13 15 9
243 236 7 1 2 3 10 5 6 7 8 12 11 0 14 13 4 15 9
244 237 7 1 2 3 10 5 6 7 8 12 11 14 0 13 4 15 9
244 238 6 1 2 3 10 5 6 7 8 12 11 14 9 13 4 15 0
247 240 7 1 2 3 0 5 6 7 8 12 11 14 9 13 4 15 10
268 261 7 1 2 3 14 5 6 7 8 13 0 11 9 4 12 15 10
272 265 7 1 2 3 14 5 6 7 8 4 0 11 9 12 13 15 10
240 233 7 1 2 3 9 0 6 7 8 5 4 11 14 13 12 15 10
277 270 7 1 2 3 10 5 6 7 8 12 13 11 9 4 0 15 14
256 249 7 1 2 3 10 5 6 7 8 4 11 9 0 13 12 15 14
256 250 6 1 2 3 10 5 6 7 8 4 11 9 14 13 12 15 0
259 252 7 1 2 3 0 5 6 7 8 4 11 9 14 13 12 15 10
277 270 7 1 2 3 10 5 6 7 8 0 13 11 9 12 4 15 14
278 271 7 1 2 3 10 5 6 7 8 13 0 11 9 12 4 15 14
267 260 7 1 2 3 14 0 6 7 8 5 4 11 9 13 12 15 10
281 274 7 1 2 3 10 0 6 7 8 5 12 11 9 13 4 15 14
257 250 7 1 2 3 14 5 6 7 8 4 11 0 10 13 12 15 9
258 251 7 1 2 3 14 5 6 7 8 4 11 10 0 13 12 15 9
258 252 6 1 2 3 14 5 6 7 8 4 11 10 9 13 12 15 0
261 254 7 1 2 3 0 5 6 7 8 4 11 10 9 13 12 15 14
295 288 7 1 2 3 14 5 0 7 8 12 6 11 9 13 4 15 10
272 265 7 1 2 3 14 5 6 7 8 4 12 11 0 10 13 15 9
247 240 7 1 2 3 9 0 6 7 8 5 4 11 10 13 12 15 14
278 271 7 1 2 3 0 5 6 7 8 13 12 11 10 14 4 15 9
284 277 7 1 2 3 0 5 6 7 8 12 4 11 9 10 13 15 14
258 251 7 1 2 3 14 5 6 7 8 4 13 11 10 12 0 15 9
243 236 7 1 2 3 10 5 6 7 8 13 12 11 0 9 4 15 14
281 274 7 1 2 3 9 5 6 7 8 12 4 11 0 14 13 15 10
277 270 7 1 2 3 9 5 0 7 8 12 6 11 10 13 4 15 14
259 252 7 1 2 3 10 5 6 7 8 13 4 11 9 12 0 15 14
297 290 7 1 2 3 14 5 6 7 8 12 13 11 0 9 4 15 10
297 290 7 1 2 3 0 5 6 7 8 12 13 11 10 14 4 15 9
277 270 7 1 2 3 0 5 6 7 8 13 12 11 10 9 4 15 14
298 291 7 1 2 3 14 5 6 7 8 12 4 11 0 13 15 10 9
256 249 7 1 2 3 14 5 6 7 8 4 12 11 10 13 15 0 9
256 250 6 1 2 3 14 5 6 7 8 4 12 11 10 13 15 9 0
259 252 7 1 2 3 0 5 6 7 8 4 12 11 10 13 15 9 14
258 251 7 1 2 3 14 5 6 7 8 4 12 11 0 13 15 9 10
269 262 7 1 2 3 14 5 6 7 8 0 13 11 9 4 12 15 10
270 263 7 1 2 3 14 5 6 7 8 0 12 11 9 4 13 15 10
262 255 7 1 2 3 10 5 6 7 8 13 12 11 9 4 0 15 14
269 262 7 1 2 3 14 5 6 7 8 13 12 11 9 4 0 15 10
263 256 7 1 2 3 10 5 6 7 8 13 12 11 9 0 4 15 14
264 258 6 1 2 3 10 5 6 7 8 13 12 11 9 14 4 15 0
266 259 7 1 2 3 10 5 6 7 8 13 12 11 0 14 4 15 9
272 265 7 1 2 3 0 5 6 7 8 12 13 11 9 14 4 15 10
258 251 7 1 2 3 14 0 6 7 8 5 4 11 10 13 12 15 9
280 273 7 1 2 3 10 5 0 7 8 12 6 11 9 13 4 15 14
270 263 7 1 2 3 14 5 6 7 8 12 13 11 9 4 0 15 10
248 241 7 1 2 3 10 5 6 7 8 12 11 0 9 13 4 15 14
249 242 7 1 2 3 10 5 6 7 8 12 11 9 0 13 4 15 14
249 243 6 1 2 3 10 5 6 7 8 12 11 9 14 13 4 15 0
252 245 7 1 2 3 0 5 6 7 8 12 11 9 14 13 4 15 10
262 255 7 1 2 3 14 5 6 7 8 13 12 11 10 4 0 15 9
267 260 7 1 2 3 0 5 6 7 8 13 12 11 9 14 4 15 10
262 255 7 1 2 3 10 5 6 7 8 0 4 11 9 12 13 15 14
264 256 8 1 2 3 10 0 6 7 8 5 4 11 9 12 13 15 14
256 248 8 1 2 3 13 5 6 7 8 12 11 9 14 0 4 15 10
257 250 7 1 2 3 13 5 6 7 8 12 11 9 14 10 4 15 0
261 253 8 1 2 3 13 5 6 7 8 12 11 0 14 10 4 15 9
261 254 7 1 2 3 13 5 6 7 8 12 0 11 14 10 4 15 9
262 255 7 1 2 3 13 5 6 7 8 0 12 11 14 10 4 15 9
263 256 7 1 2 3 13 5 6 7 8 10 12 11 14 0 4 15 9
265 259 6 1 2 3 0 5 6 7 8 10 12 11 14 13 4 15 9
266 261 5 1 2 3 9 5 6 7 8 10 12 11 14 13 4 15 0
268 262 6 1 2 3 9 5 6 7 8 10 12 11 0 13 4 15 14
264 258 6 1 2 3 13 5 6 7 8 10 12 11 14 9 4 15 0
267 260 7 1 2 3 0 5 6 7 8 10 12 11 14 9 4 15 13
266 259 7 1 2 3 13 5 6 7 8 10 12 11 0 9 4 15 14
270 263 7 1 2 3 9 5 6 7 8 10 12 0 11 13 4 15 14
271 264 7 1 2 3 9 5 6 7 8 10 0 12 11 13 4 15 14
271 265 6 1 2 3 9 5 6 7 8 0 10 12 11 13 4 15 14
273 266 7 1 2 3 9 5 6 7 8 13 10 12 11 0 4 15 14
274 268 6 1 2 3 9 5 6 7 8 13 10 12 11 14 4 15 0
278 271 7 1 2 3 9 5 6 7 8 13 10 0 11 14 4 15 12
278 272 6 1 2 3 9 5 6 7 8 13 10 11 0 14 4 15 12
277 273 4 1 2 3 9 5 6 7 8 13 10 11 12 14 4 15 0
280 275 5 1 2 3 0 5 6 7 8 13 10 11 12 14 4 15 9
283 278 5 1 2 3 14 5 6 7 8 13 10 11 12 0 4 15 9
284 280 4 1 2 3 14 5 6 7 8 13 10 11 12 9 4 15 0
283 279 4 1 2 3 14 5 6 7 8 0 10 11 12 13 4 15 9
285 280 5 1 2 3 14 5 6 7 8 10 0 11 12 13 4 15 9
286 281 5 1 2 3 14 5 6 7 8 10 4 11 12 13 0 15 9
285 280 5 1 2 3 14 0 6 7 8 5 10 11 12 13 4 15 9
287 282 5 1 2 3 0 5 6 7 8 13 10 11 12 9 4 15 14
284 279 5 1 2 3 14 5 6 7 8 13 10 11 12 4 0 15 9
280 275 5 1 2 3 9 5 6 7 8 13 10 11 12 0 4 15 14
280 276 4 1 2 3 9 5 6 7 8 0 10 11 12 13 4 15 14
282 277 5 1 2 3 9 5 6 7 8 10 0 11 12 13 4 15 14
283 278 5 1 2 3 9 5 6 7 8 10 4 11 12 13 0 15 14
282 277 5 1 2 3 9 0 6 7 8 5 10 11 12 13 4 15 14
281 276 5 1 2 3 9 5 6 7 8 13 10 11 12 4 0 15 14
283 277 6 1 2 3 9 5 6 7 8 13 10 11 12 4 15 0 14
283 278 5 1 2 3 9 5 6 7 8 13 10 11 12 4 15 14 0
286 280 6 1 2 3 0 5 6 7 8 13 10 11 12 4 15 14 9
288 283 5 1 2 3 4 5 6 7 8 13 10 11 12 0 15 14 9
289 285 4 1 2 3 4 5 6 7 8 13 10 11 12 9 15 14 0
288 284 4 1 2 3 4 5 6 7 8 0 10 11 12 13 15 14 9
290 285 5 1 2 3 4 5 6 7 8 10 0 11 12 13 15 14 9
291 286 5 1 2 3 4 5 6 7 8 10 15 11 12 13 0 14 9
291 287 4 1 2 3 4 5 6 7 8 10 15 11 12 13 14 0 9
291 288 3 1 2 3 4 5 6 7 8 10 15 11 12 13 14 9 0
296 291 5 1 2 3 4 5 6 7 8 10 15 0 12 13 14 9 11
297 292 5 1 2 3 4 5 6 7 8 10 0 15 12 13 14 9 11
297 293 4 1 2 3 4 5 6 7 8 0 10 15 12 13 14 9 11
299 294 5 1 2 3 4 5 6 7 8 13 10 15 12 0 14 9 11
300 296 4 1 2 3 4 5 6 7 8 13 10 15 12 11 14 9 0
304 299 5 1 2 3 4 5 6 7 8 13 10 0 12 11 14 9 15
305 300 5 1 2 3 4 5 6 7 8 13 10 9 12 11 14 0 15
304 301 3 1 2 3 4 5 6 7 8 13 10 9 12 11 14 15 0
308 304 4 1 2 3 4 5 6 7 8 13 10 0 12 11 14 15 9
307 303 4 1 2 3 4 5 6 7 8 13 10 9 12 0 14 15 11
307 304 3 1 2 3 4 5 6 7 8 0 10 9 12 13 14 15 11
309 305 4 1 2 3 4 5 6 7 8 10 0 9 12 13 14 15 11
310 306 4 1 2 3 4 5 6 7 8 10 9 0 12 13 14 15 11
309 305 4 1 2 3 4 0 6 7 8 5 10 9 12 13 14 15 11
311 306 5 1 2 3 4 6 0 7 8 5 10 9 12 13 14 15 11
310 305 5 0 2 3 4 5 6 7 8 13 10 9 12 1 14 15 11
312 308 4 11 2 3 4 5 6 7 8 13 10 9 12 1 14 15 0
316 311 5 11 2 3 4 5 6 7 8 13 10 0 12 1 14 15 9
315 310 5 11 2 3 4 5 6 7 8 13 10 9 12 0 14 15 1
315 311 4 11 2 3 4 5 6 7 8 0 10 9 12 13 14 15 1
317 312 5 11 2 3 4 5 6 7 8 10 0 9 12 13 14 15 1
318 313 5 11 2 3 4 5 6 7 8 10 9 0 12 13 14 15 1
317 312 5 11 2 3 4 0 6 7 8 5 10 9 12 13 14 15 1
312 307 5 1 2 3 4 5 6 7 8 10 9 12 0 13 14 15 11
312 308 4 1 2 3 4 5 6 7 8 10 9 12 11 13 14 15 0
316 311 5 1 2 3 4 5 6 7 8 10 9 0 11 13 14 15 12
316 312 4 1 2 3 4 5 6 7 8 10 9 11 0 13 14 15 12
315 313 2 1 2 3 4 5 6 7 8 10 9 11 12 13 14 15 0
320 316 4 0 2 3 4 5 6 7 8 10 9 11 12 13 14 15 1
319 315 4 1 2 3 0 5 6 7 8 10 9 11 12 13 14 15 4
319 315 4 1 2 3 4 5 6 7 8 10 9 11 12 0 14 15 13
322 318 4 1 2 3 4 5 6 7 8 10 0 11 12 9 14 15 13
322 319 3 1 2 3 4 5 6 7 8 0 10 11 12 9 14 15 13
322 320 2 1 2 3 4 5 6 7 8 9 10 11 12 0 14 15 13
322 322 0 1 2 3 4 5 6 7 8 9 10 11 12 13 14 15 0
