0 0 0 5 9 10 3 13 4 11 0 8 15 7 6 2 1 12 14
16 1 15 5 9 10 3 13 4 0 11 8 15 7 6 2 1 12 14
16 2 14 5 9 0 3 13 4 10 11 8 15 7 6 2 1 12 14
16 3 13 5 0 9 3 13 4 10 11 8 15 7 6 2 1 12 14
16 4 12 0 5 9 3 13 4 10 11 8 15 7 6 2 1 12 14
18 7 11 14 5 9 3 13 4 10 11 8 15 7 6 2 1 12 0
22 10 12 14 5 9 3 13 4 10 11 8 15 0 6 2 1 12 7
23 11 12 14 5 9 3 13 4 10 11 8 15 6 0 2 1 12 7
23 12 11 14 5 9 3 13 4 10 11 8 15 6 7 2 1 12 0
27 15 12 14 5 9 3 13 4 10 11 8 15 0 7 2 1 12 6
28 16 12 14 5 9 3 13 4 10 11 8 0 15 7 2 1 12 6
29 17 12 14 5 9 3 13 4 10 11 0 8 15 7 2 1 12 6
30 18 12 14 5 9 3 13 4 10 11 2 8 15 7 0 1 12 6
31 20 11 14 5 9 3 13 4 10 11 2 8 15 7 6 1 12 0
35 23 12 14 5 9 3 13 4 10 11 2 8 0 7 6 1 12 15
36 24 12 14 5 9 3 13 4 10 11 2 8 7 0 6 1 12 15
35 25 10 14 5 9 3 13 4 10 11 2 8 7 15 6 1 12 0
39 28 11 14 5 9 3 13 4 10 11 2 8 0 15 6 1 12 7
40 29 11 14 5 9 3 13 4 10 11 2 0 8 15 6 1 12 7
41 30 11 14 5 9 3 13 4 10 11 0 2 8 15 6 1 12 7
42 31 11 14 5 9 3 13 4 10 11 6 2 8 15 0 1 12 7
43 33 10 14 5 9 3 13 4 10 11 6 2 8 15 7 1 12 0
47 36 11 14 5 9 3 13 4 10 11 6 2 0 15 7 1 12 8
48 37 11 14 5 9 3 13 4 10 11 6 0 2 15 7 1 12 8
49 38 11 14 5 9 3 13 4 10 11 0 6 2 15 7 1 12 8
50 39 11 14 5 9 3 13 4 10 11 7 6 2 15 0 1 12 8
51 41 10 14 5 9 3 13 4 10 11 7 6 2 15 8 1 12 0
55 44 11 14 5 9 3 13 4 10 11 7 6 0 15 8 1 12 2
56 45 11 14 5 9 3 13 4 10 11 7 0 6 15 8 1 12 2
56 46 10 14 5 9 3 13 4 10 11 0 7 6 15 8 1 12 2
57 47 10 14 5 9 3 13 4 10 11 8 7 6 15 0 1 12 2
58 49 9 14 5 9 3 13 4 10 11 8 7 6 15 2 1 12 0
62 52 10 14 5 9 3 13 4 10 11 8 7 0 15 2 1 12 6
62 52 10 0 5 9 3 13 4 10 11 8 7 6 15 2 1 12 14
65 55 10 4 5 9 3 13 0 10 11 8 7 6 15 2 1 12 14
66 56 10 4 5 9 3 0 13 10 11 8 7 6 15 2 1 12 14
67 57 10 4 5 9 3 8 13 10 11 0 7 6 15 2 1 12 14
68 58 10 4 5 9 3 8 13 10 11 2 7 6 15 0 1 12 14
69 60 9 0 5 9 3 8 13 10 11 2 7 6 15 4 1 12 14
71 63 8 14 5 9 3 8 13 10 11 2 7 6 15 4 1 12 0
75 66 9 14 5 9 3 8 13 10 11 2 7 0 15 4 1 12 6
74 65 9 14 5 9 0 8 13 10 11 2 7 6 15 4 1 12 3
76 67 9 0 5 9 14 8 13 10 11 2 7 6 15 4 1 12 3
78 70 8 3 5 9 14 8 13 10 11 2 7 6 15 4 1 12 0
82 73 9 3 5 9 14 8 13 10 11 2 7 0 15 4 1 12 6
79 70 9 13 5 9 14 8 0 10 11 2 7 6 15 4 1 12 3
80 71 9 13 5 9 14 0 8 10 11 2 7 6 15 4 1 12 3
80 72 8 13 5 9 14 2 8 10 11 0 7 6 15 4 1 12 3
82 73 9 13 5 9 14 2 8 10 11 7 0 6 15 4 1 12 3
83 74 9 13 5 9 14 2 8 10 11 7 6 0 15 4 1 12 3
83 74 9 13 5 9 14 2 8 10 11 7 1 6 15 4 0 12 3
83 74 9 13 5 9 14 2 0 10 11 7 8 6 15 4 1 12 3
82 73 9 13 5 9 14 2 8 10 11 4 7 6 15 0 1 12 3
83 75 8 13 5 9 14 2 8 10 11 4 7 6 15 3 1 12 0
87 78 9 13 5 9 14 2 8 10 11 4 7 0 15 3 1 12 6
87 78 9 0 5 9 14 2 8 10 11 4 7 6 15 3 1 12 13
90 81 9 8 5 9 14 2 0 10 11 4 7 6 15 3 1 12 13
89 80 9 3 5 9 14 2 8 10 11 4 7 6 15 0 1 12 13
90 82 8 3 5 9 14 2 8 10 11 4 7 6 15 13 1 12 0
89 81 8 3 5 9 14 2 8 10 11 0 7 6 15 4 1 12 13
91 82 9 3 5 9 14 2 8 10 11 7 0 6 15 4 1 12 13
92 83 9 3 5 9 14 2 8 10 11 7 6 0 15 4 1 12 13
92 83 9 3 5 9 14 2 8 10 11 7 1 6 15 4 0 12 13
85 76 9 13 5 9 0 2 8 10 11 4 7 6 15 14 1 12 3
86 78 8 13 5 9 3 2 8 10 11 4 7 6 15 14 1 12 0
86 78 8 0 5 9 13 2 8 10 11 4 7 6 15 14 1 12 3
88 81 7 3 5 9 13 2 8 10 11 4 7 6 15 14 1 12 0
92 84 8 3 5 9 13 2 8 10 11 4 7 0 15 14 1 12 6
91 83 8 3 5 9 13 2 8 10 11 4 7 6 15 0 1 12 14
91 84 7 3 5 9 13 2 8 10 11 0 7 6 15 4 1 12 14
93 85 8 3 5 9 13 2 8 10 11 7 0 6 15 4 1 12 14
94 86 8 3 5 9 13 2 8 10 11 7 6 0 15 4 1 12 14
88 80 8 14 5 9 13 2 8 10 11 4 7 6 15 0 1 12 3
89 82 7 14 5 9 13 2 8 10 11 4 7 6 15 3 1 12 0
88 81 7 14 5 9 13 2 8 10 11 0 7 6 15 4 1 12 3
90 82 8 14 5 9 13 2 8 10 11 7 0 6 15 4 1 12 3
91 83 8 14 5 9 13 2 8 10 11 7 6 0 15 4 1 12 3
93 85 8 0 5 9 13 2 8 10 11 4 7 6 15 3 1 12 14
96 88 8 8 5 9 13 2 0 10 11 4 7 6 15 3 1 12 14
89 81 8 8 5 9 13 2 0 10 11 4 7 6 15 14 1 12 3
92 84 8 3 5 9 13 2 8 10 11 4 7 6 15 1 0 12 14
91 83 8 14 5 9 13 2 8 10 11 7 1 6 15 4 0 12 3
91 83 8 14 5 9 13 2 0 10 11 7 8 6 15 4 1 12 3
94 86 8 3 5 9 13 2 8 10 11 7 1 6 15 4 0 12 14
93 85 8 3 5 9 13 0 8 10 11 2 7 6 15 4 1 12 14
94 86 8 3 5 9 13 8 0 10 11 2 7 6 15 4 1 12 14
94 86 8 3 5 9 13 2 0 10 11 7 8 6 15 4 1 12 14
89 81 8 14 5 9 13 2 8 10 11 4 7 6 15 1 0 12 3
90 82 8 14 5 9 13 0 8 10 11 2 7 6 15 4 1 12 3
91 83 8 14 5 9 13 8 0 10 11 2 7 6 15 4 1 12 3
93 85 8 14 5 9 13 2 8 10 11 4 7 0 15 3 1 12 6
95 86 9 14 5 9 13 2 8 10 11 4 7 15 0 3 1 12 6
95 87 8 14 5 9 13 2 8 10 11 4 7 15 6 3 1 12 0
99 90 9 14 5 9 13 2 8 10 11 4 7 0 6 3 1 12 15
93 84 9 3 5 9 0 2 8 10 11 4 7 6 15 13 1 12 14
95 86 9 0 5 9 3 2 8 10 11 4 7 6 15 13 1 12 14
97 89 8 14 5 9 3 2 8 10 11 4 7 6 15 13 1 12 0
101 92 9 14 5 9 3 2 8 10 11 4 7 0 15 13 1 12 6
89 80 9 13 5 9 3 2 8 10 11 4 7 6 15 0 1 12 14
89 81 8 13 5 9 3 2 8 10 11 0 7 6 15 4 1 12 14
91 82 9 13 5 9 3 2 8 10 11 7 0 6 15 4 1 12 14
92 83 9 13 5 9 3 2 8 10 11 7 6 0 15 4 1 12 14
92 83 9 3 5 9 14 2 0 10 11 7 8 6 15 4 1 12 13
89 80 9 14 5 9 0 2 8 10 11 4 7 6 15 3 1 12 13
90 81 9 14 5 9 11 2 8 10 0 4 7 6 15 3 1 12 13
84 75 9 0 5 9 14 2 8 10 11 4 7 6 15 13 1 12 3
87 78 9 8 5 9 14 2 0 10 11 4 7 6 15 13 1 12 3
90 81 9 13 5 9 3 2 8 10 11 4 7 0 15 14 1 12 6
91 82 9 3 5 9 13 2 8 10 11 4 7 6 15 14 1 0 12
92 83 9 3 5 9 13 2 8 10 11 4 7 6 15 14 0 1 12
93 84 9 3 5 9 13 2 8 10 11 4 7 6 15 0 14 1 12
94 86 8 3 5 9 13 2 8 10 11 4 7 6 15 12 14 1 0
93 85 8 3 5 9 13 2 8 10 11 0 7 6 15 4 14 1 12
95 86 9 3 5 9 13 2 8 10 11 7 0 6 15 4 14 1 12
96 87 9 3 5 9 13 2 8 10 11 7 6 0 15 4 14 1 12
97 88 9 3 5 9 13 2 8 10 11 7 6 1 15 4 14 0 12
96 89 7 3 5 9 13 2 8 10 11 7 6 1 15 4 14 12 0
100 92 8 3 5 9 13 2 8 10 11 7 6 0 15 4 14 12 1
101 93 8 3 5 9 13 2 8 10 11 7 0 6 15 4 14 12 1
101 94 7 3 5 9 13 2 8 10 11 0 7 6 15 4 14 12 1
103 95 8 3 5 9 13 2 8 10 11 4 7 6 15 0 14 12 1
104 97 7 3 5 9 13 2 8 10 11 4 7 6 15 1 14 12 0
108 100 8 3 5 9 13 2 8 10 11 4 7 0 15 1 14 12 6
108 100 8 0 5 9 13 2 8 10 11 4 7 6 15 1 14 12 3
109 102 7 1 5 9 13 2 8 10 11 4 7 6 15 0 14 12 3
110 104 6 1 5 9 13 2 8 10 11 4 7 6 15 3 14 12 0
109 103 6 1 5 9 13 2 8 10 11 0 7 6 15 4 14 12 3
111 104 7 1 5 9 13 2 8 10 11 7 0 6 15 4 14 12 3
112 105 7 1 5 9 13 2 8 10 11 7 6 0 15 4 14 12 3
112 105 7 1 5 9 13 2 8 10 11 7 14 6 15 4 0 12 3
112 105 7 1 5 9 13 2 0 10 11 7 8 6 15 4 14 12 3
111 104 7 1 5 9 13 0 8 10 11 2 7 6 15 4 14 12 3
112 105 7 1 5 9 13 8 0 10 11 2 7 6 15 4 14 12 3
114 107 7 1 5 9 13 2 8 10 11 4 7 0 15 3 14 12 6
110 103 7 1 5 9 13 2 8 10 11 4 7 6 15 14 0 12 3
112 104 8 1 5 9 13 2 8 10 11 4 7 6 15 14 12 0 3
112 105 7 1 5 9 13 2 8 10 11 4 7 6 15 14 12 3 0
116 108 8 1 5 9 13 2 8 10 11 4 7 0 15 14 12 3 6
117 109 8 1 5 9 13 2 8 10 11 4 7 3 15 14 12 0 6
117 110 7 1 5 9 13 2 8 10 11 4 7 3 15 14 12 6 0
117 110 7 1 5 9 13 2 8 10 11 4 7 3 15 14 0 12 6
118 111 7 1 5 9 13 2 8 10 11 4 7 3 15 0 14 12 6
119 113 6 1 5 9 13 2 8 10 11 4 7 3 15 6 14 12 0
118 112 6 1 5 9 13 2 8 10 11 0 7 3 15 4 14 12 6
120 113 7 1 5 9 13 2 8 10 11 7 0 3 15 4 14 12 6
121 114 7 1 5 9 13 2 8 10 11 7 3 0 15 4 14 12 6
121 114 7 1 5 9 13 2 8 10 11 7 14 3 15 4 0 12 6
121 114 7 1 5 9 13 2 0 10 11 7 8 3 15 4 14 12 6
123 116 7 1 5 9 13 2 8 10 11 4 7 0 15 6 14 12 3
120 113 7 1 5 9 13 0 8 10 11 2 7 3 15 4 14 12 6
121 114 7 1 5 9 13 8 0 10 11 2 7 3 15 4 14 12 6
123 115 8 1 5 9 13 8 10 0 11 2 7 3 15 4 14 12 6
124 116 8 1 5 9 13 8 10 11 0 2 7 3 15 4 14 12 6
124 116 8 1 5 9 13 8 10 3 11 2 7 0 15 4 14 12 6
114 106 8 1 5 9 13 2 8 10 11 7 6 12 15 4 14 0 3
114 107 7 1 5 9 13 2 8 10 11 7 6 12 15 4 14 3 0
118 110 8 1 5 9 13 2 8 10 11 7 6 0 15 4 14 3 12
119 111 8 1 5 9 13 2 8 10 11 7 0 6 15 4 14 3 12
119 112 7 1 5 9 13 2 8 10 11 0 7 6 15 4 14 3 12
121 113 8 1 5 9 13 2 8 10 11 4 7 6 15 0 14 3 12
122 115 7 1 5 9 13 2 8 10 11 4 7 6 15 12 14 3 0
126 118 8 1 5 9 13 2 8 10 11 4 7 0 15 12 14 3 6
127 119 8 1 5 9 13 2 8 10 11 4 7 3 15 12 14 0 6
127 120 7 1 5 9 13 2 8 10 11 4 7 3 15 12 14 6 0
131 123 8 1 5 9 13 2 8 10 11 4 7 0 15 12 14 6 3
116 108 8 1 5 9 13 2 8 10 11 4 7 15 0 3 14 12 6
116 109 7 1 5 9 13 2 8 10 11 4 7 15 6 3 14 12 0
120 112 8 1 5 9 13 2 8 10 11 4 7 0 6 3 14 12 15
113 105 8 1 5 9 0 2 8 10 11 4 7 6 15 13 14 12 3
114 107 7 1 5 9 3 2 8 10 11 4 7 6 15 13 14 12 0
118 110 8 1 5 9 3 2 8 10 11 4 7 0 15 13 14 12 6
120 112 8 1 5 9 13 2 8 10 11 4 7 3 15 0 12 6 14
120 113 7 1 5 9 13 2 8 10 11 0 7 3 15 4 12 6 14
122 114 8 1 5 9 13 2 8 10 11 7 0 3 15 4 12 6 14
123 115 8 1 5 9 13 2 8 10 11 7 3 0 15 4 12 6 14
124 116 8 1 5 9 13 2 8 10 11 7 3 6 15 4 12 0 14
124 117 7 1 5 9 13 2 8 10 11 7 3 6 15 4 12 14 0
124 117 7 1 5 9 13 2 8 10 11 7 3 6 15 4 0 12 14
125 118 7 1 5 9 13 2 8 10 11 7 0 6 15 4 3 12 14
125 119 6 1 5 9 13 2 8 10 11 0 7 6 15 4 3 12 14
127 120 7 1 5 9 13 2 8 10 11 4 7 6 15 0 3 12 14
128 122 6 1 5 9 13 2 8 10 11 4 7 6 15 14 3 12 0
132 125 7 1 5 9 13 2 8 10 11 4 7 0 15 14 3 12 6
128 121 7 1 5 9 13 2 8 10 11 4 7 6 15 3 0 12 14
127 120 7 1 5 9 13 0 8 10 11 2 7 6 15 4 3 12 14
128 121 7 1 5 9 13 8 0 10 11 2 7 6 15 4 3 12 14
126 119 7 1 5 9 13 2 8 10 11 7 6 0 15 4 3 12 14
126 119 7 1 5 9 13 2 0 10 11 7 8 6 15 4 3 12 14
128 120 8 1 5 9 13 2 10 0 11 7 8 6 15 4 3 12 14
129 121 8 1 5 9 13 2 10 11 0 7 8 6 15 4 3 12 14
102 94 8 3 5 9 13 2 0 10 11 7 8 6 15 4 14 12 1
121 113 8 0 5 9 13 2 8 10 11 4 7 3 15 1 14 12 6
123 116 7 6 5 9 13 2 8 10 11 4 7 3 15 1 14 12 0
127 119 8 6 5 9 13 2 8 10 11 4 7 0 15 1 14 12 3
113 105 8 1 5 9 13 2 8 10 11 4 7 6 15 3 14 0 12
114 106 8 1 5 9 13 2 8 10 11 4 7 6 15 3 0 14 12
115 107 8 1 5 9 13 2 8 10 11 4 7 6 15 0 3 14 12
116 109 7 1 5 9 13 2 8 10 11 4 7 6 15 12 3 14 0
115 108 7 1 5 9 13 2 8 10 11 0 7 6 15 4 3 14 12
117 109 8 1 5 9 13 2 8 10 11 7 0 6 15 4 3 14 12
118 110 8 1 5 9 13 2 8 10 11 7 6 0 15 4 3 14 12
119 111 8 1 5 9 13 2 8 10 11 7 6 14 15 4 3 0 12
118 112 6 1 5 9 13 2 8 10 11 7 6 14 15 4 3 12 0
123 115 8 0 5 9 13 2 8 10 11 7 6 14 15 4 3 12 1
126 118 8 8 5 9 13 2 0 10 11 7 6 14 15 4 3 12 1
126 119 7 8 5 9 13 2 6 10 11 7 0 14 15 4 3 12 1
126 120 6 8 5 9 13 2 6 10 11 0 7 14 15 4 3 12 1
128 121 7 8 5 9 13 2 6 10 11 4 7 14 15 0 3 12 1
129 123 6 8 5 9 13 2 6 10 11 4 7 14 15 1 3 12 0
133 126 7 8 5 9 13 2 6 10 11 4 7 0 15 1 3 12 14
133 126 7 0 5 9 13 2 6 10 11 4 7 14 15 1 3 12 8
134 128 6 1 5 9 13 2 6 10 11 4 7 14 15 0 3 12 8
135 130 5 1 5 9 13 2 6 10 11 4 7 14 15 8 3 12 0
134 129 5 1 5 9 13 2 6 10 11 0 7 14 15 4 3 12 8
136 130 6 1 5 9 13 2 6 10 11 7 0 14 15 4 3 12 8
137 131 6 1 5 9 13 2 6 10 11 7 14 0 15 4 3 12 8
137 131 6 1 5 9 13 2 6 10 11 7 3 14 15 4 0 12 8
136 130 6 1 5 9 13 0 6 10 11 2 7 14 15 4 3 12 8
139 133 6 1 5 9 13 2 6 10 11 4 7 0 15 8 3 12 14
135 129 6 1 5 9 13 2 6 10 11 4 7 14 15 3 0 12 8
137 130 7 1 5 9 13 2 6 10 11 4 7 14 15 3 12 0 8
137 131 6 1 5 9 13 2 6 10 11 4 7 14 15 3 12 8 0
141 134 7 1 5 9 13 2 6 10 11 4 7 0 15 3 12 8 14
142 135 7 1 5 9 13 2 6 10 11 4 7 8 15 3 12 0 14
142 136 6 1 5 9 13 2 6 10 11 4 7 8 15 3 12 14 0
142 136 6 1 5 9 13 2 6 10 11 4 7 8 15 3 0 12 14
143 137 6 1 5 9 13 2 6 10 11 4 7 8 15 0 3 12 14
144 139 5 1 5 9 13 2 6 10 11 4 7 8 15 14 3 12 0
143 138 5 1 5 9 13 2 6 10 11 0 7 8 15 4 3 12 14
145 139 6 1 5 9 13 2 6 10 11 7 0 8 15 4 3 12 14
146 140 6 1 5 9 13 2 6 10 11 7 8 0 15 4 3 12 14
146 140 6 1 5 9 13 2 6 10 11 7 3 8 15 4 0 12 14
145 139 6 1 5 9 13 0 6 10 11 2 7 8 15 4 3 12 14
148 142 6 1 5 9 13 2 6 10 11 4 7 0 15 14 3 12 8
150 143 7 1 5 9 13 2 6 10 11 4 7 15 0 14 3 12 8
150 144 6 1 5 9 13 2 6 10 11 4 7 15 8 14 3 12 0
154 147 7 1 5 9 13 2 6 10 11 4 7 0 8 14 3 12 15
153 146 7 1 5 9 13 2 6 10 11 4 7 15 8 0 3 12 14
153 147 6 1 5 9 13 2 6 10 11 0 7 15 8 4 3 12 14
155 148 7 1 5 9 13 2 6 10 11 7 0 15 8 4 3 12 14
156 149 7 1 5 9 13 2 6 10 11 7 15 0 8 4 3 12 14
157 150 7 1 5 9 13 2 6 10 11 7 15 8 0 4 3 12 14
157 151 6 1 5 9 13 2 6 10 11 7 15 8 14 4 3 12 0
161 154 7 1 5 9 13 2 6 10 11 7 15 0 14 4 3 12 8
162 155 7 1 5 9 13 2 6 10 11 7 15 14 0 4 3 12 8
162 156 6 1 5 9 13 2 6 10 11 7 15 14 8 4 3 12 0
163 156 7 1 5 9 13 2 6 10 0 7 15 14 11 4 3 12 8
162 155 7 1 5 9 13 2 6 10 11 7 0 15 14 4 3 12 8
162 156 6 1 5 9 13 2 6 10 11 0 7 15 14 4 3 12 8
164 157 7 1 5 9 13 2 6 10 11 4 7 15 14 0 3 12 8
165 159 6 1 5 9 13 2 6 10 11 4 7 15 14 8 3 12 0
169 162 7 1 5 9 13 2 6 10 11 4 7 0 14 8 3 12 15
165 158 7 1 5 9 13 2 6 10 11 4 7 15 14 3 0 12 8
145 138 7 1 5 9 13 2 6 10 11 4 7 8 15 0 12 14 3
145 139 6 1 5 9 13 2 6 10 11 0 7 8 15 4 12 14 3
147 140 7 1 5 9 13 2 6 10 11 7 0 8 15 4 12 14 3
148 141 7 1 5 9 13 2 6 10 11 7 8 0 15 4 12 14 3
149 142 7 1 5 9 13 2 6 10 11 7 8 14 15 4 12 0 3
149 143 6 1 5 9 13 2 6 10 11 7 8 14 15 4 12 3 0
149 143 6 1 5 9 13 2 6 10 11 7 8 14 15 4 0 12 3
149 144 5 1 5 9 13 2 6 10 11 7 0 14 15 4 8 12 3
149 145 4 1 5 9 13 2 6 10 11 0 7 14 15 4 8 12 3
151 146 5 1 5 9 13 2 6 10 11 4 7 14 15 0 8 12 3
152 148 4 1 5 9 13 2 6 10 11 4 7 14 15 3 8 12 0
156 151 5 1 5 9 13 2 6 10 11 4 7 0 15 3 8 12 14
151 146 5 1 5 9 13 0 6 10 11 2 7 14 15 4 8 12 3
150 145 5 1 5 9 13 2 6 10 11 7 14 0 15 4 8 12 3
152 146 6 1 5 9 13 2 6 10 11 7 14 15 0 4 8 12 3
152 147 5 1 5 9 13 2 6 10 11 7 14 15 3 4 8 12 0
156 150 6 1 5 9 13 2 6 10 11 7 14 0 3 4 8 12 15
157 151 6 1 5 9 13 2 6 10 11 7 14 3 0 4 8 12 15
156 152 4 1 5 9 13 2 6 10 11 7 14 3 15 4 8 12 0
161 155 6 0 5 9 13 2 6 10 11 7 14 3 15 4 8 12 1
160 154 6 1 5 9 0 2 6 10 11 7 14 3 15 4 8 12 13
161 155 6 1 5 9 11 2 6 10 0 7 14 3 15 4 8 12 13
158 152 6 1 5 9 13 2 6 10 0 7 14 3 11 4 8 12 15
154 148 6 0 5 9 13 2 6 10 11 4 7 14 15 1 8 12 3
156 151 5 3 5 9 13 2 6 10 11 4 7 14 15 1 8 12 0
160 154 6 3 5 9 13 2 6 10 11 4 7 0 15 1 8 12 14
159 153 6 3 5 9 13 2 6 10 11 4 7 14 15 0 8 12 1
159 154 5 3 5 9 13 2 6 10 11 0 7 14 15 4 8 12 1
161 155 6 3 5 9 13 2 6 10 11 7 0 14 15 4 8 12 1
162 156 6 3 5 9 13 2 6 10 11 7 14 0 15 4 8 12 1
161 155 6 3 5 9 13 0 6 10 11 2 7 14 15 4 8 12 1
157 151 6 0 5 9 13 2 6 10 11 4 7 14 15 3 8 12 1
158 152 6 1 5 9 13 2 6 10 11 4 7 12 15 3 8 0 14
158 153 5 1 5 9 13 2 6 10 11 4 7 12 15 3 8 14 0
162 156 6 1 5 9 13 2 6 10 11 4 7 0 15 3 8 14 12
161 155 6 1 5 9 13 2 6 10 11 4 7 12 15 0 8 14 3
161 156 5 1 5 9 13 2 6 10 11 0 7 12 15 4 8 14 3
163 157 6 1 5 9 13 2 6 10 11 7 0 12 15 4 8 14 3
164 158 6 1 5 9 13 2 6 10 11 7 12 0 15 4 8 14 3
165 159 6 1 5 9 13 2 6 10 11 7 12 14 15 4 8 0 3
165 160 5 1 5 9 13 2 6 10 11 7 12 14 15 4 8 3 0
169 163 6 1 5 9 13 2 6 10 11 7 12 0 15 4 8 3 14
170 164 6 1 5 9 13 2 6 10 11 7 0 12 15 4 8 3 14
170 165 5 1 5 9 13 2 6 10 11 0 7 12 15 4 8 3 14
172 166 6 1 5 9 13 2 6 10 11 4 7 12 15 0 8 3 14
173 168 5 1 5 9 13 2 6 10 11 4 7 12 15 14 8 3 0
177 171 6 1 5 9 13 2 6 10 11 4 7 0 15 14 8 3 12
178 172 6 1 5 9 13 2 6 10 11 4 7 3 15 14 8 0 12
177 173 4 1 5 9 13 2 6 10 11 4 7 3 15 14 8 12 0
181 176 5 1 5 9 13 2 6 10 11 4 7 0 15 14 8 12 3
180 175 5 1 5 9 13 2 6 10 11 4 7 3 15 0 8 12 14
180 176 4 1 5 9 13 2 6 10 11 0 7 3 15 4 8 12 14
182 177 5 1 5 9 13 2 6 10 11 7 0 3 15 4 8 12 14
183 178 5 1 5 9 13 2 6 10 11 7 3 0 15 4 8 12 14
182 177 5 1 5 9 13 0 6 10 11 2 7 3 15 4 8 12 14
184 178 6 1 5 9 13 6 0 10 11 2 7 3 15 4 8 12 14
185 179 6 1 5 9 13 2 6 10 11 7 3 15 0 4 8 12 14
185 180 5 1 5 9 13 2 6 10 11 7 3 15 14 4 8 12 0
189 183 6 1 5 9 13 2 6 10 11 7 3 0 14 4 8 12 15
190 184 6 1 5 9 13 2 6 10 11 7 3 14 0 4 8 12 15
189 185 4 1 5 9 13 2 6 10 11 7 3 14 15 4 8 12 0
194 188 6 0 5 9 13 2 6 10 11 7 3 14 15 4 8 12 1
193 187 6 1 5 9 0 2 6 10 11 7 3 14 15 4 8 12 13
194 188 6 1 5 9 11 2 6 10 0 7 3 14 15 4 8 12 13
193 187 6 1 5 9 13 2 6 10 11 7 3 14 15 0 8 12 4
196 190 6 1 5 9 13 2 6 10 11 7 0 14 15 3 8 12 4
196 191 5 1 5 9 13 2 6 10 11 0 7 14 15 3 8 12 4
196 192 4 1 5 9 13 2 6 10 11 3 7 14 15 0 8 12 4
196 194 2 1 5 9 13 2 6 10 11 3 7 14 15 4 8 12 0
200 197 3 1 5 9 13 2 6 10 11 3 7 0 15 4 8 12 14
202 198 4 1 5 9 13 2 6 10 11 3 7 15 0 4 8 12 14
202 199 3 1 5 9 13 2 6 10 11 3 7 15 14 4 8 12 0
206 202 4 1 5 9 13 2 6 10 11 3 7 0 14 4 8 12 15
199 195 4 1 5 9 13 2 6 10 11 3 7 14 15 4 8 0 12
200 196 4 1 5 9 13 2 6 10 11 3 7 0 15 4 8 14 12
199 195 4 1 5 9 13 2 6 10 11 3 7 14 0 4 8 12 15
200 196 4 1 5 9 13 2 6 10 0 3 7 14 11 4 8 12 15
200 196 4 1 5 9 0 2 6 10 11 3 7 14 15 4 8 12 13
201 197 4 1 5 9 11 2 6 10 0 3 7 14 15 4 8 12 13
203 199 4 1 5 9 13 2 6 10 0 3 7 15 11 4 8 12 14
201 197 4 0 5 9 13 2 6 10 11 3 7 14 15 4 8 12 1
202 198 4 1 5 9 13 2 6 10 11 3 0 7 15 4 8 12 14
202 198 4 1 5 9 13 2 6 0 11 3 7 10 15 4 8 12 14
203 199 4 1 5 9 13 2 6 11 0 3 7 10 15 4 8 12 14
202 198 4 1 5 9 13 2 6 10 11 3 7 12 15 4 8 0 14
202 199 3 1 5 9 13 2 6 10 11 3 7 12 15 4 8 14 0
207 202 5 0 5 9 13 2 6 10 11 3 7 12 15 4 8 14 1
200 195 5 1 5 9 13 2 6 10 11 3 0 14 15 7 8 12 4
201 196 5 1 5 9 13 2 6 10 11 3 14 0 15 7 8 12 4
199 194 5 0 5 9 13 2 6 10 11 3 7 14 15 1 8 12 4
201 197 4 4 5 9 13 2 6 10 11 3 7 14 15 1 8 12 0
205 200 5 4 5 9 13 2 6 10 11 3 7 0 15 1 8 12 14
198 193 5 1 5 9 13 2 6 10 11 3 7 14 15 8 0 12 4
200 195 5 1 5 9 0 2 6 10 11 3 7 14 15 13 8 12 4
201 197 4 1 5 9 4 2 6 10 11 3 7 14 15 13 8 12 0
205 200 5 1 5 9 4 2 6 10 11 3 7 0 15 13 8 12 14
201 196 5 1 5 9 11 2 6 10 0 3 7 14 15 13 8 12 4
206 201 5 1 5 9 0 2 6 10 11 3 7 12 15 4 8 14 13
207 202 5 1 5 9 11 2 6 10 0 3 7 12 15 4 8 14 13
207 202 5 0 5 9 13 2 6 10 11 3 7 15 14 4 8 12 1
208 203 5 1 5 9 13 2 6 10 11 3 0 7 14 4 8 12 15
201 196 5 1 5 9 13 2 6 10 11 3 7 14 15 4 0 8 12
202 197 5 1 5 9 0 2 6 10 13 3 7 14 11 4 8 12 15
203 199 4 1 5 9 15 2 6 10 13 3 7 14 11 4 8 12 0
207 202 5 1 5 9 15 2 6 10 13 3 7 0 11 4 8 12 14
207 203 4 1 5 9 15 2 6 10 13 3 7 11 0 4 8 12 14
207 204 3 1 5 9 15 2 6 10 13 3 7 11 14 4 8 12 0
210 206 4 1 5 9 0 2 6 10 13 3 7 11 14 4 8 12 15
210 207 3 1 5 9 13 2 6 10 0 3 7 11 14 4 8 12 15
210 208 2 1 5 9 13 2 6 10 14 3 7 11 0 4 8 12 15
209 209 0 1 5 9 13 2 6 10 14 3 7 11 15 4 8 12 0
