0 0 0 14 9 11 3 13 6 4 2 15 10 8 7 0 1 12 5
15 2 13 14 9 11 3 13 6 4 2 15 10 8 7 5 1 12 0
19 5 14 14 9 11 3 13 6 4 2 15 10 0 7 5 1 12 8
20 6 14 14 9 11 3 13 6 4 2 15 10 7 0 5 1 12 8
20 7 13 14 9 11 3 13 6 4 2 15 10 7 8 5 1 12 0
24 10 14 14 9 11 3 13 6 4 2 15 10 0 8 5 1 12 7
25 11 14 14 9 11 3 13 6 4 2 15 0 10 8 5 1 12 7
26 12 14 14 9 11 3 13 6 4 2 0 15 10 8 5 1 12 7
27 13 14 14 9 11 3 13 6 4 2 5 15 10 8 0 1 12 7
28 15 13 14 9 11 3 13 6 4 2 5 15 10 8 7 1 12 0
32 18 14 14 9 11 3 13 6 4 2 5 15 0 8 7 1 12 10
33 19 14 14 9 11 3 13 6 4 2 5 15 8 0 7 1 12 10
33 20 13 14 9 11 3 13 6 4 2 5 15 8 10 7 1 12 0
37 23 14 14 9 11 3 13 6 4 2 5 15 0 10 7 1 12 8
38 24 14 14 9 11 3 13 6 4 2 5 0 15 10 7 1 12 8
39 25 14 14 9 11 3 13 6 4 2 0 5 15 10 7 1 12 8
40 26 14 14 9 11 3 13 6 4 2 7 5 15 10 0 1 12 8
41 28 13 14 9 11 3 13 6 4 2 7 5 15 10 8 1 12 0
45 31 14 14 9 11 3 13 6 4 2 7 5 0 10 8 1 12 15
46 32 14 14 9 11 3 13 6 4 2 7 5 10 0 8 1 12 15
45 33 12 14 9 11 3 13 6 4 2 7 5 10 15 8 1 12 0
49 36 13 14 9 11 3 13 6 4 2 7 5 0 15 8 1 12 10
50 37 13 14 9 11 3 13 6 4 2 7 0 5 15 8 1 12 10
50 38 12 14 9 11 3 13 6 4 2 0 7 5 15 8 1 12 10
51 39 12 14 9 11 3 13 6 4 2 8 7 5 15 0 1 12 10
52 41 11 14 9 11 3 13 6 4 2 8 7 5 15 10 1 12 0
56 44 12 14 9 11 3 13 6 4 2 8 7 0 15 10 1 12 5
57 45 12 14 9 11 3 13 6 0 2 8 7 4 15 10 1 12 5
58 46 12 14 9 11 3 13 6 2 0 8 7 4 15 10 1 12 5
59 47 12 14 9 11 0 13 6 2 3 8 7 4 15 10 1 12 5
60 49 11 14 9 11 5 13 6 2 3 8 7 4 15 10 1 12 0
64 52 12 14 9 11 5 13 6 2 3 8 7 0 15 10 1 12 4
65 53 12 14 9 11 5 13 6 0 3 8 7 2 15 10 1 12 4
66 54 12 14 9 11 5 13 6 3 0 8 7 2 15 10 1 12 4
67 55 12 14 9 11 0 13 6 3 5 8 7 2 15 10 1 12 4
68 57 11 14 9 11 4 13 6 3 5 8 7 2 15 10 1 12 0
72 60 12 14 9 11 4 13 6 3 5 8 7 0 15 10 1 12 2
73 61 12 14 9 11 4 13 6 0 5 8 7 3 15 10 1 12 2
74 62 12 14 9 11 4 13 6 5 0 8 7 3 15 10 1 12 2
75 63 12 14 9 11 0 13 6 5 4 8 7 3 15 10 1 12 2
76 65 11 14 9 11 2 13 6 5 4 8 7 3 15 10 1 12 0
80 68 12 14 9 11 2 13 6 5 4 8 7 0 15 10 1 12 3
81 69 12 14 9 11 2 13 6 0 4 8 7 5 15 10 1 12 3
82 70 12 14 9 11 2 13 6 4 0 8 7 5 15 10 1 12 3
62 50 12 14 9 11 2 13 6 0 3 8 7 4 15 10 1 12 5
63 51 12 14 9 11 2 13 6 3 0 8 7 4 15 10 1 12 5
64 52 12 14 9 11 0 13 6 3 2 8 7 4 15 10 1 12 5
65 54 11 14 9 11 5 13 6 3 2 8 7 4 15 10 1 12 0
69 57 12 14 9 11 5 13 6 3 2 8 7 0 15 10 1 12 4
70 58 12 14 9 11 5 13 6 0 2 8 7 3 15 10 1 12 4
71 59 12 14 9 11 5 13 6 2 0 8 7 3 15 10 1 12 4
72 60 12 14 9 11 0 13 6 2 5 8 7 3 15 10 1 12 4
73 62 11 14 9 11 4 13 6 2 5 8 7 3 15 10 1 12 0
77 65 12 14 9 11 4 13 6 2 5 8 7 0 15 10 1 12 3
78 66 12 14 9 11 4 13 6 0 5 8 7 2 15 10 1 12 3
79 67 12 14 9 11 4 13 6 5 0 8 7 2 15 10 1 12 3
80 68 12 14 9 11 0 13 6 5 4 8 7 2 15 10 1 12 3
81 70 11 14 9 11 3 13 6 5 4 8 7 2 15 10 1 12 0
85 73 12 14 9 11 3 13 6 5 4 8 7 0 15 10 1 12 2
86 74 12 14 9 11 3 13 6 0 4 8 7 5 15 10 1 12 2
87 75 12 14 9 11 3 13 6 4 0 8 7 5 15 10 1 12 2
88 76 12 14 9 11 0 13 6 4 3 8 7 5 15 10 1 12 2
89 78 11 14 9 11 2 13 6 4 3 8 7 5 15 10 1 12 0
93 81 12 0 9 11 2 13 6 4 3 8 7 5 15 10 1 12 14
95 83 12 10 9 11 2 13 6 4 3 8 7 5 15 0 1 12 14
96 85 11 10 9 11 2 13 6 4 3 8 7 5 15 14 1 12 0
100 88 12 10 9 11 2 13 6 4 3 8 7 0 15 14 1 12 5
101 89 12 10 9 11 2 13 6 0 3 8 7 4 15 14 1 12 5
102 90 12 10 9 11 2 13 6 3 0 8 7 4 15 14 1 12 5
103 91 12 10 9 11 0 13 6 3 2 8 7 4 15 14 1 12 5
104 93 11 10 9 11 5 13 6 3 2 8 7 4 15 14 1 12 0
108 96 12 10 9 11 5 13 6 3 2 8 7 0 15 14 1 12 4
109 97 12 10 9 11 5 13 6 0 2 8 7 3 15 14 1 12 4
110 98 12 10 9 11 5 13 6 2 0 8 7 3 15 14 1 12 4
111 99 12 10 9 11 0 13 6 2 5 8 7 3 15 14 1 12 4
112 101 11 10 9 11 4 13 6 2 5 8 7 3 15 14 1 12 0
116 104 12 10 9 11 4 13 6 2 5 8 7 0 15 14 1 12 3
117 105 12 10 9 11 4 13 6 0 5 8 7 2 15 14 1 12 3
118 106 12 10 9 11 4 13 6 5 0 8 7 2 15 14 1 12 3
119 107 12 10 9 11 0 13 6 5 4 8 7 2 15 14 1 12 3
120 109 11 10 9 11 3 13 6 5 4 8 7 2 15 14 1 12 0
124 112 12 10 9 11 3 13 6 5 4 8 7 0 15 14 1 12 2
125 113 12 10 9 11 3 13 6 0 4 8 7 5 15 14 1 12 2
126 114 12 10 9 11 3 13 6 4 0 8 7 5 15 14 1 12 2
81 69 12 14 9 0 11 13 6 5 4 8 7 2 15 10 1 12 3
81 70 11 14 0 9 11 13 6 5 4 8 7 2 15 10 1 12 3
82 71 11 0 14 9 11 13 6 5 4 8 7 2 15 10 1 12 3
84 74 10 3 14 9 11 13 6 5 4 8 7 2 15 10 1 12 0
88 77 11 3 14 9 11 13 6 5 4 8 7 0 15 10 1 12 2
89 78 11 3 14 9 11 13 6 0 4 8 7 5 15 10 1 12 2
90 79 11 3 14 9 11 13 6 4 0 8 7 5 15 10 1 12 2
91 80 11 3 14 9 0 13 6 4 11 8 7 5 15 10 1 12 2
92 82 10 3 14 9 2 13 6 4 11 8 7 5 15 10 1 12 0
96 85 11 3 14 9 2 13 6 4 11 8 7 0 15 10 1 12 5
97 86 11 3 14 9 2 13 6 0 11 8 7 4 15 10 1 12 5
98 87 11 3 14 9 2 13 6 11 0 8 7 4 15 10 1 12 5
99 88 11 3 14 9 0 13 6 11 2 8 7 4 15 10 1 12 5
100 90 10 3 14 9 5 13 6 11 2 8 7 4 15 10 1 12 0
104 93 11 3 14 9 5 13 6 11 2 8 7 0 15 10 1 12 4
104 94 10 3 14 9 5 13 6 0 2 8 7 11 15 10 1 12 4
105 95 10 3 14 9 5 13 6 2 0 8 7 11 15 10 1 12 4
106 96 10 3 14 9 0 13 6 2 5 8 7 11 15 10 1 12 4
107 98 9 3 14 9 4 13 6 2 5 8 7 11 15 10 1 12 0
111 101 10 0 14 9 4 13 6 2 5 8 7 11 15 10 1 12 3
113 103 10 10 14 9 4 13 6 2 5 8 7 11 15 0 1 12 3
115 106 9 10 14 9 0 13 6 2 5 8 7 11 15 4 1 12 3
116 108 8 10 14 9 3 13 6 2 5 8 7 11 15 4 1 12 0
120 111 9 0 14 9 3 13 6 2 5 8 7 11 15 4 1 12 10
122 113 9 3 14 9 0 13 6 2 5 8 7 11 15 4 1 12 10
123 115 8 3 14 9 10 13 6 2 5 8 7 11 15 4 1 12 0
125 116 9 3 14 9 2 13 6 0 5 8 7 11 15 4 1 12 10
126 117 9 3 14 9 2 13 6 5 0 8 7 11 15 4 1 12 10
127 118 9 3 14 9 0 13 6 5 2 8 7 11 15 4 1 12 10
128 120 8 3 14 9 10 13 6 5 2 8 7 11 15 4 1 12 0
132 123 9 0 14 9 10 13 6 5 2 8 7 11 15 4 1 12 3
134 125 9 10 14 9 0 13 6 5 2 8 7 11 15 4 1 12 3
135 127 8 10 14 9 3 13 6 5 2 8 7 11 15 4 1 12 0
137 128 9 10 14 9 5 13 6 0 2 8 7 11 15 4 1 12 3
121 112 9 14 0 9 3 13 6 2 5 8 7 11 15 4 1 12 10
118 109 9 10 14 9 2 13 6 0 5 8 7 11 15 4 1 12 3
121 112 9 13 14 9 3 0 6 2 5 8 7 11 15 4 1 12 10
122 113 9 13 14 9 3 8 6 2 5 0 7 11 15 4 1 12 10
116 107 9 10 14 9 5 13 6 2 0 8 7 11 15 4 1 12 3
114 105 9 10 14 9 4 13 6 2 5 8 7 11 15 3 1 12 0
117 108 9 0 14 9 10 13 6 2 5 8 7 11 15 4 1 12 3
118 109 9 14 0 9 10 13 6 2 5 8 7 11 15 4 1 12 3
118 109 9 13 14 9 10 0 6 2 5 8 7 11 15 4 1 12 3
119 110 9 13 14 9 10 8 6 2 5 0 7 11 15 4 1 12 3
119 110 9 10 14 9 2 13 6 5 0 8 7 11 15 4 1 12 3
123 114 9 3 14 9 5 13 6 2 0 8 7 11 15 4 1 12 10
133 124 9 13 14 9 10 0 6 5 2 8 7 11 15 4 1 12 3
134 125 9 13 14 9 10 8 6 5 2 0 7 11 15 4 1 12 3
124 115 9 3 14 9 5 13 6 0 2 8 7 11 15 4 1 12 10
133 124 9 14 0 9 10 13 6 5 2 8 7 11 15 4 1 12 3
129 120 9 0 14 9 3 13 6 5 2 8 7 11 15 4 1 12 10
130 121 9 14 0 9 3 13 6 5 2 8 7 11 15 4 1 12 10
130 121 9 13 14 9 3 0 6 5 2 8 7 11 15 4 1 12 10
131 122 9 13 14 9 3 8 6 5 2 0 7 11 15 4 1 12 10
133 123 10 13 14 9 3 8 6 5 2 7 0 11 15 4 1 12 10
134 124 10 13 14 9 3 8 6 5 2 7 1 11 15 4 0 12 10
133 123 10 6 14 9 3 13 0 5 2 8 7 11 15 4 1 12 10
134 124 10 6 14 9 3 13 5 0 2 8 7 11 15 4 1 12 10
135 125 10 6 14 9 3 13 5 2 0 8 7 11 15 4 1 12 10
136 126 10 6 14 9 0 13 5 2 3 8 7 11 15 4 1 12 10
137 128 9 6 14 9 10 13 5 2 3 8 7 11 15 4 1 12 0
141 131 10 0 14 9 10 13 5 2 3 8 7 11 15 4 1 12 6
144 134 10 5 14 9 10 13 0 2 3 8 7 11 15 4 1 12 6
145 135 10 5 14 9 10 13 2 0 3 8 7 11 15 4 1 12 6
146 136 10 5 14 9 10 13 2 3 0 8 7 11 15 4 1 12 6
147 137 10 5 14 9 0 13 2 3 10 8 7 11 15 4 1 12 6
148 139 9 5 14 9 6 13 2 3 10 8 7 11 15 4 1 12 0
152 142 10 0 14 9 6 13 2 3 10 8 7 11 15 4 1 12 5
155 145 10 2 14 9 6 13 0 3 10 8 7 11 15 4 1 12 5
156 146 10 2 14 9 6 13 3 0 10 8 7 11 15 4 1 12 5
156 147 9 2 14 9 6 13 3 10 0 8 7 11 15 4 1 12 5
157 148 9 2 14 9 0 13 3 10 6 8 7 11 15 4 1 12 5
158 150 8 2 14 9 5 13 3 10 6 8 7 11 15 4 1 12 0
162 153 9 0 14 9 5 13 3 10 6 8 7 11 15 4 1 12 2
165 156 9 3 14 9 5 13 0 10 6 8 7 11 15 4 1 12 2
166 157 9 3 14 9 5 0 13 10 6 8 7 11 15 4 1 12 2
167 158 9 3 14 9 5 8 13 10 6 0 7 11 15 4 1 12 2
166 157 9 3 0 9 5 13 14 10 6 8 7 11 15 4 1 12 2
167 158 9 0 3 9 5 13 14 10 6 8 7 11 15 4 1 12 2
169 161 8 2 3 9 5 13 14 10 6 8 7 11 15 4 1 12 0
172 163 9 2 3 9 0 13 14 10 6 8 7 11 15 4 1 12 5
174 165 9 0 3 9 2 13 14 10 6 8 7 11 15 4 1 12 5
176 168 8 5 3 9 2 13 14 10 6 8 7 11 15 4 1 12 0
177 168 9 14 3 9 2 13 0 10 6 8 7 11 15 4 1 12 5
178 169 9 14 3 9 2 0 13 10 6 8 7 11 15 4 1 12 5
179 170 9 14 3 9 2 8 13 10 6 0 7 11 15 4 1 12 5
178 169 9 14 0 9 2 13 3 10 6 8 7 11 15 4 1 12 5
175 166 9 3 0 9 2 13 14 10 6 8 7 11 15 4 1 12 5
176 167 9 3 14 9 2 13 0 10 6 8 7 11 15 4 1 12 5
177 168 9 3 14 9 2 0 13 10 6 8 7 11 15 4 1 12 5
178 169 9 3 14 9 2 8 13 10 6 0 7 11 15 4 1 12 5
164 155 9 5 14 9 0 13 3 10 6 8 7 11 15 4 1 12 2
165 157 8 5 14 9 2 13 3 10 6 8 7 11 15 4 1 12 0
165 156 9 5 14 9 6 13 3 10 0 8 7 11 15 4 1 12 2
163 154 9 14 0 9 5 13 3 10 6 8 7 11 15 4 1 12 2
164 155 9 14 3 9 5 13 0 10 6 8 7 11 15 4 1 12 2
165 156 9 14 3 9 5 0 13 10 6 8 7 11 15 4 1 12 2
166 157 9 14 3 9 5 8 13 10 6 0 7 11 15 4 1 12 2
168 159 9 13 3 9 5 0 14 10 6 8 7 11 15 4 1 12 2
169 160 9 13 3 9 5 14 0 10 6 8 7 11 15 4 1 12 2
170 161 9 13 0 9 5 14 3 10 6 8 7 11 15 4 1 12 2
171 162 9 0 13 9 5 14 3 10 6 8 7 11 15 4 1 12 2
173 165 8 2 13 9 5 14 3 10 6 8 7 11 15 4 1 12 0
176 167 9 2 13 9 0 14 3 10 6 8 7 11 15 4 1 12 5
178 169 9 0 13 9 2 14 3 10 6 8 7 11 15 4 1 12 5
180 172 8 5 13 9 2 14 3 10 6 8 7 11 15 4 1 12 0
172 163 9 14 13 9 5 0 3 10 6 8 7 11 15 4 1 12 2
173 164 9 14 13 9 5 3 0 10 6 8 7 11 15 4 1 12 2
174 165 9 14 0 9 5 3 13 10 6 8 7 11 15 4 1 12 2
175 166 9 0 14 9 5 3 13 10 6 8 7 11 15 4 1 12 2
177 169 8 2 14 9 5 3 13 10 6 8 7 11 15 4 1 12 0
180 171 9 2 14 9 0 3 13 10 6 8 7 11 15 4 1 12 5
182 173 9 0 14 9 2 3 13 10 6 8 7 11 15 4 1 12 5
184 176 8 5 14 9 2 3 13 10 6 8 7 11 15 4 1 12 0
185 176 9 13 14 9 2 3 0 10 6 8 7 11 15 4 1 12 5
186 177 9 13 14 9 2 0 3 10 6 8 7 11 15 4 1 12 5
187 178 9 13 14 9 2 8 3 10 6 0 7 11 15 4 1 12 5
186 177 9 13 0 9 2 3 14 10 6 8 7 11 15 4 1 12 5
187 178 9 0 13 9 2 3 14 10 6 8 7 11 15 4 1 12 5
189 181 8 5 13 9 2 3 14 10 6 8 7 11 15 4 1 12 0
192 183 9 5 13 9 0 3 14 10 6 8 7 11 15 4 1 12 2
194 185 9 0 13 9 5 3 14 10 6 8 7 11 15 4 1 12 2
196 188 8 2 13 9 5 3 14 10 6 8 7 11 15 4 1 12 0
195 186 9 13 0 9 5 3 14 10 6 8 7 11 15 4 1 12 2
195 186 9 3 13 9 5 0 14 10 6 8 7 11 15 4 1 12 2
196 187 9 3 13 9 5 8 14 10 6 0 7 11 15 4 1 12 2
193 184 9 5 13 9 6 3 14 10 0 8 7 11 15 4 1 12 2
190 181 9 14 13 9 2 3 0 10 6 8 7 11 15 4 1 12 5
189 180 9 2 13 9 0 3 14 10 6 8 7 11 15 4 1 12 5
190 181 9 2 13 9 6 3 14 10 0 8 7 11 15 4 1 12 5
188 179 9 3 13 9 2 0 14 10 6 8 7 11 15 4 1 12 5
189 180 9 3 13 9 2 8 14 10 6 0 7 11 15 4 1 12 5
183 174 9 14 0 9 2 3 13 10 6 8 7 11 15 4 1 12 5
179 170 9 14 13 9 2 0 3 10 6 8 7 11 15 4 1 12 5
180 171 9 14 13 9 2 8 3 10 6 0 7 11 15 4 1 12 5
169 160 9 13 3 9 5 8 14 10 6 0 7 11 15 4 1 12 2
173 164 9 2 3 9 6 13 14 10 0 8 7 11 15 4 1 12 5
173 164 9 14 13 9 5 8 3 10 6 0 7 11 15 4 1 12 2
163 154 9 13 14 9 5 0 3 10 6 8 7 11 15 4 1 12 2
164 155 9 13 14 9 5 8 3 10 6 0 7 11 15 4 1 12 2
181 172 9 3 13 9 2 14 0 10 6 8 7 11 15 4 1 12 5
182 173 9 3 0 9 2 14 13 10 6 8 7 11 15 4 1 12 5
183 174 9 0 3 9 2 14 13 10 6 8 7 11 15 4 1 12 5
185 177 8 5 3 9 2 14 13 10 6 8 7 11 15 4 1 12 0
188 179 9 5 3 9 0 14 13 10 6 8 7 11 15 4 1 12 2
190 181 9 0 3 9 5 14 13 10 6 8 7 11 15 4 1 12 2
192 184 8 2 3 9 5 14 13 10 6 8 7 11 15 4 1 12 0
191 182 9 3 0 9 5 14 13 10 6 8 7 11 15 4 1 12 2
189 180 9 5 3 9 6 14 13 10 0 8 7 11 15 4 1 12 2
186 177 9 13 3 9 2 14 0 10 6 8 7 11 15 4 1 12 5
185 176 9 2 3 9 0 14 13 10 6 8 7 11 15 4 1 12 5
186 177 9 2 3 9 6 14 13 10 0 8 7 11 15 4 1 12 5
159 150 9 0 14 9 2 13 3 10 6 8 7 11 15 4 1 12 5
164 155 9 13 14 9 5 3 0 10 6 8 7 11 15 4 1 12 2
174 165 9 3 13 9 5 14 0 10 6 8 7 11 15 4 1 12 2
177 168 9 5 14 9 0 3 13 10 6 8 7 11 15 4 1 12 2
178 169 9 5 14 9 6 3 13 10 0 8 7 11 15 4 1 12 2
169 160 9 5 3 9 0 13 14 10 6 8 7 11 15 4 1 12 2
170 161 9 5 3 9 6 13 14 10 0 8 7 11 15 4 1 12 2
173 164 9 5 13 9 0 14 3 10 6 8 7 11 15 4 1 12 2
174 165 9 5 13 9 6 14 3 10 0 8 7 11 15 4 1 12 2
181 172 9 2 14 9 6 3 13 10 0 8 7 11 15 4 1 12 5
179 170 9 13 0 9 2 14 3 10 6 8 7 11 15 4 1 12 5
175 166 9 13 3 9 2 0 14 10 6 8 7 11 15 4 1 12 5
176 167 9 13 3 9 2 8 14 10 6 0 7 11 15 4 1 12 5
177 168 9 2 13 9 6 14 3 10 0 8 7 11 15 4 1 12 5
179 169 10 2 13 9 6 14 3 0 10 8 7 11 15 4 1 12 5
180 170 10 2 13 9 6 14 0 3 10 8 7 11 15 4 1 12 5
181 171 10 2 13 9 6 0 14 3 10 8 7 11 15 4 1 12 5
182 172 10 2 13 9 6 8 14 3 10 0 7 11 15 4 1 12 5
181 171 10 2 0 9 6 14 13 3 10 8 7 11 15 4 1 12 5
182 172 10 0 2 9 6 14 13 3 10 8 7 11 15 4 1 12 5
184 175 9 5 2 9 6 14 13 3 10 8 7 11 15 4 1 12 0
187 177 10 5 2 9 0 14 13 3 10 8 7 11 15 4 1 12 6
190 180 10 5 2 9 3 14 13 0 10 8 7 11 15 4 1 12 6
190 181 9 5 2 9 3 14 13 10 0 8 7 11 15 4 1 12 6
191 182 9 5 2 9 0 14 13 10 3 8 7 11 15 4 1 12 6
192 184 8 5 2 9 6 14 13 10 3 8 7 11 15 4 1 12 0
196 187 9 0 2 9 6 14 13 10 3 8 7 11 15 4 1 12 5
199 190 9 13 2 9 6 14 0 10 3 8 7 11 15 4 1 12 5
200 191 9 13 2 9 6 0 14 10 3 8 7 11 15 4 1 12 5
201 192 9 13 2 9 6 8 14 10 3 0 7 11 15 4 1 12 5
200 191 9 13 0 9 6 14 2 10 3 8 7 11 15 4 1 12 5
201 192 9 0 13 9 6 14 2 10 3 8 7 11 15 4 1 12 5
203 195 8 5 13 9 6 14 2 10 3 8 7 11 15 4 1 12 0
206 197 9 5 13 9 0 14 2 10 3 8 7 11 15 4 1 12 6
208 199 9 0 13 9 5 14 2 10 3 8 7 11 15 4 1 12 6
210 202 8 6 13 9 5 14 2 10 3 8 7 11 15 4 1 12 0
211 202 9 2 13 9 5 14 0 10 3 8 7 11 15 4 1 12 6
212 203 9 2 13 9 5 0 14 10 3 8 7 11 15 4 1 12 6
213 204 9 2 13 9 5 8 14 10 3 0 7 11 15 4 1 12 6
212 203 9 2 0 9 5 14 13 10 3 8 7 11 15 4 1 12 6
207 198 9 5 13 9 3 14 2 10 0 8 7 11 15 4 1 12 6
204 195 9 2 13 9 6 14 0 10 3 8 7 11 15 4 1 12 5
205 196 9 2 13 9 6 0 14 10 3 8 7 11 15 4 1 12 5
206 197 9 2 13 9 6 8 14 10 3 0 7 11 15 4 1 12 5
197 188 9 14 2 9 6 0 13 10 3 8 7 11 15 4 1 12 5
198 189 9 14 2 9 6 13 0 10 3 8 7 11 15 4 1 12 5
199 190 9 14 0 9 6 13 2 10 3 8 7 11 15 4 1 12 5
200 191 9 0 14 9 6 13 2 10 3 8 7 11 15 4 1 12 5
202 194 8 5 14 9 6 13 2 10 3 8 7 11 15 4 1 12 0
205 196 9 5 14 9 0 13 2 10 3 8 7 11 15 4 1 12 6
207 198 9 0 14 9 5 13 2 10 3 8 7 11 15 4 1 12 6
209 201 8 6 14 9 5 13 2 10 3 8 7 11 15 4 1 12 0
210 201 9 2 14 9 5 13 0 10 3 8 7 11 15 4 1 12 6
211 202 9 2 14 9 5 0 13 10 3 8 7 11 15 4 1 12 6
212 203 9 2 14 9 5 8 13 10 3 0 7 11 15 4 1 12 6
211 202 9 2 0 9 5 13 14 10 3 8 7 11 15 4 1 12 6
212 203 9 0 2 9 5 13 14 10 3 8 7 11 15 4 1 12 6
214 206 8 6 2 9 5 13 14 10 3 8 7 11 15 4 1 12 0
217 208 9 6 2 9 0 13 14 10 3 8 7 11 15 4 1 12 5
219 210 9 0 2 9 6 13 14 10 3 8 7 11 15 4 1 12 5
221 213 8 5 2 9 6 13 14 10 3 8 7 11 15 4 1 12 0
220 211 9 2 0 9 6 13 14 10 3 8 7 11 15 4 1 12 5
218 209 9 6 2 9 3 13 14 10 0 8 7 11 15 4 1 12 5
215 206 9 14 2 9 5 13 0 10 3 8 7 11 15 4 1 12 6
216 207 9 14 2 9 5 0 13 10 3 8 7 11 15 4 1 12 6
217 208 9 14 2 9 5 8 13 10 3 0 7 11 15 4 1 12 6
198 189 9 14 2 9 6 8 13 10 3 0 7 11 15 4 1 12 5
209 200 9 14 13 9 5 0 2 10 3 8 7 11 15 4 1 12 6
209 201 8 14 13 9 5 2 0 10 3 8 7 11 15 4 1 12 6
210 202 8 14 0 9 5 2 13 10 3 8 7 11 15 4 1 12 6
211 203 8 0 14 9 5 2 13 10 3 8 7 11 15 4 1 12 6
213 206 7 6 14 9 5 2 13 10 3 8 7 11 15 4 1 12 0
216 208 8 6 14 9 0 2 13 10 3 8 7 11 15 4 1 12 5
218 210 8 0 14 9 6 2 13 10 3 8 7 11 15 4 1 12 5
220 213 7 5 14 9 6 2 13 10 3 8 7 11 15 4 1 12 0
221 213 8 13 14 9 6 2 0 10 3 8 7 11 15 4 1 12 5
222 214 8 13 0 9 6 2 14 10 3 8 7 11 15 4 1 12 5
223 215 8 0 13 9 6 2 14 10 3 8 7 11 15 4 1 12 5
225 218 7 5 13 9 6 2 14 10 3 8 7 11 15 4 1 12 0
228 220 8 5 13 9 0 2 14 10 3 8 7 11 15 4 1 12 6
230 222 8 0 13 9 5 2 14 10 3 8 7 11 15 4 1 12 6
232 225 7 6 13 9 5 2 14 10 3 8 7 11 15 4 1 12 0
231 223 8 13 0 9 5 2 14 10 3 8 7 11 15 4 1 12 6
229 221 8 5 13 9 3 2 14 10 0 8 7 11 15 4 1 12 6
226 218 8 14 13 9 6 2 0 10 3 8 7 11 15 4 1 12 5
225 217 8 6 13 9 0 2 14 10 3 8 7 11 15 4 1 12 5
226 218 8 6 13 9 3 2 14 10 0 8 7 11 15 4 1 12 5
219 211 8 14 0 9 6 2 13 10 3 8 7 11 15 4 1 12 5
217 209 8 6 14 9 3 2 13 10 0 8 7 11 15 4 1 12 5
214 206 8 13 14 9 5 2 0 10 3 8 7 11 15 4 1 12 6
213 205 8 5 14 9 0 2 13 10 3 8 7 11 15 4 1 12 6
214 206 8 5 14 9 3 2 13 10 0 8 7 11 15 4 1 12 6
216 207 9 5 14 9 3 2 13 0 10 8 7 11 15 4 1 12 6
217 208 9 5 14 9 3 2 0 13 10 8 7 11 15 4 1 12 6
218 209 9 5 0 9 3 2 14 13 10 8 7 11 15 4 1 12 6
218 210 8 0 5 9 3 2 14 13 10 8 7 11 15 4 1 12 6
220 213 7 6 5 9 3 2 14 13 10 8 7 11 15 4 1 12 0
223 215 8 6 5 9 0 2 14 13 10 8 7 11 15 4 1 12 3
225 218 7 6 5 9 13 2 14 0 10 8 7 11 15 4 1 12 3
225 219 6 6 5 9 13 2 14 10 0 8 7 11 15 4 1 12 3
227 220 7 6 5 9 13 2 14 10 15 8 7 11 0 4 1 12 3
227 221 6 6 5 9 13 2 14 10 15 8 7 11 3 4 1 12 0
231 224 7 0 5 9 13 2 14 10 15 8 7 11 3 4 1 12 6
234 227 7 14 5 9 13 2 0 10 15 8 7 11 3 4 1 12 6
227 220 7 6 5 9 0 2 14 10 13 8 7 11 15 4 1 12 3
228 222 6 6 5 9 3 2 14 10 13 8 7 11 15 4 1 12 0
232 225 7 0 5 9 3 2 14 10 13 8 7 11 15 4 1 12 6
235 228 7 14 5 9 3 2 0 10 13 8 7 11 15 4 1 12 6
234 227 7 3 5 9 0 2 14 10 13 8 7 11 15 4 1 12 6
235 229 6 3 5 9 6 2 14 10 13 8 7 11 15 4 1 12 0
234 228 6 3 5 9 13 2 14 10 0 8 7 11 15 4 1 12 6
236 229 7 3 5 9 13 2 14 0 10 8 7 11 15 4 1 12 6
237 230 7 3 5 9 13 2 0 14 10 8 7 11 15 4 1 12 6
236 229 7 3 5 9 13 2 14 10 15 8 7 11 0 4 1 12 6
236 230 6 3 5 9 13 2 14 10 15 8 7 11 6 4 1 12 0
240 233 7 0 5 9 13 2 14 10 15 8 7 11 6 4 1 12 3
243 236 7 14 5 9 13 2 0 10 15 8 7 11 6 4 1 12 3
229 222 7 0 5 9 6 2 14 10 13 8 7 11 15 4 1 12 3
232 225 7 14 5 9 6 2 0 10 13 8 7 11 15 4 1 12 3
226 219 7 6 5 9 13 2 0 14 10 8 7 11 15 4 1 12 3
228 220 8 6 5 9 13 0 2 14 10 8 7 11 15 4 1 12 3
229 221 8 6 5 9 13 8 2 14 10 0 7 11 15 4 1 12 3
232 224 8 4 5 9 6 2 14 10 13 8 7 11 15 0 1 12 3
233 226 7 4 5 9 6 2 14 10 13 8 7 11 15 3 1 12 0
237 229 8 0 5 9 6 2 14 10 13 8 7 11 15 3 1 12 4
240 232 8 14 5 9 6 2 0 10 13 8 7 11 15 3 1 12 4
220 212 8 3 5 9 0 2 14 13 10 8 7 11 15 4 1 12 6
221 214 7 3 5 9 6 2 14 13 10 8 7 11 15 4 1 12 0
221 213 8 3 5 9 10 2 14 13 0 8 7 11 15 4 1 12 6
239 231 8 6 5 9 0 2 14 10 13 8 7 11 15 3 1 12 4
240 233 7 6 5 9 4 2 14 10 13 8 7 11 15 3 1 12 0
239 232 7 6 5 9 13 2 14 10 0 8 7 11 15 3 1 12 4
241 233 8 6 5 9 13 2 14 0 10 8 7 11 15 3 1 12 4
242 234 8 6 5 9 13 2 0 14 10 8 7 11 15 3 1 12 4
241 233 8 6 5 9 13 2 14 10 15 8 7 11 0 3 1 12 4
241 234 7 6 5 9 13 2 14 10 15 8 7 11 4 3 1 12 0
245 237 8 0 5 9 13 2 14 10 15 8 7 11 4 3 1 12 6
248 240 8 14 5 9 13 2 0 10 15 8 7 11 4 3 1 12 6
247 239 8 3 5 9 13 2 14 10 15 8 7 11 4 0 1 12 6
248 241 7 3 5 9 13 2 14 10 15 8 7 11 4 6 1 12 0
252 244 8 0 5 9 13 2 14 10 15 8 7 11 4 6 1 12 3
255 247 8 14 5 9 13 2 0 10 15 8 7 11 4 6 1 12 3
250 242 8 3 5 9 13 2 14 10 15 8 7 11 0 6 1 12 4
250 243 7 3 5 9 13 2 14 10 0 8 7 11 15 6 1 12 4
252 244 8 3 5 9 13 2 14 0 10 8 7 11 15 6 1 12 4
253 245 8 3 5 9 13 2 0 14 10 8 7 11 15 6 1 12 4
252 244 8 3 5 9 0 2 14 10 13 8 7 11 15 6 1 12 4
253 246 7 3 5 9 4 2 14 10 13 8 7 11 15 6 1 12 0
257 249 8 0 5 9 4 2 14 10 13 8 7 11 15 6 1 12 3
260 252 8 14 5 9 4 2 0 10 13 8 7 11 15 6 1 12 3
254 246 8 0 5 9 3 2 14 10 13 8 7 11 15 6 1 12 4
256 249 7 4 5 9 3 2 14 10 13 8 7 11 15 6 1 12 0
257 249 8 14 5 9 3 2 0 10 13 8 7 11 15 6 1 12 4
238 230 8 3 5 0 13 2 14 9 10 8 7 11 15 4 1 12 6
222 214 8 3 5 9 10 2 14 0 13 8 7 11 15 4 1 12 6
223 215 8 3 5 9 10 2 0 14 13 8 7 11 15 4 1 12 6
238 230 8 3 5 9 4 2 14 10 13 8 7 11 15 0 1 12 6
239 231 8 3 5 9 4 2 14 10 13 8 7 11 15 1 0 12 6
239 231 8 3 5 9 4 2 14 10 13 0 7 11 15 8 1 12 6
240 232 8 3 5 9 6 2 14 10 13 8 7 0 15 4 1 12 11
233 225 8 2 5 9 13 0 14 10 15 8 7 11 3 4 1 12 6
234 226 8 2 5 9 13 14 0 10 15 8 7 11 3 4 1 12 6
234 226 8 2 5 9 13 8 14 10 15 0 7 11 3 4 1 12 6
238 230 8 3 5 9 13 2 14 11 10 8 7 0 15 4 1 12 6
239 231 8 3 5 9 13 2 7 14 10 8 0 11 15 4 1 12 6
240 232 8 3 5 9 13 2 7 14 10 0 8 11 15 4 1 12 6
240 232 8 3 5 9 13 2 7 14 10 8 1 11 15 4 0 12 6
240 232 8 3 5 9 13 2 14 10 15 8 7 11 6 0 1 12 4
242 234 8 0 5 9 13 2 14 10 15 8 7 11 6 3 1 12 4
244 237 7 4 5 9 13 2 14 10 15 8 7 11 6 3 1 12 0
246 238 8 4 5 9 13 2 14 10 15 8 7 11 0 3 1 12 6
246 239 7 4 5 9 13 2 14 10 0 8 7 11 15 3 1 12 6
248 240 8 4 5 9 13 2 14 0 10 8 7 11 15 3 1 12 6
249 241 8 4 5 9 13 2 0 14 10 8 7 11 15 3 1 12 6
245 237 8 14 5 9 13 2 0 10 15 8 7 11 6 3 1 12 4
242 234 8 2 5 9 13 0 14 10 15 8 7 11 6 4 1 12 3
243 235 8 2 5 9 13 14 0 10 15 8 7 11 6 4 1 12 3
243 235 8 2 5 9 13 8 14 10 15 0 7 11 6 4 1 12 3
233 225 8 5 0 9 13 2 14 10 15 8 7 11 3 4 1 12 6
234 226 8 5 14 9 13 2 0 10 15 8 7 11 3 4 1 12 6
243 235 8 13 5 9 0 2 14 10 15 8 7 11 6 4 1 12 3
244 237 7 13 5 9 3 2 14 10 15 8 7 11 6 4 1 12 0
248 240 8 0 5 9 3 2 14 10 15 8 7 11 6 4 1 12 13
251 243 8 14 5 9 3 2 0 10 15 8 7 11 6 4 1 12 13
246 238 8 13 5 9 3 2 14 10 15 8 7 11 0 4 1 12 6
246 239 7 13 5 9 3 2 14 10 0 8 7 11 15 4 1 12 6
247 240 7 13 5 9 0 2 14 10 3 8 7 11 15 4 1 12 6
248 242 6 13 5 9 6 2 14 10 3 8 7 11 15 4 1 12 0
248 242 6 0 5 9 13 2 14 10 3 8 7 11 15 4 1 12 6
250 245 5 6 5 9 13 2 14 10 3 8 7 11 15 4 1 12 0
251 245 6 14 5 9 13 2 0 10 3 8 7 11 15 4 1 12 6
253 246 7 14 5 9 13 2 10 0 3 8 7 11 15 4 1 12 6
254 247 7 14 5 9 13 2 10 3 0 8 7 11 15 4 1 12 6
253 246 7 14 5 9 13 0 2 10 3 8 7 11 15 4 1 12 6
254 247 7 14 5 9 13 8 2 10 3 0 7 11 15 4 1 12 6
253 246 7 14 5 9 13 2 7 10 3 8 0 11 15 4 1 12 6
254 247 7 14 5 9 13 2 7 10 3 0 8 11 15 4 1 12 6
254 247 7 14 5 9 13 2 7 10 3 8 1 11 15 4 0 12 6
253 246 7 14 0 9 13 2 5 10 3 8 7 11 15 4 1 12 6
254 247 7 0 14 9 13 2 5 10 3 8 7 11 15 4 1 12 6
256 250 6 6 14 9 13 2 5 10 3 8 7 11 15 4 1 12 0
257 250 7 5 14 9 13 2 0 10 3 8 7 11 15 4 1 12 6
250 243 7 5 0 9 13 2 14 10 3 8 7 11 15 4 1 12 6
252 245 7 0 5 9 6 2 14 10 3 8 7 11 15 4 1 12 13
255 248 7 14 5 9 6 2 0 10 3 8 7 11 15 4 1 12 13
250 243 7 2 5 9 13 0 14 10 3 8 7 11 15 4 1 12 6
251 244 7 2 5 9 13 14 0 10 3 8 7 11 15 4 1 12 6
251 244 7 2 5 9 13 8 14 10 3 0 7 11 15 4 1 12 6
253 246 7 6 5 9 13 2 14 10 3 8 7 11 15 4 1 0 12
254 247 7 6 5 9 13 2 14 10 3 8 7 11 15 4 0 1 12
254 247 7 6 5 9 13 2 14 10 3 8 7 11 15 0 1 12 4
256 249 7 0 5 9 13 2 14 10 3 8 7 11 15 6 1 12 4
258 252 6 4 5 9 13 2 14 10 3 8 7 11 15 6 1 12 0
259 252 7 14 5 9 13 2 0 10 3 8 7 11 15 6 1 12 4
255 248 7 6 5 9 13 2 14 10 3 8 7 11 15 1 0 12 4
255 248 7 6 5 9 13 2 14 10 3 0 7 11 15 8 1 12 4
254 247 7 6 5 9 0 2 14 10 3 8 7 11 15 4 1 12 13
255 248 7 6 5 9 3 2 14 10 0 8 7 11 15 4 1 12 13
253 246 7 6 5 9 13 2 14 10 3 8 7 11 0 4 1 12 15
254 247 7 6 5 9 13 2 14 10 0 8 7 11 3 4 1 12 15
251 244 7 4 5 9 13 2 14 10 3 8 7 11 15 0 1 12 6
252 245 7 4 5 9 13 2 14 10 3 8 7 11 15 1 0 12 6
252 245 7 4 5 9 13 2 14 10 3 0 7 11 15 8 1 12 6
255 248 7 6 5 9 13 2 14 10 3 8 7 0 15 4 1 12 11
257 249 8 6 5 9 13 2 14 10 3 8 7 15 0 4 1 12 11
257 250 7 6 5 9 13 2 14 10 3 8 7 15 11 4 1 12 0
261 253 8 0 5 9 13 2 14 10 3 8 7 15 11 4 1 12 6
264 256 8 14 5 9 13 2 0 10 3 8 7 15 11 4 1 12 6
258 250 8 6 5 9 13 2 14 10 0 8 7 15 3 4 1 12 11
257 249 8 6 5 9 13 2 14 10 3 8 0 7 15 4 1 12 11
258 250 8 6 5 9 13 2 14 10 3 0 8 7 15 4 1 12 11
258 250 8 6 5 9 13 2 14 10 3 8 1 7 15 4 0 12 11
258 250 8 6 5 9 13 2 0 10 3 8 14 7 15 4 1 12 11
257 249 8 6 5 9 13 2 14 10 3 8 7 12 15 4 1 0 11
257 250 7 6 5 9 13 2 14 10 3 8 7 12 15 4 1 11 0
261 253 8 0 5 9 13 2 14 10 3 8 7 12 15 4 1 11 6
264 256 8 14 5 9 13 2 0 10 3 8 7 12 15 4 1 11 6
258 250 8 6 5 9 13 2 14 10 3 8 7 12 15 4 0 1 11
257 249 8 6 5 9 13 2 14 0 3 8 7 10 15 4 1 12 11
258 250 8 6 5 9 13 2 14 3 0 8 7 10 15 4 1 12 11
258 250 8 6 5 9 13 2 0 14 3 8 7 10 15 4 1 12 11
259 251 8 13 5 9 0 2 14 10 3 8 7 11 15 6 1 12 4
260 253 7 13 5 9 4 2 14 10 3 8 7 11 15 6 1 12 0
264 256 8 0 5 9 4 2 14 10 3 8 7 11 15 6 1 12 13
267 259 8 14 5 9 4 2 0 10 3 8 7 11 15 6 1 12 13
260 252 8 13 5 9 3 2 14 10 0 8 7 11 15 6 1 12 4
258 250 8 5 0 9 13 2 14 10 3 8 7 11 15 6 1 12 4
259 251 8 5 14 9 13 2 0 10 3 8 7 11 15 6 1 12 4
261 253 8 14 0 9 13 2 5 10 3 8 7 11 15 6 1 12 4
262 254 8 0 14 9 13 2 5 10 3 8 7 11 15 6 1 12 4
264 257 7 4 14 9 13 2 5 10 3 8 7 11 15 6 1 12 0
261 253 8 14 5 9 13 2 10 0 3 8 7 11 15 6 1 12 4
262 254 8 14 5 9 13 2 10 3 0 8 7 11 15 6 1 12 4
257 249 8 6 5 9 13 2 14 10 3 7 0 11 15 8 1 12 4
258 250 8 6 5 9 13 2 14 10 3 7 1 11 15 8 0 12 4
258 251 7 6 5 9 13 2 14 10 3 7 1 11 15 0 8 12 4
258 253 5 6 5 9 13 2 14 10 3 7 1 11 15 4 8 12 0
262 256 6 0 5 9 13 2 14 10 3 7 1 11 15 4 8 12 6
265 259 6 14 5 9 13 2 0 10 3 7 1 11 15 4 8 12 6
266 260 6 14 5 9 13 2 1 10 3 7 0 11 15 4 8 12 6
266 261 5 14 5 9 13 2 1 10 3 0 7 11 15 4 8 12 6
268 262 6 14 5 9 13 2 1 10 3 4 7 11 15 0 8 12 6
269 264 5 14 5 9 13 2 1 10 3 4 7 11 15 6 8 12 0
273 267 6 0 5 9 13 2 1 10 3 4 7 11 15 6 8 12 14
275 270 5 1 5 9 13 2 0 10 3 4 7 11 15 6 8 12 14
277 271 6 1 5 9 13 2 10 0 3 4 7 11 15 6 8 12 14
278 272 6 1 5 9 13 2 10 3 0 4 7 11 15 6 8 12 14
277 271 6 1 5 9 13 0 2 10 3 4 7 11 15 6 8 12 14
278 272 6 1 5 9 13 4 2 10 3 0 7 11 15 6 8 12 14
279 273 6 1 5 9 13 4 2 10 3 6 7 11 15 0 8 12 14
280 275 5 1 5 9 13 4 2 10 3 6 7 11 15 14 8 12 0
277 271 6 1 5 9 13 2 7 10 3 4 0 11 15 6 8 12 14
278 272 6 1 5 9 13 2 7 10 3 0 4 11 15 6 8 12 14
279 273 6 1 5 9 13 2 7 10 3 6 4 11 15 0 8 12 14
281 276 5 1 5 9 13 2 7 10 3 6 0 11 15 4 8 12 14
281 277 4 1 5 9 13 2 0 10 3 6 7 11 15 4 8 12 14
283 278 5 1 5 9 13 2 10 0 3 6 7 11 15 4 8 12 14
284 279 5 1 5 9 13 2 10 3 0 6 7 11 15 4 8 12 14
283 278 5 1 5 9 13 0 2 10 3 6 7 11 15 4 8 12 14
284 279 5 1 5 9 13 6 2 10 3 0 7 11 15 4 8 12 14
283 278 5 1 0 9 13 2 5 10 3 6 7 11 15 4 8 12 14
282 277 5 1 5 9 13 2 7 10 3 0 6 11 15 4 8 12 14
280 275 5 1 5 9 13 2 7 10 3 6 4 11 15 14 8 12 0
286 280 6 1 5 9 13 2 10 3 15 6 7 11 0 4 8 12 14
286 281 5 1 5 9 13 2 10 3 15 6 7 11 14 4 8 12 0
284 278 6 1 5 9 13 2 7 10 3 4 6 11 15 0 8 12 14
285 280 5 1 5 9 13 2 7 10 3 4 6 11 15 14 8 12 0
284 278 6 1 5 9 13 0 7 10 3 2 6 11 15 4 8 12 14
285 279 6 1 5 9 13 7 0 10 3 2 6 11 15 4 8 12 14
285 280 5 1 5 9 13 7 6 10 3 2 0 11 15 4 8 12 14
286 281 5 1 5 9 13 7 6 10 3 0 2 11 15 4 8 12 14
287 282 5 1 5 9 13 0 6 10 3 7 2 11 15 4 8 12 14
289 283 6 1 5 9 13 6 0 10 3 7 2 11 15 4 8 12 14
285 279 6 1 5 9 13 2 10 11 3 6 7 0 15 4 8 12 14
288 282 6 1 5 9 13 7 6 10 3 4 2 11 15 0 8 12 14
289 284 5 1 5 9 13 7 6 10 3 4 2 11 15 14 8 12 0
291 285 6 1 5 9 13 7 6 10 3 4 0 11 15 2 8 12 14
292 286 6 1 5 9 13 7 6 10 3 0 4 11 15 2 8 12 14
293 287 6 1 5 9 13 7 6 10 3 2 4 11 15 0 8 12 14
294 289 5 1 5 9 13 7 6 10 3 2 4 11 15 14 8 12 0
293 287 6 1 5 9 13 0 6 10 3 7 4 11 15 2 8 12 14
287 281 6 1 5 9 13 7 6 10 3 2 11 0 15 4 8 12 14
287 281 6 1 5 9 13 7 6 10 3 2 8 11 15 4 0 12 14
270 264 6 0 5 9 13 2 1 10 3 4 7 11 15 14 8 12 6
272 267 5 1 5 9 13 2 0 10 3 4 7 11 15 14 8 12 6
272 267 5 6 5 9 13 2 1 10 3 4 7 11 15 14 8 12 0
274 268 6 1 5 9 13 2 10 0 3 4 7 11 15 14 8 12 6
275 269 6 1 5 9 13 2 10 3 0 4 7 11 15 14 8 12 6
274 268 6 1 5 9 13 0 2 10 3 4 7 11 15 14 8 12 6
275 269 6 1 5 9 13 4 2 10 3 0 7 11 15 14 8 12 6
276 270 6 1 5 9 13 4 2 10 3 14 7 11 15 0 8 12 6
277 272 5 1 5 9 13 4 2 10 3 14 7 11 15 6 8 12 0
274 268 6 1 5 9 13 2 7 10 3 4 0 11 15 14 8 12 6
275 269 6 1 5 9 13 2 7 10 3 0 4 11 15 14 8 12 6
276 270 6 1 5 9 13 2 7 10 3 14 4 11 15 0 8 12 6
278 273 5 1 5 9 13 2 7 10 3 14 0 11 15 4 8 12 6
278 274 4 1 5 9 13 2 0 10 3 14 7 11 15 4 8 12 6
280 275 5 1 5 9 13 2 10 0 3 14 7 11 15 4 8 12 6
281 276 5 1 5 9 13 2 10 3 0 14 7 11 15 4 8 12 6
280 275 5 1 5 9 13 0 2 10 3 14 7 11 15 4 8 12 6
281 276 5 1 5 9 13 14 2 10 3 0 7 11 15 4 8 12 6
280 275 5 1 0 9 13 2 5 10 3 14 7 11 15 4 8 12 6
279 274 5 1 5 9 13 2 7 10 3 0 14 11 15 4 8 12 6
277 272 5 1 5 9 13 2 7 10 3 14 4 11 15 6 8 12 0
286 280 6 1 5 9 13 6 2 10 3 7 0 11 15 4 8 12 14
281 275 6 1 5 9 13 2 7 10 3 4 14 11 15 0 8 12 6
282 277 5 1 5 9 13 2 7 10 3 4 14 11 15 6 8 12 0
281 275 6 1 5 9 13 0 7 10 3 2 14 11 15 4 8 12 6
282 276 6 1 5 9 13 7 0 10 3 2 14 11 15 4 8 12 6
283 277 6 1 5 9 13 7 14 10 3 2 0 11 15 4 8 12 6
284 278 6 1 5 9 13 7 14 10 3 0 2 11 15 4 8 12 6
285 279 6 1 5 9 13 0 14 10 3 7 2 11 15 4 8 12 6
286 280 6 1 5 9 13 14 0 10 3 7 2 11 15 4 8 12 6
282 276 6 1 9 0 13 2 5 10 3 14 7 11 15 4 8 12 6
285 279 6 0 1 9 13 2 5 10 3 6 7 11 15 4 8 12 14
287 282 5 14 1 9 13 2 5 10 3 6 7 11 15 4 8 12 0
288 282 6 5 1 9 13 2 0 10 3 6 7 11 15 4 8 12 14
289 283 6 5 0 9 13 2 1 10 3 6 7 11 15 4 8 12 14
289 284 5 0 5 9 13 2 1 10 3 6 7 11 15 4 8 12 14
291 287 4 14 5 9 13 2 1 10 3 6 7 11 15 4 8 12 0
296 290 6 14 5 9 13 2 1 10 3 6 7 0 15 4 8 12 11
295 289 6 14 5 9 0 2 1 10 3 6 7 11 15 4 8 12 13
297 291 6 0 5 9 14 2 1 10 3 6 7 11 15 4 8 12 13
299 294 5 1 5 9 14 2 0 10 3 6 7 11 15 4 8 12 13
299 294 5 13 5 9 14 2 1 10 3 6 7 11 15 4 8 12 0
295 289 6 14 5 9 13 2 1 10 3 6 7 11 15 0 8 12 4
297 291 6 0 5 9 13 2 1 10 3 6 7 11 15 14 8 12 4
299 294 5 1 5 9 13 2 0 10 3 6 7 11 15 14 8 12 4
299 294 5 4 5 9 13 2 1 10 3 6 7 11 15 14 8 12 0
301 295 6 1 5 9 13 2 10 0 3 6 7 11 15 14 8 12 4
302 296 6 1 5 9 13 2 10 3 0 6 7 11 15 14 8 12 4
283 277 6 1 5 9 13 14 2 10 3 4 7 11 15 0 8 12 6
284 279 5 1 5 9 13 14 2 10 3 4 7 11 15 6 8 12 0
301 295 6 1 5 9 13 0 2 10 3 6 7 11 15 14 8 12 4
302 296 6 1 5 9 13 6 2 10 3 0 7 11 15 14 8 12 4
303 297 6 1 5 9 13 6 2 10 3 14 7 11 15 0 8 12 4
303 299 4 1 5 9 13 6 2 10 3 14 7 11 15 4 8 12 0
308 302 6 1 5 9 13 6 2 10 3 14 7 0 15 4 8 12 11
308 302 6 0 5 9 13 6 2 10 3 14 7 11 15 4 8 12 1
311 305 6 2 5 9 13 6 0 10 3 14 7 11 15 4 8 12 1
311 306 5 2 5 9 13 0 6 10 3 14 7 11 15 4 8 12 1
312 307 5 2 5 9 13 14 6 10 3 0 7 11 15 4 8 12 1
314 308 6 2 5 9 13 14 6 10 3 7 0 11 15 4 8 12 1
306 300 6 1 5 9 13 6 2 10 3 14 7 11 0 4 8 12 15
307 301 6 1 5 9 13 6 2 10 0 14 7 11 3 4 8 12 15
314 308 6 2 5 9 13 14 6 10 3 4 7 11 15 0 8 12 1
315 310 5 2 5 9 13 14 6 10 3 4 7 11 15 1 8 12 0
319 313 6 0 5 9 13 14 6 10 3 4 7 11 15 1 8 12 2
320 315 5 1 5 9 13 14 6 10 3 4 7 11 15 0 8 12 2
321 317 4 1 5 9 13 14 6 10 3 4 7 11 15 2 8 12 0
320 316 4 1 5 9 13 14 6 10 3 0 7 11 15 4 8 12 2
321 317 4 1 5 9 13 0 6 10 3 14 7 11 15 4 8 12 2
323 318 5 1 5 9 13 6 0 10 3 14 7 11 15 4 8 12 2
322 317 5 1 5 9 13 14 6 10 3 7 0 11 15 4 8 12 2
324 318 6 1 5 9 13 14 6 10 3 7 11 0 15 4 8 12 2
325 319 6 1 5 9 0 14 6 10 3 4 7 11 15 2 8 12 13
328 322 6 1 5 9 2 14 6 10 3 4 7 11 15 0 8 12 13
329 324 5 1 5 9 2 14 6 10 3 4 7 11 15 13 8 12 0
328 323 5 1 5 9 2 14 6 10 3 0 7 11 15 4 8 12 13
329 324 5 1 5 9 2 0 6 10 3 14 7 11 15 4 8 12 13
331 325 6 1 5 9 2 6 0 10 3 14 7 11 15 4 8 12 13
330 324 6 1 5 9 2 14 6 10 3 7 0 11 15 4 8 12 13
326 320 6 1 5 9 3 14 6 10 0 4 7 11 15 2 8 12 13
283 277 6 1 5 9 13 2 7 10 3 6 11 0 15 4 8 12 14
301 295 6 1 5 9 14 0 2 10 3 6 7 11 15 4 8 12 13
302 296 6 1 5 9 14 6 2 10 3 0 7 11 15 4 8 12 13
301 295 6 1 5 9 14 2 7 10 3 6 0 11 15 4 8 12 13
302 296 6 1 5 9 14 2 7 10 3 0 6 11 15 4 8 12 13
301 295 6 1 5 9 14 2 10 0 3 6 7 11 15 4 8 12 13
302 296 6 1 5 9 14 2 10 3 0 6 7 11 15 4 8 12 13
302 297 5 1 5 9 0 2 10 3 14 6 7 11 15 4 8 12 13
302 299 3 1 5 9 13 2 10 3 14 6 7 11 15 4 8 12 0
307 302 5 1 5 9 13 2 10 3 14 6 7 0 15 4 8 12 11
308 303 5 1 5 9 13 2 10 0 14 6 7 3 15 4 8 12 11
308 304 4 1 5 9 13 2 0 10 14 6 7 3 15 4 8 12 11
310 305 5 1 5 9 13 0 2 10 14 6 7 3 15 4 8 12 11
311 306 5 1 5 9 13 6 2 10 14 0 7 3 15 4 8 12 11
310 305 5 1 5 9 13 2 7 10 14 6 0 3 15 4 8 12 11
311 306 5 1 5 9 13 2 7 10 14 6 3 0 15 4 8 12 11
311 306 5 1 5 9 13 2 7 10 14 0 6 3 15 4 8 12 11
310 305 5 1 0 9 13 2 5 10 14 6 7 3 15 4 8 12 11
307 302 5 0 5 9 13 2 10 3 14 6 7 11 15 4 8 12 1
310 305 5 10 5 9 13 2 0 3 14 6 7 11 15 4 8 12 1
311 306 5 10 5 9 13 2 3 0 14 6 7 11 15 4 8 12 1
306 301 5 1 5 9 13 2 10 3 14 6 7 11 15 0 8 12 4
307 302 5 1 5 9 13 2 10 3 14 0 7 11 15 6 8 12 4
305 300 5 1 5 9 3 2 10 0 14 6 7 11 15 4 8 12 13
305 301 4 1 5 9 3 2 0 10 14 6 7 11 15 4 8 12 13
307 302 5 1 5 9 3 0 2 10 14 6 7 11 15 4 8 12 13
308 303 5 1 5 9 3 6 2 10 14 0 7 11 15 4 8 12 13
307 302 5 1 5 9 3 2 7 10 14 6 0 11 15 4 8 12 13
308 303 5 1 5 9 3 2 7 10 14 0 6 11 15 4 8 12 13
307 302 5 1 0 9 3 2 5 10 14 6 7 11 15 4 8 12 13
305 300 5 1 5 9 13 2 10 3 14 6 7 11 15 4 8 0 12
305 300 5 1 5 9 13 2 10 3 14 6 7 11 0 4 8 12 15
307 301 6 1 5 9 13 2 10 3 14 6 7 0 11 4 8 12 15
308 302 6 1 5 9 13 2 10 0 14 6 7 3 11 4 8 12 15
308 303 5 1 5 9 13 2 0 10 14 6 7 3 11 4 8 12 15
310 304 6 1 5 9 13 0 2 10 14 6 7 3 11 4 8 12 15
311 305 6 1 5 9 13 6 2 10 14 0 7 3 11 4 8 12 15
310 304 6 1 5 9 13 2 7 10 14 6 0 3 11 4 8 12 15
311 305 6 1 5 9 13 2 7 10 14 6 3 0 11 4 8 12 15
311 306 5 1 5 9 13 2 7 10 14 6 3 11 0 4 8 12 15
310 307 3 1 5 9 13 2 7 10 14 6 3 11 15 4 8 12 0
315 310 5 0 5 9 13 2 7 10 14 6 3 11 15 4 8 12 1
318 313 5 7 5 9 13 2 0 10 14 6 3 11 15 4 8 12 1
319 314 5 7 5 9 13 2 3 10 14 6 0 11 15 4 8 12 1
320 315 5 7 5 9 13 2 3 10 14 0 6 11 15 4 8 12 1
314 309 5 1 5 9 0 2 7 10 14 6 3 11 15 4 8 12 13
314 309 5 1 5 9 13 2 7 10 14 6 3 11 15 0 8 12 4
317 312 5 1 5 9 13 2 7 10 14 6 0 11 15 3 8 12 4
317 313 4 1 5 9 13 2 0 10 14 6 7 11 15 3 8 12 4
319 314 5 1 5 9 13 2 10 0 14 6 7 11 15 3 8 12 4
319 314 5 1 5 9 13 0 2 10 14 6 7 11 15 3 8 12 4
320 315 5 1 5 9 13 6 2 10 14 0 7 11 15 3 8 12 4
320 316 4 1 5 9 13 6 2 10 14 3 7 11 15 0 8 12 4
320 318 2 1 5 9 13 6 2 10 14 3 7 11 15 4 8 12 0
325 321 4 1 5 9 13 6 2 10 14 3 7 0 15 4 8 12 11
325 321 4 0 5 9 13 6 2 10 14 3 7 11 15 4 8 12 1
328 324 4 2 5 9 13 6 0 10 14 3 7 11 15 4 8 12 1
328 325 3 2 5 9 13 0 6 10 14 3 7 11 15 4 8 12 1
330 326 4 2 5 9 13 3 6 10 14 0 7 11 15 4 8 12 1
326 322 4 6 5 9 13 0 2 10 14 3 7 11 15 4 8 12 1
326 323 3 6 5 9 13 2 0 10 14 3 7 11 15 4 8 12 1
328 324 4 6 5 9 13 2 10 0 14 3 7 11 15 4 8 12 1
328 324 4 6 5 9 13 2 7 10 14 3 0 11 15 4 8 12 1
328 324 4 6 0 9 13 2 5 10 14 3 7 11 15 4 8 12 1
329 325 4 0 6 9 13 2 5 10 14 3 7 11 15 4 8 12 1
330 328 2 1 6 9 13 2 5 10 14 3 7 11 15 4 8 12 0
335 331 4 1 6 9 13 2 5 10 14 3 7 0 15 4 8 12 11
334 330 4 1 6 9 0 2 5 10 14 3 7 11 15 4 8 12 13
334 330 4 1 6 9 13 2 5 10 14 3 7 11 15 0 8 12 4
333 329 4 1 6 9 13 2 5 10 14 3 7 11 15 4 8 0 12
333 329 4 1 6 9 13 2 5 10 14 3 7 11 0 4 8 12 15
323 319 4 1 5 9 13 6 2 10 14 3 7 11 0 4 8 12 15
332 328 4 5 6 9 13 2 0 10 14 3 7 11 15 4 8 12 1
332 329 3 5 0 9 13 2 6 10 14 3 7 11 15 4 8 12 1
332 330 2 0 5 9 13 2 6 10 14 3 7 11 15 4 8 12 1
333 333 0 1 5 9 13 2 6 10 14 3 7 11 15 4 8 12 0
