0 0 0 4 8 5 7 3 2 6 1 0
23 3 20 0 8 5 7 3 2 6 1 4
26 4 22 8 0 5 7 3 2 6 1 4
24 2 22 4 8 0 7 3 2 6 1 5
23 4 19 0 8 4 7 3 2 6 1 5
23 3 20 4 0 8 7 3 2 6 1 5
22 4 18 0 4 8 7 3 2 6 1 5
27 7 20 3 4 8 7 0 2 6 1 5
24 8 16 3 0 8 7 4 2 6 1 5
23 9 14 0 3 8 7 4 2 6 1 5
28 11 17 6 3 8 7 4 2 0 1 5
27 14 13 6 3 0 7 4 2 8 1 5
25 16 9 0 3 6 7 4 2 8 1 5
28 17 11 3 0 6 7 4 2 8 1 5
31 18 13 3 6 0 7 4 2 8 1 5
31 20 11 0 6 3 7 4 2 8 1 5
30 17 13 7 3 6 0 4 2 8 1 5
28 15 13 6 0 3 7 4 2 8 1 5
26 12 14 6 3 8 0 4 2 7 1 5
34 19 15 4 3 6 7 0 2 8 1 5
33 20 13 4 3 6 0 7 2 8 1 5
35 20 15 4 3 6 7 1 2 8 0 5
34 21 13 4 3 6 7 1 2 0 8 5
31 23 8 0 3 6 7 1 2 4 8 5
34 24 10 3 0 6 7 1 2 4 8 5
32 22 10 4 3 6 0 1 2 7 8 5
33 23 10 4 3 6 1 0 2 7 8 5
34 24 10 4 0 6 1 3 2 7 8 5
33 25 8 0 4 6 1 3 2 7 8 5
38 28 10 3 4 6 1 0 2 7 8 5
35 29 6 3 0 6 1 4 2 7 8 5
34 30 4 0 3 6 1 4 2 7 8 5
40 32 8 6 3 0 1 4 2 7 8 5
41 33 8 6 0 3 1 4 2 7 8 5
40 34 6 0 6 3 1 4 2 7 8 5
39 31 8 1 3 6 0 4 2 7 8 5
38 30 8 3 6 0 1 4 2 7 8 5
42 32 10 1 3 6 4 0 2 7 8 5
43 33 10 1 0 6 4 3 2 7 8 5
43 34 9 0 1 6 4 3 2 7 8 5
39 29 10 3 4 6 0 1 2 7 8 5
45 35 10 1 6 3 0 4 2 7 8 5
43 32 11 7 3 6 1 4 2 0 8 5
44 33 11 7 3 6 0 4 2 1 8 5
46 35 11 6 3 4 1 0 2 7 8 5
47 36 11 6 3 4 0 1 2 7 8 5
44 33 11 3 6 7 1 4 2 0 8 5
45 35 10 0 6 7 1 4 2 3 8 5
45 34 11 3 6 7 0 4 2 1 8 5
43 32 11 1 3 6 7 4 2 0 8 5
41 34 7 0 3 6 7 4 2 1 8 5
44 35 9 3 0 6 7 4 2 1 8 5
47 36 11 3 6 0 7 4 2 1 8 5
47 38 9 0 6 3 7 4 2 1 8 5
50 39 11 6 0 3 7 4 2 1 8 5
47 36 11 6 3 0 7 4 2 1 8 5
44 33 11 3 6 4 1 0 2 7 8 5
44 34 10 3 0 4 1 6 2 7 8 5
43 35 8 0 3 4 1 6 2 7 8 5
48 37 11 4 3 0 1 6 2 7 8 5
49 38 11 4 0 3 1 6 2 7 8 5
48 39 9 0 4 3 1 6 2 7 8 5
46 35 11 3 4 0 1 6 2 7 8 5
45 34 11 3 6 4 0 1 2 7 8 5
47 36 11 6 0 4 1 3 2 7 8 5
46 37 9 0 6 4 1 3 2 7 8 5
48 37 11 3 1 6 4 0 2 7 8 5
46 38 8 3 0 6 4 1 2 7 8 5
45 39 6 0 3 6 4 1 2 7 8 5
47 38 9 3 1 6 0 4 2 7 8 5
51 41 10 6 3 0 4 1 2 7 8 5
52 42 10 6 0 3 4 1 2 7 8 5
51 43 8 0 6 3 4 1 2 7 8 5
49 39 10 3 6 0 4 1 2 7 8 5
53 42 11 3 6 1 4 0 2 7 8 5
52 43 9 3 6 1 0 4 2 7 8 5
53 43 10 3 0 1 4 6 2 7 8 5
52 44 8 0 3 1 4 6 2 7 8 5
57 46 11 1 3 0 4 6 2 7 8 5
58 47 11 1 0 3 4 6 2 7 8 5
58 48 10 0 1 3 4 6 2 7 8 5
55 44 11 6 3 1 4 0 2 7 8 5
54 45 9 6 3 1 0 4 2 7 8 5
56 45 11 6 0 1 4 3 2 7 8 5
55 46 9 0 6 1 4 3 2 7 8 5
46 35 11 6 3 7 1 4 2 0 8 5
45 37 8 0 3 7 1 4 2 6 8 5
48 38 10 3 0 7 1 4 2 6 8 5
47 36 11 6 3 7 0 4 2 1 8 5
51 39 12 3 7 0 1 4 2 6 8 5
51 41 10 0 7 3 1 4 2 6 8 5
53 42 11 3 7 6 1 4 2 0 8 5
54 44 10 0 7 6 1 4 2 3 8 5
54 43 11 3 7 6 0 4 2 1 8 5
38 26 12 1 4 6 0 3 2 7 8 5
51 39 12 3 1 6 7 4 2 0 8 5
52 41 11 0 1 6 7 4 2 3 8 5
54 42 12 1 0 6 7 4 2 3 8 5
41 29 12 3 4 6 1 2 0 7 8 5
42 30 12 3 4 0 1 2 6 7 8 5
42 32 10 0 4 3 1 2 6 7 8 5
42 31 11 3 0 4 1 2 6 7 8 5
41 32 9 0 3 4 1 2 6 7 8 5
46 34 12 4 3 0 1 2 6 7 8 5
48 36 12 1 3 4 0 6 2 7 8 5
49 37 12 1 3 4 6 0 2 7 8 5
50 38 12 1 0 4 6 3 2 7 8 5
50 39 11 0 1 4 6 3 2 7 8 5
43 31 12 3 6 2 1 4 0 7 8 5
44 32 12 3 6 2 1 0 4 7 8 5
44 33 11 3 0 2 1 6 4 7 8 5
43 34 9 0 3 2 1 6 4 7 8 5
49 37 12 6 3 2 1 0 4 7 8 5
50 38 12 6 3 2 0 1 4 7 8 5
46 34 12 1 6 0 4 3 2 7 8 5
50 38 12 1 3 7 0 4 2 6 8 5
51 39 12 1 3 7 6 4 2 0 8 5
49 41 8 0 3 7 6 4 2 1 8 5
51 42 9 1 3 0 6 4 2 7 8 5
50 44 6 0 3 1 6 4 2 7 8 5
53 45 8 3 0 1 6 4 2 7 8 5
52 43 9 1 0 3 6 4 2 7 8 5
52 44 8 0 1 3 6 4 2 7 8 5
56 46 10 3 1 0 6 4 2 7 8 5
52 42 10 3 0 7 6 4 2 1 8 5
56 45 11 6 1 3 0 4 2 7 8 5
55 43 12 3 7 0 6 4 2 1 8 5
55 45 10 0 7 3 6 4 2 1 8 5
58 46 12 7 0 3 6 4 2 1 8 5
59 47 12 3 1 2 6 4 0 7 8 5
60 48 12 3 1 2 6 0 4 7 8 5
60 49 11 3 1 2 0 6 4 7 8 5
60 49 11 3 0 2 6 1 4 7 8 5
59 50 9 0 3 2 6 1 4 7 8 5
64 52 12 2 3 0 6 1 4 7 8 5
65 53 12 2 0 3 6 1 4 7 8 5
65 54 11 0 2 3 6 1 4 7 8 5
60 48 12 3 1 2 6 4 5 7 8 0
59 51 8 0 1 2 6 4 5 7 8 3
62 52 10 1 0 2 6 4 5 7 8 3
60 50 10 3 1 2 6 4 5 0 8 7
58 52 6 0 1 2 6 4 5 3 8 7
57 51 6 3 1 2 0 4 5 6 8 7
60 52 8 3 1 2 4 0 5 6 8 7
61 53 8 3 0 2 4 1 5 6 8 7
61 54 7 0 3 2 4 1 5 6 8 7
61 53 8 1 0 2 6 4 5 3 8 7
66 57 9 1 3 2 4 0 5 6 8 7
64 58 6 1 0 2 4 3 5 6 8 7
63 59 4 0 1 2 4 3 5 6 8 7
65 58 7 1 3 2 0 4 5 6 8 7
69 61 8 2 1 0 4 3 5 6 8 7
70 62 8 2 0 1 4 3 5 6 8 7
69 63 6 0 2 1 4 3 5 6 8 7
68 60 8 4 1 2 0 3 5 6 8 7
69 61 8 4 1 2 3 0 5 6 8 7
70 62 8 4 0 2 3 1 5 6 8 7
69 63 6 0 4 2 3 1 5 6 8 7
74 66 8 1 4 2 3 0 5 6 8 7
71 67 4 1 0 2 3 4 5 6 8 7
70 68 2 0 1 2 3 4 5 6 8 7
76 70 6 2 1 0 3 4 5 6 8 7
77 71 6 2 0 1 3 4 5 6 8 7
76 72 4 0 2 1 3 4 5 6 8 7
74 68 6 1 2 0 3 4 5 6 8 7
81 73 8 3 2 1 0 4 5 6 8 7
75 67 8 1 4 2 0 3 5 6 8 7
67 59 8 1 2 0 4 3 5 6 8 7
71 62 9 1 2 3 4 0 5 6 8 7
70 63 7 1 2 3 0 4 5 6 8 7
71 63 8 1 0 3 4 2 5 6 8 7
70 64 6 0 1 3 4 2 5 6 8 7
75 66 9 3 1 0 4 2 5 6 8 7
76 67 9 3 0 1 4 2 5 6 8 7
76 68 8 0 3 1 4 2 5 6 8 7
82 73 9 2 1 4 3 0 5 6 8 7
83 74 9 2 1 4 0 3 5 6 8 7
83 74 9 2 0 4 3 1 5 6 8 7
82 75 7 0 2 4 3 1 5 6 8 7
73 64 9 2 1 3 4 0 5 6 8 7
72 65 7 2 1 3 0 4 5 6 8 7
74 65 9 2 0 3 4 1 5 6 8 7
73 66 7 0 2 3 4 1 5 6 8 7
80 71 9 1 2 4 3 0 5 6 8 7
80 72 8 1 0 4 3 2 5 6 8 7
79 73 6 0 1 4 3 2 5 6 8 7
84 75 9 4 1 0 3 2 5 6 8 7
85 76 9 4 0 1 3 2 5 6 8 7
84 77 7 0 4 1 3 2 5 6 8 7
82 73 9 1 4 0 3 2 5 6 8 7
81 72 9 1 2 4 0 3 5 6 8 7
59 49 10 3 1 2 6 4 5 7 0 8
58 50 8 3 1 2 6 4 5 0 7 8
56 52 4 0 1 2 6 4 5 3 7 8
55 51 4 3 1 2 0 4 5 6 7 8
58 52 6 3 1 2 4 0 5 6 7 8
59 53 6 3 0 2 4 1 5 6 7 8
59 54 5 0 3 2 4 1 5 6 7 8
59 53 6 1 0 2 6 4 5 3 7 8
64 57 7 1 3 2 4 0 5 6 7 8
62 58 4 1 0 2 4 3 5 6 7 8
61 59 2 0 1 2 4 3 5 6 7 8
63 58 5 1 3 2 0 4 5 6 7 8
67 61 6 2 1 0 4 3 5 6 7 8
68 62 6 2 0 1 4 3 5 6 7 8
67 63 4 0 2 1 4 3 5 6 7 8
66 60 6 4 1 2 0 3 5 6 7 8
67 61 6 4 1 2 3 0 5 6 7 8
68 62 6 4 0 2 3 1 5 6 7 8
67 63 4 0 4 2 3 1 5 6 7 8
72 66 6 1 4 2 3 0 5 6 7 8
69 67 2 1 0 2 3 4 5 6 7 8
68 68 0 0 1 2 3 4 5 6 7 8
