0 0 0 7 2 4 1 6 5 3 0
7 3 4 0 2 4 1 6 5 3 7
10 4 6 2 0 4 1 6 5 3 7
12 5 7 1 2 4 0 6 5 3 7
12 8 4 1 2 4 6 0 5 3 7
12 10 2 0 2 4 6 1 5 3 7
15 11 4 2 0 4 6 1 5 3 7
18 12 6 2 4 0 6 1 5 3 7
18 12 6 2 5 4 6 1 0 3 7
19 13 6 2 5 4 6 1 3 0 7
20 14 6 2 5 0 6 1 3 4 7
19 15 4 2 0 5 6 1 3 4 7
18 16 2 0 2 5 6 1 3 4 7
21 17 4 1 2 5 6 0 3 4 7
24 18 6 1 2 5 6 3 0 4 7
25 19 6 1 0 5 6 3 2 4 7
19 13 6 5 2 4 6 1 0 3 7
20 14 6 5 2 4 6 1 3 0 7
21 15 6 5 2 0 6 1 3 4 7
22 16 6 5 0 2 6 1 3 4 7
21 17 4 0 5 2 6 1 3 4 7
24 18 6 1 5 2 6 0 3 4 7
27 21 6 1 0 2 6 5 3 4 7
28 22 6 1 2 0 6 5 3 4 7
29 23 6 1 2 4 6 5 3 0 7
20 14 6 5 2 4 6 0 1 3 7
20 16 4 0 2 4 6 5 1 3 7
23 17 6 2 0 4 6 5 1 3 7
20 14 6 5 0 4 6 1 2 3 7
19 15 4 0 5 4 6 1 2 3 7
22 16 6 1 5 4 6 0 2 3 7
25 19 6 1 0 4 6 5 2 3 7
15 9 6 1 2 4 6 5 0 3 7
22 16 6 2 3 5 6 1 0 4 7
23 17 6 2 3 5 6 0 1 4 7
26 20 6 2 0 5 6 3 1 4 7
25 21 4 0 2 5 6 3 1 4 7
28 22 6 3 2 5 6 0 1 4 7
19 13 6 2 5 4 6 0 1 3 7
25 19 6 3 2 5 6 1 0 4 7
26 20 6 3 0 5 6 1 2 4 7
25 21 4 0 3 5 6 1 2 4 7
28 22 6 1 3 5 6 0 2 4 7
22 15 7 0 5 4 6 2 1 3 7
11 4 7 6 2 4 1 0 5 3 7
29 22 7 0 1 2 6 5 3 4 7
18 11 7 1 0 4 6 2 5 3 7
13 6 7 1 2 0 4 6 5 3 7
14 7 7 1 0 2 4 6 5 3 7
14 8 6 0 1 2 4 6 5 3 7
27 20 7 1 0 5 6 2 3 4 7
27 20 7 0 1 5 6 3 2 4 7
27 20 7 1 2 5 0 6 3 4 7
26 22 4 0 2 5 1 6 3 4 7
29 23 6 2 0 5 1 6 3 4 7
30 23 7 6 2 5 1 0 3 4 7
30 23 7 1 2 5 4 6 3 0 7
29 24 5 1 2 0 4 6 3 5 7
30 25 5 1 2 4 0 6 3 5 7
30 28 2 1 2 4 6 0 3 5 7
30 30 0 0 2 4 6 1 3 5 7
