0 0 0 0 2 6 7 4 5 3 8 1
20 3 17 1 2 6 7 4 5 3 8 0
17 5 12 1 2 0 7 4 5 3 8 6
17 7 10 0 2 1 7 4 5 3 8 6
16 6 10 1 0 2 7 4 5 3 8 6
15 7 8 0 1 2 7 4 5 3 8 6
21 9 12 3 1 2 7 4 5 0 8 6
18 10 8 3 1 2 0 4 5 7 8 6
21 11 10 3 1 2 4 0 5 7 8 6
22 12 10 3 0 2 4 1 5 7 8 6
22 13 9 0 3 2 4 1 5 7 8 6
27 16 11 1 3 2 4 0 5 7 8 6
25 17 8 1 0 2 4 3 5 7 8 6
24 18 6 0 1 2 4 3 5 7 8 6
26 17 9 1 3 2 0 4 5 7 8 6
30 20 10 2 1 0 4 3 5 7 8 6
31 21 10 2 0 1 4 3 5 7 8 6
30 22 8 0 2 1 4 3 5 7 8 6
29 19 10 4 1 2 0 3 5 7 8 6
30 20 10 4 1 2 3 0 5 7 8 6
31 21 10 4 0 2 3 1 5 7 8 6
30 22 8 0 4 2 3 1 5 7 8 6
35 25 10 1 4 2 3 0 5 7 8 6
32 26 6 1 0 2 3 4 5 7 8 6
31 27 4 0 1 2 3 4 5 7 8 6
37 29 8 2 1 0 3 4 5 7 8 6
38 30 8 2 0 1 3 4 5 7 8 6
37 31 6 0 2 1 3 4 5 7 8 6
35 27 8 1 2 0 3 4 5 7 8 6
42 32 10 3 2 1 0 4 5 7 8 6
36 26 10 1 4 2 0 3 5 7 8 6
28 18 10 1 2 0 4 3 5 7 8 6
32 21 11 1 2 3 4 0 5 7 8 6
31 22 9 1 2 3 0 4 5 7 8 6
32 22 10 1 0 3 4 2 5 7 8 6
31 23 8 0 1 3 4 2 5 7 8 6
36 25 11 3 1 0 4 2 5 7 8 6
37 26 11 3 0 1 4 2 5 7 8 6
37 27 10 0 3 1 4 2 5 7 8 6
41 30 11 1 2 4 3 0 5 7 8 6
41 31 10 1 0 4 3 2 5 7 8 6
40 32 8 0 1 4 3 2 5 7 8 6
45 34 11 4 1 0 3 2 5 7 8 6
46 35 11 4 0 1 3 2 5 7 8 6
45 36 9 0 4 1 3 2 5 7 8 6
42 31 11 1 2 4 0 3 5 7 8 6
34 23 11 2 1 3 4 0 5 7 8 6
33 24 9 2 1 3 0 4 5 7 8 6
35 24 11 2 0 3 4 1 5 7 8 6
34 25 9 0 2 3 4 1 5 7 8 6
43 32 11 2 1 4 3 0 5 7 8 6
44 33 11 2 1 4 0 3 5 7 8 6
44 33 11 2 0 4 3 1 5 7 8 6
43 34 9 0 2 4 3 1 5 7 8 6
43 32 11 1 4 0 3 2 5 7 8 6
40 28 12 1 2 5 3 4 0 7 8 6
41 29 12 1 2 5 3 0 4 7 8 6
41 30 11 1 0 5 3 2 4 7 8 6
40 31 9 0 1 5 3 2 4 7 8 6
46 34 12 2 1 5 3 0 4 7 8 6
47 35 12 2 1 5 0 3 4 7 8 6
24 12 12 3 1 2 4 5 0 7 8 6
25 13 12 3 1 0 4 5 2 7 8 6
24 15 9 0 1 3 4 5 2 7 8 6
27 16 11 1 0 3 4 5 2 7 8 6
26 14 12 3 0 1 4 5 2 7 8 6
26 15 11 0 3 1 4 5 2 7 8 6
21 9 12 2 1 0 7 4 5 3 8 6
33 21 12 4 1 2 3 5 0 7 8 6
34 22 12 4 1 0 3 5 2 7 8 6
33 24 9 0 1 4 3 5 2 7 8 6
36 25 11 1 0 4 3 5 2 7 8 6
38 26 12 1 4 0 3 5 2 7 8 6
38 28 10 0 4 1 3 5 2 7 8 6
35 23 12 4 0 1 3 5 2 7 8 6
34 22 12 4 2 0 3 1 5 7 8 6
23 11 12 3 1 2 7 4 5 6 8 0
22 14 8 0 1 2 7 4 5 6 8 3
25 15 10 1 0 2 7 4 5 6 8 3
22 12 10 3 1 2 7 4 5 6 0 8
23 13 10 3 1 2 7 4 5 0 6 8
21 15 6 0 1 2 7 4 5 3 6 8
20 14 6 3 1 2 0 4 5 7 6 8
23 15 8 3 1 2 4 0 5 7 6 8
24 16 8 3 0 2 4 1 5 7 6 8
24 17 7 0 3 2 4 1 5 7 6 8
24 16 8 1 0 2 7 4 5 3 6 8
29 20 9 1 3 2 4 0 5 7 6 8
27 21 6 1 0 2 4 3 5 7 6 8
26 22 4 0 1 2 4 3 5 7 6 8
28 21 7 1 3 2 0 4 5 7 6 8
32 24 8 2 1 0 4 3 5 7 6 8
33 25 8 2 0 1 4 3 5 7 6 8
32 26 6 0 2 1 4 3 5 7 6 8
30 22 8 1 2 0 4 3 5 7 6 8
31 23 8 4 1 2 0 3 5 7 6 8
32 24 8 4 1 2 3 0 5 7 6 8
33 25 8 4 0 2 3 1 5 7 6 8
32 26 6 0 4 2 3 1 5 7 6 8
37 29 8 1 4 2 3 0 5 7 6 8
34 30 4 1 0 2 3 4 5 7 6 8
33 31 2 0 1 2 3 4 5 7 6 8
39 33 6 2 1 0 3 4 5 7 6 8
40 34 6 2 0 1 3 4 5 7 6 8
39 35 4 0 2 1 3 4 5 7 6 8
37 31 6 1 2 0 3 4 5 7 6 8
44 36 8 3 2 1 0 4 5 7 6 8
38 30 8 1 4 2 0 3 5 7 6 8
45 36 9 2 1 4 3 0 5 7 6 8
46 37 9 2 1 4 0 3 5 7 6 8
46 37 9 2 0 4 3 1 5 7 6 8
45 38 7 0 2 4 3 1 5 7 6 8
36 27 9 2 1 3 4 0 5 7 6 8
35 28 7 2 1 3 0 4 5 7 6 8
37 28 9 2 0 3 4 1 5 7 6 8
36 29 7 0 2 3 4 1 5 7 6 8
34 25 9 1 2 3 4 0 5 7 6 8
33 26 7 1 2 3 0 4 5 7 6 8
34 26 8 1 0 3 4 2 5 7 6 8
33 27 6 0 1 3 4 2 5 7 6 8
38 29 9 3 1 0 4 2 5 7 6 8
39 30 9 3 0 1 4 2 5 7 6 8
39 31 8 0 3 1 4 2 5 7 6 8
43 34 9 1 2 4 3 0 5 7 6 8
43 35 8 1 0 4 3 2 5 7 6 8
42 36 6 0 1 4 3 2 5 7 6 8
47 38 9 4 1 0 3 2 5 7 6 8
48 39 9 4 0 1 3 2 5 7 6 8
47 40 7 0 4 1 3 2 5 7 6 8
45 36 9 1 4 0 3 2 5 7 6 8
44 35 9 1 2 4 0 3 5 7 6 8
27 17 10 2 1 0 7 4 5 3 6 8
28 18 10 2 0 1 7 4 5 3 6 8
27 19 8 0 2 1 7 4 5 3 6 8
26 16 10 7 1 2 0 4 5 3 6 8
23 13 10 3 1 2 7 0 5 6 4 8
22 14 8 3 1 2 0 7 5 6 4 8
24 14 10 3 0 2 7 1 5 6 4 8
24 15 9 0 3 2 7 1 5 6 4 8
27 17 10 3 2 0 4 1 5 7 6 8
27 17 10 1 2 0 7 4 5 3 6 8
27 17 10 7 1 2 3 4 5 0 6 8
28 18 10 7 1 2 3 4 5 6 0 8
29 19 10 7 1 2 3 0 5 6 4 8
30 20 10 7 1 2 0 3 5 6 4 8
30 20 10 7 0 2 3 1 5 6 4 8
29 21 8 0 7 2 3 1 5 6 4 8
34 24 10 1 7 2 3 0 5 6 4 8
31 25 6 1 0 2 3 7 5 6 4 8
30 26 4 0 1 2 3 7 5 6 4 8
36 28 8 2 1 0 3 7 5 6 4 8
37 29 8 2 0 1 3 7 5 6 4 8
36 30 6 0 2 1 3 7 5 6 4 8
34 26 8 1 2 0 3 7 5 6 4 8
41 31 10 3 2 1 0 7 5 6 4 8
35 25 10 1 7 2 0 3 5 6 4 8
35 25 10 1 7 2 3 4 5 6 0 8
36 26 10 1 7 2 3 4 5 0 6 8
37 28 9 0 7 2 3 4 5 1 6 8
37 27 10 1 7 2 0 4 5 3 6 8
40 30 10 1 4 2 3 5 0 7 6 8
41 31 10 1 4 0 3 5 2 7 6 8
41 33 8 0 4 1 3 5 2 7 6 8
41 32 9 1 0 4 3 5 2 7 6 8
40 33 7 0 1 4 3 5 2 7 6 8
45 35 10 4 1 0 3 5 2 7 6 8
44 34 10 4 0 1 3 5 2 7 6 8
45 35 10 2 4 1 3 0 5 7 6 8
46 36 10 2 4 1 0 3 5 7 6 8
42 32 10 1 2 5 3 4 0 7 6 8
43 33 10 1 2 5 3 0 4 7 6 8
43 34 9 1 0 5 3 2 4 7 6 8
42 35 7 0 1 5 3 2 4 7 6 8
48 38 10 2 1 5 3 0 4 7 6 8
49 39 10 2 1 5 0 3 4 7 6 8
49 39 10 2 0 5 3 1 4 7 6 8
48 40 8 0 2 5 3 1 4 7 6 8
44 34 10 1 2 5 0 3 4 7 6 8
48 38 10 4 2 1 3 0 5 7 6 8
37 27 10 3 4 2 0 1 5 7 6 8
38 28 10 2 4 0 3 1 5 7 6 8
37 27 10 1 3 0 4 2 5 7 6 8
30 20 10 3 2 1 4 0 5 7 6 8
38 28 10 4 1 3 0 2 5 7 6 8
39 29 10 4 1 3 2 0 5 7 6 8
40 30 10 4 0 3 2 1 5 7 6 8
39 31 8 0 4 3 2 1 5 7 6 8
44 34 10 1 4 3 2 0 5 7 6 8
41 35 6 1 0 3 2 4 5 7 6 8
40 36 4 0 1 3 2 4 5 7 6 8
45 38 7 3 1 0 2 4 5 7 6 8
46 39 7 3 0 1 2 4 5 7 6 8
46 40 6 0 3 1 2 4 5 7 6 8
44 36 8 1 3 0 2 4 5 7 6 8
50 41 9 2 3 1 0 4 5 7 6 8
51 41 10 3 1 4 2 0 5 7 6 8
52 42 10 3 0 4 2 1 5 7 6 8
52 43 9 0 3 4 2 1 5 7 6 8
45 35 10 1 4 3 0 2 5 7 6 8
47 37 10 3 1 4 0 2 5 7 6 8
44 34 10 2 1 5 3 4 0 7 6 8
26 16 10 3 1 2 4 5 0 7 6 8
27 17 10 3 1 0 4 5 2 7 6 8
26 19 7 0 1 3 4 5 2 7 6 8
29 20 9 1 0 3 4 5 2 7 6 8
28 18 10 3 0 1 4 5 2 7 6 8
28 19 9 0 3 1 4 5 2 7 6 8
36 26 10 4 2 0 3 1 5 7 6 8
35 25 10 4 1 2 3 5 0 7 6 8
37 27 10 4 2 1 0 3 5 7 6 8
40 29 11 1 7 2 3 0 5 4 6 8
37 30 7 1 0 2 3 7 5 4 6 8
36 31 5 0 1 2 3 7 5 4 6 8
42 33 9 2 1 0 3 7 5 4 6 8
43 34 9 2 0 1 3 7 5 4 6 8
42 35 7 0 2 1 3 7 5 4 6 8
41 32 9 3 1 2 0 7 5 4 6 8
40 31 9 1 2 0 3 7 5 4 6 8
43 33 10 3 1 2 4 7 5 0 6 8
41 35 6 0 1 2 4 7 5 3 6 8
44 36 8 1 0 2 4 7 5 3 6 8
47 37 10 1 2 0 4 7 5 3 6 8
47 39 8 0 2 1 4 7 5 3 6 8
50 40 10 2 0 1 4 7 5 3 6 8
47 37 10 2 1 0 4 7 5 3 6 8
46 36 10 4 1 2 0 7 5 3 6 8
44 34 10 3 1 2 4 7 5 6 0 8
41 35 6 3 1 2 4 0 5 6 7 8
40 36 4 3 1 2 0 4 5 6 7 8
42 36 6 3 0 2 4 1 5 6 7 8
42 37 5 0 3 2 4 1 5 6 7 8
47 40 7 1 3 2 4 0 5 6 7 8
45 41 4 1 0 2 4 3 5 6 7 8
44 42 2 0 1 2 4 3 5 6 7 8
46 41 5 1 3 2 0 4 5 6 7 8
50 44 6 2 1 0 4 3 5 6 7 8
51 45 6 2 0 1 4 3 5 6 7 8
50 46 4 0 2 1 4 3 5 6 7 8
49 43 6 4 1 2 0 3 5 6 7 8
50 44 6 4 1 2 3 0 5 6 7 8
51 45 6 4 0 2 3 1 5 6 7 8
50 46 4 0 4 2 3 1 5 6 7 8
55 49 6 1 4 2 3 0 5 6 7 8
52 50 2 1 0 2 3 4 5 6 7 8
51 51 0 0 1 2 3 4 5 6 7 8
