0 0 0 4 7 0 5 1 2 6 3
16.5 1 15.5 4 0 7 5 1 2 6 3
15.5 2 13.5 0 4 7 5 1 2 6 3
20.0 5 15.0 2 4 7 5 1 0 6 3
19.5 6 13.5 2 0 7 5 1 4 6 3
18.5 7 11.5 0 2 7 5 1 4 6 3
19.5 8 11.5 1 2 7 5 0 4 6 3
20.0 9 11.0 1 2 7 5 4 0 6 3
21.5 10 11.5 1 0 7 5 4 2 6 3
20.5 11 9.5 0 1 7 5 4 2 6 3
25.0 14 11.0 2 1 7 5 4 0 6 3
26.5 15 11.5 2 1 7 5 0 4 6 3
26.5 17 9.5 0 1 7 5 2 4 6 3
26.5 15 11.5 2 0 7 5 4 1 6 3
25.5 16 9.5 0 2 7 5 4 1 6 3
22.5 11 11.5 1 0 7 5 2 4 6 3
29.5 18 11.5 2 1 7 0 5 4 6 3
27.5 20 7.5 0 1 7 2 5 4 6 3
30.5 21 9.5 1 0 7 2 5 4 6 3
29.0 19 10.0 2 1 0 7 5 4 6 3
30.0 20 10.0 2 0 1 7 5 4 6 3
29.0 21 8.0 0 2 1 7 5 4 6 3
29.0 19 10.0 2 1 7 3 5 4 6 0
28 22 6 2 1 0 3 5 4 6 7
29 23 6 2 0 1 3 5 4 6 7
28 24 4 0 2 1 3 5 4 6 7
29.0 22 7.0 0 1 7 3 5 4 6 2
34.5 27 7.5 4 2 1 3 5 0 6 7
34.0 28 6.0 4 2 1 3 0 5 6 7
32 30 2 0 2 1 3 4 5 6 7
35 31 4 2 0 1 3 4 5 6 7
36 32 4 2 1 0 3 4 5 6 7
39 33 6 2 1 3 0 4 5 6 7
37 35 2 0 1 3 2 4 5 6 7
40 36 4 1 0 3 2 4 5 6 7
43 37 6 1 3 0 2 4 5 6 7
44 38 6 1 3 2 0 4 5 6 7
44 40 4 0 3 2 1 4 5 6 7
47 41 6 3 0 2 1 4 5 6 7
47.0 41 6.0 1 3 2 4 0 5 6 7
48 44 4 1 0 2 4 3 5 6 7
47 45 2 0 1 2 4 3 5 6 7
53.0 47 6.0 4 1 2 0 3 5 6 7
54.0 50 4.0 4 1 2 3 0 5 6 7
52 52 0 0 1 2 3 4 5 6 7
