0 0 0 3 1 8 6 5 4 2 0 7
15 1 14 3 1 8 6 0 4 2 5 7
13 2 11 3 0 8 6 1 4 2 5 7
12 3 9 0 3 8 6 1 4 2 5 7
16 4 12 6 3 8 0 1 4 2 5 7
17 5 12 6 3 8 1 0 4 2 5 7
18 6 12 6 3 8 1 4 0 2 5 7
15 7 8 6 3 0 1 4 8 2 5 7
13 9 4 0 3 6 1 4 8 2 5 7
16 10 6 3 0 6 1 4 8 2 5 7
19 11 8 3 6 0 1 4 8 2 5 7
19 13 6 0 6 3 1 4 8 2 5 7
16 8 8 6 0 3 1 4 8 2 5 7
18 10 8 1 3 6 0 4 8 2 5 7
21 11 10 1 3 6 4 0 8 2 5 7
22 12 10 1 0 6 4 3 8 2 5 7
22 13 9 0 1 6 4 3 8 2 5 7
21 11 10 3 4 6 1 0 8 2 5 7
22 12 10 3 4 6 0 1 8 2 5 7
22 12 10 4 3 6 1 0 8 2 5 7
23 13 10 4 3 6 0 1 8 2 5 7
23 13 10 4 0 6 1 3 8 2 5 7
22 14 8 0 4 6 1 3 8 2 5 7
24 14 10 1 6 3 0 4 8 2 5 7
21 10 11 6 3 4 1 0 8 2 5 7
22 11 11 6 3 4 0 1 8 2 5 7
22 11 11 6 0 4 1 3 8 2 5 7
21 12 9 0 6 4 1 3 8 2 5 7
27 16 11 3 1 6 4 0 8 2 5 7
25 17 8 3 0 6 4 1 8 2 5 7
24 18 6 0 3 6 4 1 8 2 5 7
26 17 9 3 1 6 0 4 8 2 5 7
30 20 10 6 3 0 4 1 8 2 5 7
31 21 10 6 0 3 4 1 8 2 5 7
30 22 8 0 6 3 4 1 8 2 5 7
28 18 10 3 6 0 4 1 8 2 5 7
32 21 11 3 6 1 4 0 8 2 5 7
31 22 9 3 6 1 0 4 8 2 5 7
32 22 10 3 0 1 4 6 8 2 5 7
31 23 8 0 3 1 4 6 8 2 5 7
36 25 11 1 3 0 4 6 8 2 5 7
37 26 11 1 0 3 4 6 8 2 5 7
37 27 10 0 1 3 4 6 8 2 5 7
34 23 11 6 3 1 4 0 8 2 5 7
33 24 9 6 3 1 0 4 8 2 5 7
35 24 11 6 0 1 4 3 8 2 5 7
34 25 9 0 6 1 4 3 8 2 5 7
25 14 11 3 6 4 1 0 8 2 5 7
25 15 10 3 0 4 1 6 8 2 5 7
24 16 8 0 3 4 1 6 8 2 5 7
29 18 11 4 3 0 1 6 8 2 5 7
30 19 11 4 0 3 1 6 8 2 5 7
29 20 9 0 4 3 1 6 8 2 5 7
26 15 11 3 6 4 0 1 8 2 5 7
27 16 11 3 4 0 1 6 8 2 5 7
21 9 12 6 3 7 1 4 8 2 5 0
20 12 8 0 3 7 1 4 8 2 5 6
18 10 8 6 3 7 1 4 0 2 5 8
15 11 4 6 3 0 1 4 7 2 5 8
13 13 0 0 3 6 1 4 7 2 5 8
