0 0 0 3 5 4 6 7 8 2 0 1
20 1 19 3 5 4 6 0 8 2 7 1
17 2 15 3 0 4 6 5 8 2 7 1
16 3 13 0 3 4 6 5 8 2 7 1
21 5 16 4 3 0 6 5 8 2 7 1
22 6 16 4 0 3 6 5 8 2 7 1
21 7 14 0 4 3 6 5 8 2 7 1
20 4 16 6 3 4 0 5 8 2 7 1
19 3 16 3 4 0 6 5 8 2 7 1
22 5 17 3 4 1 6 5 8 2 7 0
21 8 13 3 4 1 6 0 8 2 7 5
18 9 9 3 0 1 6 4 8 2 7 5
17 10 7 0 3 1 6 4 8 2 7 5
22 12 10 1 3 0 6 4 8 2 7 5
23 13 10 1 0 3 6 4 8 2 7 5
23 14 9 0 1 3 6 4 8 2 7 5
21 11 10 6 3 1 0 4 8 2 7 5
21 10 11 3 1 0 6 4 8 2 7 5
25 13 12 3 1 2 6 4 8 0 7 5
23 15 8 0 1 2 6 4 8 3 7 5
22 14 8 3 1 2 0 4 8 6 7 5
25 15 10 3 1 2 4 0 8 6 7 5
26 16 10 3 0 2 4 1 8 6 7 5
26 17 9 0 3 2 4 1 8 6 7 5
26 16 10 1 0 2 6 4 8 3 7 5
31 20 11 1 3 2 4 0 8 6 7 5
29 21 8 1 0 2 4 3 8 6 7 5
28 22 6 0 1 2 4 3 8 6 7 5
30 21 9 1 3 2 0 4 8 6 7 5
34 24 10 2 1 0 4 3 8 6 7 5
35 25 10 2 0 1 4 3 8 6 7 5
34 26 8 0 2 1 4 3 8 6 7 5
33 23 10 4 1 2 0 3 8 6 7 5
34 24 10 4 1 2 3 0 8 6 7 5
35 25 10 4 0 2 3 1 8 6 7 5
34 26 8 0 4 2 3 1 8 6 7 5
39 29 10 1 4 2 3 0 8 6 7 5
36 30 6 1 0 2 3 4 8 6 7 5
35 31 4 0 1 2 3 4 8 6 7 5
41 33 8 2 1 0 3 4 8 6 7 5
42 34 8 2 0 1 3 4 8 6 7 5
41 35 6 0 2 1 3 4 8 6 7 5
39 31 8 1 2 0 3 4 8 6 7 5
46 36 10 3 2 1 0 4 8 6 7 5
40 30 10 1 4 2 0 3 8 6 7 5
32 22 10 1 2 0 4 3 8 6 7 5
36 25 11 1 2 3 4 0 8 6 7 5
35 26 9 1 2 3 0 4 8 6 7 5
36 26 10 1 0 3 4 2 8 6 7 5
35 27 8 0 1 3 4 2 8 6 7 5
40 29 11 3 1 0 4 2 8 6 7 5
41 30 11 3 0 1 4 2 8 6 7 5
41 31 10 0 3 1 4 2 8 6 7 5
47 36 11 2 1 4 3 0 8 6 7 5
48 37 11 2 1 4 0 3 8 6 7 5
48 37 11 2 0 4 3 1 8 6 7 5
47 38 9 0 2 4 3 1 8 6 7 5
45 34 11 1 2 4 3 0 8 6 7 5
45 35 10 1 0 4 3 2 8 6 7 5
44 36 8 0 1 4 3 2 8 6 7 5
49 38 11 4 1 0 3 2 8 6 7 5
50 39 11 4 0 1 3 2 8 6 7 5
49 40 9 0 4 1 3 2 8 6 7 5
47 36 11 1 4 0 3 2 8 6 7 5
46 35 11 1 2 4 0 3 8 6 7 5
38 27 11 2 1 3 4 0 8 6 7 5
37 28 9 2 1 3 0 4 8 6 7 5
39 28 11 2 0 3 4 1 8 6 7 5
38 29 9 0 2 3 4 1 8 6 7 5
37 25 12 4 1 2 3 8 0 6 7 5
38 26 12 4 1 2 3 8 5 6 7 0
35 29 6 4 1 2 3 0 5 6 7 8
36 30 6 4 1 2 0 3 5 6 7 8
36 30 6 4 0 2 3 1 5 6 7 8
35 31 4 0 4 2 3 1 5 6 7 8
40 34 6 1 4 2 3 0 5 6 7 8
37 35 2 1 0 2 3 4 5 6 7 8
36 36 0 0 1 2 3 4 5 6 7 8
