0 0 0 8 7 4 0 2 6 5 1 3
27 1 26 8 7 4 2 0 6 5 1 3
24 2 22 8 0 4 2 7 6 5 1 3
23 3 20 0 8 4 2 7 6 5 1 3
29 6 23 3 8 4 2 7 6 5 1 0
29 9 20 3 8 4 2 0 6 5 1 7
26 10 16 3 0 4 2 8 6 5 1 7
26 11 15 0 3 4 2 8 6 5 1 7
28 11 17 3 4 0 2 8 6 5 1 7
27 13 14 0 4 3 2 8 6 5 1 7
30 14 16 4 0 3 2 8 6 5 1 7
31 14 17 2 4 3 0 8 6 5 1 7
31 13 18 4 3 0 2 8 6 5 1 7
32 14 18 4 3 6 2 8 0 5 1 7
31 15 16 4 3 6 2 0 8 5 1 7
31 16 15 4 3 6 0 2 8 5 1 7
32 16 16 4 3 6 2 1 8 5 0 7
31 17 14 4 3 6 2 1 8 0 5 7
28 19 9 0 3 6 2 1 8 4 5 7
28 18 10 4 3 6 0 1 8 2 5 7
29 19 10 4 3 6 1 0 8 2 5 7
30 20 10 4 0 6 1 3 8 2 5 7
29 21 8 0 4 6 1 3 8 2 5 7
34 24 10 3 4 6 1 0 8 2 5 7
31 25 6 3 0 6 1 4 8 2 5 7
30 26 4 0 3 6 1 4 8 2 5 7
36 28 8 6 3 0 1 4 8 2 5 7
37 29 8 6 0 3 1 4 8 2 5 7
36 30 6 0 6 3 1 4 8 2 5 7
35 27 8 1 3 6 0 4 8 2 5 7
34 26 8 3 6 0 1 4 8 2 5 7
38 28 10 1 3 6 4 0 8 2 5 7
39 29 10 1 0 6 4 3 8 2 5 7
39 30 9 0 1 6 4 3 8 2 5 7
41 31 10 1 6 3 0 4 8 2 5 7
35 25 10 3 4 6 0 1 8 2 5 7
44 33 11 3 1 6 4 0 8 2 5 7
42 34 8 3 0 6 4 1 8 2 5 7
41 35 6 0 3 6 4 1 8 2 5 7
43 34 9 3 1 6 0 4 8 2 5 7
47 37 10 6 3 0 4 1 8 2 5 7
48 38 10 6 0 3 4 1 8 2 5 7
47 39 8 0 6 3 4 1 8 2 5 7
45 35 10 3 6 0 4 1 8 2 5 7
49 38 11 3 6 1 4 0 8 2 5 7
48 39 9 3 6 1 0 4 8 2 5 7
49 39 10 3 0 1 4 6 8 2 5 7
48 40 8 0 3 1 4 6 8 2 5 7
53 42 11 1 3 0 4 6 8 2 5 7
54 43 11 1 0 3 4 6 8 2 5 7
54 44 10 0 1 3 4 6 8 2 5 7
40 29 11 3 6 4 1 0 8 2 5 7
40 30 10 3 0 4 1 6 8 2 5 7
39 31 8 0 3 4 1 6 8 2 5 7
44 33 11 4 3 0 1 6 8 2 5 7
45 34 11 4 0 3 1 6 8 2 5 7
44 35 9 0 4 3 1 6 8 2 5 7
42 31 11 3 4 0 1 6 8 2 5 7
31 20 11 3 0 6 2 1 8 4 5 7
51 40 11 6 3 1 4 0 8 2 5 7
50 41 9 6 3 1 0 4 8 2 5 7
52 41 11 6 0 1 4 3 8 2 5 7
51 42 9 0 6 1 4 3 8 2 5 7
42 31 11 6 3 4 1 0 8 2 5 7
43 32 11 6 3 4 0 1 8 2 5 7
43 32 11 6 0 4 1 3 8 2 5 7
42 33 9 0 6 4 1 3 8 2 5 7
41 30 11 3 6 4 0 1 8 2 5 7
45 33 12 4 6 3 1 0 8 2 5 7
40 28 12 1 3 6 2 4 8 0 5 7
38 30 8 0 3 6 2 4 8 1 5 7
41 31 10 3 0 6 2 4 8 1 5 7
42 31 11 1 3 0 2 4 8 6 5 7
42 33 9 0 3 1 2 4 8 6 5 7
41 32 9 1 0 3 2 4 8 6 5 7
40 33 7 0 1 3 2 4 8 6 5 7
45 35 10 3 1 0 2 4 8 6 5 7
44 34 10 2 1 3 0 4 8 6 5 7
44 34 10 3 0 1 2 4 8 6 5 7
47 35 12 2 1 3 4 0 8 6 5 7
48 36 12 2 0 3 4 1 8 6 5 7
47 37 10 0 2 3 4 1 8 6 5 7
52 40 12 1 2 3 4 0 8 6 5 7
51 41 10 1 2 3 0 4 8 6 5 7
52 41 11 1 0 3 4 2 8 6 5 7
51 42 9 0 1 3 4 2 8 6 5 7
56 44 12 3 1 0 4 2 8 6 5 7
58 47 11 3 1 2 4 0 8 6 5 7
57 48 9 3 1 2 0 4 8 6 5 7
59 48 11 3 0 2 4 1 8 6 5 7
59 49 10 0 3 2 4 1 8 6 5 7
64 52 12 1 3 2 4 0 8 6 5 7
62 53 9 1 0 2 4 3 8 6 5 7
61 54 7 0 1 2 4 3 8 6 5 7
63 53 10 1 3 2 0 4 8 6 5 7
67 56 11 2 1 0 4 3 8 6 5 7
68 57 11 2 0 1 4 3 8 6 5 7
67 58 9 0 2 1 4 3 8 6 5 7
66 55 11 4 1 2 0 3 8 6 5 7
67 56 11 4 1 2 3 0 8 6 5 7
68 57 11 4 0 2 3 1 8 6 5 7
67 58 9 0 4 2 3 1 8 6 5 7
72 61 11 1 4 2 3 0 8 6 5 7
69 62 7 1 0 2 3 4 8 6 5 7
68 63 5 0 1 2 3 4 8 6 5 7
74 65 9 2 1 0 3 4 8 6 5 7
75 66 9 2 0 1 3 4 8 6 5 7
74 67 7 0 2 1 3 4 8 6 5 7
72 63 9 1 2 0 3 4 8 6 5 7
79 68 11 3 2 1 0 4 8 6 5 7
73 62 11 1 4 2 0 3 8 6 5 7
65 54 11 1 2 0 4 3 8 6 5 7
44 32 12 3 6 0 2 4 8 1 5 7
44 34 10 0 6 3 2 4 8 1 5 7
47 35 12 6 0 3 2 4 8 1 5 7
43 31 12 2 3 6 0 4 8 1 5 7
39 27 12 3 6 8 1 4 0 2 5 7
40 28 12 3 6 8 1 0 4 2 5 7
40 29 11 3 0 8 1 6 4 2 5 7
39 30 9 0 3 8 1 6 4 2 5 7
45 33 12 6 3 8 1 0 4 2 5 7
46 34 12 6 3 8 0 1 4 2 5 7
42 30 12 1 6 0 4 3 8 2 5 7
41 29 12 1 3 6 4 8 0 2 5 7
42 30 12 1 3 6 4 8 7 2 5 0
39 33 6 1 3 6 4 0 7 2 5 8
38 34 4 1 3 6 0 4 7 2 5 8
40 34 6 1 0 6 4 3 7 2 5 8
40 35 5 0 1 6 4 3 7 2 5 8
45 38 7 3 1 6 4 0 7 2 5 8
43 39 4 3 0 6 4 1 7 2 5 8
42 40 2 0 3 6 4 1 7 2 5 8
44 39 5 3 1 6 0 4 7 2 5 8
48 42 6 6 3 0 4 1 7 2 5 8
49 43 6 6 0 3 4 1 7 2 5 8
48 44 4 0 6 3 4 1 7 2 5 8
47 41 6 4 3 6 0 1 7 2 5 8
48 42 6 4 3 6 1 0 7 2 5 8
49 43 6 4 0 6 1 3 7 2 5 8
48 44 4 0 4 6 1 3 7 2 5 8
53 47 6 3 4 6 1 0 7 2 5 8
50 48 2 3 0 6 1 4 7 2 5 8
49 49 0 0 3 6 1 4 7 2 5 8
