0 0 0 4 5 0 6 3 2 7 1 8
16 2 14 0 5 4 6 3 2 7 1 8
21 5 16 3 5 4 6 0 2 7 1 8
18 6 12 3 0 4 6 5 2 7 1 8
17 7 10 0 3 4 6 5 2 7 1 8
22 9 13 4 3 0 6 5 2 7 1 8
23 10 13 4 0 3 6 5 2 7 1 8
22 11 11 0 4 3 6 5 2 7 1 8
21 8 13 6 3 4 0 5 2 7 1 8
20 7 13 3 4 0 6 5 2 7 1 8
26 12 14 6 4 3 0 5 2 7 1 8
24 9 15 6 3 4 5 0 2 7 1 8
25 10 15 6 3 4 5 1 2 7 0 8
26 11 15 6 3 4 5 1 2 0 7 8
23 13 10 0 3 4 5 1 2 6 7 8
25 14 11 3 0 4 5 1 2 6 7 8
26 15 11 3 1 4 5 0 2 6 7 8
25 16 9 3 1 4 0 5 2 6 7 8
23 12 11 6 3 4 0 1 2 5 7 8
24 13 11 6 3 4 1 0 2 5 7 8
25 14 11 6 0 4 1 3 2 5 7 8
24 15 9 0 6 4 1 3 2 5 7 8
29 18 11 3 6 4 1 0 2 5 7 8
29 19 10 3 0 4 1 6 2 5 7 8
28 20 8 0 3 4 1 6 2 5 7 8
33 22 11 4 3 0 1 6 2 5 7 8
35 25 10 4 3 6 1 0 2 5 7 8
36 26 10 4 3 6 0 1 2 5 7 8
36 26 10 4 0 6 1 3 2 5 7 8
35 27 8 0 4 6 1 3 2 5 7 8
40 30 10 3 4 6 1 0 2 5 7 8
37 31 6 3 0 6 1 4 2 5 7 8
36 32 4 0 3 6 1 4 2 5 7 8
42 34 8 6 3 0 1 4 2 5 7 8
43 35 8 6 0 3 1 4 2 5 7 8
42 36 6 0 6 3 1 4 2 5 7 8
41 33 8 1 3 6 0 4 2 5 7 8
40 32 8 3 6 0 1 4 2 5 7 8
44 34 10 1 3 6 4 0 2 5 7 8
45 35 10 1 0 6 4 3 2 5 7 8
44 36 8 0 1 6 4 3 2 5 7 8
41 31 10 3 4 6 0 1 2 5 7 8
47 37 10 1 6 3 0 4 2 5 7 8
42 31 11 3 4 6 1 7 2 5 0 8
41 32 9 3 4 6 1 7 2 0 5 8
43 35 8 3 4 6 1 0 2 7 5 8
40 36 4 3 0 6 1 4 2 7 5 8
39 37 2 0 3 6 1 4 2 7 5 8
45 39 6 6 3 0 1 4 2 7 5 8
46 40 6 6 0 3 1 4 2 7 5 8
45 41 4 0 6 3 1 4 2 7 5 8
44 38 6 1 3 6 0 4 2 7 5 8
43 37 6 3 6 0 1 4 2 7 5 8
47 39 8 1 3 6 4 0 2 7 5 8
48 40 8 1 0 6 4 3 2 7 5 8
48 41 7 0 1 6 4 3 2 7 5 8
42 34 8 0 4 6 1 7 2 3 5 8
44 36 8 3 4 6 0 1 2 7 5 8
50 42 8 1 6 3 0 4 2 7 5 8
48 40 8 4 3 6 1 0 2 7 5 8
49 41 8 4 3 6 0 1 2 7 5 8
49 41 8 4 0 6 1 3 2 7 5 8
48 42 6 0 4 6 1 3 2 7 5 8
42 33 9 3 4 6 0 7 2 1 5 8
51 42 9 6 3 7 1 4 2 0 5 8
50 44 6 0 3 7 1 4 2 6 5 8
53 45 8 3 0 7 1 4 2 6 5 8
52 43 9 6 3 7 0 4 2 1 5 8
48 39 9 7 3 6 1 4 2 0 5 8
49 40 9 7 3 6 0 4 2 1 5 8
51 42 9 6 3 4 1 0 2 7 5 8
52 43 9 6 3 4 0 1 2 7 5 8
52 43 9 6 0 4 1 3 2 7 5 8
51 44 7 0 6 4 1 3 2 7 5 8
49 40 9 3 6 4 1 0 2 7 5 8
49 41 8 3 0 4 1 6 2 7 5 8
48 42 6 0 3 4 1 6 2 7 5 8
53 44 9 4 3 0 1 6 2 7 5 8
54 45 9 4 0 3 1 6 2 7 5 8
53 46 7 0 4 3 1 6 2 7 5 8
51 42 9 3 4 0 1 6 2 7 5 8
49 40 9 3 6 7 1 4 2 0 5 8
50 42 8 0 6 7 1 4 2 3 5 8
50 41 9 3 6 7 0 4 2 1 5 8
50 41 9 3 6 4 0 1 2 7 5 8
48 39 9 1 3 6 7 4 2 0 5 8
46 41 5 0 3 6 7 4 2 1 5 8
49 42 7 3 0 6 7 4 2 1 5 8
52 43 9 3 6 0 7 4 2 1 5 8
52 45 7 0 6 3 7 4 2 1 5 8
55 46 9 6 0 3 7 4 2 1 5 8
52 43 9 6 3 0 7 4 2 1 5 8
53 44 9 3 1 6 4 0 2 7 5 8
51 45 6 3 0 6 4 1 2 7 5 8
50 46 4 0 3 6 4 1 2 7 5 8
52 45 7 3 1 6 0 4 2 7 5 8
56 48 8 6 3 0 4 1 2 7 5 8
57 49 8 6 0 3 4 1 2 7 5 8
56 50 6 0 6 3 4 1 2 7 5 8
54 46 8 3 6 0 4 1 2 7 5 8
58 49 9 3 6 1 4 0 2 7 5 8
57 50 7 3 6 1 0 4 2 7 5 8
58 50 8 3 0 1 4 6 2 7 5 8
57 51 6 0 3 1 4 6 2 7 5 8
62 53 9 1 3 0 4 6 2 7 5 8
63 54 9 1 0 3 4 6 2 7 5 8
63 55 8 0 1 3 4 6 2 7 5 8
60 51 9 6 3 1 4 0 2 7 5 8
59 52 7 6 3 1 0 4 2 7 5 8
61 52 9 6 0 1 4 3 2 7 5 8
60 53 7 0 6 1 4 3 2 7 5 8
45 35 10 3 4 0 1 7 2 6 5 8
45 37 8 0 4 3 1 7 2 6 5 8
45 36 9 3 0 4 1 7 2 6 5 8
44 37 7 0 3 4 1 7 2 6 5 8
49 39 10 6 3 4 1 7 2 0 5 8
50 42 8 6 3 0 1 7 2 4 5 8
48 44 4 0 3 6 1 7 2 4 5 8
51 45 6 3 0 6 1 7 2 4 5 8
54 46 8 3 6 0 1 7 2 4 5 8
54 48 6 0 6 3 1 7 2 4 5 8
53 45 8 1 3 6 0 7 2 4 5 8
51 43 8 6 0 3 1 7 2 4 5 8
55 46 9 1 3 6 4 7 2 0 5 8
53 48 5 0 3 6 4 7 2 1 5 8
56 49 7 3 0 6 4 7 2 1 5 8
59 50 9 3 6 0 4 7 2 1 5 8
59 52 7 0 6 3 4 7 2 1 5 8
62 53 9 6 0 3 4 7 2 1 5 8
59 50 9 6 3 0 4 7 2 1 5 8
58 49 9 4 3 6 0 7 2 1 5 8
55 46 9 4 3 6 1 7 2 0 5 8
63 53 10 6 3 1 4 7 2 0 5 8
62 55 7 0 3 1 4 7 2 6 5 8
65 56 9 3 0 1 4 7 2 6 5 8
63 54 9 6 3 1 0 7 2 4 5 8
63 53 10 3 6 1 4 7 2 0 5 8
64 55 9 0 6 1 4 7 2 3 5 8
63 54 9 3 6 1 0 7 2 4 5 8
56 46 10 3 6 1 7 4 2 0 5 8
57 48 9 0 6 1 7 4 2 3 5 8
52 42 10 1 3 6 7 0 2 4 5 8
53 43 10 1 0 6 7 3 2 4 5 8
53 44 9 0 1 6 7 3 2 4 5 8
56 46 10 3 7 0 1 4 2 6 5 8
56 48 8 0 7 3 1 4 2 6 5 8
58 49 9 3 7 6 1 4 2 0 5 8
59 51 8 0 7 6 1 4 2 3 5 8
59 50 9 3 7 6 0 4 2 1 5 8
62 52 10 7 0 6 1 4 2 3 5 8
59 49 10 7 0 3 1 4 2 6 5 8
53 43 10 6 0 7 1 4 2 3 5 8
52 42 10 1 3 0 7 4 2 6 5 8
51 44 7 0 3 1 7 4 2 6 5 8
54 45 9 3 0 1 7 4 2 6 5 8
53 43 10 1 0 3 7 4 2 6 5 8
52 44 8 0 1 3 7 4 2 6 5 8
52 42 10 7 3 0 1 4 2 6 5 8
53 43 10 3 6 7 1 0 2 4 5 8
53 44 9 3 0 7 1 6 2 4 5 8
52 45 7 0 3 7 1 6 2 4 5 8
54 44 10 3 6 7 0 1 2 4 5 8
54 44 10 6 4 0 1 3 2 7 5 8
61 51 10 4 6 3 0 1 2 7 5 8
50 40 10 6 3 2 1 4 0 7 5 8
51 41 10 6 3 2 1 0 4 7 5 8
52 42 10 6 3 2 0 1 4 7 5 8
52 42 10 6 0 2 1 3 4 7 5 8
51 43 8 0 6 2 1 3 4 7 5 8
56 46 10 3 6 2 1 0 4 7 5 8
56 47 9 3 0 2 1 6 4 7 5 8
55 48 7 0 3 2 1 6 4 7 5 8
60 50 10 2 3 0 1 6 4 7 5 8
62 53 9 2 3 6 1 0 4 7 5 8
63 54 9 2 3 6 1 4 0 7 5 8
64 55 9 2 3 0 1 4 6 7 5 8
63 57 6 0 3 2 1 4 6 7 5 8
66 58 8 3 0 2 1 4 6 7 5 8
67 58 9 1 3 2 0 4 6 7 5 8
65 56 9 2 0 3 1 4 6 7 5 8
65 57 8 0 2 3 1 4 6 7 5 8
67 58 9 1 2 3 0 4 6 7 5 8
63 54 9 2 3 6 0 1 4 7 5 8
63 54 9 2 0 6 1 3 4 7 5 8
63 55 8 0 2 6 1 3 4 7 5 8
68 58 10 3 2 6 1 0 4 7 5 8
65 59 6 3 0 6 1 2 4 7 5 8
64 60 4 0 3 6 1 2 4 7 5 8
70 62 8 6 3 0 1 2 4 7 5 8
71 63 8 6 0 3 1 2 4 7 5 8
70 64 6 0 6 3 1 2 4 7 5 8
69 61 8 1 3 6 0 2 4 7 5 8
68 60 8 3 6 0 1 2 4 7 5 8
71 62 9 1 3 6 2 0 4 7 5 8
72 63 9 1 3 6 2 4 0 7 5 8
73 64 9 1 3 0 2 4 6 7 5 8
72 66 6 0 3 1 2 4 6 7 5 8
75 67 8 3 0 1 2 4 6 7 5 8
73 65 8 1 0 3 2 4 6 7 5 8
72 66 6 0 1 3 2 4 6 7 5 8
76 67 9 2 1 3 0 4 6 7 5 8
72 63 9 1 0 6 2 3 4 7 5 8
72 64 8 0 1 6 2 3 4 7 5 8
77 68 9 3 1 0 2 4 6 7 5 8
79 69 10 3 1 6 2 4 0 7 5 8
69 59 10 3 2 6 1 4 0 7 5 8
69 59 10 3 2 0 1 4 6 7 5 8
69 59 10 3 2 6 0 1 4 7 5 8
57 47 10 3 6 2 0 1 4 7 5 8
53 43 10 1 6 3 4 0 2 7 5 8
61 51 10 2 0 3 1 6 4 7 5 8
61 52 9 0 2 3 1 6 4 7 5 8
75 65 10 1 6 3 0 2 4 7 5 8
77 67 10 3 1 6 2 0 4 7 5 8
75 68 7 3 0 6 2 1 4 7 5 8
74 69 5 0 3 6 2 1 4 7 5 8
80 71 9 6 3 0 2 1 4 7 5 8
81 72 9 6 0 3 2 1 4 7 5 8
80 73 7 0 6 3 2 1 4 7 5 8
78 69 9 3 6 0 2 1 4 7 5 8
77 68 9 3 1 6 0 2 4 7 5 8
82 72 10 3 6 1 2 0 4 7 5 8
82 73 9 3 6 1 0 2 4 7 5 8
82 73 9 3 0 1 2 6 4 7 5 8
81 74 7 0 3 1 2 6 4 7 5 8
86 76 10 1 3 0 2 6 4 7 5 8
87 77 10 1 0 3 2 6 4 7 5 8
86 78 8 0 1 3 2 6 4 7 5 8
83 73 10 3 6 1 2 4 0 7 5 8
83 74 9 3 6 0 2 4 1 7 5 8
83 76 7 0 6 3 2 4 1 7 5 8
82 75 7 3 0 6 2 4 1 7 5 8
81 76 5 0 3 6 2 4 1 7 5 8
87 78 9 6 3 0 2 4 1 7 5 8
86 77 9 2 3 6 0 4 1 7 5 8
86 77 9 6 0 3 2 4 1 7 5 8
51 41 10 6 4 3 1 0 2 7 5 8
52 42 10 6 4 3 0 1 2 7 5 8
61 51 10 3 1 0 4 6 2 7 5 8
77 67 10 2 3 1 0 4 6 7 5 8
56 46 10 3 1 6 7 4 2 0 5 8
57 48 9 0 1 6 7 4 2 3 5 8
59 49 10 1 0 6 7 4 2 3 5 8
84 74 10 6 3 1 2 0 4 7 5 8
84 75 9 6 3 1 0 2 4 7 5 8
85 75 10 6 0 1 2 3 4 7 5 8
84 76 8 0 6 1 2 3 4 7 5 8
85 75 10 6 3 1 2 4 0 7 5 8
54 44 10 4 6 3 1 0 2 7 5 8
48 38 10 3 6 2 1 4 0 7 5 8
49 39 10 4 3 0 1 7 2 6 5 8
53 43 10 1 3 4 0 6 2 7 5 8
54 44 10 1 3 4 6 0 2 7 5 8
55 45 10 1 0 4 6 3 2 7 5 8
55 46 9 0 1 4 6 3 2 7 5 8
55 45 10 1 3 7 0 4 2 6 5 8
56 46 10 1 3 7 6 4 2 0 5 8
54 48 6 0 3 7 6 4 2 1 5 8
56 49 7 1 3 0 6 4 2 7 5 8
55 51 4 0 3 1 6 4 2 7 5 8
58 52 6 3 0 1 6 4 2 7 5 8
57 50 7 1 0 3 6 4 2 7 5 8
57 51 6 0 1 3 6 4 2 7 5 8
61 53 8 3 1 0 6 4 2 7 5 8
57 49 8 3 0 7 6 4 2 1 5 8
61 52 9 6 1 3 0 4 2 7 5 8
60 50 10 3 7 0 6 4 2 1 5 8
60 52 8 0 7 3 6 4 2 1 5 8
63 53 10 7 0 3 6 4 2 1 5 8
51 41 10 4 3 6 1 2 0 7 5 8
52 42 10 4 3 0 1 2 6 7 5 8
51 44 7 0 3 4 1 2 6 7 5 8
54 45 9 3 0 4 1 2 6 7 5 8
56 46 10 3 4 0 1 2 6 7 5 8
56 48 8 0 4 3 1 2 6 7 5 8
53 43 10 4 0 3 1 2 6 7 5 8
63 53 10 3 4 1 6 0 2 7 5 8
64 54 10 3 4 1 0 6 2 7 5 8
50 40 10 1 3 6 4 2 0 7 5 8
51 41 10 1 3 0 4 2 6 7 5 8
50 43 7 0 3 1 4 2 6 7 5 8
53 44 9 3 0 1 4 2 6 7 5 8
52 42 10 1 0 3 4 2 6 7 5 8
51 43 8 0 1 3 4 2 6 7 5 8
53 43 10 1 4 6 0 3 2 7 5 8
51 41 10 1 6 0 4 3 2 7 5 8
60 50 10 7 3 0 6 4 2 1 5 8
64 54 10 4 3 1 6 0 2 7 5 8
65 55 10 4 0 1 6 3 2 7 5 8
64 56 8 0 4 1 6 3 2 7 5 8
45 35 10 4 0 6 1 7 2 3 5 8
46 36 10 3 4 6 1 2 0 7 5 8
56 46 10 3 7 6 1 0 2 4 5 8
57 47 10 3 7 6 0 1 2 4 5 8
59 49 10 3 6 4 1 7 2 0 5 8
60 51 9 0 6 4 1 7 2 3 5 8
60 50 10 3 6 4 0 7 2 1 5 8
62 52 10 4 3 1 0 6 2 7 5 8
59 49 10 1 3 0 4 7 2 6 5 8
60 50 10 1 0 3 4 7 2 6 5 8
59 51 8 0 1 3 4 7 2 6 5 8
52 42 10 4 6 0 1 3 2 7 5 8
59 49 10 1 6 3 0 7 2 4 5 8
50 40 10 6 3 4 0 7 2 1 5 8
55 45 10 6 3 7 1 0 2 4 5 8
56 46 10 6 3 7 0 1 2 4 5 8
56 46 10 6 0 7 1 3 2 4 5 8
55 47 8 0 6 7 1 3 2 4 5 8
56 46 10 6 3 1 7 4 2 0 5 8
48 38 10 4 0 3 1 7 2 6 5 8
52 42 10 7 3 6 1 0 2 4 5 8
53 43 10 7 3 6 0 1 2 4 5 8
53 43 10 7 0 6 1 3 2 4 5 8
52 44 8 0 7 6 1 3 2 4 5 8
37 26 11 4 3 6 1 7 2 5 0 8
63 52 11 6 0 4 1 7 2 3 5 8
55 44 11 4 3 1 0 2 6 7 5 8
60 49 11 3 6 1 7 0 2 4 5 8
60 50 10 3 0 1 7 6 2 4 5 8
59 51 8 0 3 1 7 6 2 4 5 8
64 53 11 1 3 0 7 6 2 4 5 8
65 54 11 1 0 3 7 6 2 4 5 8
65 55 10 0 1 3 7 6 2 4 5 8
64 53 11 4 6 3 0 7 2 1 5 8
68 57 11 6 4 1 0 3 2 7 5 8
67 56 11 6 0 1 4 7 2 3 5 8
56 45 11 3 1 0 4 2 6 7 5 8
58 48 10 3 1 2 4 0 6 7 5 8
57 49 8 3 1 2 0 4 6 7 5 8
59 49 10 3 0 2 4 1 6 7 5 8
58 50 8 0 3 2 4 1 6 7 5 8
63 52 11 2 3 0 4 1 6 7 5 8
64 53 11 2 0 3 4 1 6 7 5 8
63 54 9 0 2 3 4 1 6 7 5 8
64 53 11 2 3 6 4 1 0 7 5 8
60 49 11 3 1 2 4 5 6 7 0 8
59 50 9 3 1 2 4 5 6 0 7 8
57 52 5 0 1 2 4 5 6 3 7 8
60 53 7 1 0 2 4 5 6 3 7 8
61 53 8 3 1 2 4 0 6 5 7 8
60 54 6 3 1 2 0 4 6 5 7 8
62 54 8 3 0 2 4 1 6 5 7 8
62 55 7 0 3 2 4 1 6 5 7 8
59 51 8 3 1 2 0 5 6 4 7 8
67 58 9 1 3 2 4 0 6 5 7 8
65 59 6 1 0 2 4 3 6 5 7 8
64 60 4 0 1 2 4 3 6 5 7 8
66 59 7 1 3 2 0 4 6 5 7 8
70 62 8 2 1 0 4 3 6 5 7 8
71 63 8 2 0 1 4 3 6 5 7 8
70 64 6 0 2 1 4 3 6 5 7 8
69 61 8 4 1 2 0 3 6 5 7 8
70 62 8 4 1 2 3 0 6 5 7 8
71 63 8 4 0 2 3 1 6 5 7 8
70 64 6 0 4 2 3 1 6 5 7 8
75 67 8 1 4 2 3 0 6 5 7 8
72 68 4 1 0 2 3 4 6 5 7 8
71 69 2 0 1 2 3 4 6 5 7 8
77 71 6 2 1 0 3 4 6 5 7 8
78 72 6 2 0 1 3 4 6 5 7 8
77 73 4 0 2 1 3 4 6 5 7 8
75 69 6 1 2 0 3 4 6 5 7 8
82 74 8 3 2 1 0 4 6 5 7 8
76 68 8 1 4 2 0 3 6 5 7 8
68 60 8 1 2 0 4 3 6 5 7 8
72 63 9 1 2 3 4 0 6 5 7 8
71 64 7 1 2 3 0 4 6 5 7 8
72 64 8 1 0 3 4 2 6 5 7 8
71 65 6 0 1 3 4 2 6 5 7 8
76 67 9 3 1 0 4 2 6 5 7 8
77 68 9 3 0 1 4 2 6 5 7 8
77 69 8 0 3 1 4 2 6 5 7 8
64 55 9 3 1 2 5 4 6 0 7 8
62 57 5 0 1 2 5 4 6 3 7 8
65 58 7 1 0 2 5 4 6 3 7 8
68 59 9 1 2 0 5 4 6 3 7 8
68 61 7 0 2 1 5 4 6 3 7 8
71 62 9 2 0 1 5 4 6 3 7 8
68 59 9 2 1 0 5 4 6 3 7 8
67 58 9 5 1 2 0 4 6 3 7 8
74 65 9 2 1 3 4 0 6 5 7 8
73 66 7 2 1 3 0 4 6 5 7 8
75 66 9 2 0 3 4 1 6 5 7 8
74 67 7 0 2 3 4 1 6 5 7 8
68 59 9 5 1 2 3 4 6 0 7 8
83 74 9 2 1 5 3 4 6 0 7 8
82 76 6 0 1 5 3 4 6 2 7 8
85 77 8 1 0 5 3 4 6 2 7 8
84 75 9 2 1 5 0 4 6 3 7 8
62 53 9 4 1 2 0 5 6 3 7 8
63 54 9 4 1 2 3 5 6 0 7 8
60 56 4 0 1 2 3 5 6 4 7 8
63 57 6 1 0 2 3 5 6 4 7 8
66 58 8 1 2 0 3 5 6 4 7 8
66 60 6 0 2 1 3 5 6 4 7 8
69 61 8 2 0 1 3 5 6 4 7 8
66 58 8 2 1 0 3 5 6 4 7 8
63 54 9 1 2 0 4 5 6 3 7 8
63 56 7 0 2 1 4 5 6 3 7 8
66 57 9 2 0 1 4 5 6 3 7 8
81 72 9 1 2 5 3 4 6 0 7 8
82 74 8 0 2 5 3 4 6 1 7 8
82 73 9 1 2 5 0 4 6 3 7 8
83 74 9 2 1 4 3 0 6 5 7 8
84 75 9 2 1 4 0 3 6 5 7 8
84 75 9 2 0 4 3 1 6 5 7 8
83 76 7 0 2 4 3 1 6 5 7 8
63 54 9 2 1 0 4 5 6 3 7 8
81 72 9 1 2 4 3 0 6 5 7 8
81 73 8 1 0 4 3 2 6 5 7 8
80 74 6 0 1 4 3 2 6 5 7 8
85 76 9 4 1 0 3 2 6 5 7 8
86 77 9 4 0 1 3 2 6 5 7 8
85 78 7 0 4 1 3 2 6 5 7 8
83 74 9 1 4 0 3 2 6 5 7 8
82 73 9 1 2 4 0 3 6 5 7 8
64 54 10 3 1 2 4 6 0 5 7 8
65 55 10 3 1 0 4 6 2 5 7 8
64 57 7 0 1 3 4 6 2 5 7 8
67 58 9 1 0 3 4 6 2 5 7 8
66 56 10 3 0 1 4 6 2 5 7 8
65 57 8 0 3 1 4 6 2 5 7 8
74 64 10 4 2 0 3 1 6 5 7 8
73 63 10 4 1 2 3 6 0 5 7 8
74 64 10 4 1 0 3 6 2 5 7 8
73 66 7 0 1 4 3 6 2 5 7 8
76 67 9 1 0 4 3 6 2 5 7 8
78 68 10 1 4 0 3 6 2 5 7 8
78 70 8 0 4 1 3 6 2 5 7 8
75 65 10 4 0 1 3 6 2 5 7 8
83 73 10 2 4 1 3 0 6 5 7 8
84 74 10 2 4 1 0 3 6 5 7 8
88 78 10 1 5 0 3 4 6 2 7 8
88 80 8 0 5 1 3 4 6 2 7 8
90 81 9 1 5 2 3 4 6 0 7 8
91 83 8 0 5 2 3 4 6 1 7 8
91 82 9 1 5 2 0 4 6 3 7 8
71 61 10 1 2 5 3 0 6 4 7 8
71 62 9 1 0 5 3 2 6 4 7 8
70 63 7 0 1 5 3 2 6 4 7 8
71 61 10 2 1 5 3 0 6 4 7 8
72 62 10 2 1 5 0 3 6 4 7 8
71 61 10 2 1 4 3 5 6 0 7 8
70 63 7 0 1 4 3 5 6 2 7 8
73 64 9 1 0 4 3 5 6 2 7 8
75 65 10 1 4 0 3 5 6 2 7 8
75 67 8 0 4 1 3 5 6 2 7 8
77 68 9 1 4 2 3 5 6 0 7 8
78 70 8 0 4 2 3 5 6 1 7 8
78 69 9 1 4 2 0 5 6 3 7 8
63 53 10 3 1 0 4 5 6 2 7 8
62 55 7 0 1 3 4 5 6 2 7 8
65 56 9 1 0 3 4 5 6 2 7 8
72 62 10 1 2 3 5 4 6 0 7 8
73 64 9 0 2 3 5 4 6 1 7 8
72 62 10 5 1 0 3 4 6 2 7 8
76 66 10 2 4 0 3 1 6 5 7 8
68 58 10 3 1 0 5 4 6 2 7 8
67 60 7 0 1 3 5 4 6 2 7 8
70 61 9 1 0 3 5 4 6 2 7 8
72 62 10 2 1 3 5 4 6 0 7 8
69 59 10 5 1 2 3 0 6 4 7 8
70 60 10 5 1 2 0 3 6 4 7 8
75 65 10 4 2 1 0 3 6 5 7 8
82 72 10 2 1 6 3 4 0 5 7 8
83 73 10 2 1 6 3 0 4 5 7 8
84 74 10 2 1 6 0 3 4 5 7 8
84 74 10 2 0 6 3 1 4 5 7 8
83 75 8 0 2 6 3 1 4 5 7 8
88 78 10 1 2 6 3 0 4 5 7 8
88 79 9 1 0 6 3 2 4 5 7 8
87 80 7 0 1 6 3 2 4 5 7 8
92 82 10 6 1 0 3 2 4 5 7 8
94 85 9 6 1 2 3 0 4 5 7 8
95 86 9 6 1 2 3 4 0 5 7 8
96 87 9 6 1 0 3 4 2 5 7 8
95 89 6 0 1 6 3 4 2 5 7 8
98 90 8 1 0 6 3 4 2 5 7 8
99 90 9 3 1 6 0 4 2 5 7 8
97 88 9 6 0 1 3 4 2 5 7 8
97 89 8 0 6 1 3 4 2 5 7 8
99 90 9 3 6 1 0 4 2 5 7 8
95 86 9 6 1 2 0 3 4 5 7 8
95 86 9 6 0 2 3 1 4 5 7 8
95 87 8 0 6 2 3 1 4 5 7 8
100 90 10 1 6 2 3 0 4 5 7 8
97 91 6 1 0 2 3 6 4 5 7 8
96 92 4 0 1 2 3 6 4 5 7 8
102 94 8 2 1 0 3 6 4 5 7 8
103 95 8 2 0 1 3 6 4 5 7 8
102 96 6 0 2 1 3 6 4 5 7 8
101 93 8 3 1 2 0 6 4 5 7 8
100 92 8 1 2 0 3 6 4 5 7 8
103 94 9 3 1 2 6 0 4 5 7 8
104 95 9 3 1 2 6 4 0 5 7 8
105 96 9 3 1 0 6 4 2 5 7 8
104 98 6 0 1 3 6 4 2 5 7 8
107 99 8 1 0 3 6 4 2 5 7 8
105 97 8 3 0 1 6 4 2 5 7 8
104 98 6 0 3 1 6 4 2 5 7 8
108 99 9 6 3 1 0 4 2 5 7 8
109 100 9 1 3 0 6 4 2 5 7 8
104 95 9 3 0 2 6 1 4 5 7 8
104 96 8 0 3 2 6 1 4 5 7 8
109 99 10 1 3 2 6 0 4 5 7 8
107 100 7 1 0 2 6 3 4 5 7 8
106 101 5 0 1 2 6 3 4 5 7 8
112 103 9 2 1 0 6 3 4 5 7 8
113 104 9 2 0 1 6 3 4 5 7 8
112 105 7 0 2 1 6 3 4 5 7 8
110 101 9 1 2 0 6 3 4 5 7 8
109 100 9 1 3 2 0 6 4 5 7 8
114 104 10 1 2 3 6 0 4 5 7 8
114 105 9 1 2 3 0 6 4 5 7 8
114 105 9 1 0 3 6 2 4 5 7 8
113 106 7 0 1 3 6 2 4 5 7 8
118 108 10 3 1 0 6 2 4 5 7 8
119 109 10 3 0 1 6 2 4 5 7 8
118 110 8 0 3 1 6 2 4 5 7 8
94 84 10 5 0 2 3 4 6 1 7 8
101 91 10 1 6 0 3 4 2 5 7 8
72 62 10 1 2 5 0 3 6 4 7 8
93 83 10 6 0 1 3 2 4 5 7 8
93 84 9 0 6 1 3 2 4 5 7 8
65 55 10 3 2 0 4 1 6 5 7 8
72 62 10 2 0 5 3 1 6 4 7 8
71 63 8 0 2 5 3 1 6 4 7 8
85 75 10 3 1 4 0 2 6 5 7 8
86 76 10 3 1 4 2 0 6 5 7 8
87 77 10 3 0 4 2 1 6 5 7 8
87 78 9 0 3 4 2 1 6 5 7 8
75 65 10 1 3 0 4 2 6 5 7 8
101 91 10 1 6 2 0 3 4 5 7 8
80 70 10 1 2 6 3 4 0 5 7 8
85 75 10 2 0 5 3 4 6 1 7 8
101 91 10 1 6 2 3 4 0 5 7 8
67 57 10 2 1 3 4 5 6 0 7 8
67 58 9 2 1 3 0 5 6 4 7 8
67 57 10 1 2 3 4 5 6 0 7 8
68 59 9 0 2 3 4 5 6 1 7 8
67 58 9 1 2 3 0 5 6 4 7 8
75 65 10 3 4 2 0 1 6 5 7 8
81 71 10 4 0 2 3 5 6 1 7 8
76 66 10 4 2 1 3 0 6 5 7 8
110 100 10 1 3 2 6 4 0 5 7 8
109 99 10 6 1 3 0 4 2 5 7 8
107 97 10 3 2 1 0 6 4 5 7 8
76 66 10 4 1 3 0 2 6 5 7 8
77 67 10 4 1 3 2 0 6 5 7 8
78 68 10 4 0 3 2 1 6 5 7 8
77 69 8 0 4 3 2 1 6 5 7 8
82 72 10 1 4 3 2 0 6 5 7 8
79 73 6 1 0 3 2 4 6 5 7 8
78 74 4 0 1 3 2 4 6 5 7 8
83 76 7 3 1 0 2 4 6 5 7 8
84 77 7 3 0 1 2 4 6 5 7 8
84 78 6 0 3 1 2 4 6 5 7 8
82 74 8 1 3 0 2 4 6 5 7 8
88 79 9 2 3 1 0 4 6 5 7 8
68 58 10 3 2 1 4 0 6 5 7 8
69 59 10 3 0 1 5 4 6 2 7 8
68 60 8 0 3 1 5 4 6 2 7 8
72 62 10 2 1 4 0 5 6 3 7 8
62 52 10 3 1 2 5 0 6 4 7 8
63 53 10 3 0 2 5 1 6 4 7 8
63 54 9 0 3 2 5 1 6 4 7 8
70 60 10 5 0 2 3 1 6 4 7 8
69 61 8 0 5 2 3 1 6 4 7 8
89 79 10 1 2 6 0 3 4 5 7 8
71 61 10 1 2 4 3 5 6 0 7 8
72 63 9 0 2 4 3 5 6 1 7 8
72 62 10 1 2 4 0 5 6 3 7 8
78 68 10 1 4 2 3 6 0 5 7 8
70 60 10 1 3 2 5 4 6 0 7 8
71 62 9 0 3 2 5 4 6 1 7 8
73 63 10 3 0 2 5 4 6 1 7 8
115 105 10 1 2 3 6 4 0 5 7 8
115 106 9 1 2 0 6 4 3 5 7 8
115 108 7 0 2 1 6 4 3 5 7 8
114 107 7 1 0 2 6 4 3 5 7 8
113 108 5 0 1 2 6 4 3 5 7 8
119 110 9 2 1 0 6 4 3 5 7 8
118 109 9 6 1 2 0 4 3 5 7 8
118 109 9 2 0 1 6 4 3 5 7 8
121 111 10 2 1 3 6 4 0 5 7 8
68 58 10 1 5 2 3 0 6 4 7 8
69 59 10 1 5 2 0 3 6 4 7 8
67 57 10 4 1 0 3 5 6 2 7 8
73 63 10 5 0 1 3 4 6 2 7 8
68 58 10 4 0 1 3 5 6 2 7 8
64 54 10 3 0 1 4 5 6 2 7 8
63 55 8 0 3 1 4 5 6 2 7 8
87 77 10 3 1 5 0 4 6 2 7 8
71 61 10 3 2 1 0 5 6 4 7 8
88 78 10 3 1 5 2 4 6 0 7 8
86 80 6 0 1 5 2 4 6 3 7 8
89 81 8 1 0 5 2 4 6 3 7 8
92 82 10 1 5 0 2 4 6 3 7 8
92 84 8 0 5 1 2 4 6 3 7 8
95 85 10 5 0 1 2 4 6 3 7 8
92 82 10 5 1 0 2 4 6 3 7 8
83 73 10 1 4 3 0 2 6 5 7 8
116 106 10 2 1 3 6 0 4 5 7 8
116 107 9 2 1 3 0 6 4 5 7 8
117 107 10 2 0 3 6 1 4 5 7 8
116 108 8 0 2 3 6 1 4 5 7 8
96 85 11 2 5 1 0 4 6 3 7 8
96 85 11 1 5 3 2 4 6 0 7 8
97 87 10 0 5 3 2 4 6 1 7 8
97 86 11 1 5 3 0 4 6 2 7 8
92 81 11 3 1 5 2 0 6 4 7 8
93 82 11 3 0 5 2 1 6 4 7 8
93 83 10 0 3 5 2 1 6 4 7 8
71 60 11 1 5 2 4 3 6 0 7 8
72 62 10 0 5 2 4 3 6 1 7 8
56 45 11 1 3 4 0 2 6 7 5 8
122 111 11 4 1 2 6 0 3 5 7 8
122 112 10 4 1 2 0 6 3 5 7 8
123 112 11 4 1 2 6 3 0 5 7 8
124 113 11 4 1 0 6 3 2 5 7 8
123 115 8 0 1 4 6 3 2 5 7 8
126 116 10 1 0 4 6 3 2 5 7 8
128 117 11 1 4 0 6 3 2 5 7 8
128 119 9 0 4 1 6 3 2 5 7 8
129 118 11 1 4 2 6 3 0 5 7 8
125 114 11 4 0 1 6 3 2 5 7 8
123 112 11 4 0 2 6 1 3 5 7 8
122 113 9 0 4 2 6 1 3 5 7 8
121 110 11 6 1 2 4 0 3 5 7 8
122 111 11 6 1 2 4 3 0 5 7 8
122 111 11 6 0 2 4 1 3 5 7 8
122 112 10 0 6 2 4 1 3 5 7 8
55 44 11 1 4 6 3 0 2 7 5 8
52 45 7 1 0 6 3 4 2 7 5 8
52 46 6 0 1 6 3 4 2 7 5 8
55 46 9 1 6 0 3 4 2 7 5 8
54 48 6 0 6 1 3 4 2 7 5 8
57 49 8 6 0 1 3 4 2 7 5 8
58 48 10 6 1 0 3 4 2 7 5 8
60 49 11 6 1 2 3 4 0 7 5 8
61 50 11 6 1 2 3 0 4 7 5 8
62 51 11 6 1 2 0 3 4 7 5 8
62 51 11 6 0 2 3 1 4 7 5 8
61 52 9 0 6 2 3 1 4 7 5 8
59 48 11 3 7 6 4 1 2 0 5 8
60 50 10 0 7 6 4 1 2 3 5 8
54 43 11 1 6 3 7 4 2 0 5 8
60 49 11 6 0 1 7 4 2 3 5 8
61 50 11 6 7 3 1 4 2 0 5 8
66 55 11 5 1 2 4 0 6 3 7 8
67 56 11 5 0 2 4 1 6 3 7 8
66 57 9 0 5 2 4 1 6 3 7 8
61 50 11 3 7 6 1 4 2 5 0 8
62 51 11 3 7 6 1 0 2 5 4 8
59 52 7 3 0 6 1 7 2 5 4 8
58 53 5 0 3 6 1 7 2 5 4 8
64 55 9 6 3 0 1 7 2 5 4 8
65 56 9 6 0 3 1 7 2 5 4 8
64 57 7 0 6 3 1 7 2 5 4 8
63 54 9 1 3 6 0 7 2 5 4 8
62 53 9 3 6 0 1 7 2 5 4 8
67 56 11 3 6 7 1 0 2 5 4 8
67 57 10 3 0 7 1 6 2 5 4 8
66 58 8 0 3 7 1 6 2 5 4 8
68 57 11 3 6 7 0 1 2 5 4 8
66 55 11 1 3 6 7 0 2 5 4 8
67 56 11 1 0 6 7 3 2 5 4 8
67 57 10 0 1 6 7 3 2 5 4 8
65 54 11 1 5 2 4 0 6 3 7 8
68 57 11 2 3 0 4 1 6 5 7 8
67 56 11 4 3 2 0 1 6 5 7 8
69 58 11 1 6 3 0 7 2 5 4 8
63 52 11 3 7 6 0 1 2 5 4 8
67 56 11 7 3 6 1 0 2 5 4 8
68 57 11 7 3 6 0 1 2 5 4 8
68 57 11 7 0 6 1 3 2 5 4 8
67 58 9 0 7 6 1 3 2 5 4 8
70 59 11 1 3 2 4 6 0 5 7 8
69 58 11 6 3 7 1 0 2 5 4 8
70 59 11 6 3 7 0 1 2 5 4 8
70 59 11 6 0 7 1 3 2 5 4 8
69 60 9 0 6 7 1 3 2 5 4 8
72 61 11 5 1 2 4 3 6 0 7 8
55 44 11 6 3 7 4 0 2 1 5 8
56 45 11 6 0 7 4 3 2 1 5 8
55 46 9 0 6 7 4 3 2 1 5 8
56 45 11 1 6 4 0 3 2 7 5 8
48 37 11 3 4 6 7 1 2 0 5 8
49 39 10 0 4 6 7 1 2 3 5 8
56 45 11 7 3 1 0 4 2 6 5 8
54 43 11 6 3 4 1 2 0 7 5 8
74 63 11 2 1 5 4 3 6 0 7 8
73 65 8 0 1 5 4 3 6 2 7 8
76 66 10 1 0 5 4 3 6 2 7 8
71 60 11 2 3 1 4 0 6 5 7 8
58 47 11 3 1 6 7 0 2 4 5 8
56 48 8 3 0 6 7 1 2 4 5 8
55 49 6 0 3 6 7 1 2 4 5 8
57 48 9 3 1 6 0 7 2 4 5 8
59 49 10 3 1 6 4 7 2 0 5 8
60 51 9 0 1 6 4 7 2 3 5 8
62 52 10 1 0 6 4 7 2 3 5 8
61 51 10 6 3 0 7 1 2 4 5 8
62 52 10 6 0 3 7 1 2 4 5 8
61 53 8 0 6 3 7 1 2 4 5 8
59 49 10 3 6 0 7 1 2 4 5 8
73 62 11 4 1 2 5 3 6 0 7 8
70 64 6 0 1 2 5 3 6 4 7 8
73 65 8 1 0 2 5 3 6 4 7 8
76 66 10 1 2 0 5 3 6 4 7 8
76 68 8 0 2 1 5 3 6 4 7 8
79 69 10 2 0 1 5 3 6 4 7 8
76 66 10 2 1 0 5 3 6 4 7 8
61 50 11 3 7 6 4 0 2 1 5 8
70 59 11 1 3 0 4 6 2 5 7 8
52 41 11 3 6 4 1 2 0 7 5 8
61 50 11 1 6 3 4 7 2 0 5 8
53 42 11 4 3 6 7 1 2 0 5 8
56 45 11 3 7 0 1 6 2 4 5 8
56 47 9 0 7 3 1 6 2 4 5 8
59 48 11 7 0 3 1 6 2 4 5 8
57 46 11 3 1 0 7 4 2 6 5 8
58 47 11 3 1 2 7 4 0 6 5 8
59 48 11 3 1 2 7 0 4 6 5 8
58 49 9 3 1 2 0 7 4 6 5 8
60 49 11 3 0 2 7 1 4 6 5 8
60 50 10 0 3 2 7 1 4 6 5 8
63 52 11 3 1 0 4 7 2 6 5 8
64 53 11 3 1 2 4 7 0 6 5 8
64 54 10 3 1 2 4 0 7 6 5 8
63 55 8 3 1 2 0 4 7 6 5 8
65 55 10 3 0 2 4 1 7 6 5 8
64 56 8 0 3 2 4 1 7 6 5 8
70 59 11 1 3 2 4 0 7 6 5 8
68 60 8 1 0 2 4 3 7 6 5 8
67 61 6 0 1 2 4 3 7 6 5 8
69 60 9 1 3 2 0 4 7 6 5 8
71 61 10 1 3 2 6 4 7 0 5 8
69 64 5 1 3 0 6 4 7 2 5 8
68 66 2 0 3 1 6 4 7 2 5 8
71 67 4 3 0 1 6 4 7 2 5 8
72 67 5 6 3 1 0 4 7 2 5 8
70 65 5 1 0 3 6 4 7 2 5 8
70 66 4 0 1 3 6 4 7 2 5 8
74 68 6 3 1 0 6 4 7 2 5 8
69 63 6 0 3 2 6 4 7 1 5 8
74 67 7 6 1 3 0 4 7 2 5 8
75 68 7 6 3 1 4 0 7 2 5 8
76 69 7 6 0 1 4 3 7 2 5 8
75 70 5 0 6 1 4 3 7 2 5 8
80 73 7 3 6 1 4 0 7 2 5 8
79 74 5 3 6 1 0 4 7 2 5 8
80 74 6 3 0 1 4 6 7 2 5 8
79 75 4 0 3 1 4 6 7 2 5 8
84 77 7 1 3 0 4 6 7 2 5 8
86 80 6 1 3 6 4 0 7 2 5 8
85 81 4 1 3 6 0 4 7 2 5 8
87 81 6 1 0 6 4 3 7 2 5 8
87 82 5 0 1 6 4 3 7 2 5 8
92 85 7 3 1 6 4 0 7 2 5 8
90 86 4 3 0 6 4 1 7 2 5 8
89 87 2 0 3 6 4 1 7 2 5 8
91 86 5 3 1 6 0 4 7 2 5 8
95 89 6 6 3 0 4 1 7 2 5 8
96 90 6 6 0 3 4 1 7 2 5 8
95 91 4 0 6 3 4 1 7 2 5 8
94 88 6 4 3 6 0 1 7 2 5 8
95 89 6 4 3 6 1 0 7 2 5 8
96 90 6 4 0 6 1 3 7 2 5 8
95 91 4 0 4 6 1 3 7 2 5 8
100 94 6 3 4 6 1 0 7 2 5 8
97 95 2 3 0 6 1 4 7 2 5 8
96 96 0 0 3 6 1 4 7 2 5 8
