0 0 0 7 0 3 5 1 4 6 2
13 1 12 0 7 3 5 1 4 6 2
13 2 11 1 7 3 5 0 4 6 2
16 5 11 1 0 3 5 7 4 6 2
15 6 9 0 1 3 5 7 4 6 2
20 9 11 4 1 3 5 7 0 6 2
19 10 9 4 1 3 5 0 7 6 2
19 12 7 0 1 3 5 4 7 6 2
22 13 9 1 0 3 5 4 7 6 2
24 14 10 5 1 3 0 4 7 6 2
23 15 8 5 1 0 3 4 7 6 2
24 16 8 5 0 1 3 4 7 6 2
23 17 6 0 5 1 3 4 7 6 2
26 18 8 4 5 1 3 0 7 6 2
29 21 8 4 0 1 3 5 7 6 2
30 22 8 4 1 0 3 5 7 6 2
31 22 9 0 4 1 3 5 7 6 2
26 17 9 5 1 3 4 0 7 6 2
26 19 7 0 1 3 4 5 7 6 2
29 20 9 1 0 3 4 5 7 6 2
33 23 10 4 1 6 3 5 7 0 2
32 24 8 4 1 6 3 5 0 7 2
31 25 6 4 1 6 3 0 5 7 2
31 27 4 0 1 6 3 4 5 7 2
34 28 6 1 0 6 3 4 5 7 2
37 29 8 1 6 0 3 4 5 7 2
37 29 8 1 5 6 3 4 0 7 2
38 30 8 1 5 6 3 0 4 7 2
41 33 8 1 0 6 3 5 4 7 2
40 34 6 0 1 6 3 5 4 7 2
43 35 8 5 1 6 3 0 4 7 2
38 30 8 5 1 6 3 4 0 7 2
39 31 8 5 0 6 3 4 1 7 2
38 32 6 0 5 6 3 4 1 7 2
41 33 8 4 5 6 3 0 1 7 2
33 25 8 4 0 6 3 5 1 7 2
38 30 8 2 1 6 3 4 5 7 0
39 33 6 2 1 0 3 4 5 7 6
40 34 6 2 0 1 3 4 5 7 6
39 35 4 0 2 1 3 4 5 7 6
42 36 6 4 2 1 3 0 5 7 6
37 31 6 2 1 6 3 4 5 0 7
36 32 4 2 1 0 3 4 5 6 7
37 33 4 2 0 1 3 4 5 6 7
36 34 2 0 2 1 3 4 5 6 7
39 35 4 4 2 1 3 0 5 6 7
43 38 5 4 0 1 3 2 5 6 7
44 39 5 4 1 0 3 2 5 6 7
45 39 6 0 4 1 3 2 5 6 7
42 36 6 4 2 1 3 5 0 6 7
43 37 6 5 2 1 3 4 0 6 7
44 38 6 5 2 1 3 0 4 6 7
44 40 4 0 2 1 3 5 4 6 7
47 41 6 2 0 1 3 5 4 6 7
48 42 6 2 1 0 3 5 4 6 7
38 32 6 2 1 6 3 4 0 5 7
39 33 6 2 1 6 3 0 4 5 7
40 35 5 0 1 6 3 2 4 5 7
39 33 6 2 0 6 3 4 1 5 7
38 34 4 0 2 6 3 4 1 5 7
43 37 6 1 2 6 3 4 0 5 7
44 38 6 1 2 6 3 4 5 0 7
43 39 4 1 2 0 3 4 5 6 7
42 40 2 1 0 2 3 4 5 6 7
41 41 0 0 1 2 3 4 5 6 7
