0 0 0 0 3 1 6 7 8 2 5 4
11 1 10 3 0 1 6 7 8 2 5 4
12 1 11 6 3 1 0 7 8 2 5 4
13 2 11 1 3 0 6 7 8 2 5 4
14 3 11 1 0 3 6 7 8 2 5 4
14 4 10 0 1 3 6 7 8 2 5 4
14 2 12 3 1 0 6 7 8 2 5 4
15 2 13 6 3 1 7 0 8 2 5 4
16 3 13 6 0 1 7 3 8 2 5 4
15 4 11 0 6 1 7 3 8 2 5 4
20 7 13 3 6 1 7 0 8 2 5 4
19 8 11 3 6 1 0 7 8 2 5 4
20 8 12 3 0 1 7 6 8 2 5 4
19 9 10 0 3 1 7 6 8 2 5 4
24 11 13 1 3 0 7 6 8 2 5 4
26 14 12 1 3 6 7 0 8 2 5 4
25 15 10 1 3 6 0 7 8 2 5 4
27 15 12 1 0 6 7 3 8 2 5 4
27 16 11 0 1 6 7 3 8 2 5 4
32 19 13 3 1 6 7 0 8 2 5 4
30 20 10 3 0 6 7 1 8 2 5 4
29 21 8 0 3 6 7 1 8 2 5 4
31 20 11 3 1 6 0 7 8 2 5 4
34 22 12 7 3 6 0 1 8 2 5 4
35 23 12 7 3 6 1 0 8 2 5 4
36 24 12 7 0 6 1 3 8 2 5 4
35 25 10 0 7 6 1 3 8 2 5 4
40 28 12 3 7 6 1 0 8 2 5 4
37 29 8 3 0 6 1 7 8 2 5 4
36 30 6 0 3 6 1 7 8 2 5 4
42 32 10 6 3 0 1 7 8 2 5 4
43 33 10 6 0 3 1 7 8 2 5 4
42 34 8 0 6 3 1 7 8 2 5 4
40 30 10 3 6 0 1 7 8 2 5 4
45 33 12 3 6 7 1 0 8 2 5 4
45 34 11 3 0 7 1 6 8 2 5 4
44 35 9 0 3 7 1 6 8 2 5 4
46 34 12 3 6 7 0 1 8 2 5 4
47 35 12 1 6 3 0 7 8 2 5 4
47 35 12 6 3 7 1 0 8 2 5 4
48 36 12 6 3 7 0 1 8 2 5 4
48 36 12 6 0 7 1 3 8 2 5 4
47 37 10 0 6 7 1 3 8 2 5 4
45 33 12 4 3 6 1 7 8 2 5 0
42 34 8 4 3 6 1 7 0 2 5 8
41 35 6 4 3 6 1 0 7 2 5 8
42 36 6 4 3 6 0 1 7 2 5 8
42 36 6 4 0 6 1 3 7 2 5 8
41 37 4 0 4 6 1 3 7 2 5 8
46 40 6 3 4 6 1 0 7 2 5 8
43 41 2 3 0 6 1 4 7 2 5 8
42 42 0 0 3 6 1 4 7 2 5 8
