0 0 0 1 0 7 6 4 3 5 2
11.5 1 10.5 0 1 7 6 4 3 5 2
16.0 4 12.0 2 1 7 6 4 3 5 0
15 7 8 2 1 0 6 4 3 5 7
14 8 6 2 0 1 6 4 3 5 7
13 9 4 0 2 1 6 4 3 5 7
16.0 10 6.0 4 2 1 6 0 3 5 7
18.5 11 7.5 4 2 1 6 3 0 5 7
20.0 12 8.0 4 0 1 6 3 2 5 7
19.0 13 6.0 0 4 1 6 3 2 5 7
23.5 16 7.5 2 4 1 6 3 0 5 7
23.0 17 6.0 2 4 1 6 0 3 5 7
25 19 6 0 4 1 6 2 3 5 7
21 13 8 4 2 1 0 6 3 5 7
19 15 4 0 2 1 4 6 3 5 7
22 16 6 2 0 1 4 6 3 5 7
20 14 6 4 2 0 1 6 3 5 7
21 15 6 4 0 2 1 6 3 5 7
20 16 4 0 4 2 1 6 3 5 7
26.0 18 8.0 1 4 2 0 6 3 5 7
27.0 21 6.0 1 4 2 6 0 3 5 7
25 23 2 0 4 2 6 1 3 5 7
28 24 4 4 0 2 6 1 3 5 7
29 25 4 4 2 0 6 1 3 5 7
32 26 6 4 2 6 0 1 3 5 7
30 28 2 0 2 6 4 1 3 5 7
33 29 4 2 0 6 4 1 3 5 7
36 30 6 2 6 0 4 1 3 5 7
37 31 6 2 6 4 0 1 3 5 7
37 33 4 0 6 4 2 1 3 5 7
40 34 6 6 0 4 2 1 3 5 7
40.0 34 6.0 2 6 4 1 0 3 5 7
41 37 4 2 0 4 1 6 3 5 7
40 38 2 0 2 4 1 6 3 5 7
46.0 40 6.0 1 2 4 0 6 3 5 7
47.0 43 4.0 1 2 4 6 0 3 5 7
45 45 0 0 2 4 6 1 3 5 7
