0 0 0 0 8 6 7 5 4 1 2 3
23 3 20 3 8 6 7 5 4 1 2 0
22 6 16 3 8 6 7 0 4 1 2 5
19 7 12 3 0 6 7 8 4 1 2 5
18 8 10 0 3 6 7 8 4 1 2 5
24 10 14 1 3 6 7 8 4 0 2 5
22 11 11 1 3 6 0 8 4 7 2 5
25 13 12 1 3 6 7 0 4 8 2 5
24 14 10 1 3 6 0 7 4 8 2 5
26 14 12 1 3 6 7 4 0 8 2 5
27 15 12 1 3 0 7 4 6 8 2 5
26 17 9 0 3 1 7 4 6 8 2 5
29 18 11 3 0 1 7 4 6 8 2 5
28 16 12 1 0 3 7 4 6 8 2 5
28 17 11 0 1 3 7 4 6 8 2 5
26 14 12 1 0 6 7 3 4 8 2 5
26 15 11 0 1 6 7 3 4 8 2 5
31 18 13 3 1 6 7 0 4 8 2 5
29 19 10 3 0 6 7 1 4 8 2 5
28 20 8 0 3 6 7 1 4 8 2 5
30 19 11 3 1 6 0 7 4 8 2 5
34 22 12 6 3 0 7 1 4 8 2 5
35 23 12 6 0 3 7 1 4 8 2 5
34 24 10 0 6 3 7 1 4 8 2 5
33 21 12 7 3 6 0 1 4 8 2 5
34 22 12 7 3 6 1 0 4 8 2 5
35 23 12 7 3 6 1 4 0 8 2 5
36 24 12 7 3 0 1 4 6 8 2 5
34 26 8 0 3 7 1 4 6 8 2 5
37 27 10 3 0 7 1 4 6 8 2 5
40 28 12 3 7 0 1 4 6 8 2 5
40 30 10 0 7 3 1 4 6 8 2 5
41 29 12 3 7 6 1 4 0 8 2 5
42 30 12 3 7 6 1 0 4 8 2 5
39 31 8 3 0 6 1 7 4 8 2 5
38 32 6 0 3 6 1 7 4 8 2 5
44 34 10 6 3 0 1 7 4 8 2 5
45 35 10 6 0 3 1 7 4 8 2 5
44 36 8 0 6 3 1 7 4 8 2 5
42 32 10 3 6 0 1 7 4 8 2 5
47 35 12 3 6 7 1 0 4 8 2 5
47 36 11 3 0 7 1 6 4 8 2 5
46 37 9 0 3 7 1 6 4 8 2 5
39 27 12 1 3 7 0 4 6 8 2 5
43 31 12 3 7 6 0 1 4 8 2 5
37 25 12 7 0 3 1 4 6 8 2 5
48 36 12 3 6 7 1 4 0 8 2 5
45 37 8 3 6 0 1 4 7 8 2 5
45 39 6 0 6 3 1 4 7 8 2 5
44 38 6 3 0 6 1 4 7 8 2 5
43 39 4 0 3 6 1 4 7 8 2 5
49 41 8 6 3 0 1 4 7 8 2 5
48 40 8 1 3 6 0 4 7 8 2 5
48 40 8 6 0 3 1 4 7 8 2 5
51 41 10 1 3 6 4 0 7 8 2 5
52 42 10 1 0 6 4 3 7 8 2 5
52 43 9 0 1 6 4 3 7 8 2 5
52 42 10 4 3 6 1 0 7 8 2 5
53 43 10 4 3 6 0 1 7 8 2 5
53 43 10 4 0 6 1 3 7 8 2 5
52 44 8 0 4 6 1 3 7 8 2 5
49 39 10 3 4 6 1 0 7 8 2 5
50 40 10 3 4 6 0 1 7 8 2 5
50 40 10 1 6 3 0 4 7 8 2 5
57 46 11 3 1 6 4 0 7 8 2 5
55 47 8 3 0 6 4 1 7 8 2 5
54 48 6 0 3 6 4 1 7 8 2 5
56 47 9 3 1 6 0 4 7 8 2 5
60 50 10 6 3 0 4 1 7 8 2 5
61 51 10 6 0 3 4 1 7 8 2 5
60 52 8 0 6 3 4 1 7 8 2 5
58 48 10 3 6 0 4 1 7 8 2 5
62 51 11 3 6 1 4 0 7 8 2 5
61 52 9 3 6 1 0 4 7 8 2 5
62 52 10 3 0 1 4 6 7 8 2 5
61 53 8 0 3 1 4 6 7 8 2 5
66 55 11 1 3 0 4 6 7 8 2 5
67 56 11 1 0 3 4 6 7 8 2 5
67 57 10 0 1 3 4 6 7 8 2 5
64 53 11 6 3 1 4 0 7 8 2 5
63 54 9 6 3 1 0 4 7 8 2 5
65 54 11 6 0 1 4 3 7 8 2 5
64 55 9 0 6 1 4 3 7 8 2 5
51 40 11 3 6 4 1 0 7 8 2 5
51 41 10 3 0 4 1 6 7 8 2 5
50 42 8 0 3 4 1 6 7 8 2 5
55 44 11 4 3 0 1 6 7 8 2 5
56 45 11 4 0 3 1 6 7 8 2 5
55 46 9 0 4 3 1 6 7 8 2 5
53 42 11 3 4 0 1 6 7 8 2 5
52 41 11 3 6 4 0 1 7 8 2 5
55 44 11 6 3 4 1 0 7 8 2 5
56 45 11 6 3 4 0 1 7 8 2 5
56 45 11 6 0 4 1 3 7 8 2 5
55 46 9 0 6 4 1 3 7 8 2 5
65 53 12 4 6 3 0 1 7 8 2 5
56 44 12 4 6 0 1 3 7 8 2 5
57 45 12 1 4 6 0 3 7 8 2 5
53 41 12 1 6 3 4 0 7 8 2 5
55 43 12 4 3 6 1 7 0 8 2 5
56 44 12 4 3 0 1 7 6 8 2 5
55 46 9 0 3 4 1 7 6 8 2 5
58 47 11 3 0 4 1 7 6 8 2 5
60 48 12 3 4 0 1 7 6 8 2 5
60 50 10 0 4 3 1 7 6 8 2 5
55 43 12 1 3 4 0 6 7 8 2 5
56 44 12 1 3 4 6 0 7 8 2 5
57 45 12 1 0 4 6 3 7 8 2 5
57 46 11 0 1 4 6 3 7 8 2 5
65 53 12 3 1 0 4 6 7 8 2 5
58 46 12 6 4 0 1 3 7 8 2 5
52 40 12 3 4 6 1 7 0 8 2 5
49 37 12 1 6 3 0 7 4 8 2 5
66 54 12 4 3 1 0 6 7 8 2 5
67 55 12 4 3 1 6 0 7 8 2 5
68 56 12 4 0 1 6 3 7 8 2 5
67 57 10 0 4 1 6 3 7 8 2 5
72 60 12 3 4 1 6 0 7 8 2 5
69 61 8 3 0 1 6 4 7 8 2 5
68 62 6 0 3 1 6 4 7 8 2 5
73 64 9 1 3 0 6 4 7 8 2 5
74 65 9 1 0 3 6 4 7 8 2 5
74 66 8 0 1 3 6 4 7 8 2 5
72 62 10 3 1 0 6 4 7 8 2 5
78 67 11 6 1 3 0 4 7 8 2 5
35 23 12 7 0 6 1 3 4 8 2 5
34 24 10 0 7 6 1 3 4 8 2 5
49 37 12 6 3 7 1 0 4 8 2 5
50 38 12 6 3 7 0 1 4 8 2 5
50 38 12 6 0 7 1 3 4 8 2 5
49 39 10 0 6 7 1 3 4 8 2 5
53 41 12 1 3 6 8 4 7 0 2 5
51 43 8 0 3 6 8 4 7 1 2 5
54 44 10 3 0 6 8 4 7 1 2 5
57 45 12 3 6 0 8 4 7 1 2 5
57 47 10 0 6 3 8 4 7 1 2 5
60 48 12 6 0 3 8 4 7 1 2 5
57 45 12 6 3 0 8 4 7 1 2 5
56 44 12 8 3 6 0 4 7 1 2 5
53 41 12 8 3 6 1 4 7 0 2 5
54 42 12 8 3 6 1 4 7 2 0 5
55 43 12 8 3 6 1 4 7 2 5 0
46 46 0 0 3 6 1 4 7 2 5 8
