0 0 0 1 7 0 5 6 4 3 2
15 1 14 1 0 7 5 6 4 3 2
14 2 12 0 1 7 5 6 4 3 2
19 5 14 4 1 7 5 6 0 3 2
18 6 12 4 1 7 5 0 6 3 2
18 8 10 0 1 7 5 4 6 3 2
21 9 12 1 0 7 5 4 6 3 2
23 10 13 5 1 7 0 4 6 3 2
23 13 10 5 1 7 3 4 6 0 2
22 14 8 5 1 7 3 4 0 6 2
23 15 8 5 1 7 3 0 4 6 2
23 17 6 0 1 7 3 5 4 6 2
28 20 8 4 1 7 3 5 0 6 2
27 21 6 4 1 7 3 0 5 6 2
27 23 4 0 1 7 3 4 5 6 2
30 24 6 1 0 7 3 4 5 6 2
33 25 8 1 7 0 3 4 5 6 2
33 25 8 1 5 7 3 4 0 6 2
34 26 8 1 5 7 3 0 4 6 2
34 26 8 2 1 7 3 4 5 6 0
33 29 4 2 1 0 3 4 5 6 7
34 30 4 2 0 1 3 4 5 6 7
33 31 2 0 2 1 3 4 5 6 7
36 32 4 4 2 1 3 0 5 6 7
40 35 5 4 0 1 3 2 5 6 7
41 36 5 4 1 0 3 2 5 6 7
36 30 6 2 1 6 3 4 5 0 7
37 31 6 2 1 6 3 4 0 5 7
38 32 6 2 1 6 3 0 4 5 7
39 34 5 0 1 6 3 2 4 5 7
38 32 6 2 0 6 3 4 1 5 7
37 33 4 0 2 6 3 4 1 5 7
42 36 6 1 2 6 3 4 0 5 7
43 37 6 1 2 6 3 4 5 0 7
42 38 4 1 2 0 3 4 5 6 7
41 39 2 1 0 2 3 4 5 6 7
40 40 0 0 1 2 3 4 5 6 7
