0 0 0 7 0 5 6 3 2 1 4
11 1 10 0 7 5 6 3 2 1 4
16 4 12 2 7 5 6 3 0 1 4
15 5 10 2 7 5 6 0 3 1 4
18 8 10 2 0 5 6 7 3 1 4
17 9 8 0 2 5 6 7 3 1 4
20 10 10 7 2 5 6 0 3 1 4
15 5 10 2 0 5 6 3 7 1 4
14 6 8 0 2 5 6 3 7 1 4
17 7 10 3 2 5 6 0 7 1 4
18 7 11 0 7 5 6 2 3 1 4
17 5 12 2 7 5 6 3 1 0 4
16 6 10 2 7 0 6 3 1 5 4
15 7 8 2 0 7 6 3 1 5 4
14 8 6 0 2 7 6 3 1 5 4
19 11 8 1 2 7 6 3 0 5 4
18 12 6 1 2 7 6 0 3 5 4
18 14 4 0 2 7 6 1 3 5 4
21 15 6 2 0 7 6 1 3 5 4
24 16 8 2 7 0 6 1 3 5 4
24 16 8 2 3 7 6 1 0 5 4
25 17 8 2 3 7 6 0 1 5 4
25 17 8 4 2 7 6 1 3 5 0
24 20 4 4 2 0 6 1 3 5 7
25 21 4 4 0 2 6 1 3 5 7
24 22 2 0 4 2 6 1 3 5 7
27 23 4 1 4 2 6 0 3 5 7
31 26 5 1 0 2 6 4 3 5 7
32 27 5 1 2 0 6 4 3 5 7
33 27 6 0 1 2 6 4 3 5 7
27 21 6 4 2 5 6 1 3 0 7
28 22 6 4 2 5 6 1 0 3 7
29 23 6 4 2 5 6 0 1 3 7
30 25 5 0 2 5 6 4 1 3 7
29 23 6 4 0 5 6 1 2 3 7
28 24 4 0 4 5 6 1 2 3 7
33 27 6 2 4 5 6 1 0 3 7
34 28 6 2 4 5 6 1 3 0 7
33 29 4 2 4 0 6 1 3 5 7
32 30 2 2 0 4 6 1 3 5 7
31 31 0 0 2 4 6 1 3 5 7
