0 0 0 8 5 3 2 0 6 7 1 4
20 1 19 8 0 3 2 5 6 7 1 4
19 2 17 0 8 3 2 5 6 7 1 4
24 4 20 3 8 0 2 5 6 7 1 4
23 5 18 3 0 8 2 5 6 7 1 4
23 6 17 0 3 8 2 5 6 7 1 4
27 7 20 2 3 8 0 5 6 7 1 4
23 3 20 2 8 3 0 5 6 7 1 4
23 2 21 8 3 0 2 5 6 7 1 4
24 3 21 8 3 6 2 5 0 7 1 4
24 4 20 8 3 6 2 0 5 7 1 4
24 5 19 8 3 6 0 2 5 7 1 4
25 5 20 8 3 6 2 1 5 7 0 4
26 6 20 8 3 6 2 1 5 7 4 0
17 9 8 0 3 6 2 1 5 7 4 8
20 10 10 3 0 6 2 1 5 7 4 8
23 11 12 3 6 0 2 1 5 7 4 8
23 13 10 0 6 3 2 1 5 7 4 8
26 14 12 6 0 3 2 1 5 7 4 8
27 15 12 6 1 3 2 0 5 7 4 8
28 16 12 6 1 3 0 2 5 7 4 8
28 16 12 6 1 3 2 4 5 7 0 8
27 17 10 6 1 3 2 4 5 0 7 8
21 19 2 0 1 3 2 4 5 6 7 8
24 20 4 1 0 3 2 4 5 6 7 8
26 21 5 3 1 0 2 4 5 6 7 8
27 22 5 3 0 1 2 4 5 6 7 8
27 23 4 0 3 1 2 4 5 6 7 8
25 20 5 2 1 3 0 4 5 6 7 8
27 21 6 1 3 0 2 4 5 6 7 8
28 21 7 2 1 3 4 0 5 6 7 8
29 22 7 2 0 3 4 1 5 6 7 8
28 23 5 0 2 3 4 1 5 6 7 8
33 26 7 1 2 3 4 0 5 6 7 8
32 27 5 1 2 3 0 4 5 6 7 8
33 27 6 1 0 3 4 2 5 6 7 8
32 28 4 0 1 3 4 2 5 6 7 8
37 30 7 3 1 0 4 2 5 6 7 8
39 33 6 3 1 2 4 0 5 6 7 8
38 34 4 3 1 2 0 4 5 6 7 8
40 34 6 3 0 2 4 1 5 6 7 8
40 35 5 0 3 2 4 1 5 6 7 8
45 38 7 1 3 2 4 0 5 6 7 8
43 39 4 1 0 2 4 3 5 6 7 8
42 40 2 0 1 2 4 3 5 6 7 8
44 39 5 1 3 2 0 4 5 6 7 8
47 41 6 4 1 2 0 3 5 6 7 8
48 42 6 4 1 2 3 0 5 6 7 8
49 43 6 4 0 2 3 1 5 6 7 8
48 44 4 0 4 2 3 1 5 6 7 8
53 47 6 1 4 2 3 0 5 6 7 8
50 48 2 1 0 2 3 4 5 6 7 8
49 49 0 0 1 2 3 4 5 6 7 8
