0 0 0 1 5 0 4 2 6 3 7
12.0 1 11.0 1 5 3 4 2 6 0 7
11.5 2 9.5 1 5 3 4 2 0 6 7
9 3 6 1 0 3 4 2 5 6 7
8 4 4 0 1 3 4 2 5 6 7
11.0 5 6.0 2 1 3 4 0 5 6 7
14 8 6 2 1 3 0 4 5 6 7
12 10 2 0 1 3 2 4 5 6 7
15 11 4 1 0 3 2 4 5 6 7
13 9 4 2 1 0 3 4 5 6 7
14 10 4 2 0 1 3 4 5 6 7
13 11 2 0 2 1 3 4 5 6 7
18.0 12 6.0 4 2 1 3 0 5 6 7
21.0 15 6.0 4 0 1 3 2 5 6 7
22.0 16 6.0 4 1 0 3 2 5 6 7
22 16 6 0 4 1 3 2 5 6 7
18 12 6 1 3 0 2 4 5 6 7
19 13 6 1 3 2 0 4 5 6 7
19 15 4 0 3 2 1 4 5 6 7
22 16 6 3 0 2 1 4 5 6 7
22.0 16 6.0 1 3 2 4 0 5 6 7
23 19 4 1 0 2 4 3 5 6 7
22 20 2 0 1 2 4 3 5 6 7
28.0 22 6.0 4 1 2 0 3 5 6 7
29.0 25 4.0 4 1 2 3 0 5 6 7
27 27 0 0 1 2 3 4 5 6 7
