0 0 0 4 7 2 1 0 6 5 3
10 2 8 0 7 2 1 4 6 5 3
14 4 10 1 7 2 0 4 6 5 3
16 7 9 1 7 2 4 0 6 5 3
19 10 9 1 0 2 4 7 6 5 3
18 11 7 0 1 2 4 7 6 5 3
21 12 9 7 1 2 4 0 6 5 3
18 9 9 0 7 2 4 1 6 5 3
25 15 10 7 1 2 0 4 6 5 3
21 17 4 0 1 2 7 4 6 5 3
24 18 6 1 0 2 7 4 6 5 3
24 18 6 4 1 2 7 0 6 5 3
27 19 8 4 1 2 7 6 0 5 3
28 20 8 4 1 2 7 6 5 0 3
29 21 8 4 1 0 7 6 5 2 3
30 22 8 4 0 1 7 6 5 2 3
28 20 8 4 0 2 7 6 1 5 3
28 21 7 0 4 2 7 6 1 5 3
27 19 8 1 2 0 7 4 6 5 3
27 19 8 1 6 2 7 4 0 5 3
28 20 8 1 6 2 7 4 5 0 3
29 21 8 1 6 0 7 4 5 2 3
28 22 6 1 0 6 7 4 5 2 3
27 23 4 0 1 6 7 4 5 2 3
30 24 6 4 1 6 7 0 5 2 3
33 25 8 4 1 6 7 5 0 2 3
34 26 8 4 0 6 7 5 1 2 3
28 20 8 6 1 2 7 4 0 5 3
29 21 8 6 1 2 7 4 5 0 3
30 22 8 6 1 0 7 4 5 2 3
31 23 8 6 0 1 7 4 5 2 3
30 24 6 0 6 1 7 4 5 2 3
33 25 8 4 6 1 7 0 5 2 3
34 26 8 5 1 6 7 4 0 2 3
35 27 8 5 1 6 7 0 4 2 3
35 29 6 0 1 6 7 5 4 2 3
38 30 8 1 0 6 7 5 4 2 3
35 27 8 5 0 6 7 4 1 2 3
34 28 6 0 5 6 7 4 1 2 3
37 29 8 4 5 6 7 0 1 2 3
31 23 8 1 5 6 7 4 0 2 3
32 24 8 1 5 6 7 0 4 2 3
28 20 8 1 6 2 7 0 4 5 3
31 23 8 1 0 2 7 6 4 5 3
30 24 6 0 1 2 7 6 4 5 3
29 21 8 6 1 2 7 0 4 5 3
29 21 8 6 0 2 7 4 1 5 3
28 22 6 0 6 2 7 4 1 5 3
31 23 8 4 6 2 7 0 1 5 3
30 21 9 4 0 2 7 1 6 5 3
29 22 7 0 4 2 7 1 6 5 3
32 23 9 1 4 2 7 0 6 5 3
31 22 9 4 2 0 7 1 6 5 3
32 23 9 0 4 1 7 6 5 2 3
35 26 9 0 5 6 7 1 4 2 3
33 24 9 1 4 2 7 6 0 5 3
31 22 9 0 6 2 7 1 4 5 3
30 21 9 4 2 0 7 6 1 5 3
29 20 9 4 1 2 7 3 6 5 0
30 23 7 0 1 2 7 3 6 5 4
28 21 7 4 1 2 0 3 6 5 7
28 24 4 4 1 2 3 0 6 5 7
28 26 2 0 1 2 3 4 6 5 7
31 27 4 1 0 2 3 4 6 5 7
27 23 4 0 1 2 4 3 6 5 7
30 24 6 1 0 2 4 3 6 5 7
34 28 6 1 2 0 3 4 6 5 7
34 28 6 1 6 2 3 4 0 5 7
35 29 6 1 6 2 3 4 5 0 7
36 30 6 1 6 0 3 4 5 2 7
35 31 4 1 0 6 3 4 5 2 7
34 32 2 0 1 6 3 4 5 2 7
37 33 4 4 1 6 3 0 5 2 7
40 34 6 4 1 6 3 5 0 2 7
41 35 6 4 0 6 3 5 1 2 7
41 35 6 5 1 6 3 4 0 2 7
42 36 6 5 1 6 3 0 4 2 7
42 38 4 0 1 6 3 5 4 2 7
45 39 6 1 0 6 3 5 4 2 7
42 36 6 5 0 6 3 4 1 2 7
41 37 4 0 5 6 3 4 1 2 7
44 38 6 4 5 6 3 0 1 2 7
38 32 6 1 5 6 3 4 0 2 7
39 33 6 1 5 6 3 0 4 2 7
35 29 6 1 6 2 3 0 4 5 7
38 32 6 1 0 2 3 6 4 5 7
37 33 4 0 1 2 3 6 4 5 7
40 34 6 6 1 2 3 0 4 5 7
35 29 6 6 1 2 3 4 0 5 7
36 30 6 6 1 2 3 4 5 0 7
37 31 6 6 1 0 3 4 5 2 7
38 32 6 6 0 1 3 4 5 2 7
37 33 4 0 6 1 3 4 5 2 7
40 34 6 4 6 1 3 0 5 2 7
43 37 6 4 0 1 3 6 5 2 7
44 38 6 4 1 0 3 6 5 2 7
45 39 6 4 1 2 3 6 5 0 7
36 30 6 6 0 2 3 4 1 5 7
35 31 4 0 6 2 3 4 1 5 7
38 32 6 4 6 2 3 0 1 5 7
41 35 6 4 0 2 3 6 1 5 7
42 36 6 0 4 2 3 6 1 5 7
31 25 6 4 1 2 3 6 0 5 7
43 36 7 4 0 6 3 1 5 2 7
44 37 7 0 4 6 3 1 5 2 7
45 38 7 1 4 6 3 0 5 2 7
43 36 7 0 4 6 3 5 1 2 7
38 31 7 0 6 2 3 1 4 5 7
45 38 7 0 4 1 3 6 5 2 7
43 36 7 4 1 6 0 3 5 2 7
42 38 4 0 1 6 4 3 5 2 7
45 39 6 1 0 6 4 3 5 2 7
46 39 7 3 1 6 4 0 5 2 7
46 39 7 4 1 6 2 3 5 0 7
45 40 5 4 1 0 2 3 5 6 7
46 41 5 4 1 2 0 3 5 6 7
46 44 2 4 1 2 3 0 5 6 7
46 46 0 0 1 2 3 4 5 6 7
