0 0 0 1 7 4 0 2 3 6 5 8
16 1 15 1 7 4 2 0 3 6 5 8
13 2 11 1 0 4 2 7 3 6 5 8
12 3 9 0 1 4 2 7 3 6 5 8
17 5 12 4 1 0 2 7 3 6 5 8
18 6 12 4 0 1 2 7 3 6 5 8
17 7 10 0 4 1 2 7 3 6 5 8
15 3 12 1 4 0 2 7 3 6 5 8
16 4 12 2 1 4 0 7 3 6 5 8
17 4 13 1 4 3 2 7 0 6 5 8
17 5 12 1 4 3 2 0 7 6 5 8
14 6 8 1 0 3 2 4 7 6 5 8
13 7 6 0 1 3 2 4 7 6 5 8
18 9 9 3 1 0 2 4 7 6 5 8
18 10 8 3 0 1 2 4 7 6 5 8
17 11 6 0 3 1 2 4 7 6 5 8
22 13 9 6 3 1 2 4 7 0 5 8
19 14 5 6 3 1 0 4 7 2 5 8
22 15 7 6 3 1 4 0 7 2 5 8
23 16 7 6 0 1 4 3 7 2 5 8
22 17 5 0 6 1 4 3 7 2 5 8
27 20 7 3 6 1 4 0 7 2 5 8
26 21 5 3 6 1 0 4 7 2 5 8
27 21 6 3 0 1 4 6 7 2 5 8
26 22 4 0 3 1 4 6 7 2 5 8
31 24 7 1 3 0 4 6 7 2 5 8
33 27 6 1 3 6 4 0 7 2 5 8
32 28 4 1 3 6 0 4 7 2 5 8
34 28 6 1 0 6 4 3 7 2 5 8
34 29 5 0 1 6 4 3 7 2 5 8
39 32 7 3 1 6 4 0 7 2 5 8
37 33 4 3 0 6 4 1 7 2 5 8
36 34 2 0 3 6 4 1 7 2 5 8
38 33 5 3 1 6 0 4 7 2 5 8
42 36 6 6 3 0 4 1 7 2 5 8
43 37 6 6 0 3 4 1 7 2 5 8
42 38 4 0 6 3 4 1 7 2 5 8
41 35 6 4 3 6 0 1 7 2 5 8
42 36 6 4 3 6 1 0 7 2 5 8
43 37 6 4 0 6 1 3 7 2 5 8
42 38 4 0 4 6 1 3 7 2 5 8
47 41 6 3 4 6 1 0 7 2 5 8
44 42 2 3 0 6 1 4 7 2 5 8
43 43 0 0 3 6 1 4 7 2 5 8
