0 0 0 4 3 5 2 1 7 6 0
14 3 11 0 3 5 2 1 7 6 4
13 1 12 4 3 5 2 1 7 0 6
12 2 10 4 3 5 2 1 0 7 6
11 3 8 4 0 5 2 1 3 7 6
10 4 6 0 4 5 2 1 3 7 6
14 6 8 2 4 5 0 1 3 7 6
16 9 7 2 4 5 1 0 3 7 6
20 12 8 2 0 5 1 4 3 7 6
19 13 6 0 2 5 1 4 3 7 6
21 14 7 4 2 5 1 0 3 7 6
25 17 8 4 2 5 0 1 3 7 6
23 19 4 0 2 5 4 1 3 7 6
26 20 6 2 0 5 4 1 3 7 6
26 20 6 1 2 5 4 0 3 7 6
29 21 8 1 2 5 4 3 0 7 6
30 22 8 1 0 5 4 3 2 7 6
29 21 8 2 5 0 4 1 3 7 6
30 22 8 2 5 4 0 1 3 7 6
30 24 6 0 5 4 2 1 3 7 6
32 25 7 2 5 4 1 0 3 7 6
35 28 7 2 0 4 1 5 3 7 6
34 29 5 0 2 4 1 5 3 7 6
37 30 7 5 2 4 1 0 3 7 6
41 33 8 5 2 4 0 1 3 7 6
40 35 5 0 2 4 5 1 3 7 6
43 36 7 2 0 4 5 1 3 7 6
43 36 7 1 2 4 5 0 3 7 6
30 22 8 3 2 5 4 1 0 7 6
31 23 8 3 2 5 4 0 1 7 6
31 25 6 0 2 5 4 3 1 7 6
34 26 8 2 0 5 4 3 1 7 6
31 23 8 3 0 5 4 1 2 7 6
30 24 6 0 3 5 4 1 2 7 6
33 25 8 1 3 5 4 0 2 7 6
33 25 8 2 5 4 7 1 3 0 6
34 26 8 2 5 4 7 1 0 3 6
33 27 6 2 0 4 7 1 5 3 6
32 28 4 0 2 4 7 1 5 3 6
35 29 6 1 2 4 7 0 5 3 6
38 30 8 1 2 4 7 5 0 3 6
39 31 8 1 2 4 7 5 3 0 6
40 32 8 1 2 0 7 5 3 4 6
41 33 8 1 0 2 7 5 3 4 6
41 34 7 0 1 2 7 5 3 4 6
39 31 8 1 0 4 7 5 2 3 6
39 31 8 5 2 4 7 1 0 3 6
40 32 8 5 2 4 7 0 1 3 6
40 34 6 0 2 4 7 5 1 3 6
43 35 8 2 0 4 7 5 1 3 6
35 27 8 0 5 4 1 2 3 7 6
36 28 8 2 4 0 7 1 5 3 6
35 27 8 2 5 4 7 0 1 3 6
40 32 8 5 0 4 7 1 2 3 6
39 33 6 0 5 4 7 1 2 3 6
42 34 8 1 5 4 7 0 2 3 6
13 5 8 1 4 5 2 0 3 7 6
19 11 8 0 4 5 1 2 3 7 6
34 26 8 2 5 0 7 1 3 4 6
33 27 6 2 0 5 7 1 3 4 6
32 28 4 0 2 5 7 1 3 4 6
35 29 6 1 2 5 7 0 3 4 6
38 30 8 1 2 5 7 3 0 4 6
39 31 8 1 0 5 7 3 2 4 6
42 34 8 5 2 4 6 1 3 7 0
39 37 2 0 2 4 6 1 3 7 5
42 38 4 2 0 4 6 1 3 7 5
42 38 4 1 2 4 6 0 3 7 5
45 39 6 1 2 4 6 3 0 7 5
46 40 6 1 0 4 6 3 2 7 5
45 39 6 2 4 0 6 1 3 7 5
45 39 6 2 3 4 6 1 0 7 5
46 40 6 2 3 4 6 0 1 7 5
49 43 6 2 0 4 6 3 1 7 5
48 44 4 0 2 4 6 3 1 7 5
51 45 6 3 2 4 6 0 1 7 5
46 40 6 3 2 4 6 1 0 7 5
47 41 6 3 0 4 6 1 2 7 5
46 42 4 0 3 4 6 1 2 7 5
49 43 6 1 3 4 6 0 2 7 5
41 35 6 5 2 4 6 1 3 0 7
42 36 6 5 2 4 6 1 0 3 7
43 37 6 5 2 4 6 0 1 3 7
43 39 4 0 2 4 6 5 1 3 7
48 42 6 1 2 4 6 5 0 3 7
47 43 4 1 2 4 6 0 5 3 7
47 45 2 0 2 4 6 1 5 3 7
50 46 4 2 0 4 6 1 5 3 7
53 47 6 2 4 0 6 1 5 3 7
53 47 6 2 5 4 6 1 0 3 7
54 48 6 2 5 4 6 1 3 0 7
55 49 6 2 5 0 6 1 3 4 7
54 50 4 2 0 5 6 1 3 4 7
53 51 2 0 2 5 6 1 3 4 7
56 52 4 1 2 5 6 0 3 4 7
59 53 6 1 2 5 6 3 0 4 7
60 54 6 1 0 5 6 3 2 4 7
60 54 6 3 2 5 6 1 0 4 7
61 55 6 3 2 5 6 0 1 4 7
61 57 4 0 2 5 6 3 1 4 7
64 58 6 2 0 5 6 3 1 4 7
61 55 6 3 0 5 6 1 2 4 7
60 56 4 0 3 5 6 1 2 4 7
63 57 6 1 3 5 6 0 2 4 7
54 48 6 2 5 4 6 0 1 3 7
49 43 6 1 2 4 6 5 3 0 7
50 44 6 1 2 0 6 5 3 4 7
51 45 6 1 0 2 6 5 3 4 7
49 43 6 1 0 4 6 5 2 3 7
46 40 6 2 0 4 6 5 1 3 7
43 37 6 5 0 4 6 1 2 3 7
42 38 4 0 5 4 6 1 2 3 7
45 39 6 1 5 4 6 0 2 3 7
42 36 6 5 2 0 6 1 3 4 7
43 37 6 5 0 2 6 1 3 4 7
42 38 4 0 5 2 6 1 3 4 7
45 39 6 1 5 2 6 0 3 4 7
57 51 6 2 3 5 6 1 0 4 7
58 52 6 2 3 5 6 0 1 4 7
61 54 7 0 3 5 6 2 1 4 7
49 42 7 0 3 4 6 2 1 7 5
48 41 7 0 1 4 6 3 2 7 5
53 46 7 1 2 4 0 6 5 3 7
52 48 4 0 2 4 1 6 5 3 7
55 49 6 2 0 4 1 6 5 3 7
62 55 7 1 2 5 0 6 3 4 7
61 57 4 0 2 5 1 6 3 4 7
64 58 6 2 0 5 1 6 3 4 7
65 58 7 6 2 5 1 0 3 4 7
48 41 7 1 0 4 6 2 3 7 5
51 44 7 0 1 4 6 5 2 3 7
48 41 7 1 2 4 0 6 3 7 5
47 43 4 0 2 4 1 6 3 7 5
50 44 6 2 0 4 1 6 3 7 5
51 44 7 6 2 4 1 0 3 7 5
51 44 7 1 2 4 7 6 3 0 5
52 45 7 1 2 4 7 6 3 5 0
51 47 4 1 2 4 7 0 3 5 6
51 49 2 0 2 4 7 1 3 5 6
54 50 4 2 0 4 7 1 3 5 6
53 48 5 0 2 4 7 6 3 5 1
51 46 5 1 2 4 0 6 3 5 7
51 49 2 1 2 4 6 0 3 5 7
51 51 0 0 2 4 6 1 3 5 7
