0 0 0 7 6 4 8 5 2 1 3 0
21 3 18 0 6 4 8 5 2 1 3 7
24 4 20 6 0 4 8 5 2 1 3 7
26 5 21 6 4 0 8 5 2 1 3 7
24 7 17 0 4 6 8 5 2 1 3 7
27 8 19 4 0 6 8 5 2 1 3 7
30 9 21 1 4 6 8 5 2 0 3 7
28 12 16 1 4 0 8 5 2 6 3 7
28 14 14 0 4 1 8 5 2 6 3 7
28 13 15 1 0 4 8 5 2 6 3 7
27 14 13 0 1 4 8 5 2 6 3 7
32 16 16 4 1 0 8 5 2 6 3 7
33 17 16 4 1 2 8 5 0 6 3 7
32 18 14 4 1 2 8 0 5 6 3 7
31 19 12 4 1 2 0 8 5 6 3 7
33 19 14 4 1 2 8 3 5 6 0 7
34 20 14 4 1 2 8 3 5 6 7 0
31 23 8 0 1 2 8 3 5 6 7 4
34 24 10 1 0 2 8 3 5 6 7 4
37 25 12 1 2 0 8 3 5 6 7 4
37 27 10 0 2 1 8 3 5 6 7 4
40 28 12 2 0 1 8 3 5 6 7 4
36 24 12 8 1 2 0 3 5 6 7 4
37 25 12 8 1 2 3 0 5 6 7 4
38 26 12 8 0 2 3 1 5 6 7 4
37 27 10 0 8 2 3 1 5 6 7 4
42 30 12 1 8 2 3 0 5 6 7 4
39 31 8 1 0 2 3 8 5 6 7 4
38 32 6 0 1 2 3 8 5 6 7 4
44 34 10 2 1 0 3 8 5 6 7 4
45 35 10 2 0 1 3 8 5 6 7 4
44 36 8 0 2 1 3 8 5 6 7 4
43 33 10 3 1 2 0 8 5 6 7 4
42 32 10 1 2 0 3 8 5 6 7 4
47 35 12 1 2 8 3 0 5 6 7 4
47 36 11 1 0 8 3 2 5 6 7 4
46 37 9 0 1 8 3 2 5 6 7 4
48 36 12 1 2 8 0 3 5 6 7 4
37 25 12 2 1 0 8 3 5 6 7 4
47 35 12 4 1 2 3 8 5 6 7 0
44 38 6 4 1 2 3 0 5 6 7 8
45 39 6 4 1 2 0 3 5 6 7 8
45 39 6 4 0 2 3 1 5 6 7 8
44 40 4 0 4 2 3 1 5 6 7 8
49 43 6 1 4 2 3 0 5 6 7 8
46 44 2 1 0 2 3 4 5 6 7 8
45 45 0 0 1 2 3 4 5 6 7 8
