0 0 0 6 0 3 1 4 5 2 7 8
7 1 6 0 6 3 1 4 5 2 7 8
11 3 8 3 6 0 1 4 5 2 7 8
10 4 6 3 0 6 1 4 5 2 7 8
9 5 4 0 3 6 1 4 5 2 7 8
14 6 8 1 3 6 0 4 5 2 7 8
9 1 8 6 3 0 1 4 5 2 7 8
17 7 10 1 3 6 4 0 5 2 7 8
18 8 10 1 0 6 4 3 5 2 7 8
17 9 8 0 1 6 4 3 5 2 7 8
15 5 10 3 4 6 1 0 5 2 7 8
16 6 10 3 4 6 0 1 5 2 7 8
12 2 10 1 6 3 0 4 5 2 7 8
18 8 10 4 3 6 1 0 5 2 7 8
19 9 10 4 3 6 0 1 5 2 7 8
19 9 10 4 0 6 1 3 5 2 7 8
18 10 8 0 4 6 1 3 5 2 7 8
20 9 11 4 3 6 1 5 0 2 7 8
21 10 11 4 3 0 1 5 6 2 7 8
20 12 8 0 3 4 1 5 6 2 7 8
23 13 10 3 0 4 1 5 6 2 7 8
25 14 11 3 4 0 1 5 6 2 7 8
25 16 9 0 4 3 1 5 6 2 7 8
28 17 11 1 4 3 0 5 6 2 7 8
29 18 11 1 4 3 2 5 6 0 7 8
31 21 10 1 4 3 2 0 6 5 7 8
28 22 6 1 0 3 2 4 6 5 7 8
27 23 4 0 1 3 2 4 6 5 7 8
32 25 7 3 1 0 2 4 6 5 7 8
33 26 7 3 0 1 2 4 6 5 7 8
33 27 6 0 3 1 2 4 6 5 7 8
31 24 7 2 1 3 0 4 6 5 7 8
31 23 8 1 3 0 2 4 6 5 7 8
34 25 9 2 1 3 4 0 6 5 7 8
35 26 9 2 0 3 4 1 6 5 7 8
34 27 7 0 2 3 4 1 6 5 7 8
39 30 9 1 2 3 4 0 6 5 7 8
38 31 7 1 2 3 0 4 6 5 7 8
39 31 8 1 0 3 4 2 6 5 7 8
38 32 6 0 1 3 4 2 6 5 7 8
43 34 9 3 1 0 4 2 6 5 7 8
45 37 8 3 1 2 4 0 6 5 7 8
44 38 6 3 1 2 0 4 6 5 7 8
46 38 8 3 0 2 4 1 6 5 7 8
46 39 7 0 3 2 4 1 6 5 7 8
51 42 9 1 3 2 4 0 6 5 7 8
49 43 6 1 0 2 4 3 6 5 7 8
48 44 4 0 1 2 4 3 6 5 7 8
50 43 7 1 3 2 0 4 6 5 7 8
54 46 8 2 1 0 4 3 6 5 7 8
55 47 8 2 0 1 4 3 6 5 7 8
54 48 6 0 2 1 4 3 6 5 7 8
53 45 8 4 1 2 0 3 6 5 7 8
54 46 8 4 1 2 3 0 6 5 7 8
55 47 8 4 0 2 3 1 6 5 7 8
54 48 6 0 4 2 3 1 6 5 7 8
59 51 8 1 4 2 3 0 6 5 7 8
56 52 4 1 0 2 3 4 6 5 7 8
55 53 2 0 1 2 3 4 6 5 7 8
61 55 6 2 1 0 3 4 6 5 7 8
62 56 6 2 0 1 3 4 6 5 7 8
61 57 4 0 2 1 3 4 6 5 7 8
59 53 6 1 2 0 3 4 6 5 7 8
66 58 8 3 2 1 0 4 6 5 7 8
60 52 8 1 4 2 0 3 6 5 7 8
52 44 8 1 2 0 4 3 6 5 7 8
65 56 9 1 2 4 3 0 6 5 7 8
65 57 8 1 0 4 3 2 6 5 7 8
64 58 6 0 1 4 3 2 6 5 7 8
69 60 9 4 1 0 3 2 6 5 7 8
70 61 9 4 0 1 3 2 6 5 7 8
69 62 7 0 4 1 3 2 6 5 7 8
67 58 9 1 4 0 3 2 6 5 7 8
66 57 9 1 2 4 0 3 6 5 7 8
64 55 9 5 1 2 3 4 6 0 7 8
65 56 9 5 1 2 0 4 6 3 7 8
67 58 9 2 1 4 3 0 6 5 7 8
68 59 9 2 1 4 0 3 6 5 7 8
68 59 9 2 0 4 3 1 6 5 7 8
67 60 7 0 2 4 3 1 6 5 7 8
67 58 9 2 1 5 3 4 6 0 7 8
66 60 6 0 1 5 3 4 6 2 7 8
69 61 8 1 0 5 3 4 6 2 7 8
68 59 9 2 1 5 0 4 6 3 7 8
65 56 9 1 2 5 3 4 6 0 7 8
66 58 8 0 2 5 3 4 6 1 7 8
66 57 9 1 2 5 0 4 6 3 7 8
48 39 9 3 1 2 5 4 6 0 7 8
46 41 5 0 1 2 5 4 6 3 7 8
49 42 7 1 0 2 5 4 6 3 7 8
52 43 9 1 2 0 5 4 6 3 7 8
52 45 7 0 2 1 5 4 6 3 7 8
55 46 9 2 0 1 5 4 6 3 7 8
44 35 9 3 0 1 4 2 6 5 7 8
44 36 8 0 3 1 4 2 6 5 7 8
52 43 9 2 1 0 5 4 6 3 7 8
37 28 9 2 3 1 0 4 6 5 7 8
64 54 10 1 2 6 3 4 0 5 7 8
65 55 10 1 2 6 3 0 4 5 7 8
65 56 9 1 0 6 3 2 4 5 7 8
64 57 7 0 1 6 3 2 4 5 7 8
70 60 10 2 1 6 3 0 4 5 7 8
71 61 10 2 1 6 0 3 4 5 7 8
38 28 10 3 1 5 2 4 6 0 7 8
36 30 6 0 1 5 2 4 6 3 7 8
39 31 8 1 0 5 2 4 6 3 7 8
42 32 10 1 5 0 2 4 6 3 7 8
42 34 8 0 5 1 2 4 6 3 7 8
45 35 10 5 0 1 2 4 6 3 7 8
69 59 10 1 2 5 3 0 6 4 7 8
69 60 9 1 0 5 3 2 6 4 7 8
68 61 7 0 1 5 3 2 6 4 7 8
69 59 10 2 0 5 3 4 6 1 7 8
43 33 10 4 1 3 0 2 6 5 7 8
66 56 10 2 1 6 3 4 0 5 7 8
70 60 10 4 2 1 3 0 6 5 7 8
42 32 10 1 2 3 5 4 6 0 7 8
43 34 9 0 2 3 5 4 6 1 7 8
35 25 10 2 1 3 5 4 6 0 7 8
34 27 7 0 1 3 5 4 6 2 7 8
37 28 9 1 0 3 5 4 6 2 7 8
52 42 10 3 1 2 5 0 6 4 7 8
51 43 8 3 1 2 0 5 6 4 7 8
53 44 9 3 1 2 4 5 6 0 7 8
51 46 5 0 1 2 4 5 6 3 7 8
54 47 7 1 0 2 4 5 6 3 7 8
57 48 9 1 2 0 4 5 6 3 7 8
57 50 7 0 2 1 4 5 6 3 7 8
60 51 9 2 0 1 4 5 6 3 7 8
57 48 9 2 1 0 4 5 6 3 7 8
56 47 9 4 1 2 0 5 6 3 7 8
57 48 9 4 1 2 3 5 6 0 7 8
54 50 4 0 1 2 3 5 6 4 7 8
57 51 6 1 0 2 3 5 6 4 7 8
60 52 8 1 2 0 3 5 6 4 7 8
60 54 6 0 2 1 3 5 6 4 7 8
63 55 8 2 0 1 3 5 6 4 7 8
60 52 8 2 1 0 3 5 6 4 7 8
65 55 10 2 1 4 3 5 6 0 7 8
64 57 7 0 1 4 3 5 6 2 7 8
67 58 9 1 0 4 3 5 6 2 7 8
69 59 10 1 4 0 3 5 6 2 7 8
69 61 8 0 4 1 3 5 6 2 7 8
71 62 9 1 4 2 3 5 6 0 7 8
72 64 8 0 4 2 3 5 6 1 7 8
72 63 9 1 4 2 0 5 6 3 7 8
75 65 10 4 0 2 3 5 6 1 7 8
72 62 10 4 0 1 3 5 6 2 7 8
62 52 10 1 5 2 3 0 6 4 7 8
63 53 10 1 5 2 0 3 6 4 7 8
61 51 10 2 1 3 4 5 6 0 7 8
60 53 7 0 1 3 4 5 6 2 7 8
63 54 9 1 0 3 4 5 6 2 7 8
61 52 9 2 1 3 0 5 6 4 7 8
61 51 10 4 1 0 3 5 6 2 7 8
66 56 10 2 1 4 0 5 6 3 7 8
65 55 10 1 2 4 3 5 6 0 7 8
66 57 9 0 2 4 3 5 6 1 7 8
66 56 10 1 2 4 0 5 6 3 7 8
61 51 10 1 2 3 4 5 6 0 7 8
62 53 9 0 2 3 4 5 6 1 7 8
61 52 9 1 2 3 0 5 6 4 7 8
65 55 10 3 2 1 0 5 6 4 7 8
69 59 10 3 1 4 0 2 6 5 7 8
68 58 10 5 1 0 3 4 6 2 7 8
69 59 10 5 0 1 3 4 6 2 7 8
68 60 8 0 5 1 3 4 6 2 7 8
39 29 10 3 2 0 4 1 6 5 7 8
71 61 10 2 0 6 3 1 4 5 7 8
70 62 8 0 2 6 3 1 4 5 7 8
54 44 10 1 3 2 5 4 6 0 7 8
55 46 9 0 3 2 5 4 6 1 7 8
57 47 10 3 0 2 5 4 6 1 7 8
65 55 10 2 1 5 3 0 6 4 7 8
66 56 10 2 1 5 0 3 6 4 7 8
66 56 10 2 0 5 3 1 6 4 7 8
65 57 8 0 2 5 3 1 6 4 7 8
69 59 10 6 1 0 3 2 4 5 7 8
71 62 9 6 1 2 3 0 4 5 7 8
72 63 9 6 1 2 3 4 0 5 7 8
73 64 9 6 1 0 3 4 2 5 7 8
72 66 6 0 1 6 3 4 2 5 7 8
75 67 8 1 0 6 3 4 2 5 7 8
76 67 9 3 1 6 0 4 2 5 7 8
74 65 9 6 0 1 3 4 2 5 7 8
74 66 8 0 6 1 3 4 2 5 7 8
76 67 9 3 6 1 0 4 2 5 7 8
72 63 9 6 1 2 0 3 4 5 7 8
72 63 9 6 0 2 3 1 4 5 7 8
72 64 8 0 6 2 3 1 4 5 7 8
77 67 10 1 6 2 3 0 4 5 7 8
74 68 6 1 0 2 3 6 4 5 7 8
73 69 4 0 1 2 3 6 4 5 7 8
79 71 8 2 1 0 3 6 4 5 7 8
80 72 8 2 0 1 3 6 4 5 7 8
79 73 6 0 2 1 3 6 4 5 7 8
78 70 8 3 1 2 0 6 4 5 7 8
77 69 8 1 2 0 3 6 4 5 7 8
80 71 9 3 1 2 6 0 4 5 7 8
81 72 9 3 1 2 6 4 0 5 7 8
82 73 9 3 1 0 6 4 2 5 7 8
81 75 6 0 1 3 6 4 2 5 7 8
84 76 8 1 0 3 6 4 2 5 7 8
82 74 8 3 0 1 6 4 2 5 7 8
81 75 6 0 3 1 6 4 2 5 7 8
85 76 9 6 3 1 0 4 2 5 7 8
86 77 9 1 3 0 6 4 2 5 7 8
81 72 9 3 0 2 6 1 4 5 7 8
81 73 8 0 3 2 6 1 4 5 7 8
86 76 10 1 3 2 6 0 4 5 7 8
84 77 7 1 0 2 6 3 4 5 7 8
83 78 5 0 1 2 6 3 4 5 7 8
89 80 9 2 1 0 6 3 4 5 7 8
90 81 9 2 0 1 6 3 4 5 7 8
89 82 7 0 2 1 6 3 4 5 7 8
87 78 9 1 2 0 6 3 4 5 7 8
86 77 9 1 3 2 0 6 4 5 7 8
78 68 10 1 6 0 3 4 2 5 7 8
42 32 10 5 1 0 2 4 6 3 7 8
70 60 10 6 0 1 3 2 4 5 7 8
70 61 9 0 6 1 3 2 4 5 7 8
91 81 10 1 2 3 6 0 4 5 7 8
91 82 9 1 2 3 0 6 4 5 7 8
91 82 9 1 0 3 6 2 4 5 7 8
90 83 7 0 1 3 6 2 4 5 7 8
95 85 10 3 1 0 6 2 4 5 7 8
96 86 10 3 0 1 6 2 4 5 7 8
95 87 8 0 3 1 6 2 4 5 7 8
92 82 10 1 2 3 6 4 0 5 7 8
92 83 9 1 2 0 6 4 3 5 7 8
92 85 7 0 2 1 6 4 3 5 7 8
91 84 7 1 0 2 6 4 3 5 7 8
90 85 5 0 1 2 6 4 3 5 7 8
96 87 9 2 1 0 6 4 3 5 7 8
95 86 9 6 1 2 0 4 3 5 7 8
95 86 9 2 0 1 6 4 3 5 7 8
38 28 10 3 1 4 2 0 6 5 7 8
39 29 10 3 0 4 2 1 6 5 7 8
39 30 9 0 3 4 2 1 6 5 7 8
78 68 10 1 6 2 3 4 0 5 7 8
87 77 10 1 3 2 6 4 0 5 7 8
86 76 10 6 1 3 0 4 2 5 7 8
39 29 10 3 1 5 0 4 6 2 7 8
98 88 10 2 1 3 6 4 0 5 7 8
36 26 10 4 1 3 2 0 6 5 7 8
37 27 10 4 0 3 2 1 6 5 7 8
36 28 8 0 4 3 2 1 6 5 7 8
30 20 10 0 4 3 2 5 6 1 7 8
59 49 10 3 4 2 0 1 6 5 7 8
93 83 10 2 1 3 6 0 4 5 7 8
93 84 9 2 1 3 0 6 4 5 7 8
94 84 10 2 0 3 6 1 4 5 7 8
93 85 8 0 2 3 6 1 4 5 7 8
84 74 10 3 2 1 0 6 4 5 7 8
78 68 10 1 6 2 0 3 4 5 7 8
59 49 10 4 2 1 0 3 6 5 7 8
72 62 10 1 5 0 3 4 6 2 7 8
74 65 9 1 5 2 3 4 6 0 7 8
75 67 8 0 5 2 3 4 6 1 7 8
75 66 9 1 5 2 0 4 6 3 7 8
78 68 10 5 0 2 3 4 6 1 7 8
57 47 10 4 1 2 3 6 0 5 7 8
58 48 10 4 1 0 3 6 2 5 7 8
57 50 7 0 1 4 3 6 2 5 7 8
60 51 9 1 0 4 3 6 2 5 7 8
62 52 10 1 4 0 3 6 2 5 7 8
62 54 8 0 4 1 3 6 2 5 7 8
59 49 10 4 0 1 3 6 2 5 7 8
58 48 10 4 2 0 3 1 6 5 7 8
42 32 10 3 2 1 4 0 6 5 7 8
70 60 10 1 2 5 0 3 6 4 7 8
67 57 10 2 4 1 3 0 6 5 7 8
68 58 10 2 4 1 0 3 6 5 7 8
42 32 10 1 3 0 4 2 6 5 7 8
31 21 10 1 4 0 2 5 6 3 7 8
31 23 8 0 4 1 2 5 6 3 7 8
31 22 9 1 0 4 2 5 6 3 7 8
30 23 7 0 1 4 2 5 6 3 7 8
35 25 10 4 1 0 2 5 6 3 7 8
34 24 10 4 0 1 2 5 6 3 7 8
60 50 10 2 4 0 3 1 6 5 7 8
39 29 10 3 1 0 5 4 6 2 7 8
40 30 10 3 0 1 5 4 6 2 7 8
39 31 8 0 3 1 5 4 6 2 7 8
62 52 10 1 4 2 3 6 0 5 7 8
48 38 10 3 1 2 4 6 0 5 7 8
49 39 10 3 1 0 4 6 2 5 7 8
48 41 7 0 1 3 4 6 2 5 7 8
51 42 9 1 0 3 4 6 2 5 7 8
50 40 10 3 0 1 4 6 2 5 7 8
49 41 8 0 3 1 4 6 2 5 7 8
63 53 10 5 1 2 3 0 6 4 7 8
64 54 10 5 1 2 0 3 6 4 7 8
64 54 10 5 0 2 3 1 6 4 7 8
63 55 8 0 5 2 3 1 6 4 7 8
66 56 10 1 2 6 0 3 4 5 7 8
32 22 10 1 4 3 0 2 6 5 7 8
57 47 10 3 1 0 4 5 6 2 7 8
58 48 10 3 0 1 4 5 6 2 7 8
57 49 8 0 3 1 4 5 6 2 7 8
53 43 10 3 0 2 5 1 6 4 7 8
53 44 9 0 3 2 5 1 6 4 7 8
54 43 11 1 3 0 4 6 2 5 7 8
56 46 10 1 3 6 4 0 2 5 7 8
55 47 8 1 3 6 0 4 2 5 7 8
57 47 10 1 0 6 4 3 2 5 7 8
56 48 8 0 1 6 4 3 2 5 7 8
61 50 11 6 1 0 4 3 2 5 7 8
62 51 11 6 0 1 4 3 2 5 7 8
61 52 9 0 6 1 4 3 2 5 7 8
62 51 11 6 1 2 4 3 0 5 7 8
58 47 11 1 3 6 4 7 2 5 0 8
57 48 9 1 3 6 4 7 2 0 5 8
55 50 5 0 3 6 4 7 2 1 5 8
58 51 7 3 0 6 4 7 2 1 5 8
59 51 8 1 3 6 4 0 2 7 5 8
58 52 6 1 3 6 0 4 2 7 5 8
60 52 8 1 0 6 4 3 2 7 5 8
60 53 7 0 1 6 4 3 2 7 5 8
57 49 8 1 3 6 0 7 2 4 5 8
65 56 9 3 1 6 4 0 2 7 5 8
63 57 6 3 0 6 4 1 2 7 5 8
62 58 4 0 3 6 4 1 2 7 5 8
64 57 7 3 1 6 0 4 2 7 5 8
68 60 8 6 3 0 4 1 2 7 5 8
69 61 8 6 0 3 4 1 2 7 5 8
68 62 6 0 6 3 4 1 2 7 5 8
67 59 8 4 3 6 0 1 2 7 5 8
68 60 8 4 3 6 1 0 2 7 5 8
69 61 8 4 0 6 1 3 2 7 5 8
68 62 6 0 4 6 1 3 2 7 5 8
73 65 8 3 4 6 1 0 2 7 5 8
70 66 4 3 0 6 1 4 2 7 5 8
69 67 2 0 3 6 1 4 2 7 5 8
75 69 6 6 3 0 1 4 2 7 5 8
76 70 6 6 0 3 1 4 2 7 5 8
75 71 4 0 6 3 1 4 2 7 5 8
73 67 6 3 6 0 1 4 2 7 5 8
80 72 8 1 6 3 0 4 2 7 5 8
74 66 8 3 4 6 0 1 2 7 5 8
66 58 8 3 6 0 4 1 2 7 5 8
70 61 9 3 6 1 4 0 2 7 5 8
69 62 7 3 6 1 0 4 2 7 5 8
70 62 8 3 0 1 4 6 2 7 5 8
69 63 6 0 3 1 4 6 2 7 5 8
74 65 9 1 3 0 4 6 2 7 5 8
75 66 9 1 0 3 4 6 2 7 5 8
75 67 8 0 1 3 4 6 2 7 5 8
79 70 9 3 6 4 1 0 2 7 5 8
79 71 8 3 0 4 1 6 2 7 5 8
78 72 6 0 3 4 1 6 2 7 5 8
83 74 9 4 3 0 1 6 2 7 5 8
84 75 9 4 0 3 1 6 2 7 5 8
83 76 7 0 4 3 1 6 2 7 5 8
78 69 9 7 3 6 1 4 2 0 5 8
79 70 9 7 3 6 0 4 2 1 5 8
81 72 9 3 4 0 1 6 2 7 5 8
80 71 9 3 6 4 0 1 2 7 5 8
81 72 9 6 3 7 1 4 2 0 5 8
80 74 6 0 3 7 1 4 2 6 5 8
83 75 8 3 0 7 1 4 2 6 5 8
82 73 9 6 3 7 0 4 2 1 5 8
81 72 9 6 3 4 1 0 2 7 5 8
82 73 9 6 3 4 0 1 2 7 5 8
82 73 9 6 0 4 1 3 2 7 5 8
81 74 7 0 6 4 1 3 2 7 5 8
61 52 9 6 3 0 4 7 2 1 5 8
62 53 9 6 0 3 4 7 2 1 5 8
61 54 7 0 6 3 4 7 2 1 5 8
60 51 9 4 3 6 0 7 2 1 5 8
61 52 9 4 3 6 1 7 2 0 5 8
58 54 4 0 3 6 1 7 2 4 5 8
61 55 6 3 0 6 1 7 2 4 5 8
64 56 8 3 6 0 1 7 2 4 5 8
64 58 6 0 6 3 1 7 2 4 5 8
67 59 8 6 0 3 1 7 2 4 5 8
64 56 8 6 3 0 1 7 2 4 5 8
62 53 9 1 3 6 7 4 2 0 5 8
60 55 5 0 3 6 7 4 2 1 5 8
63 56 7 3 0 6 7 4 2 1 5 8
66 57 9 3 6 0 7 4 2 1 5 8
66 59 7 0 6 3 7 4 2 1 5 8
69 60 9 6 0 3 7 4 2 1 5 8
66 57 9 6 3 0 7 4 2 1 5 8
79 70 9 3 6 7 1 4 2 0 5 8
80 72 8 0 6 7 1 4 2 3 5 8
80 71 9 3 6 7 0 4 2 1 5 8
72 63 9 6 3 1 4 0 2 7 5 8
71 64 7 6 3 1 0 4 2 7 5 8
73 64 9 6 0 1 4 3 2 7 5 8
72 65 7 0 6 1 4 3 2 7 5 8
61 52 9 3 6 0 4 7 2 1 5 8
65 55 10 3 6 1 4 7 2 0 5 8
66 57 9 0 6 1 4 7 2 3 5 8
65 56 9 3 6 1 0 7 2 4 5 8
68 58 10 3 1 6 7 4 2 0 5 8
69 60 9 0 1 6 7 4 2 3 5 8
71 61 10 1 0 6 7 4 2 3 5 8
73 63 10 1 4 6 0 3 2 7 5 8
73 63 10 4 6 3 0 1 2 7 5 8
71 61 10 4 3 6 1 2 0 7 5 8
72 62 10 4 3 0 1 2 6 7 5 8
71 64 7 0 3 4 1 2 6 7 5 8
74 65 9 3 0 4 1 2 6 7 5 8
76 66 10 3 4 0 1 2 6 7 5 8
76 68 8 0 4 3 1 2 6 7 5 8
73 63 10 4 0 3 1 2 6 7 5 8
74 64 10 4 3 1 0 6 2 7 5 8
75 65 10 4 3 1 6 0 2 7 5 8
76 66 10 4 0 1 6 3 2 7 5 8
75 67 8 0 4 1 6 3 2 7 5 8
80 70 10 3 4 1 6 0 2 7 5 8
77 71 6 3 0 1 6 4 2 7 5 8
76 72 4 0 3 1 6 4 2 7 5 8
81 74 7 1 3 0 6 4 2 7 5 8
82 75 7 1 0 3 6 4 2 7 5 8
82 76 6 0 1 3 6 4 2 7 5 8
80 72 8 3 1 0 6 4 2 7 5 8
86 77 9 6 1 3 0 4 2 7 5 8
87 77 10 1 3 4 6 0 2 7 5 8
88 78 10 1 0 4 6 3 2 7 5 8
88 79 9 0 1 4 6 3 2 7 5 8
70 60 10 6 3 1 7 4 2 0 5 8
69 62 7 0 3 1 7 4 2 6 5 8
72 63 9 3 0 1 7 4 2 6 5 8
69 59 10 3 6 4 1 7 2 0 5 8
70 61 9 0 6 4 1 7 2 3 5 8
62 52 10 1 3 6 4 2 0 7 5 8
63 53 10 1 3 0 4 2 6 7 5 8
62 55 7 0 3 1 4 2 6 7 5 8
65 56 9 3 0 1 4 2 6 7 5 8
76 66 10 3 4 6 1 2 0 7 5 8
63 53 10 1 6 0 4 3 2 7 5 8
70 60 10 3 6 1 7 4 2 0 5 8
71 62 9 0 6 1 7 4 2 3 5 8
66 56 10 1 6 3 4 0 2 7 5 8
69 59 10 3 6 7 1 0 2 4 5 8
69 60 9 3 0 7 1 6 2 4 5 8
68 61 7 0 3 7 1 6 2 4 5 8
74 64 10 6 4 0 1 3 2 7 5 8
85 75 10 1 3 7 0 4 2 6 5 8
74 64 10 4 6 3 1 0 2 7 5 8
78 68 10 3 6 2 1 4 0 7 5 8
79 69 10 3 6 2 1 0 4 7 5 8
79 70 9 3 0 2 1 6 4 7 5 8
78 71 7 0 3 2 1 6 4 7 5 8
84 74 10 6 3 2 1 0 4 7 5 8
85 75 10 6 3 2 0 1 4 7 5 8
83 73 10 1 3 4 0 6 2 7 5 8
86 76 10 1 3 7 6 4 2 0 5 8
84 78 6 0 3 7 6 4 2 1 5 8
87 79 8 3 0 7 6 4 2 1 5 8
90 80 10 3 7 0 6 4 2 1 5 8
90 82 8 0 7 3 6 4 2 1 5 8
93 83 10 7 0 3 6 4 2 1 5 8
81 71 10 3 4 1 0 6 2 7 5 8
90 80 10 7 3 0 6 4 2 1 5 8
86 76 10 3 7 0 1 4 2 6 5 8
86 78 8 0 7 3 1 4 2 6 5 8
88 79 9 3 7 6 1 4 2 0 5 8
89 81 8 0 7 6 1 4 2 3 5 8
89 80 9 3 7 6 0 4 2 1 5 8
92 82 10 7 0 6 1 4 2 3 5 8
89 79 10 7 0 3 1 4 2 6 5 8
77 67 10 6 4 3 1 0 2 7 5 8
78 68 10 6 4 3 0 1 2 7 5 8
64 54 10 1 0 3 4 2 6 7 5 8
63 55 8 0 1 3 4 2 6 7 5 8
70 60 10 3 6 7 0 1 2 4 5 8
72 62 10 4 6 0 1 3 2 7 5 8
69 59 10 6 3 7 1 0 2 4 5 8
70 60 10 6 3 7 0 1 2 4 5 8
70 60 10 6 0 7 1 3 2 4 5 8
69 61 8 0 6 7 1 3 2 4 5 8
66 56 10 1 3 0 7 4 2 6 5 8
67 57 10 1 0 3 7 4 2 6 5 8
66 58 8 0 1 3 7 4 2 6 5 8
73 63 10 3 1 0 4 6 2 7 5 8
82 72 10 7 3 0 1 4 2 6 5 8
83 73 10 2 3 0 1 6 4 7 5 8
85 76 9 2 3 6 1 0 4 7 5 8
86 77 9 2 3 6 1 4 0 7 5 8
87 78 9 2 3 0 1 4 6 7 5 8
86 80 6 0 3 2 1 4 6 7 5 8
89 81 8 3 0 2 1 4 6 7 5 8
90 81 9 1 3 2 0 4 6 7 5 8
88 79 9 2 0 3 1 4 6 7 5 8
88 80 8 0 2 3 1 4 6 7 5 8
90 81 9 1 2 3 0 4 6 7 5 8
86 77 9 2 3 6 0 1 4 7 5 8
86 77 9 2 0 6 1 3 4 7 5 8
86 78 8 0 2 6 1 3 4 7 5 8
91 81 10 3 2 6 1 0 4 7 5 8
88 82 6 3 0 6 1 2 4 7 5 8
87 83 4 0 3 6 1 2 4 7 5 8
93 85 8 6 3 0 1 2 4 7 5 8
94 86 8 6 0 3 1 2 4 7 5 8
93 87 6 0 6 3 1 2 4 7 5 8
92 84 8 1 3 6 0 2 4 7 5 8
91 83 8 3 6 0 1 2 4 7 5 8
94 85 9 1 3 6 2 0 4 7 5 8
95 86 9 1 3 6 2 4 0 7 5 8
96 87 9 1 3 0 2 4 6 7 5 8
95 89 6 0 3 1 2 4 6 7 5 8
98 90 8 3 0 1 2 4 6 7 5 8
96 88 8 1 0 3 2 4 6 7 5 8
95 89 6 0 1 3 2 4 6 7 5 8
99 90 9 2 1 3 0 4 6 7 5 8
100 91 9 3 1 0 2 4 6 7 5 8
95 86 9 1 0 6 2 3 4 7 5 8
95 87 8 0 1 6 2 3 4 7 5 8
100 90 10 3 1 6 2 0 4 7 5 8
98 91 7 3 0 6 2 1 4 7 5 8
97 92 5 0 3 6 2 1 4 7 5 8
103 94 9 6 3 0 2 1 4 7 5 8
104 95 9 6 0 3 2 1 4 7 5 8
103 96 7 0 6 3 2 1 4 7 5 8
101 92 9 3 6 0 2 1 4 7 5 8
100 91 9 3 1 6 0 2 4 7 5 8
105 95 10 3 6 1 2 0 4 7 5 8
105 96 9 3 6 1 0 2 4 7 5 8
105 96 9 3 0 1 2 6 4 7 5 8
104 97 7 0 3 1 2 6 4 7 5 8
109 99 10 1 3 0 2 6 4 7 5 8
110 100 10 1 0 3 2 6 4 7 5 8
109 101 8 0 1 3 2 6 4 7 5 8
106 96 10 3 6 1 2 4 0 7 5 8
106 97 9 3 6 0 2 4 1 7 5 8
106 99 7 0 6 3 2 4 1 7 5 8
105 98 7 3 0 6 2 4 1 7 5 8
104 99 5 0 3 6 2 4 1 7 5 8
110 101 9 6 3 0 2 4 1 7 5 8
109 100 9 2 3 6 0 4 1 7 5 8
109 100 9 6 0 3 2 4 1 7 5 8
112 102 10 6 3 1 2 4 0 7 5 8
67 57 10 7 3 6 1 0 2 4 5 8
68 58 10 7 3 6 0 1 2 4 5 8
68 58 10 7 0 6 1 3 2 4 5 8
67 59 8 0 7 6 1 3 2 4 5 8
60 50 10 1 3 6 7 0 2 4 5 8
61 51 10 1 0 6 7 3 2 4 5 8
61 52 9 0 1 6 7 3 2 4 5 8
61 51 10 1 3 0 4 7 2 6 5 8
60 53 7 0 3 1 4 7 2 6 5 8
63 54 9 3 0 1 4 7 2 6 5 8
62 52 10 1 0 3 4 7 2 6 5 8
61 53 8 0 1 3 4 7 2 6 5 8
66 56 10 3 7 6 1 0 2 4 5 8
67 57 10 3 7 6 0 1 2 4 5 8
84 74 10 2 0 3 1 6 4 7 5 8
84 75 9 0 2 3 1 6 4 7 5 8
107 97 10 6 3 1 2 0 4 7 5 8
107 98 9 6 3 1 0 2 4 7 5 8
108 98 10 6 0 1 2 3 4 7 5 8
107 99 8 0 6 1 2 3 4 7 5 8
100 90 10 2 3 1 0 4 6 7 5 8
85 75 10 6 0 2 1 3 4 7 5 8
84 76 8 0 6 2 1 3 4 7 5 8
80 70 10 3 6 2 0 1 4 7 5 8
92 82 10 3 2 0 1 4 6 7 5 8
70 60 10 3 6 4 0 7 2 1 5 8
65 55 10 4 3 0 1 7 2 6 5 8
64 57 7 0 3 4 1 7 2 6 5 8
67 58 9 3 0 4 1 7 2 6 5 8
69 59 10 3 4 0 1 7 2 6 5 8
69 61 8 0 4 3 1 7 2 6 5 8
71 62 9 3 4 6 1 7 2 0 5 8
72 64 8 0 4 6 1 7 2 3 5 8
72 63 9 3 4 6 0 7 2 1 5 8
75 65 10 4 0 6 1 7 2 3 5 8
66 56 10 4 0 3 1 7 2 6 5 8
101 91 10 3 1 6 2 4 0 7 5 8
69 59 10 1 6 3 0 7 2 4 5 8
92 82 10 3 2 6 0 1 4 7 5 8
98 88 10 1 6 3 0 2 4 7 5 8
65 55 10 6 3 1 4 7 2 0 5 8
65 56 9 6 3 1 0 7 2 4 5 8
80 70 10 6 3 2 1 4 0 7 5 8
92 82 10 3 2 6 1 4 0 7 5 8
69 59 10 6 3 4 1 7 2 0 5 8
70 60 10 6 3 4 0 7 2 1 5 8
83 73 10 6 0 7 1 4 2 3 5 8
64 53 11 1 4 2 5 3 6 0 7 8
65 55 10 0 4 2 5 3 6 1 7 8
58 47 11 3 2 1 5 4 6 0 7 8
58 47 11 1 2 5 4 3 6 0 7 8
59 49 10 0 2 5 4 3 6 1 7 8
69 58 11 3 1 4 0 5 6 2 7 8
64 53 11 7 3 6 4 0 2 1 5 8
65 54 11 7 0 6 4 3 2 1 5 8
64 55 9 0 7 6 4 3 2 1 5 8
63 52 11 3 7 6 4 0 2 1 5 8
53 42 11 4 1 3 0 6 2 5 7 8
84 73 11 6 3 4 1 2 0 7 5 8
66 55 11 6 1 0 4 3 2 7 5 8
65 54 11 4 1 6 0 3 2 7 5 8
70 59 11 7 3 6 4 1 2 0 5 8
68 57 11 3 1 6 4 2 0 7 5 8
68 57 11 1 2 4 3 6 0 5 7 8
17 6 11 3 6 4 1 0 5 2 7 8
17 7 10 3 0 4 1 6 5 2 7 8
16 8 8 0 3 4 1 6 5 2 7 8
21 10 11 4 3 0 1 6 5 2 7 8
22 11 11 4 0 3 1 6 5 2 7 8
21 12 9 0 4 3 1 6 5 2 7 8
24 13 11 1 4 3 0 6 5 2 7 8
25 14 11 1 4 3 2 6 5 0 7 8
25 17 8 1 4 3 2 0 5 6 7 8
22 18 4 1 0 3 2 4 5 6 7 8
21 19 2 0 1 3 2 4 5 6 7 8
26 21 5 3 1 0 2 4 5 6 7 8
27 22 5 3 0 1 2 4 5 6 7 8
27 23 4 0 3 1 2 4 5 6 7 8
25 20 5 2 1 3 0 4 5 6 7 8
25 19 6 1 3 0 2 4 5 6 7 8
28 21 7 2 1 3 4 0 5 6 7 8
29 22 7 2 0 3 4 1 5 6 7 8
28 23 5 0 2 3 4 1 5 6 7 8
33 26 7 1 2 3 4 0 5 6 7 8
32 27 5 1 2 3 0 4 5 6 7 8
33 27 6 1 0 3 4 2 5 6 7 8
32 28 4 0 1 3 4 2 5 6 7 8
37 30 7 3 1 0 4 2 5 6 7 8
39 33 6 3 1 2 4 0 5 6 7 8
38 34 4 3 1 2 0 4 5 6 7 8
40 34 6 3 0 2 4 1 5 6 7 8
40 35 5 0 3 2 4 1 5 6 7 8
45 38 7 1 3 2 4 0 5 6 7 8
43 39 4 1 0 2 4 3 5 6 7 8
42 40 2 0 1 2 4 3 5 6 7 8
44 39 5 1 3 2 0 4 5 6 7 8
48 42 6 2 1 0 4 3 5 6 7 8
49 43 6 2 0 1 4 3 5 6 7 8
48 44 4 0 2 1 4 3 5 6 7 8
47 41 6 4 1 2 0 3 5 6 7 8
48 42 6 4 1 2 3 0 5 6 7 8
49 43 6 4 0 2 3 1 5 6 7 8
48 44 4 0 4 2 3 1 5 6 7 8
53 47 6 1 4 2 3 0 5 6 7 8
50 48 2 1 0 2 3 4 5 6 7 8
49 49 0 0 1 2 3 4 5 6 7 8
