0 0 0 2 3 6 5 0 1 4 7
13.0 3 10.0 2 0 6 5 3 1 4 7
12.0 4 8.0 0 2 6 5 3 1 4 7
17.0 6 11.0 5 2 6 0 3 1 4 7
16.0 7 9.0 5 2 0 6 3 1 4 7
16.0 8 8.0 5 2 4 6 3 1 0 7
17.5 9 8.5 5 2 4 6 3 0 1 7
17.0 10 7.0 5 2 4 6 0 3 1 7
16 12 4 0 2 4 6 5 3 1 7
19 13 6 2 0 4 6 5 3 1 7
22 14 8 2 4 0 6 5 3 1 7
24.0 15 9.0 2 4 1 6 5 3 0 7
24.0 15 9.0 3 2 4 6 5 0 1 7
23.5 16 7.5 3 2 4 6 0 5 1 7
22 18 4 0 2 4 6 3 5 1 7
25 19 6 2 0 4 6 3 5 1 7
28 20 8 2 4 0 6 3 5 1 7
24.5 16 8.5 3 2 4 6 5 1 0 7
30.0 21 9.0 2 4 1 6 3 5 0 7
29.5 22 7.5 2 4 1 6 3 0 5 7
29.0 23 6.0 2 4 1 6 0 3 5 7
32 26 6 2 0 1 6 4 3 5 7
31 27 4 0 2 1 6 4 3 5 7
34.0 28 6.0 4 2 1 6 0 3 5 7
31 25 6 0 4 1 6 2 3 5 7
36.5 29 7.5 4 2 1 6 3 0 5 7
38.0 30 8.0 4 0 1 6 3 2 5 7
37.0 31 6.0 0 4 1 6 3 2 5 7
35 27 8 2 1 0 6 4 3 5 7
31 23 8 2 0 1 6 3 4 5 7
30 24 6 0 2 1 6 3 4 5 7
34 26 8 2 4 1 0 6 3 5 7
34 28 6 0 4 1 2 6 3 5 7
33 27 6 2 4 0 1 6 3 5 7
32 28 4 2 0 4 1 6 3 5 7
31 29 2 0 2 4 1 6 3 5 7
37.0 31 6.0 1 2 4 0 6 3 5 7
38.0 34 4.0 1 2 4 6 0 3 5 7
36 36 0 0 2 4 6 1 3 5 7
