0 0 0 7 4 2 5 1 0 3 6
14 1 13 7 4 2 5 1 3 0 6
15 2 13 7 4 0 5 1 3 2 6
14 3 11 7 0 4 5 1 3 2 6
13 4 9 0 7 4 5 1 3 2 6
16 5 11 1 7 4 5 0 3 2 6
19 8 11 1 0 4 5 7 3 2 6
20 9 11 0 1 4 5 7 3 2 6
18 6 12 5 7 4 0 1 3 2 6
20 9 11 5 7 4 1 0 3 2 6
20 11 9 0 7 4 1 5 3 2 6
23 12 11 7 0 4 1 5 3 2 6
23 12 11 5 0 4 1 7 3 2 6
22 13 9 0 5 4 1 7 3 2 6
25 14 11 7 5 4 1 0 3 2 6
29 17 12 7 5 4 0 1 3 2 6
25 19 6 0 5 4 7 1 3 2 6
28 20 8 5 0 4 7 1 3 2 6
28 20 8 1 5 4 7 0 3 2 6
31 23 8 1 0 4 7 5 3 2 6
32 24 8 0 1 4 7 5 3 2 6
35 25 10 5 1 4 7 0 3 2 6
36 26 10 5 1 4 7 3 0 2 6
37 27 10 5 0 4 7 3 1 2 6
36 28 8 0 5 4 7 3 1 2 6
39 29 10 3 5 4 7 0 1 2 6
42 32 10 3 0 4 7 5 1 2 6
41 33 8 0 3 4 7 5 1 2 6
44 34 10 5 3 4 7 0 1 2 6
31 21 10 5 4 0 7 1 3 2 6
32 22 10 5 4 2 7 1 3 0 6
33 23 10 5 4 2 7 1 0 3 6
34 24 10 5 4 2 7 0 1 3 6
34 26 8 0 4 2 7 5 1 3 6
36 27 9 4 0 2 7 5 1 3 6
37 28 9 4 1 2 7 5 0 3 6
36 29 7 4 1 2 7 0 5 3 6
36 31 5 0 1 2 7 4 5 3 6
39 32 7 1 0 2 7 4 5 3 6
40 32 8 4 0 2 7 1 5 3 6
39 33 6 0 4 2 7 1 5 3 6
42 34 8 1 4 2 7 0 5 3 6
41 33 8 4 2 0 7 1 5 3 6
42 33 9 1 2 0 7 4 5 3 6
42 34 8 1 2 3 7 4 5 0 6
43 35 8 1 2 3 7 4 5 6 0
44 38 6 1 2 0 7 4 5 6 3
43 39 4 1 0 2 7 4 5 6 3
42 40 2 0 1 2 7 4 5 6 3
45 41 4 4 1 2 7 0 5 6 3
48 42 6 4 1 2 7 5 0 6 3
49 43 6 4 0 2 7 5 1 6 3
46 40 6 1 5 2 7 4 0 6 3
47 41 6 1 5 2 7 0 4 6 3
50 44 6 1 0 2 7 5 4 6 3
49 45 4 0 1 2 7 5 4 6 3
52 46 6 5 1 2 7 0 4 6 3
42 36 6 1 2 3 0 4 5 6 7
42 38 4 0 2 3 1 4 5 6 7
41 37 4 1 2 0 3 4 5 6 7
40 38 2 1 0 2 3 4 5 6 7
39 39 0 0 1 2 3 4 5 6 7
