0 0 0 3 4 0 1 5 6 7 2
13.5 1 12.5 3 0 4 1 5 6 7 2
13.0 2 11.0 0 3 4 1 5 6 7 2
17.5 5 12.5 2 3 4 1 5 6 7 0
17.0 7 10.0 2 3 4 1 0 6 7 5
18 10 8 2 0 4 1 3 6 7 5
17 11 6 0 2 4 1 3 6 7 5
23.5 14 9.5 6 2 4 1 3 0 7 5
23.0 15 8.0 6 2 4 1 0 3 7 5
21 17 4 0 2 4 1 6 3 7 5
24 18 6 2 0 4 1 6 3 7 5
27 19 8 2 4 0 1 6 3 7 5
26 18 8 6 2 4 0 1 3 7 5
22 20 2 0 2 4 6 1 3 7 5
25 21 4 2 0 4 6 1 3 7 5
28 22 6 2 4 0 6 1 3 7 5
27.0 21 6.0 1 2 4 6 0 3 7 5
30.0 23 7.0 3 2 4 6 1 0 7 5
31.5 24 7.5 3 2 4 6 0 1 7 5
30 26 4 0 2 4 6 3 1 7 5
33 27 6 2 0 4 6 3 1 7 5
31.5 24 7.5 3 0 4 6 1 2 7 5
31.0 25 6.0 0 3 4 6 1 2 7 5
30.5 23 7.5 5 2 4 6 1 3 7 0
30.0 24 6.0 5 2 4 6 1 3 0 7
31.5 25 6.5 5 2 4 6 1 0 3 7
33.0 26 7.0 5 2 4 6 0 1 3 7
32 28 4 0 2 4 6 5 1 3 7
35 29 6 2 0 4 6 5 1 3 7
33.0 26 7.0 5 0 4 6 1 2 3 7
32.5 27 5.5 0 5 4 6 1 2 3 7
37.0 30 7.0 2 5 4 6 1 0 3 7
35 31 4 2 0 4 6 1 5 3 7
34 32 2 0 2 4 6 1 5 3 7
39.0 33 6.0 1 2 4 6 0 5 3 7
38 32 6 2 4 0 6 1 5 3 7
37.5 31 6.5 2 5 4 6 1 3 0 7
32.0 25 7.0 5 2 0 6 1 3 4 7
33.0 26 7.0 5 0 2 6 1 3 4 7
32.5 27 5.5 0 5 2 6 1 3 4 7
39.5 32 7.5 2 5 0 6 1 3 4 7
39.0 33 6.0 2 0 5 6 1 3 4 7
38.0 34 4.0 0 2 5 6 1 3 4 7
38.5 31 7.5 2 5 4 6 0 1 3 7
40.5 33 7.5 0 5 4 6 2 1 3 7
29.5 22 7.5 2 3 4 6 1 0 7 5
29.5 22 7.5 1 2 4 6 3 0 7 5
38.5 31 7.5 1 2 4 6 5 0 3 7
39.0 32 7.0 1 2 4 6 5 3 0 7
41.0 33 8.0 1 2 0 6 5 3 4 7
42.0 34 8.0 1 0 2 6 5 3 4 7
43 35 8 0 1 2 6 5 3 4 7
32.0 24 8.0 1 0 4 6 2 3 7 5
33 25 8 0 1 4 6 2 3 7 5
34.0 26 8.0 2 1 4 6 0 3 7 5
43.0 35 8.0 1 2 5 6 0 3 4 7
36 28 8 2 4 0 6 3 1 7 5
44.0 36 8.0 1 2 4 0 6 5 3 7
42 38 4 0 2 4 1 6 5 3 7
45 39 6 2 0 4 1 6 5 3 7
48 40 8 2 4 0 1 6 5 3 7
42 34 8 6 2 4 0 1 5 3 7
43 35 8 6 2 0 4 1 5 3 7
44 36 8 6 0 2 4 1 5 3 7
43 37 6 0 6 2 4 1 5 3 7
41 33 8 2 4 6 0 1 5 3 7
41 35 6 0 4 6 2 1 5 3 7
44 36 8 4 0 6 2 1 5 3 7
44.0 36 8.0 2 4 6 1 0 5 3 7
47 39 8 2 0 6 1 4 5 3 7
46 40 6 0 2 6 1 4 5 3 7
49.0 41 8.0 4 2 6 1 0 5 3 7
52 44 8 4 2 6 0 1 5 3 7
50 46 4 0 2 6 4 1 5 3 7
53 47 6 2 0 6 4 1 5 3 7
51 45 6 4 2 0 6 1 5 3 7
52 46 6 4 0 2 6 1 5 3 7
51 47 4 0 4 2 6 1 5 3 7
56.0 48 8.0 1 4 2 6 0 5 3 7
59 51 8 1 0 2 6 4 5 3 7
58 52 6 0 1 2 6 4 5 3 7
60.0 52 8.0 1 2 0 6 4 5 3 7
56 48 8 2 6 0 4 1 5 3 7
57 49 8 2 6 4 0 1 5 3 7
57 51 6 0 6 4 2 1 5 3 7
60 52 8 6 0 4 2 1 5 3 7
60.0 52 8.0 2 6 4 1 0 5 3 7
62 54 8 0 6 4 1 2 5 3 7
46 38 8 0 4 6 1 2 5 3 7
55.0 47 8.0 1 2 6 4 0 5 3 7
44.0 36 8.0 1 0 4 6 2 5 3 7
45 37 8 0 1 4 6 2 5 3 7
46.0 38 8.0 2 1 4 6 0 5 3 7
40.0 32 8.0 2 5 4 6 1 3 7 0
41.5 35 6.5 0 5 4 6 1 3 7 2
44.0 36 8.0 5 0 4 6 1 3 7 2
31 23 8 2 4 6 0 1 3 7 5
31 25 6 0 4 6 2 1 3 7 5
34 26 8 4 0 6 2 1 3 7 5
34.0 26 8.0 2 4 6 1 0 3 7 5
37 29 8 2 0 6 1 4 3 7 5
36 30 6 0 2 6 1 4 3 7 5
39.0 31 8.0 4 2 6 1 0 3 7 5
42 34 8 4 2 6 0 1 3 7 5
40 36 4 0 2 6 4 1 3 7 5
43 37 6 2 0 6 4 1 3 7 5
41 35 6 4 2 0 6 1 3 7 5
42 36 6 4 0 2 6 1 3 7 5
41 37 4 0 4 2 6 1 3 7 5
46.0 38 8.0 1 4 2 6 0 3 7 5
49.0 41 8.0 1 0 2 6 4 3 7 5
50.0 42 8.0 1 2 0 6 4 3 7 5
50 42 8 0 1 2 6 4 3 7 5
46 38 8 2 6 0 4 1 3 7 5
47 39 8 2 6 4 0 1 3 7 5
47 41 6 0 6 4 2 1 3 7 5
50 42 8 6 0 4 2 1 3 7 5
50.0 42 8.0 2 6 4 1 0 3 7 5
52 44 8 0 6 4 1 2 3 7 5
36 28 8 0 4 6 1 2 3 7 5
45.0 37 8.0 1 2 6 4 0 3 7 5
31.0 23 8.0 2 3 4 6 0 1 7 5
33.0 25 8.0 0 3 4 6 2 1 7 5
27.0 19 8.0 1 2 4 0 6 3 7 5
28.0 20 8.0 1 2 0 4 6 3 7 5
29.0 21 8.0 1 0 2 4 6 3 7 5
30 22 8 0 1 2 4 6 3 7 5
31.0 23 8.0 1 0 4 6 3 2 7 5
32.0 24 8.0 0 1 4 6 3 2 7 5
45.0 37 8.0 6 2 4 1 0 5 3 7
27 19 8 6 2 0 4 1 3 7 5
28 20 8 6 0 2 4 1 3 7 5
27 21 6 0 6 2 4 1 3 7 5
40.0 32 8.0 1 0 4 6 5 2 3 7
41.0 33 8.0 0 1 4 6 5 2 3 7
38 30 8 2 4 0 6 5 1 3 7
45.0 37 8.0 1 2 0 4 6 5 3 7
46 38 8 1 0 2 4 6 5 3 7
45 39 6 0 1 2 4 6 5 3 7
57.5 49 8.5 5 2 6 4 1 0 3 7
58.0 50 8.0 5 2 6 4 1 3 0 7
31.5 23 8.5 1 2 4 6 5 3 7 0
32 26 6 0 2 4 6 5 3 7 1
35 27 8 2 0 4 6 5 3 7 1
58.5 50 8.5 5 4 2 6 1 0 3 7
59.0 51 8.0 5 4 2 6 1 3 0 7
60.5 52 8.5 5 4 0 6 1 3 2 7
59.5 53 6.5 5 0 4 6 1 3 2 7
59.0 54 5.0 0 5 4 6 1 3 2 7
31.5 23 8.5 2 4 7 6 1 3 0 5
32.0 24 8.0 2 4 7 6 1 3 5 0
31 27 4 2 4 0 6 1 3 5 7
30 28 2 2 0 4 6 1 3 5 7
29 29 0 0 2 4 6 1 3 5 7
