0 0 0 4 8 3 5 1 0 2 7 6
22 1 21 4 8 0 5 1 3 2 7 6
21 3 18 0 8 4 5 1 3 2 7 6
21 2 19 4 0 8 5 1 3 2 7 6
20 3 17 0 4 8 5 1 3 2 7 6
25 6 19 1 4 8 5 0 3 2 7 6
22 7 15 1 0 8 5 4 3 2 7 6
21 8 13 0 1 8 5 4 3 2 7 6
26 10 16 2 1 8 5 4 3 0 7 6
25 13 12 2 1 0 5 4 3 8 7 6
23 15 8 0 1 2 5 4 3 8 7 6
26 16 10 1 0 2 5 4 3 8 7 6
29 17 12 1 2 0 5 4 3 8 7 6
29 19 10 0 2 1 5 4 3 8 7 6
28 16 12 5 1 2 0 4 3 8 7 6
26 14 12 2 0 1 5 4 3 8 7 6
31 18 13 1 2 3 5 4 0 8 7 6
32 19 13 1 2 3 5 0 4 8 7 6
31 20 11 1 2 3 0 5 4 8 7 6
32 20 12 1 0 3 5 2 4 8 7 6
31 21 10 0 1 3 5 2 4 8 7 6
37 24 13 2 1 3 5 0 4 8 7 6
36 25 11 2 1 3 0 5 4 8 7 6
38 25 13 2 0 3 5 1 4 8 7 6
37 26 11 0 2 3 5 1 4 8 7 6
36 23 13 3 1 0 5 2 4 8 7 6
38 26 12 3 1 2 5 0 4 8 7 6
37 27 10 3 1 2 0 5 4 8 7 6
39 27 12 3 1 2 5 4 0 8 7 6
40 28 12 3 1 0 5 4 2 8 7 6
39 30 9 0 1 3 5 4 2 8 7 6
42 31 11 1 0 3 5 4 2 8 7 6
41 29 12 3 0 1 5 4 2 8 7 6
41 30 11 0 3 1 5 4 2 8 7 6
39 27 12 3 0 2 5 1 4 8 7 6
39 28 11 0 3 2 5 1 4 8 7 6
44 31 13 1 3 2 5 0 4 8 7 6
42 32 10 1 0 2 5 3 4 8 7 6
41 33 8 0 1 2 5 3 4 8 7 6
43 32 11 1 3 2 0 5 4 8 7 6
47 35 12 2 1 0 5 3 4 8 7 6
48 36 12 2 0 1 5 3 4 8 7 6
47 37 10 0 2 1 5 3 4 8 7 6
46 34 12 5 1 2 0 3 4 8 7 6
47 35 12 5 1 2 3 0 4 8 7 6
48 36 12 5 1 2 3 4 0 8 7 6
49 37 12 5 1 0 3 4 2 8 7 6
47 39 8 0 1 5 3 4 2 8 7 6
50 40 10 1 0 5 3 4 2 8 7 6
53 41 12 1 5 0 3 4 2 8 7 6
53 43 10 0 5 1 3 4 2 8 7 6
54 42 12 1 5 2 3 4 0 8 7 6
55 43 12 1 5 2 3 0 4 8 7 6
52 44 8 1 0 2 3 5 4 8 7 6
51 45 6 0 1 2 3 5 4 8 7 6
57 47 10 2 1 0 3 5 4 8 7 6
58 48 10 2 0 1 3 5 4 8 7 6
57 49 8 0 2 1 3 5 4 8 7 6
55 45 10 1 2 0 3 5 4 8 7 6
60 48 12 1 2 5 3 0 4 8 7 6
60 49 11 1 0 5 3 2 4 8 7 6
59 50 9 0 1 5 3 2 4 8 7 6
61 49 12 1 2 5 3 4 0 8 7 6
58 50 8 1 2 0 3 4 5 8 7 6
58 52 6 0 2 1 3 4 5 8 7 6
57 51 6 1 0 2 3 4 5 8 7 6
56 52 4 0 1 2 3 4 5 8 7 6
62 54 8 2 1 0 3 4 5 8 7 6
61 53 8 3 1 2 0 4 5 8 7 6
61 53 8 2 0 1 3 4 5 8 7 6
64 54 10 3 1 2 4 0 5 8 7 6
65 55 10 3 0 2 4 1 5 8 7 6
65 56 9 0 3 2 4 1 5 8 7 6
65 55 10 4 1 2 3 0 5 8 7 6
66 56 10 4 1 2 0 3 5 8 7 6
66 56 10 4 0 2 3 1 5 8 7 6
65 57 8 0 4 2 3 1 5 8 7 6
62 52 10 1 4 2 3 0 5 8 7 6
63 53 10 1 4 2 0 3 5 8 7 6
63 53 10 3 2 1 0 4 5 8 7 6
68 57 11 2 1 4 3 0 5 8 7 6
69 58 11 2 1 4 0 3 5 8 7 6
69 58 11 2 0 4 3 1 5 8 7 6
68 59 9 0 2 4 3 1 5 8 7 6
64 53 11 1 2 4 3 0 5 8 7 6
64 54 10 1 0 4 3 2 5 8 7 6
63 55 8 0 1 4 3 2 5 8 7 6
68 57 11 4 1 0 3 2 5 8 7 6
69 58 11 4 0 1 3 2 5 8 7 6
68 59 9 0 4 1 3 2 5 8 7 6
66 55 11 1 4 0 3 2 5 8 7 6
65 54 11 1 2 4 0 3 5 8 7 6
70 59 11 1 3 2 4 0 5 8 7 6
68 60 8 1 0 2 4 3 5 8 7 6
67 61 6 0 1 2 4 3 5 8 7 6
69 60 9 1 3 2 0 4 5 8 7 6
73 63 10 2 1 0 4 3 5 8 7 6
74 64 10 2 0 1 4 3 5 8 7 6
73 65 8 0 2 1 4 3 5 8 7 6
71 61 10 1 2 0 4 3 5 8 7 6
75 64 11 1 2 3 4 0 5 8 7 6
74 65 9 1 2 3 0 4 5 8 7 6
75 65 10 1 0 3 4 2 5 8 7 6
74 66 8 0 1 3 4 2 5 8 7 6
79 68 11 3 1 0 4 2 5 8 7 6
80 69 11 3 0 1 4 2 5 8 7 6
80 70 10 0 3 1 4 2 5 8 7 6
77 66 11 2 1 3 4 0 5 8 7 6
76 67 9 2 1 3 0 4 5 8 7 6
78 67 11 2 0 3 4 1 5 8 7 6
77 68 9 0 2 3 4 1 5 8 7 6
62 50 12 2 1 5 3 0 4 8 7 6
63 51 12 2 1 5 0 3 4 8 7 6
63 51 12 2 1 5 3 4 0 8 7 6
67 55 12 6 1 2 3 4 5 8 7 0
65 57 8 6 1 2 3 4 5 0 7 8
59 59 0 0 1 2 3 4 5 6 7 8
