0 0 0 4 8 7 3 1 5 2 0 6
25 1 24 4 8 7 3 1 5 2 6 0
20 3 17 4 8 0 3 1 5 2 6 7
19 5 14 0 8 4 3 1 5 2 6 7
19 4 15 4 0 8 3 1 5 2 6 7
18 5 13 0 4 8 3 1 5 2 6 7
23 8 15 1 4 8 3 0 5 2 6 7
20 9 11 1 0 8 3 4 5 2 6 7
19 10 9 0 1 8 3 4 5 2 6 7
24 12 12 2 1 8 3 4 5 0 6 7
23 15 8 2 1 0 3 4 5 8 6 7
21 17 4 0 1 2 3 4 5 8 6 7
24 18 6 1 0 2 3 4 5 8 6 7
27 19 8 1 2 0 3 4 5 8 6 7
27 21 6 0 2 1 3 4 5 8 6 7
26 18 8 3 1 2 0 4 5 8 6 7
24 16 8 2 0 1 3 4 5 8 6 7
29 19 10 1 4 2 3 0 5 8 6 7
30 20 10 1 4 2 0 3 5 8 6 7
32 22 10 3 2 1 0 4 5 8 6 7
30 20 10 4 1 2 3 0 5 8 6 7
31 21 10 4 1 2 0 3 5 8 6 7
31 21 10 4 0 2 3 1 5 8 6 7
30 22 8 0 4 2 3 1 5 8 6 7
29 19 10 3 1 2 4 0 5 8 6 7
30 20 10 3 0 2 4 1 5 8 6 7
30 21 9 0 3 2 4 1 5 8 6 7
35 24 11 1 3 2 4 0 5 8 6 7
33 25 8 1 0 2 4 3 5 8 6 7
32 26 6 0 1 2 4 3 5 8 6 7
34 25 9 1 3 2 0 4 5 8 6 7
38 28 10 2 1 0 4 3 5 8 6 7
39 29 10 2 0 1 4 3 5 8 6 7
38 30 8 0 2 1 4 3 5 8 6 7
36 26 10 1 2 0 4 3 5 8 6 7
40 29 11 1 2 3 4 0 5 8 6 7
39 30 9 1 2 3 0 4 5 8 6 7
40 30 10 1 0 3 4 2 5 8 6 7
39 31 8 0 1 3 4 2 5 8 6 7
44 33 11 3 1 0 4 2 5 8 6 7
45 34 11 3 0 1 4 2 5 8 6 7
45 35 10 0 3 1 4 2 5 8 6 7
42 31 11 2 1 3 4 0 5 8 6 7
41 32 9 2 1 3 0 4 5 8 6 7
43 32 11 2 0 3 4 1 5 8 6 7
42 33 9 0 2 3 4 1 5 8 6 7
33 22 11 1 2 4 3 0 5 8 6 7
33 23 10 1 0 4 3 2 5 8 6 7
32 24 8 0 1 4 3 2 5 8 6 7
37 26 11 4 1 0 3 2 5 8 6 7
38 27 11 4 0 1 3 2 5 8 6 7
37 28 9 0 4 1 3 2 5 8 6 7
35 24 11 1 4 0 3 2 5 8 6 7
34 23 11 1 2 4 0 3 5 8 6 7
29 18 11 2 1 4 3 0 5 8 6 7
30 19 11 2 1 4 0 3 5 8 6 7
30 19 11 2 0 4 3 1 5 8 6 7
29 20 9 0 2 4 3 1 5 8 6 7
35 23 12 3 4 2 0 1 5 8 6 7
34 22 12 1 2 8 3 4 5 0 6 7
35 24 11 0 2 8 3 4 5 1 6 7
44 32 12 4 1 3 0 2 5 8 6 7
45 33 12 4 1 3 2 0 5 8 6 7
46 34 12 4 0 3 2 1 5 8 6 7
45 35 10 0 4 3 2 1 5 8 6 7
50 38 12 1 4 3 2 0 5 8 6 7
47 39 8 1 0 3 2 4 5 8 6 7
46 40 6 0 1 3 2 4 5 8 6 7
51 42 9 3 1 0 2 4 5 8 6 7
52 43 9 3 0 1 2 4 5 8 6 7
52 44 8 0 3 1 2 4 5 8 6 7
50 40 10 1 3 0 2 4 5 8 6 7
56 45 11 2 3 1 0 4 5 8 6 7
57 45 12 3 1 4 2 0 5 8 6 7
58 46 12 3 0 4 2 1 5 8 6 7
58 47 11 0 3 4 2 1 5 8 6 7
43 31 12 1 3 0 4 2 5 8 6 7
36 24 12 4 2 1 3 0 5 8 6 7
51 39 12 1 4 3 0 2 5 8 6 7
32 20 12 1 2 5 3 4 0 8 6 7
33 21 12 1 2 5 3 0 4 8 6 7
33 22 11 1 0 5 3 2 4 8 6 7
32 23 9 0 1 5 3 2 4 8 6 7
38 26 12 2 1 5 3 0 4 8 6 7
39 27 12 2 1 5 0 3 4 8 6 7
39 27 12 2 0 5 3 1 4 8 6 7
38 28 10 0 2 5 3 1 4 8 6 7
34 22 12 1 2 5 0 3 4 8 6 7
25 13 12 2 1 8 3 4 5 6 0 7
26 14 12 2 1 8 3 4 5 6 7 0
20 16 4 2 1 0 3 4 5 6 7 8
18 18 0 0 1 2 3 4 5 6 7 8
