0 0 0 3 5 6 4 7 0 2 1
14 1 13 3 5 6 4 0 7 2 1
13 3 10 0 5 6 4 3 7 2 1
18 6 12 1 5 6 4 3 7 2 0
17 8 9 1 5 6 4 0 7 2 3
20 11 9 1 0 6 4 5 7 2 3
19 12 7 0 1 6 4 5 7 2 3
22 13 9 5 1 6 4 0 7 2 3
26 16 10 5 1 6 0 4 7 2 3
25 18 7 0 1 6 5 4 7 2 3
28 19 9 1 0 6 5 4 7 2 3
28 19 9 4 1 6 5 0 7 2 3
19 9 10 1 5 0 4 3 7 2 6
20 10 10 1 0 5 4 3 7 2 6
20 11 9 0 1 5 4 3 7 2 6
20 10 10 1 5 2 4 3 7 0 6
19 11 8 1 5 2 4 3 0 7 6
18 12 6 1 0 2 4 3 5 7 6
17 13 4 0 1 2 4 3 5 7 6
22 15 7 4 1 2 0 3 5 7 6
22 18 4 4 1 2 3 0 5 7 6
22 20 2 0 1 2 3 4 5 7 6
25 21 4 1 0 2 3 4 5 7 6
28 22 6 1 2 0 3 4 5 7 6
28 22 6 1 5 2 3 4 0 7 6
29 23 6 1 5 2 3 0 4 7 6
32 26 6 1 0 2 3 5 4 7 6
31 27 4 0 1 2 3 5 4 7 6
34 28 6 5 1 2 3 0 4 7 6
29 23 6 5 1 2 3 4 0 7 6
30 24 6 5 0 2 3 4 1 7 6
29 25 4 0 5 2 3 4 1 7 6
32 26 6 4 5 2 3 0 1 7 6
35 29 6 4 0 2 3 5 1 7 6
25 19 6 4 1 2 3 5 0 7 6
37 30 7 0 4 2 3 5 1 7 6
25 18 7 4 1 2 7 3 5 0 6
26 19 7 4 1 2 7 3 5 6 0
25 21 4 4 1 2 7 0 5 6 3
25 23 2 0 1 2 7 4 5 6 3
28 24 4 1 0 2 7 4 5 6 3
27 22 5 0 1 2 7 3 5 6 4
25 20 5 4 1 2 0 3 5 6 7
25 23 2 4 1 2 3 0 5 6 7
25 25 0 0 1 2 3 4 5 6 7
