0 0 0 3 1 4 7 2 5 6 0
9 3 6 0 1 4 7 2 5 6 3
11 4 7 2 1 4 7 0 5 6 3
12 4 8 1 0 4 7 2 5 6 3
16 7 9 2 0 4 7 1 5 6 3
15 8 7 0 2 4 7 1 5 6 3
16 9 7 1 2 4 7 0 5 6 3
19 10 9 1 2 4 7 5 0 6 3
14 5 9 2 1 4 7 5 0 6 3
15 6 9 2 0 4 7 5 1 6 3
14 7 7 0 2 4 7 5 1 6 3
17 8 9 5 2 4 7 0 1 6 3
11 2 9 3 1 4 7 0 5 6 2
10 4 6 0 1 4 7 3 5 6 2
13 5 8 1 0 4 7 3 5 6 2
16 6 10 1 4 0 7 3 5 6 2
16 6 10 1 5 4 7 3 0 6 2
17 7 10 1 5 4 7 0 3 6 2
18 9 9 0 5 4 7 1 3 6 2
20 10 10 1 0 4 7 5 3 6 2
19 11 8 0 1 4 7 5 3 6 2
22 12 10 5 1 4 7 0 3 6 2
15 5 10 1 5 4 7 2 0 6 3
16 6 10 1 5 4 7 0 2 6 3
17 8 9 0 5 4 7 1 2 6 3
21 11 10 1 2 4 7 3 5 6 0
22 14 8 0 2 4 7 3 5 6 1
20 12 8 1 2 4 7 3 5 0 6
19 13 6 1 2 4 7 3 0 5 6
18 14 4 1 2 4 7 0 3 5 6
18 16 2 0 2 4 7 1 3 5 6
21 17 4 2 0 4 7 1 3 5 6
24 18 6 2 4 0 7 1 3 5 6
24 18 6 2 3 4 7 1 0 5 6
25 19 6 2 3 4 7 0 1 5 6
28 22 6 2 0 4 7 3 1 5 6
27 23 4 0 2 4 7 3 1 5 6
30 24 6 3 2 4 7 0 1 5 6
25 19 6 3 2 4 7 1 0 5 6
26 20 6 3 0 4 7 1 2 5 6
25 21 4 0 3 4 7 1 2 5 6
28 22 6 1 3 4 7 0 2 5 6
20 14 6 1 0 4 7 3 2 5 6
22 15 7 0 1 4 7 3 2 5 6
28 21 7 0 3 4 7 2 1 5 6
24 17 7 1 0 4 7 2 3 5 6
23 16 7 1 2 4 7 6 3 5 0
24 19 5 0 2 4 7 6 3 5 1
22 17 5 1 2 4 0 6 3 5 7
22 20 2 1 2 4 6 0 3 5 7
22 22 0 0 2 4 6 1 3 5 7
