0 0 0 3 4 1 7 6 0 2 5
15.0 1 14.0 3 0 1 7 6 4 2 5
14.0 2 12.0 0 3 1 7 6 4 2 5
16.0 2 14.0 3 1 0 7 6 4 2 5
16.0 3 13.0 3 1 2 7 6 4 0 5
16.5 4 12.5 3 1 2 7 6 4 5 0
15.0 7 8.0 0 1 2 7 6 4 5 3
18.0 8 10.0 1 0 2 7 6 4 5 3
15 5 10 3 1 2 0 6 4 5 7
11 7 4 0 1 2 3 6 4 5 7
14 8 6 1 0 2 3 6 4 5 7
15.0 8 7.0 6 1 2 3 0 4 5 7
15.5 9 6.5 6 1 2 3 4 0 5 7
16.0 10 6.0 6 1 2 3 4 5 0 7
18.0 11 7.0 6 1 0 3 4 5 2 7
19.0 12 7.0 6 0 1 3 4 5 2 7
18.5 13 5.5 0 6 1 3 4 5 2 7
17.0 10 7.0 6 0 2 3 4 1 5 7
16.5 11 5.5 0 6 2 3 4 1 5 7
21.0 14 7.0 1 6 2 3 4 0 5 7
19 15 4 1 0 2 3 4 6 5 7
18 16 2 0 1 2 3 4 6 5 7
23.0 17 6.0 4 1 2 3 0 6 5 7
22 16 6 1 2 0 3 4 6 5 7
21.5 15 6.5 1 6 2 3 4 5 0 7
23.5 16 7.5 1 6 0 3 4 5 2 7
23.0 17 6.0 1 0 6 3 4 5 2 7
22.0 18 4.0 0 1 6 3 4 5 2 7
17.5 10 7.5 4 1 2 3 6 0 5 7
18.0 11 7.0 4 1 2 3 6 5 0 7
22.5 15 7.5 1 6 2 3 0 4 5 7
24.5 17 7.5 0 6 2 3 1 4 5 7
18.5 11 7.5 6 1 2 3 4 5 7 0
16 14 2 0 1 2 3 4 5 7 6
19 15 4 1 0 2 3 4 5 7 6
22 16 6 1 2 0 3 4 5 7 6
21.0 15 6.0 4 1 2 3 0 5 7 6
24.0 17 7.0 5 1 2 3 4 0 7 6
25.5 18 7.5 5 1 2 3 0 4 7 6
24 20 4 0 1 2 3 5 4 7 6
27 21 6 1 0 2 3 5 4 7 6
25.5 18 7.5 5 0 2 3 4 1 7 6
25.0 19 6.0 0 5 2 3 4 1 7 6
23.5 16 7.5 4 1 2 3 5 0 7 6
23.5 16 7.5 1 5 2 3 4 0 7 6
25.0 17 8.0 1 5 2 3 0 4 7 6
27.0 19 8.0 0 5 2 3 1 4 7 6
25.0 17 8.0 4 0 2 3 5 1 7 6
26.0 18 8.0 0 4 2 3 5 1 7 6
26.0 18 8.0 4 1 2 0 3 5 7 6
24 20 4 0 1 2 4 3 5 7 6
27 21 6 1 0 2 4 3 5 7 6
30 22 8 1 2 0 4 3 5 7 6
29.0 21 8.0 3 1 2 4 0 5 7 6
27.0 19 8.0 4 1 0 2 3 5 7 6
28.0 20 8.0 4 0 1 2 3 5 7 6
29 21 8 0 4 1 2 3 5 7 6
24.0 16 8.0 1 6 2 3 4 5 7 0
25.5 19 6.5 0 6 2 3 4 5 7 1
28.0 20 8.0 6 0 2 3 4 5 7 1
28.0 20 8.0 4 0 2 3 1 6 5 7
27 21 6 0 4 2 3 1 6 5 7
30.0 22 8.0 1 4 2 3 0 6 5 7
29 21 8 4 2 0 3 1 6 5 7
25 17 8 1 2 3 0 4 6 5 7
25 19 6 0 2 3 1 4 6 5 7
28 20 8 2 0 3 1 4 6 5 7
28.0 20 8.0 1 2 3 4 0 6 5 7
28 22 6 0 2 3 4 1 6 5 7
31 23 8 2 0 3 4 1 6 5 7
32.0 24 8.0 2 3 0 4 1 6 5 7
33.0 25 8.0 2 3 4 0 1 6 5 7
33.0 27 6.0 0 3 4 2 1 6 5 7
35.5 28 7.5 3 0 4 2 1 6 5 7
36.0 28 8.0 2 3 4 1 0 6 5 7
37 31 6 2 0 4 1 3 6 5 7
36 32 4 0 2 4 1 3 6 5 7
42.5 35 7.5 6 2 4 1 3 0 5 7
42.0 36 6.0 6 2 4 1 0 3 5 7
40 38 2 0 2 4 1 6 3 5 7
43 39 4 2 0 4 1 6 3 5 7
46 40 6 2 4 0 1 6 3 5 7
46.0 40 6.0 1 2 4 0 6 3 5 7
47.0 43 4.0 1 2 4 6 0 3 5 7
45 45 0 0 2 4 6 1 3 5 7
