0 0 0 3 1 7 0 2 6 5 4
11 2 9 0 1 7 3 2 6 5 4
13 3 10 2 1 7 3 0 6 5 4
16 6 10 2 0 7 3 1 6 5 4
15 7 8 0 2 7 3 1 6 5 4
18 8 10 1 2 7 3 0 6 5 4
20 10 10 1 2 7 3 4 6 5 0
19 13 6 1 2 0 3 4 6 5 7
18 14 4 1 0 2 3 4 6 5 7
17 15 2 0 1 2 3 4 6 5 7
20 16 4 4 1 2 3 0 6 5 7
23 17 6 4 1 2 3 6 0 5 7
24 18 6 4 1 2 3 6 5 0 7
25 19 6 4 1 0 3 6 5 2 7
26 20 6 4 0 1 3 6 5 2 7
24 18 6 4 0 2 3 6 1 5 7
25 19 6 0 4 2 3 6 1 5 7
24 18 6 6 1 2 3 4 0 5 7
25 19 6 6 1 2 3 4 5 0 7
26 20 6 6 1 0 3 4 5 2 7
27 21 6 6 0 1 3 4 5 2 7
26 22 4 0 6 1 3 4 5 2 7
29 23 6 4 6 1 3 0 5 2 7
25 19 6 6 1 2 3 0 4 5 7
25 21 4 0 1 2 3 6 4 5 7
28 22 6 1 0 2 3 6 4 5 7
25 19 6 6 0 2 3 4 1 5 7
24 20 4 0 6 2 3 4 1 5 7
27 21 6 4 6 2 3 0 1 5 7
21 15 6 1 6 2 3 4 0 5 7
22 16 6 1 6 2 3 4 5 0 7
23 17 6 1 6 0 3 4 5 2 7
22 18 4 1 0 6 3 4 5 2 7
21 19 2 0 1 6 3 4 5 2 7
24 20 4 4 1 6 3 0 5 2 7
27 21 6 4 1 6 3 5 0 2 7
28 22 6 4 0 6 3 5 1 2 7
28 22 6 5 1 6 3 4 0 2 7
29 23 6 5 1 6 3 0 4 2 7
29 25 4 0 1 6 3 5 4 2 7
32 26 6 1 0 6 3 5 4 2 7
29 23 6 5 0 6 3 4 1 2 7
28 24 4 0 5 6 3 4 1 2 7
31 25 6 4 5 6 3 0 1 2 7
25 19 6 1 5 6 3 4 0 2 7
26 20 6 1 5 6 3 0 4 2 7
22 16 6 1 6 2 3 0 4 5 7
25 18 7 0 6 2 3 1 4 5 7
29 22 7 0 5 6 3 1 4 2 7
30 23 7 0 4 6 3 5 1 2 7
30 23 7 4 0 6 3 1 5 2 7
31 24 7 0 4 6 3 1 5 2 7
32 25 7 1 4 6 3 0 5 2 7
30 23 7 4 1 6 0 3 5 2 7
29 25 4 0 1 6 4 3 5 2 7
32 26 6 1 0 6 4 3 5 2 7
33 26 7 3 1 6 4 0 5 2 7
33 26 7 4 1 6 2 3 5 0 7
32 27 5 4 1 0 2 3 5 6 7
33 28 5 4 1 2 0 3 5 6 7
33 31 2 4 1 2 3 0 5 6 7
33 33 0 0 1 2 3 4 5 6 7
