0 0 0 5 1 4 7 2 6 3 0 8
20 1 19 5 1 4 7 2 6 0 3 8
15 3 12 0 1 4 7 2 6 5 3 8
18 4 14 1 0 4 7 2 6 5 3 8
20 5 15 1 4 0 7 2 6 5 3 8
20 7 13 0 4 1 7 2 6 5 3 8
22 8 14 1 4 2 7 0 6 5 3 8
19 9 10 1 0 2 7 4 6 5 3 8
18 10 8 0 1 2 7 4 6 5 3 8
24 12 12 2 1 0 7 4 6 5 3 8
25 13 12 2 0 1 7 4 6 5 3 8
24 14 10 0 2 1 7 4 6 5 3 8
23 11 12 7 1 2 0 4 6 5 3 8
22 10 12 1 2 0 7 4 6 5 3 8
21 9 12 1 4 2 0 7 6 5 3 8
26 12 14 7 1 2 4 0 6 5 3 8
27 13 14 7 1 2 4 3 6 5 0 8
28 14 14 7 1 2 4 3 6 0 5 8
22 16 6 0 1 2 4 3 6 7 5 8
25 17 8 1 0 2 4 3 6 7 5 8
28 18 10 1 2 0 4 3 6 7 5 8
28 20 8 0 2 1 4 3 6 7 5 8
31 21 10 2 0 1 4 3 6 7 5 8
27 17 10 4 1 2 0 3 6 7 5 8
28 18 10 4 1 2 3 0 6 7 5 8
29 19 10 4 0 2 3 1 6 7 5 8
28 20 8 0 4 2 3 1 6 7 5 8
33 23 10 1 4 2 3 0 6 7 5 8
30 24 6 1 0 2 3 4 6 7 5 8
29 25 4 0 1 2 3 4 6 7 5 8
35 27 8 2 1 0 3 4 6 7 5 8
36 28 8 2 0 1 3 4 6 7 5 8
35 29 6 0 2 1 3 4 6 7 5 8
34 26 8 3 1 2 0 4 6 7 5 8
33 25 8 1 2 0 3 4 6 7 5 8
40 30 10 3 2 1 0 4 6 7 5 8
28 18 10 2 1 0 4 3 6 7 5 8
34 24 10 1 4 2 0 3 6 7 5 8
29 19 10 3 1 2 4 0 6 7 5 8
30 20 10 3 0 2 4 1 6 7 5 8
29 21 8 0 3 2 4 1 6 7 5 8
34 23 11 2 3 0 4 1 6 7 5 8
35 24 11 2 0 3 4 1 6 7 5 8
34 25 9 0 2 3 4 1 6 7 5 8
35 24 11 2 3 6 4 1 0 7 5 8
36 25 11 2 3 6 4 0 1 7 5 8
35 26 9 2 3 6 0 4 1 7 5 8
41 30 11 2 1 4 3 0 6 7 5 8
42 31 11 2 1 4 0 3 6 7 5 8
39 28 11 1 2 4 3 0 6 7 5 8
39 29 10 1 0 4 3 2 6 7 5 8
38 30 8 0 1 4 3 2 6 7 5 8
43 32 11 4 1 0 3 2 6 7 5 8
44 33 11 4 0 1 3 2 6 7 5 8
43 34 9 0 4 1 3 2 6 7 5 8
46 35 11 3 4 1 0 2 6 7 5 8
41 30 11 1 4 0 3 2 6 7 5 8
31 20 11 3 1 2 4 5 6 7 0 8
30 21 9 3 1 2 4 5 6 0 7 8
28 23 5 0 1 2 4 5 6 3 7 8
31 24 7 1 0 2 4 5 6 3 7 8
32 24 8 3 1 2 4 0 6 5 7 8
31 25 6 3 1 2 0 4 6 5 7 8
33 25 8 3 0 2 4 1 6 5 7 8
33 26 7 0 3 2 4 1 6 5 7 8
30 22 8 3 1 2 0 5 6 4 7 8
38 29 9 1 3 2 4 0 6 5 7 8
36 30 6 1 0 2 4 3 6 5 7 8
35 31 4 0 1 2 4 3 6 5 7 8
37 30 7 1 3 2 0 4 6 5 7 8
41 33 8 2 1 0 4 3 6 5 7 8
42 34 8 2 0 1 4 3 6 5 7 8
41 35 6 0 2 1 4 3 6 5 7 8
40 32 8 4 1 2 0 3 6 5 7 8
41 33 8 4 1 2 3 0 6 5 7 8
42 34 8 4 0 2 3 1 6 5 7 8
41 35 6 0 4 2 3 1 6 5 7 8
46 38 8 1 4 2 3 0 6 5 7 8
43 39 4 1 0 2 3 4 6 5 7 8
42 40 2 0 1 2 3 4 6 5 7 8
48 42 6 2 1 0 3 4 6 5 7 8
49 43 6 2 0 1 3 4 6 5 7 8
48 44 4 0 2 1 3 4 6 5 7 8
46 40 6 1 2 0 3 4 6 5 7 8
53 45 8 3 2 1 0 4 6 5 7 8
47 39 8 1 4 2 0 3 6 5 7 8
39 31 8 1 2 0 4 3 6 5 7 8
43 34 9 1 2 3 4 0 6 5 7 8
42 35 7 1 2 3 0 4 6 5 7 8
43 35 8 1 0 3 4 2 6 5 7 8
42 36 6 0 1 3 4 2 6 5 7 8
47 38 9 3 1 0 4 2 6 5 7 8
48 39 9 3 0 1 4 2 6 5 7 8
48 40 8 0 3 1 4 2 6 5 7 8
34 25 9 1 2 0 4 5 6 3 7 8
34 27 7 0 2 1 4 5 6 3 7 8
37 28 9 2 0 1 4 5 6 3 7 8
45 36 9 2 1 3 4 0 6 5 7 8
44 37 7 2 1 3 0 4 6 5 7 8
52 43 9 1 2 4 3 0 6 5 7 8
52 44 8 1 0 4 3 2 6 5 7 8
51 45 6 0 1 4 3 2 6 5 7 8
56 47 9 4 1 0 3 2 6 5 7 8
57 48 9 4 0 1 3 2 6 5 7 8
56 49 7 0 4 1 3 2 6 5 7 8
54 45 9 1 4 0 3 2 6 5 7 8
35 26 9 3 1 2 5 4 6 0 7 8
33 28 5 0 1 2 5 4 6 3 7 8
36 29 7 1 0 2 5 4 6 3 7 8
39 30 9 1 2 0 5 4 6 3 7 8
39 32 7 0 2 1 5 4 6 3 7 8
42 33 9 2 0 1 5 4 6 3 7 8
39 30 9 2 1 0 5 4 6 3 7 8
53 44 9 1 2 4 0 3 6 5 7 8
54 45 9 2 1 5 3 4 6 0 7 8
53 47 6 0 1 5 3 4 6 2 7 8
56 48 8 1 0 5 3 4 6 2 7 8
55 46 9 2 1 5 0 4 6 3 7 8
54 45 9 2 1 4 3 0 6 5 7 8
55 46 9 2 1 4 0 3 6 5 7 8
55 46 9 2 0 4 3 1 6 5 7 8
54 47 7 0 2 4 3 1 6 5 7 8
34 25 9 2 1 0 4 5 6 3 7 8
46 37 9 2 0 3 4 1 6 5 7 8
45 38 7 0 2 3 4 1 6 5 7 8
51 42 9 5 1 2 3 4 6 0 7 8
52 43 9 1 2 5 3 4 6 0 7 8
53 45 8 0 2 5 3 4 6 1 7 8
53 44 9 1 2 5 0 4 6 3 7 8
38 29 9 5 1 2 0 4 6 3 7 8
33 24 9 4 1 2 0 5 6 3 7 8
34 25 9 4 1 2 3 5 6 0 7 8
31 27 4 0 1 2 3 5 6 4 7 8
34 28 6 1 0 2 3 5 6 4 7 8
37 29 8 1 2 0 3 5 6 4 7 8
37 31 6 0 2 1 3 5 6 4 7 8
40 32 8 2 0 1 3 5 6 4 7 8
37 29 8 2 1 0 3 5 6 4 7 8
42 32 10 2 1 4 3 5 6 0 7 8
41 34 7 0 1 4 3 5 6 2 7 8
44 35 9 1 0 4 3 5 6 2 7 8
46 36 10 1 4 0 3 5 6 2 7 8
46 38 8 0 4 1 3 5 6 2 7 8
48 39 9 1 4 2 3 5 6 0 7 8
49 41 8 0 4 2 3 5 6 1 7 8
49 40 9 1 4 2 0 5 6 3 7 8
52 42 10 4 0 2 3 5 6 1 7 8
49 39 10 4 0 1 3 5 6 2 7 8
42 32 10 3 2 1 0 5 6 4 7 8
41 31 10 1 3 2 5 4 6 0 7 8
42 33 9 0 3 2 5 4 6 1 7 8
44 34 10 3 0 2 5 4 6 1 7 8
36 26 10 3 2 0 4 1 6 5 7 8
35 25 10 3 1 2 4 6 0 5 7 8
36 26 10 3 1 0 4 6 2 5 7 8
35 28 7 0 1 3 4 6 2 5 7 8
38 29 9 1 0 3 4 6 2 5 7 8
37 27 10 3 0 1 4 6 2 5 7 8
36 28 8 0 3 1 4 6 2 5 7 8
56 46 10 2 0 5 3 4 6 1 7 8
38 28 10 4 1 0 3 5 6 2 7 8
39 29 10 3 2 1 4 0 6 5 7 8
33 23 10 3 1 2 5 0 6 4 7 8
34 24 10 3 0 2 5 1 6 4 7 8
34 25 9 0 3 2 5 1 6 4 7 8
39 29 10 1 5 2 3 0 6 4 7 8
40 30 10 1 5 2 0 3 6 4 7 8
46 36 10 4 2 1 0 3 6 5 7 8
44 34 10 4 1 2 3 6 0 5 7 8
45 35 10 4 1 0 3 6 2 5 7 8
44 37 7 0 1 4 3 6 2 5 7 8
47 38 9 1 0 4 3 6 2 5 7 8
49 39 10 1 4 0 3 6 2 5 7 8
49 41 8 0 4 1 3 6 2 5 7 8
46 36 10 4 0 1 3 6 2 5 7 8
46 36 10 3 4 2 0 1 6 5 7 8
45 35 10 4 2 0 3 1 6 5 7 8
53 43 10 2 1 6 3 4 0 5 7 8
54 44 10 2 1 6 3 0 4 5 7 8
55 45 10 2 1 6 0 3 4 5 7 8
55 45 10 2 0 6 3 1 4 5 7 8
54 46 8 0 2 6 3 1 4 5 7 8
59 49 10 1 2 6 3 0 4 5 7 8
59 50 9 1 0 6 3 2 4 5 7 8
58 51 7 0 1 6 3 2 4 5 7 8
63 53 10 6 1 0 3 2 4 5 7 8
65 56 9 6 1 2 3 0 4 5 7 8
66 57 9 6 1 2 3 4 0 5 7 8
67 58 9 6 1 0 3 4 2 5 7 8
66 60 6 0 1 6 3 4 2 5 7 8
69 61 8 1 0 6 3 4 2 5 7 8
70 61 9 3 1 6 0 4 2 5 7 8
68 59 9 6 0 1 3 4 2 5 7 8
68 60 8 0 6 1 3 4 2 5 7 8
70 61 9 3 6 1 0 4 2 5 7 8
66 57 9 6 1 2 0 3 4 5 7 8
66 57 9 6 0 2 3 1 4 5 7 8
66 58 8 0 6 2 3 1 4 5 7 8
71 61 10 1 6 2 3 0 4 5 7 8
68 62 6 1 0 2 3 6 4 5 7 8
67 63 4 0 1 2 3 6 4 5 7 8
73 65 8 2 1 0 3 6 4 5 7 8
74 66 8 2 0 1 3 6 4 5 7 8
73 67 6 0 2 1 3 6 4 5 7 8
71 63 8 1 2 0 3 6 4 5 7 8
72 64 8 3 1 2 0 6 4 5 7 8
74 65 9 3 1 2 6 0 4 5 7 8
75 66 9 3 1 2 6 4 0 5 7 8
76 67 9 3 1 0 6 4 2 5 7 8
75 69 6 0 1 3 6 4 2 5 7 8
78 70 8 1 0 3 6 4 2 5 7 8
76 68 8 3 0 1 6 4 2 5 7 8
75 69 6 0 3 1 6 4 2 5 7 8
79 70 9 6 3 1 0 4 2 5 7 8
80 71 9 1 3 0 6 4 2 5 7 8
75 66 9 3 0 2 6 1 4 5 7 8
75 67 8 0 3 2 6 1 4 5 7 8
80 70 10 1 3 2 6 0 4 5 7 8
78 71 7 1 0 2 6 3 4 5 7 8
77 72 5 0 1 2 6 3 4 5 7 8
83 74 9 2 1 0 6 3 4 5 7 8
84 75 9 2 0 1 6 3 4 5 7 8
83 76 7 0 2 1 6 3 4 5 7 8
81 72 9 1 2 0 6 3 4 5 7 8
80 71 9 1 3 2 0 6 4 5 7 8
47 37 10 4 1 3 0 2 6 5 7 8
48 38 10 4 1 3 2 0 6 5 7 8
49 39 10 4 0 3 2 1 6 5 7 8
48 40 8 0 4 3 2 1 6 5 7 8
53 43 10 1 4 3 2 0 6 5 7 8
50 44 6 1 0 3 2 4 6 5 7 8
49 45 4 0 1 3 2 4 6 5 7 8
54 47 7 3 1 0 2 4 6 5 7 8
55 48 7 3 0 1 2 4 6 5 7 8
55 49 6 0 3 1 2 4 6 5 7 8
53 45 8 1 3 0 2 4 6 5 7 8
59 50 9 2 3 1 0 4 6 5 7 8
42 32 10 1 2 4 3 5 6 0 7 8
43 34 9 0 2 4 3 5 6 1 7 8
60 50 10 1 2 6 0 3 4 5 7 8
43 33 10 1 2 3 5 4 6 0 7 8
44 35 9 0 2 3 5 4 6 1 7 8
43 33 10 1 2 4 0 5 6 3 7 8
46 36 10 1 3 0 4 2 6 5 7 8
49 39 10 1 4 2 3 6 0 5 7 8
81 71 10 1 3 2 6 4 0 5 7 8
56 46 10 3 1 4 0 2 6 5 7 8
72 62 10 1 6 2 0 3 4 5 7 8
39 29 10 3 1 0 5 4 6 2 7 8
38 31 7 0 1 3 5 4 6 2 7 8
41 32 9 1 0 3 5 4 6 2 7 8
40 30 10 3 0 1 5 4 6 2 7 8
39 31 8 0 3 1 5 4 6 2 7 8
47 37 10 2 4 0 3 1 6 5 7 8
85 75 10 1 2 3 6 0 4 5 7 8
85 76 9 1 2 3 0 6 4 5 7 8
85 76 9 1 0 3 6 2 4 5 7 8
84 77 7 0 1 3 6 2 4 5 7 8
89 79 10 3 1 0 6 2 4 5 7 8
90 80 10 3 0 1 6 2 4 5 7 8
89 81 8 0 3 1 6 2 4 5 7 8
47 37 10 4 2 1 3 0 6 5 7 8
64 54 10 6 0 1 3 2 4 5 7 8
64 55 9 0 6 1 3 2 4 5 7 8
42 32 10 1 2 5 3 0 6 4 7 8
42 33 9 1 0 5 3 2 6 4 7 8
41 34 7 0 1 5 3 2 6 4 7 8
43 33 10 1 2 5 0 3 6 4 7 8
42 32 10 2 1 5 3 0 6 4 7 8
43 33 10 2 1 5 0 3 6 4 7 8
43 33 10 2 0 5 3 1 6 4 7 8
42 34 8 0 2 5 3 1 6 4 7 8
72 62 10 1 6 2 3 4 0 5 7 8
50 40 10 2 4 1 3 0 6 5 7 8
51 41 10 2 4 1 0 3 6 5 7 8
87 77 10 2 1 3 6 0 4 5 7 8
87 78 9 2 1 3 0 6 4 5 7 8
88 78 10 2 1 3 6 4 0 5 7 8
88 79 9 2 1 0 6 4 3 5 7 8
86 81 5 0 1 2 6 4 3 5 7 8
89 82 7 1 0 2 6 4 3 5 7 8
92 83 9 1 2 0 6 4 3 5 7 8
92 85 7 0 2 1 6 4 3 5 7 8
91 82 9 6 1 2 0 4 3 5 7 8
89 80 9 2 0 1 6 4 3 5 7 8
88 78 10 2 0 3 6 1 4 5 7 8
87 79 8 0 2 3 6 1 4 5 7 8
72 62 10 1 6 0 3 4 2 5 7 8
43 33 10 2 1 4 0 5 6 3 7 8
78 68 10 3 2 1 0 6 4 5 7 8
86 76 10 1 2 3 6 4 0 5 7 8
51 41 10 1 2 6 3 4 0 5 7 8
38 28 10 1 2 3 4 5 6 0 7 8
39 30 9 0 2 3 4 5 6 1 7 8
38 29 9 1 2 3 0 5 6 4 7 8
58 48 10 3 1 5 0 4 6 2 7 8
57 47 10 3 1 4 2 0 6 5 7 8
58 48 10 3 0 4 2 1 6 5 7 8
58 49 9 0 3 4 2 1 6 5 7 8
59 49 10 3 1 5 2 4 6 0 7 8
57 51 6 0 1 5 2 4 6 3 7 8
60 52 8 1 0 5 2 4 6 3 7 8
63 53 10 1 5 0 2 4 6 3 7 8
63 55 8 0 5 1 2 4 6 3 7 8
66 56 10 5 0 1 2 4 6 3 7 8
63 53 10 5 1 0 2 4 6 3 7 8
55 45 10 5 1 0 3 4 6 2 7 8
56 46 10 5 0 1 3 4 6 2 7 8
55 47 8 0 5 1 3 4 6 2 7 8
34 24 10 3 1 0 4 5 6 2 7 8
33 26 7 0 1 3 4 5 6 2 7 8
36 27 9 1 0 3 4 5 6 2 7 8
35 25 10 3 0 1 4 5 6 2 7 8
34 26 8 0 3 1 4 5 6 2 7 8
54 44 10 1 4 3 0 2 6 5 7 8
40 30 10 5 1 2 3 0 6 4 7 8
41 31 10 5 1 2 0 3 6 4 7 8
41 31 10 5 0 2 3 1 6 4 7 8
40 32 8 0 5 2 3 1 6 4 7 8
38 28 10 2 1 3 4 5 6 0 7 8
38 29 9 2 1 3 0 5 6 4 7 8
43 33 10 2 1 3 5 4 6 0 7 8
59 49 10 1 5 0 3 4 6 2 7 8
61 52 9 1 5 2 3 4 6 0 7 8
62 54 8 0 5 2 3 4 6 1 7 8
62 53 9 1 5 2 0 4 6 3 7 8
65 55 10 5 0 2 3 4 6 1 7 8
80 70 10 6 1 3 0 4 2 5 7 8
94 83 11 6 1 2 4 0 3 5 7 8
95 84 11 6 1 2 4 3 0 5 7 8
96 85 11 6 1 0 4 3 2 5 7 8
95 87 8 0 1 6 4 3 2 5 7 8
98 88 10 1 0 6 4 3 2 5 7 8
99 89 10 1 3 6 4 0 2 5 7 8
98 90 8 1 3 6 0 4 2 5 7 8
101 90 11 1 3 6 4 7 2 5 0 8
100 91 9 1 3 6 4 7 2 0 5 8
98 93 5 0 3 6 4 7 2 1 5 8
101 94 7 3 0 6 4 7 2 1 5 8
102 94 8 1 3 6 4 0 2 7 5 8
101 95 6 1 3 6 0 4 2 7 5 8
103 95 8 1 0 6 4 3 2 7 5 8
103 96 7 0 1 6 4 3 2 7 5 8
100 92 8 1 3 6 0 7 2 4 5 8
108 99 9 3 1 6 4 0 2 7 5 8
106 100 6 3 0 6 4 1 2 7 5 8
105 101 4 0 3 6 4 1 2 7 5 8
107 100 7 3 1 6 0 4 2 7 5 8
111 103 8 6 3 0 4 1 2 7 5 8
112 104 8 6 0 3 4 1 2 7 5 8
111 105 6 0 6 3 4 1 2 7 5 8
110 102 8 4 3 6 0 1 2 7 5 8
111 103 8 4 3 6 1 0 2 7 5 8
112 104 8 4 0 6 1 3 2 7 5 8
111 105 6 0 4 6 1 3 2 7 5 8
116 108 8 3 4 6 1 0 2 7 5 8
113 109 4 3 0 6 1 4 2 7 5 8
112 110 2 0 3 6 1 4 2 7 5 8
118 112 6 6 3 0 1 4 2 7 5 8
119 113 6 6 0 3 1 4 2 7 5 8
118 114 4 0 6 3 1 4 2 7 5 8
116 110 6 3 6 0 1 4 2 7 5 8
123 115 8 1 6 3 0 4 2 7 5 8
117 109 8 3 4 6 0 1 2 7 5 8
109 101 8 3 6 0 4 1 2 7 5 8
113 104 9 3 6 1 4 0 2 7 5 8
112 105 7 3 6 1 0 4 2 7 5 8
113 105 8 3 0 1 4 6 2 7 5 8
112 106 6 0 3 1 4 6 2 7 5 8
117 108 9 1 3 0 4 6 2 7 5 8
118 109 9 1 0 3 4 6 2 7 5 8
118 110 8 0 1 3 4 6 2 7 5 8
103 94 9 4 3 6 0 7 2 1 5 8
104 95 9 4 3 6 1 7 2 0 5 8
101 97 4 0 3 6 1 7 2 4 5 8
104 98 6 3 0 6 1 7 2 4 5 8
107 99 8 3 6 0 1 7 2 4 5 8
107 101 6 0 6 3 1 7 2 4 5 8
110 102 8 6 0 3 1 7 2 4 5 8
107 99 8 6 3 0 1 7 2 4 5 8
104 95 9 3 6 0 4 7 2 1 5 8
104 97 7 0 6 3 4 7 2 1 5 8
107 98 9 6 0 3 4 7 2 1 5 8
115 106 9 6 3 1 4 0 2 7 5 8
114 107 7 6 3 1 0 4 2 7 5 8
116 107 9 6 0 1 4 3 2 7 5 8
115 108 7 0 6 1 4 3 2 7 5 8
124 115 9 6 3 7 1 4 2 0 5 8
123 117 6 0 3 7 1 4 2 6 5 8
126 118 8 3 0 7 1 4 2 6 5 8
125 116 9 6 3 7 0 4 2 1 5 8
105 96 9 1 3 6 7 4 2 0 5 8
103 98 5 0 3 6 7 4 2 1 5 8
106 99 7 3 0 6 7 4 2 1 5 8
109 100 9 3 6 0 7 4 2 1 5 8
109 102 7 0 6 3 7 4 2 1 5 8
112 103 9 6 0 3 7 4 2 1 5 8
109 100 9 6 3 0 7 4 2 1 5 8
108 99 9 7 3 6 0 4 2 1 5 8
104 95 9 6 3 0 4 7 2 1 5 8
122 113 9 3 6 7 1 4 2 0 5 8
123 115 8 0 6 7 1 4 2 3 5 8
123 114 9 3 6 7 0 4 2 1 5 8
109 100 9 7 3 6 1 4 2 0 5 8
124 115 9 6 3 4 1 0 2 7 5 8
125 116 9 6 3 4 0 1 2 7 5 8
125 116 9 6 0 4 1 3 2 7 5 8
124 117 7 0 6 4 1 3 2 7 5 8
122 113 9 3 6 4 1 0 2 7 5 8
122 114 8 3 0 4 1 6 2 7 5 8
121 115 6 0 3 4 1 6 2 7 5 8
126 117 9 4 3 0 1 6 2 7 5 8
127 118 9 4 0 3 1 6 2 7 5 8
126 119 7 0 4 3 1 6 2 7 5 8
124 115 9 3 4 0 1 6 2 7 5 8
123 114 9 3 6 4 0 1 2 7 5 8
116 106 10 4 6 3 0 1 2 7 5 8
118 108 10 1 6 3 4 0 2 7 5 8
115 105 10 4 6 0 1 3 2 7 5 8
114 104 10 4 3 6 1 2 0 7 5 8
115 105 10 4 3 0 1 2 6 7 5 8
114 107 7 0 3 4 1 2 6 7 5 8
117 108 9 3 0 4 1 2 6 7 5 8
119 109 10 3 4 0 1 2 6 7 5 8
119 111 8 0 4 3 1 2 6 7 5 8
116 106 10 4 0 3 1 2 6 7 5 8
116 106 10 1 4 6 0 3 2 7 5 8
109 99 10 3 7 6 1 0 2 4 5 8
110 100 10 3 7 6 0 1 2 4 5 8
112 102 10 3 6 7 1 0 2 4 5 8
112 103 9 3 0 7 1 6 2 4 5 8
111 104 7 0 3 7 1 6 2 4 5 8
108 98 10 3 6 1 4 7 2 0 5 8
109 100 9 0 6 1 4 7 2 3 5 8
108 99 9 3 6 1 0 7 2 4 5 8
113 103 10 6 3 1 7 4 2 0 5 8
112 105 7 0 3 1 7 4 2 6 5 8
115 106 9 3 0 1 7 4 2 6 5 8
126 116 10 6 0 7 1 4 2 3 5 8
128 118 10 1 3 7 0 4 2 6 5 8
129 119 10 1 3 7 6 4 2 0 5 8
127 121 6 0 3 7 6 4 2 1 5 8
129 122 7 1 3 0 6 4 2 7 5 8
128 124 4 0 3 1 6 4 2 7 5 8
131 125 6 3 0 1 6 4 2 7 5 8
130 123 7 1 0 3 6 4 2 7 5 8
130 124 6 0 1 3 6 4 2 7 5 8
134 126 8 3 1 0 6 4 2 7 5 8
130 122 8 3 0 7 6 4 2 1 5 8
134 125 9 6 1 3 0 4 2 7 5 8
113 103 10 7 3 0 1 4 2 6 5 8
114 104 10 7 0 3 1 4 2 6 5 8
113 105 8 0 7 3 1 4 2 6 5 8
126 116 10 1 3 4 0 6 2 7 5 8
103 93 10 1 3 6 7 0 2 4 5 8
104 94 10 1 0 6 7 3 2 4 5 8
104 95 9 0 1 6 7 3 2 4 5 8
104 94 10 1 3 0 4 7 2 6 5 8
103 96 7 0 3 1 4 7 2 6 5 8
106 97 9 3 0 1 4 7 2 6 5 8
111 101 10 3 1 6 7 4 2 0 5 8
112 103 9 0 1 6 7 4 2 3 5 8
114 104 10 1 0 6 7 4 2 3 5 8
117 107 10 4 6 3 1 0 2 7 5 8
117 107 10 6 4 0 1 3 2 7 5 8
116 106 10 3 1 0 4 6 2 7 5 8
113 103 10 3 6 1 7 4 2 0 5 8
114 105 9 0 6 1 7 4 2 3 5 8
121 111 10 3 6 2 1 4 0 7 5 8
122 112 10 3 6 2 1 0 4 7 5 8
122 113 9 3 0 2 1 6 4 7 5 8
121 114 7 0 3 2 1 6 4 7 5 8
127 117 10 6 3 2 1 0 4 7 5 8
128 118 10 6 3 2 0 1 4 7 5 8
128 118 10 6 0 2 1 3 4 7 5 8
127 119 8 0 6 2 1 3 4 7 5 8
126 116 10 2 3 0 1 6 4 7 5 8
128 119 9 2 3 6 1 0 4 7 5 8
129 120 9 2 3 6 1 4 0 7 5 8
130 121 9 2 3 0 1 4 6 7 5 8
129 123 6 0 3 2 1 4 6 7 5 8
132 124 8 3 0 2 1 4 6 7 5 8
133 124 9 1 3 2 0 4 6 7 5 8
131 122 9 2 0 3 1 4 6 7 5 8
131 123 8 0 2 3 1 4 6 7 5 8
133 124 9 1 2 3 0 4 6 7 5 8
129 120 9 2 3 6 0 1 4 7 5 8
129 120 9 2 0 6 1 3 4 7 5 8
129 121 8 0 2 6 1 3 4 7 5 8
134 124 10 3 2 6 1 0 4 7 5 8
131 125 6 3 0 6 1 2 4 7 5 8
130 126 4 0 3 6 1 2 4 7 5 8
136 128 8 6 3 0 1 2 4 7 5 8
137 129 8 6 0 3 1 2 4 7 5 8
136 130 6 0 6 3 1 2 4 7 5 8
135 127 8 1 3 6 0 2 4 7 5 8
134 126 8 3 6 0 1 2 4 7 5 8
137 128 9 1 3 6 2 0 4 7 5 8
138 129 9 1 3 6 2 4 0 7 5 8
139 130 9 1 3 0 2 4 6 7 5 8
138 132 6 0 3 1 2 4 6 7 5 8
141 133 8 3 0 1 2 4 6 7 5 8
139 131 8 1 0 3 2 4 6 7 5 8
138 132 6 0 1 3 2 4 6 7 5 8
142 133 9 2 1 3 0 4 6 7 5 8
143 134 9 3 1 0 2 4 6 7 5 8
138 129 9 1 0 6 2 3 4 7 5 8
138 130 8 0 1 6 2 3 4 7 5 8
143 133 10 3 1 6 2 0 4 7 5 8
141 134 7 3 0 6 2 1 4 7 5 8
140 135 5 0 3 6 2 1 4 7 5 8
146 137 9 6 3 0 2 1 4 7 5 8
147 138 9 6 0 3 2 1 4 7 5 8
146 139 7 0 6 3 2 1 4 7 5 8
144 135 9 3 6 0 2 1 4 7 5 8
143 134 9 3 1 6 0 2 4 7 5 8
148 138 10 3 6 1 2 0 4 7 5 8
148 139 9 3 6 1 0 2 4 7 5 8
148 139 9 3 0 1 2 6 4 7 5 8
147 140 7 0 3 1 2 6 4 7 5 8
152 142 10 1 3 0 2 6 4 7 5 8
153 143 10 1 0 3 2 6 4 7 5 8
152 144 8 0 1 3 2 6 4 7 5 8
112 102 10 3 6 4 1 7 2 0 5 8
113 104 9 0 6 4 1 7 2 3 5 8
113 103 10 3 6 4 0 7 2 1 5 8
113 103 10 3 6 7 0 1 2 4 5 8
108 98 10 6 3 1 4 7 2 0 5 8
108 99 9 6 3 1 0 7 2 4 5 8
136 126 10 3 4 1 6 0 2 7 5 8
137 127 10 3 4 1 0 6 2 7 5 8
106 96 10 1 6 0 4 3 2 7 5 8
105 95 10 1 3 6 4 2 0 7 5 8
106 96 10 1 3 0 4 2 6 7 5 8
105 98 7 0 3 1 4 2 6 7 5 8
108 99 9 3 0 1 4 2 6 7 5 8
107 97 10 1 0 3 4 2 6 7 5 8
106 98 8 0 1 3 4 2 6 7 5 8
108 98 10 4 3 0 1 7 2 6 5 8
107 100 7 0 3 4 1 7 2 6 5 8
110 101 9 3 0 4 1 7 2 6 5 8
112 102 10 3 4 0 1 7 2 6 5 8
112 104 8 0 4 3 1 7 2 6 5 8
114 105 9 3 4 6 1 7 2 0 5 8
115 107 8 0 4 6 1 7 2 3 5 8
115 106 9 3 4 6 0 7 2 1 5 8
118 108 10 4 0 6 1 7 2 3 5 8
109 99 10 4 0 3 1 7 2 6 5 8
123 113 10 6 3 2 1 4 0 7 5 8
135 125 10 3 2 0 1 4 6 7 5 8
133 123 10 7 3 0 6 4 2 1 5 8
134 124 10 7 0 3 6 4 2 1 5 8
133 125 8 0 7 3 6 4 2 1 5 8
150 140 10 6 3 1 2 0 4 7 5 8
150 141 9 6 3 1 0 2 4 7 5 8
151 141 10 6 3 1 2 4 0 7 5 8
151 142 9 6 3 0 2 4 1 7 5 8
149 144 5 0 3 6 2 4 1 7 5 8
152 145 7 3 0 6 2 4 1 7 5 8
155 146 9 3 6 0 2 4 1 7 5 8
155 148 7 0 6 3 2 4 1 7 5 8
152 143 9 6 0 3 2 4 1 7 5 8
151 141 10 6 0 1 2 3 4 7 5 8
150 142 8 0 6 1 2 3 4 7 5 8
133 123 10 3 7 0 6 4 2 1 5 8
135 125 10 3 2 6 1 4 0 7 5 8
117 107 10 4 3 1 0 6 2 7 5 8
109 99 10 1 3 0 7 4 2 6 5 8
110 100 10 1 0 3 7 4 2 6 5 8
109 101 8 0 1 3 7 4 2 6 5 8
112 102 10 1 6 3 0 7 2 4 5 8
117 107 10 3 7 0 1 4 2 6 5 8
119 110 9 3 7 6 1 4 2 0 5 8
120 112 8 0 7 6 1 4 2 3 5 8
120 111 9 3 7 6 0 4 2 1 5 8
123 113 10 7 0 6 1 4 2 3 5 8
118 108 10 4 3 1 6 0 2 7 5 8
119 109 10 4 0 1 6 3 2 7 5 8
118 110 8 0 4 1 6 3 2 7 5 8
127 117 10 2 0 3 1 6 4 7 5 8
127 118 9 0 2 3 1 6 4 7 5 8
123 113 10 3 6 2 0 1 4 7 5 8
141 131 10 1 6 3 0 2 4 7 5 8
110 100 10 7 3 6 1 0 2 4 5 8
111 101 10 7 3 6 0 1 2 4 5 8
111 101 10 7 0 6 1 3 2 4 5 8
110 102 8 0 7 6 1 3 2 4 5 8
120 110 10 6 4 3 1 0 2 7 5 8
121 111 10 6 4 3 0 1 2 7 5 8
149 139 10 3 6 1 2 4 0 7 5 8
127 117 10 1 3 4 6 0 2 7 5 8
128 118 10 1 0 4 6 3 2 7 5 8
128 119 9 0 1 4 6 3 2 7 5 8
135 125 10 3 2 6 0 1 4 7 5 8
119 109 10 3 4 6 1 2 0 7 5 8
143 133 10 2 3 1 0 4 6 7 5 8
144 134 10 3 1 6 2 4 0 7 5 8
112 102 10 6 3 7 1 0 2 4 5 8
113 103 10 6 3 7 0 1 2 4 5 8
113 103 10 6 0 7 1 3 2 4 5 8
112 104 8 0 6 7 1 3 2 4 5 8
105 95 10 1 0 3 4 7 2 6 5 8
104 96 8 0 1 3 4 7 2 6 5 8
112 102 10 6 3 4 1 7 2 0 5 8
113 103 10 6 3 4 0 7 2 1 5 8
130 119 11 1 2 3 0 6 4 7 5 8
123 112 11 1 4 0 6 3 2 7 5 8
122 111 11 6 4 1 0 3 2 7 5 8
122 111 11 3 7 6 1 4 2 5 0 8
123 112 11 3 7 6 1 0 2 5 4 8
120 113 7 3 0 6 1 7 2 5 4 8
119 114 5 0 3 6 1 7 2 5 4 8
125 116 9 6 3 0 1 7 2 5 4 8
126 117 9 6 0 3 1 7 2 5 4 8
125 118 7 0 6 3 1 7 2 5 4 8
124 115 9 1 3 6 0 7 2 5 4 8
123 114 9 3 6 0 1 7 2 5 4 8
128 117 11 3 6 7 1 0 2 5 4 8
128 118 10 3 0 7 1 6 2 5 4 8
127 119 8 0 3 7 1 6 2 5 4 8
129 118 11 3 6 7 0 1 2 5 4 8
127 116 11 1 3 6 7 0 2 5 4 8
128 117 11 1 0 6 7 3 2 5 4 8
128 118 10 0 1 6 7 3 2 5 4 8
130 119 11 1 6 3 0 7 2 5 4 8
130 119 11 6 3 7 1 0 2 5 4 8
131 120 11 6 3 7 0 1 2 5 4 8
131 120 11 6 0 7 1 3 2 5 4 8
130 121 9 0 6 7 1 3 2 5 4 8
128 117 11 7 3 6 1 0 2 5 4 8
129 118 11 7 3 6 0 1 2 5 4 8
129 118 11 7 0 6 1 3 2 5 4 8
128 119 9 0 7 6 1 3 2 5 4 8
63 52 11 3 1 5 2 0 6 4 7 8
64 53 11 3 0 5 2 1 6 4 7 8
64 54 10 0 3 5 2 1 6 4 7 8
45 34 11 2 1 5 4 3 6 0 7 8
44 36 8 0 1 5 4 3 6 2 7 8
47 37 10 1 0 5 4 3 6 2 7 8
43 32 11 5 1 2 4 3 6 0 7 8
124 113 11 3 7 6 0 1 2 5 4 8
39 28 11 1 3 2 5 0 6 4 7 8
37 29 8 1 0 2 5 3 6 4 7 8
36 30 6 0 1 2 5 3 6 4 7 8
38 29 9 1 3 2 0 5 6 4 7 8
40 30 10 1 3 2 4 5 6 0 7 8
41 32 9 0 3 2 4 5 6 1 7 8
43 33 10 3 0 2 4 5 6 1 7 8
42 32 10 2 1 0 5 3 6 4 7 8
43 33 10 2 0 1 5 3 6 4 7 8
42 34 8 0 2 1 5 3 6 4 7 8
40 30 10 1 2 0 5 3 6 4 7 8
60 49 11 2 5 1 3 4 6 0 7 8
39 28 11 1 3 0 4 5 6 2 7 8
40 29 11 1 3 6 4 5 0 2 7 8
40 30 10 1 3 6 4 0 5 2 7 8
39 31 8 1 3 6 0 4 5 2 7 8
41 31 10 1 0 6 4 3 5 2 7 8
40 32 8 0 1 6 4 3 5 2 7 8
46 35 11 3 1 6 4 0 5 2 7 8
44 36 8 3 0 6 4 1 5 2 7 8
43 37 6 0 3 6 4 1 5 2 7 8
45 36 9 3 1 6 0 4 5 2 7 8
47 37 10 3 1 6 2 4 5 0 7 8
45 40 5 3 1 0 2 4 5 6 7 8
44 42 2 0 1 3 2 4 5 6 7 8
47 43 4 1 0 3 2 4 5 6 7 8
48 43 5 2 1 3 0 4 5 6 7 8
46 41 5 3 0 1 2 4 5 6 7 8
46 42 4 0 3 1 2 4 5 6 7 8
50 44 6 1 3 0 2 4 5 6 7 8
45 39 6 0 1 6 2 4 5 3 7 8
50 43 7 2 3 1 0 4 5 6 7 8
51 44 7 2 1 3 4 0 5 6 7 8
52 45 7 2 0 3 4 1 5 6 7 8
51 46 5 0 2 3 4 1 5 6 7 8
56 49 7 1 2 3 4 0 5 6 7 8
55 50 5 1 2 3 0 4 5 6 7 8
56 50 6 1 0 3 4 2 5 6 7 8
55 51 4 0 1 3 4 2 5 6 7 8
60 53 7 3 1 0 4 2 5 6 7 8
62 56 6 3 1 2 4 0 5 6 7 8
61 57 4 3 1 2 0 4 5 6 7 8
63 57 6 3 0 2 4 1 5 6 7 8
63 58 5 0 3 2 4 1 5 6 7 8
68 61 7 1 3 2 4 0 5 6 7 8
66 62 4 1 0 2 4 3 5 6 7 8
65 63 2 0 1 2 4 3 5 6 7 8
67 62 5 1 3 2 0 4 5 6 7 8
71 65 6 2 1 0 4 3 5 6 7 8
72 66 6 2 0 1 4 3 5 6 7 8
71 67 4 0 2 1 4 3 5 6 7 8
70 64 6 4 1 2 0 3 5 6 7 8
71 65 6 4 1 2 3 0 5 6 7 8
72 66 6 4 0 2 3 1 5 6 7 8
71 67 4 0 4 2 3 1 5 6 7 8
76 70 6 1 4 2 3 0 5 6 7 8
73 71 2 1 0 2 3 4 5 6 7 8
72 72 0 0 1 2 3 4 5 6 7 8
