0 0 0 3 0 1 2 5 4 7 6
9 1 8 0 3 1 2 5 4 7 6
11 1 10 3 1 0 2 5 4 7 6
12 2 10 3 1 2 0 5 4 7 6
8 4 4 0 1 2 3 5 4 7 6
11 5 6 1 0 2 3 5 4 7 6
12.5 5 7.5 5 1 2 3 0 4 7 6
13.0 6 7.0 5 1 2 3 4 0 7 6
14.5 7 7.5 5 0 2 3 4 1 7 6
14.0 8 6.0 0 5 2 3 4 1 7 6
18.5 11 7.5 1 5 2 3 4 0 7 6
16 12 4 1 0 2 3 4 5 7 6
15 13 2 0 1 2 3 4 5 7 6
20.0 14 6.0 4 1 2 3 0 5 7 6
19 13 6 1 2 0 3 4 5 7 6
23.5 16 7.5 6 1 2 3 4 5 7 0
23.0 17 6.0 6 1 2 3 4 5 0 7
24.5 18 6.5 6 1 2 3 4 0 5 7
26.0 19 7.0 6 1 2 3 0 4 5 7
25 21 4 0 1 2 3 6 4 5 7
28 22 6 1 0 2 3 6 4 5 7
26.0 19 7.0 6 0 2 3 4 1 5 7
25.5 20 5.5 0 6 2 3 4 1 5 7
30.0 23 7.0 1 6 2 3 4 0 5 7
28 24 4 1 0 2 3 4 6 5 7
27 25 2 0 1 2 3 4 6 5 7
32.0 26 6.0 4 1 2 3 0 6 5 7
31 25 6 1 2 0 3 4 6 5 7
30.5 24 6.5 1 6 2 3 4 5 0 7
25.0 18 7.0 6 1 0 3 4 5 2 7
26.0 19 7.0 6 0 1 3 4 5 2 7
25.5 20 5.5 0 6 1 3 4 5 2 7
31.5 24 7.5 4 1 2 3 6 0 5 7
32.0 25 7.0 4 1 2 3 6 5 0 7
14.5 7 7.5 4 1 2 3 5 0 7 6
32.5 25 7.5 1 6 0 3 4 5 2 7
32.0 26 6.0 1 0 6 3 4 5 2 7
31.0 27 4.0 0 1 6 3 4 5 2 7
31.5 24 7.5 1 6 2 3 0 4 5 7
33.5 26 7.5 0 6 2 3 1 4 5 7
36.0 28 8.0 4 1 6 3 0 5 2 7
20.0 12 8.0 1 5 2 3 0 4 7 6
22.0 14 8.0 0 5 2 3 1 4 7 6
31 23 8 1 2 0 3 6 4 5 7
23 15 8 3 1 2 0 4 5 7 6
26.0 18 8.0 3 1 2 4 0 5 7 6
24 20 4 0 1 2 4 3 5 7 6
27 21 6 1 0 2 4 3 5 7 6
30 22 8 1 2 0 4 3 5 7 6
24 16 8 3 1 0 2 4 5 7 6
25 17 8 3 0 1 2 4 5 7 6
24 18 6 0 3 1 2 4 5 7 6
35 27 8 3 1 2 0 4 6 5 7
38.0 30 8.0 3 1 2 4 0 6 5 7
36 32 4 0 1 2 4 3 6 5 7
39 33 6 1 0 2 4 3 6 5 7
40.5 33 7.5 3 0 2 4 1 6 5 7
40.0 34 6.0 0 3 2 4 1 6 5 7
41.5 34 7.5 3 2 0 4 1 6 5 7
42.5 35 7.5 3 2 4 0 1 6 5 7
41 37 4 0 2 4 3 1 6 5 7
44 38 6 2 0 4 3 1 6 5 7
46.5 39 7.5 2 6 4 3 1 0 5 7
47.5 40 7.5 6 2 4 3 1 0 5 7
45.5 38 7.5 3 2 4 1 0 6 5 7
44 40 4 0 2 4 1 3 6 5 7
47 41 6 2 0 4 1 3 6 5 7
46.0 39 7.0 3 2 4 1 6 0 5 7
47.5 40 7.5 3 0 4 1 6 2 5 7
47.0 41 6.0 0 3 4 1 6 2 5 7
51.5 44 7.5 2 3 4 1 6 0 5 7
49 45 4 2 0 4 1 6 3 5 7
48 46 2 0 2 4 1 6 3 5 7
54.0 48 6.0 1 2 4 0 6 3 5 7
55.0 51 4.0 1 2 4 6 0 3 5 7
53 53 0 0 2 4 6 1 3 5 7
