0 0 0 4 7 3 5 2 1 0 6
16.5 1 15.5 4 7 3 5 2 1 6 0
17.0 4 13.0 0 7 3 5 2 1 6 4
21.5 7 14.5 1 7 3 5 2 0 6 4
20 8 12 1 0 3 5 2 7 6 4
19 9 10 0 1 3 5 2 7 6 4
22.0 10 12.0 2 1 3 5 0 7 6 4
22.5 12 10.5 2 1 3 5 4 7 6 0
22.5 15 7.5 0 1 3 5 4 7 6 2
25.5 16 9.5 1 0 3 5 4 7 6 2
25.0 15 10.0 2 1 0 5 4 7 6 3
26.0 16 10.0 2 0 1 5 4 7 6 3
25.0 17 8.0 0 2 1 5 4 7 6 3
23 13 10 2 1 3 0 4 7 6 5
21 15 6 0 1 3 2 4 7 6 5
24 16 8 1 0 3 2 4 7 6 5
22 14 8 2 1 0 3 4 7 6 5
23 15 8 2 0 1 3 4 7 6 5
22 16 6 0 2 1 3 4 7 6 5
29.0 19 10.0 7 2 1 3 4 0 6 5
27 17 10 1 3 0 2 4 7 6 5
28 18 10 1 3 2 0 4 7 6 5
28 20 8 0 3 2 1 4 7 6 5
31 21 10 3 0 2 1 4 7 6 5
26.0 16 10.0 4 1 3 2 0 7 6 5
28.0 18 10.0 5 1 3 2 4 7 6 0
30.5 21 9.5 5 1 0 2 4 7 6 3
31.5 22 9.5 5 1 2 0 4 7 6 3
30.0 24 6.0 0 1 2 5 4 7 6 3
33.0 25 8.0 1 0 2 5 4 7 6 3
31.0 23 8.0 5 1 2 3 4 7 6 0
30 26 4 0 1 2 3 4 7 6 5
33 27 6 1 0 2 3 4 7 6 5
36 28 8 1 2 0 3 4 7 6 5
37.0 29 8.0 7 1 2 3 4 0 6 5
35.0 27 8.0 4 1 2 3 0 7 6 5
37.5 29 8.5 4 1 2 3 5 7 6 0
38 32 6 0 1 2 3 5 7 6 4
41 33 8 1 0 2 3 5 7 6 4
38.5 30 8.5 7 1 2 3 0 4 6 5
38 32 6 0 1 2 3 7 4 6 5
41 33 8 1 0 2 3 7 4 6 5
32.5 24 8.5 5 1 2 3 4 7 0 6
32.0 25 7.0 5 1 2 3 4 0 7 6
33.5 26 7.5 5 1 2 3 0 4 7 6
32 28 4 0 1 2 3 5 4 7 6
35 29 6 1 0 2 3 5 4 7 6
38.5 31 7.5 4 1 2 3 5 0 7 6
38.0 32 6.0 4 1 2 3 0 5 7 6
36 34 2 0 1 2 3 4 5 7 6
39 35 4 1 0 2 3 4 5 7 6
42 36 6 1 2 0 3 4 5 7 6
43.5 36 7.5 1 5 2 3 4 0 7 6
44.5 37 7.5 6 1 2 3 4 5 7 0
44.0 38 6.0 6 1 2 3 4 5 0 7
45.5 39 6.5 6 1 2 3 4 0 5 7
47.0 40 7.0 6 1 2 3 0 4 5 7
46 42 4 0 1 2 3 6 4 5 7
49 43 6 1 0 2 3 6 4 5 7
47.0 40 7.0 6 0 2 3 4 1 5 7
46.5 41 5.5 0 6 2 3 4 1 5 7
51.0 44 7.0 1 6 2 3 4 0 5 7
49 45 4 1 0 2 3 4 6 5 7
48 46 2 0 1 2 3 4 6 5 7
53.0 47 6.0 4 1 2 3 0 6 5 7
52 46 6 1 2 0 3 4 6 5 7
51.5 45 6.5 1 6 2 3 4 5 0 7
46.0 39 7.0 6 1 0 3 4 5 2 7
47.0 40 7.0 6 0 1 3 4 5 2 7
46.5 41 5.5 0 6 1 3 4 5 2 7
53.5 46 7.5 1 6 0 3 4 5 2 7
53.0 47 6.0 1 0 6 3 4 5 2 7
52.0 48 4.0 0 1 6 3 4 5 2 7
52.5 45 7.5 1 6 2 3 0 4 5 7
54.5 47 7.5 0 6 2 3 1 4 5 7
33.5 26 7.5 5 0 2 3 4 1 7 6
33.0 27 6.0 0 5 2 3 4 1 7 6
52.5 45 7.5 4 1 2 3 6 0 5 7
53.0 46 7.0 4 1 2 3 6 5 0 7
55.0 47 8.0 4 1 0 3 6 5 2 7
56.0 48 8.0 4 0 1 3 6 5 2 7
57.0 49 8.0 0 4 1 3 6 5 2 7
54.0 46 8.0 4 0 2 3 6 1 5 7
53 47 6 0 4 2 3 6 1 5 7
55 47 8 4 2 0 3 6 1 5 7
57.0 49 8.0 4 1 6 3 0 5 2 7
58.0 50 8.0 4 0 2 3 1 6 5 7
57 51 6 0 4 2 3 1 6 5 7
60.0 52 8.0 1 4 2 3 0 6 5 7
59 51 8 4 2 0 3 1 6 5 7
55 47 8 1 2 3 0 4 6 5 7
55 49 6 0 2 3 1 4 6 5 7
58 50 8 2 0 3 1 4 6 5 7
58.0 50 8.0 1 2 3 4 0 6 5 7
58 52 6 0 2 3 4 1 6 5 7
61 53 8 2 0 3 4 1 6 5 7
62.0 54 8.0 2 3 0 4 1 6 5 7
63.0 55 8.0 2 3 4 0 1 6 5 7
63.0 57 6.0 0 3 4 2 1 6 5 7
65.5 58 7.5 3 0 4 2 1 6 5 7
66.0 58 8.0 2 3 4 1 0 6 5 7
67 61 6 2 0 4 1 3 6 5 7
66 62 4 0 2 4 1 3 6 5 7
72.5 65 7.5 6 2 4 1 3 0 5 7
72.0 66 6.0 6 2 4 1 0 3 5 7
70 68 2 0 2 4 1 6 3 5 7
73 69 4 2 0 4 1 6 3 5 7
76 70 6 2 4 0 1 6 3 5 7
76.0 70 6.0 1 2 4 0 6 3 5 7
77.0 73 4.0 1 2 4 6 0 3 5 7
75 75 0 0 2 4 6 1 3 5 7
