0 0 0 2 3 1 12 5 11 7 9 13 14 4 6 8 0 10
13 1 12 2 3 1 12 5 11 7 9 13 14 4 6 8 10 0
17 4 13 2 3 1 12 5 11 7 9 0 14 4 6 8 10 13
17 5 12 2 3 1 12 5 11 7 0 9 14 4 6 8 10 13
17 6 11 2 3 1 12 5 11 7 8 9 14 4 6 0 10 13
18 7 11 2 3 1 12 5 11 7 8 9 14 4 6 10 0 13
18 8 10 2 3 1 12 5 11 7 8 9 14 4 6 10 13 0
22 11 11 0 3 1 12 5 11 7 8 9 14 4 6 10 13 2
24 13 11 4 3 1 12 5 11 7 8 9 14 0 6 10 13 2
25 15 10 4 3 1 12 5 11 7 8 9 14 2 6 10 13 0
24 14 10 4 3 1 12 5 0 7 8 9 14 11 6 10 13 2
26 15 11 4 3 1 12 5 7 0 8 9 14 11 6 10 13 2
27 16 11 4 3 1 12 5 7 6 8 9 14 11 0 10 13 2
28 17 11 4 3 1 12 5 7 6 8 9 14 11 10 0 13 2
28 18 10 4 3 1 12 5 7 6 8 9 14 11 10 13 0 2
28 19 9 4 3 1 12 5 7 6 8 9 14 11 10 13 2 0
32 22 10 0 3 1 12 5 7 6 8 9 14 11 10 13 2 4
35 25 10 6 3 1 12 5 7 0 8 9 14 11 10 13 2 4
35 26 9 6 3 1 12 5 0 7 8 9 14 11 10 13 2 4
37 27 10 6 3 1 12 5 11 7 8 9 14 0 10 13 2 4
38 29 9 6 3 1 12 5 11 7 8 9 14 4 10 13 2 0
42 32 10 0 3 1 12 5 11 7 8 9 14 4 10 13 2 6
44 34 10 4 3 1 12 5 11 7 8 9 14 0 10 13 2 6
45 36 9 4 3 1 12 5 11 7 8 9 14 6 10 13 2 0
44 35 9 4 3 1 12 5 0 7 8 9 14 11 10 13 2 6
46 36 10 4 3 1 12 5 7 0 8 9 14 11 10 13 2 6
47 37 10 4 3 1 12 5 7 10 8 9 14 11 0 13 2 6
47 37 10 4 0 1 12 5 7 3 8 9 14 11 10 13 2 6
48 38 10 4 1 0 12 5 7 3 8 9 14 11 10 13 2 6
49 39 10 4 1 12 0 5 7 3 8 9 14 11 10 13 2 6
48 38 10 0 4 1 12 5 7 3 8 9 14 11 10 13 2 6
50 41 9 6 4 1 12 5 7 3 8 9 14 11 10 13 2 0
52 42 10 6 4 1 12 5 7 3 8 9 14 11 10 13 0 2
52 42 10 6 4 1 12 5 7 3 8 9 0 11 10 13 2 14
51 41 10 3 4 1 12 5 7 0 8 9 14 11 10 13 2 6
51 42 9 3 4 1 12 5 0 7 8 9 14 11 10 13 2 6
53 43 10 3 4 1 12 5 11 7 8 9 14 0 10 13 2 6
54 45 9 3 4 1 12 5 11 7 8 9 14 6 10 13 2 0
58 48 10 0 4 1 12 5 11 7 8 9 14 6 10 13 2 3
60 50 10 6 4 1 12 5 11 7 8 9 14 0 10 13 2 3
61 52 9 6 4 1 12 5 11 7 8 9 14 3 10 13 2 0
60 51 9 6 4 1 12 5 0 7 8 9 14 11 10 13 2 3
62 52 10 6 4 1 12 5 7 0 8 9 14 11 10 13 2 3
63 53 10 6 4 1 12 5 7 10 8 9 14 11 0 13 2 3
33 23 10 3 0 1 12 5 7 6 8 9 14 11 10 13 2 4
34 24 10 3 1 0 12 5 7 6 8 9 14 11 10 13 2 4
35 25 10 3 1 12 0 5 7 6 8 9 14 11 10 13 2 4
52 42 10 3 0 1 12 5 7 4 8 9 14 11 10 13 2 6
53 43 10 3 1 0 12 5 7 4 8 9 14 11 10 13 2 6
54 44 10 3 1 12 0 5 7 4 8 9 14 11 10 13 2 6
49 39 10 7 4 1 12 5 0 3 8 9 14 11 10 13 2 6
50 40 10 7 4 1 12 5 3 0 8 9 14 11 10 13 2 6
51 41 10 7 4 1 12 5 3 10 8 9 14 11 0 13 2 6
56 46 10 3 4 1 12 5 11 7 8 9 0 6 10 13 2 14
55 45 10 0 4 1 12 5 11 7 8 9 14 3 10 13 2 6
56 46 10 4 0 1 12 5 11 7 8 9 14 3 10 13 2 6
57 47 10 4 1 0 12 5 11 7 8 9 14 3 10 13 2 6
58 48 10 4 1 12 0 5 11 7 8 9 14 3 10 13 2 6
56 46 10 11 4 1 12 5 0 7 8 9 14 3 10 13 2 6
57 47 10 11 4 1 12 5 3 7 8 9 14 0 10 13 2 6
58 49 9 0 4 1 12 5 3 7 8 9 14 11 10 13 2 6
60 52 8 6 4 1 12 5 3 7 8 9 14 11 10 13 2 0
62 53 9 6 4 1 12 5 3 7 8 9 14 11 10 13 0 2
62 53 9 6 4 1 12 5 3 7 8 9 0 11 10 13 2 14
59 50 9 4 0 1 12 5 3 7 8 9 14 11 10 13 2 6
60 51 9 4 1 0 12 5 3 7 8 9 14 11 10 13 2 6
61 52 9 4 1 12 0 5 3 7 8 9 14 11 10 13 2 6
58 49 9 11 4 1 12 5 3 7 8 9 14 6 10 13 2 0
62 52 10 0 4 1 12 5 3 7 8 9 14 6 10 13 2 11
63 53 10 4 0 1 12 5 3 7 8 9 14 6 10 13 2 11
64 54 10 4 1 0 12 5 3 7 8 9 14 6 10 13 2 11
65 55 10 4 1 12 0 5 3 7 8 9 14 6 10 13 2 11
63 53 10 3 4 1 12 5 0 7 8 9 14 6 10 13 2 11
63 54 9 3 4 1 12 5 6 7 8 9 14 0 10 13 2 11
63 56 7 3 4 1 12 5 6 7 8 9 14 11 10 13 2 0
67 59 8 0 4 1 12 5 6 7 8 9 14 11 10 13 2 3
68 60 8 4 0 1 12 5 6 7 8 9 14 11 10 13 2 3
69 61 8 4 1 0 12 5 6 7 8 9 14 11 10 13 2 3
70 62 8 4 1 12 0 5 6 7 8 9 14 11 10 13 2 3
65 57 8 3 4 1 12 5 6 7 8 9 14 11 10 13 0 2
65 57 8 3 4 1 12 5 6 7 8 9 0 11 10 13 2 14
67 58 9 3 4 1 12 5 6 7 8 0 9 11 10 13 2 14
68 59 9 3 4 1 12 5 6 7 8 2 9 11 10 13 0 14
67 60 7 3 4 1 12 5 6 7 8 2 9 11 10 13 14 0
71 63 8 3 4 1 12 5 6 7 8 0 9 11 10 13 14 2
71 64 7 3 4 1 12 5 6 7 8 9 0 11 10 13 14 2
71 65 6 3 4 1 12 5 6 7 8 9 2 11 10 13 14 0
75 68 7 0 4 1 12 5 6 7 8 9 2 11 10 13 14 3
76 69 7 4 0 1 12 5 6 7 8 9 2 11 10 13 14 3
77 70 7 4 1 0 12 5 6 7 8 9 2 11 10 13 14 3
78 71 7 4 1 12 0 5 6 7 8 9 2 11 10 13 14 3
80 72 8 4 1 12 5 0 6 7 8 9 2 11 10 13 14 3
81 74 7 4 1 12 5 3 6 7 8 9 2 11 10 13 14 0
85 77 8 0 1 12 5 3 6 7 8 9 2 11 10 13 14 4
85 78 7 1 0 12 5 3 6 7 8 9 2 11 10 13 14 4
86 79 7 1 12 0 5 3 6 7 8 9 2 11 10 13 14 4
87 80 7 1 12 5 0 3 6 7 8 9 2 11 10 13 14 4
88 81 7 1 12 5 3 0 6 7 8 9 2 11 10 13 14 4
89 83 6 1 12 5 3 4 6 7 8 9 2 11 10 13 14 0
91 84 7 1 12 5 3 4 6 7 8 9 0 11 10 13 14 2
92 85 7 1 12 5 3 0 6 7 8 9 4 11 10 13 14 2
93 87 6 1 12 5 3 2 6 7 8 9 4 11 10 13 14 0
93 86 7 1 12 5 0 3 6 7 8 9 4 11 10 13 14 2
94 87 7 1 12 0 5 3 6 7 8 9 4 11 10 13 14 2
95 88 7 1 0 12 5 3 6 7 8 9 4 11 10 13 14 2
89 82 7 1 12 5 3 2 6 7 8 9 0 11 10 13 14 4
91 83 8 1 12 5 3 2 6 7 8 0 9 11 10 13 14 4
92 84 8 1 12 5 0 2 6 7 8 3 9 11 10 13 14 4
93 85 8 1 12 5 2 0 6 7 8 3 9 11 10 13 14 4
94 87 7 1 12 5 2 4 6 7 8 3 9 11 10 13 14 0
98 90 8 1 12 5 2 4 6 7 8 0 9 11 10 13 14 3
98 91 7 1 12 5 2 4 6 7 8 9 0 11 10 13 14 3
98 92 6 1 12 5 2 4 6 7 8 9 3 11 10 13 14 0
101 94 7 1 12 5 2 0 6 7 8 9 3 11 10 13 14 4
102 95 7 1 12 5 0 2 6 7 8 9 3 11 10 13 14 4
103 96 7 1 12 0 5 2 6 7 8 9 3 11 10 13 14 4
104 97 7 1 0 12 5 2 6 7 8 9 3 11 10 13 14 4
102 95 7 1 12 5 2 3 6 7 8 9 0 11 10 13 14 4
102 96 6 1 12 5 2 3 6 7 8 9 4 11 10 13 14 0
99 92 7 1 12 5 2 0 6 7 8 9 4 11 10 13 14 3
100 93 7 1 12 5 0 2 6 7 8 9 4 11 10 13 14 3
101 94 7 1 12 0 5 2 6 7 8 9 4 11 10 13 14 3
102 95 7 1 0 12 5 2 6 7 8 9 4 11 10 13 14 3
104 96 8 0 1 12 5 2 6 7 8 9 4 11 10 13 14 3
106 99 7 3 1 12 5 2 6 7 8 9 4 11 10 13 14 0
109 101 8 3 1 12 5 0 6 7 8 9 4 11 10 13 14 2
109 102 7 3 1 12 0 5 6 7 8 9 4 11 10 13 14 2
110 103 7 3 1 0 12 5 6 7 8 9 4 11 10 13 14 2
111 104 7 3 0 1 12 5 6 7 8 9 4 11 10 13 14 2
112 105 7 0 3 1 12 5 6 7 8 9 4 11 10 13 14 2
114 108 6 2 3 1 12 5 6 7 8 9 4 11 10 13 14 0
116 109 7 2 3 1 12 5 6 7 8 9 0 11 10 13 14 4
118 110 8 2 3 1 12 5 6 7 8 0 9 11 10 13 14 4
119 111 8 2 3 1 0 5 6 7 8 12 9 11 10 13 14 4
120 112 8 2 3 0 1 5 6 7 8 12 9 11 10 13 14 4
120 113 7 2 0 3 1 5 6 7 8 12 9 11 10 13 14 4
120 114 6 0 2 3 1 5 6 7 8 12 9 11 10 13 14 4
122 117 5 4 2 3 1 5 6 7 8 12 9 11 10 13 14 0
126 120 6 4 2 3 1 5 6 7 8 0 9 11 10 13 14 12
126 121 5 4 2 3 1 5 6 7 8 9 0 11 10 13 14 12
126 122 4 4 2 3 1 5 6 7 8 9 12 11 10 13 14 0
130 125 5 0 2 3 1 5 6 7 8 9 12 11 10 13 14 4
134 128 6 7 2 3 1 5 6 0 8 9 12 11 10 13 14 4
135 129 6 7 2 3 1 5 6 10 8 9 12 11 0 13 14 4
133 127 6 11 2 3 1 5 6 7 8 9 12 0 10 13 14 4
134 129 5 11 2 3 1 5 6 7 8 9 12 4 10 13 14 0
138 132 6 0 2 3 1 5 6 7 8 9 12 4 10 13 14 11
136 130 6 11 2 3 1 5 6 7 8 9 0 4 10 13 14 12
134 128 6 11 2 3 1 5 6 7 8 9 12 10 0 13 14 4
133 127 6 5 2 3 1 0 6 7 8 9 12 11 10 13 14 4
134 129 5 5 2 3 1 4 6 7 8 9 12 11 10 13 14 0
138 132 6 0 2 3 1 4 6 7 8 9 12 11 10 13 14 5
136 130 6 5 2 3 1 4 6 7 8 9 0 11 10 13 14 12
137 131 6 5 2 3 1 0 6 7 8 9 4 11 10 13 14 12
138 133 5 5 2 3 1 12 6 7 8 9 4 11 10 13 14 0
138 133 5 0 2 3 1 5 6 7 8 9 4 11 10 13 14 12
140 136 4 12 2 3 1 5 6 7 8 9 4 11 10 13 14 0
142 137 5 12 2 3 1 5 6 7 8 9 0 11 10 13 14 4
144 138 6 12 2 3 1 5 6 7 8 0 9 11 10 13 14 4
145 139 6 12 2 3 0 5 6 7 8 1 9 11 10 13 14 4
144 138 6 12 2 3 1 0 6 7 8 9 5 11 10 13 14 4
145 140 5 12 2 3 1 4 6 7 8 9 5 11 10 13 14 0
149 143 6 0 2 3 1 4 6 7 8 9 5 11 10 13 14 12
147 141 6 12 2 3 1 4 6 7 8 9 0 11 10 13 14 5
146 140 6 0 2 3 1 12 6 7 8 9 5 11 10 13 14 4
148 143 5 4 2 3 1 12 6 7 8 9 5 11 10 13 14 0
150 144 6 4 2 3 1 12 6 7 8 9 0 11 10 13 14 5
134 128 6 5 2 3 1 12 6 7 8 9 0 11 10 13 14 4
128 122 6 4 2 3 1 0 6 7 8 9 5 11 10 13 14 12
129 123 6 4 2 3 0 1 6 7 8 9 5 11 10 13 14 12
138 132 6 5 2 3 0 1 6 7 8 9 4 11 10 13 14 12
129 123 6 4 2 3 1 5 6 7 8 9 12 11 10 13 0 14
144 138 6 12 2 3 1 5 6 7 8 9 4 0 10 13 14 11
146 140 6 0 2 3 1 5 6 7 8 9 4 12 10 13 14 11
148 143 5 11 2 3 1 5 6 7 8 9 4 12 10 13 14 0
150 144 6 11 2 3 1 5 6 7 8 9 0 12 10 13 14 4
140 134 6 2 0 3 1 5 6 7 8 9 4 11 10 13 14 12
131 125 6 4 2 3 1 5 6 7 8 0 12 11 10 13 14 9
132 126 6 4 2 3 0 5 6 7 8 1 12 11 10 13 14 9
141 135 6 11 2 3 1 5 6 7 8 9 4 0 10 13 14 12
142 136 6 11 2 3 1 5 6 7 8 9 4 10 0 13 14 12
142 136 6 7 2 3 1 5 6 0 8 9 4 11 10 13 14 12
143 137 6 7 2 3 1 5 6 10 8 9 4 11 0 13 14 12
145 139 6 12 2 3 0 1 6 7 8 9 5 11 10 13 14 4
144 138 6 12 2 3 1 0 6 7 8 9 4 11 10 13 14 5
145 139 6 12 2 3 0 1 6 7 8 9 4 11 10 13 14 5
132 126 6 2 0 3 1 5 6 7 8 9 12 11 10 13 14 4
145 139 6 12 2 3 1 5 6 7 8 0 4 11 10 13 14 9
146 140 6 12 2 3 1 5 6 7 8 4 0 11 10 13 14 9
146 141 5 12 2 3 1 5 6 7 8 4 9 11 10 13 14 0
150 144 6 0 2 3 1 5 6 7 8 4 9 11 10 13 14 12
132 126 6 6 2 3 1 5 0 7 8 9 12 11 10 13 14 4
130 124 6 4 2 3 1 0 6 7 8 9 12 11 10 13 14 5
131 125 6 4 2 3 0 1 6 7 8 9 12 11 10 13 14 5
140 134 6 6 2 3 1 5 0 7 8 9 4 11 10 13 14 12
127 121 6 4 2 3 0 5 6 7 8 1 9 11 10 13 14 12
145 139 6 12 2 3 1 5 6 7 8 9 4 10 0 13 14 11
124 118 6 4 2 3 1 5 6 7 8 12 0 11 10 13 14 9
130 124 6 4 2 3 1 5 6 7 8 9 12 0 10 13 14 11
131 125 6 4 2 3 1 5 6 7 8 9 12 10 0 13 14 11
134 128 6 5 2 3 0 1 6 7 8 9 12 11 10 13 14 4
143 137 6 12 2 3 1 5 6 7 8 9 4 11 10 13 0 14
142 136 6 0 2 3 1 12 6 7 8 9 4 11 10 13 14 5
146 140 6 12 2 3 0 5 6 7 8 1 4 11 10 13 14 9
148 141 7 12 2 3 5 0 6 7 8 1 4 11 10 13 14 9
149 143 6 12 2 3 5 9 6 7 8 1 4 11 10 13 14 0
153 146 7 12 2 3 5 9 6 7 8 0 4 11 10 13 14 1
154 147 7 12 2 3 5 9 6 7 8 4 0 11 10 13 14 1
154 148 6 12 2 3 5 9 6 7 8 4 1 11 10 13 14 0
158 151 7 12 2 3 5 9 6 7 8 0 1 11 10 13 14 4
159 152 7 12 2 3 0 9 6 7 8 5 1 11 10 13 14 4
160 153 7 12 2 3 9 0 6 7 8 5 1 11 10 13 14 4
162 156 6 12 2 3 9 5 6 7 8 0 1 11 10 13 14 4
162 157 5 12 2 3 0 5 6 7 8 9 1 11 10 13 14 4
164 158 6 12 2 3 5 0 6 7 8 9 1 11 10 13 14 4
165 160 5 12 2 3 5 4 6 7 8 9 1 11 10 13 14 0
169 163 6 0 2 3 5 4 6 7 8 9 1 11 10 13 14 12
171 165 6 4 2 3 5 0 6 7 8 9 1 11 10 13 14 12
172 167 5 4 2 3 5 12 6 7 8 9 1 11 10 13 14 0
171 166 5 4 2 3 0 5 6 7 8 9 1 11 10 13 14 12
173 167 6 4 2 0 3 5 6 7 8 9 1 11 10 13 14 12
173 167 6 4 2 3 9 5 6 7 8 0 1 11 10 13 14 12
174 168 6 4 2 3 9 5 6 7 8 1 0 11 10 13 14 12
174 169 5 4 2 3 9 5 6 7 8 1 12 11 10 13 14 0
178 172 6 4 2 3 9 5 6 7 8 0 12 11 10 13 14 1
178 173 5 4 2 3 0 5 6 7 8 9 12 11 10 13 14 1
180 174 6 4 2 3 5 0 6 7 8 9 12 11 10 13 14 1
181 176 5 4 2 3 5 1 6 7 8 9 12 11 10 13 14 0
185 179 6 0 2 3 5 1 6 7 8 9 12 11 10 13 14 4
186 181 5 1 2 3 5 0 6 7 8 9 12 11 10 13 14 4
187 183 4 1 2 3 5 4 6 7 8 9 12 11 10 13 14 0
186 182 4 1 2 3 0 5 6 7 8 9 12 11 10 13 14 4
188 183 5 1 2 0 3 5 6 7 8 9 12 11 10 13 14 4
188 183 5 1 2 3 9 5 6 7 8 0 12 11 10 13 14 4
189 184 5 1 2 3 9 5 6 7 8 12 0 11 10 13 14 4
189 185 4 1 2 3 9 5 6 7 8 12 4 11 10 13 14 0
193 188 5 1 2 3 9 5 6 7 8 0 4 11 10 13 14 12
193 189 4 1 2 3 0 5 6 7 8 9 4 11 10 13 14 12
195 190 5 1 2 3 5 0 6 7 8 9 4 11 10 13 14 12
196 192 4 1 2 3 5 12 6 7 8 9 4 11 10 13 14 0
195 190 5 1 2 0 3 5 6 7 8 9 4 11 10 13 14 12
194 189 5 1 2 3 9 5 6 7 8 4 0 11 10 13 14 12
194 190 4 1 2 3 9 5 6 7 8 4 12 11 10 13 14 0
189 184 5 1 2 3 5 4 6 7 8 9 0 11 10 13 14 12
187 182 5 1 2 3 5 12 6 7 8 9 0 11 10 13 14 4
189 183 6 1 2 3 5 12 6 7 8 0 9 11 10 13 14 4
190 184 6 1 2 3 0 12 6 7 8 5 9 11 10 13 14 4
191 185 6 1 2 3 12 0 6 7 8 5 9 11 10 13 14 4
193 188 5 1 2 3 12 5 6 7 8 0 9 11 10 13 14 4
193 189 4 1 2 3 12 5 6 7 8 9 0 11 10 13 14 4
193 190 3 1 2 3 12 5 6 7 8 9 4 11 10 13 14 0
198 193 5 1 2 3 12 5 6 7 8 0 4 11 10 13 14 9
199 194 5 1 2 3 12 5 6 7 8 4 0 11 10 13 14 9
199 195 4 1 2 3 12 5 6 7 8 4 9 11 10 13 14 0
199 194 5 1 2 3 0 5 6 7 8 12 4 11 10 13 14 9
198 193 5 0 2 3 12 5 6 7 8 9 4 11 10 13 14 1
197 192 5 1 2 3 12 0 6 7 8 9 4 11 10 13 14 5
198 193 5 1 2 3 0 12 6 7 8 9 4 11 10 13 14 5
198 193 5 1 2 3 12 4 6 7 8 9 0 11 10 13 14 5
198 194 4 1 2 3 12 4 6 7 8 9 5 11 10 13 14 0
197 192 5 1 2 3 12 5 6 7 8 9 4 0 10 13 14 11
198 193 5 1 2 3 12 5 6 7 8 9 4 10 0 13 14 11
196 191 5 1 2 3 12 5 6 7 8 9 4 11 10 13 0 14
195 190 5 1 2 3 12 0 6 7 8 9 5 11 10 13 14 4
196 191 5 1 2 3 0 12 6 7 8 9 5 11 10 13 14 4
194 189 5 1 2 3 0 5 6 7 8 12 9 11 10 13 14 4
192 187 5 1 2 3 12 4 6 7 8 5 9 11 10 13 14 0
194 188 6 1 2 3 12 4 6 7 8 5 0 11 10 13 14 9
195 189 6 1 2 3 12 0 6 7 8 5 4 11 10 13 14 9
196 191 5 1 2 3 12 9 6 7 8 5 4 11 10 13 14 0
196 190 6 1 2 3 0 12 6 7 8 5 4 11 10 13 14 9
196 190 6 1 2 3 5 0 6 7 8 12 9 11 10 13 14 4
197 192 5 1 2 3 5 4 6 7 8 12 9 11 10 13 14 0
199 193 6 1 2 3 5 4 6 7 8 12 0 11 10 13 14 9
197 191 6 1 2 3 5 9 6 7 8 12 0 11 10 13 14 4
197 192 5 1 2 3 5 9 6 7 8 12 4 11 10 13 14 0
199 193 6 1 2 3 5 11 6 7 8 9 4 0 10 13 14 12
200 195 5 1 2 3 5 11 6 7 8 9 4 12 10 13 14 0
203 197 6 1 2 3 5 0 6 7 8 9 4 12 10 13 14 11
203 198 5 1 2 3 0 5 6 7 8 9 4 12 10 13 14 11
205 199 6 1 2 0 3 5 6 7 8 9 4 12 10 13 14 11
205 199 6 1 2 3 9 5 6 7 8 0 4 12 10 13 14 11
206 200 6 1 2 3 9 5 6 7 8 4 0 12 10 13 14 11
206 201 5 1 2 3 9 5 6 7 8 4 11 12 10 13 14 0
210 204 6 1 2 3 9 5 6 7 8 0 11 12 10 13 14 4
210 205 5 1 2 3 0 5 6 7 8 9 11 12 10 13 14 4
212 206 6 1 2 3 5 0 6 7 8 9 11 12 10 13 14 4
213 208 5 1 2 3 5 4 6 7 8 9 11 12 10 13 14 0
216 210 6 1 2 3 5 4 6 7 8 9 11 0 10 13 14 12
219 213 6 1 2 3 5 0 6 7 8 9 11 4 10 13 14 12
220 215 5 1 2 3 5 12 6 7 8 9 11 4 10 13 14 0
219 214 5 1 2 3 0 5 6 7 8 9 11 4 10 13 14 12
221 215 6 1 2 0 3 5 6 7 8 9 11 4 10 13 14 12
221 215 6 1 2 3 9 5 6 7 8 0 11 4 10 13 14 12
222 216 6 1 2 3 9 5 6 7 8 11 0 4 10 13 14 12
222 217 5 1 2 3 9 5 6 7 8 11 12 4 10 13 14 0
226 220 6 1 2 3 9 5 6 7 8 0 12 4 10 13 14 11
226 221 5 1 2 3 0 5 6 7 8 9 12 4 10 13 14 11
228 222 6 1 2 3 5 0 6 7 8 9 12 4 10 13 14 11
229 224 5 1 2 3 5 11 6 7 8 9 12 4 10 13 14 0
228 222 6 1 2 0 3 5 6 7 8 9 12 4 10 13 14 11
202 196 6 7 2 3 12 5 6 0 8 9 4 11 10 13 14 1
203 197 6 7 2 3 12 5 6 10 8 9 4 11 0 13 14 1
200 194 6 6 2 3 12 5 0 7 8 9 4 11 10 13 14 1
201 195 6 5 2 3 12 0 6 7 8 9 4 11 10 13 14 1
202 197 5 5 2 3 12 1 6 7 8 9 4 11 10 13 14 0
204 198 6 5 2 3 12 1 6 7 8 9 0 11 10 13 14 4
205 199 6 5 2 3 12 0 6 7 8 9 1 11 10 13 14 4
206 201 5 5 2 3 12 4 6 7 8 9 1 11 10 13 14 0
206 201 5 0 2 3 12 5 6 7 8 9 1 11 10 13 14 4
208 204 4 4 2 3 12 5 6 7 8 9 1 11 10 13 14 0
210 205 5 4 2 3 12 5 6 7 8 9 0 11 10 13 14 1
212 206 6 4 2 3 12 5 6 7 8 0 9 11 10 13 14 1
213 207 6 4 2 3 0 5 6 7 8 12 9 11 10 13 14 1
212 206 6 4 2 3 12 0 6 7 8 9 5 11 10 13 14 1
213 208 5 4 2 3 12 1 6 7 8 9 5 11 10 13 14 0
215 209 6 4 2 3 12 1 6 7 8 9 0 11 10 13 14 5
213 207 6 4 2 3 0 12 6 7 8 9 5 11 10 13 14 1
195 189 6 1 2 3 12 4 6 7 8 0 5 11 10 13 14 9
196 190 6 1 2 3 0 4 6 7 8 12 5 11 10 13 14 9
196 191 5 1 2 3 4 0 6 7 8 12 5 11 10 13 14 9
197 193 4 1 2 3 4 9 6 7 8 12 5 11 10 13 14 0
196 192 4 1 2 3 4 5 6 7 8 12 0 11 10 13 14 9
196 193 3 1 2 3 4 5 6 7 8 12 9 11 10 13 14 0
200 196 4 1 2 3 4 5 6 7 8 0 9 11 10 13 14 12
200 197 3 1 2 3 4 5 6 7 8 9 0 11 10 13 14 12
200 198 2 1 2 3 4 5 6 7 8 9 12 11 10 13 14 0
205 201 4 0 2 3 4 5 6 7 8 9 12 11 10 13 14 1
204 200 4 1 2 3 4 0 6 7 8 9 12 11 10 13 14 5
205 201 4 1 2 3 4 12 6 7 8 9 0 11 10 13 14 5
205 202 3 1 2 3 4 12 6 7 8 9 5 11 10 13 14 0
204 200 4 1 2 3 4 5 6 7 8 9 12 0 10 13 14 11
205 201 4 1 2 3 4 5 6 7 8 9 12 10 0 13 14 11
203 199 4 1 2 3 4 5 6 7 8 9 12 11 10 13 0 14
202 198 4 1 2 3 4 0 6 7 8 9 5 11 10 13 14 12
197 193 4 1 2 3 4 5 6 7 8 0 12 11 10 13 14 9
199 194 5 1 2 3 4 5 6 7 0 8 12 11 10 13 14 9
199 194 5 1 2 3 4 5 6 7 8 14 12 11 10 13 0 9
199 195 4 1 2 3 4 5 6 7 8 14 12 11 10 13 9 0
201 196 5 1 2 3 4 5 6 7 8 14 0 11 10 13 9 12
202 197 5 1 2 3 4 5 6 7 8 0 14 11 10 13 9 12
202 198 4 1 2 3 4 5 6 7 8 9 14 11 10 13 0 12
202 199 3 1 2 3 4 5 6 7 8 9 14 11 10 13 12 0
204 200 4 1 2 3 4 5 6 7 8 9 0 11 10 13 12 14
206 201 5 1 2 3 4 5 6 7 8 0 9 11 10 13 12 14
206 201 5 1 2 3 4 11 6 7 8 9 5 0 10 13 14 12
207 203 4 1 2 3 4 11 6 7 8 9 5 12 10 13 14 0
210 205 5 1 2 3 4 0 6 7 8 9 5 12 10 13 14 11
210 206 4 1 2 3 4 5 6 7 8 9 0 12 10 13 14 11
210 207 3 1 2 3 4 5 6 7 8 9 11 12 10 13 14 0
213 209 4 1 2 3 4 5 6 7 8 9 11 0 10 13 14 12
214 210 4 1 2 3 4 5 6 7 8 9 11 10 0 13 14 12
216 211 5 1 2 3 4 5 6 7 8 9 11 10 13 0 14 12
213 208 5 1 2 3 4 5 6 7 8 9 11 12 10 13 0 14
207 202 5 0 2 3 4 1 6 7 8 9 12 11 10 13 14 5
209 205 4 5 2 3 4 1 6 7 8 9 12 11 10 13 14 0
211 206 5 5 2 3 4 1 6 7 8 9 0 11 10 13 14 12
212 207 5 5 2 3 4 0 6 7 8 9 1 11 10 13 14 12
213 209 4 5 2 3 4 12 6 7 8 9 1 11 10 13 14 0
213 209 4 0 2 3 4 5 6 7 8 9 1 11 10 13 14 12
215 212 3 12 2 3 4 5 6 7 8 9 1 11 10 13 14 0
217 213 4 12 2 3 4 5 6 7 8 9 0 11 10 13 14 1
219 214 5 12 2 3 4 5 6 7 8 0 9 11 10 13 14 1
207 202 5 1 2 3 4 12 6 7 8 0 9 11 10 13 14 5
200 195 5 1 2 3 4 0 6 7 8 12 9 11 10 13 14 5
199 194 5 1 2 3 4 5 6 7 8 12 9 11 10 13 0 14
199 194 5 1 2 3 4 12 6 7 8 0 5 11 10 13 14 9
200 195 5 1 2 3 4 12 6 7 8 5 0 11 10 13 14 9
200 196 4 1 2 3 4 12 6 7 8 5 9 11 10 13 14 0
203 198 5 1 2 3 4 0 6 7 8 5 9 11 10 13 14 12
204 199 5 1 2 3 4 9 6 7 8 5 0 11 10 13 14 12
204 200 4 1 2 3 4 9 6 7 8 5 12 11 10 13 14 0
208 203 5 1 2 3 4 5 6 0 8 9 12 7 10 13 14 11
209 204 5 1 2 3 4 5 6 10 8 9 12 7 0 13 14 11
210 205 5 1 2 3 4 5 6 10 8 9 12 0 7 13 14 11
210 207 3 1 2 3 4 5 6 10 8 9 12 11 7 13 14 0
212 208 4 1 2 3 4 5 6 10 8 9 0 11 7 13 14 12
214 209 5 1 2 3 4 5 6 10 8 0 9 11 7 13 14 12
209 204 5 7 2 3 4 5 6 0 8 9 12 11 10 13 14 1
210 205 5 7 2 3 4 5 6 10 8 9 12 11 0 13 14 1
206 201 5 1 2 3 4 5 6 7 8 9 14 0 10 13 12 11
207 202 5 1 2 3 4 5 6 7 8 9 14 10 0 13 12 11
202 197 5 1 2 3 4 5 6 7 0 8 9 11 10 13 14 12
201 196 5 1 2 3 4 9 6 7 8 0 5 11 10 13 14 12
202 197 5 1 2 3 0 5 6 7 8 4 9 11 10 13 14 12
204 199 5 1 2 3 4 5 6 7 8 9 14 11 10 0 13 12
205 200 5 1 2 3 4 5 6 7 8 9 14 11 0 10 13 12
199 194 5 1 2 3 0 5 6 7 8 4 12 11 10 13 14 9
208 203 5 11 2 3 4 5 6 7 8 9 12 0 10 13 14 1
209 205 4 11 2 3 4 5 6 7 8 9 12 1 10 13 14 0
211 206 5 11 2 3 4 5 6 7 8 9 0 1 10 13 14 12
208 203 5 5 2 3 4 0 6 7 8 9 12 11 10 13 14 1
206 201 5 1 2 3 4 0 6 7 8 9 14 11 10 13 12 5
207 202 5 1 2 3 4 14 6 7 8 9 0 11 10 13 12 5
207 203 4 1 2 3 4 14 6 7 8 9 5 11 10 13 12 0
209 204 5 1 2 3 4 14 6 7 8 9 5 11 10 13 0 12
205 200 5 1 2 3 4 5 6 7 8 9 12 11 10 0 13 14
206 201 5 1 2 3 4 5 6 7 8 9 12 11 0 10 13 14
206 201 5 1 2 3 4 0 6 7 8 9 5 11 10 13 12 14
199 194 5 1 2 3 4 9 6 7 8 12 0 11 10 13 14 5
207 202 5 1 2 3 4 5 6 7 8 0 14 11 10 13 12 9
208 203 5 1 2 3 4 5 6 7 8 14 0 11 10 13 12 9
208 204 4 1 2 3 4 5 6 7 8 14 9 11 10 13 12 0
208 203 5 1 2 3 4 5 6 7 8 12 14 11 10 13 0 9
208 204 4 1 2 3 4 5 6 7 8 12 14 11 10 13 9 0
210 205 5 1 2 3 4 5 6 7 8 12 0 11 10 13 9 14
208 203 5 1 2 3 4 11 6 7 8 9 12 0 10 13 14 5
209 205 4 1 2 3 4 11 6 7 8 9 12 5 10 13 14 0
211 206 5 1 2 3 4 11 6 7 8 9 0 5 10 13 14 12
209 204 5 1 2 3 4 11 6 7 8 9 12 10 0 13 14 5
215 210 5 0 2 3 4 5 6 7 8 9 11 12 10 13 14 1
217 212 5 12 2 3 4 5 6 7 8 9 11 0 10 13 14 1
218 214 4 12 2 3 4 5 6 7 8 9 11 1 10 13 14 0
220 215 5 12 2 3 4 5 6 7 8 9 0 1 10 13 14 11
218 213 5 12 2 3 4 5 6 7 8 9 11 10 0 13 14 1
207 202 5 6 2 3 4 5 0 7 8 9 12 11 10 13 14 1
217 212 5 0 2 3 4 12 6 7 8 9 1 11 10 13 14 5
209 204 5 5 2 3 4 12 6 7 8 9 0 11 10 13 14 1
200 195 5 1 2 3 4 9 6 7 8 0 12 11 10 13 14 5
217 212 5 7 2 3 4 5 6 0 8 9 1 11 10 13 14 12
218 213 5 7 2 3 4 5 6 10 8 9 1 11 0 13 14 12
208 203 5 1 2 3 4 12 6 7 8 9 5 11 10 13 0 14
215 210 5 2 0 3 4 5 6 7 8 9 1 11 10 13 14 12
215 210 5 0 2 3 4 5 6 10 8 9 12 11 7 13 14 1
218 213 5 10 2 3 4 5 6 0 8 9 12 11 7 13 14 1
218 214 4 10 2 3 4 5 6 7 8 9 12 11 0 13 14 1
220 215 5 10 2 3 4 5 6 7 8 9 12 11 13 0 14 1
220 215 5 10 2 3 4 5 6 7 8 9 12 0 11 13 14 1
221 217 4 10 2 3 4 5 6 7 8 9 12 1 11 13 14 0
225 220 5 0 2 3 4 5 6 7 8 9 12 1 11 13 14 10
226 222 4 1 2 3 4 5 6 7 8 9 12 0 11 13 14 10
227 224 3 1 2 3 4 5 6 7 8 9 12 10 11 13 14 0
226 223 3 1 2 3 4 5 6 7 8 9 12 11 0 13 14 10
228 224 4 1 2 3 4 5 6 7 8 9 12 11 13 0 14 10
228 224 4 1 2 3 4 5 6 0 8 9 12 11 7 13 14 10
229 225 4 1 2 3 4 5 6 7 8 9 0 10 11 13 14 12
231 226 5 1 2 3 4 5 6 7 8 0 9 10 11 13 14 12
231 226 5 1 2 3 4 0 6 7 8 9 5 10 11 13 14 12
232 228 4 1 2 3 4 12 6 7 8 9 5 10 11 13 14 0
235 230 5 1 2 3 4 12 6 7 8 9 5 0 11 13 14 10
235 231 4 1 2 3 4 12 6 7 8 9 5 11 0 13 14 10
237 232 5 1 2 3 4 12 6 7 8 9 5 11 13 0 14 10
237 232 5 1 2 3 4 12 6 0 8 9 5 11 7 13 14 10
206 201 5 1 2 3 0 4 6 7 8 9 12 11 10 13 14 5
209 204 5 11 2 3 4 5 6 7 8 9 12 10 0 13 14 1
201 196 5 0 2 3 4 5 6 7 8 12 9 11 10 13 14 1
209 204 5 1 2 3 4 11 6 7 8 9 0 12 10 13 14 5
205 200 5 0 2 3 4 1 6 7 8 9 5 11 10 13 14 12
207 203 4 12 2 3 4 1 6 7 8 9 5 11 10 13 14 0
209 204 5 12 2 3 4 1 6 7 8 9 0 11 10 13 14 5
214 209 5 1 2 3 4 0 6 10 8 9 5 11 7 13 14 12
215 211 4 1 2 3 4 12 6 10 8 9 5 11 7 13 14 0
217 212 5 1 2 3 4 12 6 10 8 9 0 11 7 13 14 5
210 205 5 1 2 3 4 0 6 7 8 9 11 12 10 13 14 5
213 208 5 1 2 3 4 12 6 7 8 9 11 0 10 13 14 5
214 210 4 1 2 3 4 12 6 7 8 9 11 5 10 13 14 0
216 211 5 1 2 3 4 12 6 7 8 9 0 5 10 13 14 11
214 209 5 1 2 3 4 12 6 7 8 9 11 10 0 13 14 5
218 213 5 12 2 3 4 5 6 7 8 9 1 11 10 13 0 14
217 212 5 1 2 3 4 5 6 0 8 9 11 7 10 13 14 12
218 213 5 1 2 3 4 5 6 10 8 9 11 7 0 13 14 12
219 214 5 1 2 3 4 5 6 10 8 9 11 0 7 13 14 12
220 216 4 1 2 3 4 5 6 10 8 9 11 12 7 13 14 0
222 217 5 1 2 3 4 5 6 10 8 9 0 12 7 13 14 11
215 210 5 1 2 3 4 5 6 7 8 0 11 12 10 13 14 9
216 211 5 1 2 3 4 5 6 7 8 11 0 12 10 13 14 9
216 212 4 1 2 3 4 5 6 7 8 11 9 12 10 13 14 0
219 214 5 1 2 3 4 5 6 7 8 11 9 0 10 13 14 12
220 215 5 1 2 3 4 5 6 7 8 11 9 10 0 13 14 12
212 207 5 1 2 3 4 0 6 7 8 9 11 5 10 13 14 12
210 205 5 12 2 3 4 0 6 7 8 9 1 11 10 13 14 5
207 202 5 1 2 3 4 5 6 7 8 9 12 10 13 0 14 11
230 225 5 1 2 3 4 5 6 7 8 9 12 10 11 13 0 14
214 209 5 1 2 3 4 0 6 10 8 9 12 11 7 13 14 5
213 208 5 1 2 3 4 5 6 10 8 9 12 11 7 13 0 14
222 217 5 0 2 3 4 5 6 7 8 9 12 10 11 13 14 1
207 202 5 0 2 3 4 5 6 7 8 9 12 1 10 13 14 11
220 215 5 12 2 3 4 5 6 7 8 0 1 11 10 13 14 9
221 216 5 12 2 3 4 5 6 7 8 1 0 11 10 13 14 9
221 217 4 12 2 3 4 5 6 7 8 1 9 11 10 13 14 0
225 220 5 0 2 3 4 5 6 7 8 1 9 11 10 13 14 12
230 225 5 1 2 3 4 5 6 0 8 9 12 7 11 13 14 10
231 226 5 1 2 3 4 5 6 11 8 9 12 7 0 13 14 10
232 227 5 1 2 3 4 5 6 11 8 9 12 0 7 13 14 10
233 229 4 1 2 3 4 5 6 11 8 9 12 10 7 13 14 0
235 230 5 1 2 3 4 5 6 11 8 9 0 10 7 13 14 12
210 205 5 0 2 3 4 12 6 7 8 9 5 11 10 13 14 1
201 196 5 1 2 3 4 0 6 7 8 5 12 11 10 13 14 9
230 225 5 1 2 3 4 0 6 7 8 9 12 5 11 13 14 10
231 227 4 1 2 3 4 10 6 7 8 9 12 5 11 13 14 0
234 229 5 1 2 3 4 10 6 7 8 9 12 0 11 13 14 5
234 230 4 1 2 3 4 10 6 7 8 9 12 11 0 13 14 5
236 231 5 1 2 3 4 10 6 7 8 9 12 11 13 0 14 5
236 231 5 1 2 3 4 10 6 0 8 9 12 11 7 13 14 5
233 228 5 1 2 3 4 10 6 7 8 9 0 5 11 13 14 12
233 229 4 1 2 3 4 0 6 7 8 9 10 5 11 13 14 12
235 232 3 1 2 3 4 5 6 7 8 9 10 0 11 13 14 12
236 234 2 1 2 3 4 5 6 7 8 9 10 12 11 13 14 0
235 233 2 1 2 3 4 5 6 7 8 9 10 11 0 13 14 12
237 234 3 1 2 3 4 5 6 7 8 9 10 11 13 0 14 12
237 234 3 1 2 3 4 5 6 0 8 9 10 11 7 13 14 12
234 231 3 1 2 3 4 12 6 7 8 9 10 5 11 13 14 0
237 233 4 1 2 3 4 12 6 7 8 9 10 0 11 13 14 5
237 234 3 1 2 3 4 12 6 7 8 9 10 11 0 13 14 5
239 235 4 1 2 3 4 12 6 7 8 9 10 11 13 0 14 5
239 235 4 1 2 3 4 12 6 0 8 9 10 11 7 13 14 5
239 235 4 1 2 3 4 5 6 7 8 9 10 12 11 13 0 14
239 235 4 1 2 3 4 5 6 8 0 9 10 11 7 13 14 12
239 235 4 1 2 3 4 5 0 6 8 9 10 11 7 13 14 12
239 235 4 1 0 3 4 5 6 2 8 9 10 11 7 13 14 12
237 233 4 1 2 3 4 5 0 7 8 9 10 6 11 13 14 12
240 236 4 1 2 3 4 0 6 7 8 9 10 12 11 13 14 5
239 235 4 1 2 3 4 5 6 0 8 9 10 7 11 13 14 12
240 236 4 1 2 3 4 5 6 11 8 9 10 7 0 13 14 12
241 237 4 1 2 3 4 5 6 11 8 9 10 0 7 13 14 12
242 239 3 1 2 3 4 5 6 11 8 9 10 12 7 13 14 0
239 235 4 1 2 3 4 5 6 7 8 9 0 12 11 13 14 10
238 234 4 0 2 3 4 5 6 7 8 9 10 1 11 13 14 12
240 237 3 12 2 3 4 5 6 7 8 9 10 1 11 13 14 0
243 239 4 12 2 3 4 5 6 7 8 9 10 0 11 13 14 1
243 240 3 12 2 3 4 5 6 7 8 9 10 11 0 13 14 1
245 241 4 12 2 3 4 5 6 7 8 9 10 11 13 0 14 1
245 241 4 12 2 3 4 5 6 0 8 9 10 11 7 13 14 1
241 237 4 1 2 3 4 5 6 7 8 0 10 12 11 13 14 9
241 237 4 0 2 3 4 5 6 7 8 9 10 12 11 13 14 1
239 235 4 1 2 3 4 5 6 7 0 9 10 11 13 8 14 12
239 235 4 1 2 3 4 5 6 7 8 9 10 11 13 14 0 12
239 236 3 1 2 3 4 5 6 7 8 9 10 11 13 14 12 0
244 239 5 1 2 3 4 5 6 7 8 0 10 11 13 14 12 9
245 240 5 1 2 3 4 5 6 7 8 12 10 11 13 14 0 9
245 241 4 1 2 3 4 5 6 7 8 12 10 11 13 14 9 0
245 241 4 1 2 3 4 5 6 7 8 12 10 11 13 0 14 9
245 242 3 1 2 3 4 5 6 7 8 12 10 11 0 13 14 9
247 243 4 1 2 3 4 5 6 7 8 12 10 0 11 13 14 9
248 245 3 1 2 3 4 5 6 7 8 12 10 9 11 13 14 0
252 248 4 1 2 3 4 5 6 7 8 0 10 9 11 13 14 12
247 243 4 1 2 3 4 5 6 0 8 12 10 11 7 13 14 9
249 244 5 1 2 3 4 5 6 8 0 12 10 11 7 13 14 9
250 245 5 1 2 3 4 5 6 8 12 0 10 11 7 13 14 9
249 244 5 1 2 3 4 5 0 6 8 12 10 11 7 13 14 9
249 244 5 1 0 3 4 5 6 2 8 12 10 11 7 13 14 9
240 235 5 0 2 3 4 12 6 7 8 9 10 1 11 13 14 5
242 238 4 5 2 3 4 12 6 7 8 9 10 1 11 13 14 0
245 240 5 5 2 3 4 12 6 7 8 9 10 0 11 13 14 1
245 241 4 5 2 3 4 12 6 7 8 9 10 11 0 13 14 1
247 242 5 5 2 3 4 12 6 7 8 9 10 11 13 0 14 1
247 242 5 5 2 3 4 12 6 0 8 9 10 11 7 13 14 1
241 236 5 1 2 3 4 12 6 7 0 9 10 11 13 8 14 5
241 236 5 1 2 3 4 5 6 7 8 9 10 12 11 0 13 14
242 237 5 1 2 3 4 5 6 7 8 9 10 12 0 11 13 14
242 238 4 1 2 3 4 5 6 7 8 9 10 0 12 11 13 14
243 240 3 1 2 3 4 5 6 7 8 9 10 14 12 11 13 0
245 241 4 1 2 3 4 5 6 7 8 9 10 14 12 11 0 13
246 242 4 1 2 3 4 5 6 7 8 9 10 14 12 0 11 13
248 243 5 1 2 3 4 5 6 7 8 9 10 14 0 12 11 13
249 244 5 1 2 3 4 5 6 7 8 9 10 0 14 12 11 13
250 246 4 1 2 3 4 5 6 7 8 9 10 13 14 12 11 0
252 247 5 1 2 3 4 5 6 7 8 9 10 13 14 12 0 11
253 248 5 1 2 3 4 5 6 7 8 9 10 13 14 0 12 11
254 249 5 1 2 3 4 5 6 7 8 9 10 13 0 14 12 11
248 243 5 1 2 3 4 5 6 7 0 9 10 14 12 8 11 13
245 240 5 0 2 3 4 5 6 7 8 9 10 1 12 11 13 14
247 243 4 14 2 3 4 5 6 7 8 9 10 1 12 11 13 0
250 245 5 14 2 3 4 5 6 7 8 9 10 0 12 11 13 1
249 244 5 14 2 3 4 5 6 7 8 9 10 1 12 11 0 13
250 245 5 14 2 3 4 5 6 7 8 9 10 1 12 0 11 13
245 240 5 12 2 3 4 5 6 7 8 0 10 1 11 13 14 9
242 237 5 1 2 3 4 5 6 11 8 9 10 7 13 0 14 12
245 240 5 1 2 3 4 0 6 11 8 9 10 5 7 13 14 12
246 242 4 1 2 3 4 12 6 11 8 9 10 5 7 13 14 0
249 244 5 1 2 3 4 12 6 11 8 9 10 0 7 13 14 5
250 245 5 1 2 3 4 12 6 11 8 9 10 7 0 13 14 5
247 242 5 0 2 3 4 5 6 11 8 9 10 12 7 13 14 1
250 245 5 11 2 3 4 5 6 0 8 9 10 12 7 13 14 1
250 246 4 11 2 3 4 5 6 7 8 9 10 12 0 13 14 1
250 247 3 11 2 3 4 5 6 7 8 9 10 0 12 13 14 1
251 249 2 0 2 3 4 5 6 7 8 9 10 11 12 13 14 1
252 252 0 1 2 3 4 5 6 7 8 9 10 11 12 13 14 0
