0 0 0 12 14 3 0 2 8 11 1 13 9 6 10 7 5 4
15 1 14 12 14 3 2 0 8 11 1 13 9 6 10 7 5 4
16 3 13 12 14 3 2 4 8 11 1 13 9 6 10 7 5 0
20 6 14 12 14 3 2 4 8 11 1 0 9 6 10 7 5 13
20 7 13 12 14 3 2 4 8 11 1 9 0 6 10 7 5 13
20 8 12 12 14 3 2 4 8 11 1 9 13 6 10 7 5 0
24 11 13 0 14 3 2 4 8 11 1 9 13 6 10 7 5 12
27 14 13 11 14 3 2 4 8 0 1 9 13 6 10 7 5 12
28 15 13 11 14 3 2 4 8 1 0 9 13 6 10 7 5 12
29 16 13 11 14 3 2 4 8 1 7 9 13 6 10 0 5 12
30 17 13 11 14 3 2 4 8 1 7 9 13 6 10 5 0 12
30 18 12 11 14 3 2 4 8 1 7 9 13 6 10 5 12 0
34 21 13 0 14 3 2 4 8 1 7 9 13 6 10 5 12 11
36 24 12 1 14 3 2 4 8 0 7 9 13 6 10 5 12 11
36 25 11 1 14 3 2 4 8 7 0 9 13 6 10 5 12 11
37 26 11 1 14 3 2 4 8 7 5 9 13 6 10 0 12 11
38 27 11 1 14 3 2 4 8 7 5 9 13 6 10 12 0 11
38 28 10 1 14 3 2 4 8 7 5 9 13 6 10 12 11 0
41 30 11 1 14 3 2 0 8 7 5 9 13 6 10 12 11 4
44 33 11 1 14 3 2 6 8 7 5 9 13 0 10 12 11 4
45 35 10 1 14 3 2 6 8 7 5 9 13 4 10 12 11 0
48 37 11 1 14 3 2 0 8 7 5 9 13 4 10 12 11 6
49 38 11 1 14 3 0 2 8 7 5 9 13 4 10 12 11 6
49 38 11 1 14 3 2 13 8 7 5 9 0 4 10 12 11 6
49 39 10 1 14 3 2 13 8 7 5 9 6 4 10 12 11 0
52 41 11 1 14 3 2 0 8 7 5 9 6 4 10 12 11 13
55 44 11 1 14 3 2 4 8 7 5 9 6 0 10 12 11 13
56 46 10 1 14 3 2 4 8 7 5 9 6 13 10 12 11 0
59 48 11 1 14 3 2 0 8 7 5 9 6 13 10 12 11 4
60 49 11 1 14 3 0 2 8 7 5 9 6 13 10 12 11 4
60 49 11 1 14 3 2 6 8 7 5 9 0 13 10 12 11 4
60 50 10 1 14 3 2 6 8 7 5 9 4 13 10 12 11 0
63 52 11 1 14 3 2 0 8 7 5 9 4 13 10 12 11 6
66 55 11 1 14 3 2 13 8 7 5 9 4 0 10 12 11 6
67 57 10 1 14 3 2 13 8 7 5 9 4 6 10 12 11 0
70 59 11 1 14 3 2 0 8 7 5 9 4 6 10 12 11 13
71 60 11 1 14 3 0 2 8 7 5 9 4 6 10 12 11 13
67 56 11 1 14 3 2 13 0 7 5 9 4 8 10 12 11 6
51 40 11 1 14 3 2 13 8 7 5 9 6 4 10 12 0 11
52 41 11 1 14 3 2 13 8 7 5 9 6 4 10 0 12 11
53 42 11 1 14 3 2 13 8 7 5 9 6 4 0 10 12 11
54 43 11 1 14 3 2 13 8 7 5 9 6 0 4 10 12 11
54 45 9 1 14 3 2 13 8 7 5 9 6 11 4 10 12 0
57 47 10 1 14 3 2 0 8 7 5 9 6 11 4 10 12 13
58 48 10 1 14 3 0 2 8 7 5 9 6 11 4 10 12 13
58 48 10 1 14 3 2 6 8 7 5 9 0 11 4 10 12 13
58 49 9 1 14 3 2 6 8 7 5 9 13 11 4 10 12 0
61 51 10 1 14 3 2 0 8 7 5 9 13 11 4 10 12 6
62 52 10 1 14 3 0 2 8 7 5 9 13 11 4 10 12 6
60 50 10 1 14 3 2 6 8 7 5 9 13 11 4 10 0 12
61 51 10 1 14 3 2 6 8 7 5 9 13 11 4 0 10 12
62 52 10 1 14 3 2 6 8 7 5 9 13 11 0 4 10 12
62 52 10 1 14 3 2 6 8 7 0 9 13 11 4 5 10 12
56 46 10 1 14 3 2 13 8 7 5 9 6 11 4 10 0 12
57 47 10 1 14 3 2 13 8 7 5 9 6 11 4 0 10 12
58 48 10 1 14 3 2 13 8 7 5 9 6 11 0 4 10 12
58 48 10 1 14 3 2 13 8 7 0 9 6 11 4 5 10 12
56 46 10 1 14 3 2 13 8 7 5 9 0 11 4 10 12 6
58 47 11 1 14 3 2 13 8 7 5 0 9 11 4 10 12 6
59 48 11 1 14 3 2 13 8 7 0 5 9 11 4 10 12 6
60 49 11 1 14 3 2 13 8 7 10 5 9 11 4 0 12 6
61 50 11 1 14 3 2 13 8 7 10 5 9 11 4 12 0 6
61 51 10 1 14 3 2 13 8 7 10 5 9 11 4 12 6 0
65 54 11 1 14 3 2 13 8 7 10 0 9 11 4 12 6 5
65 55 10 1 14 3 2 13 8 7 10 9 0 11 4 12 6 5
65 56 9 1 14 3 2 13 8 7 10 9 5 11 4 12 6 0
68 58 10 1 14 3 2 0 8 7 10 9 5 11 4 12 6 13
68 59 9 1 14 3 2 5 8 7 10 9 0 11 4 12 6 13
68 60 8 1 14 3 2 5 8 7 10 9 13 11 4 12 6 0
70 61 9 1 14 3 2 5 8 7 10 9 13 11 4 12 0 6
71 62 9 1 14 3 2 5 8 7 10 9 13 11 4 0 12 6
72 63 9 1 14 3 2 5 8 7 10 9 13 11 0 4 12 6
72 63 9 1 14 3 2 5 8 7 0 9 13 11 4 10 12 6
74 64 10 1 14 3 2 5 8 7 9 0 13 11 4 10 12 6
75 65 10 1 14 3 2 5 8 7 9 13 0 11 4 10 12 6
75 66 9 1 14 3 2 5 8 7 9 13 6 11 4 10 12 0
79 69 10 1 14 3 2 5 8 7 9 0 6 11 4 10 12 13
79 70 9 1 14 3 2 5 8 7 0 9 6 11 4 10 12 13
80 71 9 1 14 3 2 5 8 7 10 9 6 11 4 0 12 13
81 72 9 1 14 3 2 5 8 7 10 9 6 11 4 12 0 13
81 73 8 1 14 3 2 5 8 7 10 9 6 11 4 12 13 0
83 74 9 1 14 3 2 5 8 7 10 9 0 11 4 12 13 6
81 72 9 1 14 3 2 5 8 7 10 9 6 11 0 4 12 13
83 73 10 1 14 3 2 5 8 7 10 9 6 0 11 4 12 13
84 75 9 1 14 3 2 5 8 7 10 9 6 13 11 4 12 0
86 76 10 1 14 3 2 5 8 7 10 9 6 13 11 4 0 12
87 77 10 1 14 3 2 5 8 7 10 9 6 13 11 0 4 12
88 78 10 1 14 3 2 5 8 7 10 9 6 13 0 11 4 12
89 79 10 1 14 3 2 5 8 7 10 9 6 0 13 11 4 12
90 81 9 1 14 3 2 5 8 7 10 9 6 12 13 11 4 0
92 82 10 1 14 3 2 5 8 7 10 9 6 12 13 11 0 4
93 83 10 1 14 3 2 5 8 7 10 9 6 12 13 0 11 4
93 84 9 1 14 3 2 5 8 7 10 9 6 12 0 13 11 4
93 85 8 1 14 3 2 5 8 7 10 9 6 0 12 13 11 4
94 87 7 1 14 3 2 5 8 7 10 9 6 4 12 13 11 0
96 88 8 1 14 3 2 5 8 7 10 9 6 4 12 13 0 11
96 88 8 1 14 3 2 5 8 7 10 9 0 4 12 13 11 6
94 86 8 1 14 3 2 5 0 7 10 9 6 8 12 13 11 4
96 87 9 1 14 3 2 5 7 0 10 9 6 8 12 13 11 4
97 88 9 1 14 3 2 5 7 10 0 9 6 8 12 13 11 4
97 88 9 1 0 3 2 5 7 14 10 9 6 8 12 13 11 4
97 88 9 1 14 3 2 0 8 7 10 9 6 5 12 13 11 4
98 90 8 1 14 3 2 4 8 7 10 9 6 5 12 13 11 0
101 92 9 1 14 3 2 4 8 7 10 9 6 0 12 13 11 5
102 93 9 1 14 3 2 4 0 7 10 9 6 8 12 13 11 5
100 91 9 1 14 3 2 4 8 7 10 9 6 5 12 13 0 11
97 88 9 1 14 3 2 5 8 0 10 9 6 7 12 13 11 4
98 89 9 1 14 3 2 5 8 10 0 9 6 7 12 13 11 4
98 89 9 1 14 3 2 5 0 8 10 9 6 7 12 13 11 4
99 90 9 1 14 3 2 5 7 8 10 9 6 0 12 13 11 4
100 92 8 1 14 3 2 5 7 8 10 9 6 4 12 13 11 0
102 93 9 1 14 3 2 5 7 8 10 9 6 4 12 13 0 11
102 93 9 1 14 3 2 5 7 8 10 9 0 4 12 13 11 6
96 87 9 0 14 3 2 5 8 7 10 9 6 1 12 13 11 4
98 90 8 4 14 3 2 5 8 7 10 9 6 1 12 13 11 0
101 92 9 4 14 3 2 5 8 7 10 9 6 0 12 13 11 1
102 93 9 4 14 3 2 5 0 7 10 9 6 8 12 13 11 1
100 91 9 4 14 3 2 5 8 7 10 9 6 1 12 13 0 11
100 91 9 4 14 3 2 5 8 7 10 9 0 1 12 13 11 6
97 88 9 14 0 3 2 5 8 7 10 9 6 1 12 13 11 4
97 88 9 8 14 3 2 5 0 7 10 9 6 1 12 13 11 4
98 89 9 8 14 3 2 5 1 7 10 9 6 0 12 13 11 4
99 91 8 8 14 3 2 5 1 7 10 9 6 4 12 13 11 0
103 94 9 0 14 3 2 5 1 7 10 9 6 4 12 13 11 8
103 95 8 1 14 3 2 5 0 7 10 9 6 4 12 13 11 8
104 96 8 1 14 3 2 5 4 7 10 9 6 0 12 13 11 8
105 98 7 1 14 3 2 5 4 7 10 9 6 8 12 13 11 0
107 99 8 1 14 3 2 5 4 7 10 9 6 8 12 13 0 11
107 99 8 1 14 3 2 5 4 7 10 9 0 8 12 13 11 6
109 100 9 1 14 3 2 5 4 7 10 0 9 8 12 13 11 6
110 101 9 1 14 3 2 5 4 7 0 10 9 8 12 13 11 6
110 101 9 1 14 3 2 5 4 7 10 11 9 8 12 13 0 6
110 102 8 1 14 3 2 5 4 7 10 11 9 8 12 13 6 0
114 105 9 1 14 3 2 5 4 7 10 0 9 8 12 13 6 11
114 106 8 1 14 3 2 5 4 7 10 9 0 8 12 13 6 11
114 107 7 1 14 3 2 5 4 7 10 9 11 8 12 13 6 0
117 109 8 1 14 3 2 5 4 7 10 9 11 0 12 13 6 8
118 110 8 1 14 3 2 5 0 7 10 9 11 4 12 13 6 8
116 108 8 1 14 3 2 5 4 7 10 9 11 8 12 13 0 6
118 109 9 1 14 3 2 5 4 7 10 9 11 8 12 0 13 6
119 110 9 1 14 3 2 5 4 7 0 9 11 8 12 10 13 6
118 109 9 1 14 3 2 5 4 7 10 0 11 8 12 13 9 6
119 110 9 1 14 3 2 5 4 7 10 11 0 8 12 13 9 6
119 111 8 1 14 3 2 5 4 7 10 11 6 8 12 13 9 0
122 113 9 1 14 3 2 5 4 7 10 11 6 0 12 13 9 8
123 114 9 1 14 3 2 5 0 7 10 11 6 4 12 13 9 8
121 112 9 1 14 3 2 5 4 7 10 11 6 8 12 13 0 9
119 110 9 1 14 3 0 5 4 7 10 2 11 8 12 13 9 6
108 99 9 1 14 3 2 5 4 0 10 9 6 7 12 13 11 8
109 100 9 1 14 3 2 5 4 10 0 9 6 7 12 13 11 8
109 100 9 1 14 3 2 5 0 4 10 9 6 7 12 13 11 8
110 101 9 1 14 3 2 5 7 4 10 9 6 0 12 13 11 8
111 103 8 1 14 3 2 5 7 4 10 9 6 8 12 13 11 0
113 104 9 1 14 3 2 5 7 4 10 9 6 8 12 13 0 11
113 104 9 1 14 3 2 5 7 4 10 9 0 8 12 13 11 6
107 98 9 0 14 3 2 5 4 7 10 9 6 1 12 13 11 8
109 101 8 8 14 3 2 5 4 7 10 9 6 1 12 13 11 0
112 103 9 8 14 3 2 5 4 7 10 9 6 0 12 13 11 1
113 104 9 8 14 3 2 5 0 7 10 9 6 4 12 13 11 1
111 102 9 8 14 3 2 5 4 7 10 9 6 1 12 13 0 11
113 104 9 1 14 3 2 5 4 7 10 11 9 0 12 13 6 8
114 105 9 1 14 3 2 5 0 7 10 11 9 4 12 13 6 8
110 101 9 1 14 3 0 5 4 7 10 2 9 8 12 13 11 6
105 96 9 1 14 3 2 5 7 0 10 9 6 4 12 13 11 8
106 97 9 1 14 3 2 5 7 10 0 9 6 4 12 13 11 8
106 97 9 1 0 3 2 5 7 14 10 9 6 4 12 13 11 8
116 107 9 1 14 3 2 0 4 7 10 9 5 8 12 13 6 11
117 109 8 1 14 3 2 11 4 7 10 9 5 8 12 13 6 0
120 111 9 1 14 3 2 11 4 7 10 9 5 0 12 13 6 8
122 114 8 1 14 3 2 0 4 7 10 9 5 11 12 13 6 8
123 116 7 1 14 3 2 8 4 7 10 9 5 11 12 13 6 0
122 115 7 1 14 3 2 5 4 7 10 9 0 11 12 13 6 8
122 116 6 1 14 3 2 5 4 7 10 9 8 11 12 13 6 0
124 117 7 1 14 3 2 5 4 7 10 9 8 11 12 13 0 6
126 118 8 1 14 3 2 5 4 7 10 9 8 11 12 0 13 6
127 119 8 1 14 3 2 5 4 7 0 9 8 11 12 10 13 6
125 117 8 1 14 3 2 8 4 7 10 9 5 11 12 13 0 6
125 117 8 1 14 3 2 8 4 7 10 9 0 11 12 13 6 5
123 115 8 1 14 3 0 2 4 7 10 9 5 11 12 13 6 8
124 116 8 1 14 3 2 5 4 7 10 0 9 11 12 13 6 8
125 117 8 1 14 3 2 5 4 7 0 10 9 11 12 13 6 8
125 117 8 1 14 3 2 5 4 7 10 6 9 11 12 13 0 8
125 118 7 1 14 3 2 5 4 7 10 6 9 11 12 13 8 0
129 121 8 1 14 3 2 5 4 7 10 0 9 11 12 13 8 6
129 122 7 1 14 3 2 5 4 7 10 9 0 11 12 13 8 6
129 123 6 1 14 3 2 5 4 7 10 9 6 11 12 13 8 0
131 124 7 1 14 3 2 5 4 7 10 9 6 11 12 13 0 8
133 125 8 1 14 3 2 5 4 7 10 9 6 11 12 0 13 8
134 126 8 1 14 3 2 5 4 7 0 9 6 11 12 10 13 8
133 125 8 1 14 3 2 5 4 7 10 0 6 11 12 13 9 8
134 126 8 1 14 3 2 5 4 7 10 6 0 11 12 13 9 8
134 127 7 1 14 3 2 5 4 7 10 6 8 11 12 13 9 0
136 128 8 1 14 3 2 5 4 7 10 6 8 11 12 13 0 9
130 122 8 1 14 3 2 5 4 7 0 10 9 11 12 13 8 6
134 126 8 1 14 3 2 5 4 7 0 10 6 11 12 13 9 8
134 126 8 0 14 3 2 5 4 7 10 9 6 11 12 13 8 1
135 127 8 14 0 3 2 5 4 7 10 9 6 11 12 13 8 1
135 127 8 4 14 3 2 5 0 7 10 9 6 11 12 13 8 1
130 122 8 1 14 3 2 5 4 7 10 8 9 11 12 13 0 6
130 123 7 1 14 3 2 5 4 7 10 8 9 11 12 13 6 0
132 124 8 1 14 3 2 5 4 7 10 8 0 11 12 13 6 9
130 122 8 1 14 3 0 5 4 7 10 2 9 11 12 13 8 6
127 119 8 0 14 3 2 5 4 7 10 9 8 11 12 13 6 1
128 120 8 14 0 3 2 5 4 7 10 9 8 11 12 13 6 1
128 120 8 4 14 3 2 5 0 7 10 9 8 11 12 13 6 1
131 123 8 1 14 3 2 0 4 7 10 9 5 11 12 13 8 6
132 125 7 1 14 3 2 6 4 7 10 9 5 11 12 13 8 0
134 126 8 1 14 3 2 6 4 7 10 9 5 11 12 13 0 8
134 126 8 1 14 3 2 6 4 7 10 9 0 11 12 13 8 5
132 124 8 1 14 3 0 2 4 7 10 9 5 11 12 13 8 6
127 119 8 1 14 3 2 5 4 7 10 0 8 11 12 13 6 9
128 120 8 1 14 3 2 5 4 7 0 10 8 11 12 13 6 9
128 120 8 1 14 3 0 5 4 7 10 2 8 11 12 13 6 9
134 126 8 1 14 3 2 5 4 7 10 0 6 11 12 13 8 9
135 127 8 1 14 3 2 5 4 7 0 10 6 11 12 13 8 9
135 127 8 1 14 3 2 5 4 7 10 8 6 11 12 13 0 9
135 128 7 1 14 3 2 5 4 7 10 8 6 11 12 13 9 0
137 129 8 1 14 3 2 5 4 7 10 8 0 11 12 13 9 6
134 126 8 1 14 3 0 5 4 7 10 2 6 11 12 13 9 8
133 125 8 1 14 3 2 0 4 7 10 9 6 11 12 13 8 5
134 126 8 1 14 3 0 2 4 7 10 9 6 11 12 13 8 5
133 125 8 1 14 3 2 5 4 7 10 9 6 0 12 13 8 11
134 126 8 1 14 3 2 5 0 7 10 9 6 4 12 13 8 11
126 118 8 1 14 3 2 5 4 7 10 0 8 11 12 13 9 6
127 119 8 1 14 3 2 5 4 7 0 10 8 11 12 13 9 6
127 119 8 1 14 3 0 5 4 7 10 2 8 11 12 13 9 6
135 127 8 1 14 3 0 5 4 7 10 2 6 11 12 13 8 9
125 117 8 1 14 3 0 5 4 7 10 2 9 11 12 13 6 8
127 119 8 1 14 3 2 5 4 7 10 6 0 11 12 13 8 9
126 118 8 1 14 3 2 5 4 7 10 9 8 0 12 13 6 11
127 119 8 1 14 3 2 5 0 7 10 9 8 4 12 13 6 11
126 118 8 1 14 3 2 0 4 7 10 9 8 11 12 13 6 5
127 119 8 1 14 3 0 2 4 7 10 9 8 11 12 13 6 5
129 120 9 1 14 0 3 2 4 7 10 9 8 11 12 13 6 5
130 121 9 1 0 14 3 2 4 7 10 9 8 11 12 13 6 5
119 110 9 0 14 3 2 5 4 7 10 9 11 8 12 13 6 1
121 112 9 8 14 3 2 5 4 7 10 9 11 0 12 13 6 1
122 114 8 8 14 3 2 5 4 7 10 9 11 1 12 13 6 0
124 115 9 8 14 3 2 5 4 7 10 9 11 1 12 13 0 6
106 97 9 1 14 3 2 5 4 7 10 9 6 12 0 13 11 8
105 96 9 4 14 3 2 5 1 7 10 9 6 0 12 13 11 8
106 98 8 4 14 3 2 5 1 7 10 9 6 8 12 13 11 0
108 99 9 4 14 3 2 5 1 7 10 9 6 8 12 13 0 11
109 100 9 1 14 3 2 5 4 7 10 9 6 8 12 0 13 11
110 101 9 1 14 3 2 5 4 7 0 9 6 8 12 10 13 11
109 100 9 1 0 3 2 5 4 14 10 9 6 7 12 13 11 8
110 101 9 1 14 3 2 5 4 7 10 0 6 8 12 13 11 9
111 102 9 1 14 3 2 5 4 7 10 6 0 8 12 13 11 9
111 103 8 1 14 3 2 5 4 7 10 6 9 8 12 13 11 0
114 105 9 1 14 3 2 5 4 7 10 6 9 0 12 13 11 8
115 106 9 1 14 3 2 5 0 7 10 6 9 4 12 13 11 8
111 102 9 1 14 3 2 5 4 7 0 10 6 8 12 13 11 9
111 102 9 1 14 3 0 5 4 7 10 2 6 8 12 13 11 9
108 99 9 14 0 3 2 5 4 7 10 9 6 1 12 13 11 8
109 100 9 1 14 3 2 0 4 7 10 9 6 8 12 13 11 5
112 103 9 1 14 3 2 8 4 7 10 9 6 0 12 13 11 5
113 105 8 1 14 3 2 8 4 7 10 9 6 5 12 13 11 0
115 106 9 1 14 3 2 8 4 7 10 9 6 5 12 13 0 11
115 106 9 1 14 3 2 8 4 7 10 9 0 5 12 13 11 6
116 107 9 1 14 3 2 0 4 7 10 9 8 5 12 13 11 6
118 110 8 1 14 3 2 5 4 7 10 9 8 0 12 13 11 6
119 112 7 1 14 3 2 5 4 7 10 9 8 6 12 13 11 0
121 113 8 1 14 3 2 5 4 7 10 9 8 6 12 13 0 11
121 113 8 1 14 3 2 5 4 7 10 9 0 6 12 13 11 8
119 111 8 1 14 3 2 5 0 7 10 9 8 4 12 13 11 6
117 109 8 1 14 3 2 6 4 7 10 9 8 5 12 13 11 0
120 111 9 1 14 3 2 6 4 7 10 9 8 0 12 13 11 5
121 112 9 1 14 3 2 6 0 7 10 9 8 4 12 13 11 5
119 110 9 1 14 3 2 6 4 7 10 9 8 5 12 13 0 11
119 110 9 1 14 3 2 6 4 7 10 9 0 5 12 13 11 8
124 115 9 1 14 3 2 5 4 7 10 0 8 6 12 13 11 9
125 116 9 1 14 3 2 5 4 7 10 8 0 6 12 13 11 9
125 117 8 1 14 3 2 5 4 7 10 8 9 6 12 13 11 0
128 119 9 1 14 3 2 5 4 7 10 8 9 0 12 13 11 6
129 120 9 1 14 3 2 5 0 7 10 8 9 4 12 13 11 6
127 118 9 1 14 3 2 5 4 7 10 8 9 6 12 13 0 11
128 119 9 1 14 3 2 5 4 7 10 0 9 6 12 13 8 11
128 120 8 1 14 3 2 5 4 7 10 9 0 6 12 13 8 11
128 121 7 1 14 3 2 5 4 7 10 9 11 6 12 13 8 0
131 123 8 1 14 3 2 5 4 7 10 9 11 0 12 13 8 6
132 124 8 1 14 3 2 5 0 7 10 9 11 4 12 13 8 6
130 122 8 1 14 3 2 5 4 7 10 9 11 6 12 13 0 8
132 123 9 1 14 3 2 5 4 7 10 9 11 6 12 0 13 8
133 124 9 1 14 3 2 5 4 7 0 9 11 6 12 10 13 8
133 124 9 1 14 3 2 5 4 7 10 0 11 6 12 13 8 9
134 125 9 1 14 3 2 5 4 7 10 11 0 6 12 13 8 9
134 126 8 1 14 3 2 5 4 7 10 11 9 6 12 13 8 0
137 128 9 1 14 3 2 5 4 7 10 11 9 0 12 13 8 6
138 129 9 1 14 3 2 5 0 7 10 11 9 4 12 13 8 6
136 127 9 1 14 3 2 5 4 7 10 11 9 6 12 13 0 8
134 125 9 1 14 3 2 5 4 7 0 10 11 6 12 13 8 9
109 100 9 1 14 3 2 5 4 7 10 0 6 8 12 13 9 11
110 101 9 1 14 3 2 5 4 7 10 6 0 8 12 13 9 11
110 102 8 1 14 3 2 5 4 7 10 6 11 8 12 13 9 0
113 104 9 1 14 3 2 5 4 7 10 6 11 0 12 13 9 8
114 105 9 1 14 3 2 5 0 7 10 6 11 4 12 13 9 8
112 103 9 1 14 3 2 5 4 7 10 6 11 8 12 13 0 9
110 101 9 1 14 3 2 5 4 7 0 10 6 8 12 13 9 11
110 101 9 1 14 3 0 2 4 7 10 9 6 8 12 13 11 5
125 116 9 1 14 3 2 5 4 7 10 11 8 6 12 13 0 9
125 117 8 1 14 3 2 5 4 7 10 11 8 6 12 13 9 0
128 119 9 1 14 3 2 5 4 7 10 11 8 0 12 13 9 6
129 120 9 1 14 3 2 5 0 7 10 11 8 4 12 13 9 6
127 118 9 1 14 3 2 5 4 7 10 11 0 6 12 13 9 8
123 114 9 1 14 3 2 5 4 7 10 0 8 6 12 13 9 11
124 115 9 1 14 3 2 5 4 7 10 8 0 6 12 13 9 11
124 116 8 1 14 3 2 5 4 7 10 8 11 6 12 13 9 0
127 118 9 1 14 3 2 5 4 7 10 8 11 0 12 13 9 6
128 119 9 1 14 3 2 5 0 7 10 8 11 4 12 13 9 6
122 113 9 1 14 3 2 5 4 0 10 9 8 7 12 13 11 6
123 114 9 1 14 3 2 5 4 10 0 9 8 7 12 13 11 6
123 114 9 1 14 3 2 5 0 4 10 9 8 7 12 13 11 6
124 115 9 1 14 3 2 5 7 4 10 9 8 0 12 13 11 6
125 117 8 1 14 3 2 5 7 4 10 9 8 6 12 13 11 0
127 118 9 1 14 3 2 5 7 4 10 9 8 6 12 13 0 11
127 118 9 1 14 3 2 5 7 4 10 9 0 6 12 13 11 8
123 114 9 1 0 3 2 5 4 14 10 9 8 7 12 13 11 6
124 115 9 1 14 3 2 5 4 7 0 10 8 6 12 13 9 11
128 119 9 1 14 3 2 5 4 7 10 0 11 6 12 13 9 8
129 120 9 1 14 3 2 5 4 7 0 10 11 6 12 13 9 8
129 120 9 1 14 3 0 5 4 7 10 2 11 6 12 13 9 8
133 124 9 0 14 3 2 5 4 7 10 9 11 6 12 13 8 1
135 126 9 6 14 3 2 5 4 7 10 9 11 0 12 13 8 1
136 128 8 6 14 3 2 5 4 7 10 9 11 1 12 13 8 0
138 129 9 6 14 3 2 5 4 7 10 9 11 1 12 13 0 8
138 129 9 6 14 3 2 5 4 7 10 9 0 1 12 13 8 11
110 101 9 1 14 3 2 6 4 7 10 9 0 8 12 13 11 5
110 102 8 1 14 3 2 6 4 7 10 9 5 8 12 13 11 0
113 104 9 1 14 3 2 6 4 7 10 9 5 0 12 13 11 8
114 105 9 1 14 3 2 6 0 7 10 9 5 4 12 13 11 8
112 103 9 1 14 3 2 6 4 7 10 9 5 8 12 13 0 11
129 120 9 1 14 3 2 5 4 7 0 10 9 6 12 13 8 11
130 121 9 1 14 3 2 0 4 7 10 9 5 6 12 13 8 11
131 123 8 1 14 3 2 11 4 7 10 9 5 6 12 13 8 0
133 124 9 1 14 3 2 11 4 7 10 9 5 6 12 13 0 8
133 124 9 1 14 3 2 11 4 7 10 9 0 6 12 13 8 5
123 114 9 1 14 3 2 0 4 7 10 9 8 6 12 13 11 5
124 115 9 1 14 3 0 2 4 7 10 9 8 6 12 13 11 5
124 115 9 1 14 3 2 8 4 7 10 9 0 6 12 13 11 5
124 116 8 1 14 3 2 8 4 7 10 9 5 6 12 13 11 0
127 118 9 1 14 3 2 8 4 7 10 9 5 0 12 13 11 6
128 119 9 1 14 3 2 8 0 7 10 9 5 4 12 13 11 6
126 117 9 1 14 3 2 8 4 7 10 9 5 6 12 13 0 11
132 123 9 1 14 3 2 0 4 7 10 9 11 6 12 13 8 5
135 126 9 1 14 3 2 6 4 7 10 9 11 0 12 13 8 5
136 128 8 1 14 3 2 6 4 7 10 9 11 5 12 13 8 0
138 129 9 1 14 3 2 6 4 7 10 9 11 5 12 13 0 8
138 129 9 1 14 3 2 6 4 7 10 9 0 5 12 13 8 11
136 127 9 1 14 3 2 6 0 7 10 9 11 4 12 13 8 5
133 124 9 1 14 3 0 2 4 7 10 9 11 6 12 13 8 5
123 114 9 1 14 3 2 5 4 7 10 9 8 6 12 0 13 11
124 115 9 1 14 3 2 5 4 7 0 9 8 6 12 10 13 11
134 125 9 1 14 3 2 5 7 0 10 9 11 4 12 13 8 6
135 126 9 1 14 3 2 5 7 10 0 9 11 4 12 13 8 6
135 126 9 1 0 3 2 5 7 14 10 9 11 4 12 13 8 6
101 92 9 8 14 3 2 5 1 7 10 9 0 4 12 13 11 6
124 115 9 0 14 3 2 5 4 7 10 9 8 6 12 13 11 1
126 117 9 6 14 3 2 5 4 7 10 9 8 0 12 13 11 1
127 119 8 6 14 3 2 5 4 7 10 9 8 1 12 13 11 0
129 120 9 6 14 3 2 5 4 7 10 9 8 1 12 13 0 11
129 120 9 6 14 3 2 5 4 7 10 9 0 1 12 13 11 8
127 118 9 6 14 3 2 5 0 7 10 9 8 4 12 13 11 1
124 115 9 1 14 3 0 5 4 7 10 2 8 6 12 13 9 11
129 120 9 1 14 3 0 5 4 7 10 2 9 6 12 13 8 11
115 106 9 1 14 3 0 5 4 7 10 2 9 8 12 13 6 11
121 112 9 1 14 3 2 5 7 0 10 9 8 4 12 13 11 6
122 113 9 1 14 3 2 5 7 10 0 9 8 4 12 13 11 6
122 113 9 1 0 3 2 5 7 14 10 9 8 4 12 13 11 6
106 97 9 4 14 3 2 5 0 7 10 9 6 1 12 13 11 8
131 122 9 1 14 3 0 2 4 7 10 9 5 6 12 13 8 11
113 104 9 1 14 3 2 8 0 7 10 9 6 4 12 13 11 5
116 107 9 1 14 3 2 0 4 7 10 9 5 6 12 13 11 8
117 108 9 1 14 3 0 2 4 7 10 9 5 6 12 13 11 8
125 116 9 1 14 3 2 5 4 7 0 10 8 6 12 13 11 9
135 126 9 1 14 3 2 5 4 0 10 9 11 7 12 13 8 6
136 127 9 1 14 3 2 5 4 10 0 9 11 7 12 13 8 6
136 127 9 1 14 3 2 5 0 4 10 9 11 7 12 13 8 6
137 128 9 1 14 3 2 5 7 4 10 9 11 0 12 13 8 6
138 130 8 1 14 3 2 5 7 4 10 9 11 6 12 13 8 0
140 131 9 1 14 3 2 5 7 4 10 9 11 6 12 13 0 8
140 131 9 1 14 3 2 5 7 4 10 9 0 6 12 13 8 11
136 127 9 1 0 3 2 5 4 14 10 9 11 7 12 13 8 6
133 124 9 1 14 3 2 5 4 7 10 9 11 12 0 13 8 6
115 106 9 1 14 3 2 5 4 7 0 10 9 8 12 13 6 11
134 125 9 4 14 3 2 5 0 7 10 9 11 6 12 13 8 1
134 126 8 4 14 3 2 5 6 7 10 9 11 0 12 13 8 1
135 128 7 4 14 3 2 5 6 7 10 9 11 1 12 13 8 0
139 131 8 0 14 3 2 5 6 7 10 9 11 1 12 13 8 4
140 133 7 1 14 3 2 5 6 7 10 9 11 0 12 13 8 4
141 135 6 1 14 3 2 5 6 7 10 9 11 4 12 13 8 0
143 136 7 1 14 3 2 5 6 7 10 9 11 4 12 13 0 8
143 136 7 1 14 3 2 5 6 7 10 9 0 4 12 13 8 11
145 137 8 1 14 3 2 5 6 7 10 0 9 4 12 13 8 11
146 138 8 1 14 3 2 5 6 7 0 10 9 4 12 13 8 11
146 138 8 1 14 3 2 5 6 7 10 8 9 4 12 13 0 11
146 139 7 1 14 3 2 5 6 7 10 8 9 4 12 13 11 0
150 142 8 1 14 3 2 5 6 7 10 0 9 4 12 13 11 8
150 143 7 1 14 3 2 5 6 7 10 9 0 4 12 13 11 8
150 144 6 1 14 3 2 5 6 7 10 9 8 4 12 13 11 0
153 146 7 1 14 3 2 5 6 7 10 9 8 0 12 13 11 4
152 145 7 1 14 3 2 5 6 7 10 9 8 4 12 13 0 11
154 146 8 1 14 3 2 5 6 7 10 9 8 4 12 0 13 11
155 147 8 1 14 3 2 5 6 7 0 9 8 4 12 10 13 11
154 146 8 1 14 3 2 5 6 7 10 0 8 4 12 13 9 11
155 147 8 1 14 3 2 5 6 7 10 8 0 4 12 13 9 11
155 148 7 1 14 3 2 5 6 7 10 8 11 4 12 13 9 0
158 150 8 1 14 3 2 5 6 7 10 8 11 0 12 13 9 4
157 149 8 1 14 3 2 5 6 7 10 8 11 4 12 13 0 9
155 147 8 1 14 3 2 5 6 7 10 0 8 4 12 13 11 9
156 148 8 1 14 3 2 5 6 7 0 10 8 4 12 13 11 9
156 148 8 1 14 3 2 5 6 7 10 11 8 4 12 13 0 9
156 149 7 1 14 3 2 5 6 7 10 11 8 4 12 13 9 0
159 151 8 1 14 3 2 5 6 7 10 11 8 0 12 13 9 4
158 150 8 1 14 3 2 5 6 7 10 11 0 4 12 13 9 8
156 148 8 1 14 3 0 5 6 7 10 2 8 4 12 13 11 9
155 147 8 1 14 3 2 5 6 7 0 10 8 4 12 13 9 11
145 137 8 1 14 3 2 5 6 7 10 9 11 4 12 0 13 8
146 138 8 1 14 3 2 5 6 7 0 9 11 4 12 10 13 8
154 146 8 1 14 3 2 0 6 7 10 9 8 4 12 13 11 5
157 149 8 1 14 3 2 4 6 7 10 9 8 0 12 13 11 5
158 151 7 1 14 3 2 4 6 7 10 9 8 5 12 13 11 0
160 152 8 1 14 3 2 4 6 7 10 9 8 5 12 13 0 11
160 152 8 1 14 3 2 4 6 7 10 9 0 5 12 13 11 8
161 153 8 1 14 3 2 0 6 7 10 9 4 5 12 13 11 8
163 156 7 1 14 3 2 5 6 7 10 9 4 0 12 13 11 8
164 158 6 1 14 3 2 5 6 7 10 9 4 8 12 13 11 0
166 159 7 1 14 3 2 5 6 7 10 9 4 8 12 13 0 11
166 159 7 1 14 3 2 5 6 7 10 9 0 8 12 13 11 4
162 155 7 1 14 3 2 8 6 7 10 9 4 5 12 13 11 0
165 157 8 1 14 3 2 8 6 7 10 9 4 0 12 13 11 5
164 156 8 1 14 3 2 8 6 7 10 9 4 5 12 13 0 11
164 156 8 1 14 3 2 8 6 7 10 9 0 5 12 13 11 4
155 147 8 1 14 3 2 5 6 7 10 9 8 12 0 13 11 4
155 147 8 1 14 3 2 5 0 7 10 9 8 6 12 13 11 4
146 138 8 1 14 3 2 5 6 7 10 0 11 4 12 13 8 9
147 139 8 1 14 3 2 5 6 7 10 11 0 4 12 13 8 9
147 140 7 1 14 3 2 5 6 7 10 11 9 4 12 13 8 0
150 142 8 1 14 3 2 5 6 7 10 11 9 0 12 13 8 4
147 139 8 1 14 3 2 5 6 7 0 10 11 4 12 13 8 9
147 139 8 1 14 3 0 5 6 7 10 2 11 4 12 13 8 9
144 136 8 1 14 3 2 5 6 0 10 9 11 7 12 13 8 4
145 137 8 1 14 3 2 5 6 10 0 9 11 7 12 13 8 4
145 137 8 1 0 3 2 5 6 14 10 9 11 7 12 13 8 4
145 137 8 1 14 3 2 5 6 7 10 0 11 4 12 13 9 8
146 138 8 1 14 3 2 5 6 7 0 10 11 4 12 13 9 8
146 138 8 1 14 3 0 5 6 7 10 2 11 4 12 13 9 8
137 129 8 4 14 3 2 5 6 7 10 9 11 1 12 13 0 8
142 134 8 1 14 3 2 5 6 7 10 9 11 12 0 13 8 4
155 147 8 1 14 3 2 8 6 7 10 9 0 4 12 13 11 5
155 148 7 1 14 3 2 8 6 7 10 9 5 4 12 13 11 0
158 150 8 1 14 3 2 8 6 7 10 9 5 0 12 13 11 4
157 149 8 1 14 3 2 8 6 7 10 9 5 4 12 13 0 11
149 141 8 1 14 3 2 5 6 7 10 8 9 0 12 13 11 4
144 136 8 1 14 3 2 0 6 7 10 9 11 5 12 13 8 4
145 138 7 1 14 3 2 4 6 7 10 9 11 5 12 13 8 0
148 140 8 1 14 3 2 4 6 7 10 9 11 0 12 13 8 5
147 139 8 1 14 3 2 4 6 7 10 9 11 5 12 13 0 8
151 143 8 1 14 3 0 5 6 7 10 2 9 4 12 13 11 8
165 157 8 1 14 3 2 5 0 7 10 9 4 6 12 13 11 8
149 141 8 1 14 3 2 5 6 7 10 11 9 4 12 13 0 8
162 154 8 1 14 3 0 2 6 7 10 9 4 5 12 13 11 8
155 147 8 1 14 3 0 2 6 7 10 9 8 4 12 13 11 5
151 143 8 1 14 3 2 5 6 7 0 10 9 4 12 13 11 8
146 138 8 1 14 3 0 5 6 7 10 2 9 4 12 13 8 11
169 161 8 0 14 3 2 5 6 7 10 9 4 8 12 13 11 1
171 163 8 8 14 3 2 5 6 7 10 9 4 0 12 13 11 1
172 165 7 8 14 3 2 5 6 7 10 9 4 1 12 13 11 0
174 166 8 8 14 3 2 5 6 7 10 9 4 1 12 13 0 11
174 166 8 8 14 3 2 5 6 7 10 9 0 1 12 13 11 4
155 147 8 1 14 3 0 5 6 7 10 2 8 4 12 13 9 11
169 161 8 1 14 3 2 5 6 7 10 0 4 8 12 13 11 9
170 162 8 1 14 3 2 5 6 7 10 4 0 8 12 13 11 9
170 163 7 1 14 3 2 5 6 7 10 4 9 8 12 13 11 0
173 165 8 1 14 3 2 5 6 7 10 4 9 0 12 13 11 8
172 164 8 1 14 3 2 5 6 7 10 4 9 8 12 13 0 11
173 165 8 1 14 3 2 5 6 7 10 0 9 8 12 13 4 11
173 166 7 1 14 3 2 5 6 7 10 9 0 8 12 13 4 11
173 167 6 1 14 3 2 5 6 7 10 9 11 8 12 13 4 0
176 169 7 1 14 3 2 5 6 7 10 9 11 0 12 13 4 8
175 168 7 1 14 3 2 5 6 7 10 9 11 8 12 13 0 4
177 169 8 1 14 3 2 5 6 7 10 9 11 8 12 0 13 4
178 170 8 1 14 3 2 5 6 7 0 9 11 8 12 10 13 4
177 169 8 1 14 3 2 5 6 7 10 0 11 8 12 13 9 4
178 170 8 1 14 3 2 5 6 7 10 11 0 8 12 13 9 4
178 171 7 1 14 3 2 5 6 7 10 11 4 8 12 13 9 0
181 173 8 1 14 3 2 5 6 7 10 11 4 0 12 13 9 8
180 172 8 1 14 3 2 0 6 7 10 9 11 5 12 13 4 8
181 174 7 1 14 3 2 8 6 7 10 9 11 5 12 13 4 0
184 176 8 1 14 3 2 8 6 7 10 9 11 0 12 13 4 5
183 175 8 1 14 3 2 8 6 7 10 9 11 5 12 13 0 4
183 175 8 1 14 3 2 8 6 7 10 9 0 5 12 13 4 11
184 176 8 1 14 3 2 0 6 7 10 9 8 5 12 13 4 11
186 179 7 1 14 3 2 5 6 7 10 9 8 0 12 13 4 11
186 181 5 1 14 3 2 5 6 7 10 9 8 11 12 13 4 0
188 182 6 1 14 3 2 5 6 7 10 9 8 11 12 13 0 4
188 182 6 1 14 3 2 5 6 7 10 9 0 11 12 13 4 8
190 183 7 1 14 3 2 5 6 7 10 0 9 11 12 13 4 8
191 184 7 1 14 3 2 5 6 7 0 10 9 11 12 13 4 8
191 184 7 1 14 3 2 5 6 7 10 4 9 11 12 13 0 8
191 185 6 1 14 3 2 5 6 7 10 4 9 11 12 13 8 0
195 188 7 1 14 3 2 5 6 7 10 0 9 11 12 13 8 4
195 189 6 1 14 3 2 5 6 7 10 9 0 11 12 13 8 4
195 190 5 1 14 3 2 5 6 7 10 9 4 11 12 13 8 0
197 191 6 1 14 3 2 5 6 7 10 9 4 11 12 13 0 8
199 192 7 1 14 3 2 5 6 7 10 9 4 11 12 0 13 8
200 193 7 1 14 3 2 5 6 7 0 9 4 11 12 10 13 8
199 192 7 1 14 3 2 5 6 7 10 0 4 11 12 13 9 8
200 193 7 1 14 3 2 5 6 7 10 4 0 11 12 13 9 8
200 194 6 1 14 3 2 5 6 7 10 4 8 11 12 13 9 0
202 195 7 1 14 3 2 5 6 7 10 4 8 11 12 13 0 9
199 192 7 1 14 3 2 5 6 7 10 9 4 0 12 13 8 11
200 193 7 1 14 3 2 5 6 7 0 10 4 11 12 13 9 8
200 193 7 1 14 3 0 5 6 7 10 2 4 11 12 13 9 8
200 193 7 1 14 3 2 5 6 7 10 0 4 11 12 13 8 9
201 194 7 1 14 3 2 5 6 7 0 10 4 11 12 13 8 9
201 194 7 1 14 3 2 5 6 7 10 8 4 11 12 13 0 9
201 195 6 1 14 3 2 5 6 7 10 8 4 11 12 13 9 0
203 196 7 1 14 3 2 5 6 7 10 8 0 11 12 13 9 4
201 194 7 1 14 3 0 5 6 7 10 2 4 11 12 13 8 9
200 193 7 0 14 3 2 5 6 7 10 9 4 11 12 13 8 1
201 194 7 14 0 3 2 5 6 7 10 9 4 11 12 13 8 1
199 192 7 1 14 3 2 0 6 7 10 9 4 11 12 13 8 5
200 193 7 1 14 3 0 2 6 7 10 9 4 11 12 13 8 5
200 193 7 1 14 3 2 4 6 7 10 9 0 11 12 13 8 5
200 194 6 1 14 3 2 4 6 7 10 9 5 11 12 13 8 0
202 195 7 1 14 3 2 4 6 7 10 9 5 11 12 13 0 8
190 183 7 1 14 3 2 5 6 7 10 0 8 11 12 13 9 4
191 184 7 1 14 3 2 5 6 7 0 10 8 11 12 13 9 4
191 184 7 1 14 3 0 5 6 7 10 2 8 11 12 13 9 4
196 189 7 1 14 3 0 5 6 7 10 2 9 11 12 13 8 4
191 184 7 1 14 3 0 5 6 7 10 2 9 11 12 13 4 8
190 183 7 1 14 3 2 0 6 7 10 9 5 11 12 13 4 8
191 185 6 1 14 3 2 8 6 7 10 9 5 11 12 13 4 0
193 186 7 1 14 3 2 8 6 7 10 9 5 11 12 13 0 4
193 186 7 1 14 3 2 8 6 7 10 9 0 11 12 13 4 5
191 184 7 1 14 3 0 2 6 7 10 9 5 11 12 13 4 8
193 186 7 1 14 3 2 5 6 7 10 4 0 11 12 13 8 9
191 184 7 0 14 3 2 5 6 7 10 9 8 11 12 13 4 1
192 185 7 14 0 3 2 5 6 7 10 9 8 11 12 13 4 1
190 183 7 1 14 3 2 0 6 7 10 9 8 11 12 13 4 5
191 184 7 1 14 3 0 2 6 7 10 9 8 11 12 13 4 5
185 178 7 1 14 3 2 11 6 7 10 9 8 5 12 13 4 0
196 189 7 1 14 3 2 5 6 7 0 10 9 11 12 13 8 4
190 183 7 1 14 3 2 5 6 7 10 9 8 11 12 0 13 4
191 184 7 1 14 3 2 5 6 7 0 9 8 11 12 10 13 4
197 190 7 1 14 3 2 0 6 7 10 9 5 11 12 13 8 4
198 191 7 1 14 3 0 2 6 7 10 9 5 11 12 13 8 4
196 189 7 1 14 3 2 5 6 7 10 8 9 11 12 13 0 4
196 190 6 1 14 3 2 5 6 7 10 8 9 11 12 13 4 0
198 191 7 1 14 3 2 5 6 7 10 8 0 11 12 13 4 9
191 184 7 1 14 3 2 5 6 7 10 0 8 11 12 13 4 9
192 185 7 1 14 3 2 5 6 7 0 10 8 11 12 13 4 9
192 185 7 1 14 3 0 5 6 7 10 2 8 11 12 13 4 9
194 186 8 1 14 3 5 0 6 7 10 2 8 11 12 13 4 9
195 188 7 1 14 3 5 9 6 7 10 2 8 11 12 13 4 0
199 191 8 1 14 3 5 9 6 7 10 0 8 11 12 13 4 2
200 192 8 1 14 3 5 9 6 7 10 8 0 11 12 13 4 2
200 193 7 1 14 3 5 9 6 7 10 8 2 11 12 13 4 0
204 196 8 1 14 3 5 9 6 7 10 0 2 11 12 13 4 8
205 197 8 1 14 3 5 9 6 7 0 10 2 11 12 13 4 8
205 197 8 1 14 3 5 9 6 7 10 4 2 11 12 13 0 8
205 198 7 1 14 3 5 9 6 7 10 4 2 11 12 13 8 0
209 201 8 1 14 3 5 9 6 7 10 0 2 11 12 13 8 4
210 202 8 1 14 3 5 9 6 7 10 2 0 11 12 13 8 4
210 203 7 1 14 3 5 9 6 7 10 2 4 11 12 13 8 0
214 206 8 1 14 3 5 9 6 7 10 0 4 11 12 13 8 2
215 207 8 1 14 3 5 9 6 7 0 10 4 11 12 13 8 2
215 207 8 1 14 3 5 9 6 7 10 8 4 11 12 13 0 2
215 208 7 1 14 3 5 9 6 7 10 8 4 11 12 13 2 0
219 211 8 1 14 3 5 9 6 7 10 0 4 11 12 13 2 8
220 212 8 1 14 3 5 9 6 7 10 4 0 11 12 13 2 8
220 213 7 1 14 3 5 9 6 7 10 4 8 11 12 13 2 0
224 216 8 1 14 3 5 9 6 7 10 0 8 11 12 13 2 4
225 217 8 1 14 3 5 9 6 7 0 10 8 11 12 13 2 4
225 217 8 1 14 3 0 9 6 7 10 5 8 11 12 13 2 4
226 218 8 1 14 3 9 0 6 7 10 5 8 11 12 13 2 4
228 221 7 1 14 3 9 5 6 7 10 0 8 11 12 13 2 4
228 222 6 1 14 3 0 5 6 7 10 9 8 11 12 13 2 4
230 223 7 1 14 3 5 0 6 7 10 9 8 11 12 13 2 4
231 225 6 1 14 3 5 4 6 7 10 9 8 11 12 13 2 0
233 226 7 1 14 3 5 4 6 7 10 9 8 11 12 13 0 2
233 226 7 1 14 3 5 4 6 7 10 9 0 11 12 13 2 8
234 227 7 1 14 3 5 0 6 7 10 9 4 11 12 13 2 8
235 229 6 1 14 3 5 8 6 7 10 9 4 11 12 13 2 0
234 228 6 1 14 3 0 5 6 7 10 9 4 11 12 13 2 8
236 229 7 1 14 0 3 5 6 7 10 9 4 11 12 13 2 8
237 230 7 1 0 14 3 5 6 7 10 9 4 11 12 13 2 8
237 230 7 1 14 10 3 5 6 7 0 9 4 11 12 13 2 8
236 229 7 1 14 3 9 5 6 7 10 0 4 11 12 13 2 8
237 230 7 1 14 3 9 5 6 7 10 4 0 11 12 13 2 8
237 231 6 1 14 3 9 5 6 7 10 4 8 11 12 13 2 0
239 232 7 1 14 3 9 5 6 7 10 4 8 11 12 13 0 2
240 233 7 1 14 3 9 5 6 7 10 0 8 11 12 13 4 2
240 234 6 1 14 3 0 5 6 7 10 9 8 11 12 13 4 2
242 235 7 1 14 3 5 0 6 7 10 9 8 11 12 13 4 2
243 237 6 1 14 3 5 2 6 7 10 9 8 11 12 13 4 0
245 238 7 1 14 3 5 2 6 7 10 9 8 11 12 13 0 4
245 238 7 1 14 3 5 2 6 7 10 9 0 11 12 13 4 8
246 239 7 1 14 3 5 0 6 7 10 9 2 11 12 13 4 8
247 241 6 1 14 3 5 8 6 7 10 9 2 11 12 13 4 0
246 240 6 1 14 3 0 5 6 7 10 9 2 11 12 13 4 8
248 241 7 1 14 0 3 5 6 7 10 9 2 11 12 13 4 8
249 242 7 1 0 14 3 5 6 7 10 9 2 11 12 13 4 8
241 234 7 1 14 3 9 5 6 7 10 8 0 11 12 13 4 2
241 235 6 1 14 3 9 5 6 7 10 8 2 11 12 13 4 0
243 236 7 1 14 3 9 5 6 7 10 8 2 11 12 13 0 4
244 237 7 1 14 3 9 5 6 7 10 0 2 11 12 13 8 4
244 238 6 1 14 3 0 5 6 7 10 9 2 11 12 13 8 4
246 239 7 1 14 3 5 0 6 7 10 9 2 11 12 13 8 4
247 241 6 1 14 3 5 4 6 7 10 9 2 11 12 13 8 0
249 242 7 1 14 3 5 4 6 7 10 9 2 11 12 13 0 8
249 242 7 1 14 3 5 4 6 7 10 9 0 11 12 13 8 2
250 243 7 1 14 3 5 0 6 7 10 9 4 11 12 13 8 2
251 245 6 1 14 3 5 2 6 7 10 9 4 11 12 13 8 0
250 244 6 1 14 3 0 5 6 7 10 9 4 11 12 13 8 2
252 245 7 1 14 0 3 5 6 7 10 9 4 11 12 13 8 2
253 246 7 1 0 14 3 5 6 7 10 9 4 11 12 13 8 2
237 230 7 1 14 3 5 8 6 7 10 9 4 11 12 13 0 2
253 246 7 1 14 10 3 5 6 7 0 9 4 11 12 13 8 2
252 245 7 1 14 3 9 5 6 7 10 0 4 11 12 13 8 2
253 246 7 1 14 3 9 5 6 7 10 4 0 11 12 13 8 2
253 247 6 1 14 3 9 5 6 7 10 4 2 11 12 13 8 0
255 248 7 1 14 3 9 5 6 7 10 4 2 11 12 13 0 8
253 246 7 1 14 3 9 5 6 7 0 10 4 11 12 13 8 2
253 246 7 1 14 3 9 5 6 7 10 8 4 11 12 13 0 2
253 247 6 1 14 3 9 5 6 7 10 8 4 11 12 13 2 0
253 246 7 1 14 3 5 2 6 7 10 9 4 11 12 13 0 8
237 230 7 1 14 3 9 5 6 7 0 10 4 11 12 13 2 8
243 236 7 1 14 3 5 8 6 7 10 9 0 11 12 13 4 2
230 223 7 1 14 0 3 5 6 7 10 9 8 11 12 13 2 4
231 224 7 1 0 14 3 5 6 7 10 9 8 11 12 13 2 4
231 224 7 1 14 10 3 5 6 7 0 9 8 11 12 13 2 4
229 222 7 1 14 3 9 5 6 7 10 2 8 11 12 13 0 4
229 223 6 1 14 3 9 5 6 7 10 2 8 11 12 13 4 0
231 224 7 1 14 3 9 5 6 7 10 2 0 11 12 13 4 8
246 239 7 1 14 0 3 5 6 7 10 9 2 11 12 13 8 4
247 240 7 1 0 14 3 5 6 7 10 9 2 11 12 13 8 4
247 240 7 1 14 10 3 5 6 7 0 9 2 11 12 13 8 4
249 242 7 1 14 10 3 5 6 7 0 9 2 11 12 13 4 8
245 238 7 1 14 3 9 5 6 7 10 2 0 11 12 13 8 4
245 239 6 1 14 3 9 5 6 7 10 2 4 11 12 13 8 0
242 235 7 1 14 0 3 5 6 7 10 9 8 11 12 13 4 2
243 236 7 1 0 14 3 5 6 7 10 9 8 11 12 13 4 2
243 236 7 1 14 10 3 5 6 7 0 9 8 11 12 13 4 2
227 220 7 1 14 3 9 4 6 7 10 5 8 11 12 13 2 0
247 240 7 1 14 3 5 2 6 7 10 9 0 11 12 13 8 4
229 222 7 1 14 3 9 5 6 7 10 8 0 11 12 13 2 4
229 222 7 1 14 3 9 5 6 7 0 10 8 11 12 13 2 4
231 224 7 1 14 3 5 8 6 7 10 9 0 11 12 13 2 4
237 230 7 1 14 3 9 5 6 7 10 2 4 11 12 13 0 8
232 225 7 1 14 3 9 5 6 7 10 0 2 11 12 13 4 8
233 226 7 1 14 3 9 5 6 7 0 10 2 11 12 13 4 8
249 242 7 1 14 3 5 8 6 7 10 9 2 11 12 13 0 4
245 238 7 1 14 3 9 5 6 7 0 10 2 11 12 13 8 4
241 234 7 1 14 3 9 5 6 7 0 10 8 11 12 13 4 2
243 235 8 1 14 3 9 5 6 0 7 10 8 11 12 13 4 2
244 236 8 1 0 3 9 5 6 14 7 10 8 11 12 13 4 2
243 235 8 1 14 3 9 5 6 7 13 10 8 11 12 0 4 2
244 236 8 1 14 3 9 5 6 7 13 10 8 11 12 4 0 2
244 237 7 1 14 3 9 5 6 7 13 10 8 11 12 4 2 0
248 240 8 1 14 3 9 5 6 7 13 0 8 11 12 4 2 10
248 241 7 1 14 3 0 5 6 7 13 9 8 11 12 4 2 10
250 242 8 1 14 3 5 0 6 7 13 9 8 11 12 4 2 10
251 244 7 1 14 3 5 10 6 7 13 9 8 11 12 4 2 0
253 245 8 1 14 3 5 10 6 7 13 9 8 11 12 4 0 2
254 246 8 1 14 3 5 10 6 7 13 9 8 11 12 0 4 2
254 247 7 1 14 3 5 10 6 7 0 9 8 11 12 13 4 2
256 248 8 1 14 3 5 10 6 7 9 0 8 11 12 13 4 2
257 249 8 1 14 3 5 10 6 7 9 8 0 11 12 13 4 2
257 250 7 1 14 3 5 10 6 7 9 8 2 11 12 13 4 0
257 250 7 1 14 3 5 0 6 7 9 8 10 11 12 13 4 2
258 252 6 1 14 3 5 2 6 7 9 8 10 11 12 13 4 0
257 251 6 1 14 3 0 5 6 7 9 8 10 11 12 13 4 2
258 252 6 1 14 3 8 5 6 7 9 0 10 11 12 13 4 2
258 253 5 1 14 3 8 5 6 7 0 9 10 11 12 13 4 2
260 254 6 1 14 3 8 5 6 0 7 9 10 11 12 13 4 2
261 255 6 1 0 3 8 5 6 14 7 9 10 11 12 13 4 2
260 254 6 1 14 3 8 5 6 7 13 9 10 11 12 0 4 2
261 255 6 1 14 3 8 5 6 7 13 9 10 11 12 4 0 2
261 256 5 1 14 3 8 5 6 7 13 9 10 11 12 4 2 0
260 254 6 1 14 0 8 5 6 7 3 9 10 11 12 13 4 2
261 255 6 1 14 8 0 5 6 7 3 9 10 11 12 13 4 2
261 255 6 1 0 14 8 5 6 7 3 9 10 11 12 13 4 2
259 253 6 1 14 3 8 5 6 7 9 4 10 11 12 13 0 2
259 254 5 1 14 3 8 5 6 7 9 4 10 11 12 13 2 0
263 257 6 1 14 3 8 5 6 7 9 0 10 11 12 13 2 4
263 258 5 1 14 3 8 5 6 7 0 9 10 11 12 13 2 4
265 259 6 1 14 3 8 5 6 0 7 9 10 11 12 13 2 4
266 260 6 1 0 3 8 5 6 14 7 9 10 11 12 13 2 4
265 259 6 1 14 3 8 5 6 7 13 9 10 11 12 0 2 4
266 260 6 1 14 3 8 5 6 7 13 9 10 11 12 2 0 4
266 261 5 1 14 3 8 5 6 7 13 9 10 11 12 2 4 0
265 259 6 1 14 0 8 5 6 7 3 9 10 11 12 13 2 4
266 260 6 1 14 8 0 5 6 7 3 9 10 11 12 13 2 4
266 260 6 1 0 14 8 5 6 7 3 9 10 11 12 13 2 4
264 258 6 1 14 3 8 5 6 7 9 2 10 11 12 13 0 4
264 259 5 1 14 3 8 5 6 7 9 2 10 11 12 13 4 0
264 258 6 1 14 3 0 5 6 7 9 8 10 11 12 13 2 4
266 259 7 1 14 3 5 0 6 7 9 8 10 11 12 13 2 4
267 261 6 1 14 3 5 4 6 7 9 8 10 11 12 13 2 0
271 264 7 1 14 3 5 4 6 7 9 0 10 11 12 13 2 8
271 265 6 1 14 3 5 4 6 7 0 9 10 11 12 13 2 8
273 266 7 1 14 3 5 4 6 0 7 9 10 11 12 13 2 8
274 267 7 1 0 3 5 4 6 14 7 9 10 11 12 13 2 8
273 266 7 1 14 3 5 4 6 7 13 9 10 11 12 0 2 8
274 267 7 1 14 3 5 4 6 7 13 9 10 11 12 2 0 8
274 268 6 1 14 3 5 4 6 7 13 9 10 11 12 2 8 0
277 270 7 1 14 3 5 0 6 7 13 9 10 11 12 2 8 4
277 271 6 1 14 3 0 5 6 7 13 9 10 11 12 2 8 4
279 272 7 1 14 0 3 5 6 7 13 9 10 11 12 2 8 4
280 273 7 1 0 14 3 5 6 7 13 9 10 11 12 2 8 4
280 273 7 1 14 13 3 5 6 7 0 9 10 11 12 2 8 4
281 274 7 1 14 13 3 5 6 7 2 9 10 11 12 0 8 4
282 275 7 1 14 13 3 5 6 7 2 9 10 11 12 8 0 4
282 276 6 1 14 13 3 5 6 7 2 9 10 11 12 8 4 0
279 272 7 1 14 3 9 5 6 7 13 0 10 11 12 2 8 4
280 273 7 1 14 3 9 5 6 7 0 13 10 11 12 2 8 4
281 274 7 1 14 3 9 5 6 7 2 13 10 11 12 0 8 4
282 275 7 1 14 3 9 5 6 7 2 13 10 11 12 8 0 4
282 276 6 1 14 3 9 5 6 7 2 13 10 11 12 8 4 0
286 279 7 1 14 3 9 5 6 7 2 0 10 11 12 8 4 13
286 280 6 1 14 3 0 5 6 7 2 9 10 11 12 8 4 13
288 281 7 1 14 3 5 0 6 7 2 9 10 11 12 8 4 13
289 283 6 1 14 3 5 13 6 7 2 9 10 11 12 8 4 0
291 284 7 1 14 3 5 13 6 7 2 9 10 11 12 8 0 4
292 285 7 1 14 3 5 13 6 7 2 9 10 11 12 0 8 4
293 286 7 1 14 3 5 13 6 7 0 9 10 11 12 2 8 4
288 281 7 1 14 0 3 5 6 7 2 9 10 11 12 8 4 13
289 282 7 1 0 14 3 5 6 7 2 9 10 11 12 8 4 13
289 282 7 1 14 2 3 5 6 7 0 9 10 11 12 8 4 13
289 283 6 1 14 2 3 5 6 7 8 9 10 11 12 0 4 13
290 284 6 1 14 2 3 5 6 7 8 9 10 11 12 4 0 13
290 285 5 1 14 2 3 5 6 7 8 9 10 11 12 4 13 0
295 288 7 1 14 2 3 5 6 7 8 0 10 11 12 4 13 9
296 289 7 1 14 2 3 5 6 7 8 13 10 11 12 4 0 9
296 290 6 1 14 2 3 5 6 7 8 13 10 11 12 4 9 0
297 290 7 1 14 2 3 5 6 7 8 13 10 11 12 0 4 9
296 289 7 1 14 2 0 5 6 7 8 3 10 11 12 4 13 9
297 290 7 1 14 0 2 5 6 7 8 3 10 11 12 4 13 9
298 291 7 1 0 14 2 5 6 7 8 3 10 11 12 4 13 9
271 264 7 0 14 3 8 5 6 7 13 9 10 11 12 2 4 1
272 265 7 14 0 3 8 5 6 7 13 9 10 11 12 2 4 1
268 261 7 1 14 8 9 5 6 7 3 0 10 11 12 13 2 4
269 262 7 1 14 8 9 5 6 7 0 3 10 11 12 13 2 4
269 263 6 1 14 0 9 5 6 7 8 3 10 11 12 13 2 4
270 264 6 1 14 9 0 5 6 7 8 3 10 11 12 13 2 4
271 265 6 1 14 9 3 5 6 7 8 0 10 11 12 13 2 4
272 266 6 1 14 9 3 5 6 7 8 2 10 11 12 13 0 4
272 267 5 1 14 9 3 5 6 7 8 2 10 11 12 13 4 0
276 270 6 1 14 9 3 5 6 7 8 0 10 11 12 13 4 2
277 271 6 1 14 9 3 5 6 7 8 4 10 11 12 13 0 2
277 272 5 1 14 9 3 5 6 7 8 4 10 11 12 13 2 0
277 271 6 1 14 9 0 5 6 7 8 3 10 11 12 13 4 2
278 272 6 1 14 0 9 5 6 7 8 3 10 11 12 13 4 2
279 273 6 1 0 14 9 5 6 7 8 3 10 11 12 13 4 2
270 264 6 1 0 14 9 5 6 7 8 3 10 11 12 13 2 4
272 265 7 0 1 14 9 5 6 7 8 3 10 11 12 13 2 4
274 268 6 4 1 14 9 5 6 7 8 3 10 11 12 13 2 0
278 271 7 4 1 14 9 5 6 7 8 0 10 11 12 13 2 3
278 272 6 4 1 14 0 5 6 7 8 9 10 11 12 13 2 3
279 273 6 4 1 0 14 5 6 7 8 9 10 11 12 13 2 3
280 274 6 4 0 1 14 5 6 7 8 9 10 11 12 13 2 3
281 275 6 0 4 1 14 5 6 7 8 9 10 11 12 13 2 3
283 278 5 3 4 1 14 5 6 7 8 9 10 11 12 13 2 0
285 279 6 3 4 1 14 5 6 7 8 9 10 11 12 13 0 2
287 280 7 3 4 1 14 5 6 7 8 9 10 11 12 0 13 2
284 277 7 5 4 1 14 0 6 7 8 9 10 11 12 13 2 3
285 279 6 5 4 1 14 3 6 7 8 9 10 11 12 13 2 0
289 282 7 0 4 1 14 3 6 7 8 9 10 11 12 13 2 5
290 283 7 4 0 1 14 3 6 7 8 9 10 11 12 13 2 5
291 284 7 4 1 0 14 3 6 7 8 9 10 11 12 13 2 5
292 285 7 4 1 14 0 3 6 7 8 9 10 11 12 13 2 5
293 286 7 4 1 14 3 0 6 7 8 9 10 11 12 13 2 5
293 288 5 4 1 14 3 5 6 7 8 9 10 11 12 13 2 0
297 291 6 0 1 14 3 5 6 7 8 9 10 11 12 13 2 4
297 292 5 1 0 14 3 5 6 7 8 9 10 11 12 13 2 4
298 293 5 1 14 0 3 5 6 7 8 9 10 11 12 13 2 4
298 294 4 1 14 3 0 5 6 7 8 9 10 11 12 13 2 4
300 295 5 1 14 3 5 0 6 7 8 9 10 11 12 13 2 4
301 297 4 1 14 3 5 4 6 7 8 9 10 11 12 13 2 0
303 298 5 1 14 3 5 4 6 7 8 9 10 11 12 13 0 2
300 295 5 1 14 3 9 5 6 7 8 0 10 11 12 13 2 4
301 296 5 1 14 3 9 5 6 7 8 2 10 11 12 13 0 4
301 297 4 1 14 3 9 5 6 7 8 2 10 11 12 13 4 0
305 300 5 1 14 3 9 5 6 7 8 0 10 11 12 13 4 2
305 301 4 1 14 3 0 5 6 7 8 9 10 11 12 13 4 2
307 302 5 1 14 3 5 0 6 7 8 9 10 11 12 13 4 2
308 304 4 1 14 3 5 2 6 7 8 9 10 11 12 13 4 0
310 305 5 1 14 3 5 2 6 7 8 9 10 11 12 13 0 4
307 302 5 1 14 0 3 5 6 7 8 9 10 11 12 13 4 2
308 303 5 1 0 14 3 5 6 7 8 9 10 11 12 13 4 2
306 301 5 1 14 3 9 5 6 7 8 4 10 11 12 13 0 2
306 302 4 1 14 3 9 5 6 7 8 4 10 11 12 13 2 0
311 305 6 0 14 3 9 5 6 7 8 4 10 11 12 13 2 1
312 306 6 14 0 3 9 5 6 7 8 4 10 11 12 13 2 1
310 304 6 1 14 3 9 0 6 7 8 4 10 11 12 13 2 5
313 307 6 1 14 3 9 4 6 7 8 0 10 11 12 13 2 5
313 308 5 1 14 3 0 4 6 7 8 9 10 11 12 13 2 5
313 309 4 1 14 3 4 0 6 7 8 9 10 11 12 13 2 5
313 311 2 1 14 3 4 5 6 7 8 9 10 11 12 13 2 0
315 312 3 1 14 3 4 5 6 7 8 9 10 11 12 13 0 2
317 313 4 1 14 3 4 5 6 7 8 9 10 11 12 0 13 2
317 313 4 1 14 3 4 5 6 7 8 0 10 11 12 13 9 2
318 314 4 1 14 3 4 5 6 7 8 0 10 11 12 13 2 9
319 315 4 1 14 3 4 5 6 7 8 2 10 11 12 13 0 9
319 316 3 1 14 3 4 5 6 7 8 2 10 11 12 13 9 0
318 314 4 0 14 3 4 5 6 7 8 9 10 11 12 13 2 1
319 315 4 14 0 3 4 5 6 7 8 9 10 11 12 13 2 1
317 313 4 1 14 3 4 5 6 7 8 9 10 0 12 13 2 11
316 312 4 1 14 3 4 5 6 7 8 9 0 11 12 13 2 10
318 313 5 1 14 3 4 5 6 7 8 0 9 11 12 13 2 10
319 314 5 1 14 3 4 5 6 7 8 2 9 11 12 13 0 10
319 315 4 1 14 3 4 5 6 7 8 2 9 11 12 13 10 0
323 318 5 1 14 3 4 5 6 7 8 0 9 11 12 13 10 2
323 319 4 1 14 3 4 5 6 7 8 9 0 11 12 13 10 2
323 320 3 1 14 3 4 5 6 7 8 9 2 11 12 13 10 0
325 321 4 1 14 3 4 5 6 7 8 9 2 11 12 13 0 10
327 322 5 1 14 3 4 5 6 7 8 9 2 11 12 0 13 10
327 322 5 1 14 3 4 5 6 7 8 0 2 11 12 13 9 10
328 323 5 1 14 3 4 5 6 7 8 0 2 11 12 13 10 9
329 324 5 1 14 3 4 5 6 7 8 10 2 11 12 13 0 9
329 325 4 1 14 3 4 5 6 7 8 10 2 11 12 13 9 0
328 323 5 0 14 3 4 5 6 7 8 9 2 11 12 13 10 1
329 324 5 14 0 3 4 5 6 7 8 9 2 11 12 13 10 1
315 310 5 1 14 3 4 10 6 7 8 9 0 11 12 13 2 5
315 311 4 1 14 3 4 10 6 7 8 9 5 11 12 13 2 0
317 312 5 1 14 3 4 10 6 7 8 9 5 11 12 13 0 2
320 315 5 1 14 3 4 5 6 7 8 10 0 11 12 13 2 9
320 316 4 1 14 3 4 5 6 7 8 10 9 11 12 13 2 0
320 315 5 1 14 3 4 5 6 7 0 8 10 11 12 13 2 9
320 315 5 1 14 3 0 5 6 7 8 4 10 11 12 13 2 9
317 312 5 1 14 3 4 9 6 7 8 0 10 11 12 13 2 5
318 313 5 1 14 3 4 9 6 7 8 2 10 11 12 13 0 5
318 314 4 1 14 3 4 9 6 7 8 2 10 11 12 13 5 0
322 317 5 1 14 3 4 9 6 7 8 0 10 11 12 13 5 2
323 318 5 1 14 3 4 9 6 7 8 5 10 11 12 13 0 2
323 319 4 1 14 3 4 9 6 7 8 5 10 11 12 13 2 0
326 321 5 1 14 3 4 0 6 7 8 5 10 11 12 13 2 9
321 316 5 1 14 3 4 0 6 7 8 2 10 11 12 13 5 9
324 319 5 1 14 3 4 2 6 7 8 0 10 11 12 13 5 9
325 320 5 1 14 3 4 2 6 7 8 5 10 11 12 13 0 9
325 321 4 1 14 3 4 2 6 7 8 5 10 11 12 13 9 0
329 324 5 1 14 3 4 2 6 7 8 0 10 11 12 13 9 5
329 325 4 1 14 3 4 2 6 7 8 9 10 11 12 13 0 5
329 326 3 1 14 3 4 2 6 7 8 9 10 11 12 13 5 0
332 328 4 1 14 3 4 0 6 7 8 9 10 11 12 13 5 2
336 331 5 1 14 3 4 11 6 7 8 9 10 0 12 13 5 2
337 333 4 1 14 3 4 11 6 7 8 9 10 2 12 13 5 0
340 335 5 1 14 3 4 0 6 7 8 9 10 2 12 13 5 11
339 334 5 1 14 3 4 11 6 7 8 9 10 2 12 13 0 5
335 330 5 0 14 3 4 1 6 7 8 9 10 11 12 13 5 2
337 333 4 2 14 3 4 1 6 7 8 9 10 11 12 13 5 0
340 335 5 2 14 3 4 0 6 7 8 9 10 11 12 13 5 1
339 334 5 2 14 3 4 1 6 7 8 9 10 11 12 13 0 5
336 331 5 14 0 3 4 1 6 7 8 9 10 11 12 13 5 2
327 322 5 1 14 3 4 5 6 7 8 9 2 0 12 13 10 11
316 311 5 0 14 3 4 1 6 7 8 9 10 11 12 13 2 5
318 314 4 5 14 3 4 1 6 7 8 9 10 11 12 13 2 0
320 315 5 5 14 3 4 1 6 7 8 9 10 11 12 13 0 2
317 312 5 14 0 3 4 1 6 7 8 9 10 11 12 13 2 5
321 316 5 14 3 0 4 5 6 7 8 9 10 11 12 13 2 1
323 318 5 1 14 3 4 5 6 7 8 2 10 0 12 13 9 11
321 316 5 5 14 3 4 0 6 7 8 9 10 11 12 13 2 1
322 317 5 1 14 3 4 5 6 7 8 2 0 11 12 13 9 10
321 316 5 14 7 3 4 5 6 0 8 9 10 11 12 13 2 1
320 315 5 0 14 3 4 5 6 7 8 9 10 1 12 13 2 11
322 318 4 11 14 3 4 5 6 7 8 9 10 1 12 13 2 0
324 319 5 11 14 3 4 5 6 7 8 9 10 1 12 13 0 2
321 316 5 14 0 3 4 5 6 7 8 9 10 1 12 13 2 11
321 316 5 11 14 3 4 5 6 7 8 9 10 0 12 13 2 1
319 314 5 1 14 3 4 5 0 7 8 9 10 6 12 13 2 11
319 314 5 1 14 3 4 5 6 7 8 9 10 12 0 13 2 11
319 314 5 1 14 3 4 5 6 7 0 8 10 11 12 13 9 2
324 319 5 0 14 3 4 5 6 7 8 2 10 11 12 13 9 1
325 320 5 14 0 3 4 5 6 7 8 2 10 11 12 13 9 1
334 329 5 1 14 3 4 10 6 7 8 9 0 11 12 13 5 2
334 330 4 1 14 3 4 10 6 7 8 9 2 11 12 13 5 0
337 332 5 1 14 3 4 0 6 7 8 9 2 11 12 13 5 10
336 331 5 1 14 3 4 10 6 7 8 9 2 11 12 13 0 5
331 326 5 1 14 3 4 2 6 7 8 9 10 11 12 0 13 5
320 315 5 6 14 3 4 5 0 7 8 9 10 11 12 13 2 1
321 316 5 1 14 3 4 0 6 7 8 9 10 5 12 13 2 11
322 318 4 1 14 3 4 11 6 7 8 9 10 5 12 13 2 0
324 319 5 1 14 3 4 11 6 7 8 9 10 5 12 13 0 2
323 318 5 1 14 3 4 0 6 7 8 2 10 11 12 13 9 5
334 329 5 0 14 3 4 2 6 7 8 9 10 11 12 13 5 1
335 330 5 14 0 3 4 2 6 7 8 9 10 11 12 13 5 1
332 327 5 1 14 3 4 2 6 7 8 9 0 11 12 13 5 10
319 314 5 1 14 3 4 5 6 7 8 10 0 11 12 13 9 2
321 316 5 1 14 3 4 5 6 7 8 2 0 11 12 13 10 9
319 314 5 1 14 3 0 5 6 7 8 4 10 11 12 13 9 2
319 314 5 1 14 3 4 5 6 7 0 9 10 11 12 8 13 2
322 317 5 1 14 3 4 5 6 7 8 10 9 11 12 13 0 2
325 320 5 1 14 3 4 0 6 7 8 9 5 11 12 13 10 2
326 322 4 1 14 3 4 2 6 7 8 9 5 11 12 13 10 0
328 323 5 1 14 3 4 2 6 7 8 9 5 11 12 13 0 10
328 323 5 1 14 3 4 2 6 7 8 9 0 11 12 13 10 5
334 329 5 1 14 3 0 4 6 7 8 9 10 11 12 13 5 2
318 313 5 1 14 3 4 0 6 7 8 9 5 11 12 13 2 10
322 317 5 7 14 3 4 5 6 0 8 9 10 11 12 13 2 1
323 318 5 7 0 3 4 5 6 14 8 9 10 11 12 13 2 1
324 319 5 0 7 3 4 5 6 14 8 9 10 11 12 13 2 1
325 322 3 1 7 3 4 5 6 14 8 9 10 11 12 13 2 0
327 323 4 1 7 3 4 5 6 14 8 9 10 11 12 13 0 2
329 324 5 1 7 3 4 5 6 14 8 9 10 11 12 0 13 2
329 324 5 1 7 3 4 5 6 14 8 0 10 11 12 13 9 2
333 328 5 1 14 3 4 2 6 7 8 9 10 0 12 13 5 11
330 325 5 1 7 3 4 5 6 14 8 0 10 11 12 13 2 9
331 326 5 1 7 3 4 5 6 14 8 2 10 11 12 13 0 9
331 327 4 1 7 3 4 5 6 14 8 2 10 11 12 13 9 0
321 316 5 1 14 3 4 5 6 7 8 2 10 11 12 0 13 9
329 324 5 1 7 3 4 0 6 14 8 9 10 11 12 13 2 5
329 324 5 1 7 3 4 5 6 14 8 9 10 0 12 13 2 11
332 327 5 1 7 3 4 5 6 0 8 9 10 14 12 13 2 11
332 328 4 1 0 3 4 5 6 7 8 9 10 14 12 13 2 11
334 329 5 1 3 0 4 5 6 7 8 9 10 14 12 13 2 11
334 329 5 0 1 3 4 5 6 7 8 9 10 14 12 13 2 11
336 332 4 11 1 3 4 5 6 7 8 9 10 14 12 13 2 0
339 334 5 11 1 3 4 5 6 7 8 9 10 0 12 13 2 14
340 336 4 0 1 3 4 5 6 7 8 9 10 11 12 13 2 14
342 339 3 14 1 3 4 5 6 7 8 9 10 11 12 13 2 0
340 337 3 1 0 3 4 5 6 7 8 9 10 11 12 13 2 14
342 338 4 1 3 0 4 5 6 7 8 9 10 11 12 13 2 14
342 338 4 1 7 3 4 5 6 0 8 9 10 11 12 13 2 14
344 340 4 14 1 3 4 5 6 7 8 9 10 11 12 13 0 2
346 341 5 14 1 3 4 5 6 7 8 9 10 11 12 0 13 2
343 338 5 5 1 3 4 0 6 7 8 9 10 11 12 13 2 14
344 340 4 5 1 3 4 14 6 7 8 9 10 11 12 13 2 0
348 343 5 0 1 3 4 14 6 7 8 9 10 11 12 13 2 5
348 344 4 1 0 3 4 14 6 7 8 9 10 11 12 13 2 5
350 345 5 1 3 0 4 14 6 7 8 9 10 11 12 13 2 5
350 345 5 1 7 3 4 14 6 0 8 9 10 11 12 13 2 5
346 341 5 5 1 3 4 14 6 7 8 9 10 11 12 13 0 2
346 341 5 14 1 3 4 5 6 7 8 0 10 11 12 13 9 2
328 323 5 1 7 3 4 5 6 14 8 9 0 11 12 13 2 10
317 312 5 1 14 3 4 11 6 7 8 9 10 0 12 13 2 5
328 323 5 1 14 3 4 0 6 7 8 5 10 11 12 13 9 2
344 339 5 1 7 3 4 5 6 8 0 9 10 11 12 13 2 14
319 314 5 1 14 3 4 5 6 7 8 9 10 11 0 12 13 2
327 322 5 1 14 3 4 0 6 7 8 9 2 11 12 13 10 5
344 339 5 1 3 8 4 5 6 7 0 9 10 11 12 13 2 14
346 341 5 14 1 3 4 0 6 7 8 9 10 11 12 13 2 5
344 339 5 7 1 3 4 5 6 0 8 9 10 11 12 13 2 14
345 340 5 7 0 3 4 5 6 1 8 9 10 11 12 13 2 14
346 341 5 0 7 3 4 5 6 1 8 9 10 11 12 13 2 14
348 344 4 14 7 3 4 5 6 1 8 9 10 11 12 13 2 0
350 345 5 14 7 3 4 5 6 1 8 9 10 11 12 13 0 2
345 340 5 14 1 3 4 5 6 7 8 9 0 11 12 13 2 10
342 337 5 6 1 3 4 5 0 7 8 9 10 11 12 13 2 14
347 342 5 14 1 3 4 5 6 7 8 0 10 11 12 13 2 9
348 343 5 14 1 3 4 5 6 7 8 2 10 11 12 13 0 9
348 344 4 14 1 3 4 5 6 7 8 2 10 11 12 13 9 0
352 347 5 0 1 3 4 5 6 7 8 2 10 11 12 13 9 14
352 348 4 1 0 3 4 5 6 7 8 2 10 11 12 13 9 14
354 349 5 1 3 0 4 5 6 7 8 2 10 11 12 13 9 14
354 349 5 1 7 3 4 5 6 0 8 2 10 11 12 13 9 14
321 316 5 1 14 3 4 5 6 0 8 9 10 7 12 13 2 11
322 317 5 1 0 3 4 5 6 14 8 9 10 7 12 13 2 11
338 333 5 11 1 3 4 5 6 7 8 9 10 14 12 13 0 2
344 339 5 1 7 3 4 5 6 12 8 9 10 11 0 13 2 14
344 339 5 1 7 3 4 5 0 6 8 9 10 11 12 13 2 14
344 339 5 1 3 4 0 5 6 7 8 9 10 11 12 13 2 14
336 331 5 14 1 3 4 5 6 7 8 9 10 0 12 13 2 11
340 334 6 14 1 3 4 5 6 0 8 9 10 7 12 13 2 11
341 335 6 14 0 3 4 5 6 1 8 9 10 7 12 13 2 11
342 336 6 0 14 3 4 5 6 1 8 9 10 7 12 13 2 11
344 339 5 11 14 3 4 5 6 1 8 9 10 7 12 13 2 0
347 341 6 11 14 3 4 5 6 1 8 9 10 0 12 13 2 7
348 343 5 0 14 3 4 5 6 1 8 9 10 11 12 13 2 7
350 346 4 1 14 3 4 5 6 0 8 9 10 11 12 13 2 7
351 347 4 1 0 3 4 5 6 14 8 9 10 11 12 13 2 7
350 346 4 7 14 3 4 5 6 1 8 9 10 11 12 13 2 0
352 347 5 7 14 3 4 5 6 1 8 9 10 11 12 13 0 2
353 348 5 1 3 0 4 5 6 14 8 9 10 11 12 13 2 7
353 348 5 0 1 3 4 5 6 14 8 9 10 11 12 13 2 7
355 351 4 7 1 3 4 5 6 14 8 9 10 11 12 13 2 0
357 352 5 7 1 3 4 5 6 14 8 9 10 11 12 13 0 2
356 351 5 14 1 3 4 5 6 0 8 9 10 11 12 13 2 7
352 347 5 1 14 3 4 5 6 8 0 9 10 11 12 13 2 7
352 347 5 1 14 3 4 5 0 6 8 9 10 11 12 13 2 7
352 347 5 1 14 3 4 5 6 12 8 9 10 11 0 13 2 7
349 344 5 14 0 3 4 5 6 1 8 9 10 11 12 13 2 7
351 345 6 14 3 0 4 5 6 1 8 9 10 11 12 13 2 7
358 352 6 14 1 3 4 5 6 8 0 9 10 11 12 13 2 7
346 340 6 1 7 3 4 5 11 6 8 9 10 0 12 13 2 14
347 342 5 1 7 3 4 5 11 6 8 9 10 14 12 13 2 0
349 343 6 1 7 3 4 5 11 6 8 9 10 14 12 13 0 2
349 343 6 1 7 3 4 5 11 0 8 9 10 6 12 13 2 14
349 344 5 1 0 3 4 5 11 7 8 9 10 6 12 13 2 14
351 345 6 1 3 0 4 5 11 7 8 9 10 6 12 13 2 14
351 345 6 0 1 3 4 5 11 7 8 9 10 6 12 13 2 14
353 348 5 14 1 3 4 5 11 7 8 9 10 6 12 13 2 0
356 350 6 14 1 3 4 5 11 7 8 9 10 0 12 13 2 6
356 351 5 14 1 3 4 5 0 7 8 9 10 11 12 13 2 6
358 352 6 14 1 3 4 5 7 0 8 9 10 11 12 13 2 6
359 353 6 14 0 3 4 5 7 1 8 9 10 11 12 13 2 6
360 354 6 0 14 3 4 5 7 1 8 9 10 11 12 13 2 6
362 357 5 1 14 3 4 5 7 0 8 9 10 11 12 13 2 6
362 358 4 1 14 3 4 5 0 7 8 9 10 11 12 13 2 6
364 359 5 1 14 3 4 5 11 7 8 9 10 0 12 13 2 6
365 361 4 1 14 3 4 5 11 7 8 9 10 6 12 13 2 0
367 362 5 1 14 3 4 5 11 7 8 9 10 6 12 13 0 2
363 358 5 1 0 3 4 5 7 14 8 9 10 11 12 13 2 6
362 357 5 6 14 3 4 5 7 1 8 9 10 11 12 13 2 0
364 358 6 6 14 3 4 5 7 1 8 9 10 11 12 13 0 2
365 359 6 1 3 0 4 5 7 14 8 9 10 11 12 13 2 6
312 306 6 1 14 3 5 2 6 7 8 0 10 11 12 13 9 4
313 307 6 1 14 3 0 2 6 7 8 5 10 11 12 13 9 4
314 308 6 1 14 3 2 0 6 7 8 5 10 11 12 13 9 4
316 311 5 1 14 3 2 5 6 7 8 0 10 11 12 13 9 4
316 312 4 1 14 3 2 5 6 7 8 9 10 11 12 13 0 4
316 313 3 1 14 3 2 5 6 7 8 9 10 11 12 13 4 0
321 316 5 1 14 3 2 5 6 7 8 0 10 11 12 13 4 9
322 317 5 1 14 3 2 5 6 7 8 4 10 11 12 13 0 9
322 318 4 1 14 3 2 5 6 7 8 4 10 11 12 13 9 0
322 317 5 1 14 3 0 5 6 7 8 2 10 11 12 13 4 9
321 316 5 0 14 3 2 5 6 7 8 9 10 11 12 13 4 1
322 317 5 14 0 3 2 5 6 7 8 9 10 11 12 13 4 1
320 315 5 1 14 3 2 0 6 7 8 9 10 11 12 13 4 5
321 316 5 1 14 3 0 2 6 7 8 9 10 11 12 13 4 5
320 315 5 1 14 3 2 5 6 7 8 9 10 0 12 13 4 11
319 314 5 1 14 3 2 5 6 7 8 9 0 11 12 13 4 10
318 313 5 1 14 3 2 5 6 7 8 9 10 11 12 0 13 4
317 312 5 1 14 3 0 5 6 7 8 2 10 11 12 13 9 4
315 310 5 1 14 3 2 4 6 7 8 5 10 11 12 13 9 0
319 313 6 1 14 3 2 4 6 7 8 0 10 11 12 13 9 5
319 314 5 1 14 3 2 4 6 7 8 9 10 11 12 13 0 5
319 315 4 1 14 3 2 4 6 7 8 9 10 11 12 13 5 0
322 317 5 1 14 3 2 0 6 7 8 9 10 11 12 13 5 4
323 318 5 1 14 3 0 2 6 7 8 9 10 11 12 13 5 4
325 319 6 1 14 0 3 2 6 7 8 9 10 11 12 13 5 4
326 320 6 1 0 14 3 2 6 7 8 9 10 11 12 13 5 4
325 319 6 1 14 3 9 2 6 7 8 0 10 11 12 13 5 4
326 320 6 1 14 3 9 2 6 7 8 5 10 11 12 13 0 4
326 321 5 1 14 3 9 2 6 7 8 5 10 11 12 13 4 0
329 323 6 1 14 3 9 0 6 7 8 5 10 11 12 13 4 2
330 324 6 1 14 3 0 9 6 7 8 5 10 11 12 13 4 2
321 315 6 1 14 3 2 4 6 7 8 9 10 11 12 0 13 5
326 320 6 1 14 3 2 9 6 7 8 0 10 11 12 13 5 4
327 321 6 1 14 3 2 9 6 7 8 5 10 11 12 13 0 4
327 322 5 1 14 3 2 9 6 7 8 5 10 11 12 13 4 0
330 324 6 1 14 3 2 0 6 7 8 5 10 11 12 13 4 9
331 325 6 1 14 3 0 2 6 7 8 5 10 11 12 13 4 9
327 321 6 1 14 3 0 9 6 7 8 2 10 11 12 13 5 4
328 322 6 1 14 3 9 0 6 7 8 2 10 11 12 13 5 4
329 324 5 1 14 3 9 4 6 7 8 2 10 11 12 13 5 0
326 320 6 1 14 3 2 11 6 7 8 9 10 0 12 13 5 4
327 322 5 1 14 3 2 11 6 7 8 9 10 4 12 13 5 0
330 324 6 1 14 3 2 0 6 7 8 9 10 4 12 13 5 11
331 325 6 1 14 3 0 2 6 7 8 9 10 4 12 13 5 11
329 323 6 1 14 3 2 11 6 7 8 9 10 4 12 13 0 5
325 319 6 0 14 3 2 1 6 7 8 9 10 11 12 13 5 4
327 322 5 4 14 3 2 1 6 7 8 9 10 11 12 13 5 0
330 324 6 4 14 3 2 0 6 7 8 9 10 11 12 13 5 1
331 325 6 4 14 3 0 2 6 7 8 9 10 11 12 13 5 1
329 323 6 4 14 3 2 1 6 7 8 9 10 11 12 13 0 5
326 320 6 14 0 3 2 1 6 7 8 9 10 11 12 13 5 4
327 321 6 0 14 3 2 5 6 7 8 4 10 11 12 13 9 1
328 322 6 14 0 3 2 5 6 7 8 4 10 11 12 13 9 1
324 318 6 1 14 0 3 5 6 7 8 2 10 11 12 13 4 9
325 319 6 1 0 14 3 5 6 7 8 2 10 11 12 13 4 9
323 317 6 1 14 3 2 5 6 7 0 8 10 11 12 13 4 9
324 318 6 1 14 3 2 5 6 0 8 9 10 7 12 13 4 11
325 319 6 1 0 3 2 5 6 14 8 9 10 7 12 13 4 11
323 317 6 1 14 3 2 5 6 7 8 10 0 11 12 13 4 9
323 318 5 1 14 3 2 5 6 7 8 10 9 11 12 13 4 0
325 319 6 1 14 3 2 5 6 7 8 10 9 11 12 13 0 4
326 320 6 1 14 3 2 5 6 7 8 0 9 11 12 13 10 4
326 321 5 1 14 3 2 5 6 7 8 9 0 11 12 13 10 4
326 322 4 1 14 3 2 5 6 7 8 9 4 11 12 13 10 0
328 323 5 1 14 3 2 5 6 7 8 9 4 11 12 13 0 10
330 324 6 1 14 3 2 5 6 7 8 9 4 11 12 0 13 10
330 324 6 1 14 3 2 5 6 7 8 0 4 11 12 13 9 10
331 325 6 1 14 3 0 5 6 7 8 2 4 11 12 13 9 10
331 325 6 1 14 3 2 5 6 7 8 0 4 11 12 13 10 9
332 326 6 1 14 3 2 5 6 7 8 4 0 11 12 13 10 9
332 327 5 1 14 3 2 5 6 7 8 4 9 11 12 13 10 0
334 328 6 1 14 3 2 5 6 7 8 4 9 11 12 13 0 10
332 326 6 1 14 3 2 5 6 7 8 10 4 11 12 13 0 9
332 327 5 1 14 3 2 5 6 7 8 10 4 11 12 13 9 0
332 326 6 1 14 3 0 5 6 7 8 2 4 11 12 13 10 9
331 325 6 0 14 3 2 5 6 7 8 9 4 11 12 13 10 1
332 326 6 14 0 3 2 5 6 7 8 9 4 11 12 13 10 1
323 317 6 6 14 3 2 5 0 7 8 9 10 11 12 13 4 1
324 318 6 5 14 3 2 0 6 7 8 9 10 11 12 13 4 1
325 320 5 5 14 3 2 1 6 7 8 9 10 11 12 13 4 0
327 321 6 5 14 3 2 1 6 7 8 9 10 11 12 13 0 4
325 319 6 5 14 3 0 2 6 7 8 9 10 11 12 13 4 1
324 318 6 1 14 3 2 10 6 7 8 9 0 11 12 13 5 4
324 319 5 1 14 3 2 10 6 7 8 9 4 11 12 13 5 0
327 321 6 1 14 3 2 0 6 7 8 9 4 11 12 13 5 10
328 322 6 1 14 3 0 2 6 7 8 9 4 11 12 13 5 10
326 320 6 1 14 3 2 10 6 7 8 9 4 11 12 13 0 5
324 318 6 1 14 3 2 11 6 7 8 9 10 0 12 13 4 5
325 320 5 1 14 3 2 11 6 7 8 9 10 5 12 13 4 0
327 321 6 1 14 3 2 11 6 7 8 9 10 5 12 13 0 4
323 317 6 0 14 3 2 1 6 7 8 9 10 11 12 13 4 5
324 318 6 14 0 3 2 1 6 7 8 9 10 11 12 13 4 5
319 313 6 1 14 0 3 5 6 7 8 2 10 11 12 13 9 4
320 314 6 1 0 14 3 5 6 7 8 2 10 11 12 13 9 4
326 320 6 1 14 3 2 5 6 7 8 4 10 0 12 13 9 11
324 318 6 11 14 3 2 5 6 7 8 9 10 0 12 13 4 1
325 320 5 11 14 3 2 5 6 7 8 9 10 1 12 13 4 0
327 321 6 11 14 3 2 5 6 7 8 9 10 1 12 13 0 4
324 318 6 1 14 3 2 5 6 7 8 4 10 11 12 0 13 9
319 313 6 1 14 3 5 0 6 7 8 2 10 11 12 13 9 4
320 315 5 1 14 3 5 4 6 7 8 2 10 11 12 13 9 0
322 316 6 1 14 3 5 4 6 7 8 2 10 11 12 13 0 9
326 320 6 1 14 3 2 0 6 7 8 4 10 11 12 13 9 5
322 316 6 1 14 3 2 4 6 7 8 9 0 11 12 13 5 10
322 316 6 1 14 3 2 10 6 7 8 9 0 11 12 13 4 5
322 317 5 1 14 3 2 10 6 7 8 9 5 11 12 13 4 0
324 318 6 1 14 3 2 10 6 7 8 9 5 11 12 13 0 4
324 318 6 14 3 0 2 5 6 7 8 9 10 11 12 13 4 1
325 319 6 14 3 2 0 5 6 7 8 9 10 11 12 13 4 1
330 324 6 1 14 3 2 5 6 7 8 9 4 0 12 13 10 11
328 322 6 1 14 3 2 0 6 7 8 9 5 11 12 13 10 4
329 324 5 1 14 3 2 4 6 7 8 9 5 11 12 13 10 0
331 325 6 1 14 3 2 4 6 7 8 9 5 11 12 13 0 10
331 325 6 1 14 3 2 4 6 7 8 9 0 11 12 13 10 5
329 323 6 1 14 3 0 2 6 7 8 9 5 11 12 13 10 4
325 319 6 7 14 3 2 5 6 0 8 9 10 11 12 13 4 1
326 320 6 7 0 3 2 5 6 14 8 9 10 11 12 13 4 1
327 321 6 0 7 3 2 5 6 14 8 9 10 11 12 13 4 1
328 324 4 1 7 3 2 5 6 14 8 9 10 11 12 13 4 0
330 325 5 1 7 3 2 5 6 14 8 9 10 11 12 13 0 4
332 326 6 1 7 3 2 5 6 14 8 9 10 11 12 0 13 4
332 326 6 1 7 3 2 5 6 14 8 0 10 11 12 13 9 4
333 327 6 1 7 3 0 5 6 14 8 2 10 11 12 13 9 4
333 327 6 1 7 3 2 5 6 14 8 0 10 11 12 13 4 9
334 328 6 1 7 3 2 5 6 14 8 4 10 11 12 13 0 9
334 329 5 1 7 3 2 5 6 14 8 4 10 11 12 13 9 0
334 328 6 1 7 3 0 5 6 14 8 2 10 11 12 13 4 9
332 326 6 1 7 3 2 0 6 14 8 9 10 11 12 13 4 5
333 327 6 1 7 3 0 2 6 14 8 9 10 11 12 13 4 5
332 326 6 1 7 3 2 5 6 14 8 9 10 0 12 13 4 11
335 329 6 1 7 3 2 5 6 0 8 9 10 14 12 13 4 11
335 330 5 1 0 3 2 5 6 7 8 9 10 14 12 13 4 11
337 331 6 1 3 0 2 5 6 7 8 9 10 14 12 13 4 11
338 332 6 1 3 2 0 5 6 7 8 9 10 14 12 13 4 11
337 331 6 0 1 3 2 5 6 7 8 9 10 14 12 13 4 11
339 334 5 11 1 3 2 5 6 7 8 9 10 14 12 13 4 0
342 336 6 11 1 3 2 5 6 7 8 9 10 0 12 13 4 14
343 338 5 0 1 3 2 5 6 7 8 9 10 11 12 13 4 14
345 341 4 14 1 3 2 5 6 7 8 9 10 11 12 13 4 0
343 339 4 1 0 3 2 5 6 7 8 9 10 11 12 13 4 14
345 340 5 1 3 0 2 5 6 7 8 9 10 11 12 13 4 14
346 341 5 1 3 2 0 5 6 7 8 9 10 11 12 13 4 14
345 340 5 1 7 3 2 5 6 0 8 9 10 11 12 13 4 14
347 342 5 14 1 3 2 5 6 7 8 9 10 11 12 13 0 4
349 343 6 14 1 3 2 5 6 7 8 9 10 11 12 0 13 4
349 343 6 14 1 3 2 5 6 7 8 0 10 11 12 13 9 4
350 344 6 14 1 3 0 5 6 7 8 2 10 11 12 13 9 4
323 317 6 1 14 0 3 2 6 7 8 9 10 11 12 13 4 5
324 318 6 1 0 14 3 2 6 7 8 9 10 11 12 13 4 5
325 319 6 1 14 3 2 5 6 7 8 4 0 11 12 13 9 10
321 315 6 1 14 3 2 5 6 7 8 0 9 11 12 13 4 10
322 316 6 1 14 3 0 5 6 7 8 2 9 11 12 13 4 10
320 314 6 1 14 3 2 5 6 7 8 9 10 11 0 12 13 4
331 325 6 1 7 3 2 5 6 14 8 9 0 11 12 13 4 10
323 317 6 0 14 3 2 5 6 7 8 9 10 1 12 13 4 11
324 318 6 14 0 3 2 5 6 7 8 9 10 1 12 13 4 11
327 321 6 1 14 3 0 5 6 7 8 2 9 11 12 13 10 4
330 324 6 1 14 3 2 0 6 7 8 9 4 11 12 13 10 5
331 325 6 1 14 3 0 2 6 7 8 9 4 11 12 13 10 5
324 318 6 1 14 3 2 4 6 7 8 0 10 11 12 13 5 9
324 318 6 1 14 3 2 9 6 7 8 0 10 11 12 13 4 5
325 319 6 1 14 3 2 9 6 7 8 4 10 11 12 13 0 5
325 320 5 1 14 3 2 9 6 7 8 4 10 11 12 13 5 0
328 322 6 1 14 3 2 0 6 7 8 4 10 11 12 13 5 9
325 319 6 1 14 3 0 9 6 7 8 2 10 11 12 13 4 5
320 314 6 1 14 3 2 5 6 7 0 9 10 11 12 8 13 4
324 318 6 1 14 3 5 0 6 7 8 2 10 11 12 13 4 9
325 320 5 1 14 3 5 9 6 7 8 2 10 11 12 13 4 0
327 321 6 1 14 3 5 9 6 7 8 2 10 11 12 13 0 4
347 341 6 1 7 3 2 5 6 8 0 9 10 11 12 13 4 14
317 311 6 1 14 3 2 4 6 7 8 5 10 11 12 13 0 9
347 341 6 1 7 3 2 5 0 6 8 9 10 11 12 13 4 14
322 316 6 1 14 3 2 5 6 7 8 9 10 12 0 13 4 11
347 341 6 7 1 3 2 5 6 0 8 9 10 11 12 13 4 14
348 342 6 7 0 3 2 5 6 1 8 9 10 11 12 13 4 14
349 343 6 0 7 3 2 5 6 1 8 9 10 11 12 13 4 14
351 346 5 14 7 3 2 5 6 1 8 9 10 11 12 13 4 0
353 347 6 14 7 3 2 5 6 1 8 9 10 11 12 13 0 4
347 341 6 1 3 8 2 5 6 7 0 9 10 11 12 13 4 14
349 343 6 14 1 3 2 0 6 7 8 9 10 11 12 13 4 5
351 345 6 0 1 3 2 14 6 7 8 9 10 11 12 13 4 5
353 348 5 5 1 3 2 14 6 7 8 9 10 11 12 13 4 0
351 346 5 1 0 3 2 14 6 7 8 9 10 11 12 13 4 5
353 347 6 1 3 0 2 14 6 7 8 9 10 11 12 13 4 5
354 348 6 1 3 2 0 14 6 7 8 9 10 11 12 13 4 5
355 349 6 1 3 2 14 0 6 7 8 9 10 11 12 13 4 5
355 351 4 1 3 2 14 5 6 7 8 9 10 11 12 13 4 0
357 352 5 1 3 2 14 5 6 7 8 9 10 11 12 13 0 4
359 353 6 1 3 2 14 5 6 7 8 9 10 11 12 0 13 4
324 318 6 1 14 3 2 0 6 7 8 9 10 5 12 13 4 11
325 319 6 1 14 3 0 2 6 7 8 9 10 5 12 13 4 11
359 353 6 1 3 2 14 5 6 7 8 0 10 11 12 13 9 4
360 354 6 1 3 2 0 5 6 7 8 14 10 11 12 13 9 4
361 355 6 1 3 0 2 5 6 7 8 14 10 11 12 13 9 4
361 356 5 1 0 3 2 5 6 7 8 14 10 11 12 13 9 4
363 357 6 0 1 3 2 5 6 7 8 14 10 11 12 13 9 4
365 360 5 4 1 3 2 5 6 7 8 14 10 11 12 13 9 0
369 363 6 4 1 3 2 5 6 7 8 0 10 11 12 13 9 14
369 364 5 4 1 3 2 5 6 7 8 9 10 11 12 13 0 14
368 365 3 4 1 3 2 5 6 7 8 9 10 11 12 13 14 0
372 368 4 0 1 3 2 5 6 7 8 9 10 11 12 13 14 4
372 369 3 1 0 3 2 5 6 7 8 9 10 11 12 13 14 4
374 370 4 1 3 0 2 5 6 7 8 9 10 11 12 13 14 4
375 371 4 1 3 2 0 5 6 7 8 9 10 11 12 13 14 4
374 370 4 1 7 3 2 5 6 0 8 9 10 11 12 13 14 4
376 371 5 1 7 3 2 5 6 8 0 9 10 11 12 13 14 4
376 371 5 1 7 3 2 5 0 6 8 9 10 11 12 13 14 4
376 371 5 1 7 3 2 5 6 12 8 9 10 11 0 13 14 4
377 372 5 1 3 2 5 0 6 7 8 9 10 11 12 13 14 4
378 374 4 1 3 2 5 4 6 7 8 9 10 11 12 13 14 0
377 372 5 1 3 2 9 5 6 7 8 0 10 11 12 13 14 4
376 371 5 1 3 8 2 5 6 7 0 9 10 11 12 13 14 4
376 371 5 7 1 3 2 5 6 0 8 9 10 11 12 13 14 4
377 372 5 7 0 3 2 5 6 1 8 9 10 11 12 13 14 4
378 373 5 0 7 3 2 5 6 1 8 9 10 11 12 13 14 4
380 376 4 4 7 3 2 5 6 1 8 9 10 11 12 13 14 0
375 370 5 11 1 3 2 5 6 7 8 9 10 0 12 13 14 4
376 372 4 11 1 3 2 5 6 7 8 9 10 4 12 13 14 0
380 375 5 0 1 3 2 5 6 7 8 9 10 4 12 13 14 11
380 376 4 1 0 3 2 5 6 7 8 9 10 4 12 13 14 11
382 377 5 1 3 0 2 5 6 7 8 9 10 4 12 13 14 11
383 378 5 1 3 2 0 5 6 7 8 9 10 4 12 13 14 11
382 377 5 1 7 3 2 5 6 0 8 9 10 4 12 13 14 11
371 366 5 4 1 3 2 5 6 7 8 9 0 11 12 13 14 10
374 369 5 6 1 3 2 5 0 7 8 9 10 11 12 13 14 4
373 368 5 4 1 3 2 5 6 7 8 0 10 11 12 13 14 9
374 369 5 4 1 3 0 5 6 7 8 2 10 11 12 13 14 9
372 367 5 4 1 3 2 5 6 7 8 9 10 0 12 13 14 11
372 367 5 4 1 3 2 0 6 7 8 9 10 11 12 13 14 5
374 369 5 0 1 3 2 4 6 7 8 9 10 11 12 13 14 5
376 372 4 5 1 3 2 4 6 7 8 9 10 11 12 13 14 0
374 370 4 1 0 3 2 4 6 7 8 9 10 11 12 13 14 5
376 371 5 1 3 0 2 4 6 7 8 9 10 11 12 13 14 5
377 372 5 1 3 2 0 4 6 7 8 9 10 11 12 13 14 5
377 373 4 1 3 2 4 0 6 7 8 9 10 11 12 13 14 5
377 375 2 1 3 2 4 5 6 7 8 9 10 11 12 13 14 0
382 378 4 1 3 2 4 5 6 7 8 0 10 11 12 13 14 9
382 378 4 0 3 2 4 5 6 7 8 9 10 11 12 13 14 1
383 379 4 3 0 2 4 5 6 7 8 9 10 11 12 13 14 1
383 380 3 3 2 0 4 5 6 7 8 9 10 11 12 13 14 1
385 381 4 3 2 4 0 5 6 7 8 9 10 11 12 13 14 1
385 381 4 3 2 8 4 5 6 7 0 9 10 11 12 13 14 1
381 377 4 1 3 2 4 5 6 7 8 9 10 0 12 13 14 11
380 376 4 1 3 2 4 5 6 7 8 9 10 11 12 13 0 14
380 376 4 1 3 2 4 5 6 7 8 9 0 11 12 13 14 10
382 377 5 1 3 2 4 5 6 7 8 0 9 11 12 13 14 10
382 377 5 1 3 2 4 0 6 7 8 9 5 11 12 13 14 10
383 379 4 1 3 2 4 10 6 7 8 9 5 11 12 13 14 0
382 377 5 1 3 2 4 5 6 7 8 9 10 11 12 0 13 14
382 377 5 1 3 2 4 5 6 7 8 0 10 11 12 13 9 14
385 380 5 1 3 2 4 5 6 0 8 9 10 7 12 13 14 11
386 381 5 1 0 2 4 5 6 3 8 9 10 7 12 13 14 11
386 382 4 1 2 0 4 5 6 3 8 9 10 7 12 13 14 11
388 383 5 1 2 4 0 5 6 3 8 9 10 7 12 13 14 11
388 383 5 1 2 8 4 5 6 3 0 9 10 7 12 13 14 11
389 384 5 1 2 8 4 5 6 0 3 9 10 7 12 13 14 11
385 380 5 1 3 2 4 0 6 7 8 9 10 5 12 13 14 11
386 382 4 1 3 2 4 11 6 7 8 9 10 5 12 13 14 0
381 376 5 1 3 2 4 9 6 7 8 0 10 11 12 13 14 5
379 374 5 1 3 2 4 10 6 7 8 9 0 11 12 13 14 5
380 375 5 0 3 2 4 1 6 7 8 9 10 11 12 13 14 5
382 378 4 5 3 2 4 1 6 7 8 9 10 11 12 13 14 0
381 376 5 3 0 2 4 1 6 7 8 9 10 11 12 13 14 5
381 377 4 3 2 0 4 1 6 7 8 9 10 11 12 13 14 5
383 378 5 3 2 4 0 1 6 7 8 9 10 11 12 13 14 5
384 379 5 3 2 4 1 0 6 7 8 9 10 11 12 13 14 5
384 381 3 3 2 4 1 5 6 7 8 9 10 11 12 13 14 0
388 384 4 0 2 4 1 5 6 7 8 9 10 11 12 13 14 3
392 387 5 7 2 4 1 5 6 0 8 9 10 11 12 13 14 3
391 386 5 11 2 4 1 5 6 7 8 9 10 0 12 13 14 3
392 388 4 11 2 4 1 5 6 7 8 9 10 3 12 13 14 0
396 391 5 0 2 4 1 5 6 7 8 9 10 3 12 13 14 11
373 368 5 4 1 3 0 2 6 7 8 9 10 11 12 13 14 5
387 382 5 3 2 8 4 5 6 7 9 0 10 11 12 13 14 1
383 378 5 1 3 2 4 5 0 7 8 9 10 6 12 13 14 11
383 378 5 1 3 2 4 5 6 7 8 9 10 12 0 13 14 11
384 379 5 0 3 2 4 5 6 7 8 9 10 1 12 13 14 11
386 382 4 11 3 2 4 5 6 7 8 9 10 1 12 13 14 0
385 380 5 3 0 2 4 5 6 7 8 9 10 1 12 13 14 11
385 381 4 3 2 0 4 5 6 7 8 9 10 1 12 13 14 11
387 382 5 3 2 4 0 5 6 7 8 9 10 1 12 13 14 11
387 382 5 3 2 8 4 5 6 7 0 9 10 1 12 13 14 11
384 379 5 1 3 2 4 5 6 7 8 10 0 11 12 13 14 9
384 380 4 1 3 2 4 5 6 7 8 10 9 11 12 13 14 0
384 379 5 1 3 2 0 5 6 7 8 4 10 11 12 13 14 9
385 380 5 1 3 0 2 5 6 7 8 4 10 11 12 13 14 9
385 381 4 1 0 3 2 5 6 7 8 4 10 11 12 13 14 9
387 382 5 0 1 3 2 5 6 7 8 4 10 11 12 13 14 9
389 385 4 9 1 3 2 5 6 7 8 4 10 11 12 13 14 0
393 388 5 9 1 3 2 5 6 7 8 0 10 11 12 13 14 4
394 389 5 9 1 3 0 5 6 7 8 2 10 11 12 13 14 4
387 382 5 3 2 8 4 5 6 7 13 9 10 11 12 0 14 1
387 382 5 1 7 3 2 5 6 0 8 4 10 11 12 13 14 9
384 379 5 1 3 2 4 5 6 7 0 8 10 11 12 13 14 9
385 380 5 1 3 0 4 5 6 7 2 8 10 11 12 13 14 9
385 381 4 1 0 3 4 5 6 7 2 8 10 11 12 13 14 9
387 382 5 0 1 3 4 5 6 7 2 8 10 11 12 13 14 9
389 385 4 9 1 3 4 5 6 7 2 8 10 11 12 13 14 0
393 388 5 9 1 3 4 5 6 7 2 0 10 11 12 13 14 8
394 389 5 9 1 3 4 5 6 7 0 2 10 11 12 13 14 8
387 382 5 1 7 3 4 5 6 0 2 8 10 11 12 13 14 9
388 383 5 1 7 3 4 5 6 2 0 8 10 11 12 13 14 9
388 384 4 1 7 3 4 5 6 2 8 0 10 11 12 13 14 9
390 385 5 1 7 3 4 5 6 2 8 10 0 11 12 13 14 9
390 386 4 1 7 3 4 5 6 2 8 10 9 11 12 13 14 0
394 389 5 1 7 3 4 5 6 2 8 0 9 11 12 13 14 10
394 390 4 1 7 3 4 5 6 2 8 9 0 11 12 13 14 10
393 391 2 1 7 3 4 5 6 2 8 9 10 11 12 13 14 0
398 394 4 0 7 3 4 5 6 2 8 9 10 11 12 13 14 1
401 397 4 2 7 3 4 5 6 0 8 9 10 11 12 13 14 1
401 398 3 2 0 3 4 5 6 7 8 9 10 11 12 13 14 1
401 399 2 0 2 3 4 5 6 7 8 9 10 11 12 13 14 1
402 402 0 1 2 3 4 5 6 7 8 9 10 11 12 13 14 0
