0 0 0 3 0 8 2 4 12 7 5 14 9 1 13 10 6 11
15 1 14 3 8 0 2 4 12 7 5 14 9 1 13 10 6 11
16 2 14 3 8 2 0 4 12 7 5 14 9 1 13 10 6 11
16 3 13 3 8 2 4 0 12 7 5 14 9 1 13 10 6 11
17 5 12 3 8 2 4 11 12 7 5 14 9 1 13 10 6 0
21 8 13 3 8 2 4 11 12 7 5 0 9 1 13 10 6 14
21 9 12 3 8 2 4 11 12 7 5 9 0 1 13 10 6 14
21 10 11 3 8 2 4 11 12 7 5 9 14 1 13 10 6 0
25 13 12 0 8 2 4 11 12 7 5 9 14 1 13 10 6 3
26 15 11 1 8 2 4 11 12 7 5 9 14 0 13 10 6 3
28 18 10 1 8 2 4 0 12 7 5 9 14 11 13 10 6 3
29 20 9 1 8 2 4 3 12 7 5 9 14 11 13 10 6 0
31 21 10 1 8 2 4 3 12 7 5 9 14 11 13 10 0 6
32 22 10 1 8 2 4 3 12 7 5 9 14 11 13 0 10 6
32 23 9 1 8 2 4 3 12 7 5 9 14 11 0 13 10 6
34 24 10 1 8 2 4 3 12 7 5 9 14 0 11 13 10 6
35 26 9 1 8 2 4 3 12 7 5 9 14 6 11 13 10 0
38 28 10 1 8 2 4 0 12 7 5 9 14 6 11 13 10 3
41 31 10 1 8 2 4 6 12 7 5 9 14 0 11 13 10 3
42 33 9 1 8 2 4 6 12 7 5 9 14 3 11 13 10 0
41 32 9 1 8 2 4 6 12 7 5 9 14 11 0 13 10 3
43 33 10 1 8 2 4 6 12 7 5 9 14 11 13 0 10 3
44 34 10 1 8 2 4 6 12 7 5 9 14 11 13 10 0 3
44 35 9 1 8 2 4 6 12 7 5 9 14 11 13 10 3 0
47 37 10 1 8 2 4 0 12 7 5 9 14 11 13 10 3 6
48 38 10 1 8 2 4 14 12 7 5 9 0 11 13 10 3 6
48 39 9 1 8 2 4 14 12 7 5 9 6 11 13 10 3 0
51 41 10 1 8 2 4 0 12 7 5 9 6 11 13 10 3 14
50 40 10 1 8 2 4 14 12 7 5 9 6 11 13 10 0 3
51 41 10 1 8 2 4 14 12 7 5 9 6 11 13 0 10 3
51 42 9 1 8 2 4 14 12 7 5 9 6 11 0 13 10 3
53 43 10 1 8 2 4 14 12 7 5 9 6 0 11 13 10 3
54 45 9 1 8 2 4 14 12 7 5 9 6 3 11 13 10 0
57 47 10 1 8 2 4 0 12 7 5 9 6 3 11 13 10 14
60 50 10 1 8 2 4 3 12 7 5 9 6 0 11 13 10 14
61 52 9 1 8 2 4 3 12 7 5 9 6 14 11 13 10 0
60 51 9 1 8 2 4 3 12 7 5 9 6 11 0 13 10 14
62 52 10 1 8 2 4 3 12 7 5 9 6 11 13 0 10 14
63 53 10 1 8 2 4 3 12 7 5 9 6 11 13 10 0 14
62 54 8 1 8 2 4 3 12 7 5 9 6 11 13 10 14 0
65 56 9 1 8 2 4 0 12 7 5 9 6 11 13 10 14 3
66 57 9 1 8 2 4 6 12 7 5 9 0 11 13 10 14 3
66 58 8 1 8 2 4 6 12 7 5 9 3 11 13 10 14 0
69 60 9 1 8 2 4 0 12 7 5 9 3 11 13 10 14 6
64 55 9 1 8 2 4 3 12 7 5 9 0 11 13 10 14 6
66 56 10 1 8 2 4 3 12 7 5 0 9 11 13 10 14 6
67 57 10 1 8 2 4 3 12 7 0 5 9 11 13 10 14 6
68 58 10 1 8 2 4 3 12 7 10 5 9 11 13 0 14 6
68 59 9 1 8 2 4 3 12 7 10 5 9 11 0 13 14 6
70 60 10 1 8 2 4 3 12 7 10 5 9 0 11 13 14 6
71 62 9 1 8 2 4 3 12 7 10 5 9 6 11 13 14 0
75 65 10 1 8 2 4 3 12 7 10 0 9 6 11 13 14 5
75 66 9 1 8 2 4 3 12 7 10 9 0 6 11 13 14 5
75 67 8 1 8 2 4 3 12 7 10 9 5 6 11 13 14 0
78 69 9 1 8 2 4 0 12 7 10 9 5 6 11 13 14 3
78 70 8 1 8 2 4 5 12 7 10 9 0 6 11 13 14 3
78 71 7 1 8 2 4 5 12 7 10 9 3 6 11 13 14 0
81 73 8 1 8 2 4 5 12 7 10 9 3 0 11 13 14 6
81 74 7 1 8 2 4 5 12 7 10 9 3 11 0 13 14 6
83 75 8 1 8 2 4 5 12 7 10 9 3 11 13 0 14 6
84 76 8 1 8 2 4 5 12 7 0 9 3 11 13 10 14 6
85 77 8 1 8 0 4 5 12 7 2 9 3 11 13 10 14 6
86 78 8 1 0 8 4 5 12 7 2 9 3 11 13 10 14 6
83 75 8 1 8 2 4 5 12 0 10 9 3 11 7 13 14 6
84 76 8 1 8 2 4 5 12 10 0 9 3 11 7 13 14 6
85 77 8 1 8 0 4 5 12 10 2 9 3 11 7 13 14 6
86 78 8 1 0 8 4 5 12 10 2 9 3 11 7 13 14 6
87 79 8 1 10 8 4 5 12 0 2 9 3 11 7 13 14 6
87 80 7 1 10 8 4 5 12 7 2 9 3 11 0 13 14 6
89 81 8 1 10 8 4 5 12 7 2 9 3 11 13 0 14 6
90 82 8 1 10 8 4 5 12 7 0 9 3 11 13 2 14 6
90 83 7 1 10 0 4 5 12 7 8 9 3 11 13 2 14 6
91 84 7 1 0 10 4 5 12 7 8 9 3 11 13 2 14 6
93 85 8 0 1 10 4 5 12 7 8 9 3 11 13 2 14 6
95 88 7 6 1 10 4 5 12 7 8 9 3 11 13 2 14 0
97 89 8 6 1 10 4 5 12 7 8 9 0 11 13 2 14 3
94 86 8 12 1 10 4 5 0 7 8 9 3 11 13 2 14 6
93 85 8 1 7 10 4 5 12 0 8 9 3 11 13 2 14 6
94 86 8 1 7 10 4 5 0 12 8 9 3 11 13 2 14 6
94 86 8 1 7 10 4 5 12 13 8 9 3 11 0 2 14 6
95 87 8 1 7 10 4 5 12 13 8 9 3 11 2 0 14 6
89 81 8 1 10 8 4 5 12 7 2 9 3 0 11 13 14 6
90 83 7 1 10 8 4 5 12 7 2 9 3 6 11 13 14 0
92 84 8 1 10 8 4 5 12 7 2 9 0 6 11 13 14 3
90 82 8 1 10 8 4 5 0 7 2 9 3 12 11 13 14 6
88 80 8 1 10 8 4 5 12 2 0 9 3 11 7 13 14 6
88 81 7 1 10 0 4 5 12 2 8 9 3 11 7 13 14 6
89 82 7 1 0 10 4 5 12 2 8 9 3 11 7 13 14 6
89 83 6 1 2 10 4 5 12 0 8 9 3 11 7 13 14 6
89 84 5 1 2 10 4 5 12 7 8 9 3 11 0 13 14 6
91 85 6 1 2 10 4 5 12 7 8 9 3 11 13 0 14 6
91 85 6 1 2 10 4 5 12 7 8 9 3 0 11 13 14 6
92 87 5 1 2 10 4 5 12 7 8 9 3 6 11 13 14 0
94 88 6 1 2 10 4 5 12 7 8 9 0 6 11 13 14 3
92 86 6 1 2 10 4 5 0 7 8 9 3 12 11 13 14 6
90 84 6 1 2 10 4 5 0 12 8 9 3 11 7 13 14 6
92 85 7 1 2 10 4 5 11 12 8 9 3 0 7 13 14 6
93 87 6 1 2 10 4 5 11 12 8 9 3 6 7 13 14 0
95 88 7 1 2 10 4 5 11 12 8 9 0 6 7 13 14 3
95 88 7 1 2 10 4 5 11 0 8 9 3 12 7 13 14 6
95 89 6 1 2 10 4 5 11 7 8 9 3 12 0 13 14 6
95 90 5 1 2 10 4 5 11 7 8 9 3 0 12 13 14 6
96 92 4 1 2 10 4 5 11 7 8 9 3 6 12 13 14 0
95 91 4 1 2 10 4 5 0 7 8 9 3 11 12 13 14 6
97 92 5 1 2 10 4 5 7 0 8 9 3 11 12 13 14 6
98 93 5 1 2 10 4 5 11 7 8 9 0 6 12 13 14 3
100 94 6 1 2 10 4 5 11 7 8 0 9 6 12 13 14 3
100 94 6 1 2 10 4 0 11 7 8 9 5 6 12 13 14 3
101 96 5 1 2 10 4 3 11 7 8 9 5 6 12 13 14 0
104 98 6 1 2 10 4 3 11 7 8 9 5 0 12 13 14 6
104 99 5 1 2 10 4 3 0 7 8 9 5 11 12 13 14 6
106 100 6 1 2 10 4 3 7 0 8 9 5 11 12 13 14 6
107 101 6 1 2 10 4 0 11 7 8 9 5 3 12 13 14 6
108 103 5 1 2 10 4 6 11 7 8 9 5 3 12 13 14 0
107 102 5 1 2 10 4 5 11 7 8 9 0 3 12 13 14 6
107 103 4 1 2 10 4 5 11 7 8 9 6 3 12 13 14 0
110 105 5 1 2 10 4 5 11 7 8 9 6 0 12 13 14 3
110 106 4 1 2 10 4 5 0 7 8 9 6 11 12 13 14 3
112 107 5 1 2 10 4 5 7 0 8 9 6 11 12 13 14 3
114 108 6 1 2 10 4 5 7 8 0 9 6 11 12 13 14 3
115 109 6 1 2 0 4 5 7 8 10 9 6 11 12 13 14 3
114 108 6 1 2 10 4 5 7 12 8 9 6 11 0 13 14 3
114 108 6 1 0 10 4 5 7 2 8 9 6 11 12 13 14 3
115 109 6 1 10 0 4 5 7 2 8 9 6 11 12 13 14 3
114 108 6 1 2 10 4 5 11 0 8 9 6 7 12 13 14 3
115 109 6 1 2 10 4 5 0 11 8 9 6 7 12 13 14 3
116 110 6 1 2 10 4 5 7 11 8 9 6 0 12 13 14 3
117 112 5 1 2 10 4 5 7 11 8 9 6 3 12 13 14 0
119 113 6 1 2 10 4 5 7 11 8 9 0 3 12 13 14 6
114 108 6 1 2 10 4 0 11 7 8 9 6 5 12 13 14 3
115 110 5 1 2 10 4 3 11 7 8 9 6 5 12 13 14 0
118 112 6 1 2 10 4 3 11 7 8 9 6 0 12 13 14 5
118 113 5 1 2 10 4 3 0 7 8 9 6 11 12 13 14 5
120 114 6 1 2 10 4 3 7 0 8 9 6 11 12 13 14 5
117 111 6 1 2 10 4 3 11 7 8 9 0 5 12 13 14 6
115 109 6 1 2 10 4 6 11 7 8 9 0 5 12 13 14 3
115 110 5 1 2 10 4 6 11 7 8 9 3 5 12 13 14 0
118 112 6 1 2 10 4 6 11 7 8 9 3 0 12 13 14 5
118 113 5 1 2 10 4 6 0 7 8 9 3 11 12 13 14 5
120 114 6 1 2 10 4 6 7 0 8 9 3 11 12 13 14 5
109 103 6 1 2 10 4 5 11 7 8 0 9 3 12 13 14 6
112 106 6 0 2 10 4 5 11 7 8 9 6 3 12 13 14 1
114 108 6 3 2 10 4 5 11 7 8 9 6 0 12 13 14 1
115 110 5 3 2 10 4 5 11 7 8 9 6 1 12 13 14 0
114 109 5 3 2 10 4 5 0 7 8 9 6 11 12 13 14 1
116 110 6 3 2 10 4 5 7 0 8 9 6 11 12 13 14 1
117 111 6 3 2 10 4 5 11 7 8 9 0 1 12 13 14 6
111 105 6 1 2 10 4 0 11 7 8 9 6 3 12 13 14 5
112 106 6 1 2 10 4 5 11 7 8 0 6 3 12 13 14 9
113 107 6 1 2 10 4 5 11 7 8 6 0 3 12 13 14 9
113 108 5 1 2 10 4 5 11 7 8 6 9 3 12 13 14 0
116 110 6 1 2 10 4 5 11 7 8 6 9 0 12 13 14 3
116 111 5 1 2 10 4 5 0 7 8 6 9 11 12 13 14 3
118 112 6 1 2 10 4 5 7 0 8 6 9 11 12 13 14 3
110 104 6 1 2 10 4 6 11 7 8 9 0 3 12 13 14 5
110 104 6 1 2 10 4 5 11 7 8 9 6 3 12 13 0 14
112 106 6 1 2 10 4 5 11 7 8 9 6 12 0 13 14 3
113 107 6 11 2 10 4 5 0 7 8 9 6 3 12 13 14 1
114 108 6 11 2 10 4 5 3 7 8 9 6 0 12 13 14 1
115 110 5 0 2 10 4 5 3 7 8 9 6 11 12 13 14 1
116 113 3 1 2 10 4 5 3 7 8 9 6 11 12 13 14 0
118 114 4 1 2 10 4 5 3 7 8 9 0 11 12 13 14 6
120 115 5 1 2 10 4 5 3 7 8 0 9 11 12 13 14 6
120 115 5 1 2 10 4 0 3 7 8 9 5 11 12 13 14 6
121 117 4 1 2 10 4 6 3 7 8 9 5 11 12 13 14 0
123 118 5 1 2 10 4 6 3 7 8 9 0 11 12 13 14 5
121 116 5 1 2 10 4 5 3 7 8 0 6 11 12 13 14 9
122 117 5 1 2 10 4 5 3 7 8 6 0 11 12 13 14 9
122 118 4 1 2 10 4 5 3 7 8 6 9 11 12 13 14 0
120 115 5 1 2 10 4 0 3 7 8 9 6 11 12 13 14 5
120 115 5 1 2 10 4 5 3 7 8 9 6 0 12 13 14 11
121 116 5 1 2 10 4 5 0 7 8 9 6 3 12 13 14 11
119 114 5 1 2 10 4 5 3 7 8 9 6 11 12 13 0 14
115 110 5 11 2 10 4 5 3 7 8 9 6 1 12 13 14 0
117 111 6 11 2 10 4 5 3 7 8 9 0 1 12 13 14 6
121 115 6 1 2 10 4 5 3 7 8 9 6 11 12 0 13 14
121 115 6 1 2 10 4 5 3 7 8 0 6 11 12 13 9 14
122 116 6 1 2 10 4 5 3 7 8 6 0 11 12 13 9 14
122 117 5 1 2 10 4 5 3 7 8 6 14 11 12 13 9 0
126 120 6 1 2 10 4 5 3 7 8 0 14 11 12 13 9 6
126 121 5 1 2 10 4 5 3 7 8 9 14 11 12 13 0 6
126 122 4 1 2 10 4 5 3 7 8 9 14 11 12 13 6 0
128 123 5 1 2 10 4 5 3 7 8 9 0 11 12 13 6 14
130 124 6 1 2 10 4 5 3 7 8 0 9 11 12 13 6 14
122 116 6 1 2 10 0 4 3 7 8 9 5 11 12 13 14 6
123 117 6 1 2 0 10 4 3 7 8 9 5 11 12 13 14 6
123 117 6 1 2 10 4 5 3 7 8 14 6 11 12 13 0 9
123 118 5 1 2 10 4 5 3 7 8 14 6 11 12 13 9 0
124 118 6 1 2 10 4 6 3 7 8 9 5 11 12 13 0 14
124 118 6 1 2 10 4 9 3 7 8 0 5 11 12 13 14 6
125 119 6 1 2 10 4 9 3 7 8 5 0 11 12 13 14 6
125 120 5 1 2 10 4 9 3 7 8 5 6 11 12 13 14 0
128 122 6 1 2 10 4 0 3 7 8 5 6 11 12 13 14 9
129 123 6 1 2 10 4 6 3 7 8 5 0 11 12 13 14 9
129 124 5 1 2 10 4 6 3 7 8 5 9 11 12 13 14 0
127 121 6 0 2 10 4 5 3 7 8 6 9 11 12 13 14 1
128 122 6 3 2 10 4 5 0 7 8 6 9 11 12 13 14 1
125 119 6 1 2 10 4 5 3 7 8 6 9 11 12 13 0 14
124 118 6 1 2 10 4 0 3 7 8 6 5 11 12 13 14 9
125 120 5 1 2 10 4 9 3 7 8 6 5 11 12 13 14 0
127 121 6 1 2 10 4 9 3 7 8 6 0 11 12 13 14 5
126 120 6 1 2 10 4 5 3 7 8 6 9 0 12 13 14 11
127 121 6 1 2 10 4 5 0 7 8 6 9 3 12 13 14 11
123 117 6 1 2 10 4 5 3 7 0 8 6 11 12 13 14 9
124 118 6 1 2 0 4 5 3 7 10 8 6 11 12 13 14 9
124 118 6 1 2 10 4 0 3 7 8 9 6 5 12 13 14 11
125 120 5 1 2 10 4 11 3 7 8 9 6 5 12 13 14 0
127 121 6 1 2 10 4 11 3 7 8 9 0 5 12 13 14 6
128 122 6 1 2 10 4 0 3 7 8 9 11 5 12 13 14 6
130 125 5 1 2 10 4 5 3 7 8 9 11 0 12 13 14 6
131 127 4 1 2 10 4 5 3 7 8 9 11 6 12 13 14 0
133 128 5 1 2 10 4 5 3 7 8 9 0 6 12 13 14 11
131 126 5 1 2 10 4 5 0 7 8 9 11 3 12 13 14 6
129 124 5 1 2 10 4 6 3 7 8 9 11 5 12 13 14 0
132 126 6 1 2 10 4 6 3 7 8 9 11 0 12 13 14 5
133 127 6 1 2 10 4 6 0 7 8 9 11 3 12 13 14 5
135 129 6 1 2 10 4 0 3 7 8 9 11 6 12 13 14 5
136 130 6 1 2 10 4 11 3 7 8 9 0 6 12 13 14 5
136 131 5 1 2 10 4 11 3 7 8 9 5 6 12 13 14 0
128 122 6 1 2 10 4 5 3 7 8 9 14 11 12 0 13 6
103 97 6 1 2 10 4 3 11 7 8 9 0 6 12 13 14 5
123 117 6 0 2 10 4 1 3 7 8 9 5 11 12 13 14 6
125 120 5 6 2 10 4 1 3 7 8 9 5 11 12 13 14 0
128 122 6 6 2 10 4 0 3 7 8 9 5 11 12 13 14 1
128 123 5 6 2 10 4 5 3 7 8 9 0 11 12 13 14 1
128 124 4 6 2 10 4 5 3 7 8 9 1 11 12 13 14 0
132 127 5 0 2 10 4 5 3 7 8 9 1 11 12 13 14 6
133 128 5 3 2 10 4 5 0 7 8 9 1 11 12 13 14 6
135 129 6 3 2 10 4 5 7 0 8 9 1 11 12 13 14 6
135 129 6 3 2 10 4 5 11 7 8 9 1 0 12 13 14 6
136 131 5 3 2 10 4 5 11 7 8 9 1 6 12 13 14 0
140 134 6 0 2 10 4 5 11 7 8 9 1 6 12 13 14 3
142 136 6 6 2 10 4 5 11 7 8 9 1 0 12 13 14 3
143 138 5 6 2 10 4 5 11 7 8 9 1 3 12 13 14 0
142 137 5 6 2 10 4 5 0 7 8 9 1 11 12 13 14 3
144 138 6 6 2 10 4 5 7 0 8 9 1 11 12 13 14 3
145 139 6 6 2 10 4 5 11 7 8 9 0 3 12 13 14 1
122 116 6 1 2 10 0 5 3 7 8 4 9 11 12 13 14 6
123 117 6 1 2 0 10 5 3 7 8 4 9 11 12 13 14 6
130 124 6 1 2 10 4 0 3 7 8 9 5 11 12 13 6 14
131 126 5 1 2 10 4 14 3 7 8 9 5 11 12 13 6 0
133 127 6 1 2 10 4 14 3 7 8 9 5 11 12 13 0 6
133 127 6 1 2 10 4 14 3 7 8 9 0 11 12 13 6 5
122 116 6 1 2 10 4 5 3 7 8 9 6 12 0 13 14 11
124 118 6 1 2 10 4 11 3 7 8 9 6 0 12 13 14 5
125 119 6 1 2 10 4 11 0 7 8 9 6 3 12 13 14 5
125 119 6 1 2 10 4 6 3 7 8 0 9 11 12 13 14 5
126 120 6 0 2 10 4 6 3 7 8 9 5 11 12 13 14 1
127 121 6 3 2 10 4 6 0 7 8 9 5 11 12 13 14 1
126 120 6 1 2 10 4 6 3 7 8 0 5 11 12 13 14 9
125 119 6 1 2 10 4 6 3 7 8 9 0 5 12 13 14 11
123 117 6 0 2 10 4 1 3 7 8 9 6 11 12 13 14 5
125 120 5 5 2 10 4 1 3 7 8 9 6 11 12 13 14 0
127 121 6 5 2 10 4 1 3 7 8 9 0 11 12 13 14 6
124 118 6 3 2 10 4 1 0 7 8 9 6 11 12 13 14 5
119 113 6 0 2 10 4 5 3 7 8 9 6 1 12 13 14 11
120 114 6 3 2 10 4 5 0 7 8 9 6 1 12 13 14 11
121 115 6 3 2 10 4 5 1 7 8 9 6 0 12 13 14 11
121 117 4 3 2 10 4 5 1 7 8 9 6 11 12 13 14 0
125 120 5 0 2 10 4 5 1 7 8 9 6 11 12 13 14 3
123 118 5 3 2 10 4 5 1 7 8 9 0 11 12 13 14 6
125 119 6 3 2 10 4 5 1 7 8 0 9 11 12 13 14 6
124 118 6 3 2 10 4 5 1 7 8 9 6 11 12 13 0 14
125 119 6 3 2 10 4 0 1 7 8 9 5 11 12 13 14 6
126 121 5 3 2 10 4 6 1 7 8 9 5 11 12 13 14 0
130 124 6 0 2 10 4 6 1 7 8 9 5 11 12 13 14 3
130 125 5 1 2 10 4 6 0 7 8 9 5 11 12 13 14 3
132 126 6 1 2 10 4 6 7 0 8 9 5 11 12 13 14 3
132 126 6 6 2 10 4 0 1 7 8 9 5 11 12 13 14 3
133 128 5 6 2 10 4 3 1 7 8 9 5 11 12 13 14 0
132 127 5 6 2 10 4 5 1 7 8 9 0 11 12 13 14 3
132 128 4 6 2 10 4 5 1 7 8 9 3 11 12 13 14 0
136 131 5 0 2 10 4 5 1 7 8 9 3 11 12 13 14 6
140 134 6 7 2 10 4 5 1 0 8 9 3 11 12 13 14 6
141 135 6 7 2 10 4 5 0 1 8 9 3 11 12 13 14 6
134 128 6 6 2 10 4 5 1 7 8 0 9 11 12 13 14 3
139 133 6 11 2 10 4 5 1 7 8 9 3 0 12 13 14 6
140 135 5 11 2 10 4 5 1 7 8 9 3 6 12 13 14 0
144 138 6 0 2 10 4 5 1 7 8 9 3 6 12 13 14 11
144 139 5 1 2 10 4 5 0 7 8 9 3 6 12 13 14 11
144 140 4 1 2 10 4 5 6 7 8 9 3 0 12 13 14 11
144 142 2 1 2 10 4 5 6 7 8 9 3 11 12 13 14 0
146 143 3 1 2 10 4 5 6 7 8 9 0 11 12 13 14 3
148 144 4 1 2 10 4 5 6 7 8 0 9 11 12 13 14 3
148 144 4 1 2 10 4 0 6 7 8 9 5 11 12 13 14 3
149 146 3 1 2 10 4 3 6 7 8 9 5 11 12 13 14 0
151 147 4 1 2 10 4 3 6 7 8 9 0 11 12 13 14 5
149 145 4 1 2 10 4 5 6 7 8 0 3 11 12 13 14 9
150 146 4 1 2 10 4 5 6 7 8 3 0 11 12 13 14 9
150 147 3 1 2 10 4 5 6 7 8 3 9 11 12 13 14 0
149 145 4 0 2 10 4 5 6 7 8 9 3 11 12 13 14 1
148 144 4 1 2 10 4 0 6 7 8 9 3 11 12 13 14 5
147 143 4 1 2 10 4 5 6 7 8 9 3 11 12 13 0 14
149 144 5 1 2 10 4 5 6 7 8 9 3 11 12 0 13 14
149 144 5 1 2 10 4 5 6 7 8 0 3 11 12 13 9 14
150 145 5 1 2 10 4 5 6 7 8 3 0 11 12 13 9 14
150 146 4 1 2 10 4 5 6 7 8 3 14 11 12 13 9 0
154 149 5 1 2 10 4 5 6 7 8 0 14 11 12 13 9 3
154 150 4 1 2 10 4 5 6 7 8 9 14 11 12 13 0 3
154 151 3 1 2 10 4 5 6 7 8 9 14 11 12 13 3 0
156 152 4 1 2 10 4 5 6 7 8 9 0 11 12 13 3 14
158 153 5 1 2 10 4 5 6 7 8 0 9 11 12 13 3 14
155 150 5 1 2 10 4 5 6 7 8 14 0 11 12 13 9 3
155 151 4 1 2 10 4 5 6 7 8 14 3 11 12 13 9 0
158 153 5 1 2 10 4 0 6 7 8 9 5 11 12 13 3 14
159 155 4 1 2 10 4 14 6 7 8 9 5 11 12 13 3 0
161 156 5 1 2 10 4 14 6 7 8 9 5 11 12 13 0 3
161 156 5 1 2 10 4 14 6 7 8 9 0 11 12 13 3 5
154 149 5 0 2 10 4 3 6 7 8 9 5 11 12 13 14 1
156 151 5 3 2 10 4 0 6 7 8 9 5 11 12 13 14 1
157 153 4 3 2 10 4 1 6 7 8 9 5 11 12 13 14 0
156 152 4 3 2 10 4 5 6 7 8 9 0 11 12 13 14 1
156 153 3 3 2 10 4 5 6 7 8 9 1 11 12 13 14 0
160 156 4 0 2 10 4 5 6 7 8 9 1 11 12 13 14 3
164 159 5 7 2 10 4 5 6 0 8 9 1 11 12 13 14 3
158 153 5 3 2 10 4 5 6 7 8 0 9 11 12 13 14 1
163 158 5 11 2 10 4 5 6 7 8 9 1 0 12 13 14 3
164 160 4 11 2 10 4 5 6 7 8 9 1 3 12 13 14 0
168 163 5 0 2 10 4 5 6 7 8 9 1 3 12 13 14 11
166 161 5 11 2 10 4 5 6 7 8 9 0 3 12 13 14 1
152 147 5 1 2 10 4 3 6 7 8 9 5 11 12 13 0 14
151 146 5 1 2 10 4 5 6 7 0 8 3 11 12 13 14 9
152 147 5 1 2 0 4 5 6 7 10 8 3 11 12 13 14 9
153 148 5 1 2 10 4 5 6 7 8 3 9 11 12 13 0 14
151 146 5 0 2 10 4 1 6 7 8 9 5 11 12 13 14 3
150 145 5 1 2 10 0 4 6 7 8 9 3 11 12 13 14 5
151 146 5 1 2 0 10 4 6 7 8 9 3 11 12 13 14 5
151 146 5 2 0 10 4 5 6 7 8 9 3 11 12 13 14 1
152 147 5 2 10 0 4 5 6 7 8 9 3 11 12 13 14 1
152 147 5 11 2 10 4 5 6 7 8 9 3 0 12 13 14 1
153 149 4 11 2 10 4 5 6 7 8 9 3 1 12 13 14 0
155 150 5 11 2 10 4 5 6 7 8 9 0 1 12 13 14 3
153 148 5 7 2 10 4 5 6 0 8 9 3 11 12 13 14 1
152 147 5 1 2 10 4 11 6 7 8 9 3 0 12 13 14 5
153 149 4 1 2 10 4 11 6 7 8 9 3 5 12 13 14 0
155 150 5 1 2 10 4 11 6 7 8 9 0 5 12 13 14 3
156 151 5 1 2 10 4 0 6 7 8 9 11 5 12 13 14 3
158 154 4 1 2 10 4 5 6 7 8 9 11 0 12 13 14 3
159 156 3 1 2 10 4 5 6 7 8 9 11 3 12 13 14 0
161 157 4 1 2 10 4 5 6 7 8 9 0 3 12 13 14 11
157 153 4 1 2 10 4 3 6 7 8 9 11 5 12 13 14 0
160 155 5 1 2 10 4 3 6 7 8 9 11 0 12 13 14 5
159 154 5 1 2 10 4 3 6 7 8 9 0 5 12 13 14 11
163 158 5 1 2 10 4 5 6 7 8 0 9 3 12 13 14 11
152 147 5 1 2 10 4 11 6 7 8 9 5 0 12 13 14 3
153 149 4 1 2 10 4 11 6 7 8 9 5 3 12 13 14 0
155 150 5 1 2 10 4 11 6 7 8 9 0 3 12 13 14 5
159 154 5 0 2 10 4 5 6 7 8 9 14 11 12 13 3 1
158 153 5 1 2 10 4 0 6 7 8 9 14 11 12 13 3 5
150 145 5 1 2 10 4 5 6 7 8 14 9 11 12 13 0 3
150 146 4 1 2 10 4 5 6 7 8 14 9 11 12 13 3 0
152 147 5 1 2 10 4 5 6 7 8 14 0 11 12 13 3 9
152 147 5 1 2 10 4 9 6 7 8 0 5 11 12 13 14 3
153 148 5 1 2 10 4 9 6 7 8 5 0 11 12 13 14 3
153 149 4 1 2 10 4 9 6 7 8 5 3 11 12 13 14 0
156 151 5 1 2 10 4 0 6 7 8 5 3 11 12 13 14 9
157 152 5 1 2 10 4 3 6 7 8 5 0 11 12 13 14 9
157 153 4 1 2 10 4 3 6 7 8 5 9 11 12 13 14 0
160 155 5 3 2 10 4 5 6 7 8 9 1 0 12 13 14 11
151 146 5 1 2 10 0 5 6 7 8 4 3 11 12 13 14 9
152 147 5 1 2 0 10 5 6 7 8 4 3 11 12 13 14 9
159 154 5 3 2 10 4 5 6 7 8 9 1 11 12 13 0 14
161 156 5 3 2 10 4 5 6 7 8 0 1 11 12 13 14 9
162 157 5 3 2 10 4 5 6 7 8 1 0 11 12 13 14 9
162 158 4 3 2 10 4 5 6 7 8 1 9 11 12 13 14 0
166 161 5 0 2 10 4 5 6 7 8 1 9 11 12 13 14 3
152 147 5 1 2 10 4 0 6 7 8 3 5 11 12 13 14 9
153 149 4 1 2 10 4 9 6 7 8 3 5 11 12 13 14 0
155 150 5 1 2 10 4 9 6 7 8 3 0 11 12 13 14 5
146 141 5 1 2 10 4 5 6 7 8 9 3 12 0 13 14 11
148 143 5 1 2 10 4 0 6 7 8 9 3 5 12 13 14 11
163 158 5 5 2 10 4 0 6 7 8 9 1 11 12 13 14 3
164 160 4 5 2 10 4 3 6 7 8 9 1 11 12 13 14 0
168 163 5 0 2 10 4 3 6 7 8 9 1 11 12 13 14 5
161 156 5 0 2 10 4 5 6 7 8 9 11 1 12 13 14 3
163 159 4 3 2 10 4 5 6 7 8 9 11 1 12 13 14 0
166 161 5 3 2 10 4 5 6 7 8 9 11 0 12 13 14 1
147 142 5 0 2 10 4 5 6 7 8 9 3 1 12 13 14 11
160 155 5 1 2 10 4 5 6 7 8 9 11 12 0 13 14 3
156 151 5 1 2 10 4 5 6 7 8 9 14 11 12 0 13 3
153 148 5 1 2 10 4 5 6 7 8 0 14 11 12 13 3 9
160 155 5 1 2 10 4 5 0 7 8 9 11 6 12 13 14 3
151 146 5 6 2 10 4 5 0 7 8 9 3 11 12 13 14 1
156 151 5 1 2 10 4 0 6 7 8 9 5 3 12 13 14 11
148 143 5 1 2 10 4 5 6 0 8 9 3 7 12 13 14 11
156 151 5 1 2 10 4 0 6 7 8 9 11 3 12 13 14 5
162 157 5 1 2 10 4 5 6 7 8 9 11 3 12 13 0 14
162 157 5 1 2 10 4 5 6 0 8 9 11 7 12 13 14 3
164 159 5 0 2 10 4 5 6 7 8 9 11 3 12 13 14 1
154 149 5 1 2 10 4 0 6 7 8 3 9 11 12 13 14 5
164 159 5 1 2 10 4 5 6 7 8 0 11 3 12 13 14 9
165 160 5 1 2 10 4 5 6 7 8 11 0 3 12 13 14 9
165 161 4 1 2 10 4 5 6 7 8 11 9 3 12 13 14 0
168 163 5 1 2 10 4 5 6 7 8 11 9 0 12 13 14 3
165 160 5 3 2 10 4 5 6 7 8 9 0 1 12 13 14 11
155 150 5 0 2 10 4 5 6 7 8 3 9 11 12 13 14 1
162 157 5 2 0 10 4 5 6 7 8 9 1 11 12 13 14 3
163 158 5 2 10 0 4 5 6 7 8 9 1 11 12 13 14 3
150 145 5 1 2 10 0 4 6 7 8 9 5 11 12 13 14 3
151 146 5 1 2 0 10 4 6 7 8 9 5 11 12 13 14 3
154 149 5 1 2 10 4 3 6 7 8 0 5 11 12 13 14 9
152 147 5 1 2 10 4 5 6 7 8 3 14 11 12 13 0 9
151 146 5 1 2 10 4 5 6 7 8 14 3 11 12 13 0 9
159 154 5 3 2 10 4 1 6 7 8 9 0 11 12 13 14 5
153 148 5 1 2 10 4 3 6 7 8 9 5 0 12 13 14 11
152 147 5 5 2 10 4 0 6 7 8 9 3 11 12 13 14 1
153 149 4 5 2 10 4 1 6 7 8 9 3 11 12 13 14 0
152 147 5 1 2 10 4 9 6 7 8 0 3 11 12 13 14 5
150 145 5 1 2 10 4 5 6 7 0 8 9 11 12 13 14 3
151 146 5 1 2 0 4 5 6 7 10 8 9 11 12 13 14 3
151 146 5 0 2 10 4 1 6 7 8 9 3 11 12 13 14 5
153 148 5 5 2 10 4 3 6 7 8 9 0 11 12 13 14 1
158 153 5 1 2 10 4 5 6 7 8 9 14 0 12 13 3 11
154 149 5 1 2 10 4 5 6 7 8 3 9 0 12 13 14 11
150 145 5 1 2 10 0 5 6 7 8 4 9 11 12 13 14 3
151 146 5 1 2 0 10 5 6 7 8 4 9 11 12 13 14 3
155 150 5 5 2 10 4 1 6 7 8 9 0 11 12 13 14 3
160 155 5 3 2 10 4 0 6 7 8 9 1 11 12 13 14 5
154 149 5 1 2 10 4 0 6 7 8 5 9 11 12 13 14 3
153 148 5 1 2 10 4 3 6 7 8 0 9 11 12 13 14 5
155 149 6 1 2 10 4 3 6 7 0 8 9 11 12 13 14 5
156 150 6 1 2 0 4 3 6 7 10 8 9 11 12 13 14 5
165 159 6 11 2 10 4 5 6 7 8 9 1 12 0 13 14 3
128 122 6 11 2 10 4 5 1 7 8 9 6 0 12 13 14 3
129 124 5 11 2 10 4 5 1 7 8 9 6 3 12 13 14 0
131 125 6 11 2 10 4 5 1 7 8 9 0 3 12 13 14 6
126 120 6 3 2 10 4 5 1 7 8 0 6 11 12 13 14 9
127 121 6 3 2 10 4 5 1 7 8 6 0 11 12 13 14 9
127 122 5 3 2 10 4 5 1 7 8 6 9 11 12 13 14 0
131 125 6 0 2 10 4 5 1 7 8 6 9 11 12 13 14 3
135 129 6 6 2 10 4 5 1 7 8 9 3 11 12 13 0 14
126 120 6 1 2 10 4 0 3 7 8 6 9 11 12 13 14 5
127 121 6 2 0 10 4 5 1 7 8 9 6 11 12 13 14 3
128 122 6 2 10 0 4 5 1 7 8 9 6 11 12 13 14 3
135 129 6 6 2 10 4 3 1 7 8 9 0 11 12 13 14 5
127 121 6 0 2 10 4 3 1 7 8 9 5 11 12 13 14 6
151 145 6 1 2 10 4 5 6 7 8 9 3 11 0 12 13 14
128 122 6 3 2 10 4 6 1 7 8 9 0 11 12 13 14 5
139 133 6 5 2 10 4 0 1 7 8 9 3 11 12 13 14 6
140 135 5 5 2 10 4 6 1 7 8 9 3 11 12 13 14 0
144 138 6 0 2 10 4 6 1 7 8 9 3 11 12 13 14 5
142 136 6 11 2 10 4 5 1 7 8 9 0 6 12 13 14 3
146 140 6 1 2 10 4 5 7 0 8 9 3 6 12 13 14 11
140 134 6 11 2 10 4 5 0 7 8 9 3 1 12 13 14 6
159 153 6 1 2 10 4 5 6 7 8 14 3 0 12 13 9 11
162 156 6 1 2 10 4 11 6 7 8 9 5 0 12 13 3 14
163 158 5 1 2 10 4 11 6 7 8 9 5 14 12 13 3 0
166 160 6 1 2 10 4 0 6 7 8 9 5 14 12 13 3 11
166 161 5 1 2 10 4 5 6 7 8 9 0 14 12 13 3 11
166 162 4 1 2 10 4 5 6 7 8 9 11 14 12 13 3 0
169 164 5 1 2 10 4 5 6 7 8 9 11 0 12 13 3 14
168 163 5 1 2 10 4 5 6 7 8 9 11 14 12 13 0 3
170 164 6 1 2 10 4 5 6 7 8 9 11 14 12 0 13 3
128 122 6 5 2 10 4 0 3 7 8 9 1 11 12 13 14 6
129 124 5 5 2 10 4 6 3 7 8 9 1 11 12 13 14 0
133 127 6 0 2 10 4 6 3 7 8 9 1 11 12 13 14 5
134 128 6 3 2 10 4 6 0 7 8 9 1 11 12 13 14 5
154 148 6 1 2 10 4 5 6 7 8 3 14 0 12 13 9 11
154 148 6 1 2 10 4 0 6 7 8 3 14 11 12 13 9 5
157 151 6 1 2 10 4 3 6 7 8 0 14 11 12 13 9 5
157 152 5 1 2 10 4 3 6 7 8 9 14 11 12 13 0 5
157 153 4 1 2 10 4 3 6 7 8 9 14 11 12 13 5 0
160 155 5 1 2 10 4 0 6 7 8 9 14 11 12 13 5 3
161 156 5 1 2 10 4 14 6 7 8 9 0 11 12 13 5 3
161 157 4 1 2 10 4 14 6 7 8 9 3 11 12 13 5 0
164 159 5 1 2 10 4 0 6 7 8 9 3 11 12 13 5 14
163 158 5 1 2 10 4 14 6 7 8 9 3 11 12 13 0 5
159 154 5 1 2 10 4 3 6 7 8 9 0 11 12 13 5 14
161 155 6 1 2 10 4 3 6 7 8 0 9 11 12 13 5 14
165 159 6 1 2 10 4 14 6 7 8 9 3 11 12 0 13 5
165 159 6 1 2 10 4 14 6 7 8 0 3 11 12 13 9 5
168 162 6 1 2 10 4 9 6 7 8 0 3 11 12 13 5 14
169 163 6 1 2 10 4 9 6 7 8 3 0 11 12 13 5 14
169 164 5 1 2 10 4 9 6 7 8 3 14 11 12 13 5 0
172 166 6 1 2 10 4 0 6 7 8 3 14 11 12 13 5 9
173 167 6 1 2 10 4 14 6 7 8 3 0 11 12 13 5 9
173 168 5 1 2 10 4 14 6 7 8 3 9 11 12 13 5 0
175 169 6 1 2 10 4 14 6 7 8 3 9 11 12 13 0 5
171 165 6 1 2 10 4 9 6 7 8 3 14 11 12 13 0 5
170 164 6 1 2 10 4 0 6 7 8 3 9 11 12 13 5 14
168 162 6 1 2 10 4 11 6 7 8 9 3 0 12 13 5 14
169 164 5 1 2 10 4 11 6 7 8 9 3 14 12 13 5 0
172 166 6 1 2 10 4 0 6 7 8 9 3 14 12 13 5 11
173 167 6 1 2 10 4 3 6 7 8 9 0 14 12 13 5 11
173 168 5 1 2 10 4 3 6 7 8 9 11 14 12 13 5 0
176 170 6 1 2 10 4 0 6 7 8 9 11 14 12 13 5 3
179 173 6 1 2 10 4 14 6 7 8 9 11 0 12 13 5 3
180 175 5 1 2 10 4 14 6 7 8 9 11 3 12 13 5 0
183 177 6 1 2 10 4 0 6 7 8 9 11 3 12 13 5 14
184 178 6 1 2 10 4 11 6 7 8 9 0 3 12 13 5 14
184 179 5 1 2 10 4 11 6 7 8 9 14 3 12 13 5 0
187 181 6 1 2 10 4 0 6 7 8 9 14 3 12 13 5 11
186 180 6 1 2 10 4 11 6 7 8 9 14 3 12 13 0 5
182 176 6 1 2 10 4 14 6 7 8 9 11 3 12 13 0 5
182 176 6 1 2 10 4 14 6 7 8 9 0 3 12 13 5 11
176 170 6 1 2 10 4 3 6 7 8 9 11 0 12 13 5 14
175 169 6 1 2 10 4 3 6 7 8 9 11 14 12 13 0 5
156 150 6 1 2 10 4 5 6 7 0 8 14 11 12 13 9 3
157 151 6 1 2 0 4 5 6 7 10 8 14 11 12 13 9 3
171 165 6 1 2 10 4 11 6 7 8 9 3 14 12 13 0 5
156 150 6 1 2 10 4 11 6 7 8 9 3 5 12 13 0 14
171 165 6 1 2 10 4 11 6 7 8 9 0 14 12 13 5 3
160 154 6 1 2 10 0 5 6 7 8 4 9 11 12 13 3 14
161 155 6 1 2 0 10 5 6 7 8 4 9 11 12 13 3 14
160 154 6 1 2 10 0 4 6 7 8 9 5 11 12 13 3 14
161 155 6 1 2 0 10 4 6 7 8 9 5 11 12 13 3 14
157 151 6 1 2 10 4 0 6 7 8 14 5 11 12 13 9 3
158 153 5 1 2 10 4 3 6 7 8 14 5 11 12 13 9 0
160 154 6 1 2 10 4 5 6 7 0 8 9 11 12 13 3 14
161 155 6 1 2 0 4 5 6 7 10 8 9 11 12 13 3 14
160 154 6 0 2 10 4 5 6 7 8 14 3 11 12 13 9 1
159 153 6 1 2 10 4 0 6 7 8 14 3 11 12 13 9 5
161 155 6 0 2 10 4 1 6 7 8 9 5 11 12 13 3 14
163 158 5 14 2 10 4 1 6 7 8 9 5 11 12 13 3 0
166 160 6 14 2 10 4 0 6 7 8 9 5 11 12 13 3 1
166 161 5 14 2 10 4 5 6 7 8 9 0 11 12 13 3 1
166 162 4 14 2 10 4 5 6 7 8 9 1 11 12 13 3 0
170 165 5 0 2 10 4 5 6 7 8 9 1 11 12 13 3 14
168 163 5 14 2 10 4 5 6 7 8 9 1 11 12 13 0 3
170 164 6 14 2 10 4 5 6 7 8 9 1 11 12 0 13 3
170 164 6 14 2 10 4 5 6 7 8 9 1 0 12 13 3 11
172 166 6 0 2 10 4 5 6 7 8 9 1 14 12 13 3 11
174 169 5 11 2 10 4 5 6 7 8 9 1 14 12 13 3 0
176 170 6 11 2 10 4 5 6 7 8 9 1 14 12 13 0 3
176 170 6 11 2 10 4 5 6 7 8 9 0 14 12 13 3 1
170 164 6 14 2 10 4 5 6 7 8 0 1 11 12 13 9 3
171 165 6 14 2 10 4 5 6 7 8 1 0 11 12 13 9 3
171 166 5 14 2 10 4 5 6 7 8 1 3 11 12 13 9 0
175 169 6 14 2 10 4 5 6 7 8 0 3 11 12 13 9 1
175 170 5 14 2 10 4 5 6 7 8 9 3 11 12 13 0 1
175 171 4 14 2 10 4 5 6 7 8 9 3 11 12 13 1 0
179 174 5 0 2 10 4 5 6 7 8 9 3 11 12 13 1 14
177 172 5 14 2 10 4 5 6 7 8 9 0 11 12 13 1 3
179 173 6 14 2 10 4 5 6 7 8 0 9 11 12 13 1 3
180 174 6 14 2 10 4 5 6 7 8 1 9 11 12 13 0 3
180 175 5 14 2 10 4 5 6 7 8 1 9 11 12 13 3 0
184 178 6 0 2 10 4 5 6 7 8 1 9 11 12 13 3 14
182 176 6 14 2 10 4 5 6 7 8 1 0 11 12 13 3 9
179 173 6 14 2 10 4 0 6 7 8 9 5 11 12 13 1 3
180 175 5 14 2 10 4 3 6 7 8 9 5 11 12 13 1 0
184 178 6 0 2 10 4 3 6 7 8 9 5 11 12 13 1 14
186 180 6 3 2 10 4 0 6 7 8 9 5 11 12 13 1 14
187 182 5 3 2 10 4 14 6 7 8 9 5 11 12 13 1 0
186 181 5 3 2 10 4 5 6 7 8 9 0 11 12 13 1 14
186 182 4 3 2 10 4 5 6 7 8 9 14 11 12 13 1 0
190 185 5 0 2 10 4 5 6 7 8 9 14 11 12 13 1 3
188 183 5 3 2 10 4 5 6 7 8 9 14 11 12 13 0 1
190 184 6 3 2 10 4 5 6 7 8 9 14 11 12 0 13 1
190 184 6 3 2 10 4 5 6 7 8 0 14 11 12 13 9 1
191 185 6 3 2 10 4 5 6 7 8 14 0 11 12 13 9 1
191 186 5 3 2 10 4 5 6 7 8 14 1 11 12 13 9 0
195 189 6 0 2 10 4 5 6 7 8 14 1 11 12 13 9 3
188 182 6 3 2 10 4 5 6 7 8 0 9 11 12 13 1 14
194 188 6 7 2 10 4 5 6 0 8 9 14 11 12 13 1 3
193 187 6 11 2 10 4 5 6 7 8 9 14 0 12 13 1 3
194 189 5 11 2 10 4 5 6 7 8 9 14 3 12 13 1 0
198 192 6 0 2 10 4 5 6 7 8 9 14 3 12 13 1 11
196 190 6 11 2 10 4 5 6 7 8 9 14 3 12 13 0 1
196 190 6 11 2 10 4 5 6 7 8 9 0 3 12 13 1 14
179 173 6 14 2 10 4 0 6 7 8 9 3 11 12 13 1 5
181 175 6 0 2 10 4 14 6 7 8 9 3 11 12 13 1 5
183 178 5 5 2 10 4 14 6 7 8 9 3 11 12 13 1 0
185 179 6 5 2 10 4 14 6 7 8 9 3 11 12 13 0 1
185 179 6 5 2 10 4 14 6 7 8 9 0 11 12 13 1 3
174 168 6 7 2 10 4 5 6 0 8 9 1 11 12 13 3 14
180 174 6 14 2 10 4 5 6 7 8 0 3 11 12 13 1 9
181 175 6 14 2 10 4 5 6 7 8 3 0 11 12 13 1 9
181 176 5 14 2 10 4 5 6 7 8 3 9 11 12 13 1 0
185 179 6 0 2 10 4 5 6 7 8 3 9 11 12 13 1 14
183 177 6 14 2 10 4 5 6 7 8 3 9 11 12 13 0 1
157 151 6 11 2 10 4 3 6 7 8 9 5 0 12 13 14 1
158 153 5 11 2 10 4 3 6 7 8 9 5 1 12 13 14 0
160 154 6 11 2 10 4 3 6 7 8 9 0 1 12 13 14 5
172 166 6 2 0 10 4 5 6 7 8 9 1 11 12 13 3 14
173 167 6 2 10 0 4 5 6 7 8 9 1 11 12 13 3 14
175 169 6 0 2 10 4 5 6 7 8 1 3 11 12 13 9 14
192 186 6 6 2 10 4 5 0 7 8 9 14 11 12 13 1 3
165 159 6 14 2 10 4 1 6 7 8 9 0 11 12 13 3 5
171 165 6 14 2 10 4 5 6 7 8 0 1 11 12 13 3 9
172 166 6 14 2 10 4 5 6 7 8 3 1 11 12 13 0 9
172 167 5 14 2 10 4 5 6 7 8 3 1 11 12 13 9 0
176 170 6 0 2 10 4 5 6 7 8 3 1 11 12 13 9 14
189 183 6 3 2 10 4 14 6 7 8 9 0 11 12 13 1 5
182 176 6 14 2 10 4 3 6 7 8 9 5 11 12 13 0 1
172 166 6 6 2 10 4 5 0 7 8 9 1 11 12 13 3 14
190 184 6 3 2 10 4 5 6 7 8 9 14 0 12 13 1 11
173 167 6 14 2 10 4 5 6 7 8 1 3 11 12 13 0 9
179 173 6 14 2 10 4 5 6 7 8 9 3 0 12 13 1 11
181 175 6 0 2 10 4 5 6 7 8 9 3 14 12 13 1 11
183 178 5 11 2 10 4 5 6 7 8 9 3 14 12 13 1 0
185 179 6 11 2 10 4 5 6 7 8 9 3 14 12 13 0 1
185 179 6 11 2 10 4 5 6 7 8 9 0 14 12 13 1 3
168 162 6 14 2 10 4 5 6 7 8 0 9 11 12 13 3 1
182 176 6 11 2 10 4 5 6 7 8 9 3 0 12 13 1 14
181 175 6 6 2 10 4 5 0 7 8 9 3 11 12 13 1 14
166 160 6 14 2 10 4 0 6 7 8 9 1 11 12 13 3 5
168 162 6 0 2 10 4 14 6 7 8 9 1 11 12 13 3 5
170 165 5 5 2 10 4 14 6 7 8 9 1 11 12 13 3 0
172 166 6 5 2 10 4 14 6 7 8 9 1 11 12 13 0 3
172 166 6 5 2 10 4 14 6 7 8 9 0 11 12 13 3 1
182 176 6 5 2 10 4 0 6 7 8 9 3 11 12 13 1 14
183 177 6 5 2 10 4 3 6 7 8 9 0 11 12 13 1 14
183 178 5 5 2 10 4 3 6 7 8 9 14 11 12 13 1 0
187 181 6 0 2 10 4 3 6 7 8 9 14 11 12 13 1 5
185 179 6 5 2 10 4 3 6 7 8 9 14 11 12 13 0 1
189 183 6 3 2 10 4 14 6 7 8 9 5 11 12 13 0 1
162 156 6 1 2 10 4 9 6 7 8 0 5 11 12 13 3 14
163 157 6 1 2 10 4 9 6 7 8 5 0 11 12 13 3 14
163 158 5 1 2 10 4 9 6 7 8 5 14 11 12 13 3 0
166 160 6 1 2 10 4 0 6 7 8 5 14 11 12 13 3 9
167 161 6 1 2 10 4 14 6 7 8 5 0 11 12 13 3 9
167 162 5 1 2 10 4 14 6 7 8 5 9 11 12 13 3 0
169 163 6 1 2 10 4 14 6 7 8 5 9 11 12 13 0 3
165 159 6 1 2 10 4 9 6 7 8 5 14 11 12 13 0 3
164 158 6 1 2 10 4 0 6 7 8 5 9 11 12 13 3 14
180 174 6 14 2 10 4 3 6 7 8 9 0 11 12 13 1 5
191 185 6 3 2 10 4 5 6 7 8 0 14 11 12 13 1 9
192 186 6 3 2 10 4 5 6 7 8 14 0 11 12 13 1 9
192 187 5 3 2 10 4 5 6 7 8 14 9 11 12 13 1 0
196 190 6 0 2 10 4 5 6 7 8 14 9 11 12 13 1 3
192 186 6 3 2 10 4 5 6 7 8 1 14 11 12 13 0 9
192 187 5 3 2 10 4 5 6 7 8 1 14 11 12 13 9 0
196 190 6 0 2 10 4 5 6 7 8 1 14 11 12 13 9 3
194 188 6 3 2 10 4 5 6 7 8 1 0 11 12 13 9 14
164 158 6 0 2 10 4 14 6 7 8 9 5 11 12 13 3 1
183 177 6 7 2 10 4 5 6 0 8 9 3 11 12 13 1 14
186 180 6 5 2 10 4 0 6 7 8 9 14 11 12 13 1 3
174 168 6 14 2 10 4 5 6 7 8 3 0 11 12 13 9 1
163 157 6 1 2 10 4 14 6 7 8 9 5 0 12 13 3 11
165 159 6 14 2 10 4 1 6 7 8 9 5 11 12 13 0 3
173 167 6 5 2 10 4 0 6 7 8 9 1 11 12 13 3 14
174 168 6 5 2 10 4 1 6 7 8 9 0 11 12 13 3 14
174 169 5 5 2 10 4 1 6 7 8 9 14 11 12 13 3 0
176 170 6 5 2 10 4 1 6 7 8 9 14 11 12 13 0 3
192 186 6 2 0 10 4 5 6 7 8 9 14 11 12 13 1 3
193 187 6 2 10 0 4 5 6 7 8 9 14 11 12 13 1 3
189 183 6 3 2 10 4 0 6 7 8 9 14 11 12 13 1 5
181 175 6 0 2 10 4 14 6 7 8 9 5 11 12 13 1 3
173 167 6 11 2 10 4 5 6 7 8 9 1 0 12 13 3 14
181 175 6 2 0 10 4 5 6 7 8 9 3 11 12 13 1 14
182 176 6 2 10 0 4 5 6 7 8 9 3 11 12 13 1 14
164 158 6 1 2 10 4 14 6 7 8 0 5 11 12 13 3 9
165 159 6 1 2 10 4 14 6 7 8 3 5 11 12 13 0 9
165 160 5 1 2 10 4 14 6 7 8 3 5 11 12 13 9 0
156 150 6 6 2 10 4 3 0 7 8 9 5 11 12 13 14 1
163 157 6 1 2 10 4 14 6 7 8 0 9 11 12 13 3 5
160 154 6 1 2 10 4 14 6 7 8 0 5 11 12 13 9 3
161 155 6 1 2 10 4 14 6 7 8 5 0 11 12 13 9 3
161 156 5 1 2 10 4 14 6 7 8 5 3 11 12 13 9 0
164 158 6 1 2 10 4 0 6 7 8 5 3 11 12 13 9 14
165 159 6 1 2 10 4 3 6 7 8 5 0 11 12 13 9 14
165 160 5 1 2 10 4 3 6 7 8 5 14 11 12 13 9 0
167 161 6 1 2 10 4 3 6 7 8 5 14 11 12 13 0 9
163 157 6 1 2 10 4 14 6 7 8 5 3 11 12 13 0 9
162 156 6 1 2 10 4 0 6 7 8 5 14 11 12 13 9 3
160 154 6 3 2 10 4 11 6 7 8 9 5 0 12 13 14 1
161 156 5 3 2 10 4 11 6 7 8 9 5 1 12 13 14 0
163 157 6 3 2 10 4 11 6 7 8 9 0 1 12 13 14 5
158 152 6 3 2 10 0 4 6 7 8 9 5 11 12 13 14 1
159 153 6 3 2 0 10 4 6 7 8 9 5 11 12 13 14 1
162 156 6 3 2 10 4 1 6 7 8 0 5 11 12 13 14 9
163 157 6 3 2 10 4 1 6 7 8 5 0 11 12 13 14 9
163 158 5 3 2 10 4 1 6 7 8 5 9 11 12 13 14 0
166 160 6 3 2 10 4 0 6 7 8 5 9 11 12 13 14 1
167 161 6 3 2 10 4 9 6 7 8 5 0 11 12 13 14 1
167 162 5 3 2 10 4 9 6 7 8 5 1 11 12 13 14 0
171 165 6 0 2 10 4 9 6 7 8 5 1 11 12 13 14 3
173 167 6 9 2 10 4 0 6 7 8 5 1 11 12 13 14 3
175 170 5 9 2 10 4 5 6 7 8 0 1 11 12 13 14 3
176 171 5 9 2 10 4 5 6 7 8 1 0 11 12 13 14 3
176 172 4 9 2 10 4 5 6 7 8 1 3 11 12 13 14 0
180 175 5 9 2 10 4 5 6 7 8 0 3 11 12 13 14 1
181 176 5 9 2 10 4 5 6 7 8 3 0 11 12 13 14 1
181 177 4 9 2 10 4 5 6 7 8 3 1 11 12 13 14 0
185 180 5 0 2 10 4 5 6 7 8 3 1 11 12 13 14 9
180 175 5 0 2 10 4 5 6 7 8 1 3 11 12 13 14 9
174 169 5 9 2 10 4 3 6 7 8 5 1 11 12 13 14 0
178 172 6 9 2 10 4 3 6 7 8 0 1 11 12 13 14 5
179 173 6 9 2 10 4 3 6 7 8 1 0 11 12 13 14 5
179 174 5 9 2 10 4 3 6 7 8 1 5 11 12 13 14 0
183 177 6 9 2 10 4 3 6 7 8 0 5 11 12 13 14 1
183 177 6 0 2 10 4 3 6 7 8 1 5 11 12 13 14 9
156 150 6 11 2 10 4 5 6 7 8 9 3 1 12 13 0 14
158 152 6 7 2 10 4 3 6 0 8 9 5 11 12 13 14 1
177 171 6 14 2 10 4 5 6 7 8 9 3 11 12 0 13 1
160 154 6 3 2 10 4 5 6 7 0 8 9 11 12 13 14 1
161 155 6 3 2 0 4 5 6 7 10 8 9 11 12 13 14 1
159 153 6 0 2 10 4 1 6 7 8 5 3 11 12 13 14 9
161 156 5 9 2 10 4 1 6 7 8 5 3 11 12 13 14 0
165 159 6 9 2 10 4 1 6 7 8 0 3 11 12 13 14 5
166 160 6 9 2 10 4 1 6 7 8 3 0 11 12 13 14 5
166 161 5 9 2 10 4 1 6 7 8 3 5 11 12 13 14 0
170 164 6 9 2 10 4 1 6 7 8 0 5 11 12 13 14 3
158 152 6 0 2 10 4 11 6 7 8 9 3 5 12 13 14 1
164 158 6 9 2 10 4 0 6 7 8 5 3 11 12 13 14 1
160 154 6 3 2 10 4 5 6 7 8 14 9 11 12 13 0 1
156 150 6 2 0 10 4 3 6 7 8 9 5 11 12 13 14 1
157 151 6 2 10 0 4 3 6 7 8 9 5 11 12 13 14 1
167 161 6 11 2 10 4 5 6 7 8 9 1 3 12 13 0 14
172 166 6 7 2 10 4 5 6 0 8 9 1 3 12 13 14 11
154 148 6 1 2 10 4 11 6 7 8 9 5 12 0 13 14 3
158 152 6 1 2 10 0 4 6 7 8 9 11 3 12 13 14 5
159 153 6 1 2 0 10 4 6 7 8 9 11 3 12 13 14 5
163 157 6 1 2 10 4 14 6 7 8 9 5 11 12 0 13 3
166 160 6 7 0 10 4 5 6 2 8 9 1 11 12 13 14 3
167 161 6 7 10 0 4 5 6 2 8 9 1 11 12 13 14 3
167 161 6 0 7 10 4 5 6 2 8 9 1 11 12 13 14 3
169 164 5 3 7 10 4 5 6 2 8 9 1 11 12 13 14 0
171 165 6 3 7 10 4 5 6 2 8 9 0 11 12 13 14 1
168 162 6 11 2 10 4 0 6 7 8 9 1 3 12 13 14 5
170 164 6 0 2 10 4 11 6 7 8 9 1 3 12 13 14 5
172 167 5 5 2 10 4 11 6 7 8 9 1 3 12 13 14 0
174 168 6 5 2 10 4 11 6 7 8 9 0 3 12 13 14 1
169 163 6 11 2 10 4 1 6 7 8 9 0 3 12 13 14 5
169 164 5 11 2 10 4 1 6 7 8 9 5 3 12 13 14 0
171 165 6 5 2 10 4 0 6 7 8 9 1 3 12 13 14 11
172 166 6 5 2 10 4 1 6 7 8 9 0 3 12 13 14 11
172 167 5 5 2 10 4 1 6 7 8 9 11 3 12 13 14 0
175 169 6 5 2 10 4 1 6 7 8 9 11 0 12 13 14 3
170 164 6 2 0 10 4 5 6 7 8 9 1 3 12 13 14 11
171 165 6 2 10 0 4 5 6 7 8 9 1 3 12 13 14 11
162 156 6 1 2 10 4 11 6 7 8 9 14 0 12 13 3 5
163 158 5 1 2 10 4 11 6 7 8 9 14 5 12 13 3 0
165 159 6 1 2 10 4 11 6 7 8 9 14 5 12 13 0 3
165 159 6 1 2 10 4 11 6 7 8 9 0 5 12 13 3 14
177 171 6 9 2 10 4 5 6 7 0 8 1 11 12 13 14 3
178 172 6 9 2 0 4 5 6 7 10 8 1 11 12 13 14 3
177 171 6 9 2 10 4 5 6 7 8 14 1 11 12 13 0 3
177 172 5 9 2 10 4 5 6 7 8 14 1 11 12 13 3 0
181 175 6 9 2 10 4 5 6 7 8 0 1 11 12 13 3 14
182 176 6 9 2 10 4 5 6 7 8 1 0 11 12 13 3 14
182 177 5 9 2 10 4 5 6 7 8 1 14 11 12 13 3 0
186 180 6 9 2 10 4 5 6 7 8 0 14 11 12 13 3 1
187 181 6 9 2 10 4 5 6 7 8 3 14 11 12 13 0 1
187 182 5 9 2 10 4 5 6 7 8 3 14 11 12 13 1 0
191 185 6 9 2 10 4 5 6 7 8 0 14 11 12 13 1 3
192 186 6 9 2 10 4 5 6 7 8 14 0 11 12 13 1 3
192 187 5 9 2 10 4 5 6 7 8 14 3 11 12 13 1 0
196 190 6 9 2 10 4 5 6 7 8 0 3 11 12 13 1 14
162 156 6 1 2 10 4 9 6 7 8 0 14 11 12 13 3 5
163 157 6 1 2 10 4 9 6 7 8 14 0 11 12 13 3 5
163 158 5 1 2 10 4 9 6 7 8 14 5 11 12 13 3 0
154 148 6 1 2 10 4 0 6 7 8 14 9 11 12 13 3 5
154 148 6 11 2 10 4 1 6 7 8 9 5 0 12 13 14 3
182 176 6 9 2 10 4 5 6 7 0 8 3 11 12 13 14 1
183 177 6 9 2 0 4 5 6 7 10 8 3 11 12 13 14 1
184 178 6 7 2 10 4 5 6 0 8 1 3 11 12 13 14 9
153 147 6 1 0 2 10 4 6 7 8 9 3 11 12 13 14 5
182 176 6 9 2 10 4 5 6 7 8 14 3 11 12 13 0 1
154 148 6 2 10 4 0 5 6 7 8 9 3 11 12 13 14 1
167 161 6 9 2 10 4 0 6 7 8 3 1 11 12 13 14 5
169 163 6 0 2 10 4 9 6 7 8 3 1 11 12 13 14 5
171 166 5 5 2 10 4 9 6 7 8 3 1 11 12 13 14 0
173 167 6 5 2 10 4 9 6 7 8 3 0 11 12 13 14 1
153 147 6 2 7 10 4 5 6 0 8 9 3 11 12 13 14 1
188 182 6 11 2 10 4 5 6 7 8 3 1 0 12 13 14 9
189 184 5 11 2 10 4 5 6 7 8 3 1 9 12 13 14 0
193 187 6 11 2 10 4 5 6 7 8 0 1 9 12 13 14 3
194 188 6 11 2 10 4 5 6 7 8 1 0 9 12 13 14 3
194 189 5 11 2 10 4 5 6 7 8 1 3 9 12 13 14 0
198 192 6 11 2 10 4 5 6 7 8 0 3 9 12 13 14 1
183 177 6 11 2 10 4 5 6 7 8 1 3 0 12 13 14 9
182 176 6 6 2 10 4 5 0 7 8 1 3 11 12 13 14 9
154 148 6 1 0 2 10 5 6 7 8 4 3 11 12 13 14 9
183 177 6 5 2 10 4 0 6 7 8 1 3 11 12 13 14 9
184 179 5 5 2 10 4 9 6 7 8 1 3 11 12 13 14 0
188 182 6 0 2 10 4 9 6 7 8 1 3 11 12 13 14 5
166 160 6 3 2 10 4 0 6 7 8 1 9 11 12 13 14 5
168 162 6 0 2 10 4 3 6 7 8 1 9 11 12 13 14 5
170 165 5 5 2 10 4 3 6 7 8 1 9 11 12 13 14 0
155 149 6 7 0 10 4 5 6 2 8 9 3 11 12 13 14 1
156 150 6 7 10 0 4 5 6 2 8 9 3 11 12 13 14 1
156 150 6 1 2 10 4 11 6 7 8 3 5 0 12 13 14 9
157 152 5 1 2 10 4 11 6 7 8 3 5 9 12 13 14 0
161 155 6 1 2 10 4 11 6 7 8 0 5 9 12 13 14 3
162 156 6 1 2 10 4 11 6 7 8 5 0 9 12 13 14 3
162 157 5 1 2 10 4 11 6 7 8 5 3 9 12 13 14 0
166 160 6 1 2 10 4 11 6 7 8 0 3 9 12 13 14 5
165 159 6 9 2 10 4 3 6 7 8 5 0 11 12 13 14 1
154 148 6 1 2 10 4 11 6 7 8 9 3 12 0 13 14 5
155 149 6 7 2 10 4 5 0 6 8 9 3 11 12 13 14 1
155 149 6 7 2 10 4 5 6 12 8 9 3 11 0 13 14 1
154 148 6 1 2 10 4 11 0 7 8 9 3 6 12 13 14 5
155 149 6 7 2 10 4 5 6 8 0 9 3 11 12 13 14 1
156 150 6 7 2 0 4 5 6 8 10 9 3 11 12 13 14 1
182 176 6 9 2 10 4 5 6 7 8 3 1 11 12 13 0 14
185 179 6 9 2 10 4 5 6 7 8 3 1 0 12 13 14 11
156 150 6 1 2 10 4 11 6 0 8 9 3 7 12 13 14 5
155 149 6 0 2 10 4 11 6 7 8 9 3 1 12 13 14 5
157 152 5 5 2 10 4 11 6 7 8 9 3 1 12 13 14 0
159 153 6 5 2 10 4 11 6 7 8 9 0 1 12 13 14 3
156 150 6 11 2 10 4 5 6 0 8 9 3 7 12 13 14 1
158 152 6 1 2 10 4 11 6 7 8 0 3 5 12 13 14 9
159 153 6 1 2 10 4 11 6 7 8 3 0 5 12 13 14 9
159 154 5 1 2 10 4 11 6 7 8 3 9 5 12 13 14 0
157 151 6 1 2 10 4 11 6 7 8 0 9 5 12 13 14 3
169 163 6 11 2 10 4 5 6 7 8 0 1 3 12 13 14 9
170 164 6 11 2 10 4 5 6 7 8 1 0 3 12 13 14 9
170 165 5 11 2 10 4 5 6 7 8 1 9 3 12 13 14 0
174 168 6 0 2 10 4 5 6 7 8 1 9 3 12 13 14 11
160 154 6 1 2 10 4 9 6 7 8 0 11 5 12 13 14 3
161 155 6 1 2 10 4 9 6 7 8 11 0 5 12 13 14 3
161 156 5 1 2 10 4 9 6 7 8 11 3 5 12 13 14 0
164 158 6 1 2 10 4 0 6 7 8 11 3 5 12 13 14 9
166 161 5 1 2 10 4 5 6 7 8 11 3 0 12 13 14 9
167 163 4 1 2 10 4 5 6 7 8 11 3 9 12 13 14 0
171 166 5 1 2 10 4 5 6 7 8 0 3 9 12 13 14 11
172 167 5 1 2 10 4 5 6 7 8 3 0 9 12 13 14 11
172 168 4 1 2 10 4 5 6 7 8 3 11 9 12 13 14 0
176 171 5 1 2 10 4 5 6 7 8 0 11 9 12 13 14 3
175 170 5 1 2 10 4 5 6 7 8 3 11 0 12 13 14 9
169 164 5 1 2 10 4 5 6 7 8 11 0 9 12 13 14 3
171 165 6 1 2 10 4 0 6 7 8 11 5 9 12 13 14 3
172 167 5 1 2 10 4 3 6 7 8 11 5 9 12 13 14 0
176 170 6 1 2 10 4 3 6 7 8 0 5 9 12 13 14 11
177 171 6 1 2 10 4 3 6 7 8 5 0 9 12 13 14 11
177 172 5 1 2 10 4 3 6 7 8 5 11 9 12 13 14 0
181 175 6 1 2 10 4 3 6 7 8 0 11 9 12 13 14 5
166 160 6 7 2 10 4 5 6 8 0 9 1 11 12 13 14 3
167 161 6 7 2 0 4 5 6 8 10 9 1 11 12 13 14 3
149 143 6 6 2 10 4 5 0 7 8 9 3 1 12 13 14 11
162 156 6 1 2 10 4 5 6 0 8 9 11 12 7 13 14 3
160 154 6 1 2 10 4 3 6 7 8 9 11 5 12 13 0 14
154 148 6 1 2 4 0 5 6 7 10 8 3 11 12 13 14 9
155 149 6 1 2 4 8 5 6 7 10 0 3 11 12 13 14 9
156 150 6 1 2 4 8 5 6 7 10 3 0 11 12 13 14 9
156 151 5 1 2 4 8 5 6 7 10 3 9 11 12 13 14 0
160 154 6 1 2 4 8 5 6 7 10 0 9 11 12 13 14 3
160 155 5 1 2 4 8 5 6 7 10 9 0 11 12 13 14 3
160 156 4 1 2 4 8 5 6 7 10 9 3 11 12 13 14 0
165 159 6 0 2 4 8 5 6 7 10 9 3 11 12 13 14 1
160 154 6 3 2 10 0 5 6 7 8 4 9 11 12 13 14 1
161 155 6 3 2 0 10 5 6 7 8 4 9 11 12 13 14 1
162 156 6 1 2 10 4 3 6 7 8 0 11 5 12 13 14 9
164 158 6 3 2 10 4 0 6 7 8 5 1 11 12 13 14 9
162 156 6 1 2 10 4 3 0 7 8 9 11 6 12 13 14 5
180 174 6 9 2 10 4 0 6 7 8 1 3 11 12 13 14 5
163 157 6 9 2 10 4 1 6 7 8 5 0 11 12 13 14 3
164 158 6 1 2 10 4 3 6 0 8 9 11 7 12 13 14 5
163 157 6 0 2 10 4 3 6 7 8 9 11 1 12 13 14 5
165 160 5 5 2 10 4 3 6 7 8 9 11 1 12 13 14 0
168 162 6 5 2 10 4 3 6 7 8 9 11 0 12 13 14 1
165 159 6 1 2 10 0 5 6 7 8 4 9 3 12 13 14 11
166 160 6 1 2 0 10 5 6 7 8 4 9 3 12 13 14 11
166 160 6 7 2 10 4 5 6 12 8 9 1 11 0 13 14 3
154 148 6 1 2 10 4 11 0 7 8 9 5 6 12 13 14 3
154 148 6 1 0 2 4 5 6 7 10 8 3 11 12 13 14 9
155 149 6 1 2 10 4 5 6 7 0 8 14 11 12 13 3 9
156 150 6 1 2 0 4 5 6 7 10 8 14 11 12 13 3 9
156 150 6 1 2 10 4 11 6 0 8 9 5 7 12 13 14 3
155 149 6 0 2 10 4 11 6 7 8 9 5 1 12 13 14 3
153 147 6 1 2 10 4 5 6 0 7 8 3 11 12 13 14 9
153 147 6 6 2 10 4 1 0 7 8 9 5 11 12 13 14 3
191 185 6 11 2 10 4 5 6 7 8 3 0 9 12 13 14 1
163 157 6 7 2 10 4 5 6 0 8 9 14 11 12 13 3 1
180 174 6 9 2 10 4 5 6 7 8 1 3 0 12 13 14 11
123 117 6 1 2 10 4 5 7 0 8 9 6 3 12 13 14 11
156 150 6 1 2 10 4 11 6 7 8 9 5 3 12 13 0 14
122 116 6 1 2 10 0 4 3 7 8 9 6 11 12 13 14 5
123 117 6 1 2 0 10 4 3 7 8 9 6 11 12 13 14 5
161 155 6 6 2 10 4 5 0 7 8 9 14 11 12 13 3 1
181 175 6 0 2 10 4 5 6 7 8 14 1 11 12 13 3 9
161 155 6 2 0 10 4 5 6 7 8 9 14 11 12 13 3 1
162 156 6 2 10 0 4 5 6 7 8 9 14 11 12 13 3 1
157 151 6 1 2 10 4 11 6 7 8 0 9 3 12 13 14 5
178 172 6 9 2 10 4 0 6 7 8 1 5 11 12 13 14 3
180 174 6 0 2 10 4 9 6 7 8 1 5 11 12 13 14 3
182 177 5 3 2 10 4 9 6 7 8 1 5 11 12 13 14 0
155 149 6 1 2 10 4 5 6 7 8 3 9 11 12 0 13 14
158 152 6 0 2 10 4 11 6 7 8 9 5 3 12 13 14 1
179 173 6 9 2 10 4 5 6 7 8 1 3 11 12 13 0 14
161 155 6 0 2 10 4 1 6 7 8 9 14 11 12 13 3 5
162 156 6 5 2 10 4 0 6 7 8 9 14 11 12 13 3 1
154 148 6 1 2 10 4 0 6 7 8 14 5 11 12 13 3 9
186 180 6 0 2 10 4 5 6 7 8 1 14 11 12 13 3 9
160 154 6 1 2 10 0 4 6 7 8 9 14 11 12 13 3 5
161 155 6 1 2 0 10 4 6 7 8 9 14 11 12 13 3 5
156 150 6 1 2 10 4 5 0 7 8 3 9 6 12 13 14 11
184 178 6 9 2 10 4 5 6 7 8 1 14 11 12 13 0 3
182 176 6 9 2 10 0 5 6 7 8 4 3 11 12 13 14 1
183 177 6 9 2 0 10 5 6 7 8 4 3 11 12 13 14 1
152 146 6 1 2 10 4 5 6 7 8 14 9 11 12 0 13 3
189 183 6 9 2 10 4 5 6 7 8 3 0 11 12 13 1 14
155 149 6 7 2 10 4 1 6 0 8 9 5 11 12 13 14 3
154 148 6 1 2 10 4 5 6 7 8 14 9 0 12 13 3 11
174 168 6 5 2 10 4 0 6 7 8 3 1 11 12 13 14 9
175 169 6 5 2 10 4 1 6 7 8 3 0 11 12 13 14 9
175 170 5 5 2 10 4 1 6 7 8 3 9 11 12 13 14 0
196 190 6 0 2 10 4 5 6 7 8 14 3 11 12 13 1 9
154 148 6 1 2 10 4 9 6 7 0 8 5 11 12 13 14 3
155 149 6 1 2 0 4 9 6 7 10 8 5 11 12 13 14 3
169 163 6 9 2 10 4 0 6 7 8 3 5 11 12 13 14 1
158 152 6 0 2 10 4 9 6 7 8 5 3 11 12 13 14 1
157 151 6 1 2 10 4 9 6 7 8 5 3 0 12 13 14 11
167 161 6 5 2 10 4 0 6 7 8 9 11 3 12 13 14 1
160 154 6 1 2 10 4 3 6 7 8 5 9 11 12 13 0 14
154 148 6 2 10 8 4 5 6 7 0 9 3 11 12 13 14 1
154 148 6 1 2 10 4 3 6 7 8 0 5 11 12 13 9 14
161 155 6 1 2 10 4 3 6 7 8 5 9 0 12 13 14 11
164 158 6 1 2 10 4 0 6 7 8 5 9 3 12 13 14 11
165 160 5 1 2 10 4 11 6 7 8 5 9 3 12 13 14 0
167 161 6 1 2 10 4 11 6 7 8 5 0 3 12 13 14 9
168 162 6 1 2 10 4 0 6 7 8 5 11 3 12 13 14 9
169 164 5 1 2 10 4 9 6 7 8 5 11 3 12 13 14 0
172 166 6 1 2 10 4 9 6 7 8 5 11 0 12 13 14 3
165 159 6 1 2 10 4 9 6 7 8 5 0 3 12 13 14 11
164 158 6 3 2 10 4 5 6 0 8 9 1 7 12 13 14 11
189 183 6 7 2 10 4 5 6 0 8 3 1 11 12 13 14 9
154 148 6 1 2 8 10 5 6 7 0 4 3 11 12 13 14 9
155 149 6 1 2 8 10 5 6 7 4 0 3 11 12 13 14 9
156 150 6 1 2 8 10 5 6 7 4 3 0 11 12 13 14 9
156 151 5 1 2 8 10 5 6 7 4 3 9 11 12 13 14 0
160 154 6 1 2 8 10 5 6 7 4 0 9 11 12 13 14 3
160 155 5 1 2 8 10 5 6 7 4 9 0 11 12 13 14 3
160 156 4 1 2 8 10 5 6 7 4 9 3 11 12 13 14 0
165 159 6 0 2 8 10 5 6 7 4 9 3 11 12 13 14 1
164 158 6 1 2 8 10 0 6 7 4 9 3 11 12 13 14 5
165 159 6 1 2 8 0 10 6 7 4 9 3 11 12 13 14 5
166 160 6 1 2 0 8 10 6 7 4 9 3 11 12 13 14 5
167 161 6 1 2 4 8 10 6 7 0 9 3 11 12 13 14 5
165 159 6 1 2 8 10 3 6 7 4 9 0 11 12 13 14 5
165 160 5 1 2 8 10 3 6 7 4 9 5 11 12 13 14 0
168 162 6 2 0 10 4 5 6 7 8 1 9 11 12 13 14 3
169 163 6 2 10 0 4 5 6 7 8 1 9 11 12 13 14 3
168 162 6 6 2 10 4 5 0 7 8 1 9 11 12 13 14 3
187 181 6 0 2 10 4 5 6 7 8 3 1 9 12 13 14 11
166 160 6 0 2 10 4 3 6 7 8 5 1 11 12 13 14 9
182 176 6 0 2 10 4 5 6 7 8 1 3 9 12 13 14 11
170 164 6 7 2 10 4 5 6 0 8 1 9 11 12 13 14 3
154 148 6 1 2 10 0 4 6 7 8 3 5 11 12 13 14 9
155 149 6 1 2 0 10 4 6 7 8 3 5 11 12 13 14 9
155 149 6 1 2 10 3 4 6 7 8 0 5 11 12 13 14 9
156 150 6 1 2 10 3 4 6 7 8 5 0 11 12 13 14 9
156 151 5 1 2 10 3 4 6 7 8 5 9 11 12 13 14 0
160 154 6 1 2 10 3 4 6 7 8 0 9 11 12 13 14 5
160 155 5 1 2 10 3 4 6 7 8 9 0 11 12 13 14 5
160 156 4 1 2 10 3 4 6 7 8 9 5 11 12 13 14 0
163 158 5 1 2 10 3 0 6 7 8 9 5 11 12 13 14 4
163 159 4 1 2 10 3 5 6 7 8 9 0 11 12 13 14 4
163 160 3 1 2 10 3 5 6 7 8 9 4 11 12 13 14 0
168 163 5 1 2 10 3 5 6 7 8 0 4 11 12 13 14 9
169 164 5 1 2 10 3 5 6 7 8 4 0 11 12 13 14 9
169 165 4 1 2 10 3 5 6 7 8 4 9 11 12 13 14 0
169 164 5 1 2 10 0 5 6 7 8 3 4 11 12 13 14 9
170 165 5 1 2 0 10 5 6 7 8 3 4 11 12 13 14 9
168 163 5 0 2 10 3 5 6 7 8 9 4 11 12 13 14 1
167 162 5 1 2 10 3 5 6 7 8 9 4 0 12 13 14 11
166 161 5 1 2 10 3 5 6 7 8 9 4 11 12 13 0 14
165 160 5 1 2 10 3 5 6 7 8 0 9 11 12 13 14 4
166 161 5 1 2 10 0 5 6 7 8 3 9 11 12 13 14 4
167 162 5 1 2 0 10 5 6 7 8 3 9 11 12 13 14 4
164 159 5 1 2 10 0 3 6 7 8 9 5 11 12 13 14 4
165 160 5 1 2 0 10 3 6 7 8 9 5 11 12 13 14 4
161 156 5 1 2 10 3 0 6 7 8 9 4 11 12 13 14 5
162 157 5 1 2 10 0 3 6 7 8 9 4 11 12 13 14 5
163 158 5 1 2 0 10 3 6 7 8 9 4 11 12 13 14 5
165 159 6 1 0 2 10 3 6 7 8 9 4 11 12 13 14 5
167 161 6 1 2 8 10 3 6 7 0 9 5 11 12 13 14 4
165 159 6 1 2 8 10 3 6 7 0 9 4 11 12 13 14 5
148 142 6 1 2 10 4 5 6 7 8 9 3 12 13 0 14 11
156 150 6 0 7 10 4 5 6 2 8 9 3 11 12 13 14 1
157 153 4 1 7 10 4 5 6 2 8 9 3 11 12 13 14 0
159 154 5 1 7 10 4 5 6 2 8 9 0 11 12 13 14 3
161 155 6 1 7 10 4 5 6 2 8 0 9 11 12 13 14 3
130 124 6 1 2 10 4 0 3 7 8 9 14 11 12 13 6 5
161 155 6 1 7 10 4 0 6 2 8 9 5 11 12 13 14 3
162 157 5 1 7 10 4 3 6 2 8 9 5 11 12 13 14 0
164 158 6 1 7 10 4 3 6 2 8 9 0 11 12 13 14 5
187 181 6 2 0 10 4 5 6 7 8 3 1 11 12 13 14 9
188 182 6 2 10 0 4 5 6 7 8 3 1 11 12 13 14 9
158 152 6 11 2 10 4 5 6 7 8 0 3 1 12 13 14 9
159 153 6 11 2 10 4 5 6 7 8 3 0 1 12 13 14 9
159 154 5 11 2 10 4 5 6 7 8 3 9 1 12 13 14 0
165 159 6 5 2 10 0 4 6 7 8 9 1 11 12 13 14 3
166 160 6 5 2 0 10 4 6 7 8 9 1 11 12 13 14 3
167 161 6 5 2 10 4 11 6 7 8 9 1 0 12 13 14 3
169 163 6 0 2 10 4 11 6 7 8 9 1 5 12 13 14 3
171 166 5 3 2 10 4 11 6 7 8 9 1 5 12 13 14 0
173 167 6 3 2 10 4 11 6 7 8 9 0 5 12 13 14 1
167 161 6 5 2 10 4 9 6 7 8 0 1 11 12 13 14 3
168 162 6 5 2 10 4 3 6 7 8 9 1 0 12 13 14 11
170 164 6 0 2 10 4 3 6 7 8 9 1 5 12 13 14 11
172 167 5 11 2 10 4 3 6 7 8 9 1 5 12 13 14 0
174 168 6 11 2 10 4 3 6 7 8 9 0 5 12 13 14 1
169 163 6 5 2 10 4 3 6 7 8 0 1 11 12 13 14 9
160 154 6 5 2 10 4 0 6 7 8 9 11 1 12 13 14 3
171 165 6 11 2 10 4 3 6 7 8 9 1 0 12 13 14 5
163 157 6 2 0 10 4 5 6 7 8 9 11 1 12 13 14 3
164 158 6 2 10 0 4 5 6 7 8 9 11 1 12 13 14 3
159 153 6 1 2 10 4 3 6 7 8 9 14 11 12 0 13 5
163 157 6 6 2 10 4 5 0 7 8 9 11 1 12 13 14 3
164 158 6 6 2 10 4 5 1 7 8 9 11 0 12 13 14 3
165 160 5 6 2 10 4 5 1 7 8 9 11 3 12 13 14 0
169 163 6 0 2 10 4 5 1 7 8 9 11 3 12 13 14 6
171 165 6 3 2 10 4 5 1 7 8 9 11 0 12 13 14 6
172 167 5 3 2 10 4 5 1 7 8 9 11 6 12 13 14 0
174 168 6 3 2 10 4 5 1 7 8 9 0 6 12 13 14 11
172 166 6 3 2 10 4 5 0 7 8 9 11 1 12 13 14 6
167 161 6 11 2 10 4 0 6 7 8 9 1 5 12 13 14 3
168 162 6 11 2 10 4 1 6 7 8 9 0 5 12 13 14 3
168 163 5 11 2 10 4 1 6 7 8 9 3 5 12 13 14 0
99 93 6 1 2 10 4 0 11 7 8 9 3 5 12 13 14 6
164 158 6 3 2 10 4 0 6 7 8 9 11 1 12 13 14 5
167 161 6 3 2 10 4 1 6 7 8 9 11 0 12 13 14 5
168 163 5 3 2 10 4 1 6 7 8 9 11 5 12 13 14 0
170 164 6 3 2 10 4 1 6 7 8 9 0 5 12 13 14 11
168 162 6 3 2 10 4 5 6 7 8 9 11 12 0 13 14 1
159 153 6 0 2 10 4 1 6 7 8 9 11 5 12 13 14 3
168 162 6 3 2 10 4 5 0 7 8 9 11 6 12 13 14 1
168 162 6 3 2 10 4 5 6 7 8 0 11 1 12 13 14 9
169 163 6 3 2 10 4 5 6 7 8 11 0 1 12 13 14 9
169 164 5 3 2 10 4 5 6 7 8 11 9 1 12 13 14 0
172 166 6 3 2 10 4 5 6 7 8 11 9 0 12 13 14 1
169 163 6 0 2 10 4 5 6 7 8 11 3 1 12 13 14 9
171 166 5 9 2 10 4 5 6 7 8 11 3 1 12 13 14 0
175 169 6 9 2 10 4 5 6 7 8 0 3 1 12 13 14 11
176 170 6 9 2 10 4 5 6 7 8 3 0 1 12 13 14 11
176 171 5 9 2 10 4 5 6 7 8 3 11 1 12 13 14 0
180 174 6 9 2 10 4 5 6 7 8 0 11 1 12 13 14 3
179 173 6 9 2 10 4 5 6 7 8 3 11 0 12 13 14 1
174 168 6 9 2 10 4 5 6 7 8 11 3 0 12 13 14 1
173 167 6 9 2 10 4 5 6 7 8 11 0 1 12 13 14 3
156 150 6 1 2 10 4 9 6 7 8 3 5 11 12 13 0 14
158 152 6 1 2 10 0 4 6 7 8 9 11 5 12 13 14 3
159 153 6 1 2 0 10 4 6 7 8 9 11 5 12 13 14 3
158 152 6 1 2 10 0 4 6 7 8 9 5 3 12 13 14 11
159 153 6 1 2 0 10 4 6 7 8 9 5 3 12 13 14 11
151 145 6 7 2 10 4 5 6 0 8 9 3 1 12 13 14 11
160 154 6 1 2 10 4 11 6 7 8 5 3 0 12 13 14 9
160 154 6 1 2 10 4 0 6 7 8 3 11 5 12 13 14 9
161 156 5 1 2 10 4 9 6 7 8 3 11 5 12 13 14 0
164 158 6 1 2 10 4 9 6 7 8 3 11 0 12 13 14 5
163 157 6 1 2 10 4 9 6 7 8 3 0 5 12 13 14 11
150 144 6 5 2 10 4 0 6 7 8 9 3 1 12 13 14 11
149 143 6 2 0 10 4 5 6 7 8 9 3 1 12 13 14 11
150 144 6 2 10 0 4 5 6 7 8 9 3 1 12 13 14 11
168 162 6 1 2 10 4 5 6 7 8 11 3 12 0 13 14 9
170 164 6 3 2 10 4 5 6 0 8 9 11 7 12 13 14 1
166 160 6 3 2 10 4 5 6 7 8 9 11 1 12 13 0 14
158 152 6 1 2 10 4 5 6 7 0 9 14 11 12 8 13 3
159 153 6 1 2 0 4 5 6 7 10 9 14 11 12 8 13 3
153 147 6 6 2 10 4 5 7 0 8 9 3 11 12 13 14 1
167 161 6 11 2 10 4 5 6 0 8 9 1 7 12 13 14 3
162 156 6 1 2 10 4 5 6 7 8 9 11 12 13 0 14 3
160 154 6 3 2 10 4 1 6 7 8 9 5 11 12 13 0 14
168 162 6 1 2 10 4 5 0 7 8 11 3 6 12 13 14 9
161 155 6 1 2 10 4 3 6 7 8 0 9 5 12 13 14 11
153 147 6 6 2 10 4 5 11 7 8 9 3 0 12 13 14 1
154 149 5 6 2 10 4 5 11 7 8 9 3 1 12 13 14 0
156 150 6 6 2 10 4 5 11 7 8 9 0 1 12 13 14 3
164 158 6 1 2 10 4 9 6 7 8 11 3 0 12 13 14 5
160 154 6 11 2 10 4 0 6 7 8 9 5 3 12 13 14 1
162 156 6 1 2 10 4 5 7 0 8 9 11 6 12 13 14 3
163 157 6 1 2 10 4 3 6 7 8 11 0 5 12 13 14 9
163 158 5 1 2 10 4 3 6 7 8 11 9 5 12 13 14 0
166 160 6 1 2 10 4 3 6 7 8 11 9 0 12 13 14 5
177 171 6 9 2 10 0 5 6 7 8 4 1 11 12 13 14 3
178 172 6 9 2 0 10 5 6 7 8 4 1 11 12 13 14 3
178 172 6 0 2 10 4 5 6 7 8 3 11 1 12 13 14 9
155 149 6 1 2 10 0 5 6 7 8 4 14 11 12 13 3 9
156 150 6 1 2 0 10 5 6 7 8 4 14 11 12 13 3 9
152 146 6 1 2 10 9 4 6 7 8 0 3 11 12 13 14 5
153 147 6 1 2 10 9 4 6 7 8 3 0 11 12 13 14 5
153 148 5 1 2 10 9 4 6 7 8 3 5 11 12 13 14 0
156 150 6 1 2 10 9 0 6 7 8 3 5 11 12 13 14 4
156 151 5 1 2 10 9 5 6 7 8 3 0 11 12 13 14 4
156 152 4 1 2 10 9 5 6 7 8 3 4 11 12 13 14 0
160 155 5 1 2 10 9 5 6 7 8 0 4 11 12 13 14 3
160 156 4 1 2 10 0 5 6 7 8 9 4 11 12 13 14 3
161 157 4 1 2 0 10 5 6 7 8 9 4 11 12 13 14 3
163 158 5 1 0 2 10 5 6 7 8 9 4 11 12 13 14 3
163 158 5 1 2 8 10 5 6 7 0 9 4 11 12 13 14 3
162 157 5 1 2 10 5 0 6 7 8 9 4 11 12 13 14 3
163 159 4 1 2 10 5 3 6 7 8 9 4 11 12 13 14 0
165 160 5 1 2 10 5 3 6 7 8 9 0 11 12 13 14 4
166 161 5 1 2 10 5 0 6 7 8 9 3 11 12 13 14 4
167 163 4 1 2 10 5 4 6 7 8 9 3 11 12 13 14 0
166 162 4 1 2 10 0 5 6 7 8 9 3 11 12 13 14 4
167 163 4 1 2 0 10 5 6 7 8 9 3 11 12 13 14 4
169 164 5 1 0 2 10 5 6 7 8 9 3 11 12 13 14 4
169 164 5 1 2 8 10 5 6 7 0 9 3 11 12 13 14 4
163 158 5 1 2 10 5 4 6 7 8 9 0 11 12 13 14 3
161 156 5 1 2 10 9 5 6 7 8 4 0 11 12 13 14 3
161 157 4 1 2 10 9 5 6 7 8 4 3 11 12 13 14 0
157 152 5 1 2 10 9 5 6 7 8 0 3 11 12 13 14 4
159 153 6 1 2 10 9 5 6 7 0 8 3 11 12 13 14 4
160 154 6 1 2 0 9 5 6 7 10 8 3 11 12 13 14 4
161 155 6 1 2 9 0 5 6 7 10 8 3 11 12 13 14 4
162 156 6 1 2 9 8 5 6 7 10 0 3 11 12 13 14 4
163 157 6 1 2 9 8 5 6 7 10 3 0 11 12 13 14 4
163 158 5 1 2 9 8 5 6 7 10 3 4 11 12 13 14 0
167 161 6 1 2 9 8 5 6 7 10 0 4 11 12 13 14 3
168 162 6 1 2 9 8 5 6 7 10 4 0 11 12 13 14 3
168 163 5 1 2 9 8 5 6 7 10 4 3 11 12 13 14 0
164 158 6 1 2 10 9 5 6 7 8 4 3 11 12 13 0 14
165 159 6 1 2 10 9 5 6 7 8 0 3 11 12 13 4 14
165 160 5 1 2 10 0 5 6 7 8 9 3 11 12 13 4 14
166 161 5 1 2 0 10 5 6 7 8 9 3 11 12 13 4 14
168 162 6 1 0 2 10 5 6 7 8 9 3 11 12 13 4 14
168 162 6 1 2 8 10 5 6 7 0 9 3 11 12 13 4 14
159 153 6 1 2 10 9 5 6 7 8 14 3 11 12 13 0 4
159 154 5 1 2 10 9 5 6 7 8 14 3 11 12 13 4 0
161 155 6 1 2 10 9 5 6 7 8 14 0 11 12 13 4 3
162 156 6 1 2 10 9 5 6 7 8 0 14 11 12 13 4 3
162 157 5 1 2 10 0 5 6 7 8 9 14 11 12 13 4 3
163 158 5 1 2 0 10 5 6 7 8 9 14 11 12 13 4 3
165 159 6 1 0 2 10 5 6 7 8 9 14 11 12 13 4 3
165 159 6 1 2 8 10 5 6 7 0 9 14 11 12 13 4 3
164 158 6 1 2 10 5 0 6 7 8 9 14 11 12 13 4 3
165 160 5 1 2 10 5 3 6 7 8 9 14 11 12 13 4 0
167 161 6 1 2 10 5 3 6 7 8 9 14 11 12 13 0 4
167 161 6 1 2 10 5 3 6 7 8 9 0 11 12 13 4 14
165 159 6 1 2 10 5 14 6 7 8 9 0 11 12 13 4 3
165 160 5 1 2 10 5 14 6 7 8 9 3 11 12 13 4 0
167 161 6 1 2 10 5 14 6 7 8 9 3 11 12 13 0 4
163 157 6 1 2 10 9 5 6 7 8 4 14 11 12 13 0 3
163 158 5 1 2 10 9 5 6 7 8 4 14 11 12 13 3 0
167 161 6 1 2 10 9 5 6 7 8 0 14 11 12 13 3 4
167 162 5 1 2 10 0 5 6 7 8 9 14 11 12 13 3 4
168 163 5 1 2 0 10 5 6 7 8 9 14 11 12 13 3 4
170 164 6 1 0 2 10 5 6 7 8 9 14 11 12 13 3 4
154 148 6 1 2 10 9 0 6 7 8 3 4 11 12 13 14 5
155 149 6 1 2 10 0 9 6 7 8 3 4 11 12 13 14 5
156 150 6 1 2 0 10 9 6 7 8 3 4 11 12 13 14 5
170 164 6 1 2 8 10 5 6 7 0 9 14 11 12 13 3 4
169 163 6 1 2 10 5 0 6 7 8 9 14 11 12 13 3 4
170 165 5 1 2 10 5 4 6 7 8 9 14 11 12 13 3 0
172 166 6 1 2 10 5 4 6 7 8 9 14 11 12 13 0 3
172 166 6 1 2 10 5 4 6 7 8 9 0 11 12 13 3 14
173 167 6 1 2 10 5 0 6 7 8 9 4 11 12 13 3 14
174 169 5 1 2 10 5 14 6 7 8 9 4 11 12 13 3 0
173 168 5 1 2 10 0 5 6 7 8 9 4 11 12 13 3 14
174 169 5 1 2 0 10 5 6 7 8 9 4 11 12 13 3 14
176 170 6 1 0 2 10 5 6 7 8 9 4 11 12 13 3 14
176 170 6 1 2 8 10 5 6 7 0 9 4 11 12 13 3 14
175 169 6 1 2 10 9 5 6 7 8 0 4 11 12 13 3 14
176 170 6 1 2 10 5 14 6 7 8 9 4 11 12 13 0 3
170 164 6 1 2 10 5 14 6 7 8 9 0 11 12 13 3 4
167 161 6 1 2 10 5 3 6 7 8 9 4 0 12 13 14 11
170 164 6 1 2 10 5 0 6 7 8 9 4 3 12 13 14 11
171 166 5 1 2 10 5 11 6 7 8 9 4 3 12 13 14 0
170 165 5 1 2 10 0 5 6 7 8 9 4 3 12 13 14 11
171 166 5 1 2 0 10 5 6 7 8 9 4 3 12 13 14 11
173 167 6 1 0 2 10 5 6 7 8 9 4 3 12 13 14 11
173 167 6 1 2 8 10 5 6 7 0 9 4 3 12 13 14 11
172 166 6 1 2 10 9 5 6 7 8 0 4 3 12 13 14 11
173 167 6 1 2 10 9 5 6 7 8 4 0 3 12 13 14 11
173 168 5 1 2 10 9 5 6 7 8 4 11 3 12 13 14 0
177 171 6 1 2 10 9 5 6 7 8 0 11 3 12 13 14 4
177 172 5 1 2 10 0 5 6 7 8 9 11 3 12 13 14 4
178 173 5 1 2 0 10 5 6 7 8 9 11 3 12 13 14 4
180 174 6 1 0 2 10 5 6 7 8 9 11 3 12 13 14 4
180 174 6 1 2 8 10 5 6 7 0 9 11 3 12 13 14 4
173 167 6 1 2 10 5 11 6 7 8 9 0 3 12 13 14 4
168 162 6 1 2 10 5 3 6 7 8 0 4 11 12 13 14 9
169 163 6 1 2 10 5 3 6 7 8 4 0 11 12 13 14 9
169 164 5 1 2 10 5 3 6 7 8 4 9 11 12 13 14 0
169 163 6 1 2 10 0 3 6 7 8 5 4 11 12 13 14 9
170 164 6 1 2 0 10 3 6 7 8 5 4 11 12 13 14 9
161 155 6 0 2 10 9 5 6 7 8 3 4 11 12 13 14 1
167 161 6 1 2 10 5 0 6 7 8 9 3 11 12 13 4 14
169 163 6 0 2 10 5 1 6 7 8 9 3 11 12 13 14 4
171 166 5 4 2 10 5 1 6 7 8 9 3 11 12 13 14 0
174 168 6 4 2 10 5 0 6 7 8 9 3 11 12 13 14 1
174 169 5 4 2 10 0 5 6 7 8 9 3 11 12 13 14 1
175 170 5 4 2 0 10 5 6 7 8 9 3 11 12 13 14 1
177 171 6 4 0 2 10 5 6 7 8 9 3 11 12 13 14 1
178 172 6 0 4 2 10 5 6 7 8 9 3 11 12 13 14 1
179 175 4 1 4 2 10 5 6 7 8 9 3 11 12 13 14 0
181 176 5 1 4 2 10 5 6 7 8 9 0 11 12 13 14 3
183 177 6 1 4 2 10 5 6 7 8 0 9 11 12 13 14 3
184 178 6 1 4 2 0 5 6 7 8 10 9 11 12 13 14 3
185 179 6 1 4 0 2 5 6 7 8 10 9 11 12 13 14 3
186 180 6 1 0 4 2 5 6 7 8 10 9 11 12 13 14 3
183 177 6 1 4 2 10 0 6 7 8 9 5 11 12 13 14 3
184 179 5 1 4 2 10 3 6 7 8 9 5 11 12 13 14 0
186 180 6 1 4 2 10 3 6 7 8 9 0 11 12 13 14 5
184 178 6 1 4 2 0 10 6 7 8 9 5 11 12 13 14 3
185 179 6 1 4 0 2 10 6 7 8 9 5 11 12 13 14 3
186 180 6 1 0 4 2 10 6 7 8 9 5 11 12 13 14 3
184 178 6 1 4 2 10 5 6 7 8 0 3 11 12 13 14 9
185 179 6 1 4 2 10 5 6 7 8 3 0 11 12 13 14 9
185 180 5 1 4 2 10 5 6 7 8 3 9 11 12 13 14 0
185 179 6 1 4 2 0 5 6 7 8 10 3 11 12 13 14 9
186 180 6 1 4 0 2 5 6 7 8 10 3 11 12 13 14 9
187 181 6 1 0 4 2 5 6 7 8 10 3 11 12 13 14 9
165 159 6 1 2 8 10 5 6 0 7 9 4 11 12 13 14 3
165 159 6 0 2 10 5 1 6 7 8 9 4 11 12 13 14 3
167 162 5 3 2 10 5 1 6 7 8 9 4 11 12 13 14 0
170 164 6 3 2 10 5 0 6 7 8 9 4 11 12 13 14 1
170 165 5 3 2 10 0 5 6 7 8 9 4 11 12 13 14 1
171 166 5 3 2 0 10 5 6 7 8 9 4 11 12 13 14 1
173 167 6 3 0 2 10 5 6 7 8 9 4 11 12 13 14 1
174 168 6 0 3 2 10 5 6 7 8 9 4 11 12 13 14 1
175 171 4 1 3 2 10 5 6 7 8 9 4 11 12 13 14 0
177 172 5 1 3 2 10 5 6 7 8 9 0 11 12 13 14 4
179 173 6 1 3 2 10 5 6 7 8 0 9 11 12 13 14 4
180 174 6 1 3 2 0 5 6 7 8 10 9 11 12 13 14 4
181 175 6 1 3 0 2 5 6 7 8 10 9 11 12 13 14 4
181 176 5 1 0 3 2 5 6 7 8 10 9 11 12 13 14 4
183 177 6 0 1 3 2 5 6 7 8 10 9 11 12 13 14 4
185 180 5 4 1 3 2 5 6 7 8 10 9 11 12 13 14 0
189 183 6 4 1 3 2 5 6 7 8 0 9 11 12 13 14 10
189 184 5 4 1 3 2 5 6 7 8 9 0 11 12 13 14 10
188 185 3 4 1 3 2 5 6 7 8 9 10 11 12 13 14 0
192 188 4 0 1 3 2 5 6 7 8 9 10 11 12 13 14 4
192 189 3 1 0 3 2 5 6 7 8 9 10 11 12 13 14 4
194 190 4 1 3 0 2 5 6 7 8 9 10 11 12 13 14 4
195 191 4 1 3 2 0 5 6 7 8 9 10 11 12 13 14 4
194 190 4 1 7 3 2 5 6 0 8 9 10 11 12 13 14 4
196 191 5 1 7 3 2 5 6 8 0 9 10 11 12 13 14 4
193 188 5 4 1 3 2 5 6 7 8 0 10 11 12 13 14 9
194 189 5 4 1 3 0 5 6 7 8 2 10 11 12 13 14 9
196 191 5 1 7 3 2 5 0 6 8 9 10 11 12 13 14 4
196 191 5 1 7 3 2 5 6 12 8 9 10 11 0 13 14 4
192 187 5 4 1 3 2 5 6 7 8 9 10 0 12 13 14 11
194 189 5 0 1 3 2 5 6 7 8 9 10 4 12 13 14 11
196 192 4 11 1 3 2 5 6 7 8 9 10 4 12 13 14 0
194 190 4 1 0 3 2 5 6 7 8 9 10 4 12 13 14 11
196 191 5 1 3 0 2 5 6 7 8 9 10 4 12 13 14 11
197 192 5 1 3 2 0 5 6 7 8 9 10 4 12 13 14 11
196 191 5 1 7 3 2 5 6 0 8 9 10 4 12 13 14 11
197 192 5 1 3 2 5 0 6 7 8 9 10 11 12 13 14 4
198 194 4 1 3 2 5 4 6 7 8 9 10 11 12 13 14 0
197 192 5 1 3 2 9 5 6 7 8 0 10 11 12 13 14 4
196 191 5 1 3 8 2 5 6 7 0 9 10 11 12 13 14 4
195 190 5 11 1 3 2 5 6 7 8 9 10 0 12 13 14 4
194 189 5 6 1 3 2 5 0 7 8 9 10 11 12 13 14 4
191 186 5 4 1 3 2 5 6 7 8 9 10 11 12 13 0 14
196 191 5 7 1 3 2 5 6 0 8 9 10 11 12 13 14 4
197 192 5 7 0 3 2 5 6 1 8 9 10 11 12 13 14 4
198 193 5 0 7 3 2 5 6 1 8 9 10 11 12 13 14 4
200 196 4 4 7 3 2 5 6 1 8 9 10 11 12 13 14 0
195 190 5 5 1 3 2 0 6 7 8 9 10 11 12 13 14 4
196 192 4 5 1 3 2 4 6 7 8 9 10 11 12 13 14 0
200 195 5 0 1 3 2 4 6 7 8 9 10 11 12 13 14 5
200 196 4 1 0 3 2 4 6 7 8 9 10 11 12 13 14 5
202 197 5 1 3 0 2 4 6 7 8 9 10 11 12 13 14 5
203 198 5 1 3 2 0 4 6 7 8 9 10 11 12 13 14 5
203 199 4 1 3 2 4 0 6 7 8 9 10 11 12 13 14 5
203 201 2 1 3 2 4 5 6 7 8 9 10 11 12 13 14 0
208 204 4 1 3 2 4 5 6 7 8 0 10 11 12 13 14 9
208 204 4 0 3 2 4 5 6 7 8 9 10 11 12 13 14 1
209 205 4 3 0 2 4 5 6 7 8 9 10 11 12 13 14 1
209 206 3 3 2 0 4 5 6 7 8 9 10 11 12 13 14 1
211 207 4 3 2 4 0 5 6 7 8 9 10 11 12 13 14 1
211 207 4 3 2 8 4 5 6 7 0 9 10 11 12 13 14 1
207 203 4 1 3 2 4 5 6 7 8 9 10 0 12 13 14 11
206 202 4 1 3 2 4 5 6 7 8 9 10 11 12 13 0 14
206 202 4 1 3 2 4 5 6 7 8 9 0 11 12 13 14 10
208 203 5 1 3 2 4 5 6 7 8 0 9 11 12 13 14 10
208 203 5 1 3 2 4 0 6 7 8 9 5 11 12 13 14 10
209 205 4 1 3 2 4 10 6 7 8 9 5 11 12 13 14 0
208 203 5 1 3 2 4 5 6 7 8 9 10 11 12 0 13 14
208 203 5 1 3 2 4 5 6 7 8 0 10 11 12 13 9 14
213 208 5 3 2 4 5 0 6 7 8 9 10 11 12 13 14 1
214 210 4 3 2 4 5 1 6 7 8 9 10 11 12 13 14 0
218 213 5 0 2 4 5 1 6 7 8 9 10 11 12 13 14 3
219 215 4 1 2 4 5 0 6 7 8 9 10 11 12 13 14 3
220 217 3 1 2 4 5 3 6 7 8 9 10 11 12 13 14 0
219 216 3 1 2 4 0 5 6 7 8 9 10 11 12 13 14 3
219 217 2 1 2 0 4 5 6 7 8 9 10 11 12 13 14 3
221 218 3 1 0 2 4 5 6 7 8 9 10 11 12 13 14 3
221 218 3 1 2 8 4 5 6 7 0 9 10 11 12 13 14 3
223 219 4 1 2 8 4 5 6 7 9 0 10 11 12 13 14 3
223 219 4 1 2 8 4 5 6 0 7 9 10 11 12 13 14 3
223 219 4 1 2 8 4 5 6 7 13 9 10 11 12 0 14 3
223 219 4 0 1 2 4 5 6 7 8 9 10 11 12 13 14 3
225 222 3 3 1 2 4 5 6 7 8 9 10 11 12 13 14 0
223 219 4 1 7 2 4 5 6 0 8 9 10 11 12 13 14 3
221 217 4 1 2 4 9 5 6 7 8 0 10 11 12 13 14 3
223 218 5 1 2 4 9 5 6 7 8 10 0 11 12 13 14 3
223 219 4 1 2 4 9 5 6 7 8 10 3 11 12 13 14 0
227 222 5 1 2 4 9 5 6 7 8 0 3 11 12 13 14 10
227 223 4 1 2 4 0 5 6 7 8 9 3 11 12 13 14 10
227 224 3 1 2 0 4 5 6 7 8 9 3 11 12 13 14 10
229 225 4 1 0 2 4 5 6 7 8 9 3 11 12 13 14 10
229 225 4 1 2 8 4 5 6 7 0 9 3 11 12 13 14 10
231 226 5 1 2 8 4 5 6 7 9 0 3 11 12 13 14 10
232 227 5 1 2 8 4 5 6 7 9 3 0 11 12 13 14 10
231 228 3 1 2 8 4 5 6 7 9 3 10 11 12 13 14 0
236 231 5 0 2 8 4 5 6 7 9 3 10 11 12 13 14 1
235 230 5 1 2 8 4 0 6 7 9 3 10 11 12 13 14 5
238 233 5 1 2 8 4 3 6 7 9 0 10 11 12 13 14 5
238 234 4 1 2 8 4 3 6 7 0 9 10 11 12 13 14 5
238 235 3 1 2 0 4 3 6 7 8 9 10 11 12 13 14 5
240 236 4 1 2 4 0 3 6 7 8 9 10 11 12 13 14 5
241 237 4 1 2 4 3 0 6 7 8 9 10 11 12 13 14 5
241 239 2 1 2 4 3 5 6 7 8 9 10 11 12 13 14 0
246 242 4 1 2 4 3 5 6 7 8 0 10 11 12 13 14 9
247 243 4 1 2 4 0 5 6 7 8 3 10 11 12 13 14 9
247 244 3 1 2 0 4 5 6 7 8 3 10 11 12 13 14 9
249 245 4 1 0 2 4 5 6 7 8 3 10 11 12 13 14 9
249 245 4 1 2 8 4 5 6 7 0 3 10 11 12 13 14 9
250 246 4 1 2 8 4 5 6 7 3 0 10 11 12 13 14 9
246 242 4 0 2 4 3 5 6 7 8 9 10 11 12 13 14 1
245 241 4 1 2 4 3 5 6 7 8 9 10 0 12 13 14 11
244 240 4 1 2 4 3 5 6 7 8 9 10 11 12 13 0 14
244 240 4 1 2 4 3 5 6 7 8 9 0 11 12 13 14 10
240 236 4 1 0 2 4 3 6 7 8 9 10 11 12 13 14 5
242 237 5 0 1 2 4 3 6 7 8 9 10 11 12 13 14 5
244 240 4 5 1 2 4 3 6 7 8 9 10 11 12 13 14 0
248 243 5 0 2 4 3 5 6 7 8 9 10 1 12 13 14 11
250 246 4 11 2 4 3 5 6 7 8 9 10 1 12 13 14 0
211 206 5 5 3 2 4 0 6 7 8 9 10 11 12 13 14 1
212 208 4 5 3 2 4 1 6 7 8 9 10 11 12 13 14 0
207 202 5 1 3 2 4 9 6 7 8 0 10 11 12 13 14 5
207 202 5 1 3 2 4 11 6 7 8 9 10 0 12 13 14 5
208 204 4 1 3 2 4 11 6 7 8 9 10 5 12 13 14 0
242 237 5 1 7 2 4 3 6 0 8 9 10 11 12 13 14 5
246 241 5 1 2 4 3 5 6 7 8 0 9 11 12 13 14 10
247 242 5 1 2 4 0 5 6 7 8 3 9 11 12 13 14 10
247 243 4 1 2 0 4 5 6 7 8 3 9 11 12 13 14 10
249 244 5 1 0 2 4 5 6 7 8 3 9 11 12 13 14 10
249 244 5 1 2 8 4 5 6 7 0 3 9 11 12 13 14 10
250 245 5 1 2 8 4 5 6 7 3 0 9 11 12 13 14 10
250 246 4 1 2 8 4 5 6 7 3 9 0 11 12 13 14 10
249 247 2 1 2 8 4 5 6 7 3 9 10 11 12 13 14 0
254 250 4 0 2 8 4 5 6 7 3 9 10 11 12 13 14 1
253 249 4 1 2 8 4 0 6 7 3 9 10 11 12 13 14 5
253 249 4 1 2 8 4 5 6 7 3 9 10 0 12 13 14 11
252 248 4 1 2 8 4 5 6 7 3 9 10 11 12 13 0 14
254 249 5 1 2 8 4 5 6 7 3 9 10 11 12 0 13 14
255 250 5 1 2 8 4 5 6 7 0 9 10 11 12 3 13 14
255 251 4 1 2 0 4 5 6 7 8 9 10 11 12 3 13 14
257 252 5 1 2 4 0 5 6 7 8 9 10 11 12 3 13 14
257 252 5 1 0 2 4 5 6 7 8 9 10 11 12 3 13 14
256 251 5 0 2 8 4 1 6 7 3 9 10 11 12 13 14 5
258 254 4 5 2 8 4 1 6 7 3 9 10 11 12 13 14 0
254 249 5 1 2 8 4 5 6 7 3 0 10 11 12 13 9 14
255 250 5 1 2 8 4 5 6 7 0 3 10 11 12 13 9 14
255 251 4 1 2 0 4 5 6 7 8 3 10 11 12 13 9 14
257 252 5 1 2 4 0 5 6 7 8 3 10 11 12 13 9 14
257 252 5 1 0 2 4 5 6 7 8 3 10 11 12 13 9 14
225 220 5 1 2 8 4 5 0 6 7 9 10 11 12 13 14 3
205 200 5 1 3 2 4 10 6 7 8 9 0 11 12 13 14 5
228 223 5 3 1 2 4 5 6 7 8 9 10 11 12 13 0 14
228 223 5 3 1 2 4 5 6 7 8 9 0 11 12 13 14 10
229 224 5 3 1 2 4 0 6 7 8 9 10 11 12 13 14 5
213 208 5 3 2 4 9 5 6 7 8 0 10 11 12 13 14 1
231 226 5 0 1 2 4 5 6 7 8 9 3 11 12 13 14 10
233 229 4 10 1 2 4 5 6 7 8 9 3 11 12 13 14 0
235 230 5 10 1 2 4 5 6 7 8 9 0 11 12 13 14 3
210 205 5 1 3 2 4 5 6 7 8 10 0 11 12 13 14 9
210 206 4 1 3 2 4 5 6 7 8 10 9 11 12 13 14 0
223 218 5 1 2 4 9 5 6 7 8 14 10 11 12 13 0 3
223 219 4 1 2 4 9 5 6 7 8 14 10 11 12 13 3 0
227 222 5 1 2 4 9 5 6 7 8 0 10 11 12 13 3 14
227 223 4 1 2 4 0 5 6 7 8 9 10 11 12 13 3 14
227 224 3 1 2 0 4 5 6 7 8 9 10 11 12 13 3 14
229 225 4 1 0 2 4 5 6 7 8 9 10 11 12 13 3 14
229 225 4 1 2 8 4 5 6 7 0 9 10 11 12 13 3 14
231 226 5 1 2 8 4 5 6 7 9 0 10 11 12 13 3 14
228 223 5 1 2 4 9 5 6 7 8 3 0 11 12 13 14 10
227 224 3 1 2 4 9 5 6 7 8 3 10 11 12 13 14 0
232 227 5 0 2 4 9 5 6 7 8 3 10 11 12 13 14 1
228 223 5 1 2 4 9 5 6 7 8 3 10 11 12 13 0 14
231 226 5 1 2 4 9 0 6 7 8 3 10 11 12 13 14 5
232 227 5 1 2 4 0 9 6 7 8 3 10 11 12 13 14 5
232 228 4 1 2 0 4 9 6 7 8 3 10 11 12 13 14 5
234 229 5 1 0 2 4 9 6 7 8 3 10 11 12 13 14 5
234 229 5 1 2 8 4 9 6 7 0 3 10 11 12 13 14 5
231 226 5 1 2 4 9 5 6 7 8 3 10 0 12 13 14 11
231 226 5 1 2 8 4 5 6 0 7 9 10 11 12 13 3 14
232 227 5 1 2 8 4 5 6 7 9 3 10 11 12 13 0 14
192 187 5 4 1 3 2 0 6 7 8 9 10 11 12 13 14 5
193 188 5 4 1 3 0 2 6 7 8 9 10 11 12 13 14 5
225 220 5 1 7 2 4 5 0 6 8 9 10 11 12 13 14 3
229 224 5 3 1 2 4 5 6 7 8 9 10 0 12 13 14 11
231 226 5 0 1 2 4 5 6 7 8 9 10 3 12 13 14 11
233 229 4 11 1 2 4 5 6 7 8 9 10 3 12 13 14 0
231 227 4 1 0 2 4 5 6 7 8 9 10 3 12 13 14 11
231 228 3 1 2 0 4 5 6 7 8 9 10 3 12 13 14 11
233 229 4 1 2 4 0 5 6 7 8 9 10 3 12 13 14 11
233 229 4 1 2 8 4 5 6 7 0 9 10 3 12 13 14 11
235 230 5 1 2 8 4 5 6 7 9 0 10 3 12 13 14 11
210 205 5 0 3 2 4 5 6 7 8 9 10 1 12 13 14 11
212 208 4 11 3 2 4 5 6 7 8 9 10 1 12 13 14 0
211 206 5 3 0 2 4 5 6 7 8 9 10 1 12 13 14 11
211 207 4 3 2 0 4 5 6 7 8 9 10 1 12 13 14 11
213 208 5 3 2 4 0 5 6 7 8 9 10 1 12 13 14 11
213 208 5 3 2 8 4 5 6 7 0 9 10 1 12 13 14 11
235 230 5 1 2 8 4 5 6 0 7 9 10 3 12 13 14 11
235 230 5 1 2 8 4 5 6 7 13 9 10 3 12 0 14 11
249 244 5 5 2 4 3 0 6 7 8 9 10 11 12 13 14 1
250 246 4 5 2 4 3 1 6 7 8 9 10 11 12 13 14 0
250 245 5 5 2 4 0 3 6 7 8 9 10 11 12 13 14 1
250 246 4 5 2 0 4 3 6 7 8 9 10 11 12 13 14 1
252 247 5 5 0 2 4 3 6 7 8 9 10 11 12 13 14 1
253 248 5 0 5 2 4 3 6 7 8 9 10 11 12 13 14 1
254 251 3 1 5 2 4 3 6 7 8 9 10 11 12 13 14 0
257 253 4 1 5 2 4 0 6 7 8 9 10 11 12 13 14 3
261 256 5 1 5 2 4 9 6 7 8 0 10 11 12 13 14 3
261 256 5 1 5 2 4 11 6 7 8 9 10 0 12 13 14 3
262 258 4 1 5 2 4 11 6 7 8 9 10 3 12 13 14 0
265 260 5 1 5 2 4 0 6 7 8 9 10 3 12 13 14 11
260 255 5 0 5 2 4 1 6 7 8 9 10 11 12 13 14 3
262 258 4 3 5 2 4 1 6 7 8 9 10 11 12 13 14 0
261 256 5 5 0 2 4 1 6 7 8 9 10 11 12 13 14 3
261 257 4 5 2 0 4 1 6 7 8 9 10 11 12 13 14 3
263 258 5 5 2 4 0 1 6 7 8 9 10 11 12 13 14 3
264 259 5 5 2 4 1 0 6 7 8 9 10 11 12 13 14 3
265 261 4 5 2 4 1 3 6 7 8 9 10 11 12 13 14 0
265 261 4 0 2 4 1 5 6 7 8 9 10 11 12 13 14 3
267 264 3 3 2 4 1 5 6 7 8 9 10 11 12 13 14 0
272 267 5 3 2 4 1 5 6 7 8 0 10 11 12 13 14 9
273 268 5 3 2 4 0 5 6 7 8 1 10 11 12 13 14 9
273 269 4 3 2 0 4 5 6 7 8 1 10 11 12 13 14 9
275 270 5 3 0 2 4 5 6 7 8 1 10 11 12 13 14 9
276 271 5 0 3 2 4 5 6 7 8 1 10 11 12 13 14 9
278 274 4 9 3 2 4 5 6 7 8 1 10 11 12 13 14 0
282 277 5 9 3 2 4 5 6 7 8 0 10 11 12 13 14 1
244 239 5 0 2 4 3 1 6 7 8 9 10 11 12 13 14 5
275 270 5 3 2 8 4 5 6 7 0 1 10 11 12 13 14 9
276 271 5 3 2 8 4 5 6 7 1 0 10 11 12 13 14 9
206 201 5 0 3 2 4 1 6 7 8 9 10 11 12 13 14 5
207 202 5 3 0 2 4 1 6 7 8 9 10 11 12 13 14 5
207 203 4 3 2 0 4 1 6 7 8 9 10 11 12 13 14 5
209 204 5 3 2 4 0 1 6 7 8 9 10 11 12 13 14 5
271 266 5 3 2 4 1 5 6 7 8 9 10 0 12 13 14 11
273 268 5 0 2 4 1 5 6 7 8 9 10 3 12 13 14 11
275 271 4 11 2 4 1 5 6 7 8 9 10 3 12 13 14 0
209 204 5 3 2 8 4 1 6 7 0 9 10 11 12 13 14 5
256 251 5 2 0 8 4 5 6 7 3 9 10 11 12 13 14 1
257 252 5 2 8 0 4 5 6 7 3 9 10 11 12 13 14 1
257 253 4 2 8 3 4 5 6 7 0 9 10 11 12 13 14 1
259 254 5 2 8 3 4 5 6 7 9 0 10 11 12 13 14 1
259 254 5 2 8 3 4 5 6 0 7 9 10 11 12 13 14 1
260 255 5 2 0 3 4 5 6 8 7 9 10 11 12 13 14 1
260 256 4 0 2 3 4 5 6 8 7 9 10 11 12 13 14 1
261 259 2 1 2 3 4 5 6 8 7 9 10 11 12 13 14 0
266 262 4 1 2 3 4 5 6 8 7 0 10 11 12 13 14 9
267 263 4 1 2 3 4 5 6 8 0 7 10 11 12 13 14 9
267 264 3 1 2 3 4 5 6 0 8 7 10 11 12 13 14 9
269 265 4 1 2 3 4 5 0 6 8 7 10 11 12 13 14 9
269 265 4 1 2 3 4 5 6 12 8 7 10 11 0 13 14 9
269 265 4 1 0 3 4 5 6 2 8 7 10 11 12 13 14 9
265 261 4 1 2 3 4 0 6 8 7 9 10 11 12 13 14 5
265 261 4 1 2 3 4 5 6 8 7 9 10 0 12 13 14 11
268 264 4 1 2 3 4 5 6 0 7 9 10 8 12 13 14 11
268 265 3 1 2 3 4 5 6 7 0 9 10 8 12 13 14 11
270 266 4 1 2 3 4 5 6 7 9 0 10 8 12 13 14 11
270 266 4 1 2 3 4 5 6 7 13 9 10 8 12 0 14 11
270 266 4 1 2 0 4 5 6 7 3 9 10 8 12 13 14 11
264 260 4 1 2 3 4 5 6 8 7 9 10 11 12 13 0 14
263 259 4 8 2 3 4 5 6 0 7 9 10 11 12 13 14 1
263 260 3 8 2 3 4 5 6 7 0 9 10 11 12 13 14 1
265 261 4 8 2 3 4 5 6 7 9 0 10 11 12 13 14 1
265 261 4 8 2 3 4 5 6 7 13 9 10 11 12 0 14 1
265 261 4 8 2 0 4 5 6 7 3 9 10 11 12 13 14 1
264 260 4 1 2 3 4 5 6 8 7 9 0 11 12 13 14 10
266 261 5 1 2 3 4 5 6 8 7 0 9 11 12 13 14 10
267 262 5 1 2 3 4 5 6 8 0 7 9 11 12 13 14 10
267 263 4 1 2 3 4 5 6 0 8 7 9 11 12 13 14 10
269 264 5 1 2 3 4 5 0 6 8 7 9 11 12 13 14 10
269 264 5 1 2 3 4 5 6 12 8 7 9 11 0 13 14 10
269 264 5 1 0 3 4 5 6 2 8 7 9 11 12 13 14 10
225 220 5 6 1 2 4 5 0 7 8 9 10 11 12 13 14 3
225 220 5 1 2 8 4 5 6 12 7 9 10 11 0 13 14 3
227 222 5 7 1 2 4 5 6 0 8 9 10 11 12 13 14 3
228 223 5 7 0 2 4 5 6 1 8 9 10 11 12 13 14 3
228 224 4 7 2 0 4 5 6 1 8 9 10 11 12 13 14 3
230 225 5 7 2 4 0 5 6 1 8 9 10 11 12 13 14 3
230 225 5 7 2 8 4 5 6 1 0 9 10 11 12 13 14 3
231 226 5 7 2 8 4 5 6 0 1 9 10 11 12 13 14 3
229 224 5 0 7 2 4 5 6 1 8 9 10 11 12 13 14 3
231 227 4 3 7 2 4 5 6 1 8 9 10 11 12 13 14 0
246 241 5 1 2 4 3 5 6 7 8 9 10 11 12 0 13 14
213 208 5 3 2 8 4 5 6 7 13 9 10 11 12 0 14 1
231 226 5 1 7 2 4 5 6 0 8 9 3 11 12 13 14 10
211 206 5 1 3 2 4 0 6 7 8 9 10 5 12 13 14 11
231 226 5 1 7 2 4 5 6 0 8 9 10 11 12 13 3 14
225 220 5 1 7 2 4 5 6 8 0 9 10 11 12 13 14 3
226 221 5 1 7 0 4 5 6 8 2 9 10 11 12 13 14 3
227 222 5 1 0 7 4 5 6 8 2 9 10 11 12 13 14 3
228 223 5 1 8 7 4 5 6 0 2 9 10 11 12 13 14 3
229 224 5 1 8 7 4 5 6 2 0 9 10 11 12 13 14 3
230 225 5 1 8 0 4 5 6 2 7 9 10 11 12 13 14 3
211 206 5 3 7 2 4 5 6 0 8 9 10 11 12 13 14 1
223 218 5 1 2 4 9 5 6 7 0 8 10 11 12 13 14 3
224 219 5 1 2 0 9 5 6 7 4 8 10 11 12 13 14 3
225 220 5 1 2 9 0 5 6 7 4 8 10 11 12 13 14 3
226 221 5 1 2 9 8 5 6 7 4 0 10 11 12 13 14 3
227 222 5 1 2 9 8 5 6 7 0 4 10 11 12 13 14 3
228 223 5 1 2 0 8 5 6 7 9 4 10 11 12 13 14 3
231 226 5 1 2 8 4 5 6 7 13 9 10 11 12 0 3 14
232 227 5 1 2 8 4 5 6 7 13 9 10 11 12 3 0 14
231 228 3 1 2 8 4 5 6 7 13 9 10 11 12 3 14 0
236 231 5 1 2 8 4 5 6 7 13 0 10 11 12 3 14 9
237 232 5 1 2 8 4 5 6 7 0 13 10 11 12 3 14 9
237 233 4 1 2 0 4 5 6 7 8 13 10 11 12 3 14 9
239 234 5 1 2 4 0 5 6 7 8 13 10 11 12 3 14 9
240 235 5 1 2 4 13 5 6 7 8 0 10 11 12 3 14 9
239 234 5 1 0 2 4 5 6 7 8 13 10 11 12 3 14 9
238 233 5 1 2 8 4 5 6 7 3 13 10 11 12 0 14 9
209 204 5 1 3 2 4 5 6 7 8 9 10 12 0 13 14 11
248 243 5 1 2 4 3 5 6 7 0 8 10 11 12 13 14 9
249 244 5 1 2 0 3 5 6 7 4 8 10 11 12 13 14 9
249 245 4 1 2 3 0 5 6 7 4 8 10 11 12 13 14 9
250 246 4 1 2 3 8 5 6 7 4 0 10 11 12 13 14 9
251 247 4 1 2 3 8 5 6 7 0 4 10 11 12 13 14 9
253 248 5 1 2 3 8 5 6 0 7 4 10 11 12 13 14 9
253 248 5 1 2 3 8 5 6 7 13 4 10 11 12 0 14 9
253 248 5 1 2 0 8 5 6 7 3 4 10 11 12 13 14 9
252 247 5 1 2 3 8 5 6 7 4 10 0 11 12 13 14 9
252 248 4 1 2 3 8 5 6 7 4 10 9 11 12 13 14 0
256 251 5 1 2 3 8 5 6 7 4 0 9 11 12 13 14 10
256 252 4 1 2 3 8 5 6 7 4 9 0 11 12 13 14 10
255 253 2 1 2 3 8 5 6 7 4 9 10 11 12 13 14 0
260 256 4 0 2 3 8 5 6 7 4 9 10 11 12 13 14 1
258 254 4 1 2 3 8 5 6 7 4 9 10 11 12 13 0 14
259 255 4 1 2 3 8 0 6 7 4 9 10 11 12 13 14 5
260 256 4 1 2 3 0 8 6 7 4 9 10 11 12 13 14 5
259 255 4 1 2 3 8 5 6 7 4 9 10 0 12 13 14 11
263 258 5 1 2 3 8 5 6 0 4 9 10 7 12 13 14 11
264 259 5 1 2 3 8 5 6 4 0 9 10 7 12 13 14 11
258 253 5 1 2 3 8 0 6 7 4 9 5 11 12 13 14 10
259 255 4 1 2 3 8 10 6 7 4 9 5 11 12 13 14 0
267 262 5 6 2 4 1 5 0 7 8 9 10 11 12 13 14 3
259 254 5 1 5 2 0 4 6 7 8 9 10 11 12 13 14 3
260 255 5 1 5 0 2 4 6 7 8 9 10 11 12 13 14 3
261 256 5 1 0 5 2 4 6 7 8 9 10 11 12 13 14 3
249 244 5 1 2 4 3 0 6 7 8 9 10 5 12 13 14 11
250 246 4 1 2 4 3 11 6 7 8 9 10 5 12 13 14 0
249 244 5 11 2 4 3 5 6 7 8 9 10 0 12 13 14 1
247 242 5 1 2 4 3 5 0 7 8 9 10 6 12 13 14 11
250 245 5 7 2 4 3 5 6 0 8 9 10 11 12 13 14 1
263 258 5 5 2 8 4 1 6 7 0 9 10 11 12 13 14 3
223 218 5 1 2 4 5 11 6 7 8 9 10 0 12 13 14 3
224 220 4 1 2 4 5 11 6 7 8 9 10 3 12 13 14 0
210 205 5 6 3 2 4 5 0 7 8 9 10 11 12 13 14 1
246 241 5 1 2 4 3 0 6 7 8 9 5 11 12 13 14 10
247 243 4 1 2 4 3 10 6 7 8 9 5 11 12 13 14 0
223 218 5 1 2 4 5 3 6 7 8 9 0 11 12 13 14 10
247 242 5 1 2 4 3 5 6 7 8 9 10 12 0 13 14 11
225 220 5 1 2 8 4 5 6 7 13 9 10 11 0 12 14 3
270 265 5 3 2 4 1 5 6 7 8 9 0 11 12 13 14 10
269 264 5 7 2 4 1 5 6 0 8 9 10 11 12 13 14 3
268 263 5 11 2 4 1 5 6 7 8 9 10 0 12 13 14 3
210 205 5 1 3 2 0 5 6 7 8 4 10 11 12 13 14 9
211 206 5 1 3 0 2 5 6 7 8 4 10 11 12 13 14 9
211 207 4 1 0 3 2 5 6 7 8 4 10 11 12 13 14 9
213 208 5 0 1 3 2 5 6 7 8 4 10 11 12 13 14 9
215 211 4 9 1 3 2 5 6 7 8 4 10 11 12 13 14 0
219 214 5 9 1 3 2 5 6 7 8 0 10 11 12 13 14 4
220 215 5 9 1 3 0 5 6 7 8 2 10 11 12 13 14 4
268 263 5 1 2 3 4 5 6 8 7 14 10 11 12 13 0 9
268 264 4 1 2 3 4 5 6 8 7 14 10 11 12 13 9 0
223 218 5 1 2 4 5 9 6 7 8 0 10 11 12 13 14 3
224 219 5 1 2 4 0 9 6 7 8 5 10 11 12 13 14 3
224 220 4 1 2 0 4 9 6 7 8 5 10 11 12 13 14 3
226 221 5 1 0 2 4 9 6 7 8 5 10 11 12 13 14 3
268 263 5 1 2 3 0 5 6 8 7 4 10 11 12 13 14 9
215 210 5 0 2 4 5 3 6 7 8 9 10 11 12 13 14 1
252 247 5 1 2 8 4 0 6 7 3 9 5 11 12 13 14 10
253 249 4 1 2 8 4 10 6 7 3 9 5 11 12 13 14 0
258 253 5 7 2 8 4 5 6 0 3 9 10 11 12 13 14 1
259 254 5 7 2 8 4 5 6 3 0 9 10 11 12 13 14 1
259 255 4 7 2 0 4 5 6 3 8 9 10 11 12 13 14 1
261 256 5 7 2 4 0 5 6 3 8 9 10 11 12 13 14 1
257 252 5 11 2 8 4 5 6 7 3 9 10 0 12 13 14 1
258 254 4 11 2 8 4 5 6 7 3 9 10 1 12 13 14 0
235 230 5 1 2 8 4 9 6 7 3 0 10 11 12 13 14 5
263 258 5 11 2 3 4 5 6 8 7 9 10 0 12 13 14 1
264 260 4 11 2 3 4 5 6 8 7 9 10 1 12 13 14 0
259 254 5 2 8 3 4 5 6 7 13 9 10 11 12 0 14 1
257 252 5 1 2 8 4 11 6 7 3 9 10 0 12 13 14 5
258 254 4 1 2 8 4 11 6 7 3 9 10 5 12 13 14 0
257 252 5 1 2 3 0 5 6 7 4 8 9 11 12 13 14 10
257 252 5 1 2 8 4 5 6 0 3 9 10 7 12 13 14 11
258 253 5 1 2 8 4 5 6 3 0 9 10 7 12 13 14 11
258 254 4 1 2 0 4 5 6 3 8 9 10 7 12 13 14 11
260 255 5 1 2 4 0 5 6 3 8 9 10 7 12 13 14 11
268 263 5 1 2 3 4 5 6 8 7 10 0 11 12 13 14 9
268 264 4 1 2 3 4 5 6 8 7 10 9 11 12 13 14 0
271 266 5 1 2 3 4 5 11 6 8 7 10 0 12 13 14 9
272 268 4 1 2 3 4 5 11 6 8 7 10 9 12 13 14 0
276 271 5 1 2 3 4 5 11 6 8 0 10 9 12 13 14 7
267 262 5 1 2 3 0 4 6 8 7 9 10 11 12 13 14 5
267 262 5 1 2 3 4 10 6 8 7 9 0 11 12 13 14 5
267 263 4 1 2 3 4 10 6 8 7 9 5 11 12 13 14 0
271 266 5 1 3 0 4 5 6 2 8 7 10 11 12 13 14 9
267 262 5 1 2 3 4 5 0 8 7 9 10 6 12 13 14 11
268 263 5 1 2 3 4 5 8 0 7 9 10 6 12 13 14 11
268 264 4 1 2 3 4 5 8 7 0 9 10 6 12 13 14 11
270 265 5 1 2 3 4 5 8 7 9 0 10 6 12 13 14 11
269 264 5 1 2 3 4 9 6 8 7 0 10 11 12 13 14 5
270 265 5 1 2 3 4 9 6 8 0 7 10 11 12 13 14 5
270 266 4 1 2 3 4 9 6 0 8 7 10 11 12 13 14 5
272 267 5 1 2 3 4 9 0 6 8 7 10 11 12 13 14 5
270 265 5 1 0 3 4 5 6 2 7 9 10 8 12 13 14 11
259 254 5 1 5 2 4 3 6 7 8 0 10 11 12 13 14 9
272 267 5 1 2 3 4 5 6 7 9 10 0 8 12 13 14 11
272 268 4 1 2 3 4 5 6 7 9 10 11 8 12 13 14 0
276 271 5 1 2 3 4 5 6 7 9 0 11 8 12 13 14 10
276 272 4 1 2 3 4 5 6 7 0 9 11 8 12 13 14 10
278 273 5 1 2 3 4 5 6 0 7 9 11 8 12 13 14 10
269 264 5 1 2 3 4 0 6 8 7 9 10 5 12 13 14 11
270 266 4 1 2 3 4 11 6 8 7 9 10 5 12 13 14 0
251 246 5 1 2 8 4 5 6 0 7 3 10 11 12 13 14 9
272 267 5 1 2 3 0 5 6 7 9 4 10 8 12 13 14 11
272 267 5 1 2 3 4 5 6 7 13 9 10 8 12 14 0 11
272 268 4 1 2 3 4 5 6 7 13 9 10 8 12 14 11 0
275 270 5 1 2 3 4 5 6 7 13 9 10 0 12 14 11 8
265 260 5 8 2 3 4 5 0 6 7 9 10 11 12 13 14 1
255 250 5 1 2 8 0 4 6 7 3 9 10 11 12 13 14 5
256 251 5 1 2 0 8 4 6 7 3 9 10 11 12 13 14 5
256 252 4 1 2 3 8 4 6 7 0 9 10 11 12 13 14 5
258 253 5 1 2 3 8 4 6 7 9 0 10 11 12 13 14 5
259 254 5 1 2 3 0 4 6 7 9 8 10 11 12 13 14 5
259 255 4 1 2 3 4 0 6 7 9 8 10 11 12 13 14 5
259 257 2 1 2 3 4 5 6 7 9 8 10 11 12 13 14 0
263 260 3 1 2 3 4 5 6 7 9 0 10 11 12 13 14 8
263 261 2 1 2 3 4 5 6 7 0 9 10 11 12 13 14 8
265 262 3 1 2 3 4 5 6 0 7 9 10 11 12 13 14 8
265 262 3 1 2 3 4 5 6 7 13 9 10 11 12 0 14 8
265 262 3 1 2 0 4 5 6 7 3 9 10 11 12 13 14 8
267 263 4 1 2 4 0 5 6 7 3 9 10 11 12 13 14 8
267 263 4 1 0 2 4 5 6 7 3 9 10 11 12 13 14 8
263 259 4 1 2 3 4 5 6 7 9 8 10 0 12 13 14 11
267 263 4 1 2 3 4 5 6 7 13 9 10 11 12 14 0 8
267 264 3 1 2 3 4 5 6 7 13 9 10 11 12 14 8 0
267 263 4 1 2 3 4 5 6 7 13 9 10 11 0 12 14 8
267 263 4 1 2 3 4 5 0 6 7 9 10 11 12 13 14 8
267 263 4 1 2 3 4 5 6 12 7 9 10 11 0 13 14 8
267 263 4 1 0 3 4 5 6 2 7 9 10 11 12 13 14 8
265 261 4 1 2 3 4 5 6 7 9 10 0 11 12 13 14 8
265 262 3 1 2 3 4 5 6 7 9 10 8 11 12 13 14 0
269 265 4 1 2 3 4 5 6 7 9 0 8 11 12 13 14 10
269 266 3 1 2 3 4 5 6 7 0 9 8 11 12 13 14 10
271 267 4 1 2 3 4 5 6 0 7 9 8 11 12 13 14 10
271 267 4 1 2 3 4 5 6 7 13 9 8 11 12 0 14 10
271 267 4 1 2 0 4 5 6 7 3 9 8 11 12 13 14 10
262 258 4 1 2 3 4 8 6 7 9 0 10 11 12 13 14 5
262 259 3 1 2 3 4 8 6 7 0 9 10 11 12 13 14 5
264 260 4 1 2 3 4 8 6 0 7 9 10 11 12 13 14 5
264 260 4 1 2 3 4 8 6 7 13 9 10 11 12 0 14 5
264 260 4 1 2 0 4 8 6 7 3 9 10 11 12 13 14 5
262 258 4 1 2 3 4 5 6 7 9 8 0 11 12 13 14 10
265 261 4 1 2 3 4 5 6 7 9 14 10 11 12 13 0 8
265 262 3 1 2 3 4 5 6 7 9 14 10 11 12 13 8 0
269 265 4 1 2 3 4 5 6 7 9 0 10 11 12 13 8 14
269 266 3 1 2 3 4 5 6 7 0 9 10 11 12 13 8 14
271 267 4 1 2 3 4 5 6 0 7 9 10 11 12 13 8 14
271 267 4 1 2 3 4 5 6 7 13 9 10 11 12 0 8 14
272 268 4 1 2 3 4 5 6 7 13 9 10 11 12 8 0 14
271 269 2 1 2 3 4 5 6 7 13 9 10 11 12 8 14 0
276 272 4 1 2 3 4 5 6 7 13 0 10 11 12 8 14 9
277 273 4 1 2 3 4 5 6 7 0 13 10 11 12 8 14 9
277 274 3 1 2 3 4 5 6 7 8 13 10 11 12 0 14 9
279 275 4 1 2 3 4 5 6 7 8 13 10 11 12 14 0 9
279 276 3 1 2 3 4 5 6 7 8 13 10 11 12 14 9 0
283 279 4 1 2 3 4 5 6 7 8 0 10 11 12 14 9 13
283 280 3 1 2 3 4 5 6 7 8 9 10 11 12 14 0 13
283 281 2 1 2 3 4 5 6 7 8 9 10 11 12 14 13 0
283 281 2 1 2 3 4 5 6 7 8 9 10 11 12 0 14 13
285 282 3 1 2 3 4 5 6 7 8 9 10 11 0 12 14 13
285 282 3 1 2 3 4 5 6 7 0 9 10 11 12 8 14 13
287 283 4 1 2 3 4 5 6 7 9 0 10 11 12 8 14 13
287 283 4 1 2 3 4 5 6 0 7 9 10 11 12 8 14 13
287 283 4 1 2 0 4 5 6 7 3 9 10 11 12 8 14 13
276 272 4 0 2 3 4 5 6 7 13 9 10 11 12 8 14 1
287 283 4 1 2 3 4 5 6 7 8 9 10 0 11 12 14 13
288 285 3 1 2 3 4 5 6 7 8 9 10 13 11 12 14 0
287 283 4 1 2 3 4 5 6 0 8 9 10 11 7 12 14 13
288 284 4 0 2 3 4 5 6 7 8 9 10 11 12 14 13 1
287 283 4 1 2 3 4 0 6 7 8 9 10 11 12 14 13 5
280 276 4 1 2 3 4 5 6 7 8 0 10 11 12 14 13 9
271 267 4 1 2 0 4 5 6 7 3 9 10 11 12 13 8 14
262 258 4 1 2 3 4 5 6 7 9 8 10 11 12 13 0 14
275 271 4 1 2 3 4 5 6 7 13 9 10 0 12 8 14 11
265 261 4 1 2 3 0 5 6 7 9 4 10 11 12 13 14 8
279 275 4 1 2 3 4 5 6 7 8 13 10 11 0 12 14 9
275 271 4 1 2 3 4 0 6 7 13 9 10 11 12 8 14 5
264 260 4 0 2 3 4 5 6 7 9 8 10 11 12 13 14 1
287 283 4 1 2 3 4 5 6 7 8 9 10 0 12 14 13 11
286 282 4 1 2 3 4 5 6 7 8 9 0 11 12 14 13 10
274 270 4 1 2 3 4 5 6 7 13 9 0 11 12 8 14 10
276 271 5 1 2 3 4 5 6 7 13 0 9 11 12 8 14 10
277 272 5 1 2 3 4 5 6 7 0 13 9 11 12 8 14 10
277 273 4 1 2 3 4 5 6 7 8 13 9 11 12 0 14 10
279 274 5 1 2 3 4 5 6 7 8 13 9 11 12 14 0 10
279 275 4 1 2 3 4 5 6 7 8 13 9 11 12 14 10 0
283 278 5 1 2 3 4 5 6 7 8 0 9 11 12 14 10 13
283 279 4 1 2 3 4 5 6 7 8 9 0 11 12 14 10 13
283 280 3 1 2 3 4 5 6 7 8 9 13 11 12 14 10 0
285 281 4 1 2 3 4 5 6 7 8 9 13 11 12 14 0 10
285 282 3 1 2 3 4 5 6 7 8 9 13 11 12 0 14 10
287 283 4 1 2 3 4 5 6 7 8 9 13 11 0 12 14 10
287 283 4 1 2 3 4 5 6 7 0 9 13 11 12 8 14 10
289 284 5 1 2 3 4 5 6 7 9 0 13 11 12 8 14 10
290 285 5 1 2 3 4 5 6 7 9 13 0 11 12 8 14 10
289 286 3 1 2 3 4 5 6 7 9 13 10 11 12 8 14 0
294 289 5 0 2 3 4 5 6 7 9 13 10 11 12 8 14 1
289 284 5 1 2 3 4 5 6 0 8 9 13 11 7 12 14 10
267 262 5 8 2 4 0 5 6 7 3 9 10 11 12 13 14 1
226 221 5 11 1 2 4 5 6 7 8 9 10 0 12 13 14 3
257 252 5 1 5 2 4 3 6 7 8 9 10 11 12 13 0 14
248 243 5 1 2 4 3 5 6 7 8 14 10 11 12 13 0 9
248 244 4 1 2 4 3 5 6 7 8 14 10 11 12 13 9 0
211 206 5 11 3 2 4 5 6 7 8 9 10 0 12 13 14 1
235 230 5 1 2 8 4 5 6 7 9 3 10 0 12 13 14 11
227 222 5 1 2 4 5 0 6 7 8 9 10 3 12 13 14 11
212 207 5 7 3 2 4 5 6 0 8 9 10 11 12 13 14 1
229 224 5 1 2 4 5 0 6 7 8 9 10 11 12 13 3 14
230 226 4 1 2 4 5 14 6 7 8 9 10 11 12 13 3 0
232 227 5 1 2 4 5 14 6 7 8 9 10 11 12 13 0 3
213 208 5 3 2 8 4 5 6 0 7 9 10 11 12 13 14 1
251 246 5 1 7 2 4 5 6 0 8 3 10 11 12 13 14 9
249 244 5 1 2 4 5 0 6 7 8 3 10 11 12 13 14 9
250 246 4 1 2 4 5 9 6 7 8 3 10 11 12 13 14 0
209 204 5 1 3 2 4 5 0 7 8 9 10 6 12 13 14 11
245 240 5 1 2 4 3 11 6 7 8 9 10 0 12 13 14 5
213 208 5 3 2 8 4 5 6 7 9 0 10 11 12 13 14 1
251 246 5 0 1 2 4 5 6 7 8 3 10 11 12 13 14 9
253 249 4 9 1 2 4 5 6 7 8 3 10 11 12 13 14 0
257 252 5 9 1 2 4 5 6 7 8 0 10 11 12 13 14 3
231 226 5 0 1 2 4 5 6 7 8 9 10 11 12 13 3 14
233 229 4 14 1 2 4 5 6 7 8 9 10 11 12 13 3 0
235 230 5 14 1 2 4 5 6 7 8 9 10 11 12 13 0 3
258 253 5 1 5 2 4 3 6 7 8 9 10 0 12 13 14 11
243 238 5 1 2 4 3 10 6 7 8 9 0 11 12 13 14 5
234 229 5 1 2 4 9 3 6 7 8 0 10 11 12 13 14 5
236 231 5 0 2 8 4 5 6 7 13 9 10 11 12 3 14 1
235 230 5 1 2 8 4 0 6 7 13 9 10 11 12 3 14 5
233 228 5 1 2 4 3 9 6 7 8 0 10 11 12 13 14 5
255 250 5 3 5 2 4 0 6 7 8 9 10 11 12 13 14 1
235 230 5 1 2 4 9 5 6 7 8 0 10 3 12 13 14 11
252 247 5 1 2 8 4 5 6 7 3 14 10 11 12 13 0 9
252 248 4 1 2 8 4 5 6 7 3 14 10 11 12 13 9 0
248 243 5 1 2 4 3 5 6 7 8 10 0 11 12 13 14 9
248 244 4 1 2 4 3 5 6 7 8 10 9 11 12 13 14 0
240 235 5 1 2 8 4 3 6 7 13 9 10 11 12 0 14 5
248 243 5 6 2 4 3 5 0 7 8 9 10 11 12 13 14 1
252 247 5 1 2 3 8 5 6 7 4 14 10 11 12 13 0 9
252 248 4 1 2 3 8 5 6 7 4 14 10 11 12 13 9 0
257 252 5 1 5 2 4 3 6 7 8 9 0 11 12 13 14 10
258 253 5 1 5 2 4 0 6 7 8 9 3 11 12 13 14 10
259 255 4 1 5 2 4 10 6 7 8 9 3 11 12 13 14 0
246 241 5 1 2 4 3 5 6 7 8 0 10 11 12 13 9 14
252 247 5 1 2 8 4 5 6 7 3 10 0 11 12 13 14 9
252 248 4 1 2 8 4 5 6 7 3 10 9 11 12 13 14 0
262 257 5 6 2 3 8 5 0 7 4 9 10 11 12 13 14 1
263 258 5 1 2 3 8 9 6 7 4 0 10 11 12 13 14 5
264 259 5 1 2 3 8 9 6 7 0 4 10 11 12 13 14 5
264 259 5 1 2 3 0 9 6 7 4 8 10 11 12 13 14 5
265 260 5 1 2 3 9 0 6 7 4 8 10 11 12 13 14 5
265 262 3 1 2 3 9 5 6 7 4 8 10 11 12 13 14 0
269 265 4 1 2 3 9 5 6 7 4 0 10 11 12 13 14 8
269 266 3 1 2 3 0 5 6 7 4 9 10 11 12 13 14 8
271 267 4 1 2 3 5 0 6 7 4 9 10 11 12 13 14 8
272 269 3 1 2 3 5 8 6 7 4 9 10 11 12 13 14 0
271 267 4 1 2 0 3 5 6 7 4 9 10 11 12 13 14 8
272 268 4 1 2 4 3 5 6 7 0 9 10 11 12 13 14 8
270 266 4 1 2 3 9 5 6 7 0 4 10 11 12 13 14 8
272 267 5 1 2 3 9 5 6 0 7 4 10 11 12 13 14 8
277 272 5 0 2 3 5 8 6 7 4 9 10 11 12 13 14 1
279 274 5 8 2 3 5 0 6 7 4 9 10 11 12 13 14 1
280 276 4 8 2 3 5 1 6 7 4 9 10 11 12 13 14 0
279 275 4 8 2 3 0 5 6 7 4 9 10 11 12 13 14 1
281 276 5 8 2 0 3 5 6 7 4 9 10 11 12 13 14 1
282 277 5 8 2 4 3 5 6 7 0 9 10 11 12 13 14 1
281 276 5 8 2 3 9 5 6 7 4 0 10 11 12 13 14 1
282 277 5 8 2 3 9 5 6 7 0 4 10 11 12 13 14 1
259 254 5 1 2 3 0 8 6 7 4 9 5 11 12 13 14 10
225 220 5 1 2 8 4 5 6 7 9 10 0 11 12 13 14 3
225 221 4 1 2 8 4 5 6 7 9 10 3 11 12 13 14 0
221 216 5 1 2 4 5 10 6 7 8 9 0 11 12 13 14 3
221 217 4 1 2 4 5 10 6 7 8 9 3 11 12 13 14 0
250 245 5 1 2 4 0 3 6 7 8 9 10 5 12 13 14 11
250 246 4 1 2 0 4 3 6 7 8 9 10 5 12 13 14 11
252 247 5 1 0 2 4 3 6 7 8 9 10 5 12 13 14 11
252 247 5 1 2 8 4 3 6 7 0 9 10 5 12 13 14 11
257 252 5 5 2 8 4 0 6 7 3 9 10 11 12 13 14 1
196 191 5 5 1 3 0 2 6 7 8 9 10 11 12 13 14 4
225 220 5 1 2 8 4 5 6 7 9 14 10 11 12 13 0 3
225 221 4 1 2 8 4 5 6 7 9 14 10 11 12 13 3 0
213 208 5 1 7 3 2 5 6 0 8 4 10 11 12 13 14 9
225 220 5 1 2 4 9 0 6 7 8 5 10 11 12 13 14 3
226 222 4 1 2 4 9 3 6 7 8 5 10 11 12 13 14 0
256 251 5 6 2 8 4 5 0 7 3 9 10 11 12 13 14 1
255 250 5 1 2 8 4 5 0 7 3 9 10 6 12 13 14 11
225 220 5 1 0 8 4 5 6 2 7 9 10 11 12 13 14 3
257 252 5 1 2 8 4 0 6 7 3 9 10 5 12 13 14 11
226 221 5 1 2 8 4 9 6 7 0 5 10 11 12 13 14 3
227 222 5 1 2 8 4 9 6 7 5 0 10 11 12 13 14 3
270 265 5 1 2 3 4 5 0 6 7 9 10 8 12 13 14 11
271 266 5 1 2 3 4 5 8 6 7 9 10 0 12 13 14 11
271 268 3 1 2 3 4 5 8 6 7 9 10 11 12 13 14 0
276 271 5 1 2 3 4 5 8 6 7 0 10 11 12 13 14 9
277 272 5 1 2 3 4 5 8 6 0 7 10 11 12 13 14 9
278 273 5 1 2 3 4 5 8 0 6 7 10 11 12 13 14 9
279 274 5 1 2 3 4 5 0 8 6 7 10 11 12 13 14 9
276 271 5 0 2 3 4 5 8 6 7 9 10 11 12 13 14 1
279 274 5 6 2 3 4 5 8 0 7 9 10 11 12 13 14 1
279 275 4 6 2 3 4 5 8 7 0 9 10 11 12 13 14 1
281 276 5 6 2 3 4 5 8 7 9 0 10 11 12 13 14 1
274 269 5 1 2 3 4 5 8 6 7 9 10 11 12 13 0 14
281 276 5 6 2 3 4 5 8 7 13 9 10 11 12 0 14 1
271 266 5 1 2 3 4 5 6 12 8 7 10 0 11 13 14 9
272 268 4 1 2 3 4 5 6 12 8 7 10 9 11 13 14 0
276 271 5 1 2 3 4 5 6 12 8 0 10 9 11 13 14 7
274 269 5 1 2 3 4 5 6 0 8 7 10 12 11 13 14 9
275 270 5 1 2 3 4 5 6 11 8 7 10 12 0 13 14 9
275 271 4 1 2 3 4 5 6 11 8 7 10 0 12 13 14 9
276 273 3 1 2 3 4 5 6 11 8 7 10 9 12 13 14 0
280 276 4 1 2 3 4 5 6 11 8 0 10 9 12 13 14 7
282 277 5 1 2 3 4 5 6 11 8 10 0 9 12 13 14 7
282 278 4 1 2 3 4 5 6 11 8 10 7 9 12 13 14 0
286 281 5 1 2 3 4 5 6 11 8 0 7 9 12 13 14 10
285 280 5 1 2 3 4 5 6 11 8 10 7 0 12 13 14 9
287 283 4 1 2 3 4 5 6 0 8 10 7 11 12 13 14 9
289 284 5 1 2 3 4 5 6 8 0 10 7 11 12 13 14 9
290 285 5 1 2 3 4 5 6 8 10 0 7 11 12 13 14 9
291 286 5 1 2 3 4 5 6 8 10 7 0 11 12 13 14 9
291 287 4 1 2 3 4 5 6 8 10 7 9 11 12 13 14 0
295 290 5 1 2 3 4 5 6 8 10 0 9 11 12 13 14 7
295 291 4 1 2 3 4 5 6 8 10 9 0 11 12 13 14 7
295 292 3 1 2 3 4 5 6 8 10 9 7 11 12 13 14 0
300 295 5 0 2 3 4 5 6 8 10 9 7 11 12 13 14 1
303 298 5 8 2 3 4 5 6 0 10 9 7 11 12 13 14 1
304 299 5 8 2 3 4 5 6 10 0 9 7 11 12 13 14 1
299 294 5 1 2 3 4 0 6 8 10 9 7 11 12 13 14 5
300 295 5 1 2 3 4 7 6 8 10 9 0 11 12 13 14 5
300 296 4 1 2 3 4 7 6 8 10 9 5 11 12 13 14 0
269 264 5 1 2 3 4 0 6 7 9 10 8 11 12 13 14 5
272 267 5 1 2 3 4 10 6 7 9 0 8 11 12 13 14 5
272 268 4 1 2 3 4 10 6 7 0 9 8 11 12 13 14 5
274 269 5 1 2 3 4 10 6 0 7 9 8 11 12 13 14 5
274 269 5 1 2 3 4 10 6 7 13 9 8 11 12 0 14 5
262 257 5 0 2 3 4 1 6 7 9 8 10 11 12 13 14 5
264 260 4 5 2 3 4 1 6 7 9 8 10 11 12 13 14 0
268 263 5 5 2 3 4 1 6 7 9 0 10 11 12 13 14 8
268 264 4 5 2 3 4 1 6 7 0 9 10 11 12 13 14 8
270 265 5 5 2 3 4 1 6 0 7 9 10 11 12 13 14 8
270 265 5 5 2 3 4 1 6 7 13 9 10 11 12 0 14 8
269 264 5 1 2 3 4 5 6 7 9 10 8 0 12 13 14 11
271 266 5 1 2 3 4 0 6 7 13 9 10 11 12 14 8 5
265 260 5 1 2 3 4 5 6 7 9 8 10 12 0 13 14 11
265 260 5 1 2 3 4 5 0 7 9 8 10 6 12 13 14 11
269 264 5 0 1 2 4 5 6 7 3 9 10 11 12 13 14 8
271 267 4 8 1 2 4 5 6 7 3 9 10 11 12 13 14 0
271 266 5 1 2 3 4 5 6 7 13 9 10 0 12 14 8 11
267 262 5 1 2 3 4 0 6 7 9 8 10 5 12 13 14 11
268 264 4 1 2 3 4 11 6 7 9 8 10 5 12 13 14 0
272 267 5 1 2 3 4 11 6 7 9 0 10 5 12 13 14 8
272 268 4 1 2 3 4 11 6 7 0 9 10 5 12 13 14 8
274 269 5 1 2 3 4 11 6 0 7 9 10 5 12 13 14 8
274 269 5 1 2 3 4 11 6 7 13 9 10 5 12 0 14 8
269 264 5 1 2 3 4 5 6 12 7 9 10 0 11 13 14 8
270 266 4 1 2 3 4 5 6 12 7 9 10 8 11 13 14 0
272 267 5 1 2 3 4 5 6 0 7 9 10 12 11 13 14 8
272 268 4 1 2 3 4 5 6 7 0 9 10 12 11 13 14 8
274 269 5 1 2 3 4 5 6 7 9 0 10 12 11 13 14 8
274 269 5 1 2 3 4 5 6 7 13 9 10 12 11 0 14 8
275 270 5 1 2 3 4 5 6 7 13 9 10 12 0 11 14 8
275 271 4 1 2 3 4 5 6 7 13 9 10 0 12 11 14 8
276 273 3 1 2 3 4 5 6 7 13 9 10 8 12 11 14 0
281 276 5 1 2 3 4 5 6 7 13 0 10 8 12 11 14 9
282 277 5 1 2 3 4 5 6 7 0 13 10 8 12 11 14 9
283 278 5 1 2 3 4 5 6 7 11 13 10 8 12 0 14 9
281 276 5 0 2 3 4 5 6 7 13 9 10 8 12 11 14 1
283 278 5 8 2 3 4 5 6 7 13 9 10 0 12 11 14 1
284 280 4 8 2 3 4 5 6 7 13 9 10 1 12 11 14 0
273 268 5 1 2 3 4 5 6 7 13 9 8 11 12 14 0 10
273 269 4 1 2 3 4 5 6 7 13 9 8 11 12 14 10 0
275 270 5 1 2 3 4 5 6 7 13 9 0 11 12 14 10 8
273 268 5 1 2 4 0 5 6 7 3 9 8 11 12 13 14 10
264 259 5 1 2 3 4 8 6 7 9 14 10 11 12 13 0 5
264 260 4 1 2 3 4 8 6 7 9 14 10 11 12 13 5 0
268 263 5 1 2 3 4 8 6 7 9 0 10 11 12 13 5 14
268 264 4 1 2 3 4 8 6 7 0 9 10 11 12 13 5 14
270 265 5 1 2 3 4 8 6 0 7 9 10 11 12 13 5 14
264 259 5 1 2 3 4 8 6 7 9 10 0 11 12 13 14 5
264 260 4 1 2 3 4 8 6 7 9 10 5 11 12 13 14 0
268 263 5 1 2 3 4 8 6 7 9 0 5 11 12 13 14 10
268 264 4 1 2 3 4 8 6 7 0 9 5 11 12 13 14 10
270 265 5 1 2 3 4 8 6 0 7 9 5 11 12 13 14 10
270 265 5 1 2 3 4 8 6 7 13 9 5 11 12 0 14 10
267 262 5 1 2 3 4 5 6 7 9 14 10 11 12 0 13 8
268 263 5 1 2 3 4 5 6 7 0 14 10 11 12 9 13 8
269 264 5 1 2 3 4 5 6 7 14 0 10 11 12 9 13 8
270 265 5 1 2 3 4 5 6 7 14 13 10 11 12 9 0 8
270 266 4 1 2 3 4 5 6 7 14 13 10 11 12 9 8 0
274 269 5 1 2 3 4 5 6 7 14 0 10 11 12 9 8 13
275 270 5 1 2 3 4 5 6 7 0 14 10 11 12 9 8 13
276 271 5 1 2 3 4 5 6 7 9 14 10 11 12 0 8 13
275 270 5 1 2 3 4 5 6 7 14 8 10 11 12 9 0 13
275 271 4 1 2 3 4 5 6 7 14 8 10 11 12 9 13 0
276 271 5 1 2 3 4 5 6 7 14 8 10 11 12 0 9 13
269 264 5 1 2 3 4 0 6 7 9 14 10 11 12 13 8 5
272 267 5 1 2 3 4 14 6 7 9 0 10 11 12 13 8 5
272 268 4 1 2 3 4 14 6 7 0 9 10 11 12 13 8 5
274 269 5 1 2 3 4 14 6 0 7 9 10 11 12 13 8 5
274 269 5 1 2 3 4 14 6 7 13 9 10 11 12 0 8 5
275 270 5 1 2 3 4 14 6 7 13 9 10 11 12 8 0 5
275 271 4 1 2 3 4 14 6 7 13 9 10 11 12 8 5 0
278 273 5 1 2 3 4 0 6 7 13 9 10 11 12 8 5 14
273 268 5 1 0 3 4 5 6 2 7 9 10 11 12 13 8 14
283 278 5 1 2 3 4 5 6 7 8 13 10 0 12 14 9 11
282 277 5 1 2 3 4 5 6 7 8 13 0 11 12 14 9 10
283 278 5 1 2 3 4 0 6 7 8 13 10 11 12 14 9 5
286 281 5 1 2 3 4 13 6 7 8 0 10 11 12 14 9 5
286 282 4 1 2 3 4 13 6 7 8 9 10 11 12 14 0 5
286 283 3 1 2 3 4 13 6 7 8 9 10 11 12 14 5 0
286 283 3 1 2 3 4 13 6 7 8 9 10 11 12 0 14 5
288 284 4 1 2 3 4 13 6 7 8 9 10 11 0 12 14 5
288 284 4 1 2 3 4 13 6 7 0 9 10 11 12 8 14 5
289 285 4 1 2 3 4 0 6 7 8 9 10 11 12 14 5 13
293 288 5 1 2 3 4 9 6 7 8 0 10 11 12 14 5 13
294 289 5 1 2 3 4 9 6 7 8 5 10 11 12 14 0 13
294 290 4 1 2 3 4 9 6 7 8 5 10 11 12 14 13 0
294 290 4 1 2 3 4 9 6 7 8 5 10 11 12 0 14 13
296 291 5 1 2 3 4 9 6 7 8 5 10 11 0 12 14 13
296 291 5 1 2 3 4 9 6 7 0 5 10 11 12 8 14 13
297 292 5 1 2 3 4 9 6 7 5 0 10 11 12 8 14 13
289 284 5 1 2 3 4 5 6 12 7 9 10 11 0 8 14 13
290 285 5 1 2 3 4 5 6 12 7 9 10 11 8 0 14 13
291 286 5 1 2 3 4 5 6 12 0 9 10 11 8 7 14 13
292 287 5 1 2 3 4 5 6 0 12 9 10 11 8 7 14 13
293 288 5 1 2 3 4 5 6 8 12 9 10 11 0 7 14 13
294 289 5 1 2 3 4 5 6 8 12 9 10 11 7 0 14 13
289 284 5 1 0 2 4 5 6 7 3 9 10 11 12 8 14 13
291 286 5 1 2 3 4 0 6 7 8 9 10 5 11 12 14 13
292 288 4 1 2 3 4 13 6 7 8 9 10 5 11 12 14 0
279 274 5 11 2 3 4 5 6 7 13 9 10 0 12 8 14 1
280 276 4 11 2 3 4 5 6 7 13 9 10 1 12 8 14 0
280 275 5 7 2 3 4 5 6 0 13 9 10 11 12 8 14 1
281 276 5 7 2 3 4 5 6 13 0 9 10 11 12 8 14 1
281 277 4 7 2 3 4 5 6 13 8 9 10 11 12 0 14 1
283 278 5 7 2 3 4 5 6 13 8 9 10 11 12 14 0 1
283 279 4 7 2 3 4 5 6 13 8 9 10 11 12 14 1 0
287 282 5 0 2 3 4 5 6 13 8 9 10 11 12 14 1 7
290 285 5 13 2 3 4 5 6 0 8 9 10 11 12 14 1 7
283 278 5 7 2 3 4 5 6 13 8 9 10 11 0 12 14 1
284 279 5 7 2 3 4 5 6 0 8 9 10 11 13 12 14 1
293 288 5 1 2 3 4 5 6 7 8 0 10 13 11 12 14 9
289 284 5 1 2 3 4 5 0 6 8 9 10 11 7 12 14 13
279 274 5 1 2 3 4 0 6 7 13 9 10 5 12 8 14 11
280 276 4 1 2 3 4 11 6 7 13 9 10 5 12 8 14 0
273 268 5 1 2 4 0 5 6 7 3 9 10 11 12 13 8 14
292 287 5 7 2 3 4 5 6 0 8 9 10 11 12 14 13 1
291 286 5 11 2 3 4 5 6 7 8 9 10 0 12 14 13 1
292 288 4 11 2 3 4 5 6 7 8 9 10 1 12 14 13 0
294 289 5 11 2 3 4 5 6 7 8 9 10 1 12 14 0 13
294 290 4 11 2 3 4 5 6 7 8 9 10 1 12 0 14 13
296 291 5 11 2 3 4 5 6 7 8 9 10 1 0 12 14 13
297 292 5 11 2 3 4 5 6 7 8 9 10 0 1 12 14 13
298 294 4 0 2 3 4 5 6 7 8 9 10 11 1 12 14 13
300 297 3 13 2 3 4 5 6 7 8 9 10 11 1 12 14 0
298 294 4 11 2 3 4 5 6 7 8 9 10 13 1 12 14 0
302 297 5 0 2 3 4 5 6 7 8 9 10 13 1 12 14 11
305 300 5 13 2 3 4 5 6 7 8 0 10 11 1 12 14 9
281 276 5 1 2 3 4 5 6 0 8 13 10 11 7 12 14 9
267 262 5 1 2 0 3 5 6 7 9 4 10 11 12 13 14 8
268 263 5 1 2 9 3 5 6 7 0 4 10 11 12 13 14 8
269 264 5 1 2 9 3 5 6 7 4 0 10 11 12 13 14 8
270 265 5 1 2 9 0 5 6 7 4 3 10 11 12 13 14 8
271 266 5 1 2 0 9 5 6 7 4 3 10 11 12 13 14 8
272 267 5 1 2 4 9 5 6 7 0 3 10 11 12 13 14 8
279 274 5 1 2 3 4 5 6 0 13 9 10 7 12 8 14 11
280 275 5 1 2 3 4 5 6 13 0 9 10 7 12 8 14 11
280 276 4 1 2 3 4 5 6 13 8 9 10 7 12 0 14 11
282 277 5 1 2 3 4 5 6 13 8 9 10 7 12 14 0 11
282 278 4 1 2 3 4 5 6 13 8 9 10 7 12 14 11 0
285 280 5 1 2 3 4 5 6 13 8 9 10 0 12 14 11 7
288 283 5 1 2 3 4 5 6 0 8 9 10 13 12 14 11 7
282 277 5 1 2 3 4 5 6 13 8 9 10 7 0 12 14 11
283 278 5 1 2 3 4 5 6 13 8 9 10 0 7 12 14 11
283 280 3 1 2 3 4 5 6 13 8 9 10 11 7 12 14 0
288 283 5 1 2 3 4 5 6 13 8 0 10 11 7 12 14 9
288 283 5 0 2 3 4 5 6 13 8 9 10 11 7 12 14 1
291 286 5 13 2 3 4 5 6 0 8 9 10 11 7 12 14 1
291 287 4 13 2 3 4 5 6 7 8 9 10 11 0 12 14 1
291 288 3 13 2 3 4 5 6 7 8 9 10 11 12 0 14 1
293 289 4 13 2 3 4 5 6 7 8 9 10 11 12 14 0 1
293 290 3 13 2 3 4 5 6 7 8 9 10 11 12 14 1 0
297 293 4 0 2 3 4 5 6 7 8 9 10 11 12 14 1 13
293 289 4 13 2 3 4 5 6 7 0 9 10 11 12 8 14 1
295 290 5 13 2 3 4 5 6 7 9 0 10 11 12 8 14 1
296 291 5 13 2 3 4 5 6 7 8 9 0 11 12 14 1 10
295 290 5 13 2 3 4 5 6 0 7 9 10 11 12 8 14 1
295 290 5 13 2 0 4 5 6 7 3 9 10 11 12 8 14 1
301 296 5 7 2 3 4 5 6 0 8 9 10 11 12 14 1 13
300 295 5 11 2 3 4 5 6 7 8 9 10 0 12 14 1 13
301 297 4 11 2 3 4 5 6 7 8 9 10 13 12 14 1 0
305 300 5 0 2 3 4 5 6 7 8 9 10 13 12 14 1 11
303 298 5 11 2 3 4 5 6 7 8 9 10 13 12 14 0 1
303 299 4 11 2 3 4 5 6 7 8 9 10 13 12 0 14 1
305 300 5 11 2 3 4 5 6 7 8 9 10 13 0 12 14 1
306 301 5 11 2 3 4 5 6 7 8 9 10 0 13 12 14 1
307 303 4 0 2 3 4 5 6 7 8 9 10 11 13 12 14 1
308 306 2 1 2 3 4 5 6 7 8 9 10 11 13 12 14 0
313 309 4 1 2 3 4 5 6 7 8 0 10 11 13 12 14 9
312 308 4 1 2 3 4 0 6 7 8 9 10 11 13 12 14 5
312 308 4 1 2 3 4 5 6 7 8 9 10 0 13 12 14 11
313 309 4 1 2 3 4 5 6 7 8 9 10 13 0 12 14 11
313 310 3 1 2 3 4 5 6 7 8 9 10 13 12 0 14 11
315 311 4 1 2 3 4 5 6 7 8 9 10 13 12 14 0 11
315 312 3 1 2 3 4 5 6 7 8 9 10 13 12 14 11 0
318 314 4 1 2 3 4 5 6 7 8 9 10 0 12 14 11 13
315 311 4 1 2 3 4 5 6 7 0 9 10 13 12 8 14 11
311 307 4 1 2 3 4 5 6 7 8 9 10 11 13 12 0 14
312 308 4 1 2 3 4 5 6 7 8 9 10 11 13 0 12 14
312 309 3 1 2 3 4 5 6 7 8 9 10 11 0 13 12 14
314 310 4 1 2 3 4 5 6 7 8 9 10 0 11 13 12 14
315 312 3 1 2 3 4 5 6 7 8 9 10 14 11 13 12 0
317 313 4 1 2 3 4 5 6 7 8 9 10 14 11 13 0 12
314 310 4 1 2 3 4 5 6 0 8 9 10 11 7 13 12 14
311 307 4 1 2 3 4 5 6 7 8 9 0 11 13 12 14 10
307 303 4 11 2 3 4 5 6 7 8 9 10 1 13 12 14 0
313 308 5 1 2 3 4 5 6 7 8 0 9 11 13 12 14 10
313 308 5 1 2 3 4 0 6 7 8 9 5 11 13 12 14 10
314 310 4 1 2 3 4 10 6 7 8 9 5 11 13 12 14 0
316 311 5 1 2 3 4 5 6 8 0 9 10 11 7 13 12 14
316 311 5 1 2 3 4 5 0 6 8 9 10 11 7 13 12 14
316 311 5 1 0 3 4 5 6 2 8 9 10 11 7 13 12 14
299 294 5 6 2 3 4 5 0 7 8 9 10 11 12 14 1 13
298 293 5 13 2 3 4 5 6 7 8 0 10 11 12 14 1 9
299 294 5 13 2 3 4 5 6 7 8 1 10 11 12 14 0 9
299 295 4 13 2 3 4 5 6 7 8 1 10 11 12 14 9 0
299 295 4 13 2 3 4 5 6 7 8 1 10 11 12 0 14 9
301 296 5 13 2 3 4 5 6 7 8 1 10 11 0 12 14 9
301 296 5 13 2 3 4 5 6 7 0 1 10 11 12 8 14 9
302 297 5 13 2 3 4 5 6 7 1 0 10 11 12 8 14 9
303 298 5 0 2 3 4 5 6 7 8 1 10 11 12 14 9 13
319 314 5 1 2 3 4 5 6 7 8 9 10 14 11 0 13 12
320 315 5 1 2 3 4 5 6 7 8 9 10 14 0 11 13 12
321 316 5 1 2 3 4 5 6 7 8 9 10 0 14 11 13 12
322 318 4 1 2 3 4 5 6 7 8 9 10 12 14 11 13 0
324 319 5 1 2 3 4 5 6 7 8 9 10 12 14 11 0 13
325 320 5 1 2 3 4 5 6 7 8 9 10 12 14 0 11 13
317 312 5 1 2 3 4 5 6 7 8 0 10 13 12 14 9 11
305 300 5 11 2 3 4 5 6 7 0 9 10 13 12 8 14 1
316 311 5 1 2 3 4 11 6 7 8 9 10 0 13 12 14 5
317 313 4 1 2 3 4 11 6 7 8 9 10 5 13 12 14 0
317 312 5 1 2 3 4 11 6 7 8 9 10 13 0 12 14 5
317 313 4 1 2 3 4 11 6 7 8 9 10 13 12 0 14 5
319 314 5 1 2 3 4 11 6 7 8 9 10 13 12 14 0 5
319 315 4 1 2 3 4 11 6 7 8 9 10 13 12 14 5 0
322 317 5 1 2 3 4 0 6 7 8 9 10 13 12 14 5 11
286 281 5 1 2 3 4 5 6 13 8 9 10 11 7 12 0 14
287 282 5 1 2 3 4 5 6 13 8 9 10 11 7 0 12 14
288 283 5 1 2 3 4 5 6 13 8 9 10 11 0 7 12 14
289 284 5 1 2 3 4 5 6 0 8 9 10 11 13 7 12 14
319 314 5 1 2 3 4 11 6 7 0 9 10 13 12 8 14 5
315 310 5 1 2 3 4 5 6 7 8 10 0 11 13 12 14 9
315 311 4 1 2 3 4 5 6 7 8 10 9 11 13 12 14 0
314 309 5 1 2 3 4 10 6 7 8 9 0 11 13 12 14 5
295 290 5 13 2 3 4 5 6 7 8 0 10 11 12 14 9 1
316 311 5 1 2 3 4 5 0 7 8 9 10 6 11 13 12 14
317 312 5 1 2 3 4 5 6 7 9 0 10 13 12 8 14 11
322 317 5 1 2 3 4 0 6 7 8 9 10 5 12 14 11 13
323 319 4 1 2 3 4 13 6 7 8 9 10 5 12 14 11 0
326 321 5 1 2 3 4 13 6 7 8 9 10 0 12 14 11 5
325 320 5 1 2 3 4 13 6 7 8 9 10 5 12 14 0 11
325 321 4 1 2 3 4 13 6 7 8 9 10 5 12 0 14 11
327 322 5 1 2 3 4 13 6 7 8 9 10 5 0 12 14 11
328 323 5 1 2 3 4 13 6 7 8 9 10 0 5 12 14 11
328 325 3 1 2 3 4 13 6 7 8 9 10 11 5 12 14 0
331 327 4 1 2 3 4 0 6 7 8 9 10 11 5 12 14 13
335 330 5 1 2 3 4 9 6 7 8 0 10 11 5 12 14 13
287 282 5 1 2 3 4 0 6 13 8 9 10 11 7 12 14 5
335 330 5 1 2 3 4 11 6 7 8 9 10 0 5 12 14 13
336 332 4 1 2 3 4 11 6 7 8 9 10 13 5 12 14 0
336 331 5 1 2 3 4 11 6 7 8 9 10 5 0 12 14 13
336 332 4 1 2 3 4 11 6 7 8 9 10 5 12 0 14 13
338 333 5 1 2 3 4 11 6 7 8 9 10 5 12 14 0 13
338 334 4 1 2 3 4 11 6 7 8 9 10 5 12 14 13 0
333 328 5 0 2 3 4 13 6 7 8 9 10 11 5 12 14 1
335 330 5 13 2 3 4 0 6 7 8 9 10 11 5 12 14 1
336 332 4 13 2 3 4 1 6 7 8 9 10 11 5 12 14 0
338 333 5 1 2 3 4 11 6 7 0 9 10 5 12 8 14 13
334 329 5 0 2 3 4 1 6 7 8 9 10 11 5 12 14 13
333 328 5 1 2 3 0 4 6 7 8 9 10 11 5 12 14 13
320 315 5 0 2 3 4 5 6 7 8 9 10 14 11 13 12 1
322 317 5 14 2 3 4 5 6 7 8 9 10 0 11 13 12 1
323 319 4 14 2 3 4 5 6 7 8 9 10 1 11 13 12 0
322 318 4 14 2 3 4 5 6 7 8 9 10 11 0 13 12 1
324 319 5 14 2 3 4 5 6 7 8 9 10 11 13 0 12 1
325 320 5 14 2 3 4 5 6 7 8 9 10 11 13 12 0 1
325 321 4 14 2 3 4 5 6 7 8 9 10 11 13 12 1 0
329 324 5 0 2 3 4 5 6 7 8 9 10 11 13 12 1 14
319 314 5 1 2 3 4 5 6 7 8 0 10 14 11 13 9 12
324 319 5 14 2 3 4 5 6 0 8 9 10 11 7 13 12 1
325 320 5 14 2 3 4 5 6 7 8 9 10 1 11 13 0 12
309 304 5 2 0 3 4 5 6 7 8 9 10 11 13 12 14 1
317 312 5 0 2 3 4 5 6 7 8 9 10 1 11 13 12 14
315 310 5 0 2 3 4 1 6 7 8 9 10 11 13 12 14 5
317 313 4 5 2 3 4 1 6 7 8 9 10 11 13 12 14 0
297 292 5 13 2 3 4 5 6 7 8 9 10 0 12 14 1 11
314 309 5 1 2 3 4 5 0 7 8 9 10 6 13 12 14 11
311 306 5 0 2 3 4 5 6 7 8 9 10 1 13 12 14 11
320 315 5 0 2 3 4 5 6 7 8 9 10 13 12 14 11 1
322 317 5 13 2 3 4 5 6 7 8 9 10 0 12 14 11 1
323 319 4 13 2 3 4 5 6 7 8 9 10 1 12 14 11 0
325 320 5 13 2 3 4 5 6 7 8 9 10 1 12 14 0 11
325 321 4 13 2 3 4 5 6 7 8 9 10 1 12 0 14 11
327 322 5 13 2 3 4 5 6 7 8 9 10 1 0 12 14 11
327 322 5 13 2 3 4 5 6 7 0 9 10 1 12 8 14 11
316 311 5 1 2 3 4 9 6 7 8 0 10 11 13 12 14 5
321 316 5 0 2 3 4 5 6 7 8 9 10 1 12 14 11 13
286 281 5 1 2 3 4 5 6 13 8 9 0 11 7 12 14 10
331 326 5 1 2 3 4 13 6 7 8 9 10 11 5 12 0 14
332 327 5 1 2 3 4 13 6 7 8 9 10 11 5 0 12 14
333 328 5 1 2 3 4 13 6 7 8 9 10 11 0 5 12 14
320 315 5 1 2 3 4 5 6 7 8 0 10 13 12 14 11 9
321 316 5 1 2 3 4 5 6 7 8 11 10 13 12 14 0 9
321 317 4 1 2 3 4 5 6 7 8 11 10 13 12 14 9 0
321 317 4 1 2 3 4 5 6 7 8 11 10 13 12 0 14 9
323 318 5 1 2 3 4 5 6 7 8 11 10 13 0 12 14 9
324 319 5 1 2 3 4 5 6 7 8 11 10 0 13 12 14 9
325 321 4 1 2 3 4 5 6 7 8 11 10 9 13 12 14 0
329 324 5 1 2 3 4 5 6 7 8 0 10 9 13 12 14 11
323 318 5 1 2 3 4 5 6 7 0 11 10 13 12 8 14 9
324 319 5 1 2 3 4 5 6 7 11 0 10 13 12 8 14 9
324 319 5 1 2 3 4 5 6 7 8 11 10 0 12 14 9 13
315 310 5 1 2 3 4 5 6 7 0 8 10 11 13 12 14 9
316 311 5 1 2 3 4 5 6 7 12 8 10 11 13 0 14 9
316 312 4 1 2 3 4 5 6 7 12 8 10 11 0 13 14 9
318 313 5 1 2 3 4 5 6 7 12 8 10 0 11 13 14 9
319 315 4 1 2 3 4 5 6 7 12 8 10 9 11 13 14 0
323 318 5 1 2 3 4 5 6 7 12 0 10 9 11 13 14 8
324 319 5 1 2 3 4 5 6 7 0 12 10 9 11 13 14 8
318 313 5 1 2 3 4 5 6 0 12 8 10 11 7 13 14 9
319 314 5 1 2 3 4 5 6 12 0 8 10 11 7 13 14 9
319 315 4 1 2 3 4 5 6 12 8 0 10 11 7 13 14 9
321 316 5 1 2 3 4 5 6 12 8 10 0 11 7 13 14 9
321 317 4 1 2 3 4 5 6 12 8 10 9 11 7 13 14 0
325 320 5 1 2 3 4 5 6 12 8 0 9 11 7 13 14 10
325 321 4 1 2 3 4 5 6 12 8 9 0 11 7 13 14 10
324 322 2 1 2 3 4 5 6 12 8 9 10 11 7 13 14 0
329 325 4 0 2 3 4 5 6 12 8 9 10 11 7 13 14 1
332 328 4 12 2 3 4 5 6 0 8 9 10 11 7 13 14 1
332 329 3 12 2 3 4 5 6 7 8 9 10 11 0 13 14 1
334 330 4 12 2 3 4 5 6 7 8 9 10 11 13 0 14 1
334 330 4 12 2 3 4 5 6 7 8 9 10 0 11 13 14 1
335 332 3 12 2 3 4 5 6 7 8 9 10 1 11 13 14 0
339 335 4 0 2 3 4 5 6 7 8 9 10 1 11 13 14 12
340 337 3 1 2 3 4 5 6 7 8 9 10 0 11 13 14 12
341 339 2 1 2 3 4 5 6 7 8 9 10 12 11 13 14 0
340 338 2 1 2 3 4 5 6 7 8 9 10 11 0 13 14 12
342 339 3 1 2 3 4 5 6 7 8 9 10 11 13 0 14 12
342 339 3 1 2 3 4 5 6 0 8 9 10 11 7 13 14 12
344 340 4 1 2 3 4 5 6 8 0 9 10 11 7 13 14 12
342 338 4 1 2 3 4 5 0 7 8 9 10 6 11 13 14 12
344 340 4 1 2 3 4 5 0 6 8 9 10 11 7 13 14 12
344 340 4 1 0 3 4 5 6 2 8 9 10 11 7 13 14 12
328 324 4 1 2 3 4 0 6 12 8 9 10 11 7 13 14 5
344 340 4 1 2 3 4 5 6 7 8 9 10 11 13 14 0 12
344 341 3 1 2 3 4 5 6 7 8 9 10 11 13 14 12 0
344 340 4 1 2 3 4 5 6 7 0 9 10 11 13 8 14 12
346 342 4 1 2 3 4 5 6 7 8 0 10 12 11 13 14 9
345 341 4 1 2 3 4 0 6 7 8 9 10 12 11 13 14 5
348 344 4 1 2 3 4 12 6 7 8 9 10 0 11 13 14 5
349 346 3 1 2 3 4 12 6 7 8 9 10 5 11 13 14 0
348 345 3 1 2 3 4 12 6 7 8 9 10 11 0 13 14 5
350 346 4 1 2 3 4 12 6 7 8 9 10 11 13 0 14 5
350 346 4 1 2 3 4 12 6 0 8 9 10 11 7 13 14 5
344 340 4 1 2 3 4 5 6 7 8 9 10 12 11 13 0 14
344 340 4 1 2 3 4 5 6 7 8 9 0 12 11 13 14 10
327 323 4 1 2 3 4 5 6 12 8 9 10 11 7 13 0 14
344 340 4 1 2 3 4 5 6 0 8 9 10 7 11 13 14 12
345 341 4 1 2 3 4 5 6 11 8 9 10 7 0 13 14 12
346 342 4 1 2 3 4 5 6 11 8 9 10 0 7 13 14 12
347 344 3 1 2 3 4 5 6 11 8 9 10 12 7 13 14 0
336 332 4 0 2 3 4 5 6 7 8 9 10 12 11 13 14 1
344 340 4 1 2 3 4 0 6 7 8 9 10 5 11 13 14 12
328 324 4 1 2 3 4 5 6 12 8 9 10 0 7 13 14 11
331 327 4 1 2 3 4 5 6 0 8 9 10 12 7 13 14 11
331 328 3 1 2 3 4 5 6 7 8 9 10 12 0 13 14 11
331 329 2 1 2 3 4 5 6 7 8 9 10 0 12 13 14 11
331 331 0 1 2 3 4 5 6 7 8 9 10 11 12 13 14 0
