0 0 0 2 1 10 12 5 14 13 8 0 4 3 6 11 7 9
13 1 12 2 1 10 12 5 14 13 8 4 0 3 6 11 7 9
13 2 11 2 1 10 12 5 14 13 8 4 9 3 6 11 7 0
17 5 12 2 1 10 12 5 14 13 8 0 9 3 6 11 7 4
18 6 12 2 1 10 12 5 14 13 8 9 0 3 6 11 7 4
18 7 11 2 1 10 12 5 14 13 8 9 4 3 6 11 7 0
22 10 12 0 1 10 12 5 14 13 8 9 4 3 6 11 7 2
22 11 11 1 0 10 12 5 14 13 8 9 4 3 6 11 7 2
23 12 11 1 10 0 12 5 14 13 8 9 4 3 6 11 7 2
24 13 11 1 10 12 0 5 14 13 8 9 4 3 6 11 7 2
25 14 11 1 10 12 5 0 14 13 8 9 4 3 6 11 7 2
26 16 10 1 10 12 5 2 14 13 8 9 4 3 6 11 7 0
30 19 11 1 10 12 5 2 14 13 8 0 4 3 6 11 7 9
31 20 11 1 10 12 5 2 14 13 8 4 0 3 6 11 7 9
31 21 10 1 10 12 5 2 14 13 8 4 9 3 6 11 7 0
35 24 11 1 10 12 5 2 14 13 8 0 9 3 6 11 7 4
36 25 11 1 10 12 5 2 14 13 8 7 9 3 6 11 0 4
36 26 10 1 10 12 5 2 14 13 8 7 9 3 6 11 4 0
40 29 11 1 10 12 5 2 14 13 8 0 9 3 6 11 4 7
41 30 11 1 10 12 5 2 14 13 8 9 0 3 6 11 4 7
41 31 10 1 10 12 5 2 14 13 8 9 7 3 6 11 4 0
45 34 11 1 10 12 5 2 14 13 8 0 7 3 6 11 4 9
46 35 11 1 10 12 5 2 14 13 8 4 7 3 6 11 0 9
46 36 10 1 10 12 5 2 14 13 8 4 7 3 6 11 9 0
50 39 11 1 10 12 5 2 14 13 8 0 7 3 6 11 9 4
51 40 11 1 10 12 5 2 14 13 8 7 0 3 6 11 9 4
51 41 10 1 10 12 5 2 14 13 8 7 4 3 6 11 9 0
55 44 11 1 10 12 5 2 14 13 8 0 4 3 6 11 9 7
56 45 11 1 10 12 0 2 14 13 8 5 4 3 6 11 9 7
57 46 11 1 10 12 2 0 14 13 8 5 4 3 6 11 9 7
58 48 10 1 10 12 2 7 14 13 8 5 4 3 6 11 9 0
62 51 11 1 10 12 2 7 14 13 8 0 4 3 6 11 9 5
63 52 11 1 10 12 2 7 14 13 8 4 0 3 6 11 9 5
63 53 10 1 10 12 2 7 14 13 8 4 5 3 6 11 9 0
67 56 11 1 10 12 2 7 14 13 8 0 5 3 6 11 9 4
68 57 11 1 10 12 2 7 14 13 8 9 5 3 6 11 0 4
68 58 10 1 10 12 2 7 14 13 8 9 5 3 6 11 4 0
72 61 11 1 10 12 2 7 14 13 8 0 5 3 6 11 4 9
73 62 11 1 10 12 2 7 14 13 8 5 0 3 6 11 4 9
73 63 10 1 10 12 2 7 14 13 8 5 9 3 6 11 4 0
77 66 11 1 10 12 2 7 14 13 8 0 9 3 6 11 4 5
78 67 11 1 10 12 2 7 14 13 8 4 9 3 6 11 0 5
78 68 10 1 10 12 2 7 14 13 8 4 9 3 6 11 5 0
82 71 11 1 10 12 2 7 14 13 8 0 9 3 6 11 5 4
83 72 11 1 10 12 2 7 14 13 8 9 0 3 6 11 5 4
83 73 10 1 10 12 2 7 14 13 8 9 4 3 6 11 5 0
87 76 11 1 10 12 2 7 14 13 8 0 4 3 6 11 5 9
88 77 11 1 10 12 0 7 14 13 8 2 4 3 6 11 5 9
89 78 11 1 10 12 7 0 14 13 8 2 4 3 6 11 5 9
90 80 10 1 10 12 7 9 14 13 8 2 4 3 6 11 5 0
94 83 11 1 10 12 7 9 14 13 8 0 4 3 6 11 5 2
95 84 11 1 10 12 7 9 14 13 8 4 0 3 6 11 5 2
95 85 10 1 10 12 7 9 14 13 8 4 2 3 6 11 5 0
99 88 11 1 10 12 7 9 14 13 8 0 2 3 6 11 5 4
100 89 11 1 10 12 7 9 14 13 8 5 2 3 6 11 0 4
100 90 10 1 10 12 7 9 14 13 8 5 2 3 6 11 4 0
104 93 11 1 10 12 7 9 14 13 8 0 2 3 6 11 4 5
105 94 11 1 10 12 7 9 14 13 8 2 0 3 6 11 4 5
105 95 10 1 10 12 7 9 14 13 8 2 5 3 6 11 4 0
109 98 11 1 10 12 7 9 14 13 8 0 5 3 6 11 4 2
110 99 11 1 10 12 7 9 14 13 8 4 5 3 6 11 0 2
110 100 10 1 10 12 7 9 14 13 8 4 5 3 6 11 2 0
114 103 11 1 10 12 7 9 14 13 8 0 5 3 6 11 2 4
115 104 11 1 10 12 7 9 14 13 8 5 0 3 6 11 2 4
115 105 10 1 10 12 7 9 14 13 8 5 4 3 6 11 2 0
119 108 11 1 10 12 7 9 14 13 8 0 4 3 6 11 2 5
120 109 11 1 10 12 0 9 14 13 8 7 4 3 6 11 2 5
121 110 11 1 10 12 9 0 14 13 8 7 4 3 6 11 2 5
122 112 10 1 10 12 9 5 14 13 8 7 4 3 6 11 2 0
126 115 11 1 10 12 9 5 14 13 8 0 4 3 6 11 2 7
127 116 11 1 10 12 9 5 14 13 8 4 0 3 6 11 2 7
127 117 10 1 10 12 9 5 14 13 8 4 7 3 6 11 2 0
131 120 11 1 10 12 9 5 14 13 8 0 7 3 6 11 2 4
132 121 11 1 10 12 9 5 14 13 8 2 7 3 6 11 0 4
132 122 10 1 10 12 9 5 14 13 8 2 7 3 6 11 4 0
136 125 11 1 10 12 9 5 14 13 8 0 7 3 6 11 4 2
137 126 11 1 10 12 9 5 14 13 8 7 0 3 6 11 4 2
137 127 10 1 10 12 9 5 14 13 8 7 2 3 6 11 4 0
141 130 11 1 10 12 9 5 14 13 8 0 2 3 6 11 4 7
142 131 11 1 10 12 9 5 14 13 8 4 2 3 6 11 0 7
142 132 10 1 10 12 9 5 14 13 8 4 2 3 6 11 7 0
146 135 11 1 10 12 9 5 14 13 8 0 2 3 6 11 7 4
147 136 11 1 10 12 9 5 14 13 8 2 0 3 6 11 7 4
147 137 10 1 10 12 9 5 14 13 8 2 4 3 6 11 7 0
150 139 11 1 10 12 9 0 14 13 8 2 4 3 6 11 7 5
153 142 11 1 10 12 9 2 14 13 8 0 4 3 6 11 7 5
154 143 11 1 10 12 9 2 14 13 8 4 0 3 6 11 7 5
154 144 10 1 10 12 9 2 14 13 8 4 5 3 6 11 7 0
158 147 11 1 10 12 9 2 14 13 8 0 5 3 6 11 7 4
159 148 11 1 10 12 9 2 14 13 8 5 0 3 6 11 7 4
159 149 10 1 10 12 9 2 14 13 8 5 4 3 6 11 7 0
162 151 11 1 10 12 9 0 14 13 8 5 4 3 6 11 7 2
163 152 11 1 10 12 0 9 14 13 8 5 4 3 6 11 7 2
164 153 11 1 10 0 12 9 14 13 8 5 4 3 6 11 7 2
165 154 11 1 0 10 12 9 14 13 8 5 4 3 6 11 7 2
166 155 11 1 13 10 12 9 14 0 8 5 4 3 6 11 7 2
167 156 11 1 13 10 12 9 0 14 8 5 4 3 6 11 7 2
102 91 11 1 10 12 7 9 14 13 8 5 0 3 6 11 4 2
103 92 11 1 10 12 7 0 14 13 8 5 9 3 6 11 4 2
104 94 10 1 10 12 7 2 14 13 8 5 9 3 6 11 4 0
108 97 11 1 10 12 7 2 14 13 8 0 9 3 6 11 4 5
109 98 11 1 10 12 7 2 14 13 8 9 0 3 6 11 4 5
109 99 10 1 10 12 7 2 14 13 8 9 5 3 6 11 4 0
113 102 11 1 10 12 7 2 14 13 8 0 5 3 6 11 4 9
114 103 11 1 10 12 7 2 14 13 8 4 5 3 6 11 0 9
114 104 10 1 10 12 7 2 14 13 8 4 5 3 6 11 9 0
118 107 11 1 10 12 7 2 14 13 8 0 5 3 6 11 9 4
119 108 11 1 10 12 7 2 14 13 8 5 0 3 6 11 9 4
119 109 10 1 10 12 7 2 14 13 8 5 4 3 6 11 9 0
123 112 11 1 10 12 7 2 14 13 8 0 4 3 6 11 9 5
124 113 11 1 10 12 7 2 14 13 8 9 4 3 6 11 0 5
124 114 10 1 10 12 7 2 14 13 8 9 4 3 6 11 5 0
127 116 11 1 10 12 7 0 14 13 8 9 4 3 6 11 5 2
128 117 11 1 10 12 0 7 14 13 8 9 4 3 6 11 5 2
129 118 11 1 10 0 12 7 14 13 8 9 4 3 6 11 5 2
130 119 11 1 0 10 12 7 14 13 8 9 4 3 6 11 5 2
131 120 11 1 13 10 12 7 14 0 8 9 4 3 6 11 5 2
132 121 11 1 13 10 12 7 0 14 8 9 4 3 6 11 5 2
129 118 11 1 10 12 9 7 14 13 8 0 4 3 6 11 5 2
130 119 11 1 10 12 9 7 14 13 8 4 0 3 6 11 5 2
130 120 10 1 10 12 9 7 14 13 8 4 2 3 6 11 5 0
134 123 11 1 10 12 9 7 14 13 8 0 2 3 6 11 5 4
135 124 11 1 10 12 9 7 14 13 8 2 0 3 6 11 5 4
135 125 10 1 10 12 9 7 14 13 8 2 4 3 6 11 5 0
138 127 11 1 10 12 9 0 14 13 8 2 4 3 6 11 5 7
141 130 11 1 10 12 9 2 14 13 8 0 4 3 6 11 5 7
142 131 11 1 10 12 9 2 14 13 8 4 0 3 6 11 5 7
142 132 10 1 10 12 9 2 14 13 8 4 7 3 6 11 5 0
146 135 11 1 10 12 9 2 14 13 8 0 7 3 6 11 5 4
147 136 11 1 10 12 9 2 14 13 8 7 0 3 6 11 5 4
147 137 10 1 10 12 9 2 14 13 8 7 4 3 6 11 5 0
150 139 11 1 10 12 9 0 14 13 8 7 4 3 6 11 5 2
151 140 11 1 10 12 9 4 14 13 8 7 0 3 6 11 5 2
151 141 10 1 10 12 9 4 14 13 8 7 2 3 6 11 5 0
155 144 11 1 10 12 9 4 14 13 8 0 2 3 6 11 5 7
156 145 11 1 10 12 9 4 14 13 8 5 2 3 6 11 0 7
156 146 10 1 10 12 9 4 14 13 8 5 2 3 6 11 7 0
160 149 11 1 10 12 9 4 14 13 8 0 2 3 6 11 7 5
161 150 11 1 10 12 0 4 14 13 8 9 2 3 6 11 7 5
162 151 11 1 10 12 4 0 14 13 8 9 2 3 6 11 7 5
162 153 9 1 10 12 4 5 14 13 8 9 2 3 6 11 7 0
165 155 10 1 10 12 4 5 14 13 8 9 2 0 6 11 7 3
168 158 10 1 10 12 4 5 14 0 8 9 2 13 6 11 7 3
169 159 10 1 10 12 4 5 0 14 8 9 2 13 6 11 7 3
170 160 10 1 10 12 4 5 13 14 8 9 2 0 6 11 7 3
171 162 9 1 10 12 4 5 13 14 8 9 2 3 6 11 7 0
173 163 10 1 10 12 4 5 13 14 8 9 2 3 6 11 0 7
174 164 10 1 10 12 4 5 13 14 8 9 2 3 6 0 11 7
175 165 10 1 10 12 4 5 13 14 8 9 2 3 0 6 11 7
176 166 10 1 10 12 4 5 13 14 8 9 2 0 3 6 11 7
177 168 9 1 10 12 4 5 13 14 8 9 2 7 3 6 11 0
179 169 10 1 10 12 4 5 13 14 8 9 2 7 3 6 0 11
180 170 10 1 10 12 4 5 13 14 8 9 2 7 3 0 6 11
181 171 10 1 10 12 4 5 13 14 8 9 2 7 0 3 6 11
182 172 10 1 10 12 4 5 13 14 8 9 2 0 7 3 6 11
182 174 8 1 10 12 4 5 13 14 8 9 2 11 7 3 6 0
184 175 9 1 10 12 4 5 13 14 8 9 2 11 7 3 0 6
185 176 9 1 10 12 4 5 13 14 8 9 2 11 7 0 3 6
186 177 9 1 10 12 4 5 13 14 8 9 2 11 0 7 3 6
187 178 9 1 10 12 4 5 13 0 8 9 2 11 14 7 3 6
188 179 9 1 10 12 4 5 0 13 8 9 2 11 14 7 3 6
188 179 9 1 0 12 4 5 13 10 8 9 2 11 14 7 3 6
189 180 9 1 12 0 4 5 13 10 8 9 2 11 14 7 3 6
184 175 9 1 10 12 4 5 13 14 8 9 0 11 7 3 6 2
186 176 10 1 10 12 4 5 13 14 8 0 9 11 7 3 6 2
187 177 10 1 10 12 4 5 13 14 8 6 9 11 7 3 0 2
187 178 9 1 10 12 4 5 13 14 8 6 9 11 7 3 2 0
191 181 10 1 10 12 4 5 13 14 8 0 9 11 7 3 2 6
191 182 9 1 10 12 4 5 13 14 8 9 0 11 7 3 2 6
191 183 8 1 10 12 4 5 13 14 8 9 6 11 7 3 2 0
193 184 9 1 10 12 4 5 13 14 8 9 6 11 7 3 0 2
194 185 9 1 10 12 4 5 13 14 8 9 6 11 7 0 3 2
195 186 9 1 10 12 4 5 13 14 8 9 6 11 0 7 3 2
196 187 9 1 10 12 4 5 13 0 8 9 6 11 14 7 3 2
197 188 9 1 10 12 4 5 0 13 8 9 6 11 14 7 3 2
197 188 9 1 0 12 4 5 13 10 8 9 6 11 14 7 3 2
198 189 9 1 12 0 4 5 13 10 8 9 6 11 14 7 3 2
200 190 10 1 12 4 0 5 13 10 8 9 6 11 14 7 3 2
195 185 10 1 10 12 4 5 13 14 8 9 6 0 7 3 2 11
198 188 10 1 10 12 4 5 13 0 8 9 6 14 7 3 2 11
198 189 9 1 10 12 4 5 13 7 8 9 6 14 0 3 2 11
199 190 9 1 10 12 4 5 13 7 8 9 6 14 3 0 2 11
200 191 9 1 10 12 4 5 13 7 8 9 6 14 3 2 0 11
200 192 8 1 10 12 4 5 13 7 8 9 6 14 3 2 11 0
203 194 9 1 10 12 4 5 13 7 8 9 6 0 3 2 11 14
204 195 9 1 10 12 4 5 13 7 8 9 6 3 0 2 11 14
205 196 9 1 10 12 4 5 13 7 8 9 6 3 2 0 11 14
206 197 9 1 10 12 4 5 13 7 8 9 6 3 2 11 0 14
205 198 7 1 10 12 4 5 13 7 8 9 6 3 2 11 14 0
208 200 8 1 10 12 4 5 13 7 8 9 6 0 2 11 14 3
209 201 8 1 10 12 4 5 13 7 8 9 6 2 0 11 14 3
210 202 8 1 10 12 4 5 13 7 8 9 6 2 11 0 14 3
209 201 8 1 10 12 4 5 0 7 8 9 6 13 2 11 14 3
207 199 8 1 10 12 4 5 13 7 8 9 0 3 2 11 14 6
209 200 9 1 10 12 4 5 13 7 8 0 9 3 2 11 14 6
211 202 9 1 10 12 4 5 13 0 8 9 6 2 7 11 14 3
212 203 9 1 10 12 4 5 0 13 8 9 6 2 7 11 14 3
213 204 9 1 10 12 4 5 2 13 8 9 6 0 7 11 14 3
214 206 8 1 10 12 4 5 2 13 8 9 6 3 7 11 14 0
216 207 9 1 10 12 4 5 2 13 8 9 0 3 7 11 14 6
216 207 9 1 10 12 4 5 2 0 8 9 6 13 7 11 14 3
216 208 8 1 10 12 4 5 2 7 8 9 6 13 0 11 14 3
217 209 8 1 10 12 4 5 2 7 8 9 6 13 11 0 14 3
217 209 8 1 10 12 4 5 2 7 8 9 6 0 13 11 14 3
218 211 7 1 10 12 4 5 2 7 8 9 6 3 13 11 14 0
220 212 8 1 10 12 4 5 2 7 8 9 0 3 13 11 14 6
218 210 8 1 10 12 4 5 0 7 8 9 6 2 13 11 14 3
220 211 9 1 10 12 4 5 7 0 8 9 6 2 13 11 14 3
221 212 9 1 10 12 4 5 7 13 8 9 6 2 0 11 14 3
222 213 9 1 10 12 4 5 7 13 8 9 6 2 11 0 14 3
222 213 9 1 10 12 4 5 7 13 8 9 6 0 2 11 14 3
223 215 8 1 10 12 4 5 7 13 8 9 6 3 2 11 14 0
225 216 9 1 10 12 4 5 7 13 8 9 0 3 2 11 14 6
223 214 9 1 10 12 4 5 0 13 8 9 6 7 2 11 14 3
212 203 9 1 10 12 4 5 13 7 8 9 6 2 11 14 0 3
212 204 8 1 10 12 4 5 13 7 8 9 6 2 11 14 3 0
215 206 9 1 10 12 4 5 13 7 8 9 6 0 11 14 3 2
215 207 8 1 10 12 4 5 13 7 8 9 6 11 0 14 3 2
216 208 8 1 10 12 4 5 13 7 8 9 6 11 14 0 3 2
217 209 8 1 10 12 4 5 13 7 8 9 6 11 14 3 0 2
217 210 7 1 10 12 4 5 13 7 8 9 6 11 14 3 2 0
219 211 8 1 10 12 4 5 13 7 8 9 0 11 14 3 2 6
221 212 9 1 10 12 4 5 13 7 8 0 9 11 14 3 2 6
222 213 9 1 10 12 4 5 13 7 8 2 9 11 14 3 0 6
222 214 8 1 10 12 4 5 13 7 8 2 9 11 14 3 6 0
226 217 9 1 10 12 4 5 13 7 8 0 9 11 14 3 6 2
226 218 8 1 10 12 4 5 13 7 8 9 0 11 14 3 6 2
226 219 7 1 10 12 4 5 13 7 8 9 2 11 14 3 6 0
228 220 8 1 10 12 4 5 13 7 8 9 2 11 14 3 0 6
229 221 8 1 10 12 4 5 13 7 8 9 2 11 14 0 3 6
230 222 8 1 10 12 4 5 13 7 8 9 2 11 0 14 3 6
232 223 9 1 10 12 4 5 13 7 8 9 2 0 11 14 3 6
233 225 8 1 10 12 4 5 13 7 8 9 2 6 11 14 3 0
235 226 9 1 10 12 4 5 13 7 8 9 2 6 11 14 0 3
235 227 8 1 10 12 4 5 13 7 8 9 2 6 11 0 14 3
236 228 8 1 10 12 4 5 13 7 8 9 2 6 0 11 14 3
237 229 8 1 10 12 4 5 13 7 8 9 2 0 6 11 14 3
238 231 7 1 10 12 4 5 13 7 8 9 2 3 6 11 14 0
240 232 8 1 10 12 4 5 13 7 8 9 0 3 6 11 14 2
238 230 8 1 10 12 4 5 0 7 8 9 2 13 6 11 14 3
240 231 9 1 10 12 4 5 7 0 8 9 2 13 6 11 14 3
241 232 9 1 10 12 4 5 7 6 8 9 2 13 0 11 14 3
242 233 9 1 10 12 4 5 7 6 8 9 2 13 11 0 14 3
242 233 9 1 10 12 4 5 7 6 8 9 2 0 13 11 14 3
243 235 8 1 10 12 4 5 7 6 8 9 2 3 13 11 14 0
245 236 9 1 10 12 4 5 7 6 8 9 0 3 13 11 14 2
245 236 9 1 10 12 4 5 7 0 8 9 2 6 13 11 14 3
245 237 8 1 10 12 4 5 0 7 8 9 2 6 13 11 14 3
245 238 7 1 10 12 4 5 6 7 8 9 2 0 13 11 14 3
246 240 6 1 10 12 4 5 6 7 8 9 2 3 13 11 14 0
248 241 7 1 10 12 4 5 6 7 8 9 0 3 13 11 14 2
246 239 7 1 10 12 4 5 6 7 8 9 2 13 0 11 14 3
247 240 7 1 10 12 4 5 6 7 8 9 2 13 11 0 14 3
249 241 8 1 10 12 4 5 6 7 8 9 2 13 11 14 0 3
249 242 7 1 10 12 4 5 6 7 8 9 2 13 11 14 3 0
252 244 8 1 10 12 4 5 6 7 8 9 2 0 11 14 3 13
252 245 7 1 10 12 4 5 6 7 8 9 2 11 0 14 3 13
253 246 7 1 10 12 4 5 6 7 8 9 2 11 14 0 3 13
254 247 7 1 10 12 4 5 6 7 8 9 2 11 14 3 0 13
254 248 6 1 10 12 4 5 6 7 8 9 2 11 14 3 13 0
256 249 7 1 10 12 4 5 6 7 8 9 0 11 14 3 13 2
258 250 8 1 10 12 4 5 6 7 8 0 9 11 14 3 13 2
259 251 8 1 10 12 4 5 6 7 8 13 9 11 14 3 0 2
259 252 7 1 10 12 4 5 6 7 8 13 9 11 14 3 2 0
263 255 8 1 10 12 4 5 6 7 8 0 9 11 14 3 2 13
263 256 7 1 10 12 4 5 6 7 8 9 0 11 14 3 2 13
263 257 6 1 10 12 4 5 6 7 8 9 13 11 14 3 2 0
265 258 7 1 10 12 4 5 6 7 8 9 13 11 14 3 0 2
266 259 7 1 10 12 4 5 6 7 8 9 13 11 14 0 3 2
267 260 7 1 10 12 4 5 6 7 8 9 13 11 0 14 3 2
269 261 8 1 10 12 4 5 6 7 8 9 13 0 11 14 3 2
270 263 7 1 10 12 4 5 6 7 8 9 13 2 11 14 3 0
272 264 8 1 10 12 4 5 6 7 8 9 13 2 11 14 0 3
272 265 7 1 10 12 4 5 6 7 8 9 13 2 11 0 14 3
273 266 7 1 10 12 4 5 6 7 8 9 13 2 0 11 14 3
274 267 7 1 10 12 4 5 6 7 8 9 13 0 2 11 14 3
275 269 6 1 10 12 4 5 6 7 8 9 13 3 2 11 14 0
277 270 7 1 10 12 4 5 6 7 8 9 0 3 2 11 14 13
279 271 8 1 10 12 4 5 6 7 8 0 9 3 2 11 14 13
279 271 8 1 10 12 4 0 6 7 8 9 5 3 2 11 14 13
280 273 7 1 10 12 4 13 6 7 8 9 5 3 2 11 14 0
283 275 8 1 10 12 4 13 6 7 8 9 5 0 2 11 14 3
286 278 8 1 10 12 4 0 6 7 8 9 5 13 2 11 14 3
287 280 7 1 10 12 4 3 6 7 8 9 5 13 2 11 14 0
286 279 7 1 10 12 4 5 6 7 8 9 0 13 2 11 14 3
286 280 6 1 10 12 4 5 6 7 8 9 3 13 2 11 14 0
289 282 7 1 10 12 4 5 6 7 8 9 3 0 2 11 14 13
290 283 7 1 10 12 4 5 6 7 8 9 3 2 0 11 14 13
291 284 7 1 10 12 4 5 6 7 8 9 3 2 11 0 14 13
293 285 8 1 10 12 4 5 6 7 8 9 3 2 11 14 0 13
293 286 7 1 10 12 4 5 6 7 8 9 3 2 11 14 13 0
296 288 8 1 10 12 4 5 6 7 8 9 3 0 11 14 13 2
296 289 7 1 10 12 4 5 6 7 8 9 3 11 0 14 13 2
297 290 7 1 10 12 4 5 6 7 8 9 3 11 14 0 13 2
297 291 6 1 10 12 4 5 6 7 8 9 3 11 14 13 0 2
297 292 5 1 10 12 4 5 6 7 8 9 3 11 14 13 2 0
299 293 6 1 10 12 4 5 6 7 8 9 0 11 14 13 2 3
301 294 7 1 10 12 4 5 6 7 8 0 9 11 14 13 2 3
302 295 7 1 10 12 4 5 6 7 8 2 9 11 14 13 0 3
302 296 6 1 10 12 4 5 6 7 8 2 9 11 14 13 3 0
306 299 7 1 10 12 4 5 6 7 8 0 9 11 14 13 3 2
306 300 6 1 10 12 4 5 6 7 8 9 0 11 14 13 3 2
306 301 5 1 10 12 4 5 6 7 8 9 2 11 14 13 3 0
308 302 6 1 10 12 4 5 6 7 8 9 2 11 14 13 0 3
310 303 7 1 10 12 4 5 6 7 8 9 2 11 14 0 13 3
311 304 7 1 10 12 4 5 6 7 8 9 2 11 0 14 13 3
308 301 7 1 10 12 4 0 6 7 8 9 5 11 14 13 3 2
309 303 6 1 10 12 4 2 6 7 8 9 5 11 14 13 3 0
311 304 7 1 10 12 4 2 6 7 8 9 5 11 14 13 0 3
311 304 7 1 10 12 4 2 6 7 8 9 0 11 14 13 3 5
310 303 7 1 10 12 4 5 6 7 8 0 2 11 14 13 9 3
311 304 7 1 10 12 4 5 6 7 8 2 0 11 14 13 9 3
311 305 6 1 10 12 4 5 6 7 8 2 3 11 14 13 9 0
313 306 7 1 10 12 4 5 6 7 8 2 3 11 14 13 0 9
311 304 7 1 10 12 4 5 6 7 8 0 2 11 14 13 3 9
312 305 7 1 10 12 4 5 6 7 8 3 2 11 14 13 0 9
312 306 6 1 10 12 4 5 6 7 8 3 2 11 14 13 9 0
314 307 7 1 10 12 4 5 6 7 8 3 0 11 14 13 9 2
311 304 7 0 10 12 4 5 6 7 8 9 2 11 14 13 3 1
312 305 7 10 0 12 4 5 6 7 8 9 2 11 14 13 3 1
313 306 7 10 12 0 4 5 6 7 8 9 2 11 14 13 3 1
302 295 7 0 10 12 4 5 6 7 8 9 3 11 14 13 2 1
303 296 7 10 0 12 4 5 6 7 8 9 3 11 14 13 2 1
304 297 7 10 12 0 4 5 6 7 8 9 3 11 14 13 2 1
304 297 7 1 10 12 4 5 6 7 8 2 0 11 14 13 3 9
310 303 7 1 10 12 4 0 6 7 8 9 2 11 14 13 3 5
301 294 7 1 10 12 4 5 6 7 8 9 3 0 14 13 2 11
302 295 7 1 10 12 4 5 6 7 8 9 3 14 0 13 2 11
301 294 7 1 10 12 4 0 6 7 8 9 5 11 14 13 2 3
302 296 6 1 10 12 4 3 6 7 8 9 5 11 14 13 2 0
304 297 7 1 10 12 4 3 6 7 8 9 5 11 14 13 0 2
304 297 7 1 10 12 4 3 6 7 8 9 0 11 14 13 2 5
299 292 7 1 10 12 4 5 6 7 8 0 3 11 14 13 9 2
302 295 7 1 10 12 4 5 6 7 8 0 3 11 14 13 2 9
303 296 7 1 10 12 4 5 6 7 8 3 0 11 14 13 2 9
303 297 6 1 10 12 4 5 6 7 8 3 9 11 14 13 2 0
305 298 7 1 10 12 4 5 6 7 8 3 9 11 14 13 0 2
310 303 7 1 10 12 4 5 6 7 8 9 2 0 14 13 3 11
311 304 7 1 10 12 4 5 6 7 8 9 2 14 0 13 3 11
301 294 7 1 10 12 4 0 6 7 8 9 3 11 14 13 2 5
305 297 8 1 10 12 4 9 6 7 8 0 3 11 14 13 2 5
306 298 8 1 10 12 4 9 6 7 8 3 0 11 14 13 2 5
306 299 7 1 10 12 4 9 6 7 8 3 5 11 14 13 2 0
308 300 8 1 10 12 4 9 6 7 8 3 5 11 14 13 0 2
313 305 8 1 10 12 4 5 6 0 8 9 2 14 7 13 3 11
314 306 8 1 0 12 4 5 6 10 8 9 2 14 7 13 3 11
315 307 8 1 12 0 4 5 6 10 8 9 2 14 7 13 3 11
267 259 8 1 10 12 4 0 6 7 8 9 13 11 14 3 2 5
268 260 8 1 10 12 4 13 6 7 8 9 0 11 14 3 2 5
268 261 7 1 10 12 4 13 6 7 8 9 5 11 14 3 2 0
270 262 8 1 10 12 4 13 6 7 8 9 5 11 14 3 0 2
271 263 8 1 10 12 4 13 6 7 8 9 5 11 14 0 3 2
272 264 8 1 10 12 4 13 6 7 8 9 5 11 0 14 3 2
278 270 8 1 10 12 4 0 6 7 8 9 13 5 2 11 14 3
279 272 7 1 10 12 4 3 6 7 8 9 13 5 2 11 14 0
282 274 8 1 10 12 4 3 6 7 8 9 13 0 2 11 14 5
283 275 8 1 10 12 4 3 6 7 8 9 13 2 0 11 14 5
284 276 8 1 10 12 4 3 6 7 8 9 13 2 11 0 14 5
281 273 8 1 10 12 4 3 6 7 8 9 0 5 2 11 14 13
249 241 8 1 10 12 4 5 6 7 0 9 2 13 11 8 14 3
250 242 8 1 10 0 4 5 6 7 12 9 2 13 11 8 14 3
251 243 8 1 0 10 4 5 6 7 12 9 2 13 11 8 14 3
276 268 8 1 10 12 4 5 0 7 8 9 13 6 2 11 14 3
280 272 8 0 10 12 4 5 6 7 8 9 13 3 2 11 14 1
282 274 8 3 10 12 4 5 6 7 8 9 13 0 2 11 14 1
283 276 7 3 10 12 4 5 6 7 8 9 13 1 2 11 14 0
285 277 8 3 10 12 4 5 6 7 8 9 0 1 2 11 14 13
278 270 8 1 10 12 4 5 6 7 8 9 13 3 2 11 0 14
279 271 8 1 10 12 4 5 6 7 8 9 13 3 2 0 11 14
280 272 8 1 10 12 4 5 6 7 8 9 13 3 0 2 11 14
281 273 8 1 10 12 4 5 6 7 8 9 13 0 3 2 11 14
282 275 7 1 10 12 4 5 6 7 8 9 13 14 3 2 11 0
284 276 8 1 10 12 4 5 6 7 8 9 13 14 3 2 0 11
285 277 8 1 10 12 4 5 6 7 8 9 13 14 3 0 2 11
286 278 8 1 10 12 4 5 6 7 8 9 13 14 0 3 2 11
282 274 8 1 10 12 4 13 6 7 8 9 0 3 2 11 14 5
258 250 8 1 10 12 4 5 6 7 8 9 2 0 14 3 13 11
259 251 8 1 10 12 4 5 6 7 8 9 2 14 0 3 13 11
260 252 8 1 10 12 4 5 6 7 8 9 2 14 3 0 13 11
260 253 7 1 10 12 4 5 6 7 8 9 2 14 3 13 0 11
260 254 6 1 10 12 4 5 6 7 8 9 2 14 3 13 11 0
263 256 7 1 10 12 4 5 6 7 8 9 2 0 3 13 11 14
264 257 7 1 10 12 4 5 6 7 8 9 2 3 0 13 11 14
262 255 7 1 10 12 4 5 6 7 8 9 0 14 3 13 11 2
264 256 8 1 10 12 4 5 6 7 8 0 9 14 3 13 11 2
265 257 8 1 10 12 4 5 6 7 8 11 9 14 3 13 0 2
265 258 7 1 10 12 4 5 6 7 8 11 9 14 3 13 2 0
269 261 8 1 10 12 4 5 6 7 8 0 9 14 3 13 2 11
269 262 7 1 10 12 4 5 6 7 8 9 0 14 3 13 2 11
269 263 6 1 10 12 4 5 6 7 8 9 11 14 3 13 2 0
272 265 7 1 10 12 4 5 6 7 8 9 11 0 3 13 2 14
273 266 7 1 10 12 4 5 6 7 8 9 11 3 0 13 2 14
271 264 7 1 10 12 4 5 6 7 8 9 11 14 3 13 0 2
273 265 8 1 10 12 4 5 6 7 8 9 11 14 3 0 13 2
274 266 8 1 10 12 4 5 6 7 8 9 11 14 0 3 13 2
275 267 8 1 10 12 4 5 6 7 8 9 11 0 14 3 13 2
276 269 7 1 10 12 4 5 6 7 8 9 11 2 14 3 13 0
278 270 8 1 10 12 4 5 6 7 8 9 11 2 14 3 0 13
279 271 8 1 10 12 4 5 6 7 8 9 11 2 14 0 3 13
280 272 8 1 10 12 4 5 6 7 8 9 11 2 0 14 3 13
281 273 8 1 10 12 4 5 6 7 8 9 11 0 2 14 3 13
282 275 7 1 10 12 4 5 6 7 8 9 11 13 2 14 3 0
284 276 8 1 10 12 4 5 6 7 8 9 11 13 2 14 0 3
284 277 7 1 10 12 4 5 6 7 8 9 11 13 2 0 14 3
285 278 7 1 10 12 4 5 6 7 8 9 11 13 0 2 14 3
286 279 7 1 10 12 4 5 6 7 8 9 11 0 13 2 14 3
287 281 6 1 10 12 4 5 6 7 8 9 11 3 13 2 14 0
289 282 7 1 10 12 4 5 6 7 8 9 0 3 13 2 14 11
291 283 8 1 10 12 4 5 6 7 8 0 9 3 13 2 14 11
304 296 8 1 10 12 4 5 6 7 8 2 9 11 14 0 13 3
305 297 8 1 10 12 4 5 6 7 8 2 9 11 0 14 13 3
306 298 8 1 10 12 4 5 6 7 8 2 9 0 14 13 3 11
307 299 8 1 10 12 4 5 6 7 8 2 9 14 0 13 3 11
314 306 8 1 10 12 4 2 6 7 8 0 5 11 14 13 3 9
315 307 8 1 10 12 4 2 6 7 8 5 0 11 14 13 3 9
315 308 7 1 10 12 4 2 6 7 8 5 9 11 14 13 3 0
318 310 8 1 10 12 4 0 6 7 8 5 9 11 14 13 3 2
319 311 8 1 10 12 4 9 6 7 8 5 0 11 14 13 3 2
319 312 7 1 10 12 4 9 6 7 8 5 2 11 14 13 3 0
321 313 8 1 10 12 4 9 6 7 8 5 2 11 14 13 0 3
322 314 8 1 10 12 4 9 6 7 8 0 2 11 14 13 5 3
323 315 8 1 10 12 4 9 6 7 8 2 0 11 14 13 5 3
323 316 7 1 10 12 4 9 6 7 8 2 3 11 14 13 5 0
327 319 8 1 10 12 4 9 6 7 8 0 3 11 14 13 5 2
328 320 8 1 10 12 4 9 6 7 8 3 0 11 14 13 5 2
328 321 7 1 10 12 4 9 6 7 8 3 2 11 14 13 5 0
331 323 8 1 10 12 4 0 6 7 8 3 2 11 14 13 5 9
334 326 8 1 10 12 4 3 6 7 8 0 2 11 14 13 5 9
335 327 8 1 10 12 4 3 6 7 8 2 0 11 14 13 5 9
335 328 7 1 10 12 4 3 6 7 8 2 9 11 14 13 5 0
339 331 8 1 10 12 4 3 6 7 8 0 9 11 14 13 5 2
339 332 7 1 10 12 4 3 6 7 8 9 0 11 14 13 5 2
339 333 6 1 10 12 4 3 6 7 8 9 2 11 14 13 5 0
342 335 7 1 10 12 4 0 6 7 8 9 2 11 14 13 5 3
343 336 7 1 10 12 4 2 6 7 8 9 0 11 14 13 5 3
343 337 6 1 10 12 4 2 6 7 8 9 3 11 14 13 5 0
345 338 7 1 10 12 4 2 6 7 8 9 3 11 14 13 0 5
341 334 7 1 10 12 4 3 6 7 8 9 2 11 14 13 0 5
340 333 7 1 10 12 4 0 6 7 8 9 3 11 14 13 5 2
344 336 8 1 10 12 4 11 6 7 8 9 3 0 14 13 5 2
345 338 7 1 10 12 4 11 6 7 8 9 3 2 14 13 5 0
348 340 8 1 10 12 4 0 6 7 8 9 3 2 14 13 5 11
349 341 8 1 10 12 4 3 6 7 8 9 0 2 14 13 5 11
349 342 7 1 10 12 4 3 6 7 8 9 11 2 14 13 5 0
352 344 8 1 10 12 4 0 6 7 8 9 11 2 14 13 5 3
355 347 8 1 10 12 4 2 6 7 8 9 11 0 14 13 5 3
356 349 7 1 10 12 4 2 6 7 8 9 11 3 14 13 5 0
359 351 8 1 10 12 4 0 6 7 8 9 11 3 14 13 5 2
360 352 8 1 10 12 4 11 6 7 8 9 0 3 14 13 5 2
360 353 7 1 10 12 4 11 6 7 8 9 2 3 14 13 5 0
363 355 8 1 10 12 4 0 6 7 8 9 2 3 14 13 5 11
313 305 8 6 10 12 4 5 0 7 8 9 2 11 14 13 3 1
316 308 8 1 10 12 4 0 6 7 8 3 5 11 14 13 9 2
317 310 7 1 10 12 4 2 6 7 8 3 5 11 14 13 9 0
319 311 8 1 10 12 4 2 6 7 8 3 0 11 14 13 9 5
304 296 8 6 10 12 4 5 0 7 8 9 3 11 14 13 2 1
314 306 8 10 7 12 4 5 6 0 8 9 2 11 14 13 3 1
315 307 8 10 7 12 4 5 6 14 8 9 2 11 0 13 3 1
306 298 8 7 10 12 4 5 6 0 8 9 3 11 14 13 2 1
307 299 8 7 10 12 4 5 6 14 8 9 3 11 0 13 2 1
305 297 8 5 10 12 4 0 6 7 8 9 3 11 14 13 2 1
306 299 7 5 10 12 4 1 6 7 8 9 3 11 14 13 2 0
308 300 8 5 10 12 4 1 6 7 8 9 3 11 14 13 0 2
306 298 8 10 12 4 0 5 6 7 8 9 3 11 14 13 2 1
313 305 8 0 10 12 4 1 6 7 8 9 2 11 14 13 3 5
315 308 7 5 10 12 4 1 6 7 8 9 2 11 14 13 3 0
317 309 8 5 10 12 4 1 6 7 8 9 2 11 14 13 0 3
314 306 8 1 10 12 4 9 6 7 8 0 2 11 14 13 3 5
315 307 8 1 10 12 4 9 6 7 8 2 0 11 14 13 3 5
315 308 7 1 10 12 4 9 6 7 8 2 5 11 14 13 3 0
317 309 8 1 10 12 4 9 6 7 8 2 5 11 14 13 0 3
304 296 8 1 10 12 4 5 6 0 8 9 3 14 7 13 2 11
305 297 8 1 0 12 4 5 6 10 8 9 3 14 7 13 2 11
306 298 8 1 12 0 4 5 6 10 8 9 3 14 7 13 2 11
304 296 8 1 10 12 4 5 6 7 8 9 3 14 13 0 2 11
305 297 8 1 10 12 4 5 6 7 8 9 3 14 13 2 0 11
305 298 7 1 10 12 4 5 6 7 8 9 3 14 13 2 11 0
308 300 8 1 10 12 4 5 6 7 8 9 3 0 13 2 11 14
309 301 8 1 10 12 4 5 6 7 8 9 3 13 0 2 11 14
310 302 8 1 10 12 4 5 6 7 8 9 3 13 2 0 11 14
305 297 8 1 10 12 4 9 6 7 8 0 5 11 14 13 2 3
306 298 8 1 10 12 4 9 6 7 8 5 0 11 14 13 2 3
306 299 7 1 10 12 4 9 6 7 8 5 3 11 14 13 2 0
309 301 8 1 10 12 4 0 6 7 8 5 3 11 14 13 2 9
310 302 8 1 10 12 4 3 6 7 8 5 0 11 14 13 2 9
310 303 7 1 10 12 4 3 6 7 8 5 9 11 14 13 2 0
301 293 8 1 10 12 4 5 6 7 0 8 3 11 14 13 9 2
302 294 8 1 10 0 4 5 6 7 12 8 3 11 14 13 9 2
303 295 8 1 0 10 4 5 6 7 12 8 3 11 14 13 9 2
301 293 8 1 10 12 0 5 6 7 8 4 3 11 14 13 9 2
302 294 8 1 10 0 12 5 6 7 8 4 3 11 14 13 9 2
303 295 8 1 0 10 12 5 6 7 8 4 3 11 14 13 9 2
304 296 8 1 10 12 4 5 6 7 0 8 3 11 14 13 2 9
305 297 8 1 10 0 4 5 6 7 12 8 3 11 14 13 2 9
306 298 8 1 0 10 4 5 6 7 12 8 3 11 14 13 2 9
307 299 8 1 10 12 4 0 6 7 8 3 9 11 14 13 2 5
306 298 8 1 10 12 4 9 6 7 8 2 3 11 14 13 0 5
304 296 8 0 10 12 4 1 6 7 8 9 3 11 14 13 2 5
305 297 8 10 0 12 4 1 6 7 8 9 3 11 14 13 2 5
306 298 8 10 12 0 4 1 6 7 8 9 3 11 14 13 2 5
314 306 8 1 10 12 4 5 6 0 8 9 2 7 14 13 3 11
315 307 8 1 10 12 4 5 6 14 8 9 2 7 0 13 3 11
316 308 8 1 10 12 4 5 6 14 8 9 2 0 7 13 3 11
316 310 6 1 10 12 4 5 6 14 8 9 2 11 7 13 3 0
318 311 7 1 10 12 4 5 6 14 8 9 2 11 7 13 0 3
318 311 7 1 10 12 4 5 6 14 8 9 0 11 7 13 3 2
320 312 8 1 10 12 4 5 6 14 8 0 9 11 7 13 3 2
321 313 8 1 10 12 4 5 6 14 8 3 9 11 7 13 0 2
321 314 7 1 10 12 4 5 6 14 8 3 9 11 7 13 2 0
325 317 8 1 10 12 4 5 6 14 8 0 9 11 7 13 2 3
325 318 7 1 10 12 4 5 6 14 8 9 0 11 7 13 2 3
325 319 6 1 10 12 4 5 6 14 8 9 3 11 7 13 2 0
327 320 7 1 10 12 4 5 6 14 8 9 3 11 7 13 0 2
329 321 8 1 10 12 4 5 6 14 8 9 3 11 7 0 13 2
330 322 8 1 10 12 4 5 6 14 8 9 3 11 0 7 13 2
331 323 8 1 10 12 4 5 6 0 8 9 3 11 14 7 13 2
332 324 8 1 0 12 4 5 6 10 8 9 3 11 14 7 13 2
333 325 8 1 12 0 4 5 6 10 8 9 3 11 14 7 13 2
320 312 8 1 10 12 4 0 6 14 8 9 5 11 7 13 3 2
321 314 7 1 10 12 4 2 6 14 8 9 5 11 7 13 3 0
323 315 8 1 10 12 4 2 6 14 8 9 5 11 7 13 0 3
323 315 8 1 10 12 4 2 6 14 8 9 0 11 7 13 3 5
329 321 8 1 10 12 4 5 6 14 8 0 3 11 7 13 9 2
330 322 8 1 10 12 4 5 6 14 8 3 0 11 7 13 9 2
330 323 7 1 10 12 4 5 6 14 8 3 2 11 7 13 9 0
332 324 8 1 10 12 4 5 6 14 8 3 2 11 7 13 0 9
330 322 8 1 10 12 4 5 6 14 8 0 3 11 7 13 2 9
331 323 8 1 10 12 4 5 6 14 8 2 3 11 7 13 0 9
331 324 7 1 10 12 4 5 6 14 8 2 3 11 7 13 9 0
333 325 8 1 10 12 4 5 6 14 8 2 0 11 7 13 9 3
330 322 8 0 10 12 4 5 6 14 8 9 3 11 7 13 2 1
333 325 8 14 10 12 4 5 6 0 8 9 3 11 7 13 2 1
333 326 7 14 10 12 4 5 6 7 8 9 3 11 0 13 2 1
335 327 8 14 10 12 4 5 6 7 8 9 3 11 13 0 2 1
336 328 8 14 10 12 4 5 6 7 8 9 3 11 13 2 0 1
336 329 7 14 10 12 4 5 6 7 8 9 3 11 13 2 1 0
340 332 8 0 10 12 4 5 6 7 8 9 3 11 13 2 1 14
341 333 8 10 0 12 4 5 6 7 8 9 3 11 13 2 1 14
342 334 8 10 12 0 4 5 6 7 8 9 3 11 13 2 1 14
338 330 8 14 10 12 4 5 6 7 8 9 0 11 13 2 1 3
335 327 8 14 10 12 4 5 6 7 8 9 3 0 11 13 2 1
336 329 7 14 10 12 4 5 6 7 8 9 3 1 11 13 2 0
340 332 8 0 10 12 4 5 6 7 8 9 3 1 11 13 2 14
341 334 7 1 10 12 4 5 6 7 8 9 3 0 11 13 2 14
342 336 6 1 10 12 4 5 6 7 8 9 3 14 11 13 2 0
341 335 6 1 10 12 4 5 6 7 8 9 3 11 0 13 2 14
343 336 7 1 10 12 4 5 6 7 8 9 3 11 13 0 2 14
344 337 7 1 10 12 4 5 6 7 8 9 3 11 13 2 0 14
343 338 5 1 10 12 4 5 6 7 8 9 3 11 13 2 14 0
345 339 6 1 10 12 4 5 6 7 8 9 0 11 13 2 14 3
347 340 7 1 10 12 4 5 6 7 8 0 9 11 13 2 14 3
347 340 7 1 10 12 4 0 6 7 8 9 5 11 13 2 14 3
348 342 6 1 10 12 4 3 6 7 8 9 5 11 13 2 14 0
350 343 7 1 10 12 4 3 6 7 8 9 0 11 13 2 14 5
348 341 7 1 10 12 4 5 6 7 8 0 3 11 13 2 14 9
349 342 7 1 10 12 4 5 6 7 8 3 0 11 13 2 14 9
349 343 6 1 10 12 4 5 6 7 8 3 9 11 13 2 14 0
348 341 7 0 10 12 4 5 6 7 8 9 3 11 13 2 14 1
349 342 7 10 0 12 4 5 6 7 8 9 3 11 13 2 14 1
350 343 7 10 12 0 4 5 6 7 8 9 3 11 13 2 14 1
347 340 7 1 10 12 4 0 6 7 8 9 3 11 13 2 14 5
347 340 7 1 10 12 4 5 6 7 8 9 3 0 13 2 14 11
348 341 7 1 10 12 4 5 6 7 8 9 3 13 0 2 14 11
349 342 7 1 10 12 4 5 6 7 8 9 3 13 2 0 14 11
343 336 7 1 10 12 4 5 6 0 8 9 3 11 7 13 2 14
344 337 7 1 0 12 4 5 6 10 8 9 3 11 7 13 2 14
345 338 7 1 12 0 4 5 6 10 8 9 3 11 7 13 2 14
344 337 7 1 10 12 4 5 6 7 8 9 0 14 11 13 2 3
344 337 7 1 10 12 4 5 6 7 8 9 3 14 11 13 0 2
346 338 8 1 10 12 4 5 6 7 8 9 3 14 11 0 13 2
347 339 8 1 10 12 4 5 6 7 8 9 3 14 0 11 13 2
348 340 8 1 10 12 4 5 6 7 8 9 3 0 14 11 13 2
349 342 7 1 10 12 4 5 6 7 8 9 3 2 14 11 13 0
351 343 8 1 10 12 4 5 6 7 8 9 3 2 14 11 0 13
352 344 8 1 10 12 4 5 6 7 8 9 3 2 14 0 11 13
353 345 8 1 10 12 4 5 6 7 8 9 3 2 0 14 11 13
354 346 8 1 10 12 4 5 6 7 8 9 3 0 2 14 11 13
355 348 7 1 10 12 4 5 6 7 8 9 3 13 2 14 11 0
357 349 8 1 10 12 4 5 6 7 8 9 0 13 2 14 11 3
351 343 8 1 10 12 4 5 6 7 8 9 0 2 14 11 13 3
346 338 8 0 1 12 4 5 6 10 8 9 3 11 7 13 2 14
348 341 7 14 1 12 4 5 6 10 8 9 3 11 7 13 2 0
350 342 8 14 1 12 4 5 6 10 8 9 3 11 7 13 0 2
350 342 8 14 1 12 4 5 6 10 8 9 0 11 7 13 2 3
349 341 8 10 1 12 4 5 6 0 8 9 3 11 7 13 2 14
349 342 7 10 1 12 4 5 6 7 8 9 3 11 0 13 2 14
351 343 8 10 1 12 4 5 6 7 8 9 3 11 13 0 2 14
352 344 8 10 1 12 4 5 6 7 8 9 3 11 13 2 0 14
351 345 6 10 1 12 4 5 6 7 8 9 3 11 13 2 14 0
355 348 7 0 1 12 4 5 6 7 8 9 3 11 13 2 14 10
355 349 6 1 0 12 4 5 6 7 8 9 3 11 13 2 14 10
356 350 6 1 12 0 4 5 6 7 8 9 3 11 13 2 14 10
358 351 7 1 12 4 0 5 6 7 8 9 3 11 13 2 14 10
358 351 7 1 12 8 4 5 6 7 0 9 3 11 13 2 14 10
359 352 7 1 12 8 4 5 6 7 2 9 3 11 13 0 14 10
359 353 6 1 12 8 4 5 6 7 2 9 3 11 0 13 14 10
361 354 7 1 12 8 4 5 6 7 2 9 3 0 11 13 14 10
362 356 6 1 12 8 4 5 6 7 2 9 3 10 11 13 14 0
364 357 7 1 12 8 4 5 6 7 2 9 0 10 11 13 14 3
361 354 7 1 12 8 4 5 6 0 2 9 3 11 7 13 14 10
362 355 7 1 12 8 4 5 6 2 0 9 3 11 7 13 14 10
362 356 6 1 12 0 4 5 6 2 8 9 3 11 7 13 14 10
363 357 6 1 0 12 4 5 6 2 8 9 3 11 7 13 14 10
363 358 5 1 2 12 4 5 6 0 8 9 3 11 7 13 14 10
363 359 4 1 2 12 4 5 6 7 8 9 3 11 0 13 14 10
365 360 5 1 2 12 4 5 6 7 8 9 3 11 13 0 14 10
365 360 5 1 2 12 4 5 6 7 8 9 3 0 11 13 14 10
366 362 4 1 2 12 4 5 6 7 8 9 3 10 11 13 14 0
368 363 5 1 2 12 4 5 6 7 8 9 0 10 11 13 14 3
370 364 6 1 2 12 4 5 6 7 8 0 9 10 11 13 14 3
367 361 6 1 2 12 4 5 0 7 8 9 3 6 11 13 14 10
370 364 6 1 2 12 4 0 6 7 8 9 5 10 11 13 14 3
371 366 5 1 2 12 4 3 6 7 8 9 5 10 11 13 14 0
374 368 6 1 2 12 4 3 6 7 8 9 5 0 11 13 14 10
374 369 5 1 2 12 4 3 6 7 8 9 5 11 0 13 14 10
376 370 6 1 2 12 4 3 6 7 8 9 5 11 13 0 14 10
376 370 6 1 2 12 4 3 6 0 8 9 5 11 7 13 14 10
377 371 6 1 2 12 4 0 6 7 8 9 5 3 11 13 14 10
378 373 5 1 2 12 4 10 6 7 8 9 5 3 11 13 14 0
377 372 5 1 2 12 4 5 6 7 8 9 0 3 11 13 14 10
376 373 3 1 2 12 4 5 6 7 8 9 10 3 11 13 14 0
379 375 4 1 2 12 4 5 6 7 8 9 10 0 11 13 14 3
379 376 3 1 2 12 4 5 6 7 8 9 10 11 0 13 14 3
381 377 4 1 2 12 4 5 6 7 8 9 10 11 13 0 14 3
381 377 4 1 2 12 4 5 6 0 8 9 10 11 7 13 14 3
383 378 5 1 2 12 4 5 6 8 0 9 10 11 7 13 14 3
384 379 5 1 2 0 4 5 6 8 12 9 10 11 7 13 14 3
383 378 5 1 2 12 4 5 0 6 8 9 10 11 7 13 14 3
383 378 5 1 0 12 4 5 6 2 8 9 10 11 7 13 14 3
384 379 5 1 12 0 4 5 6 2 8 9 10 11 7 13 14 3
379 374 5 1 2 12 4 5 6 7 8 9 10 3 11 13 0 14
383 378 5 1 2 12 4 5 6 7 8 9 10 11 13 14 0 3
383 379 4 1 2 12 4 5 6 7 8 9 10 11 13 14 3 0
383 378 5 1 2 12 4 5 6 7 0 9 10 11 13 8 14 3
384 379 5 1 2 0 4 5 6 7 12 9 10 11 13 8 14 3
383 378 5 1 2 12 4 5 6 0 8 9 10 7 11 13 14 3
384 379 5 1 2 12 4 5 6 11 8 9 10 7 0 13 14 3
385 380 5 1 2 12 4 5 6 11 8 9 10 0 7 13 14 3
386 382 4 1 2 12 4 5 6 11 8 9 10 3 7 13 14 0
383 378 5 1 2 12 4 0 6 7 8 9 10 5 11 13 14 3
384 380 4 1 2 12 4 3 6 7 8 9 10 5 11 13 14 0
387 382 5 1 2 12 4 3 6 7 8 9 10 0 11 13 14 5
387 383 4 1 2 12 4 3 6 7 8 9 10 11 0 13 14 5
389 384 5 1 2 12 4 3 6 7 8 9 10 11 13 0 14 5
389 384 5 1 2 12 4 3 6 0 8 9 10 11 7 13 14 5
380 375 5 1 2 12 4 0 6 7 8 9 10 3 11 13 14 5
381 376 5 1 2 12 4 5 6 7 8 0 10 3 11 13 14 9
381 376 5 1 2 12 4 5 0 7 8 9 10 6 11 13 14 3
381 376 5 0 2 12 4 5 6 7 8 9 10 3 11 13 14 1
383 378 5 3 2 12 4 5 6 7 8 9 10 0 11 13 14 1
384 380 4 3 2 12 4 5 6 7 8 9 10 1 11 13 14 0
383 379 4 3 2 12 4 5 6 7 8 9 10 11 0 13 14 1
385 380 5 3 2 12 4 5 6 7 8 9 10 11 13 0 14 1
385 380 5 3 2 12 4 5 6 0 8 9 10 11 7 13 14 1
382 377 5 0 2 12 4 5 6 7 8 9 10 1 11 13 14 3
386 380 6 7 2 12 4 5 6 0 8 9 10 1 11 13 14 3
387 381 6 7 2 12 4 5 6 11 8 9 10 1 0 13 14 3
388 382 6 7 2 12 4 5 6 11 8 9 10 0 1 13 14 3
390 385 5 7 2 12 4 5 6 0 8 9 10 11 1 13 14 3
391 386 5 7 2 12 4 5 6 1 8 9 10 11 0 13 14 3
389 384 5 7 2 12 4 5 6 11 8 9 10 3 1 13 14 0
393 387 6 0 2 12 4 5 6 11 8 9 10 3 1 13 14 7
396 390 6 11 2 12 4 5 6 0 8 9 10 3 1 13 14 7
397 391 6 11 2 12 4 5 6 1 8 9 10 3 0 13 14 7
398 392 6 11 2 12 4 5 6 1 8 9 10 0 3 13 14 7
399 394 5 0 2 12 4 5 6 1 8 9 10 11 3 13 14 7
401 397 4 1 2 12 4 5 6 0 8 9 10 11 3 13 14 7
402 398 4 1 2 12 4 5 6 3 8 9 10 11 0 13 14 7
401 397 4 7 2 12 4 5 6 1 8 9 10 11 3 13 14 0
404 399 5 1 2 12 4 5 6 3 8 9 10 11 13 0 14 7
404 399 5 1 2 12 4 5 6 3 8 9 10 0 11 13 14 7
405 401 4 1 2 12 4 5 6 3 8 9 10 7 11 13 14 0
407 402 5 1 2 12 4 5 6 0 8 9 10 3 11 13 14 7
408 403 5 1 2 12 4 5 6 11 8 9 10 3 0 13 14 7
409 404 5 1 2 12 4 5 6 11 8 9 10 0 3 13 14 7
410 406 4 1 2 12 4 5 6 11 8 9 10 7 3 13 14 0
403 398 5 1 2 12 4 5 6 8 0 9 10 11 3 13 14 7
404 399 5 1 2 0 4 5 6 8 12 9 10 11 3 13 14 7
403 398 5 1 2 12 4 5 0 6 8 9 10 11 3 13 14 7
399 394 5 11 2 12 4 5 6 1 8 9 10 7 3 13 14 0
403 398 5 1 0 12 4 5 6 2 8 9 10 11 3 13 14 7
404 399 5 1 12 0 4 5 6 2 8 9 10 11 3 13 14 7
406 400 6 1 12 4 0 5 6 2 8 9 10 11 3 13 14 7
406 400 6 1 12 8 4 5 6 2 0 9 10 11 3 13 14 7
407 401 6 1 12 8 4 5 6 0 2 9 10 11 3 13 14 7
408 402 6 1 12 8 4 5 6 3 2 9 10 11 0 13 14 7
408 402 6 1 0 8 4 5 6 12 2 9 10 11 3 13 14 7
409 403 6 1 8 0 4 5 6 12 2 9 10 11 3 13 14 7
410 404 6 1 8 2 4 5 6 12 0 9 10 11 3 13 14 7
411 405 6 1 8 2 4 5 6 0 12 9 10 11 3 13 14 7
412 406 6 1 8 2 4 5 6 3 12 9 10 11 0 13 14 7
405 399 6 0 1 12 4 5 6 2 8 9 10 11 3 13 14 7
407 402 5 7 1 12 4 5 6 2 8 9 10 11 3 13 14 0
408 402 6 2 1 12 4 5 6 0 8 9 10 11 3 13 14 7
409 403 6 2 1 12 4 5 6 3 8 9 10 11 0 13 14 7
381 375 6 1 2 12 4 5 6 7 8 0 10 3 11 13 9 14
387 381 6 1 2 12 4 5 6 7 8 9 10 0 13 14 3 11
388 382 6 1 2 12 4 5 6 7 8 9 10 13 0 14 3 11
389 383 6 1 2 12 4 5 6 7 8 9 10 13 14 0 3 11
390 384 6 1 2 12 4 5 6 7 8 9 10 13 14 3 0 11
390 385 5 1 2 12 4 5 6 7 8 9 10 13 14 3 11 0
393 387 6 1 2 12 4 5 6 7 8 9 10 0 14 3 11 13
394 388 6 1 2 12 4 5 6 7 8 9 10 14 0 3 11 13
395 389 6 1 2 12 4 5 6 7 8 9 10 14 3 0 11 13
396 390 6 1 2 12 4 5 6 7 8 9 10 14 3 11 0 13
396 391 5 1 2 12 4 5 6 7 8 9 10 14 3 11 13 0
399 393 6 1 2 12 4 5 6 7 8 9 10 0 3 11 13 14
400 394 6 1 2 12 4 5 6 7 8 9 10 3 0 11 13 14
386 380 6 1 2 4 0 5 6 7 12 9 10 11 13 8 14 3
386 380 6 1 0 2 4 5 6 7 12 9 10 11 13 8 14 3
389 383 6 1 2 12 4 5 6 11 8 9 10 3 7 13 0 14
390 384 6 1 2 12 4 0 6 11 8 9 10 3 7 13 14 5
393 387 6 1 2 12 4 3 6 11 8 9 10 0 7 13 14 5
394 389 5 1 2 12 4 3 6 11 8 9 10 5 7 13 14 0
394 388 6 1 2 12 4 3 6 11 8 9 10 7 0 13 14 5
389 383 6 1 2 12 4 3 6 7 8 0 10 5 11 13 14 9
385 379 6 1 2 12 0 4 6 7 8 9 10 5 11 13 14 3
386 380 6 1 2 0 12 4 6 7 8 9 10 5 11 13 14 3
388 382 6 0 2 12 4 5 6 11 8 9 10 1 7 13 14 3
390 385 5 3 2 12 4 5 6 11 8 9 10 1 7 13 14 0
393 387 6 3 2 12 4 5 6 11 8 9 10 0 7 13 14 1
394 388 6 3 2 12 4 5 6 11 8 9 10 7 0 13 14 1
391 385 6 11 2 12 4 5 6 0 8 9 10 1 7 13 14 3
391 386 5 11 2 12 4 5 6 7 8 9 10 1 0 13 14 3
392 387 5 11 2 12 4 5 6 7 8 9 10 0 1 13 14 3
393 389 4 0 2 12 4 5 6 7 8 9 10 11 1 13 14 3
395 392 3 3 2 12 4 5 6 7 8 9 10 11 1 13 14 0
393 389 4 11 2 12 4 5 6 7 8 9 10 3 1 13 14 0
397 392 5 0 2 12 4 5 6 7 8 9 10 3 1 13 14 11
400 395 5 3 2 12 4 5 6 7 8 0 10 11 1 13 14 9
399 394 5 3 2 12 4 0 6 7 8 9 10 11 1 13 14 5
401 396 5 0 2 12 4 3 6 7 8 9 10 11 1 13 14 5
403 399 4 5 2 12 4 3 6 7 8 9 10 11 1 13 14 0
398 393 5 3 2 12 4 5 6 7 8 9 10 11 1 13 0 14
398 393 5 3 2 12 4 5 6 7 8 9 0 11 1 13 14 10
395 390 5 2 0 12 4 5 6 7 8 9 10 11 1 13 14 3
396 391 5 2 12 0 4 5 6 7 8 9 10 11 1 13 14 3
396 391 5 5 2 12 4 0 6 7 8 9 10 11 1 13 14 3
395 390 5 6 2 12 4 5 0 7 8 9 10 11 1 13 14 3
399 394 5 3 2 12 4 5 6 7 8 9 10 0 1 13 14 11
400 395 5 3 2 12 4 5 6 7 8 9 10 1 0 13 14 11
402 396 6 3 2 12 4 5 6 7 8 9 10 1 13 0 14 11
391 385 6 1 2 12 4 3 6 7 8 9 10 11 13 14 0 5
391 386 5 1 2 12 4 3 6 7 8 9 10 11 13 14 5 0
394 388 6 1 2 12 4 0 6 7 8 9 10 11 13 14 5 3
383 377 6 6 2 12 4 5 0 7 8 9 10 3 11 13 14 1
384 378 6 6 2 12 4 5 3 7 8 9 10 0 11 13 14 1
385 380 5 6 2 12 4 5 3 7 8 9 10 1 11 13 14 0
384 379 5 6 2 12 4 5 3 7 8 9 10 11 0 13 14 1
386 380 6 6 2 12 4 5 3 7 8 9 10 11 13 0 14 1
391 385 6 1 0 12 4 3 6 2 8 9 10 11 7 13 14 5
392 386 6 1 12 0 4 3 6 2 8 9 10 11 7 13 14 5
373 367 6 1 2 12 4 10 6 7 8 9 5 0 11 13 14 3
373 368 5 1 2 12 4 10 6 7 8 9 5 11 0 13 14 3
375 369 6 1 2 12 4 10 6 7 8 9 5 11 13 0 14 3
383 377 6 1 2 12 4 5 6 7 8 10 0 3 11 13 14 9
383 378 5 1 2 12 4 5 6 7 8 10 9 3 11 13 14 0
386 380 6 1 2 12 4 5 6 7 8 10 9 0 11 13 14 3
386 381 5 1 2 12 4 5 6 7 8 10 9 11 0 13 14 3
388 382 6 1 2 12 4 5 6 7 8 10 9 11 13 0 14 3
387 381 6 3 2 12 4 0 6 7 8 9 10 5 11 13 14 1
388 383 5 3 2 12 4 1 6 7 8 9 10 5 11 13 14 0
391 385 6 3 2 12 4 1 6 7 8 9 10 0 11 13 14 5
391 386 5 3 2 12 4 1 6 7 8 9 10 11 0 13 14 5
393 387 6 3 2 12 4 1 6 7 8 9 10 11 13 0 14 5
387 381 6 3 2 12 4 5 6 8 0 9 10 11 7 13 14 1
388 382 6 3 2 0 4 5 6 8 12 9 10 11 7 13 14 1
387 381 6 3 2 12 4 5 6 7 8 9 10 11 13 14 0 1
387 382 5 3 2 12 4 5 6 7 8 9 10 11 13 14 1 0
391 385 6 0 2 12 4 5 6 7 8 9 10 11 13 14 1 3
367 361 6 1 2 12 4 5 6 7 0 9 3 11 13 8 14 10
368 362 6 1 2 0 4 5 6 7 12 9 3 11 13 8 14 10
387 381 6 3 2 12 4 5 6 0 8 9 10 7 11 13 14 1
387 381 6 3 0 12 4 5 6 2 8 9 10 11 7 13 14 1
388 382 6 3 12 0 4 5 6 2 8 9 10 11 7 13 14 1
390 384 6 0 2 12 4 5 6 11 8 9 10 7 1 13 14 3
392 387 5 3 2 12 4 5 6 11 8 9 10 7 1 13 14 0
384 378 6 2 0 12 4 5 6 7 8 9 10 1 11 13 14 3
385 379 6 2 12 0 4 5 6 7 8 9 10 1 11 13 14 3
367 361 6 1 2 12 4 5 6 7 8 9 3 11 13 14 0 10
367 362 5 1 2 12 4 5 6 7 8 9 3 11 13 14 10 0
369 363 6 1 2 12 4 5 6 7 8 9 0 11 13 14 10 3
370 364 6 1 2 12 4 0 6 7 8 9 3 10 11 13 14 5
373 367 6 1 2 12 4 10 6 7 8 9 3 0 11 13 14 5
374 369 5 1 2 12 4 10 6 7 8 9 3 5 11 13 14 0
373 368 5 1 2 12 4 10 6 7 8 9 3 11 0 13 14 5
375 369 6 1 2 12 4 10 6 7 8 9 3 11 13 0 14 5
393 387 6 7 2 12 4 5 6 1 8 9 10 0 11 13 14 3
394 389 5 7 2 12 4 5 6 1 8 9 10 3 11 13 14 0
398 392 6 0 2 12 4 5 6 1 8 9 10 3 11 13 14 7
400 394 6 3 2 12 4 5 6 1 8 9 10 0 11 13 14 7
401 396 5 3 2 12 4 5 6 1 8 9 10 7 11 13 14 0
400 395 5 3 2 12 4 5 6 1 8 9 10 11 0 13 14 7
401 396 5 3 2 12 4 5 6 0 8 9 10 11 1 13 14 7
403 397 6 3 2 12 4 5 6 8 0 9 10 11 1 13 14 7
404 398 6 3 2 0 4 5 6 8 12 9 10 11 1 13 14 7
386 380 6 1 12 8 4 5 6 2 0 9 10 11 7 13 14 3
387 381 6 1 12 8 4 5 6 0 2 9 10 11 7 13 14 3
387 382 5 1 12 8 4 5 6 7 2 9 10 11 0 13 14 3
389 383 6 1 12 8 4 5 6 7 2 9 10 11 13 0 14 3
390 384 6 1 12 8 4 5 6 7 0 9 10 11 13 2 14 3
390 385 5 1 12 0 4 5 6 7 8 9 10 11 13 2 14 3
391 386 5 1 0 12 4 5 6 7 8 9 10 11 13 2 14 3
393 387 6 0 1 12 4 5 6 7 8 9 10 11 13 2 14 3
395 390 5 3 1 12 4 5 6 7 8 9 10 11 13 2 14 0
406 400 6 7 2 12 4 5 6 1 8 0 10 11 3 13 14 9
405 399 6 7 2 12 4 0 6 1 8 9 10 11 3 13 14 5
407 401 6 0 2 12 4 7 6 1 8 9 10 11 3 13 14 5
409 404 5 1 2 12 4 7 6 0 8 9 10 11 3 13 14 5
410 405 5 1 2 12 4 7 6 3 8 9 10 11 0 13 14 5
409 404 5 5 2 12 4 7 6 1 8 9 10 11 3 13 14 0
369 363 6 1 2 12 4 0 6 7 8 9 3 5 11 13 14 10
365 359 6 1 2 12 4 5 0 6 8 9 3 11 7 13 14 10
406 400 6 1 2 12 4 5 0 3 8 9 10 6 11 13 14 7
407 401 6 1 2 12 4 5 3 0 8 9 10 6 11 13 14 7
408 402 6 1 2 12 4 5 3 11 8 9 10 6 0 13 14 7
409 403 6 1 2 12 4 5 3 11 8 9 10 0 6 13 14 7
411 406 5 1 2 12 4 5 3 0 8 9 10 11 6 13 14 7
412 407 5 1 2 12 4 5 0 3 8 9 10 11 6 13 14 7
412 407 5 1 2 12 4 5 3 6 8 9 10 11 0 13 14 7
410 405 5 1 2 12 4 5 3 11 8 9 10 7 6 13 14 0
408 402 6 1 2 12 4 5 6 3 8 9 0 7 11 13 14 10
410 404 6 0 2 12 4 5 6 3 8 9 10 7 11 13 14 1
412 406 6 7 2 12 4 5 6 3 8 9 10 0 11 13 14 1
413 408 5 7 2 12 4 5 6 3 8 9 10 1 11 13 14 0
412 407 5 7 2 12 4 5 6 3 8 9 10 11 0 13 14 1
413 408 5 7 2 12 4 5 6 0 8 9 10 11 3 13 14 1
415 409 6 7 2 12 4 5 6 8 0 9 10 11 3 13 14 1
416 410 6 7 2 0 4 5 6 8 12 9 10 11 3 13 14 1
410 404 6 1 2 12 4 5 6 11 8 9 10 3 13 0 14 7
412 406 6 0 2 12 4 5 6 11 8 9 10 1 3 13 14 7
414 409 5 7 2 12 4 5 6 11 8 9 10 1 3 13 14 0
417 411 6 7 2 12 4 5 6 11 8 9 10 0 3 13 14 1
418 412 6 7 2 12 4 5 6 11 8 9 10 3 0 13 14 1
413 407 6 1 2 12 4 5 6 11 8 9 10 7 3 13 0 14
413 407 6 1 2 12 4 0 6 11 8 9 10 5 3 13 14 7
414 409 5 1 2 12 4 7 6 11 8 9 10 5 3 13 14 0
417 411 6 1 2 12 4 7 6 11 8 9 10 0 3 13 14 5
418 412 6 1 2 12 4 7 6 11 8 9 10 3 0 13 14 5
419 413 6 1 2 12 4 7 6 0 8 9 10 3 11 13 14 5
385 379 6 1 2 12 4 5 6 8 9 0 10 11 7 13 14 3
405 399 6 1 2 12 4 5 11 6 8 9 10 0 3 13 14 7
406 401 5 1 2 12 4 5 11 6 8 9 10 7 3 13 14 0
415 409 6 0 2 12 4 5 6 11 8 9 10 7 3 13 14 1
418 412 6 11 2 12 4 5 6 0 8 9 10 7 3 13 14 1
419 413 6 11 2 12 4 5 6 3 8 9 10 7 0 13 14 1
420 414 6 11 2 12 4 5 6 3 8 9 10 0 7 13 14 1
421 416 5 0 2 12 4 5 6 3 8 9 10 11 7 13 14 1
422 419 3 1 2 12 4 5 6 3 8 9 10 11 7 13 14 0
427 422 5 1 2 12 4 5 6 3 8 0 10 11 7 13 14 9
426 421 5 1 2 12 4 0 6 3 8 9 10 11 7 13 14 5
426 421 5 1 2 12 4 5 6 3 8 9 10 0 7 13 14 11
429 424 5 1 2 12 4 5 6 0 8 9 10 3 7 13 14 11
429 425 4 1 2 12 4 5 6 7 8 9 10 3 0 13 14 11
430 426 4 1 2 12 4 5 6 7 8 9 10 0 3 13 14 11
430 428 2 1 2 12 4 5 6 7 8 9 10 11 3 13 14 0
435 431 4 1 2 12 4 5 6 7 8 0 10 11 3 13 14 9
435 431 4 0 2 12 4 5 6 7 8 9 10 11 3 13 14 1
434 430 4 1 2 12 4 0 6 7 8 9 10 11 3 13 14 5
433 429 4 1 2 12 4 5 6 7 8 9 10 11 3 13 0 14
433 429 4 1 2 12 4 5 6 7 8 9 0 11 3 13 14 10
435 430 5 1 2 12 4 5 6 7 8 0 9 11 3 13 14 10
436 431 5 1 2 12 4 10 6 7 8 9 0 11 3 13 14 5
436 432 4 1 2 12 4 10 6 7 8 9 5 11 3 13 14 0
435 430 5 1 2 12 4 0 6 7 8 9 5 11 3 13 14 10
435 430 5 1 2 12 4 5 6 7 8 9 10 11 3 0 13 14
436 431 5 1 2 12 4 5 6 7 8 9 10 11 0 3 13 14
435 430 5 1 2 12 4 5 6 7 8 0 10 11 3 13 9 14
438 433 5 1 2 12 4 9 6 7 8 0 10 11 3 13 14 5
437 432 5 0 2 12 4 1 6 7 8 9 10 11 3 13 14 5
439 435 4 5 2 12 4 1 6 7 8 9 10 11 3 13 14 0
433 428 5 0 2 12 4 5 6 7 8 9 10 1 3 13 14 11
435 431 4 11 2 12 4 5 6 7 8 9 10 1 3 13 14 0
431 426 5 1 2 12 4 5 6 7 8 9 10 3 13 0 14 11
437 432 5 1 2 12 4 5 6 7 8 14 10 11 3 13 0 9
437 433 4 1 2 12 4 5 6 7 8 14 10 11 3 13 9 0
434 429 5 1 2 12 4 0 6 7 8 9 10 5 3 13 14 11
435 431 4 1 2 12 4 11 6 7 8 9 10 5 3 13 14 0
427 422 5 1 2 12 4 5 6 3 8 9 10 7 0 13 14 11
436 431 5 1 2 12 0 4 6 7 8 9 10 11 3 13 14 5
437 432 5 1 2 0 12 4 6 7 8 9 10 11 3 13 14 5
425 420 5 1 2 12 4 5 6 3 8 9 10 11 7 13 0 14
437 432 5 1 2 12 4 5 6 7 8 10 0 11 3 13 14 9
437 433 4 1 2 12 4 5 6 7 8 10 9 11 3 13 14 0
421 416 5 11 2 12 4 5 6 3 8 9 10 1 7 13 14 0
437 432 5 2 0 12 4 5 6 7 8 9 10 11 3 13 14 1
438 433 5 2 12 0 4 5 6 7 8 9 10 11 3 13 14 1
425 420 5 1 2 12 4 5 6 3 8 9 0 11 7 13 14 10
437 432 5 1 2 12 4 5 6 7 0 8 10 11 3 13 14 9
438 433 5 1 2 0 4 5 6 7 12 8 10 11 3 13 14 9
438 433 5 1 2 12 4 11 6 7 8 9 10 0 3 13 14 5
439 434 5 1 2 12 4 11 6 7 8 9 10 3 0 13 14 5
437 432 5 1 2 12 0 5 6 7 8 4 10 11 3 13 14 9
438 433 5 1 2 0 12 5 6 7 8 4 10 11 3 13 14 9
432 427 5 1 2 12 4 5 0 7 8 9 10 6 3 13 14 11
428 423 5 1 2 12 4 5 6 0 8 9 10 7 3 13 14 11
438 433 5 11 2 12 4 5 6 7 8 9 10 0 3 13 14 1
439 434 5 11 2 12 4 5 6 7 8 9 10 3 0 13 14 1
437 432 5 6 2 12 4 5 0 7 8 9 10 11 3 13 14 1
438 433 5 5 2 12 4 0 6 7 8 9 10 11 3 13 14 1
442 436 6 5 2 12 4 9 6 7 8 0 10 11 3 13 14 1
440 434 6 1 2 12 4 11 6 7 8 0 10 5 3 13 14 9
384 378 6 5 2 12 4 0 6 7 8 9 10 3 11 13 14 1
385 380 5 5 2 12 4 1 6 7 8 9 10 3 11 13 14 0
388 382 6 5 2 12 4 1 6 7 8 9 10 0 11 13 14 3
388 383 5 5 2 12 4 1 6 7 8 9 10 11 0 13 14 3
390 384 6 5 2 12 4 1 6 7 8 9 10 11 13 0 14 3
403 397 6 0 2 12 4 5 6 1 8 9 10 7 3 13 14 11
385 379 6 1 2 12 4 5 6 8 0 9 10 7 11 13 14 3
386 380 6 1 2 0 4 5 6 8 12 9 10 7 11 13 14 3
385 379 6 1 2 12 4 5 0 6 8 9 10 7 11 13 14 3
386 380 6 1 2 12 4 5 7 6 8 9 10 0 11 13 14 3
387 382 5 1 2 12 4 5 7 6 8 9 10 3 11 13 14 0
386 381 5 1 2 12 4 5 7 6 8 9 10 11 0 13 14 3
387 382 5 1 2 12 4 5 7 0 8 9 10 11 6 13 14 3
387 383 4 1 2 12 4 5 0 7 8 9 10 11 6 13 14 3
389 384 5 1 2 12 4 5 11 7 8 9 10 0 6 13 14 3
390 386 4 1 2 12 4 5 11 7 8 9 10 3 6 13 14 0
390 385 5 1 2 12 4 5 11 7 8 9 10 6 0 13 14 3
392 386 6 1 2 12 4 5 11 7 8 9 10 6 13 0 14 3
389 383 6 1 2 12 4 0 6 11 8 9 10 5 7 13 14 3
389 383 6 1 2 12 4 5 6 11 8 9 0 3 7 13 14 10
387 381 6 1 2 12 4 3 6 7 8 9 10 5 11 13 0 14
389 383 6 0 2 12 4 3 6 7 8 9 10 5 11 13 14 1
386 380 6 0 2 12 4 1 6 7 8 9 10 5 11 13 14 3
391 385 6 1 2 12 4 5 6 11 8 0 10 3 7 13 14 9
376 370 6 1 2 12 4 10 6 7 8 9 0 5 11 13 14 3
391 385 6 1 2 12 4 3 6 7 0 9 10 11 13 8 14 5
392 386 6 1 2 0 4 3 6 7 12 9 10 11 13 8 14 5
383 377 6 2 0 12 4 5 6 7 8 9 10 3 11 13 14 1
384 378 6 2 12 0 4 5 6 7 8 9 10 3 11 13 14 1
382 376 6 1 2 12 0 4 6 7 8 9 10 3 11 13 14 5
383 377 6 1 2 0 12 4 6 7 8 9 10 3 11 13 14 5
379 373 6 1 2 12 4 5 6 7 8 0 9 3 11 13 14 10
394 388 6 11 2 12 4 5 0 7 8 9 10 6 1 13 14 3
393 387 6 11 2 12 4 5 6 7 8 9 10 1 13 0 14 3
396 390 6 11 2 12 4 5 6 7 8 9 0 3 1 13 14 10
390 384 6 0 2 12 4 3 6 7 8 9 10 1 11 13 14 5
392 387 5 5 2 12 4 3 6 7 8 9 10 1 11 13 14 0
387 381 6 1 2 12 4 9 6 7 8 0 10 5 11 13 14 3
404 398 6 11 2 12 4 3 6 7 8 9 10 0 1 13 14 5
405 400 5 11 2 12 4 3 6 7 8 9 10 5 1 13 14 0
409 403 6 0 2 12 4 3 6 7 8 9 10 5 1 13 14 11
402 396 6 3 2 12 0 5 6 7 8 4 10 11 1 13 14 9
403 397 6 3 2 0 12 5 6 7 8 4 10 11 1 13 14 9
401 395 6 7 2 12 4 5 6 0 8 9 10 3 1 13 14 11
402 396 6 7 2 12 4 5 6 1 8 9 10 3 0 13 14 11
400 394 6 5 2 12 4 0 6 7 8 9 10 3 1 13 14 11
401 396 5 5 2 12 4 11 6 7 8 9 10 3 1 13 14 0
405 399 6 0 2 12 4 11 6 7 8 9 10 3 1 13 14 5
402 396 6 3 2 12 4 5 6 7 0 8 10 11 1 13 14 9
403 397 6 3 2 0 4 5 6 7 12 8 10 11 1 13 14 9
402 396 6 3 2 12 4 5 6 7 8 10 0 11 1 13 14 9
402 397 5 3 2 12 4 5 6 7 8 10 9 11 1 13 14 0
406 400 6 0 2 12 4 5 6 7 8 10 9 11 1 13 14 3
401 395 6 3 2 12 0 4 6 7 8 9 10 11 1 13 14 5
402 396 6 3 2 0 12 4 6 7 8 9 10 11 1 13 14 5
403 397 6 3 2 12 4 9 6 7 8 0 10 11 1 13 14 5
398 392 6 11 2 12 4 5 6 7 8 0 10 3 1 13 14 9
397 391 6 6 2 12 4 5 11 7 8 9 10 0 1 13 14 3
398 393 5 6 2 12 4 5 11 7 8 9 10 3 1 13 14 0
402 396 6 0 2 12 4 5 11 7 8 9 10 3 1 13 14 6
404 398 6 3 2 12 4 5 11 7 8 9 10 0 1 13 14 6
405 400 5 3 2 12 4 5 11 7 8 9 10 6 1 13 14 0
404 399 5 3 2 12 4 5 0 7 8 9 10 11 1 13 14 6
406 400 6 3 2 12 4 5 7 0 8 9 10 11 1 13 14 6
407 401 6 3 2 12 4 5 7 1 8 9 10 11 0 13 14 6
398 392 6 5 2 12 4 10 6 7 8 9 0 11 1 13 14 3
398 393 5 5 2 12 4 10 6 7 8 9 3 11 1 13 14 0
402 396 6 0 2 12 4 10 6 7 8 9 3 11 1 13 14 5
404 398 6 10 2 12 4 0 6 7 8 9 3 11 1 13 14 5
404 400 4 10 2 12 4 5 6 7 8 9 3 11 1 13 14 0
408 403 5 0 2 12 4 5 6 7 8 9 3 11 1 13 14 10
406 401 5 10 2 12 4 5 6 7 8 9 0 11 1 13 14 3
408 402 6 10 2 12 4 5 6 7 8 0 9 11 1 13 14 3
408 402 6 10 2 12 4 0 6 7 8 9 5 11 1 13 14 3
409 404 5 10 2 12 4 3 6 7 8 9 5 11 1 13 14 0
413 407 6 0 2 12 4 3 6 7 8 9 5 11 1 13 14 10
410 404 6 0 2 12 4 10 6 7 8 9 5 11 1 13 14 3
412 407 5 3 2 12 4 10 6 7 8 9 5 11 1 13 14 0
412 406 6 7 2 12 4 5 6 0 8 9 3 11 1 13 14 10
413 407 6 7 2 12 4 5 6 1 8 9 3 11 0 13 14 10
411 405 6 11 2 12 4 5 6 7 8 9 3 0 1 13 14 10
412 407 5 11 2 12 4 5 6 7 8 9 3 10 1 13 14 0
416 410 6 0 2 12 4 5 6 7 8 9 3 10 1 13 14 11
414 408 6 11 2 12 4 5 6 7 8 9 0 10 1 13 14 3
412 406 6 11 2 12 4 5 6 7 8 9 3 1 0 13 14 10
410 404 6 2 0 12 4 5 6 7 8 9 3 11 1 13 14 10
411 405 6 2 12 0 4 5 6 7 8 9 3 11 1 13 14 10
410 404 6 6 2 12 4 5 0 7 8 9 3 11 1 13 14 10
398 392 6 5 2 12 0 4 6 7 8 9 10 11 1 13 14 3
399 393 6 5 2 0 12 4 6 7 8 9 10 11 1 13 14 3
403 397 6 3 2 12 4 5 6 0 8 9 10 7 1 13 14 11
404 398 6 3 2 12 4 5 6 1 8 9 10 7 0 13 14 11
405 399 6 3 2 12 4 5 6 1 8 9 10 0 7 13 14 11
405 401 4 3 2 12 4 5 6 1 8 9 10 11 7 13 14 0
409 404 5 0 2 12 4 5 6 1 8 9 10 11 7 13 14 3
412 406 6 11 2 12 4 5 6 1 8 9 10 0 7 13 14 3
413 408 5 11 2 12 4 5 6 1 8 9 10 3 7 13 14 0
413 407 6 11 2 12 4 5 6 1 8 9 10 7 0 13 14 3
412 406 6 5 2 12 4 0 6 1 8 9 10 11 7 13 14 3
413 408 5 5 2 12 4 3 6 1 8 9 10 11 7 13 14 0
417 411 6 0 2 12 4 3 6 1 8 9 10 11 7 13 14 5
411 405 6 2 0 12 4 5 6 1 8 9 10 11 7 13 14 3
412 406 6 2 12 0 4 5 6 1 8 9 10 11 7 13 14 3
412 406 6 2 1 12 4 5 6 0 8 9 10 11 7 13 14 3
412 407 5 2 1 12 4 5 6 7 8 9 10 11 0 13 14 3
414 408 6 2 1 12 4 5 6 7 8 9 10 11 13 0 14 3
414 408 6 2 1 12 4 5 6 7 8 9 10 0 11 13 14 3
415 410 5 2 1 12 4 5 6 7 8 9 10 3 11 13 14 0
419 413 6 0 1 12 4 5 6 7 8 9 10 3 11 13 14 2
419 414 5 1 0 12 4 5 6 7 8 9 10 3 11 13 14 2
420 415 5 1 12 0 4 5 6 7 8 9 10 3 11 13 14 2
422 416 6 1 12 4 0 5 6 7 8 9 10 3 11 13 14 2
408 402 6 3 2 12 4 5 6 1 8 9 0 11 7 13 14 10
422 416 6 1 12 8 4 5 6 7 0 9 10 3 11 13 14 2
421 415 6 1 7 12 4 5 6 0 8 9 10 3 11 13 14 2
422 416 6 1 7 12 4 5 6 11 8 9 10 3 0 13 14 2
423 417 6 1 7 12 4 5 6 11 8 9 10 0 3 13 14 2
425 420 5 1 7 12 4 5 6 0 8 9 10 11 3 13 14 2
425 421 4 1 0 12 4 5 6 7 8 9 10 11 3 13 14 2
426 422 4 1 12 0 4 5 6 7 8 9 10 11 3 13 14 2
428 423 5 1 12 4 0 5 6 7 8 9 10 11 3 13 14 2
428 423 5 1 12 8 4 5 6 7 0 9 10 11 3 13 14 2
427 422 5 0 1 12 4 5 6 7 8 9 10 11 3 13 14 2
429 425 4 2 1 12 4 5 6 7 8 9 10 11 3 13 14 0
426 421 5 1 7 12 4 5 6 3 8 9 10 11 0 13 14 2
424 419 5 1 7 12 4 5 6 11 8 9 10 2 3 13 14 0
428 422 6 1 7 12 4 5 6 3 8 9 10 11 13 0 14 2
428 422 6 1 7 12 4 5 6 3 8 9 10 0 11 13 14 2
429 424 5 1 7 12 4 5 6 3 8 9 10 2 11 13 14 0
434 428 6 2 1 12 4 5 6 7 8 0 10 11 3 13 14 9
433 427 6 2 1 12 4 0 6 7 8 9 10 11 3 13 14 5
435 429 6 0 1 12 4 2 6 7 8 9 10 11 3 13 14 5
437 432 5 5 1 12 4 2 6 7 8 9 10 11 3 13 14 0
435 430 5 1 0 12 4 2 6 7 8 9 10 11 3 13 14 5
436 431 5 1 12 0 4 2 6 7 8 9 10 11 3 13 14 5
438 432 6 1 12 4 0 2 6 7 8 9 10 11 3 13 14 5
439 433 6 1 12 4 2 0 6 7 8 9 10 11 3 13 14 5
439 435 4 1 12 4 2 5 6 7 8 9 10 11 3 13 14 0
444 438 6 1 12 4 2 5 6 7 8 0 10 11 3 13 14 9
445 439 6 1 12 4 0 5 6 7 8 2 10 11 3 13 14 9
445 440 5 1 12 0 4 5 6 7 8 2 10 11 3 13 14 9
446 441 5 1 0 12 4 5 6 7 8 2 10 11 3 13 14 9
448 442 6 0 1 12 4 5 6 7 8 2 10 11 3 13 14 9
450 445 5 9 1 12 4 5 6 7 8 2 10 11 3 13 14 0
454 448 6 9 1 12 4 5 6 7 8 0 10 11 3 13 14 2
448 442 6 1 7 12 4 5 6 0 8 2 10 11 3 13 14 9
449 443 6 1 7 12 4 5 6 3 8 2 10 11 0 13 14 9
447 441 6 1 12 8 4 5 6 7 0 2 10 11 3 13 14 9
448 442 6 1 12 8 4 5 6 7 2 0 10 11 3 13 14 9
444 438 6 0 12 4 2 5 6 7 8 9 10 11 3 13 14 1
445 439 6 12 0 4 2 5 6 7 8 9 10 11 3 13 14 1
446 440 6 12 4 0 2 5 6 7 8 9 10 11 3 13 14 1
447 441 6 12 4 2 0 5 6 7 8 9 10 11 3 13 14 1
430 424 6 1 12 8 4 5 6 7 9 0 10 11 3 13 14 2
431 425 6 7 1 12 4 5 6 0 8 9 10 11 3 13 14 2
432 426 6 7 1 12 4 5 6 3 8 9 10 11 0 13 14 2
432 426 6 7 0 12 4 5 6 1 8 9 10 11 3 13 14 2
433 427 6 7 12 0 4 5 6 1 8 9 10 11 3 13 14 2
433 427 6 0 7 12 4 5 6 1 8 9 10 11 3 13 14 2
435 430 5 2 7 12 4 5 6 1 8 9 10 11 3 13 14 0
409 403 6 3 2 12 4 0 6 1 8 9 10 11 7 13 14 5
430 424 6 11 1 12 4 5 6 7 8 9 10 0 3 13 14 2
431 426 5 11 1 12 4 5 6 7 8 9 10 2 3 13 14 0
435 429 6 0 1 12 4 5 6 7 8 9 10 2 3 13 14 11
435 430 5 1 0 12 4 5 6 7 8 9 10 2 3 13 14 11
436 431 5 1 12 0 4 5 6 7 8 9 10 2 3 13 14 11
438 432 6 1 12 4 0 5 6 7 8 9 10 2 3 13 14 11
438 432 6 1 12 8 4 5 6 7 0 9 10 2 3 13 14 11
437 431 6 1 7 12 4 5 6 0 8 9 10 2 3 13 14 11
438 432 6 1 7 12 4 5 6 3 8 9 10 2 0 13 14 11
439 433 6 1 7 12 4 5 6 3 8 9 10 0 2 13 14 11
439 435 4 1 7 12 4 5 6 3 8 9 10 11 2 13 14 0
444 438 6 1 7 12 4 5 6 3 8 0 10 11 2 13 14 9
444 438 6 0 7 12 4 5 6 3 8 9 10 11 2 13 14 1
447 441 6 3 7 12 4 5 6 0 8 9 10 11 2 13 14 1
447 442 5 3 0 12 4 5 6 7 8 9 10 11 2 13 14 1
448 443 5 3 12 0 4 5 6 7 8 9 10 11 2 13 14 1
448 443 5 0 3 12 4 5 6 7 8 9 10 11 2 13 14 1
449 446 3 1 3 12 4 5 6 7 8 9 10 11 2 13 14 0
454 449 5 1 3 12 4 5 6 7 8 0 10 11 2 13 14 9
453 448 5 1 3 12 4 0 6 7 8 9 10 11 2 13 14 5
453 448 5 1 3 12 4 5 6 7 8 9 10 0 2 13 14 11
454 449 5 1 3 12 4 5 6 7 8 9 10 2 0 13 14 11
452 447 5 1 3 12 4 5 6 7 8 9 10 11 2 13 0 14
452 447 5 1 3 12 4 5 6 7 8 9 0 11 2 13 14 10
454 448 6 1 3 12 4 5 6 7 8 0 9 11 2 13 14 10
454 448 6 1 3 12 4 0 6 7 8 9 5 11 2 13 14 10
455 450 5 1 3 12 4 10 6 7 8 9 5 11 2 13 14 0
456 450 6 1 3 12 4 5 6 7 8 14 10 11 2 13 0 9
456 451 5 1 3 12 4 5 6 7 8 14 10 11 2 13 9 0
427 421 6 1 7 12 4 5 6 8 0 9 10 11 3 13 14 2
428 422 6 1 7 0 4 5 6 8 12 9 10 11 3 13 14 2
429 423 6 1 0 7 4 5 6 8 12 9 10 11 3 13 14 2
430 424 6 1 8 7 4 5 6 0 12 9 10 11 3 13 14 2
431 425 6 1 8 7 4 5 6 12 0 9 10 11 3 13 14 2
432 426 6 1 8 0 4 5 6 12 7 9 10 11 3 13 14 2
433 427 6 1 0 8 4 5 6 12 7 9 10 11 3 13 14 2
431 425 6 1 8 7 4 5 6 3 12 9 10 11 0 13 14 2
416 410 6 0 1 12 4 5 6 7 8 9 10 2 11 13 14 3
418 413 5 3 1 12 4 5 6 7 8 9 10 2 11 13 14 0
416 411 5 1 0 12 4 5 6 7 8 9 10 2 11 13 14 3
417 412 5 1 12 0 4 5 6 7 8 9 10 2 11 13 14 3
419 413 6 1 12 4 0 5 6 7 8 9 10 2 11 13 14 3
419 413 6 1 12 8 4 5 6 7 0 9 10 2 11 13 14 3
418 412 6 1 7 12 4 5 6 0 8 9 10 2 11 13 14 3
419 413 6 1 7 12 4 5 6 11 8 9 10 2 0 13 14 3
420 414 6 1 7 12 4 5 6 11 8 9 10 0 2 13 14 3
422 417 5 1 7 12 4 5 6 0 8 9 10 11 2 13 14 3
422 418 4 1 0 12 4 5 6 7 8 9 10 11 2 13 14 3
423 419 4 1 12 0 4 5 6 7 8 9 10 11 2 13 14 3
425 420 5 1 12 4 0 5 6 7 8 9 10 11 2 13 14 3
425 420 5 1 12 8 4 5 6 7 0 9 10 11 2 13 14 3
424 419 5 0 1 12 4 5 6 7 8 9 10 11 2 13 14 3
426 422 4 3 1 12 4 5 6 7 8 9 10 11 2 13 14 0
423 418 5 1 7 12 4 5 6 2 8 9 10 11 0 13 14 3
421 416 5 1 7 12 4 5 6 11 8 9 10 3 2 13 14 0
427 421 6 11 1 12 4 5 6 7 8 9 10 0 2 13 14 3
428 423 5 11 1 12 4 5 6 7 8 9 10 3 2 13 14 0
432 426 6 0 1 12 4 5 6 7 8 9 10 3 2 13 14 11
432 427 5 1 0 12 4 5 6 7 8 9 10 3 2 13 14 11
433 428 5 1 12 0 4 5 6 7 8 9 10 3 2 13 14 11
435 429 6 1 12 4 0 5 6 7 8 9 10 3 2 13 14 11
448 442 6 3 7 12 4 5 6 2 8 9 10 11 0 13 14 1
435 429 6 1 12 8 4 5 6 7 0 9 10 3 2 13 14 11
428 422 6 11 1 12 4 5 6 7 8 9 10 2 0 13 14 3
450 444 6 6 3 12 4 5 0 7 8 9 10 11 2 13 14 1
408 402 6 3 2 12 4 5 6 1 8 9 10 11 7 13 0 14
450 444 6 3 12 4 0 5 6 7 8 9 10 11 2 13 14 1
425 419 6 1 7 12 4 5 6 2 8 9 10 11 13 0 14 3
450 444 6 3 12 8 4 5 6 7 0 9 10 11 2 13 14 1
427 421 6 1 12 8 4 5 6 7 9 0 10 11 2 13 14 3
456 450 6 0 3 12 4 1 6 7 8 9 10 11 2 13 14 5
458 453 5 5 3 12 4 1 6 7 8 9 10 11 2 13 14 0
457 451 6 3 0 12 4 1 6 7 8 9 10 11 2 13 14 5
458 452 6 3 12 0 4 1 6 7 8 9 10 11 2 13 14 5
455 449 6 1 3 12 0 4 6 7 8 9 10 11 2 13 14 5
456 450 6 1 3 0 12 4 6 7 8 9 10 11 2 13 14 5
456 451 5 1 0 3 12 4 6 7 8 9 10 11 2 13 14 5
458 452 6 0 1 3 12 4 6 7 8 9 10 11 2 13 14 5
460 455 5 5 1 3 12 4 6 7 8 9 10 11 2 13 14 0
463 457 6 5 1 3 12 0 6 7 8 9 10 11 2 13 14 4
464 459 5 0 1 3 12 5 6 7 8 9 10 11 2 13 14 4
466 462 4 4 1 3 12 5 6 7 8 9 10 11 2 13 14 0
464 460 4 1 0 3 12 5 6 7 8 9 10 11 2 13 14 4
466 461 5 1 3 0 12 5 6 7 8 9 10 11 2 13 14 4
467 462 5 1 3 12 0 5 6 7 8 9 10 11 2 13 14 4
466 461 5 1 7 3 12 5 6 0 8 9 10 11 2 13 14 4
467 462 5 1 7 3 12 5 6 2 8 9 10 11 0 13 14 4
469 463 6 1 7 3 12 5 6 2 8 9 10 11 13 0 14 4
469 463 6 1 7 3 12 5 6 2 8 9 10 0 11 13 14 4
470 465 5 1 7 3 12 5 6 2 8 9 10 4 11 13 14 0
472 466 6 1 7 3 12 5 6 0 8 9 10 2 11 13 14 4
472 467 5 1 0 3 12 5 6 7 8 9 10 2 11 13 14 4
474 468 6 1 3 0 12 5 6 7 8 9 10 2 11 13 14 4
475 469 6 1 3 12 0 5 6 7 8 9 10 2 11 13 14 4
469 463 6 1 3 12 5 0 6 7 8 9 10 11 2 13 14 4
470 465 5 1 3 12 5 4 6 7 8 9 10 11 2 13 14 0
474 468 6 0 1 3 12 5 6 7 8 9 10 2 11 13 14 4
476 471 5 4 1 3 12 5 6 7 8 9 10 2 11 13 14 0
479 473 6 4 1 3 12 5 6 7 8 9 10 0 11 13 14 2
479 474 5 4 1 3 12 5 6 7 8 9 10 11 0 13 14 2
481 475 6 4 1 3 12 5 6 7 8 9 10 11 13 0 14 2
481 475 6 4 1 3 12 5 6 0 8 9 10 11 7 13 14 2
482 476 6 4 0 3 12 5 6 1 8 9 10 11 7 13 14 2
483 477 6 0 4 3 12 5 6 1 8 9 10 11 7 13 14 2
485 480 5 1 4 3 12 5 6 0 8 9 10 11 7 13 14 2
485 481 4 1 4 3 12 5 6 7 8 9 10 11 0 13 14 2
487 482 5 1 4 3 12 5 6 7 8 9 10 11 13 0 14 2
487 482 5 1 4 3 12 5 6 7 8 9 10 0 11 13 14 2
488 484 4 1 4 3 12 5 6 7 8 9 10 2 11 13 14 0
486 481 5 1 0 3 12 5 6 4 8 9 10 11 7 13 14 2
485 480 5 2 4 3 12 5 6 1 8 9 10 11 7 13 14 0
488 482 6 1 3 0 12 5 6 4 8 9 10 11 7 13 14 2
489 483 6 1 3 12 0 5 6 4 8 9 10 11 7 13 14 2
488 482 6 0 1 3 12 5 6 4 8 9 10 11 7 13 14 2
490 485 5 2 1 3 12 5 6 4 8 9 10 11 7 13 14 0
493 487 6 1 4 3 12 5 6 7 8 0 10 2 11 13 14 9
494 488 6 1 4 3 0 5 6 7 8 12 10 2 11 13 14 9
456 450 6 1 3 12 4 5 6 0 8 9 10 2 7 13 14 11
457 451 6 1 0 12 4 5 6 3 8 9 10 2 7 13 14 11
458 452 6 1 12 0 4 5 6 3 8 9 10 2 7 13 14 11
434 428 6 1 7 12 4 5 6 0 8 9 10 3 2 13 14 11
435 429 6 1 7 12 4 5 6 2 8 9 10 3 0 13 14 11
436 430 6 1 7 12 4 5 6 2 8 9 10 0 3 13 14 11
436 432 4 1 7 12 4 5 6 2 8 9 10 11 3 13 14 0
441 435 6 1 7 12 4 5 6 2 8 0 10 11 3 13 14 9
441 435 6 0 7 12 4 5 6 2 8 9 10 11 3 13 14 1
440 434 6 1 7 12 4 0 6 2 8 9 10 11 3 13 14 5
439 433 6 1 7 12 4 5 6 2 8 9 10 11 3 13 0 14
433 427 6 2 1 12 4 5 6 7 8 9 10 0 3 13 14 11
434 428 6 2 1 12 4 5 6 7 8 9 10 3 0 13 14 11
425 419 6 1 7 12 4 5 6 2 8 9 10 0 11 13 14 3
426 421 5 1 7 12 4 5 6 2 8 9 10 3 11 13 14 0
445 439 6 7 0 12 4 5 6 3 8 9 10 11 2 13 14 1
446 440 6 7 12 0 4 5 6 3 8 9 10 11 2 13 14 1
431 425 6 3 1 12 4 5 6 7 8 0 10 11 2 13 14 9
457 451 6 1 3 12 4 9 6 7 8 0 10 11 2 13 14 5
456 450 6 1 3 12 4 5 6 7 8 10 0 11 2 13 14 9
456 451 5 1 3 12 4 5 6 7 8 10 9 11 2 13 14 0
451 445 6 5 3 12 4 0 6 7 8 9 10 11 2 13 14 1
456 450 6 1 3 12 4 5 6 7 0 8 10 11 2 13 14 9
457 451 6 1 3 0 4 5 6 7 12 8 10 11 2 13 14 9
457 452 5 1 0 3 4 5 6 7 12 8 10 11 2 13 14 9
459 453 6 0 1 3 4 5 6 7 12 8 10 11 2 13 14 9
461 456 5 9 1 3 4 5 6 7 12 8 10 11 2 13 14 0
465 459 6 9 1 3 4 5 6 7 12 0 10 11 2 13 14 8
466 460 6 9 1 3 4 5 6 7 0 12 10 11 2 13 14 8
459 453 6 1 7 3 4 5 6 0 12 8 10 11 2 13 14 9
460 454 6 1 7 3 4 5 6 12 0 8 10 11 2 13 14 9
460 455 5 1 7 3 4 5 6 12 8 0 10 11 2 13 14 9
462 456 6 1 7 3 4 5 6 12 8 10 0 11 2 13 14 9
462 457 5 1 7 3 4 5 6 12 8 10 9 11 2 13 14 0
466 460 6 1 7 3 4 5 6 12 8 0 9 11 2 13 14 10
466 461 5 1 7 3 4 5 6 12 8 9 0 11 2 13 14 10
465 462 3 1 7 3 4 5 6 12 8 9 10 11 2 13 14 0
470 465 5 0 7 3 4 5 6 12 8 9 10 11 2 13 14 1
473 468 5 12 7 3 4 5 6 0 8 9 10 11 2 13 14 1
473 469 4 12 0 3 4 5 6 7 8 9 10 11 2 13 14 1
474 470 4 0 12 3 4 5 6 7 8 9 10 11 2 13 14 1
475 473 2 1 12 3 4 5 6 7 8 9 10 11 2 13 14 0
480 476 4 1 12 3 4 5 6 7 8 0 10 11 2 13 14 9
479 475 4 1 12 3 4 0 6 7 8 9 10 11 2 13 14 5
479 475 4 1 12 3 4 5 6 7 8 9 10 0 2 13 14 11
480 476 4 1 12 3 4 5 6 7 8 9 10 2 0 13 14 11
478 474 4 1 12 3 4 5 6 7 8 9 10 11 2 13 0 14
478 474 4 1 12 3 4 5 6 7 8 9 0 11 2 13 14 10
480 475 5 1 12 3 4 5 6 7 8 0 9 11 2 13 14 10
480 475 5 1 12 3 4 0 6 7 8 9 5 11 2 13 14 10
481 477 4 1 12 3 4 10 6 7 8 9 5 11 2 13 14 0
482 477 5 1 12 3 4 5 6 7 8 14 10 11 2 13 0 9
482 478 4 1 12 3 4 5 6 7 8 14 10 11 2 13 9 0
480 475 5 1 12 3 4 5 6 7 8 9 10 11 2 0 13 14
481 476 5 1 12 3 4 5 6 7 8 9 10 11 0 2 13 14
480 475 5 1 12 3 4 5 6 7 8 0 10 11 2 13 9 14
481 476 5 1 12 3 0 4 6 7 8 9 10 11 2 13 14 5
468 463 5 1 7 3 4 5 6 12 8 9 10 11 2 13 0 14
471 466 5 7 0 3 4 5 6 12 8 9 10 11 2 13 14 1
481 476 5 1 12 3 4 10 6 7 8 9 0 11 2 13 14 5
472 467 5 7 12 3 4 5 6 0 8 9 10 11 2 13 14 1
473 468 5 7 12 3 4 5 6 2 8 9 10 11 0 13 14 1
476 471 5 6 12 3 4 5 0 7 8 9 10 11 2 13 14 1
477 472 5 11 12 3 4 5 6 7 8 9 10 0 2 13 14 1
478 474 4 11 12 3 4 5 6 7 8 9 10 1 2 13 14 0
478 473 5 11 12 3 4 5 6 7 8 9 10 2 0 13 14 1
477 472 5 5 12 3 4 0 6 7 8 9 10 11 2 13 14 1
478 474 4 5 12 3 4 1 6 7 8 9 10 11 2 13 14 0
475 470 5 12 3 0 4 5 6 7 8 9 10 11 2 13 14 1
482 477 5 1 12 3 4 5 6 7 8 10 0 11 2 13 14 9
482 478 4 1 12 3 4 5 6 7 8 10 9 11 2 13 14 0
482 477 5 1 12 3 4 5 6 7 0 8 10 11 2 13 14 9
482 477 5 1 12 3 0 5 6 7 8 4 10 11 2 13 14 9
482 477 5 0 12 3 4 1 6 7 8 9 10 11 2 13 14 5
483 478 5 12 0 3 4 1 6 7 8 9 10 11 2 13 14 5
483 478 5 1 12 3 4 0 6 7 8 9 10 5 2 13 14 11
484 480 4 1 12 3 4 11 6 7 8 9 10 5 2 13 14 0
482 477 5 0 12 3 4 5 6 7 8 9 10 1 2 13 14 11
483 478 5 12 0 3 4 5 6 7 8 9 10 1 2 13 14 11
483 478 5 1 12 3 4 11 6 7 8 9 10 0 2 13 14 5
484 479 5 1 12 3 4 11 6 7 8 9 10 2 0 13 14 5
483 478 5 1 12 3 4 5 6 0 8 9 10 7 2 13 14 11
484 479 5 1 12 3 4 5 6 2 8 9 10 7 0 13 14 11
485 480 5 1 12 3 4 5 6 2 8 9 10 0 7 13 14 11
485 482 3 1 12 3 4 5 6 2 8 9 10 11 7 13 14 0
490 485 5 1 12 3 4 5 6 2 8 0 10 11 7 13 14 9
490 485 5 0 12 3 4 5 6 2 8 9 10 11 7 13 14 1
493 488 5 2 12 3 4 5 6 0 8 9 10 11 7 13 14 1
493 489 4 2 12 3 4 5 6 7 8 9 10 11 0 13 14 1
495 490 5 2 12 3 4 5 6 7 8 9 10 11 13 0 14 1
495 490 5 2 12 3 4 5 6 7 8 9 10 0 11 13 14 1
496 492 4 2 12 3 4 5 6 7 8 9 10 1 11 13 14 0
500 495 5 0 12 3 4 5 6 7 8 9 10 1 11 13 14 2
501 497 4 1 12 3 4 5 6 7 8 9 10 0 11 13 14 2
502 499 3 1 12 3 4 5 6 7 8 9 10 2 11 13 14 0
501 498 3 1 12 3 4 5 6 7 8 9 10 11 0 13 14 2
503 499 4 1 12 3 4 5 6 7 8 9 10 11 13 0 14 2
503 499 4 1 12 3 4 5 6 0 8 9 10 11 7 13 14 2
504 500 4 1 0 3 4 5 6 12 8 9 10 11 7 13 14 2
506 501 5 1 3 0 4 5 6 12 8 9 10 11 7 13 14 2
506 501 5 0 1 3 4 5 6 12 8 9 10 11 7 13 14 2
508 504 4 2 1 3 4 5 6 12 8 9 10 11 7 13 14 0
509 504 5 12 1 3 4 5 6 0 8 9 10 11 7 13 14 2
509 505 4 12 1 3 4 5 6 7 8 9 10 11 0 13 14 2
511 506 5 12 1 3 4 5 6 7 8 9 10 11 13 0 14 2
511 506 5 12 1 3 4 5 6 7 8 9 10 0 11 13 14 2
512 508 4 12 1 3 4 5 6 7 8 9 10 2 11 13 14 0
516 511 5 0 1 3 4 5 6 7 8 9 10 2 11 13 14 12
516 512 4 1 0 3 4 5 6 7 8 9 10 2 11 13 14 12
518 513 5 1 3 0 4 5 6 7 8 9 10 2 11 13 14 12
518 513 5 1 7 3 4 5 6 0 8 9 10 2 11 13 14 12
519 514 5 1 7 3 4 5 6 11 8 9 10 2 0 13 14 12
520 515 5 1 7 3 4 5 6 11 8 9 10 0 2 13 14 12
522 518 4 1 7 3 4 5 6 0 8 9 10 11 2 13 14 12
522 519 3 1 0 3 4 5 6 7 8 9 10 11 2 13 14 12
524 520 4 1 3 0 4 5 6 7 8 9 10 11 2 13 14 12
524 520 4 0 1 3 4 5 6 7 8 9 10 11 2 13 14 12
526 523 3 12 1 3 4 5 6 7 8 9 10 11 2 13 14 0
523 519 4 1 7 3 4 5 6 2 8 9 10 11 0 13 14 12
521 517 4 1 7 3 4 5 6 11 8 9 10 12 2 13 14 0
501 496 5 12 0 3 4 5 6 7 8 9 10 1 11 13 14 2
525 520 5 1 7 3 4 5 6 2 8 9 10 11 13 0 14 12
525 520 5 1 7 3 4 5 6 2 8 9 10 0 11 13 14 12
526 522 4 1 7 3 4 5 6 2 8 9 10 12 11 13 14 0
531 526 5 12 1 3 4 5 6 7 8 0 10 11 2 13 14 9
530 525 5 12 1 3 4 0 6 7 8 9 10 11 2 13 14 5
532 527 5 0 1 3 4 12 6 7 8 9 10 11 2 13 14 5
534 530 4 5 1 3 4 12 6 7 8 9 10 11 2 13 14 0
532 528 4 1 0 3 4 12 6 7 8 9 10 11 2 13 14 5
534 529 5 1 3 0 4 12 6 7 8 9 10 11 2 13 14 5
534 529 5 1 7 3 4 12 6 0 8 9 10 11 2 13 14 5
535 530 5 1 7 3 4 12 6 2 8 9 10 11 0 13 14 5
506 501 5 1 12 3 4 0 6 7 8 9 10 2 11 13 14 5
509 504 5 1 12 3 4 2 6 7 8 9 10 0 11 13 14 5
510 506 4 1 12 3 4 2 6 7 8 9 10 5 11 13 14 0
509 505 4 1 12 3 4 2 6 7 8 9 10 11 0 13 14 5
511 506 5 1 12 3 4 2 6 7 8 9 10 11 13 0 14 5
511 506 5 1 12 3 4 2 6 0 8 9 10 11 7 13 14 5
512 507 5 1 0 3 4 2 6 12 8 9 10 11 7 13 14 5
505 500 5 1 12 3 4 5 6 7 0 9 10 11 13 8 14 2
503 498 5 1 12 3 4 5 0 7 8 9 10 6 11 13 14 2
505 500 5 1 12 3 4 5 6 8 0 9 10 11 7 13 14 2
494 489 5 2 0 3 4 5 6 12 8 9 10 11 7 13 14 1
494 490 4 0 2 3 4 5 6 12 8 9 10 11 7 13 14 1
495 493 2 1 2 3 4 5 6 12 8 9 10 11 7 13 14 0
500 496 4 1 2 3 4 5 6 12 8 0 10 11 7 13 14 9
499 495 4 1 2 3 4 0 6 12 8 9 10 11 7 13 14 5
499 495 4 1 2 3 4 5 6 12 8 9 10 0 7 13 14 11
502 498 4 1 2 3 4 5 6 0 8 9 10 12 7 13 14 11
502 499 3 1 2 3 4 5 6 7 8 9 10 12 0 13 14 11
502 500 2 1 2 3 4 5 6 7 8 9 10 0 12 13 14 11
502 502 0 1 2 3 4 5 6 7 8 9 10 11 12 13 14 0
