0 0 0 5 11 0 6 14 3 12 4 7 13 10 1 9 8 2
15 1 14 5 11 6 0 14 3 12 4 7 13 10 1 9 8 2
16 2 14 5 11 6 14 0 3 12 4 7 13 10 1 9 8 2
17 4 13 5 11 6 14 2 3 12 4 7 13 10 1 9 8 0
16 3 13 5 11 6 14 13 3 12 4 7 0 10 1 9 8 2
16 4 12 5 11 6 14 13 3 12 4 7 2 10 1 9 8 0
20 7 13 5 11 6 14 13 3 12 4 0 2 10 1 9 8 7
21 8 13 5 11 6 14 13 3 12 4 2 0 10 1 9 8 7
21 9 12 5 11 6 14 13 3 12 4 2 7 10 1 9 8 0
25 12 13 0 11 6 14 13 3 12 4 2 7 10 1 9 8 5
28 15 13 12 11 6 14 13 3 0 4 2 7 10 1 9 8 5
29 16 13 12 11 6 14 13 3 4 0 2 7 10 1 9 8 5
30 17 13 12 11 6 14 13 3 4 2 0 7 10 1 9 8 5
31 18 13 12 11 6 14 13 3 4 2 7 0 10 1 9 8 5
31 19 12 12 11 6 14 13 3 4 2 7 5 10 1 9 8 0
35 22 13 12 11 6 14 13 3 4 2 0 5 10 1 9 8 7
36 23 13 12 11 6 14 13 3 4 2 5 0 10 1 9 8 7
36 24 12 12 11 6 14 13 3 4 2 5 7 10 1 9 8 0
40 27 13 0 11 6 14 13 3 4 2 5 7 10 1 9 8 12
43 30 13 4 11 6 14 13 3 0 2 5 7 10 1 9 8 12
44 31 13 4 11 6 14 13 3 2 0 5 7 10 1 9 8 12
45 32 13 4 11 6 14 13 3 2 5 0 7 10 1 9 8 12
46 33 13 4 11 6 14 13 3 2 5 7 0 10 1 9 8 12
46 34 12 4 11 6 14 13 3 2 5 7 12 10 1 9 8 0
50 37 13 4 11 6 14 13 3 2 5 0 12 10 1 9 8 7
51 38 13 4 11 6 14 13 3 2 5 12 0 10 1 9 8 7
51 39 12 4 11 6 14 13 3 2 5 12 7 10 1 9 8 0
55 42 13 0 11 6 14 13 3 2 5 12 7 10 1 9 8 4
58 45 13 2 11 6 14 13 3 0 5 12 7 10 1 9 8 4
58 46 12 2 11 6 14 13 3 5 0 12 7 10 1 9 8 4
59 47 12 2 11 6 14 13 3 5 12 0 7 10 1 9 8 4
60 48 12 2 11 6 14 13 3 5 12 7 0 10 1 9 8 4
60 49 11 2 11 6 14 13 3 5 12 7 4 10 1 9 8 0
64 52 12 2 11 6 14 13 3 5 12 0 4 10 1 9 8 7
65 53 12 2 11 6 14 13 3 5 12 4 0 10 1 9 8 7
65 54 11 2 11 6 14 13 3 5 12 4 7 10 1 9 8 0
69 57 12 0 11 6 14 13 3 5 12 4 7 10 1 9 8 2
71 59 12 10 11 6 14 13 3 5 12 4 7 0 1 9 8 2
72 61 11 10 11 6 14 13 3 5 12 4 7 2 1 9 8 0
71 60 11 10 11 6 14 13 0 5 12 4 7 3 1 9 8 2
73 61 12 10 11 6 14 13 5 0 12 4 7 3 1 9 8 2
74 62 12 10 11 6 14 13 5 12 0 4 7 3 1 9 8 2
75 63 12 10 11 6 14 13 5 12 4 0 7 3 1 9 8 2
76 64 12 10 11 6 14 13 5 12 4 7 0 3 1 9 8 2
76 65 11 10 11 6 14 13 5 12 4 7 2 3 1 9 8 0
80 68 12 10 11 6 14 13 5 12 4 0 2 3 1 9 8 7
81 69 12 10 11 6 14 13 5 12 4 2 0 3 1 9 8 7
81 70 11 10 11 6 14 13 5 12 4 2 7 3 1 9 8 0
85 73 12 0 11 6 14 13 5 12 4 2 7 3 1 9 8 10
88 76 12 12 11 6 14 13 5 0 4 2 7 3 1 9 8 10
88 77 11 12 11 6 14 13 0 5 4 2 7 3 1 9 8 10
90 78 12 12 11 6 14 13 3 5 4 2 7 0 1 9 8 10
91 80 11 12 11 6 14 13 3 5 4 2 7 10 1 9 8 0
95 83 12 12 11 6 14 13 3 5 4 0 7 10 1 9 8 2
96 84 12 12 11 6 14 13 3 5 4 7 0 10 1 9 8 2
96 85 11 12 11 6 14 13 3 5 4 7 2 10 1 9 8 0
100 88 12 12 11 6 14 13 3 5 4 0 2 10 1 9 8 7
101 89 12 12 11 6 14 13 3 5 0 4 2 10 1 9 8 7
102 90 12 12 11 0 14 13 3 5 6 4 2 10 1 9 8 7
103 91 12 12 11 14 0 13 3 5 6 4 2 10 1 9 8 7
104 92 12 12 11 14 4 13 3 5 6 0 2 10 1 9 8 7
105 93 12 12 11 14 4 13 3 5 6 2 0 10 1 9 8 7
105 94 11 12 11 14 4 13 3 5 6 2 7 10 1 9 8 0
109 97 12 12 11 14 4 13 3 5 6 0 7 10 1 9 8 2
110 98 12 12 11 14 4 13 3 5 6 7 0 10 1 9 8 2
110 99 11 12 11 14 4 13 3 5 6 7 2 10 1 9 8 0
114 102 12 0 11 14 4 13 3 5 6 7 2 10 1 9 8 12
116 104 12 10 11 14 4 13 3 5 6 7 2 0 1 9 8 12
117 106 11 10 11 14 4 13 3 5 6 7 2 12 1 9 8 0
116 105 11 10 11 14 4 13 0 5 6 7 2 3 1 9 8 12
118 106 12 10 11 14 4 13 5 0 6 7 2 3 1 9 8 12
119 107 12 10 11 14 4 13 5 6 0 7 2 3 1 9 8 12
120 108 12 10 11 14 4 13 5 6 7 0 2 3 1 9 8 12
121 109 12 10 11 14 4 13 5 6 7 2 0 3 1 9 8 12
121 110 11 10 11 14 4 13 5 6 7 2 12 3 1 9 8 0
125 113 12 10 11 14 4 13 5 6 7 0 12 3 1 9 8 2
126 114 12 10 11 14 4 13 5 6 7 12 0 3 1 9 8 2
126 115 11 10 11 14 4 13 5 6 7 12 2 3 1 9 8 0
130 118 12 0 11 14 4 13 5 6 7 12 2 3 1 9 8 10
133 121 12 6 11 14 4 13 5 0 7 12 2 3 1 9 8 10
133 122 11 6 11 14 4 13 0 5 7 12 2 3 1 9 8 10
135 123 12 6 11 14 4 13 3 5 7 12 2 0 1 9 8 10
136 125 11 6 11 14 4 13 3 5 7 12 2 10 1 9 8 0
140 128 12 6 11 14 4 13 3 5 7 0 2 10 1 9 8 12
141 129 12 6 11 14 4 13 3 5 7 2 0 10 1 9 8 12
141 130 11 6 11 14 4 13 3 5 7 2 12 10 1 9 8 0
145 133 12 6 11 14 4 13 3 5 7 0 12 10 1 9 8 2
146 134 12 6 11 14 4 13 3 5 0 7 12 10 1 9 8 2
147 135 12 6 11 0 4 13 3 5 14 7 12 10 1 9 8 2
148 136 12 6 11 4 0 13 3 5 14 7 12 10 1 9 8 2
149 137 12 6 11 4 7 13 3 5 14 0 12 10 1 9 8 2
150 138 12 6 11 4 7 13 3 5 14 12 0 10 1 9 8 2
150 139 11 6 11 4 7 13 3 5 14 12 2 10 1 9 8 0
154 142 12 6 11 4 7 13 3 5 14 0 2 10 1 9 8 12
155 143 12 6 11 4 7 13 3 5 14 2 0 10 1 9 8 12
155 144 11 6 11 4 7 13 3 5 14 2 12 10 1 9 8 0
159 147 12 0 11 4 7 13 3 5 14 2 12 10 1 9 8 6
161 149 12 10 11 4 7 13 3 5 14 2 12 0 1 9 8 6
162 151 11 10 11 4 7 13 3 5 14 2 12 6 1 9 8 0
161 150 11 10 11 4 7 13 0 5 14 2 12 3 1 9 8 6
163 151 12 10 11 4 7 13 5 0 14 2 12 3 1 9 8 6
164 152 12 10 11 4 7 13 5 14 0 2 12 3 1 9 8 6
165 153 12 10 11 4 7 13 5 14 2 0 12 3 1 9 8 6
166 154 12 10 11 4 7 13 5 14 2 12 0 3 1 9 8 6
166 155 11 10 11 4 7 13 5 14 2 12 6 3 1 9 8 0
170 158 12 10 11 4 7 13 5 14 2 0 6 3 1 9 8 12
171 159 12 10 11 4 7 13 5 14 2 6 0 3 1 9 8 12
171 160 11 10 11 4 7 13 5 14 2 6 12 3 1 9 8 0
175 163 12 0 11 4 7 13 5 14 2 6 12 3 1 9 8 10
178 166 12 14 11 4 7 13 5 0 2 6 12 3 1 9 8 10
178 167 11 14 11 4 7 13 0 5 2 6 12 3 1 9 8 10
180 168 12 14 11 4 7 13 3 5 2 6 12 0 1 9 8 10
181 170 11 14 11 4 7 13 3 5 2 6 12 10 1 9 8 0
185 173 12 14 11 4 7 13 3 5 2 0 12 10 1 9 8 6
186 174 12 14 11 4 7 13 3 5 2 12 0 10 1 9 8 6
186 175 11 14 11 4 7 13 3 5 2 12 6 10 1 9 8 0
190 178 12 14 11 4 7 13 3 5 2 0 6 10 1 9 8 12
191 179 12 14 11 4 7 13 3 5 0 2 6 10 1 9 8 12
192 180 12 14 11 0 7 13 3 5 4 2 6 10 1 9 8 12
192 181 11 14 11 7 0 13 3 5 4 2 6 10 1 9 8 12
193 182 11 14 11 7 2 13 3 5 4 0 6 10 1 9 8 12
194 183 11 14 11 7 2 13 3 5 4 6 0 10 1 9 8 12
194 184 10 14 11 7 2 13 3 5 4 6 12 10 1 9 8 0
198 187 11 14 11 7 2 13 3 5 4 0 12 10 1 9 8 6
199 188 11 14 11 7 2 13 3 5 4 12 0 10 1 9 8 6
199 189 10 14 11 7 2 13 3 5 4 12 6 10 1 9 8 0
203 192 11 0 11 7 2 13 3 5 4 12 6 10 1 9 8 14
205 194 11 10 11 7 2 13 3 5 4 12 6 0 1 9 8 14
206 196 10 10 11 7 2 13 3 5 4 12 6 14 1 9 8 0
205 195 10 10 11 7 2 13 0 5 4 12 6 3 1 9 8 14
207 196 11 10 11 7 2 13 5 0 4 12 6 3 1 9 8 14
208 197 11 10 11 7 2 13 5 4 0 12 6 3 1 9 8 14
209 198 11 10 11 7 2 13 5 4 12 0 6 3 1 9 8 14
210 199 11 10 11 7 2 13 5 4 12 6 0 3 1 9 8 14
209 200 9 10 11 7 2 13 5 4 12 6 14 3 1 9 8 0
213 203 10 10 11 7 2 13 5 4 12 0 14 3 1 9 8 6
214 204 10 10 11 7 2 13 5 4 0 12 14 3 1 9 8 6
215 205 10 10 11 7 2 13 5 0 4 12 14 3 1 9 8 6
215 206 9 10 11 7 2 13 0 5 4 12 14 3 1 9 8 6
217 207 10 10 11 7 2 13 3 5 4 12 14 0 1 9 8 6
218 209 9 10 11 7 2 13 3 5 4 12 14 6 1 9 8 0
222 212 10 10 11 7 2 13 3 5 4 0 14 6 1 9 8 12
223 213 10 10 11 7 2 13 3 5 0 4 14 6 1 9 8 12
223 213 10 10 11 7 2 13 3 5 4 8 14 6 1 9 0 12
222 214 8 10 11 7 2 13 3 5 4 8 14 6 1 9 12 0
226 217 9 10 11 7 2 13 3 5 4 0 14 6 1 9 12 8
227 218 9 10 11 7 2 13 3 5 0 4 14 6 1 9 12 8
227 218 9 10 11 7 0 13 3 5 4 2 14 6 1 9 12 8
226 217 9 0 11 7 2 13 3 5 4 8 14 6 1 9 12 10
228 219 9 6 11 7 2 13 3 5 4 8 14 0 1 9 12 10
229 221 8 6 11 7 2 13 3 5 4 8 14 10 1 9 12 0
228 220 8 6 11 7 2 13 0 5 4 8 14 3 1 9 12 10
230 221 9 6 11 7 2 13 5 0 4 8 14 3 1 9 12 10
231 222 9 6 11 7 2 13 5 4 0 8 14 3 1 9 12 10
231 223 8 6 11 7 2 13 5 4 8 0 14 3 1 9 12 10
232 224 8 6 11 7 0 13 5 4 8 2 14 3 1 9 12 10
234 225 9 6 11 7 13 0 5 4 8 2 14 3 1 9 12 10
235 227 8 6 11 7 13 10 5 4 8 2 14 3 1 9 12 0
239 230 9 6 11 7 13 10 5 4 8 0 14 3 1 9 12 2
240 231 9 6 11 7 0 10 5 4 8 13 14 3 1 9 12 2
240 232 8 6 11 7 10 0 5 4 8 13 14 3 1 9 12 2
242 235 7 6 11 7 10 13 5 4 8 0 14 3 1 9 12 2
241 234 7 6 11 7 10 2 5 4 8 13 14 3 1 9 12 0
245 237 8 6 11 7 10 2 5 4 8 0 14 3 1 9 12 13
245 237 8 0 11 7 10 2 5 4 8 13 14 3 1 9 12 6
248 240 8 4 11 7 10 2 5 0 8 13 14 3 1 9 12 6
248 241 7 4 11 7 10 2 0 5 8 13 14 3 1 9 12 6
250 242 8 4 11 7 10 2 3 5 8 13 14 0 1 9 12 6
251 244 7 4 11 7 10 2 3 5 8 13 14 6 1 9 12 0
255 247 8 4 11 7 10 2 3 5 8 0 14 6 1 9 12 13
255 247 8 0 11 7 10 2 3 5 8 13 14 6 1 9 12 4
257 249 8 6 11 7 10 2 3 5 8 13 14 0 1 9 12 4
258 251 7 6 11 7 10 2 3 5 8 13 14 4 1 9 12 0
257 250 7 6 11 7 10 2 0 5 8 13 14 3 1 9 12 4
259 251 8 6 11 7 10 2 5 0 8 13 14 3 1 9 12 4
260 252 8 6 11 7 10 2 5 1 8 13 14 3 0 9 12 4
260 252 8 6 0 7 10 2 5 11 8 13 14 3 1 9 12 4
261 253 8 0 6 7 10 2 5 11 8 13 14 3 1 9 12 4
263 256 7 4 6 7 10 2 5 11 8 13 14 3 1 9 12 0
267 259 8 4 6 7 10 2 5 11 8 0 14 3 1 9 12 13
266 258 8 4 6 7 10 0 5 11 8 13 14 3 1 9 12 2
268 261 7 4 6 7 10 13 5 11 8 0 14 3 1 9 12 2
270 262 8 4 6 7 10 13 5 11 8 14 0 3 1 9 12 2
270 263 7 4 6 7 10 13 5 11 8 14 2 3 1 9 12 0
274 266 8 4 6 7 10 13 5 11 8 0 2 3 1 9 12 14
275 267 8 4 6 7 10 13 5 11 8 2 0 3 1 9 12 14
274 268 6 4 6 7 10 13 5 11 8 2 14 3 1 9 12 0
278 271 7 0 6 7 10 13 5 11 8 2 14 3 1 9 12 4
281 274 7 11 6 7 10 13 5 0 8 2 14 3 1 9 12 4
281 275 6 11 6 7 10 13 0 5 8 2 14 3 1 9 12 4
283 276 7 11 6 7 10 13 3 5 8 2 14 0 1 9 12 4
284 278 6 11 6 7 10 13 3 5 8 2 14 4 1 9 12 0
288 281 7 11 6 7 10 13 3 5 8 0 14 4 1 9 12 2
288 281 7 0 6 7 10 13 3 5 8 2 14 4 1 9 12 11
290 283 7 4 6 7 10 13 3 5 8 2 14 0 1 9 12 11
291 285 6 4 6 7 10 13 3 5 8 2 14 11 1 9 12 0
290 284 6 4 6 7 10 13 0 5 8 2 14 3 1 9 12 11
292 285 7 4 6 7 10 13 5 0 8 2 14 3 1 9 12 11
293 286 7 4 6 7 10 13 5 1 8 2 14 3 0 9 12 11
293 286 7 4 0 7 10 13 5 6 8 2 14 3 1 9 12 11
293 287 6 0 4 7 10 13 5 6 8 2 14 3 1 9 12 11
295 290 5 11 4 7 10 13 5 6 8 2 14 3 1 9 12 0
299 293 6 11 4 7 10 13 5 6 8 0 14 3 1 9 12 2
296 290 6 6 4 7 10 13 5 0 8 2 14 3 1 9 12 11
296 291 5 6 4 7 10 13 0 5 8 2 14 3 1 9 12 11
298 292 6 6 4 7 10 13 3 5 8 2 14 0 1 9 12 11
299 294 5 6 4 7 10 13 3 5 8 2 14 11 1 9 12 0
303 297 6 6 4 7 10 13 3 5 8 0 14 11 1 9 12 2
303 297 6 0 4 7 10 13 3 5 8 2 14 11 1 9 12 6
305 299 6 11 4 7 10 13 3 5 8 2 14 0 1 9 12 6
306 301 5 11 4 7 10 13 3 5 8 2 14 6 1 9 12 0
305 300 5 11 4 7 10 13 0 5 8 2 14 3 1 9 12 6
307 301 6 11 4 7 10 13 5 0 8 2 14 3 1 9 12 6
308 302 6 11 4 7 10 13 5 1 8 2 14 3 0 9 12 6
310 304 6 11 4 7 10 13 3 5 8 0 14 6 1 9 12 2
306 300 6 11 4 7 10 13 3 5 8 2 14 1 0 9 12 6
304 298 6 3 4 7 10 13 0 5 8 2 14 11 1 9 12 6
305 299 6 3 4 7 10 13 11 5 8 2 14 0 1 9 12 6
306 301 5 0 4 7 10 13 11 5 8 2 14 3 1 9 12 6
308 304 4 6 4 7 10 13 11 5 8 2 14 3 1 9 12 0
312 307 5 6 4 7 10 13 11 5 8 0 14 3 1 9 12 2
306 301 5 3 4 7 10 13 11 5 8 2 14 6 1 9 12 0
310 304 6 3 4 7 10 13 11 5 8 0 14 6 1 9 12 2
310 304 6 0 4 7 10 13 11 5 8 2 14 6 1 9 12 3
311 305 6 11 4 7 10 13 0 5 8 2 14 6 1 9 12 3
312 306 6 11 4 7 10 13 6 5 8 2 14 0 1 9 12 3
312 308 4 11 4 7 10 13 6 5 8 2 14 3 1 9 12 0
316 311 5 11 4 7 10 13 6 5 8 0 14 3 1 9 12 2
316 311 5 0 4 7 10 13 6 5 8 2 14 3 1 9 12 11
320 314 6 5 4 7 10 13 6 0 8 2 14 3 1 9 12 11
321 315 6 5 4 7 10 13 6 1 8 2 14 3 0 9 12 11
319 313 6 3 4 7 10 13 6 5 8 2 14 0 1 9 12 11
320 315 5 3 4 7 10 13 6 5 8 2 14 11 1 9 12 0
324 318 6 3 4 7 10 13 6 5 8 0 14 11 1 9 12 2
320 314 6 3 4 7 10 13 6 5 8 2 14 1 0 9 12 11
320 314 6 3 4 7 10 13 0 5 8 2 14 6 1 9 12 11
311 305 6 6 4 7 10 13 11 5 8 2 0 3 1 9 12 14
312 306 6 6 4 7 10 13 11 5 8 0 2 3 1 9 12 14
310 304 6 5 4 7 10 13 11 0 8 2 14 3 1 9 12 6
311 305 6 5 4 7 10 13 0 11 8 2 14 3 1 9 12 6
311 305 6 5 4 7 10 13 11 1 8 2 14 3 0 9 12 6
312 306 6 6 4 7 10 13 11 5 8 2 14 0 1 9 12 3
313 307 6 6 4 7 10 13 11 5 8 2 14 1 0 9 12 3
313 307 6 6 4 7 10 13 0 5 8 2 14 11 1 9 12 3
299 293 6 6 4 7 10 13 3 5 8 2 14 1 0 9 12 11
314 308 6 6 4 7 0 13 11 5 8 10 14 3 1 9 12 2
318 312 6 11 4 7 10 13 6 5 8 14 0 3 1 9 12 2
318 313 5 11 4 7 10 13 6 5 8 14 2 3 1 9 12 0
322 316 6 11 4 7 10 13 6 5 8 0 2 3 1 9 12 14
322 316 6 0 4 7 10 13 6 5 8 14 2 3 1 9 12 11
323 317 6 6 4 7 10 13 0 5 8 14 2 3 1 9 12 11
314 308 6 0 4 7 10 13 6 5 8 2 14 11 1 9 12 3
313 307 6 11 4 7 10 13 6 5 8 2 14 1 0 9 12 3
314 308 6 6 4 7 10 13 11 5 0 8 14 3 1 9 12 2
315 309 6 11 4 7 10 13 6 5 8 2 0 3 1 9 12 14
315 309 6 11 4 7 10 13 6 5 8 2 14 3 1 9 0 12
316 310 6 11 4 7 10 13 6 5 8 0 14 3 1 9 2 12
306 300 6 3 4 7 10 13 11 5 8 2 14 1 0 9 12 6
318 312 6 11 4 7 0 13 6 5 8 10 14 3 1 9 12 2
318 312 6 11 4 7 10 13 6 5 8 12 14 3 1 9 0 2
318 313 5 11 4 7 10 13 6 5 8 12 14 3 1 9 2 0
322 316 6 0 4 7 10 13 6 5 8 12 14 3 1 9 2 11
323 317 6 6 4 7 10 13 0 5 8 12 14 3 1 9 2 11
312 306 6 6 4 7 10 0 11 5 8 2 14 3 1 9 12 13
315 309 6 6 4 7 10 2 11 5 8 0 14 3 1 9 12 13
314 308 6 0 4 7 10 6 11 5 8 2 14 3 1 9 12 13
316 311 5 13 4 7 10 6 11 5 8 2 14 3 1 9 12 0
320 314 6 13 4 7 10 6 11 5 8 0 14 3 1 9 12 2
315 309 6 11 4 7 10 6 0 5 8 2 14 3 1 9 12 13
314 308 6 6 4 7 10 13 11 5 8 14 0 3 1 9 12 2
314 309 5 6 4 7 10 13 11 5 8 14 2 3 1 9 12 0
318 312 6 0 4 7 10 13 11 5 8 14 2 3 1 9 12 6
319 313 6 11 4 7 10 13 0 5 8 14 2 3 1 9 12 6
311 305 6 6 4 7 10 13 11 5 8 2 14 3 1 9 0 12
312 306 6 6 4 7 10 13 11 5 8 0 14 3 1 9 2 12
316 310 6 11 4 7 10 0 6 5 8 2 14 3 1 9 12 13
319 313 6 11 4 7 10 2 6 5 8 0 14 3 1 9 12 13
318 312 6 0 4 7 10 11 6 5 8 2 14 3 1 9 12 13
320 315 5 13 4 7 10 11 6 5 8 2 14 3 1 9 12 0
324 318 6 13 4 7 10 11 6 5 8 0 14 3 1 9 12 2
319 313 6 6 4 7 10 11 0 5 8 2 14 3 1 9 12 13
309 303 6 13 4 7 10 0 11 5 8 2 14 3 1 9 12 6
312 306 6 13 4 7 10 2 11 5 8 0 14 3 1 9 12 6
297 291 6 6 4 7 10 13 5 1 8 2 14 3 0 9 12 11
300 294 6 0 4 7 10 13 3 5 8 2 14 6 1 9 12 11
308 302 6 4 0 7 10 13 11 5 8 2 14 3 1 9 12 6
314 308 6 6 4 7 10 13 11 5 8 12 14 3 1 9 0 2
314 309 5 6 4 7 10 13 11 5 8 12 14 3 1 9 2 0
318 312 6 0 4 7 10 13 11 5 8 12 14 3 1 9 2 6
319 313 6 11 4 7 10 13 0 5 8 12 14 3 1 9 2 6
318 312 6 11 4 7 10 13 6 5 0 8 14 3 1 9 12 2
294 288 6 5 4 7 10 13 0 6 8 2 14 3 1 9 12 11
319 313 6 13 4 7 10 0 6 5 8 2 14 3 1 9 12 11
322 316 6 13 4 7 10 2 6 5 8 0 14 3 1 9 12 11
318 312 6 4 0 7 10 13 6 5 8 2 14 3 1 9 12 11
320 313 7 4 7 0 10 13 6 5 8 2 14 3 1 9 12 11
321 314 7 13 4 7 0 10 6 5 8 2 14 3 1 9 12 11
322 315 7 13 4 7 2 10 6 5 8 0 14 3 1 9 12 11
320 313 7 4 5 7 10 13 6 0 8 2 14 3 1 9 12 11
321 314 7 4 5 7 10 13 0 6 8 2 14 3 1 9 12 11
321 314 7 4 5 7 10 13 6 1 8 2 14 3 0 9 12 11
301 294 7 11 4 7 10 13 5 6 0 8 14 3 1 9 12 2
302 295 7 11 4 7 10 13 5 0 6 8 14 3 1 9 12 2
302 296 6 11 4 7 10 13 0 5 6 8 14 3 1 9 12 2
304 297 7 11 4 7 10 13 3 5 6 8 14 0 1 9 12 2
305 299 6 11 4 7 10 13 3 5 6 8 14 2 1 9 12 0
309 302 7 11 4 7 10 13 3 5 6 0 14 2 1 9 12 8
310 303 7 11 4 7 10 13 3 5 0 6 14 2 1 9 12 8
309 302 7 0 4 7 10 13 3 5 6 8 14 2 1 9 12 11
311 304 7 2 4 7 10 13 3 5 6 8 14 0 1 9 12 11
312 306 6 2 4 7 10 13 3 5 6 8 14 11 1 9 12 0
311 305 6 2 4 7 10 13 0 5 6 8 14 3 1 9 12 11
313 306 7 2 4 7 10 13 5 0 6 8 14 3 1 9 12 11
314 307 7 2 4 7 10 13 5 6 0 8 14 3 1 9 12 11
314 308 6 2 4 7 10 13 5 6 8 0 14 3 1 9 12 11
316 309 7 2 4 7 10 13 5 6 8 14 0 3 1 9 12 11
316 310 6 2 4 7 10 13 5 6 8 14 11 3 1 9 12 0
320 313 7 2 4 7 10 13 5 6 8 0 11 3 1 9 12 14
320 314 6 2 4 7 10 13 5 6 8 11 0 3 1 9 12 14
319 315 4 2 4 7 10 13 5 6 8 11 14 3 1 9 12 0
323 318 5 0 4 7 10 13 5 6 8 11 14 3 1 9 12 2
326 321 5 6 4 7 10 13 5 0 8 11 14 3 1 9 12 2
326 322 4 6 4 7 10 13 0 5 8 11 14 3 1 9 12 2
328 323 5 6 4 7 10 13 3 5 8 11 14 0 1 9 12 2
329 325 4 6 4 7 10 13 3 5 8 11 14 2 1 9 12 0
333 328 5 0 4 7 10 13 3 5 8 11 14 2 1 9 12 6
335 330 5 2 4 7 10 13 3 5 8 11 14 0 1 9 12 6
336 332 4 2 4 7 10 13 3 5 8 11 14 6 1 9 12 0
335 331 4 2 4 7 10 13 0 5 8 11 14 3 1 9 12 6
337 332 5 2 4 7 10 13 5 0 8 11 14 3 1 9 12 6
338 333 5 2 4 7 10 13 5 1 8 11 14 3 0 9 12 6
336 331 5 2 4 7 10 13 3 5 8 11 14 1 0 9 12 6
334 329 5 3 4 7 10 13 0 5 8 11 14 2 1 9 12 6
334 330 4 3 4 7 10 13 2 5 8 11 14 0 1 9 12 6
335 332 3 0 4 7 10 13 2 5 8 11 14 3 1 9 12 6
337 335 2 6 4 7 10 13 2 5 8 11 14 3 1 9 12 0
335 332 3 3 4 7 10 13 2 5 8 11 14 6 1 9 12 0
339 335 4 0 4 7 10 13 2 5 8 11 14 6 1 9 12 3
342 338 4 6 4 7 10 13 2 5 8 0 14 3 1 9 12 11
341 337 4 6 4 7 10 0 2 5 8 11 14 3 1 9 12 13
343 339 4 0 4 7 10 6 2 5 8 11 14 3 1 9 12 13
345 342 3 13 4 7 10 6 2 5 8 11 14 3 1 9 12 0
341 337 4 6 4 7 10 13 2 5 8 11 14 0 1 9 12 3
342 338 4 6 4 7 10 13 2 5 8 11 14 1 0 9 12 3
340 336 4 6 4 7 10 13 2 5 8 11 14 3 1 9 0 12
337 333 4 4 0 7 10 13 2 5 8 11 14 3 1 9 12 6
339 335 4 5 4 7 10 13 2 0 8 11 14 3 1 9 12 6
340 336 4 5 4 7 10 13 2 1 8 11 14 3 0 9 12 6
338 334 4 13 4 7 10 0 2 5 8 11 14 3 1 9 12 6
340 336 4 6 4 7 10 13 2 5 8 11 0 3 1 9 12 14
335 331 4 3 4 7 10 13 2 5 8 11 14 1 0 9 12 6
337 332 5 3 4 7 10 13 2 5 8 11 14 1 9 0 12 6
337 332 5 3 4 7 10 13 2 0 8 11 14 1 5 9 12 6
342 337 5 5 4 7 10 13 2 1 8 11 14 3 9 0 12 6
338 333 5 3 4 7 10 13 2 0 8 11 14 5 1 9 12 6
339 334 5 3 4 7 10 13 2 1 8 11 14 5 0 9 12 6
340 335 5 3 4 7 10 13 2 1 8 11 14 0 5 9 12 6
341 337 4 0 4 7 10 13 2 1 8 11 14 3 5 9 12 6
343 340 3 1 4 7 10 13 2 0 8 11 14 3 5 9 12 6
343 341 2 1 4 7 10 13 2 5 8 11 14 3 0 9 12 6
345 342 3 1 4 7 10 13 2 5 8 11 14 3 9 0 12 6
345 342 3 1 4 7 10 13 2 5 8 11 14 0 3 9 12 6
346 344 2 1 4 7 10 13 2 5 8 11 14 6 3 9 12 0
343 340 3 6 4 7 10 13 2 1 8 11 14 3 5 9 12 0
351 347 4 1 4 7 10 13 2 5 8 0 14 6 3 9 12 11
351 347 4 0 4 7 10 13 2 5 8 11 14 6 3 9 12 1
353 349 4 6 4 7 10 13 2 5 8 11 14 0 3 9 12 1
354 351 3 6 4 7 10 13 2 5 8 11 14 1 3 9 12 0
353 350 3 6 4 7 10 13 2 5 8 11 14 3 0 9 12 1
355 351 4 6 4 7 10 13 2 5 8 11 14 3 9 0 12 1
355 351 4 6 4 7 10 13 2 0 8 11 14 3 5 9 12 1
348 344 4 0 4 7 10 13 2 5 8 11 14 1 3 9 12 6
345 341 4 1 4 7 10 13 0 2 8 11 14 3 5 9 12 6
345 341 4 1 0 7 10 13 2 4 8 11 14 3 5 9 12 6
345 341 4 1 4 7 10 13 2 8 0 11 14 3 5 9 12 6
347 343 4 1 4 7 10 13 2 5 0 11 14 3 9 8 12 6
347 343 4 1 4 7 10 13 0 5 8 11 14 2 3 9 12 6
349 345 4 1 4 7 10 13 2 0 8 11 14 5 3 9 12 6
350 346 4 1 4 7 10 13 2 3 8 11 14 5 0 9 12 6
351 347 4 1 4 7 10 13 2 3 8 11 14 0 5 9 12 6
352 349 3 1 4 7 10 13 2 3 8 11 14 6 5 9 12 0
349 345 4 1 4 7 10 0 2 5 8 11 14 13 3 9 12 6
350 347 3 1 4 7 10 6 2 5 8 11 14 13 3 9 12 0
353 349 4 1 4 7 10 6 2 5 8 11 14 0 3 9 12 13
353 350 3 1 4 7 10 6 2 5 8 11 14 3 0 9 12 13
355 351 4 1 4 7 10 6 2 5 8 11 14 3 9 0 12 13
355 351 4 1 4 7 10 6 2 0 8 11 14 3 5 9 12 13
349 345 4 1 4 7 10 13 2 5 8 11 0 6 3 9 12 14
341 337 4 3 4 7 10 13 2 1 8 11 14 6 5 9 12 0
347 343 4 1 4 7 10 13 2 5 8 11 14 3 9 12 0 6
347 344 3 1 4 7 10 13 2 5 8 11 14 3 9 12 6 0
349 345 4 1 4 7 10 13 2 5 8 11 14 6 3 9 0 12
350 346 4 1 4 7 10 0 2 5 8 11 14 6 3 9 12 13
354 349 5 1 4 7 10 11 2 5 8 0 14 6 3 9 12 13
353 348 5 0 4 7 10 1 2 5 8 11 14 6 3 9 12 13
355 351 4 13 4 7 10 1 2 5 8 11 14 6 3 9 12 0
358 353 5 13 4 7 10 1 2 5 8 11 14 0 3 9 12 6
358 354 4 13 4 7 10 1 2 5 8 11 14 3 0 9 12 6
360 355 5 13 4 7 10 1 2 5 8 11 14 3 9 0 12 6
360 355 5 13 4 7 10 1 2 0 8 11 14 3 5 9 12 6
344 339 5 6 4 7 0 13 2 5 8 10 14 3 1 9 12 11
343 338 5 5 4 7 10 13 2 0 8 11 14 6 1 9 12 3
344 339 5 5 4 7 10 13 2 1 8 11 14 6 0 9 12 3
344 340 4 5 4 7 10 13 2 1 8 11 14 0 6 9 12 3
344 342 2 5 4 7 10 13 2 1 8 11 14 3 6 9 12 0
348 345 3 0 4 7 10 13 2 1 8 11 14 3 6 9 12 5
350 348 2 1 4 7 10 13 2 0 8 11 14 3 6 9 12 5
352 349 3 1 4 7 10 13 2 8 0 11 14 3 6 9 12 5
352 349 3 1 4 7 10 13 0 2 8 11 14 3 6 9 12 5
352 349 3 1 4 7 10 13 2 6 8 11 14 3 0 9 12 5
352 349 3 1 0 7 10 13 2 4 8 11 14 3 6 9 12 5
354 350 4 1 7 0 10 13 2 4 8 11 14 3 6 9 12 5
354 350 4 0 1 7 10 13 2 4 8 11 14 3 6 9 12 5
356 353 3 5 1 7 10 13 2 4 8 11 14 3 6 9 12 0
357 353 4 4 1 7 10 13 2 0 8 11 14 3 6 9 12 5
351 347 4 3 4 7 10 13 2 1 8 11 14 0 6 9 12 5
352 349 3 3 4 7 10 13 2 1 8 11 14 5 6 9 12 0
354 350 4 3 4 7 10 13 2 0 8 11 14 1 6 9 12 5
354 350 4 1 4 7 10 13 2 6 8 11 14 3 9 0 12 5
354 350 4 1 4 7 10 13 2 8 11 0 14 3 6 9 12 5
347 343 4 5 4 7 10 13 2 1 8 11 0 3 6 9 12 14
348 344 4 5 4 7 10 0 2 1 8 11 14 3 6 9 12 13
350 346 4 0 4 7 10 5 2 1 8 11 14 3 6 9 12 13
352 349 3 1 4 7 10 5 2 0 8 11 14 3 6 9 12 13
352 349 3 13 4 7 10 5 2 1 8 11 14 3 6 9 12 0
354 350 4 1 4 7 10 5 2 8 0 11 14 3 6 9 12 13
354 350 4 1 4 7 10 5 0 2 8 11 14 3 6 9 12 13
354 350 4 1 4 7 10 5 2 6 8 11 14 3 0 9 12 13
354 350 4 1 0 7 10 5 2 4 8 11 14 3 6 9 12 13
354 350 4 1 4 7 10 13 2 8 9 11 14 3 6 0 12 5
350 346 4 4 0 7 10 13 2 1 8 11 14 3 6 9 12 5
350 346 4 2 4 7 10 13 0 1 8 11 14 3 6 9 12 5
351 347 4 2 4 7 10 13 1 0 8 11 14 3 6 9 12 5
351 347 4 13 4 7 10 0 2 1 8 11 14 3 6 9 12 5
346 342 4 0 4 7 10 13 2 1 8 11 14 5 6 9 12 3
348 345 3 1 4 7 10 13 2 0 8 11 14 5 6 9 12 3
350 346 4 1 4 7 10 13 2 8 0 11 14 5 6 9 12 3
350 346 4 1 4 7 10 13 0 2 8 11 14 5 6 9 12 3
351 347 4 1 4 7 10 13 5 2 8 11 14 0 6 9 12 3
351 349 2 1 4 7 10 13 5 2 8 11 14 3 6 9 12 0
356 352 4 1 4 7 10 13 5 2 8 0 14 3 6 9 12 11
356 352 4 0 4 7 10 13 5 2 8 11 14 3 6 9 12 1
359 355 4 2 4 7 10 13 5 0 8 11 14 3 6 9 12 1
359 356 3 2 4 7 10 13 0 5 8 11 14 3 6 9 12 1
361 357 4 2 4 7 10 13 3 5 8 11 14 0 6 9 12 1
362 359 3 2 4 7 10 13 3 5 8 11 14 1 6 9 12 0
366 362 4 0 4 7 10 13 3 5 8 11 14 1 6 9 12 2
367 364 3 1 4 7 10 13 3 5 8 11 14 0 6 9 12 2
368 366 2 1 4 7 10 13 3 5 8 11 14 2 6 9 12 0
367 365 2 1 4 7 10 13 0 5 8 11 14 3 6 9 12 2
369 366 3 1 4 7 10 13 5 0 8 11 14 3 6 9 12 2
371 367 4 1 4 7 10 13 5 8 0 11 14 3 6 9 12 2
371 367 4 1 4 7 10 13 5 6 8 11 14 3 0 9 12 2
371 367 4 1 0 7 10 13 5 4 8 11 14 3 6 9 12 2
350 346 4 1 4 7 10 13 2 6 8 11 14 5 0 9 12 3
351 347 4 1 4 7 10 13 2 6 8 11 14 0 5 9 12 3
351 349 2 1 4 7 10 13 2 6 8 11 14 3 5 9 12 0
356 352 4 1 4 7 10 13 2 6 8 0 14 3 5 9 12 11
356 352 4 0 4 7 10 13 2 6 8 11 14 3 5 9 12 1
355 351 4 1 4 7 10 0 2 6 8 11 14 3 5 9 12 13
354 350 4 1 4 7 10 13 2 6 8 11 14 3 5 9 0 12
354 350 4 1 4 7 10 13 5 2 8 11 14 3 6 9 0 12
350 346 4 1 0 7 10 13 2 4 8 11 14 5 6 9 12 3
354 350 4 1 4 7 10 13 5 2 8 11 0 3 6 9 12 14
371 367 4 1 4 7 10 0 3 5 8 11 14 13 6 9 12 2
372 369 3 1 4 7 10 2 3 5 8 11 14 13 6 9 12 0
375 371 4 1 4 7 10 2 3 5 8 11 14 0 6 9 12 13
375 372 3 1 4 7 10 2 0 5 8 11 14 3 6 9 12 13
377 373 4 1 4 7 10 2 5 0 8 11 14 3 6 9 12 13
357 353 4 5 4 7 10 13 0 2 8 11 14 3 6 9 12 1
357 354 3 5 4 7 10 13 2 0 8 11 14 3 6 9 12 1
359 355 4 5 4 7 10 13 2 8 0 11 14 3 6 9 12 1
359 355 4 5 4 7 10 13 2 6 8 11 14 3 0 9 12 1
359 355 4 5 0 7 10 13 2 4 8 11 14 3 6 9 12 1
360 356 4 0 5 7 10 13 2 4 8 11 14 3 6 9 12 1
361 359 2 1 5 7 10 13 2 4 8 11 14 3 6 9 12 0
366 362 4 1 5 7 10 13 2 4 8 0 14 3 6 9 12 11
365 361 4 1 5 7 10 0 2 4 8 11 14 3 6 9 12 13
365 361 4 1 5 7 10 13 2 4 8 11 14 0 6 9 12 3
368 364 4 1 5 7 10 13 2 0 8 11 14 4 6 9 12 3
368 365 3 1 0 7 10 13 2 5 8 11 14 4 6 9 12 3
370 366 4 1 7 0 10 13 2 5 8 11 14 4 6 9 12 3
370 366 4 0 1 7 10 13 2 5 8 11 14 4 6 9 12 3
372 369 3 3 1 7 10 13 2 5 8 11 14 4 6 9 12 0
375 371 4 3 1 7 10 13 2 5 8 11 14 0 6 9 12 4
376 373 3 0 1 7 10 13 2 5 8 11 14 3 6 9 12 4
378 376 2 4 1 7 10 13 2 5 8 11 14 3 6 9 12 0
376 374 2 1 0 7 10 13 2 5 8 11 14 3 6 9 12 4
378 375 3 1 7 0 10 13 2 5 8 11 14 3 6 9 12 4
378 375 3 1 5 7 10 13 2 0 8 11 14 3 6 9 12 4
380 376 4 1 5 7 10 13 2 8 0 11 14 3 6 9 12 4
381 377 4 4 1 7 10 13 2 5 8 11 14 3 6 9 0 12
380 376 4 1 5 7 10 13 0 2 8 11 14 3 6 9 12 4
380 376 4 1 5 7 10 13 2 6 8 11 14 3 0 9 12 4
371 367 4 1 4 7 10 13 3 5 8 11 0 2 6 9 12 14
367 363 4 3 4 7 10 13 0 5 8 11 14 1 6 9 12 2
368 364 4 3 4 7 10 13 1 5 8 11 14 0 6 9 12 2
369 366 3 0 4 7 10 13 1 5 8 11 14 3 6 9 12 2
371 369 2 2 4 7 10 13 1 5 8 11 14 3 6 9 12 0
369 366 3 3 4 7 10 13 1 5 8 11 14 2 6 9 12 0
373 369 4 0 4 7 10 13 1 5 8 11 14 2 6 9 12 3
373 370 3 1 4 7 10 13 0 5 8 11 14 2 6 9 12 3
373 371 2 1 4 7 10 13 2 5 8 11 14 0 6 9 12 3
373 373 0 1 4 7 10 13 2 5 8 11 14 3 6 9 12 0
