0 0 0 11 8 13 14 9 1 6 4 12 10 0 5 7 3 2
15 2 13 0 8 13 14 9 1 6 4 12 10 11 5 7 3 2
17 5 12 2 8 13 14 9 1 6 4 12 10 11 5 7 3 0
15 3 12 1 8 13 14 9 0 6 4 12 10 11 5 7 3 2
15 4 11 1 8 13 14 9 6 0 4 12 10 11 5 7 3 2
16 5 11 1 8 13 14 9 6 4 0 12 10 11 5 7 3 2
17 6 11 1 8 13 14 9 6 4 12 0 10 11 5 7 3 2
18 7 11 1 8 13 14 9 6 4 12 3 10 11 5 7 0 2
18 8 10 1 8 13 14 9 6 4 12 3 10 11 5 7 2 0
22 11 11 1 8 13 14 9 6 4 12 0 10 11 5 7 2 3
23 12 11 1 8 13 14 9 6 4 0 12 10 11 5 7 2 3
24 13 11 1 8 13 14 9 6 0 4 12 10 11 5 7 2 3
25 14 11 1 8 13 14 9 6 5 4 12 10 11 0 7 2 3
26 15 11 1 8 13 14 9 6 5 4 12 10 11 7 0 2 3
27 16 11 1 8 13 14 9 6 5 4 12 10 11 7 2 0 3
27 17 10 1 8 13 14 9 6 5 4 12 10 11 7 2 3 0
31 20 11 1 8 13 14 9 6 5 4 0 10 11 7 2 3 12
32 21 11 1 8 13 14 9 6 5 0 4 10 11 7 2 3 12
33 22 11 1 8 13 14 9 6 0 5 4 10 11 7 2 3 12
33 23 10 1 8 13 14 9 6 7 5 4 10 11 0 2 3 12
34 24 10 1 8 13 14 9 6 7 5 4 10 11 2 0 3 12
35 25 10 1 8 13 14 9 6 7 5 4 10 11 2 3 0 12
35 26 9 1 8 13 14 9 6 7 5 4 10 11 2 3 12 0
39 29 10 1 8 13 14 9 6 7 5 0 10 11 2 3 12 4
40 30 10 1 8 13 14 9 6 7 0 5 10 11 2 3 12 4
41 31 10 1 8 13 14 9 6 7 3 5 10 11 2 0 12 4
42 32 10 1 8 13 14 9 6 7 3 5 10 11 2 12 0 4
42 33 9 1 8 13 14 9 6 7 3 5 10 11 2 12 4 0
46 36 10 1 8 13 14 9 6 7 3 0 10 11 2 12 4 5
47 37 10 1 8 13 14 9 6 7 0 3 10 11 2 12 4 5
48 38 10 1 8 13 14 9 6 7 12 3 10 11 2 0 4 5
49 39 10 1 8 13 14 9 6 7 12 3 10 11 2 4 0 5
49 40 9 1 8 13 14 9 6 7 12 3 10 11 2 4 5 0
53 43 10 1 8 13 14 9 6 7 12 0 10 11 2 4 5 3
54 44 10 1 8 13 14 9 6 7 0 12 10 11 2 4 5 3
55 45 10 1 8 13 14 9 6 7 4 12 10 11 2 0 5 3
56 46 10 1 8 13 14 9 6 7 4 12 10 11 2 5 0 3
56 47 9 1 8 13 14 9 6 7 4 12 10 11 2 5 3 0
60 50 10 1 8 13 14 9 6 7 4 0 10 11 2 5 3 12
61 51 10 1 8 13 14 9 6 7 4 3 10 11 2 5 0 12
61 52 9 1 8 13 14 9 6 7 4 3 10 11 2 5 12 0
64 54 10 1 8 13 14 0 6 7 4 3 10 11 2 5 12 9
67 57 10 1 8 13 14 3 6 7 4 0 10 11 2 5 12 9
68 58 10 1 8 13 14 3 6 7 0 4 10 11 2 5 12 9
69 59 10 1 8 13 14 3 6 7 5 4 10 11 2 0 12 9
70 60 10 1 8 13 14 3 6 7 5 4 10 11 2 12 0 9
70 61 9 1 8 13 14 3 6 7 5 4 10 11 2 12 9 0
74 64 10 1 8 13 14 3 6 7 5 0 10 11 2 12 9 4
74 65 9 1 8 13 14 3 6 7 5 9 10 11 2 12 0 4
74 66 8 1 8 13 14 3 6 7 5 9 10 11 2 12 4 0
77 68 9 1 8 13 14 0 6 7 5 9 10 11 2 12 4 3
78 69 9 1 8 13 0 14 6 7 5 9 10 11 2 12 4 3
79 70 9 1 8 0 13 14 6 7 5 9 10 11 2 12 4 3
80 71 9 1 0 8 13 14 6 7 5 9 10 11 2 12 4 3
80 71 9 1 8 5 13 14 6 7 0 9 10 11 2 12 4 3
81 72 9 1 8 5 13 14 6 7 12 9 10 11 2 0 4 3
82 73 9 1 8 5 13 14 6 7 12 9 10 11 2 4 0 3
82 74 8 1 8 5 13 14 6 7 12 9 10 11 2 4 3 0
85 76 9 1 8 5 13 0 6 7 12 9 10 11 2 4 3 14
86 77 9 1 8 5 0 13 6 7 12 9 10 11 2 4 3 14
87 78 9 1 8 0 5 13 6 7 12 9 10 11 2 4 3 14
88 79 9 1 0 8 5 13 6 7 12 9 10 11 2 4 3 14
88 79 9 1 8 12 5 13 6 7 0 9 10 11 2 4 3 14
89 80 9 1 8 12 5 13 6 7 4 9 10 11 2 0 3 14
90 81 9 1 8 12 5 13 6 7 4 9 10 11 2 3 0 14
89 82 7 1 8 12 5 13 6 7 4 9 10 11 2 3 14 0
92 84 8 1 8 12 5 0 6 7 4 9 10 11 2 3 14 13
92 85 7 1 8 12 0 5 6 7 4 9 10 11 2 3 14 13
93 86 7 1 8 0 12 5 6 7 4 9 10 11 2 3 14 13
94 87 7 1 0 8 12 5 6 7 4 9 10 11 2 3 14 13
94 87 7 1 8 4 12 5 6 7 0 9 10 11 2 3 14 13
95 88 7 1 8 4 12 5 6 7 3 9 10 11 2 0 14 13
96 89 7 1 8 4 12 5 6 7 3 9 10 11 0 2 14 13
98 90 8 1 8 4 12 5 6 7 3 9 10 0 11 2 14 13
99 92 7 1 8 4 12 5 6 7 3 9 10 13 11 2 14 0
98 90 8 1 8 4 12 5 6 0 3 9 10 11 7 2 14 13
99 91 8 1 8 4 12 5 6 3 0 9 10 11 7 2 14 13
100 92 8 1 8 4 12 5 6 3 2 9 10 11 7 0 14 13
101 93 8 1 8 4 12 5 6 3 2 9 10 11 0 7 14 13
102 94 8 1 8 4 12 5 6 0 2 9 10 11 3 7 14 13
103 95 8 1 8 4 12 5 6 2 0 9 10 11 3 7 14 13
104 96 8 1 8 4 12 5 6 2 7 9 10 11 3 0 14 13
105 97 8 1 8 4 12 5 6 2 7 9 10 11 0 3 14 13
104 96 8 1 8 0 12 5 6 2 4 9 10 11 3 7 14 13
105 97 8 1 8 12 0 5 6 2 4 9 10 11 3 7 14 13
105 97 8 1 0 8 12 5 6 2 4 9 10 11 3 7 14 13
105 98 7 1 2 8 12 5 6 0 4 9 10 11 3 7 14 13
106 99 7 1 2 8 12 5 6 4 0 9 10 11 3 7 14 13
106 100 6 1 2 0 12 5 6 4 8 9 10 11 3 7 14 13
107 101 6 1 2 12 0 5 6 4 8 9 10 11 3 7 14 13
109 102 7 1 2 12 5 0 6 4 8 9 10 11 3 7 14 13
110 104 6 1 2 12 5 13 6 4 8 9 10 11 3 7 14 0
109 102 7 1 2 12 9 5 6 4 8 0 10 11 3 7 14 13
108 101 7 1 0 2 12 5 6 4 8 9 10 11 3 7 14 13
109 102 7 1 4 2 12 5 6 0 8 9 10 11 3 7 14 13
110 103 7 1 4 2 12 5 6 3 8 9 10 11 0 7 14 13
111 104 7 1 4 2 12 5 6 3 8 9 10 11 7 0 14 13
106 99 7 1 2 8 12 5 6 3 4 9 10 11 0 7 14 13
107 100 7 1 2 8 12 5 6 3 4 9 10 11 7 0 14 13
108 101 7 1 2 8 12 5 6 3 0 9 10 11 7 4 14 13
108 102 6 1 2 0 12 5 6 3 8 9 10 11 7 4 14 13
109 103 6 1 2 12 0 5 6 3 8 9 10 11 7 4 14 13
111 104 7 1 2 12 5 0 6 3 8 9 10 11 7 4 14 13
112 106 6 1 2 12 5 13 6 3 8 9 10 11 7 4 14 0
111 104 7 1 2 12 9 5 6 3 8 0 10 11 7 4 14 13
110 103 7 1 0 2 12 5 6 3 8 9 10 11 7 4 14 13
111 104 7 1 3 2 12 5 6 0 8 9 10 11 7 4 14 13
111 105 6 1 3 2 12 5 6 7 8 9 10 11 0 4 14 13
112 106 6 1 3 2 12 5 6 7 8 9 10 11 4 0 14 13
114 107 7 1 3 2 12 5 6 7 8 9 10 11 4 14 0 13
114 108 6 1 3 2 12 5 6 7 8 9 10 11 4 14 13 0
114 107 7 1 3 2 12 5 6 7 0 9 10 11 4 8 14 13
115 108 7 1 3 0 12 5 6 7 2 9 10 11 4 8 14 13
115 109 6 1 0 3 12 5 6 7 2 9 10 11 4 8 14 13
117 110 7 0 1 3 12 5 6 7 2 9 10 11 4 8 14 13
119 113 6 13 1 3 12 5 6 7 2 9 10 11 4 8 14 0
117 110 7 1 7 3 12 5 6 0 2 9 10 11 4 8 14 13
118 111 7 1 7 3 12 5 6 2 0 9 10 11 4 8 14 13
118 112 6 1 7 3 12 5 6 2 8 9 10 11 4 0 14 13
119 113 6 1 7 3 12 5 6 2 8 9 10 11 0 4 14 13
120 114 6 1 7 3 12 5 6 0 8 9 10 11 2 4 14 13
120 115 5 1 0 3 12 5 6 7 8 9 10 11 2 4 14 13
122 116 6 1 3 0 12 5 6 7 8 9 10 11 2 4 14 13
123 117 6 1 3 12 0 5 6 7 8 9 10 11 2 4 14 13
122 116 6 0 1 3 12 5 6 7 8 9 10 11 2 4 14 13
124 119 5 13 1 3 12 5 6 7 8 9 10 11 2 4 14 0
129 122 7 13 1 3 12 5 6 7 8 0 10 11 2 4 14 9
130 123 7 13 1 3 0 5 6 7 8 12 10 11 2 4 14 9
128 121 7 13 1 3 12 0 6 7 8 9 10 11 2 4 14 5
130 123 7 0 1 3 12 13 6 7 8 9 10 11 2 4 14 5
132 126 6 5 1 3 12 13 6 7 8 9 10 11 2 4 14 0
130 124 6 1 0 3 12 13 6 7 8 9 10 11 2 4 14 5
132 125 7 1 3 0 12 13 6 7 8 9 10 11 2 4 14 5
133 126 7 1 3 12 0 13 6 7 8 9 10 11 2 4 14 5
134 127 7 1 3 12 13 0 6 7 8 9 10 11 2 4 14 5
134 129 5 1 3 12 13 5 6 7 8 9 10 11 2 4 14 0
139 132 7 1 3 12 13 5 6 7 8 0 10 11 2 4 14 9
140 133 7 1 3 12 0 5 6 7 8 13 10 11 2 4 14 9
141 134 7 1 3 0 12 5 6 7 8 13 10 11 2 4 14 9
141 135 6 1 0 3 12 5 6 7 8 13 10 11 2 4 14 9
143 136 7 0 1 3 12 5 6 7 8 13 10 11 2 4 14 9
145 139 6 9 1 3 12 5 6 7 8 13 10 11 2 4 14 0
149 142 7 9 1 3 12 5 6 7 8 0 10 11 2 4 14 13
150 143 7 9 1 3 0 5 6 7 8 12 10 11 2 4 14 13
143 136 7 1 7 3 12 5 6 0 8 13 10 11 2 4 14 9
144 137 7 1 7 3 12 5 6 2 8 13 10 11 0 4 14 9
145 138 7 1 7 3 12 5 6 2 8 13 10 11 4 0 14 9
139 132 7 0 3 12 13 5 6 7 8 9 10 11 2 4 14 1
140 133 7 3 0 12 13 5 6 7 8 9 10 11 2 4 14 1
141 134 7 3 12 0 13 5 6 7 8 9 10 11 2 4 14 1
142 135 7 3 12 13 0 5 6 7 8 9 10 11 2 4 14 1
128 121 7 13 1 3 12 5 6 7 8 9 10 0 2 4 14 11
130 123 7 0 1 3 12 5 6 7 8 9 10 13 2 4 14 11
132 126 6 11 1 3 12 5 6 7 8 9 10 13 2 4 14 0
130 124 6 1 0 3 12 5 6 7 8 9 10 13 2 4 14 11
132 125 7 1 3 0 12 5 6 7 8 9 10 13 2 4 14 11
133 126 7 1 3 12 0 5 6 7 8 9 10 13 2 4 14 11
132 125 7 1 7 3 12 5 6 0 8 9 10 13 2 4 14 11
133 126 7 1 7 3 12 5 6 2 8 9 10 13 0 4 14 11
134 127 7 1 7 3 12 5 6 2 8 9 10 13 4 0 14 11
134 127 7 1 7 3 12 5 6 2 8 9 10 0 13 4 14 11
134 129 5 1 7 3 12 5 6 2 8 9 10 11 13 4 14 0
139 132 7 1 7 3 12 5 6 2 8 0 10 11 13 4 14 9
140 133 7 1 7 3 0 5 6 2 8 12 10 11 13 4 14 9
139 132 7 0 7 3 12 5 6 2 8 9 10 11 13 4 14 1
142 135 7 2 7 3 12 5 6 0 8 9 10 11 13 4 14 1
142 136 6 2 0 3 12 5 6 7 8 9 10 11 13 4 14 1
142 137 5 0 2 3 12 5 6 7 8 9 10 11 13 4 14 1
143 140 3 1 2 3 12 5 6 7 8 9 10 11 13 4 14 0
148 143 5 1 2 3 12 5 6 7 8 0 10 11 13 4 14 9
149 144 5 1 2 3 0 5 6 7 8 12 10 11 13 4 14 9
147 142 5 1 2 3 12 0 6 7 8 9 10 11 13 4 14 5
148 143 5 1 2 3 0 12 6 7 8 9 10 11 13 4 14 5
147 142 5 1 2 3 12 5 6 7 8 9 10 0 13 4 14 11
148 143 5 1 2 3 12 5 6 7 8 9 10 13 0 4 14 11
149 144 5 1 2 3 12 5 6 7 8 9 10 13 4 0 14 11
146 141 5 1 2 3 12 5 6 7 8 9 10 11 13 4 0 14
147 142 5 1 2 3 12 5 6 7 8 9 10 11 13 0 4 14
147 143 4 1 2 3 12 5 6 7 8 9 10 11 0 13 4 14
149 144 5 1 2 3 12 5 6 7 8 9 10 0 11 13 4 14
150 146 4 1 2 3 12 5 6 7 8 9 10 14 11 13 4 0
152 147 5 1 2 3 12 5 6 7 8 9 10 14 11 13 0 4
149 144 5 1 2 3 12 5 6 0 8 9 10 11 7 13 4 14
146 141 5 1 2 3 12 5 6 7 8 9 0 11 13 4 14 10
148 142 6 1 2 3 12 5 6 7 8 0 9 11 13 4 14 10
149 143 6 1 2 3 0 5 6 7 8 12 9 11 13 4 14 10
150 144 6 1 2 3 9 12 6 7 8 0 10 11 13 4 14 5
151 145 6 1 2 3 5 0 6 7 8 12 10 11 13 4 14 9
152 147 5 1 2 3 5 9 6 7 8 12 10 11 13 4 14 0
156 150 6 1 2 3 5 9 6 7 8 0 10 11 13 4 14 12
157 151 6 1 2 3 0 9 6 7 8 5 10 11 13 4 14 12
158 152 6 1 2 3 9 0 6 7 8 5 10 11 13 4 14 12
160 155 5 1 2 3 9 5 6 7 8 0 10 11 13 4 14 12
160 156 4 1 2 3 0 5 6 7 8 9 10 11 13 4 14 12
162 157 5 1 2 3 5 0 6 7 8 9 10 11 13 4 14 12
163 159 4 1 2 3 5 12 6 7 8 9 10 11 13 4 14 0
162 157 5 1 2 0 3 5 6 7 8 9 10 11 13 4 14 12
159 154 5 1 2 3 9 12 6 7 8 5 10 11 13 4 14 0
150 144 6 0 2 3 12 1 6 7 8 9 10 11 13 4 14 5
152 147 5 5 2 3 12 1 6 7 8 9 10 11 13 4 14 0
151 145 6 1 2 3 12 9 6 7 8 0 10 11 13 4 14 5
152 146 6 1 2 3 0 9 6 7 8 12 10 11 13 4 14 5
153 147 6 1 2 3 9 0 6 7 8 12 10 11 13 4 14 5
153 149 4 1 2 3 9 5 6 7 8 12 10 11 13 4 14 0
158 152 6 0 2 3 9 5 6 7 8 12 10 11 13 4 14 1
149 143 6 1 2 3 12 10 6 7 8 9 0 11 13 4 14 5
149 144 5 1 2 3 12 10 6 7 8 9 5 11 13 4 14 0
151 145 6 1 2 3 12 0 6 7 8 9 10 5 13 4 14 11
152 147 5 1 2 3 12 11 6 7 8 9 10 5 13 4 14 0
144 138 6 6 2 3 12 5 0 7 8 9 10 11 13 4 14 1
149 143 6 1 2 3 12 5 0 7 8 9 10 6 13 4 14 11
150 144 6 1 2 3 12 5 6 0 8 9 10 13 7 4 14 11
148 142 6 1 2 3 12 5 6 7 8 0 10 11 13 4 9 14
149 143 6 1 2 3 0 5 6 7 8 12 10 11 13 4 9 14
151 145 6 1 2 3 12 5 6 7 8 9 10 13 4 14 0 11
151 146 5 1 2 3 12 5 6 7 8 9 10 13 4 14 11 0
154 148 6 1 2 3 12 5 6 7 8 9 10 0 4 14 11 13
155 149 6 1 2 3 12 5 6 7 8 9 10 4 0 14 11 13
156 150 6 1 2 3 12 5 6 7 8 9 10 4 14 0 11 13
157 151 6 1 2 3 12 5 6 7 8 9 10 4 14 11 0 13
157 152 5 1 2 3 12 5 6 7 8 9 10 4 14 11 13 0
160 154 6 1 2 3 12 5 6 7 8 9 10 0 14 11 13 4
161 155 6 1 2 3 12 5 6 7 8 9 10 14 0 11 13 4
149 143 6 1 2 3 12 5 6 7 0 9 10 11 13 8 4 14
157 151 6 1 2 3 9 5 6 7 8 12 10 0 13 4 14 11
158 152 6 1 2 3 9 5 6 7 8 12 10 13 0 4 14 11
159 153 6 1 2 3 9 5 6 7 8 12 10 13 4 0 14 11
151 145 6 1 0 3 12 5 6 2 8 9 10 11 7 13 4 14
151 145 6 1 2 3 12 5 6 8 0 9 10 11 7 13 4 14
166 160 6 1 2 3 5 11 6 7 8 9 10 0 13 4 14 12
167 162 5 1 2 3 5 11 6 7 8 9 10 12 13 4 14 0
170 164 6 1 2 3 5 0 6 7 8 9 10 12 13 4 14 11
170 165 5 1 2 3 0 5 6 7 8 9 10 12 13 4 14 11
172 166 6 1 2 0 3 5 6 7 8 9 10 12 13 4 14 11
172 166 6 1 2 3 9 5 6 7 8 0 10 12 13 4 14 11
150 144 6 1 2 3 12 5 6 7 8 10 0 11 13 4 14 9
150 145 5 1 2 3 12 5 6 7 8 10 9 11 13 4 14 0
151 145 6 1 2 0 3 5 6 7 8 12 10 11 13 4 14 9
164 158 6 1 2 3 5 10 6 7 8 9 0 11 13 4 14 12
164 159 5 1 2 3 5 10 6 7 8 9 12 11 13 4 14 0
167 161 6 1 2 3 5 0 6 7 8 9 12 11 13 4 14 10
167 162 5 1 2 3 0 5 6 7 8 9 12 11 13 4 14 10
169 163 6 1 2 0 3 5 6 7 8 9 12 11 13 4 14 10
169 163 6 1 2 3 9 5 6 7 8 0 12 11 13 4 14 10
162 156 6 1 2 3 9 5 6 7 0 8 10 11 13 4 14 12
163 157 6 1 2 3 9 5 6 7 4 8 10 11 13 0 14 12
163 158 5 1 2 3 9 5 6 7 4 8 10 11 0 13 14 12
165 159 6 1 2 3 9 5 6 7 4 8 10 0 11 13 14 12
166 161 5 1 2 3 9 5 6 7 4 8 10 12 11 13 14 0
170 164 6 1 2 3 9 5 6 7 4 0 10 12 11 13 14 8
170 165 5 1 2 3 0 5 6 7 4 9 10 12 11 13 14 8
172 166 6 1 2 3 5 0 6 7 4 9 10 12 11 13 14 8
173 168 5 1 2 3 5 8 6 7 4 9 10 12 11 13 14 0
176 170 6 1 2 3 5 8 6 7 4 9 10 0 11 13 14 12
176 171 5 1 2 3 5 8 6 7 4 9 10 11 0 13 14 12
178 172 6 1 2 3 5 8 6 7 4 9 10 11 13 0 14 12
179 173 6 1 2 3 5 8 6 7 0 9 10 11 13 4 14 12
178 172 6 1 2 3 5 8 6 0 4 9 10 11 7 13 14 12
179 173 6 1 2 3 5 8 6 4 0 9 10 11 7 13 14 12
179 173 6 1 2 3 5 0 6 7 4 9 10 8 11 13 14 12
180 175 5 1 2 3 5 12 6 7 4 9 10 8 11 13 14 0
179 174 5 1 2 3 0 5 6 7 4 9 10 8 11 13 14 12
181 175 6 1 2 0 3 5 6 7 4 9 10 8 11 13 14 12
182 176 6 1 2 4 3 5 6 7 0 9 10 8 11 13 14 12
181 175 6 1 2 3 9 5 6 7 4 0 10 8 11 13 14 12
182 176 6 1 2 3 9 5 6 7 0 4 10 8 11 13 14 12
175 169 6 1 2 3 5 12 6 7 4 9 10 0 11 13 14 8
175 170 5 1 2 3 5 12 6 7 4 9 10 11 0 13 14 8
177 171 6 1 2 3 5 12 6 7 4 9 10 11 13 0 14 8
178 172 6 1 2 3 5 12 6 7 0 9 10 11 13 4 14 8
177 171 6 1 2 3 5 12 6 0 4 9 10 11 7 13 14 8
178 172 6 1 2 3 5 12 6 4 0 9 10 11 7 13 14 8
172 166 6 1 2 0 3 5 6 7 4 9 10 12 11 13 14 8
173 167 6 1 2 4 3 5 6 7 0 9 10 12 11 13 14 8
150 144 6 1 2 3 12 5 6 7 8 14 10 11 13 4 0 9
150 145 5 1 2 3 12 5 6 7 8 14 10 11 13 4 9 0
151 145 6 1 2 3 12 5 6 7 8 14 10 11 13 0 4 9
151 146 5 1 2 3 12 5 6 7 8 14 10 11 0 13 4 9
153 147 6 1 2 3 12 5 6 7 8 14 10 0 11 13 4 9
154 149 5 1 2 3 12 5 6 7 8 14 10 9 11 13 4 0
158 152 6 1 2 3 12 5 6 7 8 0 10 9 11 13 4 14
159 153 6 1 2 3 12 5 6 7 8 4 10 9 11 13 0 14
158 154 4 1 2 3 12 5 6 7 8 4 10 9 11 13 14 0
162 157 5 1 2 3 12 5 6 7 8 0 10 9 11 13 14 4
163 158 5 1 2 3 0 5 6 7 8 12 10 9 11 13 14 4
161 156 5 1 2 3 12 5 6 7 8 4 10 0 11 13 14 9
161 157 4 1 2 3 12 5 6 7 8 4 10 11 0 13 14 9
163 158 5 1 2 3 12 5 6 7 8 4 10 11 13 0 14 9
163 158 5 1 2 3 12 5 6 0 8 4 10 11 7 13 14 9
165 159 6 1 2 3 12 5 6 8 0 4 10 11 7 13 14 9
166 160 6 1 2 3 12 5 6 8 4 0 10 11 7 13 14 9
167 161 6 1 2 3 0 5 6 8 4 12 10 11 7 13 14 9
165 159 6 1 2 3 12 5 0 6 8 4 10 11 7 13 14 9
165 159 6 1 0 3 12 5 6 2 8 4 10 11 7 13 14 9
165 159 6 1 2 3 12 5 6 7 8 4 10 11 13 14 0 9
165 160 5 1 2 3 12 5 6 7 8 4 10 11 13 14 9 0
169 163 6 1 2 3 12 5 6 7 8 0 10 11 13 14 9 4
169 164 5 1 2 3 12 5 6 7 8 9 10 11 13 14 0 4
169 165 4 1 2 3 12 5 6 7 8 9 10 11 13 14 4 0
169 165 4 1 2 3 12 5 6 7 8 9 10 11 13 0 14 4
169 166 3 1 2 3 12 5 6 7 8 9 10 11 0 13 14 4
171 167 4 1 2 3 12 5 6 7 8 9 10 0 11 13 14 4
172 169 3 1 2 3 12 5 6 7 8 9 10 4 11 13 14 0
171 167 4 1 2 3 12 5 6 0 8 9 10 11 7 13 14 4
173 168 5 1 2 3 12 5 6 8 0 9 10 11 7 13 14 4
173 168 5 1 2 3 12 5 0 6 8 9 10 11 7 13 14 4
173 168 5 1 0 3 12 5 6 2 8 9 10 11 7 13 14 4
177 172 5 1 2 3 12 5 6 7 8 0 10 4 11 13 14 9
178 173 5 1 2 3 0 5 6 7 8 12 10 4 11 13 14 9
177 172 5 0 2 3 12 5 6 7 8 9 10 4 11 13 14 1
179 174 5 4 2 3 12 5 6 7 8 9 10 0 11 13 14 1
180 176 4 4 2 3 12 5 6 7 8 9 10 1 11 13 14 0
179 175 4 4 2 3 12 5 6 7 8 9 10 11 0 13 14 1
181 176 5 4 2 3 12 5 6 7 8 9 10 11 13 0 14 1
181 176 5 4 2 3 12 5 6 0 8 9 10 11 7 13 14 1
176 171 5 1 2 3 12 0 6 7 8 9 10 4 11 13 14 5
179 174 5 1 2 3 12 4 6 7 8 9 10 0 11 13 14 5
180 176 4 1 2 3 12 4 6 7 8 9 10 5 11 13 14 0
179 175 4 1 2 3 12 4 6 7 8 9 10 11 0 13 14 5
181 176 5 1 2 3 12 4 6 7 8 9 10 11 13 0 14 5
181 176 5 1 2 3 12 4 6 0 8 9 10 11 7 13 14 5
177 172 5 1 2 3 0 12 6 7 8 9 10 4 11 13 14 5
174 169 5 0 2 3 12 5 6 7 8 9 10 1 11 13 14 4
175 170 5 1 2 3 12 5 6 7 8 9 0 4 11 13 14 10
171 166 5 1 2 3 12 5 6 7 0 9 10 11 13 8 14 4
175 170 5 1 2 3 12 0 6 7 8 9 10 5 11 13 14 4
176 171 5 1 2 3 0 12 6 7 8 9 10 5 11 13 14 4
175 170 5 1 2 3 12 5 6 0 8 9 10 7 11 13 14 4
176 171 5 1 2 3 12 5 6 11 8 9 10 7 0 13 14 4
177 172 5 1 2 3 12 5 6 11 8 9 10 0 7 13 14 4
178 174 4 1 2 3 12 5 6 11 8 9 10 4 7 13 14 0
173 168 5 1 2 3 12 5 0 7 8 9 10 6 11 13 14 4
175 170 5 1 2 3 12 5 6 7 8 9 10 4 11 13 0 14
177 171 6 1 2 3 12 5 6 7 8 9 10 4 11 0 13 14
178 172 6 1 2 3 12 5 6 7 8 9 10 4 0 11 13 14
179 173 6 1 2 3 12 5 6 7 8 9 10 0 4 11 13 14
180 175 5 1 2 3 12 5 6 7 8 9 10 14 4 11 13 0
182 176 6 1 2 3 12 5 6 7 8 9 10 14 4 11 0 13
183 177 6 1 2 3 12 5 6 7 8 9 10 14 4 0 11 13
184 178 6 1 2 3 12 5 6 7 8 9 10 14 0 4 11 13
185 179 6 1 2 3 12 5 6 7 8 9 10 0 14 4 11 13
186 181 5 1 2 3 12 5 6 7 8 9 10 13 14 4 11 0
188 182 6 1 2 3 12 5 6 7 8 9 10 13 14 4 0 11
189 183 6 1 2 3 12 5 6 7 8 9 10 13 14 0 4 11
190 184 6 1 2 3 12 5 6 7 8 9 10 13 0 14 4 11
181 175 6 1 2 3 12 5 6 11 8 9 10 4 7 13 0 14
164 158 6 1 2 3 12 5 6 7 0 8 10 9 11 13 14 4
163 157 6 0 2 3 12 5 6 7 8 4 10 9 11 13 14 1
165 159 6 9 2 3 12 5 6 7 8 4 10 0 11 13 14 1
166 161 5 9 2 3 12 5 6 7 8 4 10 1 11 13 14 0
165 160 5 9 2 3 12 5 6 7 8 4 10 11 0 13 14 1
167 161 6 9 2 3 12 5 6 7 8 4 10 11 13 0 14 1
167 161 6 9 2 3 12 5 6 0 8 4 10 11 7 13 14 1
165 159 6 1 2 3 5 0 6 7 8 12 10 9 11 13 14 4
166 161 5 1 2 3 5 4 6 7 8 12 10 9 11 13 14 0
170 164 6 1 2 3 5 4 6 7 8 0 10 9 11 13 14 12
171 165 6 1 2 3 0 4 6 7 8 5 10 9 11 13 14 12
171 166 5 1 2 3 4 0 6 7 8 5 10 9 11 13 14 12
173 169 4 1 2 3 4 5 6 7 8 0 10 9 11 13 14 12
172 168 4 1 2 3 4 12 6 7 8 5 10 9 11 13 14 0
176 171 5 1 2 3 4 12 6 7 8 0 10 9 11 13 14 5
174 169 5 1 2 3 4 9 6 7 8 5 10 0 11 13 14 12
175 171 4 1 2 3 4 9 6 7 8 5 10 12 11 13 14 0
174 170 4 1 2 3 4 9 6 7 8 5 10 11 0 13 14 12
176 171 5 1 2 3 4 9 6 7 8 5 10 11 13 0 14 12
176 171 5 1 2 3 4 9 6 0 8 5 10 11 7 13 14 12
179 174 5 1 2 3 4 9 6 7 8 0 10 12 11 13 14 5
178 173 5 1 2 3 4 0 6 7 8 5 10 12 11 13 14 9
180 176 4 1 2 3 4 5 6 7 8 0 10 12 11 13 14 9
182 177 5 1 2 3 4 5 6 7 8 10 0 12 11 13 14 9
182 178 4 1 2 3 4 5 6 7 8 10 9 12 11 13 14 0
186 181 5 1 2 3 4 5 6 7 8 0 9 12 11 13 14 10
186 182 4 1 2 3 4 5 6 7 8 9 0 12 11 13 14 10
185 183 2 1 2 3 4 5 6 7 8 9 10 12 11 13 14 0
188 185 3 1 2 3 4 5 6 7 8 9 10 0 11 13 14 12
188 186 2 1 2 3 4 5 6 7 8 9 10 11 0 13 14 12
190 187 3 1 2 3 4 5 6 7 8 9 10 11 13 0 14 12
190 187 3 1 2 3 4 5 6 0 8 9 10 11 7 13 14 12
192 188 4 1 2 3 4 5 6 8 0 9 10 11 7 13 14 12
192 188 4 1 2 3 4 5 0 6 8 9 10 11 7 13 14 12
192 188 4 1 0 3 4 5 6 2 8 9 10 11 7 13 14 12
192 188 4 1 2 3 4 5 6 7 8 9 10 11 13 14 0 12
192 189 3 1 2 3 4 5 6 7 8 9 10 11 13 14 12 0
192 188 4 1 2 3 4 5 6 7 0 9 10 11 13 8 14 12
190 186 4 0 2 3 4 5 6 7 8 9 10 12 11 13 14 1
192 188 4 12 2 3 4 5 6 7 8 9 10 0 11 13 14 1
193 190 3 12 2 3 4 5 6 7 8 9 10 1 11 13 14 0
192 189 3 12 2 3 4 5 6 7 8 9 10 11 0 13 14 1
194 190 4 12 2 3 4 5 6 7 8 9 10 11 13 0 14 1
194 190 4 12 2 3 4 5 6 0 8 9 10 11 7 13 14 1
189 185 4 1 2 3 4 0 6 7 8 9 10 12 11 13 14 5
192 188 4 1 2 3 4 12 6 7 8 9 10 0 11 13 14 5
193 190 3 1 2 3 4 12 6 7 8 9 10 5 11 13 14 0
192 189 3 1 2 3 4 12 6 7 8 9 10 11 0 13 14 5
194 190 4 1 2 3 4 12 6 7 8 9 10 11 13 0 14 5
194 190 4 1 2 3 4 12 6 0 8 9 10 11 7 13 14 5
190 186 4 1 2 3 4 5 0 7 8 9 10 6 11 13 14 12
192 188 4 1 2 3 4 0 6 7 8 9 10 5 11 13 14 12
191 187 4 0 2 3 4 5 6 7 8 9 10 1 11 13 14 12
192 188 4 1 2 3 4 5 6 0 8 9 10 7 11 13 14 12
193 189 4 1 2 3 4 5 6 11 8 9 10 7 0 13 14 12
194 190 4 1 2 3 4 5 6 11 8 9 10 0 7 13 14 12
195 192 3 1 2 3 4 5 6 11 8 9 10 12 7 13 14 0
188 184 4 1 2 3 4 5 6 7 8 9 10 12 11 13 0 14
190 185 5 1 2 3 4 5 6 7 8 9 10 12 11 0 13 14
191 186 5 1 2 3 4 5 6 7 8 9 10 12 0 11 13 14
191 187 4 1 2 3 4 5 6 7 8 9 10 0 12 11 13 14
192 189 3 1 2 3 4 5 6 7 8 9 10 14 12 11 13 0
194 190 4 1 2 3 4 5 6 7 8 9 10 14 12 11 0 13
195 191 4 1 2 3 4 5 6 7 8 9 10 14 12 0 11 13
197 192 5 1 2 3 4 5 6 7 8 9 10 14 0 12 11 13
198 193 5 1 2 3 4 5 6 7 8 9 10 0 14 12 11 13
199 195 4 1 2 3 4 5 6 7 8 9 10 13 14 12 11 0
201 196 5 1 2 3 4 5 6 7 8 9 10 13 14 12 0 11
202 197 5 1 2 3 4 5 6 7 8 9 10 13 14 0 12 11
203 198 5 1 2 3 4 5 6 7 8 9 10 13 0 14 12 11
195 190 5 1 2 3 4 5 6 0 8 9 10 7 12 11 13 14
194 189 5 1 2 3 4 5 6 8 13 9 10 11 7 0 14 12
195 190 5 1 2 3 4 5 6 8 13 9 10 11 0 7 14 12
196 191 5 1 2 3 4 5 6 0 13 9 10 11 8 7 14 12
197 192 5 1 2 3 4 5 6 13 0 9 10 11 8 7 14 12
198 193 5 1 2 3 4 5 6 13 7 9 10 11 8 0 14 12
199 194 5 1 2 3 4 5 6 13 7 9 10 11 0 8 14 12
194 189 5 1 3 0 4 5 6 2 8 9 10 11 7 13 14 12
194 189 5 1 2 0 4 5 6 7 3 9 10 11 13 8 14 12
197 192 5 1 2 3 4 5 6 7 8 0 10 11 13 14 12 9
198 193 5 1 2 3 4 5 6 7 8 12 10 11 13 14 0 9
198 194 4 1 2 3 4 5 6 7 8 12 10 11 13 14 9 0
198 194 4 1 2 3 4 5 6 7 8 12 10 11 13 0 14 9
198 195 3 1 2 3 4 5 6 7 8 12 10 11 0 13 14 9
200 196 4 1 2 3 4 5 6 7 8 12 10 0 11 13 14 9
201 198 3 1 2 3 4 5 6 7 8 12 10 9 11 13 14 0
200 196 4 1 2 3 4 5 6 0 8 12 10 11 7 13 14 9
202 197 5 1 2 3 4 5 6 8 0 12 10 11 7 13 14 9
203 198 5 1 2 3 4 5 6 8 12 0 10 11 7 13 14 9
202 197 5 1 2 3 4 5 0 6 8 12 10 11 7 13 14 9
194 189 5 5 2 3 4 0 6 7 8 9 10 1 11 13 14 12
195 191 4 5 2 3 4 12 6 7 8 9 10 1 11 13 14 0
198 193 5 5 2 3 4 12 6 7 8 9 10 0 11 13 14 1
198 194 4 5 2 3 4 12 6 7 8 9 10 11 0 13 14 1
200 195 5 5 2 3 4 12 6 7 8 9 10 11 13 0 14 1
200 195 5 5 2 3 4 12 6 0 8 9 10 11 7 13 14 1
196 191 5 12 2 3 4 5 6 8 0 9 10 11 7 13 14 1
196 191 5 12 2 3 4 5 6 7 0 9 10 11 13 8 14 1
196 191 5 12 2 3 4 5 0 6 8 9 10 11 7 13 14 1
196 191 5 12 0 3 4 5 6 2 8 9 10 11 7 13 14 1
197 192 5 0 12 3 4 5 6 2 8 9 10 11 7 13 14 1
198 195 3 1 12 3 4 5 6 2 8 9 10 11 7 13 14 0
203 198 5 1 12 3 4 5 6 2 8 0 10 11 7 13 14 9
202 197 5 1 12 3 4 0 6 2 8 9 10 11 7 13 14 5
191 186 5 1 2 3 0 4 6 7 8 9 10 12 11 13 14 5
193 188 5 2 0 3 4 5 6 7 8 9 10 1 11 13 14 12
198 193 5 1 2 3 4 12 6 7 8 0 10 5 11 13 14 9
195 190 5 0 2 3 4 12 6 7 8 9 10 1 11 13 14 5
196 191 5 1 2 3 4 12 6 7 8 9 10 11 13 14 0 5
196 192 4 1 2 3 4 12 6 7 8 9 10 11 13 14 5 0
199 194 5 1 2 3 4 0 6 7 8 9 10 11 13 14 5 12
198 193 5 0 2 3 4 12 6 7 8 9 10 5 11 13 14 1
196 191 5 1 2 3 4 12 6 7 8 9 0 5 11 13 14 10
197 192 5 1 2 3 4 0 6 7 8 9 12 5 11 13 14 10
199 195 4 1 2 3 4 5 6 7 8 9 12 0 11 13 14 10
200 197 3 1 2 3 4 5 6 7 8 9 12 10 11 13 14 0
199 196 3 1 2 3 4 5 6 7 8 9 12 11 0 13 14 10
201 197 4 1 2 3 4 5 6 7 8 9 12 11 13 0 14 10
201 197 4 1 2 3 4 5 6 0 8 9 12 11 7 13 14 10
202 198 4 1 2 3 4 5 6 7 8 9 0 10 11 13 14 12
198 194 4 1 2 3 4 10 6 7 8 9 12 5 11 13 14 0
201 196 5 1 2 3 4 10 6 7 8 9 12 0 11 13 14 5
201 197 4 1 2 3 4 10 6 7 8 9 12 11 0 13 14 5
203 198 5 1 2 3 4 10 6 7 8 9 12 11 13 0 14 5
203 198 5 1 2 3 4 10 6 0 8 9 12 11 7 13 14 5
194 189 5 1 2 3 4 10 6 7 8 9 0 5 11 13 14 12
192 187 5 1 2 3 4 5 7 0 8 9 10 6 11 13 14 12
193 188 5 1 2 3 4 5 7 11 8 9 10 6 0 13 14 12
194 189 5 1 2 3 4 5 7 11 8 9 10 0 6 13 14 12
196 192 4 1 2 3 4 5 7 0 8 9 10 11 6 13 14 12
196 193 3 1 2 3 4 5 0 7 8 9 10 11 6 13 14 12
198 194 4 1 2 3 4 5 11 7 8 9 10 0 6 13 14 12
199 196 3 1 2 3 4 5 11 7 8 9 10 12 6 13 14 0
199 195 4 1 2 3 4 5 11 7 8 9 10 6 0 13 14 12
197 193 4 1 2 3 4 5 7 6 8 9 10 11 0 13 14 12
195 191 4 1 2 3 4 5 7 11 8 9 10 12 6 13 14 0
202 197 5 1 2 3 4 5 11 0 8 9 10 7 6 13 14 12
203 198 5 1 2 3 4 5 11 6 8 9 10 7 0 13 14 12
199 194 5 1 2 3 4 5 7 6 8 9 10 11 13 0 14 12
199 194 5 1 2 3 4 5 7 6 8 9 10 0 11 13 14 12
200 196 4 1 2 3 4 5 7 6 8 9 10 12 11 13 14 0
201 196 5 1 2 3 4 5 11 7 8 9 10 6 13 0 14 12
201 196 5 1 2 3 4 5 11 0 8 9 10 6 7 13 14 12
204 199 5 1 2 3 4 5 11 7 8 0 10 12 6 13 14 9
204 199 5 0 2 3 4 5 11 7 8 9 10 12 6 13 14 1
206 201 5 12 2 3 4 5 11 7 8 9 10 0 6 13 14 1
207 203 4 12 2 3 4 5 11 7 8 9 10 1 6 13 14 0
206 202 4 12 2 3 4 5 0 7 8 9 10 11 6 13 14 1
208 203 5 12 2 3 4 5 7 0 8 9 10 11 6 13 14 1
209 204 5 12 2 3 4 5 7 6 8 9 10 11 0 13 14 1
207 202 5 12 2 3 4 5 11 7 8 9 10 6 0 13 14 1
205 200 5 11 2 3 4 5 0 7 8 9 10 12 6 13 14 1
206 201 5 11 2 3 4 5 12 7 8 9 10 0 6 13 14 1
207 203 4 0 2 3 4 5 12 7 8 9 10 11 6 13 14 1
208 206 2 1 2 3 4 5 12 7 8 9 10 11 6 13 14 0
213 209 4 1 2 3 4 5 12 7 8 0 10 11 6 13 14 9
212 208 4 1 2 3 4 0 12 7 8 9 10 11 6 13 14 5
212 208 4 1 2 3 4 5 12 7 8 9 10 0 6 13 14 11
213 209 4 1 2 3 4 5 12 7 8 9 10 6 0 13 14 11
213 209 4 1 2 3 4 5 0 7 8 9 10 12 6 13 14 11
211 207 4 1 2 3 4 5 12 7 8 9 10 11 6 13 0 14
211 207 4 1 2 3 4 5 12 7 8 9 0 11 6 13 14 10
207 203 4 11 2 3 4 5 12 7 8 9 10 1 6 13 14 0
213 208 5 1 2 3 4 5 12 7 8 0 9 11 6 13 14 10
213 208 5 1 2 3 4 0 12 7 8 9 5 11 6 13 14 10
214 210 4 1 2 3 4 10 12 7 8 9 5 11 6 13 14 0
213 208 5 1 2 3 4 5 12 7 8 9 10 11 6 0 13 14
214 209 5 1 2 3 4 5 12 7 8 9 10 11 0 6 13 14
216 211 5 1 2 3 4 5 12 0 8 9 10 7 6 13 14 11
217 212 5 1 2 3 4 5 0 12 8 9 10 7 6 13 14 11
218 213 5 1 2 3 4 5 7 12 8 9 10 0 6 13 14 11
218 215 3 1 2 3 4 5 7 12 8 9 10 11 6 13 14 0
223 218 5 1 2 3 4 5 7 12 8 0 10 11 6 13 14 9
223 218 5 0 2 3 4 5 7 12 8 9 10 11 6 13 14 1
224 219 5 7 2 3 4 5 0 12 8 9 10 11 6 13 14 1
222 217 5 1 2 3 4 0 7 12 8 9 10 11 6 13 14 5
221 216 5 1 2 3 4 5 7 12 8 9 10 11 6 13 0 14
216 211 5 1 2 3 4 0 12 7 8 9 10 5 6 13 14 11
217 213 4 1 2 3 4 11 12 7 8 9 10 5 6 13 14 0
214 209 5 1 2 3 4 10 12 7 8 9 0 11 6 13 14 5
211 206 5 7 2 3 4 5 12 0 8 9 10 11 6 13 14 1
212 207 5 7 2 3 4 5 12 6 8 9 10 11 0 13 14 1
211 206 5 0 2 3 4 5 12 7 8 9 10 1 6 13 14 11
212 207 5 12 2 3 4 5 0 7 8 9 10 1 6 13 14 11
213 208 5 12 2 3 4 5 1 7 8 9 10 0 6 13 14 11
213 210 3 12 2 3 4 5 1 7 8 9 10 11 6 13 14 0
217 213 4 0 2 3 4 5 1 7 8 9 10 11 6 13 14 12
221 216 5 7 2 3 4 5 1 0 8 9 10 11 6 13 14 12
222 217 5 7 2 3 4 5 0 1 8 9 10 11 6 13 14 12
222 217 5 7 2 3 4 5 1 6 8 9 10 11 0 13 14 12
220 215 5 11 2 3 4 5 1 7 8 9 10 0 6 13 14 12
221 217 4 11 2 3 4 5 1 7 8 9 10 12 6 13 14 0
221 216 5 11 2 3 4 5 1 7 8 9 10 6 0 13 14 12
221 216 5 11 2 3 4 5 0 7 8 9 10 1 6 13 14 12
215 210 5 1 2 3 0 5 12 7 8 4 10 11 6 13 14 9
202 197 5 1 2 3 4 5 11 7 8 9 10 12 6 13 0 14
207 202 5 11 2 3 4 5 12 7 8 9 10 6 0 13 14 1
209 204 5 2 0 3 4 5 12 7 8 9 10 11 6 13 14 1
215 210 5 1 2 3 4 5 12 7 8 14 10 11 6 13 0 9
215 211 4 1 2 3 4 5 12 7 8 14 10 11 6 13 9 0
210 205 5 5 2 3 4 0 12 7 8 9 10 11 6 13 14 1
211 207 4 5 2 3 4 1 12 7 8 9 10 11 6 13 14 0
217 212 5 1 2 3 4 5 12 6 8 9 10 7 0 13 14 11
218 213 5 1 2 3 4 5 12 6 8 9 10 0 7 13 14 11
218 215 3 1 2 3 4 5 12 6 8 9 10 11 7 13 14 0
223 218 5 1 2 3 4 5 12 6 8 0 10 11 7 13 14 9
223 218 5 0 2 3 4 5 12 6 8 9 10 11 7 13 14 1
226 221 5 6 2 3 4 5 12 0 8 9 10 11 7 13 14 1
226 222 4 6 2 3 4 5 12 7 8 9 10 11 0 13 14 1
228 223 5 6 2 3 4 5 12 7 8 9 10 11 13 0 14 1
219 214 5 1 2 3 4 5 0 6 8 9 10 12 7 13 14 11
219 215 4 1 2 3 4 5 6 0 8 9 10 12 7 13 14 11
219 216 3 1 2 3 4 5 6 7 8 9 10 12 0 13 14 11
219 217 2 1 2 3 4 5 6 7 8 9 10 0 12 13 14 11
219 219 0 1 2 3 4 5 6 7 8 9 10 11 12 13 14 0
