0 0 0 14 7 11 0 8 3 9 12 5 2 4 13 1 10 6
16 1 15 14 7 11 8 0 3 9 12 5 2 4 13 1 10 6
18 4 14 14 7 11 8 5 3 9 12 0 2 4 13 1 10 6
19 5 14 14 7 11 8 5 3 9 12 2 0 4 13 1 10 6
19 6 13 14 7 11 8 5 3 9 12 2 6 4 13 1 10 0
23 9 14 14 7 11 8 5 3 9 12 0 6 4 13 1 10 2
24 10 14 14 7 11 8 5 3 9 12 6 0 4 13 1 10 2
24 11 13 14 7 11 8 5 3 9 12 6 2 4 13 1 10 0
28 14 14 0 7 11 8 5 3 9 12 6 2 4 13 1 10 14
31 17 14 9 7 11 8 5 3 0 12 6 2 4 13 1 10 14
31 18 13 9 0 11 8 5 3 7 12 6 2 4 13 1 10 14
32 19 13 9 11 0 8 5 3 7 12 6 2 4 13 1 10 14
33 20 13 9 11 8 0 5 3 7 12 6 2 4 13 1 10 14
34 21 13 9 11 8 6 5 3 7 12 0 2 4 13 1 10 14
35 22 13 9 11 8 6 5 3 7 12 2 0 4 13 1 10 14
35 23 12 9 11 8 6 5 3 7 12 2 14 4 13 1 10 0
39 26 13 9 11 8 6 5 3 7 12 0 14 4 13 1 10 2
40 27 13 9 11 8 6 5 3 7 12 14 0 4 13 1 10 2
40 28 12 9 11 8 6 5 3 7 12 14 2 4 13 1 10 0
44 31 13 0 11 8 6 5 3 7 12 14 2 4 13 1 10 9
46 33 13 4 11 8 6 5 3 7 12 14 2 0 13 1 10 9
47 35 12 4 11 8 6 5 3 7 12 14 2 9 13 1 10 0
51 38 13 4 11 8 6 5 3 7 12 0 2 9 13 1 10 14
52 39 13 4 11 8 6 5 3 7 12 2 0 9 13 1 10 14
52 40 12 4 11 8 6 5 3 7 12 2 14 9 13 1 10 0
56 43 13 4 11 8 6 5 3 7 12 0 14 9 13 1 10 2
57 44 13 4 11 8 6 5 3 7 0 12 14 9 13 1 10 2
57 45 12 4 11 0 6 5 3 7 8 12 14 9 13 1 10 2
58 46 12 4 11 6 0 5 3 7 8 12 14 9 13 1 10 2
59 47 12 4 11 6 12 5 3 7 8 0 14 9 13 1 10 2
60 48 12 4 11 6 12 5 3 7 8 14 0 9 13 1 10 2
60 49 11 4 11 6 12 5 3 7 8 14 2 9 13 1 10 0
64 52 12 4 11 6 12 5 3 7 8 0 2 9 13 1 10 14
65 53 12 4 11 6 12 5 3 7 8 2 0 9 13 1 10 14
65 54 11 4 11 6 12 5 3 7 8 2 14 9 13 1 10 0
69 57 12 0 11 6 12 5 3 7 8 2 14 9 13 1 10 4
71 59 12 9 11 6 12 5 3 7 8 2 14 0 13 1 10 4
72 61 11 9 11 6 12 5 3 7 8 2 14 4 13 1 10 0
76 64 12 9 11 6 12 5 3 7 8 0 14 4 13 1 10 2
77 65 12 9 11 6 12 5 3 7 8 14 0 4 13 1 10 2
77 66 11 9 11 6 12 5 3 7 8 14 2 4 13 1 10 0
81 69 12 9 11 6 12 5 3 7 8 0 2 4 13 1 10 14
82 70 12 9 11 6 12 5 3 7 8 10 2 4 13 1 0 14
81 71 10 9 11 6 12 5 3 7 8 10 2 4 13 1 14 0
85 74 11 9 11 6 12 5 3 7 8 0 2 4 13 1 14 10
86 75 11 9 11 6 12 5 3 7 8 2 0 4 13 1 14 10
85 76 9 9 11 6 12 5 3 7 8 2 10 4 13 1 14 0
89 79 10 9 11 6 12 5 3 7 8 0 10 4 13 1 14 2
90 80 10 9 11 6 0 5 3 7 8 12 10 4 13 1 14 2
91 81 10 9 11 0 6 5 3 7 8 12 10 4 13 1 14 2
92 82 10 9 0 11 6 5 3 7 8 12 10 4 13 1 14 2
93 83 10 0 9 11 6 5 3 7 8 12 10 4 13 1 14 2
95 86 9 2 9 11 6 5 3 7 8 12 10 4 13 1 14 0
99 89 10 2 9 11 6 5 3 7 8 0 10 4 13 1 14 12
100 90 10 2 9 11 0 5 3 7 8 6 10 4 13 1 14 12
101 91 10 2 9 0 11 5 3 7 8 6 10 4 13 1 14 12
102 92 10 2 0 9 11 5 3 7 8 6 10 4 13 1 14 12
102 93 9 0 2 9 11 5 3 7 8 6 10 4 13 1 14 12
104 96 8 12 2 9 11 5 3 7 8 6 10 4 13 1 14 0
108 99 9 12 2 9 11 5 3 7 8 0 10 4 13 1 14 6
109 100 9 12 2 9 0 5 3 7 8 11 10 4 13 1 14 6
110 101 9 12 2 0 9 5 3 7 8 11 10 4 13 1 14 6
107 98 9 12 2 9 11 5 3 7 8 6 10 0 13 1 14 4
109 100 9 0 2 9 11 5 3 7 8 6 10 12 13 1 14 4
111 103 8 4 2 9 11 5 3 7 8 6 10 12 13 1 14 0
115 106 9 4 2 9 11 5 3 7 8 0 10 12 13 1 14 6
116 107 9 4 2 9 0 5 3 7 8 11 10 12 13 1 14 6
117 108 9 4 2 0 9 5 3 7 8 11 10 12 13 1 14 6
110 101 9 3 2 9 11 5 0 7 8 6 10 12 13 1 14 4
111 102 9 3 2 9 11 5 12 7 8 6 10 0 13 1 14 4
112 104 8 3 2 9 11 5 12 7 8 6 10 4 13 1 14 0
116 107 9 3 2 9 11 5 12 7 8 0 10 4 13 1 14 6
117 108 9 3 2 9 0 5 12 7 8 11 10 4 13 1 14 6
118 109 9 3 2 0 9 5 12 7 8 11 10 4 13 1 14 6
116 107 9 0 2 9 11 5 12 7 8 6 10 4 13 1 14 3
118 109 9 4 2 9 11 5 12 7 8 6 10 0 13 1 14 3
119 111 8 4 2 9 11 5 12 7 8 6 10 3 13 1 14 0
123 114 9 4 2 9 11 5 12 7 8 0 10 3 13 1 14 6
124 115 9 4 2 9 0 5 12 7 8 11 10 3 13 1 14 6
125 116 9 4 2 0 9 5 12 7 8 11 10 3 13 1 14 6
103 94 9 3 2 9 11 5 0 7 8 6 10 4 13 1 14 12
104 95 9 3 2 9 11 5 4 7 8 6 10 0 13 1 14 12
105 97 8 3 2 9 11 5 4 7 8 6 10 12 13 1 14 0
109 100 9 3 2 9 11 5 4 7 8 0 10 12 13 1 14 6
110 101 9 3 2 9 0 5 4 7 8 11 10 12 13 1 14 6
111 102 9 3 2 0 9 5 4 7 8 11 10 12 13 1 14 6
108 99 9 12 2 9 11 5 3 7 8 6 10 13 0 1 14 4
109 100 9 12 2 9 11 5 3 7 8 6 10 13 1 0 14 4
108 99 9 12 2 9 11 5 0 7 8 6 10 3 13 1 14 4
104 95 9 4 2 9 11 5 3 7 8 6 10 0 13 1 14 12
105 96 9 4 2 9 11 5 3 7 8 6 10 13 0 1 14 12
106 97 9 4 2 9 11 5 3 7 8 6 10 13 1 0 14 12
105 96 9 4 2 9 11 5 0 7 8 6 10 3 13 1 14 12
119 110 9 4 2 9 11 5 12 7 8 6 10 13 0 1 14 3
120 111 9 4 2 9 11 5 12 7 8 6 10 13 1 0 14 3
113 104 9 0 2 9 11 5 12 7 8 6 10 3 13 1 14 4
112 103 9 3 2 9 11 5 12 7 8 6 10 13 0 1 14 4
113 104 9 3 2 9 11 5 12 7 8 6 10 13 1 0 14 4
105 96 9 3 2 9 11 5 4 7 8 6 10 13 0 1 14 12
106 97 9 3 2 9 11 5 4 7 8 6 10 13 1 0 14 12
109 100 9 0 2 9 11 5 4 7 8 6 10 12 13 1 14 3
111 102 9 12 2 9 11 5 4 7 8 6 10 0 13 1 14 3
112 104 8 12 2 9 11 5 4 7 8 6 10 3 13 1 14 0
116 107 9 12 2 9 11 5 4 7 8 0 10 3 13 1 14 6
117 108 9 12 2 9 0 5 4 7 8 11 10 3 13 1 14 6
118 109 9 12 2 0 9 5 4 7 8 11 10 3 13 1 14 6
112 103 9 12 2 9 11 5 4 7 8 6 10 13 0 1 14 3
113 104 9 12 2 9 11 5 4 7 8 6 10 13 1 0 14 3
106 97 9 0 2 9 11 5 4 7 8 6 10 3 13 1 14 12
112 103 9 12 2 9 11 5 0 7 8 6 10 4 13 1 14 3
110 101 9 4 2 9 11 5 0 7 8 6 10 12 13 1 14 3
112 102 10 4 2 9 11 5 7 0 8 6 10 12 13 1 14 3
113 103 10 4 2 9 11 5 7 13 8 6 10 12 0 1 14 3
113 104 9 4 2 9 11 5 7 13 8 6 10 0 12 1 14 3
114 106 8 4 2 9 11 5 7 13 8 6 10 3 12 1 14 0
118 109 9 4 2 9 11 5 7 13 8 0 10 3 12 1 14 6
119 110 9 4 2 9 0 5 7 13 8 11 10 3 12 1 14 6
120 111 9 4 2 0 9 5 7 13 8 11 10 3 12 1 14 6
118 109 9 0 2 9 11 5 7 13 8 6 10 3 12 1 14 4
121 112 9 13 2 9 11 5 7 0 8 6 10 3 12 1 14 4
121 113 8 13 2 9 11 5 0 7 8 6 10 3 12 1 14 4
122 114 8 13 2 9 11 5 3 7 8 6 10 0 12 1 14 4
123 116 7 13 2 9 11 5 3 7 8 6 10 4 12 1 14 0
127 119 8 13 2 9 11 5 3 7 8 0 10 4 12 1 14 6
128 120 8 13 2 9 0 5 3 7 8 11 10 4 12 1 14 6
129 121 8 13 2 0 9 5 3 7 8 11 10 4 12 1 14 6
127 119 8 0 2 9 11 5 3 7 8 6 10 4 12 1 14 13
129 121 8 4 2 9 11 5 3 7 8 6 10 0 12 1 14 13
130 123 7 4 2 9 11 5 3 7 8 6 10 13 12 1 14 0
134 126 8 4 2 9 11 5 3 7 8 0 10 13 12 1 14 6
135 127 8 4 2 9 0 5 3 7 8 11 10 13 12 1 14 6
136 128 8 4 2 0 9 5 3 7 8 11 10 13 12 1 14 6
130 122 8 4 2 9 11 5 0 7 8 6 10 3 12 1 14 13
128 120 8 3 2 9 11 5 0 7 8 6 10 4 12 1 14 13
129 121 8 3 2 9 11 5 4 7 8 6 10 0 12 1 14 13
130 123 7 3 2 9 11 5 4 7 8 6 10 13 12 1 14 0
134 126 8 3 2 9 11 5 4 7 8 0 10 13 12 1 14 6
135 127 8 3 2 9 0 5 4 7 8 11 10 13 12 1 14 6
136 128 8 3 2 0 9 5 4 7 8 11 10 13 12 1 14 6
134 126 8 0 2 9 11 5 4 7 8 6 10 13 12 1 14 3
136 128 8 13 2 9 11 5 4 7 8 6 10 0 12 1 14 3
137 130 7 13 2 9 11 5 4 7 8 6 10 3 12 1 14 0
141 133 8 13 2 9 11 5 4 7 8 0 10 3 12 1 14 6
142 134 8 13 2 9 0 5 4 7 8 11 10 3 12 1 14 6
143 135 8 13 2 0 9 5 4 7 8 11 10 3 12 1 14 6
137 129 8 13 2 9 11 5 0 7 8 6 10 4 12 1 14 3
124 116 8 0 2 9 11 5 3 7 8 6 10 13 12 1 14 4
125 117 8 3 2 9 11 5 0 7 8 6 10 13 12 1 14 4
126 118 8 3 2 9 11 5 13 7 8 6 10 0 12 1 14 4
127 120 7 3 2 9 11 5 13 7 8 6 10 4 12 1 14 0
131 123 8 3 2 9 11 5 13 7 8 0 10 4 12 1 14 6
132 124 8 3 2 9 0 5 13 7 8 11 10 4 12 1 14 6
133 125 8 3 2 0 9 5 13 7 8 11 10 4 12 1 14 6
131 123 8 0 2 9 11 5 13 7 8 6 10 4 12 1 14 3
133 125 8 4 2 9 11 5 13 7 8 6 10 0 12 1 14 3
134 127 7 4 2 9 11 5 13 7 8 6 10 3 12 1 14 0
138 130 8 4 2 9 11 5 13 7 8 0 10 3 12 1 14 6
139 131 8 4 2 9 0 5 13 7 8 11 10 3 12 1 14 6
140 132 8 4 2 0 9 5 13 7 8 11 10 3 12 1 14 6
128 120 8 0 2 9 11 5 13 7 8 6 10 3 12 1 14 4
131 123 8 0 2 9 11 5 4 7 8 6 10 3 12 1 14 13
134 126 8 4 2 9 11 5 0 7 8 6 10 13 12 1 14 3
135 126 9 7 2 9 11 5 4 0 8 6 10 3 12 1 14 13
136 127 9 7 2 9 11 5 0 4 8 6 10 3 12 1 14 13
137 128 9 7 2 9 11 5 3 4 8 6 10 0 12 1 14 13
138 130 8 7 2 9 11 5 3 4 8 6 10 13 12 1 14 0
142 133 9 7 2 9 11 5 3 4 8 0 10 13 12 1 14 6
143 134 9 7 2 9 0 5 3 4 8 11 10 13 12 1 14 6
144 135 9 7 2 0 9 5 3 4 8 11 10 13 12 1 14 6
142 133 9 0 2 9 11 5 3 4 8 6 10 13 12 1 14 7
145 136 9 4 2 9 11 5 3 0 8 6 10 13 12 1 14 7
146 137 9 4 2 9 11 5 0 3 8 6 10 13 12 1 14 7
147 138 9 4 2 9 11 5 13 3 8 6 10 0 12 1 14 7
148 140 8 4 2 9 11 5 13 3 8 6 10 7 12 1 14 0
152 143 9 4 2 9 11 5 13 3 8 0 10 7 12 1 14 6
153 144 9 4 2 9 0 5 13 3 8 11 10 7 12 1 14 6
154 145 9 4 2 0 9 5 13 3 8 11 10 7 12 1 14 6
126 117 9 13 2 9 11 0 3 7 8 6 10 5 12 1 14 4
127 119 8 13 2 9 11 4 3 7 8 6 10 5 12 1 14 0
131 122 9 13 2 9 11 4 3 7 8 0 10 5 12 1 14 6
132 123 9 13 2 9 0 4 3 7 8 11 10 5 12 1 14 6
132 124 8 13 2 9 4 0 3 7 8 11 10 5 12 1 14 6
134 127 7 13 2 9 4 5 3 7 8 11 10 0 12 1 14 6
135 129 6 13 2 9 4 5 3 7 8 11 10 6 12 1 14 0
139 132 7 13 2 9 4 5 3 7 8 0 10 6 12 1 14 11
139 132 7 0 2 9 4 5 3 7 8 11 10 6 12 1 14 13
141 134 7 6 2 9 4 5 3 7 8 11 10 0 12 1 14 13
142 136 6 6 2 9 4 5 3 7 8 11 10 13 12 1 14 0
146 139 7 6 2 9 4 5 3 7 8 0 10 13 12 1 14 11
142 135 7 6 2 9 4 5 0 7 8 11 10 3 12 1 14 13
140 133 7 3 2 9 4 5 0 7 8 11 10 6 12 1 14 13
140 134 6 3 2 9 4 5 6 7 8 11 10 0 12 1 14 13
141 136 5 3 2 9 4 5 6 7 8 11 10 13 12 1 14 0
145 139 6 3 2 9 4 5 6 7 8 0 10 13 12 1 14 11
145 139 6 0 2 9 4 5 6 7 8 11 10 13 12 1 14 3
147 141 6 13 2 9 4 5 6 7 8 11 10 0 12 1 14 3
148 143 5 13 2 9 4 5 6 7 8 11 10 3 12 1 14 0
152 146 6 13 2 9 4 5 6 7 8 0 10 3 12 1 14 11
142 136 6 0 2 9 4 5 6 7 8 11 10 3 12 1 14 13
146 139 7 7 2 9 4 5 6 0 8 11 10 3 12 1 14 13
145 138 7 5 2 9 4 0 6 7 8 11 10 3 12 1 14 13
146 140 6 5 2 9 4 13 6 7 8 11 10 3 12 1 14 0
150 143 7 5 2 9 4 13 6 7 8 0 10 3 12 1 14 11
150 143 7 0 2 9 4 13 6 7 8 11 10 3 12 1 14 5
152 145 7 3 2 9 4 13 6 7 8 11 10 0 12 1 14 5
153 147 6 3 2 9 4 13 6 7 8 11 10 5 12 1 14 0
157 150 7 3 2 9 4 13 6 7 8 0 10 5 12 1 14 11
157 150 7 0 2 9 4 13 6 7 8 11 10 5 12 1 14 3
142 135 7 3 2 9 4 5 6 7 8 11 10 12 0 1 14 13
143 136 7 3 2 9 4 5 6 7 8 11 10 12 1 0 14 13
148 141 7 5 2 9 4 11 6 7 8 0 10 3 12 1 14 13
154 147 7 13 2 9 4 5 6 7 8 14 10 3 12 1 0 11
154 148 6 13 2 9 4 5 6 7 8 14 10 3 12 1 11 0
158 151 7 13 2 9 4 5 6 7 8 0 10 3 12 1 11 14
149 142 7 7 2 9 4 5 6 0 8 11 10 13 12 1 14 3
158 151 7 0 2 9 4 5 6 7 8 14 10 3 12 1 11 13
160 153 7 3 2 9 4 5 6 7 8 14 10 0 12 1 11 13
161 155 6 3 2 9 4 5 6 7 8 14 10 13 12 1 11 0
165 158 7 3 2 9 4 5 6 7 8 0 10 13 12 1 11 14
165 158 7 0 2 9 4 5 6 7 8 14 10 13 12 1 11 3
157 150 7 13 2 9 4 5 6 7 8 14 10 0 12 1 11 3
147 140 7 2 0 9 4 5 6 7 8 11 10 13 12 1 14 3
148 141 7 2 9 0 4 5 6 7 8 11 10 13 12 1 14 3
154 147 7 13 2 9 0 5 6 7 8 4 10 3 12 1 14 11
155 148 7 13 2 0 9 5 6 7 8 4 10 3 12 1 14 11
151 144 7 13 2 9 4 0 6 7 8 11 10 5 12 1 14 3
152 146 6 13 2 9 4 3 6 7 8 11 10 5 12 1 14 0
156 149 7 13 2 9 4 3 6 7 8 0 10 5 12 1 14 11
156 149 7 0 2 9 4 3 6 7 8 11 10 5 12 1 14 13
155 148 7 13 2 9 4 3 6 7 8 11 10 0 12 1 14 5
157 150 7 0 2 9 4 3 6 7 8 11 10 13 12 1 14 5
159 153 6 5 2 9 4 3 6 7 8 11 10 13 12 1 14 0
163 156 7 5 2 9 4 3 6 7 8 0 10 13 12 1 14 11
154 147 7 13 2 9 4 11 6 7 8 0 10 5 12 1 14 3
147 140 7 3 2 9 0 5 6 7 8 4 10 13 12 1 14 11
148 141 7 3 2 0 9 5 6 7 8 4 10 13 12 1 14 11
149 142 7 13 2 9 4 5 6 7 8 11 10 12 0 1 14 3
150 143 7 13 2 9 4 5 6 7 8 11 10 12 1 0 14 3
149 142 7 13 2 9 4 5 0 7 8 11 10 6 12 1 14 3
144 137 7 3 2 9 4 5 6 7 8 11 10 13 12 1 0 14
145 138 7 3 2 9 4 5 6 7 8 11 10 13 12 0 1 14
145 138 7 3 2 9 4 0 6 7 8 11 10 13 12 1 14 5
148 141 7 3 2 9 4 11 6 7 8 0 10 13 12 1 14 5
151 144 7 13 2 9 4 5 6 0 8 11 10 7 12 1 14 3
152 145 7 13 2 9 4 0 6 7 8 11 10 3 12 1 14 5
155 148 7 13 2 9 4 11 6 7 8 0 10 3 12 1 14 5
151 144 7 13 2 9 4 5 6 7 8 11 10 3 12 1 0 14
152 145 7 13 2 9 4 5 6 7 8 11 10 3 12 0 1 14
144 137 7 3 2 9 4 5 6 7 8 11 0 13 12 1 14 10
145 138 7 3 2 9 4 5 6 7 8 0 11 13 12 1 14 10
151 144 7 13 2 9 4 5 6 7 8 11 0 3 12 1 14 10
152 145 7 13 2 9 4 5 6 7 8 0 11 3 12 1 14 10
154 147 7 13 2 9 4 5 6 7 8 10 0 3 12 1 14 11
154 148 6 13 2 9 4 5 6 7 8 10 11 3 12 1 14 0
158 151 7 0 2 9 4 5 6 7 8 10 11 3 12 1 14 13
160 153 7 3 2 9 4 5 6 7 8 10 11 0 12 1 14 13
161 155 6 3 2 9 4 5 6 7 8 10 11 13 12 1 14 0
165 158 7 0 2 9 4 5 6 7 8 10 11 13 12 1 14 3
157 150 7 13 2 9 4 5 6 7 8 10 11 0 12 1 14 3
154 147 7 13 2 9 4 5 6 7 0 8 10 3 12 1 14 11
155 148 7 13 2 9 4 5 6 7 1 8 10 3 12 0 14 11
155 148 7 13 2 0 4 5 6 7 9 8 10 3 12 1 14 11
148 141 7 5 2 9 4 3 6 7 8 11 10 0 12 1 14 13
135 128 7 13 2 9 4 5 0 7 8 11 10 3 12 1 14 6
144 137 7 2 0 9 4 5 6 7 8 11 10 3 12 1 14 13
145 138 7 2 9 0 4 5 6 7 8 11 10 3 12 1 14 13
133 126 7 13 2 9 4 6 3 7 8 11 10 5 12 1 14 0
147 140 7 6 2 9 4 5 0 7 8 11 10 13 12 1 14 3
148 141 7 6 2 9 4 5 13 7 8 11 10 0 12 1 14 3
149 143 6 6 2 9 4 5 13 7 8 11 10 3 12 1 14 0
153 146 7 6 2 9 4 5 13 7 8 0 10 3 12 1 14 11
153 146 7 0 2 9 4 5 13 7 8 11 10 3 12 1 14 6
155 148 7 3 2 9 4 5 13 7 8 11 10 0 12 1 14 6
156 150 6 3 2 9 4 5 13 7 8 11 10 6 12 1 14 0
160 153 7 3 2 9 4 5 13 7 8 0 10 6 12 1 14 11
156 149 7 3 2 9 4 5 0 7 8 11 10 13 12 1 14 6
150 143 7 0 2 9 4 5 13 7 8 11 10 6 12 1 14 3
144 137 7 3 2 9 4 5 6 0 8 11 10 7 12 1 14 13
149 142 7 5 2 9 4 13 6 7 8 11 10 0 12 1 14 3
144 137 7 3 2 9 4 0 6 7 8 11 10 5 12 1 14 13
147 140 7 3 2 9 4 11 6 7 8 0 10 5 12 1 14 13
136 129 7 0 2 9 4 5 3 7 8 11 10 13 12 1 14 6
155 148 7 13 2 9 4 5 6 7 8 14 10 3 12 0 1 11
147 140 7 3 2 9 4 5 6 7 8 10 0 13 12 1 14 11
148 141 7 5 2 9 4 0 6 7 8 11 10 13 12 1 14 3
151 144 7 5 2 9 4 11 6 7 8 0 10 13 12 1 14 3
147 140 7 3 2 9 4 5 6 7 8 14 10 13 12 1 0 11
148 141 7 3 2 9 4 5 6 7 8 14 10 13 12 0 1 11
147 140 7 3 2 9 4 5 6 7 0 8 10 13 12 1 14 11
148 141 7 3 2 9 4 5 6 7 1 8 10 13 12 0 14 11
148 141 7 3 2 0 4 5 6 7 9 8 10 13 12 1 14 11
150 142 8 3 2 4 0 5 6 7 9 8 10 13 12 1 14 11
151 143 8 3 2 4 8 5 6 7 9 0 10 13 12 1 14 11
151 144 7 3 2 4 8 5 6 7 0 9 10 13 12 1 14 11
152 145 7 3 2 4 8 5 6 7 1 9 10 13 12 0 14 11
152 145 7 3 2 0 8 5 6 7 4 9 10 13 12 1 14 11
153 146 7 3 2 8 0 5 6 7 4 9 10 13 12 1 14 11
155 147 8 3 2 8 5 0 6 7 4 9 10 13 12 1 14 11
156 149 7 3 2 8 5 11 6 7 4 9 10 13 12 1 14 0
160 152 8 0 2 8 5 11 6 7 4 9 10 13 12 1 14 3
162 154 8 13 2 8 5 11 6 7 4 9 10 0 12 1 14 3
164 157 7 13 2 8 5 0 6 7 4 9 10 11 12 1 14 3
165 159 6 13 2 8 5 3 6 7 4 9 10 11 12 1 14 0
164 158 6 13 2 8 0 5 6 7 4 9 10 11 12 1 14 3
165 159 6 13 2 0 8 5 6 7 4 9 10 11 12 1 14 3
166 160 6 13 2 4 8 5 6 7 0 9 10 11 12 1 14 3
167 161 6 13 2 4 8 5 6 7 1 9 10 11 12 0 14 3
169 162 7 13 2 4 8 5 6 7 1 9 10 11 12 14 0 3
169 163 6 13 2 4 8 5 6 7 1 9 10 11 12 14 3 0
173 166 7 0 2 4 8 5 6 7 1 9 10 11 12 14 3 13
169 162 7 13 2 4 8 5 6 7 1 9 10 11 0 12 14 3
168 161 7 13 2 4 8 5 6 7 9 0 10 11 12 1 14 3
169 162 7 13 2 4 0 5 6 7 9 8 10 11 12 1 14 3
169 163 6 13 2 0 4 5 6 7 9 8 10 11 12 1 14 3
170 164 6 13 2 9 4 5 6 7 0 8 10 11 12 1 14 3
170 165 5 13 2 9 4 5 6 7 8 0 10 11 12 1 14 3
172 166 6 13 2 9 4 5 6 7 8 10 0 11 12 1 14 3
172 167 5 13 2 9 4 5 6 7 8 10 3 11 12 1 14 0
176 170 6 13 2 9 4 5 6 7 8 0 3 11 12 1 14 10
177 171 6 13 2 9 4 5 6 7 8 3 0 11 12 1 14 10
176 172 4 13 2 9 4 5 6 7 8 3 10 11 12 1 14 0
180 175 5 0 2 9 4 5 6 7 8 3 10 11 12 1 14 13
184 178 6 7 2 9 4 5 6 0 8 3 10 11 12 1 14 13
172 166 6 13 2 9 4 5 6 7 8 14 10 11 12 1 0 3
172 167 5 13 2 9 4 5 6 7 8 14 10 11 12 1 3 0
176 170 6 13 2 9 4 5 6 7 8 0 10 11 12 1 3 14
176 170 6 0 2 9 4 5 6 7 8 14 10 11 12 1 3 13
173 167 6 13 2 9 4 5 6 7 8 14 10 11 12 0 1 3
183 177 6 11 2 9 4 5 6 7 8 3 10 0 12 1 14 13
184 179 5 11 2 9 4 5 6 7 8 3 10 13 12 1 14 0
188 182 6 11 2 9 4 5 6 7 8 0 10 13 12 1 14 3
188 182 6 0 2 9 4 5 6 7 8 3 10 13 12 1 14 11
180 174 6 13 2 9 4 5 6 7 8 3 10 0 12 1 14 11
171 165 6 13 2 9 4 5 6 7 1 8 10 11 12 0 14 3
177 171 6 13 2 9 4 5 6 7 8 3 10 11 12 1 0 14
178 172 6 13 2 9 4 5 6 7 8 3 10 11 12 0 1 14
182 176 6 2 0 9 4 5 6 7 8 3 10 11 12 1 14 13
183 177 6 2 9 0 4 5 6 7 8 3 10 11 12 1 14 13
176 170 6 0 2 9 4 5 6 7 8 10 3 11 12 1 14 13
172 166 6 13 2 9 0 5 6 7 8 4 10 11 12 1 14 3
173 167 6 13 2 0 9 5 6 7 8 4 10 11 12 1 14 3
183 177 6 5 2 9 4 0 6 7 8 3 10 11 12 1 14 13
184 179 5 5 2 9 4 13 6 7 8 3 10 11 12 1 14 0
188 182 6 5 2 9 4 13 6 7 8 0 10 11 12 1 14 3
188 182 6 0 2 9 4 13 6 7 8 3 10 11 12 1 14 5
186 180 6 5 2 9 4 3 6 7 8 0 10 11 12 1 14 13
182 176 6 6 2 9 4 5 0 7 8 3 10 11 12 1 14 13
180 174 6 13 2 9 4 0 6 7 8 3 10 11 12 1 14 5
183 177 6 13 2 9 4 3 6 7 8 0 10 11 12 1 14 5
185 178 7 13 2 9 4 3 6 7 8 10 0 11 12 1 14 5
185 179 6 13 2 9 4 3 6 7 8 10 5 11 12 1 14 0
189 182 7 13 2 9 4 3 6 7 8 0 5 11 12 1 14 10
190 183 7 13 2 9 4 3 6 7 8 5 0 11 12 1 14 10
189 184 5 13 2 9 4 3 6 7 8 5 10 11 12 1 14 0
193 187 6 0 2 9 4 3 6 7 8 5 10 11 12 1 14 13
195 189 6 3 2 9 4 0 6 7 8 5 10 11 12 1 14 13
197 192 5 3 2 9 4 5 6 7 8 0 10 11 12 1 14 13
196 191 5 3 2 9 4 13 6 7 8 5 10 11 12 1 14 0
200 194 6 3 2 9 4 13 6 7 8 0 10 11 12 1 14 5
200 194 6 0 2 9 4 13 6 7 8 5 10 11 12 1 14 3
199 193 6 3 2 9 4 5 6 7 8 10 0 11 12 1 14 13
199 194 5 3 2 9 4 5 6 7 8 10 13 11 12 1 14 0
203 197 6 3 2 9 4 5 6 7 8 0 13 11 12 1 14 10
204 198 6 3 2 9 4 5 6 7 8 13 0 11 12 1 14 10
203 199 4 3 2 9 4 5 6 7 8 13 10 11 12 1 14 0
207 202 5 0 2 9 4 5 6 7 8 13 10 11 12 1 14 3
211 205 6 7 2 9 4 5 6 0 8 13 10 11 12 1 14 3
210 204 6 11 2 9 4 5 6 7 8 13 10 0 12 1 14 3
211 206 5 11 2 9 4 5 6 7 8 13 10 3 12 1 14 0
215 209 6 11 2 9 4 5 6 7 8 0 10 3 12 1 14 13
215 209 6 0 2 9 4 5 6 7 8 13 10 3 12 1 14 11
210 204 6 5 2 9 4 0 6 7 8 13 10 11 12 1 14 3
211 206 5 5 2 9 4 3 6 7 8 13 10 11 12 1 14 0
215 209 6 0 2 9 4 3 6 7 8 13 10 11 12 1 14 5
209 203 6 2 0 9 4 5 6 7 8 13 10 11 12 1 14 3
210 204 6 2 9 0 4 5 6 7 8 13 10 11 12 1 14 3
209 203 6 6 2 9 4 5 0 7 8 13 10 11 12 1 14 3
199 193 6 3 2 9 0 5 6 7 8 4 10 11 12 1 14 13
200 194 6 3 2 0 9 5 6 7 8 4 10 11 12 1 14 13
199 193 6 3 2 9 4 5 6 7 8 14 10 11 12 1 0 13
199 194 5 3 2 9 4 5 6 7 8 14 10 11 12 1 13 0
203 197 6 3 2 9 4 5 6 7 8 0 10 11 12 1 13 14
203 197 6 0 2 9 4 5 6 7 8 14 10 11 12 1 13 3
200 194 6 3 2 9 4 5 6 7 8 14 10 11 12 0 1 13
207 201 6 3 2 9 4 0 6 7 8 13 10 11 12 1 14 5
203 197 6 0 2 9 4 5 6 7 8 10 13 11 12 1 14 3
192 186 6 13 2 9 4 0 6 7 8 5 10 11 12 1 14 3
204 198 6 3 2 9 4 5 6 7 8 13 10 11 12 1 0 14
205 199 6 3 2 9 4 5 6 7 8 13 10 11 12 0 1 14
199 193 6 3 2 9 4 5 6 7 0 8 10 11 12 1 14 13
200 194 6 3 2 9 4 5 6 7 1 8 10 11 12 0 14 13
200 194 6 3 2 0 4 5 6 7 9 8 10 11 12 1 14 13
207 201 6 3 2 9 4 5 6 7 8 13 10 0 12 1 14 11
211 204 7 3 2 9 4 5 6 0 8 13 10 7 12 1 14 11
202 195 7 3 2 9 4 5 6 7 1 8 10 11 0 12 14 13
172 165 7 13 2 9 4 5 6 0 7 8 10 11 12 1 14 3
168 161 7 13 2 4 8 5 6 0 7 9 10 11 12 1 14 3
178 171 7 13 2 9 4 5 6 7 8 14 3 11 12 1 0 10
178 172 6 13 2 9 4 5 6 7 8 14 3 11 12 1 10 0
182 175 7 13 2 9 4 5 6 7 8 0 3 11 12 1 10 14
183 176 7 13 2 9 4 5 6 7 8 3 0 11 12 1 10 14
183 177 6 13 2 9 4 5 6 7 8 3 14 11 12 1 10 0
187 180 7 13 2 9 4 5 6 7 8 0 14 11 12 1 10 3
188 181 7 13 2 9 4 5 6 7 8 10 14 11 12 1 0 3
188 182 6 13 2 9 4 5 6 7 8 10 14 11 12 1 3 0
192 185 7 13 2 9 4 5 6 7 8 0 14 11 12 1 3 10
186 179 7 7 0 9 4 5 6 2 8 3 10 11 12 1 14 13
187 180 7 7 9 0 4 5 6 2 8 3 10 11 12 1 14 13
185 178 7 13 2 9 4 5 6 7 8 3 14 11 12 1 0 10
186 179 7 13 2 9 4 5 6 7 8 3 14 11 12 0 1 10
186 179 7 7 2 9 4 5 6 12 8 3 10 11 0 1 14 13
187 180 7 7 2 9 4 5 6 12 8 3 10 11 1 0 14 13
178 171 7 13 2 9 0 5 6 7 8 4 10 11 12 1 3 14
179 172 7 13 2 0 9 5 6 7 8 4 10 11 12 1 3 14
185 178 7 11 2 9 4 5 6 7 8 3 10 12 0 1 14 13
186 179 7 11 2 9 4 5 6 7 8 3 10 12 1 0 14 13
178 171 7 13 2 9 4 5 6 7 0 8 10 11 12 1 3 14
179 172 7 13 2 9 4 5 6 7 1 8 10 11 12 0 3 14
180 173 7 13 2 9 4 5 6 7 1 8 10 11 12 3 0 14
179 174 5 13 2 9 4 5 6 7 1 8 10 11 12 3 14 0
183 177 6 13 2 9 4 5 6 7 1 0 10 11 12 3 14 8
184 178 6 13 2 9 4 5 6 7 0 1 10 11 12 3 14 8
185 179 6 13 2 9 4 5 6 7 3 1 10 11 12 0 14 8
185 179 6 13 2 0 4 5 6 7 9 1 10 11 12 3 14 8
183 177 6 0 2 9 4 5 6 7 1 8 10 11 12 3 14 13
187 180 7 7 2 9 4 5 6 0 1 8 10 11 12 3 14 13
188 181 7 7 2 9 4 5 6 1 0 8 10 11 12 3 14 13
188 182 6 7 2 9 4 5 6 1 8 0 10 11 12 3 14 13
190 183 7 7 2 9 4 5 6 1 8 10 0 11 12 3 14 13
190 184 6 7 2 9 4 5 6 1 8 10 13 11 12 3 14 0
194 187 7 7 2 9 4 5 6 1 8 0 13 11 12 3 14 10
195 188 7 7 2 9 4 5 6 1 8 13 0 11 12 3 14 10
194 189 5 7 2 9 4 5 6 1 8 13 10 11 12 3 14 0
198 192 6 0 2 9 4 5 6 1 8 13 10 11 12 3 14 7
200 195 5 1 2 9 4 5 6 0 8 13 10 11 12 3 14 7
202 196 6 1 2 9 4 5 6 8 0 13 10 11 12 3 14 7
203 197 6 1 2 9 4 5 6 8 13 0 10 11 12 3 14 7
203 197 6 1 2 9 4 5 6 8 3 13 10 11 12 0 14 7
203 197 6 1 2 0 4 5 6 8 9 13 10 11 12 3 14 7
202 196 6 1 2 9 4 5 0 6 8 13 10 11 12 3 14 7
202 196 6 1 2 9 4 5 6 12 8 13 10 11 0 3 14 7
203 197 6 1 2 9 4 5 6 12 8 13 10 11 3 0 14 7
202 196 6 1 0 9 4 5 6 2 8 13 10 11 12 3 14 7
203 197 6 1 9 0 4 5 6 2 8 13 10 11 12 3 14 7
205 198 7 1 9 4 0 5 6 2 8 13 10 11 12 3 14 7
206 199 7 1 9 4 13 5 6 2 8 0 10 11 12 3 14 7
173 166 7 13 2 9 4 5 6 7 1 8 10 11 0 12 14 3
190 183 7 2 0 9 4 5 6 7 8 3 10 13 12 1 14 11
191 184 7 2 9 0 4 5 6 7 8 3 10 13 12 1 14 11
190 183 7 6 2 9 4 5 0 7 8 3 10 13 12 1 14 11
191 184 7 6 2 9 4 5 13 7 8 3 10 0 12 1 14 11
191 186 5 6 2 9 4 5 13 7 8 3 10 11 12 1 14 0
195 189 6 6 2 9 4 5 13 7 8 0 10 11 12 1 14 3
195 189 6 0 2 9 4 5 13 7 8 3 10 11 12 1 14 6
196 190 6 13 2 9 4 5 0 7 8 3 10 11 12 1 14 6
198 191 7 13 2 9 4 5 7 0 8 3 10 11 12 1 14 6
197 190 7 6 2 9 4 5 13 7 0 8 10 11 12 1 14 3
198 191 7 6 2 9 4 5 13 7 1 8 10 11 12 0 14 3
198 191 7 6 2 0 4 5 13 7 9 8 10 11 12 1 14 3
182 175 7 13 2 9 4 5 6 7 8 3 10 12 0 1 14 11
183 176 7 13 2 9 4 5 6 7 8 3 10 12 1 0 14 11
187 180 7 5 2 9 4 11 6 7 8 3 10 0 12 1 14 13
188 182 6 5 2 9 4 11 6 7 8 3 10 13 12 1 14 0
192 185 7 0 2 9 4 11 6 7 8 3 10 13 12 1 14 5
189 182 7 0 2 9 4 11 6 7 8 3 10 5 12 1 14 13
191 185 6 13 2 9 4 11 6 7 8 3 10 5 12 1 14 0
174 167 7 13 2 9 5 0 6 7 8 4 10 11 12 1 14 3
175 169 6 13 2 9 5 3 6 7 8 4 10 11 12 1 14 0
179 172 7 13 2 9 5 3 6 7 8 0 10 11 12 1 14 4
180 173 7 13 2 9 0 3 6 7 8 5 10 11 12 1 14 4
181 174 7 13 2 9 3 0 6 7 8 5 10 11 12 1 14 4
183 177 6 13 2 9 3 5 6 7 8 0 10 11 12 1 14 4
184 178 6 13 2 9 0 5 6 7 8 3 10 11 12 1 14 4
185 179 6 13 2 0 9 5 6 7 8 3 10 11 12 1 14 4
182 176 6 13 2 9 3 4 6 7 8 5 10 11 12 1 14 0
186 179 7 13 2 9 3 4 6 7 8 0 10 11 12 1 14 5
186 179 7 0 2 9 3 4 6 7 8 5 10 11 12 1 14 13
188 181 7 4 2 9 3 0 6 7 8 5 10 11 12 1 14 13
190 184 6 4 2 9 3 5 6 7 8 0 10 11 12 1 14 13
191 185 6 4 2 9 0 5 6 7 8 3 10 11 12 1 14 13
192 186 6 4 2 0 9 5 6 7 8 3 10 11 12 1 14 13
189 183 6 4 2 9 3 13 6 7 8 5 10 11 12 1 14 0
193 186 7 4 2 9 3 13 6 7 8 0 10 11 12 1 14 5
194 187 7 4 2 9 0 13 6 7 8 3 10 11 12 1 14 5
195 188 7 4 2 9 13 0 6 7 8 3 10 11 12 1 14 5
195 190 5 4 2 9 13 5 6 7 8 3 10 11 12 1 14 0
199 193 6 4 2 9 13 5 6 7 8 0 10 11 12 1 14 3
200 194 6 4 2 9 0 5 6 7 8 13 10 11 12 1 14 3
201 195 6 4 2 0 9 5 6 7 8 13 10 11 12 1 14 3
199 193 6 0 2 9 13 5 6 7 8 3 10 11 12 1 14 4
203 196 7 7 2 9 13 5 6 0 8 3 10 11 12 1 14 4
202 195 7 11 2 9 13 5 6 7 8 3 10 0 12 1 14 4
203 197 6 11 2 9 13 5 6 7 8 3 10 4 12 1 14 0
207 200 7 11 2 9 13 5 6 7 8 0 10 4 12 1 14 3
208 201 7 11 2 9 0 5 6 7 8 13 10 4 12 1 14 3
209 202 7 11 2 0 9 5 6 7 8 13 10 4 12 1 14 3
207 200 7 0 2 9 13 5 6 7 8 3 10 4 12 1 14 11
202 195 7 5 2 9 13 0 6 7 8 3 10 11 12 1 14 4
203 197 6 5 2 9 13 4 6 7 8 3 10 11 12 1 14 0
207 200 7 5 2 9 13 4 6 7 8 0 10 11 12 1 14 3
205 198 7 5 2 9 13 3 6 7 8 0 10 11 12 1 14 4
206 199 7 5 2 9 0 3 6 7 8 13 10 11 12 1 14 4
207 200 7 5 2 9 3 0 6 7 8 13 10 11 12 1 14 4
208 202 6 5 2 9 3 4 6 7 8 13 10 11 12 1 14 0
208 202 6 0 2 9 3 5 6 7 8 13 10 11 12 1 14 4
210 205 5 4 2 9 3 5 6 7 8 13 10 11 12 1 14 0
214 207 7 4 2 9 3 0 6 7 8 13 10 11 12 1 14 5
215 208 7 4 2 9 0 3 6 7 8 13 10 11 12 1 14 5
216 209 7 4 2 0 9 3 6 7 8 13 10 11 12 1 14 5
214 207 7 4 2 9 3 5 6 7 8 13 10 0 12 1 14 11
216 209 7 0 2 9 3 5 6 7 8 13 10 4 12 1 14 11
218 212 6 11 2 9 3 5 6 7 8 13 10 4 12 1 14 0
222 215 7 11 2 9 3 5 6 7 8 0 10 4 12 1 14 13
223 216 7 11 2 9 0 5 6 7 8 3 10 4 12 1 14 13
224 217 7 11 2 0 9 5 6 7 8 3 10 4 12 1 14 13
213 206 7 4 2 9 3 5 6 7 8 13 10 11 12 1 0 14
214 207 7 4 2 9 3 5 6 7 8 13 10 11 12 0 1 14
214 207 7 4 2 9 3 5 6 7 8 0 10 11 12 1 13 14
215 208 7 4 2 9 0 5 6 7 8 3 10 11 12 1 13 14
216 209 7 4 2 0 9 5 6 7 8 3 10 11 12 1 13 14
193 186 7 4 2 9 5 0 6 7 8 3 10 11 12 1 14 13
194 188 6 4 2 9 5 13 6 7 8 3 10 11 12 1 14 0
198 191 7 4 2 9 5 13 6 7 8 0 10 11 12 1 14 3
199 192 7 4 2 9 0 13 6 7 8 5 10 11 12 1 14 3
200 193 7 4 2 9 13 0 6 7 8 5 10 11 12 1 14 3
201 195 6 4 2 9 13 3 6 7 8 5 10 11 12 1 14 0
205 198 7 0 2 9 13 3 6 7 8 5 10 11 12 1 14 4
207 200 7 3 2 9 13 0 6 7 8 5 10 11 12 1 14 4
209 203 6 3 2 9 13 5 6 7 8 0 10 11 12 1 14 4
210 204 6 3 2 9 0 5 6 7 8 13 10 11 12 1 14 4
211 205 6 3 2 0 9 5 6 7 8 13 10 11 12 1 14 4
208 202 6 3 2 9 13 4 6 7 8 5 10 11 12 1 14 0
212 205 7 3 2 9 13 4 6 7 8 0 10 11 12 1 14 5
213 206 7 3 0 2 9 5 6 7 8 13 10 11 12 1 14 4
214 207 7 0 3 2 9 5 6 7 8 13 10 11 12 1 14 4
216 210 6 4 3 2 9 5 6 7 8 13 10 11 12 1 14 0
220 213 7 4 3 2 9 5 6 7 8 0 10 11 12 1 14 13
220 214 6 4 3 2 0 5 6 7 8 9 10 11 12 1 14 13
221 215 6 4 3 0 2 5 6 7 8 9 10 11 12 1 14 13
221 216 5 4 0 3 2 5 6 7 8 9 10 11 12 1 14 13
222 217 5 0 4 3 2 5 6 7 8 9 10 11 12 1 14 13
224 220 4 13 4 3 2 5 6 7 8 9 10 11 12 1 14 0
229 223 6 13 4 3 2 5 6 7 8 0 10 11 12 1 14 9
230 224 6 13 4 3 0 5 6 7 8 2 10 11 12 1 14 9
228 222 6 13 4 3 2 0 6 7 8 9 10 11 12 1 14 5
230 224 6 0 4 3 2 13 6 7 8 9 10 11 12 1 14 5
232 227 5 5 4 3 2 13 6 7 8 9 10 11 12 1 14 0
231 225 6 4 0 3 2 13 6 7 8 9 10 11 12 1 14 5
229 223 6 13 4 3 0 2 6 7 8 9 10 11 12 1 14 5
228 222 6 13 4 3 2 5 6 7 8 9 10 0 12 1 14 11
230 224 6 0 4 3 2 5 6 7 8 9 10 13 12 1 14 11
232 227 5 11 4 3 2 5 6 7 8 9 10 13 12 1 14 0
231 225 6 4 0 3 2 5 6 7 8 9 10 13 12 1 14 11
227 221 6 13 4 3 2 5 6 7 8 9 10 11 12 1 0 14
228 222 6 13 4 3 2 5 6 7 8 9 10 11 12 0 1 14
227 221 6 13 4 3 2 5 6 7 8 9 0 11 12 1 14 10
226 220 6 7 4 3 2 5 6 0 8 9 10 11 12 1 14 13
227 221 6 7 0 3 2 5 6 4 8 9 10 11 12 1 14 13
228 222 6 0 7 3 2 5 6 4 8 9 10 11 12 1 14 13
230 225 5 13 7 3 2 5 6 4 8 9 10 11 12 1 14 0
225 219 6 5 4 3 2 0 6 7 8 9 10 11 12 1 14 13
226 220 6 5 4 3 0 2 6 7 8 9 10 11 12 1 14 13
225 219 6 11 4 3 2 5 6 7 8 9 10 0 12 1 14 13
223 217 6 4 7 3 2 5 6 0 8 9 10 11 12 1 14 13
224 218 6 6 4 3 2 5 0 7 8 9 10 11 12 1 14 13
226 219 7 6 4 3 2 5 7 0 8 9 10 11 12 1 14 13
227 220 7 6 0 3 2 5 7 4 8 9 10 11 12 1 14 13
228 221 7 0 6 3 2 5 7 4 8 9 10 11 12 1 14 13
230 224 6 13 6 3 2 5 7 4 8 9 10 11 12 1 14 0
231 224 7 4 6 3 2 5 7 0 8 9 10 11 12 1 14 13
231 225 6 4 6 3 2 5 0 7 8 9 10 11 12 1 14 13
233 226 7 4 6 3 2 5 11 7 8 9 10 0 12 1 14 13
234 228 6 4 6 3 2 5 11 7 8 9 10 13 12 1 14 0
238 231 7 0 6 3 2 5 11 7 8 9 10 13 12 1 14 4
240 233 7 13 6 3 2 5 11 7 8 9 10 0 12 1 14 4
241 235 6 13 6 3 2 5 11 7 8 9 10 4 12 1 14 0
240 234 6 13 6 3 2 5 0 7 8 9 10 11 12 1 14 4
242 235 7 13 6 3 2 5 7 0 8 9 10 11 12 1 14 4
243 236 7 13 0 3 2 5 7 6 8 9 10 11 12 1 14 4
244 237 7 0 13 3 2 5 7 6 8 9 10 11 12 1 14 4
246 240 6 4 13 3 2 5 7 6 8 9 10 11 12 1 14 0
247 240 7 6 13 3 2 5 7 0 8 9 10 11 12 1 14 4
247 241 6 6 13 3 2 5 0 7 8 9 10 11 12 1 14 4
249 242 7 6 13 3 2 5 11 7 8 9 10 0 12 1 14 4
250 244 6 6 13 3 2 5 11 7 8 9 10 4 12 1 14 0
254 247 7 0 13 3 2 5 11 7 8 9 10 4 12 1 14 6
256 249 7 4 13 3 2 5 11 7 8 9 10 0 12 1 14 6
257 251 6 4 13 3 2 5 11 7 8 9 10 6 12 1 14 0
256 250 6 4 13 3 2 5 0 7 8 9 10 11 12 1 14 6
258 251 7 4 13 3 2 5 7 0 8 9 10 11 12 1 14 6
259 252 7 4 0 3 2 5 7 13 8 9 10 11 12 1 14 6
260 253 7 0 4 3 2 5 7 13 8 9 10 11 12 1 14 6
262 256 6 6 4 3 2 5 7 13 8 9 10 11 12 1 14 0
263 256 7 13 4 3 2 5 7 0 8 9 10 11 12 1 14 6
263 257 6 13 4 3 2 5 0 7 8 9 10 11 12 1 14 6
265 258 7 13 4 3 2 5 11 7 8 9 10 0 12 1 14 6
266 260 6 13 4 3 2 5 11 7 8 9 10 6 12 1 14 0
270 263 7 0 4 3 2 5 11 7 8 9 10 6 12 1 14 13
271 264 7 4 0 3 2 5 11 7 8 9 10 6 12 1 14 13
267 260 7 0 4 3 2 5 11 7 8 9 10 13 12 1 14 6
269 263 6 6 4 3 2 5 11 7 8 9 10 13 12 1 14 0
268 261 7 4 0 3 2 5 11 7 8 9 10 13 12 1 14 6
208 201 7 3 2 9 0 13 6 7 8 5 10 11 12 1 14 4
209 202 7 3 2 0 9 13 6 7 8 5 10 11 12 1 14 4
209 202 7 3 2 9 5 13 6 7 8 0 10 11 12 1 14 4
201 194 7 6 2 9 13 5 0 7 8 3 10 11 12 1 14 4
202 195 7 0 2 9 13 4 6 7 8 5 10 11 12 1 14 3
211 204 7 3 2 9 13 5 6 7 8 10 0 11 12 1 14 4
211 205 6 3 2 9 13 5 6 7 8 10 4 11 12 1 14 0
215 208 7 3 2 9 13 5 6 7 8 0 4 11 12 1 14 10
216 209 7 3 2 9 13 5 6 7 8 4 0 11 12 1 14 10
215 210 5 3 2 9 13 5 6 7 8 4 10 11 12 1 14 0
219 213 6 0 2 9 13 5 6 7 8 4 10 11 12 1 14 3
223 216 7 7 2 9 13 5 6 0 8 4 10 11 12 1 14 3
222 215 7 11 2 9 13 5 6 7 8 4 10 0 12 1 14 3
223 217 6 11 2 9 13 5 6 7 8 4 10 3 12 1 14 0
227 220 7 11 2 9 13 5 6 7 8 0 10 3 12 1 14 4
228 221 7 11 2 9 0 5 6 7 8 13 10 3 12 1 14 4
229 222 7 11 2 0 9 5 6 7 8 13 10 3 12 1 14 4
227 220 7 0 2 9 13 5 6 7 8 4 10 3 12 1 14 11
231 224 7 13 4 3 2 5 6 7 0 8 10 11 12 1 14 9
232 225 7 13 4 3 2 5 6 7 1 8 10 11 12 0 14 9
231 224 7 13 4 3 2 5 6 7 8 14 10 11 12 1 0 9
231 225 6 13 4 3 2 5 6 7 8 14 10 11 12 1 9 0
235 228 7 0 4 3 2 5 6 7 8 14 10 11 12 1 9 13
236 229 7 4 0 3 2 5 6 7 8 14 10 11 12 1 9 13
232 225 7 13 4 3 2 5 6 7 8 14 10 11 12 0 1 9
230 223 7 13 4 3 2 10 6 7 8 9 0 11 12 1 14 5
230 224 6 13 4 3 2 10 6 7 8 9 5 11 12 1 14 0
234 227 7 0 4 3 2 10 6 7 8 9 5 11 12 1 14 13
236 229 7 10 4 3 2 0 6 7 8 9 5 11 12 1 14 13
237 231 6 10 4 3 2 13 6 7 8 9 5 11 12 1 14 0
236 230 6 10 4 3 2 5 6 7 8 9 0 11 12 1 14 13
236 231 5 10 4 3 2 5 6 7 8 9 13 11 12 1 14 0
240 234 6 0 4 3 2 5 6 7 8 9 13 11 12 1 14 10
241 235 6 4 0 3 2 5 6 7 8 9 13 11 12 1 14 10
243 236 7 4 3 0 2 5 6 7 8 9 13 11 12 1 14 10
244 237 7 4 3 2 0 5 6 7 8 9 13 11 12 1 14 10
240 233 7 10 4 3 2 0 6 7 8 9 13 11 12 1 14 5
242 235 7 0 4 3 2 10 6 7 8 9 13 11 12 1 14 5
244 238 6 5 4 3 2 10 6 7 8 9 13 11 12 1 14 0
243 236 7 4 0 3 2 10 6 7 8 9 13 11 12 1 14 5
232 225 7 6 4 3 2 5 0 7 8 9 10 13 12 1 14 11
233 226 7 6 4 3 2 5 13 7 8 9 10 0 12 1 14 11
233 228 5 6 4 3 2 5 13 7 8 9 10 11 12 1 14 0
237 231 6 0 4 3 2 5 13 7 8 9 10 11 12 1 14 6
238 232 6 4 0 3 2 5 13 7 8 9 10 11 12 1 14 6
240 233 7 4 3 0 2 5 13 7 8 9 10 11 12 1 14 6
241 234 7 4 3 2 0 5 13 7 8 9 10 11 12 1 14 6
236 229 7 6 4 3 2 5 13 7 8 9 0 11 12 1 14 10
235 228 7 11 4 3 2 5 6 7 8 9 10 13 12 1 0 14
236 229 7 11 4 3 2 5 6 7 8 9 10 13 12 0 1 14
235 228 7 11 4 3 2 5 6 7 8 9 0 13 12 1 14 10
228 221 7 7 4 3 2 5 0 6 8 9 10 11 12 1 14 13
230 223 7 13 4 3 2 5 6 7 0 9 10 11 12 8 1 14
229 222 7 13 4 3 2 5 6 7 8 0 10 11 12 1 9 14
230 223 7 13 4 3 0 5 6 7 8 2 10 11 12 1 9 14
233 226 7 4 7 3 2 5 6 0 8 9 10 13 12 1 14 11
228 221 7 7 4 3 2 5 6 12 8 9 10 11 0 1 14 13
229 222 7 7 4 3 2 5 6 12 8 9 10 11 1 0 14 13
237 230 7 11 4 3 2 5 6 7 8 0 10 13 12 1 14 9
238 231 7 11 4 3 0 5 6 7 8 2 10 13 12 1 14 9
223 216 7 4 3 8 2 5 6 7 0 9 10 11 12 1 14 13
224 217 7 4 3 8 2 5 6 7 1 9 10 11 12 0 14 13
234 227 7 13 7 3 2 5 6 4 8 9 10 0 12 1 14 11
237 230 7 13 7 3 2 5 6 0 8 9 10 4 12 1 14 11
237 231 6 13 0 3 2 5 6 7 8 9 10 4 12 1 14 11
238 232 6 0 13 3 2 5 6 7 8 9 10 4 12 1 14 11
240 235 5 11 13 3 2 5 6 7 8 9 10 4 12 1 14 0
243 237 6 11 13 3 2 5 6 7 8 9 10 0 12 1 14 4
244 239 5 0 13 3 2 5 6 7 8 9 10 11 12 1 14 4
246 242 4 4 13 3 2 5 6 7 8 9 10 11 12 1 14 0
245 240 5 13 0 3 2 5 6 7 8 9 10 11 12 1 14 4
247 241 6 13 3 0 2 5 6 7 8 9 10 11 12 1 14 4
248 242 6 13 3 2 0 5 6 7 8 9 10 11 12 1 14 4
247 241 6 13 7 3 2 5 6 0 8 9 10 11 12 1 14 4
251 245 6 4 13 3 2 5 6 7 8 0 10 11 12 1 14 9
252 246 6 4 13 3 0 5 6 7 8 2 10 11 12 1 14 9
250 244 6 4 13 3 2 0 6 7 8 9 10 11 12 1 14 5
252 246 6 0 13 3 2 4 6 7 8 9 10 11 12 1 14 5
254 249 5 5 13 3 2 4 6 7 8 9 10 11 12 1 14 0
253 247 6 13 0 3 2 4 6 7 8 9 10 11 12 1 14 5
251 245 6 4 13 3 0 2 6 7 8 9 10 11 12 1 14 5
249 243 6 4 13 3 2 5 6 7 8 9 10 11 12 1 0 14
250 244 6 4 13 3 2 5 6 7 8 9 10 11 12 0 1 14
249 243 6 4 13 3 2 5 6 7 8 9 0 11 12 1 14 10
248 242 6 7 13 3 2 5 6 0 8 9 10 11 12 1 14 4
249 243 6 7 0 3 2 5 6 13 8 9 10 11 12 1 14 4
250 244 6 0 7 3 2 5 6 13 8 9 10 11 12 1 14 4
252 247 5 4 7 3 2 5 6 13 8 9 10 11 12 1 14 0
240 234 6 4 13 3 2 5 6 7 8 9 10 0 12 1 14 11
247 241 6 5 13 3 2 0 6 7 8 9 10 11 12 1 14 4
248 242 6 5 13 3 0 2 6 7 8 9 10 11 12 1 14 4
250 243 7 5 13 0 3 2 6 7 8 9 10 11 12 1 14 4
251 244 7 5 0 13 3 2 6 7 8 9 10 11 12 1 14 4
252 245 7 0 5 13 3 2 6 7 8 9 10 11 12 1 14 4
254 248 6 4 5 13 3 2 6 7 8 9 10 11 12 1 14 0
257 250 7 4 5 13 3 0 6 7 8 9 10 11 12 1 14 2
259 252 7 0 5 13 3 4 6 7 8 9 10 11 12 1 14 2
261 255 6 2 5 13 3 4 6 7 8 9 10 11 12 1 14 0
227 220 7 11 4 3 2 5 0 7 8 9 10 6 12 1 14 13
228 221 7 5 4 0 3 2 6 7 8 9 10 11 12 1 14 13
229 222 7 5 0 4 3 2 6 7 8 9 10 11 12 1 14 13
230 223 7 0 5 4 3 2 6 7 8 9 10 11 12 1 14 13
232 226 6 13 5 4 3 2 6 7 8 9 10 11 12 1 14 0
235 228 7 13 5 4 3 0 6 7 8 9 10 11 12 1 14 2
237 230 7 0 5 4 3 13 6 7 8 9 10 11 12 1 14 2
239 233 6 2 5 4 3 13 6 7 8 9 10 11 12 1 14 0
227 220 7 11 4 3 2 5 6 7 8 9 10 12 0 1 14 13
228 221 7 11 4 3 2 5 6 7 8 9 10 12 1 0 14 13
225 218 7 4 7 3 2 5 0 6 8 9 10 11 12 1 14 13
225 218 7 4 7 3 2 5 6 12 8 9 10 11 0 1 14 13
226 219 7 4 7 3 2 5 6 12 8 9 10 11 1 0 14 13
192 185 7 13 2 9 4 3 6 7 8 5 10 11 12 1 0 14
193 186 7 13 2 9 4 3 6 7 8 5 10 11 12 0 1 14
201 194 7 2 0 9 13 5 6 7 8 3 10 11 12 1 14 4
202 195 7 2 9 0 13 5 6 7 8 3 10 11 12 1 14 4
203 196 7 2 9 13 0 5 6 7 8 3 10 11 12 1 14 4
204 197 7 2 9 13 3 5 6 7 8 0 10 11 12 1 14 4
226 219 7 6 4 3 2 5 11 7 8 9 10 0 12 1 14 13
192 185 7 4 2 9 3 5 6 7 8 10 0 11 12 1 14 13
192 186 6 4 2 9 3 5 6 7 8 10 13 11 12 1 14 0
196 189 7 4 2 9 3 5 6 7 8 0 13 11 12 1 14 10
197 190 7 4 2 9 0 5 6 7 8 3 13 11 12 1 14 10
198 191 7 4 2 0 9 5 6 7 8 3 13 11 12 1 14 10
227 220 7 5 4 3 2 10 6 7 8 9 0 11 12 1 14 13
232 225 7 4 0 3 2 5 7 6 8 9 10 11 12 1 14 13
233 226 7 0 4 3 2 5 7 6 8 9 10 11 12 1 14 13
235 229 6 13 4 3 2 5 7 6 8 9 10 11 12 1 14 0
239 232 7 11 6 3 2 5 0 7 8 9 10 13 12 1 14 4
240 233 7 11 6 3 2 5 13 7 8 9 10 0 12 1 14 4
241 235 6 0 6 3 2 5 13 7 8 9 10 11 12 1 14 4
243 238 5 4 6 3 2 5 13 7 8 9 10 11 12 1 14 0
242 236 6 6 0 3 2 5 13 7 8 9 10 11 12 1 14 4
241 235 6 11 6 3 2 5 13 7 8 9 10 4 12 1 14 0
245 238 7 0 6 3 2 5 13 7 8 9 10 4 12 1 14 11
246 239 7 6 0 3 2 5 13 7 8 9 10 4 12 1 14 11
212 205 7 7 2 9 3 5 6 0 8 13 10 11 12 1 14 4
211 204 7 11 2 9 3 5 6 7 8 13 10 0 12 1 14 4
185 178 7 13 2 9 3 5 6 7 0 8 10 11 12 1 14 4
186 179 7 13 2 9 3 5 6 7 1 8 10 11 12 0 14 4
199 192 7 4 2 9 13 5 6 7 8 3 10 0 12 1 14 11
245 238 7 7 13 3 2 5 0 6 8 9 10 11 12 1 14 4
222 215 7 4 3 2 5 0 6 7 8 9 10 11 12 1 14 13
223 217 6 4 3 2 5 13 6 7 8 9 10 11 12 1 14 0
227 220 7 0 3 2 5 13 6 7 8 9 10 11 12 1 14 4
228 221 7 3 0 2 5 13 6 7 8 9 10 11 12 1 14 4
228 222 6 3 2 0 5 13 6 7 8 9 10 11 12 1 14 4
229 223 6 3 2 5 0 13 6 7 8 9 10 11 12 1 14 4
230 224 6 3 2 5 13 0 6 7 8 9 10 11 12 1 14 4
231 226 5 3 2 5 13 4 6 7 8 9 10 11 12 1 14 0
235 229 6 0 2 5 13 4 6 7 8 9 10 11 12 1 14 3
237 231 6 4 2 5 13 0 6 7 8 9 10 11 12 1 14 3
238 233 5 4 2 5 13 3 6 7 8 9 10 11 12 1 14 0
238 232 6 4 2 5 0 13 6 7 8 9 10 11 12 1 14 3
239 233 6 4 2 0 5 13 6 7 8 9 10 11 12 1 14 3
232 226 6 0 2 5 13 3 6 7 8 9 10 11 12 1 14 4
236 229 7 7 2 5 13 3 6 0 8 9 10 11 12 1 14 4
247 240 7 11 13 3 2 5 6 0 8 9 10 7 12 1 14 4
248 241 7 11 0 3 2 5 6 13 8 9 10 7 12 1 14 4
249 242 7 0 11 3 2 5 6 13 8 9 10 7 12 1 14 4
251 245 6 4 11 3 2 5 6 13 8 9 10 7 12 1 14 0
254 247 7 4 11 3 2 5 6 13 8 9 10 0 12 1 14 7
257 250 7 4 11 3 2 5 6 0 8 9 10 13 12 1 14 7
258 251 7 4 0 3 2 5 6 11 8 9 10 13 12 1 14 7
259 252 7 0 4 3 2 5 6 11 8 9 10 13 12 1 14 7
261 255 6 7 4 3 2 5 6 11 8 9 10 13 12 1 14 0
264 257 7 7 4 3 2 5 6 11 8 9 10 0 12 1 14 13
266 259 7 0 4 3 2 5 6 11 8 9 10 7 12 1 14 13
268 262 6 13 4 3 2 5 6 11 8 9 10 7 12 1 14 0
198 191 7 0 2 9 5 13 6 7 8 3 10 11 12 1 14 4
264 257 7 13 0 3 2 5 7 4 8 9 10 11 12 1 14 6
265 258 7 0 13 3 2 5 7 4 8 9 10 11 12 1 14 6
267 261 6 6 13 3 2 5 7 4 8 9 10 11 12 1 14 0
205 198 7 3 2 9 4 5 6 7 0 8 10 11 12 1 13 14
206 199 7 3 2 9 4 5 6 7 1 8 10 11 12 0 13 14
206 200 6 3 2 9 4 5 6 7 1 8 10 11 12 13 0 14
205 201 4 3 2 9 4 5 6 7 1 8 10 11 12 13 14 0
209 204 5 3 2 9 4 5 6 7 1 0 10 11 12 13 14 8
210 205 5 3 2 9 4 5 6 7 0 1 10 11 12 13 14 8
211 206 5 3 2 0 4 5 6 7 9 1 10 11 12 13 14 8
209 204 5 0 2 9 4 5 6 7 1 8 10 11 12 13 14 3
213 207 6 7 2 9 4 5 6 0 1 8 10 11 12 13 14 3
214 208 6 7 2 9 4 5 6 1 0 8 10 11 12 13 14 3
214 209 5 7 2 9 4 5 6 1 8 0 10 11 12 13 14 3
216 210 6 7 2 9 4 5 6 1 8 10 0 11 12 13 14 3
216 211 5 7 2 9 4 5 6 1 8 10 3 11 12 13 14 0
220 214 6 7 2 9 4 5 6 1 8 0 3 11 12 13 14 10
221 215 6 7 2 9 4 5 6 1 8 3 0 11 12 13 14 10
220 216 4 7 2 9 4 5 6 1 8 3 10 11 12 13 14 0
224 219 5 0 2 9 4 5 6 1 8 3 10 11 12 13 14 7
226 222 4 1 2 9 4 5 6 0 8 3 10 11 12 13 14 7
228 223 5 1 2 9 4 5 6 8 0 3 10 11 12 13 14 7
229 224 5 1 2 9 4 5 6 8 3 0 10 11 12 13 14 7
229 224 5 1 2 0 4 5 6 8 9 3 10 11 12 13 14 7
228 223 5 1 2 9 4 5 0 6 8 3 10 11 12 13 14 7
228 223 5 1 2 9 4 5 6 12 8 3 10 11 0 13 14 7
228 223 5 1 0 9 4 5 6 2 8 3 10 11 12 13 14 7
229 224 5 1 9 0 4 5 6 2 8 3 10 11 12 13 14 7
231 225 6 1 9 4 0 5 6 2 8 3 10 11 12 13 14 7
232 226 6 1 9 4 3 5 6 2 8 0 10 11 12 13 14 7
231 225 6 1 9 8 4 5 6 2 0 3 10 11 12 13 14 7
232 226 6 1 9 8 4 5 6 2 3 0 10 11 12 13 14 7
232 226 6 1 9 8 4 5 6 0 2 3 10 11 12 13 14 7
233 227 6 1 0 8 4 5 6 9 2 3 10 11 12 13 14 7
234 228 6 1 8 0 4 5 6 9 2 3 10 11 12 13 14 7
235 229 6 1 8 2 4 5 6 9 0 3 10 11 12 13 14 7
236 230 6 1 8 2 4 5 6 9 3 0 10 11 12 13 14 7
236 230 6 1 8 2 4 5 6 0 9 3 10 11 12 13 14 7
231 225 6 1 2 9 4 5 6 8 3 10 0 11 12 13 14 7
231 226 5 1 2 9 4 5 6 8 3 10 7 11 12 13 14 0
235 229 6 1 2 9 4 5 6 8 3 0 7 11 12 13 14 10
236 230 6 1 2 9 4 5 6 8 3 7 0 11 12 13 14 10
235 231 4 1 2 9 4 5 6 8 3 7 10 11 12 13 14 0
240 234 6 0 2 9 4 5 6 8 3 7 10 11 12 13 14 1
243 237 6 8 2 9 4 5 6 0 3 7 10 11 12 13 14 1
244 238 6 8 2 9 4 5 6 3 0 7 10 11 12 13 14 1
245 239 6 8 2 9 4 5 6 3 7 0 10 11 12 13 14 1
245 239 6 8 2 0 4 5 6 3 9 7 10 11 12 13 14 1
239 233 6 1 2 9 4 0 6 8 3 7 10 11 12 13 14 5
242 236 6 1 2 9 4 7 6 8 3 0 10 11 12 13 14 5
243 237 6 1 2 9 4 7 6 8 0 3 10 11 12 13 14 5
243 238 5 1 2 9 4 7 6 0 8 3 10 11 12 13 14 5
245 239 6 1 2 9 4 7 0 6 8 3 10 11 12 13 14 5
245 239 6 1 2 9 4 7 6 12 8 3 10 11 0 13 14 5
245 239 6 1 0 9 4 7 6 2 8 3 10 11 12 13 14 5
246 240 6 1 9 0 4 7 6 2 8 3 10 11 12 13 14 5
244 238 6 1 2 0 4 7 6 8 9 3 10 11 12 13 14 5
226 220 6 6 2 9 4 5 0 1 8 3 10 11 12 13 14 7
227 221 6 6 2 9 4 5 1 0 8 3 10 11 12 13 14 7
209 203 6 3 2 9 4 0 6 7 1 8 10 11 12 13 14 5
212 206 6 3 2 9 4 8 6 7 1 0 10 11 12 13 14 5
213 207 6 3 2 9 4 8 6 7 0 1 10 11 12 13 14 5
214 208 6 3 2 0 4 8 6 7 9 1 10 11 12 13 14 5
211 205 6 0 2 9 4 3 6 7 1 8 10 11 12 13 14 5
213 208 5 5 2 9 4 3 6 7 1 8 10 11 12 13 14 0
217 211 6 5 2 9 4 3 6 7 1 0 10 11 12 13 14 8
218 212 6 5 2 9 4 3 6 7 0 1 10 11 12 13 14 8
219 213 6 5 2 0 4 3 6 7 9 1 10 11 12 13 14 8
230 224 6 1 2 9 4 5 6 12 8 3 10 0 11 13 14 7
231 226 5 1 2 9 4 5 6 12 8 3 10 7 11 13 14 0
235 229 6 1 2 9 4 5 6 12 8 0 10 7 11 13 14 3
233 227 6 1 2 9 4 5 6 0 8 3 10 12 11 13 14 7
234 228 6 1 2 9 4 5 6 11 8 3 10 12 0 13 14 7
234 229 5 1 2 9 4 5 6 11 8 3 10 0 12 13 14 7
235 231 4 1 2 9 4 5 6 11 8 3 10 7 12 13 14 0
239 234 5 1 2 9 4 5 6 11 8 0 10 7 12 13 14 3
241 235 6 1 2 9 4 5 6 11 8 10 0 7 12 13 14 3
241 236 5 1 2 9 4 5 6 11 8 10 3 7 12 13 14 0
245 239 6 1 2 9 4 5 6 11 8 0 3 7 12 13 14 10
244 238 6 1 2 9 4 5 6 11 8 10 3 0 12 13 14 7
246 241 5 1 2 9 4 5 6 0 8 10 3 11 12 13 14 7
248 242 6 1 2 9 4 5 6 8 0 10 3 11 12 13 14 7
249 243 6 1 2 9 4 5 6 8 10 0 3 11 12 13 14 7
250 244 6 1 2 9 4 5 6 8 10 3 0 11 12 13 14 7
250 245 5 1 2 9 4 5 6 8 10 3 7 11 12 13 14 0
254 248 6 1 2 9 4 5 6 8 10 0 7 11 12 13 14 3
255 249 6 1 2 9 4 5 6 8 10 7 0 11 12 13 14 3
255 250 5 1 2 9 4 5 6 8 10 7 3 11 12 13 14 0
255 249 6 1 2 9 4 5 6 8 0 10 7 11 12 13 14 3
255 250 5 1 2 9 4 5 6 0 8 10 7 11 12 13 14 3
257 251 6 1 2 9 4 5 0 6 8 10 7 11 12 13 14 3
257 251 6 1 2 9 4 5 6 12 8 10 7 11 0 13 14 3
257 251 6 1 0 9 4 5 6 2 8 10 7 11 12 13 14 3
258 252 6 1 9 0 4 5 6 2 8 10 7 11 12 13 14 3
220 214 6 0 2 9 4 5 6 1 8 10 3 11 12 13 14 7
226 220 6 2 0 9 4 5 6 1 8 3 10 11 12 13 14 7
227 221 6 2 9 0 4 5 6 1 8 3 10 11 12 13 14 7
227 221 6 2 1 9 4 5 6 0 8 3 10 11 12 13 14 7
211 205 6 3 2 9 4 5 6 7 1 14 10 11 12 13 0 8
211 206 5 3 2 9 4 5 6 7 1 14 10 11 12 13 8 0
215 209 6 0 2 9 4 5 6 7 1 14 10 11 12 13 8 3
231 225 6 1 2 9 4 5 6 8 3 14 10 11 12 13 0 7
231 226 5 1 2 9 4 5 6 8 3 14 10 11 12 13 7 0
235 229 6 1 2 9 4 5 6 8 3 0 10 11 12 13 7 14
236 230 6 1 2 9 4 5 6 8 0 3 10 11 12 13 7 14
236 231 5 1 2 9 4 5 6 0 8 3 10 11 12 13 7 14
238 232 6 1 2 9 4 5 0 6 8 3 10 11 12 13 7 14
207 201 6 3 2 9 4 5 6 7 1 0 10 11 12 13 8 14
208 202 6 3 2 9 4 5 6 7 0 1 10 11 12 13 8 14
209 203 6 3 2 0 4 5 6 7 9 1 10 11 12 13 8 14
238 232 6 1 2 9 4 5 6 12 8 3 10 11 0 13 7 14
238 232 6 1 0 9 4 5 6 2 8 3 10 11 12 13 7 14
239 233 6 1 9 0 4 5 6 2 8 3 10 11 12 13 7 14
237 231 6 1 2 0 4 5 6 8 9 3 10 11 12 13 7 14
230 224 6 1 2 9 4 5 11 6 8 3 10 0 12 13 14 7
231 226 5 1 2 9 4 5 11 6 8 3 10 7 12 13 14 0
235 229 6 1 2 9 4 5 11 6 8 0 10 7 12 13 14 3
233 227 6 1 2 9 4 5 11 0 8 3 10 6 12 13 14 7
211 205 6 2 0 9 4 5 6 7 1 8 10 11 12 13 14 3
212 206 6 2 9 0 4 5 6 7 1 8 10 11 12 13 14 3
213 207 6 2 9 1 4 5 6 7 0 8 10 11 12 13 14 3
213 208 5 2 9 1 4 5 6 7 8 0 10 11 12 13 14 3
215 209 6 2 9 1 4 5 6 7 8 10 0 11 12 13 14 3
215 210 5 2 9 1 4 5 6 7 8 10 3 11 12 13 14 0
219 213 6 2 9 1 4 5 6 7 8 0 3 11 12 13 14 10
220 214 6 2 9 1 4 5 6 7 8 3 0 11 12 13 14 10
219 215 4 2 9 1 4 5 6 7 8 3 10 11 12 13 14 0
223 218 5 0 9 1 4 5 6 7 8 3 10 11 12 13 14 2
224 219 5 9 0 1 4 5 6 7 8 3 10 11 12 13 14 2
225 220 5 9 1 0 4 5 6 7 8 3 10 11 12 13 14 2
227 221 6 9 1 4 0 5 6 7 8 3 10 11 12 13 14 2
228 222 6 9 1 4 3 5 6 7 8 0 10 11 12 13 14 2
223 217 6 2 9 1 4 0 6 7 8 3 10 11 12 13 14 5
226 220 6 2 9 1 4 3 6 7 8 0 10 11 12 13 14 5
225 219 6 0 9 1 4 2 6 7 8 3 10 11 12 13 14 5
227 222 5 5 9 1 4 2 6 7 8 3 10 11 12 13 14 0
231 225 6 5 9 1 4 2 6 7 8 0 10 11 12 13 14 3
226 220 6 9 0 1 4 2 6 7 8 3 10 11 12 13 14 5
227 221 6 9 1 0 4 2 6 7 8 3 10 11 12 13 14 5
227 221 6 9 1 8 4 5 6 7 0 3 10 11 12 13 14 2
228 222 6 9 1 8 4 5 6 7 3 0 10 11 12 13 14 2
226 220 6 9 7 1 4 5 6 0 8 3 10 11 12 13 14 2
212 206 6 3 2 9 4 5 6 7 13 1 10 11 12 0 14 8
209 203 6 3 2 9 4 5 6 7 1 8 10 0 12 13 14 11
211 205 6 0 2 9 4 5 6 7 1 8 10 3 12 13 14 11
213 208 5 11 2 9 4 5 6 7 1 8 10 3 12 13 14 0
217 211 6 11 2 9 4 5 6 7 1 0 10 3 12 13 14 8
218 212 6 11 2 9 4 5 6 7 0 1 10 3 12 13 14 8
219 213 6 11 2 0 4 5 6 7 9 1 10 3 12 13 14 8
224 218 6 7 2 9 4 0 6 1 8 3 10 11 12 13 14 5
227 221 6 7 2 9 4 3 6 1 8 0 10 11 12 13 14 5
226 220 6 0 2 9 4 7 6 1 8 3 10 11 12 13 14 5
228 223 5 5 2 9 4 7 6 1 8 3 10 11 12 13 14 0
232 226 6 5 2 9 4 7 6 1 8 0 10 11 12 13 14 3
230 224 6 1 2 9 4 5 6 12 8 3 10 11 13 0 14 7
248 242 6 1 0 9 4 5 6 2 8 10 3 11 12 13 14 7
249 243 6 1 9 0 4 5 6 2 8 10 3 11 12 13 14 7
239 233 6 1 2 9 4 5 6 8 3 7 10 0 12 13 14 11
242 236 6 1 2 9 4 5 6 0 3 7 10 8 12 13 14 11
243 237 6 1 2 9 4 5 6 3 0 7 10 8 12 13 14 11
244 238 6 1 2 9 4 5 6 3 7 0 10 8 12 13 14 11
244 238 6 1 2 0 4 5 6 3 9 7 10 8 12 13 14 11
212 206 6 5 2 9 4 0 6 7 1 8 10 11 12 13 14 3
215 209 6 5 2 9 4 8 6 7 1 0 10 11 12 13 14 3
216 210 6 5 2 9 4 8 6 7 0 1 10 11 12 13 14 3
217 211 6 5 2 0 4 8 6 7 9 1 10 11 12 13 14 3
248 242 6 1 2 9 4 5 6 12 8 10 3 11 0 13 14 7
236 230 6 1 2 9 4 5 6 8 0 3 7 11 12 13 14 10
236 231 5 1 2 9 4 5 6 0 8 3 7 11 12 13 14 10
238 232 6 1 2 9 4 5 0 6 8 3 7 11 12 13 14 10
238 232 6 1 2 9 4 5 6 12 8 3 7 11 0 13 14 10
238 232 6 1 0 9 4 5 6 2 8 3 7 11 12 13 14 10
239 233 6 1 9 0 4 5 6 2 8 3 7 11 12 13 14 10
237 231 6 1 2 0 4 5 6 8 9 3 7 11 12 13 14 10
216 210 6 7 2 9 4 5 6 1 8 14 10 11 12 13 0 3
216 211 5 7 2 9 4 5 6 1 8 14 10 11 12 13 3 0
220 214 6 7 2 9 4 5 6 1 8 0 10 11 12 13 3 14
220 214 6 0 2 9 4 5 6 1 8 14 10 11 12 13 3 7
222 217 5 1 2 9 4 5 6 0 8 14 10 11 12 13 3 7
224 218 6 1 2 9 4 5 6 8 0 14 10 11 12 13 3 7
225 219 6 1 2 9 4 5 6 8 14 0 10 11 12 13 3 7
226 220 6 1 2 9 4 5 6 8 14 3 10 11 12 13 0 7
226 221 5 1 2 9 4 5 6 8 14 3 10 11 12 13 7 0
230 224 6 1 2 9 4 5 6 8 14 0 10 11 12 13 7 3
231 225 6 1 2 9 4 5 6 8 0 14 10 11 12 13 7 3
231 226 5 1 2 9 4 5 6 0 8 14 10 11 12 13 7 3
233 227 6 1 2 9 4 5 0 6 8 14 10 11 12 13 7 3
233 227 6 1 2 9 4 5 6 12 8 14 10 11 0 13 7 3
233 227 6 1 0 9 4 5 6 2 8 14 10 11 12 13 7 3
234 228 6 1 9 0 4 5 6 2 8 14 10 11 12 13 7 3
232 226 6 1 2 0 4 5 6 8 9 14 10 11 12 13 7 3
231 225 6 1 2 9 4 5 6 8 14 7 10 11 12 13 0 3
231 226 5 1 2 9 4 5 6 8 14 7 10 11 12 13 3 0
225 219 6 1 2 0 4 5 6 8 9 14 10 11 12 13 3 7
224 218 6 1 2 9 4 5 0 6 8 14 10 11 12 13 3 7
224 218 6 1 2 9 4 5 6 12 8 14 10 11 0 13 3 7
224 218 6 1 0 9 4 5 6 2 8 14 10 11 12 13 3 7
225 219 6 1 9 0 4 5 6 2 8 14 10 11 12 13 3 7
236 230 6 1 2 9 4 5 6 8 3 7 10 11 12 13 0 14
227 221 6 5 2 9 4 0 6 1 8 3 10 11 12 13 14 7
230 224 6 5 2 9 4 3 6 1 8 0 10 11 12 13 14 7
248 242 6 1 2 9 4 5 0 6 8 10 3 11 12 13 14 7
224 218 6 7 2 9 4 5 6 1 8 3 10 0 12 13 14 11
227 221 6 7 2 9 4 5 6 0 8 3 10 1 12 13 14 11
226 220 6 0 2 9 4 5 6 1 8 3 10 7 12 13 14 11
228 223 5 1 2 9 4 5 6 0 8 3 10 7 12 13 14 11
228 223 5 11 2 9 4 5 6 1 8 3 10 7 12 13 14 0
232 226 6 11 2 9 4 5 6 1 8 0 10 7 12 13 14 3
230 224 6 1 2 9 4 5 6 8 0 3 10 7 12 13 14 11
231 225 6 1 2 9 4 5 6 8 3 0 10 7 12 13 14 11
231 225 6 1 2 0 4 5 6 8 9 3 10 7 12 13 14 11
230 224 6 1 2 9 4 5 0 6 8 3 10 7 12 13 14 11
231 225 6 1 2 9 4 5 7 6 8 3 10 0 12 13 14 11
231 227 4 1 2 9 4 5 7 6 8 3 10 11 12 13 14 0
235 230 5 1 2 9 4 5 7 6 8 0 10 11 12 13 14 3
237 231 6 1 2 9 4 5 7 6 8 10 0 11 12 13 14 3
237 232 5 1 2 9 4 5 7 6 8 10 3 11 12 13 14 0
241 235 6 1 2 9 4 5 7 6 8 0 3 11 12 13 14 10
237 231 6 1 2 9 4 5 7 6 0 8 10 11 12 13 14 3
238 232 6 1 2 9 4 5 7 0 6 8 10 11 12 13 14 3
238 233 5 1 2 9 4 5 0 7 6 8 10 11 12 13 14 3
240 234 6 1 2 9 4 5 11 7 6 8 10 0 12 13 14 3
241 236 5 1 2 9 4 5 11 7 6 8 10 3 12 13 14 0
245 239 6 1 2 9 4 5 11 7 6 0 10 3 12 13 14 8
246 240 6 1 2 9 4 5 11 7 0 6 10 3 12 13 14 8
247 241 6 1 2 0 4 5 11 7 9 6 10 3 12 13 14 8
238 232 6 1 2 0 4 5 7 6 9 8 10 11 12 13 14 3
237 231 6 1 2 9 4 5 7 6 8 14 10 11 12 13 0 3
237 232 5 1 2 9 4 5 7 6 8 14 10 11 12 13 3 0
241 235 6 1 2 9 4 5 7 6 8 0 10 11 12 13 3 14
237 231 6 1 2 9 0 5 7 6 8 4 10 11 12 13 14 3
238 232 6 1 2 0 9 5 7 6 8 4 10 11 12 13 14 3
236 230 6 0 2 9 4 5 7 6 8 3 10 11 12 13 14 1
239 233 6 6 2 9 4 5 7 0 8 3 10 11 12 13 14 1
239 234 5 6 2 9 4 5 0 7 8 3 10 11 12 13 14 1
241 235 6 6 2 9 4 5 11 7 8 3 10 0 12 13 14 1
242 237 5 6 2 9 4 5 11 7 8 3 10 1 12 13 14 0
246 240 6 6 2 9 4 5 11 7 8 0 10 1 12 13 14 3
246 240 6 0 2 9 4 5 11 7 8 3 10 1 12 13 14 6
247 242 5 1 2 9 4 5 11 7 8 3 10 0 12 13 14 6
248 244 4 1 2 9 4 5 11 7 8 3 10 6 12 13 14 0
247 243 4 1 2 9 4 5 0 7 8 3 10 11 12 13 14 6
249 244 5 1 2 9 4 5 7 0 8 3 10 11 12 13 14 6
252 247 5 1 2 9 4 5 11 7 8 0 10 6 12 13 14 3
254 248 6 1 2 9 4 5 11 7 8 10 0 6 12 13 14 3
254 249 5 1 2 9 4 5 11 7 8 10 3 6 12 13 14 0
258 252 6 1 2 9 4 5 11 7 8 0 3 6 12 13 14 10
257 251 6 1 2 9 4 5 11 7 8 10 3 0 12 13 14 6
257 252 5 1 2 9 4 5 0 7 8 10 3 11 12 13 14 6
259 253 6 1 2 9 4 5 7 0 8 10 3 11 12 13 14 6
254 248 6 1 2 9 4 5 11 7 0 8 10 6 12 13 14 3
255 249 6 1 2 0 4 5 11 7 9 8 10 6 12 13 14 3
254 248 6 1 2 9 4 5 11 7 8 14 10 6 12 13 0 3
254 249 5 1 2 9 4 5 11 7 8 14 10 6 12 13 3 0
258 252 6 1 2 9 4 5 11 7 8 0 10 6 12 13 3 14
257 251 6 1 2 9 4 5 11 7 8 14 10 0 12 13 3 6
257 252 5 1 2 9 4 5 0 7 8 14 10 11 12 13 3 6
259 253 6 1 2 9 4 5 7 0 8 14 10 11 12 13 3 6
251 245 6 1 2 9 4 5 7 8 0 3 10 11 12 13 14 6
252 246 6 1 2 9 4 5 7 8 3 0 10 11 12 13 14 6
252 246 6 1 2 0 4 5 7 8 9 3 10 11 12 13 14 6
234 228 6 1 2 9 4 5 7 6 8 3 0 11 12 13 14 10
251 245 6 1 2 9 4 0 11 7 8 3 10 5 12 13 14 6
252 247 5 1 2 9 4 6 11 7 8 3 10 5 12 13 14 0
256 250 6 1 2 9 4 6 11 7 8 0 10 5 12 13 14 3
255 249 6 1 2 9 4 6 11 7 8 3 10 0 12 13 14 5
255 250 5 1 2 9 4 6 0 7 8 3 10 11 12 13 14 5
257 251 6 1 2 9 4 6 7 0 8 3 10 11 12 13 14 5
254 248 6 1 2 9 4 3 11 7 8 0 10 5 12 13 14 6
251 245 6 1 2 9 4 5 11 7 8 3 10 6 12 13 0 14
234 228 6 1 2 9 4 5 7 0 8 3 10 6 12 13 14 11
234 229 5 1 2 9 4 5 0 7 8 3 10 6 12 13 14 11
234 230 4 1 2 9 4 5 6 7 8 3 10 0 12 13 14 11
234 232 2 1 2 9 4 5 6 7 8 3 10 11 12 13 14 0
238 235 3 1 2 9 4 5 6 7 8 0 10 11 12 13 14 3
240 236 4 1 2 9 4 5 6 7 8 10 0 11 12 13 14 3
240 237 3 1 2 9 4 5 6 7 8 10 3 11 12 13 14 0
244 240 4 1 2 9 4 5 6 7 8 0 3 11 12 13 14 10
240 236 4 1 2 9 4 5 6 7 0 8 10 11 12 13 14 3
241 237 4 1 2 0 4 5 6 7 9 8 10 11 12 13 14 3
240 236 4 1 2 9 4 5 6 7 8 14 10 11 12 13 0 3
240 237 3 1 2 9 4 5 6 7 8 14 10 11 12 13 3 0
244 240 4 1 2 9 4 5 6 7 8 0 10 11 12 13 3 14
240 236 4 1 2 9 0 5 6 7 8 4 10 11 12 13 14 3
241 237 4 1 2 0 9 5 6 7 8 4 10 11 12 13 14 3
239 235 4 0 2 9 4 5 6 7 8 3 10 11 12 13 14 1
238 234 4 1 2 9 4 0 6 7 8 3 10 11 12 13 14 5
241 237 4 1 2 9 4 3 6 7 8 0 10 11 12 13 14 5
237 233 4 1 2 9 4 5 6 7 8 3 10 11 12 13 0 14
237 233 4 1 2 9 4 5 6 7 8 3 0 11 12 13 14 10
239 234 5 1 2 9 4 0 6 7 8 3 5 11 12 13 14 10
240 236 4 1 2 9 4 10 6 7 8 3 5 11 12 13 14 0
244 239 5 1 2 9 4 10 6 7 8 0 5 11 12 13 14 3
245 240 5 1 2 9 4 10 6 7 8 5 0 11 12 13 14 3
245 241 4 1 2 9 4 10 6 7 8 5 3 11 12 13 14 0
245 241 4 1 2 9 4 0 6 7 8 5 10 11 12 13 14 3
246 243 3 1 2 9 4 3 6 7 8 5 10 11 12 13 14 0
251 246 5 0 2 9 4 3 6 7 8 5 10 11 12 13 14 1
253 248 5 3 2 9 4 0 6 7 8 5 10 11 12 13 14 1
255 251 4 3 2 9 4 5 6 7 8 0 10 11 12 13 14 1
254 250 4 3 2 9 4 1 6 7 8 5 10 11 12 13 14 0
258 253 5 3 2 9 4 1 6 7 8 0 10 11 12 13 14 5
257 252 5 3 2 9 4 5 6 7 8 10 0 11 12 13 14 1
257 253 4 3 2 9 4 5 6 7 8 10 1 11 12 13 14 0
261 256 5 3 2 9 4 5 6 7 8 0 1 11 12 13 14 10
262 257 5 3 2 9 4 5 6 7 8 1 0 11 12 13 14 10
261 258 3 3 2 9 4 5 6 7 8 1 10 11 12 13 14 0
265 261 4 0 2 9 4 5 6 7 8 1 10 11 12 13 14 3
269 264 5 7 2 9 4 5 6 0 8 1 10 11 12 13 14 3
268 263 5 11 2 9 4 5 6 7 8 1 10 0 12 13 14 3
269 265 4 11 2 9 4 5 6 7 8 1 10 3 12 13 14 0
273 268 5 11 2 9 4 5 6 7 8 0 10 3 12 13 14 1
273 268 5 0 2 9 4 5 6 7 8 1 10 3 12 13 14 11
268 263 5 5 2 9 4 0 6 7 8 1 10 11 12 13 14 3
269 265 4 5 2 9 4 3 6 7 8 1 10 11 12 13 14 0
273 268 5 5 2 9 4 3 6 7 8 0 10 11 12 13 14 1
273 268 5 0 2 9 4 3 6 7 8 1 10 11 12 13 14 5
271 266 5 5 2 9 4 1 6 7 8 0 10 11 12 13 14 3
267 262 5 2 0 9 4 5 6 7 8 1 10 11 12 13 14 3
268 263 5 2 9 0 4 5 6 7 8 1 10 11 12 13 14 3
241 236 5 2 0 9 4 5 6 7 8 3 10 11 12 13 14 1
242 237 5 2 9 0 4 5 6 7 8 3 10 11 12 13 14 1
243 238 5 1 2 8 9 5 6 7 0 4 10 11 12 13 14 3
244 239 5 1 2 8 9 5 6 7 4 0 10 11 12 13 14 3
244 240 4 1 2 8 0 5 6 7 4 9 10 11 12 13 14 3
245 241 4 1 2 0 8 5 6 7 4 9 10 11 12 13 14 3
246 242 4 1 2 4 8 5 6 7 0 9 10 11 12 13 14 3
248 243 5 1 2 4 8 5 6 7 9 0 10 11 12 13 14 3
248 243 5 1 2 4 8 5 6 0 7 9 10 11 12 13 14 3
248 243 5 1 2 4 8 5 6 7 13 9 10 11 12 0 14 3
247 242 5 1 0 2 8 5 6 7 4 9 10 11 12 13 14 3
241 236 5 0 2 9 4 1 6 7 8 3 10 11 12 13 14 5
243 239 4 5 2 9 4 1 6 7 8 3 10 11 12 13 14 0
245 240 5 0 2 9 4 5 6 7 8 10 3 11 12 13 14 1
238 233 5 1 2 9 4 0 6 7 8 3 10 5 12 13 14 11
239 235 4 1 2 9 4 11 6 7 8 3 10 5 12 13 14 0
243 238 5 1 2 9 4 11 6 7 8 0 10 5 12 13 14 3
241 236 5 1 2 9 4 3 6 7 8 0 10 5 12 13 14 11
243 238 5 1 2 9 4 3 6 7 0 8 10 11 12 13 14 5
244 239 5 1 2 0 4 3 6 7 9 8 10 11 12 13 14 5
244 239 5 1 2 9 4 5 6 7 8 14 10 0 12 13 3 11
243 238 5 1 2 9 4 3 6 7 8 10 0 11 12 13 14 5
243 239 4 1 2 9 4 3 6 7 8 10 5 11 12 13 14 0
237 232 5 0 2 9 4 5 6 7 8 3 10 1 12 13 14 11
239 235 4 11 2 9 4 5 6 7 8 3 10 1 12 13 14 0
243 238 5 11 2 9 4 5 6 7 8 0 10 1 12 13 14 3
240 235 5 1 2 9 0 4 6 7 8 3 10 11 12 13 14 5
241 236 5 1 2 0 9 4 6 7 8 3 10 11 12 13 14 5
241 236 5 1 2 9 3 4 6 7 8 0 10 11 12 13 14 5
247 242 5 1 2 9 0 4 6 7 8 5 10 11 12 13 14 3
248 243 5 1 2 0 9 4 6 7 8 5 10 11 12 13 14 3
248 243 5 1 2 9 5 4 6 7 8 0 10 11 12 13 14 3
248 243 5 1 2 9 4 0 6 7 8 5 3 11 12 13 14 10
242 237 5 1 2 9 4 0 6 7 8 10 5 11 12 13 14 3
243 238 5 1 2 4 0 5 6 7 9 8 10 11 12 13 14 3
242 237 5 1 2 9 4 5 6 0 7 8 10 11 12 13 14 3
249 244 5 1 2 9 4 3 6 7 8 5 10 11 12 13 0 14
250 245 5 1 2 9 4 3 6 7 8 0 10 11 12 13 5 14
249 244 5 1 2 9 4 11 6 7 8 5 10 0 12 13 14 3
250 246 4 1 2 9 4 11 6 7 8 5 10 3 12 13 14 0
254 249 5 1 2 9 4 11 6 7 8 0 10 3 12 13 14 5
253 248 5 1 2 9 4 0 6 7 8 5 10 3 12 13 14 11
255 251 4 1 2 9 4 5 6 7 8 0 10 3 12 13 14 11
257 252 5 1 2 9 4 5 6 7 8 10 0 3 12 13 14 11
257 253 4 1 2 9 4 5 6 7 8 10 11 3 12 13 14 0
261 256 5 1 2 9 4 5 6 7 8 0 11 3 12 13 14 10
262 257 5 1 2 9 4 5 6 7 8 11 0 3 12 13 14 10
261 258 3 1 2 9 4 5 6 7 8 11 10 3 12 13 14 0
264 260 4 1 2 9 4 5 6 7 8 11 10 0 12 13 14 3
268 263 5 1 2 9 4 5 6 0 8 11 10 7 12 13 14 3
268 263 5 1 2 9 4 0 6 7 8 11 10 5 12 13 14 3
269 265 4 1 2 9 4 3 6 7 8 11 10 5 12 13 14 0
272 267 5 1 2 9 4 3 6 7 8 11 10 0 12 13 14 5
242 237 5 1 2 9 5 0 6 7 8 4 10 11 12 13 14 3
243 239 4 1 2 9 5 3 6 7 8 4 10 11 12 13 14 0
247 242 5 1 2 9 5 3 6 7 8 0 10 11 12 13 14 4
248 243 5 1 2 9 0 3 6 7 8 5 10 11 12 13 14 4
249 244 5 1 2 9 3 0 6 7 8 5 10 11 12 13 14 4
251 247 4 1 2 9 3 5 6 7 8 0 10 11 12 13 14 4
252 248 4 1 2 9 0 5 6 7 8 3 10 11 12 13 14 4
253 249 4 1 2 0 9 5 6 7 8 3 10 11 12 13 14 4
250 246 4 1 2 9 3 4 6 7 8 5 10 11 12 13 14 0
255 250 5 1 0 2 9 5 6 7 8 3 10 11 12 13 14 4
243 238 5 7 2 9 4 5 6 0 8 3 10 11 12 13 14 1
244 239 5 1 2 9 4 0 6 7 8 10 3 11 12 13 14 5
240 235 5 1 2 9 4 10 6 7 8 3 0 11 12 13 14 5
242 237 5 1 2 9 4 11 6 7 8 3 10 0 12 13 14 5
242 237 5 1 2 9 4 5 6 7 8 14 10 11 12 0 13 3
242 237 5 1 2 9 4 3 6 7 8 0 5 11 12 13 14 10
243 238 5 1 2 9 4 3 6 7 8 14 10 11 12 13 0 5
243 239 4 1 2 9 4 3 6 7 8 14 10 11 12 13 5 0
246 241 5 1 2 9 4 0 6 7 8 14 10 11 12 13 5 3
249 244 5 1 2 9 4 14 6 7 8 0 10 11 12 13 5 3
250 245 5 1 2 9 4 14 6 7 8 5 10 11 12 13 0 3
250 246 4 1 2 9 4 14 6 7 8 5 10 11 12 13 3 0
254 249 5 1 2 9 4 14 6 7 8 0 10 11 12 13 3 5
255 250 5 1 2 9 4 14 6 7 8 3 10 11 12 13 0 5
255 251 4 1 2 9 4 14 6 7 8 3 10 11 12 13 5 0
258 253 5 1 2 9 4 0 6 7 8 3 10 11 12 13 5 14
253 248 5 1 2 9 4 0 6 7 8 5 10 11 12 13 3 14
257 252 5 3 2 9 4 5 6 7 8 14 10 11 12 13 0 1
257 253 4 3 2 9 4 5 6 7 8 14 10 11 12 13 1 0
261 256 5 3 2 9 4 5 6 7 8 0 10 11 12 13 1 14
261 256 5 0 2 9 4 5 6 7 8 14 10 11 12 13 1 3
244 239 5 1 2 9 4 0 6 7 8 14 10 11 12 13 3 5
243 238 5 1 2 9 4 3 6 7 8 5 0 11 12 13 14 10
250 245 5 1 2 9 4 3 6 7 8 5 10 0 12 13 14 11
266 261 5 0 2 9 4 5 6 7 8 11 10 3 12 13 14 1
268 263 5 3 2 9 4 5 6 7 8 11 10 0 12 13 14 1
269 265 4 3 2 9 4 5 6 7 8 11 10 1 12 13 14 0
273 268 5 3 2 9 4 5 6 7 8 0 10 1 12 13 14 11
246 241 5 1 2 9 4 5 6 7 0 8 3 11 12 13 14 10
247 242 5 1 2 0 4 5 6 7 9 8 3 11 12 13 14 10
265 260 5 3 2 9 4 5 6 7 8 1 10 0 12 13 14 11
242 237 5 5 2 9 4 0 6 7 8 3 10 11 12 13 14 1
265 260 5 3 2 9 4 0 6 7 8 1 10 11 12 13 14 5
246 241 5 1 2 9 0 5 6 7 8 4 10 11 12 13 3 14
247 242 5 1 2 0 9 5 6 7 8 4 10 11 12 13 3 14
257 252 5 1 2 9 4 5 6 7 0 8 10 3 12 13 14 11
258 253 5 1 2 0 4 5 6 7 9 8 10 3 12 13 14 11
261 256 5 0 2 9 4 5 6 7 8 10 1 11 12 13 14 3
243 238 5 1 2 9 4 5 6 7 8 14 0 11 12 13 3 10
244 239 5 1 2 9 4 5 6 7 8 0 14 11 12 13 3 10
245 240 5 1 2 9 4 5 6 7 8 3 14 11 12 13 0 10
245 241 4 1 2 9 4 5 6 7 8 3 14 11 12 13 10 0
249 244 5 1 2 9 4 5 6 7 8 0 14 11 12 13 10 3
250 245 5 1 2 9 4 5 6 7 8 14 0 11 12 13 10 3
250 246 4 1 2 9 4 5 6 7 8 14 3 11 12 13 10 0
254 249 5 1 2 9 4 5 6 7 8 0 3 11 12 13 10 14
267 262 5 6 2 9 4 5 0 7 8 1 10 11 12 13 14 3
250 245 5 1 2 9 4 5 6 7 8 10 14 11 12 13 0 3
250 246 4 1 2 9 4 5 6 7 8 10 14 11 12 13 3 0
247 242 5 1 2 9 4 5 6 7 8 3 0 11 12 13 10 14
242 237 5 1 2 9 4 5 6 7 13 8 10 11 12 0 14 3
249 244 5 1 2 0 9 3 6 7 8 5 10 11 12 13 14 4
242 237 5 11 2 9 4 5 6 7 8 3 10 0 12 13 14 1
244 239 5 1 2 9 4 5 6 7 8 10 3 0 12 13 14 11
246 241 5 1 2 9 4 5 6 7 8 10 0 11 12 13 3 14
253 248 5 1 2 9 3 5 6 7 8 14 10 11 12 13 0 4
253 249 4 1 2 9 3 5 6 7 8 14 10 11 12 13 4 0
257 252 5 1 2 9 3 5 6 7 8 0 10 11 12 13 4 14
258 253 5 1 2 9 3 5 6 7 8 4 10 11 12 13 0 14
257 254 3 1 2 9 3 5 6 7 8 4 10 11 12 13 14 0
262 257 5 0 2 9 3 5 6 7 8 4 10 11 12 13 14 1
261 256 5 1 2 9 3 0 6 7 8 4 10 11 12 13 14 5
261 256 5 1 2 9 3 5 6 7 8 4 10 0 12 13 14 11
260 255 5 1 2 9 3 5 6 7 8 4 0 11 12 13 14 10
261 256 5 1 2 9 3 5 6 7 8 0 4 11 12 13 14 10
262 257 5 1 2 9 0 5 6 7 8 3 4 11 12 13 14 10
263 258 5 1 2 0 9 5 6 7 8 3 4 11 12 13 14 10
248 243 5 0 2 9 4 1 6 7 8 5 10 11 12 13 14 3
257 252 5 3 2 9 0 5 6 7 8 4 10 11 12 13 14 1
258 253 5 3 2 0 9 5 6 7 8 4 10 11 12 13 14 1
262 257 5 3 2 9 4 5 6 7 8 1 10 11 12 13 0 14
241 236 5 1 2 9 4 10 6 7 8 0 3 11 12 13 14 5
245 240 5 0 2 9 4 5 6 7 8 14 10 11 12 13 3 1
260 255 5 1 2 9 4 5 6 7 8 10 11 0 12 13 14 3
253 248 5 1 2 9 3 5 6 7 0 8 10 11 12 13 14 4
254 249 5 1 2 0 3 5 6 7 9 8 10 11 12 13 14 4
254 250 4 1 2 3 0 5 6 7 9 8 10 11 12 13 14 4
255 251 4 1 2 3 8 5 6 7 9 0 10 11 12 13 14 4
255 252 3 1 2 3 8 5 6 7 0 9 10 11 12 13 14 4
257 253 4 1 2 3 8 5 6 0 7 9 10 11 12 13 14 4
257 253 4 1 2 3 8 5 6 7 13 9 10 11 12 0 14 4
257 253 4 1 2 0 8 5 6 7 3 9 10 11 12 13 14 4
258 254 4 1 2 8 0 5 6 7 3 9 10 11 12 13 14 4
260 255 5 1 2 8 5 0 6 7 3 9 10 11 12 13 14 4
261 257 4 1 2 8 5 4 6 7 3 9 10 11 12 13 14 0
257 252 5 1 2 3 8 5 6 7 9 10 0 11 12 13 14 4
257 253 4 1 2 3 8 5 6 7 9 10 4 11 12 13 14 0
261 256 5 1 2 3 8 5 6 7 9 0 4 11 12 13 14 10
261 257 4 1 2 3 8 5 6 7 0 9 4 11 12 13 14 10
263 258 5 1 2 3 8 5 6 0 7 9 4 11 12 13 14 10
263 258 5 1 2 3 8 5 6 7 13 9 4 11 12 0 14 10
263 258 5 1 2 0 8 5 6 7 3 9 4 11 12 13 14 10
264 259 5 1 2 8 0 5 6 7 3 9 4 11 12 13 14 10
259 254 5 1 2 3 8 5 6 7 13 9 10 11 0 12 14 4
262 257 5 1 2 3 8 5 6 7 9 4 0 11 12 13 14 10
261 258 3 1 2 3 8 5 6 7 9 4 10 11 12 13 14 0
266 261 5 0 2 3 8 5 6 7 9 4 10 11 12 13 14 1
265 260 5 1 2 3 8 0 6 7 9 4 10 11 12 13 14 5
268 263 5 1 2 3 8 4 6 7 9 0 10 11 12 13 14 5
268 264 4 1 2 3 8 4 6 7 0 9 10 11 12 13 14 5
270 265 5 1 2 3 8 4 6 0 7 9 10 11 12 13 14 5
270 265 5 1 2 3 8 4 6 7 13 9 10 11 12 0 14 5
270 265 5 1 2 0 8 4 6 7 3 9 10 11 12 13 14 5
271 266 5 1 2 8 0 4 6 7 3 9 10 11 12 13 14 5
271 267 4 1 2 8 4 0 6 7 3 9 10 11 12 13 14 5
271 269 2 1 2 8 4 5 6 7 3 9 10 11 12 13 14 0
276 272 4 1 2 8 4 5 6 7 3 0 10 11 12 13 14 9
277 273 4 1 2 8 4 5 6 7 0 3 10 11 12 13 14 9
277 274 3 1 2 0 4 5 6 7 8 3 10 11 12 13 14 9
279 275 4 1 2 4 0 5 6 7 8 3 10 11 12 13 14 9
280 276 4 1 2 4 3 5 6 7 8 0 10 11 12 13 14 9
279 275 4 1 0 2 4 5 6 7 8 3 10 11 12 13 14 9
276 272 4 0 2 8 4 5 6 7 3 9 10 11 12 13 14 1
275 271 4 1 2 8 4 5 6 7 3 9 10 0 12 13 14 11
274 270 4 1 2 8 4 5 6 7 3 9 10 11 12 13 0 14
274 270 4 1 2 8 4 5 6 7 3 9 0 11 12 13 14 10
276 271 5 1 2 8 4 5 6 7 3 0 9 11 12 13 14 10
277 272 5 1 2 8 4 5 6 7 0 3 9 11 12 13 14 10
277 273 4 1 2 0 4 5 6 7 8 3 9 11 12 13 14 10
279 274 5 1 2 4 0 5 6 7 8 3 9 11 12 13 14 10
280 275 5 1 2 4 3 5 6 7 8 0 9 11 12 13 14 10
280 276 4 1 2 4 3 5 6 7 8 9 0 11 12 13 14 10
279 277 2 1 2 4 3 5 6 7 8 9 10 11 12 13 14 0
284 280 4 0 2 4 3 5 6 7 8 9 10 11 12 13 14 1
283 279 4 1 2 4 3 0 6 7 8 9 10 11 12 13 14 5
284 280 4 1 2 4 0 3 6 7 8 9 10 11 12 13 14 5
284 281 3 1 2 0 4 3 6 7 8 9 10 11 12 13 14 5
286 282 4 1 0 2 4 3 6 7 8 9 10 11 12 13 14 5
286 282 4 1 2 8 4 3 6 7 0 9 10 11 12 13 14 5
283 279 4 1 2 4 3 5 6 7 8 9 10 0 12 13 14 11
282 278 4 1 2 4 3 5 6 7 8 9 10 11 12 13 0 14
284 279 5 1 2 4 3 5 6 7 8 9 10 11 12 0 13 14
288 283 5 1 2 8 4 3 6 7 13 9 10 11 12 0 14 5
284 279 5 1 2 4 3 5 6 7 8 0 10 11 12 13 9 14
285 280 5 1 2 4 0 5 6 7 8 3 10 11 12 13 9 14
285 281 4 1 2 0 4 5 6 7 8 3 10 11 12 13 9 14
287 282 5 1 0 2 4 5 6 7 8 3 10 11 12 13 9 14
287 282 5 1 2 8 4 5 6 7 0 3 10 11 12 13 9 14
287 282 5 1 2 4 3 5 6 0 8 9 10 7 12 13 14 11
259 254 5 1 0 2 8 5 6 7 3 9 10 11 12 13 14 4
243 238 5 1 2 9 4 5 6 7 8 10 3 11 12 13 0 14
254 249 5 1 2 9 5 0 6 7 8 3 10 11 12 13 14 4
255 251 4 1 2 9 5 4 6 7 8 3 10 11 12 13 14 0
243 238 5 1 2 9 0 3 6 7 8 4 10 11 12 13 14 5
244 239 5 1 2 0 9 3 6 7 8 4 10 11 12 13 14 5
275 270 5 1 2 8 4 9 6 7 3 0 10 11 12 13 14 5
276 271 5 1 2 8 4 9 6 7 0 3 10 11 12 13 14 5
276 272 4 1 2 0 4 9 6 7 8 3 10 11 12 13 14 5
278 273 5 1 2 4 0 9 6 7 8 3 10 11 12 13 14 5
279 274 5 1 2 4 9 0 6 7 8 3 10 11 12 13 14 5
279 276 3 1 2 4 9 5 6 7 8 3 10 11 12 13 14 0
283 279 4 1 2 4 9 5 6 7 8 0 10 11 12 13 14 3
283 280 3 1 2 4 0 5 6 7 8 9 10 11 12 13 14 3
283 281 2 1 2 0 4 5 6 7 8 9 10 11 12 13 14 3
285 282 3 1 0 2 4 5 6 7 8 9 10 11 12 13 14 3
285 282 3 1 2 8 4 5 6 7 0 9 10 11 12 13 14 3
287 283 4 1 2 8 4 5 6 7 9 0 10 11 12 13 14 3
287 283 4 1 2 8 4 5 6 0 7 9 10 11 12 13 14 3
287 283 4 1 2 8 4 5 6 7 13 9 10 11 12 0 14 3
287 283 4 0 1 2 4 5 6 7 8 9 10 11 12 13 14 3
289 286 3 3 1 2 4 5 6 7 8 9 10 11 12 13 14 0
287 283 4 1 7 2 4 5 6 0 8 9 10 11 12 13 14 3
285 281 4 1 2 4 5 0 6 7 8 9 10 11 12 13 14 3
286 283 3 1 2 4 5 3 6 7 8 9 10 11 12 13 14 0
291 286 5 1 2 4 5 3 6 7 8 0 10 11 12 13 14 9
292 287 5 1 2 4 0 3 6 7 8 5 10 11 12 13 14 9
292 288 4 1 2 0 4 3 6 7 8 5 10 11 12 13 14 9
294 289 5 1 0 2 4 3 6 7 8 5 10 11 12 13 14 9
294 289 5 1 2 8 4 3 6 7 0 5 10 11 12 13 14 9
295 290 5 1 2 8 4 3 6 7 5 0 10 11 12 13 14 9
293 288 5 1 2 4 3 0 6 7 8 5 10 11 12 13 14 9
294 290 4 1 2 4 3 9 6 7 8 5 10 11 12 13 14 0
291 286 5 0 2 4 5 3 6 7 8 9 10 11 12 13 14 1
293 288 5 3 2 4 5 0 6 7 8 9 10 11 12 13 14 1
294 290 4 3 2 4 5 1 6 7 8 9 10 11 12 13 14 0
293 289 4 3 2 4 0 5 6 7 8 9 10 11 12 13 14 1
293 290 3 3 2 0 4 5 6 7 8 9 10 11 12 13 14 1
295 291 4 3 0 2 4 5 6 7 8 9 10 11 12 13 14 1
296 292 4 0 3 2 4 5 6 7 8 9 10 11 12 13 14 1
297 295 2 1 3 2 4 5 6 7 8 9 10 11 12 13 14 0
302 298 4 1 3 2 4 5 6 7 8 0 10 11 12 13 14 9
301 297 4 1 3 2 4 0 6 7 8 9 10 11 12 13 14 5
301 297 4 1 3 2 4 5 6 7 8 9 10 0 12 13 14 11
300 296 4 1 3 2 4 5 6 7 8 9 10 11 12 13 0 14
300 296 4 1 3 2 4 5 6 7 8 9 0 11 12 13 14 10
295 291 4 3 2 8 4 5 6 7 0 9 10 11 12 13 14 1
297 292 5 3 2 8 4 5 6 7 9 0 10 11 12 13 14 1
297 292 5 3 2 8 4 5 6 0 7 9 10 11 12 13 14 1
297 292 5 3 2 8 4 5 6 7 13 9 10 11 12 0 14 1
302 297 5 1 3 2 4 5 6 7 8 0 9 11 12 13 14 10
276 271 5 1 2 8 4 5 6 7 3 0 10 11 12 13 9 14
279 274 5 1 2 8 4 0 6 7 3 9 10 5 12 13 14 11
280 276 4 1 2 8 4 11 6 7 3 9 10 5 12 13 14 0
278 273 5 0 2 8 4 5 6 7 3 9 10 1 12 13 14 11
280 276 4 11 2 8 4 5 6 7 3 9 10 1 12 13 14 0
277 272 5 1 2 8 4 5 6 7 3 9 10 12 0 13 14 11
253 248 5 1 2 9 3 5 6 7 8 10 0 11 12 13 14 4
253 249 4 1 2 9 3 5 6 7 8 10 4 11 12 13 14 0
279 274 5 1 2 8 4 5 6 0 3 9 10 7 12 13 14 11
280 275 5 1 2 8 4 5 6 3 0 9 10 7 12 13 14 11
280 276 4 1 2 0 4 5 6 3 8 9 10 7 12 13 14 11
282 277 5 1 2 4 0 5 6 3 8 9 10 7 12 13 14 11
282 277 5 1 0 2 4 5 6 3 8 9 10 7 12 13 14 11
276 271 5 1 2 8 4 5 6 7 3 9 10 11 12 0 13 14
277 272 5 1 2 8 4 5 6 7 0 9 10 11 12 3 13 14
277 273 4 1 2 0 4 5 6 7 8 9 10 11 12 3 13 14
279 274 5 1 2 4 0 5 6 7 8 9 10 11 12 3 13 14
279 274 5 1 0 2 4 5 6 7 8 9 10 11 12 3 13 14
259 254 5 1 0 3 8 5 6 2 7 9 10 11 12 13 14 4
276 271 5 1 2 8 4 0 6 7 3 9 5 11 12 13 14 10
277 273 4 1 2 8 4 10 6 7 3 9 5 11 12 13 14 0
279 274 5 1 2 4 3 9 6 7 8 0 10 11 12 13 14 5
286 281 5 2 0 4 3 5 6 7 8 9 10 11 12 13 14 1
287 282 5 2 4 0 3 5 6 7 8 9 10 11 12 13 14 1
287 283 4 2 4 3 0 5 6 7 8 9 10 11 12 13 14 1
289 284 5 2 4 3 5 0 6 7 8 9 10 11 12 13 14 1
290 286 4 2 4 3 5 1 6 7 8 9 10 11 12 13 14 0
294 289 5 0 4 3 5 1 6 7 8 9 10 11 12 13 14 2
295 291 4 1 4 3 5 0 6 7 8 9 10 11 12 13 14 2
296 293 3 1 4 3 5 2 6 7 8 9 10 11 12 13 14 0
295 292 3 1 4 3 0 5 6 7 8 9 10 11 12 13 14 2
297 293 4 1 4 0 3 5 6 7 8 9 10 11 12 13 14 2
298 294 4 1 0 4 3 5 6 7 8 9 10 11 12 13 14 2
297 293 4 1 4 3 9 5 6 7 8 0 10 11 12 13 14 2
299 294 5 1 4 3 9 5 6 7 8 10 0 11 12 13 14 2
299 295 4 1 4 3 9 5 6 7 8 10 2 11 12 13 14 0
303 298 5 1 4 3 9 5 6 7 8 0 2 11 12 13 14 10
303 299 4 1 4 3 0 5 6 7 8 9 2 11 12 13 14 10
305 300 5 1 4 3 5 0 6 7 8 9 2 11 12 13 14 10
306 302 4 1 4 3 5 10 6 7 8 9 2 11 12 13 14 0
236 231 5 1 2 9 4 5 6 7 8 3 10 12 0 13 14 11
286 281 5 6 2 4 3 5 0 7 8 9 10 11 12 13 14 1
259 254 5 1 2 3 8 5 6 7 13 9 10 11 12 14 0 4
259 255 4 1 2 3 8 5 6 7 13 9 10 11 12 14 4 0
285 280 5 1 2 4 3 5 6 7 8 9 10 12 0 13 14 11
287 282 5 1 2 4 3 0 6 7 8 9 10 5 12 13 14 11
288 284 4 1 2 4 3 11 6 7 8 9 10 5 12 13 14 0
269 264 5 1 2 3 0 4 6 7 9 8 10 11 12 13 14 5
269 265 4 1 2 3 4 0 6 7 9 8 10 11 12 13 14 5
269 267 2 1 2 3 4 5 6 7 9 8 10 11 12 13 14 0
273 270 3 1 2 3 4 5 6 7 9 0 10 11 12 13 14 8
273 271 2 1 2 3 4 5 6 7 0 9 10 11 12 13 14 8
275 272 3 1 2 3 4 5 6 0 7 9 10 11 12 13 14 8
275 272 3 1 2 3 4 5 6 7 13 9 10 11 12 0 14 8
275 272 3 1 2 0 4 5 6 7 3 9 10 11 12 13 14 8
277 273 4 1 2 4 0 5 6 7 3 9 10 11 12 13 14 8
277 273 4 1 0 2 4 5 6 7 3 9 10 11 12 13 14 8
272 268 4 1 2 3 4 8 6 7 9 0 10 11 12 13 14 5
272 269 3 1 2 3 4 8 6 7 0 9 10 11 12 13 14 5
274 270 4 1 2 3 4 8 6 0 7 9 10 11 12 13 14 5
274 270 4 1 2 3 4 8 6 7 13 9 10 11 12 0 14 5
274 270 4 1 2 0 4 8 6 7 3 9 10 11 12 13 14 5
277 273 4 1 2 3 4 5 6 7 13 9 10 11 12 14 0 8
277 274 3 1 2 3 4 5 6 7 13 9 10 11 12 14 8 0
277 273 4 1 2 3 4 5 6 7 13 9 10 11 0 12 14 8
275 271 4 1 2 3 0 5 6 7 9 4 10 11 12 13 14 8
272 268 4 1 2 3 4 5 6 7 9 8 0 11 12 13 14 10
273 269 4 1 2 3 4 5 6 7 9 0 8 11 12 13 14 10
273 270 3 1 2 3 4 5 6 7 0 9 8 11 12 13 14 10
275 271 4 1 2 3 4 5 6 0 7 9 8 11 12 13 14 10
275 271 4 1 2 3 4 5 6 7 13 9 8 11 12 0 14 10
275 271 4 1 2 0 4 5 6 7 3 9 8 11 12 13 14 10
274 270 4 0 2 3 4 5 6 7 9 8 10 11 12 13 14 1
273 269 4 1 2 3 4 5 6 7 9 8 10 0 12 13 14 11
272 268 4 1 2 3 4 5 6 7 9 8 10 11 12 13 0 14
273 269 4 1 2 3 4 5 6 7 9 0 10 11 12 13 8 14
273 270 3 1 2 3 4 5 6 7 0 9 10 11 12 13 8 14
275 271 4 1 2 3 4 5 6 0 7 9 10 11 12 13 8 14
275 271 4 1 2 3 4 5 6 7 13 9 10 11 12 0 8 14
276 272 4 1 2 3 4 5 6 7 13 9 10 11 12 8 0 14
275 273 2 1 2 3 4 5 6 7 13 9 10 11 12 8 14 0
280 276 4 1 2 3 4 5 6 7 13 0 10 11 12 8 14 9
281 277 4 1 2 3 4 5 6 7 0 13 10 11 12 8 14 9
281 278 3 1 2 3 4 5 6 7 8 13 10 11 12 0 14 9
283 279 4 1 2 3 4 5 6 7 8 13 10 11 12 14 0 9
283 280 3 1 2 3 4 5 6 7 8 13 10 11 12 14 9 0
287 283 4 1 2 3 4 5 6 7 8 0 10 11 12 14 9 13
287 284 3 1 2 3 4 5 6 7 8 9 10 11 12 14 0 13
287 285 2 1 2 3 4 5 6 7 8 9 10 11 12 14 13 0
287 285 2 1 2 3 4 5 6 7 8 9 10 11 12 0 14 13
289 286 3 1 2 3 4 5 6 7 8 9 10 11 0 12 14 13
289 286 3 1 2 3 4 5 6 7 0 9 10 11 12 8 14 13
291 287 4 1 2 3 4 5 6 7 9 0 10 11 12 8 14 13
291 287 4 1 2 3 4 5 6 0 7 9 10 11 12 8 14 13
291 287 4 1 2 0 4 5 6 7 3 9 10 11 12 8 14 13
291 287 4 1 2 3 4 5 6 7 8 9 10 0 11 12 14 13
292 289 3 1 2 3 4 5 6 7 8 9 10 13 11 12 14 0
279 275 4 1 2 3 4 5 6 7 13 9 10 0 12 8 14 11
275 271 4 1 2 3 4 5 6 7 9 14 10 11 12 13 0 8
275 272 3 1 2 3 4 5 6 7 9 14 10 11 12 13 8 0
278 274 4 1 2 3 4 5 6 7 13 9 0 11 12 8 14 10
277 273 4 1 0 3 4 5 6 2 7 9 10 11 12 13 14 8
275 271 4 1 2 0 4 5 6 7 3 9 10 11 12 13 8 14
275 271 4 1 2 3 4 5 6 7 9 10 0 11 12 13 14 8
275 272 3 1 2 3 4 5 6 7 9 10 8 11 12 13 14 0
277 273 4 1 2 3 4 5 6 12 7 9 10 11 0 13 14 8
277 273 4 1 2 3 4 5 0 6 7 9 10 11 12 13 14 8
291 287 4 1 2 3 4 5 6 0 8 9 10 11 7 12 14 13
279 275 4 1 2 3 4 0 6 7 13 9 10 11 12 8 14 5
280 276 4 0 2 3 4 5 6 7 13 9 10 11 12 8 14 1
290 286 4 1 2 3 4 5 6 7 8 9 0 11 12 14 13 10
291 287 4 1 2 3 4 5 6 7 8 9 10 0 12 14 13 11
283 279 4 1 2 3 4 5 6 7 8 13 10 11 0 12 14 9
291 287 4 1 2 3 4 0 6 7 8 9 10 11 12 14 13 5
284 280 4 1 2 3 4 5 6 7 8 0 10 11 12 14 13 9
292 288 4 0 2 3 4 5 6 7 8 9 10 11 12 14 13 1
296 291 5 7 2 3 4 5 6 0 8 9 10 11 12 14 13 1
265 260 5 1 2 9 4 0 6 7 8 11 10 3 12 13 14 5
257 252 5 1 2 9 4 5 6 7 8 14 10 3 12 13 0 11
257 253 4 1 2 9 4 5 6 7 8 14 10 3 12 13 11 0
261 256 5 1 2 9 4 5 6 7 8 0 10 3 12 13 11 14
275 270 5 1 2 8 4 11 6 7 3 9 10 0 12 13 14 5
273 268 5 1 2 8 4 10 6 7 3 9 0 11 12 13 14 5
258 253 5 1 2 9 0 5 6 7 8 3 10 11 12 13 4 14
259 254 5 1 2 0 9 5 6 7 8 3 10 11 12 13 4 14
278 273 5 1 0 2 4 9 6 7 8 3 10 11 12 13 14 5
283 278 5 1 2 4 9 5 6 7 8 3 10 0 12 13 14 11
282 277 5 1 2 4 9 5 6 7 8 3 10 11 12 13 0 14
283 278 5 1 2 4 9 5 6 7 8 0 10 11 12 13 3 14
283 279 4 1 2 4 0 5 6 7 8 9 10 11 12 13 3 14
283 280 3 1 2 0 4 5 6 7 8 9 10 11 12 13 3 14
285 281 4 1 0 2 4 5 6 7 8 9 10 11 12 13 3 14
285 281 4 1 2 8 4 5 6 7 0 9 10 11 12 13 3 14
287 282 5 1 2 8 4 5 6 7 9 0 10 11 12 13 3 14
288 283 5 1 2 8 4 5 6 7 9 3 10 11 12 13 0 14
287 284 3 1 2 8 4 5 6 7 9 3 10 11 12 13 14 0
292 287 5 0 2 8 4 5 6 7 9 3 10 11 12 13 14 1
284 279 5 0 2 4 9 5 6 7 8 3 10 11 12 13 14 1
289 284 5 1 2 8 4 5 6 7 9 14 10 11 12 13 0 3
289 285 4 1 2 8 4 5 6 7 9 14 10 11 12 13 3 0
285 280 5 1 2 4 9 5 6 7 8 14 10 11 12 13 0 3
285 281 4 1 2 4 9 5 6 7 8 14 10 11 12 13 3 0
274 269 5 0 2 8 4 1 6 7 3 9 10 11 12 13 14 5
276 272 4 5 2 8 4 1 6 7 3 9 10 11 12 13 14 0
289 284 5 1 2 8 4 5 6 12 7 9 10 11 0 13 14 3
260 255 5 1 2 8 9 5 6 7 3 0 10 11 12 13 14 4
305 300 5 1 3 2 4 0 6 7 8 9 10 5 12 13 14 11
306 302 4 1 3 2 4 11 6 7 8 9 10 5 12 13 14 0
277 272 5 1 2 8 4 5 0 7 3 9 10 6 12 13 14 11
293 288 5 3 1 2 4 5 6 7 8 9 10 0 12 13 14 11
295 290 5 0 1 2 4 5 6 7 8 9 10 3 12 13 14 11
297 293 4 11 1 2 4 5 6 7 8 9 10 3 12 13 14 0
295 291 4 1 0 2 4 5 6 7 8 9 10 3 12 13 14 11
295 292 3 1 2 0 4 5 6 7 8 9 10 3 12 13 14 11
297 293 4 1 2 4 0 5 6 7 8 9 10 3 12 13 14 11
297 293 4 1 2 8 4 5 6 7 0 9 10 3 12 13 14 11
299 294 5 1 2 8 4 5 6 7 9 0 10 3 12 13 14 11
288 283 5 0 2 4 5 1 6 7 8 9 10 11 12 13 14 3
289 284 5 1 7 2 4 5 6 12 8 9 10 11 0 13 14 3
262 257 5 1 2 3 0 5 6 7 9 8 4 11 12 13 14 10
293 288 5 3 1 2 4 0 6 7 8 9 10 11 12 13 14 5
294 289 5 3 1 2 4 5 6 7 8 0 10 11 12 13 14 9
279 274 5 1 2 8 4 5 6 7 13 3 10 11 12 0 14 9
289 284 5 1 7 2 4 5 0 6 8 9 10 11 12 13 14 3
287 282 5 1 2 4 5 10 6 7 8 9 0 11 12 13 14 3
287 283 4 1 2 4 5 10 6 7 8 9 3 11 12 13 14 0
290 285 5 1 2 4 5 0 6 7 8 9 3 11 12 13 14 10
290 286 4 1 2 4 0 5 6 7 8 9 3 11 12 13 14 10
290 287 3 1 2 0 4 5 6 7 8 9 3 11 12 13 14 10
292 288 4 1 0 2 4 5 6 7 8 9 3 11 12 13 14 10
292 288 4 1 2 8 4 5 6 7 0 9 3 11 12 13 14 10
294 289 5 1 2 8 4 5 6 7 9 0 3 11 12 13 14 10
282 277 5 1 2 4 3 5 6 7 0 8 10 11 12 13 14 9
283 278 5 1 2 0 3 5 6 7 4 8 10 11 12 13 14 9
283 279 4 1 2 3 0 5 6 7 4 8 10 11 12 13 14 9
284 280 4 1 2 3 8 5 6 7 4 0 10 11 12 13 14 9
285 281 4 1 2 3 8 5 6 7 0 4 10 11 12 13 14 9
287 282 5 1 2 3 8 5 6 0 7 4 10 11 12 13 14 9
243 238 5 1 0 2 4 5 6 7 9 8 10 11 12 13 14 3
281 276 5 1 2 4 5 0 6 7 8 3 10 11 12 13 14 9
282 278 4 1 2 4 5 9 6 7 8 3 10 11 12 13 14 0
279 274 5 1 2 8 4 5 6 0 7 3 10 11 12 13 14 9
281 276 5 0 1 2 4 5 6 7 8 3 10 11 12 13 14 9
283 279 4 9 1 2 4 5 6 7 8 3 10 11 12 13 14 0
287 282 5 9 1 2 4 5 6 7 8 0 10 11 12 13 14 3
280 275 5 7 2 8 4 5 6 0 3 9 10 11 12 13 14 1
281 276 5 7 2 8 4 5 6 3 0 9 10 11 12 13 14 1
281 277 4 7 2 0 4 5 6 3 8 9 10 11 12 13 14 1
283 278 5 7 2 4 0 5 6 3 8 9 10 11 12 13 14 1
297 292 5 3 7 2 4 5 6 0 8 9 10 11 12 13 14 1
278 273 5 1 2 8 4 5 6 7 3 14 10 11 12 13 0 9
278 274 4 1 2 8 4 5 6 7 3 14 10 11 12 13 9 0
279 274 5 11 2 8 4 5 6 7 3 9 10 0 12 13 14 1
299 294 5 5 3 2 4 0 6 7 8 9 10 11 12 13 14 1
300 296 4 5 3 2 4 1 6 7 8 9 10 11 12 13 14 0
300 295 5 7 3 2 4 5 6 0 8 9 10 11 12 13 14 1
303 298 5 1 3 2 4 5 0 7 8 9 10 6 12 13 14 11
303 298 5 1 3 2 4 10 6 7 8 9 0 11 12 13 14 5
303 299 4 1 3 2 4 10 6 7 8 9 5 11 12 13 14 0
304 299 5 1 3 2 4 5 6 7 8 10 0 11 12 13 14 9
304 300 4 1 3 2 4 5 6 7 8 10 9 11 12 13 14 0
303 298 5 1 3 2 0 4 6 7 8 9 10 11 12 13 14 5
304 299 5 1 3 0 2 4 6 7 8 9 10 11 12 13 14 5
304 300 4 1 0 3 2 4 6 7 8 9 10 11 12 13 14 5
306 301 5 0 1 3 2 4 6 7 8 9 10 11 12 13 14 5
308 304 4 5 1 3 2 4 6 7 8 9 10 11 12 13 14 0
311 306 5 5 1 3 2 0 6 7 8 9 10 11 12 13 14 4
312 308 4 0 1 3 2 5 6 7 8 9 10 11 12 13 14 4
314 311 3 4 1 3 2 5 6 7 8 9 10 11 12 13 14 0
312 309 3 1 0 3 2 5 6 7 8 9 10 11 12 13 14 4
314 310 4 1 3 0 2 5 6 7 8 9 10 11 12 13 14 4
315 311 4 1 3 2 0 5 6 7 8 9 10 11 12 13 14 4
314 310 4 1 7 3 2 5 6 0 8 9 10 11 12 13 14 4
316 311 5 1 7 3 2 5 6 8 0 9 10 11 12 13 14 4
302 297 5 1 3 2 4 0 6 7 8 9 5 11 12 13 14 10
302 297 5 1 3 2 4 5 6 7 8 9 10 11 12 0 13 14
288 283 5 1 7 2 4 3 6 0 8 9 10 11 12 13 14 5
243 238 5 1 0 2 9 5 6 7 8 4 10 11 12 13 14 3
256 251 5 1 2 3 5 0 6 7 9 8 10 11 12 13 14 4
257 253 4 1 2 3 5 4 6 7 9 8 10 11 12 13 14 0
261 256 5 1 2 3 5 4 6 7 9 0 10 11 12 13 14 8
261 257 4 1 2 3 5 4 6 7 0 9 10 11 12 13 14 8
263 258 5 1 2 3 5 4 6 0 7 9 10 11 12 13 14 8
255 250 5 1 2 8 9 5 6 7 0 3 10 11 12 13 14 4
257 252 5 3 2 9 4 5 6 7 0 8 10 11 12 13 14 1
258 253 5 3 2 0 4 5 6 7 9 8 10 11 12 13 14 1
246 241 5 1 2 9 4 5 6 7 0 8 10 11 12 13 3 14
247 242 5 1 2 0 4 5 6 7 9 8 10 11 12 13 3 14
288 283 5 1 2 8 4 3 6 7 9 0 10 11 12 13 14 5
288 283 5 7 2 4 3 5 6 0 8 9 10 11 12 13 14 1
287 282 5 11 2 4 3 5 6 7 8 9 10 0 12 13 14 1
288 284 4 11 2 4 3 5 6 7 8 9 10 1 12 13 14 0
285 280 5 1 2 4 3 10 6 7 8 9 0 11 12 13 14 5
285 281 4 1 2 4 3 10 6 7 8 9 5 11 12 13 14 0
285 280 5 1 2 4 3 5 0 7 8 9 10 6 12 13 14 11
289 284 5 2 4 3 9 5 6 7 8 0 10 11 12 13 14 1
299 294 5 1 4 3 5 9 6 7 8 0 10 11 12 13 14 2
300 295 5 1 4 3 0 9 6 7 8 5 10 11 12 13 14 2
301 296 5 1 4 3 9 0 6 7 8 5 10 11 12 13 14 2
302 298 4 1 4 3 9 2 6 7 8 5 10 11 12 13 14 0
306 301 5 1 4 3 9 2 6 7 8 0 10 11 12 13 14 5
306 302 4 1 4 3 0 2 6 7 8 9 10 11 12 13 14 5
307 303 4 1 4 3 2 0 6 7 8 9 10 11 12 13 14 5
307 305 2 1 4 3 2 5 6 7 8 9 10 11 12 13 14 0
312 308 4 1 4 3 2 5 6 7 8 0 10 11 12 13 14 9
313 309 4 1 4 3 0 5 6 7 8 2 10 11 12 13 14 9
312 308 4 0 4 3 2 5 6 7 8 9 10 11 12 13 14 1
313 309 4 4 0 3 2 5 6 7 8 9 10 11 12 13 14 1
311 307 4 1 4 3 2 5 6 7 8 9 10 0 12 13 14 11
310 306 4 1 4 3 2 5 6 7 8 9 10 11 12 13 0 14
310 306 4 1 4 3 2 5 6 7 8 9 0 11 12 13 14 10
312 307 5 1 4 3 2 5 6 7 8 0 9 11 12 13 14 10
313 308 5 1 4 3 0 5 6 7 8 2 9 11 12 13 14 10
315 310 5 1 4 3 5 0 6 7 8 2 10 11 12 13 14 9
316 312 4 1 4 3 5 9 6 7 8 2 10 11 12 13 14 0
312 307 5 1 4 3 2 0 6 7 8 9 5 11 12 13 14 10
313 309 4 1 4 3 2 10 6 7 8 9 5 11 12 13 14 0
313 308 5 1 4 3 0 2 6 7 8 9 5 11 12 13 14 10
304 299 5 1 4 3 9 5 6 7 8 2 0 11 12 13 14 10
303 300 3 1 4 3 9 5 6 7 8 2 10 11 12 13 14 0
308 303 5 0 4 3 9 5 6 7 8 2 10 11 12 13 14 1
309 304 5 4 0 3 9 5 6 7 8 2 10 11 12 13 14 1
307 302 5 1 4 3 9 0 6 7 8 2 10 11 12 13 14 5
308 303 5 1 4 3 0 9 6 7 8 2 10 11 12 13 14 5
307 302 5 1 4 3 9 5 6 7 8 2 10 0 12 13 14 11
246 241 5 1 2 9 0 5 6 7 8 4 3 11 12 13 14 10
247 242 5 1 2 0 9 5 6 7 8 4 3 11 12 13 14 10
273 268 5 1 2 3 4 11 6 7 9 8 10 0 12 13 14 5
274 270 4 1 2 3 4 11 6 7 9 8 10 5 12 13 14 0
278 273 5 1 2 3 4 11 6 7 9 0 10 5 12 13 14 8
278 274 4 1 2 3 4 11 6 7 0 9 10 5 12 13 14 8
280 275 5 1 2 3 4 11 6 0 7 9 10 5 12 13 14 8
280 275 5 1 2 3 4 11 6 7 13 9 10 5 12 0 14 8
280 275 5 1 2 3 4 5 6 7 13 9 0 11 12 14 8 10
276 271 5 1 2 3 4 8 6 7 13 9 10 11 0 12 14 5
276 271 5 1 2 3 4 8 0 6 7 9 10 11 12 13 14 5
279 274 5 1 2 3 4 5 6 7 13 0 10 11 12 14 9 8
280 275 5 1 2 3 4 5 6 7 0 13 10 11 12 14 9 8
281 276 5 1 2 3 4 5 6 7 14 13 10 11 12 0 9 8
282 277 5 1 2 3 4 5 6 7 14 13 10 11 12 9 0 8
282 278 4 1 2 3 4 5 6 7 14 13 10 11 12 9 8 0
286 281 5 1 2 3 4 5 6 7 14 0 10 11 12 9 8 13
287 282 5 1 2 3 4 5 6 7 0 14 10 11 12 9 8 13
288 283 5 1 2 3 4 5 6 7 9 14 10 11 12 0 8 13
287 282 5 1 2 3 4 5 6 7 14 8 10 11 12 9 0 13
287 283 4 1 2 3 4 5 6 7 14 8 10 11 12 9 13 0
288 283 5 1 2 3 4 5 6 7 14 8 10 11 12 0 9 13
277 272 5 1 2 3 5 0 6 7 9 4 10 11 12 13 14 8
278 274 4 1 2 3 5 8 6 7 9 4 10 11 12 13 14 0
275 270 5 1 2 3 0 5 6 7 9 4 8 11 12 13 14 10
277 272 5 1 2 3 4 5 6 12 7 9 8 11 0 13 14 10
277 272 5 1 0 3 4 5 6 2 7 9 8 11 12 13 14 10
279 274 5 1 7 2 4 5 6 0 3 9 10 11 12 13 14 8
280 275 5 1 7 2 4 5 6 3 0 9 10 11 12 13 14 8
281 276 5 1 7 0 4 5 6 3 2 9 10 11 12 13 14 8
282 277 5 1 0 7 4 5 6 3 2 9 10 11 12 13 14 8
283 278 5 1 3 7 4 5 6 0 2 9 10 11 12 13 14 8
284 279 5 1 3 7 4 5 6 2 0 9 10 11 12 13 14 8
279 274 5 1 2 3 4 5 6 7 13 9 10 0 11 12 14 8
280 276 4 1 2 3 4 5 6 7 13 9 10 8 11 12 14 0
278 273 5 7 2 3 4 5 6 0 9 8 10 11 12 13 14 1
279 274 5 7 2 3 4 5 6 9 0 8 10 11 12 13 14 1
279 275 4 7 2 3 4 5 6 9 8 0 10 11 12 13 14 1
281 276 5 7 2 3 4 5 6 9 8 10 0 11 12 13 14 1
281 277 4 7 2 3 4 5 6 9 8 10 1 11 12 13 14 0
285 280 5 7 2 3 4 5 6 9 8 0 1 11 12 13 14 10
286 281 5 7 2 3 4 5 6 9 8 1 0 11 12 13 14 10
285 282 3 7 2 3 4 5 6 9 8 1 10 11 12 13 14 0
289 285 4 0 2 3 4 5 6 9 8 1 10 11 12 13 14 7
292 288 4 9 2 3 4 5 6 0 8 1 10 11 12 13 14 7
294 289 5 9 2 3 4 5 6 8 0 1 10 11 12 13 14 7
295 290 5 9 2 3 4 5 6 8 1 0 10 11 12 13 14 7
294 289 5 9 2 3 4 5 0 6 8 1 10 11 12 13 14 7
277 272 5 1 0 3 4 5 6 2 7 9 10 11 12 13 8 14
277 272 5 1 2 3 4 5 6 0 9 8 10 7 12 13 14 11
278 273 5 1 2 3 4 5 6 9 0 8 10 7 12 13 14 11
278 274 4 1 2 3 4 5 6 9 8 0 10 7 12 13 14 11
280 275 5 1 2 3 4 5 6 9 8 10 0 7 12 13 14 11
280 276 4 1 2 3 4 5 6 9 8 10 11 7 12 13 14 0
284 279 5 1 2 3 4 5 6 9 8 0 11 7 12 13 14 10
285 280 5 1 2 3 4 5 6 9 8 11 0 7 12 13 14 10
284 281 3 1 2 3 4 5 6 9 8 11 10 7 12 13 14 0
287 283 4 1 2 3 4 5 6 9 8 11 10 0 12 13 14 7
290 286 4 1 2 3 4 5 6 0 8 11 10 9 12 13 14 7
292 287 5 1 2 3 4 5 6 8 0 11 10 9 12 13 14 7
293 288 5 1 2 3 4 5 6 8 11 0 10 9 12 13 14 7
288 283 5 1 2 3 4 0 6 9 8 11 10 7 12 13 14 5
291 286 5 1 2 3 4 11 6 9 8 0 10 7 12 13 14 5
291 286 5 1 2 3 4 7 6 9 8 11 10 0 12 13 14 5
292 288 4 1 2 3 4 7 6 9 8 11 10 5 12 13 14 0
296 291 5 1 2 3 4 7 6 9 8 0 10 5 12 13 14 11
294 289 5 1 2 3 4 7 6 0 8 11 10 9 12 13 14 5
289 284 5 1 2 8 0 5 6 7 9 4 10 11 12 13 14 3
290 285 5 1 2 0 8 5 6 7 9 4 10 11 12 13 14 3
291 286 5 1 2 9 8 5 6 7 0 4 10 11 12 13 14 3
292 287 5 1 2 9 8 5 6 7 4 0 10 11 12 13 14 3
293 288 5 1 2 9 0 5 6 7 4 8 10 11 12 13 14 3
294 289 5 1 2 0 9 5 6 7 4 8 10 11 12 13 14 3
266 261 5 1 2 3 0 8 6 7 9 4 10 11 12 13 14 5
293 288 5 1 2 3 4 5 6 12 7 9 10 11 0 8 14 13
294 289 5 1 2 3 4 5 6 12 7 9 10 11 8 0 14 13
295 290 5 1 2 3 4 5 6 12 0 9 10 11 8 7 14 13
296 291 5 1 2 3 4 5 6 0 12 9 10 11 8 7 14 13
297 292 5 1 2 3 4 5 6 8 12 9 10 11 0 7 14 13
298 293 5 1 2 3 4 5 6 8 12 9 10 11 7 0 14 13
293 288 5 1 2 4 0 5 6 7 3 9 10 11 12 8 14 13
295 290 5 1 2 3 4 0 6 7 8 9 10 5 11 12 14 13
296 292 4 1 2 3 4 13 6 7 8 9 10 5 11 12 14 0
299 294 5 1 2 3 4 13 6 7 8 9 10 0 11 12 14 5
299 295 4 1 2 3 4 13 6 7 8 9 10 11 0 12 14 5
299 296 3 1 2 3 4 13 6 7 8 9 10 11 12 0 14 5
301 297 4 1 2 3 4 13 6 7 8 9 10 11 12 14 0 5
301 298 3 1 2 3 4 13 6 7 8 9 10 11 12 14 5 0
304 300 4 1 2 3 4 0 6 7 8 9 10 11 12 14 5 13
301 297 4 1 2 3 4 13 6 7 0 9 10 11 12 8 14 5
303 298 5 1 2 3 4 13 6 7 9 0 10 11 12 8 14 5
303 298 5 1 2 3 4 13 6 0 7 9 10 11 12 8 14 5
283 278 5 1 2 3 4 0 6 7 13 9 10 5 12 8 14 11
284 280 4 1 2 3 4 11 6 7 13 9 10 5 12 8 14 0
280 275 5 1 2 3 4 5 6 7 13 0 9 11 12 8 14 10
281 276 5 1 2 3 4 5 6 7 0 13 9 11 12 8 14 10
281 277 4 1 2 3 4 5 6 7 8 13 9 11 12 0 14 10
283 278 5 1 2 3 4 5 6 7 8 13 9 11 12 14 0 10
283 279 4 1 2 3 4 5 6 7 8 13 9 11 12 14 10 0
287 282 5 1 2 3 4 5 6 7 8 0 9 11 12 14 10 13
287 283 4 1 2 3 4 5 6 7 8 9 0 11 12 14 10 13
287 284 3 1 2 3 4 5 6 7 8 9 13 11 12 14 10 0
289 285 4 1 2 3 4 5 6 7 8 9 13 11 12 14 0 10
289 286 3 1 2 3 4 5 6 7 8 9 13 11 12 0 14 10
291 287 4 1 2 3 4 5 6 7 8 9 13 11 0 12 14 10
291 287 4 1 2 3 4 5 6 7 0 9 13 11 12 8 14 10
293 288 5 1 2 3 4 5 6 7 9 0 13 11 12 8 14 10
294 289 5 1 2 3 4 5 6 7 9 13 0 11 12 8 14 10
293 290 3 1 2 3 4 5 6 7 9 13 10 11 12 8 14 0
298 293 5 0 2 3 4 5 6 7 9 13 10 11 12 8 14 1
297 292 5 1 2 3 4 0 6 7 9 13 10 11 12 8 14 5
279 274 5 1 2 3 4 0 6 7 9 10 8 11 12 13 14 5
282 277 5 1 2 3 4 10 6 7 9 0 8 11 12 13 14 5
282 278 4 1 2 3 4 10 6 7 0 9 8 11 12 13 14 5
284 279 5 1 2 3 4 10 6 0 7 9 8 11 12 13 14 5
284 279 5 1 2 3 4 10 6 7 13 9 8 11 12 0 14 5
293 288 5 1 2 3 4 5 6 8 0 9 10 11 7 12 14 13
293 288 5 1 2 3 4 5 0 6 8 9 10 11 7 12 14 13
284 279 5 1 2 3 4 5 6 7 8 0 9 11 12 14 13 10
282 277 5 6 2 3 4 5 0 7 13 9 10 11 12 8 14 1
282 277 5 0 2 3 4 1 6 7 13 9 10 11 12 8 14 5
284 280 4 5 2 3 4 1 6 7 13 9 10 11 12 8 14 0
283 278 5 1 2 3 4 9 6 7 13 0 10 11 12 8 14 5
284 279 5 1 2 3 4 9 6 7 0 13 10 11 12 8 14 5
284 280 4 1 2 3 4 9 6 7 8 13 10 11 12 0 14 5
286 281 5 1 2 3 4 9 6 7 8 13 10 11 12 14 0 5
286 282 4 1 2 3 4 9 6 7 8 13 10 11 12 14 5 0
289 284 5 1 2 3 4 0 6 7 8 13 10 11 12 14 5 9
293 288 5 1 0 3 4 5 6 2 8 9 10 11 7 12 14 13
286 281 5 1 2 3 4 5 6 7 0 8 10 11 12 14 13 9
287 282 5 1 2 3 4 5 6 7 14 8 10 11 12 0 13 9
287 283 4 1 2 3 4 5 6 7 14 8 10 11 12 13 0 9
287 284 3 1 2 3 4 5 6 7 14 8 10 11 12 13 9 0
291 287 4 1 2 3 4 5 6 7 14 0 10 11 12 13 9 8
291 288 3 1 2 3 4 5 6 7 14 9 10 11 12 13 0 8
291 289 2 1 2 3 4 5 6 7 14 9 10 11 12 13 8 0
296 292 4 0 2 3 4 5 6 7 14 9 10 11 12 13 8 1
295 291 4 1 2 3 4 0 6 7 14 9 10 11 12 13 8 5
295 291 4 1 2 3 4 5 6 7 14 9 10 0 12 13 8 11
294 290 4 1 2 3 4 5 6 7 14 9 0 11 12 13 8 10
293 289 4 1 2 3 4 5 6 7 14 9 10 11 12 0 13 8
294 290 4 1 2 3 4 5 6 7 0 9 10 11 12 14 13 8
292 288 4 1 2 3 4 5 6 7 0 14 10 11 12 13 9 8
288 284 4 1 2 3 4 5 6 7 14 0 10 11 12 13 8 9
289 285 4 1 2 3 4 5 6 7 0 14 10 11 12 13 8 9
291 286 5 1 2 3 4 5 6 0 7 14 10 11 12 13 8 9
291 286 5 1 2 3 4 5 6 7 13 14 10 11 12 0 8 9
285 280 5 1 2 3 4 5 6 0 8 13 10 11 7 12 14 9
286 281 5 1 2 3 0 5 6 7 8 4 10 11 12 14 13 9
295 290 5 1 2 3 4 11 6 7 8 9 10 0 12 14 13 5
296 292 4 1 2 3 4 11 6 7 8 9 10 5 12 14 13 0
298 293 5 1 2 3 4 11 6 7 8 9 10 5 12 14 0 13
298 294 4 1 2 3 4 11 6 7 8 9 10 5 12 0 14 13
300 295 5 1 2 3 4 11 6 7 8 9 10 5 0 12 14 13
301 296 5 1 2 3 4 11 6 7 8 9 10 0 5 12 14 13
303 299 4 1 2 3 4 0 6 7 8 9 10 11 5 12 14 13
304 301 3 1 2 3 4 13 6 7 8 9 10 11 5 12 14 0
302 298 4 1 2 3 4 11 6 7 8 9 10 13 5 12 14 0
305 300 5 1 2 3 4 0 6 7 8 9 10 13 5 12 14 11
309 304 5 1 2 3 4 13 6 7 8 0 10 11 5 12 14 9
260 255 5 1 2 9 4 5 6 7 8 14 10 0 12 13 11 3
267 262 5 0 2 9 4 5 6 7 8 11 10 1 12 13 14 3
295 290 5 5 2 3 4 0 6 7 8 9 10 11 12 14 13 1
296 292 4 5 2 3 4 1 6 7 8 9 10 11 12 14 13 0
298 293 5 5 2 3 4 1 6 7 8 9 10 11 12 14 0 13
298 294 4 5 2 3 4 1 6 7 8 9 10 11 12 0 14 13
300 295 5 5 2 3 4 1 6 7 8 9 10 11 0 12 14 13
307 302 5 1 2 3 4 13 6 7 8 9 0 11 5 12 14 10
308 303 5 1 2 3 4 0 6 7 8 9 13 11 5 12 14 10
309 305 4 1 2 3 4 10 6 7 8 9 13 11 5 12 14 0
300 295 5 5 2 3 4 1 6 7 0 9 10 11 12 8 14 13
266 261 5 1 2 9 4 5 6 7 8 11 10 12 0 13 14 3
287 282 5 1 7 2 4 5 6 0 8 9 10 11 12 13 3 14
295 290 5 11 2 3 4 5 6 7 8 9 10 0 12 14 13 1
296 292 4 11 2 3 4 5 6 7 8 9 10 1 12 14 13 0
298 293 5 11 2 3 4 5 6 7 8 9 10 1 12 14 0 13
298 294 4 11 2 3 4 5 6 7 8 9 10 1 12 0 14 13
300 295 5 11 2 3 4 5 6 7 8 9 10 1 0 12 14 13
301 296 5 11 2 3 4 5 6 7 8 9 10 0 1 12 14 13
302 298 4 0 2 3 4 5 6 7 8 9 10 11 1 12 14 13
304 301 3 13 2 3 4 5 6 7 8 9 10 11 1 12 14 0
302 298 4 11 2 3 4 5 6 7 8 9 10 13 1 12 14 0
306 301 5 0 2 3 4 5 6 7 8 9 10 13 1 12 14 11
309 304 5 13 2 3 4 5 6 7 8 0 10 11 1 12 14 9
292 287 5 3 1 2 4 5 6 7 8 9 10 11 12 13 0 14
290 285 5 11 1 2 4 5 6 7 8 9 10 0 12 13 14 3
289 284 5 1 2 8 4 5 0 6 7 9 10 11 12 13 14 3
289 284 5 1 0 8 4 5 6 2 7 9 10 11 12 13 14 3
290 285 5 1 8 0 4 5 6 2 7 9 10 11 12 13 14 3
291 286 5 1 8 7 4 5 6 2 0 9 10 11 12 13 14 3
292 287 5 1 8 7 4 5 6 0 2 9 10 11 12 13 14 3
293 288 5 1 0 7 4 5 6 8 2 9 10 11 12 13 14 3
294 289 5 1 7 0 4 5 6 8 2 9 10 11 12 13 14 3
289 284 5 1 2 4 5 11 6 7 8 9 10 0 12 13 14 3
290 286 4 1 2 4 5 11 6 7 8 9 10 3 12 13 14 0
299 294 5 1 2 8 4 5 6 7 13 9 10 3 12 0 14 11
293 288 5 1 2 4 5 0 6 7 8 9 10 3 12 13 14 11
294 289 5 1 7 2 4 5 6 0 8 9 3 11 12 13 14 10
289 284 5 1 2 4 5 3 6 7 8 9 0 11 12 13 14 10
289 284 5 1 7 2 4 5 6 8 0 9 10 11 12 13 14 3
299 294 5 1 2 8 4 5 6 0 7 9 10 3 12 13 14 11
278 273 5 1 2 8 0 5 6 7 3 4 10 11 12 13 14 9
286 281 5 1 2 4 5 9 6 7 8 0 10 11 12 13 14 3
287 282 5 1 2 4 0 9 6 7 8 5 10 11 12 13 14 3
287 283 4 1 2 0 4 9 6 7 8 5 10 11 12 13 14 3
289 284 5 1 0 2 4 9 6 7 8 5 10 11 12 13 14 3
289 284 5 1 2 8 4 9 6 7 0 5 10 11 12 13 14 3
290 285 5 1 2 8 4 9 6 7 5 0 10 11 12 13 14 3
289 284 5 1 2 4 5 3 6 7 8 9 10 11 12 13 0 14
278 273 5 1 2 8 4 5 6 7 3 10 0 11 12 13 14 9
278 274 4 1 2 8 4 5 6 7 3 10 9 11 12 13 14 0
294 289 5 1 2 8 4 5 6 7 13 9 3 11 12 0 14 10
285 280 5 1 2 3 5 0 6 7 4 8 10 11 12 13 14 9
286 282 4 1 2 3 5 9 6 7 4 8 10 11 12 13 14 0
290 285 5 1 2 3 5 9 6 7 4 0 10 11 12 13 14 8
291 286 5 1 2 3 5 9 6 7 0 4 10 11 12 13 14 8
291 286 5 1 2 3 0 9 6 7 4 5 10 11 12 13 14 8
292 287 5 1 2 3 9 0 6 7 4 5 10 11 12 13 14 8
294 290 4 1 2 3 9 5 6 7 4 0 10 11 12 13 14 8
294 291 3 1 2 3 0 5 6 7 4 9 10 11 12 13 14 8
296 292 4 1 2 3 5 0 6 7 4 9 10 11 12 13 14 8
297 294 3 1 2 3 5 8 6 7 4 9 10 11 12 13 14 0
296 292 4 1 2 0 3 5 6 7 4 9 10 11 12 13 14 8
297 293 4 1 2 4 3 5 6 7 0 9 10 11 12 13 14 8
295 291 4 1 2 3 9 5 6 7 0 4 10 11 12 13 14 8
293 289 4 1 2 3 9 8 6 7 4 5 10 11 12 13 14 0
297 292 5 1 2 3 9 8 6 7 4 0 10 11 12 13 14 5
297 293 4 1 2 3 0 8 6 7 4 9 10 11 12 13 14 5
298 294 4 1 2 3 8 0 6 7 4 9 10 11 12 13 14 5
298 296 2 1 2 3 8 5 6 7 4 9 10 11 12 13 14 0
303 299 4 0 2 3 8 5 6 7 4 9 10 11 12 13 14 1
302 298 4 1 2 3 8 5 6 7 4 9 10 0 12 13 14 11
301 297 4 1 2 3 8 5 6 7 4 9 10 11 12 13 0 14
301 297 4 1 2 3 8 5 6 7 4 9 0 11 12 13 14 10
303 298 5 1 2 3 8 5 6 7 4 0 9 11 12 13 14 10
304 299 5 1 2 3 8 5 6 7 0 4 9 11 12 13 14 10
304 299 5 1 2 3 0 5 6 7 4 8 9 11 12 13 14 10
305 300 5 1 3 2 4 9 6 7 8 0 10 11 12 13 14 5
304 299 5 1 3 2 4 5 6 7 0 8 10 11 12 13 14 9
305 300 5 1 3 0 4 5 6 7 2 8 10 11 12 13 14 9
305 301 4 1 0 3 4 5 6 7 2 8 10 11 12 13 14 9
307 302 5 0 1 3 4 5 6 7 2 8 10 11 12 13 14 9
309 305 4 9 1 3 4 5 6 7 2 8 10 11 12 13 14 0
313 308 5 9 1 3 4 5 6 7 2 0 10 11 12 13 14 8
314 309 5 9 1 3 4 5 6 7 0 2 10 11 12 13 14 8
307 302 5 1 7 3 4 5 6 0 2 8 10 11 12 13 14 9
308 303 5 1 7 3 4 5 6 2 0 8 10 11 12 13 14 9
308 304 4 1 7 3 4 5 6 2 8 0 10 11 12 13 14 9
310 305 5 1 7 3 4 5 6 2 8 10 0 11 12 13 14 9
310 306 4 1 7 3 4 5 6 2 8 10 9 11 12 13 14 0
314 309 5 1 7 3 4 5 6 2 8 0 9 11 12 13 14 10
314 310 4 1 7 3 4 5 6 2 8 9 0 11 12 13 14 10
313 311 2 1 7 3 4 5 6 2 8 9 10 11 12 13 14 0
318 314 4 0 7 3 4 5 6 2 8 9 10 11 12 13 14 1
321 317 4 2 7 3 4 5 6 0 8 9 10 11 12 13 14 1
321 318 3 2 0 3 4 5 6 7 8 9 10 11 12 13 14 1
321 319 2 0 2 3 4 5 6 7 8 9 10 11 12 13 14 1
322 322 0 1 2 3 4 5 6 7 8 9 10 11 12 13 14 0
