0 0 0 12 0 4 13 6 7 9 14 11 1 3 10 5 2 8
13 1 12 12 4 0 13 6 7 9 14 11 1 3 10 5 2 8
14 2 12 12 4 13 0 6 7 9 14 11 1 3 10 5 2 8
15 3 12 12 4 13 6 0 7 9 14 11 1 3 10 5 2 8
16 5 11 12 4 13 6 8 7 9 14 11 1 3 10 5 2 0
20 8 12 0 4 13 6 8 7 9 14 11 1 3 10 5 2 12
23 11 12 9 4 13 6 8 7 0 14 11 1 3 10 5 2 12
24 12 12 9 4 13 6 8 7 14 0 11 1 3 10 5 2 12
25 13 12 9 4 13 6 8 7 14 5 11 1 3 10 0 2 12
26 14 12 9 4 13 6 8 7 14 5 11 1 3 10 2 0 12
25 15 10 9 4 13 6 8 7 14 5 11 1 3 10 2 12 0
29 18 11 0 4 13 6 8 7 14 5 11 1 3 10 2 12 9
32 21 11 14 4 13 6 8 7 0 5 11 1 3 10 2 12 9
32 22 10 14 4 13 6 8 7 5 0 11 1 3 10 2 12 9
33 23 10 14 4 13 6 8 7 5 2 11 1 3 10 0 12 9
34 24 10 14 4 13 6 8 7 5 2 11 1 3 0 10 12 9
33 23 10 14 4 0 6 8 7 5 13 11 1 3 10 2 12 9
34 24 10 14 4 6 0 8 7 5 13 11 1 3 10 2 12 9
35 25 10 14 4 6 8 0 7 5 13 11 1 3 10 2 12 9
36 27 9 14 4 6 8 9 7 5 13 11 1 3 10 2 12 0
40 30 10 0 4 6 8 9 7 5 13 11 1 3 10 2 12 14
42 32 10 9 4 6 8 0 7 5 13 11 1 3 10 2 12 14
43 34 9 9 4 6 8 14 7 5 13 11 1 3 10 2 12 0
45 35 10 9 4 6 8 14 7 5 13 11 0 3 10 2 12 1
45 36 9 9 4 6 8 0 7 5 13 11 14 3 10 2 12 1
46 38 8 9 4 6 8 1 7 5 13 11 14 3 10 2 12 0
50 41 9 0 4 6 8 1 7 5 13 11 14 3 10 2 12 9
51 43 8 1 4 6 8 0 7 5 13 11 14 3 10 2 12 9
52 45 7 1 4 6 8 9 7 5 13 11 14 3 10 2 12 0
52 44 8 1 4 6 0 8 7 5 13 11 14 3 10 2 12 9
53 45 8 1 4 0 6 8 7 5 13 11 14 3 10 2 12 9
54 46 8 1 4 13 6 8 7 5 0 11 14 3 10 2 12 9
55 47 8 1 4 13 6 8 7 5 2 11 14 3 10 0 12 9
56 48 8 1 4 13 6 8 7 5 2 11 14 3 0 10 12 9
58 49 9 1 4 13 6 8 7 5 2 11 14 0 3 10 12 9
59 51 8 1 4 13 6 8 7 5 2 11 14 9 3 10 12 0
62 53 9 1 4 13 6 0 7 5 2 11 14 9 3 10 12 8
65 56 9 1 4 13 6 9 7 5 2 11 14 0 3 10 12 8
66 58 8 1 4 13 6 9 7 5 2 11 14 8 3 10 12 0
65 57 8 1 4 13 6 9 7 5 2 11 14 3 0 10 12 8
66 58 8 1 4 13 6 9 7 5 2 11 14 3 10 0 12 8
67 59 8 1 4 13 6 9 7 5 0 11 14 3 10 2 12 8
68 60 8 1 4 0 6 9 7 5 13 11 14 3 10 2 12 8
69 61 8 1 4 6 0 9 7 5 13 11 14 3 10 2 12 8
70 62 8 1 4 6 9 0 7 5 13 11 14 3 10 2 12 8
71 64 7 1 4 6 9 8 7 5 13 11 14 3 10 2 12 0
76 67 9 1 4 6 9 8 7 5 13 0 14 3 10 2 12 11
77 68 9 1 4 6 9 8 7 5 0 13 14 3 10 2 12 11
78 69 9 1 4 6 9 8 7 5 2 13 14 3 10 0 12 11
79 70 9 1 4 6 9 8 7 5 2 13 14 3 0 10 12 11
57 48 9 1 4 13 6 8 7 5 2 11 14 3 10 12 0 9
57 49 8 1 4 13 6 8 7 5 2 11 14 3 10 12 9 0
60 51 9 1 4 13 6 0 7 5 2 11 14 3 10 12 9 8
61 52 9 1 4 13 0 6 7 5 2 11 14 3 10 12 9 8
62 53 9 1 4 0 13 6 7 5 2 11 14 3 10 12 9 8
63 54 9 1 4 2 13 6 7 5 0 11 14 3 10 12 9 8
64 55 9 1 4 2 13 6 7 5 12 11 14 3 10 0 9 8
64 56 8 1 4 2 13 6 7 5 12 11 14 3 10 9 0 8
64 57 7 1 4 2 13 6 7 5 12 11 14 3 10 9 8 0
67 59 8 1 4 2 13 0 7 5 12 11 14 3 10 9 8 6
67 60 7 1 4 2 0 13 7 5 12 11 14 3 10 9 8 6
68 61 7 1 4 0 2 13 7 5 12 11 14 3 10 9 8 6
69 62 7 1 4 12 2 13 7 5 0 11 14 3 10 9 8 6
71 63 8 1 4 12 2 13 7 5 11 0 14 3 10 9 8 6
72 64 8 1 4 12 2 13 7 5 11 8 14 3 10 9 0 6
72 65 7 1 4 12 2 13 7 5 11 8 14 3 10 9 6 0
76 68 8 1 4 12 2 13 7 5 11 0 14 3 10 9 6 8
76 69 7 1 4 12 2 13 7 5 0 11 14 3 10 9 6 8
77 70 7 1 4 0 2 13 7 5 12 11 14 3 10 9 6 8
78 71 7 1 4 2 0 13 7 5 12 11 14 3 10 9 6 8
80 72 8 1 4 2 13 0 7 5 12 11 14 3 10 9 6 8
81 74 7 1 4 2 13 8 7 5 12 11 14 3 10 9 6 0
83 75 8 1 4 2 13 8 7 5 12 11 14 3 10 9 0 6
80 72 8 1 4 2 11 13 7 5 12 0 14 3 10 9 6 8
81 73 8 1 4 2 11 13 7 5 0 12 14 3 10 9 6 8
82 74 8 1 4 0 11 13 7 5 2 12 14 3 10 9 6 8
83 75 8 1 4 11 0 13 7 5 2 12 14 3 10 9 6 8
84 76 8 1 4 11 12 13 7 5 2 0 14 3 10 9 6 8
85 77 8 1 4 11 12 13 7 5 0 2 14 3 10 9 6 8
86 78 8 1 4 0 12 13 7 5 11 2 14 3 10 9 6 8
85 77 8 1 4 11 12 13 7 5 2 6 14 3 10 9 0 8
85 78 7 1 4 11 12 13 7 5 2 6 14 3 10 9 8 0
89 81 8 1 4 11 12 13 7 5 2 0 14 3 10 9 8 6
90 82 8 1 4 11 12 13 7 5 0 2 14 3 10 9 8 6
91 83 8 1 4 0 12 13 7 5 11 2 14 3 10 9 8 6
81 73 8 1 4 2 11 13 7 5 12 6 14 3 10 9 0 8
81 74 7 1 4 2 11 13 7 5 12 6 14 3 10 9 8 0
71 63 8 1 4 12 2 13 7 0 5 11 14 3 10 9 8 6
72 64 8 1 4 12 2 13 0 7 5 11 14 3 10 9 8 6
70 62 8 1 0 4 2 13 7 5 12 11 14 3 10 9 8 6
77 69 8 1 4 12 2 13 7 5 11 6 14 3 10 9 0 8
77 70 7 1 4 12 2 13 7 5 11 6 14 3 10 9 8 0
77 69 8 1 4 12 0 13 7 5 11 2 14 3 10 9 6 8
69 61 8 1 4 2 11 13 7 5 12 0 14 3 10 9 8 6
70 62 8 1 4 2 11 13 7 5 0 12 14 3 10 9 8 6
71 63 8 1 4 0 11 13 7 5 2 12 14 3 10 9 8 6
78 70 8 1 4 12 2 13 7 5 9 11 14 3 10 0 6 8
79 71 8 1 4 12 2 13 7 5 9 11 14 3 10 6 0 8
79 72 7 1 4 12 2 13 7 5 9 11 14 3 10 6 8 0
79 71 8 1 4 12 2 13 7 5 9 11 14 3 0 10 6 8
70 62 8 1 4 2 11 13 7 5 12 8 14 3 10 9 0 6
70 63 7 1 4 2 11 13 7 5 12 8 14 3 10 9 6 0
90 82 8 1 4 11 12 13 7 5 2 8 14 3 10 9 0 6
90 83 7 1 4 11 12 13 7 5 2 8 14 3 10 9 6 0
78 70 8 1 4 12 2 13 7 0 5 11 14 3 10 9 6 8
79 71 8 1 4 12 2 13 0 7 5 11 14 3 10 9 6 8
79 71 8 1 4 12 2 13 7 10 5 11 14 3 0 9 6 8
72 64 8 1 4 12 2 13 7 10 5 11 14 3 0 9 8 6
79 71 8 1 0 4 2 13 7 5 12 11 14 3 10 9 6 8
72 64 8 1 4 11 0 13 7 5 2 12 14 3 10 9 8 6
72 64 8 1 4 12 0 13 7 5 11 2 14 3 10 9 8 6
71 63 8 1 4 12 2 13 7 5 9 11 14 3 10 0 8 6
72 64 8 1 4 12 2 13 7 5 9 11 14 3 10 8 0 6
72 65 7 1 4 12 2 13 7 5 9 11 14 3 10 8 6 0
72 64 8 1 4 12 2 13 7 5 9 11 14 3 0 10 8 6
74 65 9 1 4 12 2 13 7 5 9 11 14 0 3 10 8 6
75 67 8 1 4 12 2 13 7 5 9 11 14 6 3 10 8 0
77 68 9 1 4 12 2 13 7 5 9 11 14 6 3 10 0 8
78 69 9 1 4 12 2 13 7 5 9 11 14 6 3 0 10 8
78 70 8 1 4 12 2 13 7 5 0 11 14 6 3 9 10 8
79 71 8 1 4 0 2 13 7 5 12 11 14 6 3 9 10 8
80 72 8 1 4 2 0 13 7 5 12 11 14 6 3 9 10 8
82 73 9 1 4 2 13 0 7 5 12 11 14 6 3 9 10 8
83 75 8 1 4 2 13 8 7 5 12 11 14 6 3 9 10 0
86 77 9 1 4 2 13 8 7 5 12 11 14 0 3 9 10 6
86 78 8 1 4 2 13 8 7 5 12 11 14 3 0 9 10 6
88 79 9 1 4 2 13 8 7 5 12 11 14 3 9 0 10 6
89 80 9 1 4 2 13 8 7 5 12 11 14 3 9 10 0 6
89 81 8 1 4 2 13 8 7 5 12 11 14 3 9 10 6 0
92 83 9 1 4 2 13 0 7 5 12 11 14 3 9 10 6 8
92 84 8 1 4 2 0 13 7 5 12 11 14 3 9 10 6 8
93 85 8 1 4 0 2 13 7 5 12 11 14 3 9 10 6 8
94 86 8 1 4 12 2 13 7 5 0 11 14 3 9 10 6 8
95 87 8 1 4 12 2 13 7 5 10 11 14 3 9 0 6 8
95 88 7 1 4 12 2 13 7 5 10 11 14 3 0 9 6 8
97 89 8 1 4 12 2 13 7 5 10 11 14 0 3 9 6 8
98 91 7 1 4 12 2 13 7 5 10 11 14 8 3 9 6 0
100 92 8 1 4 12 2 13 7 5 10 11 14 8 3 9 0 6
98 90 8 1 4 12 2 13 0 5 10 11 14 7 3 9 6 8
97 89 8 1 4 12 2 13 7 0 10 11 14 3 5 9 6 8
98 90 8 1 4 12 2 13 7 10 0 11 14 3 5 9 6 8
99 91 8 1 4 0 2 13 7 10 12 11 14 3 5 9 6 8
100 92 8 1 4 2 0 13 7 10 12 11 14 3 5 9 6 8
98 90 8 1 4 12 2 13 0 7 10 11 14 3 5 9 6 8
96 88 8 1 4 12 2 13 7 5 10 11 14 3 9 6 0 8
96 89 7 1 4 12 2 13 7 5 10 11 14 3 9 6 8 0
101 92 9 1 4 12 2 13 7 5 10 0 14 3 9 6 8 11
102 93 9 1 4 12 2 13 7 5 0 10 14 3 9 6 8 11
103 94 9 1 4 12 2 13 7 5 6 10 14 3 9 0 8 11
103 95 8 1 4 12 2 13 7 5 6 10 14 3 0 9 8 11
105 96 9 1 4 12 2 13 7 5 6 10 14 0 3 9 8 11
106 98 8 1 4 12 2 13 7 5 6 10 14 11 3 9 8 0
110 101 9 1 4 12 2 13 7 5 6 0 14 11 3 9 8 10
111 102 9 1 4 12 2 13 7 5 0 6 14 11 3 9 8 10
112 103 9 1 4 0 2 13 7 5 12 6 14 11 3 9 8 10
113 104 9 1 4 2 0 13 7 5 12 6 14 11 3 9 8 10
114 105 9 1 4 2 6 13 7 5 12 0 14 11 3 9 8 10
115 106 9 1 4 2 6 13 7 5 0 12 14 11 3 9 8 10
116 107 9 1 4 0 6 13 7 5 2 12 14 11 3 9 8 10
117 108 9 1 4 6 0 13 7 5 2 12 14 11 3 9 8 10
118 109 9 1 4 6 12 13 7 5 2 0 14 11 3 9 8 10
119 110 9 1 4 6 12 13 7 5 0 2 14 11 3 9 8 10
120 111 9 1 4 0 12 13 7 5 6 2 14 11 3 9 8 10
119 110 9 1 4 6 12 13 7 5 2 8 14 11 3 9 0 10
119 111 8 1 4 6 12 13 7 5 2 8 14 11 3 9 10 0
123 114 9 1 4 6 12 13 7 5 2 0 14 11 3 9 10 8
124 115 9 1 4 6 12 13 7 5 0 2 14 11 3 9 10 8
125 116 9 1 4 0 12 13 7 5 6 2 14 11 3 9 10 8
126 117 9 1 4 12 0 13 7 5 6 2 14 11 3 9 10 8
127 118 9 1 4 12 2 13 7 5 6 0 14 11 3 9 10 8
128 119 9 1 4 12 2 13 7 5 0 6 14 11 3 9 10 8
129 120 9 1 4 0 2 13 7 5 12 6 14 11 3 9 10 8
130 121 9 1 4 2 0 13 7 5 12 6 14 11 3 9 10 8
131 122 9 1 4 2 6 13 7 5 12 0 14 11 3 9 10 8
132 123 9 1 4 2 6 13 7 5 0 12 14 11 3 9 10 8
133 124 9 1 4 0 6 13 7 5 2 12 14 11 3 9 10 8
132 123 9 1 4 2 6 13 7 5 12 10 14 11 3 9 0 8
132 124 8 1 4 2 6 13 7 5 12 10 14 11 3 9 8 0
135 126 9 1 4 2 6 13 7 5 12 10 14 0 3 9 8 11
135 127 8 1 4 2 6 13 7 5 12 10 14 3 0 9 8 11
137 128 9 1 4 2 6 13 7 5 12 10 14 3 9 0 8 11
138 129 9 1 4 2 6 13 7 5 12 10 14 3 9 8 0 11
138 130 8 1 4 2 6 13 7 5 12 10 14 3 9 8 11 0
142 133 9 1 4 2 6 13 7 5 12 0 14 3 9 8 11 10
142 134 8 1 4 2 6 13 7 5 12 11 14 3 9 8 0 10
142 135 7 1 4 2 6 13 7 5 12 11 14 3 9 8 10 0
143 135 8 1 4 2 6 13 7 5 12 11 14 3 9 0 8 10
143 136 7 1 4 2 6 13 7 5 12 11 14 3 0 9 8 10
145 137 8 1 4 2 6 13 7 5 12 11 14 0 3 9 8 10
146 139 7 1 4 2 6 13 7 5 12 11 14 10 3 9 8 0
148 140 8 1 4 2 6 13 7 5 12 11 14 10 3 9 0 8
146 138 8 1 4 2 6 13 0 5 12 11 14 7 3 9 8 10
145 137 8 1 4 2 6 13 7 0 12 11 14 3 5 9 8 10
146 138 8 1 4 2 6 13 7 12 0 11 14 3 5 9 8 10
147 139 8 1 4 0 6 13 7 12 2 11 14 3 5 9 8 10
148 140 8 1 4 6 0 13 7 12 2 11 14 3 5 9 8 10
146 138 8 1 4 2 6 13 0 7 12 11 14 3 5 9 8 10
144 136 8 1 4 2 6 13 7 5 0 11 14 3 9 12 8 10
145 137 8 1 4 0 6 13 7 5 2 11 14 3 9 12 8 10
146 138 8 1 4 6 0 13 7 5 2 11 14 3 9 12 8 10
148 139 9 1 4 6 13 0 7 5 2 11 14 3 9 12 8 10
149 141 8 1 4 6 13 10 7 5 2 11 14 3 9 12 8 0
151 142 9 1 4 6 13 10 7 5 2 11 14 3 9 12 0 8
151 143 8 1 4 6 13 10 7 5 2 11 14 3 9 0 12 8
151 144 7 1 4 6 13 10 7 5 2 11 14 3 0 9 12 8
153 145 8 1 4 6 13 10 7 5 2 11 14 0 3 9 12 8
154 147 7 1 4 6 13 10 7 5 2 11 14 8 3 9 12 0
157 149 8 1 4 6 13 0 7 5 2 11 14 8 3 9 12 10
157 150 7 1 4 6 0 13 7 5 2 11 14 8 3 9 12 10
158 151 7 1 4 0 6 13 7 5 2 11 14 8 3 9 12 10
159 152 7 1 4 2 6 13 7 5 0 11 14 8 3 9 12 10
161 153 8 1 4 2 6 13 7 5 11 0 14 8 3 9 12 10
162 154 8 1 4 2 0 13 7 5 11 6 14 8 3 9 12 10
163 155 8 1 4 0 2 13 7 5 11 6 14 8 3 9 12 10
164 156 8 1 4 11 2 13 7 5 0 6 14 8 3 9 12 10
165 157 8 1 4 11 2 13 7 5 6 0 14 8 3 9 12 10
166 158 8 1 4 11 0 13 7 5 6 2 14 8 3 9 12 10
167 159 8 1 4 0 11 13 7 5 6 2 14 8 3 9 12 10
168 160 8 1 4 6 11 13 7 5 0 2 14 8 3 9 12 10
154 146 8 1 4 6 13 10 0 5 2 11 14 7 3 9 12 8
161 153 8 1 4 2 6 13 7 0 5 11 14 8 3 9 12 10
162 154 8 1 4 2 6 13 0 7 5 11 14 8 3 9 12 10
163 155 8 1 4 2 6 13 8 7 5 11 14 0 3 9 12 10
164 157 7 1 4 2 6 13 8 7 5 11 14 10 3 9 12 0
163 156 7 1 4 2 6 13 8 7 5 11 14 3 0 9 12 10
164 157 7 1 4 2 6 13 8 0 5 11 14 3 7 9 12 10
164 158 6 1 4 2 6 13 8 5 0 11 14 3 7 9 12 10
165 159 6 1 4 0 6 13 8 5 2 11 14 3 7 9 12 10
166 160 6 1 4 6 0 13 8 5 2 11 14 3 7 9 12 10
168 161 7 1 4 6 13 0 8 5 2 11 14 3 7 9 12 10
169 163 6 1 4 6 13 10 8 5 2 11 14 3 7 9 12 0
168 161 7 1 4 6 11 13 8 5 2 0 14 3 7 9 12 10
169 162 7 1 4 6 11 13 8 5 0 2 14 3 7 9 12 10
170 163 7 1 4 0 11 13 8 5 6 2 14 3 7 9 12 10
171 164 7 1 4 11 0 13 8 5 6 2 14 3 7 9 12 10
172 165 7 1 4 11 2 13 8 5 6 0 14 3 7 9 12 10
173 166 7 1 4 11 2 13 8 5 0 6 14 3 7 9 12 10
174 167 7 1 4 0 2 13 8 5 11 6 14 3 7 9 12 10
175 168 7 1 4 2 0 13 8 5 11 6 14 3 7 9 12 10
167 160 7 1 0 4 6 13 8 5 2 11 14 3 7 9 12 10
166 159 7 1 4 2 6 13 8 5 11 0 14 3 7 9 12 10
166 159 7 1 4 2 6 13 8 5 9 11 14 3 7 0 12 10
167 160 7 1 4 2 6 13 8 5 9 11 14 3 0 7 12 10
165 158 7 1 4 2 6 13 0 8 5 11 14 3 7 9 12 10
167 159 8 1 4 2 6 13 3 8 5 11 14 0 7 9 12 10
168 161 7 1 4 2 6 13 3 8 5 11 14 10 7 9 12 0
170 162 8 1 4 2 6 13 3 0 5 11 14 8 7 9 12 10
170 163 7 1 4 2 6 13 3 5 0 11 14 8 7 9 12 10
171 164 7 1 4 0 6 13 3 5 2 11 14 8 7 9 12 10
172 165 7 1 4 6 0 13 3 5 2 11 14 8 7 9 12 10
174 166 8 1 4 6 13 0 3 5 2 11 14 8 7 9 12 10
175 168 7 1 4 6 13 10 3 5 2 11 14 8 7 9 12 0
178 170 8 1 4 6 13 10 3 5 2 11 14 0 7 9 12 8
178 171 7 1 4 6 13 10 0 5 2 11 14 3 7 9 12 8
180 172 8 1 4 6 13 10 5 0 2 11 14 3 7 9 12 8
181 173 8 1 4 6 13 10 5 2 0 11 14 3 7 9 12 8
182 174 8 1 4 0 13 10 5 2 6 11 14 3 7 9 12 8
183 175 8 1 4 13 0 10 5 2 6 11 14 3 7 9 12 8
183 176 7 1 4 13 10 0 5 2 6 11 14 3 7 9 12 8
184 178 6 1 4 13 10 8 5 2 6 11 14 3 7 9 12 0
189 181 8 1 4 13 10 8 5 2 6 0 14 3 7 9 12 11
190 182 8 1 4 13 10 8 5 2 0 6 14 3 7 9 12 11
191 183 8 1 4 13 10 8 5 0 2 6 14 3 7 9 12 11
191 184 7 1 4 13 10 8 0 5 2 6 14 3 7 9 12 11
193 185 8 1 4 13 10 8 3 5 2 6 14 0 7 9 12 11
194 187 7 1 4 13 10 8 3 5 2 6 14 11 7 9 12 0
198 190 8 1 4 13 10 8 3 5 2 0 14 11 7 9 12 6
199 191 8 1 4 13 10 8 3 5 0 2 14 11 7 9 12 6
200 192 8 1 4 0 10 8 3 5 13 2 14 11 7 9 12 6
197 189 8 1 4 13 10 0 3 5 2 6 14 11 7 9 12 8
200 192 8 1 4 13 10 6 3 5 2 0 14 11 7 9 12 8
201 193 8 1 4 13 10 6 3 5 0 2 14 11 7 9 12 8
202 194 8 1 4 0 10 6 3 5 13 2 14 11 7 9 12 8
200 192 8 1 4 13 10 11 3 5 2 6 14 0 7 9 12 8
201 194 7 1 4 13 10 11 3 5 2 6 14 8 7 9 12 0
200 193 7 1 4 13 10 11 0 5 2 6 14 3 7 9 12 8
202 194 8 1 4 13 10 11 5 0 2 6 14 3 7 9 12 8
203 195 8 1 4 13 10 11 5 2 0 6 14 3 7 9 12 8
204 196 8 1 4 0 10 11 5 2 13 6 14 3 7 9 12 8
192 184 8 1 4 13 10 8 5 7 2 6 14 3 0 9 12 11
203 195 8 1 4 13 10 11 5 7 2 6 14 3 0 9 12 8
205 197 8 1 4 13 10 11 3 5 2 0 14 8 7 9 12 6
206 198 8 1 4 13 10 11 3 5 0 2 14 8 7 9 12 6
207 199 8 1 4 0 10 11 3 5 13 2 14 8 7 9 12 6
188 180 8 1 4 13 10 8 5 2 6 11 14 0 7 9 12 3
191 183 8 1 4 13 10 8 5 0 6 11 14 2 7 9 12 3
191 184 7 1 4 13 10 8 0 5 6 11 14 2 7 9 12 3
191 185 6 1 4 13 10 8 2 5 6 11 14 0 7 9 12 3
191 187 4 1 4 13 10 8 2 5 6 11 14 3 7 9 12 0
194 189 5 1 4 13 10 0 2 5 6 11 14 3 7 9 12 8
198 192 6 1 4 13 10 11 2 5 6 0 14 3 7 9 12 8
199 193 6 1 4 13 10 11 2 5 0 6 14 3 7 9 12 8
200 194 6 1 4 0 10 11 2 5 13 6 14 3 7 9 12 8
198 192 6 1 4 13 10 3 2 5 6 11 14 0 7 9 12 8
199 194 5 1 4 13 10 3 2 5 6 11 14 8 7 9 12 0
199 193 6 1 4 13 10 3 2 5 6 11 14 7 0 9 12 8
197 191 6 0 4 13 10 1 2 5 6 11 14 3 7 9 12 8
199 194 5 8 4 13 10 1 2 5 6 11 14 3 7 9 12 0
202 196 6 8 4 13 10 0 2 5 6 11 14 3 7 9 12 1
196 190 6 1 4 13 0 10 2 5 6 11 14 3 7 9 12 8
197 191 6 1 4 0 13 10 2 5 6 11 14 3 7 9 12 8
198 192 6 1 4 6 13 10 2 5 0 11 14 3 7 9 12 8
196 190 6 1 4 13 10 14 2 5 6 11 0 3 7 9 12 8
196 191 5 1 4 13 10 14 2 5 6 11 8 3 7 9 12 0
199 193 6 1 4 13 10 0 2 5 6 11 8 3 7 9 12 14
194 188 6 1 4 13 10 0 2 5 6 11 14 8 7 9 12 3
192 186 6 1 4 13 10 8 2 5 6 11 14 7 0 9 12 3
194 188 6 1 4 13 10 8 2 5 6 11 14 3 7 9 0 12
196 190 6 1 4 13 10 8 2 5 6 0 14 3 7 9 12 11
197 191 6 1 4 13 10 8 2 5 0 6 14 3 7 9 12 11
198 192 6 1 4 0 10 8 2 5 13 6 14 3 7 9 12 11
196 190 6 0 4 13 10 8 2 5 6 11 14 3 7 9 12 1
194 188 6 1 4 13 10 8 2 5 6 11 0 3 7 9 12 14
196 189 7 1 4 13 10 8 2 5 6 0 11 3 7 9 12 14
197 190 7 1 4 13 10 8 2 5 0 6 11 3 7 9 12 14
198 191 7 1 4 0 10 8 2 5 13 6 11 3 7 9 12 14
196 189 7 1 4 13 10 8 2 5 6 11 14 3 7 0 9 12
197 190 7 1 4 13 10 8 2 5 6 11 14 3 0 7 9 12
197 190 7 1 4 13 10 8 2 5 0 11 14 3 7 6 9 12
198 191 7 1 4 0 10 8 2 5 13 11 14 3 7 6 9 12
201 194 7 1 4 13 10 11 2 0 5 6 14 3 7 9 12 8
202 195 7 1 4 13 10 11 2 7 5 6 14 3 0 9 12 8
200 193 7 1 4 13 10 3 0 5 6 11 14 2 7 9 12 8
202 195 7 1 4 10 0 11 2 5 13 6 14 3 7 9 12 8
203 196 7 1 4 10 11 0 2 5 13 6 14 3 7 9 12 8
204 198 6 1 4 10 11 8 2 5 13 6 14 3 7 9 12 0
208 201 7 1 4 10 11 8 2 5 13 0 14 3 7 9 12 6
208 202 6 1 4 10 0 8 2 5 13 11 14 3 7 9 12 6
208 203 5 1 4 0 10 8 2 5 13 11 14 3 7 9 12 6
209 204 5 1 4 13 10 8 2 5 0 11 14 3 7 9 12 6
211 205 6 1 4 13 10 8 2 5 11 0 14 3 7 9 12 6
211 205 6 1 4 13 10 8 2 0 5 11 14 3 7 9 12 6
212 206 6 1 4 13 10 8 2 7 5 11 14 3 0 9 12 6
211 205 6 1 4 13 10 8 2 5 9 11 14 3 7 0 12 6
212 206 6 1 4 13 10 8 2 5 9 11 14 3 0 7 12 6
210 204 6 1 0 4 10 8 2 5 13 11 14 3 7 9 12 6
209 203 6 1 4 10 8 0 2 5 13 11 14 3 7 9 12 6
210 205 5 1 4 10 8 6 2 5 13 11 14 3 7 9 12 0
215 208 7 1 4 10 8 6 2 5 13 0 14 3 7 9 12 11
216 209 7 1 4 10 8 6 2 5 0 13 14 3 7 9 12 11
217 210 7 1 4 0 8 6 2 5 10 13 14 3 7 9 12 11
218 211 7 1 4 8 0 6 2 5 10 13 14 3 7 9 12 11
219 212 7 1 4 8 6 0 2 5 10 13 14 3 7 9 12 11
221 215 6 1 4 8 6 13 2 5 10 0 14 3 7 9 12 11
222 216 6 1 4 8 6 13 2 5 0 10 14 3 7 9 12 11
222 217 5 1 4 0 6 13 2 5 8 10 14 3 7 9 12 11
223 218 5 1 4 6 0 13 2 5 8 10 14 3 7 9 12 11
223 219 4 1 4 6 10 13 2 5 8 0 14 3 7 9 12 11
225 220 5 1 4 6 10 13 2 5 8 14 0 3 7 9 12 11
225 221 4 1 4 6 10 13 2 5 8 14 11 3 7 9 12 0
229 224 5 1 4 6 10 13 2 5 8 0 11 3 7 9 12 14
229 225 4 1 4 6 10 13 2 5 8 11 0 3 7 9 12 14
228 226 2 1 4 6 10 13 2 5 8 11 14 3 7 9 12 0
233 229 4 0 4 6 10 13 2 5 8 11 14 3 7 9 12 1
232 228 4 1 4 6 10 0 2 5 8 11 14 3 7 9 12 13
232 228 4 1 4 6 10 13 2 5 8 11 14 0 7 9 12 3
233 229 4 1 4 6 10 13 2 5 8 11 14 7 0 9 12 3
231 227 4 1 4 6 10 13 2 5 8 11 14 3 7 9 0 12
233 228 5 1 4 6 10 13 2 5 8 11 14 3 7 0 9 12
234 229 5 1 4 6 10 13 2 5 8 11 14 3 0 7 9 12
237 232 5 5 4 6 10 13 2 0 8 11 14 3 7 9 12 1
238 233 5 5 4 6 10 13 2 7 8 11 14 3 0 9 12 1
233 228 5 1 4 6 10 13 2 5 8 0 14 3 7 9 11 12
236 231 5 1 4 6 10 3 2 5 8 11 14 0 7 9 12 13
237 233 4 1 4 6 10 3 2 5 8 11 14 13 7 9 12 0
237 232 5 1 4 6 10 3 2 5 8 11 14 7 0 9 12 13
235 230 5 1 4 6 10 13 2 5 8 11 14 7 9 0 12 3
235 230 5 1 4 6 10 13 2 0 8 11 14 7 5 9 12 3
231 226 5 1 4 6 10 0 2 5 8 11 13 3 7 9 12 14
232 228 4 1 4 6 10 14 2 5 8 11 13 3 7 9 12 0
236 231 5 13 4 6 10 0 2 5 8 11 14 3 7 9 12 1
237 233 4 13 4 6 10 1 2 5 8 11 14 3 7 9 12 0
235 230 5 4 0 6 10 13 2 5 8 11 14 3 7 9 12 1
236 231 5 4 6 0 10 13 2 5 8 11 14 3 7 9 12 1
235 230 5 2 4 6 10 13 0 5 8 11 14 3 7 9 12 1
235 230 5 0 4 6 10 1 2 5 8 11 14 3 7 9 12 13
234 229 5 1 4 6 0 10 2 5 8 11 14 3 7 9 12 13
235 230 5 1 4 0 6 10 2 5 8 11 14 3 7 9 12 13
234 229 5 1 4 6 10 13 0 5 8 11 14 2 7 9 12 3
236 231 5 1 4 6 10 11 2 5 8 0 14 3 7 9 12 13
235 230 5 0 4 6 10 13 2 5 8 11 14 1 7 9 12 3
237 233 4 3 4 6 10 13 2 5 8 11 14 1 7 9 12 0
225 220 5 1 4 6 10 13 2 5 8 12 14 3 7 9 0 11
225 221 4 1 4 6 10 13 2 5 8 12 14 3 7 9 11 0
236 231 5 1 4 6 10 0 2 5 8 11 14 13 7 9 12 3
234 229 5 1 4 6 10 14 2 5 8 11 0 3 7 9 12 13
236 231 5 1 4 6 10 13 2 0 8 11 14 5 7 9 12 3
237 232 5 1 4 6 10 13 2 7 8 11 14 5 0 9 12 3
238 233 5 1 4 6 10 13 2 7 8 11 14 0 5 9 12 3
238 235 3 1 4 6 10 13 2 7 8 11 14 3 5 9 12 0
243 238 5 1 4 6 10 13 2 7 8 0 14 3 5 9 12 11
243 238 5 0 4 6 10 13 2 7 8 11 14 3 5 9 12 1
246 241 5 7 4 6 10 13 2 0 8 11 14 3 5 9 12 1
246 242 4 7 4 6 10 13 2 5 8 11 14 3 0 9 12 1
248 243 5 7 4 6 10 13 2 5 8 11 14 3 9 0 12 1
248 243 5 7 4 6 10 13 2 5 8 11 14 0 3 9 12 1
249 245 4 7 4 6 10 13 2 5 8 11 14 1 3 9 12 0
253 248 5 0 4 6 10 13 2 5 8 11 14 1 3 9 12 7
254 250 4 1 4 6 10 13 2 5 8 11 14 0 3 9 12 7
255 252 3 1 4 6 10 13 2 5 8 11 14 7 3 9 12 0
254 251 3 1 4 6 10 13 2 5 8 11 14 3 0 9 12 7
256 252 4 1 4 6 10 13 2 5 8 11 14 3 9 0 12 7
256 252 4 1 4 6 10 13 2 0 8 11 14 3 5 9 12 7
258 253 5 1 4 6 10 13 2 8 0 11 14 3 5 9 12 7
259 254 5 1 4 0 10 13 2 8 6 11 14 3 5 9 12 7
258 253 5 1 4 6 10 13 0 2 8 11 14 3 5 9 12 7
258 253 5 1 0 6 10 13 2 4 8 11 14 3 5 9 12 7
259 254 5 1 6 0 10 13 2 4 8 11 14 3 5 9 12 7
258 253 5 1 4 6 10 13 2 5 8 11 14 3 9 12 0 7
258 254 4 1 4 6 10 13 2 5 8 11 14 3 9 12 7 0
258 253 5 1 4 6 10 13 2 5 0 11 14 3 9 8 12 7
259 254 5 1 4 0 10 13 2 5 6 11 14 3 9 8 12 7
241 236 5 1 4 6 10 13 2 7 8 11 14 3 5 9 0 12
225 220 5 1 4 6 10 13 2 5 0 8 14 3 7 9 12 11
226 221 5 1 4 0 10 13 2 5 6 8 14 3 7 9 12 11
250 245 5 0 4 6 10 13 2 5 8 11 14 7 3 9 12 1
256 251 5 1 4 6 10 13 0 5 8 11 14 2 3 9 12 7
260 255 5 1 4 6 10 13 2 5 8 0 14 7 3 9 12 11
258 253 5 1 4 6 10 13 2 5 8 11 14 7 3 9 0 12
258 253 5 1 4 6 10 13 2 5 8 11 0 7 3 9 12 14
259 254 5 1 4 6 10 0 2 5 8 11 14 7 3 9 12 13
262 257 5 1 4 6 10 7 2 5 8 11 14 0 3 9 12 13
263 259 4 1 4 6 10 7 2 5 8 11 14 13 3 9 12 0
262 258 4 1 4 6 10 7 2 5 8 11 14 3 0 9 12 13
264 259 5 1 4 6 10 7 2 5 8 11 14 3 9 0 12 13
264 259 5 1 4 6 10 7 2 0 8 11 14 3 5 9 12 13
242 237 5 1 4 6 10 0 2 7 8 11 14 3 5 9 12 13
258 253 5 1 4 6 10 13 2 0 8 11 14 5 3 9 12 7
259 254 5 1 4 6 10 13 2 3 8 11 14 5 0 9 12 7
260 255 5 1 4 6 10 13 2 3 8 11 14 0 5 9 12 7
261 257 4 1 4 6 10 13 2 3 8 11 14 7 5 9 12 0
258 253 5 1 4 6 10 0 2 5 8 11 14 13 3 9 12 7
236 231 5 3 4 6 10 13 2 5 8 11 14 0 7 9 12 1
237 232 5 3 4 6 10 13 2 5 8 11 14 7 0 9 12 1
241 236 5 1 4 6 10 13 2 7 8 11 0 3 5 9 12 14
243 237 6 1 4 6 10 13 2 7 8 0 11 3 5 9 12 14
262 256 6 1 4 6 10 11 2 5 8 0 14 13 3 9 12 7
225 219 6 1 4 6 13 0 2 5 8 10 14 3 7 9 12 11
226 221 5 1 4 6 13 11 2 5 8 10 14 3 7 9 12 0
230 224 6 1 4 6 13 11 2 5 8 0 14 3 7 9 12 10
231 225 6 1 4 6 0 11 2 5 8 13 14 3 7 9 12 10
232 226 6 1 4 6 11 0 2 5 8 13 14 3 7 9 12 10
234 229 5 1 4 6 11 13 2 5 8 0 14 3 7 9 12 10
234 230 4 1 4 6 0 13 2 5 8 11 14 3 7 9 12 10
235 231 4 1 4 0 6 13 2 5 8 11 14 3 7 9 12 10
237 232 5 1 0 4 6 13 2 5 8 11 14 3 7 9 12 10
237 232 5 1 4 8 6 13 2 5 0 11 14 3 7 9 12 10
236 231 5 1 4 6 13 0 2 5 8 11 14 3 7 9 12 10
237 233 4 1 4 6 13 10 2 5 8 11 14 3 7 9 12 0
233 228 5 1 4 6 11 10 2 5 8 13 14 3 7 9 12 0
228 222 6 1 4 6 10 13 2 5 8 14 11 3 7 9 0 12
229 223 6 1 4 6 10 13 2 5 8 0 11 3 7 9 14 12
229 224 5 1 4 6 10 13 2 5 8 11 0 3 7 9 14 12
229 225 4 1 4 6 10 13 2 5 8 11 12 3 7 9 14 0
231 226 5 1 4 6 10 13 2 5 8 11 12 3 7 9 0 14
233 227 6 1 4 6 10 13 2 5 8 11 12 3 7 0 9 14
234 228 6 1 4 6 10 13 2 5 8 11 12 3 0 7 9 14
242 236 6 1 4 6 10 3 2 5 8 0 14 13 7 9 12 11
240 234 6 13 4 6 10 1 2 5 8 11 0 3 7 9 12 14
241 235 6 13 4 6 10 0 2 5 8 11 1 3 7 9 12 14
242 237 5 13 4 6 10 14 2 5 8 11 1 3 7 9 12 0
242 237 5 0 4 6 10 13 2 5 8 11 1 3 7 9 12 14
244 240 4 14 4 6 10 13 2 5 8 11 1 3 7 9 12 0
246 241 5 14 4 6 10 13 2 5 8 11 0 3 7 9 12 1
248 242 6 14 4 6 10 13 2 5 8 0 11 3 7 9 12 1
239 233 6 5 4 6 10 13 0 2 8 11 14 3 7 9 12 1
235 229 6 1 4 6 0 13 2 5 8 10 14 3 7 9 11 12
236 230 6 1 4 0 6 13 2 5 8 10 14 3 7 9 11 12
238 232 6 1 4 6 10 3 0 5 8 11 14 2 7 9 12 13
235 229 6 1 4 6 10 13 2 5 0 8 14 3 7 9 11 12
236 230 6 1 4 0 10 13 2 5 6 8 14 3 7 9 11 12
237 231 6 1 4 8 6 10 2 5 0 11 14 3 7 9 12 13
237 231 6 1 4 6 10 13 2 5 8 11 14 7 9 12 0 3
237 232 5 1 4 6 10 13 2 5 8 11 14 7 9 12 3 0
240 234 6 1 4 6 10 13 2 5 8 11 14 0 9 12 3 7
241 235 6 1 4 6 10 13 2 5 8 11 14 9 0 12 3 7
242 236 6 1 4 6 10 13 2 5 8 11 14 9 12 0 3 7
243 237 6 1 4 6 10 13 2 5 8 11 14 9 12 3 0 7
243 238 5 1 4 6 10 13 2 5 8 11 14 9 12 3 7 0
246 240 6 1 4 6 10 13 2 5 8 11 14 0 12 3 7 9
247 241 6 1 4 6 10 13 2 5 8 11 14 12 0 3 7 9
248 242 6 1 4 6 10 13 2 5 8 11 14 12 3 0 7 9
249 243 6 1 4 6 10 13 2 5 8 11 14 12 3 7 0 9
249 244 5 1 4 6 10 13 2 5 8 11 14 12 3 7 9 0
237 231 6 1 4 6 10 13 2 8 0 11 14 7 5 9 12 3
238 232 6 1 4 0 10 13 2 8 6 11 14 7 5 9 12 3
236 230 6 1 4 6 10 14 2 5 8 11 13 0 7 9 12 3
239 233 6 1 4 6 10 0 2 5 8 11 13 14 7 9 12 3
240 235 5 1 4 6 10 3 2 5 8 11 13 14 7 9 12 0
239 234 5 1 4 6 10 13 2 5 8 11 0 14 7 9 12 3
239 235 4 1 4 6 10 13 2 5 8 11 3 14 7 9 12 0
242 237 5 1 4 6 10 13 2 5 8 11 3 0 7 9 12 14
243 238 5 1 4 6 10 13 2 5 8 11 3 7 0 9 12 14
245 239 6 1 4 6 10 13 2 5 8 11 3 7 9 0 12 14
244 238 6 0 4 6 10 13 2 5 8 11 3 14 7 9 12 1
246 240 6 14 4 6 10 13 2 5 8 11 3 0 7 9 12 1
247 242 5 14 4 6 10 13 2 5 8 11 3 1 7 9 12 0
249 243 6 14 4 6 10 13 2 5 8 11 0 1 7 9 12 3
247 241 6 14 4 6 10 13 2 5 8 11 3 7 0 9 12 1
238 232 6 13 4 6 10 14 2 5 8 11 0 3 7 9 12 1
237 231 6 1 4 6 10 14 2 5 8 0 13 3 7 9 12 11
238 232 6 1 4 6 10 14 2 5 8 13 0 3 7 9 12 11
238 233 5 1 4 6 10 14 2 5 8 13 11 3 7 9 12 0
238 233 5 1 4 6 10 0 2 5 8 13 14 3 7 9 12 11
239 235 4 1 4 6 10 11 2 5 8 13 14 3 7 9 12 0
244 238 6 0 4 6 10 11 2 5 8 13 14 3 7 9 12 1
246 240 6 11 4 6 10 0 2 5 8 13 14 3 7 9 12 1
248 243 5 11 4 6 10 13 2 5 8 0 14 3 7 9 12 1
247 242 5 11 4 6 10 1 2 5 8 13 14 3 7 9 12 0
251 245 6 11 4 6 10 1 2 5 8 0 14 3 7 9 12 13
250 244 6 11 4 6 10 13 2 5 8 14 0 3 7 9 12 1
250 245 5 11 4 6 10 13 2 5 8 14 1 3 7 9 12 0
254 248 6 11 4 6 10 13 2 5 8 0 1 3 7 9 12 14
255 249 6 11 4 6 10 13 2 5 8 1 0 3 7 9 12 14
254 250 4 11 4 6 10 13 2 5 8 1 14 3 7 9 12 0
258 253 5 0 4 6 10 13 2 5 8 1 14 3 7 9 12 11
262 256 6 5 4 6 10 13 2 0 8 1 14 3 7 9 12 11
263 257 6 5 4 6 10 13 2 7 8 1 14 3 0 9 12 11
261 255 6 3 4 6 10 13 2 5 8 1 14 0 7 9 12 11
262 257 5 3 4 6 10 13 2 5 8 1 14 11 7 9 12 0
266 260 6 3 4 6 10 13 2 5 8 0 14 11 7 9 12 1
266 260 6 0 4 6 10 13 2 5 8 1 14 11 7 9 12 3
262 256 6 3 4 6 10 13 2 5 8 1 14 7 0 9 12 11
261 255 6 13 4 6 10 0 2 5 8 1 14 3 7 9 12 11
262 257 5 13 4 6 10 11 2 5 8 1 14 3 7 9 12 0
266 260 6 0 4 6 10 11 2 5 8 1 14 3 7 9 12 13
258 252 6 11 4 6 10 0 2 5 8 1 14 3 7 9 12 13
243 237 6 1 4 6 10 11 2 5 8 13 14 0 7 9 12 3
246 240 6 1 4 6 10 0 2 5 8 13 14 11 7 9 12 3
248 243 5 1 4 6 10 13 2 5 8 0 14 11 7 9 12 3
247 242 5 1 4 6 10 3 2 5 8 13 14 11 7 9 12 0
251 245 6 1 4 6 10 3 2 5 8 0 14 11 7 9 12 13
250 244 6 1 4 6 10 13 2 5 8 14 0 11 7 9 12 3
250 245 5 1 4 6 10 13 2 5 8 14 3 11 7 9 12 0
254 248 6 1 4 6 10 13 2 5 8 0 3 11 7 9 12 14
255 249 6 1 4 6 10 13 2 5 8 3 0 11 7 9 12 14
254 250 4 1 4 6 10 13 2 5 8 3 14 11 7 9 12 0
257 252 5 1 4 6 10 13 2 5 8 3 14 0 7 9 12 11
258 253 5 1 4 6 10 13 2 5 8 3 14 7 0 9 12 11
260 254 6 1 4 6 10 13 2 5 8 3 14 7 9 0 12 11
260 254 6 1 4 6 10 13 2 0 8 3 14 7 5 9 12 11
261 255 6 1 4 6 10 13 2 0 8 3 14 5 7 9 12 11
262 256 6 1 4 6 10 13 2 7 8 3 14 5 0 9 12 11
263 257 6 1 4 6 10 13 2 7 8 3 14 0 5 9 12 11
264 259 5 1 4 6 10 13 2 7 8 3 14 11 5 9 12 0
268 262 6 1 4 6 10 13 2 7 8 0 14 11 5 9 12 3
261 255 6 1 4 6 10 0 2 5 8 3 14 13 7 9 12 11
262 257 5 1 4 6 10 11 2 5 8 3 14 13 7 9 12 0
265 259 6 1 4 6 10 11 2 5 8 3 14 0 7 9 12 13
266 260 6 1 4 6 10 11 2 5 8 3 14 7 0 9 12 13
260 254 6 0 4 6 10 13 2 5 8 3 14 1 7 9 12 11
262 257 5 11 4 6 10 13 2 5 8 3 14 1 7 9 12 0
266 260 6 11 4 6 10 13 2 5 8 0 14 1 7 9 12 3
265 259 6 11 4 6 10 13 2 5 8 3 14 0 7 9 12 1
266 260 6 11 4 6 10 13 2 5 8 3 14 7 0 9 12 1
250 244 6 11 4 6 10 13 2 5 0 8 14 3 7 9 12 1
251 245 6 11 4 0 10 13 2 5 6 8 14 3 7 9 12 1
250 244 6 1 4 6 0 13 2 5 8 10 14 11 7 9 12 3
251 245 6 1 4 0 6 13 2 5 8 10 14 11 7 9 12 3
253 247 6 1 4 6 10 13 2 5 8 14 3 0 7 9 12 11
254 248 6 1 4 6 10 13 2 5 8 14 3 7 0 9 12 11
240 234 6 1 4 6 0 10 2 5 8 13 14 3 7 9 12 11
241 235 6 1 4 0 6 10 2 5 8 13 14 3 7 9 12 11
260 254 6 2 4 6 10 13 0 5 8 1 14 3 7 9 12 11
242 236 6 13 4 6 10 1 2 5 8 0 14 3 7 9 12 11
250 244 6 1 4 6 10 13 2 5 8 12 14 11 7 9 0 3
250 245 5 1 4 6 10 13 2 5 8 12 14 11 7 9 3 0
254 248 6 1 4 6 10 13 2 5 8 0 14 11 7 9 3 12
253 247 6 1 4 6 10 13 2 5 8 12 14 0 7 9 3 11
254 248 6 1 4 6 10 13 2 5 8 12 14 7 0 9 3 11
259 253 6 1 4 6 10 13 0 5 8 3 14 2 7 9 12 11
259 253 6 0 4 6 10 13 2 5 8 3 14 11 7 9 12 1
258 252 6 1 4 6 10 0 2 5 8 3 14 11 7 9 12 13
241 235 6 0 4 6 10 1 2 5 8 13 14 3 7 9 12 11
242 236 6 1 4 6 10 3 2 5 8 13 14 0 7 9 12 11
243 237 6 1 4 6 10 3 2 5 8 13 14 7 0 9 12 11
241 235 6 1 4 6 10 0 2 5 8 13 11 3 7 9 12 14
260 254 6 4 0 6 10 13 2 5 8 1 14 3 7 9 12 11
261 255 6 4 6 0 10 13 2 5 8 1 14 3 7 9 12 11
257 251 6 11 4 6 10 13 2 5 8 1 14 3 7 9 0 12
258 252 6 11 4 6 10 13 2 5 8 0 14 3 7 9 1 12
250 244 6 11 4 6 0 13 2 5 8 10 14 3 7 9 12 1
251 245 6 11 4 0 6 13 2 5 8 10 14 3 7 9 12 1
242 236 6 1 4 6 10 11 2 5 8 13 0 3 7 9 12 14
240 234 6 13 4 6 10 11 2 5 8 0 14 3 7 9 12 1
255 249 6 1 4 6 10 13 2 5 8 3 14 11 7 9 0 12
254 248 6 0 4 6 10 13 2 5 8 14 1 3 7 9 12 11
250 244 6 1 4 6 10 13 2 5 0 8 14 11 7 9 12 3
251 245 6 1 4 0 10 13 2 5 6 8 14 11 7 9 12 3
258 252 6 11 4 6 10 13 2 5 8 1 14 0 7 9 12 3
259 253 6 11 4 6 10 13 2 5 8 1 14 7 0 9 12 3
250 244 6 11 4 6 10 13 2 5 8 12 14 3 7 9 0 1
250 245 5 11 4 6 10 13 2 5 8 12 14 3 7 9 1 0
254 248 6 0 4 6 10 13 2 5 8 12 14 3 7 9 1 11
242 236 6 1 4 6 10 11 2 5 8 13 14 3 7 9 0 12
243 237 6 1 4 6 10 11 2 5 8 0 14 3 7 9 13 12
244 238 6 1 4 6 10 11 2 5 8 13 14 7 0 9 12 3
240 234 6 13 4 6 10 3 2 5 8 11 14 0 7 9 12 1
241 236 5 13 4 6 10 3 2 5 8 11 14 1 7 9 12 0
241 235 6 13 4 6 10 3 2 5 8 11 14 7 0 9 12 1
241 235 6 13 4 6 10 1 2 5 8 11 14 0 7 9 12 3
242 236 6 13 4 6 10 1 2 5 8 11 14 7 0 9 12 3
240 234 6 13 4 6 10 1 2 5 8 11 14 3 7 9 0 12
237 231 6 4 0 6 10 1 2 5 8 11 14 3 7 9 12 13
238 232 6 4 6 0 10 1 2 5 8 11 14 3 7 9 12 13
238 232 6 4 6 10 0 13 2 5 8 11 14 3 7 9 12 1
238 232 6 4 6 8 10 13 2 5 0 11 14 3 7 9 12 1
237 231 6 2 4 6 10 1 0 5 8 11 14 3 7 9 12 13
237 231 6 2 4 6 10 13 3 5 8 11 14 0 7 9 12 1
238 233 5 2 4 6 10 13 3 5 8 11 14 1 7 9 12 0
242 236 6 0 4 6 10 13 3 5 8 11 14 1 7 9 12 2
243 238 5 1 4 6 10 13 3 5 8 11 14 0 7 9 12 2
244 240 4 1 4 6 10 13 3 5 8 11 14 2 7 9 12 0
243 239 4 1 4 6 10 13 0 5 8 11 14 3 7 9 12 2
245 240 5 1 4 6 10 13 5 0 8 11 14 3 7 9 12 2
246 241 5 1 4 6 10 13 5 7 8 11 14 3 0 9 12 2
244 239 5 1 4 6 10 13 3 5 8 11 14 7 0 9 12 2
246 240 6 1 4 6 10 13 3 5 8 11 14 7 9 0 12 2
249 243 6 1 4 6 10 13 3 5 8 0 14 2 7 9 12 11
246 240 6 1 4 6 10 13 3 0 8 11 14 7 5 9 12 2
247 241 6 1 4 6 10 13 0 3 8 11 14 7 5 9 12 2
248 242 6 1 4 6 10 13 7 3 8 11 14 0 5 9 12 2
250 245 5 1 4 6 10 13 7 0 8 11 14 3 5 9 12 2
250 246 4 1 4 6 10 13 7 5 8 11 14 3 0 9 12 2
252 247 5 1 4 6 10 13 7 5 8 11 14 3 9 0 12 2
252 247 5 1 4 6 10 13 7 5 8 11 14 0 3 9 12 2
253 249 4 1 4 6 10 13 7 5 8 11 14 2 3 9 12 0
253 248 5 1 4 6 10 13 0 5 8 11 14 7 3 9 12 2
251 246 5 1 4 6 10 13 0 7 8 11 14 3 5 9 12 2
249 244 5 1 4 6 10 13 7 3 8 11 14 2 5 9 12 0
256 250 6 1 4 6 10 13 7 0 8 11 14 5 3 9 12 2
257 251 6 1 4 6 10 13 0 7 8 11 14 5 3 9 12 2
253 247 6 1 4 6 10 13 3 7 8 11 14 0 5 9 12 2
254 249 5 1 4 6 10 13 3 7 8 11 14 2 5 9 12 0
254 248 6 1 4 6 10 13 3 7 8 11 14 5 0 9 12 2
247 241 6 1 4 6 10 13 3 5 8 11 0 2 7 9 12 14
255 249 6 1 4 6 10 13 5 0 8 11 14 7 3 9 12 2
256 250 6 1 4 6 10 13 5 3 8 11 14 7 0 9 12 2
257 251 6 1 4 6 10 13 5 3 8 11 14 0 7 9 12 2
258 253 5 1 4 6 10 13 5 3 8 11 14 2 7 9 12 0
258 252 6 1 4 6 10 13 0 3 8 11 14 5 7 9 12 2
258 252 6 1 4 6 10 13 7 5 8 0 14 2 3 9 12 11
238 232 6 2 4 6 10 13 3 5 8 11 14 7 0 9 12 1
238 232 6 1 4 6 0 11 2 5 8 10 14 3 7 9 12 13
239 233 6 1 4 6 11 0 2 5 8 10 14 3 7 9 12 13
239 235 4 1 4 6 11 13 2 5 8 10 14 3 7 9 12 0
244 238 6 0 4 6 11 13 2 5 8 10 14 3 7 9 12 1
256 250 6 1 4 6 10 0 7 5 8 11 14 13 3 9 12 2
257 252 5 1 4 6 10 2 7 5 8 11 14 13 3 9 12 0
260 254 6 1 4 6 10 2 7 5 8 11 14 0 3 9 12 13
260 255 5 1 4 6 10 2 7 5 8 11 14 3 0 9 12 13
262 256 6 1 4 6 10 2 7 5 8 11 14 3 9 0 12 13
262 256 6 1 4 6 10 2 7 0 8 11 14 3 5 9 12 13
263 257 6 1 4 6 10 2 0 7 8 11 14 3 5 9 12 13
261 255 6 1 4 6 10 2 0 5 8 11 14 7 3 9 12 13
243 237 6 1 4 6 11 13 2 5 8 10 14 0 7 9 12 3
244 238 6 1 4 6 11 13 2 5 8 10 14 7 0 9 12 3
254 248 6 1 4 6 10 13 7 5 8 11 14 3 9 12 0 2
254 249 5 1 4 6 10 13 7 5 8 11 14 3 9 12 2 0
254 248 6 1 4 6 10 13 7 5 0 11 14 3 9 8 12 2
255 249 6 1 4 0 10 13 7 5 6 11 14 3 9 8 12 2
258 252 6 0 4 6 10 13 7 5 8 11 14 2 3 9 12 1
260 254 6 2 4 6 10 13 7 5 8 11 14 0 3 9 12 1
261 256 5 2 4 6 10 13 7 5 8 11 14 1 3 9 12 0
260 255 5 2 4 6 10 13 7 5 8 11 14 3 0 9 12 1
262 256 6 2 4 6 10 13 7 5 8 11 14 3 9 0 12 1
262 256 6 2 4 6 10 13 7 0 8 11 14 3 5 9 12 1
256 250 6 1 4 6 10 13 7 5 8 11 0 2 3 9 12 14
257 251 6 1 4 6 10 0 7 5 8 11 14 2 3 9 12 13
247 241 6 1 4 6 10 13 5 8 0 11 14 3 7 9 12 2
248 242 6 1 4 0 10 13 5 8 6 11 14 3 7 9 12 2
247 241 6 1 4 6 10 13 3 0 8 11 14 5 7 9 12 2
252 246 6 1 0 6 10 13 7 4 8 11 14 3 5 9 12 2
253 247 6 1 6 0 10 13 7 4 8 11 14 3 5 9 12 2
243 237 6 3 4 6 10 13 0 5 8 11 14 1 7 9 12 2
244 238 6 3 4 6 10 13 1 5 8 11 14 0 7 9 12 2
245 240 5 0 4 6 10 13 1 5 8 11 14 3 7 9 12 2
247 243 4 2 4 6 10 13 1 5 8 11 14 3 7 9 12 0
245 240 5 3 4 6 10 13 1 5 8 11 14 2 7 9 12 0
249 243 6 0 4 6 10 13 1 5 8 11 14 2 7 9 12 3
252 246 6 2 4 6 10 13 1 5 8 0 14 3 7 9 12 11
251 245 6 2 4 6 10 0 1 5 8 11 14 3 7 9 12 13
253 247 6 0 4 6 10 2 1 5 8 11 14 3 7 9 12 13
255 250 5 13 4 6 10 2 1 5 8 11 14 3 7 9 12 0
253 248 5 1 4 6 10 2 0 5 8 11 14 3 7 9 12 13
255 249 6 1 4 6 10 2 5 0 8 11 14 3 7 9 12 13
256 250 6 1 4 6 10 2 5 7 8 11 14 3 0 9 12 13
255 249 6 1 4 6 10 2 3 5 8 11 14 0 7 9 12 13
256 251 5 1 4 6 10 2 3 5 8 11 14 13 7 9 12 0
256 250 6 1 4 6 10 2 3 5 8 11 14 7 0 9 12 13
242 236 6 1 4 6 11 13 2 5 8 10 14 3 7 9 0 12
243 237 6 1 4 6 11 13 2 5 8 0 14 3 7 9 10 12
243 238 5 1 4 6 0 13 2 5 8 11 14 3 7 9 10 12
244 239 5 1 4 0 6 13 2 5 8 11 14 3 7 9 10 12
246 240 6 1 0 4 6 13 2 5 8 11 14 3 7 9 10 12
246 240 6 1 4 8 6 13 2 5 0 11 14 3 7 9 10 12
245 239 6 1 4 6 13 0 2 5 8 11 14 3 7 9 10 12
246 241 5 1 4 6 13 12 2 5 8 11 14 3 7 9 10 0
248 242 6 1 4 6 13 12 2 5 8 11 14 3 7 9 0 10
248 242 6 1 4 6 10 13 5 7 8 11 14 0 3 9 12 2
249 244 5 1 4 6 10 13 5 7 8 11 14 2 3 9 12 0
248 242 6 1 4 6 10 0 3 5 8 11 14 2 7 9 12 13
245 239 6 3 4 6 10 13 1 5 8 11 14 7 0 9 12 2
239 233 6 5 4 6 10 1 2 0 8 11 14 3 7 9 12 13
240 234 6 5 4 6 10 1 2 7 8 11 14 3 0 9 12 13
248 242 6 13 4 6 10 0 1 5 8 11 14 3 7 9 12 2
255 249 6 0 4 6 10 13 7 5 8 11 14 1 3 9 12 2
256 250 6 7 4 6 10 13 0 5 8 11 14 1 3 9 12 2
257 251 6 7 4 6 10 13 1 5 8 11 14 0 3 9 12 2
258 253 5 7 4 6 10 13 1 5 8 11 14 2 3 9 12 0
257 252 5 7 4 6 10 13 1 5 8 11 14 3 0 9 12 2
259 253 6 7 4 6 10 13 1 5 8 11 14 3 9 0 12 2
259 253 6 7 4 6 10 13 1 0 8 11 14 3 5 9 12 2
260 254 6 7 4 6 10 13 0 1 8 11 14 3 5 9 12 2
262 256 6 0 4 6 10 13 1 5 8 11 14 2 3 9 12 7
264 258 6 2 4 6 10 13 1 5 8 11 14 0 3 9 12 7
265 260 5 2 4 6 10 13 1 5 8 11 14 7 3 9 12 0
264 259 5 2 4 6 10 13 1 5 8 11 14 3 0 9 12 7
266 260 6 2 4 6 10 13 1 5 8 11 14 3 9 0 12 7
266 260 6 2 4 6 10 13 1 0 8 11 14 3 5 9 12 7
267 261 6 2 4 6 10 13 0 1 8 11 14 3 5 9 12 7
259 253 6 0 4 6 10 13 1 5 8 11 14 7 3 9 12 2
256 250 6 1 4 6 10 13 7 5 8 11 14 2 3 9 0 12
249 243 6 5 4 6 10 13 1 0 8 11 14 3 7 9 12 2
250 244 6 5 4 6 10 13 0 1 8 11 14 3 7 9 12 2
250 244 6 5 4 6 10 13 1 7 8 11 14 3 0 9 12 2
248 242 6 1 4 6 10 13 5 7 8 11 14 3 9 0 12 2
237 231 6 1 0 4 6 10 2 5 8 11 14 3 7 9 12 13
252 246 6 1 4 6 10 13 7 8 0 11 14 3 5 9 12 2
253 247 6 1 4 0 10 13 7 8 6 11 14 3 5 9 12 2
239 233 6 1 4 0 6 11 2 5 8 10 14 3 7 9 12 13
239 233 6 0 4 6 10 13 3 5 8 11 14 2 7 9 12 1
247 241 6 4 0 6 10 13 1 5 8 11 14 3 7 9 12 2
248 242 6 4 6 0 10 13 1 5 8 11 14 3 7 9 12 2
247 241 6 1 4 6 10 0 3 5 8 11 14 13 7 9 12 2
250 244 6 2 4 6 10 13 1 5 8 11 14 3 7 9 0 12
251 245 6 2 4 6 10 13 1 5 8 11 14 0 7 9 12 3
252 246 6 2 4 6 10 13 1 5 8 11 14 7 0 9 12 3
236 230 6 1 4 6 11 10 2 5 8 0 14 3 7 9 12 13
249 243 6 1 4 6 10 13 7 3 8 11 14 5 0 9 12 2
238 232 6 3 4 6 10 1 2 5 8 11 14 0 7 9 12 13
239 234 5 3 4 6 10 1 2 5 8 11 14 13 7 9 12 0
247 241 6 1 0 6 10 13 5 4 8 11 14 3 7 9 12 2
248 242 6 1 6 0 10 13 5 4 8 11 14 3 7 9 12 2
236 230 6 1 4 6 10 13 5 0 8 11 14 2 7 9 12 3
237 231 6 1 4 6 10 13 5 7 8 11 14 2 0 9 12 3
238 232 6 1 4 6 10 13 5 7 8 11 14 0 2 9 12 3
238 234 4 1 4 6 10 13 5 7 8 11 14 3 2 9 12 0
243 237 6 1 4 6 10 13 5 7 8 0 14 3 2 9 12 11
245 239 6 1 4 6 10 13 2 0 8 11 3 7 5 9 12 14
243 237 6 0 4 6 10 13 5 7 8 11 14 3 2 9 12 1
246 240 6 7 4 6 10 13 5 0 8 11 14 3 2 9 12 1
246 241 5 7 4 6 10 13 0 5 8 11 14 3 2 9 12 1
248 242 6 7 4 6 10 13 3 5 8 11 14 0 2 9 12 1
249 244 5 7 4 6 10 13 3 5 8 11 14 1 2 9 12 0
253 247 6 0 4 6 10 13 3 5 8 11 14 1 2 9 12 7
254 249 5 1 4 6 10 13 3 5 8 11 14 0 2 9 12 7
255 251 4 1 4 6 10 13 3 5 8 11 14 7 2 9 12 0
254 250 4 1 4 6 10 13 0 5 8 11 14 3 2 9 12 7
256 251 5 1 4 6 10 13 5 0 8 11 14 3 2 9 12 7
257 252 5 1 4 6 10 13 5 2 8 11 14 3 0 9 12 7
255 250 5 1 4 6 10 13 3 5 8 11 14 2 0 9 12 7
257 251 6 1 4 6 10 13 3 5 8 11 14 2 9 0 12 7
257 251 6 1 4 6 10 13 3 0 8 11 14 2 5 9 12 7
240 234 6 1 4 6 10 13 0 7 8 11 14 2 5 9 12 3
241 235 6 1 4 6 10 13 7 0 8 11 14 2 5 9 12 3
241 236 5 1 4 6 10 13 7 5 8 11 14 2 0 9 12 3
242 237 5 1 4 6 10 13 7 5 8 11 14 0 2 9 12 3
242 239 3 1 4 6 10 13 7 5 8 11 14 3 2 9 12 0
247 242 5 1 4 6 10 13 7 5 8 0 14 3 2 9 12 11
247 242 5 0 4 6 10 13 7 5 8 11 14 3 2 9 12 1
246 241 5 1 4 6 10 0 7 5 8 11 14 3 2 9 12 13
245 240 5 1 4 6 10 13 7 5 8 11 14 3 2 9 0 12
245 240 5 1 4 6 10 13 7 5 8 11 0 3 2 9 12 14
243 238 5 1 4 6 10 13 0 5 8 11 14 7 2 9 12 3
248 242 6 1 4 6 0 10 7 5 8 11 14 3 2 9 12 13
249 243 6 1 4 0 6 10 7 5 8 11 14 3 2 9 12 13
249 243 6 0 4 6 10 1 7 5 8 11 14 3 2 9 12 13
251 246 5 13 4 6 10 1 7 5 8 11 14 3 2 9 12 0
250 244 6 7 4 6 10 1 0 5 8 11 14 3 2 9 12 13
248 242 6 1 4 6 10 14 7 5 8 11 0 3 2 9 12 13
248 243 5 1 4 6 10 14 7 5 8 11 13 3 2 9 12 0
247 241 6 1 4 6 10 13 7 5 8 0 11 3 2 9 12 14
229 223 6 1 4 6 10 13 2 5 8 12 14 0 7 9 11 3
230 224 6 1 4 6 10 13 2 5 8 12 14 7 0 9 11 3
228 222 6 1 4 6 10 13 2 5 8 12 0 3 7 9 11 14
247 241 6 7 4 6 10 13 5 2 8 11 14 3 0 9 12 1
241 235 6 1 4 6 10 13 5 7 8 11 14 3 2 9 0 12
238 232 6 1 4 6 0 10 2 5 8 11 14 13 7 9 12 3
239 233 6 1 4 0 6 10 2 5 8 11 14 13 7 9 12 3
241 235 6 1 4 6 10 13 5 0 8 11 14 7 2 9 12 3
242 236 6 1 4 6 10 13 5 2 8 11 14 7 0 9 12 3
243 237 6 1 4 6 10 13 5 2 8 11 14 0 7 9 12 3
243 239 4 1 4 6 10 13 5 2 8 11 14 3 7 9 12 0
248 242 6 1 4 6 10 13 5 2 8 0 14 3 7 9 12 11
248 242 6 0 4 6 10 13 5 2 8 11 14 3 7 9 12 1
247 241 6 1 4 6 10 0 5 2 8 11 14 3 7 9 12 13
246 240 6 1 4 6 10 13 5 2 8 11 14 3 7 9 0 12
238 232 6 1 0 6 10 13 2 4 8 11 14 5 7 9 12 3
239 233 6 1 6 0 10 13 2 4 8 11 14 5 7 9 12 3
238 232 6 1 4 6 10 13 0 2 8 11 14 5 7 9 12 3
239 233 6 5 4 6 10 13 2 0 8 11 14 1 7 9 12 3
240 234 6 5 4 6 10 13 2 7 8 11 14 1 0 9 12 3
241 235 6 5 4 6 10 13 2 7 8 11 14 0 1 9 12 3
241 237 4 5 4 6 10 13 2 7 8 11 14 3 1 9 12 0
245 240 5 0 4 6 10 13 2 7 8 11 14 3 1 9 12 5
248 243 5 7 4 6 10 13 2 0 8 11 14 3 1 9 12 5
249 244 5 7 4 6 10 13 2 1 8 11 14 3 0 9 12 5
251 245 6 7 4 6 10 13 2 1 8 11 14 3 9 0 12 5
247 241 6 2 4 6 10 13 0 7 8 11 14 3 1 9 12 5
248 242 6 2 4 6 10 13 7 0 8 11 14 3 1 9 12 5
249 243 6 2 4 6 10 13 7 1 8 11 14 3 0 9 12 5
263 257 6 1 4 6 10 13 2 5 8 0 14 3 9 12 7 11
264 258 6 1 4 6 10 13 2 5 8 7 14 3 9 12 0 11
264 259 5 1 4 6 10 13 2 5 8 7 14 3 9 12 11 0
264 259 5 1 4 6 10 13 2 5 8 7 14 3 9 0 12 11
264 260 4 1 4 6 10 13 2 5 8 7 14 3 0 9 12 11
266 261 5 1 4 6 10 13 2 5 8 7 14 0 3 9 12 11
267 263 4 1 4 6 10 13 2 5 8 7 14 11 3 9 12 0
271 266 5 1 4 6 10 13 2 5 8 0 14 11 3 9 12 7
266 261 5 1 4 6 10 13 2 0 8 7 14 3 5 9 12 11
268 262 6 1 4 6 10 13 2 8 0 7 14 3 5 9 12 11
269 263 6 1 4 6 10 13 2 8 7 0 14 3 5 9 12 11
269 263 6 1 4 0 10 13 2 8 6 7 14 3 5 9 12 11
260 254 6 1 4 6 10 13 2 5 8 0 14 7 3 9 11 12
258 252 6 1 4 6 10 13 3 0 8 11 14 5 2 9 12 7
259 253 6 1 4 6 10 13 0 3 8 11 14 5 2 9 12 7
260 254 6 1 4 6 10 13 5 3 8 11 14 0 2 9 12 7
261 256 5 1 4 6 10 13 5 3 8 11 14 7 2 9 12 0
261 255 6 1 4 6 10 13 5 3 8 11 14 2 0 9 12 7
259 253 6 1 4 6 10 13 3 2 8 11 14 5 0 9 12 7
242 236 6 1 4 6 10 0 2 7 8 11 14 13 5 9 12 3
243 238 5 1 4 6 10 3 2 7 8 11 14 13 5 9 12 0
250 244 6 2 4 6 10 13 1 5 8 11 0 3 7 9 12 14
254 248 6 3 4 6 10 13 0 5 8 11 14 1 2 9 12 7
255 249 6 3 4 6 10 13 1 5 8 11 14 0 2 9 12 7
256 251 5 0 4 6 10 13 1 5 8 11 14 3 2 9 12 7
258 254 4 7 4 6 10 13 1 5 8 11 14 3 2 9 12 0
256 251 5 3 4 6 10 13 1 5 8 11 14 7 2 9 12 0
260 254 6 0 4 6 10 13 1 5 8 11 14 7 2 9 12 3
261 255 6 1 4 6 10 13 2 3 8 11 14 5 9 0 12 7
263 257 6 7 4 6 10 13 1 5 8 0 14 3 2 9 12 11
250 244 6 7 4 6 10 13 2 5 0 11 14 3 9 8 12 1
251 245 6 7 4 0 10 13 2 5 6 11 14 3 9 8 12 1
245 239 6 1 4 6 10 13 2 7 8 12 14 3 5 9 0 11
245 240 5 1 4 6 10 13 2 7 8 12 14 3 5 9 11 0
248 242 6 7 4 6 10 13 2 8 0 11 14 3 5 9 12 1
249 243 6 7 4 0 10 13 2 8 6 11 14 3 5 9 12 1
246 240 6 1 4 6 10 13 7 0 8 11 14 5 2 9 12 3
247 241 6 1 4 6 10 13 7 2 8 11 14 5 0 9 12 3
248 242 6 1 4 6 10 13 7 2 8 11 14 0 5 9 12 3
248 244 4 1 4 6 10 13 7 2 8 11 14 3 5 9 12 0
253 247 6 1 4 6 10 13 7 2 8 0 14 3 5 9 12 11
253 247 6 0 4 6 10 13 7 2 8 11 14 3 5 9 12 1
252 246 6 1 4 6 10 0 7 2 8 11 14 3 5 9 12 13
249 243 6 1 4 6 0 13 7 5 8 10 14 3 2 9 12 11
250 244 6 1 4 0 6 13 7 5 8 10 14 3 2 9 12 11
250 244 6 3 4 6 10 13 7 5 8 11 14 0 2 9 12 1
251 246 5 3 4 6 10 13 7 5 8 11 14 1 2 9 12 0
251 245 6 3 4 6 10 13 7 5 8 11 14 2 0 9 12 1
251 245 6 3 4 6 10 13 0 5 8 11 14 7 2 9 12 1
246 240 6 13 4 6 10 0 2 7 8 11 14 3 5 9 12 1
247 242 5 13 4 6 10 1 2 7 8 11 14 3 5 9 12 0
249 243 6 4 0 6 10 13 7 5 8 11 14 3 2 9 12 1
250 244 6 4 6 0 10 13 7 5 8 11 14 3 2 9 12 1
247 241 6 1 4 6 10 13 7 5 8 0 14 3 2 9 11 12
255 249 6 2 4 6 10 13 0 5 8 11 14 1 3 9 12 7
250 244 6 7 4 6 10 13 0 5 8 11 14 2 3 9 12 1
250 244 6 1 4 6 10 3 7 5 8 11 14 0 2 9 12 13
251 246 5 1 4 6 10 3 7 5 8 11 14 13 2 9 12 0
251 245 6 1 4 6 10 3 7 5 8 11 14 2 0 9 12 13
250 244 6 1 4 6 10 11 7 5 8 0 14 3 2 9 12 13
252 246 6 7 4 6 10 0 2 5 8 11 14 13 3 9 12 1
253 248 5 7 4 6 10 1 2 5 8 11 14 13 3 9 12 0
256 250 6 7 4 6 10 1 2 5 8 11 14 0 3 9 12 13
256 251 5 7 4 6 10 1 2 5 8 11 14 3 0 9 12 13
258 252 6 7 4 6 10 1 2 5 8 11 14 3 9 0 12 13
258 252 6 7 4 6 10 1 2 0 8 11 14 3 5 9 12 13
246 240 6 1 4 6 10 13 5 2 8 11 0 3 7 9 12 14
238 232 6 1 4 6 10 14 2 5 8 11 0 13 7 9 12 3
238 233 5 1 4 6 10 14 2 5 8 11 3 13 7 9 12 0
241 235 6 1 4 6 10 14 2 5 8 11 3 0 7 9 12 13
242 236 6 1 4 6 10 14 2 5 8 11 3 7 0 9 12 13
256 250 6 13 4 6 10 0 2 5 8 11 14 1 3 9 12 7
257 252 5 13 4 6 10 7 2 5 8 11 14 1 3 9 12 0
260 254 6 13 4 6 10 7 2 5 8 11 14 0 3 9 12 1
260 255 5 13 4 6 10 7 2 5 8 11 14 3 0 9 12 1
262 256 6 13 4 6 10 7 2 5 8 11 14 3 9 0 12 1
262 256 6 13 4 6 10 7 2 0 8 11 14 3 5 9 12 1
261 255 6 1 0 4 10 13 2 8 6 11 14 3 5 9 12 7
262 256 6 1 8 4 10 13 2 0 6 11 14 3 5 9 12 7
262 257 5 1 8 4 10 13 2 5 6 11 14 3 0 9 12 7
264 258 6 1 8 4 10 13 2 5 6 11 14 3 9 0 12 7
265 259 6 1 8 4 10 13 2 5 0 11 14 3 9 6 12 7
266 260 6 1 8 0 10 13 2 5 4 11 14 3 9 6 12 7
267 261 6 1 0 8 10 13 2 5 4 11 14 3 9 6 12 7
245 239 6 4 0 6 10 13 2 7 8 11 14 3 5 9 12 1
246 240 6 4 6 0 10 13 2 7 8 11 14 3 5 9 12 1
246 240 6 4 7 6 10 13 2 0 8 11 14 3 5 9 12 1
246 241 5 4 7 6 10 13 2 5 8 11 14 3 0 9 12 1
248 242 6 4 7 6 10 13 2 5 8 11 14 3 9 0 12 1
248 242 6 4 7 6 10 13 2 5 8 11 14 0 3 9 12 1
249 244 5 4 7 6 10 13 2 5 8 11 14 1 3 9 12 0
253 247 6 0 7 6 10 13 2 5 8 11 14 1 3 9 12 4
254 249 5 1 7 6 10 13 2 5 8 11 14 0 3 9 12 4
255 251 4 1 7 6 10 13 2 5 8 11 14 4 3 9 12 0
254 250 4 1 7 6 10 13 2 5 8 11 14 3 0 9 12 4
256 251 5 1 7 6 10 13 2 5 8 11 14 3 9 0 12 4
256 251 5 1 7 6 10 13 2 0 8 11 14 3 5 9 12 4
257 252 5 1 0 6 10 13 2 7 8 11 14 3 5 9 12 4
258 253 5 1 6 0 10 13 2 7 8 11 14 3 5 9 12 4
260 254 6 1 6 10 0 13 2 7 8 11 14 3 5 9 12 4
241 235 6 0 4 6 10 13 2 7 8 11 14 1 5 9 12 3
243 238 5 3 4 6 10 13 2 7 8 11 14 1 5 9 12 0
244 238 6 7 4 6 10 13 2 0 8 11 14 1 5 9 12 3
244 239 5 7 4 6 10 13 2 5 8 11 14 1 0 9 12 3
245 240 5 7 4 6 10 13 2 5 8 11 14 0 1 9 12 3
245 242 3 7 4 6 10 13 2 5 8 11 14 3 1 9 12 0
249 245 4 0 4 6 10 13 2 5 8 11 14 3 1 9 12 7
253 248 5 5 4 6 10 13 2 0 8 11 14 3 1 9 12 7
254 249 5 5 4 6 10 13 2 1 8 11 14 3 0 9 12 7
252 247 5 3 4 6 10 13 2 5 8 11 14 0 1 9 12 7
253 249 4 3 4 6 10 13 2 5 8 11 14 7 1 9 12 0
253 248 5 3 4 6 10 13 2 5 8 11 14 1 0 9 12 7
252 247 5 13 4 6 10 0 2 5 8 11 14 3 1 9 12 7
253 249 4 13 4 6 10 7 2 5 8 11 14 3 1 9 12 0
257 252 5 0 4 6 10 7 2 5 8 11 14 3 1 9 12 13
250 245 5 7 4 6 10 13 2 5 8 0 14 3 1 9 12 11
249 244 5 7 4 6 10 0 2 5 8 11 14 3 1 9 12 13
248 243 5 7 4 6 10 13 2 5 8 11 0 3 1 9 12 14
247 242 5 0 4 6 10 13 2 5 8 11 14 7 1 9 12 3
248 243 5 7 4 6 10 13 2 5 8 11 14 3 1 9 0 12
251 246 5 4 0 6 10 13 2 5 8 11 14 3 1 9 12 7
252 247 5 4 6 0 10 13 2 5 8 11 14 3 1 9 12 7
251 246 5 2 4 6 10 13 0 5 8 11 14 3 1 9 12 7
253 247 6 2 4 6 10 13 5 0 8 11 14 3 1 9 12 7
254 248 6 2 4 6 10 13 5 1 8 11 14 3 0 9 12 7
246 240 6 1 4 6 10 13 2 0 8 11 3 5 7 9 12 14
247 241 6 1 4 6 10 13 2 7 8 11 3 5 0 9 12 14
248 242 6 1 4 6 10 13 2 7 8 11 3 0 5 9 12 14
249 244 5 1 4 6 10 13 2 7 8 11 3 14 5 9 12 0
251 245 6 1 4 6 10 13 2 7 8 11 0 14 5 9 12 3
260 254 6 1 4 6 10 13 2 5 8 0 14 3 9 12 11 7
263 257 6 0 4 6 10 13 2 5 8 11 14 3 9 12 7 1
247 241 6 4 0 6 10 13 2 7 8 11 14 3 1 9 12 5
248 242 6 4 6 0 10 13 2 7 8 11 14 3 1 9 12 5
248 242 6 4 7 6 10 13 2 0 8 11 14 3 1 9 12 5
249 243 6 4 7 6 10 13 2 1 8 11 14 3 0 9 12 5
261 255 6 1 0 4 10 13 2 5 6 11 14 3 9 8 12 7
260 254 6 1 4 6 10 13 2 5 11 0 14 3 9 8 12 7
250 244 6 7 4 6 10 13 2 8 0 11 14 3 1 9 12 5
251 245 6 7 4 0 10 13 2 8 6 11 14 3 1 9 12 5
236 230 6 1 4 6 10 14 2 5 8 0 11 3 7 9 12 13
252 246 6 2 4 6 10 13 0 5 8 11 14 7 3 9 12 1
243 237 6 1 4 6 10 13 2 7 8 0 14 3 5 9 11 12
237 231 6 2 4 6 10 13 5 0 8 11 14 3 7 9 12 1
238 232 6 2 4 6 10 13 5 7 8 11 14 3 0 9 12 1
228 222 6 1 4 10 0 13 2 5 6 8 14 3 7 9 12 11
229 223 6 1 4 10 8 13 2 5 6 0 14 3 7 9 12 11
230 224 6 1 4 10 8 13 2 5 0 6 14 3 7 9 12 11
231 225 6 1 4 0 8 13 2 5 10 6 14 3 7 9 12 11
228 222 6 1 0 4 10 13 2 5 6 8 14 3 7 9 12 11
251 245 6 7 4 6 10 13 2 1 8 11 14 0 3 9 12 5
252 247 5 7 4 6 10 13 2 1 8 11 14 5 3 9 12 0
256 250 6 0 4 6 10 13 2 1 8 11 14 5 3 9 12 7
254 248 6 7 4 6 10 13 2 0 8 11 14 1 3 9 12 5
255 249 6 7 4 6 10 13 2 3 8 11 14 1 0 9 12 5
256 250 6 7 4 6 10 13 2 3 8 11 14 0 1 9 12 5
257 252 5 7 4 6 10 13 2 3 8 11 14 5 1 9 12 0
261 255 6 0 4 6 10 13 2 3 8 11 14 5 1 9 12 7
263 257 6 5 4 6 10 13 2 3 8 11 14 0 1 9 12 7
264 259 5 5 4 6 10 13 2 3 8 11 14 7 1 9 12 0
264 258 6 5 4 6 10 13 2 3 8 11 14 1 0 9 12 7
273 267 6 1 4 6 10 13 2 5 8 12 14 11 3 9 0 7
273 268 5 1 4 6 10 13 2 5 8 12 14 11 3 9 7 0
277 271 6 1 4 6 10 13 2 5 8 0 14 11 3 9 7 12
234 228 6 0 4 6 10 1 2 5 8 11 13 3 7 9 12 14
236 231 5 14 4 6 10 1 2 5 8 11 13 3 7 9 12 0
238 232 6 14 4 6 10 1 2 5 8 11 0 3 7 9 12 13
276 270 6 1 4 6 10 13 2 5 8 12 14 0 3 9 7 11
276 271 5 1 4 6 10 13 2 5 8 12 14 3 0 9 7 11
278 272 6 1 4 6 10 13 2 5 8 12 14 3 9 0 7 11
279 273 6 1 4 6 10 13 2 5 8 12 14 3 9 7 0 11
279 274 5 1 4 6 10 13 2 5 8 12 14 3 9 7 11 0
279 274 5 1 4 6 10 13 2 5 8 0 14 3 9 7 12 11
281 275 6 1 4 6 10 13 2 5 8 14 0 3 9 7 12 11
281 276 5 1 4 6 10 13 2 5 8 14 11 3 9 7 12 0
285 279 6 1 4 6 10 13 2 5 8 0 11 3 9 7 12 14
285 280 5 1 4 6 10 13 2 5 8 11 0 3 9 7 12 14
284 281 3 1 4 6 10 13 2 5 8 11 14 3 9 7 12 0
289 284 5 0 4 6 10 13 2 5 8 11 14 3 9 7 12 1
288 283 5 1 4 6 10 0 2 5 8 11 14 3 9 7 12 13
288 283 5 1 4 6 10 13 2 5 8 11 14 0 9 7 12 3
289 284 5 1 4 6 10 13 2 5 8 11 14 9 0 7 12 3
290 285 5 1 4 6 10 13 2 5 8 11 14 9 7 0 12 3
287 282 5 1 4 6 10 13 2 5 8 11 14 3 9 7 0 12
288 283 5 1 4 6 10 13 2 5 8 11 14 3 9 0 7 12
288 284 4 1 4 6 10 13 2 5 8 11 14 3 0 9 7 12
290 285 5 1 4 6 10 13 2 5 8 11 14 0 3 9 7 12
291 287 4 1 4 6 10 13 2 5 8 11 14 12 3 9 7 0
293 288 5 1 4 6 10 13 2 5 8 11 14 12 3 9 0 7
290 285 5 1 4 6 10 13 2 0 8 11 14 3 5 9 7 12
292 286 6 1 4 6 10 13 2 8 0 11 14 3 5 9 7 12
293 287 6 1 4 0 10 13 2 8 6 11 14 3 5 9 7 12
292 286 6 1 4 6 10 13 0 2 8 11 14 3 5 9 7 12
292 286 6 1 0 6 10 13 2 4 8 11 14 3 5 9 7 12
293 287 6 1 6 0 10 13 2 4 8 11 14 3 5 9 7 12
295 289 6 1 4 6 10 13 2 5 8 11 14 12 3 0 9 7
296 290 6 1 4 6 10 13 2 5 8 11 14 12 0 3 9 7
297 291 6 1 4 6 10 13 2 5 8 11 14 0 12 3 9 7
298 293 5 1 4 6 10 13 2 5 8 11 14 7 12 3 9 0
300 294 6 1 4 6 10 13 2 5 8 11 14 7 12 3 0 9
301 295 6 1 4 6 10 13 2 5 8 11 14 7 12 0 3 9
302 296 6 1 4 6 10 13 2 5 8 11 14 7 0 12 3 9
303 297 6 1 4 6 10 13 2 5 8 11 14 0 7 12 3 9
304 299 5 1 4 6 10 13 2 5 8 11 14 9 7 12 3 0
295 289 6 1 4 6 10 13 2 5 8 0 14 12 3 9 11 7
296 290 6 1 4 6 10 13 2 5 8 0 14 12 3 9 7 11
297 291 6 1 4 6 10 13 2 5 8 7 14 12 3 9 0 11
297 292 5 1 4 6 10 13 2 5 8 7 14 12 3 9 11 0
300 294 6 1 4 6 10 13 2 5 8 7 14 0 3 9 11 12
300 295 5 1 4 6 10 13 2 5 8 7 14 3 0 9 11 12
302 296 6 1 4 6 10 13 2 5 8 7 14 3 9 0 11 12
303 297 6 1 4 6 10 13 2 5 8 7 14 3 9 11 0 12
302 298 4 1 4 6 10 13 2 5 8 7 14 3 9 11 12 0
306 301 5 1 4 6 10 13 2 5 8 0 14 3 9 11 12 7
308 302 6 1 4 6 10 13 2 5 8 14 0 3 9 11 12 7
308 303 5 1 4 6 10 13 2 5 8 14 7 3 9 11 12 0
312 306 6 1 4 6 10 13 2 5 8 0 7 3 9 11 12 14
308 302 6 1 4 6 10 13 2 5 0 8 14 3 9 11 12 7
309 303 6 1 4 6 10 13 2 5 11 8 14 3 9 0 12 7
309 304 5 1 4 6 10 13 2 5 11 8 14 3 0 9 12 7
311 305 6 1 4 6 10 13 2 5 11 8 14 0 3 9 12 7
312 307 5 1 4 6 10 13 2 5 11 8 14 7 3 9 12 0
316 310 6 1 4 6 10 13 2 5 11 0 14 7 3 9 12 8
316 311 5 1 4 6 10 13 2 5 0 11 14 7 3 9 12 8
317 312 5 1 4 0 10 13 2 5 6 11 14 7 3 9 12 8
319 313 6 1 4 10 0 13 2 5 6 11 14 7 3 9 12 8
283 277 6 1 4 6 10 13 2 5 8 0 14 3 9 7 11 12
319 313 6 1 0 4 10 13 2 5 6 11 14 7 3 9 12 8
318 312 6 1 4 6 10 13 2 0 5 11 14 7 3 9 12 8
319 313 6 1 4 6 10 13 2 3 5 11 14 7 0 9 12 8
320 314 6 1 4 6 10 13 2 3 5 11 14 0 7 9 12 8
322 317 5 1 4 6 10 13 2 0 5 11 14 3 7 9 12 8
322 318 4 1 4 6 10 13 2 5 0 11 14 3 7 9 12 8
323 319 4 1 4 0 10 13 2 5 6 11 14 3 7 9 12 8
325 320 5 1 4 10 0 13 2 5 6 11 14 3 7 9 12 8
325 320 5 1 0 4 10 13 2 5 6 11 14 3 7 9 12 8
324 319 5 1 4 6 10 13 2 5 11 0 14 3 7 9 12 8
324 319 5 1 4 6 10 13 2 5 9 11 14 3 7 0 12 8
325 320 5 1 4 6 10 13 2 5 9 11 14 3 0 7 12 8
323 318 5 1 4 6 10 13 2 7 5 11 14 3 0 9 12 8
321 316 5 1 4 6 10 13 2 3 5 11 14 8 7 9 12 0
326 320 6 1 4 6 0 13 2 5 11 10 14 3 7 9 12 8
327 321 6 1 4 0 6 13 2 5 11 10 14 3 7 9 12 8
328 322 6 1 4 11 6 13 2 5 0 10 14 3 7 9 12 8
329 323 6 1 4 11 6 13 2 5 10 0 14 3 7 9 12 8
330 324 6 1 4 11 0 13 2 5 10 6 14 3 7 9 12 8
331 325 6 1 4 0 11 13 2 5 10 6 14 3 7 9 12 8
332 326 6 1 4 10 11 13 2 5 0 6 14 3 7 9 12 8
325 319 6 1 4 6 10 13 2 7 5 11 14 3 9 0 12 8
326 320 6 1 4 6 10 13 2 7 0 11 14 3 9 5 12 8
327 321 6 1 4 6 10 13 2 0 7 11 14 3 9 5 12 8
328 322 6 1 4 6 10 13 2 9 7 11 14 3 0 5 12 8
329 323 6 1 4 6 10 13 2 9 7 11 14 3 5 0 12 8
330 324 6 1 4 6 10 13 2 9 0 11 14 3 5 7 12 8
331 325 6 1 4 0 10 13 2 9 6 11 14 3 5 7 12 8
327 321 6 1 4 0 10 13 2 7 6 11 14 3 9 5 12 8
325 319 6 1 4 6 10 13 2 7 5 11 14 0 3 9 12 8
326 321 5 1 4 6 10 13 2 7 5 11 14 8 3 9 12 0
327 321 6 1 4 6 10 13 2 5 9 11 14 0 3 7 12 8
328 323 5 1 4 6 10 13 2 5 9 11 14 8 3 7 12 0
293 287 6 5 4 6 10 13 2 0 8 11 14 3 9 7 12 1
294 288 6 5 4 6 10 13 2 9 8 11 14 3 0 7 12 1
295 289 6 5 4 6 10 13 2 9 8 11 14 3 7 0 12 1
291 285 6 2 4 6 10 13 0 5 8 11 14 3 9 7 12 1
291 285 6 0 4 6 10 1 2 5 8 11 14 3 9 7 12 13
293 288 5 13 4 6 10 1 2 5 8 11 14 3 9 7 12 0
292 286 6 1 4 6 10 13 0 5 8 11 14 2 3 9 7 12
294 288 6 1 4 6 10 0 2 5 8 11 14 13 3 9 7 12
295 290 5 1 4 6 10 12 2 5 8 11 14 13 3 9 7 0
298 292 6 1 4 6 10 12 2 5 8 11 14 0 3 9 7 13
298 293 5 1 4 6 10 12 2 5 8 11 14 3 0 9 7 13
300 294 6 1 4 6 10 12 2 5 8 11 14 3 9 0 7 13
301 295 6 1 4 6 10 12 2 5 8 11 14 3 9 7 0 13
301 296 5 1 4 6 10 12 2 5 8 11 14 3 9 7 13 0
304 298 6 1 4 6 10 0 2 5 8 11 14 3 9 7 13 12
300 294 6 1 4 6 10 12 2 0 8 11 14 3 5 9 7 13
297 291 6 1 4 6 10 12 2 5 8 11 14 13 3 9 0 7
293 287 6 0 4 6 10 13 2 5 8 11 14 1 3 9 7 12
295 290 5 12 4 6 10 13 2 5 8 11 14 1 3 9 7 0
298 292 6 12 4 6 10 13 2 5 8 11 14 0 3 9 7 1
298 293 5 12 4 6 10 13 2 5 8 11 14 3 0 9 7 1
300 294 6 12 4 6 10 13 2 5 8 11 14 3 9 0 7 1
301 295 6 12 4 6 10 13 2 5 8 11 14 3 9 7 0 1
301 296 5 12 4 6 10 13 2 5 8 11 14 3 9 7 1 0
305 299 6 0 4 6 10 13 2 5 8 11 14 3 9 7 1 12
300 294 6 12 4 6 10 13 2 0 8 11 14 3 5 9 7 1
297 291 6 12 4 6 10 13 2 5 8 11 14 1 3 9 0 7
290 284 6 1 4 6 10 13 0 5 8 11 14 2 9 7 12 3
326 320 6 1 4 6 10 13 2 5 9 11 14 3 7 12 0 8
326 321 5 1 4 6 10 13 2 5 9 11 14 3 7 12 8 0
327 321 6 0 1 4 10 13 2 5 6 11 14 3 7 9 12 8
329 324 5 8 1 4 10 13 2 5 6 11 14 3 7 9 12 0
327 321 6 1 4 10 13 0 2 5 6 11 14 3 7 9 12 8
328 323 5 1 4 10 13 8 2 5 6 11 14 3 7 9 12 0
327 321 6 1 5 4 10 13 2 0 6 11 14 3 7 9 12 8
328 322 6 1 5 4 10 13 2 6 0 11 14 3 7 9 12 8
329 323 6 1 5 0 10 13 2 6 4 11 14 3 7 9 12 8
330 324 6 1 0 5 10 13 2 6 4 11 14 3 7 9 12 8
331 325 6 1 6 5 10 13 2 0 4 11 14 3 7 9 12 8
332 326 6 1 6 5 10 13 2 4 0 11 14 3 7 9 12 8
333 327 6 1 6 0 10 13 2 4 5 11 14 3 7 9 12 8
332 326 6 1 6 5 10 13 2 7 4 11 14 3 0 9 12 8
328 322 6 1 5 4 10 13 2 7 6 11 14 3 0 9 12 8
292 286 6 3 4 6 10 13 2 5 8 11 14 0 9 7 12 1
293 288 5 3 4 6 10 13 2 5 8 11 14 1 9 7 12 0
293 287 6 3 4 6 10 13 2 5 8 11 14 9 0 7 12 1
294 288 6 3 4 6 10 13 2 5 8 11 14 9 7 0 12 1
294 288 6 1 4 6 10 13 2 0 8 11 14 5 3 9 7 12
295 289 6 1 4 6 10 13 2 3 8 11 14 5 0 9 7 12
296 290 6 1 4 6 10 13 2 3 8 11 14 0 5 9 7 12
297 292 5 1 4 6 10 13 2 3 8 11 14 12 5 9 7 0
299 293 6 1 4 6 10 13 2 3 8 11 14 12 5 9 0 7
290 284 6 1 4 6 10 13 2 5 0 11 14 3 9 8 7 12
291 285 6 1 4 0 10 13 2 5 6 11 14 3 9 8 7 12
307 301 6 0 4 6 10 13 2 5 8 7 14 3 9 11 12 1
309 303 6 1 4 0 10 13 2 5 6 8 14 3 9 11 12 7
296 290 6 0 4 6 10 13 2 5 8 11 14 12 3 9 7 1
308 302 6 1 4 6 0 13 2 5 8 10 14 3 9 11 12 7
309 303 6 1 4 0 6 13 2 5 8 10 14 3 9 11 12 7
281 275 6 1 4 6 0 13 2 5 8 10 14 3 9 7 12 11
282 276 6 1 4 0 6 13 2 5 8 10 14 3 9 7 12 11
294 288 6 1 4 6 10 13 2 5 8 11 0 12 3 9 7 14
281 275 6 1 4 6 10 13 2 5 0 8 14 3 9 7 12 11
282 276 6 1 4 6 10 13 2 5 7 8 14 3 9 0 12 11
282 277 5 1 4 6 10 13 2 5 7 8 14 3 0 9 12 11
284 278 6 1 4 6 10 13 2 5 7 8 14 0 3 9 12 11
285 280 5 1 4 6 10 13 2 5 7 8 14 11 3 9 12 0
289 283 6 1 4 6 10 13 2 5 7 0 14 11 3 9 12 8
290 284 6 1 4 6 10 13 2 5 0 7 14 11 3 9 12 8
291 285 6 1 4 0 10 13 2 5 6 7 14 11 3 9 12 8
284 278 6 1 4 6 10 13 2 0 7 8 14 3 5 9 12 11
282 276 6 1 4 0 10 13 2 5 6 8 14 3 9 7 12 11
290 284 6 1 4 6 10 14 2 5 8 11 0 3 9 7 12 13
290 285 5 1 4 6 10 14 2 5 8 11 13 3 9 7 12 0
327 321 6 1 4 10 11 13 2 5 6 0 14 3 7 9 12 8
291 285 6 0 4 6 10 13 2 5 8 11 14 1 9 7 12 3
292 286 6 13 4 6 10 0 2 5 8 11 14 3 9 7 12 1
292 286 6 1 4 6 10 13 2 5 8 11 14 9 7 12 0 3
327 321 6 1 4 6 10 13 2 0 9 11 14 3 5 7 12 8
295 289 6 1 4 6 10 0 2 5 8 11 14 12 3 9 7 13
292 286 6 1 4 6 10 0 2 5 8 11 14 13 9 7 12 3
293 288 5 1 4 6 10 3 2 5 8 11 14 13 9 7 12 0
305 299 6 1 4 6 10 13 2 5 8 7 0 3 9 11 12 14
306 300 6 1 4 6 10 13 2 5 8 7 14 0 9 11 12 3
307 301 6 1 4 6 10 13 2 5 8 7 14 9 0 11 12 3
308 302 6 1 4 6 10 13 2 5 8 7 14 9 11 0 12 3
292 286 6 1 4 6 10 3 2 5 8 11 14 0 9 7 12 13
293 287 6 1 4 6 10 3 2 5 8 11 14 9 0 7 12 13
294 288 6 1 4 6 10 3 2 5 8 11 14 9 7 0 12 13
290 284 6 1 4 6 0 10 2 5 8 11 14 3 9 7 12 13
291 285 6 1 4 0 6 10 2 5 8 11 14 3 9 7 12 13
318 312 6 1 4 6 10 13 2 5 9 11 14 7 3 0 12 8
319 313 6 1 4 6 10 13 2 5 9 11 14 7 0 3 12 8
320 314 6 1 4 6 10 13 2 5 9 11 14 0 7 3 12 8
321 316 5 1 4 6 10 13 2 5 9 11 14 8 7 3 12 0
302 296 6 1 4 6 10 13 2 0 8 7 14 3 5 9 11 12
291 285 6 1 4 6 10 13 2 0 8 11 14 9 5 7 12 3
324 318 6 1 0 6 10 13 2 4 5 11 14 3 7 9 12 8
287 281 6 1 4 6 10 0 2 5 8 11 13 3 9 7 12 14
291 285 6 4 0 6 10 13 2 5 8 11 14 3 9 7 12 1
292 286 6 4 6 0 10 13 2 5 8 11 14 3 9 7 12 1
308 302 6 1 4 6 10 13 2 5 8 12 14 3 9 11 0 7
308 303 5 1 4 6 10 13 2 5 8 12 14 3 9 11 7 0
309 303 6 1 4 6 10 13 2 5 8 12 14 3 9 0 11 7
309 304 5 1 4 6 10 13 2 5 8 12 14 3 0 9 11 7
311 305 6 1 4 6 10 13 2 5 8 12 14 0 3 9 11 7
312 307 5 1 4 6 10 13 2 5 8 12 14 7 3 9 11 0
311 305 6 1 4 6 10 13 2 0 8 12 14 3 5 9 11 7
324 318 6 1 4 6 10 13 0 2 5 11 14 3 7 9 12 8
292 286 6 1 4 6 10 11 2 5 8 0 14 3 9 7 12 13
292 286 6 1 4 6 10 13 2 0 8 11 14 5 9 7 12 3
293 287 6 1 4 6 10 13 2 9 8 11 14 5 0 7 12 3
294 288 6 1 4 6 10 13 2 9 8 11 14 5 7 0 12 3
294 288 6 1 4 6 10 13 2 9 8 11 14 0 5 7 12 3
294 290 4 1 4 6 10 13 2 9 8 11 14 3 5 7 12 0
299 293 6 1 4 6 10 13 2 9 8 0 14 3 5 7 12 11
299 293 6 0 4 6 10 13 2 9 8 11 14 3 5 7 12 1
302 296 6 9 4 6 10 13 2 0 8 11 14 3 5 7 12 1
302 297 5 9 4 6 10 13 2 5 8 11 14 3 0 7 12 1
303 298 5 9 4 6 10 13 2 5 8 11 14 3 7 0 12 1
305 299 6 9 4 6 10 13 2 5 8 11 14 3 7 12 0 1
305 300 5 9 4 6 10 13 2 5 8 11 14 3 7 12 1 0
309 303 6 0 4 6 10 13 2 5 8 11 14 3 7 12 1 9
292 286 6 1 4 6 10 13 2 5 0 11 14 9 7 8 12 3
293 287 6 1 4 0 10 13 2 5 6 11 14 9 7 8 12 3
305 299 6 9 4 6 10 13 2 5 0 11 14 3 7 8 12 1
306 300 6 9 4 0 10 13 2 5 6 11 14 3 7 8 12 1
304 298 6 9 4 6 10 13 2 5 8 11 14 0 3 7 12 1
305 300 5 9 4 6 10 13 2 5 8 11 14 1 3 7 12 0
309 303 6 0 4 6 10 13 2 5 8 11 14 1 3 7 12 9
310 305 5 1 4 6 10 13 2 5 8 11 14 0 3 7 12 9
311 307 4 1 4 6 10 13 2 5 8 11 14 9 3 7 12 0
310 306 4 1 4 6 10 13 2 5 8 11 14 3 0 7 12 9
311 307 4 1 4 6 10 13 2 5 8 11 14 3 7 0 12 9
313 308 5 1 4 6 10 13 2 5 8 11 14 3 7 12 0 9
313 309 4 1 4 6 10 13 2 5 8 11 14 3 7 12 9 0
313 308 5 1 4 6 10 13 2 5 0 11 14 3 7 8 12 9
314 309 5 1 4 0 10 13 2 5 6 11 14 3 7 8 12 9
312 307 5 1 4 6 10 13 2 0 8 11 14 3 5 7 12 9
314 308 6 1 4 6 10 13 2 8 0 11 14 3 5 7 12 9
315 309 6 1 4 6 10 13 2 8 7 11 14 3 5 0 12 9
316 310 6 1 4 6 10 13 2 8 7 11 14 3 0 5 12 9
317 311 6 1 4 6 10 13 2 0 7 11 14 3 8 5 12 9
318 312 6 1 4 6 10 13 2 7 0 11 14 3 8 5 12 9
319 313 6 1 4 6 10 13 2 7 5 11 14 3 8 0 12 9
320 314 6 1 4 6 10 13 2 7 5 11 14 3 0 8 12 9
319 313 6 1 4 0 10 13 2 7 6 11 14 3 8 5 12 9
315 309 6 1 4 0 10 13 2 8 6 11 14 3 5 7 12 9
314 308 6 1 4 6 10 13 0 2 8 11 14 3 5 7 12 9
314 308 6 1 0 6 10 13 2 4 8 11 14 3 5 7 12 9
315 309 6 1 6 0 10 13 2 4 8 11 14 3 5 7 12 9
326 320 6 1 4 6 10 13 2 5 11 12 14 3 7 9 0 8
326 321 5 1 4 6 10 13 2 5 11 12 14 3 7 9 8 0
330 324 6 1 4 6 10 13 2 5 11 0 14 3 7 9 8 12
330 325 5 1 4 6 10 13 2 5 0 11 14 3 7 9 8 12
331 326 5 1 4 0 10 13 2 5 6 11 14 3 7 9 8 12
333 327 6 1 4 10 0 13 2 5 6 11 14 3 7 9 8 12
333 327 6 1 0 4 10 13 2 5 6 11 14 3 7 9 8 12
332 326 6 1 4 6 10 13 2 0 5 11 14 3 7 9 8 12
333 327 6 1 4 6 10 13 2 7 5 11 14 3 0 9 8 12
332 326 6 1 4 6 10 13 2 5 9 11 14 3 7 0 8 12
333 327 6 1 4 6 10 13 2 5 9 11 14 3 7 8 0 12
332 328 4 1 4 6 10 13 2 5 9 11 14 3 7 8 12 0
337 331 6 1 4 6 10 13 2 5 9 0 14 3 7 8 12 11
338 332 6 1 4 6 10 13 2 5 0 9 14 3 7 8 12 11
338 333 5 1 4 6 10 13 2 5 8 9 14 3 7 0 12 11
339 334 5 1 4 6 10 13 2 5 8 9 14 3 0 7 12 11
341 335 6 1 4 6 10 13 2 5 8 9 14 0 3 7 12 11
342 337 5 1 4 6 10 13 2 5 8 9 14 11 3 7 12 0
346 340 6 1 4 6 10 13 2 5 8 0 14 11 3 7 12 9
341 335 6 1 4 6 10 13 2 0 8 9 14 3 5 7 12 11
318 312 6 1 4 6 10 13 2 5 8 0 14 3 7 12 9 11
306 300 6 1 4 6 10 0 2 5 8 7 14 3 9 11 12 13
309 303 6 1 4 6 10 7 2 5 8 0 14 3 9 11 12 13
311 305 6 1 4 6 10 13 2 0 11 8 14 3 5 9 12 7
312 306 6 1 4 6 10 13 2 11 0 8 14 3 5 9 12 7
312 307 5 1 4 6 10 13 2 11 8 0 14 3 5 9 12 7
314 308 6 1 4 6 10 13 2 11 8 14 0 3 5 9 12 7
314 309 5 1 4 6 10 13 2 11 8 14 7 3 5 9 12 0
318 312 6 1 4 6 10 13 2 11 8 0 7 3 5 9 12 14
319 313 6 1 4 6 10 13 2 11 8 7 0 3 5 9 12 14
318 314 4 1 4 6 10 13 2 11 8 7 14 3 5 9 12 0
323 317 6 0 4 6 10 13 2 11 8 7 14 3 5 9 12 1
326 320 6 11 4 6 10 13 2 0 8 7 14 3 5 9 12 1
326 321 5 11 4 6 10 13 2 5 8 7 14 3 0 9 12 1
328 322 6 11 4 6 10 13 2 5 8 7 14 3 9 0 12 1
328 322 6 11 4 6 10 13 2 5 8 7 14 0 3 9 12 1
329 324 5 11 4 6 10 13 2 5 8 7 14 1 3 9 12 0
333 327 6 11 4 6 10 13 2 5 8 0 14 1 3 9 12 7
315 309 6 1 4 6 10 13 2 5 8 0 14 3 7 12 11 9
312 306 6 1 4 6 10 13 0 5 8 11 14 2 3 7 12 9
333 327 6 1 4 6 10 13 2 5 9 11 14 3 0 7 8 12
297 291 6 1 4 6 10 13 2 9 8 11 0 3 5 7 12 14
314 308 6 1 4 6 10 13 2 0 8 11 14 5 3 7 12 9
315 309 6 1 4 6 10 13 2 3 8 11 14 5 0 7 12 9
316 310 6 1 4 6 10 13 2 3 8 11 14 5 7 0 12 9
316 310 6 1 4 6 10 13 2 3 8 11 14 0 5 7 12 9
317 312 5 1 4 6 10 13 2 3 8 11 14 9 5 7 12 0
298 292 6 1 4 6 10 0 2 9 8 11 14 3 5 7 12 13
316 310 6 1 4 6 10 13 2 5 8 0 14 9 3 7 12 11
317 311 6 1 4 6 10 13 2 5 8 11 14 0 7 12 9 3
318 312 6 1 4 6 10 13 2 5 8 11 14 7 0 12 9 3
319 313 6 1 4 6 10 13 2 5 8 11 14 7 12 0 9 3
319 314 5 1 4 6 10 13 2 5 8 11 14 7 12 9 0 3
319 315 4 1 4 6 10 13 2 5 8 11 14 7 12 9 3 0
322 317 5 1 4 6 10 13 2 5 8 11 14 0 12 9 3 7
323 318 5 1 4 6 10 13 2 5 8 11 14 12 0 9 3 7
325 319 6 1 4 6 10 13 2 5 8 11 14 12 9 0 3 7
326 320 6 1 4 6 10 13 2 5 8 11 14 12 9 3 0 7
326 321 5 1 4 6 10 13 2 5 8 11 14 12 9 3 7 0
329 323 6 1 4 6 10 13 2 5 8 11 14 0 9 3 7 12
330 324 6 1 4 6 10 13 2 5 8 11 14 9 0 3 7 12
331 325 6 1 4 6 10 13 2 5 8 11 14 9 3 0 7 12
325 319 6 1 4 6 10 13 2 0 8 11 14 12 5 9 3 7
326 320 6 1 4 6 10 13 2 0 8 11 14 5 12 9 3 7
327 321 6 1 4 6 10 13 2 12 8 11 14 5 0 9 3 7
328 322 6 1 4 6 10 13 2 12 8 11 14 0 5 9 3 7
329 324 5 1 4 6 10 13 2 12 8 11 14 7 5 9 3 0
331 325 6 1 4 6 10 13 2 12 8 11 14 7 5 9 0 3
326 320 6 1 4 6 10 0 2 5 8 11 14 13 12 9 3 7
327 322 5 1 4 6 10 7 2 5 8 11 14 13 12 9 3 0
330 324 6 1 4 6 10 7 2 5 8 11 14 0 12 9 3 13
331 325 6 1 4 6 10 7 2 5 8 11 14 12 0 9 3 13
329 323 6 1 4 6 10 7 2 5 8 11 14 13 12 9 0 3
325 319 6 0 4 6 10 13 2 5 8 11 14 1 12 9 3 7
327 322 5 7 4 6 10 13 2 5 8 11 14 1 12 9 3 0
330 324 6 7 4 6 10 13 2 5 8 11 14 0 12 9 3 1
331 325 6 7 4 6 10 13 2 5 8 11 14 12 0 9 3 1
329 323 6 7 4 6 10 13 2 5 8 11 14 1 12 9 0 3
314 308 6 1 4 6 10 13 2 5 8 11 14 9 3 7 0 12
322 316 6 1 4 6 10 13 2 11 8 7 14 0 5 9 12 3
325 319 6 1 4 6 10 13 2 0 8 7 14 11 5 9 12 3
325 320 5 1 4 6 10 13 2 5 8 7 14 11 0 9 12 3
326 321 5 1 4 6 10 13 2 5 8 7 14 0 11 9 12 3
326 323 3 1 4 6 10 13 2 5 8 7 14 3 11 9 12 0
330 326 4 1 4 6 10 13 2 5 8 0 14 3 11 9 12 7
332 327 5 1 4 6 10 13 2 5 8 14 0 3 11 9 12 7
332 328 4 1 4 6 10 13 2 5 8 14 7 3 11 9 12 0
336 331 5 1 4 6 10 13 2 5 8 0 7 3 11 9 12 14
332 327 5 1 4 6 10 13 2 5 0 8 14 3 11 9 12 7
333 328 5 1 4 0 10 13 2 5 6 8 14 3 11 9 12 7
332 327 5 1 4 6 10 13 2 5 8 12 14 3 11 9 0 7
332 328 4 1 4 6 10 13 2 5 8 12 14 3 11 9 7 0
336 331 5 1 4 6 10 13 2 5 8 0 14 3 11 9 7 12
332 327 5 1 4 6 0 13 2 5 8 10 14 3 11 9 12 7
333 328 5 1 4 0 6 13 2 5 8 10 14 3 11 9 12 7
331 326 5 0 4 6 10 13 2 5 8 7 14 3 11 9 12 1
330 325 5 1 4 6 10 0 2 5 8 7 14 3 11 9 12 13
333 328 5 1 4 6 10 7 2 5 8 0 14 3 11 9 12 13
329 324 5 1 4 6 10 13 2 5 8 7 14 3 11 9 0 12
329 324 5 1 4 6 10 13 2 5 8 7 0 3 11 9 12 14
331 325 6 1 4 6 10 0 2 5 8 7 13 3 11 9 12 14
332 327 5 1 4 6 10 14 2 5 8 7 13 3 11 9 12 0
336 330 6 1 4 6 10 14 2 5 8 0 13 3 11 9 12 7
337 331 6 1 4 6 10 14 2 5 8 13 0 3 11 9 12 7
337 332 5 1 4 6 10 14 2 5 8 13 7 3 11 9 12 0
337 332 5 1 4 6 10 0 2 5 8 13 14 3 11 9 12 7
338 334 4 1 4 6 10 7 2 5 8 13 14 3 11 9 12 0
343 337 6 0 4 6 10 7 2 5 8 13 14 3 11 9 12 1
345 339 6 7 4 6 10 0 2 5 8 13 14 3 11 9 12 1
347 342 5 7 4 6 10 13 2 5 8 0 14 3 11 9 12 1
346 341 5 7 4 6 10 1 2 5 8 13 14 3 11 9 12 0
350 344 6 7 4 6 10 1 2 5 8 0 14 3 11 9 12 13
349 343 6 7 4 6 10 13 2 5 8 14 0 3 11 9 12 1
349 344 5 7 4 6 10 13 2 5 8 14 1 3 11 9 12 0
353 347 6 7 4 6 10 13 2 5 8 0 1 3 11 9 12 14
354 348 6 7 4 6 10 13 2 5 8 1 0 3 11 9 12 14
353 349 4 7 4 6 10 13 2 5 8 1 14 3 11 9 12 0
357 352 5 0 4 6 10 13 2 5 8 1 14 3 11 9 12 7
361 355 6 5 4 6 10 13 2 0 8 1 14 3 11 9 12 7
362 356 6 5 4 6 10 13 2 11 8 1 14 3 0 9 12 7
360 354 6 3 4 6 10 13 2 5 8 1 14 0 11 9 12 7
361 356 5 3 4 6 10 13 2 5 8 1 14 7 11 9 12 0
365 359 6 3 4 6 10 13 2 5 8 0 14 7 11 9 12 1
365 359 6 0 4 6 10 13 2 5 8 1 14 7 11 9 12 3
361 355 6 3 4 6 10 13 2 5 8 1 14 11 0 9 12 7
313 307 6 1 4 0 10 13 2 11 6 8 14 3 5 9 12 7
322 316 6 1 4 6 10 0 2 11 8 7 14 3 5 9 12 13
325 319 6 1 4 6 10 7 2 11 8 0 14 3 5 9 12 13
338 332 6 1 4 6 0 13 2 5 8 10 14 3 11 9 7 12
339 333 6 1 4 0 6 13 2 5 8 10 14 3 11 9 7 12
321 315 6 1 4 6 10 13 2 5 8 0 14 7 12 9 11 3
315 309 6 1 4 6 10 13 2 5 11 0 14 3 7 8 12 9
328 322 6 1 4 6 10 13 0 5 8 7 14 2 11 9 12 3
314 308 6 1 4 6 10 0 2 5 8 11 14 13 3 7 12 9
315 310 5 1 4 6 10 9 2 5 8 11 14 13 3 7 12 0
318 312 6 1 4 6 10 9 2 5 8 11 14 0 3 7 12 13
318 313 5 1 4 6 10 9 2 5 8 11 14 3 0 7 12 13
319 314 5 1 4 6 10 9 2 5 8 11 14 3 7 0 12 13
321 315 6 1 4 6 10 9 2 5 8 11 14 3 7 12 0 13
321 316 5 1 4 6 10 9 2 5 8 11 14 3 7 12 13 0
324 318 6 1 4 6 10 0 2 5 8 11 14 3 7 12 13 9
321 315 6 1 4 6 10 9 2 5 0 11 14 3 7 8 12 13
322 316 6 1 4 0 10 9 2 5 6 11 14 3 7 8 12 13
320 314 6 1 4 6 10 9 2 0 8 11 14 3 5 7 12 13
335 329 6 1 0 4 6 13 2 5 8 10 14 3 11 9 12 7
334 328 6 1 4 6 10 13 2 5 9 8 14 3 11 0 12 7
335 329 6 1 4 6 10 13 2 5 9 8 14 3 0 11 12 7
338 332 6 1 4 6 0 13 2 5 8 10 7 3 11 9 12 14
339 333 6 1 4 0 6 13 2 5 8 10 7 3 11 9 12 14
338 332 6 1 4 6 10 13 2 5 0 8 7 3 11 9 12 14
339 333 6 1 4 0 10 13 2 5 6 8 7 3 11 9 12 14
335 329 6 1 0 4 10 13 2 5 6 8 14 3 11 9 12 7
318 312 6 0 4 6 10 13 2 5 8 11 14 3 7 12 9 1
335 329 6 1 4 8 6 13 2 5 0 10 14 3 11 9 12 7
336 330 6 1 4 8 6 13 2 5 10 0 14 3 11 9 12 7
337 331 6 1 4 8 0 13 2 5 10 6 14 3 11 9 12 7
338 332 6 1 4 0 8 13 2 5 10 6 14 3 11 9 12 7
339 333 6 1 4 10 8 13 2 5 0 6 14 3 11 9 12 7
340 334 6 1 4 10 8 13 2 5 6 0 14 3 11 9 12 7
314 308 6 1 4 6 10 13 2 11 8 12 14 3 5 9 0 7
314 309 5 1 4 6 10 13 2 11 8 12 14 3 5 9 7 0
318 312 6 1 4 6 10 13 2 11 8 0 14 3 5 9 7 12
335 329 6 1 4 6 10 13 2 5 8 12 0 3 11 9 7 14
336 330 6 1 4 6 10 13 2 5 8 0 12 3 11 9 7 14
337 331 6 1 4 6 10 13 2 5 8 7 12 3 11 9 0 14
337 332 5 1 4 6 10 13 2 5 8 7 12 3 11 9 14 0
341 335 6 1 4 6 10 13 2 5 8 0 12 3 11 9 14 7
342 336 6 1 4 6 10 13 2 5 8 12 0 3 11 9 14 7
342 337 5 1 4 6 10 13 2 5 8 12 7 3 11 9 14 0
346 340 6 1 4 6 10 13 2 5 8 0 7 3 11 9 14 12
342 336 6 1 4 6 10 13 2 5 8 14 12 3 11 9 0 7
342 337 5 1 4 6 10 13 2 5 8 14 12 3 11 9 7 0
339 333 6 1 4 6 10 13 2 5 8 7 0 3 11 9 14 12
316 310 6 1 0 4 10 13 2 5 6 11 14 3 7 8 12 9
334 328 6 1 4 6 10 3 2 5 8 7 14 0 11 9 12 13
335 330 5 1 4 6 10 3 2 5 8 7 14 13 11 9 12 0
339 333 6 1 4 6 10 3 2 5 8 0 14 13 11 9 12 7
335 329 6 1 4 6 10 3 2 5 8 7 14 11 0 9 12 13
333 327 6 0 4 6 10 1 2 5 8 7 14 3 11 9 12 13
335 330 5 13 4 6 10 1 2 5 8 7 14 3 11 9 12 0
339 333 6 13 4 6 10 1 2 5 8 0 14 3 11 9 12 7
339 333 6 1 4 6 0 10 2 5 8 13 14 3 11 9 12 7
340 334 6 1 4 0 6 10 2 5 8 13 14 3 11 9 12 7
340 334 6 1 4 6 13 10 2 5 8 0 14 3 11 9 12 7
326 320 6 1 4 6 10 13 2 5 11 14 0 3 7 9 12 8
326 321 5 1 4 6 10 13 2 5 11 14 8 3 7 9 12 0
330 324 6 1 4 6 10 13 2 5 11 0 8 3 7 9 12 14
330 325 5 1 4 6 10 13 2 5 0 11 8 3 7 9 12 14
331 326 5 1 4 0 10 13 2 5 6 11 8 3 7 9 12 14
333 327 6 1 4 10 0 13 2 5 6 11 8 3 7 9 12 14
331 325 6 1 4 6 10 13 2 5 8 7 14 3 11 0 9 12
332 326 6 1 4 6 10 13 2 5 8 7 14 3 0 11 9 12
333 327 6 1 0 4 10 13 2 5 6 11 8 3 7 9 12 14
332 326 6 1 4 6 10 13 2 0 5 11 8 3 7 9 12 14
333 327 6 1 4 6 10 13 2 7 5 11 8 3 0 9 12 14
357 351 6 7 4 6 10 0 2 5 8 1 14 3 11 9 12 13
359 353 6 0 4 6 10 7 2 5 8 1 14 3 11 9 12 13
361 356 5 13 4 6 10 7 2 5 8 1 14 3 11 9 12 0
365 359 6 13 4 6 10 7 2 5 8 0 14 3 11 9 12 1
342 336 6 1 4 6 10 7 2 5 8 13 14 0 11 9 12 3
345 339 6 1 4 6 10 0 2 5 8 13 14 7 11 9 12 3
347 342 5 1 4 6 10 13 2 5 8 0 14 7 11 9 12 3
346 341 5 1 4 6 10 3 2 5 8 13 14 7 11 9 12 0
350 344 6 1 4 6 10 3 2 5 8 0 14 7 11 9 12 13
349 343 6 1 4 6 10 13 2 5 8 14 0 7 11 9 12 3
349 344 5 1 4 6 10 13 2 5 8 14 3 7 11 9 12 0
353 347 6 1 4 6 10 13 2 5 8 0 3 7 11 9 12 14
354 348 6 1 4 6 10 13 2 5 8 3 0 7 11 9 12 14
353 349 4 1 4 6 10 13 2 5 8 3 14 7 11 9 12 0
356 351 5 1 4 6 10 13 2 5 8 3 14 0 11 9 12 7
357 352 5 1 4 6 10 13 2 5 8 3 14 11 0 9 12 7
359 353 6 1 4 6 10 13 2 5 8 3 14 11 9 0 12 7
352 346 6 1 4 6 10 13 2 5 8 14 3 0 11 9 12 7
353 347 6 1 4 6 10 13 2 5 8 14 3 11 0 9 12 7
359 353 6 1 4 6 10 13 2 0 8 3 14 11 5 9 12 7
360 354 6 1 4 6 10 13 2 0 8 3 14 5 11 9 12 7
361 355 6 1 4 6 10 13 2 11 8 3 14 5 0 9 12 7
362 356 6 1 4 6 10 13 2 11 8 3 14 0 5 9 12 7
363 358 5 1 4 6 10 13 2 11 8 3 14 7 5 9 12 0
367 361 6 1 4 6 10 13 2 11 8 0 14 7 5 9 12 3
349 343 6 7 4 6 10 13 2 5 0 8 14 3 11 9 12 1
350 344 6 7 4 0 10 13 2 5 6 8 14 3 11 9 12 1
297 291 6 1 4 6 10 13 2 9 8 11 14 3 5 7 0 12
298 292 6 1 4 6 10 13 2 9 8 11 14 3 5 0 7 12
299 293 6 1 4 6 10 13 2 9 8 11 14 3 0 5 7 12
300 294 6 1 4 6 10 13 2 0 8 11 14 3 9 5 7 12
324 318 6 1 4 6 10 13 0 5 8 11 14 2 12 9 3 7
334 328 6 1 4 6 10 13 2 0 5 8 14 3 11 9 12 7
335 329 6 1 4 6 10 13 2 11 5 8 14 3 0 9 12 7
337 331 6 0 4 6 10 13 2 5 8 14 7 3 11 9 12 1
327 321 6 1 4 6 10 13 2 5 8 7 14 11 9 0 12 3
329 323 6 0 4 6 10 13 2 5 8 7 14 1 11 9 12 3
331 326 5 3 4 6 10 13 2 5 8 7 14 1 11 9 12 0
335 329 6 3 4 6 10 13 2 5 8 0 14 1 11 9 12 7
336 330 6 1 4 6 10 13 2 5 8 14 7 0 11 9 12 3
337 331 6 1 4 6 10 13 2 5 8 14 7 11 0 9 12 3
336 330 6 1 4 6 10 0 2 5 8 14 7 3 11 9 12 13
335 329 6 1 4 6 10 13 2 5 8 14 7 3 11 9 0 12
332 326 6 1 4 6 0 10 2 5 8 7 14 3 11 9 12 13
333 327 6 1 4 0 6 10 2 5 8 7 14 3 11 9 12 13
333 327 6 1 4 6 7 10 2 5 8 0 14 3 11 9 12 13
335 329 6 1 4 10 0 13 2 5 6 8 14 3 11 9 12 7
338 332 6 1 4 6 10 13 2 5 8 12 7 3 11 9 0 14
304 298 6 1 4 6 10 13 2 5 8 0 14 3 9 11 7 12
338 332 6 1 4 6 10 13 2 5 0 8 14 3 11 9 7 12
339 333 6 1 4 0 10 13 2 5 6 8 14 3 11 9 7 12
334 328 6 1 4 6 13 0 2 5 8 10 14 3 11 9 12 7
335 330 5 1 4 6 13 7 2 5 8 10 14 3 11 9 12 0
339 333 6 1 4 6 13 7 2 5 8 0 14 3 11 9 12 10
340 334 6 1 4 6 0 7 2 5 8 13 14 3 11 9 12 10
341 335 6 1 4 6 7 0 2 5 8 13 14 3 11 9 12 10
343 338 5 1 4 6 7 13 2 5 8 0 14 3 11 9 12 10
344 339 5 1 4 6 0 13 2 5 8 7 14 3 11 9 12 10
345 340 5 1 4 0 6 13 2 5 8 7 14 3 11 9 12 10
342 337 5 1 4 6 7 10 2 5 8 13 14 3 11 9 12 0
314 308 6 1 4 6 10 13 2 5 8 11 0 9 3 7 12 14
334 328 6 3 4 6 10 13 2 5 8 7 14 0 11 9 12 1
335 329 6 3 4 6 10 13 2 5 8 7 14 11 0 9 12 1
335 329 6 1 4 6 10 7 2 5 8 12 14 3 11 9 0 13
335 330 5 1 4 6 10 7 2 5 8 12 14 3 11 9 13 0
339 333 6 1 4 6 10 7 2 5 8 0 14 3 11 9 13 12
315 309 6 1 4 6 10 0 2 5 8 11 14 9 3 7 12 13
316 310 6 1 4 6 10 13 2 5 8 11 0 3 7 12 9 14
340 334 6 1 4 6 10 0 2 5 8 13 7 3 11 9 12 14
339 333 6 1 4 6 10 14 2 5 8 0 7 3 11 9 12 13
339 333 6 1 4 0 10 13 2 5 6 9 14 3 7 8 12 11
324 318 6 0 4 6 10 13 2 5 8 11 14 7 12 9 3 1
335 329 6 1 4 6 10 7 2 5 0 8 14 3 11 9 12 13
336 330 6 1 4 0 10 7 2 5 6 8 14 3 11 9 12 13
335 329 6 1 4 6 10 7 2 5 8 14 0 3 11 9 12 13
335 330 5 1 4 6 10 7 2 5 8 14 13 3 11 9 12 0
332 326 6 1 4 6 10 13 2 5 9 11 8 3 7 0 12 14
333 327 6 1 4 6 10 13 2 5 9 11 8 3 0 7 12 14
334 328 6 1 4 6 10 7 2 5 8 0 13 3 11 9 12 14
331 325 6 1 4 6 10 13 2 5 11 8 0 3 7 9 12 14
330 326 4 1 4 6 10 13 2 5 11 8 14 3 7 9 12 0
335 329 6 0 4 6 10 13 2 5 11 8 14 3 7 9 12 1
336 330 6 1 4 6 10 13 2 5 9 11 14 0 7 8 12 3
337 331 6 1 4 6 10 13 2 5 9 11 14 7 0 8 12 3
338 332 6 1 4 6 10 13 2 5 9 11 14 7 8 0 12 3
338 333 5 1 4 6 10 13 2 5 0 11 14 7 8 9 12 3
339 334 5 1 4 0 10 13 2 5 6 11 14 7 8 9 12 3
341 335 6 1 4 10 0 13 2 5 6 11 14 7 8 9 12 3
335 329 6 1 4 6 10 13 2 5 9 11 0 3 7 8 12 14
357 351 6 7 4 6 10 13 2 5 8 1 14 0 11 9 12 3
358 352 6 7 4 6 10 13 2 5 8 1 14 11 0 9 12 3
343 337 6 1 4 6 10 7 2 5 8 13 14 11 0 9 12 3
333 327 6 2 4 6 10 13 0 5 8 7 14 3 11 9 12 1
349 343 6 7 4 6 0 13 2 5 8 10 14 3 11 9 12 1
350 344 6 7 4 0 6 13 2 5 8 10 14 3 11 9 12 1
349 343 6 1 4 6 10 13 2 5 8 12 14 7 11 9 0 3
349 344 5 1 4 6 10 13 2 5 8 12 14 7 11 9 3 0
353 347 6 1 4 6 10 13 2 5 8 0 14 7 11 9 3 12
315 309 6 1 4 6 10 13 2 0 5 11 14 3 7 8 12 9
336 330 6 1 4 6 10 0 2 5 8 12 14 3 11 9 7 13
339 333 6 1 4 6 10 12 2 5 8 0 14 3 11 9 7 13
340 334 6 1 4 6 10 12 2 5 8 7 14 3 11 9 0 13
340 335 5 1 4 6 10 12 2 5 8 7 14 3 11 9 13 0
344 338 6 1 4 6 10 12 2 5 8 0 14 3 11 9 13 7
345 339 6 1 4 6 10 12 2 5 8 13 14 3 11 9 0 7
345 340 5 1 4 6 10 12 2 5 8 13 14 3 11 9 7 0
348 342 6 1 4 6 10 0 2 5 8 13 14 3 11 9 7 12
358 352 6 1 4 6 10 13 0 5 8 3 14 2 11 9 12 7
359 353 6 4 0 6 10 13 2 5 8 1 14 3 11 9 12 7
360 354 6 4 6 0 10 13 2 5 8 1 14 3 11 9 12 7
337 331 6 0 4 6 10 13 2 5 9 11 14 3 7 8 12 1
360 354 6 1 4 6 10 0 2 5 8 3 14 13 11 9 12 7
361 356 5 1 4 6 10 7 2 5 8 3 14 13 11 9 12 0
365 359 6 1 4 6 10 7 2 5 8 0 14 13 11 9 12 3
331 325 6 1 4 6 10 13 2 5 11 8 14 3 7 9 0 12
334 328 6 1 4 6 10 0 2 5 8 14 13 3 11 9 12 7
323 317 6 1 4 6 10 13 2 11 8 7 14 5 0 9 12 3
335 329 6 1 4 6 0 7 2 5 8 10 14 3 11 9 12 13
336 330 6 1 4 6 7 0 2 5 8 10 14 3 11 9 12 13
336 332 4 1 4 6 7 13 2 5 8 10 14 3 11 9 12 0
341 335 6 0 4 6 7 13 2 5 8 10 14 3 11 9 12 1
340 334 6 1 4 6 7 13 2 5 8 10 14 0 11 9 12 3
341 335 6 1 4 6 7 13 2 5 8 10 14 11 0 9 12 3
339 333 6 1 4 6 7 13 2 5 8 10 14 3 11 9 0 12
340 334 6 1 4 6 7 13 2 5 8 0 14 3 11 9 10 12
341 335 6 1 4 6 0 13 2 5 8 7 14 3 11 9 10 12
342 336 6 1 4 0 6 13 2 5 8 7 14 3 11 9 10 12
339 333 6 1 4 6 7 13 2 5 8 10 0 3 11 9 12 14
340 334 6 1 4 6 7 13 2 5 8 0 10 3 11 9 12 14
341 335 6 1 4 6 0 13 2 5 8 7 10 3 11 9 12 14
342 336 6 1 4 0 6 13 2 5 8 7 10 3 11 9 12 14
354 348 6 1 4 6 10 13 2 5 8 3 14 7 11 9 0 12
345 339 6 1 4 6 7 13 2 5 8 14 0 3 11 9 12 10
345 340 5 1 4 6 7 13 2 5 8 14 10 3 11 9 12 0
235 229 6 1 4 6 10 3 2 5 8 11 13 0 7 9 12 14
236 230 6 1 4 6 10 3 2 5 8 11 13 7 0 9 12 14
332 326 6 1 4 6 10 14 2 5 8 7 0 3 11 9 12 13
341 335 6 1 4 0 6 7 2 5 8 13 14 3 11 9 12 10
322 316 6 1 4 6 10 13 2 5 8 11 0 7 12 9 3 14
336 330 6 1 4 6 10 13 2 5 8 12 14 0 11 9 7 3
337 331 6 1 4 6 10 13 2 5 8 12 14 11 0 9 7 3
338 332 6 1 4 6 10 0 2 5 8 12 14 3 11 9 13 7
347 341 6 1 4 8 6 13 2 5 0 7 14 3 11 9 12 10
348 342 6 1 4 8 6 13 2 5 7 0 14 3 11 9 12 10
349 343 6 1 4 8 0 13 2 5 7 6 14 3 11 9 12 10
350 344 6 1 4 0 8 13 2 5 7 6 14 3 11 9 12 10
350 345 5 1 4 7 8 13 2 5 0 6 14 3 11 9 12 10
351 346 5 1 4 7 8 13 2 5 6 0 14 3 11 9 12 10
352 347 5 1 4 7 0 13 2 5 6 8 14 3 11 9 12 10
354 348 6 1 4 7 13 0 2 5 6 8 14 3 11 9 12 10
355 350 5 1 4 7 13 10 2 5 6 8 14 3 11 9 12 0
359 353 6 1 4 7 13 10 2 5 6 0 14 3 11 9 12 8
360 354 6 1 4 7 13 10 2 5 0 6 14 3 11 9 12 8
360 354 6 1 4 7 0 10 2 5 6 13 14 3 11 9 12 8
360 355 5 1 4 7 10 0 2 5 6 13 14 3 11 9 12 8
362 358 4 1 4 7 10 13 2 5 6 0 14 3 11 9 12 8
363 359 4 1 4 7 10 13 2 5 0 6 14 3 11 9 12 8
361 357 4 1 4 7 10 8 2 5 6 13 14 3 11 9 12 0
365 360 5 1 4 7 10 8 2 5 6 0 14 3 11 9 12 13
366 361 5 1 4 7 10 8 2 5 0 6 14 3 11 9 12 13
365 360 5 1 4 7 10 13 2 0 5 6 14 3 11 9 12 8
366 361 5 1 4 7 10 13 2 11 5 6 14 3 0 9 12 8
365 360 5 1 4 7 10 13 2 5 9 6 14 3 11 0 12 8
366 361 5 1 4 7 10 13 2 5 9 6 14 3 0 11 12 8
365 360 5 1 4 0 10 13 2 5 7 6 14 3 11 9 12 8
364 359 5 1 4 7 10 13 2 5 6 14 0 3 11 9 12 8
364 360 4 1 4 7 10 13 2 5 6 14 8 3 11 9 12 0
368 363 5 1 4 7 10 13 2 5 6 0 8 3 11 9 12 14
369 364 5 1 4 7 10 13 2 5 6 8 0 3 11 9 12 14
368 365 3 1 4 7 10 13 2 5 6 8 14 3 11 9 12 0
373 368 5 0 4 7 10 13 2 5 6 8 14 3 11 9 12 1
372 367 5 1 4 7 10 0 2 5 6 8 14 3 11 9 12 13
372 367 5 1 4 7 10 13 2 5 6 8 14 0 11 9 12 3
373 368 5 1 4 7 10 13 2 5 6 8 14 11 0 9 12 3
371 366 5 1 4 7 10 13 2 5 6 8 14 3 11 9 0 12
372 367 5 1 4 7 10 13 2 5 6 0 14 3 11 9 8 12
373 368 5 1 4 7 10 13 2 5 0 6 14 3 11 9 8 12
369 364 5 1 4 7 10 13 2 5 0 6 8 3 11 9 12 14
364 359 5 1 4 7 10 13 2 5 6 12 14 3 11 9 0 8
364 360 4 1 4 7 10 13 2 5 6 12 14 3 11 9 8 0
364 359 5 1 4 7 0 13 2 5 6 10 14 3 11 9 12 8
366 360 6 1 4 7 13 0 2 5 6 10 14 3 11 9 12 8
367 362 5 1 4 7 13 8 2 5 6 10 14 3 11 9 12 0
371 365 6 1 4 7 10 13 2 5 9 6 8 3 11 0 12 14
372 366 6 1 4 7 10 13 2 5 9 6 8 3 0 11 12 14
366 360 6 1 4 0 7 13 2 5 6 10 14 3 11 9 12 8
367 361 6 1 4 6 7 13 2 5 0 10 14 3 11 9 12 8
368 362 6 1 4 6 7 13 2 5 10 0 14 3 11 9 12 8
369 363 6 1 4 6 0 13 2 5 10 7 14 3 11 9 12 8
370 364 6 1 4 0 6 13 2 5 10 7 14 3 11 9 12 8
371 365 6 1 4 10 6 13 2 5 0 7 14 3 11 9 12 8
372 366 6 1 4 10 6 13 2 5 7 0 14 3 11 9 12 8
359 353 6 0 4 6 10 13 2 5 8 3 14 1 11 9 12 7
361 356 5 7 4 6 10 13 2 5 8 3 14 1 11 9 12 0
365 359 6 7 4 6 10 13 2 5 8 0 14 1 11 9 12 3
364 358 6 7 4 6 10 13 2 5 8 3 14 0 11 9 12 1
365 359 6 7 4 6 10 13 2 5 8 3 14 11 0 9 12 1
375 369 6 1 4 0 10 13 2 5 7 6 14 3 11 9 8 12
323 317 6 1 4 6 10 0 2 5 8 11 14 7 12 9 3 13
345 339 6 1 4 6 7 13 2 5 8 12 14 3 11 9 0 10
345 340 5 1 4 6 7 13 2 5 8 12 14 3 11 9 10 0
270 264 6 1 4 6 10 13 2 5 8 7 14 11 3 9 0 12
352 346 6 1 4 7 8 13 2 5 9 6 14 3 11 0 12 10
353 347 6 1 4 7 8 13 2 5 9 6 14 3 0 11 12 10
346 340 6 1 4 6 13 0 2 5 8 7 14 3 11 9 12 10
347 342 5 1 4 6 13 10 2 5 8 7 14 3 11 9 12 0
333 327 6 4 0 6 10 13 2 5 8 7 14 3 11 9 12 1
334 328 6 4 6 0 10 13 2 5 8 7 14 3 11 9 12 1
316 310 6 1 4 10 0 13 2 5 6 11 14 3 7 8 12 9
357 351 6 1 4 6 10 0 2 5 8 3 14 7 11 9 12 13
324 318 6 1 4 6 10 13 2 5 8 0 14 7 12 9 3 11
325 319 6 1 4 6 10 13 2 5 8 3 14 7 12 9 0 11
325 320 5 1 4 6 10 13 2 5 8 3 14 7 12 9 11 0
328 322 6 1 4 6 10 13 2 5 8 3 14 0 12 9 11 7
329 323 6 1 4 6 10 13 2 5 8 3 14 12 0 9 11 7
347 341 6 1 0 4 6 13 2 5 8 7 14 3 11 9 12 10
340 334 6 0 4 6 10 1 2 5 8 13 14 3 11 9 12 7
340 334 6 1 4 6 10 13 2 5 11 0 14 7 8 9 12 3
354 348 6 1 4 0 7 13 2 5 6 8 14 3 11 9 12 10
367 361 6 1 4 7 10 13 0 2 5 6 14 3 11 9 12 8
364 358 6 1 4 7 10 8 2 5 6 13 14 3 11 9 0 12
365 359 6 1 4 7 10 8 2 5 6 0 14 3 11 9 13 12
366 360 6 1 4 7 10 8 2 5 0 6 14 3 11 9 13 12
363 357 6 0 4 7 10 1 2 5 6 13 14 3 11 9 12 8
365 360 5 8 4 7 10 1 2 5 6 13 14 3 11 9 12 0
369 363 6 8 4 7 10 1 2 5 6 0 14 3 11 9 12 13
370 364 6 8 4 7 10 1 2 5 0 6 14 3 11 9 12 13
368 362 6 8 4 7 10 0 2 5 6 13 14 3 11 9 12 1
370 365 5 8 4 7 10 13 2 5 6 0 14 3 11 9 12 1
371 366 5 8 4 7 10 13 2 5 0 6 14 3 11 9 12 1
373 367 6 8 4 7 10 13 2 0 5 6 14 3 11 9 12 1
374 368 6 8 4 7 10 13 2 11 5 6 14 3 0 9 12 1
373 367 6 8 4 7 10 13 2 5 9 6 14 3 11 0 12 1
374 368 6 8 4 7 10 13 2 5 9 6 14 3 0 11 12 1
373 367 6 8 4 0 10 13 2 5 7 6 14 3 11 9 12 1
353 347 6 1 4 7 8 13 2 5 6 12 14 3 11 9 0 10
353 348 5 1 4 7 8 13 2 5 6 12 14 3 11 9 10 0
357 351 6 1 4 7 8 13 2 5 6 0 14 3 11 9 10 12
358 352 6 1 4 7 8 13 2 5 0 6 14 3 11 9 10 12
358 352 6 1 4 7 8 13 2 5 6 10 14 3 11 9 0 12
357 353 4 1 4 7 8 13 2 5 6 10 14 3 11 9 12 0
362 356 6 0 4 7 8 13 2 5 6 10 14 3 11 9 12 1
261 255 6 0 4 6 10 7 2 5 8 11 14 1 3 9 12 13
361 355 6 1 4 7 8 0 2 5 6 10 14 3 11 9 12 13
364 358 6 1 4 7 8 10 2 5 6 0 14 3 11 9 12 13
365 359 6 1 4 7 8 10 2 5 0 6 14 3 11 9 12 13
361 355 6 1 4 7 8 13 2 5 6 10 14 0 11 9 12 3
362 356 6 1 4 7 8 13 2 5 6 10 14 11 0 9 12 3
360 354 6 13 4 6 10 0 2 5 8 1 14 3 11 9 12 7
336 330 6 1 4 6 10 0 2 5 9 11 14 3 7 8 12 13
368 362 6 1 4 7 10 13 2 5 9 6 14 0 3 11 12 8
369 364 5 1 4 7 10 13 2 5 9 6 14 8 3 11 12 0
373 367 6 1 4 7 10 13 2 5 9 0 14 8 3 11 12 6
374 368 6 1 4 7 10 13 2 5 0 9 14 8 3 11 12 6
375 369 6 1 4 7 10 13 2 5 11 9 14 8 3 0 12 6
376 370 6 1 4 7 10 13 2 5 11 9 14 8 0 3 12 6
377 371 6 1 4 7 10 13 2 5 11 9 14 0 8 3 12 6
378 373 5 1 4 7 10 13 2 5 11 9 14 6 8 3 12 0
382 376 6 1 4 7 10 13 2 5 11 0 14 6 8 3 12 9
382 377 5 1 4 7 10 13 2 5 0 11 14 6 8 3 12 9
383 378 5 1 4 7 10 13 2 5 3 11 14 6 8 0 12 9
384 379 5 1 4 7 10 13 2 5 3 11 14 6 0 8 12 9
384 380 4 1 4 7 10 13 2 5 3 11 14 0 6 8 12 9
385 382 3 1 4 7 10 13 2 5 3 11 14 9 6 8 12 0
390 385 5 1 4 7 10 13 2 5 3 0 14 9 6 8 12 11
391 386 5 1 4 7 10 13 2 5 0 3 14 9 6 8 12 11
391 387 4 1 4 7 10 13 2 5 8 3 14 9 6 0 12 11
393 388 5 1 4 7 10 13 2 5 8 3 14 9 6 12 0 11
393 389 4 1 4 7 10 13 2 5 8 3 14 9 6 12 11 0
397 392 5 1 4 7 10 13 2 5 8 0 14 9 6 12 11 3
397 393 4 1 4 7 10 13 2 5 8 11 14 9 6 12 0 3
397 394 3 1 4 7 10 13 2 5 8 11 14 9 6 12 3 0
397 394 3 1 4 7 10 13 2 5 8 11 14 9 6 0 12 3
399 395 4 1 4 7 10 13 2 5 8 11 14 9 0 6 12 3
400 396 4 1 4 7 10 13 2 5 8 11 14 0 9 6 12 3
400 398 2 1 4 7 10 13 2 5 8 11 14 3 9 6 12 0
405 401 4 1 4 7 10 13 2 5 8 0 14 3 9 6 12 11
405 401 4 0 4 7 10 13 2 5 8 11 14 3 9 6 12 1
404 400 4 1 4 7 10 0 2 5 8 11 14 3 9 6 12 13
403 399 4 1 4 7 10 13 2 5 8 11 14 3 9 6 0 12
404 400 4 1 4 7 10 13 2 5 8 11 14 3 9 0 6 12
404 401 3 1 4 7 10 13 2 5 8 11 14 3 0 9 6 12
406 402 4 1 4 7 10 13 2 5 8 11 14 0 3 9 6 12
407 404 3 1 4 7 10 13 2 5 8 11 14 12 3 9 6 0
409 405 4 1 4 7 10 13 2 5 8 11 14 12 3 9 0 6
406 402 4 1 4 7 10 13 2 0 8 11 14 3 5 9 6 12
403 399 4 1 4 7 10 13 2 5 8 11 0 3 9 6 12 14
399 395 4 1 4 7 10 13 2 5 0 11 14 9 6 8 12 3
400 396 4 1 4 7 10 13 2 5 8 11 14 0 6 12 3 9
404 399 5 1 4 7 10 13 2 0 8 11 14 5 6 12 3 9
408 403 5 1 4 7 10 13 2 8 0 11 14 3 5 9 6 12
404 399 5 1 4 7 10 0 2 5 8 11 14 13 6 12 3 9
405 401 4 1 4 7 10 9 2 5 8 11 14 13 6 12 3 0
408 403 5 1 4 7 10 9 2 5 8 11 14 0 6 12 3 13
407 402 5 1 4 7 10 9 2 5 8 11 14 13 6 12 0 3
407 403 4 1 4 7 10 9 2 5 8 11 14 13 6 0 12 3
409 404 5 1 4 7 10 9 2 5 8 11 14 13 0 6 12 3
410 405 5 1 4 7 10 9 2 5 8 11 14 0 13 6 12 3
410 407 3 1 4 7 10 9 2 5 8 11 14 3 13 6 12 0
413 409 4 1 4 7 10 0 2 5 8 11 14 3 13 6 12 9
417 412 5 1 4 7 10 11 2 5 8 0 14 3 13 6 12 9
417 412 5 1 4 7 10 3 2 5 8 11 14 0 13 6 12 9
418 414 4 1 4 7 10 3 2 5 8 11 14 9 13 6 12 0
418 413 5 1 4 7 10 3 2 5 8 11 14 13 0 6 12 9
418 414 4 1 4 7 10 3 2 5 8 11 14 13 6 0 12 9
420 415 5 1 4 7 10 3 2 5 8 11 14 13 6 12 0 9
420 416 4 1 4 7 10 3 2 5 8 11 14 13 6 12 9 0
423 418 5 1 4 7 10 0 2 5 8 11 14 13 6 12 9 3
425 421 4 1 4 7 10 13 2 5 8 11 14 0 6 12 9 3
425 423 2 1 4 7 10 13 2 5 8 11 14 3 6 12 9 0
427 424 3 1 4 7 10 13 2 5 8 11 14 3 6 12 0 9
427 425 2 1 4 7 10 13 2 5 8 11 14 3 6 0 12 9
429 426 3 1 4 7 10 13 2 5 8 11 14 3 0 6 12 9
429 426 3 1 4 7 10 13 2 5 0 11 14 3 6 8 12 9
431 427 4 1 4 7 10 13 2 5 11 0 14 3 6 8 12 9
431 427 4 1 4 7 10 13 2 0 5 11 14 3 6 8 12 9
431 427 4 1 4 0 10 13 2 5 7 11 14 3 6 8 12 9
431 427 4 1 4 7 10 13 2 5 8 11 14 0 3 6 12 9
432 429 3 1 4 7 10 13 2 5 8 11 14 9 3 6 12 0
431 427 4 1 4 7 10 13 2 0 8 11 14 3 5 6 12 9
429 425 4 1 4 7 10 13 2 5 8 0 14 3 6 12 11 9
430 426 4 1 4 7 10 13 2 5 8 0 14 3 6 12 9 11
431 427 4 1 4 7 10 13 2 5 8 9 14 3 6 12 0 11
431 428 3 1 4 7 10 13 2 5 8 9 14 3 6 12 11 0
431 428 3 1 4 7 10 13 2 5 8 9 14 3 6 0 12 11
433 429 4 1 4 7 10 13 2 5 8 9 14 3 0 6 12 11
433 429 4 1 4 7 10 13 2 5 0 9 14 3 6 8 12 11
434 430 4 1 4 7 10 13 2 5 9 0 14 3 6 8 12 11
430 426 4 0 4 7 10 13 2 5 8 11 14 3 6 12 9 1
428 424 4 1 4 7 10 13 2 5 8 11 0 3 6 12 9 14
429 425 4 1 4 7 10 0 2 5 8 11 14 3 6 12 9 13
433 428 5 1 4 7 10 11 2 5 8 0 14 3 6 12 9 13
434 429 5 1 4 7 10 11 2 5 8 9 14 3 6 12 0 13
434 430 4 1 4 7 10 11 2 5 8 9 14 3 6 12 13 0
434 430 4 1 4 7 10 11 2 5 8 9 14 3 6 0 12 13
436 431 5 1 4 7 10 11 2 5 8 9 14 3 0 6 12 13
409 404 5 1 4 7 10 9 2 5 0 11 14 13 6 8 12 3
436 431 5 1 4 7 10 11 2 5 0 9 14 3 6 8 12 13
437 432 5 1 4 7 10 11 2 5 9 0 14 3 6 8 12 13
408 403 5 3 4 7 10 13 2 5 8 11 14 0 9 6 12 1
409 405 4 3 4 7 10 13 2 5 8 11 14 1 9 6 12 0
409 404 5 3 4 7 10 13 2 5 8 11 14 9 0 6 12 1
409 405 4 3 4 7 10 13 2 5 8 11 14 9 6 0 12 1
411 406 5 3 4 7 10 13 2 5 8 11 14 9 6 12 0 1
411 407 4 3 4 7 10 13 2 5 8 11 14 9 6 12 1 0
415 410 5 0 4 7 10 13 2 5 8 11 14 9 6 12 1 3
417 412 5 9 4 7 10 13 2 5 8 11 14 0 6 12 1 3
417 414 3 9 4 7 10 13 2 5 8 11 14 3 6 12 1 0
421 417 4 0 4 7 10 13 2 5 8 11 14 3 6 12 1 9
419 415 4 9 4 7 10 13 2 5 8 11 14 3 6 12 0 1
419 416 3 9 4 7 10 13 2 5 8 11 14 3 6 0 12 1
421 417 4 9 4 7 10 13 2 5 8 11 14 3 0 6 12 1
421 417 4 9 4 7 10 13 2 5 0 11 14 3 6 8 12 1
423 418 5 9 4 7 10 13 2 5 11 0 14 3 6 8 12 1
423 418 5 9 4 7 10 13 2 0 5 11 14 3 6 8 12 1
408 403 5 1 4 7 10 13 0 5 8 11 14 2 3 9 6 12
386 381 5 1 4 7 10 13 0 5 3 11 14 2 6 8 12 9
410 405 5 1 4 7 10 13 2 0 8 11 14 5 3 9 6 12
411 406 5 1 4 7 10 13 2 3 8 11 14 5 0 9 6 12
412 407 5 1 4 7 10 13 2 3 8 11 14 0 5 9 6 12
413 409 4 1 4 7 10 13 2 3 8 11 14 12 5 9 6 0
415 410 5 1 4 7 10 13 2 3 8 11 14 12 5 9 0 6
394 389 5 1 4 7 10 13 2 5 8 0 14 9 6 12 3 11
401 396 5 1 4 0 10 13 2 5 7 11 14 9 6 8 12 3
390 385 5 0 4 7 10 13 2 5 3 11 14 9 6 8 12 1
392 387 5 9 4 7 10 13 2 5 3 11 14 0 6 8 12 1
393 389 4 9 4 7 10 13 2 5 3 11 14 1 6 8 12 0
411 406 5 1 4 7 10 13 2 5 8 0 14 12 3 9 11 6
405 400 5 1 4 7 10 13 2 5 8 0 11 3 9 6 12 14
408 403 5 1 4 7 10 13 0 2 8 11 14 3 5 9 6 12
405 400 5 1 4 7 10 0 2 5 8 11 13 3 9 6 12 14
406 402 4 1 4 7 10 14 2 5 8 11 13 3 9 6 12 0
401 396 5 1 4 7 10 13 2 0 5 11 14 9 6 8 12 3
388 383 5 1 4 7 10 13 2 5 3 11 0 9 6 8 12 14
408 403 5 1 0 7 10 13 2 4 8 11 14 3 5 9 6 12
401 396 5 1 4 7 10 13 2 0 8 11 14 9 5 6 12 3
404 399 5 1 4 7 10 13 2 0 8 11 14 5 9 6 12 3
405 400 5 1 4 7 10 13 2 9 8 11 14 5 0 6 12 3
405 401 4 1 4 7 10 13 2 9 8 11 14 5 6 0 12 3
407 402 5 1 4 7 10 13 2 9 8 11 14 5 6 12 0 3
407 403 4 1 4 7 10 13 2 9 8 11 14 5 6 12 3 0
410 405 5 1 4 7 10 13 2 9 8 11 14 0 6 12 3 5
413 408 5 1 4 7 10 13 2 0 8 11 14 9 6 12 3 5
407 402 5 1 4 7 10 13 2 9 0 11 14 5 6 8 12 3
408 403 5 1 4 7 10 13 2 0 9 11 14 5 6 8 12 3
406 401 5 1 4 7 10 13 2 9 8 11 14 0 5 6 12 3
406 403 3 1 4 7 10 13 2 9 8 11 14 3 5 6 12 0
411 406 5 1 4 7 10 13 2 9 8 0 14 3 5 6 12 11
388 383 5 1 4 7 10 0 2 5 3 11 14 13 6 8 12 9
389 385 4 1 4 7 10 9 2 5 3 11 14 13 6 8 12 0
392 387 5 1 4 7 10 9 2 5 3 11 14 0 6 8 12 13
411 406 5 0 4 7 10 13 2 9 8 11 14 3 5 6 12 1
410 405 5 1 4 7 10 0 2 9 8 11 14 3 5 6 12 13
409 404 5 1 4 7 10 13 2 9 8 11 14 3 5 6 0 12
410 405 5 1 4 7 10 13 2 9 8 11 14 3 5 0 6 12
411 406 5 1 4 7 10 13 2 9 8 11 14 3 0 5 6 12
412 407 5 1 4 7 10 13 2 0 8 11 14 3 9 5 6 12
434 429 5 0 4 7 10 13 2 5 8 11 14 1 3 6 12 9
436 432 4 9 4 7 10 13 2 5 8 11 14 1 3 6 12 0
423 418 5 1 4 7 10 3 2 5 8 11 14 0 6 12 9 13
428 423 5 0 4 7 10 13 2 5 8 11 14 1 6 12 9 3
430 426 4 3 4 7 10 13 2 5 8 11 14 1 6 12 9 0
432 427 5 3 4 7 10 13 2 5 8 11 14 1 6 12 0 9
432 428 4 3 4 7 10 13 2 5 8 11 14 1 6 0 12 9
434 429 5 3 4 7 10 13 2 5 8 11 14 1 0 6 12 9
435 430 5 3 4 7 10 13 2 5 8 11 14 0 1 6 12 9
436 432 4 0 4 7 10 13 2 5 8 11 14 3 1 6 12 9
438 435 3 9 4 7 10 13 2 5 8 11 14 3 1 6 12 0
436 432 4 3 4 7 10 13 2 5 8 11 14 9 1 6 12 0
440 435 5 0 4 7 10 13 2 5 8 11 14 9 1 6 12 3
443 438 5 9 4 7 10 13 2 5 8 0 14 3 1 6 12 11
442 437 5 9 4 7 10 0 2 5 8 11 14 3 1 6 12 13
444 439 5 0 4 7 10 9 2 5 8 11 14 3 1 6 12 13
446 442 4 13 4 7 10 9 2 5 8 11 14 3 1 6 12 0
387 382 5 0 4 7 10 13 2 5 3 11 14 1 6 8 12 9
430 425 5 1 4 7 10 13 2 5 8 0 11 3 6 12 9 14
431 426 5 1 4 7 10 13 2 5 8 9 11 3 6 12 0 14
431 427 4 1 4 7 10 13 2 5 8 9 11 3 6 12 14 0
431 427 4 1 4 7 10 13 2 5 8 9 11 3 6 0 12 14
433 428 5 1 4 7 10 13 2 5 8 9 11 3 0 6 12 14
431 426 5 1 4 7 10 13 2 5 0 8 14 3 6 12 11 9
432 427 5 1 4 7 10 13 2 5 12 8 14 3 6 0 11 9
433 428 5 1 4 7 10 13 2 5 12 8 14 3 6 11 0 9
433 429 4 1 4 7 10 13 2 5 12 8 14 3 6 11 9 0
437 432 5 1 4 7 10 13 2 5 12 0 14 3 6 11 9 8
438 433 5 1 4 7 10 13 2 5 0 12 14 3 6 11 9 8
439 434 5 1 4 7 10 13 2 5 11 12 14 3 6 0 9 8
439 435 4 1 4 7 10 13 2 5 11 12 14 3 6 9 0 8
439 436 3 1 4 7 10 13 2 5 11 12 14 3 6 9 8 0
439 436 3 1 4 7 10 13 2 5 11 0 14 3 6 9 12 8
439 437 2 1 4 7 10 13 2 5 0 11 14 3 6 9 12 8
441 438 3 1 4 7 10 13 2 0 5 11 14 3 6 9 12 8
441 438 3 1 4 7 10 13 2 5 9 11 14 3 6 0 12 8
441 438 3 1 4 0 10 13 2 5 7 11 14 3 6 9 12 8
443 439 4 1 4 10 0 13 2 5 7 11 14 3 6 9 12 8
443 439 4 1 0 4 10 13 2 5 7 11 14 3 6 9 12 8
443 439 4 1 4 7 10 13 2 5 9 11 14 3 6 12 0 8
443 440 3 1 4 7 10 13 2 5 9 11 14 3 6 12 8 0
443 439 4 1 4 7 10 13 2 5 9 11 14 3 0 6 12 8
443 439 4 1 4 7 10 13 0 2 5 11 14 3 6 9 12 8
443 439 4 1 4 7 10 13 2 6 5 11 14 3 0 9 12 8
443 439 4 1 0 7 10 13 2 4 5 11 14 3 6 9 12 8
441 437 4 1 4 7 10 13 2 5 11 14 0 3 6 9 12 8
441 438 3 1 4 7 10 13 2 5 11 14 8 3 6 9 12 0
445 441 4 1 4 7 10 13 2 5 11 0 8 3 6 9 12 14
445 442 3 1 4 7 10 13 2 5 0 11 8 3 6 9 12 14
447 443 4 1 4 7 10 13 2 0 5 11 8 3 6 9 12 14
447 443 4 1 4 7 10 13 2 5 9 11 8 3 6 0 12 14
447 443 4 1 4 0 10 13 2 5 7 11 8 3 6 9 12 14
446 442 4 1 4 7 10 13 2 5 11 8 0 3 6 9 12 14
445 443 2 1 4 7 10 13 2 5 11 8 14 3 6 9 12 0
450 446 4 0 4 7 10 13 2 5 11 8 14 3 6 9 12 1
449 445 4 1 4 7 10 0 2 5 11 8 14 3 6 9 12 13
452 448 4 1 4 7 10 8 2 5 11 0 14 3 6 9 12 13
452 449 3 1 4 7 10 8 2 5 0 11 14 3 6 9 12 13
454 450 4 1 4 7 10 8 2 0 5 11 14 3 6 9 12 13
454 450 4 1 4 7 10 8 2 5 9 11 14 3 6 0 12 13
454 450 4 1 4 0 10 8 2 5 7 11 14 3 6 9 12 13
449 445 4 1 4 7 10 13 2 5 11 8 14 0 6 9 12 3
448 444 4 1 4 7 10 13 2 5 11 8 14 3 6 9 0 12
443 439 4 1 4 7 10 13 2 5 11 0 14 3 6 9 8 12
443 440 3 1 4 7 10 13 2 5 0 11 14 3 6 9 8 12
445 441 4 1 4 7 10 13 2 0 5 11 14 3 6 9 8 12
445 441 4 1 4 7 10 13 2 5 9 11 14 3 6 0 8 12
446 442 4 1 4 7 10 13 2 5 9 11 14 3 6 8 0 12
445 443 2 1 4 7 10 13 2 5 9 11 14 3 6 8 12 0
450 446 4 0 4 7 10 13 2 5 9 11 14 3 6 8 12 1
449 445 4 1 4 7 10 0 2 5 9 11 14 3 6 8 12 13
449 445 4 1 4 7 10 13 2 5 9 11 14 0 6 8 12 3
448 444 4 1 4 7 10 13 2 5 9 11 0 3 6 8 12 14
445 441 4 1 4 0 10 13 2 5 7 11 14 3 6 9 8 12
441 437 4 1 4 7 0 13 2 5 11 10 14 3 6 9 12 8
443 438 5 1 4 7 13 0 2 5 11 10 14 3 6 9 12 8
444 440 4 1 4 7 13 8 2 5 11 10 14 3 6 9 12 0
448 443 5 1 4 7 13 8 2 5 11 0 14 3 6 9 12 10
448 444 4 1 4 7 13 8 2 5 0 11 14 3 6 9 12 10
450 445 5 1 4 7 13 8 2 0 5 11 14 3 6 9 12 10
447 442 5 1 0 4 10 13 2 5 7 11 14 3 6 9 8 12
450 445 5 1 4 7 13 8 2 5 9 11 14 3 6 0 12 10
450 445 5 1 4 0 13 8 2 5 7 11 14 3 6 9 12 10
451 446 5 1 4 13 0 8 2 5 7 11 14 3 6 9 12 10
452 447 5 1 4 13 8 0 2 5 7 11 14 3 6 9 12 10
453 449 4 1 4 13 8 10 2 5 7 11 14 3 6 9 12 0
436 431 5 1 4 7 0 13 2 5 9 10 14 3 6 8 12 11
436 431 5 1 4 7 10 13 2 5 9 12 14 3 6 8 0 11
436 432 4 1 4 7 10 13 2 5 9 12 14 3 6 8 11 0
437 432 5 1 4 7 10 13 2 5 9 12 14 3 6 0 8 11
437 433 4 1 4 7 10 13 2 5 0 12 14 3 6 9 8 11
438 434 4 1 4 7 10 13 2 5 12 0 14 3 6 9 8 11
439 435 4 1 4 7 10 13 2 5 12 8 14 3 6 9 0 11
439 436 3 1 4 7 10 13 2 5 12 8 14 3 6 9 11 0
443 439 4 1 4 7 10 13 2 5 12 0 14 3 6 9 11 8
443 440 3 1 4 7 10 13 2 5 12 11 14 3 6 9 0 8
443 441 2 1 4 7 10 13 2 5 12 11 14 3 6 9 8 0
448 444 4 0 4 7 10 13 2 5 12 11 14 3 6 9 8 1
447 443 4 1 4 7 10 0 2 5 12 11 14 3 6 9 8 13
447 443 4 1 4 7 10 13 2 5 12 11 14 0 6 9 8 3
446 442 4 1 4 7 10 13 2 5 12 11 0 3 6 9 8 14
445 441 4 1 4 7 10 13 2 5 12 11 14 3 6 0 9 8
446 442 4 1 4 7 10 13 2 5 0 11 14 3 6 12 9 8
444 440 4 1 4 7 10 13 2 5 0 12 14 3 6 9 11 8
446 441 5 1 4 7 10 13 2 0 5 12 14 3 6 9 11 8
446 441 5 1 4 7 10 13 2 5 9 12 14 3 6 0 11 8
447 442 5 1 4 7 10 13 2 5 9 12 14 3 6 11 0 8
447 443 4 1 4 7 10 13 2 5 9 12 14 3 6 11 8 0
447 443 4 1 4 7 10 13 2 5 9 0 14 3 6 11 12 8
448 444 4 1 4 7 10 13 2 5 0 9 14 3 6 11 12 8
449 445 4 1 4 7 10 13 2 5 11 9 14 3 6 0 12 8
451 446 5 1 4 7 10 13 2 5 11 9 14 3 6 12 0 8
451 447 4 1 4 7 10 13 2 5 11 9 14 3 6 12 8 0
455 450 5 1 4 7 10 13 2 5 11 0 14 3 6 12 8 9
455 451 4 1 4 7 10 13 2 5 0 11 14 3 6 12 8 9
456 452 4 1 4 7 10 13 2 5 12 11 14 3 6 0 8 9
457 453 4 1 4 7 10 13 2 5 12 11 14 3 6 8 0 9
457 454 3 1 4 7 10 13 2 5 12 11 14 3 6 8 9 0
462 457 5 1 4 7 10 13 2 5 12 0 14 3 6 8 9 11
463 458 5 1 4 7 10 13 2 5 0 12 14 3 6 8 9 11
463 459 4 1 4 7 10 13 2 5 8 12 14 3 6 0 9 11
463 460 3 1 4 7 10 13 2 5 8 12 14 3 6 9 0 11
463 461 2 1 4 7 10 13 2 5 8 12 14 3 6 9 11 0
463 461 2 1 4 7 10 13 2 5 8 0 14 3 6 9 12 11
465 462 3 1 4 7 10 13 2 5 8 14 0 3 6 9 12 11
465 463 2 1 4 7 10 13 2 5 8 14 11 3 6 9 12 0
469 466 3 1 4 7 10 13 2 5 8 0 11 3 6 9 12 14
469 467 2 1 4 7 10 13 2 5 8 11 0 3 6 9 12 14
468 468 0 1 4 7 10 13 2 5 8 11 14 3 6 9 12 0
