0 0 0 14 2 12 9 1 7 0 13 11 4 10 8 3 6 5
14 1 13 14 2 12 9 1 0 7 13 11 4 10 8 3 6 5
15 2 13 14 2 12 9 1 10 7 13 11 4 0 8 3 6 5
16 4 12 14 2 12 9 1 10 7 13 11 4 5 8 3 6 0
20 7 13 14 2 12 9 1 10 7 13 0 4 5 8 3 6 11
20 8 12 14 2 12 0 1 10 7 13 9 4 5 8 3 6 11
21 9 12 14 2 12 1 0 10 7 13 9 4 5 8 3 6 11
23 12 11 14 2 12 1 5 10 7 13 9 4 0 8 3 6 11
23 14 9 14 2 12 1 5 10 7 13 9 4 11 8 3 6 0
27 17 10 0 2 12 1 5 10 7 13 9 4 11 8 3 6 14
28 18 10 10 2 12 1 5 0 7 13 9 4 11 8 3 6 14
25 15 10 14 2 12 1 5 10 7 13 9 4 11 8 3 0 6
26 16 10 14 2 12 1 5 10 7 13 9 4 11 8 0 3 6
26 17 9 14 2 12 1 5 10 7 0 9 4 11 8 13 3 6
27 18 9 14 2 0 1 5 10 7 12 9 4 11 8 13 3 6
28 19 9 14 2 1 0 5 10 7 12 9 4 11 8 13 3 6
30 20 10 14 2 1 5 0 10 7 12 9 4 11 8 13 3 6
31 22 9 14 2 1 5 6 10 7 12 9 4 11 8 13 3 0
35 25 10 0 2 1 5 6 10 7 12 9 4 11 8 13 3 14
37 27 10 6 2 1 5 0 10 7 12 9 4 11 8 13 3 14
38 29 9 6 2 1 5 14 10 7 12 9 4 11 8 13 3 0
37 28 9 6 2 1 0 5 10 7 12 9 4 11 8 13 3 14
38 29 9 6 2 0 1 5 10 7 12 9 4 11 8 13 3 14
39 30 9 6 2 12 1 5 10 7 0 9 4 11 8 13 3 14
41 31 10 6 2 12 1 5 10 7 9 0 4 11 8 13 3 14
42 32 10 6 2 12 1 5 10 7 9 4 0 11 8 13 3 14
42 33 9 6 2 12 1 5 10 7 9 4 14 11 8 13 3 0
46 36 10 6 2 12 1 5 10 7 9 0 14 11 8 13 3 4
46 37 9 6 2 12 1 5 10 7 0 9 14 11 8 13 3 4
47 38 9 6 2 0 1 5 10 7 12 9 14 11 8 13 3 4
48 39 9 6 2 1 0 5 10 7 12 9 14 11 8 13 3 4
50 40 10 6 2 1 5 0 10 7 12 9 14 11 8 13 3 4
51 42 9 6 2 1 5 4 10 7 12 9 14 11 8 13 3 0
55 45 10 0 2 1 5 4 10 7 12 9 14 11 8 13 3 6
57 47 10 4 2 1 5 0 10 7 12 9 14 11 8 13 3 6
58 49 9 4 2 1 5 6 10 7 12 9 14 11 8 13 3 0
57 48 9 4 2 1 0 5 10 7 12 9 14 11 8 13 3 6
58 49 9 4 2 0 1 5 10 7 12 9 14 11 8 13 3 6
59 50 9 4 2 12 1 5 10 7 0 9 14 11 8 13 3 6
61 51 10 4 2 12 1 5 10 7 9 0 14 11 8 13 3 6
62 52 10 4 2 12 1 5 10 7 9 14 0 11 8 13 3 6
62 53 9 4 2 12 1 5 10 7 9 14 6 11 8 13 3 0
66 56 10 4 2 12 1 5 10 7 9 0 6 11 8 13 3 14
66 57 9 4 2 12 1 5 10 7 0 9 6 11 8 13 3 14
67 58 9 4 2 0 1 5 10 7 12 9 6 11 8 13 3 14
68 59 9 4 2 1 0 5 10 7 12 9 6 11 8 13 3 14
70 60 10 4 2 1 5 0 10 7 12 9 6 11 8 13 3 14
71 62 9 4 2 1 5 14 10 7 12 9 6 11 8 13 3 0
75 65 10 0 2 1 5 14 10 7 12 9 6 11 8 13 3 4
77 67 10 14 2 1 5 0 10 7 12 9 6 11 8 13 3 4
78 69 9 14 2 1 5 4 10 7 12 9 6 11 8 13 3 0
77 68 9 14 2 1 0 5 10 7 12 9 6 11 8 13 3 4
78 69 9 14 2 0 1 5 10 7 12 9 6 11 8 13 3 4
79 70 9 14 2 12 1 5 10 7 0 9 6 11 8 13 3 4
81 71 10 14 2 12 1 5 10 7 9 0 6 11 8 13 3 4
82 72 10 14 2 12 1 5 10 7 9 6 0 11 8 13 3 4
82 73 9 14 2 12 1 5 10 7 9 6 4 11 8 13 3 0
86 76 10 0 2 12 1 5 10 7 9 6 4 11 8 13 3 14
87 77 10 10 2 12 1 5 0 7 9 6 4 11 8 13 3 14
84 74 10 14 2 12 1 5 10 7 9 6 4 11 8 13 0 3
85 75 10 14 2 12 1 5 10 7 9 0 4 11 8 13 6 3
85 76 9 14 2 12 1 5 10 7 0 9 4 11 8 13 6 3
86 77 9 14 2 0 1 5 10 7 12 9 4 11 8 13 6 3
87 78 9 14 2 1 0 5 10 7 12 9 4 11 8 13 6 3
89 79 10 14 2 1 5 0 10 7 12 9 4 11 8 13 6 3
90 81 9 14 2 1 5 3 10 7 12 9 4 11 8 13 6 0
94 84 10 0 2 1 5 3 10 7 12 9 4 11 8 13 6 14
96 86 10 3 2 1 5 0 10 7 12 9 4 11 8 13 6 14
97 88 9 3 2 1 5 14 10 7 12 9 4 11 8 13 6 0
96 87 9 3 2 1 0 5 10 7 12 9 4 11 8 13 6 14
97 88 9 3 2 0 1 5 10 7 12 9 4 11 8 13 6 14
98 89 9 3 2 12 1 5 10 7 0 9 4 11 8 13 6 14
100 90 10 3 2 12 1 5 10 7 9 0 4 11 8 13 6 14
101 91 10 3 2 12 1 5 10 7 9 4 0 11 8 13 6 14
101 92 9 3 2 12 1 5 10 7 9 4 14 11 8 13 6 0
105 95 10 3 2 12 1 5 10 7 9 0 14 11 8 13 6 4
105 96 9 3 2 12 1 5 10 7 0 9 14 11 8 13 6 4
106 97 9 3 2 0 1 5 10 7 12 9 14 11 8 13 6 4
107 98 9 3 2 1 0 5 10 7 12 9 14 11 8 13 6 4
109 99 10 3 2 1 5 0 10 7 12 9 14 11 8 13 6 4
110 101 9 3 2 1 5 4 10 7 12 9 14 11 8 13 6 0
114 104 10 0 2 1 5 4 10 7 12 9 14 11 8 13 6 3
116 106 10 4 2 1 5 0 10 7 12 9 14 11 8 13 6 3
117 108 9 4 2 1 5 3 10 7 12 9 14 11 8 13 6 0
116 107 9 4 2 1 0 5 10 7 12 9 14 11 8 13 6 3
117 108 9 4 2 0 1 5 10 7 12 9 14 11 8 13 6 3
118 109 9 4 2 12 1 5 10 7 0 9 14 11 8 13 6 3
120 110 10 4 2 12 1 5 10 7 9 0 14 11 8 13 6 3
121 111 10 4 2 12 1 5 10 7 9 14 0 11 8 13 6 3
121 112 9 4 2 12 1 5 10 7 9 14 3 11 8 13 6 0
125 115 10 4 2 12 1 5 10 7 9 0 3 11 8 13 6 14
125 116 9 4 2 12 1 5 10 7 0 9 3 11 8 13 6 14
126 117 9 4 2 0 1 5 10 7 12 9 3 11 8 13 6 14
127 118 9 4 2 1 0 5 10 7 12 9 3 11 8 13 6 14
129 119 10 4 2 1 5 0 10 7 12 9 3 11 8 13 6 14
130 121 9 4 2 1 5 14 10 7 12 9 3 11 8 13 6 0
134 124 10 0 2 1 5 14 10 7 12 9 3 11 8 13 6 4
136 126 10 14 2 1 5 0 10 7 12 9 3 11 8 13 6 4
137 128 9 14 2 1 5 4 10 7 12 9 3 11 8 13 6 0
136 127 9 14 2 1 0 5 10 7 12 9 3 11 8 13 6 4
137 128 9 14 2 0 1 5 10 7 12 9 3 11 8 13 6 4
138 129 9 14 2 12 1 5 10 7 0 9 3 11 8 13 6 4
140 130 10 14 2 12 1 5 10 7 9 0 3 11 8 13 6 4
141 131 10 14 2 12 1 5 10 7 9 3 0 11 8 13 6 4
141 132 9 14 2 12 1 5 10 7 9 3 4 11 8 13 6 0
145 135 10 0 2 12 1 5 10 7 9 3 4 11 8 13 6 14
146 136 10 10 2 12 1 5 0 7 9 3 4 11 8 13 6 14
31 21 10 14 2 1 5 4 10 7 12 9 0 11 8 13 3 6
25 15 10 14 2 12 1 5 10 7 13 9 0 11 8 3 6 4
97 87 10 3 2 1 5 4 10 7 12 9 0 11 8 13 6 14
92 82 10 14 2 1 5 3 10 7 12 9 4 11 8 13 0 6
95 85 10 10 2 1 5 3 0 7 12 9 4 11 8 13 6 14
101 91 10 3 2 12 0 5 10 7 9 1 4 11 8 13 6 14
102 92 10 3 2 0 12 5 10 7 9 1 4 11 8 13 6 14
103 93 10 3 2 9 12 5 10 7 0 1 4 11 8 13 6 14
104 94 10 3 2 9 12 5 10 7 1 0 4 11 8 13 6 14
105 95 10 3 2 9 12 5 10 7 1 4 0 11 8 13 6 14
105 96 9 3 2 9 12 5 10 7 1 4 14 11 8 13 6 0
109 99 10 3 2 9 12 5 10 7 1 0 14 11 8 13 6 4
110 100 10 3 2 9 12 5 10 7 1 14 0 11 8 13 6 4
110 101 9 3 2 9 12 5 10 7 1 14 4 11 8 13 6 0
114 104 10 0 2 9 12 5 10 7 1 14 4 11 8 13 6 3
115 105 10 10 2 9 12 5 0 7 1 14 4 11 8 13 6 3
112 102 10 3 2 9 12 5 10 7 1 14 4 11 8 13 0 6
112 103 9 3 2 9 12 5 10 7 1 0 4 11 8 13 14 6
113 104 9 3 2 9 12 5 10 7 1 4 0 11 8 13 14 6
113 105 8 3 2 9 12 5 10 7 1 4 6 11 8 13 14 0
117 108 9 3 2 9 12 5 10 7 1 0 6 11 8 13 14 4
118 109 9 3 2 9 12 5 10 7 1 6 0 11 8 13 14 4
118 110 8 3 2 9 12 5 10 7 1 6 4 11 8 13 14 0
122 113 9 0 2 9 12 5 10 7 1 6 4 11 8 13 14 3
123 114 9 10 2 9 12 5 0 7 1 6 4 11 8 13 14 3
118 109 9 3 2 9 12 5 10 7 0 1 6 11 8 13 14 4
119 110 9 3 2 0 12 5 10 7 9 1 6 11 8 13 14 4
120 111 9 3 2 12 0 5 10 7 9 1 6 11 8 13 14 4
121 112 9 3 2 12 1 5 10 7 9 0 6 11 8 13 14 4
121 113 8 3 2 12 1 5 10 7 0 9 6 11 8 13 14 4
122 114 8 3 2 0 1 5 10 7 12 9 6 11 8 13 14 4
123 115 8 3 2 1 0 5 10 7 12 9 6 11 8 13 14 4
125 116 9 3 2 1 5 0 10 7 12 9 6 11 8 13 14 4
126 118 8 3 2 1 5 4 10 7 12 9 6 11 8 13 14 0
130 121 9 0 2 1 5 4 10 7 12 9 6 11 8 13 14 3
132 123 9 4 2 1 5 0 10 7 12 9 6 11 8 13 14 3
133 125 8 4 2 1 5 3 10 7 12 9 6 11 8 13 14 0
132 124 8 4 2 1 0 5 10 7 12 9 6 11 8 13 14 3
133 125 8 4 2 0 1 5 10 7 12 9 6 11 8 13 14 3
134 126 8 4 2 12 1 5 10 7 0 9 6 11 8 13 14 3
136 127 9 4 2 12 1 5 10 7 9 0 6 11 8 13 14 3
137 128 9 4 2 12 1 5 10 7 9 6 0 11 8 13 14 3
137 129 8 4 2 12 1 5 10 7 9 6 3 11 8 13 14 0
141 132 9 4 2 12 1 5 10 7 9 0 3 11 8 13 14 6
141 133 8 4 2 12 1 5 10 7 0 9 3 11 8 13 14 6
142 134 8 4 2 0 1 5 10 7 12 9 3 11 8 13 14 6
143 135 8 4 2 1 0 5 10 7 12 9 3 11 8 13 14 6
145 136 9 4 2 1 5 0 10 7 12 9 3 11 8 13 14 6
146 138 8 4 2 1 5 6 10 7 12 9 3 11 8 13 14 0
150 141 9 0 2 1 5 6 10 7 12 9 3 11 8 13 14 4
152 143 9 6 2 1 5 0 10 7 12 9 3 11 8 13 14 4
153 145 8 6 2 1 5 4 10 7 12 9 3 11 8 13 14 0
152 144 8 6 2 1 0 5 10 7 12 9 3 11 8 13 14 4
153 145 8 6 2 0 1 5 10 7 12 9 3 11 8 13 14 4
154 146 8 6 2 12 1 5 10 7 0 9 3 11 8 13 14 4
156 147 9 6 2 12 1 5 10 7 9 0 3 11 8 13 14 4
157 148 9 6 2 12 1 5 10 7 9 3 0 11 8 13 14 4
157 149 8 6 2 12 1 5 10 7 9 3 4 11 8 13 14 0
161 152 9 6 2 12 1 5 10 7 9 0 4 11 8 13 14 3
161 153 8 6 2 12 1 5 10 7 0 9 4 11 8 13 14 3
162 154 8 6 2 0 1 5 10 7 12 9 4 11 8 13 14 3
163 155 8 6 2 1 0 5 10 7 12 9 4 11 8 13 14 3
165 156 9 6 2 1 5 0 10 7 12 9 4 11 8 13 14 3
166 158 8 6 2 1 5 3 10 7 12 9 4 11 8 13 14 0
170 161 9 0 2 1 5 3 10 7 12 9 4 11 8 13 14 6
172 163 9 3 2 1 5 0 10 7 12 9 4 11 8 13 14 6
173 165 8 3 2 1 5 6 10 7 12 9 4 11 8 13 14 0
172 164 8 3 2 1 0 5 10 7 12 9 4 11 8 13 14 6
173 165 8 3 2 0 1 5 10 7 12 9 4 11 8 13 14 6
174 166 8 3 2 12 1 5 10 7 0 9 4 11 8 13 14 6
176 167 9 3 2 12 1 5 10 7 9 0 4 11 8 13 14 6
177 168 9 3 2 12 1 5 10 7 9 4 0 11 8 13 14 6
177 169 8 3 2 12 1 5 10 7 9 4 6 11 8 13 14 0
181 172 9 0 2 12 1 5 10 7 9 4 6 11 8 13 14 3
182 173 9 10 2 12 1 5 0 7 9 4 6 11 8 13 14 3
124 115 9 3 0 2 1 5 10 7 12 9 6 11 8 13 14 4
125 116 9 0 3 2 1 5 10 7 12 9 6 11 8 13 14 4
127 119 8 4 3 2 1 5 10 7 12 9 6 11 8 13 14 0
129 120 9 4 3 2 1 5 10 7 12 9 0 11 8 13 14 6
142 133 9 4 2 12 0 5 10 7 9 1 3 11 8 13 14 6
143 134 9 4 2 0 12 5 10 7 9 1 3 11 8 13 14 6
144 135 9 4 2 9 12 5 10 7 0 1 3 11 8 13 14 6
145 136 9 4 2 9 12 5 10 7 1 0 3 11 8 13 14 6
146 137 9 4 2 9 12 5 10 7 1 3 0 11 8 13 14 6
146 138 8 4 2 9 12 5 10 7 1 3 6 11 8 13 14 0
150 141 9 4 2 9 12 5 10 7 1 0 6 11 8 13 14 3
151 142 9 4 2 9 12 5 10 7 1 6 0 11 8 13 14 3
151 143 8 4 2 9 12 5 10 7 1 6 3 11 8 13 14 0
155 146 9 0 2 9 12 5 10 7 1 6 3 11 8 13 14 4
156 147 9 10 2 9 12 5 0 7 1 6 3 11 8 13 14 4
157 148 9 6 2 12 0 5 10 7 9 1 3 11 8 13 14 4
158 149 9 6 2 0 12 5 10 7 9 1 3 11 8 13 14 4
159 150 9 6 2 9 12 5 10 7 0 1 3 11 8 13 14 4
160 151 9 6 2 9 12 5 10 7 1 0 3 11 8 13 14 4
161 152 9 6 2 9 12 5 10 7 1 3 0 11 8 13 14 4
161 153 8 6 2 9 12 5 10 7 1 3 4 11 8 13 14 0
165 156 9 6 2 9 12 5 10 7 1 0 4 11 8 13 14 3
166 157 9 6 2 9 12 5 10 7 1 4 0 11 8 13 14 3
166 158 8 6 2 9 12 5 10 7 1 4 3 11 8 13 14 0
170 161 9 0 2 9 12 5 10 7 1 4 3 11 8 13 14 6
171 162 9 10 2 9 12 5 0 7 1 4 3 11 8 13 14 6
156 147 9 6 2 12 1 5 10 7 13 9 3 11 8 0 14 4
157 148 9 6 2 12 1 5 10 7 13 9 3 11 0 8 14 4
162 153 9 6 2 12 0 5 10 7 9 1 4 11 8 13 14 3
163 154 9 6 2 0 12 5 10 7 9 1 4 11 8 13 14 3
123 114 9 3 2 12 1 5 10 0 7 9 6 11 8 13 14 4
124 115 9 3 2 12 1 5 0 10 7 9 6 11 8 13 14 4
128 119 9 3 2 1 5 4 10 7 12 9 0 11 8 13 14 6
135 126 9 4 0 2 1 5 10 7 12 9 6 11 8 13 14 3
136 127 9 0 4 2 1 5 10 7 12 9 6 11 8 13 14 3
138 130 8 3 4 2 1 5 10 7 12 9 6 11 8 13 14 0
140 131 9 3 4 2 1 5 10 7 12 9 0 11 8 13 14 6
113 104 9 3 2 9 0 5 10 7 1 12 4 11 8 13 14 6
114 105 9 3 2 0 9 5 10 7 1 12 4 11 8 13 14 6
115 106 9 3 2 1 9 5 10 7 0 12 4 11 8 13 14 6
165 156 9 6 2 1 9 5 10 7 12 0 4 11 8 13 14 3
166 157 9 6 2 1 9 5 10 7 12 4 0 11 8 13 14 3
166 158 8 6 2 1 9 5 10 7 12 4 3 11 8 13 14 0
170 161 9 0 2 1 9 5 10 7 12 4 3 11 8 13 14 6
171 162 9 10 2 1 9 5 0 7 12 4 3 11 8 13 14 6
166 157 9 6 2 1 9 5 10 7 0 12 4 11 8 13 14 3
167 158 9 6 2 0 9 5 10 7 1 12 4 11 8 13 14 3
171 162 9 10 2 1 5 3 0 7 12 9 4 11 8 13 14 6
122 113 9 3 2 12 1 5 10 7 9 6 0 11 8 13 14 4
122 114 8 3 2 12 1 5 10 7 9 6 4 11 8 13 14 0
126 117 9 0 2 12 1 5 10 7 9 6 4 11 8 13 14 3
127 118 9 10 2 12 1 5 0 7 9 6 4 11 8 13 14 3
175 166 9 3 0 2 1 5 10 7 12 9 4 11 8 13 14 6
176 167 9 0 3 2 1 5 10 7 12 9 4 11 8 13 14 6
178 170 8 6 3 2 1 5 10 7 12 9 4 11 8 13 14 0
180 171 9 6 3 2 1 5 10 7 12 9 0 11 8 13 14 4
177 168 9 10 3 2 1 5 0 7 12 9 4 11 8 13 14 6
123 114 9 3 2 12 1 5 10 7 13 9 6 11 8 0 14 4
124 115 9 3 2 12 1 5 10 7 13 9 6 11 0 8 14 4
142 133 9 4 2 12 1 5 10 7 9 3 0 11 8 13 14 6
142 134 8 4 2 12 1 5 10 7 9 3 6 11 8 13 14 0
146 137 9 0 2 12 1 5 10 7 9 3 6 11 8 13 14 4
147 138 9 10 2 12 1 5 0 7 9 3 6 11 8 13 14 4
147 138 9 0 2 1 5 4 10 7 12 9 3 11 8 13 14 6
148 139 9 10 2 1 5 4 0 7 12 9 3 11 8 13 14 6
143 134 9 4 2 12 1 5 10 0 7 9 3 11 8 13 14 6
144 135 9 4 2 12 1 5 0 10 7 9 3 11 8 13 14 6
144 135 9 4 2 12 1 5 10 8 7 9 3 11 0 13 14 6
136 127 9 4 2 12 1 5 10 0 7 9 6 11 8 13 14 3
137 128 9 4 2 12 1 5 0 10 7 9 6 11 8 13 14 3
137 128 9 4 2 12 1 5 10 8 7 9 6 11 0 13 14 3
151 142 9 4 2 9 0 5 10 7 1 12 6 11 8 13 14 3
152 143 9 4 2 0 9 5 10 7 1 12 6 11 8 13 14 3
153 144 9 4 2 1 9 5 10 7 0 12 6 11 8 13 14 3
144 135 9 4 0 2 1 5 10 7 12 9 3 11 8 13 14 6
145 136 9 0 4 2 1 5 10 7 12 9 3 11 8 13 14 6
147 139 8 6 4 2 1 5 10 7 12 9 3 11 8 13 14 0
149 140 9 6 4 2 1 5 10 7 12 9 0 11 8 13 14 3
146 137 9 10 4 2 1 5 0 7 12 9 3 11 8 13 14 6
146 137 9 4 2 9 0 5 10 7 1 12 3 11 8 13 14 6
147 138 9 4 2 0 9 5 10 7 1 12 3 11 8 13 14 6
148 139 9 4 2 1 9 5 10 7 0 12 3 11 8 13 14 6
113 104 9 3 2 9 12 5 10 7 0 1 4 11 8 13 14 6
114 105 9 3 2 0 12 5 10 7 9 1 4 11 8 13 14 6
150 141 9 0 2 9 12 5 10 7 1 3 6 11 8 13 14 4
151 142 9 10 2 9 12 5 0 7 1 3 6 11 8 13 14 4
126 117 9 3 2 1 5 6 10 7 12 9 0 11 8 13 14 4
151 142 9 10 2 1 5 6 0 7 12 9 3 11 8 13 14 4
145 136 9 4 2 1 9 5 10 7 12 0 3 11 8 13 14 6
146 137 9 4 2 1 9 5 10 7 12 3 0 11 8 13 14 6
146 138 8 4 2 1 9 5 10 7 12 3 6 11 8 13 14 0
150 141 9 0 2 1 9 5 10 7 12 3 6 11 8 13 14 4
151 142 9 10 2 1 9 5 0 7 12 3 6 11 8 13 14 4
161 152 9 6 2 9 0 5 10 7 1 12 3 11 8 13 14 4
162 153 9 6 2 0 9 5 10 7 1 12 3 11 8 13 14 4
163 154 9 6 2 1 9 5 10 7 0 12 3 11 8 13 14 4
155 146 9 6 2 1 5 4 10 7 12 9 0 11 8 13 14 3
137 128 9 4 2 12 0 5 10 7 9 1 6 11 8 13 14 3
138 129 9 4 2 0 12 5 10 7 9 1 6 11 8 13 14 3
153 144 9 6 2 1 5 3 10 7 12 9 0 11 8 13 14 4
117 108 9 0 2 9 12 5 10 7 1 4 6 11 8 13 14 3
118 109 9 10 2 9 12 5 0 7 1 4 6 11 8 13 14 3
141 132 9 0 2 12 1 5 10 7 9 6 3 11 8 13 14 4
142 133 9 10 2 12 1 5 0 7 9 6 3 11 8 13 14 4
139 130 9 4 2 9 12 5 10 7 0 1 6 11 8 13 14 3
165 156 9 0 2 9 12 5 10 7 1 3 4 11 8 13 14 6
166 157 9 10 2 9 12 5 0 7 1 3 4 11 8 13 14 6
131 122 9 10 2 1 5 4 0 7 12 9 6 11 8 13 14 3
166 157 9 6 2 9 0 5 10 7 1 12 4 11 8 13 14 3
156 147 9 6 2 12 1 5 10 0 7 9 3 11 8 13 14 4
157 148 9 6 2 12 1 5 0 10 7 9 3 11 8 13 14 4
157 148 9 6 2 12 1 5 10 8 7 9 3 11 0 13 14 4
154 145 9 6 2 1 9 5 10 7 12 0 3 11 8 13 14 4
155 146 9 6 2 1 9 5 10 7 12 3 0 11 8 13 14 4
155 147 8 6 2 1 9 5 10 7 12 3 4 11 8 13 14 0
159 150 9 0 2 1 9 5 10 7 12 3 4 11 8 13 14 6
160 151 9 10 2 1 9 5 0 7 12 3 4 11 8 13 14 6
155 146 9 6 0 2 1 5 10 7 12 9 3 11 8 13 14 4
156 147 9 0 6 2 1 5 10 7 12 9 3 11 8 13 14 4
158 150 8 4 6 2 1 5 10 7 12 9 3 11 8 13 14 0
160 151 9 4 6 2 1 5 10 7 12 9 0 11 8 13 14 3
157 148 9 10 6 2 1 5 0 7 12 9 3 11 8 13 14 4
164 155 9 6 2 9 12 5 10 7 0 1 4 11 8 13 14 3
164 155 9 6 0 2 1 5 10 7 12 9 4 11 8 13 14 3
165 156 9 0 6 2 1 5 10 7 12 9 4 11 8 13 14 3
167 159 8 3 6 2 1 5 10 7 12 9 4 11 8 13 14 0
169 160 9 3 6 2 1 5 10 7 12 9 0 11 8 13 14 4
166 157 9 10 6 2 1 5 0 7 12 9 4 11 8 13 14 3
124 115 9 3 2 12 1 5 10 8 7 9 6 11 0 13 14 4
135 126 9 4 2 1 5 3 10 7 12 9 0 11 8 13 14 6
161 152 9 0 2 12 1 5 10 7 9 3 4 11 8 13 14 6
162 153 9 10 2 12 1 5 0 7 9 3 4 11 8 13 14 6
133 124 9 4 2 1 5 6 10 7 12 9 0 11 8 13 14 3
163 154 9 6 2 12 1 5 10 0 7 9 4 11 8 13 14 3
164 155 9 6 2 12 1 5 0 10 7 9 4 11 8 13 14 3
164 155 9 6 2 12 1 5 10 8 7 9 4 11 0 13 14 3
163 154 9 6 2 12 1 5 10 7 13 9 4 11 8 0 14 3
164 155 9 6 2 12 1 5 10 7 13 9 4 11 0 8 14 3
137 128 9 10 4 2 1 5 0 7 12 9 6 11 8 13 14 3
162 153 9 6 2 12 1 5 10 7 9 4 0 11 8 13 14 3
162 154 8 6 2 12 1 5 10 7 9 4 3 11 8 13 14 0
166 157 9 0 2 12 1 5 10 7 9 4 3 11 8 13 14 6
167 158 9 10 2 12 1 5 0 7 9 4 3 11 8 13 14 6
125 116 9 3 2 1 9 5 10 7 12 0 6 11 8 13 14 4
126 117 9 3 2 1 9 5 10 7 12 6 0 11 8 13 14 4
126 118 8 3 2 1 9 5 10 7 12 6 4 11 8 13 14 0
130 121 9 0 2 1 9 5 10 7 12 6 4 11 8 13 14 3
131 122 9 10 2 1 9 5 0 7 12 6 4 11 8 13 14 3
126 117 9 3 2 1 9 5 10 7 0 12 6 11 8 13 14 4
127 118 9 3 2 0 9 5 10 7 1 12 6 11 8 13 14 4
176 167 9 3 2 12 1 5 10 0 7 9 4 11 8 13 14 6
177 168 9 3 2 12 1 5 0 10 7 9 4 11 8 13 14 6
177 168 9 3 2 12 1 5 10 8 7 9 4 11 0 13 14 6
134 125 9 4 2 1 9 5 10 7 12 0 6 11 8 13 14 3
135 126 9 4 2 1 9 5 10 7 12 6 0 11 8 13 14 3
135 127 8 4 2 1 9 5 10 7 12 6 3 11 8 13 14 0
139 130 9 0 2 1 9 5 10 7 12 6 3 11 8 13 14 4
140 131 9 10 2 1 9 5 0 7 12 6 3 11 8 13 14 4
136 127 9 4 2 12 1 5 10 7 13 9 6 11 8 0 14 3
137 128 9 4 2 12 1 5 10 7 13 9 6 11 0 8 14 3
116 107 9 3 2 1 9 5 10 7 12 0 4 11 8 13 14 6
117 108 9 3 2 1 9 5 10 7 12 4 0 11 8 13 14 6
117 109 8 3 2 1 9 5 10 7 12 4 6 11 8 13 14 0
121 112 9 0 2 1 9 5 10 7 12 4 6 11 8 13 14 3
122 113 9 10 2 1 9 5 0 7 12 4 6 11 8 13 14 3
115 106 9 3 2 12 0 5 10 7 9 1 4 11 8 13 14 6
143 134 9 4 2 12 1 5 10 7 13 9 3 11 8 0 14 6
144 135 9 4 2 12 1 5 10 7 13 9 3 11 0 8 14 6
167 158 9 0 2 1 5 6 10 7 12 9 4 11 8 13 14 3
168 159 9 10 2 1 5 6 0 7 12 9 4 11 8 13 14 3
126 117 9 10 3 2 1 5 0 7 12 9 6 11 8 13 14 4
176 167 9 3 2 12 1 5 10 7 13 9 4 11 8 0 14 6
177 168 9 3 2 12 1 5 10 7 13 9 4 11 0 8 14 6
127 118 9 0 2 1 5 3 10 7 12 9 6 11 8 13 14 4
128 119 9 10 2 1 5 3 0 7 12 9 6 11 8 13 14 4
118 109 9 3 2 9 0 5 10 7 1 12 6 11 8 13 14 4
120 110 10 3 2 9 5 0 10 7 1 12 6 11 8 13 14 4
121 112 9 3 2 9 5 4 10 7 1 12 6 11 8 13 14 0
125 115 10 3 2 9 5 4 10 7 1 0 6 11 8 13 14 12
126 116 10 3 2 9 5 4 10 7 1 6 0 11 8 13 14 12
126 117 9 3 2 9 5 4 10 7 1 6 12 11 8 13 14 0
130 120 10 3 2 9 5 4 10 7 1 0 12 11 8 13 14 6
131 121 10 3 2 9 5 4 10 7 0 1 12 11 8 13 14 6
132 122 10 3 2 0 5 4 10 7 9 1 12 11 8 13 14 6
133 123 10 3 2 5 0 4 10 7 9 1 12 11 8 13 14 6
133 124 9 3 2 5 4 0 10 7 9 1 12 11 8 13 14 6
134 126 8 3 2 5 4 6 10 7 9 1 12 11 8 13 14 0
138 129 9 3 2 5 4 6 10 7 9 0 12 11 8 13 14 1
138 130 8 3 2 5 4 6 10 7 0 9 12 11 8 13 14 1
139 131 8 3 2 0 4 6 10 7 5 9 12 11 8 13 14 1
141 132 9 3 2 4 0 6 10 7 5 9 12 11 8 13 14 1
142 133 9 3 2 4 6 0 10 7 5 9 12 11 8 13 14 1
143 135 8 3 2 4 6 1 10 7 5 9 12 11 8 13 14 0
147 138 9 0 2 4 6 1 10 7 5 9 12 11 8 13 14 3
148 140 8 1 2 4 6 0 10 7 5 9 12 11 8 13 14 3
149 142 7 1 2 4 6 3 10 7 5 9 12 11 8 13 14 0
151 143 8 1 2 4 6 3 10 7 5 9 0 11 8 13 14 12
152 144 8 1 2 4 6 0 10 7 5 9 3 11 8 13 14 12
153 146 7 1 2 4 6 12 10 7 5 9 3 11 8 13 14 0
153 145 8 1 2 4 0 6 10 7 5 9 3 11 8 13 14 12
153 146 7 1 2 0 4 6 10 7 5 9 3 11 8 13 14 12
154 147 7 1 2 5 4 6 10 7 0 9 3 11 8 13 14 12
156 148 8 1 2 5 4 6 10 7 9 0 3 11 8 13 14 12
157 149 8 1 2 5 4 6 10 7 9 3 0 11 8 13 14 12
157 150 7 1 2 5 4 6 10 7 9 3 12 11 8 13 14 0
161 153 8 1 2 5 4 6 10 7 9 0 12 11 8 13 14 3
161 154 7 1 2 5 4 6 10 7 0 9 12 11 8 13 14 3
162 155 7 1 2 0 4 6 10 7 5 9 12 11 8 13 14 3
164 156 8 1 0 2 4 6 10 7 5 9 12 11 8 13 14 3
155 147 8 1 0 2 4 6 10 7 5 9 3 11 8 13 14 12
149 141 8 1 2 4 0 6 10 7 5 9 12 11 8 13 14 3
149 141 8 1 2 4 6 12 10 7 5 9 0 11 8 13 14 3
156 148 8 1 2 5 4 6 10 7 13 9 3 11 8 0 14 12
157 149 8 1 2 5 4 6 10 7 13 9 3 11 0 8 14 12
163 155 8 1 2 5 4 6 10 0 7 9 12 11 8 13 14 3
164 156 8 1 2 5 4 6 0 10 7 9 12 11 8 13 14 3
164 156 8 1 2 5 4 6 10 8 7 9 12 11 0 13 14 3
163 155 8 1 2 5 4 6 10 7 13 9 12 11 8 0 14 3
164 156 8 1 2 5 4 6 10 7 13 9 12 11 0 8 14 3
156 148 8 1 2 5 4 6 10 0 7 9 3 11 8 13 14 12
157 149 8 1 2 5 4 6 0 10 7 9 3 11 8 13 14 12
157 149 8 1 2 5 4 6 10 8 7 9 3 11 0 13 14 12
162 154 8 1 2 5 4 6 10 7 9 12 0 11 8 13 14 3
162 155 7 1 2 5 4 6 10 7 9 12 3 11 8 13 14 0
165 157 8 1 2 5 4 0 10 7 9 12 3 11 8 13 14 6
168 160 8 1 2 5 4 12 10 7 9 0 3 11 8 13 14 6
168 161 7 1 2 5 4 12 10 7 0 9 3 11 8 13 14 6
169 162 7 1 2 0 4 12 10 7 5 9 3 11 8 13 14 6
171 163 8 1 2 4 0 12 10 7 5 9 3 11 8 13 14 6
172 164 8 1 2 4 12 0 10 7 5 9 3 11 8 13 14 6
173 166 7 1 2 4 12 6 10 7 5 9 3 11 8 13 14 0
175 167 8 1 2 4 12 6 10 7 5 9 0 11 8 13 14 3
176 168 8 1 2 4 12 0 10 7 5 9 6 11 8 13 14 3
177 170 7 1 2 4 12 3 10 7 5 9 6 11 8 13 14 0
177 169 8 1 2 4 0 12 10 7 5 9 6 11 8 13 14 3
177 170 7 1 2 0 4 12 10 7 5 9 6 11 8 13 14 3
178 171 7 1 2 5 4 12 10 7 0 9 6 11 8 13 14 3
180 172 8 1 2 5 4 12 10 7 9 0 6 11 8 13 14 3
181 173 8 1 2 5 4 12 10 7 9 6 0 11 8 13 14 3
181 174 7 1 2 5 4 12 10 7 9 6 3 11 8 13 14 0
184 176 8 1 2 5 4 0 10 7 9 6 3 11 8 13 14 12
185 177 8 1 2 5 4 3 10 7 9 6 0 11 8 13 14 12
185 178 7 1 2 5 4 3 10 7 9 6 12 11 8 13 14 0
189 181 8 1 2 5 4 3 10 7 9 0 12 11 8 13 14 6
189 182 7 1 2 5 4 3 10 7 0 9 12 11 8 13 14 6
190 183 7 1 2 0 4 3 10 7 5 9 12 11 8 13 14 6
192 184 8 1 2 4 0 3 10 7 5 9 12 11 8 13 14 6
193 185 8 1 2 4 3 0 10 7 5 9 12 11 8 13 14 6
194 187 7 1 2 4 3 6 10 7 5 9 12 11 8 13 14 0
196 188 8 1 2 4 3 6 10 7 5 9 0 11 8 13 14 12
197 189 8 1 2 4 3 0 10 7 5 9 6 11 8 13 14 12
198 191 7 1 2 4 3 12 10 7 5 9 6 11 8 13 14 0
198 190 8 1 2 4 0 3 10 7 5 9 6 11 8 13 14 12
198 191 7 1 2 0 4 3 10 7 5 9 6 11 8 13 14 12
199 192 7 1 2 5 4 3 10 7 0 9 6 11 8 13 14 12
201 193 8 1 2 5 4 3 10 0 7 9 6 11 8 13 14 12
202 194 8 1 2 5 4 3 0 10 7 9 6 11 8 13 14 12
202 194 8 1 2 5 4 3 10 8 7 9 6 11 0 13 14 12
173 165 8 1 2 4 12 3 10 7 5 9 0 11 8 13 14 6
201 193 8 1 2 5 4 3 10 7 13 9 6 11 8 0 14 12
202 194 8 1 2 5 4 3 10 7 13 9 6 11 0 8 14 12
200 192 8 1 0 2 4 3 10 7 5 9 6 11 8 13 14 12
160 152 8 1 2 5 4 0 10 7 9 3 12 11 8 13 14 6
182 174 8 1 2 5 4 0 10 7 9 6 12 11 8 13 14 3
179 171 8 1 0 2 4 12 10 7 5 9 6 11 8 13 14 3
191 183 8 1 2 5 4 3 10 0 7 9 12 11 8 13 14 6
192 184 8 1 2 5 4 3 0 10 7 9 12 11 8 13 14 6
192 184 8 1 2 5 4 3 10 8 7 9 12 11 0 13 14 6
171 163 8 1 0 2 4 12 10 7 5 9 3 11 8 13 14 6
186 178 8 1 2 5 4 3 10 7 9 0 6 11 8 13 14 12
170 162 8 1 2 5 4 12 10 0 7 9 3 11 8 13 14 6
171 163 8 1 2 5 4 12 0 10 7 9 3 11 8 13 14 6
171 163 8 1 2 5 4 12 10 8 7 9 3 11 0 13 14 6
192 184 8 1 0 2 4 3 10 7 5 9 12 11 8 13 14 6
194 186 8 1 2 4 3 12 10 7 5 9 0 11 8 13 14 6
158 150 8 1 2 5 4 0 10 7 9 3 6 11 8 13 14 12
159 152 7 1 2 5 4 12 10 7 9 3 6 11 8 13 14 0
166 158 8 1 2 5 4 3 10 7 9 12 0 11 8 13 14 6
166 159 7 1 2 5 4 3 10 7 9 12 6 11 8 13 14 0
161 153 8 1 2 5 4 12 10 7 9 3 0 11 8 13 14 6
170 162 8 1 2 5 4 12 10 7 13 9 3 11 8 0 14 6
171 163 8 1 2 5 4 12 10 7 13 9 3 11 0 8 14 6
163 155 8 1 2 5 4 0 10 7 9 12 6 11 8 13 14 3
191 183 8 1 2 5 4 3 10 7 13 9 12 11 8 0 14 6
192 184 8 1 2 5 4 3 10 7 13 9 12 11 0 8 14 6
180 172 8 1 2 5 4 12 10 7 13 9 6 11 8 0 14 3
181 173 8 1 2 5 4 12 10 7 13 9 6 11 0 8 14 3
180 172 8 1 2 5 4 12 10 0 7 9 6 11 8 13 14 3
181 173 8 1 2 5 4 12 0 10 7 9 6 11 8 13 14 3
181 173 8 1 2 5 4 12 10 8 7 9 6 11 0 13 14 3
183 174 9 1 2 5 4 12 10 8 7 9 6 11 13 0 14 3
184 175 9 1 2 5 4 12 10 8 0 9 6 11 13 7 14 3
184 176 8 1 2 5 4 12 10 0 8 9 6 11 13 7 14 3
185 177 8 1 2 5 4 12 0 10 8 9 6 11 13 7 14 3
185 177 8 1 2 5 4 12 10 13 8 9 6 11 0 7 14 3
186 178 8 1 2 5 4 12 10 13 8 9 6 11 7 0 14 3
188 179 9 1 2 5 4 12 10 13 8 9 6 11 7 14 0 3
188 180 8 1 2 5 4 12 10 13 8 9 6 11 7 14 3 0
191 182 9 1 2 5 4 0 10 13 8 9 6 11 7 14 3 12
192 183 9 1 2 5 4 6 10 13 8 9 0 11 7 14 3 12
192 184 8 1 2 5 4 6 10 13 8 9 12 11 7 14 3 0
195 186 9 1 2 5 4 0 10 13 8 9 12 11 7 14 3 6
145 136 9 3 2 4 6 1 10 7 5 9 0 11 8 13 14 12
146 137 9 3 2 4 6 0 10 7 5 9 1 11 8 13 14 12
147 139 8 3 2 4 6 12 10 7 5 9 1 11 8 13 14 0
151 142 9 0 2 4 6 12 10 7 5 9 1 11 8 13 14 3
153 144 9 12 2 4 6 0 10 7 5 9 1 11 8 13 14 3
154 146 8 12 2 4 6 3 10 7 5 9 1 11 8 13 14 0
156 147 9 12 2 4 6 3 10 7 5 9 0 11 8 13 14 1
157 148 9 12 2 4 6 0 10 7 5 9 3 11 8 13 14 1
158 150 8 12 2 4 6 1 10 7 5 9 3 11 8 13 14 0
153 144 9 1 2 4 6 3 10 7 5 0 9 11 8 13 14 12
154 145 9 1 2 4 6 3 10 7 0 5 9 11 8 13 14 12
155 146 9 1 2 0 6 3 10 7 4 5 9 11 8 13 14 12
156 147 9 1 2 6 0 3 10 7 4 5 9 11 8 13 14 12
157 148 9 1 2 6 3 0 10 7 4 5 9 11 8 13 14 12
159 151 8 1 2 6 3 5 10 7 4 0 9 11 8 13 14 12
159 152 7 1 2 6 3 5 10 7 4 9 0 11 8 13 14 12
159 153 6 1 2 6 3 5 10 7 4 9 12 11 8 13 14 0
164 156 8 1 2 6 3 5 10 7 4 0 12 11 8 13 14 9
165 157 8 1 2 6 3 5 10 7 4 12 0 11 8 13 14 9
165 158 7 1 2 6 3 5 10 7 4 12 9 11 8 13 14 0
161 153 8 1 2 6 3 0 10 7 4 9 5 11 8 13 14 12
162 155 7 1 2 6 3 12 10 7 4 9 5 11 8 13 14 0
164 156 8 1 2 6 3 12 10 7 4 9 0 11 8 13 14 5
162 154 8 1 2 6 0 3 10 7 4 9 5 11 8 13 14 12
163 155 8 1 2 0 6 3 10 7 4 9 5 11 8 13 14 12
164 156 8 1 2 4 6 3 10 7 0 9 5 11 8 13 14 12
165 157 8 1 2 6 3 5 10 7 0 4 12 11 8 13 14 9
166 158 8 1 2 0 3 5 10 7 6 4 12 11 8 13 14 9
166 159 7 1 2 3 0 5 10 7 6 4 12 11 8 13 14 9
166 160 6 1 2 3 4 5 10 7 6 0 12 11 8 13 14 9
167 161 6 1 2 3 4 5 10 7 6 12 0 11 8 13 14 9
167 162 5 1 2 3 4 5 10 7 6 12 9 11 8 13 14 0
171 165 6 1 2 3 4 5 10 7 6 0 9 11 8 13 14 12
171 166 5 1 2 3 4 5 10 7 6 9 0 11 8 13 14 12
171 167 4 1 2 3 4 5 10 7 6 9 12 11 8 13 14 0
176 170 6 0 2 3 4 5 10 7 6 9 12 11 8 13 14 1
177 171 6 10 2 3 4 5 0 7 6 9 12 11 8 13 14 1
175 169 6 1 2 3 4 0 10 7 6 9 12 11 8 13 14 5
176 170 6 1 2 3 4 12 10 7 6 9 0 11 8 13 14 5
176 171 5 1 2 3 4 12 10 7 6 9 5 11 8 13 14 0
175 169 6 1 2 3 4 5 10 7 6 9 12 0 8 13 14 11
176 170 6 1 2 3 4 5 10 7 6 9 12 8 0 13 14 11
176 170 6 1 2 3 4 5 0 7 6 9 12 10 8 13 14 11
174 168 6 1 2 3 4 5 10 7 6 9 12 11 8 13 0 14
173 167 6 1 2 3 4 0 10 7 6 9 5 11 8 13 14 12
172 166 6 1 2 3 4 5 10 7 0 6 9 11 8 13 14 12
167 161 6 1 2 3 4 5 10 7 0 6 12 11 8 13 14 9
169 162 7 1 2 3 4 5 10 0 7 6 12 11 8 13 14 9
170 163 7 1 2 3 4 5 0 10 7 6 12 11 8 13 14 9
170 163 7 1 2 3 4 5 10 8 7 6 12 11 0 13 14 9
169 162 7 1 2 3 4 5 10 7 13 6 12 11 8 0 14 9
170 163 7 1 2 3 4 5 10 7 13 6 12 11 0 8 14 9
169 162 7 1 2 0 4 5 10 7 3 6 12 11 8 13 14 9
174 167 7 1 2 3 4 5 10 0 7 6 9 11 8 13 14 12
175 168 7 1 2 3 4 5 0 10 7 6 9 11 8 13 14 12
175 168 7 1 2 3 4 5 10 8 7 6 9 11 0 13 14 12
174 167 7 1 2 3 4 5 10 7 13 6 9 11 8 0 14 12
175 168 7 1 2 3 4 5 10 7 13 6 9 11 0 8 14 12
174 167 7 1 2 0 4 5 10 7 3 6 9 11 8 13 14 12
177 170 7 1 2 3 4 9 10 7 6 0 5 11 8 13 14 12
178 171 7 1 2 3 4 9 10 7 6 5 0 11 8 13 14 12
178 172 6 1 2 3 4 9 10 7 6 5 12 11 8 13 14 0
181 174 7 1 2 3 4 0 10 7 6 5 12 11 8 13 14 9
182 175 7 1 2 3 4 12 10 7 6 5 0 11 8 13 14 9
182 176 6 1 2 3 4 12 10 7 6 5 9 11 8 13 14 0
179 172 7 1 2 3 4 0 10 7 6 5 9 11 8 13 14 12
178 171 7 1 2 3 4 9 10 7 0 6 5 11 8 13 14 12
177 170 7 1 2 3 4 11 10 7 6 9 5 0 8 13 14 12
178 172 6 1 2 3 4 11 10 7 6 9 5 12 8 13 14 0
181 174 7 1 2 3 4 0 10 7 6 9 5 12 8 13 14 11
181 175 6 1 2 3 4 5 10 7 6 9 0 12 8 13 14 11
181 176 5 1 2 3 4 5 10 7 6 9 11 12 8 13 14 0
184 178 6 1 2 3 4 5 10 7 6 9 11 0 8 13 14 12
185 179 6 1 2 3 4 5 10 7 6 9 11 8 0 13 14 12
185 179 6 1 2 3 4 5 0 7 6 9 11 10 8 13 14 12
187 180 7 1 2 3 4 5 7 0 6 9 11 10 8 13 14 12
188 181 7 1 2 3 4 5 7 6 0 9 11 10 8 13 14 12
188 181 7 1 2 3 4 5 7 8 6 9 11 10 0 13 14 12
189 182 7 1 2 3 4 5 7 8 6 9 11 0 10 13 14 12
190 184 6 1 2 3 4 5 7 8 6 9 11 12 10 13 14 0
192 185 7 1 2 3 4 5 7 8 6 9 0 12 10 13 14 11
192 185 7 1 2 3 4 5 7 0 6 9 11 8 10 13 14 12
192 186 6 1 2 3 4 5 0 7 6 9 11 8 10 13 14 12
193 187 6 1 2 3 4 5 8 7 6 9 11 0 10 13 14 12
194 189 5 1 2 3 4 5 8 7 6 9 11 12 10 13 14 0
196 190 6 1 2 3 4 5 8 7 6 9 0 12 10 13 14 11
194 188 6 1 2 3 4 5 8 7 6 9 11 10 0 13 14 12
196 189 7 1 2 3 4 5 8 7 6 9 11 10 13 0 14 12
197 190 7 1 2 3 4 5 8 7 0 9 11 10 13 6 14 12
196 189 7 1 2 3 4 5 8 0 6 9 11 10 7 13 14 12
197 190 7 1 2 3 4 5 8 6 0 9 11 10 7 13 14 12
197 190 7 1 2 3 4 5 0 8 6 9 11 10 7 13 14 12
198 191 7 1 2 3 4 5 10 8 6 9 11 0 7 13 14 12
199 193 6 1 2 3 4 5 10 8 6 9 11 12 7 13 14 0
201 194 7 1 2 3 4 5 10 8 6 9 0 12 7 13 14 11
199 192 7 1 2 3 4 5 10 8 6 9 11 7 0 13 14 12
183 176 7 1 2 3 4 5 10 7 6 0 9 12 8 13 14 11
184 177 7 1 2 3 4 5 10 7 0 6 9 12 8 13 14 11
198 191 7 1 2 3 4 5 8 7 6 0 9 12 10 13 14 11
199 192 7 1 2 3 4 5 8 7 0 6 9 12 10 13 14 11
178 171 7 1 2 3 4 11 0 7 6 9 5 10 8 13 14 12
187 180 7 1 2 3 4 5 10 0 6 9 11 8 7 13 14 12
188 181 7 1 2 3 4 5 10 6 0 9 11 8 7 13 14 12
188 181 7 1 2 3 4 5 0 10 6 9 11 8 7 13 14 12
189 182 7 1 2 3 4 5 8 10 6 9 11 0 7 13 14 12
190 184 6 1 2 3 4 5 8 10 6 9 11 12 7 13 14 0
192 185 7 1 2 3 4 5 8 10 6 9 0 12 7 13 14 11
190 183 7 1 2 3 4 5 8 10 6 9 11 7 0 13 14 12
199 192 7 1 2 3 4 5 8 7 6 0 11 12 10 13 14 9
200 193 7 1 2 3 4 5 8 7 6 11 0 12 10 13 14 9
200 194 6 1 2 3 4 5 8 7 6 11 9 12 10 13 14 0
203 196 7 1 2 3 4 5 8 7 6 11 9 0 10 13 14 12
204 197 7 1 2 3 4 5 8 7 6 11 9 10 0 13 14 12
204 197 7 1 2 3 4 5 0 7 6 11 9 8 10 13 14 12
200 193 7 1 2 3 4 5 8 7 0 6 11 12 10 13 14 9
188 181 7 1 2 3 4 5 10 0 6 9 11 7 8 13 14 12
189 182 7 1 2 3 4 5 10 6 0 9 11 7 8 13 14 12
189 182 7 1 2 3 4 5 0 10 6 9 11 7 8 13 14 12
190 183 7 1 2 3 4 5 7 10 6 9 11 0 8 13 14 12
191 185 6 1 2 3 4 5 7 10 6 9 11 12 8 13 14 0
193 186 7 1 2 3 4 5 7 10 6 9 0 12 8 13 14 11
185 178 7 1 2 3 4 0 10 7 6 9 11 12 8 13 14 5
188 181 7 1 2 3 4 12 10 7 6 9 11 0 8 13 14 5
189 183 6 1 2 3 4 12 10 7 6 9 11 5 8 13 14 0
191 184 7 1 2 3 4 12 10 7 6 9 0 5 8 13 14 11
189 182 7 1 2 3 4 12 10 7 6 9 11 8 0 13 14 5
189 182 7 1 2 3 4 12 0 7 6 9 11 10 8 13 14 5
184 177 7 1 2 3 4 5 10 7 6 9 11 12 8 13 0 14
199 192 7 0 2 3 4 5 8 7 6 9 11 12 10 13 14 1
201 194 7 12 2 3 4 5 8 7 6 9 11 0 10 13 14 1
202 196 6 12 2 3 4 5 8 7 6 9 11 1 10 13 14 0
204 197 7 12 2 3 4 5 8 7 6 9 0 1 10 13 14 11
202 195 7 12 2 3 4 5 8 7 6 9 11 10 0 13 14 1
202 195 7 12 2 3 4 5 0 7 6 9 11 8 10 13 14 1
197 190 7 1 2 3 4 5 8 7 6 9 11 12 10 13 0 14
198 191 7 1 2 3 4 0 8 7 6 9 11 12 10 13 14 5
201 194 7 1 2 3 4 12 8 7 6 9 11 0 10 13 14 5
202 196 6 1 2 3 4 12 8 7 6 9 11 5 10 13 14 0
204 197 7 1 2 3 4 12 8 7 6 9 0 5 10 13 14 11
205 198 7 1 2 3 4 0 8 7 6 9 12 5 10 13 14 11
207 201 6 1 2 3 4 5 8 7 6 9 12 0 10 13 14 11
207 203 4 1 2 3 4 5 8 7 6 9 12 11 10 13 14 0
209 204 5 1 2 3 4 5 8 7 6 9 0 11 10 13 14 12
211 205 6 1 2 3 4 5 8 7 6 0 9 11 10 13 14 12
212 206 6 1 2 3 4 5 8 7 0 6 9 11 10 13 14 12
211 205 6 1 2 3 4 0 8 7 6 9 5 11 10 13 14 12
212 207 5 1 2 3 4 12 8 7 6 9 5 11 10 13 14 0
214 208 6 1 2 3 4 12 8 7 6 9 0 11 10 13 14 5
212 206 6 1 2 3 4 5 8 7 6 0 12 11 10 13 14 9
213 207 6 1 2 3 4 5 8 7 6 12 0 11 10 13 14 9
213 208 5 1 2 3 4 5 8 7 6 12 9 11 10 13 14 0
213 207 6 1 2 3 4 5 8 7 0 6 12 11 10 13 14 9
212 206 6 0 2 3 4 5 8 7 6 9 12 11 10 13 14 1
213 207 6 8 2 3 4 5 0 7 6 9 12 11 10 13 14 1
211 205 6 1 2 3 4 0 8 7 6 9 12 11 10 13 14 5
208 202 6 1 2 3 4 5 0 7 6 9 12 8 10 13 14 11
206 200 6 1 2 3 4 11 8 7 6 9 12 5 10 13 14 0
208 202 6 1 2 3 4 5 8 7 6 9 12 10 0 13 14 11
210 204 6 1 2 3 4 5 8 7 6 9 12 11 10 13 0 14
212 205 7 1 2 3 4 5 8 7 6 9 12 11 10 0 13 14
213 206 7 1 2 3 4 5 8 7 6 9 12 11 0 10 13 14
213 206 7 1 2 3 4 5 8 7 0 9 12 11 10 6 13 14
215 208 7 1 2 3 4 9 8 7 6 0 12 11 10 13 14 5
216 209 7 1 2 3 4 9 8 7 6 12 0 11 10 13 14 5
216 210 6 1 2 3 4 9 8 7 6 12 5 11 10 13 14 0
216 209 7 1 2 3 4 9 8 7 0 6 12 11 10 13 14 5
212 205 7 1 2 3 4 5 8 7 6 0 12 11 10 13 9 14
213 206 7 1 2 3 4 5 8 7 6 12 0 11 10 13 9 14
213 207 6 1 2 3 4 5 8 7 6 12 14 11 10 13 9 0
217 210 7 1 2 3 4 5 8 7 6 0 14 11 10 13 9 12
217 211 6 1 2 3 4 5 8 7 6 9 14 11 10 13 0 12
217 212 5 1 2 3 4 5 8 7 6 9 14 11 10 13 12 0
219 213 6 1 2 3 4 5 8 7 6 9 0 11 10 13 12 14
221 214 7 1 2 3 4 5 8 7 6 0 9 11 10 13 12 14
222 215 7 1 2 3 4 5 8 7 0 6 9 11 10 13 12 14
218 211 7 1 2 3 4 5 8 7 6 14 0 11 10 13 9 12
218 212 6 1 2 3 4 5 8 7 6 14 12 11 10 13 9 0
221 214 7 1 2 3 4 0 8 7 6 9 5 11 10 13 12 14
222 216 6 1 2 3 4 14 8 7 6 9 5 11 10 13 12 0
224 217 7 1 2 3 4 14 8 7 6 9 5 11 10 13 0 12
224 217 7 1 2 3 4 14 8 7 6 9 0 11 10 13 12 5
202 195 7 1 2 3 4 12 8 7 6 9 11 10 0 13 14 5
214 207 7 1 2 0 4 5 8 7 3 6 9 11 10 13 14 12
211 204 7 1 2 3 4 5 8 0 6 9 12 7 10 13 14 11
212 205 7 1 2 3 4 5 8 6 0 9 12 7 10 13 14 11
212 205 7 1 2 3 4 5 0 8 6 9 12 7 10 13 14 11
213 206 7 1 2 3 4 5 7 8 6 9 12 0 10 13 14 11
213 208 5 1 2 3 4 5 7 8 6 9 12 11 10 13 14 0
215 209 6 1 2 3 4 5 7 8 6 9 0 11 10 13 14 12
217 210 7 1 2 3 4 5 7 8 6 0 9 11 10 13 14 12
218 211 7 1 2 3 4 5 7 8 0 6 9 11 10 13 14 12
218 212 6 1 2 3 4 5 7 0 8 6 9 11 10 13 14 12
218 213 5 1 2 3 4 5 0 7 8 6 9 11 10 13 14 12
220 214 6 1 2 3 4 5 11 7 8 6 9 0 10 13 14 12
221 216 5 1 2 3 4 5 11 7 8 6 9 12 10 13 14 0
225 219 6 1 2 3 4 5 11 7 8 0 9 12 10 13 14 6
225 220 5 1 2 3 4 5 11 7 8 9 0 12 10 13 14 6
225 221 4 1 2 3 4 5 11 7 8 9 6 12 10 13 14 0
228 223 5 1 2 3 4 5 11 7 8 9 6 0 10 13 14 12
228 224 4 1 2 3 4 5 0 7 8 9 6 11 10 13 14 12
230 225 5 1 2 3 4 5 7 0 8 9 6 11 10 13 14 12
231 226 5 1 2 3 4 5 7 10 8 9 6 11 0 13 14 12
229 224 5 1 2 3 4 5 11 7 8 9 6 10 0 13 14 12
231 225 6 1 2 3 4 5 11 7 8 9 6 10 13 0 14 12
231 225 6 1 2 3 4 5 11 0 8 9 6 10 7 13 14 12
232 226 6 1 2 3 4 5 0 11 8 9 6 10 7 13 14 12
233 227 6 1 2 3 4 5 10 11 8 9 6 0 7 13 14 12
235 230 5 1 2 3 4 5 10 0 8 9 6 11 7 13 14 12
235 231 4 1 2 3 4 5 10 7 8 9 6 11 0 13 14 12
237 232 5 1 2 3 4 5 10 7 8 9 6 11 13 0 14 12
237 232 5 1 2 3 4 5 10 7 8 9 6 0 11 13 14 12
238 234 4 1 2 3 4 5 10 7 8 9 6 12 11 13 14 0
240 235 5 1 2 3 4 5 10 7 8 9 0 12 11 13 14 6
238 233 5 1 2 3 4 5 0 7 8 9 6 10 11 13 14 12
236 231 5 1 2 3 4 5 0 10 8 9 6 11 7 13 14 12
234 229 5 1 2 3 4 5 10 11 8 9 6 12 7 13 14 0
236 230 6 1 2 3 4 5 10 11 8 9 0 12 7 13 14 6
242 236 6 1 2 3 4 0 10 7 8 9 6 12 11 13 14 5
245 239 6 1 2 3 4 12 10 7 8 9 6 0 11 13 14 5
246 241 5 1 2 3 4 12 10 7 8 9 6 5 11 13 14 0
245 240 5 1 2 3 4 12 10 7 8 9 6 11 0 13 14 5
247 241 6 1 2 3 4 12 10 7 8 9 6 11 13 0 14 5
247 241 6 1 2 3 4 12 10 0 8 9 6 11 7 13 14 5
248 242 6 1 2 3 4 12 0 10 8 9 6 11 7 13 14 5
248 242 6 1 2 3 4 12 10 7 8 9 0 5 11 13 14 6
249 243 6 1 2 3 4 0 10 7 8 9 12 5 11 13 14 6
251 246 5 1 2 3 4 5 10 7 8 9 12 0 11 13 14 6
252 248 4 1 2 3 4 5 10 7 8 9 12 6 11 13 14 0
251 247 4 1 2 3 4 5 10 7 8 9 12 11 0 13 14 6
253 248 5 1 2 3 4 5 10 7 8 9 12 11 13 0 14 6
253 248 5 1 2 3 4 5 10 0 8 9 12 11 7 13 14 6
254 249 5 1 2 3 4 5 0 10 8 9 12 11 7 13 14 6
254 249 5 1 2 3 4 5 10 7 8 9 0 6 11 13 14 12
252 247 5 1 2 3 4 5 0 7 8 9 12 10 11 13 14 6
250 245 5 1 2 3 4 6 10 7 8 9 12 5 11 13 14 0
253 247 6 1 2 3 4 6 10 7 8 9 12 0 11 13 14 5
253 248 5 1 2 3 4 6 10 7 8 9 12 11 0 13 14 5
255 249 6 1 2 3 4 6 10 7 8 9 12 11 13 0 14 5
255 249 6 1 2 3 4 6 10 0 8 9 12 11 7 13 14 5
256 250 6 1 2 3 4 6 0 10 8 9 12 11 7 13 14 5
254 248 6 1 2 3 4 6 0 7 8 9 12 10 11 13 14 5
252 246 6 1 2 3 4 6 10 7 8 9 0 5 11 13 14 12
255 249 6 1 2 3 4 5 10 7 8 9 12 11 13 14 0 6
255 250 5 1 2 3 4 5 10 7 8 9 12 11 13 14 6 0
257 251 6 1 2 3 4 5 10 7 8 9 0 11 13 14 6 12
239 233 6 1 2 3 4 5 10 7 8 9 6 11 13 14 0 12
239 234 5 1 2 3 4 5 10 7 8 9 6 11 13 14 12 0
241 235 6 1 2 3 4 5 10 7 8 9 0 11 13 14 12 6
233 227 6 1 2 3 4 5 7 10 8 9 6 11 13 0 14 12
242 236 6 1 2 3 4 0 10 7 8 9 5 12 11 13 14 6
243 238 5 1 2 3 4 6 10 7 8 9 5 12 11 13 14 0
246 240 6 1 2 3 4 6 10 7 8 9 5 0 11 13 14 12
246 241 5 1 2 3 4 6 10 7 8 9 5 11 0 13 14 12
248 242 6 1 2 3 4 6 10 7 8 9 5 11 13 0 14 12
248 242 6 1 2 3 4 6 10 0 8 9 5 11 7 13 14 12
249 243 6 1 2 3 4 6 0 10 8 9 5 11 7 13 14 12
247 241 6 1 2 3 4 6 0 7 8 9 5 10 11 13 14 12
221 215 6 1 2 3 4 5 11 7 8 6 9 10 0 13 14 12
238 232 6 1 2 3 4 5 11 10 8 9 6 0 7 13 14 12
239 234 5 1 2 3 4 5 11 10 8 9 6 12 7 13 14 0
241 235 6 1 2 3 4 5 11 10 8 9 0 12 7 13 14 6
239 233 6 1 2 3 4 5 11 10 8 9 6 7 0 13 14 12
241 235 6 1 2 3 4 5 10 7 8 9 6 12 11 13 0 14
232 226 6 1 2 3 4 5 7 8 0 9 6 11 10 13 14 12
228 222 6 1 2 3 4 5 11 7 8 9 6 12 10 13 0 14
232 226 6 1 0 3 4 5 7 2 8 9 6 11 10 13 14 12
255 249 6 1 2 3 4 5 10 7 0 9 12 11 13 8 14 6
227 221 6 1 2 3 4 0 11 7 8 9 5 12 10 13 14 6
228 223 5 1 2 3 4 6 11 7 8 9 5 12 10 13 14 0
231 225 6 1 2 3 4 6 11 7 8 9 5 0 10 13 14 12
231 226 5 1 2 3 4 6 0 7 8 9 5 11 10 13 14 12
233 227 6 1 2 3 4 6 7 0 8 9 5 11 10 13 14 12
234 228 6 1 2 3 4 6 7 10 8 9 5 11 0 13 14 12
234 228 6 1 2 3 4 0 11 7 8 9 5 6 10 13 14 12
235 230 5 1 2 3 4 12 11 7 8 9 5 6 10 13 14 0
234 229 5 1 2 3 4 5 11 7 8 9 0 6 10 13 14 12
234 230 4 1 2 3 4 5 11 7 8 9 12 6 10 13 14 0
237 232 5 1 2 3 4 5 11 7 8 9 12 0 10 13 14 6
237 233 4 1 2 3 4 5 0 7 8 9 12 11 10 13 14 6
239 234 5 1 2 3 4 5 7 0 8 9 12 11 10 13 14 6
240 235 5 1 2 3 4 5 7 10 8 9 12 11 0 13 14 6
238 233 5 1 2 3 4 5 11 7 8 9 12 10 0 13 14 6
240 234 6 1 2 3 4 5 11 7 8 9 12 10 13 0 14 6
240 234 6 1 2 3 4 5 11 0 8 9 12 10 7 13 14 6
241 235 6 1 2 3 4 5 0 11 8 9 12 10 7 13 14 6
242 236 6 1 2 3 4 5 10 11 8 9 12 0 7 13 14 6
243 238 5 1 2 3 4 5 10 11 8 9 12 6 7 13 14 0
245 239 6 1 2 3 4 5 10 11 8 9 0 6 7 13 14 12
243 237 6 1 2 3 4 5 10 11 8 9 12 7 0 13 14 6
242 236 6 1 2 3 4 5 7 10 8 9 12 11 13 0 14 6
223 217 6 1 2 3 4 5 11 7 8 6 0 12 10 13 14 9
254 248 6 1 2 3 4 5 7 0 8 9 12 10 11 13 14 6
255 249 6 1 2 3 4 5 7 11 8 9 12 10 0 13 14 6
256 250 6 1 2 3 4 5 7 11 8 9 12 0 10 13 14 6
257 252 5 1 2 3 4 5 7 11 8 9 12 6 10 13 14 0
259 253 6 1 2 3 4 5 7 11 8 9 0 6 10 13 14 12
257 251 6 1 2 3 4 5 0 11 8 9 12 7 10 13 14 6
255 249 6 1 2 3 4 5 10 8 0 9 12 11 7 13 14 6
241 235 6 1 2 3 4 0 10 7 8 9 6 5 11 13 14 12
229 223 6 1 2 3 4 0 11 7 8 9 6 12 10 13 14 5
232 226 6 1 2 3 4 12 11 7 8 9 6 0 10 13 14 5
233 228 5 1 2 3 4 12 11 7 8 9 6 5 10 13 14 0
232 227 5 1 2 3 4 12 0 7 8 9 6 11 10 13 14 5
234 228 6 1 2 3 4 12 7 0 8 9 6 11 10 13 14 5
235 229 6 1 2 3 4 12 7 10 8 9 6 11 0 13 14 5
235 229 6 1 2 3 4 12 11 7 8 9 0 5 10 13 14 6
233 227 6 1 2 3 4 12 11 7 8 9 6 10 0 13 14 5
231 225 6 0 2 3 4 5 11 7 8 9 6 1 10 13 14 12
233 228 5 12 2 3 4 5 11 7 8 9 6 1 10 13 14 0
236 230 6 12 2 3 4 5 11 7 8 9 6 0 10 13 14 1
236 231 5 12 2 3 4 5 0 7 8 9 6 11 10 13 14 1
238 232 6 12 2 3 4 5 7 0 8 9 6 11 10 13 14 1
239 233 6 12 2 3 4 5 7 10 8 9 6 11 0 13 14 1
237 231 6 12 2 3 4 5 11 7 8 9 6 10 0 13 14 1
235 229 6 12 2 3 4 5 11 7 8 9 0 1 10 13 14 6
232 226 6 11 2 3 4 5 0 7 8 9 6 1 10 13 14 12
233 227 6 11 2 3 4 5 1 7 8 9 6 0 10 13 14 12
234 229 5 0 2 3 4 5 1 7 8 9 6 11 10 13 14 12
236 232 4 12 2 3 4 5 1 7 8 9 6 11 10 13 14 0
238 233 5 12 2 3 4 5 1 7 8 9 0 11 10 13 14 6
234 229 5 11 2 3 4 5 1 7 8 9 6 12 10 13 14 0
238 232 6 0 2 3 4 5 1 7 8 9 6 12 10 13 14 11
238 233 5 1 2 3 4 5 0 7 8 9 6 12 10 13 14 11
239 234 5 1 2 3 4 5 12 7 8 9 6 0 10 13 14 11
239 236 3 1 2 3 4 5 12 7 8 9 6 11 10 13 14 0
241 237 4 1 2 3 4 5 12 7 8 9 0 11 10 13 14 6
243 238 5 1 2 3 4 5 12 7 8 0 9 11 10 13 14 6
243 238 5 1 2 3 4 0 12 7 8 9 5 11 10 13 14 6
244 240 4 1 2 3 4 6 12 7 8 9 5 11 10 13 14 0
246 241 5 1 2 3 4 6 12 7 8 9 0 11 10 13 14 5
244 239 5 1 2 3 4 5 12 7 8 0 6 11 10 13 14 9
245 240 5 1 2 3 4 5 12 7 8 6 0 11 10 13 14 9
245 241 4 1 2 3 4 5 12 7 8 6 9 11 10 13 14 0
244 239 5 0 2 3 4 5 12 7 8 9 6 11 10 13 14 1
243 238 5 1 2 3 4 0 12 7 8 9 6 11 10 13 14 5
240 235 5 1 2 3 4 5 12 7 8 9 6 10 0 13 14 11
242 237 5 1 2 3 4 5 12 7 8 9 6 11 10 13 0 14
244 238 6 1 2 3 4 5 12 7 8 9 6 11 10 0 13 14
245 239 6 1 2 3 4 5 12 7 8 9 6 11 0 10 13 14
240 234 6 0 2 3 4 5 11 7 8 9 12 1 10 13 14 6
242 237 5 6 2 3 4 5 11 7 8 9 12 1 10 13 14 0
245 239 6 6 2 3 4 5 11 7 8 9 12 0 10 13 14 1
245 240 5 6 2 3 4 5 0 7 8 9 12 11 10 13 14 1
247 241 6 6 2 3 4 5 7 0 8 9 12 11 10 13 14 1
248 242 6 6 2 3 4 5 7 10 8 9 12 11 0 13 14 1
237 231 6 1 2 3 4 5 10 8 0 9 6 11 7 13 14 12
242 236 6 1 2 3 4 5 7 10 8 9 12 0 11 13 14 6
243 238 5 1 2 3 4 5 7 10 8 9 12 6 11 13 14 0
245 239 6 1 2 3 4 5 7 10 8 9 0 6 11 13 14 12
236 230 6 1 2 3 4 0 11 7 8 9 12 5 10 13 14 6
237 232 5 1 2 3 4 6 11 7 8 9 12 5 10 13 14 0
240 234 6 1 2 3 4 6 11 7 8 9 12 0 10 13 14 5
240 235 5 1 2 3 4 6 0 7 8 9 12 11 10 13 14 5
242 236 6 1 2 3 4 6 7 0 8 9 12 11 10 13 14 5
243 237 6 1 2 3 4 6 7 10 8 9 12 11 0 13 14 5
240 234 6 1 2 3 4 5 7 0 8 9 6 10 11 13 14 12
241 235 6 1 2 3 4 5 7 11 8 9 6 10 0 13 14 12
242 236 6 1 2 3 4 5 7 11 8 9 6 0 10 13 14 12
243 238 5 1 2 3 4 5 7 11 8 9 6 12 10 13 14 0
245 239 6 1 2 3 4 5 7 11 8 9 0 12 10 13 14 6
232 226 6 1 2 3 4 0 11 7 8 9 6 5 10 13 14 12
243 237 6 1 2 3 4 5 10 7 8 0 6 12 11 13 14 9
244 238 6 1 2 3 4 5 10 7 8 6 0 12 11 13 14 9
244 239 5 1 2 3 4 5 10 7 8 6 9 12 11 13 14 0
247 241 6 1 2 3 4 5 10 7 8 6 9 0 11 13 14 12
247 242 5 1 2 3 4 5 10 7 8 6 9 11 0 13 14 12
249 243 6 1 2 3 4 5 10 7 8 6 9 11 13 0 14 12
232 226 6 1 2 3 4 6 11 7 8 9 5 10 0 13 14 12
241 235 6 1 2 3 4 5 10 0 8 9 6 7 11 13 14 12
242 236 6 1 2 3 4 5 0 10 8 9 6 7 11 13 14 12
246 240 6 1 2 3 4 12 0 7 8 9 6 10 11 13 14 5
232 226 6 1 2 3 4 5 11 0 8 9 6 7 10 13 14 12
230 224 6 1 2 3 4 12 11 7 8 9 5 0 10 13 14 6
230 225 5 1 2 3 4 12 0 7 8 9 5 11 10 13 14 6
232 226 6 1 2 3 4 12 7 0 8 9 5 11 10 13 14 6
233 227 6 1 2 3 4 12 7 10 8 9 5 11 0 13 14 6
256 250 6 1 2 3 4 0 10 7 8 9 12 6 11 13 14 5
257 251 6 1 2 3 4 12 10 7 8 9 0 6 11 13 14 5
257 252 5 1 2 3 4 12 10 7 8 9 5 6 11 13 14 0
249 243 6 1 2 3 4 0 10 7 8 9 5 6 11 13 14 12
219 213 6 1 2 3 4 5 7 10 8 6 9 11 0 13 14 12
234 228 6 11 2 3 4 5 1 7 8 9 6 10 0 13 14 12
257 251 6 0 2 3 4 5 10 7 8 9 12 6 11 13 14 1
259 253 6 6 2 3 4 5 10 7 8 9 12 0 11 13 14 1
260 255 5 6 2 3 4 5 10 7 8 9 12 1 11 13 14 0
259 254 5 6 2 3 4 5 10 7 8 9 12 11 0 13 14 1
261 255 6 6 2 3 4 5 10 7 8 9 12 11 13 0 14 1
261 255 6 6 2 3 4 5 10 0 8 9 12 11 7 13 14 1
262 256 6 6 2 3 4 5 0 10 8 9 12 11 7 13 14 1
262 256 6 6 2 3 4 5 10 7 8 9 0 1 11 13 14 12
257 251 6 1 2 3 4 5 10 7 8 0 12 6 11 13 14 9
258 252 6 1 2 3 4 5 10 7 8 12 0 6 11 13 14 9
258 253 5 1 2 3 4 5 10 7 8 12 9 6 11 13 14 0
261 255 6 1 2 3 4 5 10 7 8 12 9 0 11 13 14 6
261 256 5 1 2 3 4 5 10 7 8 12 9 11 0 13 14 6
263 257 6 1 2 3 4 5 10 7 8 12 9 11 13 0 14 6
263 257 6 1 2 3 4 5 10 0 8 12 9 11 7 13 14 6
264 258 6 1 2 3 4 5 0 10 8 12 9 11 7 13 14 6
262 256 6 1 2 3 4 5 0 7 8 12 9 10 11 13 14 6
245 239 6 1 2 3 0 5 12 7 8 4 9 11 10 13 14 6
245 239 6 1 2 3 4 5 12 7 0 8 9 11 10 13 14 6
245 239 6 1 2 3 4 5 12 7 8 14 9 11 10 13 0 6
245 240 5 1 2 3 4 5 12 7 8 14 9 11 10 13 6 0
249 243 6 1 2 3 4 5 12 7 8 0 9 11 10 13 6 14
249 244 5 1 2 3 4 5 12 7 8 9 0 11 10 13 6 14
249 245 4 1 2 3 4 5 12 7 8 9 14 11 10 13 6 0
251 246 5 1 2 3 4 5 12 7 8 9 14 11 10 13 0 6
253 247 6 1 2 3 4 5 12 7 8 9 14 11 10 0 13 6
254 248 6 1 2 3 4 5 12 7 8 9 14 11 0 10 13 6
253 247 6 1 2 3 4 5 12 7 8 0 14 11 10 13 9 6
254 248 6 1 2 3 4 5 12 7 8 14 0 11 10 13 9 6
254 249 5 1 2 3 4 5 12 7 8 14 6 11 10 13 9 0
247 241 6 1 2 3 4 9 12 7 8 0 5 11 10 13 14 6
248 242 6 1 2 3 4 9 12 7 8 5 0 11 10 13 14 6
248 243 5 1 2 3 4 9 12 7 8 5 6 11 10 13 14 0
251 245 6 1 2 3 4 0 12 7 8 5 6 11 10 13 14 9
252 246 6 1 2 3 4 6 12 7 8 5 0 11 10 13 14 9
252 247 5 1 2 3 4 6 12 7 8 5 9 11 10 13 14 0
249 243 6 1 2 3 4 0 12 7 8 5 9 11 10 13 14 6
240 234 6 12 2 3 4 5 1 7 8 9 6 0 10 13 14 11
241 235 6 12 2 3 4 5 1 7 8 9 6 10 0 13 14 11
241 235 6 12 2 3 4 5 0 7 8 9 6 1 10 13 14 11
249 243 6 1 2 3 4 5 12 7 8 6 9 0 10 13 14 11
250 244 6 1 2 3 4 5 12 7 8 6 9 10 0 13 14 11
250 244 6 1 2 3 4 5 0 7 8 6 9 12 10 13 14 11
250 244 6 0 2 3 4 5 12 7 8 6 9 11 10 13 14 1
251 245 6 12 2 3 4 5 0 7 8 6 9 11 10 13 14 1
247 241 6 5 2 3 4 0 12 7 8 9 6 11 10 13 14 1
248 243 5 5 2 3 4 1 12 7 8 9 6 11 10 13 14 0
250 244 6 5 2 3 4 1 12 7 8 9 0 11 10 13 14 6
251 245 6 5 2 3 4 0 12 7 8 9 1 11 10 13 14 6
252 247 5 5 2 3 4 6 12 7 8 9 1 11 10 13 14 0
252 247 5 0 2 3 4 5 12 7 8 9 1 11 10 13 14 6
254 250 4 6 2 3 4 5 12 7 8 9 1 11 10 13 14 0
256 251 5 6 2 3 4 5 12 7 8 9 0 11 10 13 14 1
253 248 5 12 2 3 4 5 0 7 8 9 1 11 10 13 14 6
255 249 6 12 2 3 4 5 7 0 8 9 1 11 10 13 14 6
256 250 6 12 2 3 4 5 7 10 8 9 1 11 0 13 14 6
255 249 6 12 2 3 4 5 11 7 8 9 1 0 10 13 14 6
256 251 5 12 2 3 4 5 11 7 8 9 1 6 10 13 14 0
260 254 6 0 2 3 4 5 11 7 8 9 1 6 10 13 14 12
262 256 6 6 2 3 4 5 11 7 8 9 1 0 10 13 14 12
263 258 5 6 2 3 4 5 11 7 8 9 1 12 10 13 14 0
262 257 5 6 2 3 4 5 0 7 8 9 1 11 10 13 14 12
264 258 6 6 2 3 4 5 7 0 8 9 1 11 10 13 14 12
265 259 6 6 2 3 4 5 7 10 8 9 1 11 0 13 14 12
265 259 6 6 2 3 4 5 11 7 8 9 0 12 10 13 14 1
238 232 6 1 2 3 4 0 11 7 8 9 12 6 10 13 14 5
255 249 6 1 0 3 4 5 10 2 8 9 12 11 7 13 14 6
243 237 6 1 2 3 4 5 0 10 8 9 12 7 11 13 14 6
230 224 6 0 2 3 4 5 11 7 8 9 6 12 10 13 14 1
231 225 6 11 2 3 4 5 0 7 8 9 6 12 10 13 14 1
241 235 6 1 2 3 4 5 7 8 0 9 12 11 10 13 14 6
241 235 6 1 2 3 4 6 11 7 8 9 12 10 0 13 14 5
234 228 6 1 2 3 4 5 10 11 8 9 6 7 0 13 14 12
248 242 6 1 2 3 4 5 0 7 8 6 9 10 11 13 14 12
233 227 6 1 2 3 4 5 0 11 8 9 6 7 10 13 14 12
256 250 6 1 2 3 4 5 10 7 8 0 9 6 11 13 14 12
237 231 6 1 0 3 4 5 10 2 8 9 6 11 7 13 14 12
233 227 6 1 2 3 4 5 7 10 8 9 6 0 11 13 14 12
234 229 5 1 2 3 4 5 7 10 8 9 6 12 11 13 14 0
236 230 6 1 2 3 4 5 7 10 8 9 0 12 11 13 14 6
224 218 6 1 2 3 4 5 11 7 8 0 6 12 10 13 14 9
254 248 6 0 2 3 4 5 10 7 8 9 12 1 11 13 14 6
255 249 6 10 2 3 4 5 0 7 8 9 12 1 11 13 14 6
256 250 6 10 2 3 4 5 1 7 8 9 12 0 11 13 14 6
257 252 5 10 2 3 4 5 1 7 8 9 12 6 11 13 14 0
256 251 5 10 2 3 4 5 1 7 8 9 12 11 0 13 14 6
258 252 6 10 2 3 4 5 1 7 8 9 12 11 13 0 14 6
258 252 6 10 2 3 4 5 1 0 8 9 12 11 7 13 14 6
259 253 6 10 2 3 4 5 0 1 8 9 12 11 7 13 14 6
240 234 6 12 2 3 4 0 1 7 8 9 6 11 10 13 14 5
242 236 6 0 2 3 4 12 1 7 8 9 6 11 10 13 14 5
244 239 5 5 2 3 4 12 1 7 8 9 6 11 10 13 14 0
246 240 6 5 2 3 4 12 1 7 8 9 0 11 10 13 14 6
247 241 6 5 2 3 4 0 1 7 8 9 12 11 10 13 14 6
248 243 5 5 2 3 4 6 1 7 8 9 12 11 10 13 14 0
248 243 5 0 2 3 4 5 1 7 8 9 12 11 10 13 14 6
250 246 4 6 2 3 4 5 1 7 8 9 12 11 10 13 14 0
252 247 5 6 2 3 4 5 1 7 8 9 0 11 10 13 14 12
254 248 6 6 2 3 4 5 1 7 8 0 9 11 10 13 14 12
254 248 6 6 2 3 4 0 1 7 8 9 5 11 10 13 14 12
255 250 5 6 2 3 4 12 1 7 8 9 5 11 10 13 14 0
259 253 6 0 2 3 4 12 1 7 8 9 5 11 10 13 14 6
257 251 6 6 2 3 4 12 1 7 8 9 0 11 10 13 14 5
244 238 6 1 2 3 4 5 12 7 8 0 6 11 10 13 9 14
245 239 6 1 2 3 4 5 12 7 8 6 0 11 10 13 9 14
245 240 5 1 2 3 4 5 12 7 8 6 14 11 10 13 9 0
247 241 6 1 2 3 4 5 12 7 8 6 14 11 10 13 0 9
242 236 6 0 2 3 4 5 12 7 8 9 6 1 10 13 14 11
244 239 5 11 2 3 4 5 12 7 8 9 6 1 10 13 14 0
246 240 6 11 2 3 4 5 12 7 8 9 0 1 10 13 14 6
249 243 6 1 2 3 4 6 12 7 8 0 5 11 10 13 14 9
247 241 6 1 2 3 4 11 12 7 8 9 5 0 10 13 14 6
248 243 5 1 2 3 4 11 12 7 8 9 5 6 10 13 14 0
251 245 6 1 2 3 4 0 12 7 8 9 5 6 10 13 14 11
251 246 5 1 2 3 4 5 12 7 8 9 0 6 10 13 14 11
251 247 4 1 2 3 4 5 12 7 8 9 11 6 10 13 14 0
254 249 5 1 2 3 4 5 12 7 8 9 11 0 10 13 14 6
255 250 5 1 2 3 4 5 12 7 8 9 11 10 0 13 14 6
255 250 5 1 2 3 4 5 0 7 8 9 11 12 10 13 14 6
257 251 6 1 2 3 4 5 7 0 8 9 11 12 10 13 14 6
258 252 6 1 2 3 4 5 7 10 8 9 11 12 0 13 14 6
258 253 5 1 2 3 4 5 7 10 8 9 11 0 12 13 14 6
259 255 4 1 2 3 4 5 7 10 8 9 11 6 12 13 14 0
261 256 5 1 2 3 4 5 7 10 8 9 0 6 12 13 14 11
261 256 5 1 2 3 4 5 7 0 8 9 11 10 12 13 14 6
261 257 4 1 2 3 4 5 0 7 8 9 11 10 12 13 14 6
262 258 4 1 2 3 4 5 10 7 8 9 11 0 12 13 14 6
263 260 3 1 2 3 4 5 10 7 8 9 11 6 12 13 14 0
265 261 4 1 2 3 4 5 10 7 8 9 0 6 12 13 14 11
267 262 5 1 2 3 4 5 10 7 8 0 9 6 12 13 14 11
267 262 5 1 2 3 4 0 10 7 8 9 5 6 12 13 14 11
268 264 4 1 2 3 4 11 10 7 8 9 5 6 12 13 14 0
271 266 5 1 2 3 4 11 10 7 8 9 5 0 12 13 14 6
273 269 4 1 2 3 4 0 10 7 8 9 5 11 12 13 14 6
274 271 3 1 2 3 4 6 10 7 8 9 5 11 12 13 14 0
273 270 3 1 2 3 4 5 10 7 8 9 0 11 12 13 14 6
273 271 2 1 2 3 4 5 10 7 8 9 6 11 12 13 14 0
278 274 4 1 2 3 4 5 10 7 8 0 6 11 12 13 14 9
279 275 4 1 2 3 4 5 10 7 8 6 0 11 12 13 14 9
279 276 3 1 2 3 4 5 10 7 8 6 9 11 12 13 14 0
278 274 4 0 2 3 4 5 10 7 8 9 6 11 12 13 14 1
279 275 4 10 2 3 4 5 0 7 8 9 6 11 12 13 14 1
277 273 4 1 2 3 4 0 10 7 8 9 6 11 12 13 14 5
277 273 4 1 2 3 4 5 10 7 8 9 6 0 12 13 14 11
278 274 4 1 2 3 4 5 0 7 8 9 6 10 12 13 14 11
276 272 4 1 2 3 4 5 10 7 8 9 6 11 12 13 0 14
275 271 4 1 2 3 4 5 10 7 8 0 9 11 12 13 14 6
276 272 4 1 2 3 4 6 10 7 8 9 0 11 12 13 14 5
278 273 5 1 2 3 4 6 10 7 8 0 9 11 12 13 14 5
277 272 5 1 2 3 4 5 10 7 0 8 9 11 12 13 14 6
277 272 5 1 2 3 4 5 10 7 8 14 9 11 12 13 0 6
277 273 4 1 2 3 4 5 10 7 8 14 9 11 12 13 6 0
281 276 5 1 2 3 4 5 10 7 8 0 9 11 12 13 6 14
281 277 4 1 2 3 4 5 10 7 8 9 0 11 12 13 6 14
281 278 3 1 2 3 4 5 10 7 8 9 14 11 12 13 6 0
283 279 4 1 2 3 4 5 10 7 8 9 14 11 12 13 0 6
285 280 5 1 2 3 4 5 10 7 8 9 14 11 12 0 13 6
285 280 5 1 2 3 4 5 10 7 8 0 14 11 12 13 9 6
286 281 5 1 2 3 4 5 10 7 8 14 0 11 12 13 9 6
286 282 4 1 2 3 4 5 10 7 8 14 6 11 12 13 9 0
286 281 5 1 2 3 4 5 10 7 8 0 14 11 12 13 6 9
287 282 5 1 2 3 4 5 10 7 8 6 14 11 12 13 0 9
287 283 4 1 2 3 4 5 10 7 8 6 14 11 12 13 9 0
289 284 5 1 2 3 4 5 10 7 8 6 0 11 12 13 9 14
286 281 5 0 2 3 4 5 10 7 8 9 14 11 12 13 6 1
287 282 5 10 2 3 4 5 0 7 8 9 14 11 12 13 6 1
277 272 5 1 2 3 4 9 10 7 8 0 5 11 12 13 14 6
278 273 5 1 2 3 4 9 10 7 8 5 0 11 12 13 14 6
278 274 4 1 2 3 4 9 10 7 8 5 6 11 12 13 14 0
281 276 5 1 2 3 4 0 10 7 8 5 6 11 12 13 14 9
282 277 5 1 2 3 4 6 10 7 8 5 0 11 12 13 14 9
282 278 4 1 2 3 4 6 10 7 8 5 9 11 12 13 14 0
279 274 5 1 2 3 4 0 10 7 8 5 9 11 12 13 14 6
264 259 5 1 2 3 4 5 10 7 8 9 11 12 0 13 14 6
280 275 5 1 2 3 0 5 10 7 8 4 6 11 12 13 14 9
283 278 5 1 2 3 4 0 10 7 8 6 9 11 12 13 14 5
284 279 5 1 2 3 4 9 10 7 8 6 0 11 12 13 14 5
284 280 4 1 2 3 4 9 10 7 8 6 5 11 12 13 14 0
281 276 5 10 2 3 4 5 11 7 8 9 6 0 12 13 14 1
282 278 4 10 2 3 4 5 11 7 8 9 6 1 12 13 14 0
286 281 5 0 2 3 4 5 11 7 8 9 6 1 12 13 14 10
287 283 4 1 2 3 4 5 11 7 8 9 6 0 12 13 14 10
288 285 3 1 2 3 4 5 11 7 8 9 6 10 12 13 14 0
287 284 3 1 2 3 4 5 0 7 8 9 6 11 12 13 14 10
289 285 4 1 2 3 4 5 7 0 8 9 6 11 12 13 14 10
290 286 4 1 2 3 4 5 11 7 8 9 0 10 12 13 14 6
292 287 5 1 2 3 4 5 11 7 8 0 9 10 12 13 14 6
281 276 5 5 2 3 4 0 10 7 8 9 6 11 12 13 14 1
282 278 4 5 2 3 4 1 10 7 8 9 6 11 12 13 14 0
284 279 5 5 2 3 4 1 10 7 8 9 0 11 12 13 14 6
285 280 5 5 2 3 4 0 10 7 8 9 1 11 12 13 14 6
286 282 4 5 2 3 4 6 10 7 8 9 1 11 12 13 14 0
286 282 4 0 2 3 4 5 10 7 8 9 1 11 12 13 14 6
288 285 3 6 2 3 4 5 10 7 8 9 1 11 12 13 14 0
290 286 4 6 2 3 4 5 10 7 8 9 0 11 12 13 14 1
287 283 4 10 2 3 4 5 0 7 8 9 1 11 12 13 14 6
289 284 5 10 2 3 4 5 7 0 8 9 1 11 12 13 14 6
289 284 5 10 2 3 4 5 11 7 8 9 1 0 12 13 14 6
290 286 4 10 2 3 4 5 11 7 8 9 1 6 12 13 14 0
294 289 5 0 2 3 4 5 11 7 8 9 1 6 12 13 14 10
296 291 5 6 2 3 4 5 11 7 8 9 1 0 12 13 14 10
297 293 4 6 2 3 4 5 11 7 8 9 1 10 12 13 14 0
296 292 4 6 2 3 4 5 0 7 8 9 1 11 12 13 14 10
298 293 5 6 2 3 4 5 7 0 8 9 1 11 12 13 14 10
299 294 5 6 2 3 4 5 11 7 8 9 0 10 12 13 14 1
295 290 5 11 2 3 4 5 0 7 8 9 1 6 12 13 14 10
295 291 4 11 2 3 4 5 6 7 8 9 1 0 12 13 14 10
296 293 3 0 2 3 4 5 6 7 8 9 1 11 12 13 14 10
298 296 2 10 2 3 4 5 6 7 8 9 1 11 12 13 14 0
300 297 3 10 2 3 4 5 6 7 8 9 0 11 12 13 14 1
296 293 3 11 2 3 4 5 6 7 8 9 1 10 12 13 14 0
300 296 4 0 2 3 4 5 6 7 8 9 1 10 12 13 14 11
298 294 4 11 2 3 4 5 6 7 8 9 0 10 12 13 14 1
302 298 4 10 2 3 4 5 6 7 8 0 9 11 12 13 14 1
302 298 4 10 2 3 4 0 6 7 8 9 5 11 12 13 14 1
303 300 3 10 2 3 4 1 6 7 8 9 5 11 12 13 14 0
307 303 4 0 2 3 4 1 6 7 8 9 5 11 12 13 14 10
308 305 3 1 2 3 4 0 6 7 8 9 5 11 12 13 14 10
309 307 2 1 2 3 4 10 6 7 8 9 5 11 12 13 14 0
308 306 2 1 2 3 4 5 6 7 8 9 0 11 12 13 14 10
307 307 0 1 2 3 4 5 6 7 8 9 10 11 12 13 14 0
