0 0 0 8 6 14 12 4 3 0 1 2 13 9 5 10 11 7
15 1 14 8 6 14 12 4 3 5 1 2 13 9 0 10 11 7
16 2 14 8 6 14 12 4 3 5 1 2 13 9 10 0 11 7
17 3 14 8 6 14 12 4 3 5 1 2 13 9 10 11 0 7
17 4 13 8 6 14 12 4 3 5 1 2 13 9 10 11 7 0
21 7 14 8 6 14 12 4 3 5 1 0 13 9 10 11 7 2
22 8 14 8 6 14 12 4 3 5 1 13 0 9 10 11 7 2
22 9 13 8 6 14 12 4 3 5 1 13 2 9 10 11 7 0
26 12 14 8 6 14 12 4 3 5 1 0 2 9 10 11 7 13
27 13 14 8 6 14 12 4 3 5 0 1 2 9 10 11 7 13
28 14 14 8 6 14 12 4 3 5 11 1 2 9 10 0 7 13
29 15 14 8 6 14 12 4 3 5 11 1 2 9 10 7 0 13
29 16 13 8 6 14 12 4 3 5 11 1 2 9 10 7 13 0
33 19 14 8 6 14 12 4 3 5 11 0 2 9 10 7 13 1
33 20 13 8 6 14 12 4 3 5 0 11 2 9 10 7 13 1
34 21 13 8 6 14 12 4 3 5 7 11 2 9 10 0 13 1
35 22 13 8 6 14 12 4 3 5 7 11 2 9 10 13 0 1
35 23 12 8 6 14 12 4 3 5 7 11 2 9 10 13 1 0
39 26 13 0 6 14 12 4 3 5 7 11 2 9 10 13 1 8
41 28 13 9 6 14 12 4 3 5 7 11 2 0 10 13 1 8
42 30 12 9 6 14 12 4 3 5 7 11 2 8 10 13 1 0
41 29 12 9 6 14 12 4 0 5 7 11 2 3 10 13 1 8
43 30 13 9 6 14 12 4 5 0 7 11 2 3 10 13 1 8
44 31 13 9 6 14 12 4 5 7 0 11 2 3 10 13 1 8
45 32 13 9 6 14 12 4 5 7 11 0 2 3 10 13 1 8
46 33 13 9 6 14 12 4 5 7 11 2 0 3 10 13 1 8
46 34 12 9 6 14 12 4 5 7 11 2 8 3 10 13 1 0
50 37 13 9 6 14 12 4 5 7 11 0 8 3 10 13 1 2
51 38 13 9 6 14 12 4 5 7 11 8 0 3 10 13 1 2
51 39 12 9 6 14 12 4 5 7 11 8 2 3 10 13 1 0
55 42 13 0 6 14 12 4 5 7 11 8 2 3 10 13 1 9
57 44 13 3 6 14 12 4 5 7 11 8 2 0 10 13 1 9
58 46 12 3 6 14 12 4 5 7 11 8 2 9 10 13 1 0
62 49 13 3 6 14 12 4 5 7 11 0 2 9 10 13 1 8
63 50 13 3 6 14 12 4 5 7 11 2 0 9 10 13 1 8
63 51 12 3 6 14 12 4 5 7 11 2 8 9 10 13 1 0
67 54 13 3 6 14 12 4 5 7 11 0 8 9 10 13 1 2
68 55 13 3 6 14 12 4 5 7 0 11 8 9 10 13 1 2
69 56 13 3 6 0 12 4 5 7 14 11 8 9 10 13 1 2
70 57 13 3 6 12 0 4 5 7 14 11 8 9 10 13 1 2
70 58 12 3 6 12 4 0 5 7 14 11 8 9 10 13 1 2
71 60 11 3 6 12 4 2 5 7 14 11 8 9 10 13 1 0
75 63 12 3 6 12 4 2 5 7 14 0 8 9 10 13 1 11
76 64 12 3 6 12 4 2 5 7 14 8 0 9 10 13 1 11
76 65 11 3 6 12 4 2 5 7 14 8 11 9 10 13 1 0
80 68 12 3 6 12 4 2 5 7 14 0 11 9 10 13 1 8
81 69 12 3 6 12 4 2 5 7 0 14 11 9 10 13 1 8
82 70 12 3 6 0 4 2 5 7 12 14 11 9 10 13 1 8
83 71 12 3 0 6 4 2 5 7 12 14 11 9 10 13 1 8
84 72 12 0 3 6 4 2 5 7 12 14 11 9 10 13 1 8
86 75 11 8 3 6 4 2 5 7 12 14 11 9 10 13 1 0
90 78 12 8 3 6 4 2 5 7 12 0 11 9 10 13 1 14
91 79 12 8 3 6 4 2 5 7 12 11 0 9 10 13 1 14
91 80 11 8 3 6 4 2 5 7 12 11 14 9 10 13 1 0
95 83 12 8 3 6 4 2 5 7 12 0 14 9 10 13 1 11
96 84 12 8 3 6 4 2 5 7 0 12 14 9 10 13 1 11
97 85 12 8 3 0 4 2 5 7 6 12 14 9 10 13 1 11
97 86 11 8 0 3 4 2 5 7 6 12 14 9 10 13 1 11
98 87 11 0 8 3 4 2 5 7 6 12 14 9 10 13 1 11
100 90 10 11 8 3 4 2 5 7 6 12 14 9 10 13 1 0
104 93 11 11 8 3 4 2 5 7 6 0 14 9 10 13 1 12
105 94 11 11 8 3 4 2 5 7 6 14 0 9 10 13 1 12
105 95 10 11 8 3 4 2 5 7 6 14 12 9 10 13 1 0
109 98 11 11 8 3 4 2 5 7 6 0 12 9 10 13 1 14
110 99 11 11 8 3 4 2 5 7 0 6 12 9 10 13 1 14
110 99 11 11 8 3 4 2 5 7 6 1 12 9 10 13 0 14
109 100 9 11 8 3 4 2 5 7 6 1 12 9 10 13 14 0
113 103 10 11 8 3 4 2 5 7 6 0 12 9 10 13 14 1
114 104 10 11 8 3 4 2 5 7 6 12 0 9 10 13 14 1
114 105 9 11 8 3 4 2 5 7 6 12 1 9 10 13 14 0
118 108 10 11 8 3 4 2 5 7 6 0 1 9 10 13 14 12
119 109 10 11 8 3 4 2 5 7 0 6 1 9 10 13 14 12
118 108 10 0 8 3 4 2 5 7 6 12 1 9 10 13 14 11
120 110 10 9 8 3 4 2 5 7 6 12 1 0 10 13 14 11
120 112 8 9 8 3 4 2 5 7 6 12 1 11 10 13 14 0
124 115 9 9 8 3 4 2 5 7 6 0 1 11 10 13 14 12
125 116 9 9 8 3 4 2 5 7 6 1 0 11 10 13 14 12
125 117 8 9 8 3 4 2 5 7 6 1 12 11 10 13 14 0
129 120 9 9 8 3 4 2 5 7 6 0 12 11 10 13 14 1
130 121 9 9 8 3 4 2 5 7 0 6 12 11 10 13 14 1
123 114 9 9 8 3 4 0 5 7 6 12 1 11 10 13 14 2
126 117 9 9 8 3 4 12 5 7 6 0 1 11 10 13 14 2
127 118 9 9 8 3 4 12 5 7 6 1 0 11 10 13 14 2
127 119 8 9 8 3 4 12 5 7 6 1 2 11 10 13 14 0
131 122 9 9 8 3 4 12 5 7 6 0 2 11 10 13 14 1
132 123 9 9 8 3 4 12 5 7 6 2 0 11 10 13 14 1
132 124 8 9 8 3 4 12 5 7 6 2 1 11 10 13 14 0
136 127 9 0 8 3 4 12 5 7 6 2 1 11 10 13 14 9
138 129 9 12 8 3 4 0 5 7 6 2 1 11 10 13 14 9
139 131 8 12 8 3 4 9 5 7 6 2 1 11 10 13 14 0
143 134 9 12 8 3 4 9 5 7 6 0 1 11 10 13 14 2
144 135 9 12 8 3 4 9 5 7 6 1 0 11 10 13 14 2
144 136 8 12 8 3 4 9 5 7 6 1 2 11 10 13 14 0
148 139 9 12 8 3 4 9 5 7 6 0 2 11 10 13 14 1
149 140 9 12 8 3 4 9 5 7 0 6 2 11 10 13 14 1
148 139 9 0 8 3 4 9 5 7 6 1 2 11 10 13 14 12
149 140 9 8 0 3 4 9 5 7 6 1 2 11 10 13 14 12
149 140 9 5 8 3 4 9 0 7 6 1 2 11 10 13 14 12
125 116 9 0 8 3 4 9 5 7 6 12 1 11 10 13 14 2
127 119 8 2 8 3 4 9 5 7 6 12 1 11 10 13 14 0
131 122 9 2 8 3 4 9 5 7 6 0 1 11 10 13 14 12
132 123 9 2 8 3 4 9 5 7 6 1 0 11 10 13 14 12
132 124 8 2 8 3 4 9 5 7 6 1 12 11 10 13 14 0
136 127 9 2 8 3 4 9 5 7 6 0 12 11 10 13 14 1
137 128 9 2 8 3 4 9 5 7 0 6 12 11 10 13 14 1
136 127 9 0 8 3 4 9 5 7 6 1 12 11 10 13 14 2
137 128 9 8 0 3 4 9 5 7 6 1 12 11 10 13 14 2
137 128 9 5 8 3 4 9 0 7 6 1 12 11 10 13 14 2
135 126 9 2 8 3 4 0 5 7 6 1 12 11 10 13 14 9
138 129 9 2 8 3 4 1 5 7 6 0 12 11 10 13 14 9
139 130 9 2 8 3 4 1 5 7 6 12 0 11 10 13 14 9
139 131 8 2 8 3 4 1 5 7 6 12 9 11 10 13 14 0
143 134 9 2 8 3 4 1 5 7 6 0 9 11 10 13 14 12
143 135 8 2 8 3 4 1 5 7 6 9 0 11 10 13 14 12
143 136 7 2 8 3 4 1 5 7 6 9 12 11 10 13 14 0
147 139 8 0 8 3 4 1 5 7 6 9 12 11 10 13 14 2
148 141 7 1 8 3 4 0 5 7 6 9 12 11 10 13 14 2
149 143 6 1 8 3 4 2 5 7 6 9 12 11 10 13 14 0
151 144 7 1 8 3 4 2 5 7 6 9 0 11 10 13 14 12
152 145 7 1 8 3 4 0 5 7 6 9 2 11 10 13 14 12
153 147 6 1 8 3 4 12 5 7 6 9 2 11 10 13 14 0
149 142 7 1 8 3 4 12 5 7 6 9 0 11 10 13 14 2
151 143 8 1 8 3 4 12 5 7 6 0 9 11 10 13 14 2
152 144 8 1 8 3 4 12 5 7 0 6 9 11 10 13 14 2
158 150 8 1 8 3 4 12 5 7 6 0 2 11 10 13 14 9
159 151 8 1 8 3 4 12 5 7 6 2 0 11 10 13 14 9
159 152 7 1 8 3 4 12 5 7 6 2 9 11 10 13 14 0
162 154 8 1 8 3 4 0 5 7 6 2 9 11 10 13 14 12
163 155 8 1 8 3 4 9 5 7 6 2 0 11 10 13 14 12
163 156 7 1 8 3 4 9 5 7 6 2 12 11 10 13 14 0
160 152 8 1 8 3 4 0 5 7 6 2 12 11 10 13 14 9
158 150 8 0 8 3 4 12 5 7 6 9 2 11 10 13 14 1
160 152 8 12 8 3 4 0 5 7 6 9 2 11 10 13 14 1
161 154 7 12 8 3 4 1 5 7 6 9 2 11 10 13 14 0
163 155 8 12 8 3 4 1 5 7 6 9 0 11 10 13 14 2
164 156 8 12 8 3 4 0 5 7 6 9 1 11 10 13 14 2
165 158 7 12 8 3 4 2 5 7 6 9 1 11 10 13 14 0
169 161 8 0 8 3 4 2 5 7 6 9 1 11 10 13 14 12
170 162 8 8 0 3 4 2 5 7 6 9 1 11 10 13 14 12
170 162 8 5 8 3 4 2 0 7 6 9 1 11 10 13 14 12
154 146 8 1 8 3 0 4 5 7 6 9 2 11 10 13 14 12
156 148 8 1 8 3 4 12 5 7 6 9 2 11 10 13 0 14
156 148 8 1 8 3 4 11 5 7 6 9 2 0 10 13 14 12
157 150 7 1 8 3 4 11 5 7 6 9 2 12 10 13 14 0
160 152 8 1 8 3 4 0 5 7 6 9 2 12 10 13 14 11
161 153 8 1 8 3 4 2 5 7 6 9 0 12 10 13 14 11
161 154 7 1 8 3 4 2 5 7 6 9 11 12 10 13 14 0
164 156 8 1 8 3 4 0 5 7 6 9 11 12 10 13 14 2
167 159 8 1 8 3 4 12 5 7 6 9 11 0 10 13 14 2
168 161 7 1 8 3 4 12 5 7 6 9 11 2 10 13 14 0
171 163 8 1 8 3 4 0 5 7 6 9 11 2 10 13 14 12
172 164 8 1 8 3 4 11 5 7 6 9 0 2 10 13 14 12
172 165 7 1 8 3 4 11 5 7 6 9 12 2 10 13 14 0
175 167 8 1 8 3 4 0 5 7 6 9 12 2 10 13 14 11
170 162 8 1 8 3 4 12 5 7 6 9 0 2 10 13 14 11
168 160 8 1 8 3 4 12 5 7 6 9 11 10 0 13 14 2
152 144 8 1 8 3 4 2 5 7 6 9 12 11 10 13 0 14
148 140 8 5 8 3 4 1 0 7 6 9 12 11 10 13 14 2
161 153 8 12 8 3 4 2 5 7 6 9 0 11 10 13 14 1
159 151 8 8 0 3 4 12 5 7 6 9 2 11 10 13 14 1
144 136 8 2 8 3 4 0 5 7 6 9 1 11 10 13 14 12
145 138 7 2 8 3 4 12 5 7 6 9 1 11 10 13 14 0
147 139 8 2 8 3 4 12 5 7 6 9 0 11 10 13 14 1
149 141 8 0 8 3 4 12 5 7 6 9 1 11 10 13 14 2
150 142 8 8 0 3 4 12 5 7 6 9 1 11 10 13 14 2
152 144 8 1 8 3 4 9 5 7 6 0 12 11 10 13 14 2
153 145 8 1 8 3 4 9 5 7 6 12 0 11 10 13 14 2
153 146 7 1 8 3 4 9 5 7 6 12 2 11 10 13 14 0
156 148 8 1 8 3 4 0 5 7 6 12 2 11 10 13 14 9
157 149 8 1 8 3 4 2 5 7 6 12 0 11 10 13 14 9
157 150 7 1 8 3 4 2 5 7 6 12 9 11 10 13 14 0
148 140 8 8 0 3 4 1 5 7 6 9 12 11 10 13 14 2
153 145 8 1 8 3 4 2 5 7 6 0 9 11 10 13 14 12
154 146 8 1 8 3 4 2 5 7 0 6 9 11 10 13 14 12
164 156 8 1 8 3 4 2 5 7 6 9 11 0 10 13 14 12
165 157 8 1 8 3 4 2 5 7 6 9 11 10 0 13 14 12
152 144 8 1 8 3 4 11 5 7 6 9 12 0 10 13 14 2
153 145 8 1 8 3 4 11 5 7 6 9 12 10 0 13 14 2
159 151 8 5 8 3 4 12 0 7 6 9 2 11 10 13 14 1
154 146 8 0 8 3 4 2 5 7 6 9 12 11 10 13 14 1
155 147 8 8 0 3 4 2 5 7 6 9 12 11 10 13 14 1
155 147 8 5 8 3 4 2 0 7 6 9 12 11 10 13 14 1
168 160 8 1 8 3 4 12 0 7 6 9 11 5 10 13 14 2
157 149 8 1 8 3 4 11 5 7 6 9 2 10 0 13 14 12
154 146 8 1 8 3 4 2 5 7 6 0 12 11 10 13 14 9
155 147 8 1 8 3 4 2 5 7 0 6 12 11 10 13 14 9
157 149 8 1 8 3 4 12 5 7 6 9 2 0 10 13 14 11
158 150 8 1 8 3 4 12 5 7 6 9 2 10 0 13 14 11
158 150 8 1 8 3 4 12 0 7 6 9 2 5 10 13 14 11
153 145 8 1 8 3 4 9 5 7 0 6 12 11 10 13 14 2
150 142 8 5 8 3 4 12 0 7 6 9 1 11 10 13 14 2
157 149 8 1 8 3 4 11 0 7 6 9 2 5 10 13 14 12
154 146 8 1 8 3 4 0 5 7 6 12 9 11 10 13 14 2
150 142 8 1 8 3 0 4 5 7 6 9 12 11 10 13 14 2
153 145 8 1 8 3 4 2 5 7 6 9 12 0 10 13 14 11
154 146 8 1 8 3 4 2 5 7 6 9 12 10 0 13 14 11
154 146 8 1 8 3 4 2 0 7 6 9 12 5 10 13 14 11
156 148 8 1 8 3 4 9 5 7 6 0 2 11 10 13 14 12
157 149 8 1 8 3 4 9 5 7 0 6 2 11 10 13 14 12
159 151 8 1 8 3 4 12 5 7 0 6 2 11 10 13 14 9
155 147 8 0 8 3 4 1 5 7 6 9 2 11 10 13 14 12
156 148 8 8 0 3 4 1 5 7 6 9 2 11 10 13 14 12
156 148 8 5 8 3 4 1 0 7 6 9 2 11 10 13 14 12
146 138 8 2 8 3 4 0 5 7 6 9 12 11 10 13 14 1
153 145 8 1 8 3 4 11 0 7 6 9 12 5 10 13 14 2
159 151 8 1 8 3 4 11 5 7 6 9 0 12 10 13 14 2
165 157 8 1 8 3 4 2 0 7 6 9 11 5 10 13 14 12
167 158 9 1 8 3 4 2 7 0 6 9 11 5 10 13 14 12
168 159 9 1 8 3 4 2 7 6 0 9 11 5 10 13 14 12
139 130 9 12 8 3 4 1 5 7 6 2 0 11 10 13 14 9
139 131 8 12 8 3 4 1 5 7 6 2 9 11 10 13 14 0
142 133 9 12 8 3 4 0 5 7 6 2 9 11 10 13 14 1
132 123 9 2 8 3 4 9 5 7 0 6 1 11 10 13 14 12
143 134 9 0 8 3 4 1 5 7 6 12 9 11 10 13 14 2
144 135 9 8 0 3 4 1 5 7 6 12 9 11 10 13 14 2
133 124 9 2 8 3 4 0 5 7 6 1 9 11 10 13 14 12
134 126 8 2 8 3 4 12 5 7 6 1 9 11 10 13 14 0
138 129 9 0 8 3 4 12 5 7 6 1 9 11 10 13 14 2
139 130 9 8 0 3 4 12 5 7 6 1 9 11 10 13 14 2
146 137 9 2 8 3 4 1 5 7 6 9 12 11 10 13 0 14
150 141 9 11 8 3 4 1 5 7 6 9 12 0 10 13 14 2
151 143 8 11 8 3 4 1 5 7 6 9 12 2 10 13 14 0
154 145 9 11 8 3 4 0 5 7 6 9 12 2 10 13 14 1
155 146 9 11 8 3 4 12 5 7 6 9 0 2 10 13 14 1
155 147 8 11 8 3 4 12 5 7 6 9 1 2 10 13 14 0
159 150 9 0 8 3 4 12 5 7 6 9 1 2 10 13 14 11
161 152 9 12 8 3 4 0 5 7 6 9 1 2 10 13 14 11
162 154 8 12 8 3 4 11 5 7 6 9 1 2 10 13 14 0
166 157 9 0 8 3 4 11 5 7 6 9 1 2 10 13 14 12
167 158 9 8 0 3 4 11 5 7 6 9 1 2 10 13 14 12
160 151 9 1 8 3 4 12 5 7 6 14 2 11 10 13 0 9
160 152 8 1 8 3 4 12 5 7 6 14 2 11 10 13 9 0
163 154 9 1 8 3 4 0 5 7 6 14 2 11 10 13 9 12
166 157 9 1 8 3 4 14 5 7 6 0 2 11 10 13 9 12
166 158 8 1 8 3 4 14 5 7 6 9 2 11 10 13 0 12
166 159 7 1 8 3 4 14 5 7 6 9 2 11 10 13 12 0
169 161 8 1 8 3 4 0 5 7 6 9 2 11 10 13 12 14
170 162 8 1 8 3 4 2 5 7 6 9 0 11 10 13 12 14
170 163 7 1 8 3 4 2 5 7 6 9 14 11 10 13 12 0
173 165 8 1 8 3 4 0 5 7 6 9 14 11 10 13 12 2
172 164 8 1 8 3 4 2 5 7 6 9 14 11 10 13 0 12
168 160 8 1 8 3 4 14 5 7 6 9 0 11 10 13 12 2
170 161 9 1 8 3 4 14 5 7 6 0 9 11 10 13 12 2
171 162 9 1 8 3 4 14 5 7 0 6 9 11 10 13 12 2
171 162 9 1 8 3 4 14 5 7 6 12 9 11 10 13 0 2
171 163 8 1 8 3 4 14 5 7 6 12 9 11 10 13 2 0
175 166 9 1 8 3 4 14 5 7 6 0 9 11 10 13 2 12
175 167 8 1 8 3 4 14 5 7 6 9 0 11 10 13 2 12
175 168 7 1 8 3 4 14 5 7 6 9 12 11 10 13 2 0
178 170 8 1 8 3 4 0 5 7 6 9 12 11 10 13 2 14
179 171 8 1 8 3 4 12 5 7 6 9 0 11 10 13 2 14
179 172 7 1 8 3 4 12 5 7 6 9 14 11 10 13 2 0
181 173 8 1 8 3 4 12 5 7 6 9 14 11 10 13 0 2
177 169 8 1 8 3 4 14 5 7 6 9 12 11 10 13 0 2
176 168 8 1 8 3 4 0 5 7 6 9 14 11 10 13 2 12
180 171 9 1 8 3 4 9 5 7 6 0 14 11 10 13 2 12
181 172 9 1 8 3 4 9 5 7 6 14 0 11 10 13 2 12
181 173 8 1 8 3 4 9 5 7 6 14 12 11 10 13 2 0
184 175 9 1 8 3 4 0 5 7 6 14 12 11 10 13 2 9
185 176 9 1 8 3 4 12 5 7 6 14 0 11 10 13 2 9
185 177 8 1 8 3 4 12 5 7 6 14 9 11 10 13 2 0
182 173 9 1 8 3 4 0 5 7 6 14 9 11 10 13 2 12
181 172 9 1 8 3 4 9 5 7 0 6 14 11 10 13 2 12
181 172 9 1 8 3 4 9 5 7 6 2 14 11 10 13 0 12
181 173 8 1 8 3 4 9 5 7 6 2 14 11 10 13 12 0
184 175 9 1 8 3 4 0 5 7 6 2 14 11 10 13 12 9
185 176 9 1 8 3 4 14 5 7 6 2 0 11 10 13 12 9
185 177 8 1 8 3 4 14 5 7 6 2 9 11 10 13 12 0
188 179 9 1 8 3 4 0 5 7 6 2 9 11 10 13 12 14
183 174 9 1 8 3 4 9 5 7 6 2 0 11 10 13 12 14
171 162 9 1 8 3 0 4 5 7 6 9 2 11 10 13 12 14
177 168 9 1 8 3 4 9 5 7 6 0 14 11 10 13 12 2
178 169 9 1 8 3 4 9 5 7 6 14 0 11 10 13 12 2
178 170 8 1 8 3 4 9 5 7 6 14 2 11 10 13 12 0
181 172 9 1 8 3 4 0 5 7 6 14 2 11 10 13 12 9
182 173 9 1 8 3 4 2 5 7 6 14 0 11 10 13 12 9
182 174 8 1 8 3 4 2 5 7 6 14 9 11 10 13 12 0
156 147 9 1 8 3 4 11 5 0 6 9 12 7 10 13 14 2
157 148 9 1 8 3 4 11 5 6 0 9 12 7 10 13 14 2
157 148 9 1 8 3 4 11 0 5 6 9 12 7 10 13 14 2
158 149 9 1 8 3 4 11 7 5 6 9 12 0 10 13 14 2
160 152 8 1 8 3 4 0 7 5 6 9 12 11 10 13 14 2
161 154 7 1 8 3 4 2 7 5 6 9 12 11 10 13 14 0
163 155 8 1 8 3 4 2 7 5 6 9 0 11 10 13 14 12
164 156 8 1 8 3 4 0 7 5 6 9 2 11 10 13 14 12
165 158 7 1 8 3 4 12 7 5 6 9 2 11 10 13 14 0
161 153 8 1 8 3 4 12 7 5 6 9 0 11 10 13 14 2
159 151 8 1 8 3 4 11 7 5 6 9 12 2 10 13 14 0
162 153 9 1 8 3 4 0 7 5 6 9 12 2 10 13 14 11
163 154 9 1 8 3 4 12 7 5 6 9 0 2 10 13 14 11
163 155 8 1 8 3 4 12 7 5 6 9 11 2 10 13 14 0
166 157 9 1 8 3 4 0 7 5 6 9 11 2 10 13 14 12
169 160 9 1 8 3 4 2 7 5 6 9 11 0 10 13 14 12
170 162 8 1 8 3 4 2 7 5 6 9 11 12 10 13 14 0
173 164 9 1 8 3 4 0 7 5 6 9 11 12 10 13 14 2
174 165 9 1 8 3 4 11 7 5 6 9 0 12 10 13 14 2
174 166 8 1 8 3 4 11 7 5 6 9 2 12 10 13 14 0
177 168 9 1 8 3 4 0 7 5 6 9 2 12 10 13 14 11
172 163 9 1 8 3 4 2 7 5 6 9 0 12 10 13 14 11
172 163 9 0 8 3 4 1 5 7 6 9 2 11 10 13 12 14
174 166 8 14 8 3 4 1 5 7 6 9 2 11 10 13 12 0
177 168 9 14 8 3 4 0 5 7 6 9 2 11 10 13 12 1
178 169 9 14 8 3 4 2 5 7 6 9 0 11 10 13 12 1
178 170 8 14 8 3 4 2 5 7 6 9 1 11 10 13 12 0
182 173 9 0 8 3 4 2 5 7 6 9 1 11 10 13 12 14
184 175 9 2 8 3 4 0 5 7 6 9 1 11 10 13 12 14
185 177 8 2 8 3 4 14 5 7 6 9 1 11 10 13 12 0
189 180 9 0 8 3 4 14 5 7 6 9 1 11 10 13 12 2
190 181 9 8 0 3 4 14 5 7 6 9 1 11 10 13 12 2
190 181 9 5 8 3 4 14 0 7 6 9 1 11 10 13 12 2
176 167 9 1 8 3 4 14 5 7 0 6 9 11 10 13 2 12
177 168 9 1 8 3 4 11 5 7 6 9 14 0 10 13 12 2
178 170 8 1 8 3 4 11 5 7 6 9 14 2 10 13 12 0
181 172 9 1 8 3 4 0 5 7 6 9 14 2 10 13 12 11
182 173 9 1 8 3 4 14 5 7 6 9 0 2 10 13 12 11
182 174 8 1 8 3 4 14 5 7 6 9 11 2 10 13 12 0
185 176 9 1 8 3 4 0 5 7 6 9 11 2 10 13 12 14
188 179 9 1 8 3 4 2 5 7 6 9 11 0 10 13 12 14
189 181 8 1 8 3 4 2 5 7 6 9 11 14 10 13 12 0
192 183 9 1 8 3 4 0 5 7 6 9 11 14 10 13 12 2
193 184 9 1 8 3 4 11 5 7 6 9 0 14 10 13 12 2
193 185 8 1 8 3 4 11 5 7 6 9 2 14 10 13 12 0
196 187 9 1 8 3 4 0 5 7 6 9 2 14 10 13 12 11
195 186 9 1 8 3 4 11 5 7 6 9 2 14 10 13 0 12
178 169 9 1 8 3 4 9 5 7 6 12 14 11 10 13 0 2
178 170 8 1 8 3 4 9 5 7 6 12 14 11 10 13 2 0
181 172 9 1 8 3 4 0 5 7 6 12 14 11 10 13 2 9
180 171 9 1 8 3 4 9 5 7 6 12 0 11 10 13 2 14
173 164 9 1 8 3 4 14 5 7 6 12 0 11 10 13 2 9
163 154 9 1 8 3 4 12 7 5 6 0 9 11 10 13 14 2
164 155 9 1 8 3 4 12 7 5 0 6 9 11 10 13 14 2
165 156 9 1 8 3 4 12 7 0 5 6 9 11 10 13 14 2
165 157 8 1 8 3 4 12 0 7 5 6 9 11 10 13 14 2
167 158 9 1 8 3 4 12 11 7 5 6 9 0 10 13 14 2
168 160 8 1 8 3 4 12 11 7 5 6 9 2 10 13 14 0
172 163 9 1 8 3 4 12 11 7 5 0 9 2 10 13 14 6
172 164 8 1 8 3 4 12 11 7 5 9 0 2 10 13 14 6
172 165 7 1 8 3 4 12 11 7 5 9 6 2 10 13 14 0
175 167 8 1 8 3 4 0 11 7 5 9 6 2 10 13 14 12
178 170 8 1 8 3 4 2 11 7 5 9 6 0 10 13 14 12
179 172 7 1 8 3 4 2 11 7 5 9 6 12 10 13 14 0
178 171 7 1 8 3 4 2 0 7 5 9 6 11 10 13 14 12
180 172 8 1 8 3 4 2 7 0 5 9 6 11 10 13 14 12
181 173 8 1 8 3 4 2 7 5 0 9 6 11 10 13 14 12
181 173 8 1 0 3 4 2 7 8 5 9 6 11 10 13 14 12
182 174 8 1 8 3 4 0 11 7 5 9 6 12 10 13 14 2
183 175 8 1 8 3 4 6 11 7 5 9 0 12 10 13 14 2
183 176 7 1 8 3 4 6 11 7 5 9 2 12 10 13 14 0
186 178 8 1 8 3 4 0 11 7 5 9 2 12 10 13 14 6
189 181 8 1 8 3 4 12 11 7 5 9 2 0 10 13 14 6
190 183 7 1 8 3 4 12 11 7 5 9 2 6 10 13 14 0
189 182 7 1 8 3 4 12 0 7 5 9 2 11 10 13 14 6
191 183 8 1 8 3 4 12 7 0 5 9 2 11 10 13 14 6
192 184 8 1 8 3 4 12 7 5 0 9 2 11 10 13 14 6
192 184 8 1 8 3 4 12 7 10 5 9 2 11 0 13 14 6
192 184 8 1 0 3 4 12 7 8 5 9 2 11 10 13 14 6
193 185 8 1 8 3 4 0 11 7 5 9 2 6 10 13 14 12
194 186 8 1 8 3 4 2 11 7 5 9 0 6 10 13 14 12
194 187 7 1 8 3 4 2 11 7 5 9 12 6 10 13 14 0
197 189 8 1 8 3 4 0 11 7 5 9 12 6 10 13 14 2
200 192 8 1 8 3 4 6 11 7 5 9 12 0 10 13 14 2
201 194 7 1 8 3 4 6 11 7 5 9 12 2 10 13 14 0
200 193 7 1 8 3 4 6 0 7 5 9 12 11 10 13 14 2
202 194 8 1 8 3 4 6 7 0 5 9 12 11 10 13 14 2
203 195 8 1 8 3 4 6 7 5 0 9 12 11 10 13 14 2
181 173 8 1 8 3 4 2 7 10 5 9 6 11 0 13 14 12
203 195 8 1 8 3 4 6 7 10 5 9 12 11 0 13 14 2
203 195 8 1 0 3 4 6 7 8 5 9 12 11 10 13 14 2
201 193 8 1 8 3 4 6 11 7 5 9 12 10 0 13 14 2
197 189 8 1 8 3 4 2 11 7 5 9 12 0 10 13 14 6
197 190 7 1 8 3 4 2 0 7 5 9 12 11 10 13 14 6
199 191 8 1 8 3 4 2 7 0 5 9 12 11 10 13 14 6
200 192 8 1 8 3 4 2 7 5 0 9 12 11 10 13 14 6
200 192 8 1 8 3 4 2 7 10 5 9 12 11 0 13 14 6
200 192 8 1 0 3 4 2 7 8 5 9 12 11 10 13 14 6
198 190 8 1 8 3 4 2 11 7 5 9 12 10 0 13 14 6
186 178 8 1 8 3 4 6 11 7 5 9 2 0 10 13 14 12
186 179 7 1 8 3 4 6 0 7 5 9 2 11 10 13 14 12
188 180 8 1 8 3 4 6 7 0 5 9 2 11 10 13 14 12
189 181 8 1 8 3 4 6 7 5 0 9 2 11 10 13 14 12
189 181 8 1 8 3 4 6 7 10 5 9 2 11 0 13 14 12
189 181 8 1 0 3 4 6 7 8 5 9 2 11 10 13 14 12
176 168 8 1 8 3 4 6 11 7 5 9 0 2 10 13 14 12
173 165 8 1 8 3 4 0 11 7 5 9 12 2 10 13 14 6
175 167 8 1 8 3 4 12 11 7 5 9 6 0 10 13 14 2
175 168 7 1 8 3 4 12 0 7 5 9 6 11 10 13 14 2
177 169 8 1 8 3 4 12 7 0 5 9 6 11 10 13 14 2
178 170 8 1 8 3 4 12 7 5 0 9 6 11 10 13 14 2
178 170 8 1 8 3 4 12 7 10 5 9 6 11 0 13 14 2
178 170 8 1 0 3 4 12 7 8 5 9 6 11 10 13 14 2
176 168 8 1 8 3 4 12 11 7 5 9 6 10 0 13 14 2
187 179 8 1 8 3 4 6 11 7 5 9 2 10 0 13 14 12
192 184 8 1 8 3 4 12 11 7 5 9 0 6 10 13 14 2
181 173 8 1 8 3 4 2 11 7 5 9 0 12 10 13 14 6
179 171 8 1 8 3 4 2 11 7 5 9 6 10 0 13 14 12
190 182 8 1 8 3 4 12 11 7 5 9 2 10 0 13 14 6
192 183 9 1 8 3 4 12 11 7 5 9 2 10 13 0 14 6
193 184 9 1 8 3 4 12 11 7 0 9 2 10 13 5 14 6
150 141 9 5 8 3 4 1 7 0 6 9 12 11 10 13 14 2
151 142 9 5 8 3 4 1 7 6 0 9 12 11 10 13 14 2
159 150 9 1 8 3 4 11 5 0 6 9 2 10 7 13 14 12
160 151 9 1 8 3 4 11 5 6 0 9 2 10 7 13 14 12
166 157 9 1 8 3 4 2 7 5 6 0 12 11 10 13 14 9
167 158 9 1 8 3 4 2 7 5 6 12 0 11 10 13 14 9
167 159 8 1 8 3 4 2 7 5 6 12 9 11 10 13 14 0
170 161 9 1 8 3 4 0 7 5 6 12 9 11 10 13 14 2
171 162 9 1 8 3 4 9 7 5 6 12 0 11 10 13 14 2
171 163 8 1 8 3 4 9 7 5 6 12 2 11 10 13 14 0
160 151 9 1 8 3 4 12 5 7 6 9 2 10 13 0 14 11
161 152 9 1 8 3 4 12 5 7 0 9 2 10 13 6 14 11
167 158 9 0 8 3 4 1 7 5 6 9 2 11 10 13 14 12
169 161 8 12 8 3 4 1 7 5 6 9 2 11 10 13 14 0
172 163 9 12 8 3 4 0 7 5 6 9 2 11 10 13 14 1
173 164 9 12 8 3 4 2 7 5 6 9 0 11 10 13 14 1
173 165 8 12 8 3 4 2 7 5 6 9 1 11 10 13 14 0
177 168 9 0 8 3 4 2 7 5 6 9 1 11 10 13 14 12
179 170 9 2 8 3 4 0 7 5 6 9 1 11 10 13 14 12
180 172 8 2 8 3 4 12 7 5 6 9 1 11 10 13 14 0
184 175 9 0 8 3 4 12 7 5 6 9 1 11 10 13 14 2
185 176 9 8 0 3 4 12 7 5 6 9 1 11 10 13 14 2
186 177 9 8 5 3 4 12 7 0 6 9 1 11 10 13 14 2
186 178 8 8 5 3 4 12 0 7 6 9 1 11 10 13 14 2
188 179 9 8 5 3 4 12 11 7 6 9 1 0 10 13 14 2
189 181 8 8 5 3 4 12 11 7 6 9 1 2 10 13 14 0
193 184 9 0 5 3 4 12 11 7 6 9 1 2 10 13 14 8
195 186 9 2 5 3 4 12 11 7 6 9 1 0 10 13 14 8
196 188 8 2 5 3 4 12 11 7 6 9 1 8 10 13 14 0
195 187 8 2 5 3 4 12 0 7 6 9 1 11 10 13 14 8
197 188 9 2 5 3 4 12 7 0 6 9 1 11 10 13 14 8
198 189 9 2 5 3 4 12 7 6 0 9 1 11 10 13 14 8
178 169 9 1 8 3 0 4 5 7 6 9 14 11 10 13 2 12
170 161 9 1 8 3 4 2 7 5 6 9 11 10 0 13 14 12
171 162 9 1 8 3 4 2 7 0 6 9 11 10 5 13 14 12
171 163 8 1 8 3 4 2 0 7 6 9 11 10 5 13 14 12
172 164 8 1 8 3 4 2 10 7 6 9 11 0 5 13 14 12
173 166 7 1 8 3 4 2 10 7 6 9 11 12 5 13 14 0
176 168 8 1 8 3 4 0 10 7 6 9 11 12 5 13 14 2
179 171 8 1 8 3 4 12 10 7 6 9 11 0 5 13 14 2
180 173 7 1 8 3 4 12 10 7 6 9 11 2 5 13 14 0
182 174 8 1 8 3 4 12 10 7 6 9 0 2 5 13 14 11
183 175 8 1 8 3 4 0 10 7 6 9 12 2 5 13 14 11
184 177 7 1 8 3 4 11 10 7 6 9 12 2 5 13 14 0
187 179 8 1 8 3 4 11 10 7 6 9 12 0 5 13 14 2
189 182 7 1 8 3 4 0 10 7 6 9 12 11 5 13 14 2
190 184 6 1 8 3 4 2 10 7 6 9 12 11 5 13 14 0
192 185 7 1 8 3 4 2 10 7 6 9 0 11 5 13 14 12
193 186 7 1 8 3 4 0 10 7 6 9 2 11 5 13 14 12
194 188 6 1 8 3 4 12 10 7 6 9 2 11 5 13 14 0
190 183 7 1 8 3 4 12 10 7 6 9 0 11 5 13 14 2
192 184 8 1 8 3 4 12 10 7 6 0 9 11 5 13 14 2
193 185 8 1 8 3 4 12 10 7 0 6 9 11 5 13 14 2
196 188 8 0 8 3 4 1 10 7 6 9 2 11 5 13 14 12
198 191 7 12 8 3 4 1 10 7 6 9 2 11 5 13 14 0
201 193 8 12 8 3 4 0 10 7 6 9 2 11 5 13 14 1
202 194 8 12 8 3 4 2 10 7 6 9 0 11 5 13 14 1
202 195 7 12 8 3 4 2 10 7 6 9 1 11 5 13 14 0
206 198 8 0 8 3 4 2 10 7 6 9 1 11 5 13 14 12
208 200 8 2 8 3 4 0 10 7 6 9 1 11 5 13 14 12
209 202 7 2 8 3 4 12 10 7 6 9 1 11 5 13 14 0
213 205 8 0 8 3 4 12 10 7 6 9 1 11 5 13 14 2
214 206 8 8 0 3 4 12 10 7 6 9 1 11 5 13 14 2
214 206 8 10 8 3 4 12 0 7 6 9 1 11 5 13 14 2
211 203 8 2 8 3 4 12 10 7 6 9 0 11 5 13 14 1
212 204 8 2 8 3 4 0 10 7 6 9 12 11 5 13 14 1
213 206 7 2 8 3 4 1 10 7 6 9 12 11 5 13 14 0
209 201 8 2 8 3 4 1 10 7 6 9 0 11 5 13 14 12
195 187 8 1 8 3 0 4 10 7 6 9 2 11 5 13 14 12
191 183 8 1 8 3 0 4 10 7 6 9 12 11 5 13 14 2
193 185 8 1 8 3 4 9 10 7 6 0 12 11 5 13 14 2
194 186 8 1 8 3 4 9 10 7 6 12 0 11 5 13 14 2
194 187 7 1 8 3 4 9 10 7 6 12 2 11 5 13 14 0
197 189 8 1 8 3 4 0 10 7 6 12 2 11 5 13 14 9
198 190 8 1 8 3 4 2 10 7 6 12 0 11 5 13 14 9
198 191 7 1 8 3 4 2 10 7 6 12 9 11 5 13 14 0
195 187 8 1 8 3 4 0 10 7 6 12 9 11 5 13 14 2
194 186 8 1 8 3 4 9 10 7 0 6 12 11 5 13 14 2
192 184 8 0 8 3 4 1 10 7 6 9 12 11 5 13 14 2
193 185 8 8 0 3 4 1 10 7 6 9 12 11 5 13 14 2
193 185 8 10 8 3 4 1 0 7 6 9 12 11 5 13 14 2
193 185 8 1 8 3 4 2 10 7 6 9 12 11 5 13 0 14
194 186 8 1 8 3 4 2 10 7 6 0 9 11 5 13 14 12
195 187 8 1 8 3 4 2 10 7 0 6 9 11 5 13 14 12
195 187 8 1 8 3 4 2 10 7 6 0 12 11 5 13 14 9
196 188 8 1 8 3 4 2 10 7 0 6 12 11 5 13 14 9
188 180 8 1 8 3 4 11 10 7 6 9 12 5 0 13 14 2
197 189 8 1 8 3 4 9 10 7 6 0 2 11 5 13 14 12
198 190 8 1 8 3 4 9 10 7 6 2 0 11 5 13 14 12
198 191 7 1 8 3 4 9 10 7 6 2 12 11 5 13 14 0
201 193 8 1 8 3 4 0 10 7 6 2 12 11 5 13 14 9
202 194 8 1 8 3 4 12 10 7 6 2 0 11 5 13 14 9
202 195 7 1 8 3 4 12 10 7 6 2 9 11 5 13 14 0
199 191 8 1 8 3 4 0 10 7 6 2 9 11 5 13 14 12
198 190 8 1 8 3 4 9 10 7 0 6 2 11 5 13 14 12
197 189 8 1 8 3 4 11 10 7 6 9 2 0 5 13 14 12
198 191 7 1 8 3 4 11 10 7 6 9 2 12 5 13 14 0
201 193 8 1 8 3 4 0 10 7 6 9 2 12 5 13 14 11
198 190 8 1 8 3 4 11 10 7 6 9 2 5 0 13 14 12
198 190 8 1 8 3 4 11 0 7 6 9 2 10 5 13 14 12
197 189 8 1 8 3 4 12 10 7 6 9 2 11 5 13 0 14
180 172 8 1 8 3 4 12 0 7 6 9 11 10 5 13 14 2
195 187 8 0 8 3 4 2 10 7 6 9 12 11 5 13 14 1
196 188 8 8 0 3 4 2 10 7 6 9 12 11 5 13 14 1
196 188 8 10 8 3 4 2 0 7 6 9 12 11 5 13 14 1
186 178 8 1 8 3 4 2 10 7 6 9 12 0 5 13 14 11
187 179 8 1 8 3 4 2 10 7 6 9 12 5 0 13 14 11
187 179 8 1 8 3 4 2 0 7 6 9 12 10 5 13 14 11
175 167 8 1 8 3 4 0 10 7 6 9 11 2 5 13 14 12
198 190 8 1 8 3 4 12 10 7 6 9 2 0 5 13 14 11
199 191 8 1 8 3 4 12 10 7 6 9 2 5 0 13 14 11
199 191 8 1 8 3 4 12 0 7 6 9 2 10 5 13 14 11
199 191 8 0 8 3 4 12 10 7 6 9 2 11 5 13 14 1
200 192 8 8 0 3 4 12 10 7 6 9 2 11 5 13 14 1
200 192 8 10 8 3 4 12 0 7 6 9 2 11 5 13 14 1
197 189 8 10 8 3 4 1 0 7 6 9 2 11 5 13 14 12
188 180 8 1 8 3 4 11 0 7 6 9 12 10 5 13 14 2
199 191 8 1 8 3 4 12 10 7 6 0 2 11 5 13 14 9
200 192 8 1 8 3 4 12 10 7 0 6 2 11 5 13 14 9
175 167 8 1 8 3 4 2 10 7 6 9 0 12 5 13 14 11
180 172 8 1 8 3 4 12 10 7 6 9 11 5 0 13 14 2
207 199 8 8 0 3 4 2 10 7 6 9 1 11 5 13 14 12
173 165 8 1 8 3 4 2 10 7 6 9 11 5 0 13 14 12
200 192 8 12 8 3 4 1 10 7 6 9 0 11 5 13 14 2
197 189 8 8 0 3 4 1 10 7 6 9 2 11 5 13 14 12
177 169 8 1 8 3 4 11 10 7 6 9 0 12 5 13 14 2
176 168 8 1 8 3 4 11 10 7 6 9 0 2 5 13 14 12
201 193 8 12 8 3 4 0 10 7 6 9 1 11 5 13 14 2
207 199 8 10 8 3 4 2 0 7 6 9 1 11 5 13 14 12
209 200 9 10 8 3 4 2 7 0 6 9 1 11 5 13 14 12
210 201 9 10 8 3 4 2 7 6 0 9 1 11 5 13 14 12
179 170 9 1 8 3 4 11 10 7 6 0 9 12 5 13 14 2
180 171 9 1 8 3 4 11 10 7 0 6 9 12 5 13 14 2
210 201 9 10 8 3 4 2 7 5 6 9 1 11 0 13 14 12
210 201 9 10 0 3 4 2 7 8 6 9 1 11 5 13 14 12
211 202 9 0 10 3 4 2 7 8 6 9 1 11 5 13 14 12
213 205 8 12 10 3 4 2 7 8 6 9 1 11 5 13 14 0
216 207 9 12 10 3 4 0 7 8 6 9 1 11 5 13 14 2
218 209 9 0 10 3 4 12 7 8 6 9 1 11 5 13 14 2
220 212 8 2 10 3 4 12 7 8 6 9 1 11 5 13 14 0
222 213 9 2 10 3 4 12 7 8 6 9 0 11 5 13 14 1
223 214 9 2 10 3 4 0 7 8 6 9 12 11 5 13 14 1
224 216 8 2 10 3 4 1 7 8 6 9 12 11 5 13 14 0
228 219 9 0 10 3 4 1 7 8 6 9 12 11 5 13 14 2
229 221 8 1 10 3 4 0 7 8 6 9 12 11 5 13 14 2
230 223 7 1 10 3 4 2 7 8 6 9 12 11 5 13 14 0
232 224 8 1 10 3 4 2 7 8 6 9 0 11 5 13 14 12
233 225 8 1 10 3 4 0 7 8 6 9 2 11 5 13 14 12
234 227 7 1 10 3 4 12 7 8 6 9 2 11 5 13 14 0
230 222 8 1 10 3 4 12 7 8 6 9 0 11 5 13 14 2
232 223 9 1 10 3 4 12 7 8 6 0 9 11 5 13 14 2
233 224 9 1 10 3 4 12 7 8 0 6 9 11 5 13 14 2
233 225 8 1 10 3 4 12 7 0 8 6 9 11 5 13 14 2
233 226 7 1 10 3 4 12 0 7 8 6 9 11 5 13 14 2
235 227 8 1 10 3 4 12 11 7 8 6 9 0 5 13 14 2
236 229 7 1 10 3 4 12 11 7 8 6 9 2 5 13 14 0
240 232 8 1 10 3 4 12 11 7 8 0 9 2 5 13 14 6
240 233 7 1 10 3 4 12 11 7 8 9 0 2 5 13 14 6
240 234 6 1 10 3 4 12 11 7 8 9 6 2 5 13 14 0
243 236 7 1 10 3 4 0 11 7 8 9 6 2 5 13 14 12
246 239 7 1 10 3 4 2 11 7 8 9 6 0 5 13 14 12
247 241 6 1 10 3 4 2 11 7 8 9 6 12 5 13 14 0
246 240 6 1 10 3 4 2 0 7 8 9 6 11 5 13 14 12
248 241 7 1 10 3 4 2 7 0 8 9 6 11 5 13 14 12
249 242 7 1 10 3 4 2 7 5 8 9 6 11 0 13 14 12
249 242 7 1 0 3 4 2 7 10 8 9 6 11 5 13 14 12
250 243 7 1 10 3 4 0 11 7 8 9 6 12 5 13 14 2
251 244 7 1 10 3 4 6 11 7 8 9 0 12 5 13 14 2
251 245 6 1 10 3 4 6 11 7 8 9 2 12 5 13 14 0
254 247 7 1 10 3 4 0 11 7 8 9 2 12 5 13 14 6
257 250 7 1 10 3 4 12 11 7 8 9 2 0 5 13 14 6
258 252 6 1 10 3 4 12 11 7 8 9 2 6 5 13 14 0
257 251 6 1 10 3 4 12 0 7 8 9 2 11 5 13 14 6
259 252 7 1 10 3 4 12 7 0 8 9 2 11 5 13 14 6
260 253 7 1 10 3 4 12 7 5 8 9 2 11 0 13 14 6
260 253 7 1 0 3 4 12 7 10 8 9 2 11 5 13 14 6
261 254 7 1 10 3 4 0 11 7 8 9 2 6 5 13 14 12
262 255 7 1 10 3 4 2 11 7 8 9 0 6 5 13 14 12
262 256 6 1 10 3 4 2 11 7 8 9 12 6 5 13 14 0
265 258 7 1 10 3 4 0 11 7 8 9 12 6 5 13 14 2
268 261 7 1 10 3 4 6 11 7 8 9 12 0 5 13 14 2
269 263 6 1 10 3 4 6 11 7 8 9 12 2 5 13 14 0
268 262 6 1 10 3 4 6 0 7 8 9 12 11 5 13 14 2
270 263 7 1 10 3 4 6 7 0 8 9 12 11 5 13 14 2
271 264 7 1 10 3 4 6 7 5 8 9 12 11 0 13 14 2
271 264 7 1 0 3 4 6 7 10 8 9 12 11 5 13 14 2
269 262 7 1 10 3 4 6 11 7 8 9 12 5 0 13 14 2
265 258 7 1 10 3 4 2 11 7 8 9 12 0 5 13 14 6
265 259 6 1 10 3 4 2 0 7 8 9 12 11 5 13 14 6
267 260 7 1 10 3 4 2 7 0 8 9 12 11 5 13 14 6
268 261 7 1 10 3 4 2 7 5 8 9 12 11 0 13 14 6
268 261 7 1 0 3 4 2 7 10 8 9 12 11 5 13 14 6
266 259 7 1 10 3 4 2 11 7 8 9 12 5 0 13 14 6
260 253 7 1 10 3 4 12 11 7 8 9 0 6 5 13 14 2
241 234 7 1 10 3 4 0 11 7 8 9 12 2 5 13 14 6
247 240 7 1 10 3 4 2 11 7 8 9 6 5 0 13 14 12
258 251 7 1 10 3 4 12 11 7 8 9 2 5 0 13 14 6
254 247 7 1 10 3 4 6 11 7 8 9 2 0 5 13 14 12
254 248 6 1 10 3 4 6 0 7 8 9 2 11 5 13 14 12
256 249 7 1 10 3 4 6 7 0 8 9 2 11 5 13 14 12
257 250 7 1 10 3 4 6 7 5 8 9 2 11 0 13 14 12
257 250 7 1 0 3 4 6 7 10 8 9 2 11 5 13 14 12
255 248 7 1 10 3 4 6 11 7 8 9 2 5 0 13 14 12
249 242 7 1 10 3 4 2 11 7 8 9 0 12 5 13 14 6
244 237 7 1 10 3 4 6 11 7 8 9 0 2 5 13 14 12
243 236 7 1 10 3 4 12 11 7 8 9 6 0 5 13 14 2
243 237 6 1 10 3 4 12 0 7 8 9 6 11 5 13 14 2
245 238 7 1 10 3 4 12 7 0 8 9 6 11 5 13 14 2
246 239 7 1 10 3 4 12 7 5 8 9 6 11 0 13 14 2
246 239 7 1 0 3 4 12 7 10 8 9 6 11 5 13 14 2
244 237 7 1 10 3 4 12 11 7 8 9 6 5 0 13 14 2
246 238 8 1 10 3 4 12 11 7 8 9 6 5 13 0 14 2
246 238 8 1 10 3 4 12 11 0 8 9 6 5 7 13 14 2
247 239 8 1 10 3 4 12 0 11 8 9 6 5 7 13 14 2
248 240 8 1 10 3 4 12 5 11 8 9 6 0 7 13 14 2
250 243 7 1 10 3 4 12 5 0 8 9 6 11 7 13 14 2
250 244 6 1 10 3 4 12 5 7 8 9 6 11 0 13 14 2
252 245 7 1 10 3 4 12 5 7 8 9 6 11 13 0 14 2
252 245 7 1 10 3 4 12 5 7 8 9 6 0 11 13 14 2
253 247 6 1 10 3 4 12 5 7 8 9 6 2 11 13 14 0
256 249 7 1 10 3 4 0 5 7 8 9 6 2 11 13 14 12
259 252 7 1 10 3 4 2 5 7 8 9 6 0 11 13 14 12
260 254 6 1 10 3 4 2 5 7 8 9 6 12 11 13 14 0
259 253 6 1 10 3 4 2 5 7 8 9 6 11 0 13 14 12
261 254 7 1 10 3 4 2 5 7 8 9 6 11 13 0 14 12
261 254 7 1 10 3 4 2 5 0 8 9 6 11 7 13 14 12
262 255 7 1 10 3 4 2 0 5 8 9 6 11 7 13 14 12
262 255 7 1 0 3 4 2 5 10 8 9 6 11 7 13 14 12
262 255 7 1 10 3 4 2 5 7 8 9 0 12 11 13 14 6
263 256 7 1 10 3 4 0 5 7 8 9 2 12 11 13 14 6
264 258 6 1 10 3 4 6 5 7 8 9 2 12 11 13 14 0
267 260 7 1 10 3 4 6 5 7 8 9 2 0 11 13 14 12
267 261 6 1 10 3 4 6 5 7 8 9 2 11 0 13 14 12
269 262 7 1 10 3 4 6 5 7 8 9 2 11 13 0 14 12
269 262 7 1 10 3 4 6 5 0 8 9 2 11 7 13 14 12
270 263 7 1 10 3 4 6 0 5 8 9 2 11 7 13 14 12
270 263 7 1 0 3 4 6 5 10 8 9 2 11 7 13 14 12
270 263 7 1 10 3 4 0 5 7 8 9 2 6 11 13 14 12
271 265 6 1 10 3 4 12 5 7 8 9 2 6 11 13 14 0
273 266 7 1 10 3 4 12 5 7 8 9 0 6 11 13 14 2
274 267 7 1 10 3 4 0 5 7 8 9 12 6 11 13 14 2
275 269 6 1 10 3 4 2 5 7 8 9 12 6 11 13 14 0
278 271 7 1 10 3 4 2 5 7 8 9 12 0 11 13 14 6
278 272 6 1 10 3 4 2 5 7 8 9 12 11 0 13 14 6
280 273 7 1 10 3 4 2 5 7 8 9 12 11 13 0 14 6
280 273 7 1 10 3 4 2 5 0 8 9 12 11 7 13 14 6
281 274 7 1 10 3 4 2 0 5 8 9 12 11 7 13 14 6
281 274 7 1 0 3 4 2 5 10 8 9 12 11 7 13 14 6
281 274 7 1 10 3 4 0 5 7 8 9 12 2 11 13 14 6
282 276 6 1 10 3 4 6 5 7 8 9 12 2 11 13 14 0
279 272 7 1 10 3 4 2 0 7 8 9 12 5 11 13 14 6
257 250 7 1 10 3 4 6 5 7 8 9 0 2 11 13 14 12
249 242 7 1 10 3 4 12 5 11 8 9 6 2 7 13 14 0
251 244 7 1 0 3 4 12 5 10 8 9 6 11 7 13 14 2
266 259 7 1 10 3 4 6 5 7 8 9 0 12 11 13 14 2
251 244 7 1 10 3 4 12 0 5 8 9 6 11 7 13 14 2
255 248 7 1 10 3 4 0 5 7 8 9 6 12 11 13 14 2
260 253 7 1 10 3 4 2 0 7 8 9 6 5 11 13 14 12
266 259 7 1 10 3 4 12 5 7 8 9 2 0 11 13 14 6
266 260 6 1 10 3 4 12 5 7 8 9 2 11 0 13 14 6
268 261 7 1 10 3 4 12 5 7 8 9 2 11 13 0 14 6
268 261 7 1 10 3 4 12 5 0 8 9 2 11 7 13 14 6
269 262 7 1 10 3 4 12 0 5 8 9 2 11 7 13 14 6
269 262 7 1 0 3 4 12 5 10 8 9 2 11 7 13 14 6
267 260 7 1 10 3 4 12 0 7 8 9 2 5 11 13 14 6
253 246 7 1 10 3 4 12 0 7 8 9 6 5 11 13 14 2
255 248 7 1 10 3 4 12 5 7 8 9 0 2 11 13 14 6
271 264 7 1 10 3 4 2 5 7 8 9 0 6 11 13 14 12
268 261 7 1 10 3 4 6 0 7 8 9 2 5 11 13 14 12
277 270 7 1 10 3 4 6 5 7 8 9 12 0 11 13 14 2
277 271 6 1 10 3 4 6 5 7 8 9 12 11 0 13 14 2
279 272 7 1 10 3 4 6 5 7 8 9 12 11 13 0 14 2
279 272 7 1 10 3 4 6 5 0 8 9 12 11 7 13 14 2
280 273 7 1 10 3 4 6 0 5 8 9 12 11 7 13 14 2
280 273 7 1 0 3 4 6 5 10 8 9 12 11 7 13 14 2
278 271 7 1 10 3 4 6 0 7 8 9 12 5 11 13 14 2
280 272 8 1 10 3 4 6 7 0 8 9 12 5 11 13 14 2
281 273 8 1 10 3 4 6 7 11 8 9 12 5 0 13 14 2
282 274 8 1 10 3 4 6 7 11 8 9 12 0 5 13 14 2
283 276 7 1 10 3 4 6 7 11 8 9 12 2 5 13 14 0
286 278 8 1 10 3 4 0 7 11 8 9 12 2 5 13 14 6
289 281 8 1 10 3 4 2 7 11 8 9 12 0 5 13 14 6
290 283 7 1 10 3 4 2 7 11 8 9 12 6 5 13 14 0
292 284 8 1 10 3 4 2 7 11 8 9 0 6 5 13 14 12
293 285 8 1 10 3 4 0 7 11 8 9 2 6 5 13 14 12
294 287 7 1 10 3 4 12 7 11 8 9 2 6 5 13 14 0
297 289 8 1 10 3 4 12 7 11 8 9 2 0 5 13 14 6
300 292 8 1 10 3 4 0 7 11 8 9 2 12 5 13 14 6
301 294 7 1 10 3 4 6 7 11 8 9 2 12 5 13 14 0
303 295 8 1 10 3 4 6 7 11 8 9 0 12 5 13 14 2
304 296 8 1 10 3 4 0 7 11 8 9 6 12 5 13 14 2
305 298 7 1 10 3 4 2 7 11 8 9 6 12 5 13 14 0
308 300 8 1 10 3 4 2 7 11 8 9 6 0 5 13 14 12
311 303 8 1 10 3 4 0 7 11 8 9 6 2 5 13 14 12
312 305 7 1 10 3 4 12 7 11 8 9 6 2 5 13 14 0
309 301 8 1 10 3 4 2 7 11 8 9 6 5 0 13 14 12
256 248 8 0 10 3 4 6 11 7 8 9 2 12 5 13 14 1
258 250 8 12 10 3 4 6 11 7 8 9 2 0 5 13 14 1
259 252 7 12 10 3 4 6 11 7 8 9 2 1 5 13 14 0
258 251 7 12 10 3 4 6 0 7 8 9 2 11 5 13 14 1
260 252 8 12 10 3 4 6 7 0 8 9 2 11 5 13 14 1
261 253 8 12 10 3 4 6 7 5 8 9 2 11 0 13 14 1
261 253 8 12 0 3 4 6 7 10 8 9 2 11 5 13 14 1
262 254 8 0 12 3 4 6 7 10 8 9 2 11 5 13 14 1
263 257 6 1 12 3 4 6 7 10 8 9 2 11 5 13 14 0
266 259 7 1 12 3 4 0 7 10 8 9 2 11 5 13 14 6
267 260 7 1 12 3 4 2 7 10 8 9 0 11 5 13 14 6
267 261 6 1 12 3 4 2 7 10 8 9 6 11 5 13 14 0
270 263 7 1 12 3 4 0 7 10 8 9 6 11 5 13 14 2
265 258 7 1 12 3 4 6 7 10 8 9 0 11 5 13 14 2
267 259 8 1 12 3 4 6 7 10 8 0 9 11 5 13 14 2
270 262 8 1 12 3 4 2 7 10 8 9 6 11 5 13 0 14
274 266 8 1 12 3 4 9 7 10 8 0 6 11 5 13 14 2
275 267 8 1 12 3 4 9 7 10 8 6 0 11 5 13 14 2
275 268 7 1 12 3 4 9 7 10 8 6 2 11 5 13 14 0
278 270 8 1 12 3 4 0 7 10 8 6 2 11 5 13 14 9
279 271 8 1 12 3 4 2 7 10 8 6 0 11 5 13 14 9
279 272 7 1 12 3 4 2 7 10 8 6 9 11 5 13 14 0
276 268 8 1 12 3 4 0 7 10 8 6 9 11 5 13 14 2
271 263 8 0 10 3 4 6 11 7 8 9 12 1 5 13 14 2
273 266 7 2 10 3 4 6 11 7 8 9 12 1 5 13 14 0
276 268 8 2 10 3 4 0 11 7 8 9 12 1 5 13 14 6
279 271 8 2 10 3 4 1 11 7 8 9 12 0 5 13 14 6
280 273 7 2 10 3 4 1 11 7 8 9 12 6 5 13 14 0
279 272 7 2 10 3 4 1 0 7 8 9 12 11 5 13 14 6
281 273 8 2 10 3 4 1 7 0 8 9 12 11 5 13 14 6
282 274 8 2 10 3 4 1 7 5 8 9 12 11 0 13 14 6
282 274 8 2 0 3 4 1 7 10 8 9 12 11 5 13 14 6
282 275 7 0 2 3 4 1 7 10 8 9 12 11 5 13 14 6
284 278 6 6 2 3 4 1 7 10 8 9 12 11 5 13 14 0
283 277 6 1 2 3 4 0 7 10 8 9 12 11 5 13 14 6
284 279 5 1 2 3 4 6 7 10 8 9 12 11 5 13 14 0
286 280 6 1 2 3 4 6 7 10 8 9 0 11 5 13 14 12
287 281 6 1 2 3 4 0 7 10 8 9 6 11 5 13 14 12
288 283 5 1 2 3 4 12 7 10 8 9 6 11 5 13 14 0
284 278 6 1 2 3 4 12 7 10 8 9 0 11 5 13 14 6
286 279 7 1 2 3 4 12 7 10 8 0 9 11 5 13 14 6
288 281 7 1 2 3 4 6 7 10 8 0 9 11 5 13 14 12
287 280 7 1 2 3 4 9 7 10 8 0 12 11 5 13 14 6
288 281 7 1 2 3 4 9 7 10 8 12 0 11 5 13 14 6
288 282 6 1 2 3 4 9 7 10 8 12 6 11 5 13 14 0
291 284 7 1 2 3 4 0 7 10 8 12 6 11 5 13 14 9
292 285 7 1 2 3 4 6 7 10 8 12 0 11 5 13 14 9
292 286 6 1 2 3 4 6 7 10 8 12 9 11 5 13 14 0
283 276 7 7 2 3 4 1 0 10 8 9 12 11 5 13 14 6
284 277 7 7 2 3 4 1 10 0 8 9 12 11 5 13 14 6
285 278 7 7 2 3 4 1 10 5 8 9 12 11 0 13 14 6
285 278 7 10 2 3 4 1 7 0 8 9 12 11 5 13 14 6
285 279 6 10 2 3 4 1 0 7 8 9 12 11 5 13 14 6
287 280 7 10 2 3 4 1 11 7 8 9 12 0 5 13 14 6
288 282 6 10 2 3 4 1 11 7 8 9 12 6 5 13 14 0
292 285 7 0 2 3 4 1 11 7 8 9 12 6 5 13 14 10
293 287 6 1 2 3 4 0 11 7 8 9 12 6 5 13 14 10
294 289 5 1 2 3 4 10 11 7 8 9 12 6 5 13 14 0
297 291 6 1 2 3 4 10 11 7 8 9 12 0 5 13 14 6
297 292 5 1 2 3 4 10 0 7 8 9 12 11 5 13 14 6
299 293 6 1 2 3 4 10 7 0 8 9 12 11 5 13 14 6
300 294 6 1 2 3 4 10 7 5 8 9 12 11 0 13 14 6
300 294 6 1 2 3 4 0 11 7 8 9 12 10 5 13 14 6
301 296 5 1 2 3 4 6 11 7 8 9 12 10 5 13 14 0
303 297 6 1 2 3 4 6 11 7 8 9 0 10 5 13 14 12
304 298 6 1 2 3 4 0 11 7 8 9 6 10 5 13 14 12
305 300 5 1 2 3 4 12 11 7 8 9 6 10 5 13 14 0
308 302 6 1 2 3 4 12 11 7 8 9 6 0 5 13 14 10
308 303 5 1 2 3 4 12 0 7 8 9 6 11 5 13 14 10
310 304 6 1 2 3 4 12 7 0 8 9 6 11 5 13 14 10
311 305 6 1 2 3 4 12 7 5 8 9 6 11 0 13 14 10
311 305 6 1 2 3 4 0 11 7 8 9 6 12 5 13 14 10
312 307 5 1 2 3 4 10 11 7 8 9 6 12 5 13 14 0
314 308 6 1 2 3 4 10 11 7 8 9 0 12 5 13 14 6
314 309 5 1 2 3 4 0 11 7 8 9 10 12 5 13 14 6
315 311 4 1 2 3 4 6 11 7 8 9 10 12 5 13 14 0
318 313 5 1 2 3 4 6 11 7 8 9 10 0 5 13 14 12
318 314 4 1 2 3 4 6 0 7 8 9 10 11 5 13 14 12
320 315 5 1 2 3 4 6 7 0 8 9 10 11 5 13 14 12
321 316 5 1 2 3 4 6 7 5 8 9 10 11 0 13 14 12
321 316 5 1 2 3 4 0 11 7 8 9 10 6 5 13 14 12
322 318 4 1 2 3 4 12 11 7 8 9 10 6 5 13 14 0
319 314 5 1 2 3 4 6 11 7 8 9 10 5 0 13 14 12
317 312 5 1 2 3 4 12 11 7 8 9 10 0 5 13 14 6
317 313 4 1 2 3 4 12 0 7 8 9 10 11 5 13 14 6
319 314 5 1 2 3 4 12 7 0 8 9 10 11 5 13 14 6
320 315 5 1 2 3 4 12 7 5 8 9 10 11 0 13 14 6
318 313 5 1 2 3 4 12 11 7 8 9 10 5 0 13 14 6
320 314 6 1 2 3 4 12 11 7 8 9 10 5 13 0 14 6
321 315 6 1 2 3 4 6 11 7 8 9 10 5 13 0 14 12
320 314 6 1 2 3 4 12 11 0 8 9 10 5 7 13 14 6
321 315 6 1 2 3 4 12 0 11 8 9 10 5 7 13 14 6
322 316 6 1 2 3 4 12 5 11 8 9 10 0 7 13 14 6
324 319 5 1 2 3 4 12 5 0 8 9 10 11 7 13 14 6
324 320 4 1 2 3 4 12 5 7 8 9 10 11 0 13 14 6
326 321 5 1 2 3 4 12 5 7 8 9 10 11 13 0 14 6
326 321 5 1 2 3 4 12 5 7 8 9 10 0 11 13 14 6
327 323 4 1 2 3 4 12 5 7 8 9 10 6 11 13 14 0
330 325 5 1 2 3 4 0 5 7 8 9 10 6 11 13 14 12
333 328 5 1 2 3 4 6 5 7 8 9 10 0 11 13 14 12
334 330 4 1 2 3 4 6 5 7 8 9 10 12 11 13 14 0
333 329 4 1 2 3 4 6 5 7 8 9 10 11 0 13 14 12
335 330 5 1 2 3 4 6 5 7 8 9 10 11 13 0 14 12
335 330 5 1 2 3 4 6 5 0 8 9 10 11 7 13 14 12
336 331 5 1 2 3 4 6 0 5 8 9 10 11 7 13 14 12
334 329 5 1 2 3 4 6 0 7 8 9 10 5 11 13 14 12
329 324 5 1 2 3 4 0 5 7 8 9 10 12 11 13 14 6
327 322 5 1 2 3 4 12 0 7 8 9 10 5 11 13 14 6
325 320 5 1 2 3 4 12 0 5 8 9 10 11 7 13 14 6
323 318 5 1 2 3 4 12 5 11 8 9 10 6 7 13 14 0
326 320 6 1 2 3 4 0 5 11 8 9 10 6 7 13 14 12
329 323 6 1 2 3 4 6 5 11 8 9 10 0 7 13 14 12
330 325 5 1 2 3 4 6 5 11 8 9 10 12 7 13 14 0
330 324 6 1 2 3 4 6 5 11 8 9 10 7 0 13 14 12
330 324 6 1 2 3 4 6 0 11 8 9 10 5 7 13 14 12
312 306 6 1 2 3 4 6 11 7 8 9 0 12 5 13 14 10
321 315 6 0 2 3 4 6 11 7 8 9 10 1 5 13 14 12
323 318 5 12 2 3 4 6 11 7 8 9 10 1 5 13 14 0
326 320 6 12 2 3 4 0 11 7 8 9 10 1 5 13 14 6
329 323 6 12 2 3 4 1 11 7 8 9 10 0 5 13 14 6
330 325 5 12 2 3 4 1 11 7 8 9 10 6 5 13 14 0
329 324 5 12 2 3 4 1 0 7 8 9 10 11 5 13 14 6
331 325 6 12 2 3 4 1 7 0 8 9 10 11 5 13 14 6
332 326 6 12 2 3 4 1 7 5 8 9 10 11 0 13 14 6
333 327 6 12 2 3 4 0 11 7 8 9 10 6 5 13 14 1
330 324 6 12 2 3 4 1 11 7 8 9 10 5 0 13 14 6
324 318 6 0 2 3 4 1 11 7 8 9 10 6 5 13 14 12
326 320 6 6 2 3 4 1 11 7 8 9 10 0 5 13 14 12
327 322 5 6 2 3 4 1 11 7 8 9 10 12 5 13 14 0
326 321 5 6 2 3 4 1 0 7 8 9 10 11 5 13 14 12
328 322 6 6 2 3 4 1 7 0 8 9 10 11 5 13 14 12
329 323 6 6 2 3 4 1 7 5 8 9 10 11 0 13 14 12
330 324 6 6 2 3 4 0 11 7 8 9 10 12 5 13 14 1
333 327 6 6 2 3 4 12 11 7 8 9 10 0 5 13 14 1
334 329 5 6 2 3 4 12 11 7 8 9 10 1 5 13 14 0
333 328 5 6 2 3 4 12 0 7 8 9 10 11 5 13 14 1
335 329 6 6 2 3 4 12 7 0 8 9 10 11 5 13 14 1
336 330 6 6 2 3 4 12 7 5 8 9 10 11 0 13 14 1
334 328 6 6 2 3 4 12 11 7 8 9 10 5 0 13 14 1
316 310 6 1 2 3 0 4 11 7 8 9 10 12 5 13 14 6
317 311 6 0 2 3 4 1 11 7 8 9 10 12 5 13 14 6
318 312 6 11 2 3 4 1 0 7 8 9 10 12 5 13 14 6
319 313 6 11 2 3 4 1 12 7 8 9 10 0 5 13 14 6
320 315 5 0 2 3 4 1 12 7 8 9 10 11 5 13 14 6
322 318 4 6 2 3 4 1 12 7 8 9 10 11 5 13 14 0
321 317 4 1 2 3 4 0 12 7 8 9 10 11 5 13 14 6
322 319 3 1 2 3 4 6 12 7 8 9 10 11 5 13 14 0
327 322 5 1 2 3 4 6 12 7 8 0 10 11 5 13 14 9
320 315 5 11 2 3 4 1 12 7 8 9 10 6 5 13 14 0
327 322 5 0 2 3 4 6 12 7 8 9 10 11 5 13 14 1
328 323 5 12 2 3 4 6 0 7 8 9 10 11 5 13 14 1
326 321 5 1 2 3 4 6 12 7 8 9 10 0 5 13 14 11
329 324 5 1 2 3 4 0 12 7 8 9 10 6 5 13 14 11
330 326 4 1 2 3 4 11 12 7 8 9 10 6 5 13 14 0
327 322 5 1 2 3 4 6 12 7 8 9 10 5 0 13 14 11
327 322 5 1 2 3 4 6 0 7 8 9 10 12 5 13 14 11
325 320 5 1 2 3 4 6 12 7 8 9 10 11 5 13 0 14
325 320 5 1 2 3 4 6 12 7 8 9 0 11 5 13 14 10
326 321 5 1 2 3 4 0 12 7 8 9 6 11 5 13 14 10
327 323 4 1 2 3 4 10 12 7 8 9 6 11 5 13 14 0
325 320 5 1 2 3 4 9 12 7 8 0 10 11 5 13 14 6
323 318 5 1 2 3 0 4 12 7 8 9 10 11 5 13 14 6
325 320 5 6 2 3 4 0 12 7 8 9 10 11 5 13 14 1
323 318 5 1 2 3 4 10 12 7 8 9 0 11 5 13 14 6
325 320 5 1 2 3 4 11 12 7 8 9 10 0 5 13 14 6
326 321 5 1 2 3 4 11 12 7 8 9 10 5 0 13 14 6
326 321 5 1 2 3 4 11 0 7 8 9 10 12 5 13 14 6
328 322 6 1 2 3 4 11 7 0 8 9 10 12 5 13 14 6
329 323 6 1 2 3 4 11 7 5 8 9 10 12 0 13 14 6
329 324 5 1 2 3 4 11 7 5 8 9 10 0 12 13 14 6
331 327 4 1 2 3 4 0 7 5 8 9 10 11 12 13 14 6
332 329 3 1 2 3 4 6 7 5 8 9 10 11 12 13 14 0
330 326 4 1 2 3 4 11 7 5 8 9 10 6 12 13 14 0
333 328 5 1 2 3 4 0 7 5 8 9 10 6 12 13 14 11
332 327 5 1 2 3 4 11 7 0 8 9 10 5 12 13 14 6
332 328 4 1 2 3 4 11 0 7 8 9 10 5 12 13 14 6
333 329 4 1 2 3 4 11 5 7 8 9 10 0 12 13 14 6
335 332 3 1 2 3 4 0 5 7 8 9 10 11 12 13 14 6
336 334 2 1 2 3 4 6 5 7 8 9 10 11 12 13 14 0
334 331 3 1 2 3 4 11 5 7 8 9 10 6 12 13 14 0
337 333 4 1 2 3 4 0 5 7 8 9 10 6 12 13 14 11
341 337 4 1 2 3 4 6 5 7 8 0 10 11 12 13 14 9
341 337 4 0 2 3 4 6 5 7 8 9 10 11 12 13 14 1
343 339 4 6 2 3 4 0 5 7 8 9 10 11 12 13 14 1
344 341 3 6 2 3 4 1 5 7 8 9 10 11 12 13 14 0
342 338 4 5 2 3 4 6 0 7 8 9 10 11 12 13 14 1
340 336 4 1 2 3 4 6 5 7 8 9 10 0 12 13 14 11
341 337 4 1 2 3 4 6 0 7 8 9 10 5 12 13 14 11
339 335 4 1 2 3 4 6 5 7 8 9 10 11 12 13 0 14
337 333 4 1 2 3 0 4 5 7 8 9 10 11 12 13 14 6
337 333 4 1 2 3 4 10 5 7 8 9 0 11 12 13 14 6
337 334 3 1 2 3 4 10 5 7 8 9 6 11 12 13 14 0
340 336 4 1 2 3 4 0 5 7 8 9 6 11 12 13 14 10
338 334 4 0 2 3 4 1 5 7 8 9 10 11 12 13 14 6
339 335 4 5 2 3 4 1 0 7 8 9 10 11 12 13 14 6
339 335 4 1 2 3 4 6 5 7 8 9 0 11 12 13 14 10
339 335 4 1 2 3 4 9 5 7 8 0 10 11 12 13 14 6
341 336 5 1 2 3 4 9 5 7 8 10 0 11 12 13 14 6
341 337 4 1 2 3 4 9 5 7 8 10 6 11 12 13 14 0
344 339 5 1 2 3 4 0 5 7 8 10 6 11 12 13 14 9
342 337 5 1 2 3 4 0 5 7 8 10 9 11 12 13 14 6
343 339 4 1 2 3 4 6 5 7 8 10 9 11 12 13 14 0
333 328 5 1 2 3 0 4 7 5 8 9 10 11 12 13 14 6
341 336 5 1 2 3 4 9 5 7 0 8 10 11 12 13 14 6
335 330 5 1 2 3 4 6 7 5 8 9 0 11 12 13 14 10
336 331 5 1 2 3 4 0 7 5 8 9 6 11 12 13 14 10
337 333 4 1 2 3 4 10 7 5 8 9 6 11 12 13 14 0
336 331 5 1 2 3 4 6 7 5 8 9 10 0 12 13 14 11
337 332 5 1 2 3 4 6 0 5 8 9 10 7 12 13 14 11
339 334 5 1 2 3 0 4 5 7 8 9 10 6 12 13 14 11
335 330 5 1 2 3 4 9 7 5 8 0 10 11 12 13 14 6
336 331 5 0 2 3 4 11 5 7 8 9 10 1 12 13 14 6
338 334 4 6 2 3 4 11 5 7 8 9 10 1 12 13 14 0
341 336 5 6 2 3 4 0 5 7 8 9 10 1 12 13 14 11
338 333 5 11 2 3 4 0 5 7 8 9 10 1 12 13 14 6
339 335 4 11 2 3 4 6 5 7 8 9 10 1 12 13 14 0
337 332 5 5 2 3 4 11 0 7 8 9 10 1 12 13 14 6
338 333 5 5 2 3 4 11 1 7 8 9 10 0 12 13 14 6
340 336 4 5 2 3 4 0 1 7 8 9 10 11 12 13 14 6
341 338 3 5 2 3 4 6 1 7 8 9 10 11 12 13 14 0
341 338 3 0 2 3 4 5 1 7 8 9 10 11 12 13 14 6
343 341 2 6 2 3 4 5 1 7 8 9 10 11 12 13 14 0
341 339 2 1 2 3 4 5 0 7 8 9 10 11 12 13 14 6
343 340 3 1 2 3 4 5 7 0 8 9 10 11 12 13 14 6
343 340 3 1 2 3 4 5 11 7 8 9 10 0 12 13 14 6
344 342 2 1 2 3 4 5 11 7 8 9 10 6 12 13 14 0
349 345 4 1 2 3 4 5 11 7 8 0 10 6 12 13 14 9
349 345 4 0 2 3 4 5 11 7 8 9 10 6 12 13 14 1
351 347 4 6 2 3 4 5 11 7 8 9 10 0 12 13 14 1
352 349 3 6 2 3 4 5 11 7 8 9 10 1 12 13 14 0
351 348 3 6 2 3 4 5 0 7 8 9 10 11 12 13 14 1
353 349 4 6 2 3 4 5 7 0 8 9 10 11 12 13 14 1
350 346 4 11 2 3 4 5 0 7 8 9 10 6 12 13 14 1
350 347 3 11 2 3 4 5 6 7 8 9 10 0 12 13 14 1
351 349 2 0 2 3 4 5 6 7 8 9 10 11 12 13 14 1
352 352 0 1 2 3 4 5 6 7 8 9 10 11 12 13 14 0
