0 0 0 10 5 4 0 13 6 3 14 2 7 1 8 11 12 9
14 1 13 10 5 0 4 13 6 3 14 2 7 1 8 11 12 9
15 2 13 10 0 5 4 13 6 3 14 2 7 1 8 11 12 9
16 3 13 0 10 5 4 13 6 3 14 2 7 1 8 11 12 9
18 6 12 9 10 5 4 13 6 3 14 2 7 1 8 11 12 0
17 5 12 1 10 5 4 13 6 3 14 2 7 0 8 11 12 9
19 8 11 1 10 5 4 13 6 0 14 2 7 3 8 11 12 9
20 9 11 1 10 5 4 13 6 14 0 2 7 3 8 11 12 9
21 10 11 1 10 5 4 13 6 14 2 0 7 3 8 11 12 9
22 11 11 1 10 5 4 13 6 14 2 7 0 3 8 11 12 9
22 12 10 1 10 5 4 13 6 14 2 7 9 3 8 11 12 0
26 15 11 1 10 5 4 13 6 14 2 0 9 3 8 11 12 7
27 16 11 1 10 5 4 13 6 14 2 9 0 3 8 11 12 7
27 17 10 1 10 5 4 13 6 14 2 9 7 3 8 11 12 0
30 19 11 1 10 5 4 0 6 14 2 9 7 3 8 11 12 13
33 22 11 1 10 5 4 3 6 14 2 9 7 0 8 11 12 13
34 24 10 1 10 5 4 3 6 14 2 9 7 13 8 11 12 0
37 26 11 1 10 5 4 0 6 14 2 9 7 13 8 11 12 3
38 27 11 1 10 5 4 7 6 14 2 9 0 13 8 11 12 3
38 28 10 1 10 5 4 7 6 14 2 9 3 13 8 11 12 0
41 30 11 1 10 5 4 0 6 14 2 9 3 13 8 11 12 7
44 33 11 1 10 5 4 13 6 14 2 9 3 0 8 11 12 7
45 35 10 1 10 5 4 13 6 14 2 9 3 7 8 11 12 0
48 37 11 1 10 5 4 0 6 14 2 9 3 7 8 11 12 13
49 38 11 1 10 5 4 3 6 14 2 9 0 7 8 11 12 13
49 39 10 1 10 5 4 3 6 14 2 9 13 7 8 11 12 0
52 41 11 1 10 5 4 0 6 14 2 9 13 7 8 11 12 3
55 44 11 1 10 5 4 7 6 14 2 9 13 0 8 11 12 3
56 46 10 1 10 5 4 7 6 14 2 9 13 3 8 11 12 0
58 47 11 1 10 5 4 7 6 14 2 9 13 3 8 11 0 12
59 48 11 1 10 5 4 7 6 14 2 9 13 3 8 0 11 12
60 49 11 1 10 5 4 7 6 14 2 9 13 3 0 8 11 12
61 50 11 1 10 5 4 7 6 14 2 9 13 0 3 8 11 12
62 52 10 1 10 5 4 7 6 14 2 9 13 12 3 8 11 0
65 54 11 1 10 5 4 0 6 14 2 9 13 12 3 8 11 7
68 57 11 1 10 5 4 12 6 14 2 9 13 0 3 8 11 7
69 59 10 1 10 5 4 12 6 14 2 9 13 7 3 8 11 0
71 60 11 1 10 5 4 12 6 14 2 9 13 7 3 8 0 11
72 61 11 1 10 5 4 12 6 14 2 9 13 7 3 0 8 11
73 62 11 1 10 5 4 12 6 14 2 9 13 7 0 3 8 11
74 63 11 1 10 5 4 12 6 14 2 9 13 0 7 3 8 11
74 65 9 1 10 5 4 12 6 14 2 9 13 11 7 3 8 0
77 67 10 1 10 5 4 0 6 14 2 9 13 11 7 3 8 12
78 68 10 1 10 5 4 13 6 14 2 9 0 11 7 3 8 12
78 69 9 1 10 5 4 13 6 14 2 9 12 11 7 3 8 0
81 71 10 1 10 5 4 0 6 14 2 9 12 11 7 3 8 13
80 70 10 1 10 5 4 13 6 14 2 9 12 11 7 3 0 8
81 71 10 1 10 5 4 13 6 14 2 9 12 11 7 0 3 8
82 72 10 1 10 5 4 13 6 14 2 9 12 11 0 7 3 8
83 73 10 1 10 5 4 13 6 0 2 9 12 11 14 7 3 8
84 74 10 1 10 5 4 13 6 2 0 9 12 11 14 7 3 8
85 75 10 1 10 5 4 13 6 2 7 9 12 11 14 0 3 8
86 76 10 1 10 5 4 13 6 2 7 9 12 11 14 3 0 8
86 77 9 1 10 5 4 13 6 2 7 9 12 11 14 3 8 0
89 79 10 1 10 5 4 0 6 2 7 9 12 11 14 3 8 13
90 80 10 1 10 5 4 12 6 2 7 9 0 11 14 3 8 13
90 81 9 1 10 5 4 12 6 2 7 9 13 11 14 3 8 0
93 83 10 1 10 5 4 0 6 2 7 9 13 11 14 3 8 12
92 82 10 1 10 5 4 12 6 2 7 9 13 11 14 3 0 8
93 83 10 1 10 5 4 12 6 2 7 9 13 11 14 0 3 8
94 84 10 1 10 5 4 12 6 2 7 9 13 11 0 14 3 8
95 85 10 1 10 5 4 12 6 0 7 9 13 11 2 14 3 8
95 86 9 1 10 5 4 12 6 7 0 9 13 11 2 14 3 8
96 87 9 1 10 5 4 12 6 7 14 9 13 11 2 0 3 8
97 88 9 1 10 5 4 12 6 7 14 9 13 11 2 3 0 8
97 89 8 1 10 5 4 12 6 7 14 9 13 11 2 3 8 0
100 91 9 1 10 5 4 0 6 7 14 9 13 11 2 3 8 12
101 92 9 1 10 5 4 13 6 7 14 9 0 11 2 3 8 12
101 93 8 1 10 5 4 13 6 7 14 9 12 11 2 3 8 0
104 95 9 1 10 5 4 0 6 7 14 9 12 11 2 3 8 13
103 94 9 1 10 5 4 13 6 7 14 9 12 11 2 3 0 8
104 95 9 1 10 5 4 13 6 7 14 9 12 11 2 0 3 8
105 96 9 1 10 5 4 13 6 7 14 9 12 11 0 2 3 8
105 96 9 1 10 5 4 13 6 7 0 9 12 11 2 14 3 8
106 97 9 1 10 0 4 13 6 7 5 9 12 11 2 14 3 8
107 98 9 1 0 10 4 13 6 7 5 9 12 11 2 14 3 8
99 90 9 1 10 5 4 12 6 7 14 9 0 11 2 3 8 13
97 88 9 1 10 5 4 12 6 7 14 9 13 11 0 2 3 8
96 87 9 1 10 0 4 12 6 7 5 9 13 11 2 14 3 8
97 88 9 1 0 10 4 12 6 7 5 9 13 11 2 14 3 8
99 89 10 0 1 10 4 12 6 7 5 9 13 11 2 14 3 8
101 92 9 8 1 10 4 12 6 7 5 9 13 11 2 14 3 0
104 94 10 8 1 10 4 0 6 7 5 9 13 11 2 14 3 12
106 96 10 0 1 10 4 8 6 7 5 9 13 11 2 14 3 12
108 99 9 12 1 10 4 8 6 7 5 9 13 11 2 14 3 0
106 97 9 1 0 10 4 8 6 7 5 9 13 11 2 14 3 12
107 98 9 1 10 0 4 8 6 7 5 9 13 11 2 14 3 12
108 99 9 1 10 5 4 8 6 7 0 9 13 11 2 14 3 12
109 100 9 1 10 5 4 8 6 7 14 9 13 11 2 0 3 12
110 101 9 1 10 5 4 8 6 7 14 9 13 11 2 3 0 12
110 102 8 1 10 5 4 8 6 7 14 9 13 11 2 3 12 0
113 104 9 1 10 5 4 0 6 7 14 9 13 11 2 3 12 8
114 105 9 1 10 5 4 13 6 7 14 9 0 11 2 3 12 8
114 106 8 1 10 5 4 13 6 7 14 9 8 11 2 3 12 0
117 108 9 1 10 5 4 0 6 7 14 9 8 11 2 3 12 13
116 107 9 1 10 5 4 13 6 7 14 9 8 11 2 3 0 12
117 108 9 1 10 5 4 13 6 7 14 9 8 11 2 0 3 12
118 109 9 1 10 5 4 13 6 7 14 9 8 11 0 2 3 12
118 109 9 1 10 5 4 13 6 7 0 9 8 11 2 14 3 12
119 110 9 1 10 0 4 13 6 7 5 9 8 11 2 14 3 12
120 111 9 1 0 10 4 13 6 7 5 9 8 11 2 14 3 12
110 101 9 1 10 5 4 8 6 7 14 9 13 11 0 2 3 12
112 103 9 1 10 5 4 8 6 7 14 9 0 11 2 3 12 13
114 104 10 1 10 5 4 8 6 7 14 0 9 11 2 3 12 13
115 105 10 1 10 5 4 8 6 7 0 14 9 11 2 3 12 13
116 106 10 1 10 5 4 8 6 7 3 14 9 11 2 0 12 13
117 107 10 1 10 5 4 8 6 7 3 14 9 11 2 12 0 13
117 108 9 1 10 5 4 8 6 7 3 14 9 11 2 12 13 0
117 108 9 1 10 5 4 8 6 7 3 0 9 11 2 12 14 13
117 109 8 1 10 5 4 8 6 7 3 9 0 11 2 12 14 13
117 110 7 1 10 5 4 8 6 7 3 9 13 11 2 12 14 0
120 112 8 1 10 5 4 0 6 7 3 9 13 11 2 12 14 8
121 113 8 1 10 5 4 13 6 7 3 9 0 11 2 12 14 8
121 114 7 1 10 5 4 13 6 7 3 9 8 11 2 12 14 0
118 110 8 1 10 5 4 0 6 7 3 9 8 11 2 12 14 13
122 113 9 1 10 5 4 9 6 7 3 0 8 11 2 12 14 13
123 114 9 1 10 5 4 9 6 7 3 8 0 11 2 12 14 13
123 115 8 1 10 5 4 9 6 7 3 8 13 11 2 12 14 0
126 117 9 1 10 5 4 0 6 7 3 8 13 11 2 12 14 9
127 118 9 1 10 5 4 13 6 7 3 8 0 11 2 12 14 9
127 119 8 1 10 5 4 13 6 7 3 8 9 11 2 12 14 0
124 115 9 1 10 5 4 0 6 7 3 8 9 11 2 12 14 13
123 114 9 1 10 5 4 9 6 7 0 3 8 11 2 12 14 13
124 115 9 1 10 5 4 9 6 7 12 3 8 11 2 0 14 13
125 116 9 1 10 5 4 9 6 7 12 3 8 11 0 2 14 13
124 115 9 1 10 0 4 9 6 7 5 3 8 11 2 12 14 13
125 116 9 1 0 10 4 9 6 7 5 3 8 11 2 12 14 13
122 113 9 1 10 5 4 11 6 7 3 9 8 0 2 12 14 13
123 115 8 1 10 5 4 11 6 7 3 9 8 13 2 12 14 0
126 117 9 1 10 5 4 0 6 7 3 9 8 13 2 12 14 11
127 118 9 1 10 5 4 8 6 7 3 9 0 13 2 12 14 11
127 119 8 1 10 5 4 8 6 7 3 9 11 13 2 12 14 0
130 121 9 1 10 5 4 0 6 7 3 9 11 13 2 12 14 8
133 124 9 1 10 5 4 13 6 7 3 9 11 0 2 12 14 8
134 126 8 1 10 5 4 13 6 7 3 9 11 8 2 12 14 0
137 128 9 1 10 5 4 0 6 7 3 9 11 8 2 12 14 13
138 129 9 1 10 5 4 11 6 7 3 9 0 8 2 12 14 13
138 130 8 1 10 5 4 11 6 7 3 9 13 8 2 12 14 0
141 132 9 1 10 5 4 0 6 7 3 9 13 8 2 12 14 11
136 127 9 1 10 5 4 13 6 7 3 9 0 8 2 12 14 11
134 125 9 1 10 5 4 13 6 7 3 9 11 2 0 12 14 8
134 126 8 1 10 5 4 13 6 7 3 9 11 2 12 0 14 8
135 127 8 1 10 5 4 13 6 7 0 9 11 2 12 3 14 8
136 128 8 1 10 0 4 13 6 7 5 9 11 2 12 3 14 8
137 129 8 1 0 10 4 13 6 7 5 9 11 2 12 3 14 8
139 130 9 0 1 10 4 13 6 7 5 9 11 2 12 3 14 8
141 133 8 8 1 10 4 13 6 7 5 9 11 2 12 3 14 0
144 135 9 8 1 10 4 0 6 7 5 9 11 2 12 3 14 13
147 138 9 8 1 10 4 2 6 7 5 9 11 0 12 3 14 13
148 140 8 8 1 10 4 2 6 7 5 9 11 13 12 3 14 0
152 143 9 0 1 10 4 2 6 7 5 9 11 13 12 3 14 8
152 144 8 1 0 10 4 2 6 7 5 9 11 13 12 3 14 8
153 145 8 1 10 0 4 2 6 7 5 9 11 13 12 3 14 8
154 146 8 1 10 5 4 2 6 7 0 9 11 13 12 3 14 8
155 147 8 1 10 5 4 2 6 7 3 9 11 13 12 0 14 8
157 148 9 1 10 5 4 2 6 7 3 9 11 13 12 14 0 8
157 149 8 1 10 5 4 2 6 7 3 9 11 13 12 14 8 0
160 151 9 1 10 5 4 0 6 7 3 9 11 13 12 14 8 2
163 154 9 1 10 5 4 13 6 7 3 9 11 0 12 14 8 2
164 156 8 1 10 5 4 13 6 7 3 9 11 2 12 14 8 0
167 158 9 1 10 5 4 0 6 7 3 9 11 2 12 14 8 13
168 159 9 1 10 5 4 11 6 7 3 9 0 2 12 14 8 13
168 160 8 1 10 5 4 11 6 7 3 9 13 2 12 14 8 0
171 162 9 1 10 5 4 0 6 7 3 9 13 2 12 14 8 11
174 165 9 1 10 5 4 2 6 7 3 9 13 0 12 14 8 11
174 167 7 1 10 5 4 2 6 7 3 9 13 11 12 14 8 0
177 169 8 1 10 5 4 0 6 7 3 9 13 11 12 14 8 2
178 170 8 1 10 5 4 13 6 7 3 9 0 11 12 14 8 2
178 171 7 1 10 5 4 13 6 7 3 9 2 11 12 14 8 0
181 173 8 1 10 5 4 0 6 7 3 9 2 11 12 14 8 13
180 172 8 1 10 5 4 13 6 7 3 9 2 11 12 14 0 8
180 173 7 1 10 5 4 13 6 7 3 9 2 11 12 0 14 8
181 174 7 1 10 5 4 13 6 7 0 9 2 11 12 3 14 8
182 175 7 1 10 0 4 13 6 7 5 9 2 11 12 3 14 8
183 176 7 1 0 10 4 13 6 7 5 9 2 11 12 3 14 8
185 177 8 0 1 10 4 13 6 7 5 9 2 11 12 3 14 8
187 180 7 8 1 10 4 13 6 7 5 9 2 11 12 3 14 0
190 182 8 8 1 10 4 0 6 7 5 9 2 11 12 3 14 13
192 184 8 0 1 10 4 8 6 7 5 9 2 11 12 3 14 13
194 187 7 13 1 10 4 8 6 7 5 9 2 11 12 3 14 0
192 185 7 1 0 10 4 8 6 7 5 9 2 11 12 3 14 13
193 186 7 1 10 0 4 8 6 7 5 9 2 11 12 3 14 13
194 187 7 1 10 5 4 8 6 7 0 9 2 11 12 3 14 13
195 188 7 1 10 5 4 8 6 7 3 9 2 11 12 0 14 13
197 189 8 1 10 5 4 8 6 7 3 9 2 11 12 14 0 13
197 190 7 1 10 5 4 8 6 7 3 9 2 11 12 14 13 0
200 192 8 1 10 5 4 0 6 7 3 9 2 11 12 14 13 8
201 193 8 1 10 5 4 2 6 7 3 9 0 11 12 14 13 8
201 194 7 1 10 5 4 2 6 7 3 9 8 11 12 14 13 0
204 196 8 1 10 5 4 0 6 7 3 9 8 11 12 14 13 2
203 195 8 1 10 5 4 2 6 7 3 9 8 11 12 14 0 13
203 196 7 1 10 5 4 2 6 7 3 9 8 11 12 0 14 13
204 197 7 1 10 5 4 2 6 7 0 9 8 11 12 3 14 13
205 198 7 1 10 0 4 2 6 7 5 9 8 11 12 3 14 13
206 199 7 1 0 10 4 2 6 7 5 9 8 11 12 3 14 13
208 200 8 0 1 10 4 2 6 7 5 9 8 11 12 3 14 13
210 203 7 13 1 10 4 2 6 7 5 9 8 11 12 3 14 0
213 205 8 13 1 10 4 0 6 7 5 9 8 11 12 3 14 2
215 207 8 0 1 10 4 13 6 7 5 9 8 11 12 3 14 2
217 210 7 2 1 10 4 13 6 7 5 9 8 11 12 3 14 0
215 208 7 1 0 10 4 13 6 7 5 9 8 11 12 3 14 2
216 209 7 1 10 0 4 13 6 7 5 9 8 11 12 3 14 2
217 210 7 1 10 5 4 13 6 7 0 9 8 11 12 3 14 2
218 211 7 1 10 5 4 13 6 7 3 9 8 11 12 0 14 2
220 212 8 1 10 5 4 13 6 7 3 9 8 11 12 14 0 2
220 213 7 1 10 5 4 13 6 7 3 9 8 11 12 14 2 0
223 215 8 1 10 5 4 0 6 7 3 9 8 11 12 14 2 13
224 216 8 1 10 5 4 8 6 7 3 9 0 11 12 14 2 13
224 217 7 1 10 5 4 8 6 7 3 9 13 11 12 14 2 0
227 219 8 1 10 5 4 0 6 7 3 9 13 11 12 14 2 8
226 218 8 1 10 5 4 8 6 7 3 9 13 11 12 14 0 2
226 219 7 1 10 5 4 8 6 7 3 9 13 11 12 0 14 2
227 220 7 1 10 5 4 8 6 7 0 9 13 11 12 3 14 2
228 221 7 1 10 0 4 8 6 7 5 9 13 11 12 3 14 2
229 222 7 1 0 10 4 8 6 7 5 9 13 11 12 3 14 2
231 223 8 0 1 10 4 8 6 7 5 9 13 11 12 3 14 2
233 226 7 2 1 10 4 8 6 7 5 9 13 11 12 3 14 0
236 228 8 2 1 10 4 0 6 7 5 9 13 11 12 3 14 8
238 230 8 0 1 10 4 2 6 7 5 9 13 11 12 3 14 8
240 233 7 8 1 10 4 2 6 7 5 9 13 11 12 3 14 0
238 231 7 1 0 10 4 2 6 7 5 9 13 11 12 3 14 8
239 232 7 1 10 0 4 2 6 7 5 9 13 11 12 3 14 8
240 233 7 1 10 5 4 2 6 7 0 9 13 11 12 3 14 8
241 234 7 1 10 5 4 2 6 7 3 9 13 11 12 0 14 8
243 235 8 1 10 5 4 2 6 7 3 9 13 11 0 12 14 8
242 234 8 1 10 5 4 2 6 7 9 0 13 11 12 3 14 8
243 235 8 1 10 5 4 2 6 7 9 13 0 11 12 3 14 8
243 236 7 1 10 5 4 2 6 7 9 13 8 11 12 3 14 0
246 238 8 1 10 5 4 0 6 7 9 13 8 11 12 3 14 2
247 239 8 1 10 5 4 8 6 7 9 13 0 11 12 3 14 2
247 240 7 1 10 5 4 8 6 7 9 13 2 11 12 3 14 0
244 236 8 1 10 5 4 0 6 7 9 13 2 11 12 3 14 8
242 234 8 1 10 5 4 2 6 0 7 9 13 11 12 3 14 8
243 235 8 1 0 5 4 2 6 10 7 9 13 11 12 3 14 8
244 236 8 1 5 0 4 2 6 10 7 9 13 11 12 3 14 8
245 237 8 1 5 7 4 2 6 10 0 9 13 11 12 3 14 8
246 238 8 1 5 7 4 2 6 0 10 9 13 11 12 3 14 8
247 239 8 1 0 7 4 2 6 5 10 9 13 11 12 3 14 8
248 240 8 1 7 0 4 2 6 5 10 9 13 11 12 3 14 8
249 241 8 1 7 10 4 2 6 5 0 9 13 11 12 3 14 8
250 242 8 1 7 10 4 2 6 5 3 9 13 11 12 0 14 8
246 238 8 1 5 7 4 2 6 10 3 9 13 11 12 0 14 8
241 233 8 1 10 4 0 2 6 7 5 9 13 11 12 3 14 8
242 234 8 1 10 4 2 0 6 7 5 9 13 11 12 3 14 8
243 236 7 1 10 4 2 8 6 7 5 9 13 11 12 3 14 0
245 237 8 1 10 4 2 8 6 7 5 9 0 11 12 3 14 13
246 238 8 1 10 4 2 0 6 7 5 9 8 11 12 3 14 13
247 240 7 1 10 4 2 13 6 7 5 9 8 11 12 3 14 0
243 235 8 1 10 4 2 13 6 7 5 9 0 11 12 3 14 8
240 232 8 1 7 10 4 2 6 0 5 9 13 11 12 3 14 8
235 227 8 2 1 10 4 8 6 7 5 9 0 11 12 3 14 13
233 225 8 8 1 10 4 0 6 7 5 9 13 11 12 3 14 2
191 183 8 8 1 10 4 2 6 7 5 9 0 11 12 3 14 13
189 181 8 8 1 10 4 13 6 7 5 9 0 11 12 3 14 2
207 199 8 1 10 4 0 2 6 7 5 9 8 11 12 3 14 13
219 211 8 1 10 5 4 13 6 0 7 9 8 11 12 3 14 2
220 212 8 1 0 5 4 13 6 10 7 9 8 11 12 3 14 2
221 213 8 1 5 0 4 13 6 10 7 9 8 11 12 3 14 2
222 214 8 1 5 7 4 13 6 10 0 9 8 11 12 3 14 2
223 215 8 1 5 7 4 13 6 0 10 9 8 11 12 3 14 2
224 216 8 1 0 7 4 13 6 5 10 9 8 11 12 3 14 2
225 217 8 1 7 0 4 13 6 5 10 9 8 11 12 3 14 2
226 218 8 1 7 10 4 13 6 5 0 9 8 11 12 3 14 2
227 219 8 1 7 10 4 13 6 5 3 9 8 11 12 0 14 2
223 215 8 1 5 7 4 13 6 10 3 9 8 11 12 0 14 2
196 188 8 1 10 5 4 8 6 7 9 0 2 11 12 3 14 13
197 189 8 1 10 5 4 8 6 7 9 2 0 11 12 3 14 13
197 190 7 1 10 5 4 8 6 7 9 2 13 11 12 3 14 0
200 192 8 1 10 5 4 0 6 7 9 2 13 11 12 3 14 8
201 193 8 1 10 5 4 13 6 7 9 2 0 11 12 3 14 8
201 194 7 1 10 5 4 13 6 7 9 2 8 11 12 3 14 0
198 190 8 1 10 5 4 0 6 7 9 2 8 11 12 3 14 13
210 202 8 2 1 10 4 0 6 7 5 9 8 11 12 3 14 13
176 168 8 1 10 5 4 2 6 7 3 9 13 11 12 14 0 8
218 210 8 1 10 4 0 13 6 7 5 9 8 11 12 3 14 2
219 211 8 1 10 4 13 0 6 7 5 9 8 11 12 3 14 2
220 213 7 1 10 4 13 2 6 7 5 9 8 11 12 3 14 0
222 214 8 1 10 4 13 2 6 7 5 9 0 11 12 3 14 8
223 215 8 1 10 4 13 0 6 7 5 9 2 11 12 3 14 8
224 217 7 1 10 4 13 8 6 7 5 9 2 11 12 3 14 0
220 212 8 1 10 4 13 8 6 7 5 9 0 11 12 3 14 2
212 204 8 13 1 10 4 2 6 7 5 9 0 11 12 3 14 8
196 188 8 1 10 5 4 8 6 0 7 9 2 11 12 3 14 13
197 189 8 1 0 5 4 8 6 10 7 9 2 11 12 3 14 13
198 190 8 1 5 0 4 8 6 10 7 9 2 11 12 3 14 13
199 191 8 1 5 7 4 8 6 10 0 9 2 11 12 3 14 13
200 192 8 1 5 7 4 8 6 0 10 9 2 11 12 3 14 13
201 193 8 1 0 7 4 8 6 5 10 9 2 11 12 3 14 13
202 194 8 1 7 0 4 8 6 5 10 9 2 11 12 3 14 13
203 195 8 1 7 10 4 8 6 5 0 9 2 11 12 3 14 13
204 196 8 1 7 10 4 8 6 5 3 9 2 11 12 0 14 13
200 192 8 1 5 7 4 8 6 10 3 9 2 11 12 0 14 13
185 177 8 1 7 10 4 13 6 0 5 9 2 11 12 3 14 8
186 178 8 1 7 10 4 13 6 5 0 9 2 11 12 3 14 8
187 179 8 1 7 10 4 13 6 5 3 9 2 11 12 0 14 8
187 179 8 1 7 0 4 13 6 5 10 9 2 11 12 3 14 8
188 180 8 1 0 7 4 13 6 5 10 9 2 11 12 3 14 8
189 181 8 1 5 7 4 13 6 0 10 9 2 11 12 3 14 8
190 182 8 1 5 7 4 13 6 10 0 9 2 11 12 3 14 8
191 183 8 1 5 7 4 13 6 10 3 9 2 11 12 0 14 8
191 183 8 1 5 0 4 13 6 10 7 9 2 11 12 3 14 8
192 184 8 1 0 5 4 13 6 10 7 9 2 11 12 3 14 8
182 174 8 1 10 5 4 13 6 7 3 9 2 11 0 12 14 8
195 187 8 1 10 4 0 8 6 7 5 9 2 11 12 3 14 13
196 188 8 1 10 4 8 0 6 7 5 9 2 11 12 3 14 13
197 190 7 1 10 4 8 13 6 7 5 9 2 11 12 3 14 0
199 191 8 1 10 4 8 13 6 7 5 9 0 11 12 3 14 2
200 192 8 1 10 4 8 0 6 7 5 9 13 11 12 3 14 2
201 194 7 1 10 4 8 2 6 7 5 9 13 11 12 3 14 0
197 189 8 1 10 4 8 2 6 7 5 9 0 11 12 3 14 13
217 209 8 1 7 10 4 13 6 0 5 9 8 11 12 3 14 2
219 211 8 2 1 10 4 13 6 7 5 9 0 11 12 3 14 8
201 193 8 1 10 5 4 2 6 7 9 0 8 11 12 3 14 13
202 194 8 1 10 5 4 2 6 7 9 8 0 11 12 3 14 13
202 195 7 1 10 5 4 2 6 7 9 8 13 11 12 3 14 0
205 197 8 1 10 5 4 0 6 7 9 8 13 11 12 3 14 2
206 198 8 1 10 5 4 13 6 7 9 8 0 11 12 3 14 2
206 199 7 1 10 5 4 13 6 7 9 8 2 11 12 3 14 0
203 195 8 1 10 5 4 0 6 7 9 8 2 11 12 3 14 13
184 176 8 1 10 4 0 13 6 7 5 9 2 11 12 3 14 8
220 212 8 1 10 5 4 13 6 7 3 9 8 11 0 12 14 2
205 197 8 1 10 5 4 13 6 7 9 0 8 11 12 3 14 2
196 188 8 13 1 10 4 8 6 7 5 9 0 11 12 3 14 2
194 186 8 1 7 10 4 8 6 0 5 9 2 11 12 3 14 13
176 168 8 1 10 5 4 2 6 7 3 9 0 11 12 14 8 13
231 223 8 1 7 10 4 8 6 0 5 9 13 11 12 3 14 2
232 224 8 1 7 10 4 8 6 5 0 9 13 11 12 3 14 2
233 225 8 1 7 10 4 8 6 5 3 9 13 11 12 0 14 2
233 225 8 1 7 0 4 8 6 5 10 9 13 11 12 3 14 2
234 226 8 1 0 7 4 8 6 5 10 9 13 11 12 3 14 2
235 227 8 1 5 7 4 8 6 0 10 9 13 11 12 3 14 2
236 228 8 1 5 7 4 8 6 10 0 9 13 11 12 3 14 2
237 229 8 1 5 7 4 8 6 10 3 9 13 11 12 0 14 2
237 229 8 1 5 0 4 8 6 10 7 9 13 11 12 3 14 2
238 230 8 1 0 5 4 8 6 10 7 9 13 11 12 3 14 2
201 193 8 1 10 5 4 8 6 7 9 0 13 11 12 3 14 2
205 197 8 1 10 5 4 2 6 7 3 9 8 11 0 12 14 13
206 198 8 1 10 5 4 2 6 0 7 9 8 11 12 3 14 13
207 199 8 1 0 5 4 2 6 10 7 9 8 11 12 3 14 13
208 200 8 1 5 0 4 2 6 10 7 9 8 11 12 3 14 13
209 201 8 1 5 7 4 2 6 10 0 9 8 11 12 3 14 13
210 202 8 1 5 7 4 2 6 0 10 9 8 11 12 3 14 13
211 203 8 1 0 7 4 2 6 5 10 9 8 11 12 3 14 13
212 204 8 1 7 0 4 2 6 5 10 9 8 11 12 3 14 13
213 205 8 1 7 10 4 2 6 5 0 9 8 11 12 3 14 13
214 206 8 1 7 10 4 2 6 5 3 9 8 11 12 0 14 13
210 202 8 1 5 7 4 2 6 10 3 9 8 11 12 0 14 13
187 179 8 13 1 10 4 0 6 7 5 9 2 11 12 3 14 8
229 221 8 1 10 5 4 8 6 0 7 9 13 11 12 3 14 2
222 214 8 1 10 5 4 13 6 7 3 9 0 11 12 14 2 8
183 175 8 1 10 5 4 13 6 7 9 0 2 11 12 3 14 8
197 189 8 1 10 5 4 8 6 7 3 9 2 11 0 12 14 13
228 220 8 1 10 5 4 8 6 7 3 9 13 11 0 12 14 2
183 175 8 1 10 5 4 13 6 0 7 9 2 11 12 3 14 8
201 193 8 1 10 4 0 8 6 7 5 9 13 11 12 3 14 2
208 200 8 1 7 10 4 2 6 0 5 9 8 11 12 3 14 13
199 191 8 1 10 5 4 8 6 7 3 9 0 11 12 14 13 2
201 192 9 1 10 5 4 8 6 7 3 0 9 11 12 14 13 2
202 193 9 1 10 5 4 8 6 7 0 3 9 11 12 14 13 2
203 194 9 1 10 5 4 8 6 7 14 3 9 11 12 0 13 2
203 195 8 1 10 5 4 8 6 7 14 3 9 11 12 13 0 2
203 196 7 1 10 5 4 8 6 7 14 3 9 11 12 13 2 0
207 199 8 1 10 5 4 8 6 7 14 0 9 11 12 13 2 3
207 200 7 1 10 5 4 8 6 7 14 9 0 11 12 13 2 3
207 201 6 1 10 5 4 8 6 7 14 9 3 11 12 13 2 0
210 203 7 1 10 5 4 0 6 7 14 9 3 11 12 13 2 8
211 204 7 1 10 5 4 3 6 7 14 9 0 11 12 13 2 8
211 205 6 1 10 5 4 3 6 7 14 9 8 11 12 13 2 0
213 206 7 1 10 5 4 3 6 7 14 9 8 11 12 13 0 2
209 202 7 1 10 5 4 8 6 7 14 9 3 11 12 13 0 2
208 201 7 1 10 5 4 0 6 7 14 9 8 11 12 13 2 3
212 204 8 1 10 5 4 9 6 7 14 0 8 11 12 13 2 3
213 205 8 1 10 5 4 9 6 7 14 8 0 11 12 13 2 3
213 206 7 1 10 5 4 9 6 7 14 8 3 11 12 13 2 0
216 208 8 1 10 5 4 0 6 7 14 8 3 11 12 13 2 9
217 209 8 1 10 5 4 3 6 7 14 8 0 11 12 13 2 9
217 210 7 1 10 5 4 3 6 7 14 8 9 11 12 13 2 0
219 211 8 1 10 5 4 3 6 7 14 8 9 11 12 13 0 2
220 212 8 1 10 5 4 3 6 7 14 0 9 11 12 13 8 2
220 213 7 1 10 5 4 3 6 7 14 9 0 11 12 13 8 2
220 214 6 1 10 5 4 3 6 7 14 9 2 11 12 13 8 0
223 216 7 1 10 5 4 0 6 7 14 9 2 11 12 13 8 3
224 217 7 1 10 5 4 2 6 7 14 9 0 11 12 13 8 3
224 218 6 1 10 5 4 2 6 7 14 9 3 11 12 13 8 0
226 219 7 1 10 5 4 2 6 7 14 9 3 11 12 13 0 8
222 215 7 1 10 5 4 3 6 7 14 9 2 11 12 13 0 8
221 214 7 1 10 5 4 0 6 7 14 9 3 11 12 13 8 2
225 217 8 1 10 5 4 9 6 7 14 0 3 11 12 13 8 2
226 218 8 1 10 5 4 9 6 7 14 3 0 11 12 13 8 2
226 219 7 1 10 5 4 9 6 7 14 3 2 11 12 13 8 0
229 221 8 1 10 5 4 0 6 7 14 3 2 11 12 13 8 9
230 222 8 1 10 5 4 2 6 7 14 3 0 11 12 13 8 9
230 223 7 1 10 5 4 2 6 7 14 3 9 11 12 13 8 0
232 224 8 1 10 5 4 2 6 7 14 3 9 11 12 13 0 8
233 225 8 1 10 5 4 2 6 7 14 0 9 11 12 13 3 8
233 226 7 1 10 5 4 2 6 7 14 9 0 11 12 13 3 8
233 227 6 1 10 5 4 2 6 7 14 9 8 11 12 13 3 0
236 229 7 1 10 5 4 0 6 7 14 9 8 11 12 13 3 2
237 230 7 1 10 5 4 8 6 7 14 9 0 11 12 13 3 2
237 231 6 1 10 5 4 8 6 7 14 9 2 11 12 13 3 0
239 232 7 1 10 5 4 8 6 7 14 9 2 11 12 13 0 3
235 228 7 1 10 5 4 2 6 7 14 9 8 11 12 13 0 3
234 227 7 1 10 5 4 0 6 7 14 9 2 11 12 13 3 8
238 230 8 1 10 5 4 9 6 7 14 0 2 11 12 13 3 8
239 231 8 1 10 5 4 9 6 7 14 2 0 11 12 13 3 8
239 232 7 1 10 5 4 9 6 7 14 2 8 11 12 13 3 0
242 234 8 1 10 5 4 0 6 7 14 2 8 11 12 13 3 9
243 235 8 1 10 5 4 8 6 7 14 2 0 11 12 13 3 9
243 236 7 1 10 5 4 8 6 7 14 2 9 11 12 13 3 0
213 205 8 1 10 5 4 9 6 7 14 2 8 11 12 13 0 3
212 204 8 1 10 5 4 11 6 7 14 9 8 0 12 13 2 3
213 206 7 1 10 5 4 11 6 7 14 9 8 3 12 13 2 0
216 208 8 1 10 5 4 0 6 7 14 9 8 3 12 13 2 11
217 209 8 1 10 5 4 8 6 7 14 9 0 3 12 13 2 11
217 210 7 1 10 5 4 8 6 7 14 9 11 3 12 13 2 0
220 212 8 1 10 5 4 0 6 7 14 9 11 3 12 13 2 8
223 215 8 1 10 5 4 3 6 7 14 9 11 0 12 13 2 8
224 217 7 1 10 5 4 3 6 7 14 9 11 8 12 13 2 0
227 219 8 1 10 5 4 0 6 7 14 9 11 8 12 13 2 3
228 220 8 1 10 5 4 11 6 7 14 9 0 8 12 13 2 3
228 221 7 1 10 5 4 11 6 7 14 9 3 8 12 13 2 0
231 223 8 1 10 5 4 0 6 7 14 9 3 8 12 13 2 11
212 204 8 1 10 5 4 8 6 7 14 0 3 11 12 13 2 9
213 205 8 1 10 5 4 8 6 7 0 14 3 11 12 13 2 9
214 206 8 1 10 0 4 8 6 7 5 14 3 11 12 13 2 9
215 207 8 1 0 10 4 8 6 7 5 14 3 11 12 13 2 9
225 217 8 0 10 5 4 3 6 7 14 9 2 11 12 13 8 1
227 219 8 3 10 5 4 0 6 7 14 9 2 11 12 13 8 1
228 221 7 3 10 5 4 1 6 7 14 9 2 11 12 13 8 0
230 222 8 3 10 5 4 1 6 7 14 9 2 11 12 13 0 8
225 217 8 1 10 5 0 4 6 7 14 9 2 11 12 13 8 3
226 218 8 1 10 0 5 4 6 7 14 9 2 11 12 13 8 3
227 219 8 1 0 10 5 4 6 7 14 9 2 11 12 13 8 3
227 219 8 1 10 14 5 4 6 7 0 9 2 11 12 13 8 3
227 219 8 1 10 5 4 11 6 7 14 9 2 0 12 13 8 3
228 221 7 1 10 5 4 11 6 7 14 9 2 3 12 13 8 0
231 223 8 1 10 5 4 0 6 7 14 9 2 3 12 13 8 11
232 224 8 1 10 5 4 2 6 7 14 9 0 3 12 13 8 11
232 225 7 1 10 5 4 2 6 7 14 9 11 3 12 13 8 0
235 227 8 1 10 5 4 0 6 7 14 9 11 3 12 13 8 2
238 230 8 1 10 5 4 3 6 7 14 9 11 0 12 13 8 2
239 232 7 1 10 5 4 3 6 7 14 9 11 2 12 13 8 0
242 234 8 1 10 5 4 0 6 7 14 9 11 2 12 13 8 3
243 235 8 1 10 5 4 11 6 7 14 9 0 2 12 13 8 3
243 236 7 1 10 5 4 11 6 7 14 9 3 2 12 13 8 0
246 238 8 1 10 5 4 0 6 7 14 9 3 2 12 13 8 11
245 237 8 1 10 5 4 11 6 7 14 9 3 2 12 13 0 8
228 220 8 1 10 5 4 2 6 7 14 9 3 0 12 13 8 11
228 220 8 1 10 5 4 9 6 7 14 3 2 11 12 13 0 8
216 208 8 1 10 5 4 3 6 7 14 0 8 11 12 13 2 9
217 209 8 1 10 5 4 3 6 7 0 14 8 11 12 13 2 9
218 210 8 1 10 0 4 3 6 7 5 14 8 11 12 13 2 9
219 211 8 1 0 10 4 3 6 7 5 14 8 11 12 13 2 9
217 209 8 1 10 5 4 3 6 7 14 2 8 11 12 13 0 9
217 210 7 1 10 5 4 3 6 7 14 2 8 11 12 13 9 0
220 212 8 1 10 5 4 0 6 7 14 2 8 11 12 13 9 3
221 213 8 1 10 5 4 8 6 7 14 2 0 11 12 13 9 3
221 214 7 1 10 5 4 8 6 7 14 2 3 11 12 13 9 0
224 216 8 1 10 5 4 0 6 7 14 2 3 11 12 13 9 8
219 211 8 1 10 5 4 3 6 7 14 2 0 11 12 13 9 8
239 231 8 0 10 5 4 1 6 7 14 9 8 11 12 13 3 2
241 234 7 2 10 5 4 1 6 7 14 9 8 11 12 13 3 0
244 236 8 2 10 5 4 0 6 7 14 9 8 11 12 13 3 1
245 237 8 2 10 5 4 8 6 7 14 9 0 11 12 13 3 1
245 238 7 2 10 5 4 8 6 7 14 9 1 11 12 13 3 0
249 241 8 0 10 5 4 8 6 7 14 9 1 11 12 13 3 2
251 243 8 8 10 5 4 0 6 7 14 9 1 11 12 13 3 2
252 245 7 8 10 5 4 2 6 7 14 9 1 11 12 13 3 0
256 248 8 0 10 5 4 2 6 7 14 9 1 11 12 13 3 8
257 249 8 10 0 5 4 2 6 7 14 9 1 11 12 13 3 8
258 250 8 10 5 0 4 2 6 7 14 9 1 11 12 13 3 8
259 251 8 10 5 14 4 2 6 7 0 9 1 11 12 13 3 8
254 246 8 8 10 5 4 2 6 7 14 9 1 11 12 13 0 3
208 200 8 1 10 5 4 8 6 7 0 14 9 11 12 13 2 3
209 201 8 1 10 0 4 8 6 7 5 14 9 11 12 13 2 3
210 202 8 1 0 10 4 8 6 7 5 14 9 11 12 13 2 3
223 215 8 1 10 5 4 2 6 7 14 0 8 11 12 13 9 3
224 216 8 1 10 5 4 2 6 7 14 8 0 11 12 13 9 3
224 217 7 1 10 5 4 2 6 7 14 8 3 11 12 13 9 0
227 219 8 1 10 5 4 0 6 7 14 8 3 11 12 13 9 2
228 220 8 1 10 5 4 3 6 7 14 8 0 11 12 13 9 2
228 221 7 1 10 5 4 3 6 7 14 8 2 11 12 13 9 0
230 222 8 1 10 5 4 3 6 7 14 8 2 11 12 13 0 9
226 218 8 1 10 5 4 2 6 7 14 8 3 11 12 13 0 9
204 196 8 1 10 5 4 8 6 7 14 0 9 11 12 13 3 2
205 197 8 1 10 5 4 8 6 7 0 14 9 11 12 13 3 2
206 198 8 1 10 0 4 8 6 7 5 14 9 11 12 13 3 2
207 199 8 1 0 10 4 8 6 7 5 14 9 11 12 13 3 2
215 207 8 1 10 5 4 11 6 7 14 9 0 3 12 13 2 8
226 218 8 1 10 5 4 9 6 7 0 14 3 11 12 13 8 2
227 219 8 1 10 0 4 9 6 7 5 14 3 11 12 13 8 2
228 220 8 1 0 10 4 9 6 7 5 14 3 11 12 13 8 2
226 218 8 10 0 5 4 3 6 7 14 9 2 11 12 13 8 1
227 219 8 10 5 0 4 3 6 7 14 9 2 11 12 13 8 1
228 220 8 10 5 14 4 3 6 7 0 9 2 11 12 13 8 1
226 218 8 1 10 5 4 3 6 7 14 9 0 8 12 13 2 11
215 207 8 1 10 5 4 3 6 7 14 9 8 0 12 13 2 11
224 216 8 1 10 5 4 3 6 7 14 9 2 0 12 13 8 11
214 206 8 1 10 5 4 0 6 7 14 8 9 11 12 13 2 3
215 207 8 1 10 5 4 3 6 7 14 9 8 11 12 0 13 2
216 208 8 1 10 5 4 3 6 7 0 9 8 11 12 14 13 2
217 209 8 1 10 0 4 3 6 7 5 9 8 11 12 14 13 2
218 210 8 1 0 10 4 3 6 7 5 9 8 11 12 14 13 2
205 197 8 1 10 5 4 8 6 7 14 3 0 11 12 13 2 9
206 198 8 1 10 5 4 0 6 7 14 3 8 11 12 13 2 9
207 200 7 1 10 5 4 9 6 7 14 3 8 11 12 13 2 0
209 201 8 1 10 5 4 9 6 7 14 3 8 11 12 13 0 2
209 201 8 1 10 5 4 9 6 7 14 3 0 11 12 13 2 8
228 220 8 3 10 5 4 2 6 7 14 9 0 11 12 13 8 1
228 221 7 3 10 5 4 2 6 7 14 9 1 11 12 13 8 0
232 224 8 0 10 5 4 2 6 7 14 9 1 11 12 13 8 3
234 226 8 2 10 5 4 0 6 7 14 9 1 11 12 13 8 3
235 228 7 2 10 5 4 3 6 7 14 9 1 11 12 13 8 0
239 231 8 0 10 5 4 3 6 7 14 9 1 11 12 13 8 2
240 232 8 10 0 5 4 3 6 7 14 9 1 11 12 13 8 2
241 233 8 10 5 0 4 3 6 7 14 9 1 11 12 13 8 2
242 234 8 10 5 14 4 3 6 7 0 9 1 11 12 13 8 2
237 229 8 2 10 5 4 3 6 7 14 9 1 11 12 13 0 8
237 229 8 2 10 5 4 3 6 7 14 9 0 11 12 13 8 1
238 230 8 2 10 5 4 0 6 7 14 9 3 11 12 13 8 1
239 232 7 2 10 5 4 1 6 7 14 9 3 11 12 13 8 0
241 233 8 2 10 5 4 1 6 7 14 9 3 11 12 13 0 8
235 227 8 2 10 5 4 1 6 7 14 9 0 11 12 13 8 3
212 204 8 0 10 5 4 8 6 7 14 9 3 11 12 13 2 1
214 206 8 8 10 5 4 0 6 7 14 9 3 11 12 13 2 1
215 208 7 8 10 5 4 1 6 7 14 9 3 11 12 13 2 0
217 209 8 8 10 5 4 1 6 7 14 9 3 11 12 13 0 2
217 209 8 8 10 5 4 1 6 7 14 9 0 11 12 13 2 3
218 210 8 8 10 5 4 0 6 7 14 9 1 11 12 13 2 3
219 212 7 8 10 5 4 3 6 7 14 9 1 11 12 13 2 0
223 215 8 0 10 5 4 3 6 7 14 9 1 11 12 13 2 8
225 217 8 3 10 5 4 0 6 7 14 9 1 11 12 13 2 8
226 219 7 3 10 5 4 8 6 7 14 9 1 11 12 13 2 0
228 220 8 3 10 5 4 8 6 7 14 9 1 11 12 13 0 2
228 220 8 3 10 5 4 8 6 7 14 9 0 11 12 13 2 1
229 221 8 3 10 5 4 0 6 7 14 9 8 11 12 13 2 1
230 223 7 3 10 5 4 1 6 7 14 9 8 11 12 13 2 0
232 224 8 3 10 5 4 1 6 7 14 9 8 11 12 13 0 2
226 218 8 3 10 5 4 1 6 7 14 9 0 11 12 13 2 8
224 216 8 10 0 5 4 3 6 7 14 9 1 11 12 13 2 8
225 217 8 10 5 0 4 3 6 7 14 9 1 11 12 13 2 8
226 218 8 10 5 14 4 3 6 7 0 9 1 11 12 13 2 8
221 213 8 8 10 5 4 3 6 7 14 9 1 11 12 13 0 2
220 212 8 0 10 5 4 8 6 7 14 9 1 11 12 13 2 3
221 213 8 10 0 5 4 8 6 7 14 9 1 11 12 13 2 3
222 214 8 10 5 0 4 8 6 7 14 9 1 11 12 13 2 3
223 215 8 10 5 14 4 8 6 7 0 9 1 11 12 13 2 3
215 207 8 8 10 5 4 3 6 7 14 9 0 11 12 13 2 1
227 219 8 1 10 5 4 0 6 7 14 3 9 11 12 13 8 2
213 205 8 10 0 5 4 8 6 7 14 9 3 11 12 13 2 1
214 206 8 10 5 0 4 8 6 7 14 9 3 11 12 13 2 1
215 207 8 10 5 14 4 8 6 7 0 9 3 11 12 13 2 1
227 219 8 1 10 5 4 2 6 7 14 0 3 11 12 13 9 8
228 220 8 1 10 5 4 2 6 7 14 3 0 11 12 13 9 8
228 221 7 1 10 5 4 2 6 7 14 3 8 11 12 13 9 0
231 223 8 1 10 5 4 0 6 7 14 3 8 11 12 13 9 2
232 224 8 1 10 5 4 8 6 7 14 3 0 11 12 13 9 2
232 225 7 1 10 5 4 8 6 7 14 3 2 11 12 13 9 0
234 226 8 1 10 5 4 8 6 7 14 3 2 11 12 13 0 9
230 222 8 1 10 5 4 2 6 7 14 3 8 11 12 13 0 9
229 221 8 1 10 5 4 0 6 7 14 3 2 11 12 13 9 8
228 220 8 1 10 5 4 2 6 7 0 14 3 11 12 13 9 8
229 221 8 1 10 0 4 2 6 7 5 14 3 11 12 13 9 8
230 222 8 1 0 10 4 2 6 7 5 14 3 11 12 13 9 8
219 211 8 1 10 5 4 8 6 7 14 9 11 3 12 13 0 2
230 222 8 1 10 5 4 11 6 7 14 9 2 3 12 13 0 8
230 222 8 1 10 5 4 11 6 7 14 9 0 3 12 13 8 2
225 217 8 1 10 5 4 11 6 7 14 9 3 0 12 13 8 2
224 216 8 0 10 5 4 1 6 7 14 9 3 11 12 13 8 2
225 217 8 10 0 5 4 1 6 7 14 9 3 11 12 13 8 2
226 218 8 10 5 0 4 1 6 7 14 9 3 11 12 13 8 2
227 219 8 10 5 14 4 1 6 7 0 9 3 11 12 13 8 2
254 246 8 8 10 5 4 2 6 7 14 9 0 11 12 13 3 1
255 247 8 8 10 5 4 0 6 7 14 9 2 11 12 13 3 1
256 249 7 8 10 5 4 1 6 7 14 9 2 11 12 13 3 0
258 250 8 8 10 5 4 1 6 7 14 9 2 11 12 13 0 3
223 215 8 1 10 5 0 4 6 7 14 9 3 11 12 13 8 2
224 216 8 1 10 0 5 4 6 7 14 9 3 11 12 13 8 2
225 217 8 1 0 10 5 4 6 7 14 9 3 11 12 13 8 2
225 217 8 1 10 14 5 4 6 7 0 9 3 11 12 13 8 2
234 226 8 1 10 5 4 2 6 7 14 9 11 3 12 13 0 8
235 227 8 1 10 5 4 2 6 7 14 9 11 0 12 13 8 3
241 233 8 1 10 5 4 3 6 7 14 9 0 2 12 13 8 11
241 233 8 1 10 5 4 8 6 7 14 9 2 0 12 13 3 11
244 236 8 1 10 5 4 0 6 7 14 9 2 8 12 13 3 11
245 238 7 1 10 5 4 11 6 7 14 9 2 8 12 13 3 0
247 239 8 1 10 5 4 11 6 7 14 9 2 8 12 13 0 3
247 239 8 1 10 5 4 11 6 7 14 9 0 8 12 13 3 2
248 240 8 1 10 5 4 0 6 7 14 9 11 8 12 13 3 2
249 242 7 1 10 5 4 2 6 7 14 9 11 8 12 13 3 0
252 244 8 1 10 5 4 2 6 7 14 9 11 0 12 13 3 8
255 247 8 1 10 5 4 0 6 7 14 9 11 2 12 13 3 8
256 249 7 1 10 5 4 8 6 7 14 9 11 2 12 13 3 0
258 250 8 1 10 5 4 8 6 7 14 9 11 2 12 13 0 3
258 250 8 1 10 5 4 8 6 7 14 9 0 2 12 13 3 11
259 251 8 1 10 5 4 0 6 7 14 9 8 2 12 13 3 11
260 253 7 1 10 5 4 11 6 7 14 9 8 2 12 13 3 0
262 254 8 1 10 5 4 11 6 7 14 9 8 2 12 13 0 3
256 248 8 1 10 5 4 11 6 7 14 9 0 2 12 13 3 8
251 243 8 1 10 5 4 2 6 7 14 9 11 8 12 13 0 3
251 243 8 1 10 5 4 8 6 7 14 9 11 0 12 13 3 2
245 237 8 1 10 5 4 2 6 7 14 9 0 8 12 13 3 11
210 202 8 1 10 5 0 4 6 7 14 9 8 11 12 13 2 3
211 203 8 1 10 0 5 4 6 7 14 9 8 11 12 13 2 3
212 204 8 1 0 10 5 4 6 7 14 9 8 11 12 13 2 3
212 204 8 1 10 14 5 4 6 7 0 9 8 11 12 13 2 3
242 234 8 0 10 5 4 8 6 7 14 9 2 11 12 13 3 1
243 235 8 10 0 5 4 8 6 7 14 9 2 11 12 13 3 1
244 236 8 10 5 0 4 8 6 7 14 9 2 11 12 13 3 1
245 237 8 10 5 14 4 8 6 7 0 9 2 11 12 13 3 1
206 198 8 1 10 5 4 0 6 7 14 3 9 11 12 13 2 8
241 233 8 1 10 5 4 3 6 7 14 9 11 2 12 13 0 8
234 226 8 1 10 5 4 2 6 7 0 14 9 11 12 13 3 8
235 227 8 1 10 0 4 2 6 7 5 14 9 11 12 13 3 8
236 228 8 1 0 10 4 2 6 7 5 14 9 11 12 13 3 8
211 203 8 1 10 5 4 8 6 7 14 9 3 0 12 13 2 11
210 202 8 1 10 5 4 9 6 7 14 0 3 11 12 13 2 8
211 203 8 1 10 5 4 9 6 7 0 14 3 11 12 13 2 8
212 204 8 1 10 0 4 9 6 7 5 14 3 11 12 13 2 8
213 205 8 1 0 10 4 9 6 7 5 14 3 11 12 13 2 8
211 203 8 1 10 5 4 9 6 7 14 2 3 11 12 13 0 8
211 204 7 1 10 5 4 9 6 7 14 2 3 11 12 13 8 0
214 206 8 1 10 5 4 0 6 7 14 2 3 11 12 13 8 9
215 207 8 1 10 5 4 3 6 7 14 2 0 11 12 13 8 9
215 208 7 1 10 5 4 3 6 7 14 2 9 11 12 13 8 0
218 210 8 1 10 5 4 0 6 7 14 2 9 11 12 13 8 3
217 209 8 1 10 5 4 3 6 7 14 2 9 11 12 13 0 8
213 205 8 1 10 5 4 9 6 7 14 2 0 11 12 13 8 3
238 230 8 0 10 5 4 2 6 7 14 9 8 11 12 13 3 1
239 231 8 10 0 5 4 2 6 7 14 9 8 11 12 13 3 1
240 232 8 10 5 0 4 2 6 7 14 9 8 11 12 13 3 1
241 233 8 10 5 14 4 2 6 7 0 9 8 11 12 13 3 1
215 207 8 1 10 5 4 3 6 7 14 0 8 11 12 13 9 2
216 208 8 1 10 5 4 3 6 7 0 14 8 11 12 13 9 2
217 209 8 1 10 0 4 3 6 7 5 14 8 11 12 13 9 2
218 210 8 1 0 10 4 3 6 7 5 14 8 11 12 13 9 2
252 244 8 8 10 5 4 1 6 7 14 9 0 11 12 13 3 2
215 207 8 1 10 5 4 9 6 7 14 8 3 11 12 13 0 2
238 230 8 1 10 5 0 4 6 7 14 9 8 11 12 13 3 2
239 231 8 1 10 0 5 4 6 7 14 9 8 11 12 13 3 2
240 232 8 1 0 10 5 4 6 7 14 9 8 11 12 13 3 2
240 232 8 1 10 14 5 4 6 7 0 9 8 11 12 13 3 2
210 202 8 1 10 5 4 9 6 7 14 0 8 11 12 13 3 2
211 203 8 1 10 5 4 9 6 7 14 8 0 11 12 13 3 2
211 204 7 1 10 5 4 9 6 7 14 8 2 11 12 13 3 0
214 206 8 1 10 5 4 0 6 7 14 8 2 11 12 13 3 9
215 207 8 1 10 5 4 2 6 7 14 8 0 11 12 13 3 9
215 208 7 1 10 5 4 2 6 7 14 8 9 11 12 13 3 0
217 209 8 1 10 5 4 2 6 7 14 8 9 11 12 13 0 3
213 205 8 1 10 5 4 9 6 7 14 8 2 11 12 13 0 3
212 204 8 1 10 5 4 0 6 7 14 8 9 11 12 13 3 2
211 203 8 1 10 5 4 9 6 7 0 14 8 11 12 13 3 2
212 204 8 1 10 0 4 9 6 7 5 14 8 11 12 13 3 2
213 205 8 1 0 10 4 9 6 7 5 14 8 11 12 13 3 2
237 229 8 1 10 5 4 2 6 7 14 9 8 0 12 13 3 11
229 221 8 0 10 5 4 2 6 7 14 9 3 11 12 13 8 1
230 222 8 10 0 5 4 2 6 7 14 9 3 11 12 13 8 1
231 223 8 10 5 0 4 2 6 7 14 9 3 11 12 13 8 1
232 224 8 10 5 14 4 2 6 7 0 9 3 11 12 13 8 1
216 208 8 1 10 5 4 2 6 7 14 0 8 11 12 13 3 9
217 209 8 1 10 5 4 2 6 7 0 14 8 11 12 13 3 9
218 210 8 1 10 0 4 2 6 7 5 14 8 11 12 13 3 9
219 211 8 1 0 10 4 2 6 7 5 14 8 11 12 13 3 9
243 235 8 2 10 5 4 1 6 7 14 9 0 11 12 13 3 8
240 232 8 10 0 5 4 1 6 7 14 9 8 11 12 13 3 2
241 233 8 10 5 0 4 1 6 7 14 9 8 11 12 13 3 2
242 234 8 10 5 14 4 1 6 7 0 9 8 11 12 13 3 2
240 232 8 1 10 5 4 11 6 7 14 9 8 0 12 13 3 2
217 209 8 1 10 5 4 8 6 7 14 0 2 11 12 13 3 9
218 210 8 1 10 5 4 8 6 7 0 14 2 11 12 13 3 9
219 211 8 1 10 0 4 8 6 7 5 14 2 11 12 13 3 9
220 212 8 1 0 10 4 8 6 7 5 14 2 11 12 13 3 9
247 239 8 2 10 5 4 8 6 7 14 9 1 11 12 13 0 3
243 235 8 2 10 5 4 1 6 7 14 9 8 11 12 13 0 3
240 232 8 1 10 5 4 0 6 7 14 2 9 11 12 13 3 8
250 242 8 10 0 5 4 8 6 7 14 9 1 11 12 13 3 2
251 243 8 10 5 0 4 8 6 7 14 9 1 11 12 13 3 2
252 244 8 10 5 14 4 8 6 7 0 9 1 11 12 13 3 2
244 236 8 2 10 5 4 0 6 7 14 9 1 11 12 13 3 8
237 229 8 0 10 5 4 1 6 7 14 9 2 11 12 13 3 8
238 230 8 10 0 5 4 1 6 7 14 9 2 11 12 13 3 8
239 231 8 10 5 0 4 1 6 7 14 9 2 11 12 13 3 8
240 232 8 10 5 14 4 1 6 7 0 9 2 11 12 13 3 8
222 214 8 1 10 5 4 8 6 7 14 0 2 11 12 13 9 3
223 215 8 1 10 5 4 8 6 7 0 14 2 11 12 13 9 3
224 216 8 1 10 0 4 8 6 7 5 14 2 11 12 13 9 3
225 217 8 1 0 10 4 8 6 7 5 14 2 11 12 13 9 3
233 225 8 10 0 5 4 2 6 7 14 9 1 11 12 13 8 3
234 226 8 10 5 0 4 2 6 7 14 9 1 11 12 13 8 3
235 227 8 10 5 14 4 2 6 7 0 9 1 11 12 13 8 3
220 212 8 1 10 5 4 8 6 7 14 9 11 0 12 13 2 3
224 216 8 1 10 5 4 2 6 7 0 14 8 11 12 13 9 3
225 217 8 1 10 0 4 2 6 7 5 14 8 11 12 13 9 3
226 218 8 1 0 10 4 2 6 7 5 14 8 11 12 13 9 3
217 209 8 1 10 5 4 2 6 7 14 0 3 11 12 13 8 9
218 210 8 1 10 5 4 2 6 7 0 14 3 11 12 13 8 9
219 211 8 1 10 0 4 2 6 7 5 14 3 11 12 13 8 9
220 212 8 1 0 10 4 2 6 7 5 14 3 11 12 13 8 9
216 208 8 1 10 5 4 3 6 7 14 0 2 11 12 13 8 9
217 209 8 1 10 5 4 3 6 7 0 14 2 11 12 13 8 9
218 210 8 1 10 0 4 3 6 7 5 14 2 11 12 13 8 9
219 211 8 1 0 10 4 3 6 7 5 14 2 11 12 13 8 9
238 230 8 1 10 5 4 11 6 7 14 9 2 0 12 13 3 8
211 203 8 1 10 5 4 8 6 7 14 9 3 11 12 0 13 2
212 204 8 1 10 5 4 8 6 7 0 9 3 11 12 14 13 2
213 205 8 1 10 0 4 8 6 7 5 9 3 11 12 14 13 2
214 206 8 1 0 10 4 8 6 7 5 9 3 11 12 14 13 2
241 233 8 1 10 5 4 8 6 7 14 9 2 11 12 0 13 3
242 234 8 1 10 5 4 8 6 7 0 9 2 11 12 14 13 3
243 235 8 1 10 0 4 8 6 7 5 9 2 11 12 14 13 3
244 236 8 1 0 10 4 8 6 7 5 9 2 11 12 14 13 3
239 231 8 1 10 5 4 9 6 7 0 14 2 11 12 13 3 8
240 232 8 1 10 0 4 9 6 7 5 14 2 11 12 13 3 8
241 233 8 1 0 10 4 9 6 7 5 14 2 11 12 13 3 8
216 208 8 0 10 5 4 3 6 7 14 9 8 11 12 13 2 1
217 209 8 10 0 5 4 3 6 7 14 9 8 11 12 13 2 1
218 210 8 10 5 0 4 3 6 7 14 9 8 11 12 13 2 1
219 211 8 10 5 14 4 3 6 7 0 9 8 11 12 13 2 1
226 218 8 1 10 5 4 3 6 7 14 9 11 8 12 13 0 2
237 229 8 1 10 5 4 2 6 7 14 9 8 11 12 0 13 3
238 230 8 1 10 5 4 2 6 7 0 9 8 11 12 14 13 3
239 231 8 1 10 0 4 2 6 7 5 9 8 11 12 14 13 3
240 232 8 1 0 10 4 2 6 7 5 9 8 11 12 14 13 3
208 200 8 1 10 5 4 8 6 7 14 2 9 11 12 13 0 3
225 217 8 1 10 5 4 0 6 7 14 8 2 11 12 13 9 3
236 228 8 1 10 5 0 4 6 7 14 9 2 11 12 13 3 8
237 229 8 1 10 0 5 4 6 7 14 9 2 11 12 13 3 8
238 230 8 1 0 10 5 4 6 7 14 9 2 11 12 13 3 8
238 230 8 1 10 14 5 4 6 7 0 9 2 11 12 13 3 8
215 207 8 1 10 5 4 11 6 7 14 9 8 3 12 13 0 2
211 203 8 1 10 5 4 8 6 7 14 0 3 11 12 13 9 2
212 204 8 1 10 5 4 8 6 7 0 14 3 11 12 13 9 2
213 205 8 1 10 0 4 8 6 7 5 14 3 11 12 13 9 2
214 206 8 1 0 10 4 8 6 7 5 14 3 11 12 13 9 2
211 203 8 0 10 5 4 1 6 7 14 9 8 11 12 13 2 3
212 204 8 10 0 5 4 1 6 7 14 9 8 11 12 13 2 3
213 205 8 10 5 0 4 1 6 7 14 9 8 11 12 13 2 3
214 206 8 10 5 14 4 1 6 7 0 9 8 11 12 13 2 3
213 205 8 1 10 5 4 9 6 7 0 14 8 11 12 13 2 3
214 206 8 1 10 0 4 9 6 7 5 14 8 11 12 13 2 3
215 207 8 1 0 10 4 9 6 7 5 14 8 11 12 13 2 3
230 222 8 3 10 5 4 1 6 7 14 9 0 11 12 13 8 2
218 210 8 1 10 5 4 2 6 7 14 0 9 11 12 13 8 3
219 211 8 1 10 5 4 2 6 7 0 14 9 11 12 13 8 3
220 212 8 1 10 0 4 2 6 7 5 14 9 11 12 13 8 3
221 213 8 1 0 10 4 2 6 7 5 14 9 11 12 13 8 3
221 213 8 1 10 5 4 3 6 7 0 14 9 11 12 13 8 2
222 214 8 1 10 0 4 3 6 7 5 14 9 11 12 13 8 2
223 215 8 1 0 10 4 3 6 7 5 14 9 11 12 13 8 2
209 201 8 1 10 5 4 3 6 7 14 0 9 11 12 13 2 8
210 202 8 1 10 5 4 3 6 7 0 14 9 11 12 13 2 8
211 203 8 1 10 0 4 3 6 7 5 14 9 11 12 13 2 8
212 204 8 1 0 10 4 3 6 7 5 14 9 11 12 13 2 8
212 204 8 1 10 5 0 4 6 7 14 9 3 11 12 13 2 8
213 205 8 1 10 0 5 4 6 7 14 9 3 11 12 13 2 8
214 206 8 1 0 10 5 4 6 7 14 9 3 11 12 13 2 8
214 206 8 1 10 14 5 4 6 7 0 9 3 11 12 13 2 8
231 223 8 3 10 5 4 0 6 7 14 9 1 11 12 13 8 2
214 206 8 1 10 5 4 11 6 7 14 9 3 0 12 13 2 8
213 205 8 1 10 5 4 8 6 7 14 2 3 11 12 13 0 9
230 222 8 1 10 5 4 11 6 7 14 9 3 8 12 13 0 2
220 212 8 1 10 5 4 3 6 7 14 0 2 11 12 13 9 8
221 213 8 1 10 5 4 3 6 7 0 14 2 11 12 13 9 8
222 214 8 1 10 0 4 3 6 7 5 14 2 11 12 13 9 8
223 215 8 1 0 10 4 3 6 7 5 14 2 11 12 13 9 8
228 220 8 1 10 5 4 2 6 7 14 9 3 11 12 0 13 8
229 221 8 1 10 5 4 2 6 7 0 9 3 11 12 14 13 8
230 222 8 1 10 0 4 2 6 7 5 9 3 11 12 14 13 8
231 223 8 1 0 10 4 2 6 7 5 9 3 11 12 14 13 8
226 218 8 0 10 5 4 1 6 7 14 9 2 11 12 13 8 3
227 219 8 10 0 5 4 1 6 7 14 9 2 11 12 13 8 3
228 220 8 10 5 0 4 1 6 7 14 9 2 11 12 13 8 3
229 221 8 10 5 14 4 1 6 7 0 9 2 11 12 13 8 3
213 205 8 0 10 5 4 1 6 7 14 9 3 11 12 13 2 8
214 206 8 10 0 5 4 1 6 7 14 9 3 11 12 13 2 8
215 207 8 10 5 0 4 1 6 7 14 9 3 11 12 13 2 8
216 208 8 10 5 14 4 1 6 7 0 9 3 11 12 13 2 8
224 216 8 1 10 5 4 3 6 7 14 9 2 11 12 0 13 8
225 217 8 1 10 5 4 3 6 7 0 9 2 11 12 14 13 8
226 218 8 1 10 0 4 3 6 7 5 9 2 11 12 14 13 8
227 219 8 1 0 10 4 3 6 7 5 9 2 11 12 14 13 8
230 222 8 3 10 5 4 2 6 7 14 9 1 11 12 13 0 8
214 206 8 1 10 5 4 9 6 7 14 0 2 11 12 13 8 3
215 207 8 1 10 5 4 9 6 7 0 14 2 11 12 13 8 3
216 208 8 1 10 0 4 9 6 7 5 14 2 11 12 13 8 3
217 209 8 1 0 10 4 9 6 7 5 14 2 11 12 13 8 3
219 210 9 0 1 10 4 9 6 7 5 14 2 11 12 13 8 3
221 213 8 3 1 10 4 9 6 7 5 14 2 11 12 13 8 0
225 216 9 3 1 10 4 9 6 7 5 0 2 11 12 13 8 14
226 217 9 3 1 10 4 9 6 7 5 2 0 11 12 13 8 14
226 218 8 3 1 10 4 9 6 7 5 2 14 11 12 13 8 0
230 221 9 3 1 10 4 9 6 7 5 0 14 11 12 13 8 2
231 222 9 3 1 10 4 9 6 7 0 5 14 11 12 13 8 2
232 223 9 3 1 0 4 9 6 7 10 5 14 11 12 13 8 2
233 224 9 3 0 1 4 9 6 7 10 5 14 11 12 13 8 2
234 225 9 0 3 1 4 9 6 7 10 5 14 11 12 13 8 2
236 228 8 2 3 1 4 9 6 7 10 5 14 11 12 13 8 0
240 231 9 2 3 1 4 9 6 7 10 0 14 11 12 13 8 5
241 232 9 2 3 1 4 9 6 7 10 14 0 11 12 13 8 5
241 233 8 2 3 1 4 9 6 7 10 14 5 11 12 13 8 0
245 236 9 2 3 1 4 9 6 7 10 0 5 11 12 13 8 14
246 237 9 2 3 1 4 9 6 7 0 10 5 11 12 13 8 14
247 238 9 2 3 0 4 9 6 7 1 10 5 11 12 13 8 14
247 239 8 2 0 3 4 9 6 7 1 10 5 11 12 13 8 14
247 240 7 0 2 3 4 9 6 7 1 10 5 11 12 13 8 14
249 243 6 14 2 3 4 9 6 7 1 10 5 11 12 13 8 0
253 246 7 14 2 3 4 9 6 7 1 0 5 11 12 13 8 10
254 247 7 14 2 3 4 9 6 7 1 5 0 11 12 13 8 10
253 248 5 14 2 3 4 9 6 7 1 5 10 11 12 13 8 0
257 251 6 14 2 3 4 9 6 7 1 0 10 11 12 13 8 5
258 252 6 14 2 3 4 9 6 7 0 1 10 11 12 13 8 5
258 252 6 14 2 3 4 9 6 7 1 8 10 11 12 13 0 5
258 253 5 14 2 3 4 9 6 7 1 8 10 11 12 13 5 0
262 256 6 14 2 3 4 9 6 7 1 0 10 11 12 13 5 8
263 257 6 14 2 3 4 9 6 7 0 1 10 11 12 13 5 8
262 256 6 0 2 3 4 9 6 7 1 8 10 11 12 13 5 14
264 258 6 9 2 3 4 0 6 7 1 8 10 11 12 13 5 14
265 260 5 9 2 3 4 14 6 7 1 8 10 11 12 13 5 0
269 263 6 9 2 3 4 14 6 7 1 0 10 11 12 13 5 8
270 264 6 9 2 3 4 14 6 7 0 1 10 11 12 13 5 8
270 264 6 9 2 3 4 14 6 7 1 5 10 11 12 13 0 8
270 265 5 9 2 3 4 14 6 7 1 5 10 11 12 13 8 0
274 268 6 9 2 3 4 14 6 7 1 0 10 11 12 13 8 5
275 269 6 9 2 3 4 14 6 7 0 1 10 11 12 13 8 5
267 261 6 9 2 3 4 8 6 7 1 0 10 11 12 13 5 14
268 262 6 9 2 3 4 8 6 7 0 1 10 11 12 13 5 14
257 251 6 0 2 3 4 9 6 7 1 5 10 11 12 13 8 14
256 250 6 14 2 3 4 0 6 7 1 5 10 11 12 13 8 9
258 253 5 14 2 3 4 5 6 7 1 0 10 11 12 13 8 9
259 254 5 14 2 3 4 5 6 7 0 1 10 11 12 13 8 9
259 254 5 14 2 3 4 5 6 7 1 8 10 11 12 13 0 9
259 255 4 14 2 3 4 5 6 7 1 8 10 11 12 13 9 0
263 258 5 14 2 3 4 5 6 7 1 0 10 11 12 13 9 8
263 259 4 14 2 3 4 5 6 7 1 9 10 11 12 13 0 8
263 260 3 14 2 3 4 5 6 7 1 9 10 11 12 13 8 0
267 263 4 0 2 3 4 5 6 7 1 9 10 11 12 13 8 14
271 266 5 7 2 3 4 5 6 0 1 9 10 11 12 13 8 14
272 267 5 7 2 3 4 5 6 1 0 9 10 11 12 13 8 14
263 258 5 0 2 3 4 5 6 7 1 8 10 11 12 13 9 14
270 265 5 11 2 3 4 5 6 7 1 9 10 0 12 13 8 14
271 267 4 11 2 3 4 5 6 7 1 9 10 14 12 13 8 0
275 270 5 0 2 3 4 5 6 7 1 9 10 14 12 13 8 11
273 268 5 11 2 3 4 5 6 7 1 9 10 14 12 13 0 8
270 265 5 5 2 3 4 0 6 7 1 9 10 11 12 13 8 14
271 267 4 5 2 3 4 14 6 7 1 9 10 11 12 13 8 0
275 270 5 0 2 3 4 14 6 7 1 9 10 11 12 13 8 5
273 268 5 5 2 3 4 14 6 7 1 9 10 11 12 13 0 8
269 264 5 2 0 3 4 5 6 7 1 9 10 11 12 13 8 14
269 264 5 6 2 3 4 5 0 7 1 9 10 11 12 13 8 14
266 261 5 14 2 3 4 5 6 7 1 9 0 11 12 13 8 10
264 259 5 14 2 3 4 5 6 7 0 1 10 11 12 13 9 8
265 260 5 14 2 3 4 5 6 7 1 9 10 11 12 0 13 8
266 261 5 14 2 3 4 5 6 7 0 9 10 11 12 1 13 8
267 262 5 14 2 3 4 0 6 7 1 9 10 11 12 13 8 5
267 262 5 14 2 3 4 5 6 7 1 9 10 0 12 13 8 11
271 265 6 14 2 3 4 5 6 0 1 9 10 7 12 13 8 11
272 266 6 14 2 3 4 5 6 1 0 9 10 7 12 13 8 11
271 265 6 14 2 3 4 0 6 7 1 9 10 5 12 13 8 11
272 267 5 14 2 3 4 11 6 7 1 9 10 5 12 13 8 0
276 270 6 0 2 3 4 11 6 7 1 9 10 5 12 13 8 14
274 268 6 14 2 3 4 11 6 7 1 9 10 5 12 13 0 8
273 267 6 0 2 3 4 14 6 7 1 9 10 5 12 13 8 11
275 270 5 11 2 3 4 14 6 7 1 9 10 5 12 13 8 0
277 271 6 11 2 3 4 14 6 7 1 9 10 5 12 13 0 8
269 263 6 14 2 3 4 5 6 7 1 9 10 12 0 13 8 11
260 254 6 14 2 3 4 5 6 7 1 10 0 11 12 13 8 9
260 255 5 14 2 3 4 5 6 7 1 10 9 11 12 13 8 0
264 258 6 0 2 3 4 5 6 7 1 10 9 11 12 13 8 14
262 256 6 14 2 3 4 5 6 7 1 10 9 11 12 13 0 8
263 257 6 14 2 3 4 5 6 7 1 0 9 11 12 13 10 8
263 258 5 14 2 3 4 5 6 7 1 9 0 11 12 13 10 8
263 259 4 14 2 3 4 5 6 7 1 9 8 11 12 13 10 0
267 262 5 0 2 3 4 5 6 7 1 9 8 11 12 13 10 14
265 260 5 14 2 3 4 5 6 7 1 9 8 11 12 13 0 10
267 261 6 14 2 3 4 5 6 7 1 9 8 11 12 0 13 10
268 262 6 14 2 3 4 5 6 7 0 9 8 11 12 1 13 10
274 268 6 7 2 0 4 5 6 1 3 9 10 11 12 13 8 14
267 261 6 14 2 3 4 5 6 7 1 0 8 11 12 13 9 10
268 262 6 14 2 3 4 5 6 7 0 1 8 11 12 13 9 10
271 265 6 7 2 3 4 5 6 0 1 9 8 11 12 13 10 14
272 266 6 7 2 3 4 5 6 1 0 9 8 11 12 13 10 14
273 267 6 7 2 3 4 5 0 6 1 9 10 11 12 13 8 14
265 259 6 6 2 3 4 5 0 7 1 8 10 11 12 13 9 14
266 260 6 5 2 3 4 0 6 7 1 8 10 11 12 13 9 14
267 262 5 5 2 3 4 14 6 7 1 8 10 11 12 13 9 0
271 265 6 0 2 3 4 14 6 7 1 8 10 11 12 13 9 5
269 263 6 5 2 3 4 14 6 7 1 8 10 11 12 13 0 9
269 263 6 5 2 3 4 8 6 7 1 0 10 11 12 13 9 14
269 264 5 5 2 3 4 8 6 7 1 9 10 11 12 13 0 14
268 265 3 5 2 3 4 8 6 7 1 9 10 11 12 13 14 0
272 268 4 0 2 3 4 8 6 7 1 9 10 11 12 13 14 5
274 270 4 8 2 3 4 0 6 7 1 9 10 11 12 13 14 5
274 272 2 8 2 3 4 5 6 7 1 9 10 11 12 13 14 0
278 275 3 0 2 3 4 5 6 7 1 9 10 11 12 13 14 8
282 278 4 7 2 3 4 5 6 0 1 9 10 11 12 13 14 8
283 279 4 7 2 3 4 5 6 1 0 9 10 11 12 13 14 8
281 277 4 11 2 3 4 5 6 7 1 9 10 0 12 13 14 8
282 279 3 11 2 3 4 5 6 7 1 9 10 8 12 13 14 0
286 282 4 0 2 3 4 5 6 7 1 9 10 8 12 13 14 11
280 276 4 2 0 3 4 5 6 7 1 9 10 11 12 13 14 8
280 276 4 6 2 3 4 5 0 7 1 9 10 11 12 13 14 8
279 275 4 8 2 3 4 5 6 7 1 0 10 11 12 13 14 9
280 276 4 8 2 3 4 5 6 7 0 1 10 11 12 13 14 9
278 274 4 8 2 3 4 5 6 7 1 9 10 0 12 13 14 11
277 273 4 8 2 3 4 5 6 7 1 9 0 11 12 13 14 10
271 267 4 5 2 3 4 0 6 7 1 9 10 11 12 13 14 8
277 273 4 8 2 3 4 5 6 7 1 9 10 11 12 13 0 14
279 274 5 8 2 3 4 5 6 7 1 9 10 11 12 0 13 14
280 275 5 8 2 3 4 5 6 7 0 9 10 11 12 1 13 14
279 274 5 8 2 3 4 5 6 7 1 0 10 11 12 13 9 14
280 275 5 8 2 3 4 5 6 7 0 1 10 11 12 13 9 14
282 277 5 8 2 3 4 0 6 7 1 9 10 5 12 13 14 11
283 279 4 8 2 3 4 11 6 7 1 9 10 5 12 13 14 0
287 282 5 0 2 3 4 11 6 7 1 9 10 5 12 13 14 8
284 279 5 0 2 3 4 8 6 7 1 9 10 5 12 13 14 11
286 282 4 11 2 3 4 8 6 7 1 9 10 5 12 13 14 0
275 270 5 5 2 3 4 9 6 7 1 0 10 11 12 13 14 8
276 271 5 5 2 3 4 9 6 7 0 1 10 11 12 13 14 8
274 269 5 6 2 3 4 8 0 7 1 9 10 11 12 13 14 5
278 273 5 8 2 3 4 11 6 7 1 9 10 0 12 13 14 5
280 275 5 0 2 3 4 11 6 7 1 9 10 8 12 13 14 5
282 278 4 5 2 3 4 11 6 7 1 9 10 8 12 13 14 0
276 271 5 8 2 3 0 4 6 7 1 9 10 11 12 13 14 5
278 273 5 8 2 3 4 9 6 7 1 0 10 11 12 13 14 5
279 274 5 8 2 3 4 9 6 7 0 1 10 11 12 13 14 5
284 279 5 7 2 3 4 5 6 12 1 9 10 11 0 13 14 8
285 280 5 7 2 3 4 5 6 1 9 0 10 11 12 13 14 8
285 280 5 7 2 0 4 5 6 1 3 9 10 11 12 13 14 8
285 280 5 11 2 3 4 5 6 7 1 9 0 8 12 13 14 10
283 278 5 11 2 3 4 5 6 7 1 9 10 12 0 13 14 8
283 278 5 11 2 3 4 5 0 7 1 9 10 6 12 13 14 8
285 280 5 11 2 3 4 0 6 7 1 9 10 5 12 13 14 8
285 280 5 11 2 3 4 5 6 0 1 9 10 7 12 13 14 8
286 281 5 11 2 3 4 5 6 1 0 9 10 7 12 13 14 8
282 277 5 6 2 3 4 5 11 7 1 9 10 0 12 13 14 8
283 279 4 6 2 3 4 5 11 7 1 9 10 8 12 13 14 0
287 282 5 0 2 3 4 5 11 7 1 9 10 8 12 13 14 6
289 284 5 8 2 3 4 5 11 7 1 9 10 0 12 13 14 6
290 286 4 8 2 3 4 5 11 7 1 9 10 6 12 13 14 0
289 285 4 8 2 3 4 5 0 7 1 9 10 11 12 13 14 6
291 286 5 8 2 3 4 5 7 0 1 9 10 11 12 13 14 6
292 287 5 8 2 3 4 5 7 1 0 9 10 11 12 13 14 6
282 277 5 2 3 0 4 5 6 7 1 9 10 11 12 13 14 8
283 278 5 2 3 1 4 5 6 7 0 9 10 11 12 13 14 8
285 280 5 7 2 3 4 5 6 1 13 9 10 11 12 0 14 8
273 268 5 5 2 3 0 4 6 7 1 9 10 11 12 13 14 8
280 275 5 8 2 3 4 5 0 7 1 9 10 6 12 13 14 11
281 276 5 8 2 3 0 5 6 7 1 4 10 11 12 13 14 9
281 276 5 8 2 3 4 5 6 7 1 10 0 11 12 13 14 9
281 277 4 8 2 3 4 5 6 7 1 10 9 11 12 13 14 0
285 280 5 0 2 3 4 5 6 7 1 10 9 11 12 13 14 8
281 276 5 8 2 3 4 5 6 7 1 14 10 11 12 13 0 9
281 277 4 8 2 3 4 5 6 7 1 14 10 11 12 13 9 0
285 280 5 0 2 3 4 5 6 7 1 14 10 11 12 13 9 8
273 268 5 5 2 3 4 10 6 7 1 9 0 11 12 13 14 8
273 269 4 5 2 3 4 10 6 7 1 9 8 11 12 13 14 0
277 272 5 0 2 3 4 10 6 7 1 9 8 11 12 13 14 5
279 274 5 10 2 3 4 0 6 7 1 9 8 11 12 13 14 5
279 276 3 10 2 3 4 5 6 7 1 9 8 11 12 13 14 0
283 279 4 0 2 3 4 5 6 7 1 9 8 11 12 13 14 10
281 277 4 10 2 3 4 5 6 7 1 9 0 11 12 13 14 8
283 278 5 10 2 3 4 5 6 7 1 0 9 11 12 13 14 8
284 279 5 10 2 3 4 5 6 7 0 1 9 11 12 13 14 8
283 278 5 10 2 3 4 0 6 7 1 9 5 11 12 13 14 8
284 280 4 10 2 3 4 8 6 7 1 9 5 11 12 13 14 0
288 283 5 0 2 3 4 8 6 7 1 9 5 11 12 13 14 10
285 280 5 0 2 3 4 10 6 7 1 9 5 11 12 13 14 8
287 283 4 8 2 3 4 10 6 7 1 9 5 11 12 13 14 0
284 279 5 7 0 3 4 5 6 2 1 9 10 11 12 13 14 8
285 280 5 0 7 3 4 5 6 2 1 9 10 11 12 13 14 8
287 283 4 8 7 3 4 5 6 2 1 9 10 11 12 13 14 0
276 271 5 8 2 3 4 10 6 7 1 9 0 11 12 13 14 5
282 277 5 6 2 3 4 5 7 0 1 9 10 11 12 13 14 8
283 278 5 6 2 3 4 5 7 1 0 9 10 11 12 13 14 8
288 283 5 11 2 3 4 5 0 7 1 9 10 8 12 13 14 6
289 284 5 11 2 3 4 5 8 7 1 9 10 0 12 13 14 6
290 286 4 0 2 3 4 5 8 7 1 9 10 11 12 13 14 6
292 289 3 6 2 3 4 5 8 7 1 9 10 11 12 13 14 0
290 286 4 11 2 3 4 5 8 7 1 9 10 6 12 13 14 0
294 289 5 0 2 3 4 5 8 7 1 9 10 6 12 13 14 11
297 292 5 6 2 3 4 5 8 7 1 0 10 11 12 13 14 9
298 293 5 6 2 3 4 5 8 7 0 1 10 11 12 13 14 9
296 291 5 6 2 3 4 0 8 7 1 9 10 11 12 13 14 5
298 293 5 0 2 3 4 6 8 7 1 9 10 11 12 13 14 5
300 296 4 5 2 3 4 6 8 7 1 9 10 11 12 13 14 0
299 294 5 8 2 3 4 6 0 7 1 9 10 11 12 13 14 5
296 291 5 6 2 3 4 5 8 7 1 9 10 0 12 13 14 11
285 280 5 11 2 3 4 5 6 7 1 9 10 8 12 13 0 14
280 275 5 8 2 3 4 5 6 7 1 9 10 12 0 13 14 11
279 274 5 8 2 3 4 0 6 7 1 9 5 11 12 13 14 10
282 277 5 8 2 3 4 5 6 0 1 9 10 7 12 13 14 11
283 278 5 8 2 3 4 5 6 1 0 9 10 7 12 13 14 11
282 277 5 8 2 0 4 5 6 7 3 1 10 11 12 13 14 9
279 274 5 8 2 3 4 5 6 7 1 0 9 11 12 13 14 10
280 275 5 8 2 3 4 5 6 7 0 1 9 11 12 13 14 10
287 282 5 11 2 3 4 5 6 7 1 0 10 8 12 13 14 9
288 283 5 11 2 3 4 5 6 7 0 1 10 8 12 13 14 9
287 282 5 7 2 3 4 5 6 0 1 9 8 11 12 13 14 10
288 283 5 7 2 3 4 5 6 1 0 9 8 11 12 13 14 10
283 278 5 10 2 3 4 5 6 7 1 9 8 0 12 13 14 11
285 280 5 0 2 3 4 5 6 7 1 9 8 10 12 13 14 11
287 283 4 11 2 3 4 5 6 7 1 9 8 10 12 13 14 0
289 284 5 11 2 3 4 5 6 7 1 9 0 10 12 13 14 8
275 270 5 5 2 3 4 11 6 7 1 9 10 0 12 13 14 8
274 269 5 2 0 3 4 8 6 7 1 9 10 11 12 13 14 5
284 279 5 7 2 3 4 5 0 6 1 9 10 11 12 13 14 8
273 268 5 5 2 3 4 8 6 7 1 0 10 11 12 13 14 9
274 269 5 5 2 3 4 8 6 7 0 1 10 11 12 13 14 9
282 277 5 8 2 3 4 5 6 7 13 1 10 11 12 0 14 9
293 288 5 5 2 3 4 0 8 7 1 9 10 11 12 13 14 6
282 277 5 11 2 3 4 0 6 7 1 9 10 8 12 13 14 5
276 271 5 7 2 3 4 8 6 0 1 9 10 11 12 13 14 5
277 272 5 7 2 3 4 8 6 1 0 9 10 11 12 13 14 5
275 270 5 11 2 3 4 8 6 7 1 9 10 0 12 13 14 5
284 279 5 0 2 3 4 5 11 7 1 9 10 6 12 13 14 8
282 277 5 8 2 3 4 5 6 0 7 1 10 11 12 13 14 9
272 267 5 5 2 3 4 8 6 7 1 9 10 0 12 13 14 11
288 283 5 6 2 3 4 5 0 7 1 9 10 8 12 13 14 11
288 283 5 2 0 3 4 5 6 7 1 9 10 8 12 13 14 11
276 271 5 5 2 3 4 0 6 7 1 9 8 11 12 13 14 10
294 289 5 7 2 3 4 5 8 0 1 9 10 11 12 13 14 6
295 290 5 7 2 3 4 5 8 1 0 9 10 11 12 13 14 6
295 290 5 7 2 3 4 5 0 8 1 9 10 11 12 13 14 6
290 285 5 7 2 3 4 5 6 0 1 9 10 8 12 13 14 11
291 286 5 7 2 3 4 5 6 1 0 9 10 8 12 13 14 11
295 290 5 6 2 3 4 5 8 7 1 9 10 11 12 13 0 14
275 270 5 5 2 3 4 0 6 7 1 9 10 8 12 13 14 11
285 280 5 6 2 3 4 5 0 7 1 9 8 11 12 13 14 10
282 277 5 2 7 3 4 5 6 0 1 9 10 11 12 13 14 8
283 278 5 2 7 3 4 5 6 1 0 9 10 11 12 13 14 8
280 275 5 10 2 3 4 8 6 7 1 9 0 11 12 13 14 5
284 279 5 10 2 3 4 5 6 7 1 0 8 11 12 13 14 9
285 280 5 10 2 3 4 5 6 7 1 8 0 11 12 13 14 9
285 281 4 10 2 3 4 5 6 7 1 8 9 11 12 13 14 0
289 284 5 0 2 3 4 5 6 7 1 8 9 11 12 13 14 10
285 280 5 10 2 3 4 5 6 7 0 1 8 11 12 13 14 9
282 277 5 10 2 3 4 5 6 7 1 9 8 11 12 13 0 14
285 280 5 2 0 3 4 5 6 7 1 9 8 11 12 13 14 10
286 281 5 11 2 3 4 5 6 7 1 9 8 0 12 13 14 10
292 287 5 2 0 3 4 5 8 7 1 9 10 11 12 13 14 6
295 290 5 6 2 3 4 5 8 7 1 9 0 11 12 13 14 10
271 266 5 5 2 3 4 8 6 7 1 9 0 11 12 13 14 10
273 267 6 5 2 3 4 8 6 7 1 0 9 11 12 13 14 10
274 268 6 5 2 3 4 8 6 7 0 1 9 11 12 13 14 10
297 291 6 6 2 3 4 5 8 7 1 0 9 11 12 13 14 10
298 292 6 6 2 3 4 5 8 7 0 1 9 11 12 13 14 10
278 272 6 5 2 3 4 0 6 7 1 9 10 14 12 13 8 11
279 274 5 5 2 3 4 11 6 7 1 9 10 14 12 13 8 0
283 277 6 0 2 3 4 11 6 7 1 9 10 14 12 13 8 5
281 275 6 5 2 3 4 11 6 7 1 9 10 14 12 13 0 8
272 266 6 5 2 3 0 4 6 7 1 9 10 11 12 13 8 14
272 266 6 5 2 3 4 10 6 7 1 9 0 11 12 13 8 14
272 267 5 5 2 3 4 10 6 7 1 9 14 11 12 13 8 0
276 270 6 0 2 3 4 10 6 7 1 9 14 11 12 13 8 5
278 272 6 10 2 3 4 0 6 7 1 9 14 11 12 13 8 5
278 274 4 10 2 3 4 5 6 7 1 9 14 11 12 13 8 0
282 277 5 0 2 3 4 5 6 7 1 9 14 11 12 13 8 10
280 275 5 10 2 3 4 5 6 7 1 9 14 11 12 13 0 8
280 275 5 10 2 3 4 5 6 7 1 9 0 11 12 13 8 14
282 276 6 10 2 3 4 5 6 7 1 0 9 11 12 13 8 14
283 277 6 10 2 3 4 5 6 7 0 1 9 11 12 13 8 14
282 276 6 10 2 3 4 0 6 7 1 9 5 11 12 13 8 14
283 278 5 10 2 3 4 14 6 7 1 9 5 11 12 13 8 0
287 281 6 0 2 3 4 14 6 7 1 9 5 11 12 13 8 10
285 279 6 10 2 3 4 14 6 7 1 9 5 11 12 13 0 8
284 278 6 0 2 3 4 10 6 7 1 9 5 11 12 13 8 14
286 281 5 14 2 3 4 10 6 7 1 9 5 11 12 13 8 0
288 282 6 14 2 3 4 10 6 7 1 9 5 11 12 13 0 8
282 276 6 10 2 3 4 5 6 7 1 9 14 11 12 0 13 8
283 277 6 10 2 3 4 5 6 7 0 9 14 11 12 1 13 8
282 276 6 10 2 3 4 5 6 7 1 0 14 11 12 13 9 8
283 277 6 10 2 3 4 5 6 7 1 14 0 11 12 13 9 8
283 278 5 10 2 3 4 5 6 7 1 14 8 11 12 13 9 0
287 281 6 0 2 3 4 5 6 7 1 14 8 11 12 13 9 10
283 277 6 10 2 3 4 5 6 7 0 1 14 11 12 13 9 8
270 264 6 11 2 3 4 5 6 7 1 9 8 0 12 13 10 14
271 266 5 11 2 3 4 5 6 7 1 9 8 14 12 13 10 0
275 269 6 0 2 3 4 5 6 7 1 9 8 14 12 13 10 11
273 267 6 11 2 3 4 5 6 7 1 9 8 14 12 13 0 10
273 267 6 11 2 3 4 5 6 7 1 9 0 14 12 13 10 8
284 278 6 2 0 3 4 5 6 7 1 9 14 11 12 13 8 10
275 269 6 5 2 3 4 0 6 7 1 9 14 11 12 13 8 10
285 279 6 11 2 3 4 5 6 7 1 9 14 0 12 13 8 10
286 281 5 11 2 3 4 5 6 7 1 9 14 10 12 13 8 0
290 284 6 0 2 3 4 5 6 7 1 9 14 10 12 13 8 11
288 282 6 11 2 3 4 5 6 7 1 9 14 10 12 13 0 8
288 282 6 11 2 3 4 5 6 7 1 9 0 10 12 13 8 14
284 278 6 6 2 3 4 5 0 7 1 9 14 11 12 13 8 10
283 277 6 10 2 3 4 5 6 7 1 0 14 11 12 13 8 9
284 278 6 10 2 3 4 5 6 7 1 14 0 11 12 13 8 9
284 279 5 10 2 3 4 5 6 7 1 14 9 11 12 13 8 0
288 282 6 0 2 3 4 5 6 7 1 14 9 11 12 13 8 10
284 278 6 10 2 3 4 5 6 7 0 1 14 11 12 13 8 9
284 278 6 10 2 3 4 5 6 7 1 8 14 11 12 13 0 9
284 279 5 10 2 3 4 5 6 7 1 8 14 11 12 13 9 0
288 282 6 0 2 3 4 5 6 7 1 8 14 11 12 13 9 10
286 280 6 10 2 3 4 5 6 7 1 8 0 11 12 13 9 14
274 268 6 5 2 3 4 10 6 7 1 9 14 11 12 13 0 8
282 276 6 10 2 3 4 5 6 7 1 9 14 0 12 13 8 11
279 273 6 10 2 3 4 14 6 7 1 9 0 11 12 13 8 5
286 280 6 7 2 3 4 5 6 0 1 9 14 11 12 13 8 10
287 281 6 7 2 3 4 5 6 1 0 9 14 11 12 13 8 10
263 257 6 14 2 3 4 5 6 7 1 8 10 0 12 13 9 11
265 259 6 0 2 3 4 5 6 7 1 8 10 14 12 13 9 11
267 262 5 11 2 3 4 5 6 7 1 8 10 14 12 13 9 0
269 263 6 11 2 3 4 5 6 7 1 8 10 14 12 13 0 9
266 260 6 14 2 3 4 5 6 0 7 1 10 11 12 13 9 8
278 272 6 11 2 3 4 14 6 7 1 9 10 0 12 13 8 5
275 269 6 5 2 3 4 14 6 7 1 9 10 0 12 13 8 11
274 268 6 5 2 3 4 14 6 7 1 9 0 11 12 13 8 10
277 271 6 2 0 3 4 14 6 7 1 9 10 11 12 13 8 5
277 271 6 6 2 3 4 14 0 7 1 9 10 11 12 13 8 5
263 257 6 14 2 3 4 0 6 7 1 8 10 11 12 13 9 5
266 260 6 14 2 3 4 8 6 7 1 0 10 11 12 13 9 5
266 261 5 14 2 3 4 8 6 7 1 9 10 11 12 13 0 5
266 262 4 14 2 3 4 8 6 7 1 9 10 11 12 13 5 0
270 265 5 0 2 3 4 8 6 7 1 9 10 11 12 13 5 14
272 267 5 8 2 3 4 0 6 7 1 9 10 11 12 13 5 14
273 269 4 8 2 3 4 14 6 7 1 9 10 11 12 13 5 0
277 272 5 0 2 3 4 14 6 7 1 9 10 11 12 13 5 8
275 270 5 8 2 3 4 14 6 7 1 9 10 11 12 13 0 5
269 264 5 14 2 3 4 0 6 7 1 9 10 11 12 13 5 8
273 267 6 14 2 3 4 11 6 7 1 9 10 0 12 13 5 8
274 269 5 14 2 3 4 11 6 7 1 9 10 8 12 13 5 0
278 272 6 0 2 3 4 11 6 7 1 9 10 8 12 13 5 14
280 274 6 11 2 3 4 0 6 7 1 9 10 8 12 13 5 14
281 276 5 11 2 3 4 14 6 7 1 9 10 8 12 13 5 0
285 279 6 0 2 3 4 14 6 7 1 9 10 8 12 13 5 11
283 277 6 11 2 3 4 14 6 7 1 9 10 8 12 13 0 5
277 271 6 14 2 3 4 0 6 7 1 9 10 8 12 13 5 11
276 270 6 14 2 3 4 11 6 7 1 9 10 8 12 13 0 5
275 269 6 0 2 3 4 11 6 7 1 9 10 14 12 13 5 8
277 272 5 8 2 3 4 11 6 7 1 9 10 14 12 13 5 0
280 274 6 8 2 3 4 0 6 7 1 9 10 14 12 13 5 11
282 276 6 0 2 3 4 8 6 7 1 9 10 14 12 13 5 11
284 279 5 11 2 3 4 8 6 7 1 9 10 14 12 13 5 0
286 280 6 11 2 3 4 8 6 7 1 9 10 14 12 13 0 5
279 273 6 8 2 3 4 11 6 7 1 9 10 14 12 13 0 5
277 271 6 11 2 3 4 0 6 7 1 9 10 14 12 13 5 8
271 265 6 14 2 3 0 4 6 7 1 9 10 11 12 13 5 8
274 268 6 7 2 3 4 8 6 0 1 9 10 11 12 13 5 14
275 269 6 7 2 3 4 8 6 1 0 9 10 11 12 13 5 14
276 270 6 8 2 3 4 14 6 7 1 9 0 11 12 13 5 10
277 271 6 8 2 3 4 0 6 7 1 9 14 11 12 13 5 10
278 273 5 8 2 3 4 10 6 7 1 9 14 11 12 13 5 0
282 276 6 0 2 3 4 10 6 7 1 9 14 11 12 13 5 8
284 278 6 10 2 3 4 0 6 7 1 9 14 11 12 13 5 8
285 280 5 10 2 3 4 8 6 7 1 9 14 11 12 13 5 0
287 281 6 10 2 3 4 8 6 7 1 9 14 11 12 13 0 5
287 281 6 10 2 3 4 8 6 7 1 9 0 11 12 13 5 14
288 282 6 10 2 3 4 0 6 7 1 9 8 11 12 13 5 14
289 284 5 10 2 3 4 14 6 7 1 9 8 11 12 13 5 0
293 287 6 0 2 3 4 14 6 7 1 9 8 11 12 13 5 10
295 289 6 14 2 3 4 0 6 7 1 9 8 11 12 13 5 10
296 291 5 14 2 3 4 10 6 7 1 9 8 11 12 13 5 0
298 292 6 14 2 3 4 10 6 7 1 9 8 11 12 13 0 5
291 285 6 10 2 3 4 14 6 7 1 9 8 11 12 13 0 5
290 284 6 0 2 3 4 10 6 7 1 9 8 11 12 13 5 14
285 279 6 10 2 3 4 14 6 7 1 9 0 11 12 13 5 8
280 274 6 8 2 3 4 10 6 7 1 9 14 11 12 13 0 5
268 262 6 14 2 3 4 8 6 7 1 9 10 11 12 0 13 5
269 263 6 14 2 3 4 8 6 7 0 9 10 11 12 1 13 5
272 266 6 6 2 3 4 8 0 7 1 9 10 11 12 13 5 14
272 266 6 2 0 3 4 8 6 7 1 9 10 11 12 13 5 14
277 271 6 8 2 3 4 14 6 7 1 9 10 0 12 13 5 11
277 271 6 8 2 3 4 14 6 7 1 0 10 11 12 13 9 5
278 272 6 8 2 3 4 14 6 7 0 1 10 11 12 13 9 5
271 265 6 14 2 3 4 8 6 7 1 0 10 11 12 13 5 9
272 266 6 14 2 3 4 8 6 7 0 1 10 11 12 13 5 9
272 266 6 14 2 3 4 8 6 7 1 5 10 11 12 13 0 9
272 267 5 14 2 3 4 8 6 7 1 5 10 11 12 13 9 0
276 270 6 0 2 3 4 8 6 7 1 5 10 11 12 13 9 14
278 272 6 8 2 3 4 0 6 7 1 5 10 11 12 13 9 14
279 274 5 8 2 3 4 14 6 7 1 5 10 11 12 13 9 0
283 277 6 0 2 3 4 14 6 7 1 5 10 11 12 13 9 8
281 275 6 8 2 3 4 14 6 7 1 5 10 11 12 13 0 9
275 269 6 14 2 3 4 0 6 7 1 5 10 11 12 13 9 8
276 270 6 8 2 3 4 9 6 7 1 0 10 11 12 13 5 14
277 271 6 8 2 3 4 9 6 7 0 1 10 11 12 13 5 14
277 271 6 8 2 3 4 9 6 7 1 5 10 11 12 13 0 14
276 272 4 8 2 3 4 9 6 7 1 5 10 11 12 13 14 0
280 275 5 0 2 3 4 9 6 7 1 5 10 11 12 13 14 8
282 277 5 9 2 3 4 0 6 7 1 5 10 11 12 13 14 8
284 280 4 9 2 3 4 5 6 7 1 0 10 11 12 13 14 8
285 281 4 9 2 3 4 5 6 7 0 1 10 11 12 13 14 8
283 279 4 9 2 3 4 8 6 7 1 5 10 11 12 13 14 0
287 282 5 9 2 3 4 8 6 7 1 0 10 11 12 13 14 5
288 283 5 9 2 3 4 8 6 7 0 1 10 11 12 13 14 5
287 282 5 0 2 3 4 8 6 7 1 5 10 11 12 13 14 9
287 282 5 9 2 3 4 5 6 0 7 1 10 11 12 13 14 8
287 282 5 9 2 3 4 5 6 7 13 1 10 11 12 0 14 8
287 282 5 9 2 0 4 5 6 7 3 1 10 11 12 13 14 8
286 281 5 9 2 3 4 5 6 7 1 10 0 11 12 13 14 8
286 282 4 9 2 3 4 5 6 7 1 10 8 11 12 13 14 0
290 285 5 9 2 3 4 5 6 7 1 0 8 11 12 13 14 10
291 286 5 9 2 3 4 5 6 7 1 8 0 11 12 13 14 10
290 287 3 9 2 3 4 5 6 7 1 8 10 11 12 13 14 0
294 290 4 0 2 3 4 5 6 7 1 8 10 11 12 13 14 9
298 293 5 7 2 3 4 5 6 0 1 8 10 11 12 13 14 9
299 294 5 7 2 3 4 5 6 1 0 8 10 11 12 13 14 9
299 295 4 7 2 3 4 5 6 1 8 0 10 11 12 13 14 9
301 296 5 7 2 3 4 5 6 1 8 10 0 11 12 13 14 9
301 297 4 7 2 3 4 5 6 1 8 10 9 11 12 13 14 0
305 300 5 7 2 3 4 5 6 1 8 0 9 11 12 13 14 10
305 301 4 7 2 3 4 5 6 1 8 9 0 11 12 13 14 10
304 302 2 7 2 3 4 5 6 1 8 9 10 11 12 13 14 0
308 305 3 0 2 3 4 5 6 1 8 9 10 11 12 13 14 7
310 308 2 1 2 3 4 5 6 0 8 9 10 11 12 13 14 7
312 309 3 1 2 3 4 5 6 8 0 9 10 11 12 13 14 7
312 309 3 1 2 3 4 5 0 6 8 9 10 11 12 13 14 7
312 309 3 1 2 3 4 5 6 12 8 9 10 11 0 13 14 7
312 309 3 1 0 3 4 5 6 2 8 9 10 11 12 13 14 7
314 310 4 1 3 0 4 5 6 2 8 9 10 11 12 13 14 7
311 307 4 5 2 3 4 0 6 1 8 9 10 11 12 13 14 7
312 309 3 5 2 3 4 7 6 1 8 9 10 11 12 13 14 0
316 312 4 0 2 3 4 7 6 1 8 9 10 11 12 13 14 5
318 315 3 1 2 3 4 7 6 0 8 9 10 11 12 13 14 5
320 316 4 1 2 3 4 7 6 8 0 9 10 11 12 13 14 5
320 316 4 1 2 3 4 7 0 6 8 9 10 11 12 13 14 5
320 316 4 1 2 3 4 7 6 12 8 9 10 11 0 13 14 5
320 316 4 1 0 3 4 7 6 2 8 9 10 11 12 13 14 5
314 310 4 1 2 3 4 5 6 8 9 0 10 11 12 13 14 7
314 310 4 1 2 3 4 5 6 8 13 9 10 11 12 0 14 7
308 304 4 7 2 3 4 5 6 1 8 9 10 0 12 13 14 11
311 307 4 7 2 3 4 5 6 0 8 9 10 1 12 13 14 11
310 306 4 0 2 3 4 5 6 1 8 9 10 7 12 13 14 11
312 309 3 1 2 3 4 5 6 0 8 9 10 7 12 13 14 11
312 309 3 11 2 3 4 5 6 1 8 9 10 7 12 13 14 0
314 310 4 0 1 3 4 5 6 2 8 9 10 11 12 13 14 7
316 313 3 7 1 3 4 5 6 2 8 9 10 11 12 13 14 0
317 313 4 2 1 3 4 5 6 0 8 9 10 11 12 13 14 7
314 310 4 1 2 3 4 5 6 8 0 9 10 7 12 13 14 11
314 310 4 1 2 3 4 5 0 6 8 9 10 7 12 13 14 11
315 311 4 1 2 3 4 5 7 6 8 9 10 0 12 13 14 11
315 313 2 1 2 3 4 5 7 6 8 9 10 11 12 13 14 0
320 316 4 1 2 3 4 5 7 6 8 0 10 11 12 13 14 9
320 316 4 0 2 3 4 5 7 6 8 9 10 11 12 13 14 1
323 319 4 6 2 3 4 5 7 0 8 9 10 11 12 13 14 1
323 320 3 6 2 3 4 5 0 7 8 9 10 11 12 13 14 1
325 321 4 6 2 3 4 5 11 7 8 9 10 0 12 13 14 1
326 323 3 6 2 3 4 5 11 7 8 9 10 1 12 13 14 0
330 326 4 0 2 3 4 5 11 7 8 9 10 1 12 13 14 6
331 328 3 1 2 3 4 5 11 7 8 9 10 0 12 13 14 6
332 330 2 1 2 3 4 5 11 7 8 9 10 6 12 13 14 0
331 329 2 1 2 3 4 5 0 7 8 9 10 11 12 13 14 6
333 330 3 1 2 3 4 5 7 0 8 9 10 11 12 13 14 6
335 331 4 1 2 3 4 5 7 8 0 9 10 11 12 13 14 6
335 331 4 1 2 3 4 5 7 12 8 9 10 11 0 13 14 6
335 331 4 1 0 3 4 5 7 2 8 9 10 11 12 13 14 6
327 323 4 0 2 3 4 5 11 7 8 9 10 6 12 13 14 1
328 324 4 11 2 3 4 5 0 7 8 9 10 6 12 13 14 1
328 325 3 11 2 3 4 5 6 7 8 9 10 0 12 13 14 1
329 327 2 0 2 3 4 5 6 7 8 9 10 11 12 13 14 1
330 330 0 1 2 3 4 5 6 7 8 9 10 11 12 13 14 0
