0 0 0 14 0 7 10 11 12 3 1 2 9 13 4 8 6 5
14 1 13 0 14 7 10 11 12 3 1 2 9 13 4 8 6 5
16 4 12 5 14 7 10 11 12 3 1 2 9 13 4 8 6 0
20 7 13 5 14 7 10 11 12 3 1 0 9 13 4 8 6 2
21 8 13 5 14 7 10 11 12 3 1 9 0 13 4 8 6 2
21 9 12 5 14 7 10 11 12 3 1 9 2 13 4 8 6 0
25 12 13 5 14 7 10 11 12 3 1 0 2 13 4 8 6 9
26 13 13 5 14 7 10 11 12 3 0 1 2 13 4 8 6 9
26 14 12 5 14 7 10 11 12 3 8 1 2 13 4 0 6 9
27 15 12 5 14 7 10 11 12 3 8 1 2 13 4 6 0 9
27 16 11 5 14 7 10 11 12 3 8 1 2 13 4 6 9 0
31 19 12 5 14 7 10 11 12 3 8 0 2 13 4 6 9 1
32 20 12 5 14 7 10 11 12 3 8 2 0 13 4 6 9 1
32 21 11 5 14 7 10 11 12 3 8 2 1 13 4 6 9 0
36 24 12 5 14 7 10 11 12 3 8 0 1 13 4 6 9 2
37 25 12 5 14 7 10 11 12 3 8 9 1 13 4 6 0 2
37 26 11 5 14 7 10 11 12 3 8 9 1 13 4 6 2 0
41 29 12 5 14 7 10 11 12 3 8 0 1 13 4 6 2 9
42 30 12 5 14 7 10 11 12 3 8 1 0 13 4 6 2 9
42 31 11 5 14 7 10 11 12 3 8 1 9 13 4 6 2 0
46 34 12 5 14 7 10 11 12 3 8 0 9 13 4 6 2 1
47 35 12 5 14 7 10 11 12 3 8 2 9 13 4 6 0 1
47 36 11 5 14 7 10 11 12 3 8 2 9 13 4 6 1 0
51 39 12 5 14 7 10 11 12 3 8 0 9 13 4 6 1 2
52 40 12 5 14 7 10 11 12 3 8 9 0 13 4 6 1 2
52 41 11 5 14 7 10 11 12 3 8 9 2 13 4 6 1 0
56 44 12 0 14 7 10 11 12 3 8 9 2 13 4 6 1 5
59 47 12 3 14 7 10 11 12 0 8 9 2 13 4 6 1 5
60 48 12 3 14 7 10 11 0 12 8 9 2 13 4 6 1 5
61 49 12 3 14 7 10 11 13 12 8 9 2 0 4 6 1 5
62 51 11 0 14 7 10 11 13 12 8 9 2 3 4 6 1 5
64 54 10 5 14 7 10 11 13 12 8 9 2 3 4 6 1 0
68 57 11 5 14 7 10 11 13 12 8 0 2 3 4 6 1 9
69 58 11 5 14 7 10 11 13 12 8 2 0 3 4 6 1 9
69 59 10 5 14 7 10 11 13 12 8 2 9 3 4 6 1 0
73 62 11 5 14 7 10 11 13 12 8 0 9 3 4 6 1 2
74 63 11 5 14 7 10 11 13 12 8 1 9 3 4 6 0 2
74 64 10 5 14 7 10 11 13 12 8 1 9 3 4 6 2 0
78 67 11 5 14 7 10 11 13 12 8 0 9 3 4 6 2 1
79 68 11 5 14 7 10 11 13 12 8 9 0 3 4 6 2 1
79 69 10 5 14 7 10 11 13 12 8 9 1 3 4 6 2 0
83 72 11 5 14 7 10 11 13 12 8 0 1 3 4 6 2 9
84 73 11 5 14 7 10 11 13 12 8 2 1 3 4 6 0 9
84 74 10 5 14 7 10 11 13 12 8 2 1 3 4 6 9 0
88 77 11 5 14 7 10 11 13 12 8 0 1 3 4 6 9 2
89 78 11 5 14 7 10 11 13 12 8 1 0 3 4 6 9 2
89 79 10 5 14 7 10 11 13 12 8 1 2 3 4 6 9 0
93 82 11 5 14 7 10 11 13 12 8 0 2 3 4 6 9 1
73 62 11 0 14 7 10 11 13 12 8 2 9 3 4 6 1 5
76 65 11 12 14 7 10 11 13 0 8 2 9 3 4 6 1 5
77 66 11 12 14 7 10 11 0 13 8 2 9 3 4 6 1 5
63 52 11 14 0 7 10 11 13 12 8 9 2 3 4 6 1 5
64 53 11 14 12 7 10 11 13 0 8 9 2 3 4 6 1 5
65 54 11 14 12 7 10 11 0 13 8 9 2 3 4 6 1 5
72 61 11 5 14 7 10 0 13 12 8 2 9 3 4 6 1 11
75 64 11 5 14 7 10 2 13 12 8 0 9 3 4 6 1 11
76 65 11 5 14 7 10 2 13 12 8 9 0 3 4 6 1 11
76 66 10 5 14 7 10 2 13 12 8 9 11 3 4 6 1 0
80 69 11 5 14 7 10 2 13 12 8 0 11 3 4 6 1 9
80 70 10 5 14 7 10 2 13 12 8 11 0 3 4 6 1 9
80 71 9 5 14 7 10 2 13 12 8 11 9 3 4 6 1 0
84 74 10 0 14 7 10 2 13 12 8 11 9 3 4 6 1 5
87 77 10 12 14 7 10 2 13 0 8 11 9 3 4 6 1 5
88 78 10 12 14 7 10 2 0 13 8 11 9 3 4 6 1 5
88 78 10 12 14 7 10 2 13 4 8 11 9 3 0 6 1 5
88 79 9 12 14 7 10 2 13 4 8 11 9 3 6 0 1 5
89 80 9 12 14 7 10 2 13 4 8 11 9 3 6 1 0 5
89 81 8 12 14 7 10 2 13 4 8 11 9 3 6 1 5 0
93 84 9 0 14 7 10 2 13 4 8 11 9 3 6 1 5 12
96 87 9 4 14 7 10 2 13 0 8 11 9 3 6 1 5 12
97 88 9 4 14 7 10 2 0 13 8 11 9 3 6 1 5 12
97 88 9 4 0 7 10 2 13 14 8 11 9 3 6 1 5 12
97 89 8 0 4 7 10 2 13 14 8 11 9 3 6 1 5 12
99 92 7 12 4 7 10 2 13 14 8 11 9 3 6 1 5 0
102 94 8 12 4 7 10 0 13 14 8 11 9 3 6 1 5 2
104 96 8 0 4 7 10 12 13 14 8 11 9 3 6 1 5 2
106 99 7 2 4 7 10 12 13 14 8 11 9 3 6 1 5 0
108 100 8 2 4 7 10 12 13 14 8 11 9 3 6 1 0 5
109 101 8 2 4 7 10 12 13 14 8 11 9 3 6 0 1 5
108 100 8 2 4 7 10 12 13 14 8 11 0 3 6 1 5 9
109 101 8 2 4 7 10 0 13 14 8 11 12 3 6 1 5 9
110 103 7 2 4 7 10 9 13 14 8 11 12 3 6 1 5 0
114 106 8 0 4 7 10 9 13 14 8 11 12 3 6 1 5 2
117 109 8 14 4 7 10 9 13 0 8 11 12 3 6 1 5 2
118 110 8 14 4 7 10 9 0 13 8 11 12 3 6 1 5 2
100 92 8 14 4 7 10 2 13 0 8 11 9 3 6 1 5 12
101 93 8 14 4 7 10 2 0 13 8 11 9 3 6 1 5 12
103 95 8 12 4 7 10 9 13 14 8 11 0 3 6 1 5 2
103 96 7 12 4 7 10 9 13 14 8 11 2 3 6 1 5 0
107 99 8 0 4 7 10 9 13 14 8 11 2 3 6 1 5 12
110 102 8 14 4 7 10 9 13 0 8 11 2 3 6 1 5 12
111 103 8 14 4 7 10 9 0 13 8 11 2 3 6 1 5 12
109 101 8 9 4 7 10 0 13 14 8 11 2 3 6 1 5 12
110 103 7 9 4 7 10 12 13 14 8 11 2 3 6 1 5 0
114 106 8 0 4 7 10 12 13 14 8 11 2 3 6 1 5 9
117 109 8 14 4 7 10 12 13 0 8 11 2 3 6 1 5 9
118 110 8 14 4 7 10 12 0 13 8 11 2 3 6 1 5 9
115 107 8 13 4 7 10 12 0 14 8 11 2 3 6 1 5 9
116 108 8 13 4 7 10 12 14 0 8 11 2 3 6 1 5 9
105 97 8 13 4 7 10 12 0 14 8 11 9 3 6 1 5 2
106 98 8 13 4 7 10 12 14 0 8 11 9 3 6 1 5 2
112 104 8 2 4 7 10 9 13 14 8 11 0 3 6 1 5 12
101 93 8 12 4 7 10 2 13 14 8 11 9 3 6 1 0 5
102 94 8 12 4 7 10 2 13 14 8 11 9 3 6 0 1 5
99 91 8 2 4 7 10 0 13 14 8 11 9 3 6 1 5 12
111 103 8 0 4 7 10 2 13 14 8 11 12 3 6 1 5 9
113 106 7 9 4 7 10 2 13 14 8 11 12 3 6 1 5 0
115 107 8 9 4 7 10 2 13 14 8 11 12 3 6 1 0 5
116 108 8 9 4 7 10 2 13 14 8 11 12 3 6 0 1 5
114 106 8 14 4 7 10 2 13 0 8 11 12 3 6 1 5 9
115 107 8 14 4 7 10 2 0 13 8 11 12 3 6 1 5 9
107 99 8 14 4 7 10 12 13 0 8 11 9 3 6 1 5 2
108 100 8 14 4 7 10 12 0 13 8 11 9 3 6 1 5 2
112 104 8 2 4 7 10 9 13 14 8 11 12 3 6 1 0 5
113 105 8 2 4 7 10 9 13 14 8 11 12 3 6 0 1 5
110 102 8 9 4 7 10 2 13 14 8 11 0 3 6 1 5 12
115 107 8 13 4 7 10 9 0 14 8 11 12 3 6 1 5 2
116 108 8 13 4 7 10 9 14 0 8 11 12 3 6 1 5 2
108 100 8 13 4 7 10 9 0 14 8 11 2 3 6 1 5 12
109 101 8 13 4 7 10 9 14 0 8 11 2 3 6 1 5 12
112 104 8 9 4 7 10 12 13 14 8 11 2 3 6 1 0 5
113 105 8 9 4 7 10 12 13 14 8 11 2 3 6 0 1 5
112 104 8 9 4 7 10 12 13 14 8 11 0 3 6 1 5 2
106 98 8 12 4 7 10 0 13 14 8 11 2 3 6 1 5 9
105 97 8 12 4 7 10 9 13 14 8 11 2 3 6 1 0 5
106 98 8 12 4 7 10 9 13 14 8 11 2 3 6 0 1 5
98 90 8 13 4 7 10 2 0 14 8 11 9 3 6 1 5 12
99 91 8 13 4 7 10 2 14 0 8 11 9 3 6 1 5 12
101 93 8 12 4 7 10 2 13 14 8 11 0 3 6 1 5 9
113 105 8 9 4 7 10 0 13 14 8 11 12 3 6 1 5 2
112 104 8 13 4 7 10 2 0 14 8 11 12 3 6 1 5 9
113 105 8 13 4 7 10 2 14 0 8 11 12 3 6 1 5 9
115 106 9 13 4 7 10 2 14 8 0 11 12 3 6 1 5 9
116 107 9 13 4 7 10 2 14 8 1 11 12 3 6 0 5 9
117 108 9 13 4 7 10 2 14 8 1 11 12 3 6 5 0 9
117 109 8 13 4 7 10 2 14 8 1 11 12 3 6 5 9 0
121 112 9 0 4 7 10 2 14 8 1 11 12 3 6 5 9 13
124 115 9 8 4 7 10 2 14 0 1 11 12 3 6 5 9 13
125 116 9 8 4 7 10 2 14 1 0 11 12 3 6 5 9 13
126 117 9 8 4 7 10 2 14 1 5 11 12 3 6 0 9 13
126 118 8 8 4 7 10 2 14 1 5 11 12 3 6 9 0 13
126 119 7 8 4 7 10 2 14 1 5 11 12 3 6 9 13 0
130 122 8 0 4 7 10 2 14 1 5 11 12 3 6 9 13 8
132 125 7 1 4 7 10 2 14 0 5 11 12 3 6 9 13 8
132 126 6 1 4 7 10 2 14 5 0 11 12 3 6 9 13 8
134 127 7 1 4 7 10 2 14 5 11 0 12 3 6 9 13 8
135 128 7 1 4 7 10 2 14 5 11 12 0 3 6 9 13 8
135 129 6 1 4 7 10 2 14 5 11 12 8 3 6 9 13 0
139 132 7 1 4 7 10 2 14 5 11 0 8 3 6 9 13 12
139 133 6 1 4 7 10 2 14 5 0 11 8 3 6 9 13 12
141 134 7 1 4 7 10 2 14 0 5 11 8 3 6 9 13 12
142 135 7 1 4 7 10 2 0 14 5 11 8 3 6 9 13 12
141 134 7 1 4 7 10 2 14 5 9 11 8 3 6 0 13 12
142 135 7 1 4 7 10 2 14 5 9 11 8 3 6 13 0 12
141 136 5 1 4 7 10 2 14 5 9 11 8 3 6 13 12 0
144 138 6 1 4 7 10 0 14 5 9 11 8 3 6 13 12 2
145 139 6 1 4 7 10 8 14 5 9 11 0 3 6 13 12 2
145 140 5 1 4 7 10 8 14 5 9 11 2 3 6 13 12 0
148 142 6 1 4 7 10 0 14 5 9 11 2 3 6 13 12 8
143 137 6 1 4 7 10 2 14 5 9 11 0 3 6 13 12 8
145 138 7 1 4 7 10 2 14 5 9 0 11 3 6 13 12 8
146 139 7 1 4 7 10 2 14 5 0 9 11 3 6 13 12 8
147 140 7 1 4 7 10 2 14 5 13 9 11 3 6 0 12 8
148 141 7 1 4 7 10 3 14 5 9 11 8 0 6 13 12 2
149 143 6 1 4 7 10 3 14 5 9 11 8 2 6 13 12 0
152 145 7 1 4 7 10 0 14 5 9 11 8 2 6 13 12 3
153 146 7 1 4 7 10 8 14 5 9 11 0 2 6 13 12 3
153 147 6 1 4 7 10 8 14 5 9 11 3 2 6 13 12 0
156 149 7 1 4 7 10 0 14 5 9 11 3 2 6 13 12 8
159 152 7 1 4 7 10 2 14 5 9 11 3 0 6 13 12 8
160 154 6 1 4 7 10 2 14 5 9 11 3 8 6 13 12 0
163 156 7 1 4 7 10 0 14 5 9 11 3 8 6 13 12 2
164 157 7 1 4 7 10 3 14 5 9 11 0 8 6 13 12 2
164 158 6 1 4 7 10 3 14 5 9 11 2 8 6 13 12 0
167 160 7 1 4 7 10 0 14 5 9 11 2 8 6 13 12 3
162 155 7 1 4 7 10 2 14 5 9 11 0 8 6 13 12 3
160 153 7 1 4 7 10 2 0 5 9 11 3 14 6 13 12 8
146 139 7 1 4 7 10 2 14 5 9 0 8 3 6 13 12 11
147 140 7 1 4 7 10 2 14 5 9 8 0 3 6 13 12 11
147 141 6 1 4 7 10 2 14 5 9 8 11 3 6 13 12 0
150 143 7 1 4 7 10 0 14 5 9 8 11 3 6 13 12 2
151 144 7 1 4 7 10 11 14 5 9 8 0 3 6 13 12 2
151 145 6 1 4 7 10 11 14 5 9 8 2 3 6 13 12 0
150 143 7 1 4 7 10 8 14 5 9 0 2 3 6 13 12 11
151 144 7 1 4 7 10 8 14 5 9 2 0 3 6 13 12 11
151 145 6 1 4 7 10 8 14 5 9 2 11 3 6 13 12 0
154 147 7 1 4 7 10 0 14 5 9 2 11 3 6 13 12 8
155 148 7 1 4 7 10 11 14 5 9 2 0 3 6 13 12 8
155 149 6 1 4 7 10 11 14 5 9 2 8 3 6 13 12 0
136 129 7 1 4 7 10 0 14 5 11 12 2 3 6 9 13 8
137 131 6 1 4 7 10 8 14 5 11 12 2 3 6 9 13 0
141 134 7 1 4 7 10 8 14 5 11 0 2 3 6 9 13 12
141 135 6 1 4 7 10 8 14 5 0 11 2 3 6 9 13 12
143 136 7 1 4 7 10 8 14 0 5 11 2 3 6 9 13 12
144 137 7 1 4 7 10 8 0 14 5 11 2 3 6 9 13 12
149 142 7 1 4 7 10 3 0 5 9 11 8 14 6 13 12 2
140 133 7 1 4 7 10 2 14 5 11 8 0 3 6 9 13 12
140 134 6 1 4 7 10 2 14 5 11 8 12 3 6 9 13 0
143 136 7 1 4 7 10 0 14 5 11 8 12 3 6 9 13 2
146 139 7 1 4 7 10 8 14 5 11 0 12 3 6 9 13 2
146 140 6 1 4 7 10 8 14 5 0 11 12 3 6 9 13 2
148 141 7 1 4 7 10 8 14 0 5 11 12 3 6 9 13 2
149 142 7 1 4 7 10 8 0 14 5 11 12 3 6 9 13 2
135 128 7 1 4 7 10 2 14 5 11 13 12 3 6 9 0 8
135 129 6 1 4 7 10 2 14 5 11 13 12 3 6 9 8 0
139 132 7 1 4 7 10 2 14 5 11 0 12 3 6 9 8 13
139 133 6 1 4 7 10 2 14 5 0 11 12 3 6 9 8 13
141 134 7 1 4 7 10 2 14 0 5 11 12 3 6 9 8 13
142 135 7 1 4 7 10 2 0 14 5 11 12 3 6 9 8 13
141 134 7 1 4 7 10 2 14 5 9 11 12 3 6 0 8 13
142 135 7 1 4 7 10 2 14 5 9 11 12 3 6 8 0 13
142 136 6 1 4 7 10 2 14 5 9 11 12 3 6 8 13 0
145 138 7 1 4 7 10 0 14 5 9 11 12 3 6 8 13 2
146 139 7 1 4 7 10 12 14 5 9 11 0 3 6 8 13 2
146 140 6 1 4 7 10 12 14 5 9 11 2 3 6 8 13 0
149 142 7 1 4 7 10 0 14 5 9 11 2 3 6 8 13 12
148 141 7 1 4 7 10 12 14 5 9 11 2 3 6 8 0 13
149 142 7 1 4 7 10 12 14 5 9 11 2 3 6 0 8 13
149 143 6 1 4 7 10 12 14 5 0 11 2 3 6 9 8 13
151 144 7 1 4 7 10 12 14 5 11 0 2 3 6 9 8 13
152 145 7 1 4 7 10 12 14 5 11 2 0 3 6 9 8 13
152 146 6 1 4 7 10 12 14 5 11 2 13 3 6 9 8 0
156 149 7 1 4 7 10 12 14 5 11 0 13 3 6 9 8 2
156 150 6 1 4 7 10 12 14 5 0 11 13 3 6 9 8 2
158 151 7 1 4 7 10 12 14 0 5 11 13 3 6 9 8 2
159 152 7 1 4 7 10 12 0 14 5 11 13 3 6 9 8 2
158 151 7 1 4 7 10 12 14 5 9 11 13 3 6 0 8 2
159 152 7 1 4 7 10 12 14 5 9 11 13 3 6 8 0 2
159 153 6 1 4 7 10 12 14 5 9 11 13 3 6 8 2 0
162 155 7 1 4 7 10 0 14 5 9 11 13 3 6 8 2 12
162 156 6 1 4 7 10 13 14 5 9 11 0 3 6 8 2 12
162 157 5 1 4 7 10 13 14 5 9 11 12 3 6 8 2 0
164 158 6 1 4 7 10 13 14 5 9 11 12 3 6 8 0 2
165 159 6 1 4 7 10 13 14 5 9 11 12 3 6 0 8 2
165 160 5 1 4 7 10 13 14 5 0 11 12 3 6 9 8 2
167 161 6 1 4 7 10 13 14 5 11 0 12 3 6 9 8 2
168 162 6 1 4 7 10 13 14 5 11 12 0 3 6 9 8 2
168 163 5 1 4 7 10 13 14 5 11 12 2 3 6 9 8 0
172 166 6 1 4 7 10 13 14 5 11 0 2 3 6 9 8 12
172 167 5 1 4 7 10 13 14 5 0 11 2 3 6 9 8 12
174 168 6 1 4 7 10 13 14 0 5 11 2 3 6 9 8 12
175 169 6 1 4 7 10 13 0 14 5 11 2 3 6 9 8 12
174 168 6 1 4 7 10 13 14 5 9 11 2 3 6 0 8 12
175 169 6 1 4 7 10 13 14 5 9 11 2 3 6 8 0 12
174 170 4 1 4 7 10 13 14 5 9 11 2 3 6 8 12 0
176 171 5 1 4 7 10 13 14 5 9 11 0 3 6 8 12 2
178 172 6 1 4 7 10 13 14 5 9 0 11 3 6 8 12 2
179 173 6 1 4 7 10 13 14 5 0 9 11 3 6 8 12 2
179 174 5 1 4 7 10 13 14 5 8 9 11 3 6 0 12 2
181 175 6 1 4 7 10 13 14 5 8 9 11 3 6 12 0 2
181 176 5 1 4 7 10 13 14 5 8 9 11 3 6 12 2 0
185 179 6 1 4 7 10 13 14 5 8 0 11 3 6 12 2 9
185 180 5 1 4 7 10 13 14 5 8 11 0 3 6 12 2 9
185 181 4 1 4 7 10 13 14 5 8 11 9 3 6 12 2 0
187 182 5 1 4 7 10 13 14 5 8 11 9 3 6 12 0 2
187 183 4 1 4 7 10 13 14 5 8 11 9 3 6 0 12 2
189 184 5 1 4 7 10 13 14 5 8 11 9 3 0 6 12 2
189 184 5 1 4 7 10 13 14 5 0 11 9 3 6 8 12 2
191 185 6 1 4 7 10 13 14 5 11 0 9 3 6 8 12 2
192 186 6 1 4 7 10 13 14 5 11 9 0 3 6 8 12 2
192 187 5 1 4 7 10 13 14 5 11 9 2 3 6 8 12 0
196 190 6 1 4 7 10 13 14 5 11 0 2 3 6 8 12 9
196 191 5 1 4 7 10 13 14 5 0 11 2 3 6 8 12 9
196 192 4 1 4 7 10 13 14 5 8 11 2 3 6 0 12 9
198 193 5 1 4 7 10 13 14 5 8 11 2 3 6 12 0 9
198 194 4 1 4 7 10 13 14 5 8 11 2 3 6 12 9 0
200 195 5 1 4 7 10 13 14 5 8 11 0 3 6 12 9 2
198 193 5 1 4 7 10 13 14 5 8 11 2 3 0 6 12 9
200 194 6 1 4 7 10 13 14 5 8 11 2 0 3 6 12 9
201 196 5 1 4 7 10 13 14 5 8 11 2 9 3 6 12 0
203 197 6 1 4 7 10 13 14 5 8 11 0 9 3 6 12 2
201 195 6 1 4 7 10 13 0 5 8 11 2 14 3 6 12 9
200 194 6 1 4 7 10 13 14 0 8 11 2 3 5 6 12 9
201 195 6 1 4 7 10 13 0 14 8 11 2 3 5 6 12 9
178 172 6 1 4 7 10 0 14 5 9 11 13 3 6 8 12 2
179 174 5 1 4 7 10 2 14 5 9 11 13 3 6 8 12 0
181 175 6 1 4 7 10 2 14 5 9 11 0 3 6 8 12 13
181 175 6 1 4 7 10 13 14 5 8 9 11 3 0 6 12 2
182 176 6 1 4 7 10 13 14 5 8 0 11 3 6 12 9 2
190 184 6 1 4 7 10 13 14 5 8 0 9 3 6 12 2 11
191 185 6 1 4 7 10 13 14 5 8 2 9 3 6 12 0 11
191 186 5 1 4 7 10 13 14 5 8 2 9 3 6 12 11 0
191 186 5 1 4 7 10 13 14 5 8 2 9 3 6 0 12 11
193 187 6 1 4 7 10 13 14 5 8 2 9 3 0 6 12 11
193 187 6 1 4 7 10 13 14 5 0 2 9 3 6 8 12 11
194 188 6 1 4 7 10 13 14 5 2 0 9 3 6 8 12 11
195 189 6 1 4 7 10 13 14 5 2 9 0 3 6 8 12 11
195 190 5 1 4 7 10 13 14 5 2 9 11 3 6 8 12 0
199 193 6 1 4 7 10 13 14 5 2 0 11 3 6 8 12 9
199 194 5 1 4 7 10 13 14 5 2 11 0 3 6 8 12 9
199 195 4 1 4 7 10 13 14 5 2 11 9 3 6 8 12 0
204 198 6 0 4 7 10 13 14 5 2 11 9 3 6 8 12 1
205 199 6 14 4 7 10 13 0 5 2 11 9 3 6 8 12 1
203 197 6 1 4 7 10 0 14 5 2 11 9 3 6 8 12 13
204 198 6 1 4 7 10 9 14 5 2 11 0 3 6 8 12 13
204 199 5 1 4 7 10 9 14 5 2 11 13 3 6 8 12 0
203 197 6 1 4 7 10 13 14 5 2 11 9 0 6 8 12 3
204 198 6 1 4 7 10 13 0 5 2 11 9 14 6 8 12 3
197 191 6 1 4 7 10 13 14 5 11 2 0 3 6 8 12 9
197 192 5 1 4 7 10 13 14 5 11 2 9 3 6 8 12 0
203 197 6 0 4 7 10 13 14 5 8 11 2 3 6 12 9 1
204 198 6 14 4 7 10 13 0 5 8 11 2 3 6 12 9 1
173 167 6 1 4 7 10 13 14 5 11 8 2 3 6 9 0 12
172 168 4 1 4 7 10 13 14 5 11 8 2 3 6 9 12 0
176 171 5 1 4 7 10 13 14 5 11 0 2 3 6 9 12 8
176 172 4 1 4 7 10 13 14 5 0 11 2 3 6 9 12 8
178 173 5 1 4 7 10 13 14 0 5 11 2 3 6 9 12 8
179 174 5 1 4 7 10 13 0 14 5 11 2 3 6 9 12 8
178 173 5 1 4 7 10 13 14 5 9 11 2 3 6 0 12 8
178 173 5 1 4 0 10 13 14 5 7 11 2 3 6 9 12 8
177 172 5 1 4 7 10 13 14 5 11 2 0 3 6 9 12 8
177 173 4 1 4 7 10 13 14 5 11 2 8 3 6 9 12 0
181 176 5 1 4 7 10 13 14 5 11 0 8 3 6 9 12 2
181 177 4 1 4 7 10 13 14 5 0 11 8 3 6 9 12 2
183 178 5 1 4 7 10 13 14 0 5 11 8 3 6 9 12 2
184 179 5 1 4 7 10 13 0 14 5 11 8 3 6 9 12 2
183 178 5 1 4 7 10 13 14 5 9 11 8 3 6 0 12 2
183 178 5 1 4 0 10 13 14 5 7 11 8 3 6 9 12 2
174 169 5 1 4 7 10 13 14 5 11 8 0 3 6 9 12 2
176 170 6 1 4 7 10 0 14 5 11 8 13 3 6 9 12 2
177 172 5 1 4 7 10 2 14 5 11 8 13 3 6 9 12 0
181 175 6 1 4 7 10 2 14 5 11 0 13 3 6 9 12 8
181 176 5 1 4 7 10 2 14 5 0 11 13 3 6 9 12 8
183 177 6 1 4 7 10 2 14 0 5 11 13 3 6 9 12 8
184 178 6 1 4 7 10 2 0 14 5 11 13 3 6 9 12 8
183 177 6 1 4 7 10 2 14 5 9 11 13 3 6 0 12 8
189 183 6 1 4 7 10 0 14 5 8 11 9 3 6 12 2 13
190 184 6 1 4 7 10 9 14 5 8 11 0 3 6 12 2 13
190 185 5 1 4 7 10 9 14 5 8 11 13 3 6 12 2 0
192 186 6 1 4 7 10 9 14 5 8 11 13 3 6 12 0 2
192 187 5 1 4 7 10 9 14 5 8 11 13 3 6 0 12 2
194 188 6 1 4 7 10 9 14 5 8 11 13 3 0 6 12 2
194 188 6 1 4 7 10 9 14 5 0 11 13 3 6 8 12 2
198 192 6 1 4 7 10 13 14 0 5 11 2 3 6 8 12 9
199 193 6 1 4 7 10 13 0 14 5 11 2 3 6 8 12 9
191 185 6 1 4 7 10 13 14 0 8 11 9 3 5 6 12 2
192 186 6 1 4 7 10 13 0 14 8 11 9 3 5 6 12 2
200 194 6 1 4 7 10 13 14 5 0 2 11 3 6 8 12 9
200 195 5 1 4 7 10 13 14 5 8 2 11 3 6 0 12 9
202 196 6 1 4 7 10 13 14 5 8 2 11 3 0 6 12 9
202 196 6 1 4 7 10 13 14 5 2 11 9 3 6 8 0 12
203 197 6 1 4 7 10 13 14 5 2 11 9 3 6 0 8 12
204 198 6 1 4 7 10 13 14 5 0 11 9 3 6 2 8 12
174 168 6 1 4 0 10 13 14 5 7 11 2 3 6 9 8 12
200 194 6 1 4 7 10 13 14 5 8 0 2 3 6 12 11 9
198 192 6 1 4 0 10 13 14 5 7 11 2 3 6 8 12 9
173 167 6 1 4 7 10 13 14 5 11 2 0 3 6 9 8 12
173 168 5 1 4 7 10 13 14 5 11 2 12 3 6 9 8 0
175 169 6 1 4 7 10 13 14 5 11 2 12 3 6 9 0 8
176 170 6 1 4 7 10 13 14 5 11 0 12 3 6 9 2 8
176 171 5 1 4 7 10 13 14 5 0 11 12 3 6 9 2 8
178 172 6 1 4 7 10 13 14 0 5 11 12 3 6 9 2 8
179 173 6 1 4 7 10 13 0 14 5 11 12 3 6 9 2 8
178 172 6 1 4 7 10 13 14 5 9 11 12 3 6 0 2 8
179 173 6 1 4 7 10 13 14 5 9 11 12 3 6 2 0 8
179 174 5 1 4 7 10 13 14 5 9 11 12 3 6 2 8 0
181 175 6 1 4 7 10 13 14 5 9 11 0 3 6 2 8 12
178 172 6 1 4 0 10 13 14 5 7 11 12 3 6 9 2 8
178 172 6 1 4 7 0 13 14 5 11 10 2 3 6 9 12 8
181 175 6 1 4 7 10 13 3 14 5 11 2 0 6 9 12 8
182 177 5 1 4 7 10 13 3 14 5 11 2 8 6 9 12 0
184 178 6 1 4 7 10 13 3 14 5 11 0 8 6 9 12 2
184 178 6 1 4 7 10 13 3 0 5 11 2 14 6 9 12 8
184 179 5 1 4 7 10 13 3 5 0 11 2 14 6 9 12 8
186 180 6 1 4 7 10 13 3 5 11 0 2 14 6 9 12 8
187 181 6 1 4 7 10 13 3 5 11 2 0 14 6 9 12 8
187 182 5 1 4 7 10 13 3 5 11 2 8 14 6 9 12 0
191 185 6 1 4 7 10 13 3 5 11 0 8 14 6 9 12 2
191 186 5 1 4 7 10 13 3 5 0 11 8 14 6 9 12 2
193 187 6 1 4 7 10 13 3 0 5 11 8 14 6 9 12 2
194 188 6 1 4 7 10 13 0 3 5 11 8 14 6 9 12 2
195 189 6 1 4 7 10 13 14 3 5 11 8 0 6 9 12 2
196 191 5 1 4 7 10 13 14 3 5 11 8 2 6 9 12 0
198 192 6 1 4 7 10 13 14 3 5 11 0 2 6 9 12 8
193 187 6 1 4 7 10 13 3 5 9 11 8 14 6 0 12 2
193 187 6 1 4 0 10 13 3 5 7 11 8 14 6 9 12 2
185 179 6 1 0 4 10 13 14 5 7 11 8 3 6 9 12 2
183 177 6 1 4 7 10 13 14 5 8 9 0 3 6 12 2 11
191 185 6 1 4 7 10 13 14 0 5 11 9 3 6 8 12 2
192 186 6 1 4 7 10 13 0 14 5 11 9 3 6 8 12 2
202 196 6 1 4 7 10 0 14 5 8 11 13 3 6 12 9 2
203 198 5 1 4 7 10 2 14 5 8 11 13 3 6 12 9 0
205 199 6 1 4 7 10 2 14 5 8 11 13 3 6 12 0 9
205 200 5 1 4 7 10 2 14 5 8 11 13 3 6 0 12 9
207 201 6 1 4 7 10 2 14 5 8 11 13 3 0 6 12 9
182 176 6 1 4 7 10 2 14 5 11 13 0 3 6 9 12 8
182 177 5 1 4 7 10 2 14 5 11 13 8 3 6 9 12 0
186 180 6 1 4 7 10 2 14 5 11 0 8 3 6 9 12 13
186 181 5 1 4 7 10 2 14 5 0 11 8 3 6 9 12 13
188 182 6 1 4 7 10 2 14 0 5 11 8 3 6 9 12 13
189 183 6 1 4 7 10 2 0 14 5 11 8 3 6 9 12 13
191 185 6 1 4 0 10 13 14 5 7 11 9 3 6 8 12 2
193 187 6 1 4 7 10 13 14 5 8 2 0 3 6 12 11 9
202 196 6 1 4 7 10 0 14 5 8 11 2 3 6 12 9 13
203 197 6 1 4 7 10 13 14 5 8 0 2 3 6 12 9 11
204 198 6 1 4 7 10 13 14 5 8 2 0 3 6 12 9 11
204 199 5 1 4 7 10 13 14 5 8 2 11 3 6 12 9 0
181 175 6 1 4 7 10 13 14 5 11 2 8 0 6 9 12 3
182 176 6 1 4 7 10 13 0 5 11 2 8 14 6 9 12 3
176 170 6 1 4 7 10 13 14 5 11 8 2 0 6 9 12 3
177 171 6 1 4 7 10 13 0 5 11 8 2 14 6 9 12 3
177 171 6 0 4 7 10 13 14 5 11 8 2 3 6 9 12 1
178 172 6 14 4 7 10 13 0 5 11 8 2 3 6 9 12 1
185 179 6 1 4 7 10 13 14 6 5 11 8 3 0 9 12 2
180 174 6 1 4 7 10 13 14 5 11 2 8 3 6 9 0 12
181 175 6 1 4 7 10 13 14 5 11 0 8 3 6 9 2 12
181 176 5 1 4 7 10 13 14 5 0 11 8 3 6 9 2 12
183 177 6 1 4 7 10 13 14 0 5 11 8 3 6 9 2 12
184 178 6 1 4 7 10 13 0 14 5 11 8 3 6 9 2 12
179 173 6 1 4 7 10 13 14 5 9 0 2 3 6 8 12 11
180 174 6 1 4 7 10 13 14 5 9 2 0 3 6 8 12 11
180 175 5 1 4 7 10 13 14 5 9 2 11 3 6 8 12 0
179 173 6 1 4 7 10 2 14 5 11 8 0 3 6 9 12 13
186 180 6 1 4 7 10 13 3 14 5 11 8 0 6 9 12 2
187 182 5 1 4 7 10 13 3 14 5 11 8 2 6 9 12 0
189 183 6 1 4 7 10 13 3 14 5 11 0 2 6 9 12 8
180 174 6 1 0 4 10 13 14 5 7 11 2 3 6 9 12 8
185 179 6 1 4 7 10 13 14 5 9 11 8 3 0 6 12 2
180 174 6 1 4 10 0 13 14 5 7 11 2 3 6 9 12 8
186 180 6 1 4 7 10 13 3 5 9 11 2 14 6 0 12 8
182 176 6 0 4 7 10 13 14 5 11 2 8 3 6 9 12 1
183 177 6 14 4 7 10 13 0 5 11 2 8 3 6 9 12 1
181 175 6 1 4 7 10 0 14 5 11 2 8 3 6 9 12 13
182 176 6 1 4 7 10 8 14 5 11 2 0 3 6 9 12 13
182 177 5 1 4 7 10 8 14 5 11 2 13 3 6 9 12 0
185 179 6 1 4 7 10 13 14 5 9 11 8 3 6 12 0 2
185 180 5 1 4 7 10 13 14 5 9 11 8 3 6 12 2 0
187 181 6 1 4 7 10 13 14 5 9 11 0 3 6 12 2 8
190 184 6 1 4 7 10 13 3 5 11 2 8 0 6 9 12 14
190 185 5 1 4 7 10 13 0 5 11 2 8 3 6 9 12 14
192 186 6 1 4 7 10 13 5 0 11 2 8 3 6 9 12 14
193 187 6 1 4 7 10 13 5 11 0 2 8 3 6 9 12 14
194 188 6 1 4 7 10 13 5 11 2 0 8 3 6 9 12 14
195 189 6 1 4 7 10 13 5 11 2 8 0 3 6 9 12 14
194 190 4 1 4 7 10 13 5 11 2 8 14 3 6 9 12 0
198 193 5 1 4 7 10 13 5 11 2 0 14 3 6 9 12 8
199 194 5 1 4 7 10 13 5 11 0 2 14 3 6 9 12 8
200 195 5 1 4 7 10 13 5 0 11 2 14 3 6 9 12 8
200 196 4 1 4 7 10 13 0 5 11 2 14 3 6 9 12 8
202 197 5 1 4 7 10 13 3 5 11 2 14 0 6 9 12 8
203 199 4 1 4 7 10 13 3 5 11 2 14 8 6 9 12 0
207 202 5 1 4 7 10 13 3 5 11 0 14 8 6 9 12 2
207 203 4 1 4 7 10 13 3 5 0 11 14 8 6 9 12 2
209 204 5 1 4 7 10 13 3 0 5 11 14 8 6 9 12 2
210 205 5 1 4 7 10 13 0 3 5 11 14 8 6 9 12 2
211 206 5 1 4 7 10 13 8 3 5 11 14 0 6 9 12 2
213 209 4 1 4 7 10 13 8 0 5 11 14 3 6 9 12 2
213 210 3 1 4 7 10 13 8 5 0 11 14 3 6 9 12 2
215 211 4 1 4 7 10 13 8 5 11 0 14 3 6 9 12 2
215 211 4 1 4 7 10 13 8 5 9 11 14 3 6 0 12 2
212 208 4 1 4 7 10 13 8 3 5 11 14 2 6 9 12 0
215 211 4 1 4 0 10 13 8 5 7 11 14 3 6 9 12 2
214 210 4 1 4 7 10 13 0 8 5 11 14 3 6 9 12 2
216 211 5 1 4 7 10 13 3 8 5 11 14 0 6 9 12 2
217 213 4 1 4 7 10 13 3 8 5 11 14 2 6 9 12 0
217 212 5 1 4 10 0 13 8 5 7 11 14 3 6 9 12 2
209 204 5 1 4 0 10 13 3 5 7 11 14 8 6 9 12 2
209 204 5 1 4 7 10 13 3 5 9 11 14 8 6 0 12 2
215 210 5 1 0 7 10 13 8 4 5 11 14 3 6 9 12 2
217 212 5 1 0 4 10 13 8 5 7 11 14 3 6 9 12 2
215 210 5 1 4 7 10 13 8 6 5 11 14 3 0 9 12 2
217 212 5 1 4 7 0 13 8 5 11 10 14 3 6 9 12 2
217 212 5 1 4 7 10 13 8 5 9 11 14 3 6 12 0 2
217 213 4 1 4 7 10 13 8 5 9 11 14 3 6 12 2 0
217 212 5 1 4 7 10 13 8 5 9 11 14 3 0 6 12 2
217 212 5 1 4 7 10 13 8 5 11 12 14 3 6 9 0 2
217 213 4 1 4 7 10 13 8 5 11 12 14 3 6 9 2 0
221 216 5 1 4 7 10 13 8 5 11 0 14 3 6 9 2 12
221 217 4 1 4 7 10 13 8 5 0 11 14 3 6 9 2 12
223 218 5 1 4 7 10 13 8 0 5 11 14 3 6 9 2 12
224 219 5 1 4 7 10 13 0 8 5 11 14 3 6 9 2 12
223 218 5 1 4 7 10 13 8 5 9 11 14 3 6 0 2 12
224 219 5 1 4 7 10 13 8 5 9 11 14 3 6 2 0 12
223 220 3 1 4 7 10 13 8 5 9 11 14 3 6 2 12 0
228 223 5 1 4 7 10 13 8 5 9 0 14 3 6 2 12 11
229 224 5 1 4 7 10 13 8 5 0 9 14 3 6 2 12 11
230 225 5 1 4 7 10 13 8 5 2 9 14 3 6 0 12 11
228 223 5 0 4 7 10 13 8 5 9 11 14 3 6 2 12 1
229 224 5 8 4 7 10 13 0 5 9 11 14 3 6 2 12 1
227 222 5 1 4 7 10 0 8 5 9 11 14 3 6 2 12 13
227 222 5 1 4 7 10 13 8 5 9 11 14 0 6 2 12 3
228 223 5 1 4 7 10 13 0 5 9 11 14 8 6 2 12 3
226 221 5 1 4 7 10 13 8 5 9 11 0 3 6 2 12 14
217 212 5 1 4 7 10 13 8 5 11 14 0 3 6 9 12 2
217 213 4 1 4 7 10 13 8 5 11 14 2 3 6 9 12 0
221 216 5 1 4 7 10 13 8 5 11 0 2 3 6 9 12 14
221 217 4 1 4 7 10 13 8 5 0 11 2 3 6 9 12 14
223 218 5 1 4 7 10 13 8 0 5 11 2 3 6 9 12 14
224 219 5 1 4 7 10 13 0 8 5 11 2 3 6 9 12 14
223 218 5 1 4 7 10 13 8 5 9 11 2 3 6 0 12 14
223 218 5 1 4 0 10 13 8 5 7 11 2 3 6 9 12 14
222 217 5 1 4 7 10 13 8 5 11 2 0 3 6 9 12 14
221 218 3 1 4 7 10 13 8 5 11 2 14 3 6 9 12 0
226 221 5 0 4 7 10 13 8 5 11 2 14 3 6 9 12 1
227 222 5 8 4 7 10 13 0 5 11 2 14 3 6 9 12 1
225 220 5 1 4 7 10 0 8 5 11 2 14 3 6 9 12 13
228 223 5 1 4 7 10 2 8 5 11 0 14 3 6 9 12 13
228 224 4 1 4 7 10 2 8 5 0 11 14 3 6 9 12 13
230 225 5 1 4 7 10 2 8 0 5 11 14 3 6 9 12 13
231 226 5 1 4 7 10 2 0 8 5 11 14 3 6 9 12 13
230 225 5 1 4 7 10 2 8 5 9 11 14 3 6 0 12 13
230 225 5 1 4 0 10 2 8 5 7 11 14 3 6 9 12 13
225 220 5 1 4 7 10 13 8 5 11 2 14 0 6 9 12 3
226 221 5 1 4 7 10 13 0 5 11 2 14 8 6 9 12 3
222 217 5 1 4 7 10 13 8 5 11 2 14 3 6 9 0 12
223 218 5 1 4 0 10 13 8 5 7 11 14 3 6 9 2 12
225 219 6 1 4 10 0 13 8 5 7 11 14 3 6 9 2 12
228 222 6 0 4 7 10 13 8 5 11 2 14 1 6 9 12 3
230 225 5 3 4 7 10 13 8 5 11 2 14 1 6 9 12 0
234 228 6 3 4 7 10 13 8 5 11 0 14 1 6 9 12 2
234 229 5 3 4 7 10 13 8 5 0 11 14 1 6 9 12 2
236 230 6 3 4 7 10 13 8 0 5 11 14 1 6 9 12 2
237 231 6 3 4 7 10 13 0 8 5 11 14 1 6 9 12 2
238 232 6 3 4 7 10 13 1 8 5 11 14 0 6 9 12 2
239 234 5 0 4 7 10 13 1 8 5 11 14 3 6 9 12 2
241 237 4 2 4 7 10 13 1 8 5 11 14 3 6 9 12 0
242 237 5 8 4 7 10 13 1 0 5 11 14 3 6 9 12 2
242 238 4 8 4 7 10 13 1 5 0 11 14 3 6 9 12 2
244 239 5 8 4 7 10 13 1 5 11 0 14 3 6 9 12 2
244 239 5 8 4 7 10 13 1 5 9 11 14 3 6 0 12 2
244 239 5 8 4 0 10 13 1 5 7 11 14 3 6 9 12 2
243 238 5 8 4 7 10 13 0 1 5 11 14 3 6 9 12 2
239 234 5 3 4 7 10 13 1 8 5 11 14 2 6 9 12 0
243 237 6 0 4 7 10 13 1 8 5 11 14 2 6 9 12 3
243 238 5 1 4 7 10 13 0 8 5 11 14 2 6 9 12 3
243 239 4 1 4 7 10 13 2 8 5 11 14 0 6 9 12 3
243 241 2 1 4 7 10 13 2 8 5 11 14 3 6 9 12 0
248 244 4 1 4 7 10 13 2 8 5 0 14 3 6 9 12 11
249 245 4 1 4 7 10 13 2 8 0 5 14 3 6 9 12 11
249 246 3 1 4 7 10 13 2 0 8 5 14 3 6 9 12 11
251 247 4 1 4 7 10 13 0 2 8 5 14 3 6 9 12 11
251 247 4 1 4 7 10 13 2 6 8 5 14 3 0 9 12 11
251 247 4 1 0 7 10 13 2 4 8 5 14 3 6 9 12 11
248 244 4 0 4 7 10 13 2 8 5 11 14 3 6 9 12 1
251 247 4 8 4 7 10 13 2 0 5 11 14 3 6 9 12 1
251 248 3 8 4 7 10 13 2 5 0 11 14 3 6 9 12 1
253 249 4 8 4 7 10 13 2 5 11 0 14 3 6 9 12 1
253 249 4 8 4 7 10 13 2 5 9 11 14 3 6 0 12 1
253 249 4 8 4 0 10 13 2 5 7 11 14 3 6 9 12 1
247 243 4 1 4 7 10 0 2 8 5 11 14 3 6 9 12 13
246 242 4 1 4 7 10 13 2 8 5 11 14 3 6 9 0 12
246 242 4 1 4 7 10 13 2 8 5 11 0 3 6 9 12 14
246 242 4 1 4 7 10 13 2 0 5 11 14 8 6 9 12 3
246 243 3 1 4 7 10 13 2 5 0 11 14 8 6 9 12 3
248 244 4 1 4 7 10 13 2 5 11 0 14 8 6 9 12 3
248 244 4 1 4 7 10 13 2 5 9 11 14 8 6 0 12 3
248 244 4 1 4 0 10 13 2 5 7 11 14 8 6 9 12 3
250 245 5 1 4 10 0 13 2 5 7 11 14 8 6 9 12 3
250 245 5 1 0 4 10 13 2 5 7 11 14 8 6 9 12 3
250 245 5 1 4 7 10 13 2 5 9 11 14 8 6 12 0 3
250 246 4 1 4 7 10 13 2 5 9 11 14 8 6 12 3 0
253 248 5 1 4 7 10 13 2 5 9 11 14 0 6 12 3 8
250 245 5 1 4 7 10 13 2 5 9 11 14 8 0 6 12 3
251 246 5 1 4 7 10 13 2 5 9 11 14 0 8 6 12 3
251 248 3 1 4 7 10 13 2 5 9 11 14 3 8 6 12 0
256 251 5 1 4 7 10 13 2 5 9 0 14 3 8 6 12 11
257 252 5 1 4 7 10 13 2 5 0 9 14 3 8 6 12 11
258 253 5 1 4 7 10 13 2 5 6 9 14 3 8 0 12 11
259 254 5 1 4 7 10 13 2 5 6 9 14 3 0 8 12 11
251 246 5 1 4 0 10 13 2 8 7 5 14 3 6 9 12 11
256 251 5 0 4 7 10 13 2 5 9 11 14 3 8 6 12 1
255 250 5 1 4 7 10 0 2 5 9 11 14 3 8 6 12 13
253 248 5 8 4 7 10 13 2 6 5 11 14 3 0 9 12 1
251 246 5 13 4 7 10 0 2 8 5 11 14 3 6 9 12 1
252 248 4 13 4 7 10 1 2 8 5 11 14 3 6 9 12 0
253 248 5 8 0 7 10 13 2 4 5 11 14 3 6 9 12 1
254 249 5 0 8 7 10 13 2 4 5 11 14 3 6 9 12 1
255 252 3 1 8 7 10 13 2 4 5 11 14 3 6 9 12 0
260 255 5 1 8 7 10 13 2 4 5 0 14 3 6 9 12 11
261 256 5 1 8 7 10 13 2 4 0 5 14 3 6 9 12 11
262 257 5 1 8 7 10 13 2 0 4 5 14 3 6 9 12 11
263 258 5 1 0 7 10 13 2 8 4 5 14 3 6 9 12 11
259 254 5 1 8 7 10 0 2 4 5 11 14 3 6 9 12 13
259 254 5 1 8 7 10 13 2 4 5 11 14 0 6 9 12 3
262 257 5 1 8 7 10 13 2 0 5 11 14 4 6 9 12 3
262 258 4 1 8 7 10 13 2 5 0 11 14 4 6 9 12 3
264 259 5 1 8 7 10 13 2 5 11 0 14 4 6 9 12 3
264 259 5 1 8 7 10 13 2 5 9 11 14 4 6 0 12 3
264 259 5 1 8 0 10 13 2 5 7 11 14 4 6 9 12 3
265 260 5 1 0 8 10 13 2 5 7 11 14 4 6 9 12 3
249 244 5 1 4 7 0 10 2 8 5 11 14 3 6 9 12 13
249 244 5 1 4 7 10 14 2 8 5 11 0 3 6 9 12 13
249 245 4 1 4 7 10 14 2 8 5 11 13 3 6 9 12 0
250 245 5 0 4 7 10 1 2 8 5 11 14 3 6 9 12 13
253 248 5 8 4 7 10 1 2 0 5 11 14 3 6 9 12 13
253 249 4 8 4 7 10 1 2 5 0 11 14 3 6 9 12 13
255 250 5 8 4 7 10 1 2 5 11 0 14 3 6 9 12 13
263 258 5 1 0 7 10 13 2 8 5 11 14 4 6 9 12 3
255 250 5 8 4 7 10 1 2 5 9 11 14 3 6 0 12 13
255 250 5 8 4 0 10 1 2 5 7 11 14 3 6 9 12 13
255 250 5 8 4 7 10 13 2 5 9 11 14 3 0 6 12 1
250 245 5 2 4 7 10 13 0 8 5 11 14 3 6 9 12 1
251 246 5 2 4 7 10 13 8 0 5 11 14 3 6 9 12 1
251 247 4 2 4 7 10 13 8 5 0 11 14 3 6 9 12 1
253 248 5 2 4 7 10 13 8 5 11 0 14 3 6 9 12 1
253 248 5 2 4 7 10 13 8 5 9 11 14 3 6 0 12 1
253 248 5 2 4 0 10 13 8 5 7 11 14 3 6 9 12 1
248 243 5 1 4 7 10 13 0 2 5 11 14 8 6 9 12 3
249 244 5 1 4 7 10 13 8 2 5 11 14 0 6 9 12 3
249 246 3 1 4 7 10 13 8 2 5 11 14 3 6 9 12 0
254 249 5 1 4 7 10 13 8 2 5 0 14 3 6 9 12 11
255 250 5 1 4 7 10 13 8 2 0 5 14 3 6 9 12 11
256 251 5 1 4 7 10 13 8 0 2 5 14 3 6 9 12 11
257 252 5 1 4 7 10 13 0 8 2 5 14 3 6 9 12 11
254 249 5 0 4 7 10 13 8 2 5 11 14 3 6 9 12 1
253 248 5 1 4 7 10 0 8 2 5 11 14 3 6 9 12 13
253 248 5 0 1 7 10 13 2 4 8 5 14 3 6 9 12 11
255 251 4 11 1 7 10 13 2 4 8 5 14 3 6 9 12 0
259 254 5 11 1 7 10 13 2 4 8 0 14 3 6 9 12 5
256 251 5 4 1 7 10 13 2 0 8 5 14 3 6 9 12 11
257 252 5 4 0 7 10 13 2 1 8 5 14 3 6 9 12 11
257 253 4 0 4 7 10 13 2 1 8 5 14 3 6 9 12 11
259 256 3 11 4 7 10 13 2 1 8 5 14 3 6 9 12 0
263 259 4 11 4 7 10 13 2 1 8 0 14 3 6 9 12 5
265 260 5 11 4 7 10 13 2 1 8 14 0 3 6 9 12 5
265 261 4 11 4 7 10 13 2 1 8 14 5 3 6 9 12 0
269 264 5 11 4 7 10 13 2 1 8 0 5 3 6 9 12 14
269 264 5 0 4 7 10 13 2 1 8 14 5 3 6 9 12 11
271 267 4 1 4 7 10 13 2 0 8 14 5 3 6 9 12 11
273 268 5 1 4 7 10 13 2 8 0 14 5 3 6 9 12 11
274 269 5 1 4 7 10 13 2 8 14 0 5 3 6 9 12 11
275 270 5 1 4 7 10 13 2 8 14 5 0 3 6 9 12 11
275 271 4 1 4 7 10 13 2 8 14 5 11 3 6 9 12 0
279 274 5 1 4 7 10 13 2 8 14 0 11 3 6 9 12 5
279 275 4 1 4 7 10 13 2 8 14 11 0 3 6 9 12 5
279 276 3 1 4 7 10 13 2 8 14 11 5 3 6 9 12 0
284 279 5 0 4 7 10 13 2 8 14 11 5 3 6 9 12 1
287 282 5 8 4 7 10 13 2 0 14 11 5 3 6 9 12 1
288 283 5 8 4 7 10 13 2 14 0 11 5 3 6 9 12 1
283 278 5 1 4 7 10 0 2 8 14 11 5 3 6 9 12 13
284 279 5 1 4 7 10 5 2 8 14 11 0 3 6 9 12 13
284 280 4 1 4 7 10 5 2 8 14 11 13 3 6 9 12 0
282 277 5 1 4 7 10 13 2 8 14 11 5 3 6 9 0 12
248 243 5 1 4 7 10 13 2 6 5 11 14 8 0 9 12 3
249 244 5 1 4 7 10 13 2 6 5 11 14 0 8 9 12 3
249 246 3 1 4 7 10 13 2 6 5 11 14 3 8 9 12 0
254 249 5 1 4 7 10 13 2 6 5 0 14 3 8 9 12 11
255 250 5 1 4 7 10 13 2 6 0 5 14 3 8 9 12 11
256 251 5 1 4 7 10 13 2 0 6 5 14 3 8 9 12 11
257 252 5 1 4 7 10 13 2 8 6 5 14 3 0 9 12 11
254 249 5 0 4 7 10 13 2 6 5 11 14 3 8 9 12 1
257 252 5 6 4 7 10 13 2 0 5 11 14 3 8 9 12 1
257 253 4 6 4 7 10 13 2 5 0 11 14 3 8 9 12 1
259 254 5 6 4 7 10 13 2 5 11 0 14 3 8 9 12 1
259 254 5 6 4 7 10 13 2 5 9 11 14 3 8 0 12 1
260 255 5 6 4 7 10 13 2 5 9 11 14 3 0 8 12 1
252 247 5 1 4 7 10 13 8 2 5 11 0 3 6 9 12 14
258 253 5 1 8 7 10 13 2 4 5 11 14 3 6 9 0 12
265 260 5 11 4 7 0 13 2 1 8 10 14 3 6 9 12 5
250 245 5 1 4 7 0 13 2 8 5 10 14 3 6 9 12 11
253 248 5 1 4 7 10 13 2 6 8 5 14 3 9 0 12 11
263 258 5 11 4 7 10 0 2 1 8 5 14 3 6 9 12 13
266 261 5 11 4 7 10 5 2 1 8 0 14 3 6 9 12 13
265 260 5 0 4 7 10 11 2 1 8 5 14 3 6 9 12 13
267 263 4 1 4 7 10 11 2 0 8 5 14 3 6 9 12 13
267 263 4 13 4 7 10 11 2 1 8 5 14 3 6 9 12 0
271 266 5 13 4 7 10 11 2 1 8 0 14 3 6 9 12 5
269 264 5 1 4 7 10 11 2 8 0 5 14 3 6 9 12 13
255 250 5 8 4 10 0 13 2 5 7 11 14 3 6 9 12 1
250 245 5 1 4 7 10 13 2 8 5 12 14 3 6 9 0 11
250 246 4 1 4 7 10 13 2 8 5 12 14 3 6 9 11 0
263 258 5 11 4 7 10 13 2 1 8 5 14 0 6 9 12 3
266 261 5 11 4 7 10 13 2 0 8 5 14 1 6 9 12 3
265 260 5 0 4 7 10 13 2 1 8 5 14 11 6 9 12 3
267 263 4 1 4 7 10 13 2 0 8 5 14 11 6 9 12 3
267 263 4 3 4 7 10 13 2 1 8 5 14 11 6 9 12 0
271 266 5 3 4 7 10 13 2 1 8 0 14 11 6 9 12 5
269 264 5 1 4 7 10 13 2 8 0 5 14 11 6 9 12 3
270 265 5 1 4 7 10 13 2 8 5 0 14 11 6 9 12 3
257 252 5 4 8 7 10 13 2 0 5 11 14 3 6 9 12 1
257 253 4 4 8 7 10 13 2 5 0 11 14 3 6 9 12 1
259 254 5 4 8 7 10 13 2 5 11 0 14 3 6 9 12 1
259 254 5 4 8 7 10 13 2 5 9 11 14 3 6 0 12 1
251 246 5 3 4 7 10 13 2 8 5 11 14 0 6 9 12 1
252 248 4 3 4 7 10 13 2 8 5 11 14 1 6 9 12 0
254 249 5 3 4 7 10 13 2 0 5 11 14 8 6 9 12 1
254 250 4 3 4 7 10 13 2 5 0 11 14 8 6 9 12 1
256 251 5 3 4 7 10 13 2 5 11 0 14 8 6 9 12 1
256 251 5 3 4 7 10 13 2 5 9 11 14 8 6 0 12 1
246 241 5 0 4 7 10 13 2 8 5 11 14 1 6 9 12 3
249 244 5 8 4 7 10 13 2 0 5 11 14 1 6 9 12 3
249 245 4 8 4 7 10 13 2 5 0 11 14 1 6 9 12 3
251 246 5 8 4 7 10 13 2 5 11 0 14 1 6 9 12 3
251 246 5 8 4 7 10 13 2 5 9 11 14 1 6 0 12 3
244 239 5 1 4 7 10 13 8 0 5 11 14 2 6 9 12 3
244 240 4 1 4 7 10 13 8 5 0 11 14 2 6 9 12 3
246 241 5 1 4 7 10 13 8 5 11 0 14 2 6 9 12 3
246 241 5 1 4 7 10 13 8 5 9 11 14 2 6 0 12 3
246 241 5 1 4 0 10 13 8 5 7 11 14 2 6 9 12 3
283 278 5 1 4 7 10 13 2 8 14 11 5 0 6 9 12 3
286 281 5 1 4 7 10 13 2 0 14 11 5 8 6 9 12 3
287 282 5 1 4 7 10 13 2 14 0 11 5 8 6 9 12 3
252 247 5 1 4 7 10 13 2 6 5 11 14 3 8 9 0 12
248 243 5 1 4 7 10 13 2 8 5 0 14 3 6 9 11 12
249 244 5 1 4 7 10 13 2 8 0 5 14 3 6 9 11 12
249 245 4 1 4 7 10 13 2 0 8 5 14 3 6 9 11 12
251 246 5 1 4 7 10 13 0 2 8 5 14 3 6 9 11 12
251 246 5 1 4 7 10 13 2 6 8 5 14 3 0 9 11 12
251 246 5 1 0 7 10 13 2 4 8 5 14 3 6 9 11 12
269 264 5 1 0 7 10 11 2 4 8 5 14 3 6 9 12 13
251 246 5 1 4 7 10 13 2 8 9 5 14 3 6 0 12 11
253 248 5 1 4 7 10 13 3 2 8 5 14 0 6 9 12 11
254 250 4 1 4 7 10 13 3 2 8 5 14 11 6 9 12 0
258 253 5 1 4 7 10 13 3 2 8 0 14 11 6 9 12 5
256 251 5 1 4 7 10 13 3 0 8 5 14 2 6 9 12 11
257 252 5 1 4 7 10 13 0 3 8 5 14 2 6 9 12 11
257 253 4 1 4 7 10 13 2 3 8 5 14 0 6 9 12 11
258 255 3 1 4 7 10 13 2 3 8 5 14 11 6 9 12 0
262 258 4 1 4 7 10 13 2 3 8 0 14 11 6 9 12 5
264 259 5 1 4 7 10 13 2 3 8 14 0 11 6 9 12 5
264 260 4 1 4 7 10 13 2 3 8 14 5 11 6 9 12 0
268 263 5 1 4 7 10 13 2 3 8 0 5 11 6 9 12 14
267 262 5 1 4 7 10 13 2 3 8 14 5 0 6 9 12 11
264 259 5 1 4 7 10 13 2 3 0 8 14 11 6 9 12 5
265 260 5 1 4 7 10 13 2 0 3 8 14 11 6 9 12 5
259 254 5 2 4 7 10 13 0 1 8 5 14 3 6 9 12 11
260 255 5 2 4 7 10 13 1 0 8 5 14 3 6 9 12 11
273 268 5 1 4 7 10 13 2 6 8 14 5 3 0 9 12 11
269 264 5 1 4 7 10 11 0 2 8 5 14 3 6 9 12 13
262 257 5 11 4 7 10 13 2 1 8 5 14 3 6 9 0 12
263 258 5 11 4 7 10 13 2 1 8 0 14 3 6 9 5 12
248 243 5 1 0 7 10 13 2 4 5 11 14 8 6 9 12 3
258 253 5 1 8 7 10 13 2 4 5 11 0 3 6 9 12 14
260 255 5 3 4 7 10 13 2 1 8 5 14 0 6 9 12 11
263 258 5 3 4 7 10 13 2 0 8 5 14 1 6 9 12 11
281 276 5 1 4 7 10 0 2 8 14 11 13 3 6 9 12 5
253 248 5 1 7 0 10 13 2 4 8 5 14 3 6 9 12 11
254 249 5 1 4 7 10 13 2 5 9 11 0 3 8 6 12 14
255 250 5 8 0 4 10 13 2 5 7 11 14 3 6 9 12 1
256 251 5 0 8 4 10 13 2 5 7 11 14 3 6 9 12 1
257 254 3 1 8 4 10 13 2 5 7 11 14 3 6 9 12 0
262 257 5 1 8 4 10 13 2 5 7 0 14 3 6 9 12 11
263 258 5 1 8 4 10 13 2 5 0 7 14 3 6 9 12 11
264 259 5 1 8 0 10 13 2 5 4 7 14 3 6 9 12 11
265 260 5 1 0 8 10 13 2 5 4 7 14 3 6 9 12 11
261 256 5 1 8 4 10 0 2 5 7 11 14 3 6 9 12 13
261 256 5 1 8 4 10 13 2 5 7 11 14 0 6 9 12 3
251 246 5 1 4 7 10 11 2 8 5 0 14 3 6 9 12 13
273 268 5 1 0 7 10 13 2 4 8 14 5 3 6 9 12 11
265 260 5 11 4 7 10 13 2 1 0 8 14 3 6 9 12 5
266 261 5 11 4 7 10 13 2 0 1 8 14 3 6 9 12 5
248 243 5 1 4 7 10 13 2 8 5 0 11 3 6 9 12 14
249 244 5 1 4 7 10 13 2 8 0 5 11 3 6 9 12 14
249 245 4 1 4 7 10 13 2 0 8 5 11 3 6 9 12 14
251 246 5 1 4 7 10 13 0 2 8 5 11 3 6 9 12 14
251 246 5 1 4 7 10 13 2 6 8 5 11 3 0 9 12 14
251 246 5 1 0 7 10 13 2 4 8 5 11 3 6 9 12 14
256 251 5 3 4 0 10 13 2 5 7 11 14 8 6 9 12 1
251 246 5 8 4 0 10 13 2 5 7 11 14 1 6 9 12 3
255 250 5 8 4 7 0 13 2 5 11 10 14 3 6 9 12 1
252 247 5 1 4 7 10 13 2 6 5 11 0 3 8 9 12 14
253 248 5 8 4 7 10 13 0 2 5 11 14 3 6 9 12 1
245 240 5 1 4 7 10 13 2 8 5 11 14 6 0 9 12 3
259 254 5 6 4 0 10 13 2 5 7 11 14 3 8 9 12 1
250 245 5 1 4 7 0 13 2 5 11 10 14 8 6 9 12 3
255 250 5 8 4 7 10 13 2 5 11 14 0 3 6 9 12 1
255 251 4 8 4 7 10 13 2 5 11 14 1 3 6 9 12 0
259 254 5 8 4 7 10 13 2 5 11 0 1 3 6 9 12 14
259 255 4 8 4 7 10 13 2 5 0 11 1 3 6 9 12 14
261 256 5 8 4 7 10 13 2 0 5 11 1 3 6 9 12 14
250 245 5 1 4 7 10 13 2 8 5 14 0 3 6 9 12 11
250 246 4 1 4 7 10 13 2 8 5 14 11 3 6 9 12 0
250 245 5 4 0 7 10 13 2 8 5 11 14 3 6 9 12 1
264 259 5 1 4 7 0 13 2 3 8 10 14 11 6 9 12 5
262 257 5 1 4 7 10 0 2 3 8 5 14 11 6 9 12 13
265 260 5 1 4 7 10 5 2 3 8 0 14 11 6 9 12 13
258 253 5 6 4 7 10 13 2 8 5 11 14 3 0 9 12 1
259 254 5 1 4 7 10 13 2 3 8 5 14 6 0 9 12 11
260 255 5 1 4 7 10 13 2 0 8 5 14 6 3 9 12 11
261 256 5 1 4 7 10 0 2 3 8 5 14 13 6 9 12 11
262 258 4 1 4 7 10 11 2 3 8 5 14 13 6 9 12 0
266 261 5 1 4 7 10 11 2 3 8 0 14 13 6 9 12 5
263 258 5 0 4 7 10 13 2 3 8 5 14 11 6 9 12 1
266 261 5 3 4 7 10 13 2 0 8 5 14 11 6 9 12 1
248 243 5 1 4 7 10 13 2 8 5 11 14 3 6 0 9 12
249 244 5 1 4 7 10 13 2 8 0 11 14 3 6 5 9 12
249 245 4 1 4 7 10 13 2 0 8 11 14 3 6 5 9 12
251 246 5 1 4 7 10 13 0 2 8 11 14 3 6 5 9 12
248 243 5 1 4 7 10 0 2 8 5 11 13 3 6 9 12 14
265 260 5 11 4 7 10 13 2 1 8 12 14 3 6 9 0 5
265 261 4 11 4 7 10 13 2 1 8 12 14 3 6 9 5 0
269 264 5 0 4 7 10 13 2 1 8 12 14 3 6 9 5 11
271 267 4 1 4 7 10 13 2 0 8 12 14 3 6 9 5 11
273 268 5 1 4 7 10 13 2 8 0 12 14 3 6 9 5 11
274 269 5 1 4 7 10 13 2 8 12 0 14 3 6 9 5 11
275 270 5 1 4 7 10 13 2 8 12 5 14 3 6 9 0 11
275 271 4 1 4 7 10 13 2 8 12 5 14 3 6 9 11 0
279 274 5 1 4 7 10 13 2 8 12 0 14 3 6 9 11 5
279 275 4 1 4 7 10 13 2 8 12 11 14 3 6 9 0 5
279 276 3 1 4 7 10 13 2 8 12 11 14 3 6 9 5 0
284 279 5 0 4 7 10 13 2 8 12 11 14 3 6 9 5 1
287 282 5 8 4 7 10 13 2 0 12 11 14 3 6 9 5 1
288 283 5 8 4 7 10 13 2 12 0 11 14 3 6 9 5 1
269 264 5 1 4 7 10 11 2 6 8 5 14 3 0 9 12 13
259 254 5 4 8 0 10 13 2 5 7 11 14 3 6 9 12 1
260 255 5 4 0 8 10 13 2 5 7 11 14 3 6 9 12 1
260 256 4 0 4 8 10 13 2 5 7 11 14 3 6 9 12 1
261 259 2 1 4 8 10 13 2 5 7 11 14 3 6 9 12 0
266 262 4 1 4 8 10 13 2 5 7 0 14 3 6 9 12 11
267 263 4 1 4 8 10 13 2 5 0 7 14 3 6 9 12 11
267 264 3 1 4 0 10 13 2 5 8 7 14 3 6 9 12 11
269 265 4 1 4 10 0 13 2 5 8 7 14 3 6 9 12 11
270 266 4 1 4 10 7 13 2 5 8 0 14 3 6 9 12 11
269 265 4 1 0 4 10 13 2 5 8 7 14 3 6 9 12 11
265 261 4 1 4 8 10 0 2 5 7 11 14 3 6 9 12 13
265 261 4 1 4 8 10 13 2 5 7 11 14 0 6 9 12 3
264 260 4 1 4 8 10 13 2 5 7 11 14 3 6 9 0 12
264 260 4 1 4 8 10 13 2 5 7 11 0 3 6 9 12 14
266 261 5 1 4 8 10 13 2 5 7 0 11 3 6 9 12 14
267 262 5 1 4 8 10 13 2 5 0 7 11 3 6 9 12 14
267 263 4 1 4 0 10 13 2 5 8 7 11 3 6 9 12 14
269 264 5 1 4 10 0 13 2 5 8 7 11 3 6 9 12 14
270 265 5 1 4 10 7 13 2 5 8 0 11 3 6 9 12 14
270 266 4 1 4 10 7 13 2 5 8 11 0 3 6 9 12 14
269 267 2 1 4 10 7 13 2 5 8 11 14 3 6 9 12 0
274 270 4 0 4 10 7 13 2 5 8 11 14 3 6 9 12 1
273 269 4 1 4 10 7 0 2 5 8 11 14 3 6 9 12 13
274 270 4 1 4 10 0 7 2 5 8 11 14 3 6 9 12 13
274 271 3 1 4 0 10 7 2 5 8 11 14 3 6 9 12 13
276 272 4 1 0 4 10 7 2 5 8 11 14 3 6 9 12 13
276 272 4 1 4 8 10 7 2 5 0 11 14 3 6 9 12 13
273 269 4 1 4 10 7 13 2 5 8 11 14 0 6 9 12 3
272 268 4 1 4 10 7 13 2 5 8 11 14 3 6 9 0 12
274 269 5 1 4 10 7 13 2 5 8 11 14 3 6 0 9 12
274 269 5 1 4 10 7 13 2 5 8 0 14 3 6 9 11 12
275 270 5 1 4 10 0 13 2 5 8 7 14 3 6 9 11 12
275 271 4 1 4 0 10 13 2 5 8 7 14 3 6 9 11 12
277 272 5 1 0 4 10 13 2 5 8 7 14 3 6 9 11 12
275 270 5 1 4 10 7 13 2 5 8 11 14 6 0 9 12 3
277 272 5 1 4 8 10 13 2 5 0 7 14 3 6 9 11 12
277 272 5 1 4 10 7 13 2 0 8 11 14 5 6 9 12 3
251 246 5 1 4 7 10 13 2 6 8 11 14 3 0 5 9 12
252 247 5 1 4 7 10 13 2 6 8 11 14 3 5 0 9 12
252 248 4 1 4 7 10 13 2 6 8 11 14 3 5 9 0 12
251 249 2 1 4 7 10 13 2 6 8 11 14 3 5 9 12 0
256 252 4 1 4 7 10 13 2 6 8 0 14 3 5 9 12 11
256 252 4 0 4 7 10 13 2 6 8 11 14 3 5 9 12 1
259 255 4 6 4 7 10 13 2 0 8 11 14 3 5 9 12 1
259 256 3 6 4 7 10 13 2 5 8 11 14 3 0 9 12 1
261 257 4 6 4 7 10 13 2 5 8 11 14 3 9 0 12 1
261 257 4 6 4 7 10 13 2 5 8 11 14 0 3 9 12 1
262 259 3 6 4 7 10 13 2 5 8 11 14 1 3 9 12 0
266 262 4 0 4 7 10 13 2 5 8 11 14 1 3 9 12 6
267 264 3 1 4 7 10 13 2 5 8 11 14 0 3 9 12 6
268 266 2 1 4 7 10 13 2 5 8 11 14 6 3 9 12 0
267 265 2 1 4 7 10 13 2 5 8 11 14 3 0 9 12 6
269 266 3 1 4 7 10 13 2 5 8 11 14 3 9 0 12 6
269 266 3 1 4 7 10 13 2 0 8 11 14 3 5 9 12 6
271 267 4 1 4 7 10 13 2 8 0 11 14 3 5 9 12 6
271 267 4 1 4 7 10 13 2 5 8 11 0 6 3 9 12 14
271 267 4 1 4 7 10 13 0 2 8 11 14 3 5 9 12 6
271 267 4 1 0 7 10 13 2 4 8 11 14 3 5 9 12 6
271 267 4 1 4 7 10 0 2 5 8 11 14 13 3 9 12 6
272 269 3 1 4 7 10 6 2 5 8 11 14 13 3 9 12 0
275 271 4 1 4 7 10 6 2 5 8 11 14 0 3 9 12 13
275 272 3 1 4 7 10 6 2 5 8 11 14 3 0 9 12 13
277 273 4 1 4 7 10 6 2 5 8 11 14 3 9 0 12 13
263 259 4 0 4 7 10 13 2 5 8 11 14 6 3 9 12 1
277 273 4 1 4 7 10 6 2 0 8 11 14 3 5 9 12 13
271 267 4 1 4 7 10 13 2 5 8 11 14 3 9 12 0 6
271 268 3 1 4 7 10 13 2 5 8 11 14 3 9 12 6 0
271 267 4 1 4 7 10 13 2 5 0 11 14 3 9 8 12 6
254 250 4 1 4 7 10 13 2 6 8 11 0 3 5 9 12 14
273 269 4 1 4 7 10 13 2 5 8 0 14 6 3 9 12 11
269 265 4 1 4 7 10 13 0 5 8 11 14 2 3 9 12 6
255 251 4 1 4 7 10 13 2 6 8 11 14 0 5 9 12 3
258 254 4 1 4 7 10 13 2 0 8 11 14 6 5 9 12 3
258 255 3 1 4 7 10 13 2 5 8 11 14 6 0 9 12 3
258 256 2 1 4 7 10 13 2 5 8 11 14 0 6 9 12 3
258 258 0 1 4 7 10 13 2 5 8 11 14 3 6 9 12 0
