0 0 0 2 3 10 13 14 7 5 6 8 11 1 9 12 0 4
14 1 13 2 3 10 13 14 7 5 6 8 11 1 9 12 4 0
14 1 13 2 3 10 13 14 7 5 6 8 11 1 9 0 12 4
14 2 12 2 3 10 13 14 7 5 6 8 11 1 0 9 12 4
15 3 12 2 3 10 13 14 7 5 6 8 11 0 1 9 12 4
16 5 11 2 3 10 13 14 7 5 6 8 11 4 1 9 12 0
20 8 12 2 3 10 13 14 7 5 6 0 11 4 1 9 12 8
20 9 11 2 3 10 13 14 7 5 6 11 0 4 1 9 12 8
20 10 10 2 3 10 13 14 7 5 6 11 8 4 1 9 12 0
20 10 10 2 3 10 13 0 7 5 6 11 14 4 1 9 12 8
21 12 9 2 3 10 13 8 7 5 6 11 14 4 1 9 12 0
20 11 9 2 3 10 0 13 7 5 6 11 14 4 1 9 12 8
20 12 8 2 3 0 10 13 7 5 6 11 14 4 1 9 12 8
21 13 8 2 0 3 10 13 7 5 6 11 14 4 1 9 12 8
22 14 8 0 2 3 10 13 7 5 6 11 14 4 1 9 12 8
24 17 7 8 2 3 10 13 7 5 6 11 14 4 1 9 12 0
27 19 8 8 2 3 10 13 7 5 6 11 14 0 1 9 12 4
29 21 8 0 2 3 10 13 7 5 6 11 14 8 1 9 12 4
31 24 7 4 2 3 10 13 7 5 6 11 14 8 1 9 12 0
28 20 8 8 2 3 10 13 0 5 6 11 14 7 1 9 12 4
24 16 8 4 2 3 10 13 7 5 6 11 14 0 1 9 12 8
25 17 8 4 2 3 10 13 7 5 6 11 14 1 0 9 12 8
21 13 8 2 3 6 10 13 7 5 0 11 14 4 1 9 12 8
25 17 8 4 2 3 10 13 0 5 6 11 14 7 1 9 12 8
30 22 8 2 0 3 10 13 7 5 6 11 14 8 1 9 12 4
31 23 8 2 3 0 10 13 7 5 6 11 14 8 1 9 12 4
32 24 8 2 3 6 10 13 7 5 0 11 14 8 1 9 12 4
28 20 8 8 2 3 10 13 7 5 6 11 14 1 0 9 12 4
30 22 8 7 2 3 10 13 0 5 6 11 14 8 1 9 12 4
31 23 8 7 2 3 10 13 8 5 6 11 14 0 1 9 12 4
32 25 7 7 2 3 10 13 8 5 6 11 14 4 1 9 12 0
36 28 8 0 2 3 10 13 8 5 6 11 14 4 1 9 12 7
38 30 8 4 2 3 10 13 8 5 6 11 14 0 1 9 12 7
39 32 7 4 2 3 10 13 8 5 6 11 14 7 1 9 12 0
39 31 8 4 2 3 10 13 8 5 6 11 14 1 0 9 12 7
37 29 8 8 2 3 10 13 0 5 6 11 14 4 1 9 12 7
38 30 8 8 2 3 10 13 4 5 6 11 14 0 1 9 12 7
39 32 7 8 2 3 10 13 4 5 6 11 14 7 1 9 12 0
43 35 8 0 2 3 10 13 4 5 6 11 14 7 1 9 12 8
45 37 8 7 2 3 10 13 4 5 6 11 14 0 1 9 12 8
46 39 7 7 2 3 10 13 4 5 6 11 14 8 1 9 12 0
37 29 8 2 0 3 10 13 8 5 6 11 14 4 1 9 12 7
38 30 8 2 3 0 10 13 8 5 6 11 14 4 1 9 12 7
39 31 8 2 3 6 10 13 8 5 0 11 14 4 1 9 12 7
32 24 8 7 2 3 10 13 8 5 6 11 14 1 0 9 12 4
33 25 8 0 2 3 10 13 8 5 6 11 14 7 1 9 12 4
34 26 8 2 0 3 10 13 8 5 6 11 14 7 1 9 12 4
35 27 8 2 3 0 10 13 8 5 6 11 14 7 1 9 12 4
36 28 8 2 3 6 10 13 8 5 0 11 14 7 1 9 12 4
23 15 8 7 2 3 10 13 0 5 6 11 14 4 1 9 12 8
44 36 8 2 0 3 10 13 4 5 6 11 14 7 1 9 12 8
45 37 8 2 3 0 10 13 4 5 6 11 14 7 1 9 12 8
46 38 8 2 3 6 10 13 4 5 0 11 14 7 1 9 12 8
39 31 8 8 2 3 10 13 4 5 6 11 14 1 0 9 12 7
46 38 8 7 2 3 10 13 4 5 6 11 14 1 0 9 12 8
40 32 8 0 2 3 10 13 4 5 6 11 14 8 1 9 12 7
41 33 8 2 0 3 10 13 4 5 6 11 14 8 1 9 12 7
42 34 8 2 3 0 10 13 4 5 6 11 14 8 1 9 12 7
43 35 8 2 3 6 10 13 4 5 0 11 14 8 1 9 12 7
39 31 8 4 2 3 10 13 0 5 6 11 14 8 1 9 12 7
41 32 9 4 2 3 10 13 5 0 6 11 14 8 1 9 12 7
42 33 9 4 2 3 10 13 5 6 0 11 14 8 1 9 12 7
43 34 9 4 2 0 10 13 5 6 3 11 14 8 1 9 12 7
44 35 9 4 0 2 10 13 5 6 3 11 14 8 1 9 12 7
44 36 8 0 4 2 10 13 5 6 3 11 14 8 1 9 12 7
46 39 7 7 4 2 10 13 5 6 3 11 14 8 1 9 12 0
49 41 8 7 4 2 10 13 5 6 3 11 14 0 1 9 12 8
52 44 8 7 4 2 10 13 5 0 3 11 14 6 1 9 12 8
52 45 7 7 4 2 10 13 0 5 3 11 14 6 1 9 12 8
53 46 7 7 4 2 10 13 6 5 3 11 14 0 1 9 12 8
54 48 6 7 4 2 10 13 6 5 3 11 14 8 1 9 12 0
58 51 7 0 4 2 10 13 6 5 3 11 14 8 1 9 12 7
60 53 7 8 4 2 10 13 6 5 3 11 14 0 1 9 12 7
61 55 6 8 4 2 10 13 6 5 3 11 14 7 1 9 12 0
61 54 7 8 4 2 10 13 6 5 3 11 14 1 0 9 12 7
61 54 7 8 4 2 10 13 0 5 3 11 14 6 1 9 12 7
59 52 7 6 4 2 10 13 0 5 3 11 14 8 1 9 12 7
60 53 7 6 4 2 10 13 8 5 3 11 14 0 1 9 12 7
61 55 6 6 4 2 10 13 8 5 3 11 14 7 1 9 12 0
65 58 7 0 4 2 10 13 8 5 3 11 14 7 1 9 12 6
67 60 7 7 4 2 10 13 8 5 3 11 14 0 1 9 12 6
68 62 6 7 4 2 10 13 8 5 3 11 14 6 1 9 12 0
68 61 7 7 4 2 10 13 8 5 3 11 14 1 0 9 12 6
68 61 7 7 4 2 10 13 0 5 3 11 14 8 1 9 12 6
66 59 7 8 4 2 10 13 0 5 3 11 14 7 1 9 12 6
67 60 7 8 4 2 10 13 7 5 3 11 14 0 1 9 12 6
68 62 6 8 4 2 10 13 7 5 3 11 14 6 1 9 12 0
72 65 7 0 4 2 10 13 7 5 3 11 14 6 1 9 12 8
74 67 7 6 4 2 10 13 7 5 3 11 14 0 1 9 12 8
75 69 6 6 4 2 10 13 7 5 3 11 14 8 1 9 12 0
55 48 7 0 4 2 10 13 6 5 3 11 14 7 1 9 12 8
54 47 7 7 4 2 10 13 6 5 3 11 14 1 0 9 12 8
75 68 7 6 4 2 10 13 7 5 3 11 14 1 0 9 12 8
56 49 7 6 4 2 10 13 0 5 3 11 14 7 1 9 12 8
61 54 7 6 4 2 10 13 8 5 3 11 14 1 0 9 12 7
62 55 7 0 4 2 10 13 8 5 3 11 14 6 1 9 12 7
68 61 7 8 4 2 10 13 7 5 3 11 14 1 0 9 12 6
69 62 7 0 4 2 10 13 7 5 3 11 14 8 1 9 12 6
73 65 8 5 4 2 10 13 7 0 3 11 14 8 1 9 12 6
74 66 8 5 4 2 10 13 7 3 0 11 14 8 1 9 12 6
75 67 8 5 4 0 10 13 7 3 2 11 14 8 1 9 12 6
46 38 8 8 4 2 10 13 5 6 3 11 14 0 1 9 12 7
47 40 7 8 4 2 10 13 5 6 3 11 14 7 1 9 12 0
51 43 8 0 4 2 10 13 5 6 3 11 14 7 1 9 12 8
52 44 8 5 4 2 10 13 0 6 3 11 14 7 1 9 12 8
53 45 8 5 4 2 10 13 7 6 3 11 14 0 1 9 12 8
54 47 7 5 4 2 10 13 7 6 3 11 14 8 1 9 12 0
58 50 8 0 4 2 10 13 7 6 3 11 14 8 1 9 12 5
61 53 8 6 4 2 10 13 7 0 3 11 14 8 1 9 12 5
62 54 8 6 4 2 10 13 7 3 0 11 14 8 1 9 12 5
63 55 8 6 4 0 10 13 7 3 2 11 14 8 1 9 12 5
57 49 8 7 4 2 10 13 6 5 3 11 0 8 1 9 12 14
47 39 8 6 4 2 10 13 5 0 3 11 14 8 1 9 12 7
48 40 8 6 4 2 10 13 5 3 0 11 14 8 1 9 12 7
49 41 8 6 4 0 10 13 5 3 2 11 14 8 1 9 12 7
64 56 8 8 4 2 10 13 6 0 3 11 14 5 1 9 12 7
65 57 8 8 4 2 10 13 6 3 0 11 14 5 1 9 12 7
66 58 8 8 4 0 10 13 6 3 2 11 14 5 1 9 12 7
65 57 8 8 4 2 10 13 6 1 3 11 14 5 0 9 12 7
66 58 8 8 4 2 10 13 6 1 3 11 14 0 5 9 12 7
67 60 7 8 4 2 10 13 6 1 3 11 14 7 5 9 12 0
71 63 8 0 4 2 10 13 6 1 3 11 14 7 5 9 12 8
73 66 7 1 4 2 10 13 6 0 3 11 14 7 5 9 12 8
73 67 6 1 4 2 10 13 6 5 3 11 14 7 0 9 12 8
74 68 6 1 4 2 10 13 6 5 3 11 14 0 7 9 12 8
75 70 5 1 4 2 10 13 6 5 3 11 14 8 7 9 12 0
75 69 6 1 4 2 10 13 0 5 3 11 14 6 7 9 12 8
77 70 7 1 4 2 10 13 5 0 3 11 14 6 7 9 12 8
78 71 7 1 4 2 10 13 5 3 0 11 14 6 7 9 12 8
79 72 7 1 4 0 10 13 5 3 2 11 14 6 7 9 12 8
78 71 7 1 4 2 10 13 5 7 3 11 14 6 0 9 12 8
78 72 6 1 4 2 10 13 5 7 3 11 14 0 6 9 12 8
79 74 5 1 4 2 10 13 5 7 3 11 14 8 6 9 12 0
81 75 6 1 4 2 10 13 5 0 3 11 14 7 6 9 12 8
81 76 5 1 4 2 10 13 0 5 3 11 14 7 6 9 12 8
82 77 5 1 4 2 10 13 7 5 3 11 14 0 6 9 12 8
83 79 4 1 4 2 10 13 7 5 3 11 14 8 6 9 12 0
88 82 6 1 4 2 10 13 7 5 3 0 14 8 6 9 12 11
89 83 6 1 4 2 10 13 7 5 0 3 14 8 6 9 12 11
90 84 6 1 4 0 10 13 7 5 2 3 14 8 6 9 12 11
88 82 6 0 4 2 10 13 7 5 3 11 14 8 6 9 12 1
90 84 6 8 4 2 10 13 7 5 3 11 14 0 6 9 12 1
91 86 5 8 4 2 10 13 7 5 3 11 14 1 6 9 12 0
91 85 6 8 4 2 10 13 0 5 3 11 14 7 6 9 12 1
87 81 6 1 4 2 10 0 7 5 3 11 14 8 6 9 12 13
90 84 6 1 4 2 10 8 7 5 3 11 14 0 6 9 12 13
91 86 5 1 4 2 10 8 7 5 3 11 14 13 6 9 12 0
91 85 6 1 4 2 10 8 0 5 3 11 14 7 6 9 12 13
86 80 6 1 4 2 10 0 7 5 3 11 14 13 6 9 12 8
79 73 6 1 4 2 10 13 0 7 3 11 14 5 6 9 12 8
80 74 6 1 4 2 10 13 7 0 3 11 14 5 6 9 12 8
81 75 6 1 4 2 10 13 7 3 0 11 14 5 6 9 12 8
82 76 6 1 4 0 10 13 7 3 2 11 14 5 6 9 12 8
84 78 6 1 4 2 10 13 7 5 3 11 14 6 0 9 12 8
82 76 6 1 4 2 10 13 5 3 0 11 14 7 6 9 12 8
83 77 6 1 4 0 10 13 5 3 2 11 14 7 6 9 12 8
86 80 6 1 4 2 10 13 7 5 3 11 14 8 6 9 0 12
89 83 6 7 4 2 10 13 0 5 3 11 14 8 6 9 12 1
90 84 6 7 4 2 10 13 8 5 3 11 14 0 6 9 12 1
91 86 5 7 4 2 10 13 8 5 3 11 14 1 6 9 12 0
95 89 6 0 4 2 10 13 8 5 3 11 14 1 6 9 12 7
96 91 5 1 4 2 10 13 8 5 3 11 14 0 6 9 12 7
97 93 4 1 4 2 10 13 8 5 3 11 14 7 6 9 12 0
97 92 5 1 4 2 10 13 0 5 3 11 14 8 6 9 12 7
99 93 6 1 4 2 10 13 5 0 3 11 14 8 6 9 12 7
100 94 6 1 4 2 10 13 5 3 0 11 14 8 6 9 12 7
101 95 6 1 4 0 10 13 5 3 2 11 14 8 6 9 12 7
102 96 6 1 4 2 10 13 8 5 3 0 14 7 6 9 12 11
103 97 6 1 4 2 10 13 8 5 0 3 14 7 6 9 12 11
104 98 6 1 4 0 10 13 8 5 2 3 14 7 6 9 12 11
101 95 6 1 4 2 10 0 8 5 3 11 14 7 6 9 12 13
104 98 6 1 4 2 10 7 8 5 3 11 14 0 6 9 12 13
105 100 5 1 4 2 10 7 8 5 3 11 14 13 6 9 12 0
92 86 6 0 4 2 10 13 8 5 3 11 14 7 6 9 12 1
85 79 6 0 4 2 10 13 7 5 3 11 14 1 6 9 12 8
86 80 6 7 4 2 10 13 0 5 3 11 14 1 6 9 12 8
87 81 6 7 4 2 10 13 1 5 3 11 14 0 6 9 12 8
88 83 5 7 4 2 10 13 1 5 3 11 14 8 6 9 12 0
92 86 6 0 4 2 10 13 1 5 3 11 14 8 6 9 12 7
94 88 6 8 4 2 10 13 1 5 3 11 14 0 6 9 12 7
95 90 5 8 4 2 10 13 1 5 3 11 14 7 6 9 12 0
86 80 6 1 4 2 10 13 7 5 3 11 0 8 6 9 12 14
95 89 6 8 4 2 10 13 0 5 3 11 14 1 6 9 12 7
100 94 6 1 4 2 10 0 8 5 3 11 14 13 6 9 12 7
98 92 6 1 4 2 10 13 8 5 3 11 14 6 0 9 12 7
105 99 6 1 4 2 10 7 0 5 3 11 14 8 6 9 12 13
100 94 6 1 4 2 10 13 8 5 3 11 14 7 6 9 0 12
89 83 6 0 4 2 10 13 1 5 3 11 14 7 6 9 12 8
100 94 6 1 4 2 10 13 8 5 3 11 0 7 6 9 12 14
100 94 6 1 4 2 10 13 8 0 3 11 14 5 6 9 12 7
101 95 6 1 4 2 10 13 8 3 0 11 14 5 6 9 12 7
102 96 6 1 4 0 10 13 8 3 2 11 14 5 6 9 12 7
101 95 6 1 4 2 10 13 0 8 3 11 14 5 6 9 12 7
102 96 6 1 4 2 10 13 5 8 3 11 14 0 6 9 12 7
103 98 5 1 4 2 10 13 5 8 3 11 14 7 6 9 12 0
108 101 7 1 4 2 10 13 5 8 3 0 14 7 6 9 12 11
109 102 7 1 4 2 10 13 5 8 0 3 14 7 6 9 12 11
109 103 6 1 4 2 10 13 5 0 8 3 14 7 6 9 12 11
109 104 5 1 4 2 10 13 0 5 8 3 14 7 6 9 12 11
110 105 5 1 4 2 10 13 7 5 8 3 14 0 6 9 12 11
111 107 4 1 4 2 10 13 7 5 8 3 14 11 6 9 12 0
115 110 5 1 4 2 10 13 7 5 8 0 14 11 6 9 12 3
117 111 6 1 4 2 10 13 7 5 8 14 0 11 6 9 12 3
117 112 5 1 4 2 10 13 7 5 8 14 3 11 6 9 12 0
121 115 6 1 4 2 10 13 7 5 8 0 3 11 6 9 12 14
120 114 6 1 4 2 10 13 7 5 8 14 3 0 6 9 12 11
121 115 6 1 4 2 10 13 0 5 8 14 3 7 6 9 12 11
112 106 6 1 4 2 10 13 7 5 8 3 14 6 0 9 12 11
114 108 6 1 4 2 10 13 7 5 8 3 14 11 6 9 0 12
115 109 6 1 4 2 10 13 7 5 8 0 14 11 6 9 3 12
117 111 6 1 4 2 10 13 7 5 0 8 14 11 6 9 12 3
118 112 6 1 4 0 10 13 7 5 2 8 14 11 6 9 12 3
113 107 6 0 4 2 10 13 7 5 8 3 14 1 6 9 12 11
115 110 5 11 4 2 10 13 7 5 8 3 14 1 6 9 12 0
119 113 6 11 4 2 10 13 7 5 8 0 14 1 6 9 12 3
118 112 6 11 4 2 10 13 7 5 8 3 14 0 6 9 12 1
119 113 6 11 4 2 10 13 0 5 8 3 14 7 6 9 12 1
114 108 6 7 4 2 10 13 0 5 8 3 14 1 6 9 12 11
115 109 6 7 4 2 10 13 1 5 8 3 14 0 6 9 12 11
116 111 5 7 4 2 10 13 1 5 8 3 14 11 6 9 12 0
120 114 6 7 4 2 10 13 1 5 8 0 14 11 6 9 12 3
120 114 6 0 4 2 10 13 1 5 8 3 14 11 6 9 12 7
120 115 5 1 4 2 10 13 0 5 8 3 14 11 6 9 12 7
121 116 5 1 4 2 10 13 11 5 8 3 14 0 6 9 12 7
122 118 4 1 4 2 10 13 11 5 8 3 14 7 6 9 12 0
126 121 5 1 4 2 10 13 11 5 8 0 14 7 6 9 12 3
128 122 6 1 4 2 10 13 11 5 8 14 0 7 6 9 12 3
128 123 5 1 4 2 10 13 11 5 8 14 3 7 6 9 12 0
132 126 6 1 4 2 10 13 11 5 8 0 3 7 6 9 12 14
131 125 6 1 4 2 10 13 11 5 8 14 3 0 6 9 12 7
132 126 6 1 4 2 10 13 0 5 8 14 3 11 6 9 12 7
128 122 6 1 4 2 10 13 11 5 0 8 14 7 6 9 12 3
129 123 6 1 4 0 10 13 11 5 2 8 14 7 6 9 12 3
128 122 6 1 4 2 10 13 11 5 8 12 14 7 6 9 0 3
128 123 5 1 4 2 10 13 11 5 8 12 14 7 6 9 3 0
132 126 6 1 4 2 10 13 11 5 8 0 14 7 6 9 3 12
131 125 6 1 4 2 10 13 11 5 8 12 14 0 6 9 3 7
132 126 6 1 4 2 10 13 0 5 8 12 14 11 6 9 3 7
128 122 6 1 4 2 0 13 11 5 8 10 14 7 6 9 12 3
129 123 6 1 4 0 2 13 11 5 8 10 14 7 6 9 12 3
124 118 6 0 4 2 10 13 11 5 8 3 14 1 6 9 12 7
126 121 5 7 4 2 10 13 11 5 8 3 14 1 6 9 12 0
130 124 6 7 4 2 10 13 11 5 8 0 14 1 6 9 12 3
129 123 6 7 4 2 10 13 11 5 8 3 14 0 6 9 12 1
130 124 6 7 4 2 10 13 0 5 8 3 14 11 6 9 12 1
125 119 6 11 4 2 10 13 0 5 8 3 14 1 6 9 12 7
127 121 6 0 4 2 10 13 11 5 8 3 14 7 6 9 12 1
126 120 6 1 4 2 10 0 11 5 8 3 14 7 6 9 12 13
129 123 6 1 4 2 10 3 11 5 8 0 14 7 6 9 12 13
129 123 6 1 4 2 10 7 11 5 8 3 14 0 6 9 12 13
130 125 5 1 4 2 10 7 11 5 8 3 14 13 6 9 12 0
134 128 6 1 4 2 10 7 11 5 8 0 14 13 6 9 12 3
130 124 6 1 4 2 10 7 0 5 8 3 14 11 6 9 12 13
115 109 6 1 4 2 10 0 7 5 8 3 14 11 6 9 12 13
118 112 6 1 4 2 10 3 7 5 8 0 14 11 6 9 12 13
118 112 6 1 4 2 10 11 7 5 8 3 14 0 6 9 12 13
119 114 5 1 4 2 10 11 7 5 8 3 14 13 6 9 12 0
123 117 6 1 4 2 10 11 7 5 8 0 14 13 6 9 12 3
119 113 6 1 4 2 10 11 0 5 8 3 14 7 6 9 12 13
116 110 6 0 4 2 10 13 7 5 8 3 14 11 6 9 12 1
125 119 6 1 4 2 10 13 11 5 8 3 14 7 6 9 0 12
114 108 6 1 4 2 10 13 7 5 8 3 0 11 6 9 12 14
114 108 6 1 4 2 10 0 7 5 8 3 14 13 6 9 12 11
117 111 6 1 4 2 10 3 7 5 8 0 14 13 6 9 12 11
117 111 6 1 4 2 0 13 7 5 8 10 14 11 6 9 12 3
118 112 6 1 4 0 2 13 7 5 8 10 14 11 6 9 12 3
114 108 6 1 4 2 10 13 7 0 8 3 14 5 6 9 12 11
115 109 6 1 4 2 10 13 0 7 8 3 14 5 6 9 12 11
116 110 6 1 4 2 10 13 5 7 8 3 14 0 6 9 12 11
117 112 5 1 4 2 10 13 5 7 8 3 14 11 6 9 12 0
121 115 6 1 4 2 10 13 5 7 8 0 14 11 6 9 12 3
125 119 6 1 4 2 10 13 11 5 8 3 0 7 6 9 12 14
122 116 6 1 4 2 10 13 5 0 8 3 14 11 6 9 12 7
122 116 6 11 4 2 10 13 1 5 8 3 14 0 6 9 12 7
123 118 5 11 4 2 10 13 1 5 8 3 14 7 6 9 12 0
127 121 6 11 4 2 10 13 1 5 8 0 14 7 6 9 12 3
117 111 6 0 4 2 10 13 1 5 8 3 14 7 6 9 12 11
117 111 6 1 4 2 10 13 7 5 8 12 14 11 6 9 0 3
117 112 5 1 4 2 10 13 7 5 8 12 14 11 6 9 3 0
120 114 6 1 4 2 10 13 7 5 8 12 14 0 6 9 3 11
121 115 6 1 4 2 10 13 0 5 8 12 14 7 6 9 3 11
123 117 6 1 4 2 10 13 11 5 8 3 14 6 0 9 12 7
125 119 6 1 4 2 10 13 11 0 8 3 14 5 6 9 12 7
126 120 6 1 4 2 10 13 0 11 8 3 14 5 6 9 12 7
127 121 6 1 4 2 10 13 5 11 8 3 14 0 6 9 12 7
128 123 5 1 4 2 10 13 5 11 8 3 14 7 6 9 12 0
132 126 6 1 4 2 10 13 5 11 8 0 14 7 6 9 12 3
125 119 6 1 4 2 10 0 11 5 8 3 14 13 6 9 12 7
128 122 6 1 4 2 10 3 11 5 8 0 14 13 6 9 12 7
130 123 7 1 4 2 10 3 11 5 8 14 0 13 6 9 12 7
130 124 6 1 4 2 10 3 11 5 8 14 7 13 6 9 12 0
134 127 7 1 4 2 10 3 11 5 8 0 7 13 6 9 12 14
135 128 7 1 4 2 10 3 11 5 8 7 0 13 6 9 12 14
134 129 5 1 4 2 10 3 11 5 8 7 14 13 6 9 12 0
137 131 6 1 4 2 10 0 11 5 8 7 14 13 6 9 12 3
139 134 5 1 4 2 10 13 11 5 8 7 14 0 6 9 12 3
139 136 3 1 4 2 10 13 11 5 8 7 14 3 6 9 12 0
143 139 4 1 4 2 10 13 11 5 8 0 14 3 6 9 12 7
145 140 5 1 4 2 10 13 11 5 8 14 0 3 6 9 12 7
145 141 4 1 4 2 10 13 11 5 8 14 7 3 6 9 12 0
149 144 5 1 4 2 10 13 11 5 8 0 7 3 6 9 12 14
145 140 5 1 4 2 10 13 11 5 0 8 14 3 6 9 12 7
146 141 5 1 4 0 10 13 11 5 2 8 14 3 6 9 12 7
145 140 5 1 4 2 10 13 11 5 8 12 14 3 6 9 0 7
145 141 4 1 4 2 10 13 11 5 8 12 14 3 6 9 7 0
149 144 5 1 4 2 10 13 11 5 8 0 14 3 6 9 7 12
145 140 5 1 4 2 0 13 11 5 8 10 14 3 6 9 12 7
146 141 5 1 4 0 2 13 11 5 8 10 14 3 6 9 12 7
144 139 5 0 4 2 10 13 11 5 8 7 14 3 6 9 12 1
145 140 5 11 4 2 10 13 0 5 8 7 14 3 6 9 12 1
143 138 5 1 4 2 10 0 11 5 8 7 14 3 6 9 12 13
146 141 5 1 4 2 10 7 11 5 8 0 14 3 6 9 12 13
140 135 5 1 4 2 10 13 0 5 8 7 14 11 6 9 12 3
142 137 5 1 4 2 10 13 11 5 8 7 0 3 6 9 12 14
142 137 5 1 4 2 10 13 11 5 8 7 14 3 6 9 0 12
144 138 6 1 4 2 10 13 11 5 8 7 14 3 6 0 9 12
148 142 6 1 4 2 0 7 11 5 8 10 14 3 6 9 12 13
149 143 6 1 4 2 7 0 11 5 8 10 14 3 6 9 12 13
149 145 4 1 4 2 7 13 11 5 8 10 14 3 6 9 12 0
153 148 5 1 4 2 7 13 11 5 8 0 14 3 6 9 12 10
154 149 5 1 4 2 0 13 11 5 8 7 14 3 6 9 12 10
155 150 5 1 4 0 2 13 11 5 8 7 14 3 6 9 12 10
157 151 6 1 0 4 2 13 11 5 8 7 14 3 6 9 12 10
153 147 6 1 4 2 7 13 11 5 8 10 14 0 6 9 12 3
154 148 6 1 4 2 7 13 0 5 8 10 14 11 6 9 12 3
157 151 6 1 4 8 2 13 11 5 0 7 14 3 6 9 12 10
158 152 6 1 4 8 2 13 11 5 7 0 14 3 6 9 12 10
159 153 6 1 4 8 0 13 11 5 7 2 14 3 6 9 12 10
160 154 6 1 4 0 8 13 11 5 7 2 14 3 6 9 12 10
160 155 5 1 4 7 8 13 11 5 0 2 14 3 6 9 12 10
161 156 5 1 4 7 8 13 11 5 2 0 14 3 6 9 12 10
162 157 5 1 4 7 0 13 11 5 2 8 14 3 6 9 12 10
164 158 6 1 4 7 13 0 11 5 2 8 14 3 6 9 12 10
165 160 5 1 4 7 13 10 11 5 2 8 14 3 6 9 12 0
169 163 6 1 4 7 13 10 11 5 2 0 14 3 6 9 12 8
170 164 6 1 4 7 13 10 11 5 0 2 14 3 6 9 12 8
170 164 6 1 4 7 0 10 11 5 2 13 14 3 6 9 12 8
170 165 5 1 4 7 10 0 11 5 2 13 14 3 6 9 12 8
172 168 4 1 4 7 10 13 11 5 2 0 14 3 6 9 12 8
173 169 4 1 4 7 10 13 11 5 0 2 14 3 6 9 12 8
171 167 4 1 4 7 10 8 11 5 2 13 14 3 6 9 12 0
175 170 5 1 4 7 10 8 11 5 2 0 14 3 6 9 12 13
176 171 5 1 4 7 10 8 11 5 0 2 14 3 6 9 12 13
175 170 5 1 4 0 10 13 11 5 7 2 14 3 6 9 12 8
174 169 5 1 4 7 10 13 11 5 2 14 0 3 6 9 12 8
174 170 4 1 4 7 10 13 11 5 2 14 8 3 6 9 12 0
178 173 5 1 4 7 10 13 11 5 2 0 8 3 6 9 12 14
179 174 5 1 4 7 10 13 11 5 2 8 0 3 6 9 12 14
178 175 3 1 4 7 10 13 11 5 2 8 14 3 6 9 12 0
183 178 5 0 4 7 10 13 11 5 2 8 14 3 6 9 12 1
184 179 5 11 4 7 10 13 0 5 2 8 14 3 6 9 12 1
182 177 5 1 4 7 10 0 11 5 2 8 14 3 6 9 12 13
182 177 5 1 4 7 10 13 11 5 2 8 14 0 6 9 12 3
183 178 5 1 4 7 10 13 0 5 2 8 14 11 6 9 12 3
181 176 5 1 4 7 10 13 11 5 2 8 14 3 6 9 0 12
182 177 5 1 4 7 10 13 11 5 2 0 14 3 6 9 8 12
183 178 5 1 4 7 10 13 11 5 0 2 14 3 6 9 8 12
179 174 5 1 4 7 10 13 11 5 0 2 8 3 6 9 12 14
175 170 5 1 4 7 10 13 11 0 5 2 14 3 6 9 12 8
176 171 5 1 4 7 10 13 0 11 5 2 14 3 6 9 12 8
174 169 5 1 4 7 0 13 11 5 2 10 14 3 6 9 12 8
175 170 5 1 4 7 10 13 11 5 9 2 14 3 6 0 12 8
174 169 5 1 4 7 10 13 11 5 2 12 14 3 6 9 0 8
174 170 4 1 4 7 10 13 11 5 2 12 14 3 6 9 8 0
179 173 6 0 4 7 10 13 11 5 2 12 14 3 6 9 8 1
180 174 6 11 4 7 10 13 0 5 2 12 14 3 6 9 8 1
148 142 6 5 4 2 10 13 11 0 8 7 14 3 6 9 12 1
149 143 6 5 4 2 10 13 0 11 8 7 14 3 6 9 12 1
151 145 6 1 4 2 10 13 11 5 0 8 14 3 6 9 7 12
152 146 6 1 4 0 10 13 11 5 2 8 14 3 6 9 7 12
151 145 6 1 4 2 10 13 11 5 8 14 0 3 6 9 7 12
151 146 5 1 4 2 10 13 11 5 8 14 12 3 6 9 7 0
155 149 6 1 4 2 10 13 11 5 8 0 12 3 6 9 7 14
156 150 6 1 4 2 10 13 11 5 8 7 12 3 6 9 0 14
156 151 5 1 4 2 10 13 11 5 8 7 12 3 6 9 14 0
160 154 6 1 4 2 10 13 11 5 8 0 12 3 6 9 14 7
161 155 6 1 4 2 10 13 11 5 8 12 0 3 6 9 14 7
161 156 5 1 4 2 10 13 11 5 8 12 7 3 6 9 14 0
165 159 6 1 4 2 10 13 11 5 8 0 7 3 6 9 14 12
147 141 6 11 4 2 10 13 5 0 8 7 14 3 6 9 12 1
148 142 6 1 4 2 10 7 11 5 8 14 0 3 6 9 12 13
148 143 5 1 4 2 10 7 11 5 8 14 13 3 6 9 12 0
152 146 6 1 4 2 10 7 11 5 8 0 13 3 6 9 12 14
153 147 6 1 4 2 10 7 11 5 8 13 0 3 6 9 12 14
152 148 4 1 4 2 10 7 11 5 8 13 14 3 6 9 12 0
155 150 5 1 4 2 10 0 11 5 8 13 14 3 6 9 12 7
159 153 6 1 4 2 10 3 11 5 8 13 14 0 6 9 12 7
160 155 5 1 4 2 10 3 11 5 8 13 14 7 6 9 12 0
163 157 6 1 4 2 10 0 11 5 8 13 14 7 6 9 12 3
145 139 6 1 4 2 0 10 11 5 8 7 14 3 6 9 12 13
146 140 6 1 4 0 2 10 11 5 8 7 14 3 6 9 12 13
144 138 6 1 4 2 10 0 11 5 8 7 13 3 6 9 12 14
145 140 5 1 4 2 10 14 11 5 8 7 13 3 6 9 12 0
149 143 6 1 4 2 10 14 11 5 8 0 13 3 6 9 12 7
143 137 6 1 4 2 10 13 11 0 8 7 14 5 6 9 12 3
144 138 6 1 4 2 10 13 0 11 8 7 14 5 6 9 12 3
145 139 6 1 4 2 10 13 5 11 8 7 14 0 6 9 12 3
145 141 4 1 4 2 10 13 5 11 8 7 14 3 6 9 12 0
149 144 5 1 4 2 10 13 5 11 8 0 14 3 6 9 12 7
151 145 6 1 4 2 10 13 5 11 8 14 0 3 6 9 12 7
151 146 5 1 4 2 10 13 5 11 8 14 7 3 6 9 12 0
155 149 6 1 4 2 10 13 5 11 8 0 7 3 6 9 12 14
146 140 6 1 4 2 7 10 11 5 8 0 14 3 6 9 12 13
137 131 6 1 4 2 10 3 11 5 8 7 14 0 6 9 12 13
138 132 6 1 4 2 10 3 0 5 8 7 14 11 6 9 12 13
151 145 6 1 4 2 10 13 11 5 8 12 7 3 6 9 0 14
150 144 6 0 4 2 10 13 11 5 8 14 7 3 6 9 12 1
151 145 6 11 4 2 10 13 0 5 8 14 7 3 6 9 12 1
156 150 6 1 4 2 13 0 11 5 8 7 14 3 6 9 12 10
157 152 5 1 4 2 13 10 11 5 8 7 14 3 6 9 12 0
161 155 6 1 4 2 13 10 11 5 8 0 14 3 6 9 12 7
163 157 6 1 4 7 8 13 11 5 2 14 0 3 6 9 12 10
163 158 5 1 4 7 8 13 11 5 2 14 10 3 6 9 12 0
167 161 6 1 4 7 8 13 11 5 2 0 10 3 6 9 12 14
168 162 6 1 4 7 8 13 11 5 2 10 0 3 6 9 12 14
167 163 4 1 4 7 8 13 11 5 2 10 14 3 6 9 12 0
172 166 6 0 4 7 8 13 11 5 2 10 14 3 6 9 12 1
173 167 6 11 4 7 8 13 0 5 2 10 14 3 6 9 12 1
149 143 6 1 4 2 10 13 11 5 8 12 14 0 6 9 7 3
150 144 6 1 4 2 10 13 0 5 8 12 14 11 6 9 7 3
174 168 6 1 4 7 10 3 11 5 2 13 14 0 6 9 12 8
175 170 5 1 4 7 10 3 11 5 2 13 14 8 6 9 12 0
179 173 6 1 4 7 10 3 11 5 2 0 14 8 6 9 12 13
180 174 6 1 4 7 10 3 11 5 0 2 14 8 6 9 12 13
147 141 6 1 4 2 10 0 11 5 8 14 13 3 6 9 12 7
148 142 6 1 4 10 0 13 11 5 2 8 14 3 6 9 12 7
149 143 6 1 4 10 8 13 11 5 2 0 14 3 6 9 12 7
150 144 6 1 4 10 8 13 11 5 0 2 14 3 6 9 12 7
151 145 6 1 4 0 8 13 11 5 10 2 14 3 6 9 12 7
152 146 6 1 4 8 0 13 11 5 10 2 14 3 6 9 12 7
153 147 6 1 4 8 2 13 11 5 10 0 14 3 6 9 12 7
174 168 6 1 4 7 10 8 11 5 2 13 0 3 6 9 12 14
175 169 6 1 4 7 10 8 11 5 2 0 13 3 6 9 12 14
176 170 6 1 4 7 10 8 11 5 0 2 13 3 6 9 12 14
175 169 6 1 4 7 10 0 11 5 2 13 8 3 6 9 12 14
176 171 5 1 4 7 10 14 11 5 2 13 8 3 6 9 12 0
180 174 6 1 4 7 10 14 11 5 2 0 8 3 6 9 12 13
181 175 6 1 4 7 10 14 11 5 0 2 8 3 6 9 12 13
180 174 6 1 4 7 0 13 11 5 2 10 8 3 6 9 12 14
181 175 6 1 4 7 10 0 11 5 2 8 13 3 6 9 12 14
182 177 5 1 4 7 10 14 11 5 2 8 13 3 6 9 12 0
186 180 6 1 4 7 10 14 11 5 2 0 13 3 6 9 12 8
187 181 6 1 4 7 10 14 11 5 0 2 13 3 6 9 12 8
179 173 6 0 4 7 10 13 11 5 2 14 8 3 6 9 12 1
180 174 6 11 4 7 10 13 0 5 2 14 8 3 6 9 12 1
184 178 6 1 4 7 0 13 11 5 2 10 14 3 6 9 8 12
185 179 6 4 0 7 10 13 11 5 2 8 14 3 6 9 12 1
181 175 6 1 4 7 10 14 11 5 2 8 0 3 6 9 12 13
186 180 6 13 4 7 10 0 11 5 2 8 14 3 6 9 12 1
187 182 5 13 4 7 10 1 11 5 2 8 14 3 6 9 12 0
191 185 6 13 4 7 10 1 11 5 2 0 14 3 6 9 12 8
192 186 6 13 4 7 10 1 11 5 0 2 14 3 6 9 12 8
189 183 6 13 4 7 10 8 11 5 2 0 14 3 6 9 12 1
190 184 6 13 4 7 10 8 11 5 0 2 14 3 6 9 12 1
186 180 6 1 4 7 10 3 11 5 2 8 14 0 6 9 12 13
187 182 5 1 4 7 10 3 11 5 2 8 14 13 6 9 12 0
191 185 6 1 4 7 10 3 11 5 2 0 14 13 6 9 12 8
192 186 6 1 4 7 10 3 11 5 0 2 14 13 6 9 12 8
187 181 6 1 4 7 10 3 0 5 2 8 14 11 6 9 12 13
186 180 6 1 4 7 10 13 11 0 2 8 14 5 6 9 12 3
187 181 6 1 4 7 10 13 11 2 0 8 14 5 6 9 12 3
187 182 5 1 4 7 10 13 11 2 8 0 14 5 6 9 12 3
189 183 6 1 4 7 10 13 11 2 8 14 0 5 6 9 12 3
189 184 5 1 4 7 10 13 11 2 8 14 3 5 6 9 12 0
193 187 6 1 4 7 10 13 11 2 8 0 3 5 6 9 12 14
194 188 6 1 4 7 10 13 11 2 8 3 0 5 6 9 12 14
193 189 4 1 4 7 10 13 11 2 8 3 14 5 6 9 12 0
196 191 5 1 4 7 10 13 11 2 8 3 14 0 6 9 12 5
199 194 5 1 4 7 10 13 11 0 8 3 14 2 6 9 12 5
200 195 5 1 4 7 10 13 0 11 8 3 14 2 6 9 12 5
200 196 4 1 4 7 10 13 2 11 8 3 14 0 6 9 12 5
201 198 3 1 4 7 10 13 2 11 8 3 14 5 6 9 12 0
205 201 4 1 4 7 10 13 2 11 8 0 14 5 6 9 12 3
203 199 4 1 4 7 10 13 2 0 8 3 14 11 6 9 12 5
205 200 5 1 4 7 10 13 2 8 0 3 14 11 6 9 12 5
206 201 5 1 4 7 10 13 2 8 3 0 14 11 6 9 12 5
205 200 5 1 4 7 10 13 2 6 8 3 14 11 0 9 12 5
206 201 5 1 4 7 10 13 2 6 8 3 14 0 11 9 12 5
207 203 4 1 4 7 10 13 2 6 8 3 14 5 11 9 12 0
211 206 5 1 4 7 10 13 2 6 8 0 14 5 11 9 12 3
209 204 5 1 4 7 10 13 2 0 8 3 14 6 11 9 12 5
205 200 5 1 0 7 10 13 2 4 8 3 14 11 6 9 12 5
207 202 5 1 4 7 10 13 2 11 8 14 0 5 6 9 12 3
207 203 4 1 4 7 10 13 2 11 8 14 3 5 6 9 12 0
211 206 5 1 4 7 10 13 2 11 8 0 3 5 6 9 12 14
210 205 5 1 4 7 10 13 2 11 8 14 3 0 6 9 12 5
213 208 5 1 4 7 10 13 2 0 8 14 3 11 6 9 12 5
207 202 5 1 4 7 10 13 2 11 0 8 14 5 6 9 12 3
208 203 5 1 4 7 10 13 2 0 11 8 14 5 6 9 12 3
203 198 5 0 4 7 10 13 2 11 8 3 14 1 6 9 12 5
205 201 4 5 4 7 10 13 2 11 8 3 14 1 6 9 12 0
209 204 5 5 4 7 10 13 2 11 8 0 14 1 6 9 12 3
208 203 5 5 4 7 10 13 2 11 8 3 14 0 6 9 12 1
211 206 5 5 4 7 10 13 2 0 8 3 14 11 6 9 12 1
206 201 5 11 4 7 10 13 2 0 8 3 14 1 6 9 12 5
207 202 5 1 4 7 0 13 2 11 8 10 14 5 6 9 12 3
197 192 5 1 4 7 10 13 0 2 8 3 14 11 6 9 12 5
204 199 5 1 4 7 10 13 2 11 8 3 0 5 6 9 12 14
202 197 5 1 4 7 10 13 2 11 8 3 14 6 0 9 12 5
204 199 5 1 4 7 10 13 2 11 8 3 14 5 6 9 0 12
205 200 5 1 4 7 10 13 2 11 8 0 14 5 6 9 3 12
207 202 5 1 4 7 10 13 2 11 8 12 14 5 6 9 0 3
207 203 4 1 4 7 10 13 2 11 8 12 14 5 6 9 3 0
210 205 5 1 4 7 10 13 2 11 8 12 14 0 6 9 3 5
213 208 5 1 4 7 10 13 2 0 8 12 14 11 6 9 3 5
205 200 5 1 4 7 10 0 2 11 8 3 14 5 6 9 12 13
208 203 5 1 4 7 10 3 2 11 8 0 14 5 6 9 12 13
208 203 5 1 4 7 10 5 2 11 8 3 14 0 6 9 12 13
209 205 4 1 4 7 10 5 2 11 8 3 14 13 6 9 12 0
213 208 5 1 4 7 10 5 2 11 8 0 14 13 6 9 12 3
211 206 5 1 4 7 10 5 2 0 8 3 14 11 6 9 12 13
206 201 5 0 4 7 10 13 2 11 8 3 14 5 6 9 12 1
209 204 5 11 4 7 10 13 2 0 8 3 14 5 6 9 12 1
204 199 5 1 4 7 10 0 2 11 8 3 14 13 6 9 12 5
207 202 5 1 4 7 10 3 2 11 8 0 14 13 6 9 12 5
209 203 6 1 4 7 10 3 2 11 8 14 0 13 6 9 12 5
209 204 5 1 4 7 10 3 2 11 8 14 5 13 6 9 12 0
213 207 6 1 4 7 10 3 2 11 8 0 5 13 6 9 12 14
214 208 6 1 4 7 10 3 2 11 8 5 0 13 6 9 12 14
213 209 4 1 4 7 10 3 2 11 8 5 14 13 6 9 12 0
216 211 5 1 4 7 10 0 2 11 8 5 14 13 6 9 12 3
218 214 4 1 4 7 10 13 2 11 8 5 14 0 6 9 12 3
218 216 2 1 4 7 10 13 2 11 8 5 14 3 6 9 12 0
222 219 3 1 4 7 10 13 2 11 8 0 14 3 6 9 12 5
224 220 4 1 4 7 10 13 2 11 8 14 0 3 6 9 12 5
224 221 3 1 4 7 10 13 2 11 8 14 5 3 6 9 12 0
228 224 4 1 4 7 10 13 2 11 8 0 5 3 6 9 12 14
224 220 4 1 4 7 10 13 2 11 0 8 14 3 6 9 12 5
225 221 4 1 4 7 10 13 2 0 11 8 14 3 6 9 12 5
224 220 4 1 4 7 10 13 2 11 8 12 14 3 6 9 0 5
224 221 3 1 4 7 10 13 2 11 8 12 14 3 6 9 5 0
228 224 4 1 4 7 10 13 2 11 8 0 14 3 6 9 5 12
224 220 4 1 4 7 0 13 2 11 8 10 14 3 6 9 12 5
223 219 4 0 4 7 10 13 2 11 8 5 14 3 6 9 12 1
226 222 4 11 4 7 10 13 2 0 8 5 14 3 6 9 12 1
222 218 4 1 4 7 10 0 2 11 8 5 14 3 6 9 12 13
225 221 4 1 4 7 10 5 2 11 8 0 14 3 6 9 12 13
221 217 4 1 4 7 10 13 2 11 8 5 14 3 6 9 0 12
221 217 4 1 4 7 10 13 2 0 8 5 14 11 6 9 12 3
221 217 4 1 4 7 10 13 2 11 8 5 0 3 6 9 12 14
223 218 5 1 4 7 10 0 2 11 8 5 13 3 6 9 12 14
224 220 4 1 4 7 10 14 2 11 8 5 13 3 6 9 12 0
228 223 5 1 4 7 10 14 2 11 8 0 13 3 6 9 12 5
229 224 5 1 4 7 10 14 2 11 8 13 0 3 6 9 12 5
229 225 4 1 4 7 10 14 2 11 8 13 5 3 6 9 12 0
229 225 4 1 4 7 10 0 2 11 8 13 14 3 6 9 12 5
230 227 3 1 4 7 10 5 2 11 8 13 14 3 6 9 12 0
235 230 5 0 4 7 10 5 2 11 8 13 14 3 6 9 12 1
238 233 5 11 4 7 10 5 2 0 8 13 14 3 6 9 12 1
237 232 5 5 4 7 10 0 2 11 8 13 14 3 6 9 12 1
239 235 4 5 4 7 10 13 2 11 8 0 14 3 6 9 12 1
238 234 4 5 4 7 10 1 2 11 8 13 14 3 6 9 12 0
242 237 5 5 4 7 10 1 2 11 8 0 14 3 6 9 12 13
241 236 5 5 4 7 10 13 2 11 8 14 0 3 6 9 12 1
241 237 4 5 4 7 10 13 2 11 8 14 1 3 6 9 12 0
245 240 5 5 4 7 10 13 2 11 8 0 1 3 6 9 12 14
246 241 5 5 4 7 10 13 2 11 8 1 0 3 6 9 12 14
245 242 3 5 4 7 10 13 2 11 8 1 14 3 6 9 12 0
249 245 4 0 4 7 10 13 2 11 8 1 14 3 6 9 12 5
252 248 4 11 4 7 10 13 2 0 8 1 14 3 6 9 12 5
254 249 5 11 4 7 10 13 2 8 0 1 14 3 6 9 12 5
255 250 5 11 4 7 10 13 2 8 1 0 14 3 6 9 12 5
254 249 5 11 4 7 10 13 0 2 8 1 14 3 6 9 12 5
226 221 5 1 4 7 10 13 2 11 8 12 14 3 6 0 9 5
228 223 5 1 4 7 10 13 2 11 8 12 14 0 6 9 5 3
231 226 5 1 4 7 10 13 2 0 8 12 14 11 6 9 5 3
228 223 5 1 4 7 10 0 2 11 8 12 14 3 6 9 5 13
231 226 5 1 4 7 10 12 2 11 8 0 14 3 6 9 5 13
232 227 5 1 4 7 10 12 2 11 8 5 14 3 6 9 0 13
232 228 4 1 4 7 10 12 2 11 8 5 14 3 6 9 13 0
236 231 5 1 4 7 10 12 2 11 8 0 14 3 6 9 13 5
237 232 5 1 4 7 10 12 2 11 8 13 14 3 6 9 0 5
237 233 4 1 4 7 10 12 2 11 8 13 14 3 6 9 5 0
240 235 5 1 4 7 10 0 2 11 8 13 14 3 6 9 5 12
235 230 5 1 4 7 10 0 2 11 8 5 14 3 6 9 13 12
238 233 5 1 4 7 10 5 2 11 8 0 14 3 6 9 13 12
228 223 5 11 0 7 10 13 2 4 8 5 14 3 6 9 12 1
229 224 5 0 11 7 10 13 2 4 8 5 14 3 6 9 12 1
230 227 3 1 11 7 10 13 2 4 8 5 14 3 6 9 12 0
234 230 4 1 11 7 10 13 2 4 8 0 14 3 6 9 12 5
236 231 5 1 11 7 10 13 2 4 8 14 0 3 6 9 12 5
236 232 4 1 11 7 10 13 2 4 8 14 5 3 6 9 12 0
240 235 5 1 11 7 10 13 2 4 8 0 5 3 6 9 12 14
223 218 5 1 4 7 10 13 0 2 8 5 14 11 6 9 12 3
224 219 5 1 4 7 10 13 11 2 8 5 14 0 6 9 12 3
224 221 3 1 4 7 10 13 11 2 8 5 14 3 6 9 12 0
228 224 4 1 4 7 10 13 11 2 8 0 14 3 6 9 12 5
230 225 5 1 4 7 10 13 11 2 8 14 0 3 6 9 12 5
230 226 4 1 4 7 10 13 11 2 8 14 5 3 6 9 12 0
234 229 5 1 4 7 10 13 11 2 8 0 5 3 6 9 12 14
230 225 5 1 4 7 10 13 11 2 0 8 14 3 6 9 12 5
231 226 5 1 4 7 10 13 11 0 2 8 14 3 6 9 12 5
232 227 5 1 4 7 10 13 0 11 2 8 14 3 6 9 12 5
223 218 5 1 0 7 10 13 2 4 8 5 14 11 6 9 12 3
223 218 5 1 4 7 10 13 2 8 0 5 14 11 6 9 12 3
224 219 5 1 4 7 10 13 2 8 5 0 14 11 6 9 12 3
227 222 5 1 4 7 10 5 2 11 8 12 14 3 6 9 0 13
227 223 4 1 4 7 10 5 2 11 8 12 14 3 6 9 13 0
230 225 5 1 4 7 10 0 2 11 8 12 14 3 6 9 13 5
228 223 5 11 4 7 10 13 2 8 0 5 14 3 6 9 12 1
229 224 5 11 4 7 10 13 2 8 5 0 14 3 6 9 12 1
232 227 5 1 4 7 10 0 2 11 8 13 5 3 6 9 12 14
226 221 5 1 4 7 10 5 2 11 8 0 13 3 6 9 12 14
228 223 5 1 4 7 10 13 2 11 8 14 5 0 6 9 12 3
231 226 5 1 4 7 10 13 2 0 8 14 5 11 6 9 12 3
227 222 5 1 4 7 10 13 2 11 8 14 5 3 6 9 0 12
228 223 5 1 4 7 10 13 2 11 8 0 5 3 6 9 14 12
229 224 5 1 4 7 10 13 2 11 8 5 0 3 6 9 14 12
229 225 4 1 4 7 10 13 2 11 8 5 12 3 6 9 14 0
233 228 5 1 4 7 10 13 2 11 8 0 12 3 6 9 14 5
234 229 5 1 4 7 10 13 2 11 8 12 0 3 6 9 14 5
234 230 4 1 4 7 10 13 2 11 8 12 5 3 6 9 14 0
234 229 5 1 4 7 10 13 2 11 8 14 12 3 6 9 0 5
234 230 4 1 4 7 10 13 2 11 8 14 12 3 6 9 5 0
238 233 5 1 4 7 10 13 2 11 8 0 12 3 6 9 5 14
230 225 5 1 4 7 10 13 2 11 8 12 5 3 6 9 0 14
241 236 5 5 4 7 0 13 2 11 8 10 14 3 6 9 12 1
227 222 5 1 4 7 10 13 2 11 8 12 0 3 6 9 5 14
227 222 5 1 0 7 10 13 2 4 11 8 14 3 6 9 12 5
226 221 5 1 4 0 10 13 2 11 7 8 14 3 6 9 12 5
226 221 5 1 4 7 10 13 2 11 9 8 14 3 6 0 12 5
227 222 5 1 4 7 10 13 2 6 11 8 14 3 0 9 12 5
245 240 5 0 4 7 10 13 2 11 8 14 1 3 6 9 12 5
248 243 5 11 4 7 10 13 2 0 8 14 1 3 6 9 12 5
226 221 5 1 4 0 7 13 2 11 8 10 14 3 6 9 12 5
241 236 5 5 4 7 10 13 2 11 0 8 14 3 6 9 12 1
242 237 5 5 4 7 10 13 2 0 11 8 14 3 6 9 12 1
241 236 5 5 4 7 10 13 2 11 8 12 14 3 6 9 0 1
241 237 4 5 4 7 10 13 2 11 8 12 14 3 6 9 1 0
245 240 5 5 4 7 10 13 2 11 8 0 14 3 6 9 1 12
245 240 5 0 4 7 10 13 2 11 8 12 14 3 6 9 1 5
248 243 5 11 4 7 10 13 2 0 8 12 14 3 6 9 1 5
220 215 5 1 4 7 10 13 2 11 8 5 14 6 0 9 12 3
221 216 5 1 4 7 10 13 2 0 8 5 14 6 11 9 12 3
252 247 5 13 4 7 10 0 2 11 8 1 14 3 6 9 12 5
253 249 4 13 4 7 10 5 2 11 8 1 14 3 6 9 12 0
257 252 5 13 4 7 10 5 2 11 8 0 14 3 6 9 12 1
257 252 5 0 4 7 10 5 2 11 8 1 14 3 6 9 12 13
260 255 5 11 4 7 10 5 2 0 8 1 14 3 6 9 12 13
255 250 5 13 4 7 10 1 2 11 8 0 14 3 6 9 12 5
230 225 5 1 4 7 10 13 2 11 0 8 14 3 6 9 5 12
231 226 5 1 4 7 10 13 2 0 11 8 14 3 6 9 5 12
236 231 5 1 11 7 10 13 2 4 0 8 14 3 6 9 12 5
237 232 5 1 11 7 10 13 2 0 4 8 14 3 6 9 12 5
238 233 5 1 0 7 10 13 2 11 4 8 14 3 6 9 12 5
228 223 5 11 4 7 10 13 2 6 8 5 14 3 0 9 12 1
229 224 5 0 4 7 10 13 2 11 8 12 14 3 6 9 5 1
232 227 5 11 4 7 10 13 2 0 8 12 14 3 6 9 5 1
249 244 5 5 4 7 10 0 2 11 8 1 14 3 6 9 12 13
226 221 5 3 4 7 10 13 2 11 8 5 14 0 6 9 12 1
227 223 4 3 4 7 10 13 2 11 8 5 14 1 6 9 12 0
231 226 5 3 4 7 10 13 2 11 8 0 14 1 6 9 12 5
229 224 5 3 4 7 10 13 2 0 8 5 14 11 6 9 12 1
233 228 5 1 11 7 10 13 2 4 8 5 0 3 6 9 12 14
236 231 5 1 11 7 0 13 2 4 8 10 14 3 6 9 12 5
234 229 5 1 11 7 10 0 2 4 8 5 14 3 6 9 12 13
237 232 5 1 11 7 10 5 2 4 8 0 14 3 6 9 12 13
227 222 5 1 4 7 10 5 2 11 8 14 0 3 6 9 12 13
227 223 4 1 4 7 10 5 2 11 8 14 13 3 6 9 12 0
234 229 5 1 11 7 10 13 2 4 8 5 14 0 6 9 12 3
237 232 5 1 11 7 10 13 2 0 8 5 14 4 6 9 12 3
238 233 5 1 0 7 10 13 2 11 8 5 14 4 6 9 12 3
226 221 5 1 4 7 10 0 2 11 8 14 13 3 6 9 12 5
227 222 5 1 4 7 10 13 11 0 8 5 14 2 6 9 12 3
227 222 5 1 4 7 0 5 2 11 8 10 14 3 6 9 12 13
228 223 5 1 4 7 5 0 2 11 8 10 14 3 6 9 12 13
228 225 3 1 4 7 5 13 2 11 8 10 14 3 6 9 12 0
232 228 4 1 4 7 5 13 2 11 8 0 14 3 6 9 12 10
233 229 4 1 4 7 0 13 2 11 8 5 14 3 6 9 12 10
235 230 5 1 4 7 13 0 2 11 8 5 14 3 6 9 12 10
236 232 4 1 4 7 13 10 2 11 8 5 14 3 6 9 12 0
240 235 5 1 4 7 13 10 2 11 8 0 14 3 6 9 12 5
235 230 5 1 4 0 7 13 2 11 8 5 14 3 6 9 12 10
223 218 5 1 4 7 10 13 2 11 8 5 14 3 6 0 9 12
223 218 5 1 4 7 10 13 2 6 8 5 14 11 0 9 12 3
224 219 5 1 4 7 10 13 2 6 8 5 14 0 11 9 12 3
224 221 3 1 4 7 10 13 2 6 8 5 14 3 11 9 12 0
228 224 4 1 4 7 10 13 2 6 8 0 14 3 11 9 12 5
230 225 5 1 4 7 10 13 2 6 8 14 0 3 11 9 12 5
230 226 4 1 4 7 10 13 2 6 8 14 5 3 11 9 12 0
234 229 5 1 4 7 10 13 2 6 8 0 5 3 11 9 12 14
233 228 5 1 4 7 10 14 2 11 8 0 5 3 6 9 12 13
227 222 5 1 4 7 10 5 2 11 0 8 14 3 6 9 12 13
228 223 5 1 4 7 10 5 2 0 11 8 14 3 6 9 12 13
227 222 5 1 4 7 10 5 2 11 8 13 0 3 6 9 12 14
230 225 5 1 4 7 0 13 2 11 8 10 5 3 6 9 12 14
234 229 5 1 4 7 5 13 2 11 8 14 0 3 6 9 12 10
234 230 4 1 4 7 5 13 2 11 8 14 10 3 6 9 12 0
238 233 5 1 4 7 5 13 2 11 8 0 10 3 6 9 12 14
239 234 5 1 4 7 0 13 2 11 8 5 10 3 6 9 12 14
227 222 5 1 4 7 10 13 0 2 11 8 14 3 6 9 12 5
246 241 5 5 4 7 10 13 2 11 8 1 14 3 6 9 0 12
230 225 5 1 4 7 10 13 2 11 0 8 5 3 6 9 12 14
231 226 5 1 4 7 10 13 2 0 11 8 5 3 6 9 12 14
228 223 5 11 4 7 10 13 0 2 8 5 14 3 6 9 12 1
224 219 5 1 4 7 0 10 2 11 8 5 14 3 6 9 12 13
254 249 5 11 4 7 10 13 2 6 8 1 14 3 0 9 12 5
251 246 5 4 0 7 10 13 2 11 8 1 14 3 6 9 12 5
252 247 5 4 11 7 10 13 2 0 8 1 14 3 6 9 12 5
225 220 5 4 0 7 10 13 2 11 8 5 14 3 6 9 12 1
251 246 5 2 4 7 10 13 0 11 8 1 14 3 6 9 12 5
252 247 5 2 4 7 10 13 11 0 8 1 14 3 6 9 12 5
230 225 5 1 4 7 0 13 11 2 8 10 14 3 6 9 12 5
226 221 5 4 11 7 10 13 2 0 8 5 14 3 6 9 12 1
233 228 5 1 11 7 10 13 2 4 8 5 14 3 6 9 0 12
234 229 5 1 11 7 10 13 2 4 8 0 14 3 6 9 5 12
233 228 5 1 4 7 10 3 2 11 8 13 14 0 6 9 12 5
234 230 4 1 4 7 10 3 2 11 8 13 14 5 6 9 12 0
237 232 5 1 4 7 10 0 2 11 8 13 14 5 6 9 12 3
229 224 5 0 4 7 10 13 11 2 8 5 14 3 6 9 12 1
232 227 5 2 4 7 10 13 11 0 8 5 14 3 6 9 12 1
230 225 5 1 4 7 10 13 11 2 8 12 14 3 6 9 0 5
230 226 4 1 4 7 10 13 11 2 8 12 14 3 6 9 5 0
234 229 5 1 4 7 10 13 11 2 8 0 14 3 6 9 5 12
224 219 5 1 4 7 10 14 2 11 8 5 0 3 6 9 12 13
225 220 5 0 4 7 10 1 2 11 8 5 14 3 6 9 12 13
227 223 4 13 4 7 10 1 2 11 8 5 14 3 6 9 12 0
228 223 5 1 4 7 10 0 11 2 8 5 14 3 6 9 12 13
231 226 5 1 4 7 10 5 11 2 8 0 14 3 6 9 12 13
220 215 5 1 4 7 10 13 0 11 8 5 14 2 6 9 12 3
234 229 5 1 4 7 5 13 2 11 8 12 14 3 6 9 0 10
234 230 4 1 4 7 5 13 2 11 8 12 14 3 6 9 10 0
238 233 5 1 4 7 5 13 2 11 8 0 14 3 6 9 10 12
239 234 5 1 4 7 0 13 2 11 8 5 14 3 6 9 10 12
233 228 5 0 4 7 5 13 2 11 8 10 14 3 6 9 12 1
236 231 5 11 4 7 5 13 2 0 8 10 14 3 6 9 12 1
232 227 5 1 4 7 5 13 2 11 8 10 14 0 6 9 12 3
235 230 5 1 4 7 5 13 2 0 8 10 14 11 6 9 12 3
231 226 5 1 4 7 5 13 2 11 8 10 14 3 6 9 0 12
231 226 5 1 4 7 5 13 2 11 8 10 0 3 6 9 12 14
226 221 5 1 4 7 13 0 2 11 8 10 14 3 6 9 12 5
227 223 4 1 4 7 13 5 2 11 8 10 14 3 6 9 12 0
227 222 5 1 4 7 10 13 2 6 8 5 0 3 11 9 12 14
228 223 5 1 4 7 10 0 2 11 8 14 5 3 6 9 12 13
221 216 5 0 4 7 10 13 2 11 8 5 14 1 6 9 12 3
224 219 5 11 4 7 10 13 2 0 8 5 14 1 6 9 12 3
231 226 5 1 4 7 13 5 2 11 8 0 14 3 6 9 12 10
232 227 5 1 4 7 0 5 2 11 8 13 14 3 6 9 12 10
233 228 5 1 4 7 5 0 2 11 8 13 14 3 6 9 12 10
234 230 4 1 4 7 5 10 2 11 8 13 14 3 6 9 12 0
230 225 5 1 4 7 10 13 2 6 8 12 14 3 11 9 0 5
230 226 4 1 4 7 10 13 2 6 8 12 14 3 11 9 5 0
234 229 5 1 4 7 10 13 2 6 8 0 14 3 11 9 5 12
229 224 5 0 4 7 10 13 2 6 8 5 14 3 11 9 12 1
232 227 5 6 4 7 10 13 2 0 8 5 14 3 11 9 12 1
233 228 5 6 4 7 10 13 2 11 8 5 14 3 0 9 12 1
254 249 5 11 0 7 10 13 2 4 8 1 14 3 6 9 12 5
255 250 5 0 11 7 10 13 2 4 8 1 14 3 6 9 12 5
257 253 4 5 11 7 10 13 2 4 8 1 14 3 6 9 12 0
261 256 5 5 11 7 10 13 2 4 8 0 14 3 6 9 12 1
234 229 5 1 4 7 10 5 2 11 8 13 14 0 6 9 12 3
237 232 5 1 4 7 10 5 2 0 8 13 14 11 6 9 12 3
230 225 5 1 4 7 0 13 2 11 8 10 14 3 6 9 5 12
228 223 5 11 4 7 10 1 2 0 8 5 14 3 6 9 12 13
236 231 5 1 4 7 10 3 2 0 8 13 14 11 6 9 12 5
226 221 5 13 4 7 10 0 2 11 8 5 14 3 6 9 12 1
227 222 5 1 4 7 10 13 11 2 8 5 14 3 6 9 0 12
216 211 5 1 4 7 10 3 2 11 8 5 14 0 6 9 12 13
219 214 5 1 4 7 10 3 2 0 8 5 14 11 6 9 12 13
225 220 5 1 4 7 5 10 2 11 8 0 14 3 6 9 12 13
231 226 5 1 4 7 10 13 2 11 8 5 12 3 6 9 0 14
232 227 5 0 4 7 10 1 2 11 8 13 14 3 6 9 12 5
235 230 5 11 4 7 10 1 2 0 8 13 14 3 6 9 12 5
227 222 5 1 4 7 10 13 11 2 8 5 0 3 6 9 12 14
227 222 5 1 4 7 10 13 2 6 8 5 14 3 11 9 0 12
230 225 5 1 4 7 10 13 2 6 0 8 14 3 11 9 12 5
231 226 5 1 4 7 10 13 2 0 6 8 14 3 11 9 12 5
232 227 5 1 4 7 10 13 2 11 6 8 14 3 0 9 12 5
229 224 5 0 4 7 10 13 2 11 8 14 5 3 6 9 12 1
232 227 5 11 4 7 10 13 2 0 8 14 5 3 6 9 12 1
230 225 5 1 4 7 0 13 2 6 8 10 14 3 11 9 12 5
252 247 5 3 4 7 10 13 2 11 8 1 14 0 6 9 12 5
253 249 4 3 4 7 10 13 2 11 8 1 14 5 6 9 12 0
257 252 5 3 4 7 10 13 2 11 8 0 14 5 6 9 12 1
257 252 5 0 4 7 10 13 2 11 8 1 14 5 6 9 12 3
260 255 5 11 4 7 10 13 2 0 8 1 14 5 6 9 12 3
255 250 5 3 4 7 10 13 2 0 8 1 14 11 6 9 12 5
228 223 5 1 4 7 10 0 2 6 8 5 14 3 11 9 12 13
231 226 5 1 4 7 10 5 2 6 8 0 14 3 11 9 12 13
249 244 5 5 4 7 10 13 2 11 8 1 14 0 6 9 12 3
252 247 5 5 4 7 10 13 2 0 8 1 14 11 6 9 12 3
225 220 5 2 4 7 10 13 0 11 8 5 14 3 6 9 12 1
231 226 5 1 4 7 0 10 2 11 8 13 14 3 6 9 12 5
230 225 5 1 4 7 10 13 2 11 8 14 0 3 6 9 5 12
234 229 5 1 4 7 5 13 2 11 0 8 14 3 6 9 12 10
235 230 5 1 4 7 5 13 2 0 11 8 14 3 6 9 12 10
233 228 5 1 4 7 10 5 2 11 8 13 14 3 6 9 0 12
236 231 5 1 11 7 10 13 2 4 8 12 14 3 6 9 0 5
236 232 4 1 11 7 10 13 2 4 8 12 14 3 6 9 5 0
241 235 6 0 11 7 10 13 2 4 8 12 14 3 6 9 5 1
244 238 6 4 11 7 10 13 2 0 8 12 14 3 6 9 5 1
207 201 6 1 4 0 10 13 2 8 7 3 14 11 6 9 12 5
208 202 6 1 4 7 0 13 2 8 3 10 14 11 6 9 12 5
208 202 6 1 4 7 10 13 2 8 3 12 14 11 6 9 0 5
208 203 5 1 4 7 10 13 2 8 3 12 14 11 6 9 5 0
212 206 6 1 4 7 10 13 2 8 3 0 14 11 6 9 5 12
213 207 6 1 4 7 10 13 2 8 0 3 14 11 6 9 5 12
213 208 5 1 4 7 10 13 2 0 8 3 14 11 6 9 5 12
215 209 6 1 4 7 10 13 0 2 8 3 14 11 6 9 5 12
216 210 6 1 4 7 10 13 11 2 8 3 14 0 6 9 5 12
217 212 5 1 4 7 10 13 11 2 8 3 14 12 6 9 5 0
221 215 6 1 4 7 10 13 11 2 8 0 14 12 6 9 5 3
222 216 6 1 4 7 10 13 11 2 8 5 14 12 6 9 0 3
222 217 5 1 4 7 10 13 11 2 8 5 14 12 6 9 3 0
226 220 6 1 4 7 10 13 11 2 8 0 14 12 6 9 3 5
212 206 6 0 4 7 10 13 2 6 8 3 14 5 11 9 12 1
215 209 6 6 4 7 10 13 2 0 8 3 14 5 11 9 12 1
216 210 6 6 4 7 10 13 2 11 8 3 14 5 0 9 12 1
217 211 6 6 4 7 10 13 2 11 8 3 14 0 5 9 12 1
218 213 5 6 4 7 10 13 2 11 8 3 14 1 5 9 12 0
222 216 6 6 4 7 10 13 2 11 8 0 14 1 5 9 12 3
211 205 6 1 4 7 10 13 2 8 0 3 14 6 11 9 12 5
212 206 6 1 4 7 10 13 2 8 3 0 14 6 11 9 12 5
212 206 6 0 4 7 10 13 2 11 8 14 3 5 6 9 12 1
215 209 6 11 4 7 10 13 2 0 8 14 3 5 6 9 12 1
215 209 6 1 4 7 10 13 2 6 8 14 3 11 0 9 12 5
216 210 6 1 4 7 10 13 2 6 8 14 3 0 11 9 12 5
217 212 5 1 4 7 10 13 2 6 8 14 3 5 11 9 12 0
221 215 6 1 4 7 10 13 2 6 8 0 3 5 11 9 12 14
213 207 6 1 4 7 10 13 2 11 0 8 3 5 6 9 12 14
214 208 6 1 4 7 10 13 2 0 11 8 3 5 6 9 12 14
213 207 6 1 4 7 10 5 0 2 8 3 14 11 6 9 12 13
214 208 6 1 4 7 10 5 11 2 8 3 14 0 6 9 12 13
215 210 5 1 4 7 10 5 11 2 8 3 14 13 6 9 12 0
219 213 6 1 4 7 10 5 11 2 8 0 14 13 6 9 12 3
209 203 6 1 4 0 10 13 2 11 7 8 14 5 6 9 12 3
215 209 6 1 0 7 10 13 2 4 8 14 3 11 6 9 12 5
210 204 6 1 4 7 10 0 2 11 8 14 3 13 6 9 12 5
211 206 5 1 4 7 10 5 2 11 8 14 3 13 6 9 12 0
215 209 6 1 4 7 10 5 2 11 8 0 3 13 6 9 12 14
205 199 6 2 4 7 10 13 0 11 8 3 14 1 6 9 12 5
206 200 6 2 4 7 10 13 11 0 8 3 14 1 6 9 12 5
210 204 6 1 4 7 10 13 0 2 11 8 14 5 6 9 12 3
211 205 6 1 4 7 10 13 5 2 11 8 14 0 6 9 12 3
211 207 4 1 4 7 10 13 5 2 11 8 14 3 6 9 12 0
215 210 5 1 4 7 10 13 5 2 11 0 14 3 6 9 12 8
215 211 4 1 4 7 10 13 5 2 0 11 14 3 6 9 12 8
216 212 4 1 4 7 10 13 5 0 2 11 14 3 6 9 12 8
216 213 3 1 4 7 10 13 0 5 2 11 14 3 6 9 12 8
218 214 4 1 4 7 10 13 3 5 2 11 14 0 6 9 12 8
219 216 3 1 4 7 10 13 3 5 2 11 14 8 6 9 12 0
224 219 5 1 4 7 10 13 3 5 2 0 14 8 6 9 12 11
225 220 5 1 4 7 10 13 3 5 0 2 14 8 6 9 12 11
218 213 5 1 0 7 10 13 5 4 2 11 14 3 6 9 12 8
224 219 5 0 4 7 10 13 3 5 2 11 14 8 6 9 12 1
226 221 5 8 4 7 10 13 3 5 2 11 14 0 6 9 12 1
227 223 4 8 4 7 10 13 3 5 2 11 14 1 6 9 12 0
226 222 4 8 4 7 10 13 0 5 2 11 14 3 6 9 12 1
228 223 5 8 4 7 10 13 5 0 2 11 14 3 6 9 12 1
229 224 5 8 4 7 10 13 5 2 0 11 14 3 6 9 12 1
225 220 5 3 4 7 10 13 0 5 2 11 14 8 6 9 12 1
226 221 5 3 4 7 10 13 8 5 2 11 14 0 6 9 12 1
227 223 4 0 4 7 10 13 8 5 2 11 14 3 6 9 12 1
228 226 2 1 4 7 10 13 8 5 2 11 14 3 6 9 12 0
233 229 4 1 4 7 10 13 8 5 2 0 14 3 6 9 12 11
234 230 4 1 4 7 10 13 8 5 0 2 14 3 6 9 12 11
232 228 4 1 4 7 10 0 8 5 2 11 14 3 6 9 12 13
232 228 4 1 4 7 10 13 8 5 2 11 14 0 6 9 12 3
233 229 4 1 4 7 10 13 0 5 2 11 14 8 6 9 12 3
231 227 4 1 4 7 10 13 8 5 2 11 14 3 6 9 0 12
231 227 4 1 4 7 10 13 8 5 2 11 0 3 6 9 12 14
227 223 4 3 4 7 10 13 8 5 2 11 14 1 6 9 12 0
218 213 5 1 4 7 10 13 5 6 2 11 14 3 0 9 12 8
233 228 5 1 4 7 10 13 8 5 2 0 11 3 6 9 12 14
234 229 5 1 4 7 10 13 8 5 0 2 11 3 6 9 12 14
233 228 5 1 4 7 10 0 8 5 2 11 13 3 6 9 12 14
234 230 4 1 4 7 10 14 8 5 2 11 13 3 6 9 12 0
217 212 5 1 4 0 10 13 5 2 7 11 14 3 6 9 12 8
233 228 5 1 4 7 10 13 8 5 2 11 14 3 6 0 9 12
234 229 5 1 4 7 10 13 8 5 0 11 14 3 6 2 9 12
221 216 5 0 4 7 10 13 3 5 2 11 14 1 6 9 12 8
222 217 5 3 4 7 10 13 0 5 2 11 14 1 6 9 12 8
223 218 5 3 4 7 10 13 1 5 2 11 14 0 6 9 12 8
224 220 4 0 4 7 10 13 1 5 2 11 14 3 6 9 12 8
226 223 3 8 4 7 10 13 1 5 2 11 14 3 6 9 12 0
224 220 4 3 4 7 10 13 1 5 2 11 14 8 6 9 12 0
228 223 5 0 4 7 10 13 1 5 2 11 14 8 6 9 12 3
231 226 5 8 4 7 10 13 1 5 2 0 14 3 6 9 12 11
232 227 5 8 4 7 10 13 1 5 0 2 14 3 6 9 12 11
230 225 5 8 4 7 10 0 1 5 2 11 14 3 6 9 12 13
232 227 5 0 4 7 10 8 1 5 2 11 14 3 6 9 12 13
234 230 4 13 4 7 10 8 1 5 2 11 14 3 6 9 12 0
232 228 4 1 4 7 10 8 0 5 2 11 14 3 6 9 12 13
234 229 5 1 4 7 10 8 5 0 2 11 14 3 6 9 12 13
235 230 5 1 4 7 10 8 5 2 0 11 14 3 6 9 12 13
234 229 5 1 4 7 10 8 3 5 2 11 14 0 6 9 12 13
235 231 4 1 4 7 10 8 3 5 2 11 14 13 6 9 12 0
230 225 5 8 4 7 10 13 1 5 2 11 14 0 6 9 12 3
231 226 5 8 4 7 10 13 0 5 2 11 14 1 6 9 12 3
222 217 5 1 4 7 10 13 3 5 2 11 14 8 6 9 0 12
235 230 5 0 4 7 10 1 8 5 2 11 14 3 6 9 12 13
237 233 4 13 4 7 10 1 8 5 2 11 14 3 6 9 12 0
236 231 5 8 4 7 10 1 0 5 2 11 14 3 6 9 12 13
236 231 5 1 4 7 10 13 8 0 2 11 14 5 6 9 12 3
237 232 5 1 4 7 10 13 8 2 0 11 14 5 6 9 12 3
237 232 5 1 4 7 10 13 0 8 2 11 14 5 6 9 12 3
238 233 5 1 4 7 10 13 5 8 2 11 14 0 6 9 12 3
238 235 3 1 4 7 10 13 5 8 2 11 14 3 6 9 12 0
243 238 5 1 4 7 10 13 5 8 2 0 14 3 6 9 12 11
244 239 5 1 4 7 10 13 5 8 0 2 14 3 6 9 12 11
244 240 4 1 4 7 10 13 5 0 8 2 14 3 6 9 12 11
244 241 3 1 4 7 10 13 0 5 8 2 14 3 6 9 12 11
246 242 4 1 4 7 10 13 3 5 8 2 14 0 6 9 12 11
247 244 3 1 4 7 10 13 3 5 8 2 14 11 6 9 12 0
251 247 4 1 4 7 10 13 3 5 8 0 14 11 6 9 12 2
253 248 5 1 4 7 10 13 3 5 8 14 0 11 6 9 12 2
253 249 4 1 4 7 10 13 3 5 8 14 2 11 6 9 12 0
257 252 5 1 4 7 10 13 3 5 8 0 2 11 6 9 12 14
256 251 5 1 4 7 10 13 3 5 8 14 2 0 6 9 12 11
256 252 4 1 4 7 10 13 0 5 8 14 2 3 6 9 12 11
258 253 5 1 4 7 10 13 5 0 8 14 2 3 6 9 12 11
253 248 5 1 4 7 10 13 3 5 0 8 14 11 6 9 12 2
253 248 5 1 4 7 10 13 3 5 8 12 14 11 6 9 0 2
253 249 4 1 4 7 10 13 3 5 8 12 14 11 6 9 2 0
257 252 5 1 4 7 10 13 3 5 8 0 14 11 6 9 2 12
256 251 5 1 4 7 10 13 3 5 8 12 14 0 6 9 2 11
256 252 4 1 4 7 10 13 0 5 8 12 14 3 6 9 2 11
258 253 5 1 4 7 10 13 5 0 8 12 14 3 6 9 2 11
253 248 5 1 4 7 0 13 3 5 8 10 14 11 6 9 12 2
252 247 5 0 4 7 10 13 3 5 8 2 14 11 6 9 12 1
254 249 5 11 4 7 10 13 3 5 8 2 14 0 6 9 12 1
255 251 4 11 4 7 10 13 3 5 8 2 14 1 6 9 12 0
254 250 4 11 4 7 10 13 0 5 8 2 14 3 6 9 12 1
256 251 5 11 4 7 10 13 5 0 8 2 14 3 6 9 12 1
259 254 5 11 4 7 10 13 3 5 8 0 14 1 6 9 12 2
253 248 5 3 4 7 10 13 0 5 8 2 14 11 6 9 12 1
254 249 5 3 4 7 10 13 11 5 8 2 14 0 6 9 12 1
255 251 4 0 4 7 10 13 11 5 8 2 14 3 6 9 12 1
256 254 2 1 4 7 10 13 11 5 8 2 14 3 6 9 12 0
260 257 3 1 4 7 10 13 11 5 8 0 14 3 6 9 12 2
262 258 4 1 4 7 10 13 11 5 8 14 0 3 6 9 12 2
262 259 3 1 4 7 10 13 11 5 8 14 2 3 6 9 12 0
266 262 4 1 4 7 10 13 11 5 8 0 2 3 6 9 12 14
262 258 4 1 4 7 10 13 11 5 0 8 14 3 6 9 12 2
262 258 4 1 4 7 10 13 11 5 8 12 14 3 6 9 0 2
262 259 3 1 4 7 10 13 11 5 8 12 14 3 6 9 2 0
266 262 4 1 4 7 10 13 11 5 8 0 14 3 6 9 2 12
262 258 4 1 4 7 0 13 11 5 8 10 14 3 6 9 12 2
260 256 4 1 4 7 10 0 11 5 8 2 14 3 6 9 12 13
263 259 4 1 4 7 10 2 11 5 8 0 14 3 6 9 12 13
260 256 4 1 4 7 10 13 11 5 8 2 14 0 6 9 12 3
261 257 4 1 4 7 10 13 0 5 8 2 14 11 6 9 12 3
259 255 4 1 4 7 10 13 11 5 8 2 14 3 6 9 0 12
259 255 4 1 4 7 10 13 11 5 8 2 0 3 6 9 12 14
255 251 4 3 4 7 10 13 11 5 8 2 14 1 6 9 12 0
259 254 5 3 4 7 10 13 11 5 8 0 14 1 6 9 12 2
265 260 5 1 4 7 10 2 11 5 8 14 0 3 6 9 12 13
265 261 4 1 4 7 10 2 11 5 8 14 13 3 6 9 12 0
269 264 5 1 4 7 10 2 11 5 8 0 13 3 6 9 12 14
270 265 5 1 4 7 10 2 11 5 8 13 0 3 6 9 12 14
269 266 3 1 4 7 10 2 11 5 8 13 14 3 6 9 12 0
272 268 4 1 4 7 10 0 11 5 8 13 14 3 6 9 12 2
276 271 5 1 4 7 10 3 11 5 8 13 14 0 6 9 12 2
277 273 4 1 4 7 10 3 11 5 8 13 14 2 6 9 12 0
281 276 5 1 4 7 10 3 11 5 8 0 14 2 6 9 12 13
280 275 5 1 4 7 10 0 11 5 8 13 14 2 6 9 12 3
282 278 4 1 4 7 10 13 11 5 8 0 14 2 6 9 12 3
284 279 5 1 4 7 10 13 11 5 8 14 0 2 6 9 12 3
284 280 4 1 4 7 10 13 11 5 8 14 3 2 6 9 12 0
288 283 5 1 4 7 10 13 11 5 8 0 3 2 6 9 12 14
289 284 5 1 4 7 10 13 11 5 8 3 0 2 6 9 12 14
288 285 3 1 4 7 10 13 11 5 8 3 14 2 6 9 12 0
291 287 4 1 4 7 10 13 11 5 8 3 14 0 6 9 12 2
292 288 4 1 4 7 10 13 0 5 8 3 14 11 6 9 12 2
294 289 5 1 4 7 10 13 5 0 8 3 14 11 6 9 12 2
295 290 5 1 4 7 10 13 11 0 8 3 14 5 6 9 12 2
296 291 5 1 4 7 10 13 0 11 8 3 14 5 6 9 12 2
297 292 5 1 4 7 10 13 5 11 8 3 14 0 6 9 12 2
298 294 4 1 4 7 10 13 5 11 8 3 14 2 6 9 12 0
302 297 5 1 4 7 10 13 5 11 8 0 14 2 6 9 12 3
295 290 5 1 4 7 10 0 11 5 8 3 14 13 6 9 12 2
296 292 4 1 4 7 10 2 11 5 8 3 14 13 6 9 12 0
300 295 5 1 4 7 10 2 11 5 8 0 14 13 6 9 12 3
299 294 5 1 4 7 10 2 11 5 8 3 14 0 6 9 12 13
300 295 5 1 4 7 10 2 0 5 8 3 14 11 6 9 12 13
298 293 5 1 4 7 10 3 11 5 8 0 14 13 6 9 12 2
294 289 5 0 4 7 10 13 11 5 8 3 14 1 6 9 12 2
296 292 4 2 4 7 10 13 11 5 8 3 14 1 6 9 12 0
300 295 5 2 4 7 10 13 11 5 8 0 14 1 6 9 12 3
299 294 5 2 4 7 10 13 11 5 8 3 14 0 6 9 12 1
300 295 5 2 4 7 10 13 0 5 8 3 14 11 6 9 12 1
295 290 5 11 4 7 10 13 0 5 8 3 14 1 6 9 12 2
296 291 5 11 4 7 10 13 1 5 8 3 14 0 6 9 12 2
297 293 4 11 4 7 10 13 1 5 8 3 14 2 6 9 12 0
301 296 5 11 4 7 10 13 1 5 8 0 14 2 6 9 12 3
301 296 5 0 4 7 10 13 1 5 8 3 14 2 6 9 12 11
301 297 4 1 4 7 10 13 0 5 8 3 14 2 6 9 12 11
301 298 3 1 4 7 10 13 2 5 8 3 14 0 6 9 12 11
302 300 2 1 4 7 10 13 2 5 8 3 14 11 6 9 12 0
306 303 3 1 4 7 10 13 2 5 8 0 14 11 6 9 12 3
308 304 4 1 4 7 10 13 2 5 8 14 0 11 6 9 12 3
308 305 3 1 4 7 10 13 2 5 8 14 3 11 6 9 12 0
312 308 4 1 4 7 10 13 2 5 8 0 3 11 6 9 12 14
311 307 4 1 4 7 10 13 2 5 8 14 3 0 6 9 12 11
308 304 4 1 4 7 10 13 2 5 0 8 14 11 6 9 12 3
308 304 4 1 4 7 10 13 2 5 8 12 14 11 6 9 0 3
308 305 3 1 4 7 10 13 2 5 8 12 14 11 6 9 3 0
312 308 4 1 4 7 10 13 2 5 8 0 14 11 6 9 3 12
311 307 4 1 4 7 10 13 2 5 8 12 14 0 6 9 3 11
308 304 4 1 4 7 0 13 2 5 8 10 14 11 6 9 12 3
307 303 4 0 4 7 10 13 2 5 8 3 14 11 6 9 12 1
309 305 4 11 4 7 10 13 2 5 8 3 14 0 6 9 12 1
310 307 3 11 4 7 10 13 2 5 8 3 14 1 6 9 12 0
314 310 4 11 4 7 10 13 2 5 8 0 14 1 6 9 12 3
303 299 4 1 4 7 10 13 2 5 8 3 14 6 0 9 12 11
306 302 4 1 4 7 10 0 2 5 8 3 14 11 6 9 12 13
309 305 4 1 4 7 10 3 2 5 8 0 14 11 6 9 12 13
309 305 4 1 4 7 10 11 2 5 8 3 14 0 6 9 12 13
310 307 3 1 4 7 10 11 2 5 8 3 14 13 6 9 12 0
314 310 4 1 4 7 10 11 2 5 8 0 14 13 6 9 12 3
305 301 4 1 4 7 10 13 2 5 8 3 0 11 6 9 12 14
305 301 4 1 4 7 10 13 2 0 8 3 14 5 6 9 12 11
305 301 4 1 4 7 10 0 2 5 8 3 14 13 6 9 12 11
308 304 4 1 4 7 10 3 2 5 8 0 14 13 6 9 12 11
305 301 4 1 4 7 10 13 2 5 8 3 14 11 6 9 0 12
304 300 4 0 4 7 10 13 2 5 8 3 14 1 6 9 12 11
308 303 5 5 4 7 10 13 2 0 8 3 14 1 6 9 12 11
307 302 5 13 4 7 10 0 2 5 8 3 14 1 6 9 12 11
308 304 4 13 4 7 10 11 2 5 8 3 14 1 6 9 12 0
312 307 5 13 4 7 10 11 2 5 8 0 14 1 6 9 12 3
311 306 5 13 4 7 10 11 2 5 8 3 14 0 6 9 12 1
310 305 5 13 4 7 10 3 2 5 8 0 14 1 6 9 12 11
264 259 5 1 4 7 10 0 11 5 8 14 13 3 6 9 12 2
267 262 5 1 4 7 10 14 11 5 8 0 13 3 6 9 12 2
271 266 5 1 4 7 10 0 11 5 8 13 2 3 6 9 12 14
272 268 4 1 4 7 10 14 11 5 8 13 2 3 6 9 12 0
276 271 5 1 4 7 10 14 11 5 8 0 2 3 6 9 12 13
263 258 5 1 4 7 10 13 5 0 8 2 14 11 6 9 12 3
250 245 5 1 4 7 10 13 3 5 8 2 0 11 6 9 12 14
250 245 5 1 4 7 10 0 3 5 8 2 14 13 6 9 12 11
251 247 4 1 4 7 10 11 3 5 8 2 14 13 6 9 12 0
255 250 5 1 4 7 10 11 3 5 8 0 14 13 6 9 12 2
254 249 5 1 4 7 10 11 3 5 8 2 14 0 6 9 12 13
254 250 4 1 4 7 10 11 0 5 8 2 14 3 6 9 12 13
256 251 5 1 4 7 10 11 5 0 8 2 14 3 6 9 12 13
253 248 5 1 4 7 10 2 3 5 8 0 14 13 6 9 12 11
273 268 5 1 4 7 10 2 11 5 8 13 14 0 6 9 12 3
274 269 5 1 4 7 10 2 0 5 8 13 14 11 6 9 12 3
268 263 5 1 4 7 0 13 11 5 8 10 14 3 6 9 2 12
264 259 5 1 4 7 10 13 11 5 9 8 14 3 6 0 12 2
261 256 5 1 4 7 10 13 11 5 8 2 14 3 6 0 9 12
268 263 5 1 4 7 10 13 11 5 0 8 2 3 6 9 12 14
274 269 5 1 4 7 0 10 11 5 8 13 14 3 6 9 12 2
275 270 5 1 4 7 13 10 11 5 8 0 14 3 6 9 12 2
275 270 5 0 4 7 10 1 11 5 8 13 14 3 6 9 12 2
277 273 4 2 4 7 10 1 11 5 8 13 14 3 6 9 12 0
281 276 5 2 4 7 10 1 11 5 8 0 14 3 6 9 12 13
280 275 5 2 4 7 10 0 11 5 8 13 14 3 6 9 12 1
282 278 4 2 4 7 10 13 11 5 8 0 14 3 6 9 12 1
284 279 5 2 4 7 10 13 11 5 8 14 0 3 6 9 12 1
284 280 4 2 4 7 10 13 11 5 8 14 1 3 6 9 12 0
288 283 5 2 4 7 10 13 11 5 8 0 1 3 6 9 12 14
289 284 5 2 4 7 10 13 11 5 8 1 0 3 6 9 12 14
288 285 3 2 4 7 10 13 11 5 8 1 14 3 6 9 12 0
292 288 4 0 4 7 10 13 11 5 8 1 14 3 6 9 12 2
293 289 4 11 4 7 10 13 0 5 8 1 14 3 6 9 12 2
295 290 5 11 4 7 10 13 5 0 8 1 14 3 6 9 12 2
288 283 5 0 4 7 10 13 11 5 8 14 1 3 6 9 12 2
289 284 5 11 4 7 10 13 0 5 8 14 1 3 6 9 12 2
295 290 5 11 4 7 10 13 3 5 8 1 14 0 6 9 12 2
296 292 4 11 4 7 10 13 3 5 8 1 14 2 6 9 12 0
300 295 5 11 4 7 10 13 3 5 8 0 14 2 6 9 12 1
300 295 5 0 4 7 10 13 3 5 8 1 14 2 6 9 12 11
302 297 5 2 4 7 10 13 3 5 8 1 14 0 6 9 12 11
303 299 4 2 4 7 10 13 3 5 8 1 14 11 6 9 12 0
302 298 4 2 4 7 10 13 0 5 8 1 14 3 6 9 12 11
304 299 5 2 4 7 10 13 5 0 8 1 14 3 6 9 12 11
307 302 5 2 4 7 10 13 3 5 8 0 14 11 6 9 12 1
301 296 5 3 4 7 10 13 0 5 8 1 14 2 6 9 12 11
301 297 4 3 4 7 10 13 2 5 8 1 14 0 6 9 12 11
302 299 3 0 4 7 10 13 2 5 8 1 14 3 6 9 12 11
304 302 2 11 4 7 10 13 2 5 8 1 14 3 6 9 12 0
308 305 3 11 4 7 10 13 2 5 8 0 14 3 6 9 12 1
302 299 3 3 4 7 10 13 2 5 8 1 14 11 6 9 12 0
306 302 4 3 4 7 10 13 2 5 8 0 14 11 6 9 12 1
306 302 4 0 4 7 10 13 2 5 8 1 14 11 6 9 12 3
310 306 4 11 4 7 10 13 2 5 8 14 0 3 6 9 12 1
310 307 3 11 4 7 10 13 2 5 8 14 1 3 6 9 12 0
314 310 4 11 4 7 10 13 2 5 8 0 1 3 6 9 12 14
314 310 4 0 4 7 10 13 2 5 8 14 1 3 6 9 12 11
310 306 4 11 4 7 10 13 2 5 0 8 14 3 6 9 12 1
310 306 4 11 4 7 10 13 2 5 8 12 14 3 6 9 0 1
310 307 3 11 4 7 10 13 2 5 8 12 14 3 6 9 1 0
314 310 4 11 4 7 10 13 2 5 8 0 14 3 6 9 1 12
314 310 4 0 4 7 10 13 2 5 8 12 14 3 6 9 1 11
310 306 4 11 4 7 0 13 2 5 8 10 14 3 6 9 12 1
304 300 4 4 0 7 10 13 2 5 8 1 14 3 6 9 12 11
305 301 4 13 4 7 10 0 2 5 8 1 14 3 6 9 12 11
306 303 3 13 4 7 10 11 2 5 8 1 14 3 6 9 12 0
310 306 4 13 4 7 10 11 2 5 8 0 14 3 6 9 12 1
310 306 4 0 4 7 10 11 2 5 8 1 14 3 6 9 12 13
308 304 4 13 4 7 10 1 2 5 8 0 14 3 6 9 12 11
307 303 4 11 4 7 10 13 2 5 8 1 14 3 6 9 0 12
307 303 4 11 4 7 10 13 2 5 8 1 0 3 6 9 12 14
308 304 4 11 4 7 10 13 2 5 8 1 14 0 6 9 12 3
308 304 4 11 4 7 10 0 2 5 8 1 14 3 6 9 12 13
311 307 4 11 4 7 10 1 2 5 8 0 14 3 6 9 12 13
306 302 4 5 4 7 10 13 2 0 8 1 14 3 6 9 12 11
308 303 5 5 4 7 10 13 2 8 0 1 14 3 6 9 12 11
309 304 5 5 4 7 10 13 2 8 1 0 14 3 6 9 12 11
308 303 5 5 4 7 10 13 0 2 8 1 14 3 6 9 12 11
308 303 5 5 4 7 10 13 2 6 8 1 14 3 0 9 12 11
268 263 5 1 4 7 10 14 11 5 8 13 0 3 6 9 12 2
264 259 5 1 4 7 13 0 11 5 8 10 14 3 6 9 12 2
265 261 4 1 4 7 13 2 11 5 8 10 14 3 6 9 12 0
269 264 5 1 4 7 13 2 11 5 8 0 14 3 6 9 12 10
270 265 5 1 4 7 0 2 11 5 8 13 14 3 6 9 12 10
271 266 5 1 4 7 2 0 11 5 8 13 14 3 6 9 12 10
273 269 4 1 4 7 2 13 11 5 8 0 14 3 6 9 12 10
274 270 4 1 4 7 0 13 11 5 8 2 14 3 6 9 12 10
272 268 4 1 4 7 2 10 11 5 8 13 14 3 6 9 12 0
276 271 5 1 4 7 2 10 11 5 8 0 14 3 6 9 12 13
276 271 5 1 4 7 13 0 11 5 8 2 14 3 6 9 12 10
277 273 4 1 4 7 13 10 11 5 8 2 14 3 6 9 12 0
315 310 5 1 4 7 10 13 2 0 8 14 3 5 6 9 12 11
314 309 5 1 4 7 0 13 2 5 8 10 3 11 6 9 12 14
310 305 5 1 4 7 10 13 2 5 8 12 14 11 6 0 9 3
313 308 5 1 4 7 10 13 2 5 8 14 3 6 0 9 12 11
314 309 5 1 4 7 10 13 2 5 8 12 3 11 6 9 0 14
314 310 4 1 4 7 10 13 2 5 8 12 3 11 6 9 14 0
318 313 5 1 4 7 10 13 2 5 8 0 3 11 6 9 14 12
319 314 5 1 4 7 10 13 2 5 8 3 0 11 6 9 14 12
319 315 4 1 4 7 10 13 2 5 8 3 12 11 6 9 14 0
323 318 5 1 4 7 10 13 2 5 8 0 12 11 6 9 14 3
324 319 5 1 4 7 10 13 2 5 8 14 12 11 6 9 0 3
324 320 4 1 4 7 10 13 2 5 8 14 12 11 6 9 3 0
328 323 5 1 4 7 10 13 2 5 8 0 12 11 6 9 3 14
327 322 5 1 4 7 10 13 2 5 8 14 12 0 6 9 3 11
313 308 5 1 4 7 10 13 2 5 8 12 14 6 0 9 3 11
314 309 5 1 4 7 0 13 2 5 8 10 14 11 6 9 3 12
313 308 5 1 4 7 10 13 0 5 8 12 14 2 6 9 3 11
314 309 5 1 4 7 10 13 2 5 8 14 0 11 6 9 3 12
314 309 5 1 4 7 10 13 2 5 0 8 14 11 6 9 3 12
311 306 5 11 4 7 10 13 2 5 8 3 14 6 0 9 12 1
310 305 5 1 4 7 13 0 2 5 8 10 14 11 6 9 12 3
311 307 4 1 4 7 13 3 2 5 8 10 14 11 6 9 12 0
315 310 5 1 4 7 13 3 2 5 8 0 14 11 6 9 12 10
316 311 5 1 4 7 0 3 2 5 8 13 14 11 6 9 12 10
317 312 5 1 4 7 3 0 2 5 8 13 14 11 6 9 12 10
319 315 4 1 4 7 3 13 2 5 8 0 14 11 6 9 12 10
320 316 4 1 4 7 0 13 2 5 8 3 14 11 6 9 12 10
318 314 4 1 4 7 3 10 2 5 8 13 14 11 6 9 12 0
322 317 5 1 4 7 3 10 2 5 8 0 14 11 6 9 12 13
321 316 5 1 4 7 3 10 2 5 8 13 14 0 6 9 12 11
324 319 5 1 4 7 3 0 2 5 8 13 14 10 6 9 12 11
326 322 4 1 4 7 3 13 2 5 8 0 14 10 6 9 12 11
327 323 4 1 4 7 0 13 2 5 8 3 14 10 6 9 12 11
325 321 4 1 4 7 3 11 2 5 8 13 14 10 6 9 12 0
329 324 5 1 4 7 3 11 2 5 8 0 14 10 6 9 12 13
330 325 5 1 4 7 0 11 2 5 8 3 14 10 6 9 12 13
331 326 5 1 4 7 11 0 2 5 8 3 14 10 6 9 12 13
331 328 3 1 4 7 11 13 2 5 8 3 14 10 6 9 12 0
335 331 4 1 4 7 11 13 2 5 8 0 14 10 6 9 12 3
335 332 3 1 4 7 0 13 2 5 8 11 14 10 6 9 12 3
337 333 4 1 4 7 13 0 2 5 8 11 14 10 6 9 12 3
338 335 3 1 4 7 13 3 2 5 8 11 14 10 6 9 12 0
341 337 4 1 4 7 13 3 2 5 8 11 14 0 6 9 12 10
343 340 3 1 4 7 13 0 2 5 8 11 14 3 6 9 12 10
344 342 2 1 4 7 13 10 2 5 8 11 14 3 6 9 12 0
343 341 2 1 4 7 0 13 2 5 8 11 14 3 6 9 12 10
345 342 3 1 4 0 7 13 2 5 8 11 14 3 6 9 12 10
345 342 3 1 4 7 11 13 2 5 8 0 14 3 6 9 12 10
347 343 4 1 4 7 11 13 2 5 8 14 0 3 6 9 12 10
347 344 3 1 4 7 11 13 2 5 8 14 10 3 6 9 12 0
351 347 4 1 4 7 11 13 2 5 8 0 10 3 6 9 12 14
351 348 3 1 4 7 0 13 2 5 8 11 10 3 6 9 12 14
353 349 4 1 4 7 13 0 2 5 8 11 10 3 6 9 12 14
354 351 3 1 4 7 13 14 2 5 8 11 10 3 6 9 12 0
353 349 4 1 4 0 7 13 2 5 8 11 10 3 6 9 12 14
352 348 4 1 4 7 11 13 2 5 8 10 0 3 6 9 12 14
351 349 2 1 4 7 11 13 2 5 8 10 14 3 6 9 12 0
356 352 4 0 4 7 11 13 2 5 8 10 14 3 6 9 12 1
355 351 4 1 4 7 11 0 2 5 8 10 14 3 6 9 12 13
358 354 4 1 4 7 11 10 2 5 8 0 14 3 6 9 12 13
358 355 3 1 4 7 0 10 2 5 8 11 14 3 6 9 12 13
358 356 2 1 4 7 10 0 2 5 8 11 14 3 6 9 12 13
358 358 0 1 4 7 10 13 2 5 8 11 14 3 6 9 12 0
