0 0 0 10 3 13 12 14 8 1 7 4 5 9 11 2 0 6
15 1 14 10 3 13 12 14 8 1 7 4 5 9 11 2 6 0
19 4 15 10 3 13 12 14 8 1 7 0 5 9 11 2 6 4
20 5 15 10 3 13 12 14 8 1 7 5 0 9 11 2 6 4
20 6 14 10 3 13 12 14 8 1 7 5 4 9 11 2 6 0
20 6 14 10 3 13 12 0 8 1 7 5 14 9 11 2 6 4
21 8 13 10 3 13 12 4 8 1 7 5 14 9 11 2 6 0
25 11 14 10 3 13 12 4 8 1 7 0 14 9 11 2 6 5
26 12 14 10 3 13 12 4 8 1 0 7 14 9 11 2 6 5
27 13 14 10 3 13 12 4 8 0 1 7 14 9 11 2 6 5
28 14 14 10 3 13 12 4 0 8 1 7 14 9 11 2 6 5
29 15 14 10 3 13 12 4 9 8 1 7 14 0 11 2 6 5
30 17 13 10 3 13 12 4 9 8 1 7 14 5 11 2 6 0
34 20 14 10 3 13 12 4 9 8 1 0 14 5 11 2 6 7
35 21 14 10 3 13 12 4 9 8 0 1 14 5 11 2 6 7
35 22 13 10 3 13 12 4 9 0 8 1 14 5 11 2 6 7
36 23 13 10 3 13 12 4 0 9 8 1 14 5 11 2 6 7
37 24 13 10 3 13 12 4 5 9 8 1 14 0 11 2 6 7
38 26 12 10 3 13 12 4 5 9 8 1 14 7 11 2 6 0
42 29 13 10 3 13 12 4 5 9 8 0 14 7 11 2 6 1
43 30 13 10 3 13 12 4 5 9 8 6 14 7 11 2 0 1
43 31 12 10 3 13 12 4 5 9 8 6 14 7 11 2 1 0
47 34 13 10 3 13 12 4 5 9 8 0 14 7 11 2 1 6
48 35 13 10 3 13 0 4 5 9 8 12 14 7 11 2 1 6
49 36 13 10 3 13 4 0 5 9 8 12 14 7 11 2 1 6
50 38 12 10 3 13 4 6 5 9 8 12 14 7 11 2 1 0
54 41 13 10 3 13 4 6 5 9 8 0 14 7 11 2 1 12
55 42 13 10 3 13 4 6 5 9 8 14 0 7 11 2 1 12
55 43 12 10 3 13 4 6 5 9 8 14 12 7 11 2 1 0
59 46 13 10 3 13 4 6 5 9 8 0 12 7 11 2 1 14
60 47 13 10 3 13 4 6 5 9 8 1 12 7 11 2 0 14
59 48 11 10 3 13 4 6 5 9 8 1 12 7 11 2 14 0
63 51 12 10 3 13 4 6 5 9 8 0 12 7 11 2 14 1
64 52 12 10 3 13 4 6 5 9 8 12 0 7 11 2 14 1
64 53 11 10 3 13 4 6 5 9 8 12 1 7 11 2 14 0
68 56 12 10 3 13 4 6 5 9 8 0 1 7 11 2 14 12
68 56 12 0 3 13 4 6 5 9 8 12 1 7 11 2 14 10
71 59 12 9 3 13 4 6 5 0 8 12 1 7 11 2 14 10
72 60 12 9 3 13 4 6 0 5 8 12 1 7 11 2 14 10
73 61 12 9 3 13 4 6 7 5 8 12 1 0 11 2 14 10
74 63 11 9 3 13 4 6 7 5 8 12 1 10 11 2 14 0
73 62 11 9 3 13 4 6 7 5 8 12 1 11 0 2 14 10
74 63 11 9 3 13 4 6 7 5 8 12 1 11 2 0 14 10
74 63 11 9 3 13 4 6 7 0 8 12 1 11 5 2 14 10
74 64 10 9 3 13 4 6 0 7 8 12 1 11 5 2 14 10
76 65 11 9 3 13 4 6 11 7 8 12 1 0 5 2 14 10
77 67 10 9 3 13 4 6 11 7 8 12 1 10 5 2 14 0
81 70 11 9 3 13 4 6 11 7 8 0 1 10 5 2 14 12
82 71 11 9 3 13 4 6 11 7 8 1 0 10 5 2 14 12
82 72 10 9 3 13 4 6 11 7 8 1 12 10 5 2 14 0
86 75 11 9 3 13 4 6 11 7 8 0 12 10 5 2 14 1
86 75 11 0 3 13 4 6 11 7 8 1 12 10 5 2 14 9
88 77 11 10 3 13 4 6 11 7 8 1 12 0 5 2 14 9
89 79 10 10 3 13 4 6 11 7 8 1 12 9 5 2 14 0
88 78 10 10 3 13 4 6 0 7 8 1 12 11 5 2 14 9
90 79 11 10 3 13 4 6 7 0 8 1 12 11 5 2 14 9
91 80 11 10 3 13 4 6 7 5 8 1 12 11 0 2 14 9
92 81 11 10 3 13 4 6 7 5 8 1 12 11 2 0 14 9
91 80 11 10 0 13 4 6 7 3 8 1 12 11 5 2 14 9
92 81 11 10 13 0 4 6 7 3 8 1 12 11 5 2 14 9
92 81 11 0 10 13 4 6 7 3 8 1 12 11 5 2 14 9
94 84 10 9 10 13 4 6 7 3 8 1 12 11 5 2 14 0
98 87 11 9 10 13 4 6 7 3 8 0 12 11 5 2 14 1
99 88 11 9 10 13 4 6 7 3 8 12 0 11 5 2 14 1
99 89 10 9 10 13 4 6 7 3 8 12 1 11 5 2 14 0
103 92 11 9 10 13 4 6 7 3 8 0 1 11 5 2 14 12
96 85 11 9 10 13 4 6 7 3 8 1 0 11 5 2 14 12
97 86 11 9 10 13 4 0 7 3 8 1 6 11 5 2 14 12
98 88 10 9 10 13 4 12 7 3 8 1 6 11 5 2 14 0
102 91 11 9 10 13 4 12 7 3 8 0 6 11 5 2 14 1
103 92 11 9 10 13 4 12 7 3 8 6 0 11 5 2 14 1
103 93 10 9 10 13 4 12 7 3 8 6 1 11 5 2 14 0
107 96 11 9 10 13 4 12 7 3 8 0 1 11 5 2 14 6
107 96 11 0 10 13 4 12 7 3 8 6 1 11 5 2 14 9
110 99 11 3 10 13 4 12 7 0 8 6 1 11 5 2 14 9
110 100 10 3 10 13 4 12 0 7 8 6 1 11 5 2 14 9
112 101 11 3 10 13 4 12 11 7 8 6 1 0 5 2 14 9
113 103 10 3 10 13 4 12 11 7 8 6 1 9 5 2 14 0
117 106 11 3 10 13 4 12 11 7 8 0 1 9 5 2 14 6
118 107 11 3 10 13 4 12 11 7 8 1 0 9 5 2 14 6
118 108 10 3 10 13 4 12 11 7 8 1 6 9 5 2 14 0
122 111 11 3 10 13 4 12 11 7 8 0 6 9 5 2 14 1
94 83 11 6 10 13 4 0 7 3 8 1 12 11 5 2 14 9
95 85 10 6 10 13 4 9 7 3 8 1 12 11 5 2 14 0
99 88 11 6 10 13 4 9 7 3 8 0 12 11 5 2 14 1
100 89 11 6 10 13 4 9 7 3 8 12 0 11 5 2 14 1
100 90 10 6 10 13 4 9 7 3 8 12 1 11 5 2 14 0
104 93 11 6 10 13 4 9 7 3 8 0 1 11 5 2 14 12
102 91 11 9 10 13 4 0 7 3 8 12 1 11 5 2 14 6
103 92 11 9 10 13 4 1 7 3 8 12 0 11 5 2 14 6
103 93 10 9 10 13 4 1 7 3 8 12 6 11 5 2 14 0
107 96 11 0 10 13 4 1 7 3 8 12 6 11 5 2 14 9
108 98 10 1 10 13 4 0 7 3 8 12 6 11 5 2 14 9
109 100 9 1 10 13 4 9 7 3 8 12 6 11 5 2 14 0
113 103 10 1 10 13 4 9 7 3 8 0 6 11 5 2 14 12
114 104 10 1 10 13 4 9 7 3 8 6 0 11 5 2 14 12
114 105 9 1 10 13 4 9 7 3 8 6 12 11 5 2 14 0
118 108 10 1 10 13 4 9 7 3 8 0 12 11 5 2 14 6
117 107 10 1 10 13 4 0 7 3 8 6 12 11 5 2 14 9
120 110 10 1 10 13 4 6 7 3 8 0 12 11 5 2 14 9
118 108 10 1 10 13 4 12 7 3 8 6 0 11 5 2 14 9
118 109 9 1 10 13 4 12 7 3 8 6 9 11 5 2 14 0
122 112 10 1 10 13 4 12 7 3 8 0 9 11 5 2 14 6
122 113 9 1 10 13 4 12 7 3 8 9 0 11 5 2 14 6
122 114 8 1 10 13 4 12 7 3 8 9 6 11 5 2 14 0
125 116 9 1 10 13 4 0 7 3 8 9 6 11 5 2 14 12
126 117 9 1 10 13 4 6 7 3 8 9 0 11 5 2 14 12
126 118 8 1 10 13 4 6 7 3 8 9 12 11 5 2 14 0
123 114 9 1 10 13 4 0 7 3 8 9 12 11 5 2 14 6
127 117 10 1 10 13 4 11 7 3 8 9 12 0 5 2 14 6
128 119 9 1 10 13 4 11 7 3 8 9 12 6 5 2 14 0
131 121 10 1 10 13 4 0 7 3 8 9 12 6 5 2 14 11
132 122 10 1 10 13 4 12 7 3 8 9 0 6 5 2 14 11
132 123 9 1 10 13 4 12 7 3 8 9 11 6 5 2 14 0
135 125 10 1 10 13 4 0 7 3 8 9 11 6 5 2 14 12
138 128 10 1 10 13 4 6 7 3 8 9 11 0 5 2 14 12
139 130 9 1 10 13 4 6 7 3 8 9 11 12 5 2 14 0
142 132 10 1 10 13 4 0 7 3 8 9 11 12 5 2 14 6
143 133 10 1 10 13 4 11 7 3 8 9 0 12 5 2 14 6
143 134 9 1 10 13 4 11 7 3 8 9 6 12 5 2 14 0
146 136 10 1 10 13 4 0 7 3 8 9 6 12 5 2 14 11
141 131 10 1 10 13 4 6 7 3 8 9 0 12 5 2 14 11
141 131 10 1 10 13 4 6 7 0 8 9 11 3 5 2 14 12
141 132 9 1 10 13 4 6 0 7 8 9 11 3 5 2 14 12
142 133 9 1 10 13 4 6 3 7 8 9 11 0 5 2 14 12
143 135 8 1 10 13 4 6 3 7 8 9 11 12 5 2 14 0
146 137 9 1 10 13 4 0 3 7 8 9 11 12 5 2 14 6
149 140 9 1 10 13 4 12 3 7 8 9 11 0 5 2 14 6
150 142 8 1 10 13 4 12 3 7 8 9 11 6 5 2 14 0
152 143 9 1 10 13 4 12 3 7 8 9 0 6 5 2 14 11
153 144 9 1 10 13 4 0 3 7 8 9 12 6 5 2 14 11
154 146 8 1 10 13 4 11 3 7 8 9 12 6 5 2 14 0
157 148 9 1 10 13 4 11 3 7 8 9 12 0 5 2 14 6
159 151 8 1 10 13 4 0 3 7 8 9 12 11 5 2 14 6
160 153 7 1 10 13 4 6 3 7 8 9 12 11 5 2 14 0
162 154 8 1 10 13 4 6 3 7 8 9 0 11 5 2 14 12
163 155 8 1 10 13 4 0 3 7 8 9 6 11 5 2 14 12
164 157 7 1 10 13 4 12 3 7 8 9 6 11 5 2 14 0
160 152 8 1 10 13 4 12 3 7 8 9 0 11 5 2 14 6
162 153 9 1 10 13 4 12 3 7 8 0 9 11 5 2 14 6
167 158 9 1 10 13 4 11 3 7 8 9 6 0 5 2 14 12
168 160 8 1 10 13 4 11 3 7 8 9 6 12 5 2 14 0
171 162 9 1 10 13 4 0 3 7 8 9 6 12 5 2 14 11
168 159 9 1 10 13 4 11 3 7 8 9 6 5 0 2 14 12
169 160 9 1 10 13 4 11 3 7 8 9 6 5 2 0 14 12
168 159 9 1 10 13 4 11 0 7 8 9 6 3 5 2 14 12
147 138 9 1 10 13 4 11 3 7 8 9 0 12 5 2 14 6
145 136 9 1 10 13 4 0 3 7 8 9 11 6 5 2 14 12
168 159 9 1 10 13 4 12 3 7 8 9 6 0 5 2 14 11
169 160 9 1 10 13 4 12 3 7 8 9 6 5 0 2 14 11
170 161 9 1 10 13 4 12 3 7 8 9 6 5 2 0 14 11
163 154 9 1 10 13 4 6 3 7 8 9 12 11 5 2 0 14
164 155 9 1 10 13 4 6 3 7 8 9 12 11 5 0 2 14
165 156 9 1 10 13 4 6 3 7 8 9 12 11 0 5 2 14
156 147 9 1 10 13 4 6 3 7 8 9 12 0 5 2 14 11
157 148 9 1 10 13 4 6 3 7 8 9 12 5 0 2 14 11
158 149 9 1 10 13 4 6 3 7 8 9 12 5 2 0 14 11
145 136 9 1 10 13 4 6 3 7 8 9 0 12 5 2 14 11
165 156 9 0 10 13 4 6 3 7 8 9 12 11 5 2 14 1
167 158 9 6 10 13 4 0 3 7 8 9 12 11 5 2 14 1
168 160 8 6 10 13 4 1 3 7 8 9 12 11 5 2 14 0
170 161 9 6 10 13 4 1 3 7 8 9 0 11 5 2 14 12
171 162 9 6 10 13 4 0 3 7 8 9 1 11 5 2 14 12
172 164 8 6 10 13 4 12 3 7 8 9 1 11 5 2 14 0
176 167 9 0 10 13 4 12 3 7 8 9 1 11 5 2 14 6
178 169 9 12 10 13 4 0 3 7 8 9 1 11 5 2 14 6
179 171 8 12 10 13 4 6 3 7 8 9 1 11 5 2 14 0
181 172 9 12 10 13 4 6 3 7 8 9 0 11 5 2 14 1
182 173 9 12 10 13 4 0 3 7 8 9 6 11 5 2 14 1
183 175 8 12 10 13 4 1 3 7 8 9 6 11 5 2 14 0
150 141 9 1 10 13 4 12 0 7 8 9 11 3 5 2 14 6
166 157 9 0 10 13 4 1 3 7 8 9 6 11 5 2 14 12
167 158 9 10 0 13 4 1 3 7 8 9 6 11 5 2 14 12
168 159 9 10 13 0 4 1 3 7 8 9 6 11 5 2 14 12
167 158 9 3 10 13 4 1 0 7 8 9 6 11 5 2 14 12
158 149 9 1 10 13 4 11 3 7 8 9 12 5 0 2 14 6
159 150 9 1 10 13 4 11 3 7 8 9 12 5 2 0 14 6
169 160 9 1 10 13 4 12 0 7 8 9 6 3 5 2 14 11
167 158 9 1 10 13 4 12 3 7 8 9 6 11 5 2 0 14
168 159 9 1 10 13 4 12 3 7 8 9 6 11 5 0 2 14
169 160 9 1 10 13 4 12 3 7 8 9 6 11 0 5 2 14
157 148 9 1 10 13 4 6 0 7 8 9 12 3 5 2 14 11
158 149 9 1 10 13 4 11 0 7 8 9 12 3 5 2 14 6
166 157 9 10 0 13 4 6 3 7 8 9 12 11 5 2 14 1
167 158 9 10 13 0 4 6 3 7 8 9 12 11 5 2 14 1
166 157 9 3 10 13 4 6 0 7 8 9 12 11 5 2 14 1
164 155 9 1 10 13 4 6 3 7 8 0 9 11 5 2 14 12
165 156 9 1 10 13 0 4 3 7 8 9 6 11 5 2 14 12
166 157 9 1 10 0 13 4 3 7 8 9 6 11 5 2 14 12
167 158 9 1 0 10 13 4 3 7 8 9 6 11 5 2 14 12
167 158 9 1 10 13 4 9 3 7 8 0 6 11 5 2 14 12
168 159 9 1 10 13 4 9 3 7 8 6 0 11 5 2 14 12
168 160 8 1 10 13 4 9 3 7 8 6 12 11 5 2 14 0
171 162 9 1 10 13 4 0 3 7 8 6 12 11 5 2 14 9
172 163 9 1 10 13 4 12 3 7 8 6 0 11 5 2 14 9
172 164 8 1 10 13 4 12 3 7 8 6 9 11 5 2 14 0
169 160 9 1 10 13 4 0 3 7 8 6 9 11 5 2 14 12
169 160 9 0 10 13 4 12 3 7 8 9 6 11 5 2 14 1
170 161 9 10 0 13 4 12 3 7 8 9 6 11 5 2 14 1
171 162 9 10 13 0 4 12 3 7 8 9 6 11 5 2 14 1
170 161 9 3 10 13 4 12 0 7 8 9 6 11 5 2 14 1
146 137 9 1 10 13 4 11 3 7 8 9 0 6 5 2 14 12
161 152 9 1 10 13 0 4 3 7 8 9 12 11 5 2 14 6
162 153 9 1 10 0 13 4 3 7 8 9 12 11 5 2 14 6
163 154 9 1 0 10 13 4 3 7 8 9 12 11 5 2 14 6
162 153 9 0 10 13 4 1 3 7 8 9 12 11 5 2 14 6
163 154 9 10 0 13 4 1 3 7 8 9 12 11 5 2 14 6
164 155 9 10 13 0 4 1 3 7 8 9 12 11 5 2 14 6
163 154 9 3 10 13 4 1 0 7 8 9 12 11 5 2 14 6
173 164 9 0 10 13 4 6 3 7 8 9 1 11 5 2 14 12
174 165 9 10 0 13 4 6 3 7 8 9 1 11 5 2 14 12
175 166 9 10 13 0 4 6 3 7 8 9 1 11 5 2 14 12
174 165 9 3 10 13 4 6 0 7 8 9 1 11 5 2 14 12
143 134 9 1 10 13 4 6 3 7 8 9 11 5 0 2 14 12
144 135 9 1 10 13 4 6 3 7 8 9 11 5 2 0 14 12
163 154 9 1 10 13 4 9 3 7 8 0 12 11 5 2 14 6
164 155 9 1 10 13 4 9 3 7 8 12 0 11 5 2 14 6
164 156 8 1 10 13 4 9 3 7 8 12 6 11 5 2 14 0
167 158 9 1 10 13 4 0 3 7 8 12 6 11 5 2 14 9
168 159 9 1 10 13 4 6 3 7 8 12 0 11 5 2 14 9
168 160 8 1 10 13 4 6 3 7 8 12 9 11 5 2 14 0
165 156 9 1 10 13 4 0 3 7 8 12 9 11 5 2 14 6
169 160 9 1 10 13 4 12 3 7 8 0 6 11 5 2 14 9
179 170 9 12 10 13 4 1 3 7 8 9 0 11 5 2 14 6
168 159 9 6 10 13 4 12 3 7 8 9 0 11 5 2 14 1
165 156 9 1 10 13 4 6 3 7 8 0 12 11 5 2 14 9
177 168 9 10 0 13 4 12 3 7 8 9 1 11 5 2 14 6
178 169 9 10 13 0 4 12 3 7 8 9 1 11 5 2 14 6
150 141 9 1 10 13 4 12 3 7 8 9 11 5 0 2 14 6
151 142 9 1 10 13 4 12 3 7 8 9 11 5 2 0 14 6
177 168 9 3 10 13 4 12 0 7 8 9 1 11 5 2 14 6
179 169 10 3 10 13 4 12 7 0 8 9 1 11 5 2 14 6
180 170 10 3 10 13 4 12 7 5 8 9 1 11 0 2 14 6
181 171 10 3 10 13 4 12 7 5 8 9 1 11 2 0 14 6
127 117 10 1 10 13 0 4 7 3 8 9 6 11 5 2 14 12
128 118 10 1 10 0 13 4 7 3 8 9 6 11 5 2 14 12
129 119 10 1 0 10 13 4 7 3 8 9 6 11 5 2 14 12
130 120 10 1 3 10 13 4 7 0 8 9 6 11 5 2 14 12
130 121 9 1 3 10 13 4 0 7 8 9 6 11 5 2 14 12
132 122 10 1 3 10 13 4 11 7 8 9 6 0 5 2 14 12
133 124 9 1 3 10 13 4 11 7 8 9 6 12 5 2 14 0
136 126 10 1 3 10 13 0 11 7 8 9 6 12 5 2 14 4
139 129 10 1 3 10 13 12 11 7 8 9 6 0 5 2 14 4
140 131 9 1 3 10 13 12 11 7 8 9 6 4 5 2 14 0
139 130 9 1 3 10 13 12 0 7 8 9 6 11 5 2 14 4
141 131 10 1 3 10 13 12 7 0 8 9 6 11 5 2 14 4
142 132 10 1 3 10 13 12 7 5 8 9 6 11 0 2 14 4
143 133 10 1 3 10 13 12 7 5 8 9 6 11 2 0 14 4
142 132 10 1 0 10 13 12 7 3 8 9 6 11 5 2 14 4
143 133 10 1 10 0 13 12 7 3 8 9 6 11 5 2 14 4
144 134 10 1 10 13 0 12 7 3 8 9 6 11 5 2 14 4
145 135 10 1 10 13 12 0 7 3 8 9 6 11 5 2 14 4
146 137 9 1 10 13 12 4 7 3 8 9 6 11 5 2 14 0
148 138 10 1 10 13 12 4 7 3 8 9 0 11 5 2 14 6
149 139 10 1 10 13 12 0 7 3 8 9 4 11 5 2 14 6
150 141 9 1 10 13 12 6 7 3 8 9 4 11 5 2 14 0
150 140 10 1 10 13 0 12 7 3 8 9 4 11 5 2 14 6
151 141 10 1 10 0 13 12 7 3 8 9 4 11 5 2 14 6
152 142 10 1 0 10 13 12 7 3 8 9 4 11 5 2 14 6
153 143 10 1 3 10 13 12 7 0 8 9 4 11 5 2 14 6
153 144 9 1 3 10 13 12 0 7 8 9 4 11 5 2 14 6
155 145 10 1 3 10 13 12 11 7 8 9 4 0 5 2 14 6
156 147 9 1 3 10 13 12 11 7 8 9 4 6 5 2 14 0
159 149 10 1 3 10 13 0 11 7 8 9 4 6 5 2 14 12
162 152 10 1 3 10 13 6 11 7 8 9 4 0 5 2 14 12
163 154 9 1 3 10 13 6 11 7 8 9 4 12 5 2 14 0
162 153 9 1 3 10 13 6 0 7 8 9 4 11 5 2 14 12
164 154 10 1 3 10 13 6 7 0 8 9 4 11 5 2 14 12
165 155 10 1 3 10 13 6 7 5 8 9 4 11 0 2 14 12
166 156 10 1 3 10 13 6 7 5 8 9 4 11 2 0 14 12
165 155 10 1 0 10 13 6 7 3 8 9 4 11 5 2 14 12
166 156 10 1 10 0 13 6 7 3 8 9 4 11 5 2 14 12
167 157 10 1 10 13 0 6 7 3 8 9 4 11 5 2 14 12
168 158 10 1 10 13 6 0 7 3 8 9 4 11 5 2 14 12
169 160 9 1 10 13 6 12 7 3 8 9 4 11 5 2 14 0
171 161 10 1 10 13 6 12 7 3 8 9 0 11 5 2 14 4
172 162 10 1 10 13 6 0 7 3 8 9 12 11 5 2 14 4
173 164 9 1 10 13 6 4 7 3 8 9 12 11 5 2 14 0
173 163 10 1 10 13 0 6 7 3 8 9 12 11 5 2 14 4
174 164 10 1 10 0 13 6 7 3 8 9 12 11 5 2 14 4
175 165 10 1 0 10 13 6 7 3 8 9 12 11 5 2 14 4
176 166 10 1 3 10 13 6 7 0 8 9 12 11 5 2 14 4
176 167 9 1 3 10 13 6 0 7 8 9 12 11 5 2 14 4
178 168 10 1 3 10 13 6 11 7 8 9 12 0 5 2 14 4
179 170 9 1 3 10 13 6 11 7 8 9 12 4 5 2 14 0
182 172 10 1 3 10 13 0 11 7 8 9 12 4 5 2 14 6
185 175 10 1 3 10 13 4 11 7 8 9 12 0 5 2 14 6
186 177 9 1 3 10 13 4 11 7 8 9 12 6 5 2 14 0
185 176 9 1 3 10 13 4 0 7 8 9 12 11 5 2 14 6
187 177 10 1 3 10 13 4 7 0 8 9 12 11 5 2 14 6
188 178 10 1 3 10 13 4 7 5 8 9 12 11 0 2 14 6
189 179 10 1 3 10 13 4 7 5 8 9 12 11 2 0 14 6
188 178 10 1 0 10 13 4 7 3 8 9 12 11 5 2 14 6
189 179 10 1 10 0 13 4 7 3 8 9 12 11 5 2 14 6
186 176 10 1 3 10 13 4 11 7 8 9 12 5 0 2 14 6
187 177 10 1 3 10 13 4 11 7 8 9 12 5 2 0 14 6
183 173 10 1 3 10 0 13 11 7 8 9 12 4 5 2 14 6
184 174 10 1 3 0 10 13 11 7 8 9 12 4 5 2 14 6
184 175 9 1 0 3 10 13 11 7 8 9 12 4 5 2 14 6
186 176 10 0 1 3 10 13 11 7 8 9 12 4 5 2 14 6
188 179 9 6 1 3 10 13 11 7 8 9 12 4 5 2 14 0
191 181 10 6 1 3 10 0 11 7 8 9 12 4 5 2 14 13
194 184 10 6 1 3 10 4 11 7 8 9 12 0 5 2 14 13
195 186 9 6 1 3 10 4 11 7 8 9 12 13 5 2 14 0
194 185 9 6 1 3 10 4 0 7 8 9 12 11 5 2 14 13
196 186 10 6 1 3 10 4 7 0 8 9 12 11 5 2 14 13
197 187 10 6 1 3 10 4 7 5 8 9 12 11 0 2 14 13
198 188 10 6 1 3 10 4 7 5 8 9 12 11 2 0 14 13
197 187 10 6 0 3 10 4 7 1 8 9 12 11 5 2 14 13
198 188 10 0 6 3 10 4 7 1 8 9 12 11 5 2 14 13
200 191 9 1 6 3 10 4 7 0 8 9 12 11 5 2 14 13
200 192 8 1 6 3 10 4 0 7 8 9 12 11 5 2 14 13
202 193 9 1 6 3 10 4 11 7 8 9 12 0 5 2 14 13
203 195 8 1 6 3 10 4 11 7 8 9 12 13 5 2 14 0
206 197 9 1 6 3 10 0 11 7 8 9 12 13 5 2 14 4
209 200 9 1 6 3 10 13 11 7 8 9 12 0 5 2 14 4
210 202 8 1 6 3 10 13 11 7 8 9 12 4 5 2 14 0
209 201 8 1 6 3 10 13 0 7 8 9 12 11 5 2 14 4
211 202 9 1 6 3 10 13 7 0 8 9 12 11 5 2 14 4
212 203 9 1 6 3 10 13 7 5 8 9 12 11 0 2 14 4
213 204 9 1 6 3 10 13 7 5 8 9 12 11 2 0 14 4
212 203 9 1 0 3 10 13 7 6 8 9 12 11 5 2 14 4
212 203 9 1 6 3 10 13 11 7 8 9 0 4 5 2 14 12
213 204 9 1 6 3 10 0 11 7 8 9 13 4 5 2 14 12
214 206 8 1 6 3 10 12 11 7 8 9 13 4 5 2 14 0
217 208 9 1 6 3 10 12 11 7 8 9 13 0 5 2 14 4
217 209 8 1 6 3 10 12 0 7 8 9 13 11 5 2 14 4
219 210 9 1 6 3 10 12 7 0 8 9 13 11 5 2 14 4
220 211 9 1 6 3 10 12 7 5 8 9 13 11 0 2 14 4
221 212 9 1 6 3 10 12 7 5 8 9 13 11 2 0 14 4
220 211 9 1 0 3 10 12 7 6 8 9 13 11 5 2 14 4
220 211 9 1 6 3 10 0 11 7 8 9 13 12 5 2 14 4
221 213 8 1 6 3 10 4 11 7 8 9 13 12 5 2 14 0
223 214 9 1 6 3 10 4 11 7 8 9 0 12 5 2 14 13
224 215 9 1 6 3 10 0 11 7 8 9 4 12 5 2 14 13
225 217 8 1 6 3 10 13 11 7 8 9 4 12 5 2 14 0
228 219 9 1 6 3 10 13 11 7 8 9 4 0 5 2 14 12
228 220 8 1 6 3 10 13 0 7 8 9 4 11 5 2 14 12
230 221 9 1 6 3 10 13 7 0 8 9 4 11 5 2 14 12
231 222 9 1 6 3 10 13 7 5 8 9 4 11 0 2 14 12
232 223 9 1 6 3 10 13 7 5 8 9 4 11 2 0 14 12
231 222 9 1 0 3 10 13 7 6 8 9 4 11 5 2 14 12
231 222 9 1 6 3 10 0 11 7 8 9 4 13 5 2 14 12
232 224 8 1 6 3 10 12 11 7 8 9 4 13 5 2 14 0
232 223 9 1 6 3 0 10 11 7 8 9 4 13 5 2 14 12
229 220 9 1 6 3 10 13 11 7 8 9 4 5 0 2 14 12
230 221 9 1 6 3 10 13 11 7 8 9 4 5 2 0 14 12
227 218 9 1 6 3 10 12 11 7 8 9 4 0 5 2 14 13
227 219 8 1 6 3 10 12 0 7 8 9 4 11 5 2 14 13
229 220 9 1 6 3 10 12 7 0 8 9 4 11 5 2 14 13
230 221 9 1 6 3 10 12 7 5 8 9 4 11 0 2 14 13
231 222 9 1 6 3 10 12 7 5 8 9 4 11 2 0 14 13
230 221 9 1 0 3 10 12 7 6 8 9 4 11 5 2 14 13
228 219 9 1 6 3 10 12 11 7 8 9 4 5 0 2 14 13
229 220 9 1 6 3 10 12 11 7 8 9 4 5 2 0 14 13
210 201 9 1 6 3 10 13 11 7 8 9 12 5 0 2 14 4
211 202 9 1 6 3 10 13 11 7 8 9 12 5 2 0 14 4
225 216 9 1 6 3 0 10 11 7 8 9 4 12 5 2 14 13
200 191 9 13 6 3 10 4 7 1 8 9 12 11 5 2 14 0
207 198 9 1 6 3 10 12 11 7 8 9 0 13 5 2 14 4
214 205 9 1 6 3 0 10 11 7 8 9 13 4 5 2 14 12
216 207 9 1 6 3 10 12 11 7 8 9 0 4 5 2 14 13
205 196 9 1 6 3 10 4 11 7 8 9 0 13 5 2 14 12
218 209 9 1 6 3 10 12 11 7 8 9 13 5 0 2 14 4
219 210 9 1 6 3 10 12 11 7 8 9 13 5 2 0 14 4
201 192 9 1 6 3 10 4 7 5 8 9 12 11 0 2 14 13
202 193 9 1 6 3 10 4 7 5 8 9 12 11 2 0 14 13
221 212 9 1 6 3 10 13 11 7 8 9 0 12 5 2 14 4
207 198 9 1 6 3 0 10 11 7 8 9 12 13 5 2 14 4
201 192 9 1 0 3 10 4 7 6 8 9 12 11 5 2 14 13
216 207 9 1 6 3 10 4 11 7 8 9 13 0 5 2 14 12
216 208 8 1 6 3 10 4 0 7 8 9 13 11 5 2 14 12
218 209 9 1 6 3 10 4 7 0 8 9 13 11 5 2 14 12
219 210 9 1 6 3 10 4 7 5 8 9 13 11 0 2 14 12
220 211 9 1 6 3 10 4 7 5 8 9 13 11 2 0 14 12
219 210 9 1 0 3 10 4 7 6 8 9 13 11 5 2 14 12
221 212 9 1 6 3 0 10 11 7 8 9 13 12 5 2 14 4
203 194 9 1 6 3 10 4 11 7 8 9 12 5 0 2 14 13
204 195 9 1 6 3 10 4 11 7 8 9 12 5 2 0 14 13
217 208 9 1 6 3 10 4 11 7 8 9 13 5 0 2 14 12
218 209 9 1 6 3 10 4 11 7 8 9 13 5 2 0 14 12
205 196 9 1 6 3 10 0 11 7 8 9 12 4 5 2 14 13
206 197 9 1 6 3 0 10 11 7 8 9 12 4 5 2 14 13
208 198 10 1 6 0 3 10 11 7 8 9 12 4 5 2 14 13
209 199 10 1 0 6 3 10 11 7 8 9 12 4 5 2 14 13
160 150 10 1 3 10 13 4 11 7 8 9 0 6 5 2 14 12
139 129 10 1 10 13 4 6 7 3 8 9 11 5 0 2 14 12
140 130 10 1 10 13 4 6 7 3 8 9 11 5 2 0 14 12
159 149 10 0 10 13 4 6 3 7 8 9 12 1 5 2 14 11
161 152 9 11 10 13 4 6 3 7 8 9 12 1 5 2 14 0
164 154 10 11 10 13 4 0 3 7 8 9 12 1 5 2 14 6
165 155 10 11 10 13 4 12 3 7 8 9 0 1 5 2 14 6
165 156 9 11 10 13 4 12 3 7 8 9 6 1 5 2 14 0
168 158 10 11 10 13 4 0 3 7 8 9 6 1 5 2 14 12
179 169 10 1 3 10 13 6 11 7 8 9 12 5 0 2 14 4
180 170 10 1 3 10 13 6 11 7 8 9 12 5 2 0 14 4
129 119 10 1 10 13 4 11 7 3 8 9 6 0 5 2 14 12
130 120 10 1 10 13 4 11 7 3 8 9 6 5 0 2 14 12
131 121 10 1 10 13 4 11 7 3 8 9 6 5 2 0 14 12
126 116 10 1 10 13 4 12 7 3 8 9 6 0 5 2 14 11
127 117 10 1 10 13 4 12 7 3 8 9 6 5 0 2 14 11
128 118 10 1 10 13 4 12 7 3 8 9 6 5 2 0 14 11
135 125 10 1 3 10 13 0 11 7 8 9 6 4 5 2 14 12
136 126 10 1 3 10 0 13 11 7 8 9 6 4 5 2 14 12
137 127 10 1 3 0 10 13 11 7 8 9 6 4 5 2 14 12
137 128 9 1 0 3 10 13 11 7 8 9 6 4 5 2 14 12
139 129 10 0 1 3 10 13 11 7 8 9 6 4 5 2 14 12
141 132 9 12 1 3 10 13 11 7 8 9 6 4 5 2 14 0
144 134 10 12 1 3 10 0 11 7 8 9 6 4 5 2 14 13
147 137 10 12 1 3 10 4 11 7 8 9 6 0 5 2 14 13
148 139 9 12 1 3 10 4 11 7 8 9 6 13 5 2 14 0
147 138 9 12 1 3 10 4 0 7 8 9 6 11 5 2 14 13
149 139 10 12 1 3 10 4 7 0 8 9 6 11 5 2 14 13
150 140 10 12 1 3 10 4 7 5 8 9 6 11 0 2 14 13
151 141 10 12 1 3 10 4 7 5 8 9 6 11 2 0 14 13
154 144 10 1 3 10 13 12 7 5 8 9 4 11 0 2 14 6
155 145 10 1 3 10 13 12 7 5 8 9 4 11 2 0 14 6
142 132 10 1 3 10 13 12 11 7 8 9 0 4 5 2 14 6
135 125 10 1 3 10 13 4 11 7 8 9 0 12 5 2 14 6
172 162 10 1 10 13 4 12 3 0 8 9 6 7 5 2 14 11
173 163 10 1 10 13 4 12 3 5 8 9 6 7 0 2 14 11
174 164 10 1 10 13 4 12 3 5 8 9 6 7 2 0 14 11
182 172 10 12 10 13 4 6 3 7 8 9 1 11 5 2 0 14
183 173 10 12 10 13 4 6 3 7 8 9 1 11 5 0 2 14
184 174 10 12 10 13 4 6 3 7 8 9 1 11 0 5 2 14
142 132 10 1 10 13 4 6 7 5 8 9 11 3 0 2 14 12
143 133 10 1 10 13 4 6 7 5 8 9 11 3 2 0 14 12
115 105 10 1 10 13 4 0 7 3 8 6 9 11 5 2 14 12
187 177 10 11 1 3 10 13 0 7 8 9 12 4 5 2 14 6
188 178 10 11 1 3 10 13 4 7 8 9 12 0 5 2 14 6
189 180 9 0 1 3 10 13 4 7 8 9 12 11 5 2 14 6
191 183 8 6 1 3 10 13 4 7 8 9 12 11 5 2 14 0
189 181 8 1 0 3 10 13 4 7 8 9 12 11 5 2 14 6
191 182 9 1 3 0 10 13 4 7 8 9 12 11 5 2 14 6
192 183 9 1 3 10 0 13 4 7 8 9 12 11 5 2 14 6
193 184 9 1 3 10 13 0 4 7 8 9 12 11 5 2 14 6
194 186 8 1 3 10 13 6 4 7 8 9 12 11 5 2 14 0
196 187 9 1 3 10 13 6 4 7 8 9 0 11 5 2 14 12
197 188 9 1 3 10 13 0 4 7 8 9 6 11 5 2 14 12
198 190 8 1 3 10 13 12 4 7 8 9 6 11 5 2 14 0
198 189 9 1 3 10 0 13 4 7 8 9 6 11 5 2 14 12
199 190 9 1 3 0 10 13 4 7 8 9 6 11 5 2 14 12
199 191 8 1 0 3 10 13 4 7 8 9 6 11 5 2 14 12
201 192 9 0 1 3 10 13 4 7 8 9 6 11 5 2 14 12
203 195 8 12 1 3 10 13 4 7 8 9 6 11 5 2 14 0
206 197 9 12 1 3 10 0 4 7 8 9 6 11 5 2 14 13
208 199 9 0 1 3 10 12 4 7 8 9 6 11 5 2 14 13
210 202 8 13 1 3 10 12 4 7 8 9 6 11 5 2 14 0
208 200 8 1 0 3 10 12 4 7 8 9 6 11 5 2 14 13
210 201 9 1 3 0 10 12 4 7 8 9 6 11 5 2 14 13
211 202 9 1 3 10 0 12 4 7 8 9 6 11 5 2 14 13
212 203 9 1 3 10 12 0 4 7 8 9 6 11 5 2 14 13
213 205 8 1 3 10 12 13 4 7 8 9 6 11 5 2 14 0
215 206 9 1 3 10 12 13 4 7 8 9 0 11 5 2 14 6
216 207 9 1 3 10 12 0 4 7 8 9 13 11 5 2 14 6
217 209 8 1 3 10 12 6 4 7 8 9 13 11 5 2 14 0
217 208 9 1 3 10 0 12 4 7 8 9 13 11 5 2 14 6
218 209 9 1 3 0 10 12 4 7 8 9 13 11 5 2 14 6
218 210 8 1 0 3 10 12 4 7 8 9 13 11 5 2 14 6
220 211 9 0 1 3 10 12 4 7 8 9 13 11 5 2 14 6
222 214 8 6 1 3 10 12 4 7 8 9 13 11 5 2 14 0
225 216 9 6 1 3 10 0 4 7 8 9 13 11 5 2 14 12
227 218 9 0 1 3 10 6 4 7 8 9 13 11 5 2 14 12
229 221 8 12 1 3 10 6 4 7 8 9 13 11 5 2 14 0
227 219 8 1 0 3 10 6 4 7 8 9 13 11 5 2 14 12
229 220 9 1 3 0 10 6 4 7 8 9 13 11 5 2 14 12
230 221 9 1 3 10 0 6 4 7 8 9 13 11 5 2 14 12
231 222 9 1 3 10 6 0 4 7 8 9 13 11 5 2 14 12
232 224 8 1 3 10 6 12 4 7 8 9 13 11 5 2 14 0
234 225 9 1 3 10 6 12 4 7 8 9 0 11 5 2 14 13
235 226 9 1 3 10 6 0 4 7 8 9 12 11 5 2 14 13
236 228 8 1 3 10 6 13 4 7 8 9 12 11 5 2 14 0
236 227 9 1 3 10 0 6 4 7 8 9 12 11 5 2 14 13
237 228 9 1 3 0 10 6 4 7 8 9 12 11 5 2 14 13
237 229 8 1 0 3 10 6 4 7 8 9 12 11 5 2 14 13
239 230 9 0 1 3 10 6 4 7 8 9 12 11 5 2 14 13
241 233 8 13 1 3 10 6 4 7 8 9 12 11 5 2 14 0
243 234 9 13 1 3 10 6 4 7 8 9 0 11 5 2 14 12
240 231 9 4 1 3 10 6 0 7 8 9 12 11 5 2 14 13
239 230 9 1 7 3 10 6 4 0 8 9 12 11 5 2 14 13
240 231 9 1 7 3 10 6 0 4 8 9 12 11 5 2 14 13
240 231 9 1 7 3 10 6 4 5 8 9 12 11 0 2 14 13
241 232 9 1 7 3 10 6 4 5 8 9 12 11 2 0 14 13
194 185 9 1 3 10 13 12 4 7 8 9 0 11 5 2 14 6
207 198 9 12 1 3 10 6 4 7 8 9 0 11 5 2 14 13
221 212 9 4 1 3 10 12 0 7 8 9 13 11 5 2 14 6
220 211 9 1 7 3 10 12 4 0 8 9 13 11 5 2 14 6
221 212 9 1 7 3 10 12 0 4 8 9 13 11 5 2 14 6
221 212 9 1 7 3 10 12 4 5 8 9 13 11 0 2 14 6
222 213 9 1 7 3 10 12 4 5 8 9 13 11 2 0 14 6
201 192 9 1 7 3 10 13 4 0 8 9 6 11 5 2 14 12
202 193 9 1 7 3 10 13 0 4 8 9 6 11 5 2 14 12
202 193 9 1 7 3 10 13 4 5 8 9 6 11 0 2 14 12
203 194 9 1 7 3 10 13 4 5 8 9 6 11 2 0 14 12
205 196 9 12 1 3 10 13 4 7 8 9 0 11 5 2 14 6
191 182 9 1 7 3 10 13 4 0 8 9 12 11 5 2 14 6
192 183 9 1 7 3 10 13 0 4 8 9 12 11 5 2 14 6
192 183 9 1 7 3 10 13 4 5 8 9 12 11 0 2 14 6
193 184 9 1 7 3 10 13 4 5 8 9 12 11 2 0 14 6
191 182 9 13 1 3 10 0 4 7 8 9 12 11 5 2 14 6
192 183 9 13 1 3 0 10 4 7 8 9 12 11 5 2 14 6
226 217 9 6 1 3 0 10 4 7 8 9 13 11 5 2 14 12
224 215 9 6 1 3 10 12 4 7 8 9 0 11 5 2 14 13
203 194 9 13 1 3 10 0 4 7 8 9 6 11 5 2 14 12
204 195 9 13 1 3 0 10 4 7 8 9 6 11 5 2 14 12
210 201 9 1 7 3 10 12 4 0 8 9 6 11 5 2 14 13
211 202 9 1 7 3 10 12 0 4 8 9 6 11 5 2 14 13
211 202 9 1 7 3 10 12 4 5 8 9 6 11 0 2 14 13
212 203 9 1 7 3 10 12 4 5 8 9 6 11 2 0 14 13
228 219 9 4 1 3 10 6 0 7 8 9 13 11 5 2 14 12
194 185 9 6 1 3 10 0 4 7 8 9 12 11 5 2 14 13
195 186 9 6 1 3 0 10 4 7 8 9 12 11 5 2 14 13
202 193 9 4 1 3 10 13 0 7 8 9 6 11 5 2 14 12
190 181 9 4 1 3 10 13 0 7 8 9 12 11 5 2 14 6
189 180 9 11 1 3 10 13 4 7 8 9 12 6 5 2 14 0
207 198 9 12 1 3 0 10 4 7 8 9 6 11 5 2 14 13
209 200 9 4 1 3 10 12 0 7 8 9 6 11 5 2 14 13
229 220 9 1 7 3 10 6 4 0 8 9 13 11 5 2 14 12
230 221 9 1 7 3 10 6 0 4 8 9 13 11 5 2 14 12
230 221 9 1 7 3 10 6 4 5 8 9 13 11 0 2 14 12
231 222 9 1 7 3 10 6 4 5 8 9 13 11 2 0 14 12
232 223 9 1 3 10 6 13 4 7 8 9 0 11 5 2 14 12
206 197 9 12 1 3 10 0 4 7 8 9 13 11 5 2 14 6
207 198 9 12 1 3 0 10 4 7 8 9 13 11 5 2 14 6
193 184 9 6 1 3 10 13 4 7 8 9 0 11 5 2 14 12
213 204 9 1 3 10 12 6 4 7 8 9 0 11 5 2 14 13
192 183 9 13 1 3 10 12 4 7 8 9 0 11 5 2 14 6
194 184 10 13 1 3 10 12 4 7 8 0 9 11 5 2 14 6
195 185 10 13 1 3 0 12 4 7 8 10 9 11 5 2 14 6
196 186 10 13 1 3 12 0 4 7 8 10 9 11 5 2 14 6
197 188 9 13 1 3 12 6 4 7 8 10 9 11 5 2 14 0
201 191 10 13 1 3 12 6 4 7 8 0 9 11 5 2 14 10
201 192 9 13 1 3 12 6 4 7 8 9 0 11 5 2 14 10
200 193 7 13 1 3 12 6 4 7 8 9 10 11 5 2 14 0
204 196 8 0 1 3 12 6 4 7 8 9 10 11 5 2 14 13
204 197 7 1 0 3 12 6 4 7 8 9 10 11 5 2 14 13
206 198 8 1 3 0 12 6 4 7 8 9 10 11 5 2 14 13
207 199 8 1 3 12 0 6 4 7 8 9 10 11 5 2 14 13
208 200 8 1 3 12 6 0 4 7 8 9 10 11 5 2 14 13
209 202 7 1 3 12 6 13 4 7 8 9 10 11 5 2 14 0
206 198 8 1 7 3 12 6 4 0 8 9 10 11 5 2 14 13
207 199 8 1 7 3 12 6 0 4 8 9 10 11 5 2 14 13
207 199 8 1 7 3 12 6 4 5 8 9 10 11 0 2 14 13
208 200 8 1 7 3 12 6 4 5 8 9 10 11 2 0 14 13
206 198 8 6 1 3 12 0 4 7 8 9 10 11 5 2 14 13
207 200 7 6 1 3 12 13 4 7 8 9 10 11 5 2 14 0
211 203 8 0 1 3 12 13 4 7 8 9 10 11 5 2 14 6
211 204 7 1 0 3 12 13 4 7 8 9 10 11 5 2 14 6
213 205 8 1 3 0 12 13 4 7 8 9 10 11 5 2 14 6
214 206 8 1 3 12 0 13 4 7 8 9 10 11 5 2 14 6
215 207 8 1 3 12 13 0 4 7 8 9 10 11 5 2 14 6
216 209 7 1 3 12 13 6 4 7 8 9 10 11 5 2 14 0
213 205 8 1 7 3 12 13 4 0 8 9 10 11 5 2 14 6
214 206 8 1 7 3 12 13 0 4 8 9 10 11 5 2 14 6
214 206 8 1 7 3 12 13 4 5 8 9 10 11 0 2 14 6
215 207 8 1 7 3 12 13 4 5 8 9 10 11 2 0 14 6
212 204 8 4 1 3 12 13 0 7 8 9 10 11 5 2 14 6
207 199 8 6 1 3 0 12 4 7 8 9 10 11 5 2 14 13
205 197 8 4 1 3 12 6 0 7 8 9 10 11 5 2 14 13
203 195 8 13 1 3 12 0 4 7 8 9 10 11 5 2 14 6
204 196 8 13 1 3 0 12 4 7 8 9 10 11 5 2 14 6
206 197 9 13 1 0 3 12 4 7 8 9 10 11 5 2 14 6
207 198 9 13 0 1 3 12 4 7 8 9 10 11 5 2 14 6
208 199 9 0 13 1 3 12 4 7 8 9 10 11 5 2 14 6
210 202 8 6 13 1 3 12 4 7 8 9 10 11 5 2 14 0
213 204 9 6 13 1 3 0 4 7 8 9 10 11 5 2 14 12
215 206 9 0 13 1 3 6 4 7 8 9 10 11 5 2 14 12
217 209 8 12 13 1 3 6 4 7 8 9 10 11 5 2 14 0
216 207 9 13 0 1 3 6 4 7 8 9 10 11 5 2 14 12
217 208 9 13 1 0 3 6 4 7 8 9 10 11 5 2 14 12
217 209 8 13 1 3 0 6 4 7 8 9 10 11 5 2 14 12
218 210 8 13 1 3 6 0 4 7 8 9 10 11 5 2 14 12
219 212 7 13 1 3 6 12 4 7 8 9 10 11 5 2 14 0
223 215 8 0 1 3 6 12 4 7 8 9 10 11 5 2 14 13
223 216 7 1 0 3 6 12 4 7 8 9 10 11 5 2 14 13
225 217 8 1 3 0 6 12 4 7 8 9 10 11 5 2 14 13
226 218 8 1 3 6 0 12 4 7 8 9 10 11 5 2 14 13
227 219 8 1 3 6 12 0 4 7 8 9 10 11 5 2 14 13
228 221 7 1 3 6 12 13 4 7 8 9 10 11 5 2 14 0
225 217 8 1 7 3 6 12 4 0 8 9 10 11 5 2 14 13
226 218 8 1 7 3 6 12 0 4 8 9 10 11 5 2 14 13
226 218 8 1 7 3 6 12 4 5 8 9 10 11 0 2 14 13
227 219 8 1 7 3 6 12 4 5 8 9 10 11 2 0 14 13
225 217 8 12 1 3 6 0 4 7 8 9 10 11 5 2 14 13
226 219 7 12 1 3 6 13 4 7 8 9 10 11 5 2 14 0
226 218 8 12 1 3 0 6 4 7 8 9 10 11 5 2 14 13
224 216 8 4 1 3 6 12 0 7 8 9 10 11 5 2 14 13
220 212 8 0 1 3 6 13 4 7 8 9 10 11 5 2 14 12
220 213 7 1 0 3 6 13 4 7 8 9 10 11 5 2 14 12
222 214 8 1 3 0 6 13 4 7 8 9 10 11 5 2 14 12
223 215 8 1 3 6 0 13 4 7 8 9 10 11 5 2 14 12
224 216 8 1 3 6 13 0 4 7 8 9 10 11 5 2 14 12
225 218 7 1 3 6 13 12 4 7 8 9 10 11 5 2 14 0
222 214 8 1 7 3 6 13 4 0 8 9 10 11 5 2 14 12
223 215 8 1 7 3 6 13 0 4 8 9 10 11 5 2 14 12
223 215 8 1 7 3 6 13 4 5 8 9 10 11 0 2 14 12
224 216 8 1 7 3 6 13 4 5 8 9 10 11 2 0 14 12
221 213 8 4 1 3 6 13 0 7 8 9 10 11 5 2 14 12
223 214 9 4 1 3 6 13 7 0 8 9 10 11 5 2 14 12
224 215 9 4 1 3 6 13 7 5 8 9 10 11 0 2 14 12
225 216 9 4 1 3 6 13 7 5 8 9 10 11 2 0 14 12
224 215 9 4 0 3 6 13 7 1 8 9 10 11 5 2 14 12
225 216 9 0 4 3 6 13 7 1 8 9 10 11 5 2 14 12
227 219 8 1 4 3 6 13 7 0 8 9 10 11 5 2 14 12
227 220 7 1 4 3 6 13 0 7 8 9 10 11 5 2 14 12
229 221 8 1 4 3 6 13 11 7 8 9 10 0 5 2 14 12
230 223 7 1 4 3 6 13 11 7 8 9 10 12 5 2 14 0
233 225 8 1 4 3 6 0 11 7 8 9 10 12 5 2 14 13
236 228 8 1 4 3 6 12 11 7 8 9 10 0 5 2 14 13
237 230 7 1 4 3 6 12 11 7 8 9 10 13 5 2 14 0
236 229 7 1 4 3 6 12 0 7 8 9 10 11 5 2 14 13
238 230 8 1 4 3 6 12 7 0 8 9 10 11 5 2 14 13
239 231 8 1 4 3 6 12 7 5 8 9 10 11 0 2 14 13
240 232 8 1 4 3 6 12 7 5 8 9 10 11 2 0 14 13
239 231 8 1 0 3 6 12 7 4 8 9 10 11 5 2 14 13
237 229 8 1 4 3 6 12 11 7 8 9 10 5 0 2 14 13
238 230 8 1 4 3 6 12 11 7 8 9 10 5 2 0 14 13
234 226 8 1 4 3 0 6 11 7 8 9 10 12 5 2 14 13
232 224 8 1 4 3 6 0 11 7 8 9 10 13 5 2 14 12
233 225 8 1 4 3 0 6 11 7 8 9 10 13 5 2 14 12
230 222 8 1 4 3 6 13 11 7 8 9 10 5 0 2 14 12
231 223 8 1 4 3 6 13 11 7 8 9 10 5 2 0 14 12
228 220 8 1 4 3 6 13 7 5 8 9 10 11 0 2 14 12
229 221 8 1 4 3 6 13 7 5 8 9 10 11 2 0 14 12
227 219 8 12 4 3 6 13 7 1 8 9 10 11 5 2 14 0
228 220 8 1 0 3 6 13 7 4 8 9 10 11 5 2 14 12
230 221 9 1 3 0 6 13 7 4 8 9 10 11 5 2 14 12
231 222 9 1 3 6 0 13 7 4 8 9 10 11 5 2 14 12
232 223 9 1 3 6 13 0 7 4 8 9 10 11 5 2 14 12
233 225 8 1 3 6 13 12 7 4 8 9 10 11 5 2 14 0
210 201 9 6 1 3 12 13 4 7 8 9 0 11 5 2 14 10
211 202 9 6 1 3 12 0 4 7 8 9 13 11 5 2 14 10
212 204 8 6 1 3 12 10 4 7 8 9 13 11 5 2 14 0
216 207 9 0 1 3 12 10 4 7 8 9 13 11 5 2 14 6
216 208 8 1 0 3 12 10 4 7 8 9 13 11 5 2 14 6
218 209 9 1 3 0 12 10 4 7 8 9 13 11 5 2 14 6
219 210 9 1 3 12 0 10 4 7 8 9 13 11 5 2 14 6
220 211 9 1 3 12 10 0 4 7 8 9 13 11 5 2 14 6
221 213 8 1 3 12 10 6 4 7 8 9 13 11 5 2 14 0
223 214 9 1 3 12 10 6 4 7 8 9 0 11 5 2 14 13
224 215 9 1 3 12 10 0 4 7 8 9 6 11 5 2 14 13
225 217 8 1 3 12 10 13 4 7 8 9 6 11 5 2 14 0
225 216 9 1 3 12 0 10 4 7 8 9 6 11 5 2 14 13
226 217 9 1 3 0 12 10 4 7 8 9 6 11 5 2 14 13
226 218 8 1 0 3 12 10 4 7 8 9 6 11 5 2 14 13
228 219 9 0 1 3 12 10 4 7 8 9 6 11 5 2 14 13
230 222 8 13 1 3 12 10 4 7 8 9 6 11 5 2 14 0
230 221 9 10 1 3 12 0 4 7 8 9 6 11 5 2 14 13
231 223 8 10 1 3 12 13 4 7 8 9 6 11 5 2 14 0
235 226 9 0 1 3 12 13 4 7 8 9 6 11 5 2 14 10
235 227 8 1 0 3 12 13 4 7 8 9 6 11 5 2 14 10
237 228 9 1 3 0 12 13 4 7 8 9 6 11 5 2 14 10
238 229 9 1 3 12 0 13 4 7 8 9 6 11 5 2 14 10
239 230 9 1 3 12 13 0 4 7 8 9 6 11 5 2 14 10
240 232 8 1 3 12 13 10 4 7 8 9 6 11 5 2 14 0
237 228 9 1 7 3 12 13 4 0 8 9 6 11 5 2 14 10
238 229 9 1 7 3 12 13 0 4 8 9 6 11 5 2 14 10
238 229 9 1 7 3 12 13 4 5 8 9 6 11 0 2 14 10
239 230 9 1 7 3 12 13 4 5 8 9 6 11 2 0 14 10
212 203 9 1 3 12 6 13 4 7 8 9 10 11 5 2 0 14
213 204 9 1 3 12 6 13 4 7 8 9 10 11 5 0 2 14
214 205 9 1 3 12 6 13 4 7 8 9 10 11 0 5 2 14
209 200 9 6 1 3 9 12 4 7 8 0 10 11 5 2 14 13
216 207 9 4 13 1 3 6 0 7 8 9 10 11 5 2 14 12
209 200 9 1 7 3 12 6 11 4 8 9 10 0 5 2 14 13
210 202 8 1 7 3 12 6 11 4 8 9 10 13 5 2 14 0
213 204 9 1 7 3 12 0 11 4 8 9 10 13 5 2 14 6
214 205 9 1 7 3 0 12 11 4 8 9 10 13 5 2 14 6
212 203 9 1 7 3 12 6 11 0 8 9 10 4 5 2 14 13
212 204 8 1 0 3 12 6 11 7 8 9 10 4 5 2 14 13
214 205 9 1 3 0 12 6 11 7 8 9 10 4 5 2 14 13
215 206 9 1 3 12 0 6 11 7 8 9 10 4 5 2 14 13
216 207 9 1 3 12 6 0 11 7 8 9 10 4 5 2 14 13
217 209 8 1 3 12 6 13 11 7 8 9 10 4 5 2 14 0
220 211 9 1 3 12 6 13 11 7 8 9 10 0 5 2 14 4
220 212 8 1 3 12 6 13 0 7 8 9 10 11 5 2 14 4
222 213 9 1 3 12 6 13 7 0 8 9 10 11 5 2 14 4
223 214 9 1 3 12 6 13 7 5 8 9 10 11 0 2 14 4
224 215 9 1 3 12 6 13 7 5 8 9 10 11 2 0 14 4
223 214 9 1 0 12 6 13 7 3 8 9 10 11 5 2 14 4
224 215 9 1 12 0 6 13 7 3 8 9 10 11 5 2 14 4
225 216 9 1 12 6 0 13 7 3 8 9 10 11 5 2 14 4
226 217 9 1 12 6 13 0 7 3 8 9 10 11 5 2 14 4
227 219 8 1 12 6 13 4 7 3 8 9 10 11 5 2 14 0
226 217 9 11 1 3 6 12 4 7 8 9 10 0 5 2 14 13
227 219 8 11 1 3 6 12 4 7 8 9 10 13 5 2 14 0
231 222 9 0 1 3 6 12 4 7 8 9 10 13 5 2 14 11
231 223 8 1 0 3 6 12 4 7 8 9 10 13 5 2 14 11
233 224 9 1 3 0 6 12 4 7 8 9 10 13 5 2 14 11
234 225 9 1 3 6 0 12 4 7 8 9 10 13 5 2 14 11
235 226 9 1 3 6 12 0 4 7 8 9 10 13 5 2 14 11
236 228 8 1 3 6 12 11 4 7 8 9 10 13 5 2 14 0
227 218 9 11 1 3 6 12 0 7 8 9 10 4 5 2 14 13
231 222 9 1 3 6 12 13 4 7 8 9 10 11 5 2 0 14
232 223 9 1 3 6 12 13 4 7 8 9 10 11 5 0 2 14
233 224 9 1 3 6 12 13 4 7 8 9 10 11 0 5 2 14
231 222 9 1 3 6 12 13 4 7 8 9 0 11 5 2 14 10
232 223 9 1 3 6 12 0 4 7 8 9 13 11 5 2 14 10
233 225 8 1 3 6 12 10 4 7 8 9 13 11 5 2 14 0
233 224 9 1 3 6 0 12 4 7 8 9 13 11 5 2 14 10
234 225 9 1 3 0 6 12 4 7 8 9 13 11 5 2 14 10
234 226 8 1 0 3 6 12 4 7 8 9 13 11 5 2 14 10
236 227 9 0 1 3 6 12 4 7 8 9 13 11 5 2 14 10
238 230 8 10 1 3 6 12 4 7 8 9 13 11 5 2 14 0
241 232 9 10 1 3 6 0 4 7 8 9 13 11 5 2 14 12
243 234 9 0 1 3 6 10 4 7 8 9 13 11 5 2 14 12
245 237 8 12 1 3 6 10 4 7 8 9 13 11 5 2 14 0
243 235 8 1 0 3 6 10 4 7 8 9 13 11 5 2 14 12
245 236 9 1 3 0 6 10 4 7 8 9 13 11 5 2 14 12
246 237 9 1 3 6 0 10 4 7 8 9 13 11 5 2 14 12
247 238 9 1 3 6 10 0 4 7 8 9 13 11 5 2 14 12
248 240 8 1 3 6 10 12 4 7 8 9 13 11 5 2 14 0
250 241 9 1 3 6 10 12 4 7 8 9 0 11 5 2 14 13
251 242 9 1 3 6 10 0 4 7 8 9 12 11 5 2 14 13
252 244 8 1 3 6 10 13 4 7 8 9 12 11 5 2 14 0
252 243 9 1 3 6 0 10 4 7 8 9 12 11 5 2 14 13
253 244 9 1 3 0 6 10 4 7 8 9 12 11 5 2 14 13
253 245 8 1 0 3 6 10 4 7 8 9 12 11 5 2 14 13
255 246 9 0 1 3 6 10 4 7 8 9 12 11 5 2 14 13
257 249 8 13 1 3 6 10 4 7 8 9 12 11 5 2 14 0
260 251 9 13 1 3 6 0 4 7 8 9 12 11 5 2 14 10
262 253 9 0 1 3 6 13 4 7 8 9 12 11 5 2 14 10
264 256 8 10 1 3 6 13 4 7 8 9 12 11 5 2 14 0
262 254 8 1 0 3 6 13 4 7 8 9 12 11 5 2 14 10
264 255 9 1 3 0 6 13 4 7 8 9 12 11 5 2 14 10
265 256 9 1 3 6 0 13 4 7 8 9 12 11 5 2 14 10
266 257 9 1 3 6 13 0 4 7 8 9 12 11 5 2 14 10
267 259 8 1 3 6 13 10 4 7 8 9 12 11 5 2 14 0
227 218 9 0 3 6 13 1 4 7 8 9 10 11 5 2 14 12
229 221 8 12 3 6 13 1 4 7 8 9 10 11 5 2 14 0
232 223 9 12 3 6 13 0 4 7 8 9 10 11 5 2 14 1
233 224 9 12 3 6 0 13 4 7 8 9 10 11 5 2 14 1
234 225 9 12 3 0 6 13 4 7 8 9 10 11 5 2 14 1
234 226 8 12 0 3 6 13 4 7 8 9 10 11 5 2 14 1
235 227 8 0 12 3 6 13 4 7 8 9 10 11 5 2 14 1
236 230 6 1 12 3 6 13 4 7 8 9 10 11 5 2 14 0
239 232 7 1 12 3 6 0 4 7 8 9 10 11 5 2 14 13
240 233 7 1 12 3 0 6 4 7 8 9 10 11 5 2 14 13
242 234 8 1 12 0 3 6 4 7 8 9 10 11 5 2 14 13
243 235 8 1 0 12 3 6 4 7 8 9 10 11 5 2 14 13
242 234 8 1 12 3 9 6 4 7 8 0 10 11 5 2 14 13
243 235 8 1 12 3 6 9 4 7 8 0 10 11 5 2 14 13
244 236 8 1 12 3 0 9 4 7 8 6 10 11 5 2 14 13
245 237 8 1 12 3 9 0 4 7 8 6 10 11 5 2 14 13
246 239 7 1 12 3 9 13 4 7 8 6 10 11 5 2 14 0
250 242 8 1 12 3 9 13 4 7 8 0 10 11 5 2 14 6
250 243 7 1 12 3 0 13 4 7 8 9 10 11 5 2 14 6
251 244 7 1 12 3 13 0 4 7 8 9 10 11 5 2 14 6
252 246 6 1 12 3 13 6 4 7 8 9 10 11 5 2 14 0
257 249 8 1 12 3 13 6 4 7 8 0 10 11 5 2 14 9
258 250 8 1 12 3 0 6 4 7 8 13 10 11 5 2 14 9
259 251 8 1 12 3 6 0 4 7 8 13 10 11 5 2 14 9
260 253 7 1 12 3 6 9 4 7 8 13 10 11 5 2 14 0
257 249 8 0 12 3 13 6 4 7 8 9 10 11 5 2 14 1
259 251 8 6 12 3 13 0 4 7 8 9 10 11 5 2 14 1
260 253 7 6 12 3 13 1 4 7 8 9 10 11 5 2 14 0
260 252 8 6 12 3 0 13 4 7 8 9 10 11 5 2 14 1
258 250 8 12 0 3 13 6 4 7 8 9 10 11 5 2 14 1
258 250 8 4 12 3 13 6 0 7 8 9 10 11 5 2 14 1
256 248 8 1 12 3 13 6 4 7 8 9 10 0 5 2 14 11
259 251 8 1 12 3 13 0 4 7 8 9 10 6 5 2 14 11
260 253 7 1 12 3 13 11 4 7 8 9 10 6 5 2 14 0
260 252 8 1 12 3 0 13 4 7 8 9 10 6 5 2 14 11
257 249 8 1 12 3 13 6 4 7 8 9 10 5 0 2 14 11
258 250 8 1 12 3 13 6 4 7 8 9 10 5 2 0 14 11
242 234 8 0 12 3 6 1 4 7 8 9 10 11 5 2 14 13
244 237 7 13 12 3 6 1 4 7 8 9 10 11 5 2 14 0
254 246 8 0 12 3 13 1 4 7 8 9 10 11 5 2 14 6
255 247 8 12 0 3 13 1 4 7 8 9 10 11 5 2 14 6
237 229 8 13 12 3 6 0 4 7 8 9 10 11 5 2 14 1
238 230 8 13 12 3 0 6 4 7 8 9 10 11 5 2 14 1
255 247 8 1 12 3 13 11 4 7 8 9 10 0 5 2 14 6
256 248 8 1 12 3 13 11 4 7 8 9 10 5 0 2 14 6
257 249 8 1 12 3 13 11 4 7 8 9 10 5 2 0 14 6
241 233 8 1 12 3 6 13 4 7 8 0 10 11 5 2 14 9
242 234 8 1 12 3 0 13 4 7 8 6 10 11 5 2 14 9
243 235 8 1 12 3 13 0 4 7 8 6 10 11 5 2 14 9
244 237 7 1 12 3 13 9 4 7 8 6 10 11 5 2 14 0
255 247 8 1 12 3 13 6 4 7 8 9 10 11 5 2 0 14
256 248 8 1 12 3 13 6 4 7 8 9 10 11 5 0 2 14
257 249 8 1 12 3 13 6 4 7 8 9 10 11 0 5 2 14
252 244 8 1 12 0 3 13 4 7 8 9 10 11 5 2 14 6
253 245 8 1 0 12 3 13 4 7 8 9 10 11 5 2 14 6
240 232 8 1 12 3 6 13 4 7 8 9 10 0 5 2 14 11
243 235 8 1 12 3 6 0 4 7 8 9 10 13 5 2 14 11
244 237 7 1 12 3 6 11 4 7 8 9 10 13 5 2 14 0
244 236 8 1 12 3 0 6 4 7 8 9 10 13 5 2 14 11
241 233 8 1 12 3 6 13 4 7 8 9 10 5 0 2 14 11
242 234 8 1 12 3 6 13 4 7 8 9 10 5 2 0 14 11
241 233 8 1 12 3 6 13 0 7 8 9 10 4 5 2 14 11
239 231 8 1 12 3 6 13 4 7 8 9 10 11 5 2 0 14
240 232 8 1 12 3 6 13 4 7 8 9 10 11 5 0 2 14
241 233 8 1 12 3 6 13 4 7 8 9 10 11 0 5 2 14
243 235 8 12 0 3 6 1 4 7 8 9 10 11 5 2 14 13
243 235 8 4 12 3 6 1 0 7 8 9 10 11 5 2 14 13
255 247 8 4 12 3 13 1 0 7 8 9 10 11 5 2 14 6
241 233 8 1 12 3 6 10 4 7 8 9 0 11 5 2 14 13
241 234 7 1 12 3 6 10 4 7 8 9 13 11 5 2 14 0
244 236 8 1 12 3 6 0 4 7 8 9 13 11 5 2 14 10
245 237 8 1 12 3 0 6 4 7 8 9 13 11 5 2 14 10
253 245 8 1 12 3 13 10 4 7 8 9 0 11 5 2 14 6
253 246 7 1 12 3 13 10 4 7 8 9 6 11 5 2 14 0
256 248 8 1 12 3 13 0 4 7 8 9 6 11 5 2 14 10
257 249 8 1 12 3 0 13 4 7 8 9 6 11 5 2 14 10
255 247 8 1 12 3 13 6 4 7 8 9 0 11 5 2 14 10
256 248 8 1 12 3 13 11 0 7 8 9 10 4 5 2 14 6
248 240 8 1 12 3 13 9 4 7 8 0 10 11 5 2 14 6
249 241 8 1 12 3 0 9 4 7 8 13 10 11 5 2 14 6
250 242 8 1 12 3 9 0 4 7 8 13 10 11 5 2 14 6
251 244 7 1 12 3 9 6 4 7 8 13 10 11 5 2 14 0
239 231 8 1 12 3 6 13 4 7 8 9 0 11 5 2 14 10
243 235 8 1 12 3 6 11 4 7 8 9 10 0 5 2 14 13
244 236 8 1 12 3 6 11 4 7 8 9 10 5 0 2 14 13
245 237 8 1 12 3 6 11 4 7 8 9 10 5 2 0 14 13
244 236 8 1 12 3 6 11 0 7 8 9 10 4 5 2 14 13
236 228 8 4 12 3 6 13 0 7 8 9 10 11 5 2 14 1
257 249 8 1 12 3 13 6 0 7 8 9 10 4 5 2 14 11
259 250 9 1 12 3 13 6 7 0 8 9 10 4 5 2 14 11
260 251 9 1 12 3 13 6 7 5 8 9 10 4 0 2 14 11
261 252 9 1 12 3 13 6 7 5 8 9 10 4 2 0 14 11
226 217 9 1 7 3 6 13 4 5 0 9 10 11 2 8 14 12
227 218 9 1 7 3 6 13 4 0 5 9 10 11 2 8 14 12
227 219 8 1 0 3 6 13 4 7 5 9 10 11 2 8 14 12
229 220 9 1 3 0 6 13 4 7 5 9 10 11 2 8 14 12
230 221 9 1 3 6 0 13 4 7 5 9 10 11 2 8 14 12
231 222 9 1 3 6 13 0 4 7 5 9 10 11 2 8 14 12
232 224 8 1 3 6 13 12 4 7 5 9 10 11 2 8 14 0
226 217 9 1 7 3 6 13 4 5 8 9 10 11 2 14 0 12
226 218 8 1 7 3 6 13 4 5 8 9 10 11 2 14 12 0
229 220 9 1 7 3 6 0 4 5 8 9 10 11 2 14 12 13
230 221 9 1 7 3 0 6 4 5 8 9 10 11 2 14 12 13
223 214 9 4 1 3 6 13 11 7 8 9 10 0 5 2 14 12
224 216 8 4 1 3 6 13 11 7 8 9 10 12 5 2 14 0
228 219 9 0 1 3 6 13 11 7 8 9 10 12 5 2 14 4
228 220 8 1 0 3 6 13 11 7 8 9 10 12 5 2 14 4
230 221 9 1 3 0 6 13 11 7 8 9 10 12 5 2 14 4
231 222 9 1 3 6 0 13 11 7 8 9 10 12 5 2 14 4
232 223 9 1 3 6 13 0 11 7 8 9 10 12 5 2 14 4
233 225 8 1 3 6 13 4 11 7 8 9 10 12 5 2 14 0
236 227 9 1 3 6 13 4 11 7 8 9 10 0 5 2 14 12
236 228 8 1 3 6 13 4 0 7 8 9 10 11 5 2 14 12
238 229 9 1 3 6 13 4 7 0 8 9 10 11 5 2 14 12
239 230 9 1 3 6 13 4 7 5 8 9 10 11 0 2 14 12
240 231 9 1 3 6 13 4 7 5 8 9 10 11 2 0 14 12
240 231 9 1 4 3 6 12 11 7 8 9 0 13 5 2 14 10
241 232 9 1 4 3 6 0 11 7 8 9 12 13 5 2 14 10
242 234 8 1 4 3 6 10 11 7 8 9 12 13 5 2 14 0
245 236 9 1 4 3 6 10 11 7 8 9 12 0 5 2 14 13
245 237 8 1 4 3 6 10 0 7 8 9 12 11 5 2 14 13
247 238 9 1 4 3 6 10 7 0 8 9 12 11 5 2 14 13
248 239 9 1 4 3 6 10 7 5 8 9 12 11 0 2 14 13
249 240 9 1 4 3 6 10 7 5 8 9 12 11 2 0 14 13
242 233 9 1 4 3 6 12 7 5 8 9 10 11 2 14 0 13
242 234 8 1 4 3 6 12 7 5 8 9 10 11 2 14 13 0
245 236 9 1 4 3 6 0 7 5 8 9 10 11 2 14 13 12
246 237 9 1 4 3 0 6 7 5 8 9 10 11 2 14 13 12
242 233 9 0 4 3 6 12 11 7 8 9 10 13 5 2 14 1
244 235 9 13 4 3 6 12 11 7 8 9 10 0 5 2 14 1
245 237 8 13 4 3 6 12 11 7 8 9 10 1 5 2 14 0
244 236 8 13 4 3 6 12 0 7 8 9 10 11 5 2 14 1
246 237 9 13 4 3 6 12 7 0 8 9 10 11 5 2 14 1
247 238 9 13 4 3 6 12 7 5 8 9 10 11 0 2 14 1
248 239 9 13 4 3 6 12 7 5 8 9 10 11 2 0 14 1
235 226 9 0 4 3 6 13 11 7 8 9 10 12 5 2 14 1
237 228 9 12 4 3 6 13 11 7 8 9 10 0 5 2 14 1
238 230 8 12 4 3 6 13 11 7 8 9 10 1 5 2 14 0
237 229 8 12 4 3 6 13 0 7 8 9 10 11 5 2 14 1
239 230 9 12 4 3 6 13 7 0 8 9 10 11 5 2 14 1
240 231 9 12 4 3 6 13 7 5 8 9 10 11 0 2 14 1
241 232 9 12 4 3 6 13 7 5 8 9 10 11 2 0 14 1
235 226 9 1 4 3 9 6 11 7 8 0 10 13 5 2 14 12
209 200 9 6 1 0 3 12 4 7 8 9 10 11 5 2 14 13
210 201 9 6 0 1 3 12 4 7 8 9 10 11 5 2 14 13
211 202 9 0 6 1 3 12 4 7 8 9 10 11 5 2 14 13
213 205 8 13 6 1 3 12 4 7 8 9 10 11 5 2 14 0
216 207 9 13 6 1 3 0 4 7 8 9 10 11 5 2 14 12
218 209 9 0 6 1 3 13 4 7 8 9 10 11 5 2 14 12
220 212 8 12 6 1 3 13 4 7 8 9 10 11 5 2 14 0
214 205 9 11 1 3 12 13 4 7 8 9 10 0 5 2 14 6
215 207 8 11 1 3 12 13 4 7 8 9 10 6 5 2 14 0
219 210 9 0 1 3 12 13 4 7 8 9 10 6 5 2 14 11
219 211 8 1 0 3 12 13 4 7 8 9 10 6 5 2 14 11
221 212 9 1 3 0 12 13 4 7 8 9 10 6 5 2 14 11
222 213 9 1 3 12 0 13 4 7 8 9 10 6 5 2 14 11
223 214 9 1 3 12 13 0 4 7 8 9 10 6 5 2 14 11
224 216 8 1 3 12 13 11 4 7 8 9 10 6 5 2 14 0
219 210 9 1 3 12 13 9 4 7 8 0 10 11 5 2 14 6
220 211 9 1 3 12 0 9 4 7 8 13 10 11 5 2 14 6
221 212 9 1 3 12 9 0 4 7 8 13 10 11 5 2 14 6
222 214 8 1 3 12 9 6 4 7 8 13 10 11 5 2 14 0
216 207 9 1 7 3 12 13 11 4 8 9 10 0 5 2 14 6
217 209 8 1 7 3 12 13 11 4 8 9 10 6 5 2 14 0
215 206 9 1 7 3 12 13 4 8 0 9 10 11 5 2 14 6
216 207 9 1 7 3 12 13 4 8 2 9 10 11 5 0 14 6
217 208 9 1 7 3 12 13 4 8 2 9 10 11 0 5 14 6
218 209 9 1 7 3 12 13 4 0 2 9 10 11 8 5 14 6
218 210 8 1 0 3 12 13 4 7 2 9 10 11 8 5 14 6
220 211 9 1 3 0 12 13 4 7 2 9 10 11 8 5 14 6
221 212 9 1 3 12 0 13 4 7 2 9 10 11 8 5 14 6
222 213 9 1 3 12 13 0 4 7 2 9 10 11 8 5 14 6
223 215 8 1 3 12 13 6 4 7 2 9 10 11 8 5 14 0
214 205 9 4 1 3 12 13 7 0 8 9 10 11 5 2 14 6
215 206 9 4 1 3 12 13 7 5 8 9 10 11 0 2 14 6
216 207 9 4 1 3 12 13 7 5 8 9 10 11 2 0 14 6
207 198 9 4 1 3 12 6 7 0 8 9 10 11 5 2 14 13
208 199 9 4 1 3 12 6 7 5 8 9 10 11 0 2 14 13
209 200 9 4 1 3 12 6 7 5 8 9 10 11 2 0 14 13
228 219 9 1 7 3 12 10 4 0 8 9 6 11 5 2 14 13
229 220 9 1 7 3 12 10 0 4 8 9 6 11 5 2 14 13
222 213 9 13 1 3 6 12 4 7 8 9 0 11 5 2 14 10
210 201 9 1 7 3 12 6 11 4 8 9 10 5 0 2 14 13
211 202 9 1 7 3 12 6 11 4 8 9 10 5 2 0 14 13
233 224 9 10 1 3 12 13 4 7 8 9 0 11 5 2 14 6
231 222 9 10 1 3 0 12 4 7 8 9 6 11 5 2 14 13
207 198 9 13 1 3 12 11 4 7 8 9 10 0 5 2 14 6
208 200 8 13 1 3 12 11 4 7 8 9 10 6 5 2 14 0
212 203 9 0 1 3 12 11 4 7 8 9 10 6 5 2 14 13
212 204 8 1 0 3 12 11 4 7 8 9 10 6 5 2 14 13
214 205 9 1 3 0 12 11 4 7 8 9 10 6 5 2 14 13
215 206 9 1 3 12 0 11 4 7 8 9 10 6 5 2 14 13
216 207 9 1 3 12 11 0 4 7 8 9 10 6 5 2 14 13
217 209 8 1 3 12 11 13 4 7 8 9 10 6 5 2 14 0
220 211 9 1 3 12 11 13 4 7 8 9 10 0 5 2 14 6
223 214 9 1 3 12 11 0 4 7 8 9 10 13 5 2 14 6
224 216 8 1 3 12 11 6 4 7 8 9 10 13 5 2 14 0
227 218 9 1 3 8 6 12 4 7 0 9 10 11 5 2 14 13
228 219 9 1 3 8 6 12 4 7 2 9 10 11 5 0 14 13
229 220 9 1 3 8 6 12 4 7 2 9 10 11 0 5 14 13
207 198 9 4 1 3 12 6 11 7 8 9 10 0 5 2 14 13
208 200 8 4 1 3 12 6 11 7 8 9 10 13 5 2 14 0
212 203 9 0 1 3 12 6 11 7 8 9 10 13 5 2 14 4
212 204 8 1 0 3 12 6 11 7 8 9 10 13 5 2 14 4
214 205 9 1 3 0 12 6 11 7 8 9 10 13 5 2 14 4
215 206 9 1 3 12 0 6 11 7 8 9 10 13 5 2 14 4
227 218 9 7 1 3 6 12 4 0 8 9 10 11 5 2 14 13
228 219 9 7 1 3 6 12 0 4 8 9 10 11 5 2 14 13
209 200 9 0 1 3 12 6 11 7 8 9 10 4 5 2 14 13
211 203 8 13 1 3 12 6 11 7 8 9 10 4 5 2 14 0
214 205 9 13 1 3 12 0 11 7 8 9 10 4 5 2 14 6
217 208 9 13 1 3 12 4 11 7 8 9 10 0 5 2 14 6
218 210 8 13 1 3 12 4 11 7 8 9 10 6 5 2 14 0
217 209 8 13 1 3 12 4 0 7 8 9 10 11 5 2 14 6
219 210 9 13 1 3 12 4 7 0 8 9 10 11 5 2 14 6
220 211 9 13 1 3 12 4 7 5 8 9 10 11 0 2 14 6
221 212 9 13 1 3 12 4 7 5 8 9 10 11 2 0 14 6
212 203 9 1 3 12 6 11 4 7 8 9 10 0 5 2 14 13
213 205 8 1 3 12 6 11 4 7 8 9 10 13 5 2 14 0
216 207 9 1 3 12 6 0 4 7 8 9 10 13 5 2 14 11
217 208 9 1 3 12 0 6 4 7 8 9 10 13 5 2 14 11
218 209 9 1 3 0 12 6 4 7 8 9 10 13 5 2 14 11
218 210 8 1 0 3 12 6 4 7 8 9 10 13 5 2 14 11
220 211 9 0 1 3 12 6 4 7 8 9 10 13 5 2 14 11
222 214 8 11 1 3 12 6 4 7 8 9 10 13 5 2 14 0
231 222 9 1 3 6 12 11 4 7 8 9 10 0 5 2 14 13
232 223 9 1 3 6 12 11 4 7 8 9 10 5 0 2 14 13
233 224 9 1 3 6 12 11 4 7 8 9 10 5 2 0 14 13
227 218 9 11 1 3 6 12 4 7 8 9 10 5 0 2 14 13
228 219 9 11 1 3 6 12 4 7 8 9 10 5 2 0 14 13
232 223 9 4 1 3 6 12 0 7 8 9 10 13 5 2 14 11
233 224 9 4 1 3 6 12 13 7 8 9 10 0 5 2 14 11
233 226 7 4 1 3 6 12 13 7 8 9 10 11 5 2 14 0
237 229 8 0 1 3 6 12 13 7 8 9 10 11 5 2 14 4
237 230 7 1 0 3 6 12 13 7 8 9 10 11 5 2 14 4
239 231 8 1 3 0 6 12 13 7 8 9 10 11 5 2 14 4
240 232 8 1 3 6 0 12 13 7 8 9 10 11 5 2 14 4
241 233 8 1 3 6 12 0 13 7 8 9 10 11 5 2 14 4
242 235 7 1 3 6 12 4 13 7 8 9 10 11 5 2 14 0
239 231 8 1 7 3 6 12 13 0 8 9 10 11 5 2 14 4
240 232 8 1 7 3 6 12 0 13 8 9 10 11 5 2 14 4
240 232 8 1 7 3 6 12 13 5 8 9 10 11 0 2 14 4
241 233 8 1 7 3 6 12 13 5 8 9 10 11 2 0 14 4
239 231 8 12 1 3 6 0 13 7 8 9 10 11 5 2 14 4
240 233 7 12 1 3 6 4 13 7 8 9 10 11 5 2 14 0
244 236 8 0 1 3 6 4 13 7 8 9 10 11 5 2 14 12
244 237 7 1 0 3 6 4 13 7 8 9 10 11 5 2 14 12
246 238 8 1 3 0 6 4 13 7 8 9 10 11 5 2 14 12
247 239 8 1 3 6 0 4 13 7 8 9 10 11 5 2 14 12
247 240 7 1 3 6 4 0 13 7 8 9 10 11 5 2 14 12
248 242 6 1 3 6 4 12 13 7 8 9 10 11 5 2 14 0
253 245 8 1 3 6 4 12 13 7 8 0 10 11 5 2 14 9
245 237 8 13 1 3 6 4 0 7 8 9 10 11 5 2 14 12
253 245 8 0 3 6 4 12 13 7 8 9 10 11 5 2 14 1
255 247 8 12 3 6 4 0 13 7 8 9 10 11 5 2 14 1
256 249 7 12 3 6 4 1 13 7 8 9 10 11 5 2 14 0
254 246 8 3 0 6 4 12 13 7 8 9 10 11 5 2 14 1
255 247 8 3 6 0 4 12 13 7 8 9 10 11 5 2 14 1
254 246 8 13 3 6 4 12 0 7 8 9 10 11 5 2 14 1
252 244 8 1 3 6 4 12 13 7 8 9 10 0 5 2 14 11
255 247 8 1 3 6 4 0 13 7 8 9 10 12 5 2 14 11
256 249 7 1 3 6 4 11 13 7 8 9 10 12 5 2 14 0
253 245 8 1 3 6 4 12 13 7 8 9 10 5 0 2 14 11
254 246 8 1 3 6 4 12 13 7 8 9 10 5 2 0 14 11
253 245 8 1 3 6 4 12 0 7 8 9 10 13 5 2 14 11
251 243 8 1 3 6 4 11 13 7 8 9 10 0 5 2 14 12
252 244 8 1 3 6 4 11 13 7 8 9 10 5 0 2 14 12
253 245 8 1 3 6 4 11 13 7 8 9 10 5 2 0 14 12
252 244 8 1 3 6 4 11 0 7 8 9 10 13 5 2 14 12
250 242 8 0 3 6 4 1 13 7 8 9 10 11 5 2 14 12
251 243 8 3 0 6 4 1 13 7 8 9 10 11 5 2 14 12
252 244 8 3 6 0 4 1 13 7 8 9 10 11 5 2 14 12
251 243 8 13 3 6 4 1 0 7 8 9 10 11 5 2 14 12
246 238 8 1 7 3 6 4 13 0 8 9 10 11 5 2 14 12
247 239 8 1 7 3 6 4 0 13 8 9 10 11 5 2 14 12
247 239 8 1 7 3 6 4 13 5 8 9 10 11 0 2 14 12
248 240 8 1 7 3 6 4 13 5 8 9 10 11 2 0 14 12
236 228 8 4 1 3 6 0 13 7 8 9 10 11 5 2 14 12
237 229 8 4 1 3 0 6 13 7 8 9 10 11 5 2 14 12
251 243 8 1 3 6 4 9 13 7 8 0 10 11 5 2 14 12
240 232 8 12 1 3 0 6 13 7 8 9 10 11 5 2 14 4
238 230 8 13 1 3 6 12 0 7 8 9 10 11 5 2 14 4
251 243 8 1 3 6 4 12 13 7 8 9 0 11 5 2 14 10
252 244 8 1 3 6 4 0 13 7 8 9 12 11 5 2 14 10
253 246 7 1 3 6 4 10 13 7 8 9 12 11 5 2 14 0
249 241 8 1 3 6 4 10 13 7 8 9 0 11 5 2 14 12
251 243 8 1 3 6 4 12 13 7 8 9 10 11 5 2 0 14
252 244 8 1 3 6 4 12 13 7 8 9 10 11 5 0 2 14
253 245 8 1 3 6 4 12 13 7 8 9 10 11 0 5 2 14
255 246 9 1 3 6 4 12 13 7 8 9 10 0 11 5 2 14
256 248 8 1 3 6 4 12 13 7 8 9 10 14 11 5 2 0
259 250 9 1 3 6 4 0 13 7 8 9 10 14 11 5 2 12
262 253 9 1 3 6 4 14 13 7 8 9 10 0 11 5 2 12
263 255 8 1 3 6 4 14 13 7 8 9 10 12 11 5 2 0
262 254 8 1 3 6 4 14 13 7 8 9 10 11 0 5 2 12
263 255 8 1 3 6 4 14 13 7 8 9 10 11 5 0 2 12
264 256 8 1 3 6 4 14 13 7 8 9 10 11 5 2 0 12
264 257 7 1 3 6 4 14 13 7 8 9 10 11 5 2 12 0
267 259 8 1 3 6 4 0 13 7 8 9 10 11 5 2 12 14
271 262 9 1 3 6 4 9 13 7 8 0 10 11 5 2 12 14
272 263 9 1 3 6 4 9 13 7 8 12 10 11 5 2 0 14
271 264 7 1 3 6 4 9 13 7 8 12 10 11 5 2 14 0
274 266 8 1 3 6 4 0 13 7 8 12 10 11 5 2 14 9
278 269 9 1 3 6 4 11 13 7 8 12 10 0 5 2 14 9
279 271 8 1 3 6 4 11 13 7 8 12 10 9 5 2 14 0
283 274 9 1 3 6 4 11 13 7 8 0 10 9 5 2 14 12
282 273 9 1 3 6 4 0 13 7 8 12 10 9 5 2 14 11
285 276 9 1 3 6 4 12 13 7 8 0 10 9 5 2 14 11
279 270 9 1 3 6 4 11 13 7 8 12 10 5 0 2 14 9
280 271 9 1 3 6 4 11 13 7 8 12 10 5 2 0 14 9
279 270 9 1 3 6 4 11 0 7 8 12 10 13 5 2 14 9
277 268 9 0 3 6 4 1 13 7 8 12 10 11 5 2 14 9
279 271 8 9 3 6 4 1 13 7 8 12 10 11 5 2 14 0
283 274 9 9 3 6 4 1 13 7 8 0 10 11 5 2 14 12
282 273 9 9 3 6 4 0 13 7 8 12 10 11 5 2 14 1
285 276 9 9 3 6 4 12 13 7 8 0 10 11 5 2 14 1
278 269 9 3 0 6 4 1 13 7 8 12 10 11 5 2 14 9
279 270 9 3 6 0 4 1 13 7 8 12 10 11 5 2 14 9
278 269 9 13 3 6 4 1 0 7 8 12 10 11 5 2 14 9
276 267 9 1 3 6 0 4 13 7 8 12 10 11 5 2 14 9
277 268 9 1 3 0 6 4 13 7 8 12 10 11 5 2 14 9
277 269 8 1 0 3 6 4 13 7 8 12 10 11 5 2 14 9
279 270 9 0 1 3 6 4 13 7 8 12 10 11 5 2 14 9
281 273 8 9 1 3 6 4 13 7 8 12 10 11 5 2 14 0
285 276 9 9 1 3 6 4 13 7 8 0 10 11 5 2 14 12
286 277 9 9 1 3 0 4 13 7 8 6 10 11 5 2 14 12
286 278 8 9 1 3 4 0 13 7 8 6 10 11 5 2 14 12
287 280 7 9 1 3 4 12 13 7 8 6 10 11 5 2 14 0
291 283 8 9 1 3 4 12 13 7 8 0 10 11 5 2 14 6
291 283 8 0 1 3 4 12 13 7 8 6 10 11 5 2 14 9
291 284 7 1 0 3 4 12 13 7 8 6 10 11 5 2 14 9
293 285 8 1 3 0 4 12 13 7 8 6 10 11 5 2 14 9
293 285 8 1 7 3 4 12 13 0 8 6 10 11 5 2 14 9
294 286 8 1 7 3 4 12 0 13 8 6 10 11 5 2 14 9
294 286 8 1 7 3 4 12 13 5 8 6 10 11 0 2 14 9
295 287 8 1 7 3 4 12 13 5 8 6 10 11 2 0 14 9
293 285 8 12 1 3 4 0 13 7 8 6 10 11 5 2 14 9
294 287 7 12 1 3 4 9 13 7 8 6 10 11 5 2 14 0
298 290 8 12 1 3 4 9 13 7 8 0 10 11 5 2 14 6
296 288 8 12 1 3 4 6 13 7 8 0 10 11 5 2 14 9
292 284 8 13 1 3 4 12 0 7 8 6 10 11 5 2 14 9
289 281 8 9 1 3 4 6 13 7 8 0 10 11 5 2 14 12
288 280 8 0 1 3 4 9 13 7 8 6 10 11 5 2 14 12
288 281 7 1 0 3 4 9 13 7 8 6 10 11 5 2 14 12
290 282 8 1 3 0 4 9 13 7 8 6 10 11 5 2 14 12
290 282 8 1 7 3 4 9 13 0 8 6 10 11 5 2 14 12
291 283 8 1 7 3 4 9 0 13 8 6 10 11 5 2 14 12
291 283 8 1 7 3 4 9 13 5 8 6 10 11 0 2 14 12
292 284 8 1 7 3 4 9 13 5 8 6 10 11 2 0 14 12
289 281 8 13 1 3 4 9 0 7 8 6 10 11 5 2 14 12
291 282 9 13 1 3 4 9 7 0 8 6 10 11 5 2 14 12
292 283 9 13 1 3 4 9 7 5 8 6 10 11 0 2 14 12
293 284 9 13 1 3 4 9 7 5 8 6 10 11 2 0 14 12
292 283 9 13 0 3 4 9 7 1 8 6 10 11 5 2 14 12
293 284 9 0 13 3 4 9 7 1 8 6 10 11 5 2 14 12
295 287 8 1 13 3 4 9 7 0 8 6 10 11 5 2 14 12
295 288 7 1 13 3 4 9 0 7 8 6 10 11 5 2 14 12
297 289 8 1 13 3 4 9 11 7 8 6 10 0 5 2 14 12
298 291 7 1 13 3 4 9 11 7 8 6 10 12 5 2 14 0
302 294 8 1 13 3 4 9 11 7 8 0 10 12 5 2 14 6
301 293 8 1 13 3 4 0 11 7 8 6 10 12 5 2 14 9
304 296 8 1 13 3 4 6 11 7 8 0 10 12 5 2 14 9
304 296 8 1 13 3 4 12 11 7 8 6 10 0 5 2 14 9
305 298 7 1 13 3 4 12 11 7 8 6 10 9 5 2 14 0
304 297 7 1 13 3 4 12 0 7 8 6 10 11 5 2 14 9
306 298 8 1 13 3 4 12 7 0 8 6 10 11 5 2 14 9
307 299 8 1 13 3 4 12 7 5 8 6 10 11 0 2 14 9
308 300 8 1 13 3 4 12 7 5 8 6 10 11 2 0 14 9
307 299 8 1 0 3 4 12 7 13 8 6 10 11 5 2 14 9
309 301 8 1 13 3 4 12 11 7 8 0 10 9 5 2 14 6
305 297 8 1 13 3 4 12 11 7 8 6 10 5 0 2 14 9
306 298 8 1 13 3 4 12 11 7 8 6 10 5 2 0 14 9
300 292 8 1 13 3 4 0 11 7 8 6 10 9 5 2 14 12
303 295 8 1 13 3 4 6 11 7 8 0 10 9 5 2 14 12
298 290 8 1 13 3 4 9 11 7 8 6 10 5 0 2 14 12
299 291 8 1 13 3 4 9 11 7 8 6 10 5 2 0 14 12
296 288 8 1 13 3 4 9 7 5 8 6 10 11 0 2 14 12
297 289 8 1 13 3 4 9 7 5 8 6 10 11 2 0 14 12
295 287 8 12 13 3 4 9 7 1 8 6 10 11 5 2 14 0
296 288 8 1 0 3 4 9 7 13 8 6 10 11 5 2 14 12
298 289 9 1 3 0 4 9 7 13 8 6 10 11 5 2 14 12
298 289 9 0 1 3 4 9 7 13 8 6 10 11 5 2 14 12
300 292 8 12 1 3 4 9 7 13 8 6 10 11 5 2 14 0
304 295 9 12 1 3 4 9 7 13 8 0 10 11 5 2 14 6
303 294 9 12 1 3 4 0 7 13 8 6 10 11 5 2 14 9
306 297 9 12 1 3 4 6 7 13 8 0 10 11 5 2 14 9
300 291 9 9 1 3 4 0 7 13 8 6 10 11 5 2 14 12
301 293 8 9 1 3 4 12 7 13 8 6 10 11 5 2 14 0
305 296 9 9 1 3 4 12 7 13 8 0 10 11 5 2 14 6
303 294 9 9 1 3 4 6 7 13 8 0 10 11 5 2 14 12
299 290 9 7 1 3 4 9 0 13 8 6 10 11 5 2 14 12
293 284 9 9 1 3 4 12 13 7 8 14 10 11 5 2 0 6
293 285 8 9 1 3 4 12 13 7 8 14 10 11 5 2 6 0
297 288 9 9 1 3 4 12 13 7 8 0 10 11 5 2 6 14
297 288 9 0 1 3 4 12 13 7 8 14 10 11 5 2 6 9
297 289 8 1 0 3 4 12 13 7 8 14 10 11 5 2 6 9
299 290 9 1 3 0 4 12 13 7 8 14 10 11 5 2 6 9
299 290 9 1 7 3 4 12 13 0 8 14 10 11 5 2 6 9
300 291 9 1 7 3 4 12 0 13 8 14 10 11 5 2 6 9
300 291 9 1 7 3 4 12 13 5 8 14 10 11 0 2 6 9
301 292 9 1 7 3 4 12 13 5 8 14 10 11 2 0 6 9
302 293 9 1 7 3 4 12 13 5 8 14 10 11 2 6 0 9
302 294 8 1 7 3 4 12 13 5 8 14 10 11 2 6 9 0
302 294 8 1 7 3 4 12 13 5 8 0 10 11 2 6 14 9
304 295 9 1 7 3 4 12 13 5 8 10 0 11 2 6 14 9
304 296 8 1 7 3 4 12 13 5 8 10 9 11 2 6 14 0
308 299 9 1 7 3 4 12 13 5 8 0 9 11 2 6 14 10
308 300 8 1 7 3 4 12 13 5 8 9 0 11 2 6 14 10
307 301 6 1 7 3 4 12 13 5 8 9 10 11 2 6 14 0
310 303 7 1 7 3 4 0 13 5 8 9 10 11 2 6 14 12
314 306 8 1 7 3 4 9 13 5 8 0 10 11 2 6 14 12
314 306 8 1 7 3 4 11 13 5 8 9 10 0 2 6 14 12
315 308 7 1 7 3 4 11 13 5 8 9 10 12 2 6 14 0
318 310 8 1 7 3 4 0 13 5 8 9 10 12 2 6 14 11
317 309 8 1 7 3 4 11 13 0 8 9 10 5 2 6 14 12
317 310 7 1 0 3 4 11 13 7 8 9 10 5 2 6 14 12
319 311 8 1 3 0 4 11 13 7 8 9 10 5 2 6 14 12
319 311 8 0 1 3 4 11 13 7 8 9 10 5 2 6 14 12
321 314 7 12 1 3 4 11 13 7 8 9 10 5 2 6 14 0
324 316 8 12 1 3 4 0 13 7 8 9 10 5 2 6 14 11
326 319 7 12 1 3 4 5 13 7 8 9 10 0 2 6 14 11
326 321 5 12 1 3 4 5 13 7 8 9 10 11 2 6 14 0
330 324 6 0 1 3 4 5 13 7 8 9 10 11 2 6 14 12
330 325 5 1 0 3 4 5 13 7 8 9 10 11 2 6 14 12
332 326 6 1 3 0 4 5 13 7 8 9 10 11 2 6 14 12
332 326 6 1 7 3 4 5 13 0 8 9 10 11 2 6 14 12
333 327 6 1 7 3 4 5 0 13 8 9 10 11 2 6 14 12
333 327 6 1 7 3 4 5 13 2 8 9 10 11 0 6 14 12
334 328 6 1 7 3 4 5 13 2 8 9 10 11 6 0 14 12
331 325 6 13 1 3 4 5 0 7 8 9 10 11 2 6 14 12
333 326 7 13 1 3 4 5 7 0 8 9 10 11 2 6 14 12
334 327 7 13 1 3 4 5 7 2 8 9 10 11 0 6 14 12
335 328 7 13 1 3 4 5 7 2 8 9 10 11 6 0 14 12
334 327 7 13 0 3 4 5 7 1 8 9 10 11 2 6 14 12
335 328 7 0 13 3 4 5 7 1 8 9 10 11 2 6 14 12
337 331 6 1 13 3 4 5 7 0 8 9 10 11 2 6 14 12
337 332 5 1 13 3 4 5 0 7 8 9 10 11 2 6 14 12
339 333 6 1 13 3 4 5 11 7 8 9 10 0 2 6 14 12
340 335 5 1 13 3 4 5 11 7 8 9 10 12 2 6 14 0
340 334 6 1 13 3 4 5 11 7 8 9 10 2 0 6 14 12
341 335 6 1 13 3 4 5 11 7 8 9 10 2 6 0 14 12
338 332 6 1 13 3 4 5 7 2 8 9 10 11 0 6 14 12
339 333 6 1 13 3 4 5 7 2 8 9 10 11 6 0 14 12
338 332 6 1 0 3 4 5 7 13 8 9 10 11 2 6 14 12
337 331 6 12 13 3 4 5 7 1 8 9 10 11 2 6 14 0
340 333 7 1 3 0 4 5 7 13 8 9 10 11 2 6 14 12
340 333 7 0 1 3 4 5 7 13 8 9 10 11 2 6 14 12
342 336 6 12 1 3 4 5 7 13 8 9 10 11 2 6 14 0
341 334 7 7 1 3 4 5 0 13 8 9 10 11 2 6 14 12
341 334 7 1 13 3 4 5 7 2 8 9 10 11 6 14 0 12
341 335 6 1 13 3 4 5 7 2 8 9 10 11 6 14 12 0
341 334 7 1 13 3 4 5 7 2 0 9 10 11 6 8 14 12
342 335 7 1 13 3 4 5 7 0 2 9 10 11 6 8 14 12
342 336 6 1 13 3 4 5 0 7 2 9 10 11 6 8 14 12
344 337 7 1 13 3 4 5 11 7 2 9 10 0 6 8 14 12
345 339 6 1 13 3 4 5 11 7 2 9 10 12 6 8 14 0
345 338 7 1 13 3 4 5 11 7 2 9 10 6 0 8 14 12
346 339 7 1 13 3 4 5 11 7 2 9 10 6 8 0 14 12
347 340 7 1 13 3 4 5 11 7 0 9 10 6 8 2 14 12
335 328 7 1 7 3 4 5 13 2 8 9 10 0 11 6 14 12
336 330 6 1 7 3 4 5 13 2 8 9 10 12 11 6 14 0
338 331 7 1 7 3 4 5 13 0 8 9 10 2 11 6 14 12
338 332 6 1 0 3 4 5 13 7 8 9 10 2 11 6 14 12
340 333 7 1 3 0 4 5 13 7 8 9 10 2 11 6 14 12
340 333 7 0 1 3 4 5 13 7 8 9 10 2 11 6 14 12
342 336 6 12 1 3 4 5 13 7 8 9 10 2 11 6 14 0
345 338 7 12 1 3 4 5 13 7 8 9 10 0 11 6 14 2
345 339 6 12 1 3 4 5 13 7 8 9 10 11 0 6 14 2
346 340 6 12 1 3 4 5 13 7 8 9 10 11 6 0 14 2
348 341 7 12 1 3 4 5 13 7 8 9 10 11 6 14 0 2
348 342 6 12 1 3 4 5 13 7 8 9 10 11 6 14 2 0
352 345 7 0 1 3 4 5 13 7 8 9 10 11 6 14 2 12
352 346 6 1 0 3 4 5 13 7 8 9 10 11 6 14 2 12
354 347 7 1 3 0 4 5 13 7 8 9 10 11 6 14 2 12
354 347 7 1 7 3 4 5 13 0 8 9 10 11 6 14 2 12
355 348 7 1 7 3 4 5 0 13 8 9 10 11 6 14 2 12
355 348 7 1 7 3 4 5 13 6 8 9 10 11 0 14 2 12
356 349 7 1 7 3 4 5 13 6 8 9 10 11 14 0 2 12
357 350 7 1 7 3 4 5 13 6 8 9 10 11 14 2 0 12
357 351 6 1 7 3 4 5 13 6 8 9 10 11 14 2 12 0
353 346 7 13 1 3 4 5 0 7 8 9 10 11 6 14 2 12
330 323 7 12 1 3 4 0 13 7 8 9 10 11 2 6 14 5
332 325 7 0 1 3 4 12 13 7 8 9 10 11 2 6 14 5
334 328 6 5 1 3 4 12 13 7 8 9 10 11 2 6 14 0
332 326 6 1 0 3 4 12 13 7 8 9 10 11 2 6 14 5
334 327 7 1 3 0 4 12 13 7 8 9 10 11 2 6 14 5
334 327 7 1 7 3 4 12 13 0 8 9 10 11 2 6 14 5
335 328 7 1 7 3 4 12 0 13 8 9 10 11 2 6 14 5
335 328 7 1 7 3 4 12 13 2 8 9 10 11 0 6 14 5
336 329 7 1 7 3 4 12 13 2 8 9 10 11 6 0 14 5
333 326 7 13 1 3 4 12 0 7 8 9 10 11 2 6 14 5
333 326 7 5 1 3 4 0 13 7 8 9 10 11 2 6 14 12
335 328 7 1 7 3 4 5 11 13 8 9 10 0 2 6 14 12
336 330 6 1 7 3 4 5 11 13 8 9 10 12 2 6 14 0
338 331 7 1 7 3 4 5 11 0 8 9 10 13 2 6 14 12
338 332 6 1 0 3 4 5 11 7 8 9 10 13 2 6 14 12
340 333 7 1 3 0 4 5 11 7 8 9 10 13 2 6 14 12
340 333 7 0 1 3 4 5 11 7 8 9 10 13 2 6 14 12
342 336 6 12 1 3 4 5 11 7 8 9 10 13 2 6 14 0
345 338 7 12 1 3 4 5 11 7 8 9 10 0 2 6 14 13
345 339 6 12 1 3 4 5 0 7 8 9 10 11 2 6 14 13
347 340 7 12 1 3 4 5 7 0 8 9 10 11 2 6 14 13
348 341 7 12 1 3 4 5 7 2 8 9 10 11 0 6 14 13
349 342 7 12 1 3 4 5 7 2 8 9 10 11 6 0 14 13
348 341 7 12 0 3 4 5 7 1 8 9 10 11 2 6 14 13
349 342 7 0 12 3 4 5 7 1 8 9 10 11 2 6 14 13
351 345 6 1 12 3 4 5 7 0 8 9 10 11 2 6 14 13
351 346 5 1 12 3 4 5 0 7 8 9 10 11 2 6 14 13
353 347 6 1 12 3 4 5 11 7 8 9 10 0 2 6 14 13
354 349 5 1 12 3 4 5 11 7 8 9 10 13 2 6 14 0
354 348 6 1 12 3 4 5 11 7 8 9 10 2 0 6 14 13
355 349 6 1 12 3 4 5 11 7 8 9 10 2 6 0 14 13
352 346 6 1 12 3 4 5 7 2 8 9 10 11 0 6 14 13
353 347 6 1 12 3 4 5 7 2 8 9 10 11 6 0 14 13
352 346 6 1 0 3 4 5 7 12 8 9 10 11 2 6 14 13
351 345 6 13 12 3 4 5 7 1 8 9 10 11 2 6 14 0
354 347 7 1 3 0 4 5 7 12 8 9 10 11 2 6 14 13
354 347 7 0 1 3 4 5 7 12 8 9 10 11 2 6 14 13
356 350 6 13 1 3 4 5 7 12 8 9 10 11 2 6 14 0
355 348 7 7 1 3 4 5 0 12 8 9 10 11 2 6 14 13
356 349 7 7 1 3 4 5 12 0 8 9 10 11 2 6 14 13
357 350 7 7 1 3 4 5 12 2 8 9 10 11 0 6 14 13
358 351 7 7 1 3 4 5 12 2 8 9 10 11 6 0 14 13
357 350 7 7 0 3 4 5 12 1 8 9 10 11 2 6 14 13
358 351 7 0 7 3 4 5 12 1 8 9 10 11 2 6 14 13
360 354 6 1 7 3 4 5 12 0 8 9 10 11 2 6 14 13
360 355 5 1 0 3 4 5 12 7 8 9 10 11 2 6 14 13
362 356 6 1 3 0 4 5 12 7 8 9 10 11 2 6 14 13
362 356 6 0 1 3 4 5 12 7 8 9 10 11 2 6 14 13
364 359 5 13 1 3 4 5 12 7 8 9 10 11 2 6 14 0
361 355 6 1 7 3 4 5 0 12 8 9 10 11 2 6 14 13
361 355 6 1 7 3 4 5 12 2 8 9 10 11 0 6 14 13
362 356 6 1 7 3 4 5 12 2 8 9 10 11 6 0 14 13
360 354 6 13 7 3 4 5 12 1 8 9 10 11 2 6 14 0
364 357 7 1 7 3 4 5 12 2 8 9 10 11 6 14 0 13
364 358 6 1 7 3 4 5 12 2 8 9 10 11 6 14 13 0
343 336 7 1 13 3 4 5 11 7 8 9 10 2 6 14 0 12
343 337 6 1 13 3 4 5 11 7 8 9 10 2 6 14 12 0
346 339 7 1 13 3 4 5 11 7 8 9 10 0 6 14 12 2
346 340 6 1 13 3 4 5 0 7 8 9 10 11 6 14 12 2
348 341 7 1 13 3 4 5 7 0 8 9 10 11 6 14 12 2
349 342 7 1 13 3 4 5 7 6 8 9 10 11 0 14 12 2
350 343 7 1 13 3 4 5 7 6 8 9 10 11 14 0 12 2
351 344 7 1 13 3 4 5 7 6 8 9 10 11 14 12 0 2
351 345 6 1 13 3 4 5 7 6 8 9 10 11 14 12 2 0
327 320 7 12 1 3 4 5 13 7 8 9 10 2 0 6 14 11
328 321 7 12 1 3 4 5 13 7 8 9 10 2 6 0 14 11
329 322 7 12 1 3 4 5 13 7 8 9 10 11 2 6 0 14
330 323 7 12 1 3 4 5 13 7 8 9 10 11 2 0 6 14
331 324 7 12 1 3 4 5 13 7 8 9 10 11 0 2 6 14
334 327 7 7 1 3 4 5 13 0 8 9 10 11 2 6 14 12
335 328 7 7 1 3 4 5 13 2 8 9 10 11 0 6 14 12
336 329 7 7 1 3 4 5 13 2 8 9 10 11 6 0 14 12
335 328 7 7 0 3 4 5 13 1 8 9 10 11 2 6 14 12
336 329 7 0 7 3 4 5 13 1 8 9 10 11 2 6 14 12
338 332 6 12 7 3 4 5 13 1 8 9 10 11 2 6 14 0
337 330 7 13 7 3 4 5 0 1 8 9 10 11 2 6 14 12
338 331 7 13 7 3 4 5 1 0 8 9 10 11 2 6 14 12
338 332 6 13 0 3 4 5 1 7 8 9 10 11 2 6 14 12
339 333 6 0 13 3 4 5 1 7 8 9 10 11 2 6 14 12
341 336 5 12 13 3 4 5 1 7 8 9 10 11 2 6 14 0
346 339 7 12 13 3 4 5 1 7 8 0 10 11 2 6 14 9
345 338 7 12 13 3 4 0 1 7 8 9 10 11 2 6 14 5
347 340 7 0 13 3 4 12 1 7 8 9 10 11 2 6 14 5
349 343 6 5 13 3 4 12 1 7 8 9 10 11 2 6 14 0
347 341 6 1 13 3 4 12 0 7 8 9 10 11 2 6 14 5
349 342 7 1 13 3 4 12 7 0 8 9 10 11 2 6 14 5
350 343 7 1 13 3 4 12 7 2 8 9 10 11 0 6 14 5
351 344 7 1 13 3 4 12 7 2 8 9 10 11 6 0 14 5
350 343 7 1 0 3 4 12 7 13 8 9 10 11 2 6 14 5
346 339 7 12 1 3 4 5 11 7 8 9 10 2 0 6 14 13
347 340 7 12 1 3 4 5 11 7 8 9 10 2 6 0 14 13
357 350 7 1 12 3 4 0 11 7 8 9 10 5 2 6 14 13
358 352 6 1 12 3 4 13 11 7 8 9 10 5 2 6 14 0
361 354 7 1 12 3 4 13 11 7 8 9 10 0 2 6 14 5
361 355 6 1 12 3 4 13 0 7 8 9 10 11 2 6 14 5
363 356 7 1 12 3 4 13 7 0 8 9 10 11 2 6 14 5
364 357 7 1 12 3 4 13 7 2 8 9 10 11 0 6 14 5
365 358 7 1 12 3 4 13 7 2 8 9 10 11 6 0 14 5
364 357 7 1 0 3 4 13 7 12 8 9 10 11 2 6 14 5
357 350 7 1 12 3 4 5 11 7 8 9 0 13 2 6 14 10
358 351 7 1 12 3 4 0 11 7 8 9 10 13 2 6 14 5
357 350 7 1 12 3 4 5 11 7 8 9 10 2 6 14 0 13
357 351 6 1 12 3 4 5 11 7 8 9 10 2 6 14 13 0
360 353 7 1 12 3 4 5 11 7 8 9 10 0 6 14 13 2
360 354 6 1 12 3 4 5 0 7 8 9 10 11 6 14 13 2
362 355 7 1 12 3 4 5 7 0 8 9 10 11 6 14 13 2
363 356 7 1 12 3 4 5 7 6 8 9 10 11 0 14 13 2
364 357 7 1 12 3 4 5 7 6 8 9 10 11 14 0 13 2
364 358 6 1 12 3 4 5 7 6 8 9 10 11 14 13 0 2
364 359 5 1 12 3 4 5 7 6 8 9 10 11 14 13 2 0
369 362 7 1 12 3 4 5 7 6 8 0 10 11 14 13 2 9
370 363 7 1 12 3 4 5 7 6 8 2 10 11 14 13 0 9
370 364 6 1 12 3 4 5 7 6 8 2 10 11 14 13 9 0
369 362 7 0 12 3 4 5 7 6 8 9 10 11 14 13 2 1
372 365 7 6 12 3 4 5 7 0 8 9 10 11 14 13 2 1
372 366 6 6 12 3 4 5 0 7 8 9 10 11 14 13 2 1
374 367 7 6 12 3 4 5 11 7 8 9 10 0 14 13 2 1
375 369 6 6 12 3 4 5 11 7 8 9 10 1 14 13 2 0
379 372 7 0 12 3 4 5 11 7 8 9 10 1 14 13 2 6
380 374 6 1 12 3 4 5 11 7 8 9 10 0 14 13 2 6
381 376 5 1 12 3 4 5 11 7 8 9 10 6 14 13 2 0
380 375 5 1 12 3 4 5 0 7 8 9 10 11 14 13 2 6
382 376 6 1 12 3 4 5 7 0 8 9 10 11 14 13 2 6
383 377 6 1 12 3 4 5 7 14 8 9 10 11 0 13 2 6
383 377 6 1 0 3 4 5 7 12 8 9 10 11 14 13 2 6
383 377 6 1 12 3 4 5 11 7 8 9 10 6 14 13 0 2
381 375 6 1 12 3 4 5 11 7 8 9 10 14 0 13 2 6
383 376 7 1 12 3 4 5 11 7 8 9 10 14 13 0 2 6
384 377 7 1 12 3 4 5 11 7 8 9 10 14 13 2 0 6
384 378 6 1 12 3 4 5 11 7 8 9 10 14 13 2 6 0
387 380 7 1 12 3 4 5 11 7 8 9 10 0 13 2 6 14
387 381 6 1 12 3 4 5 0 7 8 9 10 11 13 2 6 14
389 382 7 1 12 3 4 5 7 0 8 9 10 11 13 2 6 14
390 383 7 1 12 3 4 5 7 13 8 9 10 11 0 2 6 14
391 384 7 1 12 3 4 5 7 13 8 9 10 11 2 0 6 14
392 385 7 1 12 3 4 5 7 13 8 9 10 11 2 6 0 14
391 386 5 1 12 3 4 5 7 13 8 9 10 11 2 6 14 0
396 389 7 1 12 3 4 5 7 13 8 0 10 11 2 6 14 9
396 389 7 0 12 3 4 5 7 13 8 9 10 11 2 6 14 1
399 392 7 13 12 3 4 5 7 0 8 9 10 11 2 6 14 1
399 393 6 13 12 3 4 5 0 7 8 9 10 11 2 6 14 1
401 394 7 13 12 3 4 5 11 7 8 9 10 0 2 6 14 1
402 396 6 13 12 3 4 5 11 7 8 9 10 1 2 6 14 0
402 395 7 13 12 3 4 5 11 7 8 9 10 2 0 6 14 1
403 396 7 13 12 3 4 5 11 7 8 9 10 2 6 0 14 1
400 393 7 13 12 3 4 5 7 2 8 9 10 11 0 6 14 1
401 394 7 13 12 3 4 5 7 2 8 9 10 11 6 0 14 1
400 393 7 13 0 3 4 5 7 12 8 9 10 11 2 6 14 1
401 394 7 0 13 3 4 5 7 12 8 9 10 11 2 6 14 1
402 397 5 1 13 3 4 5 7 12 8 9 10 11 2 6 14 0
407 400 7 1 13 3 4 5 7 12 8 0 10 11 2 6 14 9
339 332 7 1 7 3 4 5 11 2 8 9 10 13 0 6 14 12
340 333 7 1 7 3 4 5 11 2 8 9 10 13 6 0 14 12
340 333 7 1 7 3 4 5 11 2 8 9 10 0 13 6 14 12
341 335 6 1 7 3 4 5 11 2 8 9 10 12 13 6 14 0
340 334 6 1 7 3 4 5 0 2 8 9 10 11 13 6 14 12
341 335 6 1 7 3 4 5 2 0 8 9 10 11 13 6 14 12
341 336 5 1 0 3 4 5 2 7 8 9 10 11 13 6 14 12
343 337 6 1 3 0 4 5 2 7 8 9 10 11 13 6 14 12
343 337 6 0 1 3 4 5 2 7 8 9 10 11 13 6 14 12
345 340 5 12 1 3 4 5 2 7 8 9 10 11 13 6 14 0
344 338 6 2 1 3 4 5 0 7 8 9 10 11 13 6 14 12
342 336 6 1 7 3 4 5 2 13 8 9 10 11 0 6 14 12
343 337 6 1 7 3 4 5 2 13 8 9 10 11 6 0 14 12
345 338 7 1 7 3 4 5 2 13 8 9 10 11 6 14 0 12
345 339 6 1 7 3 4 5 2 13 8 9 10 11 6 14 12 0
348 341 7 12 1 3 4 5 2 7 8 9 10 11 13 6 0 14
349 342 7 12 1 3 4 5 2 7 8 9 10 11 13 0 6 14
349 343 6 12 1 3 4 5 2 7 8 9 10 11 0 13 6 14
351 344 7 12 1 3 4 5 2 7 8 9 10 0 11 13 6 14
352 346 6 12 1 3 4 5 2 7 8 9 10 14 11 13 6 0
356 349 7 0 1 3 4 5 2 7 8 9 10 14 11 13 6 12
356 350 6 1 0 3 4 5 2 7 8 9 10 14 11 13 6 12
358 351 7 1 3 0 4 5 2 7 8 9 10 14 11 13 6 12
358 351 7 1 7 3 4 5 2 0 8 9 10 14 11 13 6 12
359 352 7 1 7 3 4 5 0 2 8 9 10 14 11 13 6 12
360 353 7 1 7 3 4 5 14 2 8 9 10 0 11 13 6 12
361 355 6 1 7 3 4 5 14 2 8 9 10 12 11 13 6 0
360 354 6 1 7 3 4 5 14 2 8 9 10 11 0 13 6 12
361 355 6 1 7 3 4 5 14 0 8 9 10 11 2 13 6 12
361 356 5 1 0 3 4 5 14 7 8 9 10 11 2 13 6 12
363 357 6 1 3 0 4 5 14 7 8 9 10 11 2 13 6 12
363 357 6 0 1 3 4 5 14 7 8 9 10 11 2 13 6 12
365 360 5 12 1 3 4 5 14 7 8 9 10 11 2 13 6 0
367 361 6 12 1 3 4 5 14 7 8 9 10 11 2 13 0 6
364 358 6 14 1 3 4 5 0 7 8 9 10 11 2 13 6 12
362 356 6 1 7 3 4 5 0 14 8 9 10 11 2 13 6 12
364 357 7 1 7 3 4 5 11 14 8 9 10 0 2 13 6 12
365 359 6 1 7 3 4 5 11 14 8 9 10 12 2 13 6 0
367 360 7 1 7 3 4 5 11 14 8 9 10 12 2 13 0 6
367 360 7 1 7 3 4 5 11 0 8 9 10 14 2 13 6 12
367 361 6 1 0 3 4 5 11 7 8 9 10 14 2 13 6 12
369 362 7 1 3 0 4 5 11 7 8 9 10 14 2 13 6 12
369 362 7 0 1 3 4 5 11 7 8 9 10 14 2 13 6 12
371 365 6 12 1 3 4 5 11 7 8 9 10 14 2 13 6 0
374 367 7 12 1 3 4 5 11 7 8 9 10 0 2 13 6 14
374 368 6 12 1 3 4 5 0 7 8 9 10 11 2 13 6 14
376 369 7 12 1 3 4 5 7 0 8 9 10 11 2 13 6 14
377 370 7 12 1 3 4 5 7 2 8 9 10 11 0 13 6 14
377 370 7 12 0 3 4 5 7 1 8 9 10 11 2 13 6 14
378 371 7 0 12 3 4 5 7 1 8 9 10 11 2 13 6 14
380 374 6 1 12 3 4 5 7 0 8 9 10 11 2 13 6 14
380 375 5 1 12 3 4 5 0 7 8 9 10 11 2 13 6 14
382 376 6 1 12 3 4 5 11 7 8 9 10 0 2 13 6 14
383 378 5 1 12 3 4 5 11 7 8 9 10 14 2 13 6 0
385 379 6 1 12 3 4 5 11 7 8 9 10 14 2 13 0 6
383 377 6 1 12 3 4 5 11 7 8 9 10 2 0 13 6 14
381 375 6 1 12 3 4 5 7 2 8 9 10 11 0 13 6 14
381 375 6 1 0 3 4 5 7 12 8 9 10 11 2 13 6 14
380 374 6 14 12 3 4 5 7 1 8 9 10 11 2 13 6 0
382 375 7 14 12 3 4 5 7 1 8 9 10 11 2 13 0 6
383 376 7 1 3 0 4 5 7 12 8 9 10 11 2 13 6 14
383 376 7 0 1 3 4 5 7 12 8 9 10 11 2 13 6 14
385 379 6 14 1 3 4 5 7 12 8 9 10 11 2 13 6 0
387 380 7 14 1 3 4 5 7 12 8 9 10 11 2 13 0 6
384 377 7 7 1 3 4 5 0 12 8 9 10 11 2 13 6 14
385 378 7 7 1 3 4 5 12 0 8 9 10 11 2 13 6 14
386 379 7 7 1 3 4 5 12 2 8 9 10 11 0 13 6 14
386 379 7 7 0 3 4 5 12 1 8 9 10 11 2 13 6 14
387 380 7 0 7 3 4 5 12 1 8 9 10 11 2 13 6 14
389 383 6 1 7 3 4 5 12 0 8 9 10 11 2 13 6 14
389 384 5 1 0 3 4 5 12 7 8 9 10 11 2 13 6 14
391 385 6 1 3 0 4 5 12 7 8 9 10 11 2 13 6 14
391 385 6 0 1 3 4 5 12 7 8 9 10 11 2 13 6 14
393 388 5 14 1 3 4 5 12 7 8 9 10 11 2 13 6 0
395 389 6 14 1 3 4 5 12 7 8 9 10 11 2 13 0 6
390 384 6 1 7 3 4 5 0 12 8 9 10 11 2 13 6 14
390 384 6 1 7 3 4 5 12 2 8 9 10 11 0 13 6 14
389 383 6 14 7 3 4 5 12 1 8 9 10 11 2 13 6 0
391 384 7 14 7 3 4 5 12 1 8 9 10 11 2 13 0 6
392 385 7 1 7 3 4 5 12 2 8 9 10 11 13 0 6 14
393 386 7 1 7 3 4 5 12 2 8 9 10 11 13 6 0 14
392 387 5 1 7 3 4 5 12 2 8 9 10 11 13 6 14 0
397 390 7 1 7 3 4 5 12 2 8 0 10 11 13 6 14 9
397 390 7 0 7 3 4 5 12 2 8 9 10 11 13 6 14 1
400 393 7 2 7 3 4 5 12 0 8 9 10 11 13 6 14 1
400 394 6 2 0 3 4 5 12 7 8 9 10 11 13 6 14 1
400 395 5 0 2 3 4 5 12 7 8 9 10 11 13 6 14 1
401 398 3 1 2 3 4 5 12 7 8 9 10 11 13 6 14 0
406 401 5 1 2 3 4 5 12 7 8 0 10 11 13 6 14 9
405 400 5 1 2 3 4 0 12 7 8 9 10 11 13 6 14 5
405 400 5 1 2 3 4 5 12 7 8 9 10 0 13 6 14 11
406 401 5 1 2 3 4 5 12 7 8 9 10 13 0 6 14 11
407 402 5 1 2 3 4 5 12 7 8 9 10 13 6 0 14 11
406 401 5 1 2 3 4 5 0 7 8 9 10 12 13 6 14 11
404 399 5 1 2 3 4 5 12 7 8 9 10 11 13 6 0 14
405 400 5 1 2 3 4 5 12 7 8 9 10 11 13 0 6 14
405 401 4 1 2 3 4 5 12 7 8 9 10 11 0 13 6 14
407 402 5 1 2 3 4 5 12 7 8 9 10 0 11 13 6 14
408 404 4 1 2 3 4 5 12 7 8 9 10 14 11 13 6 0
410 405 5 1 2 3 4 5 12 7 8 9 10 14 11 13 0 6
408 403 5 1 2 3 4 5 0 7 8 9 10 12 11 13 6 14
407 402 5 1 2 3 4 5 12 0 8 9 10 11 7 13 6 14
408 403 5 1 2 3 4 5 0 12 8 9 10 11 7 13 6 14
404 399 5 1 2 3 4 5 12 7 8 9 0 11 13 6 14 10
401 396 5 12 2 3 4 5 0 7 8 9 10 11 13 6 14 1
403 397 6 12 2 3 4 5 7 0 8 9 10 11 13 6 14 1
404 398 6 12 2 3 4 5 7 13 8 9 10 11 0 6 14 1
405 399 6 12 2 3 4 5 7 13 8 9 10 11 6 0 14 1
412 406 6 1 2 3 4 5 12 7 8 9 10 14 11 0 13 6
413 407 6 1 2 3 4 5 12 7 8 9 10 14 0 11 13 6
414 408 6 1 2 3 4 5 12 7 8 9 10 0 14 11 13 6
415 410 5 1 2 3 4 5 12 7 8 9 10 6 14 11 13 0
417 411 6 1 2 3 4 5 12 7 8 9 10 6 14 11 0 13
418 412 6 1 2 3 4 5 12 7 8 9 10 6 14 0 11 13
419 413 6 1 2 3 4 5 12 7 8 9 10 6 0 14 11 13
420 414 6 1 2 3 4 5 12 7 8 9 10 0 6 14 11 13
421 416 5 1 2 3 4 5 12 7 8 9 10 13 6 14 11 0
421 415 6 1 2 3 4 5 0 7 8 9 10 12 6 14 11 13
415 409 6 1 2 3 4 5 0 7 8 9 10 12 14 11 13 6
403 397 6 12 2 3 4 5 11 7 8 9 10 0 13 6 14 1
404 399 5 12 2 3 4 5 11 7 8 9 10 1 13 6 14 0
408 402 6 0 2 3 4 5 11 7 8 9 10 1 13 6 14 12
409 404 5 1 2 3 4 5 11 7 8 9 10 0 13 6 14 12
410 406 4 1 2 3 4 5 11 7 8 9 10 12 13 6 14 0
409 405 4 1 2 3 4 5 0 7 8 9 10 11 13 6 14 12
411 406 5 1 2 3 4 5 7 0 8 9 10 11 13 6 14 12
412 407 5 1 2 3 4 5 7 13 8 9 10 11 0 6 14 12
413 408 5 1 2 3 4 5 7 13 8 9 10 11 6 0 14 12
410 405 5 1 2 3 4 5 11 7 8 9 10 13 0 6 14 12
411 406 5 1 2 3 4 5 11 7 8 9 10 13 6 0 14 12
413 407 6 1 2 3 4 5 11 7 8 9 10 13 6 14 0 12
413 408 5 1 2 3 4 5 11 7 8 9 10 13 6 14 12 0
416 410 6 1 2 3 4 5 11 7 8 9 10 0 6 14 12 13
416 411 5 1 2 3 4 5 0 7 8 9 10 11 6 14 12 13
418 412 6 1 2 3 4 5 7 0 8 9 10 11 6 14 12 13
419 413 6 1 2 3 4 5 7 6 8 9 10 11 0 14 12 13
420 414 6 1 2 3 4 5 7 6 8 9 10 11 14 0 12 13
421 415 6 1 2 3 4 5 7 6 8 9 10 11 14 12 0 13
421 416 5 1 2 3 4 5 7 6 8 9 10 11 14 12 13 0
417 411 6 1 2 3 4 5 11 7 8 9 10 6 0 14 12 13
418 412 6 1 2 3 4 5 11 7 8 9 10 6 14 0 12 13
419 413 6 1 2 3 4 5 11 7 8 9 10 6 14 12 0 13
419 414 5 1 2 3 4 5 11 7 8 9 10 6 14 12 13 0
422 416 6 1 2 3 4 5 11 7 8 9 10 0 14 12 13 6
422 417 5 1 2 3 4 5 0 7 8 9 10 11 14 12 13 6
424 418 6 1 2 3 4 5 7 0 8 9 10 11 14 12 13 6
425 419 6 1 2 3 4 5 7 14 8 9 10 11 0 12 13 6
425 420 5 1 2 3 4 5 7 14 8 9 10 11 12 0 13 6
425 421 4 1 2 3 4 5 7 14 8 9 10 11 12 13 0 6
425 422 3 1 2 3 4 5 7 14 8 9 10 11 12 13 6 0
430 425 5 1 2 3 4 5 7 14 8 0 10 11 12 13 6 9
431 426 5 1 2 3 4 5 7 14 8 6 10 11 12 13 0 9
431 427 4 1 2 3 4 5 7 14 8 6 10 11 12 13 9 0
430 425 5 0 2 3 4 5 7 14 8 9 10 11 12 13 6 1
433 428 5 14 2 3 4 5 7 0 8 9 10 11 12 13 6 1
433 429 4 14 2 3 4 5 0 7 8 9 10 11 12 13 6 1
435 430 5 14 2 3 4 5 11 7 8 9 10 0 12 13 6 1
436 432 4 14 2 3 4 5 11 7 8 9 10 1 12 13 6 0
440 435 5 0 2 3 4 5 11 7 8 9 10 1 12 13 6 14
441 437 4 1 2 3 4 5 11 7 8 9 10 0 12 13 6 14
442 439 3 1 2 3 4 5 11 7 8 9 10 14 12 13 6 0
441 438 3 1 2 3 4 5 0 7 8 9 10 11 12 13 6 14
443 439 4 1 2 3 4 5 7 0 8 9 10 11 12 13 6 14
444 440 4 1 2 3 4 5 11 7 8 9 10 14 12 13 0 6
446 441 5 1 2 3 4 5 11 7 8 9 10 14 12 0 13 6
446 441 5 1 2 3 4 5 11 7 8 0 10 14 12 13 9 6
428 423 5 1 2 3 4 5 7 14 8 9 0 11 12 13 6 10
445 440 5 1 2 3 4 5 7 8 0 9 10 11 12 13 6 14
445 440 5 1 2 3 4 5 7 12 8 9 10 11 0 13 6 14
445 440 5 1 0 3 4 5 7 2 8 9 10 11 12 13 6 14
437 432 5 0 2 3 4 5 11 7 8 9 10 14 12 13 6 1
438 433 5 11 2 3 4 5 0 7 8 9 10 14 12 13 6 1
439 434 5 11 2 3 4 5 14 7 8 9 10 0 12 13 6 1
440 436 4 0 2 3 4 5 14 7 8 9 10 11 12 13 6 1
441 439 2 1 2 3 4 5 14 7 8 9 10 11 12 13 6 0
443 440 3 1 2 3 4 5 14 7 8 9 10 11 12 13 0 6
445 441 4 1 2 3 4 5 14 7 8 9 10 11 12 0 13 6
445 441 4 1 2 3 4 5 14 7 8 0 10 11 12 13 9 6
446 442 4 1 2 3 4 5 14 7 8 0 10 11 12 13 6 9
447 443 4 1 2 3 4 5 14 7 8 6 10 11 12 13 0 9
447 444 3 1 2 3 4 5 14 7 8 6 10 11 12 13 9 0
445 441 4 1 2 3 4 0 14 7 8 9 10 11 12 13 6 5
445 441 4 1 2 3 4 5 14 7 8 9 10 0 12 13 6 11
446 442 4 1 2 3 4 5 0 7 8 9 10 14 12 13 6 11
444 440 4 1 2 3 4 5 14 7 8 9 0 11 12 13 6 10
440 436 4 11 2 3 4 5 14 7 8 9 10 1 12 13 6 0
442 437 5 11 2 3 4 5 14 7 8 9 10 1 12 13 0 6
446 441 5 1 2 3 4 5 14 7 8 0 9 11 12 13 6 10
447 442 5 1 2 3 4 5 14 7 8 6 9 11 12 13 0 10
447 443 4 1 2 3 4 5 14 7 8 6 9 11 12 13 10 0
451 446 5 1 2 3 4 5 14 7 8 0 9 11 12 13 10 6
451 447 4 1 2 3 4 5 14 7 8 9 0 11 12 13 10 6
451 448 3 1 2 3 4 5 14 7 8 9 6 11 12 13 10 0
453 449 4 1 2 3 4 5 14 7 8 9 6 11 12 13 0 10
455 450 5 1 2 3 4 5 14 7 8 9 6 11 12 0 13 10
455 450 5 1 2 3 4 5 14 7 8 0 6 11 12 13 9 10
456 451 5 1 2 3 4 5 14 7 8 0 6 11 12 13 10 9
457 452 5 1 2 3 4 5 14 7 8 10 6 11 12 13 0 9
457 453 4 1 2 3 4 5 14 7 8 10 6 11 12 13 9 0
456 451 5 0 2 3 4 5 14 7 8 9 6 11 12 13 10 1
457 452 5 14 2 3 4 5 0 7 8 9 6 11 12 13 10 1
455 450 5 1 2 3 4 0 14 7 8 9 6 11 12 13 10 5
456 451 5 1 2 3 4 6 14 7 8 9 0 11 12 13 10 5
456 452 4 1 2 3 4 6 14 7 8 9 5 11 12 13 10 0
458 453 5 1 2 3 4 6 14 7 8 9 5 11 12 13 0 10
455 450 5 1 2 3 4 5 14 7 8 9 6 0 12 13 10 11
456 451 5 1 2 3 4 5 0 7 8 9 6 14 12 13 10 11
447 442 5 1 2 3 0 5 14 7 8 4 10 11 12 13 9 6
431 426 5 7 2 3 4 5 0 14 8 9 10 11 12 13 6 1
447 442 5 1 2 3 4 5 14 7 0 9 10 11 12 8 13 6
448 443 5 1 2 3 0 5 14 7 8 4 10 11 12 13 6 9
443 438 5 5 2 3 4 0 14 7 8 9 10 11 12 13 6 1
444 440 4 5 2 3 4 1 14 7 8 9 10 11 12 13 6 0
446 441 5 5 2 3 4 1 14 7 8 9 10 11 12 13 0 6
448 443 5 0 2 3 4 1 14 7 8 9 10 11 12 13 6 5
449 444 5 14 2 3 4 1 0 7 8 9 10 11 12 13 6 5
451 446 5 1 2 3 4 5 14 7 8 6 10 0 12 13 9 11
452 447 5 1 2 3 4 5 0 7 8 6 10 14 12 13 9 11
450 445 5 1 2 3 4 5 14 7 8 6 0 11 12 13 9 10
447 442 5 1 2 3 4 5 11 7 8 0 10 14 12 13 6 9
448 443 5 1 2 3 4 5 11 7 8 6 10 14 12 13 0 9
448 444 4 1 2 3 4 5 11 7 8 6 10 14 12 13 9 0
451 446 5 1 2 3 4 5 11 7 8 6 10 0 12 13 9 14
451 447 4 1 2 3 4 5 0 7 8 6 10 11 12 13 9 14
453 448 5 1 2 3 4 5 7 0 8 6 10 11 12 13 9 14
447 442 5 1 2 3 4 10 14 7 8 9 0 11 12 13 6 5
447 443 4 1 2 3 4 10 14 7 8 9 5 11 12 13 6 0
449 444 5 1 2 3 4 10 14 7 8 9 5 11 12 13 0 6
445 440 5 1 2 3 4 5 11 0 8 9 10 7 12 13 6 14
446 441 5 1 2 3 4 5 0 11 8 9 10 7 12 13 6 14
447 442 5 1 2 3 4 5 7 11 8 9 10 0 12 13 6 14
448 444 4 1 2 3 4 5 7 11 8 9 10 14 12 13 6 0
450 445 5 1 2 3 4 5 7 11 8 9 10 14 12 13 0 6
444 439 5 0 2 3 4 5 14 7 8 9 10 1 12 13 6 11
445 440 5 14 2 3 4 5 0 7 8 9 10 1 12 13 6 11
446 441 5 14 2 3 4 5 1 7 8 9 10 0 12 13 6 11
446 443 3 14 2 3 4 5 1 7 8 9 10 11 12 13 6 0
450 446 4 0 2 3 4 5 1 7 8 9 10 11 12 13 6 14
448 444 4 14 2 3 4 5 1 7 8 9 10 11 12 13 0 6
450 445 5 14 2 3 4 5 1 7 8 9 10 11 12 0 13 6
450 445 5 14 2 3 4 5 1 7 8 0 10 11 12 13 9 6
449 444 5 1 2 3 4 5 14 7 8 6 10 11 12 0 13 9
454 449 5 7 2 3 4 5 1 0 8 9 10 11 12 13 6 14
455 450 5 7 2 3 4 5 0 1 8 9 10 11 12 13 6 14
448 443 5 1 2 3 4 5 14 7 0 8 10 11 12 13 6 9
447 442 5 1 2 3 4 5 14 7 8 9 10 11 0 12 13 6
453 448 5 1 2 3 4 0 14 7 8 9 5 11 12 13 10 6
448 443 5 1 2 3 4 5 14 7 8 10 0 11 12 13 6 9
448 444 4 1 2 3 4 5 14 7 8 10 9 11 12 13 6 0
432 427 5 7 2 3 4 5 14 0 8 9 10 11 12 13 6 1
447 442 5 1 2 3 4 5 14 7 0 8 10 11 12 13 9 6
448 443 5 1 2 3 4 5 7 0 8 9 10 14 12 13 6 11
452 447 5 0 2 3 4 5 14 7 8 6 10 11 12 13 9 1
453 448 5 14 2 3 4 5 0 7 8 6 10 11 12 13 9 1
447 442 5 1 2 3 4 5 14 7 8 10 0 11 12 13 9 6
447 442 5 1 2 3 0 4 14 7 8 9 10 11 12 13 6 5
445 440 5 1 2 3 4 0 11 7 8 9 10 5 12 13 6 14
446 442 4 1 2 3 4 14 11 7 8 9 10 5 12 13 6 0
449 444 5 1 2 3 4 14 11 7 8 9 10 0 12 13 6 5
449 445 4 1 2 3 4 14 0 7 8 9 10 11 12 13 6 5
451 446 5 1 2 3 4 14 7 0 8 9 10 11 12 13 6 5
448 443 5 1 2 3 4 14 11 7 8 9 10 5 12 13 0 6
449 444 5 1 2 3 4 5 14 7 8 6 0 11 12 13 10 9
449 444 5 1 2 3 4 11 14 7 8 9 10 0 12 13 6 5
450 446 4 1 2 3 4 11 14 7 8 9 10 5 12 13 6 0
452 447 5 1 2 3 4 11 14 7 8 9 10 5 12 13 0 6
450 445 5 1 2 3 4 11 0 7 8 9 10 14 12 13 6 5
449 444 5 1 2 3 4 9 14 7 8 0 10 11 12 13 6 5
450 445 5 1 2 3 4 9 14 7 8 6 10 11 12 13 0 5
450 446 4 1 2 3 4 9 14 7 8 6 10 11 12 13 5 0
454 449 5 1 2 3 4 9 14 7 8 0 10 11 12 13 5 6
455 450 5 1 2 3 4 9 14 7 8 5 10 11 12 13 0 6
455 451 4 1 2 3 4 9 14 7 8 5 10 11 12 13 6 0
458 453 5 1 2 3 4 0 14 7 8 5 10 11 12 13 6 9
453 448 5 1 2 3 4 0 14 7 8 6 10 11 12 13 5 9
456 451 5 1 2 3 4 6 14 7 8 0 10 11 12 13 5 9
457 452 5 1 2 3 4 6 14 7 8 5 10 11 12 13 0 9
457 453 4 1 2 3 4 6 14 7 8 5 10 11 12 13 9 0
461 456 5 1 2 3 4 6 14 7 8 0 10 11 12 13 9 5
461 457 4 1 2 3 4 6 14 7 8 9 10 11 12 13 0 5
461 458 3 1 2 3 4 6 14 7 8 9 10 11 12 13 5 0
464 460 4 1 2 3 4 0 14 7 8 9 10 11 12 13 5 6
468 463 5 1 2 3 4 11 14 7 8 9 10 0 12 13 5 6
469 465 4 1 2 3 4 11 14 7 8 9 10 6 12 13 5 0
472 467 5 1 2 3 4 0 14 7 8 9 10 6 12 13 5 11
471 466 5 1 2 3 4 11 14 7 8 9 10 6 12 13 0 5
469 464 5 1 2 3 4 11 0 7 8 9 10 14 12 13 5 6
438 433 5 14 2 3 4 5 11 7 8 9 10 1 12 13 0 6
449 444 5 14 2 3 4 5 1 7 8 9 0 11 12 13 6 10
443 438 5 1 2 3 4 5 11 7 8 9 10 12 0 13 6 14
445 440 5 1 2 3 4 5 11 7 8 9 0 14 12 13 6 10
451 446 5 1 2 3 4 0 14 7 8 6 10 11 12 13 9 5
449 444 5 1 2 3 4 5 14 0 8 9 10 7 12 13 6 11
450 445 5 1 2 3 4 5 0 14 8 9 10 7 12 13 6 11
467 462 5 0 2 3 4 1 14 7 8 9 10 11 12 13 5 6
469 465 4 6 2 3 4 1 14 7 8 9 10 11 12 13 5 0
472 467 5 6 2 3 4 0 14 7 8 9 10 11 12 13 5 1
471 466 5 6 2 3 4 1 14 7 8 9 10 11 12 13 0 5
468 463 5 14 2 3 4 1 0 7 8 9 10 11 12 13 5 6
447 442 5 1 2 3 4 5 14 7 8 9 10 12 0 13 6 11
466 461 5 1 2 3 0 4 14 7 8 9 10 11 12 13 5 6
460 455 5 1 2 3 4 0 14 7 8 5 10 11 12 13 9 6
449 444 5 1 2 3 4 0 14 7 8 9 10 5 12 13 6 11
429 424 5 1 2 3 4 5 7 14 8 9 10 0 12 13 6 11
446 441 5 1 2 3 4 0 11 7 8 9 10 14 12 13 6 5
427 422 5 1 2 3 4 5 7 14 8 0 10 11 12 13 9 6
450 445 5 14 2 3 4 0 1 7 8 9 10 11 12 13 6 5
452 447 5 0 2 3 4 14 1 7 8 9 10 11 12 13 6 5
454 450 4 5 2 3 4 14 1 7 8 9 10 11 12 13 6 0
456 451 5 5 2 3 4 14 1 7 8 9 10 11 12 13 0 6
451 446 5 14 2 3 4 5 1 7 8 0 10 11 12 13 6 9
452 447 5 14 2 3 4 5 1 7 8 6 10 11 12 13 0 9
452 448 4 14 2 3 4 5 1 7 8 6 10 11 12 13 9 0
456 451 5 0 2 3 4 5 1 7 8 6 10 11 12 13 9 14
453 448 5 5 2 3 4 0 1 7 8 9 10 11 12 13 6 14
448 443 5 0 2 3 4 5 1 7 8 9 10 14 12 13 6 11
450 446 4 11 2 3 4 5 1 7 8 9 10 14 12 13 6 0
452 447 5 11 2 3 4 5 1 7 8 9 10 14 12 13 0 6
442 437 5 2 0 3 4 5 14 7 8 9 10 11 12 13 6 1
465 460 5 1 2 3 4 6 14 7 8 9 10 0 12 13 5 11
466 461 5 1 2 3 4 6 0 7 8 9 10 14 12 13 5 11
441 436 5 11 2 3 4 5 0 7 8 9 10 1 12 13 6 14
446 441 5 1 2 3 4 0 14 7 8 9 5 11 12 13 6 10
429 424 5 1 2 3 4 0 7 14 8 9 10 11 12 13 6 5
463 458 5 1 2 3 4 6 14 7 8 9 10 11 12 0 13 5
466 461 5 0 2 3 4 6 14 7 8 9 10 11 12 13 5 1
467 462 5 14 2 3 4 6 0 7 8 9 10 11 12 13 5 1
466 461 5 1 2 3 4 10 14 7 8 9 0 11 12 13 5 6
466 462 4 1 2 3 4 10 14 7 8 9 6 11 12 13 5 0
469 464 5 1 2 3 4 0 14 7 8 9 6 11 12 13 5 10
468 463 5 1 2 3 4 10 14 7 8 9 6 11 12 13 0 5
450 445 5 1 2 3 4 5 14 7 8 10 9 11 12 13 0 6
442 437 5 11 2 3 4 5 1 7 8 9 10 0 12 13 6 14
464 459 5 1 2 3 4 6 14 7 8 9 0 11 12 13 5 10
452 447 5 2 0 3 4 5 1 7 8 9 10 11 12 13 6 14
454 448 6 2 3 0 4 5 1 7 8 9 10 11 12 13 6 14
403 397 6 11 2 3 4 5 12 7 8 9 10 0 13 6 14 1
404 399 5 11 2 3 4 5 12 7 8 9 10 1 13 6 14 0
407 401 6 1 2 3 0 4 12 7 8 9 10 11 13 6 14 5
413 407 6 1 2 3 4 0 11 7 8 9 10 5 13 6 14 12
414 409 5 1 2 3 4 12 11 7 8 9 10 5 13 6 14 0
417 411 6 1 2 3 4 12 11 7 8 9 10 0 13 6 14 5
417 412 5 1 2 3 4 12 0 7 8 9 10 11 13 6 14 5
419 413 6 1 2 3 4 12 7 0 8 9 10 11 13 6 14 5
420 414 6 1 2 3 4 12 7 13 8 9 10 11 0 6 14 5
421 415 6 1 2 3 4 12 7 13 8 9 10 11 6 0 14 5
409 403 6 1 2 3 4 5 12 0 8 9 10 7 13 6 14 11
410 404 6 1 2 3 4 5 0 12 8 9 10 7 13 6 14 11
411 405 6 1 2 3 4 5 7 12 8 9 10 0 13 6 14 11
411 407 4 1 2 3 4 5 7 12 8 9 10 11 13 6 14 0
416 410 6 1 2 3 4 5 7 12 8 0 10 11 13 6 14 9
408 402 6 1 2 3 0 5 12 7 8 4 10 11 13 6 14 9
408 402 6 0 2 3 4 1 12 7 8 9 10 11 13 6 14 5
410 405 5 5 2 3 4 1 12 7 8 9 10 11 13 6 14 0
406 400 6 1 2 3 4 5 12 7 8 0 10 11 13 6 9 14
409 403 6 1 2 3 4 5 12 7 8 9 10 13 6 14 0 11
404 398 6 12 2 3 4 5 11 7 8 9 10 13 0 6 14 1
405 399 6 12 2 3 4 5 11 7 8 9 10 13 6 0 14 1
409 403 6 1 2 3 4 9 12 7 8 0 10 11 13 6 14 5
411 405 6 1 2 3 4 5 12 7 8 9 0 14 11 13 6 10
414 408 6 1 2 3 4 5 7 13 8 9 10 0 11 6 14 12
415 410 5 1 2 3 4 5 7 13 8 9 10 12 11 6 14 0
408 402 6 1 2 3 4 5 12 0 8 9 10 13 7 6 14 11
409 403 6 1 2 3 4 5 0 12 8 9 10 13 7 6 14 11
410 404 6 1 2 3 4 5 13 12 8 9 10 0 7 6 14 11
410 406 4 1 2 3 4 5 13 12 8 9 10 11 7 6 14 0
415 409 6 1 2 3 4 5 13 12 8 0 10 11 7 6 14 9
407 401 6 1 2 3 4 5 12 7 0 9 10 11 13 8 6 14
413 407 6 1 2 3 4 5 7 8 0 9 10 11 13 6 14 12
414 408 6 1 2 3 4 5 7 8 6 9 10 11 13 0 14 12
414 409 5 1 2 3 4 5 7 8 6 9 10 11 0 13 14 12
415 410 5 1 2 3 4 5 7 0 6 9 10 11 8 13 14 12
415 411 4 1 2 3 4 5 0 7 6 9 10 11 8 13 14 12
417 412 5 1 2 3 4 5 11 7 6 9 10 0 8 13 14 12
418 414 4 1 2 3 4 5 11 7 6 9 10 12 8 13 14 0
418 413 5 1 2 3 4 5 11 7 6 9 10 8 0 13 14 12
416 411 5 1 2 3 4 5 7 6 0 9 10 11 8 13 14 12
418 412 6 1 2 3 4 5 7 6 9 0 10 11 8 13 14 12
421 415 6 1 2 3 4 5 11 7 6 9 0 12 8 13 14 10
412 406 6 1 2 3 4 5 12 7 8 0 10 14 11 13 9 6
412 406 6 1 2 3 4 5 11 0 8 9 10 13 7 6 14 12
413 407 6 1 2 3 4 5 0 11 8 9 10 13 7 6 14 12
414 408 6 1 2 3 4 5 13 11 8 9 10 0 7 6 14 12
416 411 5 1 2 3 4 5 13 0 8 9 10 11 7 6 14 12
416 412 4 1 2 3 4 5 13 7 8 9 10 11 0 6 14 12
417 413 4 1 2 3 4 5 13 7 8 9 10 11 6 0 14 12
419 414 5 1 2 3 4 5 13 7 8 9 10 11 6 14 0 12
419 415 4 1 2 3 4 5 13 7 8 9 10 11 6 14 12 0
419 414 5 1 2 3 4 5 13 7 0 9 10 11 6 8 14 12
418 413 5 1 2 3 4 5 13 7 8 9 10 0 11 6 14 12
419 415 4 1 2 3 4 5 13 7 8 9 10 12 11 6 14 0
419 414 5 1 2 3 4 5 0 7 8 9 10 13 11 6 14 12
417 412 5 1 2 3 4 5 0 13 8 9 10 11 7 6 14 12
415 410 5 1 2 3 4 5 13 11 8 9 10 12 7 6 14 0
413 407 6 0 2 3 4 5 12 7 8 9 10 14 11 13 6 1
415 409 6 14 2 3 4 5 12 7 8 9 10 0 11 13 6 1
416 411 5 14 2 3 4 5 12 7 8 9 10 1 11 13 6 0
415 410 5 14 2 3 4 5 12 7 8 9 10 11 0 13 6 1
417 411 6 14 2 3 4 5 12 7 8 9 10 11 13 0 6 1
418 412 6 14 2 3 4 5 12 7 8 9 10 11 13 6 0 1
418 413 5 14 2 3 4 5 12 7 8 9 10 11 13 6 1 0
422 416 6 0 2 3 4 5 12 7 8 9 10 11 13 6 1 14
423 417 6 12 2 3 4 5 0 7 8 9 10 11 13 6 1 14
419 413 6 1 2 3 4 5 11 13 8 9 10 0 7 6 14 12
420 415 5 1 2 3 4 5 11 13 8 9 10 12 7 6 14 0
420 414 6 1 2 3 4 5 11 13 8 9 10 7 0 6 14 12
421 415 6 1 2 3 4 5 11 13 8 9 10 7 6 0 14 12
436 430 6 0 2 3 4 5 7 14 8 6 10 11 12 13 9 1
437 431 6 7 2 3 4 5 0 14 8 6 10 11 12 13 9 1
432 426 6 1 2 3 4 5 7 14 0 8 10 11 12 13 6 9
433 427 6 1 2 3 4 5 7 0 14 8 10 11 12 13 6 9
433 428 5 1 2 3 4 5 0 7 14 8 10 11 12 13 6 9
435 429 6 1 2 3 4 5 11 7 14 8 10 0 12 13 6 9
436 431 5 1 2 3 4 5 11 7 14 8 10 9 12 13 6 0
440 434 6 1 2 3 4 5 11 7 14 0 10 9 12 13 6 8
441 435 6 1 2 3 4 5 11 7 0 14 10 9 12 13 6 8
441 435 6 1 2 3 4 5 11 7 14 6 10 9 12 13 0 8
441 436 5 1 2 3 4 5 11 7 14 6 10 9 12 13 8 0
445 439 6 1 2 3 4 5 11 7 14 0 10 9 12 13 8 6
446 440 6 1 2 3 4 5 11 7 0 14 10 9 12 13 8 6
444 438 6 1 2 3 4 5 11 7 14 6 10 0 12 13 8 9
444 439 5 1 2 3 4 5 0 7 14 6 10 11 12 13 8 9
446 440 6 1 2 3 4 5 7 0 14 6 10 11 12 13 8 9
447 441 6 1 2 3 4 5 7 14 0 6 10 11 12 13 8 9
448 442 6 1 2 3 4 5 7 14 6 0 10 11 12 13 8 9
449 443 6 1 2 3 4 5 7 14 6 8 10 11 12 13 0 9
449 444 5 1 2 3 4 5 7 14 6 8 10 11 12 13 9 0
453 447 6 1 2 3 4 5 7 14 6 0 10 11 12 13 9 8
453 448 5 1 2 3 4 5 7 14 6 9 10 11 12 13 0 8
453 449 4 1 2 3 4 5 7 14 6 9 10 11 12 13 8 0
458 452 6 0 2 3 4 5 7 14 6 9 10 11 12 13 8 1
461 455 6 14 2 3 4 5 7 0 6 9 10 11 12 13 8 1
461 456 5 14 2 3 4 5 0 7 6 9 10 11 12 13 8 1
463 457 6 14 2 3 4 5 11 7 6 9 10 0 12 13 8 1
464 459 5 14 2 3 4 5 11 7 6 9 10 1 12 13 8 0
468 462 6 0 2 3 4 5 11 7 6 9 10 1 12 13 8 14
469 464 5 1 2 3 4 5 11 7 6 9 10 0 12 13 8 14
470 466 4 1 2 3 4 5 11 7 6 9 10 14 12 13 8 0
469 465 4 1 2 3 4 5 0 7 6 9 10 11 12 13 8 14
471 466 5 1 2 3 4 5 7 0 6 9 10 11 12 13 8 14
472 467 5 1 2 3 4 5 7 6 0 9 10 11 12 13 8 14
472 467 5 1 2 3 4 5 11 7 6 9 10 14 12 13 0 8
474 468 6 1 2 3 4 5 11 7 6 9 10 14 12 0 13 8
475 469 6 1 2 3 4 5 11 7 0 9 10 14 12 6 13 8
474 468 6 1 2 3 4 5 11 7 6 0 10 14 12 13 9 8
475 469 6 1 2 3 4 5 11 7 0 6 10 14 12 13 9 8
449 443 6 1 2 3 4 5 11 7 8 10 0 14 12 13 6 9
449 444 5 1 2 3 4 5 11 7 8 10 9 14 12 13 6 0
452 446 6 1 2 3 4 5 11 7 8 10 9 0 12 13 6 14
452 447 5 1 2 3 4 5 0 7 8 10 9 11 12 13 6 14
454 448 6 1 2 3 4 5 7 0 8 10 9 11 12 13 6 14
451 445 6 1 2 3 4 5 11 7 8 10 9 14 12 13 0 6
452 446 6 1 2 3 4 5 11 7 8 0 9 14 12 13 10 6
452 447 5 1 2 3 4 5 11 7 8 9 0 14 12 13 10 6
452 448 4 1 2 3 4 5 11 7 8 9 6 14 12 13 10 0
455 450 5 1 2 3 4 5 11 7 8 9 6 0 12 13 10 14
455 451 4 1 2 3 4 5 0 7 8 9 6 11 12 13 10 14
457 452 5 1 2 3 4 5 7 0 8 9 6 11 12 13 10 14
454 449 5 1 2 3 4 5 11 7 8 9 6 14 12 13 0 10
456 450 6 1 2 3 4 5 11 7 8 9 6 14 12 0 13 10
456 450 6 1 2 3 4 5 11 7 8 0 6 14 12 13 9 10
454 448 6 0 2 3 4 5 14 7 8 6 10 1 12 13 9 11
456 451 5 11 2 3 4 5 14 7 8 6 10 1 12 13 9 0
458 452 6 11 2 3 4 5 14 7 8 6 10 1 12 13 0 9
455 449 6 14 2 3 4 5 0 7 8 6 10 1 12 13 9 11
444 438 6 11 2 3 4 5 14 7 8 0 10 1 12 13 9 6
444 438 6 11 2 3 4 5 14 7 8 9 10 1 12 0 13 6
446 440 6 2 0 3 4 5 14 7 8 9 10 1 12 13 6 11
451 445 6 1 2 3 4 5 14 7 8 6 9 0 12 13 10 11
452 446 6 1 2 3 4 5 0 7 8 6 9 14 12 13 10 11
449 443 6 1 2 3 4 5 14 7 8 6 9 11 12 0 13 10
452 446 6 0 2 3 4 5 14 7 8 6 9 11 12 13 10 1
453 447 6 14 2 3 4 5 0 7 8 6 9 11 12 13 10 1
451 445 6 1 2 3 4 0 14 7 8 6 9 11 12 13 10 5
452 446 6 1 2 3 4 9 14 7 8 6 0 11 12 13 10 5
452 447 5 1 2 3 4 9 14 7 8 6 5 11 12 13 10 0
454 448 6 1 2 3 4 9 14 7 8 6 5 11 12 13 0 10
453 447 6 1 2 3 0 5 14 7 8 4 9 11 12 13 10 6
449 443 6 1 2 3 4 5 7 11 8 9 10 12 0 13 6 14
457 451 6 1 2 3 4 5 14 7 0 9 6 11 12 8 13 10
457 451 6 1 2 3 0 5 14 7 8 4 6 11 12 13 9 10
452 446 6 14 2 3 0 5 1 7 8 4 10 11 12 13 9 6
461 455 6 1 2 3 4 5 14 7 8 10 6 0 12 13 9 11
462 456 6 1 2 3 4 5 0 7 8 10 6 14 12 13 9 11
459 453 6 1 2 3 4 5 14 7 8 10 6 11 12 0 13 9
458 452 6 1 2 3 4 5 14 7 0 8 6 11 12 13 10 9
462 456 6 0 2 3 4 5 14 7 8 10 6 11 12 13 9 1
463 457 6 14 2 3 4 5 0 7 8 10 6 11 12 13 9 1
461 455 6 1 2 3 4 0 14 7 8 10 6 11 12 13 9 5
458 452 6 2 0 3 4 5 14 7 8 9 6 11 12 13 10 1
457 451 6 1 2 3 0 4 14 7 8 9 6 11 12 13 10 5
459 453 6 11 2 3 4 5 14 7 8 9 6 0 12 13 10 1
460 455 5 11 2 3 4 5 14 7 8 9 6 1 12 13 10 0
462 456 6 11 2 3 4 5 14 7 8 9 6 1 12 13 0 10
462 456 6 11 2 3 4 5 14 7 8 9 0 1 12 13 10 6
458 452 6 0 2 3 4 1 14 7 8 9 6 11 12 13 10 5
460 455 5 5 2 3 4 1 14 7 8 9 6 11 12 13 10 0
462 456 6 5 2 3 4 1 14 7 8 9 6 11 12 13 0 10
462 456 6 5 2 3 4 1 14 7 8 9 0 11 12 13 10 6
463 457 6 5 2 3 4 0 14 7 8 9 1 11 12 13 10 6
464 459 5 5 2 3 4 6 14 7 8 9 1 11 12 13 10 0
464 459 5 0 2 3 4 5 14 7 8 9 1 11 12 13 10 6
466 462 4 6 2 3 4 5 14 7 8 9 1 11 12 13 10 0
468 463 5 6 2 3 4 5 14 7 8 9 1 11 12 13 0 10
468 463 5 6 2 3 4 5 14 7 8 9 0 11 12 13 10 1
465 460 5 14 2 3 4 5 0 7 8 9 1 11 12 13 10 6
467 461 6 14 2 3 4 5 7 0 8 9 1 11 12 13 10 6
470 464 6 6 2 3 4 5 14 7 8 9 1 0 12 13 10 11
472 466 6 0 2 3 4 5 14 7 8 9 1 6 12 13 10 11
474 469 5 11 2 3 4 5 14 7 8 9 1 6 12 13 10 0
476 470 6 11 2 3 4 5 14 7 8 9 1 6 12 13 0 10
476 470 6 11 2 3 4 5 14 7 8 9 0 6 12 13 10 1
459 453 6 1 2 3 4 5 14 0 8 9 6 7 12 13 10 11
460 454 6 1 2 3 4 5 0 14 8 9 6 7 12 13 10 11
461 455 6 1 2 3 4 5 7 14 8 9 6 0 12 13 10 11
461 457 4 1 2 3 4 5 7 14 8 9 6 11 12 13 10 0
463 458 5 1 2 3 4 5 7 14 8 9 6 11 12 13 0 10
463 458 5 1 2 3 4 5 7 14 8 9 0 11 12 13 10 6
465 459 6 1 2 3 4 5 7 14 8 0 9 11 12 13 10 6
466 460 6 1 2 3 4 5 7 14 8 10 9 11 12 13 0 6
466 461 5 1 2 3 4 5 7 14 8 10 9 11 12 13 6 0
465 459 6 1 2 3 4 0 7 14 8 9 5 11 12 13 10 6
466 461 5 1 2 3 4 6 7 14 8 9 5 11 12 13 10 0
468 462 6 1 2 3 4 6 7 14 8 9 5 11 12 13 0 10
468 462 6 1 2 3 4 6 7 14 8 9 0 11 12 13 10 5
448 442 6 5 2 3 4 1 14 7 8 9 10 11 12 0 13 6
451 445 6 14 2 3 4 1 11 7 8 9 10 0 12 13 6 5
452 447 5 14 2 3 4 1 11 7 8 9 10 5 12 13 6 0
454 448 6 14 2 3 4 1 11 7 8 9 10 5 12 13 0 6
450 444 6 2 0 3 4 1 14 7 8 9 10 11 12 13 6 5
454 448 6 1 2 3 4 5 7 0 8 6 10 14 12 13 9 11
455 449 6 1 2 3 4 5 14 0 8 6 10 7 12 13 9 11
456 450 6 1 2 3 4 5 0 14 8 6 10 7 12 13 9 11
449 443 6 1 2 3 0 5 11 7 8 4 10 14 12 13 6 9
449 443 6 1 2 3 4 5 11 7 0 8 10 14 12 13 6 9
450 444 6 1 2 3 4 5 11 7 8 6 10 14 12 0 13 9
453 447 6 0 2 3 4 5 11 7 8 6 10 14 12 13 9 1
454 448 6 11 2 3 4 5 0 7 8 6 10 14 12 13 9 1
452 446 6 1 2 3 4 0 11 7 8 6 10 14 12 13 9 5
455 449 6 1 2 3 4 6 11 7 8 0 10 14 12 13 9 5
455 450 5 1 2 3 4 6 11 7 8 9 10 14 12 13 0 5
455 451 4 1 2 3 4 6 11 7 8 9 10 14 12 13 5 0
458 453 5 1 2 3 4 0 11 7 8 9 10 14 12 13 5 6
461 456 5 1 2 3 4 14 11 7 8 9 10 0 12 13 5 6
462 458 4 1 2 3 4 14 11 7 8 9 10 6 12 13 5 0
461 457 4 1 2 3 4 14 0 7 8 9 10 11 12 13 5 6
463 458 5 1 2 3 4 14 7 0 8 9 10 11 12 13 5 6
465 460 5 1 2 3 4 0 11 7 8 9 10 6 12 13 5 14
464 459 5 1 2 3 4 14 11 7 8 9 10 6 12 13 0 5
458 453 5 1 2 3 4 6 11 7 8 9 10 0 12 13 5 14
458 454 4 1 2 3 4 6 0 7 8 9 10 11 12 13 5 14
460 455 5 1 2 3 4 6 7 0 8 9 10 11 12 13 5 14
462 456 6 1 2 3 4 6 7 8 0 9 10 11 12 13 5 14
462 456 6 1 2 3 4 6 7 12 8 9 10 11 0 13 5 14
451 445 6 1 2 3 4 10 14 7 8 9 5 11 12 0 13 6
451 445 6 1 2 3 4 10 14 7 8 0 5 11 12 13 9 6
447 441 6 1 2 3 4 5 11 12 8 9 10 7 0 13 6 14
447 441 6 1 0 3 4 5 11 2 8 9 10 7 12 13 6 14
451 445 6 1 2 3 4 5 7 11 8 9 0 14 12 13 6 10
447 441 6 1 2 3 4 5 11 8 0 9 10 7 12 13 6 14
451 445 6 1 2 3 4 0 7 11 8 9 10 5 12 13 6 14
452 447 5 1 2 3 4 14 7 11 8 9 10 5 12 13 6 0
455 449 6 1 2 3 4 14 7 11 8 9 10 0 12 13 6 5
456 450 6 1 2 3 4 14 0 11 8 9 10 7 12 13 6 5
454 448 6 1 2 3 4 14 7 11 8 9 10 5 12 13 0 6
453 447 6 1 2 3 4 5 7 11 8 0 10 14 12 13 6 9
454 448 6 1 2 3 4 5 7 11 8 6 10 14 12 13 0 9
454 449 5 1 2 3 4 5 7 11 8 6 10 14 12 13 9 0
457 451 6 1 2 3 4 5 7 11 8 6 10 0 12 13 9 14
458 452 6 1 2 3 4 5 0 11 8 6 10 7 12 13 9 14
453 447 6 1 2 3 4 14 11 0 8 9 10 7 12 13 6 5
448 442 6 14 2 3 4 5 1 7 8 9 10 12 0 13 6 11
447 441 6 14 2 3 4 5 7 0 8 9 10 1 12 13 6 11
450 444 6 14 2 3 4 0 1 7 8 9 10 5 12 13 6 11
451 446 5 14 2 3 4 11 1 7 8 9 10 5 12 13 6 0
455 449 6 0 2 3 4 11 1 7 8 9 10 5 12 13 6 14
455 450 5 1 2 3 4 11 0 7 8 9 10 5 12 13 6 14
456 451 5 1 2 3 4 11 5 7 8 9 10 0 12 13 6 14
458 454 4 1 2 3 4 0 5 7 8 9 10 11 12 13 6 14
459 456 3 1 2 3 4 14 5 7 8 9 10 11 12 13 6 0
461 457 4 1 2 3 4 14 5 7 8 9 10 11 12 13 0 6
457 453 4 1 2 3 4 11 5 7 8 9 10 14 12 13 6 0
460 455 5 1 2 3 4 0 5 7 8 9 10 14 12 13 6 11
459 454 5 1 2 3 4 11 5 7 8 9 10 14 12 13 0 6
463 458 5 1 2 3 4 14 5 7 8 9 10 11 12 0 13 6
463 458 5 1 2 3 4 14 5 7 8 0 10 11 12 13 9 6
464 459 5 1 2 3 4 14 5 7 8 0 10 11 12 13 6 9
465 460 5 1 2 3 4 14 5 7 8 6 10 11 12 13 0 9
465 461 4 1 2 3 4 14 5 7 8 6 10 11 12 13 9 0
468 463 5 1 2 3 4 0 5 7 8 6 10 11 12 13 9 14
471 466 5 1 2 3 4 6 5 7 8 0 10 11 12 13 9 14
471 467 4 1 2 3 4 6 5 7 8 9 10 11 12 13 0 14
470 468 2 1 2 3 4 6 5 7 8 9 10 11 12 13 14 0
473 470 3 1 2 3 4 0 5 7 8 9 10 11 12 13 14 6
477 473 4 1 2 3 4 9 5 7 8 0 10 11 12 13 14 6
477 473 4 1 2 3 4 11 5 7 8 9 10 0 12 13 14 6
478 475 3 1 2 3 4 11 5 7 8 9 10 6 12 13 14 0
481 477 4 1 2 3 4 0 5 7 8 9 10 6 12 13 14 11
478 474 4 1 2 3 4 11 0 7 8 9 10 5 12 13 14 6
476 472 4 0 2 3 4 1 5 7 8 9 10 11 12 13 14 6
478 475 3 6 2 3 4 1 5 7 8 9 10 11 12 13 14 0
481 477 4 6 2 3 4 0 5 7 8 9 10 11 12 13 14 1
477 473 4 5 2 3 4 1 0 7 8 9 10 11 12 13 14 6
475 471 4 1 2 3 0 4 5 7 8 9 10 11 12 13 14 6
475 471 4 1 2 3 4 10 5 7 8 9 0 11 12 13 14 6
475 472 3 1 2 3 4 10 5 7 8 9 6 11 12 13 14 0
478 474 4 1 2 3 4 0 5 7 8 9 6 11 12 13 14 10
475 471 4 1 2 3 4 6 5 7 8 0 10 11 12 13 14 9
473 469 4 1 2 3 4 6 5 7 8 9 0 11 12 13 14 10
474 470 4 1 2 3 4 6 5 7 8 9 10 0 12 13 14 11
475 471 4 1 2 3 4 6 0 7 8 9 10 5 12 13 14 11
475 471 4 0 2 3 4 6 5 7 8 9 10 11 12 13 14 1
476 472 4 5 2 3 4 6 0 7 8 9 10 11 12 13 14 1
478 473 5 5 2 3 4 6 7 0 8 9 10 11 12 13 14 1
478 473 5 5 2 3 4 6 11 7 8 9 10 0 12 13 14 1
479 475 4 5 2 3 4 6 11 7 8 9 10 1 12 13 14 0
483 478 5 0 2 3 4 6 11 7 8 9 10 1 12 13 14 5
484 480 4 1 2 3 4 6 11 7 8 9 10 0 12 13 14 5
485 482 3 1 2 3 4 6 11 7 8 9 10 5 12 13 14 0
484 481 3 1 2 3 4 6 0 7 8 9 10 11 12 13 14 5
486 482 4 1 2 3 4 6 7 0 8 9 10 11 12 13 14 5
488 484 4 1 2 3 4 0 11 7 8 9 10 5 12 13 14 6
490 487 3 1 2 3 4 5 11 7 8 9 10 0 12 13 14 6
491 489 2 1 2 3 4 5 11 7 8 9 10 6 12 13 14 0
490 488 2 1 2 3 4 5 0 7 8 9 10 11 12 13 14 6
492 489 3 1 2 3 4 5 7 0 8 9 10 11 12 13 14 6
494 490 4 1 2 3 4 5 7 8 0 9 10 11 12 13 14 6
494 490 4 1 2 3 4 5 7 12 8 9 10 11 0 13 14 6
494 490 4 1 0 3 4 5 7 2 8 9 10 11 12 13 14 6
496 492 4 1 2 3 4 5 11 7 8 0 10 6 12 13 14 9
496 492 4 0 2 3 4 5 11 7 8 9 10 6 12 13 14 1
498 494 4 6 2 3 4 5 11 7 8 9 10 0 12 13 14 1
499 496 3 6 2 3 4 5 11 7 8 9 10 1 12 13 14 0
498 495 3 6 2 3 4 5 0 7 8 9 10 11 12 13 14 1
500 496 4 6 2 3 4 5 7 0 8 9 10 11 12 13 14 1
497 493 4 11 2 3 4 5 0 7 8 9 10 6 12 13 14 1
497 494 3 11 2 3 4 5 6 7 8 9 10 0 12 13 14 1
498 496 2 0 2 3 4 5 6 7 8 9 10 11 12 13 14 1
499 499 0 1 2 3 4 5 6 7 8 9 10 11 12 13 14 0
