0 0 0 10 5 6 2 1 7 12 13 4 11 3 0 14 8 9
15 1 14 10 5 6 2 1 7 12 13 4 11 3 14 0 8 9
16 2 14 10 5 6 2 1 7 12 13 4 11 3 14 8 0 9
16 3 13 10 5 6 2 1 7 12 13 4 11 3 14 8 9 0
20 6 14 10 5 6 2 1 7 12 13 0 11 3 14 8 9 4
20 7 13 10 5 6 2 1 7 12 13 11 0 3 14 8 9 4
20 8 12 10 5 6 2 1 7 12 13 11 4 3 14 8 9 0
24 11 13 0 5 6 2 1 7 12 13 11 4 3 14 8 9 10
25 13 12 1 5 6 2 0 7 12 13 11 4 3 14 8 9 10
26 15 11 1 5 6 2 10 7 12 13 11 4 3 14 8 9 0
28 16 12 1 5 6 2 10 7 12 13 11 4 3 14 8 0 9
29 17 12 1 5 6 2 10 7 12 13 11 4 3 14 0 8 9
30 18 12 1 5 6 2 10 7 12 13 11 4 3 0 14 8 9
31 19 12 1 5 6 2 10 7 0 13 11 4 3 12 14 8 9
31 20 11 1 0 6 2 10 7 5 13 11 4 3 12 14 8 9
32 21 11 1 6 0 2 10 7 5 13 11 4 3 12 14 8 9
33 22 11 1 6 2 0 10 7 5 13 11 4 3 12 14 8 9
33 23 10 1 6 2 10 0 7 5 13 11 4 3 12 14 8 9
34 25 9 1 6 2 10 9 7 5 13 11 4 3 12 14 8 0
36 26 10 1 6 2 10 9 7 5 13 11 4 3 12 14 0 8
37 27 10 1 6 2 10 9 7 5 13 11 4 3 12 0 14 8
38 28 10 1 6 2 10 9 7 5 13 11 4 3 0 12 14 8
38 28 10 1 6 2 10 9 7 5 0 11 4 3 12 13 14 8
39 29 10 1 6 0 10 9 7 5 2 11 4 3 12 13 14 8
40 30 10 1 0 6 10 9 7 5 2 11 4 3 12 13 14 8
34 24 10 1 6 2 10 4 7 5 13 11 0 3 12 14 8 9
34 25 9 1 6 2 10 4 7 5 13 11 9 3 12 14 8 0
37 27 10 1 6 2 10 0 7 5 13 11 9 3 12 14 8 4
36 26 10 1 6 2 10 4 7 5 13 11 9 3 12 14 0 8
37 27 10 1 6 2 10 4 7 5 13 11 9 3 12 0 14 8
38 28 10 1 6 2 10 4 7 5 13 11 9 3 0 12 14 8
38 28 10 1 6 2 10 4 7 5 0 11 9 3 12 13 14 8
39 29 10 1 6 0 10 4 7 5 2 11 9 3 12 13 14 8
40 30 10 1 0 6 10 4 7 5 2 11 9 3 12 13 14 8
36 26 10 1 6 2 10 9 7 5 13 11 0 3 12 14 8 4
38 27 11 1 6 2 10 9 7 5 13 0 11 3 12 14 8 4
39 28 11 1 6 2 10 9 7 5 0 13 11 3 12 14 8 4
40 29 11 1 6 2 10 9 7 5 14 13 11 3 12 0 8 4
41 30 11 1 6 2 10 9 7 5 14 13 11 3 12 8 0 4
41 31 10 1 6 2 10 9 7 5 14 13 11 3 12 8 4 0
45 34 11 1 6 2 10 9 7 5 14 0 11 3 12 8 4 13
45 35 10 1 6 2 10 9 7 5 14 11 0 3 12 8 4 13
45 36 9 1 6 2 10 9 7 5 14 11 13 3 12 8 4 0
48 38 10 1 6 2 10 0 7 5 14 11 13 3 12 8 4 9
48 39 9 1 6 2 10 13 7 5 14 11 0 3 12 8 4 9
48 40 8 1 6 2 10 13 7 5 14 11 9 3 12 8 4 0
50 41 9 1 6 2 10 13 7 5 14 11 9 3 12 8 0 4
51 42 9 1 6 2 10 13 7 5 14 11 9 3 12 0 8 4
52 43 9 1 6 2 10 13 7 5 14 11 9 3 0 12 8 4
52 43 9 1 6 2 10 13 7 5 0 11 9 3 12 14 8 4
53 44 9 1 6 0 10 13 7 5 2 11 9 3 12 14 8 4
54 45 9 1 0 6 10 13 7 5 2 11 9 3 12 14 8 4
56 46 10 0 1 6 10 13 7 5 2 11 9 3 12 14 8 4
58 49 9 4 1 6 10 13 7 5 2 11 9 3 12 14 8 0
60 50 10 4 1 6 10 13 7 5 2 11 9 3 12 14 0 8
61 51 10 4 1 6 10 13 7 5 2 11 9 3 12 0 14 8
62 52 10 4 1 6 10 13 7 5 2 11 9 3 0 12 14 8
46 36 10 1 6 2 10 0 7 5 14 11 9 3 12 8 4 13
52 42 10 1 6 2 10 13 7 5 14 11 9 0 12 8 4 3
53 43 10 1 6 2 10 13 7 5 14 11 9 12 0 8 4 3
54 44 10 1 6 2 10 13 7 5 14 11 9 12 8 0 4 3
55 45 10 1 6 2 10 13 7 5 14 11 9 12 8 4 0 3
55 46 9 1 6 2 10 13 7 5 14 11 9 12 8 4 3 0
58 48 10 1 6 2 10 13 7 5 14 11 9 0 8 4 3 12
59 49 10 1 6 2 10 13 7 5 14 11 9 8 0 4 3 12
60 50 10 1 6 2 10 13 7 5 14 11 9 8 4 0 3 12
61 51 10 1 6 2 10 13 7 5 14 11 9 8 4 3 0 12
60 52 8 1 6 2 10 13 7 5 14 11 9 8 4 3 12 0
63 54 9 1 6 2 10 13 7 5 14 11 9 0 4 3 12 8
64 55 9 1 6 2 10 13 7 5 14 11 9 4 0 3 12 8
65 56 9 1 6 2 10 13 7 5 14 11 9 4 3 0 12 8
66 57 9 1 6 2 10 13 7 5 0 11 9 4 3 14 12 8
67 58 9 1 6 0 10 13 7 5 2 11 9 4 3 14 12 8
68 59 9 1 0 6 10 13 7 5 2 11 9 4 3 14 12 8
64 55 9 1 6 2 10 13 0 5 14 11 9 7 4 3 12 8
62 53 9 1 6 2 10 13 7 5 14 11 0 8 4 3 12 9
64 54 10 1 6 2 10 13 7 5 14 0 11 8 4 3 12 9
65 55 10 1 6 2 10 13 7 5 0 14 11 8 4 3 12 9
66 56 10 1 6 2 10 13 7 5 3 14 11 8 4 0 12 9
67 57 10 1 6 2 10 13 7 5 3 14 11 8 0 4 12 9
68 58 10 1 6 2 10 13 7 5 3 14 11 0 8 4 12 9
69 60 9 1 6 2 10 13 7 5 3 14 11 9 8 4 12 0
73 63 10 1 6 2 10 13 7 5 3 0 11 9 8 4 12 14
73 64 9 1 6 2 10 13 7 5 3 11 0 9 8 4 12 14
72 65 7 1 6 2 10 13 7 5 3 11 14 9 8 4 12 0
75 67 8 1 6 2 10 13 7 5 3 11 14 0 8 4 12 9
76 68 8 1 6 2 10 13 7 5 3 11 14 8 0 4 12 9
77 69 8 1 6 2 10 13 7 5 3 11 14 8 4 0 12 9
78 70 8 1 6 2 10 13 7 5 0 11 14 8 4 3 12 9
79 71 8 1 6 0 10 13 7 5 2 11 14 8 4 3 12 9
80 72 8 1 0 6 10 13 7 5 2 11 14 8 4 3 12 9
76 68 8 1 6 2 10 13 0 5 3 11 14 7 8 4 12 9
78 69 9 1 6 2 10 13 5 0 3 11 14 7 8 4 12 9
79 70 9 1 6 2 10 13 5 3 0 11 14 7 8 4 12 9
80 71 9 1 6 2 10 13 5 3 4 11 14 7 8 0 12 9
81 72 9 1 6 2 10 13 5 3 4 11 14 7 0 8 12 9
82 73 9 1 6 2 10 13 5 3 4 11 14 0 7 8 12 9
84 76 8 1 6 2 10 13 5 0 4 11 14 3 7 8 12 9
84 77 7 1 6 2 10 13 0 5 4 11 14 3 7 8 12 9
86 78 8 1 6 2 10 13 3 5 4 11 14 0 7 8 12 9
87 80 7 1 6 2 10 13 3 5 4 11 14 9 7 8 12 0
83 75 8 1 6 2 10 13 5 3 4 11 14 9 7 8 12 0
87 79 8 1 6 2 10 13 3 5 4 11 14 7 0 8 12 9
88 80 8 1 6 2 10 13 3 5 4 11 14 7 8 0 12 9
89 81 8 1 6 2 10 13 3 5 0 11 14 7 8 4 12 9
90 82 8 1 6 0 10 13 3 5 2 11 14 7 8 4 12 9
91 83 8 1 0 6 10 13 3 5 2 11 14 7 8 4 12 9
85 77 8 1 0 2 10 13 5 6 4 11 14 3 7 8 12 9
86 78 8 1 2 0 10 13 5 6 4 11 14 3 7 8 12 9
87 79 8 1 2 4 10 13 5 6 0 11 14 3 7 8 12 9
87 80 7 1 2 4 10 13 5 6 8 11 14 3 7 0 12 9
88 81 7 1 2 4 10 13 5 6 8 11 14 3 0 7 12 9
88 82 6 1 2 4 10 13 5 0 8 11 14 3 6 7 12 9
88 83 5 1 2 4 10 13 0 5 8 11 14 3 6 7 12 9
90 84 6 1 2 4 10 13 3 5 8 11 14 0 6 7 12 9
91 86 5 1 2 4 10 13 3 5 8 11 14 9 6 7 12 0
89 83 6 1 0 4 10 13 5 2 8 11 14 3 6 7 12 9
89 84 5 1 4 0 10 13 5 2 8 11 14 3 6 7 12 9
91 85 6 1 4 10 0 13 5 2 8 11 14 3 6 7 12 9
91 85 6 1 4 8 10 13 5 2 0 11 14 3 6 7 12 9
92 86 6 1 4 8 10 13 5 0 2 11 14 3 6 7 12 9
92 87 5 1 4 8 10 13 0 5 2 11 14 3 6 7 12 9
94 88 6 1 4 8 10 13 3 5 2 11 14 0 6 7 12 9
95 90 5 1 4 8 10 13 3 5 2 11 14 9 6 7 12 0
92 86 6 1 4 8 10 13 5 2 7 11 14 3 6 0 12 9
94 87 7 1 4 8 10 13 5 2 7 11 14 3 6 12 0 9
94 88 6 1 4 8 10 13 5 2 7 11 14 3 6 12 9 0
98 91 7 1 4 8 10 13 3 5 2 11 14 9 6 7 0 12
99 92 7 1 4 8 10 13 3 5 2 11 14 9 6 0 7 12
100 93 7 1 4 8 10 13 3 5 0 11 14 9 6 2 7 12
100 94 6 1 4 0 10 13 3 5 8 11 14 9 6 2 7 12
102 95 7 1 4 10 0 13 3 5 8 11 14 9 6 2 7 12
102 95 7 1 0 4 10 13 3 5 8 11 14 9 6 2 7 12
94 87 7 1 4 8 10 13 5 2 7 11 14 3 0 6 12 9
95 88 7 1 4 8 10 13 5 0 7 11 14 3 2 6 12 9
95 89 6 1 4 8 10 13 0 5 7 11 14 3 2 6 12 9
97 90 7 1 4 8 10 13 3 5 7 11 14 0 2 6 12 9
98 92 6 1 4 8 10 13 3 5 7 11 14 9 2 6 12 0
98 91 7 1 4 8 10 13 3 5 7 11 14 2 0 6 12 9
98 92 6 1 4 8 10 13 3 5 7 11 14 2 6 0 12 9
99 93 6 1 4 8 10 13 3 5 0 11 14 2 6 7 12 9
99 94 5 1 4 0 10 13 3 5 8 11 14 2 6 7 12 9
101 95 6 1 4 10 0 13 3 5 8 11 14 2 6 7 12 9
101 95 6 1 0 4 10 13 3 5 8 11 14 2 6 7 12 9
103 96 7 0 1 4 10 13 3 5 8 11 14 2 6 7 12 9
105 99 6 9 1 4 10 13 3 5 8 11 14 2 6 7 12 0
108 101 7 9 1 4 10 13 3 5 8 11 14 0 6 7 12 2
108 102 6 9 1 4 10 13 0 5 8 11 14 3 6 7 12 2
110 103 7 9 1 4 10 13 5 0 8 11 14 3 6 7 12 2
111 104 7 9 0 4 10 13 5 1 8 11 14 3 6 7 12 2
111 105 6 9 4 0 10 13 5 1 8 11 14 3 6 7 12 2
113 106 7 9 4 10 0 13 5 1 8 11 14 3 6 7 12 2
113 106 7 9 4 8 10 13 5 1 0 11 14 3 6 7 12 2
114 107 7 9 4 8 10 13 5 0 1 11 14 3 6 7 12 2
114 108 6 9 4 8 10 13 0 5 1 11 14 3 6 7 12 2
116 109 7 9 4 8 10 13 3 5 1 11 14 0 6 7 12 2
117 111 6 9 4 8 10 13 3 5 1 11 14 2 6 7 12 0
121 114 7 0 4 8 10 13 3 5 1 11 14 2 6 7 12 9
123 116 7 2 4 8 10 13 3 5 1 11 14 0 6 7 12 9
124 118 6 2 4 8 10 13 3 5 1 11 14 9 6 7 12 0
123 117 6 2 4 8 10 13 0 5 1 11 14 3 6 7 12 9
125 118 7 2 4 8 10 13 5 0 1 11 14 3 6 7 12 9
126 119 7 2 4 8 10 13 5 1 0 11 14 3 6 7 12 9
126 120 6 2 4 0 10 13 5 1 8 11 14 3 6 7 12 9
128 121 7 2 4 10 0 13 5 1 8 11 14 3 6 7 12 9
128 121 7 2 0 4 10 13 5 1 8 11 14 3 6 7 12 9
129 122 7 0 2 4 10 13 5 1 8 11 14 3 6 7 12 9
131 125 6 9 2 4 10 13 5 1 8 11 14 3 6 7 12 0
130 123 7 5 2 4 10 13 0 1 8 11 14 3 6 7 12 9
131 124 7 5 2 4 10 13 1 0 8 11 14 3 6 7 12 9
132 125 7 5 0 4 10 13 1 2 8 11 14 3 6 7 12 9
132 126 6 5 4 0 10 13 1 2 8 11 14 3 6 7 12 9
134 127 7 5 4 10 0 13 1 2 8 11 14 3 6 7 12 9
103 96 7 1 4 10 13 0 3 5 8 11 14 2 6 7 12 9
104 98 6 1 4 10 13 9 3 5 8 11 14 2 6 7 12 0
107 100 7 1 4 10 13 9 3 5 8 11 14 0 6 7 12 2
107 101 6 1 4 10 13 9 0 5 8 11 14 3 6 7 12 2
109 102 7 1 4 10 13 9 5 0 8 11 14 3 6 7 12 2
110 103 7 1 4 10 13 0 3 5 8 11 14 9 6 7 12 2
111 105 6 1 4 10 13 2 3 5 8 11 14 9 6 7 12 0
110 104 6 1 4 10 0 13 3 5 8 11 14 9 6 7 12 2
110 105 5 1 4 0 10 13 3 5 8 11 14 9 6 7 12 2
112 106 6 1 0 4 10 13 3 5 8 11 14 9 6 7 12 2
112 106 6 1 4 8 10 13 3 5 0 11 14 9 6 7 12 2
113 107 6 1 4 8 10 13 3 5 7 11 14 9 6 0 12 2
115 108 7 1 4 8 10 13 3 5 7 11 14 9 6 12 0 2
115 109 6 1 4 8 10 13 3 5 7 11 14 9 6 12 2 0
118 111 7 1 4 8 10 13 3 5 7 11 14 0 6 12 2 9
118 112 6 1 4 8 10 13 0 5 7 11 14 3 6 12 2 9
120 113 7 1 4 8 10 13 5 0 7 11 14 3 6 12 2 9
121 114 7 1 4 8 10 13 5 7 0 11 14 3 6 12 2 9
121 115 6 1 4 0 10 13 5 7 8 11 14 3 6 12 2 9
123 116 7 1 4 10 0 13 5 7 8 11 14 3 6 12 2 9
123 116 7 1 0 4 10 13 5 7 8 11 14 3 6 12 2 9
124 117 7 1 7 4 10 13 5 0 8 11 14 3 6 12 2 9
124 118 6 1 7 4 10 13 0 5 8 11 14 3 6 12 2 9
126 119 7 1 7 4 10 13 3 5 8 11 14 0 6 12 2 9
127 121 6 1 7 4 10 13 3 5 8 11 14 9 6 12 2 0
129 122 7 1 7 4 10 13 3 5 8 11 14 9 6 12 0 2
129 123 6 1 7 4 10 13 3 5 8 11 14 9 6 0 12 2
131 124 7 1 7 4 10 13 3 5 8 11 14 9 0 6 12 2
132 125 7 1 7 4 10 13 3 5 8 11 14 0 9 6 12 2
133 127 6 1 7 4 10 13 3 5 8 11 14 2 9 6 12 0
132 126 6 1 7 4 10 13 0 5 8 11 14 3 9 6 12 2
134 127 7 1 7 4 10 13 5 0 8 11 14 3 9 6 12 2
135 128 7 1 7 4 10 13 5 9 8 11 14 3 0 6 12 2
135 129 6 1 7 4 10 13 5 9 8 11 14 3 6 0 12 2
137 130 7 1 7 4 10 13 5 9 8 11 14 3 6 12 0 2
137 131 6 1 7 4 10 13 5 9 8 11 14 3 6 12 2 0
114 107 7 1 5 4 10 13 3 0 8 11 14 9 6 7 12 2
115 108 7 1 5 4 10 13 0 3 8 11 14 9 6 7 12 2
116 109 7 1 5 4 10 13 9 3 8 11 14 0 6 7 12 2
118 112 6 1 5 4 10 13 9 0 8 11 14 3 6 7 12 2
118 113 5 1 0 4 10 13 9 5 8 11 14 3 6 7 12 2
118 114 4 1 4 0 10 13 9 5 8 11 14 3 6 7 12 2
120 115 5 1 4 10 0 13 9 5 8 11 14 3 6 7 12 2
120 115 5 1 4 8 10 13 9 5 0 11 14 3 6 7 12 2
121 116 5 1 4 8 10 13 9 5 7 11 14 3 6 0 12 2
123 117 6 1 4 8 10 13 9 5 7 11 14 3 6 12 0 2
123 118 5 1 4 8 10 13 9 5 7 11 14 3 6 12 2 0
120 114 6 0 1 4 10 13 9 5 8 11 14 3 6 7 12 2
122 117 5 2 1 4 10 13 9 5 8 11 14 3 6 7 12 0
123 117 6 1 4 8 10 13 9 5 7 11 14 3 0 6 12 2
122 116 6 1 4 8 10 13 9 5 11 0 14 3 6 7 12 2
122 116 6 1 4 8 10 13 9 0 5 11 14 3 6 7 12 2
123 117 6 1 4 8 10 13 0 9 5 11 14 3 6 7 12 2
117 111 6 1 5 4 10 13 9 3 8 11 14 2 6 7 12 0
119 113 6 1 5 4 10 13 0 9 8 11 14 3 6 7 12 2
122 116 6 1 4 10 13 0 9 5 8 11 14 3 6 7 12 2
123 118 5 1 4 10 13 2 9 5 8 11 14 3 6 7 12 0
122 116 6 1 4 10 11 13 9 5 8 0 14 3 6 7 12 2
124 117 7 1 4 10 11 13 9 5 8 14 0 3 6 7 12 2
124 118 6 1 4 10 11 13 9 5 8 14 2 3 6 7 12 0
128 121 7 1 4 10 11 13 9 5 8 0 2 3 6 7 12 14
128 122 6 1 4 10 0 13 9 5 8 11 2 3 6 7 12 14
128 123 5 1 4 0 10 13 9 5 8 11 2 3 6 7 12 14
130 124 6 1 0 4 10 13 9 5 8 11 2 3 6 7 12 14
130 124 6 1 4 8 10 13 9 5 0 11 2 3 6 7 12 14
131 125 6 1 4 8 10 13 9 5 7 11 2 3 6 0 12 14
133 126 7 1 4 8 10 13 9 5 7 11 2 3 6 12 0 14
133 127 6 1 4 8 10 13 9 5 7 11 2 3 6 12 14 0
135 128 7 1 4 8 10 13 9 5 7 11 0 3 6 12 14 2
105 98 7 2 1 4 10 13 3 5 8 11 14 0 6 7 12 9
106 100 6 2 1 4 10 13 3 5 8 11 14 9 6 7 12 0
105 99 6 2 1 4 10 13 0 5 8 11 14 3 6 7 12 9
107 100 7 2 1 4 10 13 5 0 8 11 14 3 6 7 12 9
115 108 7 1 4 8 10 13 3 5 7 11 14 9 0 6 12 2
116 109 7 1 4 8 10 13 3 5 7 11 14 0 9 6 12 2
117 111 6 1 4 8 10 13 3 5 7 11 14 2 9 6 12 0
116 110 6 1 4 8 10 13 0 5 7 11 14 3 9 6 12 2
118 111 7 1 4 8 10 13 5 0 7 11 14 3 9 6 12 2
119 112 7 1 4 8 10 13 5 7 0 11 14 3 9 6 12 2
119 113 6 1 4 0 10 13 5 7 8 11 14 3 9 6 12 2
121 114 7 1 4 10 0 13 5 7 8 11 14 3 9 6 12 2
120 113 7 1 4 8 10 13 5 7 6 11 14 3 9 0 12 2
120 114 6 1 4 8 10 13 5 7 6 11 14 3 0 9 12 2
121 115 6 1 4 8 10 13 5 0 6 11 14 3 7 9 12 2
121 116 5 1 4 8 10 13 0 5 6 11 14 3 7 9 12 2
123 117 6 1 4 8 10 13 3 5 6 11 14 0 7 9 12 2
124 119 5 1 4 8 10 13 3 5 6 11 14 2 7 9 12 0
124 118 6 1 4 8 10 13 3 5 6 11 14 7 0 9 12 2
122 116 6 1 4 8 10 13 5 6 0 11 14 3 7 9 12 2
122 117 5 1 4 0 10 13 5 6 8 11 14 3 7 9 12 2
124 118 6 1 4 10 0 13 5 6 8 11 14 3 7 9 12 2
124 118 6 1 0 4 10 13 5 6 8 11 14 3 7 9 12 2
125 119 6 1 6 4 10 13 5 0 8 11 14 3 7 9 12 2
125 120 5 1 6 4 10 13 0 5 8 11 14 3 7 9 12 2
127 121 6 1 6 4 10 13 3 5 8 11 14 0 7 9 12 2
128 123 5 1 6 4 10 13 3 5 8 11 14 2 7 9 12 0
128 122 6 1 6 4 10 13 3 5 8 11 14 7 0 9 12 2
126 120 6 1 6 4 10 13 5 7 8 11 14 3 0 9 12 2
128 121 7 1 6 4 10 13 5 7 8 11 14 3 9 0 12 2
128 121 7 1 6 4 10 13 5 7 8 11 14 0 3 9 12 2
129 123 6 1 6 4 10 13 5 7 8 11 14 2 3 9 12 0
131 124 7 1 6 4 10 13 5 0 8 11 14 7 3 9 12 2
131 125 6 1 6 4 10 13 0 5 8 11 14 7 3 9 12 2
132 126 6 1 6 4 10 13 7 5 8 11 14 0 3 9 12 2
133 128 5 1 6 4 10 13 7 5 8 11 14 2 3 9 12 0
132 127 5 1 6 4 10 13 7 5 8 11 14 3 0 9 12 2
134 128 6 1 6 4 10 13 7 5 8 11 14 3 9 0 12 2
134 128 6 1 6 4 10 13 7 0 8 11 14 3 5 9 12 2
135 129 6 1 6 4 10 13 0 7 8 11 14 3 5 9 12 2
135 129 6 1 0 4 10 13 7 6 8 11 14 3 5 9 12 2
135 130 5 1 4 0 10 13 7 6 8 11 14 3 5 9 12 2
137 131 6 1 4 10 0 13 7 6 8 11 14 3 5 9 12 2
137 131 6 1 4 8 10 13 7 6 0 11 14 3 5 9 12 2
138 132 6 1 4 8 10 13 7 0 6 11 14 3 5 9 12 2
138 133 5 1 4 8 10 13 7 5 6 11 14 3 0 9 12 2
140 134 6 1 4 8 10 13 7 5 6 11 14 3 9 0 12 2
141 135 6 1 4 8 10 13 7 5 0 11 14 3 9 6 12 2
141 136 5 1 4 0 10 13 7 5 8 11 14 3 9 6 12 2
143 137 6 1 4 10 0 13 7 5 8 11 14 3 9 6 12 2
143 137 6 1 0 4 10 13 7 5 8 11 14 3 9 6 12 2
140 134 6 1 4 8 10 13 7 5 6 11 14 0 3 9 12 2
141 136 5 1 4 8 10 13 7 5 6 11 14 2 3 9 12 0
141 135 6 1 4 8 10 13 0 5 6 11 14 7 3 9 12 2
139 133 6 1 4 8 10 13 0 7 6 11 14 3 5 9 12 2
141 134 7 1 4 8 10 13 3 7 6 11 14 0 5 9 12 2
142 136 6 1 4 8 10 13 3 7 6 11 14 2 5 9 12 0
142 135 7 1 4 8 10 13 3 7 6 11 14 5 0 9 12 2
144 137 7 1 4 8 10 13 7 0 6 11 14 5 3 9 12 2
145 138 7 1 4 8 10 13 7 6 0 11 14 5 3 9 12 2
145 139 6 1 4 0 10 13 7 6 8 11 14 5 3 9 12 2
147 140 7 1 4 10 0 13 7 6 8 11 14 5 3 9 12 2
147 140 7 1 0 4 10 13 7 6 8 11 14 5 3 9 12 2
145 138 7 1 4 8 10 13 0 7 6 11 14 5 3 9 12 2
136 129 7 1 6 4 10 0 7 5 8 11 14 13 3 9 12 2
137 131 6 1 6 4 10 2 7 5 8 11 14 13 3 9 12 0
140 133 7 1 6 4 10 2 7 5 8 11 14 0 3 9 12 13
140 134 6 1 6 4 10 2 7 5 8 11 14 3 0 9 12 13
142 135 7 1 6 4 10 2 7 5 8 11 14 3 9 0 12 13
142 135 7 1 6 4 10 2 7 0 8 11 14 3 5 9 12 13
143 136 7 1 6 4 10 2 0 7 8 11 14 3 5 9 12 13
143 136 7 1 0 4 10 2 7 6 8 11 14 3 5 9 12 13
143 137 6 1 4 0 10 2 7 6 8 11 14 3 5 9 12 13
145 138 7 1 4 10 0 2 7 6 8 11 14 3 5 9 12 13
146 139 7 1 4 10 2 0 7 6 8 11 14 3 5 9 12 13
146 141 5 1 4 10 2 13 7 6 8 11 14 3 5 9 12 0
151 144 7 1 4 10 2 13 7 6 8 0 14 3 5 9 12 11
152 145 7 1 4 10 0 13 7 6 8 2 14 3 5 9 12 11
152 146 6 1 4 0 10 13 7 6 8 2 14 3 5 9 12 11
154 147 7 1 0 4 10 13 7 6 8 2 14 3 5 9 12 11
155 148 7 1 6 4 10 13 7 0 8 2 14 3 5 9 12 11
155 149 6 1 6 4 10 13 7 5 8 2 14 3 0 9 12 11
157 150 7 1 6 4 10 13 7 5 8 2 14 3 9 0 12 11
137 130 7 1 6 4 10 13 3 7 8 11 14 0 5 9 12 2
138 132 6 1 6 4 10 13 3 7 8 11 14 2 5 9 12 0
138 131 7 1 6 4 10 13 3 7 8 11 14 5 0 9 12 2
157 150 7 1 6 4 10 13 7 5 8 2 14 0 3 9 12 11
158 152 6 1 6 4 10 13 7 5 8 2 14 11 3 9 12 0
162 155 7 1 6 4 10 13 7 5 8 0 14 11 3 9 12 2
158 151 7 1 6 4 10 13 0 5 8 2 14 7 3 9 12 11
131 124 7 1 6 4 10 0 3 5 8 11 14 13 7 9 12 2
132 126 6 1 6 4 10 2 3 5 8 11 14 13 7 9 12 0
135 128 7 1 6 4 10 2 3 5 8 11 14 0 7 9 12 13
135 129 6 1 6 4 10 2 0 5 8 11 14 3 7 9 12 13
137 130 7 1 6 4 10 2 5 0 8 11 14 3 7 9 12 13
138 131 7 1 6 4 10 2 5 7 8 11 14 3 0 9 12 13
138 131 7 1 0 4 10 2 5 6 8 11 14 3 7 9 12 13
138 132 6 1 4 0 10 2 5 6 8 11 14 3 7 9 12 13
140 133 7 1 4 10 0 2 5 6 8 11 14 3 7 9 12 13
141 134 7 1 4 10 2 0 5 6 8 11 14 3 7 9 12 13
141 136 5 1 4 10 2 13 5 6 8 11 14 3 7 9 12 0
146 139 7 1 4 10 2 13 5 6 8 0 14 3 7 9 12 11
147 140 7 1 4 10 0 13 5 6 8 2 14 3 7 9 12 11
147 141 6 1 4 0 10 13 5 6 8 2 14 3 7 9 12 11
149 142 7 1 0 4 10 13 5 6 8 2 14 3 7 9 12 11
150 143 7 1 6 4 10 13 5 0 8 2 14 3 7 9 12 11
150 144 6 1 6 4 10 13 0 5 8 2 14 3 7 9 12 11
152 145 7 1 6 4 10 13 3 5 8 2 14 0 7 9 12 11
153 147 6 1 6 4 10 13 3 5 8 2 14 11 7 9 12 0
157 150 7 1 6 4 10 13 3 5 8 0 14 11 7 9 12 2
153 146 7 1 6 4 10 13 3 5 8 2 14 7 0 9 12 11
149 142 7 1 4 10 2 13 7 6 8 11 14 3 5 9 0 12
132 125 7 1 0 4 10 13 5 6 8 11 14 7 3 9 12 2
132 126 6 1 4 0 10 13 5 6 8 11 14 7 3 9 12 2
134 127 7 1 4 10 0 13 5 6 8 11 14 7 3 9 12 2
134 127 7 1 4 8 10 13 5 6 0 11 14 7 3 9 12 2
132 125 7 1 6 4 10 0 3 5 8 11 14 2 7 9 12 13
136 129 7 1 6 4 10 13 7 0 8 11 14 5 3 9 12 2
137 130 7 1 6 4 10 13 7 3 8 11 14 5 0 9 12 2
138 131 7 1 6 4 10 13 7 3 8 11 14 0 5 9 12 2
139 133 6 1 6 4 10 13 7 3 8 11 14 2 5 9 12 0
139 132 7 1 6 4 10 13 0 3 8 11 14 7 5 9 12 2
136 129 7 1 6 4 10 13 7 5 8 11 14 2 3 9 0 12
139 132 7 1 4 10 11 13 7 6 8 0 14 3 5 9 12 2
135 128 7 0 6 4 10 13 7 5 8 11 14 1 3 9 12 2
137 131 6 2 6 4 10 13 7 5 8 11 14 1 3 9 12 0
140 133 7 2 6 4 10 13 7 5 8 11 14 0 3 9 12 1
140 134 6 2 6 4 10 13 7 5 8 11 14 3 0 9 12 1
142 135 7 2 6 4 10 13 7 5 8 11 14 3 9 0 12 1
142 135 7 2 6 4 10 13 7 0 8 11 14 3 5 9 12 1
143 136 7 2 6 4 10 13 0 7 8 11 14 3 5 9 12 1
143 136 7 2 0 4 10 13 7 6 8 11 14 3 5 9 12 1
143 137 6 2 4 0 10 13 7 6 8 11 14 3 5 9 12 1
145 138 7 2 4 10 0 13 7 6 8 11 14 3 5 9 12 1
145 138 7 1 4 8 10 2 7 6 0 11 14 3 5 9 12 13
146 139 7 1 4 8 10 2 7 0 6 11 14 3 5 9 12 13
146 140 6 1 4 8 10 2 7 5 6 11 14 3 0 9 12 13
148 141 7 1 4 8 10 2 7 5 6 11 14 3 9 0 12 13
149 142 7 1 4 8 10 2 7 5 0 11 14 3 9 6 12 13
149 143 6 1 4 0 10 2 7 5 8 11 14 3 9 6 12 13
151 144 7 1 4 10 0 2 7 5 8 11 14 3 9 6 12 13
152 145 7 1 4 10 2 0 7 5 8 11 14 3 9 6 12 13
152 147 5 1 4 10 2 13 7 5 8 11 14 3 9 6 12 0
157 150 7 1 4 10 2 13 7 5 8 0 14 3 9 6 12 11
158 151 7 1 4 10 0 13 7 5 8 2 14 3 9 6 12 11
158 152 6 1 4 0 10 13 7 5 8 2 14 3 9 6 12 11
160 153 7 1 0 4 10 13 7 5 8 2 14 3 9 6 12 11
160 153 7 1 4 8 10 13 7 5 0 2 14 3 9 6 12 11
161 154 7 1 4 8 10 13 7 5 2 0 14 3 9 6 12 11
161 154 7 1 4 8 10 13 7 5 6 2 14 3 9 0 12 11
161 155 6 1 4 8 10 13 7 5 6 2 14 3 0 9 12 11
163 156 7 1 4 8 10 13 7 5 6 2 14 0 3 9 12 11
164 158 6 1 4 8 10 13 7 5 6 2 14 11 3 9 12 0
168 161 7 1 4 8 10 13 7 5 6 0 14 11 3 9 12 2
169 162 7 1 4 8 10 13 7 5 0 6 14 11 3 9 12 2
169 163 6 1 4 0 10 13 7 5 8 6 14 11 3 9 12 2
171 164 7 1 4 10 0 13 7 5 8 6 14 11 3 9 12 2
172 165 7 1 4 10 6 13 7 5 8 0 14 11 3 9 12 2
171 164 7 1 0 4 10 13 7 5 8 6 14 11 3 9 12 2
164 157 7 1 4 8 10 13 0 5 6 2 14 7 3 9 12 11
145 138 7 1 5 4 10 13 7 0 8 11 14 3 9 6 12 2
146 139 7 1 5 4 10 13 0 7 8 11 14 3 9 6 12 2
146 139 7 1 5 4 10 13 7 9 8 11 14 3 0 6 12 2
146 140 6 1 5 4 10 13 7 9 8 11 14 3 6 0 12 2
148 141 7 1 5 4 10 13 7 9 8 11 14 3 6 12 0 2
148 142 6 1 5 4 10 13 7 9 8 11 14 3 6 12 2 0
145 138 7 1 4 10 11 13 7 5 8 0 14 3 9 6 12 2
145 138 7 1 4 10 2 13 5 6 8 11 14 0 7 9 12 3
148 141 7 1 4 10 2 13 5 0 8 11 14 6 7 9 12 3
148 142 6 1 4 10 2 13 0 5 8 11 14 6 7 9 12 3
149 143 6 1 4 10 2 13 6 5 8 11 14 0 7 9 12 3
149 145 4 1 4 10 2 13 6 5 8 11 14 3 7 9 12 0
154 148 6 1 4 10 2 13 6 5 8 0 14 3 7 9 12 11
155 149 6 1 4 10 0 13 6 5 8 2 14 3 7 9 12 11
155 150 5 1 4 0 10 13 6 5 8 2 14 3 7 9 12 11
157 151 6 1 0 4 10 13 6 5 8 2 14 3 7 9 12 11
157 151 6 1 4 8 10 13 6 5 0 2 14 3 7 9 12 11
158 152 6 1 4 8 10 13 6 5 2 0 14 3 7 9 12 11
154 148 6 0 4 10 2 13 6 5 8 11 14 3 7 9 12 1
155 149 6 6 4 10 2 13 0 5 8 11 14 3 7 9 12 1
153 147 6 1 4 10 2 0 6 5 8 11 14 3 7 9 12 13
154 148 6 1 4 10 0 2 6 5 8 11 14 3 7 9 12 13
154 149 5 1 4 0 10 2 6 5 8 11 14 3 7 9 12 13
156 150 6 1 0 4 10 2 6 5 8 11 14 3 7 9 12 13
156 150 6 1 4 8 10 2 6 5 0 11 14 3 7 9 12 13
152 146 6 1 4 10 2 13 6 5 8 11 14 3 7 9 0 12
152 146 6 1 4 10 2 13 6 5 8 11 0 3 7 9 12 14
150 144 6 1 4 10 2 13 6 5 8 11 14 7 0 9 12 3
152 145 7 1 4 10 2 13 6 5 8 11 14 7 9 0 12 3
133 126 7 0 6 4 10 13 3 5 8 11 14 2 7 9 12 1
135 128 7 2 6 4 10 13 3 5 8 11 14 0 7 9 12 1
136 130 6 2 6 4 10 13 3 5 8 11 14 1 7 9 12 0
135 129 6 2 6 4 10 13 0 5 8 11 14 3 7 9 12 1
137 130 7 2 6 4 10 13 5 0 8 11 14 3 7 9 12 1
138 131 7 2 6 4 10 13 5 7 8 11 14 3 0 9 12 1
129 122 7 1 6 4 10 13 0 7 8 11 14 5 3 9 12 2
136 129 7 1 6 4 10 13 7 5 0 11 14 3 9 8 12 2
137 130 7 1 6 0 10 13 7 5 4 11 14 3 9 8 12 2
138 131 7 1 0 6 10 13 7 5 4 11 14 3 9 8 12 2
146 139 7 0 4 10 2 13 5 6 8 11 14 3 7 9 12 1
147 140 7 5 4 10 2 13 0 6 8 11 14 3 7 9 12 1
139 132 7 1 4 10 13 0 7 6 8 11 14 3 5 9 12 2
140 134 6 1 4 10 13 2 7 6 8 11 14 3 5 9 12 0
131 124 7 1 6 4 10 13 3 0 8 11 14 5 7 9 12 2
132 125 7 1 6 4 10 13 0 3 8 11 14 5 7 9 12 2
133 126 7 1 6 4 10 13 5 3 8 11 14 0 7 9 12 2
134 128 6 1 6 4 10 13 5 3 8 11 14 2 7 9 12 0
141 134 7 2 6 4 10 13 0 5 8 11 14 7 3 9 12 1
136 129 7 6 0 4 10 13 7 5 8 11 14 1 3 9 12 2
136 130 6 6 4 0 10 13 7 5 8 11 14 1 3 9 12 2
138 131 7 6 4 10 0 13 7 5 8 11 14 1 3 9 12 2
141 134 7 1 6 4 10 2 0 5 8 11 14 7 3 9 12 13
155 148 7 1 4 10 2 13 7 5 8 11 0 3 9 6 12 14
130 123 7 1 6 4 10 13 3 5 8 11 14 7 9 0 12 2
138 131 7 0 6 4 10 13 7 5 8 11 14 2 3 9 12 1
139 132 7 6 0 4 10 13 7 5 8 11 14 2 3 9 12 1
139 133 6 6 4 0 10 13 7 5 8 11 14 2 3 9 12 1
141 134 7 6 4 10 0 13 7 5 8 11 14 2 3 9 12 1
147 140 7 1 4 8 10 2 0 7 6 11 14 3 5 9 12 13
145 138 7 2 4 8 10 13 7 6 0 11 14 3 5 9 12 1
146 139 7 2 4 8 10 13 7 0 6 11 14 3 5 9 12 1
146 140 6 2 4 8 10 13 7 5 6 11 14 3 0 9 12 1
148 141 7 2 4 8 10 13 7 5 6 11 14 3 9 0 12 1
149 142 7 2 4 8 10 13 7 5 0 11 14 3 9 6 12 1
149 143 6 2 4 0 10 13 7 5 8 11 14 3 9 6 12 1
151 144 7 2 4 10 0 13 7 5 8 11 14 3 9 6 12 1
139 132 7 1 4 8 10 13 7 6 11 0 14 3 5 9 12 2
148 141 7 1 4 8 10 2 7 5 6 11 14 0 3 9 12 13
149 143 6 1 4 8 10 2 7 5 6 11 14 13 3 9 12 0
151 144 7 0 4 10 2 13 7 6 8 11 14 3 5 9 12 1
154 147 7 6 4 10 2 13 7 0 8 11 14 3 5 9 12 1
154 148 6 6 4 10 2 13 7 5 8 11 14 3 0 9 12 1
156 149 7 6 4 10 2 13 7 5 8 11 14 3 9 0 12 1
151 144 7 2 0 4 10 13 7 5 8 11 14 3 9 6 12 1
152 145 7 0 2 4 10 13 7 5 8 11 14 3 9 6 12 1
153 148 5 1 2 4 10 13 7 5 8 11 14 3 9 6 12 0
158 151 7 1 2 4 10 13 7 5 8 0 14 3 9 6 12 11
94 87 7 1 2 4 10 0 3 5 8 11 14 13 6 7 12 9
95 89 6 1 2 4 10 9 3 5 8 11 14 13 6 7 12 0
98 91 7 1 2 4 10 9 3 5 8 11 14 0 6 7 12 13
98 92 6 1 2 4 10 9 0 5 8 11 14 3 6 7 12 13
100 93 7 1 2 4 10 9 5 0 8 11 14 3 6 7 12 13
101 94 7 1 0 4 10 9 5 2 8 11 14 3 6 7 12 13
101 95 6 1 4 0 10 9 5 2 8 11 14 3 6 7 12 13
103 96 7 1 4 10 0 9 5 2 8 11 14 3 6 7 12 13
104 97 7 1 4 10 9 0 5 2 8 11 14 3 6 7 12 13
104 99 5 1 4 10 9 13 5 2 8 11 14 3 6 7 12 0
109 102 7 1 4 10 9 13 5 2 8 0 14 3 6 7 12 11
110 103 7 1 4 10 0 13 5 2 8 9 14 3 6 7 12 11
110 104 6 1 4 0 10 13 5 2 8 9 14 3 6 7 12 11
112 105 7 1 0 4 10 13 5 2 8 9 14 3 6 7 12 11
113 106 7 1 2 4 10 13 5 0 8 9 14 3 6 7 12 11
113 107 6 1 2 4 10 13 0 5 8 9 14 3 6 7 12 11
115 108 7 1 2 4 10 13 3 5 8 9 14 0 6 7 12 11
116 110 6 1 2 4 10 13 3 5 8 9 14 11 6 7 12 0
120 113 7 1 2 4 10 13 3 5 8 0 14 11 6 7 12 9
149 142 7 1 4 8 10 13 5 6 0 2 14 3 7 9 12 11
150 143 7 1 4 8 10 13 5 6 2 0 14 3 7 9 12 11
92 85 7 1 2 4 10 13 3 5 8 11 14 6 0 7 12 9
93 86 7 1 2 4 10 13 3 5 8 11 14 6 7 0 12 9
150 143 7 1 4 8 10 13 5 0 6 2 14 3 7 9 12 11
150 144 6 1 4 8 10 13 0 5 6 2 14 3 7 9 12 11
152 145 7 1 4 8 10 13 3 5 6 2 14 0 7 9 12 11
153 147 6 1 4 8 10 13 3 5 6 2 14 11 7 9 12 0
157 150 7 1 4 8 10 13 3 5 6 0 14 11 7 9 12 2
158 151 7 1 4 8 10 13 3 5 0 6 14 11 7 9 12 2
158 152 6 1 4 0 10 13 3 5 8 6 14 11 7 9 12 2
160 153 7 1 4 10 0 13 3 5 8 6 14 11 7 9 12 2
161 154 7 1 4 10 6 13 3 5 8 0 14 11 7 9 12 2
160 153 7 1 0 4 10 13 3 5 8 6 14 11 7 9 12 2
156 149 7 1 4 10 2 13 6 5 8 12 14 3 7 9 0 11
156 150 6 1 4 10 2 13 6 5 8 12 14 3 7 9 11 0
99 92 7 1 4 8 10 0 3 5 2 11 14 9 6 7 12 13
102 95 7 1 4 8 10 9 3 5 2 11 14 0 6 7 12 13
103 97 6 1 4 8 10 9 3 5 2 11 14 13 6 7 12 0
102 96 6 1 4 8 10 9 0 5 2 11 14 3 6 7 12 13
104 97 7 1 4 8 10 9 5 0 2 11 14 3 6 7 12 13
153 146 7 1 4 10 2 13 6 0 8 11 14 5 7 9 12 3
154 147 7 1 4 10 2 13 6 7 8 11 14 5 0 9 12 3
155 148 7 1 4 10 2 13 6 7 8 11 14 0 5 9 12 3
155 150 5 1 4 10 2 13 6 7 8 11 14 3 5 9 12 0
160 153 7 1 4 10 2 13 6 7 8 0 14 3 5 9 12 11
161 154 7 1 4 10 0 13 6 7 8 2 14 3 5 9 12 11
161 155 6 1 4 0 10 13 6 7 8 2 14 3 5 9 12 11
163 156 7 1 0 4 10 13 6 7 8 2 14 3 5 9 12 11
164 157 7 1 7 4 10 13 6 0 8 2 14 3 5 9 12 11
164 158 6 1 7 4 10 13 6 5 8 2 14 3 0 9 12 11
166 159 7 1 7 4 10 13 6 5 8 2 14 3 9 0 12 11
166 159 7 1 7 4 10 13 6 5 8 2 14 0 3 9 12 11
167 161 6 1 7 4 10 13 6 5 8 2 14 11 3 9 12 0
171 164 7 1 7 4 10 13 6 5 8 0 14 11 3 9 12 2
94 87 7 1 2 4 10 13 3 5 8 11 14 9 6 7 0 12
95 88 7 1 2 4 10 13 3 5 8 11 14 9 6 0 7 12
167 160 7 1 7 4 10 13 0 5 8 2 14 6 3 9 12 11
156 149 7 1 4 10 11 2 6 5 8 0 14 3 7 9 12 13
155 148 7 1 4 10 2 14 6 5 8 11 0 3 7 9 12 13
155 149 6 1 4 10 2 14 6 5 8 11 13 3 7 9 12 0
96 89 7 1 2 4 10 13 3 5 8 0 14 9 6 7 12 11
156 149 7 0 4 10 2 1 6 5 8 11 14 3 7 9 12 13
158 152 6 13 4 10 2 1 6 5 8 11 14 3 7 9 12 0
157 150 7 6 4 10 2 1 0 5 8 11 14 3 7 9 12 13
157 150 7 1 4 10 2 11 6 5 8 0 14 3 7 9 12 13
158 151 7 1 4 10 0 11 6 5 8 2 14 3 7 9 12 13
158 152 6 1 4 0 10 11 6 5 8 2 14 3 7 9 12 13
160 153 7 1 0 4 10 11 6 5 8 2 14 3 7 9 12 13
160 153 7 1 4 8 10 11 6 5 0 2 14 3 7 9 12 13
161 154 7 1 4 8 10 11 6 5 2 0 14 3 7 9 12 13
159 152 7 1 4 10 11 0 6 5 8 2 14 3 7 9 12 13
159 154 5 1 4 10 11 13 6 5 8 2 14 3 7 9 12 0
163 157 6 1 4 10 11 13 6 5 8 0 14 3 7 9 12 2
163 158 5 1 4 10 0 13 6 5 8 11 14 3 7 9 12 2
163 159 4 1 4 0 10 13 6 5 8 11 14 3 7 9 12 2
165 160 5 1 0 4 10 13 6 5 8 11 14 3 7 9 12 2
165 160 5 1 4 8 10 13 6 5 0 11 14 3 7 9 12 2
167 161 6 1 4 8 10 13 6 5 11 0 14 3 7 9 12 2
167 161 6 1 4 8 10 13 6 0 5 11 14 3 7 9 12 2
168 162 6 1 4 8 10 13 0 6 5 11 14 3 7 9 12 2
168 162 6 1 4 8 10 13 6 7 5 11 14 3 0 9 12 2
167 161 6 1 4 8 10 13 6 5 9 11 14 3 7 0 12 2
168 162 6 1 4 8 10 13 6 5 9 11 14 3 0 7 12 2
167 161 6 0 1 4 10 13 6 5 8 11 14 3 7 9 12 2
169 164 5 2 1 4 10 13 6 5 8 11 14 3 7 9 12 0
168 162 6 6 1 4 10 13 0 5 8 11 14 3 7 9 12 2
167 161 6 1 5 4 10 13 6 0 8 11 14 3 7 9 12 2
168 162 6 1 5 4 10 13 0 6 8 11 14 3 7 9 12 2
168 162 6 1 5 4 10 13 6 7 8 11 14 3 0 9 12 2
165 159 6 1 4 10 13 0 6 5 8 11 14 3 7 9 12 2
166 161 5 1 4 10 13 2 6 5 8 11 14 3 7 9 12 0
171 164 7 1 4 10 13 2 6 5 8 0 14 3 7 9 12 11
172 165 7 1 4 10 0 2 6 5 8 13 14 3 7 9 12 11
172 166 6 1 4 0 10 2 6 5 8 13 14 3 7 9 12 11
174 167 7 1 0 4 10 2 6 5 8 13 14 3 7 9 12 11
174 167 7 1 4 8 10 2 6 5 0 13 14 3 7 9 12 11
175 168 7 1 4 8 10 2 6 5 13 0 14 3 7 9 12 11
173 166 7 1 4 10 2 0 6 5 8 13 14 3 7 9 12 11
174 168 6 1 4 10 2 11 6 5 8 13 14 3 7 9 12 0
171 164 7 0 4 10 13 2 6 5 8 11 14 3 7 9 12 1
173 166 7 2 4 10 13 0 6 5 8 11 14 3 7 9 12 1
174 168 6 2 4 10 13 1 6 5 8 11 14 3 7 9 12 0
173 167 6 2 4 10 0 13 6 5 8 11 14 3 7 9 12 1
173 168 5 2 4 0 10 13 6 5 8 11 14 3 7 9 12 1
175 169 6 2 0 4 10 13 6 5 8 11 14 3 7 9 12 1
176 170 6 0 2 4 10 13 6 5 8 11 14 3 7 9 12 1
177 173 4 1 2 4 10 13 6 5 8 11 14 3 7 9 12 0
182 176 6 1 2 4 10 13 6 5 8 0 14 3 7 9 12 11
181 175 6 1 2 4 10 0 6 5 8 11 14 3 7 9 12 13
181 175 6 1 2 4 10 13 6 5 8 11 14 0 7 9 12 3
182 176 6 1 2 4 10 13 6 5 8 11 14 7 0 9 12 3
182 176 6 1 2 4 10 13 0 5 8 11 14 6 7 9 12 3
180 174 6 1 2 4 10 13 6 5 8 11 14 3 7 9 0 12
180 174 6 1 2 4 10 13 6 5 8 11 0 3 7 9 12 14
177 171 6 6 2 4 10 13 0 5 8 11 14 3 7 9 12 1
175 169 6 2 4 8 10 13 6 5 0 11 14 3 7 9 12 1
177 170 7 2 4 8 10 13 6 5 11 0 14 3 7 9 12 1
177 170 7 2 4 8 10 13 6 0 5 11 14 3 7 9 12 1
178 171 7 2 4 8 10 13 0 6 5 11 14 3 7 9 12 1
178 171 7 2 4 8 10 13 6 7 5 11 14 3 0 9 12 1
177 170 7 2 4 8 10 13 6 5 9 11 14 3 7 0 12 1
178 171 7 2 4 8 10 13 6 5 9 11 14 3 0 7 12 1
179 172 7 6 2 4 10 13 5 0 8 11 14 3 7 9 12 1
180 173 7 6 2 4 10 13 5 7 8 11 14 3 0 9 12 1
180 173 7 6 0 4 10 13 5 2 8 11 14 3 7 9 12 1
180 174 6 6 4 0 10 13 5 2 8 11 14 3 7 9 12 1
182 175 7 6 4 10 0 13 5 2 8 11 14 3 7 9 12 1
182 175 7 6 4 8 10 13 5 2 0 11 14 3 7 9 12 1
183 176 7 6 4 8 10 13 5 0 2 11 14 3 7 9 12 1
183 177 6 6 4 8 10 13 0 5 2 11 14 3 7 9 12 1
185 178 7 6 4 8 10 13 3 5 2 11 14 0 7 9 12 1
186 180 6 6 4 8 10 13 3 5 2 11 14 1 7 9 12 0
190 183 7 0 4 8 10 13 3 5 2 11 14 1 7 9 12 6
191 185 6 1 4 8 10 13 3 5 2 11 14 0 7 9 12 6
192 187 5 1 4 8 10 13 3 5 2 11 14 6 7 9 12 0
191 186 5 1 4 8 10 13 0 5 2 11 14 3 7 9 12 6
193 187 6 1 4 8 10 13 5 0 2 11 14 3 7 9 12 6
194 188 6 1 4 8 10 13 5 2 0 11 14 3 7 9 12 6
194 189 5 1 4 0 10 13 5 2 8 11 14 3 7 9 12 6
196 190 6 1 4 10 0 13 5 2 8 11 14 3 7 9 12 6
196 190 6 1 0 4 10 13 5 2 8 11 14 3 7 9 12 6
197 191 6 1 2 4 10 13 5 0 8 11 14 3 7 9 12 6
197 192 5 1 2 4 10 13 0 5 8 11 14 3 7 9 12 6
199 193 6 1 2 4 10 13 3 5 8 11 14 0 7 9 12 6
200 195 5 1 2 4 10 13 3 5 8 11 14 6 7 9 12 0
200 194 6 1 2 4 10 13 3 5 8 11 14 7 0 9 12 6
198 192 6 1 2 4 10 13 5 7 8 11 14 3 0 9 12 6
194 188 6 1 4 8 10 13 5 7 2 11 14 3 0 9 12 6
192 186 6 1 4 8 10 13 3 5 2 11 14 7 0 9 12 6
194 187 7 1 4 8 10 13 3 5 2 11 14 7 9 0 12 6
195 188 7 1 4 8 10 13 3 5 0 11 14 7 9 2 12 6
195 189 6 1 4 0 10 13 3 5 8 11 14 7 9 2 12 6
197 190 7 1 4 10 0 13 3 5 8 11 14 7 9 2 12 6
169 162 7 1 4 10 13 11 6 5 8 0 14 3 7 9 12 2
170 163 7 1 4 10 0 11 6 5 8 13 14 3 7 9 12 2
170 164 6 1 4 0 10 11 6 5 8 13 14 3 7 9 12 2
172 165 7 1 0 4 10 11 6 5 8 13 14 3 7 9 12 2
167 160 7 1 4 10 13 14 6 5 8 11 0 3 7 9 12 2
167 161 6 1 4 10 13 14 6 5 8 11 2 3 7 9 12 0
170 163 7 1 4 10 13 0 6 5 8 11 2 3 7 9 12 14
170 164 6 1 4 10 0 13 6 5 8 11 2 3 7 9 12 14
170 165 5 1 4 0 10 13 6 5 8 11 2 3 7 9 12 14
172 166 6 1 0 4 10 13 6 5 8 11 2 3 7 9 12 14
172 166 6 1 4 8 10 13 6 5 0 11 2 3 7 9 12 14
174 167 7 1 4 8 10 13 6 5 11 0 2 3 7 9 12 14
175 168 7 1 4 8 10 13 6 5 11 2 0 3 7 9 12 14
174 169 5 1 4 8 10 13 6 5 11 2 14 3 7 9 12 0
179 172 7 0 4 8 10 13 6 5 11 2 14 3 7 9 12 1
180 173 7 6 4 8 10 13 0 5 11 2 14 3 7 9 12 1
178 171 7 1 4 8 10 0 6 5 11 2 14 3 7 9 12 13
178 171 7 1 4 8 10 13 6 5 11 2 14 0 7 9 12 3
179 172 7 1 4 8 10 13 6 5 11 2 14 7 0 9 12 3
179 172 7 1 4 8 10 13 0 5 11 2 14 6 7 9 12 3
177 170 7 2 5 4 10 13 6 0 8 11 14 3 7 9 12 1
178 171 7 2 5 4 10 13 0 6 8 11 14 3 7 9 12 1
178 171 7 2 5 4 10 13 6 7 8 11 14 3 0 9 12 1
184 177 7 1 2 4 0 13 6 5 8 10 14 3 7 9 12 11
185 178 7 1 2 0 4 13 6 5 8 10 14 3 7 9 12 11
186 179 7 1 0 2 4 13 6 5 8 10 14 3 7 9 12 11
180 173 7 5 2 4 10 13 6 0 8 11 14 3 7 9 12 1
181 174 7 5 2 4 10 13 0 6 8 11 14 3 7 9 12 1
181 174 7 5 2 4 10 13 6 7 8 11 14 3 0 9 12 1
181 174 7 5 0 4 10 13 6 2 8 11 14 3 7 9 12 1
181 175 6 5 4 0 10 13 6 2 8 11 14 3 7 9 12 1
183 176 7 5 4 10 0 13 6 2 8 11 14 3 7 9 12 1
183 176 7 5 4 8 10 13 6 2 0 11 14 3 7 9 12 1
184 177 7 5 4 8 10 13 6 0 2 11 14 3 7 9 12 1
185 178 7 5 4 8 10 13 0 6 2 11 14 3 7 9 12 1
183 176 7 1 2 4 10 14 6 5 8 11 0 3 7 9 12 13
183 177 6 1 2 4 10 14 6 5 8 11 13 3 7 9 12 0
185 178 7 5 4 8 10 13 6 7 2 11 14 3 0 9 12 1
182 175 7 0 5 4 10 13 6 2 8 11 14 3 7 9 12 1
183 178 5 1 5 4 10 13 6 2 8 11 14 3 7 9 12 0
188 181 7 1 5 4 10 13 6 2 8 0 14 3 7 9 12 11
185 178 7 1 2 4 10 13 6 0 8 11 14 5 7 9 12 3
186 179 7 1 2 4 10 13 0 6 8 11 14 5 7 9 12 3
187 180 7 1 2 4 10 13 5 6 8 11 14 0 7 9 12 3
187 182 5 1 2 4 10 13 5 6 8 11 14 3 7 9 12 0
192 185 7 1 2 4 10 13 5 6 8 0 14 3 7 9 12 11
192 185 7 0 2 4 10 13 5 6 8 11 14 3 7 9 12 1
184 177 7 1 2 4 10 13 6 5 8 11 14 7 9 0 12 3
170 163 7 1 4 8 10 13 6 5 9 11 14 0 3 7 12 2
171 165 6 1 4 8 10 13 6 5 9 11 14 2 3 7 12 0
171 164 7 1 4 8 10 13 0 5 9 11 14 6 3 7 12 2
197 190 7 1 0 4 10 13 3 5 8 11 14 7 9 2 12 6
170 163 7 1 4 10 13 2 6 5 8 11 14 0 7 9 12 3
173 166 7 1 4 10 13 0 6 5 8 11 14 2 7 9 12 3
174 168 6 1 4 10 13 3 6 5 8 11 14 2 7 9 12 0
173 167 6 1 4 10 0 13 6 5 8 11 14 2 7 9 12 3
173 168 5 1 4 0 10 13 6 5 8 11 14 2 7 9 12 3
175 169 6 1 0 4 10 13 6 5 8 11 14 2 7 9 12 3
175 169 6 1 4 8 10 13 6 5 0 11 14 2 7 9 12 3
177 170 7 1 4 8 10 13 6 5 11 0 14 2 7 9 12 3
177 170 7 1 4 8 10 13 6 0 5 11 14 2 7 9 12 3
178 171 7 1 4 8 10 13 0 6 5 11 14 2 7 9 12 3
178 172 6 1 4 8 10 13 2 6 5 11 14 0 7 9 12 3
178 174 4 1 4 8 10 13 2 6 5 11 14 3 7 9 12 0
183 177 6 1 4 8 10 13 2 6 5 0 14 3 7 9 12 11
184 178 6 1 4 8 10 13 2 6 0 5 14 3 7 9 12 11
184 179 5 1 4 0 10 13 2 6 8 5 14 3 7 9 12 11
186 180 6 1 4 10 0 13 2 6 8 5 14 3 7 9 12 11
187 181 6 1 4 10 5 13 2 6 8 0 14 3 7 9 12 11
186 180 6 1 0 4 10 13 2 6 8 5 14 3 7 9 12 11
187 181 6 1 6 4 10 13 2 0 8 5 14 3 7 9 12 11
188 182 6 1 6 4 10 13 2 7 8 5 14 3 0 9 12 11
185 179 6 1 4 8 10 13 2 0 6 5 14 3 7 9 12 11
186 180 6 1 4 8 10 13 2 7 6 5 14 3 0 9 12 11
183 177 6 0 4 8 10 13 2 6 5 11 14 3 7 9 12 1
186 180 6 6 4 8 10 13 2 0 5 11 14 3 7 9 12 1
186 181 5 6 4 8 10 13 2 5 0 11 14 3 7 9 12 1
186 182 4 6 4 0 10 13 2 5 8 11 14 3 7 9 12 1
188 183 5 6 4 10 0 13 2 5 8 11 14 3 7 9 12 1
188 183 5 6 0 4 10 13 2 5 8 11 14 3 7 9 12 1
189 184 5 0 6 4 10 13 2 5 8 11 14 3 7 9 12 1
190 187 3 1 6 4 10 13 2 5 8 11 14 3 7 9 12 0
195 190 5 1 6 4 10 13 2 5 8 0 14 3 7 9 12 11
194 189 5 1 6 4 10 0 2 5 8 11 14 3 7 9 12 13
194 189 5 1 6 4 10 13 2 5 8 11 14 0 7 9 12 3
195 190 5 1 6 4 10 13 2 5 8 11 14 7 0 9 12 3
193 188 5 1 6 4 10 13 2 5 8 11 14 3 7 9 0 12
193 188 5 1 6 4 10 13 2 5 8 11 0 3 7 9 12 14
195 189 6 1 6 4 10 13 2 5 8 0 11 3 7 9 12 14
195 189 6 1 6 4 10 0 2 5 8 11 13 3 7 9 12 14
196 191 5 1 6 4 10 14 2 5 8 11 13 3 7 9 12 0
195 189 6 1 6 4 10 13 2 5 8 11 14 3 7 0 9 12
196 190 6 1 6 4 10 13 2 5 8 11 14 3 0 7 9 12
195 189 6 1 6 4 10 13 2 5 8 0 14 3 7 9 11 12
197 191 6 1 6 4 10 13 2 5 8 11 14 7 9 0 12 3
188 182 6 6 4 8 10 13 2 5 9 11 14 3 7 0 12 1
189 183 6 6 4 8 10 13 2 5 9 11 14 3 0 7 12 1
181 175 6 1 4 8 10 13 2 0 5 11 14 6 7 9 12 3
181 176 5 1 4 8 10 13 2 5 0 11 14 6 7 9 12 3
181 177 4 1 4 0 10 13 2 5 8 11 14 6 7 9 12 3
183 178 5 1 4 10 0 13 2 5 8 11 14 6 7 9 12 3
183 178 5 1 0 4 10 13 2 5 8 11 14 6 7 9 12 3
185 179 6 0 1 4 10 13 2 5 8 11 14 6 7 9 12 3
187 182 5 3 1 4 10 13 2 5 8 11 14 6 7 9 12 0
190 184 6 3 1 4 10 13 2 5 8 11 14 0 7 9 12 6
191 186 5 0 1 4 10 13 2 5 8 11 14 3 7 9 12 6
193 189 4 6 1 4 10 13 2 5 8 11 14 3 7 9 12 0
191 187 4 1 0 4 10 13 2 5 8 11 14 3 7 9 12 6
191 188 3 1 4 0 10 13 2 5 8 11 14 3 7 9 12 6
193 189 4 1 4 10 0 13 2 5 8 11 14 3 7 9 12 6
193 189 4 1 4 8 10 13 2 5 0 11 14 3 7 9 12 6
195 190 5 1 4 8 10 13 2 5 11 0 14 3 7 9 12 6
195 190 5 1 4 8 10 13 2 0 5 11 14 3 7 9 12 6
196 191 5 1 4 8 10 13 2 7 5 11 14 3 0 9 12 6
195 190 5 1 4 8 10 13 2 5 9 11 14 3 7 0 12 6
196 191 5 1 4 8 10 13 2 5 9 11 14 3 0 7 12 6
195 190 5 1 4 10 13 0 2 5 8 11 14 3 7 9 12 6
196 192 4 1 4 10 13 6 2 5 8 11 14 3 7 9 12 0
195 190 5 1 4 10 11 13 2 5 8 0 14 3 7 9 12 6
193 188 5 1 5 4 10 13 2 0 8 11 14 3 7 9 12 6
194 189 5 1 5 4 10 13 2 7 8 11 14 3 0 9 12 6
196 190 6 1 5 4 10 13 2 7 8 11 14 3 9 0 12 6
196 190 6 1 5 4 10 13 2 7 8 11 14 0 3 9 12 6
197 192 5 1 5 4 10 13 2 7 8 11 14 6 3 9 12 0
199 193 6 1 5 4 10 13 2 0 8 11 14 7 3 9 12 6
199 194 5 1 0 4 10 13 2 5 8 11 14 7 3 9 12 6
199 195 4 1 4 0 10 13 2 5 8 11 14 7 3 9 12 6
201 196 5 1 4 10 0 13 2 5 8 11 14 7 3 9 12 6
201 196 5 1 4 8 10 13 2 5 0 11 14 7 3 9 12 6
203 197 6 1 4 8 10 13 2 5 11 0 14 7 3 9 12 6
195 189 6 1 5 4 10 13 2 8 0 11 14 3 7 9 12 6
196 190 6 1 5 0 10 13 2 8 4 11 14 3 7 9 12 6
197 191 6 1 0 5 10 13 2 8 4 11 14 3 7 9 12 6
198 192 6 1 8 5 10 13 2 0 4 11 14 3 7 9 12 6
199 193 6 1 8 5 10 13 2 4 0 11 14 3 7 9 12 6
200 194 6 1 8 0 10 13 2 4 5 11 14 3 7 9 12 6
199 193 6 1 8 5 10 13 2 7 4 11 14 3 0 9 12 6
203 197 6 1 4 8 10 13 2 0 5 11 14 7 3 9 12 6
204 198 6 1 4 8 10 13 2 3 5 11 14 7 0 9 12 6
205 199 6 1 4 8 10 13 2 3 5 11 14 0 7 9 12 6
206 201 5 1 4 8 10 13 2 3 5 11 14 6 7 9 12 0
190 184 6 6 4 10 13 0 2 5 8 11 14 3 7 9 12 1
191 186 5 6 4 10 13 1 2 5 8 11 14 3 7 9 12 0
183 177 6 1 4 8 10 13 2 5 11 0 14 6 7 9 12 3
182 176 6 1 4 8 10 13 2 7 5 11 14 6 0 9 12 3
182 177 5 1 4 8 10 13 2 7 5 11 14 0 6 9 12 3
182 179 3 1 4 8 10 13 2 7 5 11 14 3 6 9 12 0
187 182 5 1 4 8 10 13 2 7 5 0 14 3 6 9 12 11
188 183 5 1 4 8 10 13 2 7 0 5 14 3 6 9 12 11
188 184 4 1 4 0 10 13 2 7 8 5 14 3 6 9 12 11
190 185 5 1 4 10 0 13 2 7 8 5 14 3 6 9 12 11
191 186 5 1 4 10 5 13 2 7 8 0 14 3 6 9 12 11
190 185 5 1 0 4 10 13 2 7 8 5 14 3 6 9 12 11
191 186 5 1 7 4 10 13 2 0 8 5 14 3 6 9 12 11
189 184 5 1 4 8 10 13 2 0 7 5 14 3 6 9 12 11
187 182 5 0 4 8 10 13 2 7 5 11 14 3 6 9 12 1
190 185 5 7 4 8 10 13 2 0 5 11 14 3 6 9 12 1
190 186 4 7 4 8 10 13 2 5 0 11 14 3 6 9 12 1
190 187 3 7 4 0 10 13 2 5 8 11 14 3 6 9 12 1
192 188 4 7 4 10 0 13 2 5 8 11 14 3 6 9 12 1
192 188 4 7 0 4 10 13 2 5 8 11 14 3 6 9 12 1
193 189 4 0 7 4 10 13 2 5 8 11 14 3 6 9 12 1
194 192 2 1 7 4 10 13 2 5 8 11 14 3 6 9 12 0
199 195 4 1 7 4 10 13 2 5 8 0 14 3 6 9 12 11
198 194 4 1 7 4 10 0 2 5 8 11 14 3 6 9 12 13
198 194 4 1 7 4 10 13 2 5 8 11 14 0 6 9 12 3
197 193 4 1 7 4 10 13 2 5 8 11 14 3 6 9 0 12
197 193 4 1 7 4 10 13 2 5 8 11 0 3 6 9 12 14
199 194 5 1 7 4 10 13 2 5 8 0 11 3 6 9 12 14
201 196 5 1 7 4 0 13 2 5 8 10 14 3 6 9 12 11
202 197 5 1 7 0 4 13 2 5 8 10 14 3 6 9 12 11
202 198 4 1 0 7 4 13 2 5 8 10 14 3 6 9 12 11
204 199 5 0 1 7 4 13 2 5 8 10 14 3 6 9 12 11
206 202 4 11 1 7 4 13 2 5 8 10 14 3 6 9 12 0
210 205 5 11 1 7 4 13 2 5 8 0 14 3 6 9 12 10
211 206 5 11 1 7 0 13 2 5 8 4 14 3 6 9 12 10
194 189 5 7 4 10 11 13 2 5 8 0 14 3 6 9 12 1
192 187 5 7 4 8 10 13 2 5 11 0 14 3 6 9 12 1
192 187 5 7 4 8 10 13 2 5 9 11 14 3 6 0 12 1
196 191 5 3 7 4 10 13 2 5 8 11 14 0 6 9 12 1
197 193 4 3 7 4 10 13 2 5 8 11 14 1 6 9 12 0
196 191 5 13 7 4 10 0 2 5 8 11 14 3 6 9 12 1
197 193 4 13 7 4 10 1 2 5 8 11 14 3 6 9 12 0
195 190 5 2 7 4 10 13 0 5 8 11 14 3 6 9 12 1
194 189 5 7 4 10 13 0 2 5 8 11 14 3 6 9 12 1
195 191 4 7 4 10 13 1 2 5 8 11 14 3 6 9 12 0
199 194 5 0 4 10 13 1 2 5 8 11 14 3 6 9 12 7
200 196 4 1 4 10 13 0 2 5 8 11 14 3 6 9 12 7
201 198 3 1 4 10 13 7 2 5 8 11 14 3 6 9 12 0
200 197 3 1 4 10 0 13 2 5 8 11 14 3 6 9 12 7
200 198 2 1 4 0 10 13 2 5 8 11 14 3 6 9 12 7
202 199 3 1 0 4 10 13 2 5 8 11 14 3 6 9 12 7
202 199 3 1 4 8 10 13 2 5 0 11 14 3 6 9 12 7
204 200 4 1 4 8 10 13 2 5 11 0 14 3 6 9 12 7
204 200 4 1 4 8 10 13 2 0 5 11 14 3 6 9 12 7
204 200 4 1 4 8 10 13 2 5 9 11 14 3 6 0 12 7
204 200 4 0 1 4 10 13 2 5 8 11 14 3 6 9 12 7
206 203 3 7 1 4 10 13 2 5 8 11 14 3 6 9 12 0
204 200 4 1 5 4 10 13 2 0 8 11 14 3 6 9 12 7
202 198 4 1 4 10 11 13 2 5 8 0 14 3 6 9 12 7
204 199 5 1 4 10 11 13 2 5 8 14 0 3 6 9 12 7
204 200 4 1 4 10 11 13 2 5 8 14 7 3 6 9 12 0
208 203 5 1 4 10 11 13 2 5 8 0 7 3 6 9 12 14
208 204 4 1 4 10 0 13 2 5 8 11 7 3 6 9 12 14
208 205 3 1 4 0 10 13 2 5 8 11 7 3 6 9 12 14
210 206 4 1 0 4 10 13 2 5 8 11 7 3 6 9 12 14
210 206 4 1 4 8 10 13 2 5 0 11 7 3 6 9 12 14
212 207 5 1 4 8 10 13 2 5 11 0 7 3 6 9 12 14
213 208 5 1 4 8 10 13 2 5 11 7 0 3 6 9 12 14
212 209 3 1 4 8 10 13 2 5 11 7 14 3 6 9 12 0
217 212 5 0 4 8 10 13 2 5 11 7 14 3 6 9 12 1
216 211 5 1 4 8 10 0 2 5 11 7 14 3 6 9 12 13
219 214 5 1 4 8 10 7 2 5 11 0 14 3 6 9 12 13
219 215 4 1 4 8 10 7 2 5 0 11 14 3 6 9 12 13
219 216 3 1 4 0 10 7 2 5 8 11 14 3 6 9 12 13
221 217 4 1 4 10 0 7 2 5 8 11 14 3 6 9 12 13
222 218 4 1 4 10 7 0 2 5 8 11 14 3 6 9 12 13
222 220 2 1 4 10 7 13 2 5 8 11 14 3 6 9 12 0
227 223 4 1 4 10 7 13 2 5 8 0 14 3 6 9 12 11
228 224 4 1 4 10 0 13 2 5 8 7 14 3 6 9 12 11
228 225 3 1 4 0 10 13 2 5 8 7 14 3 6 9 12 11
230 226 4 1 0 4 10 13 2 5 8 7 14 3 6 9 12 11
230 226 4 1 4 8 10 13 2 5 0 7 14 3 6 9 12 11
231 227 4 1 4 8 10 13 2 5 7 0 14 3 6 9 12 11
227 223 4 0 4 10 7 13 2 5 8 11 14 3 6 9 12 1
226 222 4 1 4 10 7 13 2 5 8 11 14 0 6 9 12 3
225 221 4 1 4 10 7 13 2 5 8 11 14 3 6 9 0 12
225 221 4 1 4 10 7 13 2 5 8 11 0 3 6 9 12 14
221 217 4 1 0 4 10 7 2 5 8 11 14 3 6 9 12 13
223 218 5 0 1 4 10 7 2 5 8 11 14 3 6 9 12 13
225 221 4 13 1 4 10 7 2 5 8 11 14 3 6 9 12 0
223 218 5 1 5 4 10 7 2 0 8 11 14 3 6 9 12 13
227 222 5 1 4 10 7 13 2 5 8 0 11 3 6 9 12 14
228 223 5 1 4 10 0 13 2 5 8 7 11 3 6 9 12 14
228 224 4 1 4 0 10 13 2 5 8 7 11 3 6 9 12 14
230 225 5 1 0 4 10 13 2 5 8 7 11 3 6 9 12 14
230 225 5 1 4 8 10 13 2 5 0 7 11 3 6 9 12 14
231 226 5 1 4 8 10 13 2 5 7 0 11 3 6 9 12 14
231 227 4 1 4 8 10 13 2 5 7 11 0 3 6 9 12 14
230 228 2 1 4 8 10 13 2 5 7 11 14 3 6 9 12 0
235 231 4 0 4 8 10 13 2 5 7 11 14 3 6 9 12 1
234 230 4 1 4 8 10 0 2 5 7 11 14 3 6 9 12 13
234 230 4 1 4 8 10 13 2 5 7 11 14 0 6 9 12 3
233 229 4 1 4 8 10 13 2 5 7 11 14 3 6 9 0 12
235 230 5 1 4 8 10 13 2 5 7 11 14 3 6 0 9 12
236 231 5 1 4 8 10 13 2 5 0 11 14 3 6 7 9 12
236 232 4 1 4 0 10 13 2 5 8 11 14 3 6 7 9 12
238 233 5 1 4 10 0 13 2 5 8 11 14 3 6 7 9 12
236 231 5 1 4 8 10 13 2 5 7 11 14 6 0 9 12 3
238 233 5 1 0 4 10 13 2 5 8 11 14 3 6 7 9 12
238 233 5 1 4 8 10 3 2 5 7 11 14 0 6 9 12 13
239 235 4 1 4 8 10 3 2 5 7 11 14 13 6 9 12 0
206 201 5 1 4 8 10 13 0 2 5 11 14 3 6 9 12 7
206 201 5 1 4 8 10 13 2 5 11 14 0 3 6 9 12 7
206 202 4 1 4 8 10 13 2 5 11 14 7 3 6 9 12 0
206 201 5 1 4 8 10 13 2 6 5 11 14 3 0 9 12 7
202 197 5 1 4 10 13 14 2 5 8 11 0 3 6 9 12 7
202 198 4 1 4 10 13 14 2 5 8 11 7 3 6 9 12 0
186 181 5 1 4 8 10 0 2 7 5 11 14 3 6 9 12 13
209 204 5 7 1 4 10 13 2 5 8 11 14 3 6 9 0 12
206 201 5 1 4 8 10 13 2 5 9 11 14 3 6 12 0 7
206 202 4 1 4 8 10 13 2 5 9 11 14 3 6 12 7 0
200 195 5 1 7 4 0 10 2 5 8 11 14 3 6 9 12 13
201 196 5 1 7 0 4 10 2 5 8 11 14 3 6 9 12 13
201 197 4 1 0 7 4 10 2 5 8 11 14 3 6 9 12 13
203 198 5 0 1 7 4 10 2 5 8 11 14 3 6 9 12 13
205 201 4 13 1 7 4 10 2 5 8 11 14 3 6 9 12 0
208 203 5 13 1 7 4 0 2 5 8 11 14 3 6 9 12 10
209 205 4 0 1 7 4 13 2 5 8 11 14 3 6 9 12 10
211 208 3 10 1 7 4 13 2 5 8 11 14 3 6 9 12 0
209 206 3 1 0 7 4 13 2 5 8 11 14 3 6 9 12 10
211 207 4 1 7 0 4 13 2 5 8 11 14 3 6 9 12 10
212 208 4 1 7 4 0 13 2 5 8 11 14 3 6 9 12 10
211 207 4 1 5 7 4 13 2 0 8 11 14 3 6 9 12 10
213 208 5 1 5 7 4 13 2 8 0 11 14 3 6 9 12 10
215 210 5 10 1 7 4 13 2 5 8 11 14 0 6 9 12 3
217 212 5 0 1 7 4 13 2 5 8 11 14 10 6 9 12 3
219 215 4 3 1 7 4 13 2 5 8 11 14 10 6 9 12 0
217 213 4 1 0 7 4 13 2 5 8 11 14 10 6 9 12 3
219 214 5 1 7 0 4 13 2 5 8 11 14 10 6 9 12 3
220 215 5 1 7 4 0 13 2 5 8 11 14 10 6 9 12 3
219 214 5 1 5 7 4 13 2 0 8 11 14 10 6 9 12 3
194 189 5 7 5 4 10 13 2 0 8 11 14 3 6 9 12 1
204 199 5 1 4 10 11 13 2 5 0 8 14 3 6 9 12 7
205 200 5 1 4 0 11 13 2 5 10 8 14 3 6 9 12 7
206 201 5 1 4 11 0 13 2 5 10 8 14 3 6 9 12 7
207 202 5 1 4 11 8 13 2 5 10 0 14 3 6 9 12 7
208 203 5 1 4 11 8 13 2 5 0 10 14 3 6 9 12 7
209 204 5 1 4 0 8 13 2 5 11 10 14 3 6 9 12 7
199 194 5 1 7 4 10 13 2 5 8 0 14 3 6 9 11 12
199 194 5 1 7 4 10 0 2 5 8 11 13 3 6 9 12 14
200 196 4 1 7 4 10 14 2 5 8 11 13 3 6 9 12 0
204 199 5 1 4 10 11 13 2 5 8 12 14 3 6 9 0 7
204 200 4 1 4 10 11 13 2 5 8 12 14 3 6 9 7 0
208 203 5 1 4 10 11 13 2 5 8 0 14 3 6 9 7 12
208 204 4 1 4 10 0 13 2 5 8 11 14 3 6 9 7 12
208 205 3 1 4 0 10 13 2 5 8 11 14 3 6 9 7 12
210 206 4 1 0 4 10 13 2 5 8 11 14 3 6 9 7 12
210 206 4 1 4 8 10 13 2 5 0 11 14 3 6 9 7 12
212 207 5 1 4 8 10 13 2 5 11 0 14 3 6 9 7 12
212 207 5 1 4 8 10 13 2 0 5 11 14 3 6 9 7 12
200 195 5 1 7 4 10 14 2 5 8 11 0 3 6 9 12 13
213 208 5 1 4 8 10 13 2 5 11 7 14 3 6 9 0 12
221 216 5 1 4 8 10 7 2 5 9 11 14 3 6 0 12 13
216 211 5 1 4 8 10 13 2 5 11 7 14 0 6 9 12 3
212 207 5 1 4 8 10 13 2 5 9 11 7 3 6 0 12 14
206 201 5 1 4 10 13 7 2 5 8 0 14 3 6 9 12 11
207 202 5 1 4 10 0 7 2 5 8 13 14 3 6 9 12 11
207 203 4 1 4 0 10 7 2 5 8 13 14 3 6 9 12 11
209 204 5 1 0 4 10 7 2 5 8 13 14 3 6 9 12 11
212 207 5 1 5 4 10 13 2 0 8 11 14 3 6 9 7 12
209 204 5 1 4 8 10 7 2 5 0 13 14 3 6 9 12 11
210 205 5 1 4 8 10 7 2 5 13 0 14 3 6 9 12 11
232 227 5 1 5 4 10 13 2 0 8 7 14 3 6 9 12 11
229 224 5 1 4 10 7 13 2 5 0 8 14 3 6 9 12 11
230 225 5 1 4 0 7 13 2 5 10 8 14 3 6 9 12 11
230 226 4 1 4 7 0 13 2 5 10 8 14 3 6 9 12 11
231 227 4 1 4 7 8 13 2 5 10 0 14 3 6 9 12 11
232 228 4 1 4 7 8 13 2 5 0 10 14 3 6 9 12 11
234 229 5 1 4 7 8 13 2 0 5 10 14 3 6 9 12 11
234 229 5 1 4 7 8 13 2 5 9 10 14 3 6 0 12 11
231 226 5 5 4 10 7 13 2 0 8 11 14 3 6 9 12 1
230 225 5 1 4 10 7 0 2 5 8 11 14 13 6 9 12 3
231 227 4 1 4 10 7 3 2 5 8 11 14 13 6 9 12 0
231 226 5 1 4 10 0 7 2 5 8 11 14 13 6 9 12 3
231 227 4 1 4 0 10 7 2 5 8 11 14 13 6 9 12 3
233 228 5 1 0 4 10 7 2 5 8 11 14 13 6 9 12 3
233 228 5 1 4 8 10 7 2 5 0 11 14 13 6 9 12 3
228 223 5 1 4 10 7 13 2 5 8 11 14 6 0 9 12 3
230 225 5 3 4 10 7 13 2 5 8 11 14 0 6 9 12 1
231 227 4 3 4 10 7 13 2 5 8 11 14 1 6 9 12 0
228 223 5 1 4 10 7 13 0 5 8 11 14 2 6 9 12 3
227 222 5 1 4 10 7 13 2 5 8 0 14 3 6 9 11 12
228 223 5 1 4 10 0 13 2 5 8 7 14 3 6 9 11 12
228 224 4 1 4 0 10 13 2 5 8 7 14 3 6 9 11 12
230 225 5 1 0 4 10 13 2 5 8 7 14 3 6 9 11 12
230 225 5 1 4 8 10 13 2 5 0 7 14 3 6 9 11 12
224 219 5 1 4 10 7 14 2 5 8 11 0 3 6 9 12 13
224 220 4 1 4 10 7 14 2 5 8 11 13 3 6 9 12 0
227 222 5 1 4 10 7 0 2 5 8 11 13 3 6 9 12 14
228 223 5 1 4 10 0 7 2 5 8 11 13 3 6 9 12 14
228 224 4 1 4 0 10 7 2 5 8 11 13 3 6 9 12 14
230 225 5 1 0 4 10 7 2 5 8 11 13 3 6 9 12 14
230 225 5 1 4 8 10 7 2 5 0 11 13 3 6 9 12 14
204 199 5 1 4 10 13 7 2 5 8 11 14 3 6 9 0 12
197 192 5 5 7 4 10 13 2 0 8 11 14 3 6 9 12 1
198 193 5 5 0 4 10 13 2 7 8 11 14 3 6 9 12 1
198 194 4 5 4 0 10 13 2 7 8 11 14 3 6 9 12 1
200 195 5 5 4 10 0 13 2 7 8 11 14 3 6 9 12 1
200 195 5 5 4 8 10 13 2 7 0 11 14 3 6 9 12 1
237 232 5 4 0 8 10 13 2 5 7 11 14 3 6 9 12 1
238 233 5 4 8 0 10 13 2 5 7 11 14 3 6 9 12 1
238 234 4 4 8 7 10 13 2 5 0 11 14 3 6 9 12 1
240 235 5 4 8 7 10 13 2 5 11 0 14 3 6 9 12 1
240 235 5 4 8 7 10 13 2 0 5 11 14 3 6 9 12 1
241 236 5 4 0 7 10 13 2 8 5 11 14 3 6 9 12 1
241 237 4 0 4 7 10 13 2 8 5 11 14 3 6 9 12 1
242 240 2 1 4 7 10 13 2 8 5 11 14 3 6 9 12 0
247 243 4 1 4 7 10 13 2 8 5 0 14 3 6 9 12 11
248 244 4 1 4 7 10 13 2 8 0 5 14 3 6 9 12 11
248 245 3 1 4 7 10 13 2 0 8 5 14 3 6 9 12 11
250 246 4 1 4 7 10 13 0 2 8 5 14 3 6 9 12 11
250 246 4 1 4 7 10 13 2 6 8 5 14 3 0 9 12 11
250 246 4 1 0 7 10 13 2 4 8 5 14 3 6 9 12 11
246 242 4 1 4 7 10 0 2 8 5 11 14 3 6 9 12 13
246 242 4 1 4 7 10 13 2 8 5 11 14 0 6 9 12 3
249 245 4 1 4 7 10 13 2 0 5 11 14 8 6 9 12 3
249 246 3 1 4 7 10 13 2 5 0 11 14 8 6 9 12 3
251 247 4 1 4 7 10 13 2 5 11 0 14 8 6 9 12 3
251 247 4 1 4 7 10 13 2 5 9 11 14 8 6 0 12 3
251 247 4 1 4 0 10 13 2 5 7 11 14 8 6 9 12 3
245 241 4 1 4 7 10 13 2 8 5 11 14 3 6 9 0 12
245 241 4 1 4 7 10 13 2 8 5 11 0 3 6 9 12 14
244 240 4 8 4 7 10 13 2 0 5 11 14 3 6 9 12 1
244 241 3 8 4 7 10 13 2 5 0 11 14 3 6 9 12 1
246 242 4 8 4 7 10 13 2 5 11 0 14 3 6 9 12 1
246 242 4 8 4 7 10 13 2 5 9 11 14 3 6 0 12 1
246 242 4 8 4 0 10 13 2 5 7 11 14 3 6 9 12 1
248 243 5 8 4 10 0 13 2 5 7 11 14 3 6 9 12 1
248 243 5 8 0 4 10 13 2 5 7 11 14 3 6 9 12 1
249 244 5 0 8 4 10 13 2 5 7 11 14 3 6 9 12 1
250 247 3 1 8 4 10 13 2 5 7 11 14 3 6 9 12 0
255 250 5 1 8 4 10 13 2 5 7 0 14 3 6 9 12 11
256 251 5 1 8 4 10 13 2 5 0 7 14 3 6 9 12 11
257 252 5 1 8 0 10 13 2 5 4 7 14 3 6 9 12 11
258 253 5 1 0 8 10 13 2 5 4 7 14 3 6 9 12 11
254 249 5 1 8 4 10 0 2 5 7 11 14 3 6 9 12 13
214 209 5 10 1 7 4 13 2 5 8 11 0 3 6 9 12 14
209 204 5 13 1 7 0 4 2 5 8 11 14 3 6 9 12 10
206 201 5 1 5 4 10 13 0 2 8 11 14 3 6 9 12 7
205 200 5 10 1 7 4 0 2 5 8 11 14 3 6 9 12 13
206 201 5 10 1 7 0 4 2 5 8 11 14 3 6 9 12 13
209 204 5 7 1 4 10 13 2 5 8 11 0 3 6 9 12 14
210 205 5 7 1 4 10 0 2 5 8 11 14 3 6 9 12 13
203 198 5 1 5 7 4 10 2 0 8 11 14 3 6 9 12 13
206 201 5 1 4 8 10 13 2 5 11 12 14 3 6 9 0 7
206 202 4 1 4 8 10 13 2 5 11 12 14 3 6 9 7 0
210 205 5 7 1 4 10 13 2 5 8 11 14 0 6 9 12 3
212 207 5 0 1 4 10 13 2 5 8 11 14 7 6 9 12 3
214 210 4 3 1 4 10 13 2 5 8 11 14 7 6 9 12 0
212 208 4 1 0 4 10 13 2 5 8 11 14 7 6 9 12 3
212 209 3 1 4 0 10 13 2 5 8 11 14 7 6 9 12 3
214 210 4 1 4 10 0 13 2 5 8 11 14 7 6 9 12 3
214 210 4 1 4 8 10 13 2 5 0 11 14 7 6 9 12 3
216 211 5 1 4 8 10 13 2 5 11 0 14 7 6 9 12 3
216 211 5 1 4 8 10 13 2 5 9 11 14 7 6 0 12 3
216 211 5 10 1 7 4 13 2 5 8 0 14 3 6 9 12 11
217 212 5 10 1 7 0 13 2 5 8 4 14 3 6 9 12 11
214 209 5 1 7 4 11 13 2 5 8 0 14 3 6 9 12 10
213 208 5 1 7 8 4 13 2 5 0 11 14 3 6 9 12 10
225 220 5 0 4 10 7 1 2 5 8 11 14 3 6 9 12 13
227 223 4 13 4 10 7 1 2 5 8 11 14 3 6 9 12 0
212 207 5 1 5 4 10 13 2 0 8 11 7 3 6 9 12 14
213 208 5 1 5 7 4 13 2 6 8 11 14 3 0 9 12 10
213 208 5 1 5 7 4 13 0 2 8 11 14 3 6 9 12 10
212 207 5 0 1 4 10 13 2 5 8 11 7 3 6 9 12 14
214 210 4 14 1 4 10 13 2 5 8 11 7 3 6 9 12 0
216 211 5 14 1 4 10 13 2 5 8 11 0 3 6 9 12 7
201 196 5 0 7 4 10 13 2 5 8 11 14 1 6 9 12 3
202 197 5 7 0 4 10 13 2 5 8 11 14 1 6 9 12 3
202 198 4 7 4 0 10 13 2 5 8 11 14 1 6 9 12 3
204 199 5 7 4 10 0 13 2 5 8 11 14 1 6 9 12 3
204 199 5 7 4 8 10 13 2 5 0 11 14 1 6 9 12 3
201 196 5 0 7 4 10 1 2 5 8 11 14 3 6 9 12 13
202 197 5 7 0 4 10 1 2 5 8 11 14 3 6 9 12 13
202 198 4 7 4 0 10 1 2 5 8 11 14 3 6 9 12 13
204 199 5 7 4 10 0 1 2 5 8 11 14 3 6 9 12 13
205 200 5 7 4 10 1 0 2 5 8 11 14 3 6 9 12 13
205 202 3 7 4 10 1 13 2 5 8 11 14 3 6 9 12 0
209 205 4 0 4 10 1 13 2 5 8 11 14 3 6 9 12 7
213 208 5 5 4 10 1 13 2 0 8 11 14 3 6 9 12 7
212 207 5 3 4 10 1 13 2 5 8 11 14 0 6 9 12 7
213 209 4 3 4 10 1 13 2 5 8 11 14 7 6 9 12 0
217 212 5 0 4 10 1 13 2 5 8 11 14 7 6 9 12 3
212 207 5 13 4 10 1 0 2 5 8 11 14 3 6 9 12 7
213 209 4 13 4 10 1 7 2 5 8 11 14 3 6 9 12 0
213 208 5 13 4 10 0 1 2 5 8 11 14 3 6 9 12 7
213 209 4 13 4 0 10 1 2 5 8 11 14 3 6 9 12 7
215 210 5 13 0 4 10 1 2 5 8 11 14 3 6 9 12 7
216 211 5 0 13 4 10 1 2 5 8 11 14 3 6 9 12 7
218 214 4 7 13 4 10 1 2 5 8 11 14 3 6 9 12 0
217 213 4 1 13 4 10 0 2 5 8 11 14 3 6 9 12 7
218 215 3 1 13 4 10 7 2 5 8 11 14 3 6 9 12 0
223 218 5 1 13 4 10 7 2 5 8 0 14 3 6 9 12 11
223 218 5 0 13 4 10 7 2 5 8 11 14 3 6 9 12 1
224 219 5 13 0 4 10 7 2 5 8 11 14 3 6 9 12 1
224 220 4 13 4 0 10 7 2 5 8 11 14 3 6 9 12 1
226 221 5 13 4 10 0 7 2 5 8 11 14 3 6 9 12 1
226 221 5 13 4 8 10 7 2 5 0 11 14 3 6 9 12 1
222 217 5 1 13 4 10 7 2 5 8 11 14 0 6 9 12 3
225 220 5 1 13 4 10 0 2 5 8 11 14 7 6 9 12 3
226 222 4 1 13 4 10 3 2 5 8 11 14 7 6 9 12 0
221 216 5 1 13 4 10 7 2 5 8 11 14 3 6 9 0 12
221 216 5 1 13 4 10 7 2 5 8 11 0 3 6 9 12 14
222 217 5 1 13 4 10 0 2 5 8 11 7 3 6 9 12 14
223 219 4 1 13 4 10 14 2 5 8 11 7 3 6 9 12 0
208 203 5 7 4 10 1 13 2 5 8 11 0 3 6 9 12 14
207 202 5 0 4 10 1 7 2 5 8 11 14 3 6 9 12 13
208 203 5 7 4 10 1 13 2 5 8 11 14 3 6 9 0 12
210 205 5 7 4 10 1 13 2 5 8 0 14 3 6 9 12 11
211 206 5 7 4 10 0 13 2 5 8 1 14 3 6 9 12 11
211 207 4 7 4 0 10 13 2 5 8 1 14 3 6 9 12 11
213 208 5 7 0 4 10 13 2 5 8 1 14 3 6 9 12 11
214 209 5 0 7 4 10 13 2 5 8 1 14 3 6 9 12 11
216 212 4 11 7 4 10 13 2 5 8 1 14 3 6 9 12 0
220 215 5 11 7 4 10 13 2 5 8 0 14 3 6 9 12 1
213 208 5 7 4 8 10 13 2 5 0 1 14 3 6 9 12 11
214 209 5 7 4 8 10 13 2 5 1 0 14 3 6 9 12 11
219 214 5 1 13 4 10 14 2 5 8 11 0 3 6 9 12 7
211 206 5 4 0 10 1 13 2 5 8 11 14 3 6 9 12 7
212 207 5 4 10 0 1 13 2 5 8 11 14 3 6 9 12 7
213 208 5 4 10 1 0 13 2 5 8 11 14 3 6 9 12 7
221 216 5 7 13 4 10 0 2 5 8 11 14 3 6 9 12 1
209 204 5 7 4 10 1 13 2 5 8 11 14 0 6 9 12 3
221 216 5 1 4 8 10 7 2 0 5 11 14 3 6 9 12 13
221 216 5 1 13 4 10 3 2 5 8 11 14 0 6 9 12 7
219 214 5 1 13 4 0 10 2 5 8 11 14 3 6 9 12 7
220 215 5 1 13 0 4 10 2 5 8 11 14 3 6 9 12 7
221 216 5 1 0 13 4 10 2 5 8 11 14 3 6 9 12 7
215 210 5 13 4 8 10 1 2 5 0 11 14 3 6 9 12 7
204 199 5 7 4 8 10 1 2 5 0 11 14 3 6 9 12 13
211 206 5 2 4 10 1 13 0 5 8 11 14 3 6 9 12 7
221 216 5 1 13 4 10 11 2 5 8 0 14 3 6 9 12 7
209 204 5 1 4 10 11 13 2 5 8 7 14 3 6 9 0 12
208 205 3 1 4 10 11 13 2 5 8 7 14 3 6 9 12 0
213 208 5 0 4 10 11 13 2 5 8 7 14 3 6 9 12 1
212 207 5 1 4 10 11 0 2 5 8 7 14 3 6 9 12 13
213 208 5 1 4 10 0 11 2 5 8 7 14 3 6 9 12 13
213 209 4 1 4 0 10 11 2 5 8 7 14 3 6 9 12 13
215 210 5 1 0 4 10 11 2 5 8 7 14 3 6 9 12 13
215 210 5 1 4 8 10 11 2 5 0 7 14 3 6 9 12 13
212 207 5 1 4 10 11 13 2 5 8 7 14 0 6 9 12 3
199 194 5 1 7 4 10 13 2 5 8 11 14 3 6 0 9 12
185 180 5 1 4 8 10 13 2 7 5 11 14 3 6 9 0 12
205 200 5 1 4 10 13 0 2 5 8 11 7 3 6 9 12 14
212 207 5 1 4 8 10 13 2 0 5 11 7 3 6 9 12 14
201 196 5 1 7 4 10 13 2 5 0 8 14 3 6 9 12 11
202 197 5 1 7 0 10 13 2 5 4 8 14 3 6 9 12 11
202 198 4 1 0 7 10 13 2 5 4 8 14 3 6 9 12 11
204 199 5 0 1 7 10 13 2 5 4 8 14 3 6 9 12 11
206 202 4 11 1 7 10 13 2 5 4 8 14 3 6 9 12 0
210 205 5 11 1 7 10 13 2 5 4 0 14 3 6 9 12 8
211 206 5 11 1 7 10 13 2 5 0 4 14 3 6 9 12 8
204 199 5 1 5 7 10 13 2 0 4 8 14 3 6 9 12 11
205 200 5 1 5 7 10 13 2 4 0 8 14 3 6 9 12 11
205 201 4 1 5 7 10 13 2 4 8 0 14 3 6 9 12 11
207 202 5 1 5 7 10 13 2 4 8 14 0 3 6 9 12 11
207 203 4 1 5 7 10 13 2 4 8 14 11 3 6 9 12 0
211 206 5 1 5 7 10 13 2 4 8 0 11 3 6 9 12 14
211 207 4 1 5 7 10 13 2 4 8 11 0 3 6 9 12 14
210 208 2 1 5 7 10 13 2 4 8 11 14 3 6 9 12 0
215 211 4 0 5 7 10 13 2 4 8 11 14 3 6 9 12 1
218 214 4 4 5 7 10 13 2 0 8 11 14 3 6 9 12 1
218 215 3 4 0 7 10 13 2 5 8 11 14 3 6 9 12 1
218 216 2 0 4 7 10 13 2 5 8 11 14 3 6 9 12 1
219 219 0 1 4 7 10 13 2 5 8 11 14 3 6 9 12 0
