0 0 0 14 0 11 10 7 2 13 5 9 8 12 3 4 1 6
14 1 13 14 11 0 10 7 2 13 5 9 8 12 3 4 1 6
15 2 13 14 11 5 10 7 2 13 0 9 8 12 3 4 1 6
16 3 13 14 11 5 10 7 2 13 9 0 8 12 3 4 1 6
17 4 13 14 11 5 10 7 2 13 9 8 0 12 3 4 1 6
17 5 12 14 11 5 10 7 2 13 9 8 6 12 3 4 1 0
21 8 13 14 11 5 10 7 2 13 9 0 6 12 3 4 1 8
22 9 13 14 11 5 10 7 2 13 9 6 0 12 3 4 1 8
22 10 12 14 11 5 10 7 2 13 9 6 8 12 3 4 1 0
26 13 13 0 11 5 10 7 2 13 9 6 8 12 3 4 1 14
29 16 13 13 11 5 10 7 2 0 9 6 8 12 3 4 1 14
30 17 13 13 11 5 10 7 2 9 0 6 8 12 3 4 1 14
31 18 13 13 11 5 10 7 2 9 6 0 8 12 3 4 1 14
32 19 13 13 11 5 10 7 2 9 6 8 0 12 3 4 1 14
31 20 11 13 11 5 10 7 2 9 6 8 14 12 3 4 1 0
35 23 12 13 11 5 10 7 2 9 6 0 14 12 3 4 1 8
36 24 12 13 11 5 10 7 2 9 0 6 14 12 3 4 1 8
37 25 12 13 11 5 10 7 2 0 9 6 14 12 3 4 1 8
38 26 12 13 11 5 10 7 2 3 9 6 14 12 0 4 1 8
39 27 12 13 11 5 10 7 2 3 9 6 14 12 4 0 1 8
39 28 11 13 11 5 10 7 2 3 0 6 14 12 4 9 1 8
40 29 11 13 11 5 10 7 2 3 6 0 14 12 4 9 1 8
41 30 11 13 11 5 10 7 2 3 6 1 14 12 4 9 0 8
41 31 10 13 11 5 10 7 2 3 6 1 14 12 4 9 8 0
45 34 11 13 11 5 10 7 2 3 6 0 14 12 4 9 8 1
46 35 11 13 11 5 10 7 2 3 0 6 14 12 4 9 8 1
47 36 11 13 11 5 10 7 2 0 3 6 14 12 4 9 8 1
48 37 11 13 11 5 10 7 2 4 3 6 14 12 0 9 8 1
49 38 11 13 11 5 10 7 2 4 3 6 14 0 12 9 8 1
50 40 10 13 11 5 10 7 2 4 3 6 14 1 12 9 8 0
54 43 11 13 11 5 10 7 2 4 3 0 14 1 12 9 8 6
55 44 11 13 11 5 10 7 2 4 0 3 14 1 12 9 8 6
56 45 11 13 11 5 10 7 2 0 4 3 14 1 12 9 8 6
57 46 11 13 11 5 10 7 2 12 4 3 14 1 0 9 8 6
58 47 11 13 11 5 10 7 2 12 4 3 14 0 1 9 8 6
59 49 10 13 11 5 10 7 2 12 4 3 14 6 1 9 8 0
63 52 11 13 11 5 10 7 2 12 4 0 14 6 1 9 8 3
64 53 11 13 11 5 10 7 2 12 0 4 14 6 1 9 8 3
65 54 11 13 11 5 10 7 2 0 12 4 14 6 1 9 8 3
66 55 11 13 11 5 10 7 2 1 12 4 14 6 0 9 8 3
66 56 10 13 11 5 10 7 2 1 12 4 14 0 6 9 8 3
66 58 8 13 11 5 10 7 2 1 12 4 14 3 6 9 8 0
70 61 9 13 11 5 10 7 2 1 12 0 14 3 6 9 8 4
71 62 9 13 11 5 10 7 2 1 0 12 14 3 6 9 8 4
72 63 9 13 11 5 10 7 2 0 1 12 14 3 6 9 8 4
73 64 9 13 0 5 10 7 2 11 1 12 14 3 6 9 8 4
74 65 9 13 5 0 10 7 2 11 1 12 14 3 6 9 8 4
75 66 9 13 5 1 10 7 2 11 0 12 14 3 6 9 8 4
76 67 9 13 5 1 10 7 2 11 12 0 14 3 6 9 8 4
77 68 9 13 5 1 10 7 2 11 12 8 14 3 6 9 0 4
77 69 8 13 5 1 10 7 2 11 12 8 14 3 6 9 4 0
81 72 9 13 5 1 10 7 2 11 12 0 14 3 6 9 4 8
82 73 9 13 5 1 10 7 2 11 0 12 14 3 6 9 4 8
83 74 9 13 5 1 10 7 2 0 11 12 14 3 6 9 4 8
83 75 8 13 0 1 10 7 2 5 11 12 14 3 6 9 4 8
84 76 8 13 1 0 10 7 2 5 11 12 14 3 6 9 4 8
85 77 8 13 1 11 10 7 2 5 0 12 14 3 6 9 4 8
86 78 8 13 1 11 10 7 2 5 12 0 14 3 6 9 4 8
87 79 8 13 1 11 10 7 2 5 12 4 14 3 6 9 0 8
87 80 7 13 1 11 10 7 2 5 12 4 14 3 6 9 8 0
91 83 8 13 1 11 10 7 2 5 12 0 14 3 6 9 8 4
92 84 8 13 1 11 10 7 2 5 0 12 14 3 6 9 8 4
93 85 8 13 1 0 10 7 2 5 11 12 14 3 6 9 8 4
94 86 8 13 0 1 10 7 2 5 11 12 14 3 6 9 8 4
95 87 8 0 13 1 10 7 2 5 11 12 14 3 6 9 8 4
97 90 7 4 13 1 10 7 2 5 11 12 14 3 6 9 8 0
101 93 8 4 13 1 10 7 2 5 11 0 14 3 6 9 8 12
101 94 7 4 13 1 10 7 2 5 0 11 14 3 6 9 8 12
102 95 7 4 13 0 10 7 2 5 1 11 14 3 6 9 8 12
103 96 7 4 0 13 10 7 2 5 1 11 14 3 6 9 8 12
103 97 6 0 4 13 10 7 2 5 1 11 14 3 6 9 8 12
105 100 5 12 4 13 10 7 2 5 1 11 14 3 6 9 8 0
108 102 6 12 4 13 10 0 2 5 1 11 14 3 6 9 8 7
110 104 6 0 4 13 10 12 2 5 1 11 14 3 6 9 8 7
112 107 5 7 4 13 10 12 2 5 1 11 14 3 6 9 8 0
114 108 6 7 4 13 10 12 2 5 1 11 14 3 6 9 0 8
107 101 6 12 4 13 10 7 2 5 1 11 14 3 6 9 0 8
105 99 6 7 4 13 10 0 2 5 1 11 14 3 6 9 8 12
109 102 7 7 4 13 10 11 2 5 1 0 14 3 6 9 8 12
110 103 7 7 4 13 10 11 2 5 0 1 14 3 6 9 8 12
111 104 7 7 4 0 10 11 2 5 13 1 14 3 6 9 8 12
110 103 7 7 4 13 10 11 2 5 1 8 14 3 6 9 0 12
109 104 5 7 4 13 10 11 2 5 1 8 14 3 6 9 12 0
113 107 6 7 4 13 10 11 2 5 1 0 14 3 6 9 12 8
114 108 6 7 4 13 10 11 2 5 0 1 14 3 6 9 12 8
115 109 6 7 4 0 10 11 2 5 13 1 14 3 6 9 12 8
113 107 6 0 4 13 10 11 2 5 1 8 14 3 6 9 12 7
115 109 6 11 4 13 10 0 2 5 1 8 14 3 6 9 12 7
116 111 5 11 4 13 10 7 2 5 1 8 14 3 6 9 12 0
120 114 6 11 4 13 10 7 2 5 1 0 14 3 6 9 12 8
121 115 6 11 4 13 10 7 2 5 0 1 14 3 6 9 12 8
122 116 6 11 4 0 10 7 2 5 13 1 14 3 6 9 12 8
120 114 6 0 4 13 10 7 2 5 1 8 14 3 6 9 12 11
118 112 6 11 4 13 10 8 2 5 1 0 14 3 6 9 12 7
119 113 6 11 4 13 10 8 2 5 0 1 14 3 6 9 12 7
120 114 6 11 4 0 10 8 2 5 13 1 14 3 6 9 12 7
112 106 6 7 4 13 10 0 2 5 1 8 14 3 6 9 12 11
115 109 6 7 4 13 10 8 2 5 1 0 14 3 6 9 12 11
116 110 6 7 4 13 10 8 2 5 0 1 14 3 6 9 12 11
117 111 6 7 4 0 10 8 2 5 13 1 14 3 6 9 12 11
119 112 7 7 4 10 0 8 2 5 13 1 14 3 6 9 12 11
120 113 7 7 4 10 8 0 2 5 13 1 14 3 6 9 12 11
121 115 6 7 4 10 8 11 2 5 13 1 14 3 6 9 12 0
125 118 7 7 4 10 8 11 2 5 13 0 14 3 6 9 12 1
126 119 7 7 4 10 8 11 2 5 0 13 14 3 6 9 12 1
127 120 7 7 4 0 8 11 2 5 10 13 14 3 6 9 12 1
128 121 7 7 4 8 0 11 2 5 10 13 14 3 6 9 12 1
129 122 7 7 4 8 11 0 2 5 10 13 14 3 6 9 12 1
131 125 6 7 4 8 11 13 2 5 10 0 14 3 6 9 12 1
131 126 5 7 4 8 0 13 2 5 10 11 14 3 6 9 12 1
132 127 5 7 4 0 8 13 2 5 10 11 14 3 6 9 12 1
133 128 5 7 4 10 8 13 2 5 0 11 14 3 6 9 12 1
135 129 6 7 4 10 8 13 2 5 11 0 14 3 6 9 12 1
136 130 6 7 4 10 0 13 2 5 11 8 14 3 6 9 12 1
136 131 5 7 4 0 10 13 2 5 11 8 14 3 6 9 12 1
137 132 5 7 4 11 10 13 2 5 0 8 14 3 6 9 12 1
137 133 4 7 4 11 10 13 2 5 8 0 14 3 6 9 12 1
139 134 5 7 4 11 10 13 2 5 8 14 0 3 6 9 12 1
139 135 4 7 4 11 10 13 2 5 8 14 1 3 6 9 12 0
143 138 5 7 4 11 10 13 2 5 8 0 1 3 6 9 12 14
144 139 5 7 4 11 10 13 2 5 8 1 0 3 6 9 12 14
143 140 3 7 4 11 10 13 2 5 8 1 14 3 6 9 12 0
147 143 4 0 4 11 10 13 2 5 8 1 14 3 6 9 12 7
151 146 5 5 4 11 10 13 2 0 8 1 14 3 6 9 12 7
143 138 5 0 4 11 10 13 2 5 8 14 1 3 6 9 12 7
150 145 5 3 4 11 10 13 2 5 8 1 14 0 6 9 12 7
151 147 4 3 4 11 10 13 2 5 8 1 14 7 6 9 12 0
155 150 5 3 4 11 10 13 2 5 8 0 14 7 6 9 12 1
155 150 5 0 4 11 10 13 2 5 8 1 14 7 6 9 12 3
150 145 5 13 4 11 10 0 2 5 8 1 14 3 6 9 12 7
151 147 4 13 4 11 10 7 2 5 8 1 14 3 6 9 12 0
155 150 5 13 4 11 10 7 2 5 8 0 14 3 6 9 12 1
155 150 5 0 4 11 10 7 2 5 8 1 14 3 6 9 12 13
153 148 5 13 4 11 10 1 2 5 8 0 14 3 6 9 12 7
139 134 5 7 4 11 0 13 2 5 8 10 14 3 6 9 12 1
140 135 5 7 4 0 11 13 2 5 8 10 14 3 6 9 12 1
147 142 5 7 4 11 10 0 2 5 8 1 14 3 6 9 12 13
150 145 5 7 4 11 10 1 2 5 8 0 14 3 6 9 12 13
146 141 5 7 4 11 10 13 2 5 8 1 14 3 6 9 0 12
147 142 5 7 4 11 10 13 2 5 8 0 14 3 6 9 1 12
149 144 5 4 0 11 10 13 2 5 8 1 14 3 6 9 12 7
150 145 5 4 11 0 10 13 2 5 8 1 14 3 6 9 12 7
139 134 5 7 4 11 10 13 2 5 8 12 14 3 6 9 0 1
139 135 4 7 4 11 10 13 2 5 8 12 14 3 6 9 1 0
143 138 5 0 4 11 10 13 2 5 8 12 14 3 6 9 1 7
147 142 5 7 4 11 10 13 2 5 8 1 14 0 6 9 12 3
149 144 5 2 4 11 10 13 0 5 8 1 14 3 6 9 12 7
151 145 6 2 4 11 10 13 5 0 8 1 14 3 6 9 12 7
147 141 6 5 4 11 10 13 2 0 8 12 14 3 6 9 1 7
151 145 6 2 4 11 10 13 3 5 8 1 14 0 6 9 12 7
152 147 5 2 4 11 10 13 3 5 8 1 14 7 6 9 12 0
156 150 6 2 4 11 10 13 3 5 8 0 14 7 6 9 12 1
156 150 6 0 4 11 10 13 3 5 8 1 14 7 6 9 12 2
158 152 6 7 4 11 10 13 3 5 8 1 14 0 6 9 12 2
159 154 5 7 4 11 10 13 3 5 8 1 14 2 6 9 12 0
158 153 5 7 4 11 10 13 0 5 8 1 14 3 6 9 12 2
160 154 6 7 4 11 10 13 5 0 8 1 14 3 6 9 12 2
163 157 6 7 4 11 10 13 3 5 8 0 14 2 6 9 12 1
143 137 6 7 4 11 10 13 2 5 8 14 1 0 6 9 12 3
145 139 6 0 4 11 10 13 2 5 8 14 1 7 6 9 12 3
147 142 5 3 4 11 10 13 2 5 8 14 1 7 6 9 12 0
151 145 6 3 4 11 10 13 2 5 8 0 1 7 6 9 12 14
143 137 6 7 4 11 10 0 2 5 8 14 1 3 6 9 12 13
146 140 6 7 4 11 10 14 2 5 8 0 1 3 6 9 12 13
132 126 6 7 4 8 11 13 2 5 0 10 14 3 6 9 12 1
153 147 6 5 0 11 10 13 2 4 8 1 14 3 6 9 12 7
154 148 6 5 11 0 10 13 2 4 8 1 14 3 6 9 12 7
147 141 6 5 4 11 10 13 2 0 8 14 1 3 6 9 12 7
153 147 6 5 4 11 10 13 0 2 8 1 14 3 6 9 12 7
153 147 6 5 4 11 10 13 2 6 8 1 14 3 0 9 12 7
146 140 6 3 4 11 10 13 2 5 8 14 1 0 6 9 12 7
153 147 6 5 4 11 10 13 2 8 0 1 14 3 6 9 12 7
154 148 6 5 4 11 10 13 2 8 1 0 14 3 6 9 12 7
145 139 6 2 4 11 10 13 0 5 8 14 1 3 6 9 12 7
145 139 6 4 0 11 10 13 2 5 8 14 1 3 6 9 12 7
146 140 6 4 11 0 10 13 2 5 8 14 1 3 6 9 12 7
154 148 6 3 4 11 10 0 2 5 8 1 14 13 6 9 12 7
155 150 5 3 4 11 10 7 2 5 8 1 14 13 6 9 12 0
159 153 6 3 4 11 10 7 2 5 8 0 14 13 6 9 12 1
157 151 6 3 4 11 10 13 2 5 8 12 14 7 6 9 0 1
157 152 5 3 4 11 10 13 2 5 8 12 14 7 6 9 1 0
161 155 6 3 4 11 10 13 2 5 8 0 14 7 6 9 1 12
154 148 6 3 4 11 10 13 2 5 8 1 14 7 6 9 0 12
155 149 6 3 4 11 10 0 2 5 8 1 14 7 6 9 12 13
158 152 6 3 4 11 10 1 2 5 8 0 14 7 6 9 12 13
154 148 6 13 4 11 10 3 2 5 8 1 14 0 6 9 12 7
155 150 5 13 4 11 10 3 2 5 8 1 14 7 6 9 12 0
159 153 6 13 4 11 10 3 2 5 8 0 14 7 6 9 12 1
157 151 6 3 4 11 10 13 2 5 0 8 14 7 6 9 12 1
158 152 6 3 4 0 10 13 2 5 11 8 14 7 6 9 12 1
158 152 6 13 4 11 10 0 2 5 8 1 14 7 6 9 12 3
161 155 6 13 4 11 10 1 2 5 8 0 14 7 6 9 12 3
152 146 6 13 4 11 10 14 2 5 8 1 0 3 6 9 12 7
152 147 5 13 4 11 10 14 2 5 8 1 7 3 6 9 12 0
156 150 6 13 4 11 10 14 2 5 8 0 7 3 6 9 12 1
157 151 6 13 4 11 10 14 2 5 8 7 0 3 6 9 12 1
157 152 5 13 4 11 10 14 2 5 8 7 1 3 6 9 12 0
157 152 5 13 4 11 10 0 2 5 8 7 14 3 6 9 12 1
158 154 4 13 4 11 10 1 2 5 8 7 14 3 6 9 12 0
158 154 4 0 4 11 10 13 2 5 8 7 14 3 6 9 12 1
159 157 2 1 4 11 10 13 2 5 8 7 14 3 6 9 12 0
163 160 3 1 4 11 10 13 2 5 8 0 14 3 6 9 12 7
165 161 4 1 4 11 10 13 2 5 8 14 0 3 6 9 12 7
165 162 3 1 4 11 10 13 2 5 8 14 7 3 6 9 12 0
169 165 4 1 4 11 10 13 2 5 8 0 7 3 6 9 12 14
165 161 4 1 4 11 10 13 2 5 0 8 14 3 6 9 12 7
166 162 4 1 4 0 10 13 2 5 11 8 14 3 6 9 12 7
165 161 4 1 4 11 10 13 2 5 8 12 14 3 6 9 0 7
165 162 3 1 4 11 10 13 2 5 8 12 14 3 6 9 7 0
169 165 4 1 4 11 10 13 2 5 8 0 14 3 6 9 7 12
162 158 4 1 4 11 10 13 2 5 8 7 0 3 6 9 12 14
162 158 4 1 4 11 10 13 2 5 8 7 14 3 6 9 0 12
165 161 4 1 4 11 0 13 2 5 8 10 14 3 6 9 12 7
166 162 4 1 4 0 11 13 2 5 8 10 14 3 6 9 12 7
163 159 4 1 4 11 10 13 2 5 8 7 14 0 6 9 12 3
163 159 4 1 4 11 10 0 2 5 8 7 14 3 6 9 12 13
166 162 4 1 4 11 10 7 2 5 8 0 14 3 6 9 12 13
168 163 5 1 4 11 10 7 2 5 8 14 0 3 6 9 12 13
168 164 4 1 4 11 10 7 2 5 8 14 13 3 6 9 12 0
172 167 5 1 4 11 10 7 2 5 8 0 13 3 6 9 12 14
173 168 5 1 4 11 10 7 2 5 8 13 0 3 6 9 12 14
172 169 3 1 4 11 10 7 2 5 8 13 14 3 6 9 12 0
175 171 4 1 4 11 10 0 2 5 8 13 14 3 6 9 12 7
179 174 5 1 4 11 10 3 2 5 8 13 14 0 6 9 12 7
180 176 4 1 4 11 10 3 2 5 8 13 14 7 6 9 12 0
184 179 5 1 4 11 10 3 2 5 8 0 14 7 6 9 12 13
183 178 5 1 4 11 10 0 2 5 8 13 14 7 6 9 12 3
185 181 4 1 4 11 10 13 2 5 8 0 14 7 6 9 12 3
187 182 5 1 4 11 10 13 2 5 8 14 0 7 6 9 12 3
187 183 4 1 4 11 10 13 2 5 8 14 3 7 6 9 12 0
191 186 5 1 4 11 10 13 2 5 8 0 3 7 6 9 12 14
192 187 5 1 4 11 10 13 2 5 8 3 0 7 6 9 12 14
191 188 3 1 4 11 10 13 2 5 8 3 14 7 6 9 12 0
194 190 4 1 4 11 10 13 2 5 8 3 14 0 6 9 12 7
198 193 5 1 4 11 10 13 2 0 8 3 14 5 6 9 12 7
198 193 5 1 4 11 10 0 2 5 8 3 14 13 6 9 12 7
199 195 4 1 4 11 10 7 2 5 8 3 14 13 6 9 12 0
203 198 5 1 4 11 10 7 2 5 8 0 14 13 6 9 12 3
202 197 5 1 4 11 10 7 2 5 8 3 14 0 6 9 12 13
201 196 5 1 4 11 10 3 2 5 8 0 14 13 6 9 12 7
197 192 5 0 4 11 10 13 2 5 8 3 14 1 6 9 12 7
199 195 4 7 4 11 10 13 2 5 8 3 14 1 6 9 12 0
203 198 5 7 4 11 10 13 2 5 8 0 14 1 6 9 12 3
202 197 5 7 4 11 10 13 2 5 8 3 14 0 6 9 12 1
175 170 5 1 4 11 10 7 2 5 8 13 14 3 6 9 0 12
176 171 5 1 4 11 10 7 2 5 8 0 14 3 6 9 13 12
178 173 5 0 4 11 10 1 2 5 8 13 14 3 6 9 12 7
180 176 4 7 4 11 10 1 2 5 8 13 14 3 6 9 12 0
183 178 5 7 4 11 10 0 2 5 8 13 14 3 6 9 12 1
187 182 5 1 4 11 0 13 2 5 8 10 14 7 6 9 12 3
188 183 5 1 4 0 11 13 2 5 8 10 14 7 6 9 12 3
190 185 5 1 4 11 10 13 2 5 8 14 3 0 6 9 12 7
187 182 5 1 4 11 10 13 2 5 8 12 14 7 6 9 0 3
187 183 4 1 4 11 10 13 2 5 8 12 14 7 6 9 3 0
191 186 5 1 4 11 10 13 2 5 8 0 14 7 6 9 3 12
190 185 5 1 4 11 10 13 2 5 8 12 14 0 6 9 3 7
177 172 5 0 4 11 10 7 2 5 8 13 14 3 6 9 12 1
165 160 5 1 4 11 10 14 2 5 8 7 0 3 6 9 12 13
165 161 4 1 4 11 10 14 2 5 8 7 13 3 6 9 12 0
169 164 5 1 4 11 10 14 2 5 8 0 13 3 6 9 12 7
166 161 5 1 4 11 10 14 2 5 8 0 7 3 6 9 12 13
170 165 5 1 4 11 10 14 2 5 8 13 0 3 6 9 12 7
170 166 4 1 4 11 10 14 2 5 8 13 7 3 6 9 12 0
187 182 5 1 4 11 10 13 2 5 0 8 14 7 6 9 12 3
188 183 5 1 4 0 10 13 2 5 11 8 14 7 6 9 12 3
195 190 5 1 4 11 10 0 2 5 8 3 14 7 6 9 12 13
196 191 5 1 4 11 10 13 2 5 8 3 14 6 0 9 12 7
176 171 5 1 4 11 10 7 2 5 8 13 14 0 6 9 12 3
192 187 5 1 4 11 10 13 2 5 8 3 14 7 6 9 0 12
173 168 5 1 4 11 10 0 2 5 8 13 7 3 6 9 12 14
177 172 5 1 4 11 0 10 2 5 8 13 14 3 6 9 12 7
178 173 5 1 4 0 11 10 2 5 8 13 14 3 6 9 12 7
178 173 5 1 4 11 13 10 2 5 8 0 14 3 6 9 12 7
196 191 5 0 4 11 10 13 2 5 8 3 14 7 6 9 12 1
196 191 5 1 4 11 10 13 0 5 8 3 14 2 6 9 12 7
167 162 5 1 4 11 10 13 2 0 8 7 14 5 6 9 12 3
168 163 5 1 4 11 10 7 2 5 0 8 14 3 6 9 12 13
169 164 5 1 4 0 10 7 2 5 11 8 14 3 6 9 12 13
161 156 5 3 4 11 10 13 2 5 8 7 14 0 6 9 12 1
162 158 4 3 4 11 10 13 2 5 8 7 14 1 6 9 12 0
166 161 5 3 4 11 10 13 2 5 8 0 14 1 6 9 12 7
160 155 5 4 0 11 10 13 2 5 8 7 14 3 6 9 12 1
161 156 5 4 11 0 10 13 2 5 8 7 14 3 6 9 12 1
168 163 5 1 4 11 10 7 2 5 8 12 14 3 6 9 0 13
168 164 4 1 4 11 10 7 2 5 8 12 14 3 6 9 13 0
171 166 5 1 4 11 10 0 2 5 8 12 14 3 6 9 13 7
174 169 5 1 4 11 10 12 2 5 8 0 14 3 6 9 13 7
175 170 5 1 4 11 10 12 2 5 8 13 14 3 6 9 0 7
175 171 4 1 4 11 10 12 2 5 8 13 14 3 6 9 7 0
179 174 5 1 4 11 10 12 2 5 8 0 14 3 6 9 7 13
180 175 5 1 4 11 10 12 2 5 8 7 14 3 6 9 0 13
180 176 4 1 4 11 10 12 2 5 8 7 14 3 6 9 13 0
183 178 5 1 4 11 10 0 2 5 8 7 14 3 6 9 13 12
178 173 5 1 4 11 10 0 2 5 8 13 14 3 6 9 7 12
171 166 5 1 4 11 10 13 2 5 0 8 7 3 6 9 12 14
172 167 5 1 4 0 10 13 2 5 11 8 7 3 6 9 12 14
169 164 5 1 4 11 10 0 2 5 8 14 7 3 6 9 12 13
168 163 5 1 4 11 10 13 2 5 8 14 7 3 6 9 0 12
169 164 5 1 4 11 10 13 2 5 8 0 7 3 6 9 14 12
170 165 5 1 4 11 10 13 2 5 8 7 0 3 6 9 14 12
170 166 4 1 4 11 10 13 2 5 8 7 12 3 6 9 14 0
174 169 5 1 4 11 10 13 2 5 8 0 12 3 6 9 14 7
175 170 5 1 4 11 10 13 2 5 8 12 0 3 6 9 14 7
175 171 4 1 4 11 10 13 2 5 8 12 7 3 6 9 14 0
175 170 5 1 4 11 10 13 2 5 8 14 12 3 6 9 0 7
175 171 4 1 4 11 10 13 2 5 8 14 12 3 6 9 7 0
179 174 5 1 4 11 10 13 2 5 8 0 12 3 6 9 7 14
172 167 5 1 4 11 10 13 2 5 8 7 12 3 6 9 0 14
167 162 5 1 4 11 10 0 2 5 8 14 13 3 6 9 12 7
169 164 5 1 4 11 10 13 2 5 8 14 7 0 6 9 12 3
171 166 5 1 4 11 0 13 2 5 8 10 7 3 6 9 12 14
172 167 5 1 4 0 11 13 2 5 8 10 7 3 6 9 12 14
170 165 5 0 4 11 10 13 2 5 8 14 7 3 6 9 12 1
169 164 5 1 4 11 10 0 2 5 8 12 14 3 6 9 7 13
171 166 5 1 4 11 10 13 2 5 8 12 7 3 6 9 0 14
167 162 5 1 4 11 10 13 2 0 5 8 14 3 6 9 12 7
167 162 5 1 4 11 10 13 2 5 9 8 14 3 6 0 12 7
169 164 5 1 4 11 10 13 2 5 8 12 14 0 6 9 7 3
167 162 5 1 4 11 10 13 2 5 8 12 14 3 6 0 9 7
168 163 5 1 0 4 10 13 2 5 11 8 14 3 6 9 12 7
168 163 5 1 4 11 10 13 2 5 8 12 0 3 6 9 7 14
168 163 5 1 4 10 0 13 2 5 11 8 14 3 6 9 12 7
169 164 5 1 4 10 8 13 2 5 11 0 14 3 6 9 12 7
169 165 4 1 4 10 8 13 2 5 0 11 14 3 6 9 12 7
170 166 4 1 4 0 8 13 2 5 10 11 14 3 6 9 12 7
171 167 4 1 4 8 0 13 2 5 10 11 14 3 6 9 12 7
173 168 5 1 4 8 13 0 2 5 10 11 14 3 6 9 12 7
174 170 4 1 4 8 13 7 2 5 10 11 14 3 6 9 12 0
173 168 5 1 4 8 11 13 2 5 10 0 14 3 6 9 12 7
172 167 5 1 0 4 8 13 2 5 10 11 14 3 6 9 12 7
171 166 5 1 4 10 8 13 2 0 5 11 14 3 6 9 12 7
171 166 5 1 4 10 8 13 2 5 9 11 14 3 6 0 12 7
168 163 5 1 4 11 0 7 2 5 8 10 14 3 6 9 12 13
169 164 5 1 4 11 7 0 2 5 8 10 14 3 6 9 12 13
169 166 3 1 4 11 7 13 2 5 8 10 14 3 6 9 12 0
173 169 4 1 4 11 7 13 2 5 8 0 14 3 6 9 12 10
174 170 4 1 4 11 0 13 2 5 8 7 14 3 6 9 12 10
175 171 4 1 4 0 11 13 2 5 8 7 14 3 6 9 12 10
177 172 5 1 0 4 11 13 2 5 8 7 14 3 6 9 12 10
177 172 5 1 4 8 11 13 2 5 0 7 14 3 6 9 12 10
178 173 5 1 4 8 11 13 2 5 7 0 14 3 6 9 12 10
178 174 4 1 4 8 0 13 2 5 7 11 14 3 6 9 12 10
179 175 4 1 4 0 8 13 2 5 7 11 14 3 6 9 12 10
179 176 3 1 4 7 8 13 2 5 0 11 14 3 6 9 12 10
181 177 4 1 4 7 8 13 2 5 11 0 14 3 6 9 12 10
182 178 4 1 4 7 0 13 2 5 11 8 14 3 6 9 12 10
181 177 4 1 4 7 8 13 2 0 5 11 14 3 6 9 12 10
181 177 4 1 4 7 8 13 2 5 9 11 14 3 6 0 12 10
183 178 5 1 4 7 8 13 2 5 9 11 14 3 6 12 0 10
183 179 4 1 4 7 8 13 2 5 9 11 14 3 6 12 10 0
172 167 5 1 4 11 7 13 2 5 8 10 14 3 6 9 0 12
173 168 5 1 4 11 7 13 2 5 8 0 14 3 6 9 10 12
174 169 5 1 4 11 0 13 2 5 8 7 14 3 6 9 10 12
175 170 5 1 4 0 11 13 2 5 8 7 14 3 6 9 10 12
183 178 5 1 4 7 8 13 2 5 9 11 14 3 0 6 12 10
183 178 5 1 4 7 8 13 0 2 5 11 14 3 6 9 12 10
183 178 5 1 4 7 8 13 2 6 5 11 14 3 0 9 12 10
181 176 5 1 0 4 8 13 2 5 7 11 14 3 6 9 12 10
164 159 5 1 4 11 10 0 2 5 8 7 13 3 6 9 12 14
175 170 5 1 4 11 7 13 2 5 0 8 14 3 6 9 12 10
169 164 5 1 4 0 11 7 2 5 8 10 14 3 6 9 12 13
180 175 5 1 4 8 13 0 2 5 7 11 14 3 6 9 12 10
181 177 4 1 4 8 13 10 2 5 7 11 14 3 6 9 12 0
172 167 5 1 4 11 7 10 2 5 8 0 14 3 6 9 12 13
175 170 5 1 4 11 7 13 2 5 8 14 0 3 6 9 12 10
175 171 4 1 4 11 7 13 2 5 8 14 10 3 6 9 12 0
179 174 5 1 4 11 7 13 2 5 8 0 10 3 6 9 12 14
180 175 5 1 4 11 0 13 2 5 8 7 10 3 6 9 12 14
181 176 5 1 4 0 11 13 2 5 8 7 10 3 6 9 12 14
168 163 5 1 0 4 11 13 2 5 8 10 14 3 6 9 12 7
184 179 5 1 4 7 13 0 2 5 11 8 14 3 6 9 12 10
185 181 4 1 4 7 13 10 2 5 11 8 14 3 6 9 12 0
189 184 5 1 4 7 13 10 2 5 11 0 14 3 6 9 12 8
189 185 4 1 4 7 13 10 2 5 0 11 14 3 6 9 12 8
191 186 5 1 4 7 13 10 2 0 5 11 14 3 6 9 12 8
191 186 5 1 4 7 13 10 2 5 9 11 14 3 6 0 12 8
191 186 5 1 4 0 13 10 2 5 7 11 14 3 6 9 12 8
192 187 5 1 4 13 0 10 2 5 7 11 14 3 6 9 12 8
192 188 4 1 4 13 10 0 2 5 7 11 14 3 6 9 12 8
193 190 3 1 4 13 10 8 2 5 7 11 14 3 6 9 12 0
198 193 5 1 4 13 10 8 2 5 7 0 14 3 6 9 12 11
199 194 5 1 4 13 10 8 2 5 0 7 14 3 6 9 12 11
200 195 5 1 4 0 10 8 2 5 13 7 14 3 6 9 12 11
198 193 5 0 4 13 10 8 2 5 7 11 14 3 6 9 12 1
200 195 5 8 4 13 10 0 2 5 7 11 14 3 6 9 12 1
201 197 4 8 4 13 10 1 2 5 7 11 14 3 6 9 12 0
197 192 5 1 4 13 10 8 2 5 7 11 14 0 6 9 12 3
200 195 5 1 4 13 10 0 2 5 7 11 14 8 6 9 12 3
201 197 4 1 4 13 10 3 2 5 7 11 14 8 6 9 12 0
196 191 5 1 4 13 10 8 2 5 7 11 14 3 6 9 0 12
196 191 5 1 4 13 10 8 2 5 7 11 0 3 6 9 12 14
197 192 5 1 4 13 10 0 2 5 7 11 8 3 6 9 12 14
198 194 4 1 4 13 10 14 2 5 7 11 8 3 6 9 12 0
173 168 5 1 4 11 7 13 2 5 8 10 14 0 6 9 12 3
176 171 5 1 4 11 13 0 2 5 8 7 14 3 6 9 12 10
177 173 4 1 4 11 13 10 2 5 8 7 14 3 6 9 12 0
179 174 5 1 4 11 13 7 2 5 8 0 14 3 6 9 12 10
180 175 5 1 4 11 0 7 2 5 8 13 14 3 6 9 12 10
181 176 5 1 4 11 7 0 2 5 8 13 14 3 6 9 12 10
182 178 4 1 4 11 7 10 2 5 8 13 14 3 6 9 12 0
181 176 5 1 4 0 11 7 2 5 8 13 14 3 6 9 12 10
196 191 5 1 4 13 10 3 2 5 7 11 14 0 6 9 12 8
190 185 5 1 4 7 0 10 2 5 11 13 14 3 6 9 12 8
190 186 4 1 4 7 10 0 2 5 11 13 14 3 6 9 12 8
192 189 3 1 4 7 10 13 2 5 11 0 14 3 6 9 12 8
192 190 2 1 4 7 10 13 2 5 0 11 14 3 6 9 12 8
194 191 3 1 4 7 10 13 2 0 5 11 14 3 6 9 12 8
194 191 3 1 4 7 10 13 2 5 9 11 14 3 6 0 12 8
194 191 3 1 4 0 10 13 2 5 7 11 14 3 6 9 12 8
191 188 3 1 4 7 10 8 2 5 11 13 14 3 6 9 12 0
195 191 4 1 4 7 10 8 2 5 11 0 14 3 6 9 12 13
195 192 3 1 4 7 10 8 2 5 0 11 14 3 6 9 12 13
197 193 4 1 4 7 10 8 2 0 5 11 14 3 6 9 12 13
196 192 4 1 4 7 10 13 2 6 5 11 14 3 0 9 12 8
197 193 4 1 4 7 10 8 2 5 9 11 14 3 6 0 12 13
197 193 4 1 4 0 10 8 2 5 7 11 14 3 6 9 12 13
196 192 4 1 4 10 0 13 2 5 7 11 14 3 6 9 12 8
196 192 4 1 0 4 10 13 2 5 7 11 14 3 6 9 12 8
194 190 4 1 4 7 10 13 2 5 11 12 14 3 6 9 0 8
194 191 3 1 4 7 10 13 2 5 11 12 14 3 6 9 8 0
198 194 4 1 4 7 10 13 2 5 11 0 14 3 6 9 8 12
198 195 3 1 4 7 10 13 2 5 0 11 14 3 6 9 8 12
200 196 4 1 4 7 10 13 2 0 5 11 14 3 6 9 8 12
200 196 4 1 4 7 10 13 2 5 9 11 14 3 6 0 8 12
201 197 4 1 4 7 10 13 2 5 9 11 14 3 6 8 0 12
200 198 2 1 4 7 10 13 2 5 9 11 14 3 6 8 12 0
205 201 4 1 4 7 10 13 2 5 9 0 14 3 6 8 12 11
206 202 4 1 4 7 10 13 2 5 0 9 14 3 6 8 12 11
206 203 3 1 4 7 10 13 2 5 8 9 14 3 6 0 12 11
208 204 4 1 4 7 10 13 2 5 8 9 14 3 6 12 0 11
208 205 3 1 4 7 10 13 2 5 8 9 14 3 6 12 11 0
212 208 4 1 4 7 10 13 2 5 8 0 14 3 6 12 11 9
212 209 3 1 4 7 10 13 2 5 8 11 14 3 6 12 0 9
212 210 2 1 4 7 10 13 2 5 8 11 14 3 6 12 9 0
212 210 2 1 4 7 10 13 2 5 8 11 14 3 6 0 12 9
214 211 3 1 4 7 10 13 2 5 8 11 14 3 0 6 12 9
214 211 3 1 4 7 10 13 2 5 0 11 14 3 6 8 12 9
216 212 4 1 4 7 10 13 2 5 11 0 14 3 6 8 12 9
216 212 4 1 4 7 10 13 2 0 5 11 14 3 6 8 12 9
216 212 4 1 4 0 10 13 2 5 7 11 14 3 6 8 12 9
216 212 4 1 4 7 10 13 2 5 8 11 14 0 3 6 12 9
217 214 3 1 4 7 10 13 2 5 8 11 14 9 3 6 12 0
216 212 4 1 4 7 10 13 2 0 8 11 14 3 5 6 12 9
196 192 4 1 4 7 10 13 2 5 9 11 14 3 6 12 0 8
196 193 3 1 4 7 10 13 2 5 9 11 14 3 6 12 8 0
200 196 4 1 4 0 10 13 2 5 7 11 14 3 6 9 8 12
203 199 4 1 4 7 10 13 2 5 9 11 0 3 6 8 12 14
208 204 4 1 4 7 10 13 2 5 8 9 14 3 0 6 12 11
196 192 4 1 0 7 10 13 2 4 5 11 14 3 6 9 12 8
196 192 4 1 4 7 10 13 0 2 5 11 14 3 6 9 12 8
204 200 4 1 4 7 10 0 2 5 9 11 14 3 6 8 12 13
217 213 4 0 4 7 10 13 2 5 8 11 14 3 6 12 9 1
194 190 4 1 4 7 10 13 2 5 11 14 0 3 6 9 12 8
194 191 3 1 4 7 10 13 2 5 11 14 8 3 6 9 12 0
198 194 4 1 4 7 10 13 2 5 11 0 8 3 6 9 12 14
198 195 3 1 4 7 10 13 2 5 0 11 8 3 6 9 12 14
200 196 4 1 4 7 10 13 2 0 5 11 8 3 6 9 12 14
200 196 4 1 4 7 10 13 2 5 9 11 8 3 6 0 12 14
200 196 4 1 4 0 10 13 2 5 7 11 8 3 6 9 12 14
199 195 4 1 4 7 10 13 2 5 11 8 0 3 6 9 12 14
198 196 2 1 4 7 10 13 2 5 11 8 14 3 6 9 12 0
203 199 4 0 4 7 10 13 2 5 11 8 14 3 6 9 12 1
202 198 4 1 4 7 10 0 2 5 11 8 14 3 6 9 12 13
202 198 4 1 4 7 10 13 2 5 11 8 14 0 6 9 12 3
196 192 4 1 4 7 10 13 2 5 9 11 14 3 0 6 12 8
199 195 4 1 4 7 10 13 2 5 11 8 14 3 6 9 0 12
209 205 4 1 4 7 10 13 2 5 8 0 14 3 6 12 9 11
216 212 4 1 4 7 10 13 2 5 8 11 14 0 6 12 9 3
215 211 4 1 4 7 10 13 2 5 8 11 0 3 6 12 9 14
216 212 4 1 4 7 10 0 2 5 8 11 14 3 6 12 9 13
194 190 4 1 4 7 0 13 2 5 11 10 14 3 6 9 12 8
204 200 4 1 4 7 10 13 2 5 9 11 14 0 6 8 12 3
205 201 4 0 4 7 10 13 2 5 9 11 14 3 6 8 12 1
209 204 5 5 4 7 10 13 2 0 9 11 14 3 6 8 12 1
210 205 5 5 4 7 10 13 2 9 0 11 14 3 6 8 12 1
210 206 4 5 4 7 10 13 2 9 8 11 14 3 6 0 12 1
212 207 5 5 4 7 10 13 2 9 8 11 14 3 6 12 0 1
212 208 4 5 4 7 10 13 2 9 8 11 14 3 6 12 1 0
216 211 5 0 4 7 10 13 2 9 8 11 14 3 6 12 1 5
219 214 5 9 4 7 10 13 2 0 8 11 14 3 6 12 1 5
212 207 5 5 4 7 10 13 2 9 8 11 14 3 0 6 12 1
213 208 5 5 4 7 10 13 2 0 8 11 14 3 9 6 12 1
206 201 5 1 4 7 10 13 0 5 9 11 14 2 6 8 12 3
208 203 5 3 4 7 10 13 2 5 9 11 14 0 6 8 12 1
209 205 4 3 4 7 10 13 2 5 9 11 14 1 6 8 12 0
208 203 5 13 4 7 10 0 2 5 9 11 14 3 6 8 12 1
209 205 4 13 4 7 10 1 2 5 9 11 14 3 6 8 12 0
202 197 5 1 4 7 10 13 0 2 5 11 8 3 6 9 12 14
202 197 5 1 0 7 10 13 2 4 5 11 8 3 6 9 12 14
202 197 5 1 4 7 10 13 2 5 9 11 8 3 6 12 0 14
202 198 4 1 4 7 10 13 2 5 9 11 8 3 6 12 14 0
204 199 5 1 4 7 10 13 2 5 9 11 0 3 6 12 14 8
202 197 5 1 4 10 0 13 2 5 7 11 8 3 6 9 12 14
205 200 5 2 4 7 10 13 0 5 11 8 14 3 6 9 12 1
202 197 5 1 4 7 10 13 2 5 9 11 8 3 0 6 12 14
205 200 5 4 0 7 10 13 2 5 11 8 14 3 6 9 12 1
206 201 5 3 4 7 10 13 2 5 11 8 14 0 6 9 12 1
207 203 4 3 4 7 10 13 2 5 11 8 14 1 6 9 12 0
211 206 5 3 4 7 10 13 2 5 11 0 14 1 6 9 12 8
211 207 4 3 4 7 10 13 2 5 0 11 14 1 6 9 12 8
213 208 5 3 4 7 10 13 2 0 5 11 14 1 6 9 12 8
213 208 5 3 4 7 10 13 2 5 9 11 14 1 6 0 12 8
213 208 5 3 4 0 10 13 2 5 7 11 14 1 6 9 12 8
201 196 5 1 4 7 10 0 2 5 11 8 13 3 6 9 12 14
202 198 4 1 4 7 10 14 2 5 11 8 13 3 6 9 12 0
206 201 5 1 4 7 10 14 2 5 11 0 13 3 6 9 12 8
206 202 4 1 4 7 10 14 2 5 0 11 13 3 6 9 12 8
208 203 5 1 4 7 10 14 2 0 5 11 13 3 6 9 12 8
208 203 5 1 4 7 10 14 2 5 9 11 13 3 6 0 12 8
208 203 5 1 4 0 10 14 2 5 7 11 13 3 6 9 12 8
204 199 5 1 4 7 10 8 2 5 11 0 13 3 6 9 12 14
204 200 4 1 4 7 10 8 2 5 0 11 13 3 6 9 12 14
206 201 5 1 4 7 10 8 2 0 5 11 13 3 6 9 12 14
206 201 5 1 4 7 10 8 2 5 9 11 13 3 6 0 12 14
206 201 5 1 4 0 10 8 2 5 7 11 13 3 6 9 12 14
218 213 5 1 4 7 10 13 2 5 8 11 14 6 0 12 9 3
219 214 5 1 4 7 10 13 2 5 8 11 14 6 12 0 9 3
219 215 4 1 4 7 10 13 2 5 8 11 14 6 12 9 0 3
219 216 3 1 4 7 10 13 2 5 8 11 14 6 12 9 3 0
222 218 4 1 4 7 10 13 2 5 8 11 14 0 12 9 3 6
223 219 4 1 4 7 10 13 2 5 8 11 14 12 0 9 3 6
225 220 5 1 4 7 10 13 2 5 8 11 14 12 9 0 3 6
226 221 5 1 4 7 10 13 2 5 8 11 14 12 9 3 0 6
226 222 4 1 4 7 10 13 2 5 8 11 14 12 9 3 6 0
229 224 5 1 4 7 10 13 2 5 8 11 14 0 9 3 6 12
230 225 5 1 4 7 10 13 2 5 8 11 14 9 0 3 6 12
231 226 5 1 4 7 10 13 2 5 8 11 14 9 3 0 6 12
225 220 5 1 4 7 10 13 2 0 8 11 14 12 5 9 3 6
221 216 5 1 4 7 10 13 2 5 8 0 14 6 12 9 11 3
198 193 5 1 4 7 10 0 2 5 11 14 8 3 6 9 12 13
201 196 5 1 4 7 10 14 2 5 11 0 8 3 6 9 12 13
201 197 4 1 4 7 10 14 2 5 0 11 8 3 6 9 12 13
203 198 5 1 4 7 10 14 2 0 5 11 8 3 6 9 12 13
203 198 5 1 4 7 10 14 2 5 9 11 8 3 6 0 12 13
203 198 5 1 4 0 10 14 2 5 7 11 8 3 6 9 12 13
207 202 5 4 0 7 10 13 2 5 9 11 14 3 6 8 12 1
218 213 5 1 4 7 10 13 0 5 8 11 14 2 6 12 9 3
207 202 5 5 4 7 10 13 2 0 11 8 14 3 6 9 12 1
208 203 5 5 4 7 10 13 2 11 0 8 14 3 6 9 12 1
208 204 4 5 4 7 10 13 2 11 8 0 14 3 6 9 12 1
210 205 5 5 4 7 10 13 2 11 8 14 0 3 6 9 12 1
210 206 4 5 4 7 10 13 2 11 8 14 1 3 6 9 12 0
214 209 5 5 4 7 10 13 2 11 8 0 1 3 6 9 12 14
215 210 5 5 4 7 10 13 2 11 8 1 0 3 6 9 12 14
214 211 3 5 4 7 10 13 2 11 8 1 14 3 6 9 12 0
218 214 4 0 4 7 10 13 2 11 8 1 14 3 6 9 12 5
221 217 4 11 4 7 10 13 2 0 8 1 14 3 6 9 12 5
223 218 5 11 4 7 10 13 2 8 0 1 14 3 6 9 12 5
224 219 5 11 4 7 10 13 2 8 1 0 14 3 6 9 12 5
223 218 5 11 4 7 10 13 0 2 8 1 14 3 6 9 12 5
223 218 5 11 4 7 10 13 2 6 8 1 14 3 0 9 12 5
205 200 5 0 4 7 10 13 2 5 11 8 14 1 6 9 12 3
198 193 5 1 4 7 10 13 2 0 9 11 14 3 5 6 12 8
199 194 5 1 4 7 10 13 2 9 0 11 14 3 5 6 12 8
200 195 5 1 4 7 10 13 2 9 6 11 14 3 5 0 12 8
201 196 5 1 4 7 10 13 2 9 6 11 14 3 0 5 12 8
202 197 5 1 4 7 10 13 2 0 6 11 14 3 9 5 12 8
203 198 5 1 4 7 10 13 2 6 0 11 14 3 9 5 12 8
206 201 5 13 4 7 10 0 2 5 11 8 14 3 6 9 12 1
207 203 4 13 4 7 10 1 2 5 11 8 14 3 6 9 12 0
211 206 5 13 4 7 10 1 2 5 11 0 14 3 6 9 12 8
211 207 4 13 4 7 10 1 2 5 0 11 14 3 6 9 12 8
213 208 5 13 4 7 10 1 2 0 5 11 14 3 6 9 12 8
213 208 5 13 4 7 10 1 2 5 9 11 14 3 6 0 12 8
213 208 5 13 4 0 10 1 2 5 7 11 14 3 6 9 12 8
209 204 5 13 4 7 10 8 2 5 11 0 14 3 6 9 12 1
209 205 4 13 4 7 10 8 2 5 0 11 14 3 6 9 12 1
211 206 5 13 4 7 10 8 2 0 5 11 14 3 6 9 12 1
196 191 5 1 4 0 7 13 2 5 11 10 14 3 6 9 12 8
197 192 5 1 4 11 7 13 2 5 0 10 14 3 6 9 12 8
198 193 5 1 4 11 7 13 2 5 10 0 14 3 6 9 12 8
199 194 5 1 4 11 0 13 2 5 10 7 14 3 6 9 12 8
200 195 5 1 4 0 11 13 2 5 10 7 14 3 6 9 12 8
201 196 5 1 4 10 11 13 2 5 0 7 14 3 6 9 12 8
211 206 5 13 4 7 10 8 2 5 9 11 14 3 6 0 12 1
211 206 5 13 4 0 10 8 2 5 7 11 14 3 6 9 12 1
217 212 5 1 4 7 10 13 2 5 8 0 11 3 6 12 9 14
218 213 5 1 4 7 10 13 2 5 8 9 11 3 6 12 0 14
218 214 4 1 4 7 10 13 2 5 8 9 11 3 6 12 14 0
218 214 4 1 4 7 10 13 2 5 8 9 11 3 6 0 12 14
220 215 5 1 4 7 10 13 2 5 8 9 11 3 0 6 12 14
198 193 5 1 4 7 10 13 2 5 11 14 8 0 6 9 12 3
220 215 5 1 4 7 10 13 2 5 0 9 11 3 6 8 12 14
222 217 5 1 4 7 10 13 2 5 8 0 11 3 6 12 14 9
222 218 4 1 4 7 10 13 2 5 8 11 0 3 6 12 14 9
222 219 3 1 4 7 10 13 2 5 8 11 9 3 6 12 14 0
224 220 4 1 4 7 10 13 2 5 8 11 9 3 6 12 0 14
224 221 3 1 4 7 10 13 2 5 8 11 9 3 6 0 12 14
226 222 4 1 4 7 10 13 2 5 8 11 9 3 0 6 12 14
226 222 4 1 4 7 10 13 2 5 0 11 9 3 6 8 12 14
228 223 5 1 4 7 10 13 2 5 11 0 9 3 6 8 12 14
229 224 5 1 4 7 10 13 2 5 11 9 0 3 6 8 12 14
228 225 3 1 4 7 10 13 2 5 11 9 14 3 6 8 12 0
233 228 5 0 4 7 10 13 2 5 11 9 14 3 6 8 12 1
232 227 5 1 4 7 10 0 2 5 11 9 14 3 6 8 12 13
235 230 5 1 4 7 10 9 2 5 11 0 14 3 6 8 12 13
235 231 4 1 4 7 10 9 2 5 0 11 14 3 6 8 12 13
235 232 3 1 4 7 10 9 2 5 8 11 14 3 6 0 12 13
237 233 4 1 4 7 10 9 2 5 8 11 14 3 6 12 0 13
237 234 3 1 4 7 10 9 2 5 8 11 14 3 6 12 13 0
240 236 4 1 4 7 10 0 2 5 8 11 14 3 6 12 13 9
237 233 4 1 4 7 10 9 2 5 8 11 14 3 0 6 12 13
239 234 5 1 4 7 10 9 2 5 8 11 14 0 3 6 12 13
240 236 4 1 4 7 10 9 2 5 8 11 14 13 3 6 12 0
239 234 5 1 4 7 10 9 2 0 8 11 14 3 5 6 12 13
218 213 5 1 4 7 0 10 2 5 8 11 14 3 6 12 9 13
221 216 5 3 4 7 10 13 2 11 8 1 14 0 6 9 12 5
222 218 4 3 4 7 10 13 2 11 8 1 14 5 6 9 12 0
226 221 5 3 4 7 10 13 2 11 8 0 14 5 6 9 12 1
226 221 5 0 4 7 10 13 2 11 8 1 14 5 6 9 12 3
229 224 5 11 4 7 10 13 2 0 8 1 14 5 6 9 12 3
218 213 5 5 4 7 10 0 2 11 8 1 14 3 6 9 12 13
221 216 5 5 4 7 10 1 2 11 8 0 14 3 6 9 12 13
220 215 5 0 4 7 10 5 2 11 8 1 14 3 6 9 12 13
222 218 4 13 4 7 10 5 2 11 8 1 14 3 6 9 12 0
226 221 5 13 4 7 10 5 2 11 8 0 14 3 6 9 12 1
223 218 5 11 4 7 10 5 2 0 8 1 14 3 6 9 12 13
220 215 5 1 4 7 10 0 2 5 8 11 14 13 6 12 9 3
221 217 4 1 4 7 10 3 2 5 8 11 14 13 6 12 9 0
223 218 5 1 4 7 10 3 2 5 8 11 14 13 6 12 0 9
223 219 4 1 4 7 10 3 2 5 8 11 14 13 6 0 12 9
225 220 5 1 4 7 10 3 2 5 8 11 14 13 0 6 12 9
226 221 5 1 4 7 10 3 2 5 8 11 14 0 13 6 12 9
228 224 4 1 4 7 10 0 2 5 8 11 14 3 13 6 12 9
229 226 3 1 4 7 10 9 2 5 8 11 14 3 13 6 12 0
227 223 4 1 4 7 10 3 2 5 8 11 14 9 13 6 12 0
230 225 5 1 4 7 10 0 2 5 8 11 14 9 13 6 12 3
234 229 5 1 4 7 10 9 2 5 8 0 14 3 13 6 12 11
220 215 5 1 4 7 10 11 2 5 8 0 14 3 6 12 9 13
221 216 5 1 4 7 10 11 2 5 8 9 14 3 6 12 0 13
221 217 4 1 4 7 10 11 2 5 8 9 14 3 6 12 13 0
221 217 4 1 4 7 10 11 2 5 8 9 14 3 6 0 12 13
223 218 5 1 4 7 10 11 2 5 8 9 14 3 0 6 12 13
223 218 5 1 4 7 10 11 2 5 0 9 14 3 6 8 12 13
225 220 5 0 4 7 10 13 2 5 8 11 14 1 12 9 3 6
227 223 4 6 4 7 10 13 2 5 8 11 14 1 12 9 3 0
230 225 5 6 4 7 10 13 2 5 8 11 14 0 12 9 3 1
231 226 5 6 4 7 10 13 2 5 8 11 14 12 0 9 3 1
229 224 5 6 4 7 10 13 2 5 8 11 14 1 12 9 0 3
226 221 5 1 4 7 10 13 2 0 8 11 14 5 12 9 3 6
227 222 5 1 4 7 10 13 2 12 8 11 14 5 0 9 3 6
228 223 5 1 4 7 10 13 2 12 8 11 14 0 5 9 3 6
229 225 4 1 4 7 10 13 2 12 8 11 14 6 5 9 3 0
231 226 5 1 4 7 10 13 2 12 8 11 14 6 5 9 0 3
226 221 5 1 4 7 10 0 2 5 8 11 14 13 12 9 3 6
227 223 4 1 4 7 10 6 2 5 8 11 14 13 12 9 3 0
230 225 5 1 4 7 10 6 2 5 8 11 14 0 12 9 3 13
231 226 5 1 4 7 10 6 2 5 8 11 14 12 0 9 3 13
229 224 5 1 4 7 10 6 2 5 8 11 14 13 12 9 0 3
201 196 5 1 4 7 10 13 2 5 11 8 14 3 6 0 9 12
202 197 5 1 4 7 10 13 2 5 0 8 14 3 6 11 9 12
202 198 4 1 4 7 10 13 2 5 8 0 14 3 6 11 9 12
203 199 4 1 4 7 10 13 2 5 8 9 14 3 6 11 0 12
202 200 2 1 4 7 10 13 2 5 8 9 14 3 6 11 12 0
206 203 3 1 4 7 10 13 2 5 8 0 14 3 6 11 12 9
208 204 4 1 4 7 10 13 2 5 8 14 0 3 6 11 12 9
208 205 3 1 4 7 10 13 2 5 8 14 9 3 6 11 12 0
212 208 4 1 4 7 10 13 2 5 8 0 9 3 6 11 12 14
208 204 4 1 4 7 10 13 2 5 0 8 14 3 6 11 12 9
209 205 4 1 4 7 10 13 2 5 11 8 14 3 6 0 12 9
208 204 4 1 4 7 10 13 2 5 8 12 14 3 6 11 0 9
208 205 3 1 4 7 10 13 2 5 8 12 14 3 6 11 9 0
209 205 4 1 4 7 10 13 2 5 8 12 14 3 6 0 11 9
208 204 4 1 4 7 0 13 2 5 8 10 14 3 6 11 12 9
206 202 4 1 4 7 10 0 2 5 8 9 14 3 6 11 12 13
209 205 4 1 4 7 10 9 2 5 8 0 14 3 6 11 12 13
205 201 4 1 4 7 10 13 2 5 8 9 0 3 6 11 12 14
204 200 4 1 4 7 10 13 2 5 8 9 14 3 6 0 11 12
206 202 4 1 4 7 10 13 2 5 8 9 14 0 6 11 12 3
207 203 4 0 4 7 10 13 2 5 8 9 14 3 6 11 12 1
211 206 5 5 4 7 10 13 2 0 8 9 14 3 6 11 12 1
208 203 5 1 4 7 10 13 0 5 8 9 14 2 6 11 12 3
210 205 5 3 4 7 10 13 2 5 8 9 14 0 6 11 12 1
211 207 4 3 4 7 10 13 2 5 8 9 14 1 6 11 12 0
215 210 5 3 4 7 10 13 2 5 8 0 14 1 6 11 12 9
210 205 5 13 4 7 10 0 2 5 8 9 14 3 6 11 12 1
211 207 4 13 4 7 10 1 2 5 8 9 14 3 6 11 12 0
215 210 5 13 4 7 10 1 2 5 8 0 14 3 6 11 12 9
213 208 5 13 4 7 10 9 2 5 8 0 14 3 6 11 12 1
218 213 5 1 4 7 10 14 2 5 8 11 0 3 6 12 9 13
218 214 4 1 4 7 10 14 2 5 8 11 13 3 6 12 9 0
220 215 5 1 4 7 10 14 2 5 8 11 13 3 6 12 0 9
220 216 4 1 4 7 10 14 2 5 8 11 13 3 6 0 12 9
222 217 5 1 4 7 10 14 2 5 8 11 13 3 0 6 12 9
222 217 5 1 4 7 10 14 2 5 0 11 13 3 6 8 12 9
202 197 5 1 0 4 10 13 2 5 7 11 8 3 6 9 12 14
210 205 5 5 4 7 10 13 2 11 8 12 14 3 6 9 0 1
210 206 4 5 4 7 10 13 2 11 8 12 14 3 6 9 1 0
214 209 5 5 4 7 10 13 2 11 8 0 14 3 6 9 1 12
237 232 5 1 4 7 10 9 2 0 5 11 14 3 6 8 12 13
242 237 5 1 4 7 10 9 2 5 8 0 14 3 6 12 13 11
243 238 5 1 4 7 10 9 2 5 8 13 14 3 6 12 0 11
243 239 4 1 4 7 10 9 2 5 8 13 14 3 6 12 11 0
243 239 4 1 4 7 10 9 2 5 8 13 14 3 6 0 12 11
245 240 5 1 4 7 10 9 2 5 8 13 14 3 0 6 12 11
225 220 5 1 4 7 10 11 2 5 8 0 14 3 6 12 13 9
226 221 5 1 4 7 10 11 2 5 8 13 14 3 6 12 0 9
226 222 4 1 4 7 10 11 2 5 8 13 14 3 6 12 9 0
226 222 4 1 4 7 10 11 2 5 8 13 14 3 6 0 12 9
228 223 5 1 4 7 10 11 2 5 8 13 14 3 0 6 12 9
234 229 5 0 4 7 10 9 2 5 8 11 14 3 13 6 12 1
236 231 5 9 4 7 10 0 2 5 8 11 14 3 13 6 12 1
237 233 4 9 4 7 10 1 2 5 8 11 14 3 13 6 12 0
211 206 5 1 4 7 10 13 2 5 8 14 0 3 6 12 9 11
211 207 4 1 4 7 10 13 2 5 8 14 11 3 6 12 9 0
217 212 5 1 4 7 10 0 2 5 8 11 13 3 6 12 9 14
224 219 5 3 4 7 10 13 2 0 8 1 14 11 6 9 12 5
220 215 5 2 4 7 10 13 0 11 8 1 14 3 6 9 12 5
221 216 5 2 4 7 10 13 11 0 8 1 14 3 6 9 12 5
225 220 5 1 4 7 10 3 2 5 0 11 14 13 6 8 12 9
206 201 5 1 4 7 10 13 2 0 11 8 14 5 6 9 12 3
207 202 5 1 4 7 10 13 2 11 0 8 14 5 6 9 12 3
207 203 4 1 4 7 10 13 2 11 8 0 14 5 6 9 12 3
209 204 5 1 4 7 10 13 2 11 8 14 0 5 6 9 12 3
209 205 4 1 4 7 10 13 2 11 8 14 3 5 6 9 12 0
213 208 5 1 4 7 10 13 2 11 8 0 3 5 6 9 12 14
214 209 5 1 4 7 10 13 2 11 8 3 0 5 6 9 12 14
213 210 3 1 4 7 10 13 2 11 8 3 14 5 6 9 12 0
216 212 4 1 4 7 10 13 2 11 8 3 14 0 6 9 12 5
219 215 4 1 4 7 10 13 2 0 8 3 14 11 6 9 12 5
221 216 5 1 4 7 10 13 2 8 0 3 14 11 6 9 12 5
222 217 5 1 4 7 10 13 2 8 3 0 14 11 6 9 12 5
200 195 5 1 4 7 10 13 2 5 11 12 8 3 6 9 0 14
200 196 4 1 4 7 10 13 2 5 11 12 8 3 6 9 14 0
204 199 5 1 4 7 10 13 2 5 11 0 8 3 6 9 14 12
204 200 4 1 4 7 10 13 2 5 0 11 8 3 6 9 14 12
206 201 5 1 4 7 10 13 2 0 5 11 8 3 6 9 14 12
231 226 5 0 4 7 10 1 2 5 8 11 14 3 13 6 12 9
232 227 5 1 4 7 10 9 2 5 8 11 0 3 13 6 12 14
233 228 5 1 4 7 10 0 2 5 8 11 9 3 13 6 12 14
234 230 4 1 4 7 10 14 2 5 8 11 9 3 13 6 12 0
224 219 5 1 4 7 10 13 0 5 8 11 14 2 12 9 3 6
222 217 5 1 4 7 10 13 2 5 8 11 0 6 12 9 3 14
206 201 5 1 4 7 10 13 2 5 9 11 14 6 0 8 12 3
207 202 5 1 4 7 10 13 2 5 9 11 14 6 8 0 12 3
207 203 4 1 4 7 10 13 2 5 0 11 14 6 8 9 12 3
209 204 5 1 4 7 10 13 2 5 11 0 14 6 8 9 12 3
224 219 5 1 4 7 10 0 2 5 8 9 14 3 6 12 13 11
219 214 5 0 4 7 10 13 2 5 8 11 14 1 6 12 9 3
221 217 4 3 4 7 10 13 2 5 8 11 14 1 6 12 9 0
223 218 5 3 4 7 10 13 2 5 8 11 14 1 6 12 0 9
223 219 4 3 4 7 10 13 2 5 8 11 14 1 6 0 12 9
225 220 5 3 4 7 10 13 2 5 8 11 14 1 0 6 12 9
226 221 5 3 4 7 10 13 2 5 8 11 14 0 1 6 12 9
227 223 4 0 4 7 10 13 2 5 8 11 14 3 1 6 12 9
229 226 3 9 4 7 10 13 2 5 8 11 14 3 1 6 12 0
227 223 4 3 4 7 10 13 2 5 8 11 14 9 1 6 12 0
231 226 5 0 4 7 10 13 2 5 8 11 14 9 1 6 12 3
204 199 5 1 4 7 0 13 2 5 8 10 14 3 6 11 9 12
228 223 5 1 4 0 10 13 2 5 7 11 9 3 6 8 12 14
213 208 5 1 4 7 10 13 2 5 8 14 11 3 6 12 0 9
213 209 4 1 4 7 10 13 2 5 8 14 11 3 6 0 12 9
215 210 5 1 4 7 10 13 2 5 8 14 11 3 0 6 12 9
227 222 5 1 4 7 10 13 2 5 8 0 9 3 6 12 14 11
228 223 5 1 4 7 10 13 2 5 8 14 9 3 6 12 0 11
228 224 4 1 4 7 10 13 2 5 8 14 9 3 6 12 11 0
228 224 4 1 4 7 10 13 2 5 8 14 9 3 6 0 12 11
230 225 5 1 4 7 10 13 2 5 8 14 9 3 0 6 12 11
210 205 5 1 4 7 10 0 2 5 8 14 13 3 6 11 12 9
211 207 4 1 4 7 10 9 2 5 8 14 13 3 6 11 12 0
215 210 5 1 4 7 10 9 2 5 8 0 13 3 6 11 12 14
216 211 5 1 4 7 10 9 2 5 8 13 0 3 6 11 12 14
215 212 3 1 4 7 10 9 2 5 8 13 14 3 6 11 12 0
218 214 4 1 4 7 10 0 2 5 8 13 14 3 6 11 12 9
222 217 5 1 4 7 10 3 2 5 8 13 14 0 6 11 12 9
223 219 4 1 4 7 10 3 2 5 8 13 14 9 6 11 12 0
227 222 5 1 4 7 10 3 2 5 8 0 14 9 6 11 12 13
210 205 5 5 4 7 0 13 2 11 8 10 14 3 6 9 12 1
207 202 5 1 4 7 10 0 2 5 8 9 13 3 6 11 12 14
208 204 4 1 4 7 10 14 2 5 8 9 13 3 6 11 12 0
211 206 5 1 4 7 10 13 2 5 8 12 0 3 6 11 9 14
212 207 5 1 4 7 10 13 2 5 8 0 12 3 6 11 9 14
213 208 5 1 4 7 10 13 2 5 8 9 12 3 6 11 0 14
213 209 4 1 4 7 10 13 2 5 8 9 12 3 6 11 14 0
217 212 5 1 4 7 10 13 2 5 8 0 12 3 6 11 14 9
218 213 5 1 4 7 10 13 2 5 8 12 0 3 6 11 14 9
218 214 4 1 4 7 10 13 2 5 8 12 9 3 6 11 14 0
222 217 5 1 4 7 10 13 2 5 8 0 9 3 6 11 14 12
211 206 5 1 4 7 10 13 2 5 8 12 14 3 0 6 11 9
212 207 5 1 4 7 10 0 2 5 8 12 14 3 6 11 9 13
215 210 5 1 4 7 10 12 2 5 8 0 14 3 6 11 9 13
216 211 5 1 4 7 10 12 2 5 8 9 14 3 6 11 0 13
216 212 4 1 4 7 10 12 2 5 8 9 14 3 6 11 13 0
220 215 5 1 4 7 10 12 2 5 8 0 14 3 6 11 13 9
221 216 5 1 4 7 10 12 2 5 8 13 14 3 6 11 0 9
221 217 4 1 4 7 10 12 2 5 8 13 14 3 6 11 9 0
224 219 5 1 4 7 10 0 2 5 8 13 14 3 6 11 9 12
210 205 5 1 4 7 10 13 2 0 8 9 14 5 6 11 12 3
211 206 5 1 4 7 0 9 2 5 8 10 14 3 6 11 12 13
212 207 5 1 4 7 9 0 2 5 8 10 14 3 6 11 12 13
212 209 3 1 4 7 9 13 2 5 8 10 14 3 6 11 12 0
216 212 4 1 4 7 9 13 2 5 8 0 14 3 6 11 12 10
217 213 4 1 4 7 0 13 2 5 8 9 14 3 6 11 12 10
219 214 5 1 4 7 13 0 2 5 8 9 14 3 6 11 12 10
220 216 4 1 4 7 13 10 2 5 8 9 14 3 6 11 12 0
224 219 5 1 4 7 13 10 2 5 8 0 14 3 6 11 12 9
226 221 5 1 4 7 10 13 2 5 8 0 9 3 6 12 11 14
210 205 5 1 4 7 10 0 2 5 8 9 14 13 6 11 12 3
211 207 4 1 4 7 10 3 2 5 8 9 14 13 6 11 12 0
215 210 5 1 4 7 10 3 2 5 8 0 14 13 6 11 12 9
232 227 5 1 4 7 10 13 2 5 11 9 14 0 6 8 12 3
211 206 5 1 4 7 0 13 2 5 8 10 14 3 6 12 9 11
228 223 5 1 4 7 10 13 2 0 8 11 9 3 5 6 12 14
209 204 5 4 0 7 10 13 2 5 8 9 14 3 6 11 12 1
209 204 5 2 4 7 10 13 0 5 8 9 14 3 6 11 12 1
206 201 5 1 4 7 10 3 2 5 11 8 14 0 6 9 12 13
207 203 4 1 4 7 10 3 2 5 11 8 14 13 6 9 12 0
211 206 5 1 4 7 10 3 2 5 11 0 14 13 6 9 12 8
211 207 4 1 4 7 10 3 2 5 0 11 14 13 6 9 12 8
213 208 5 1 4 7 10 3 2 0 5 11 14 13 6 9 12 8
213 208 5 1 4 7 10 3 2 5 9 11 14 13 6 0 12 8
222 217 5 1 4 7 13 9 2 5 8 0 14 3 6 11 12 10
223 218 5 1 4 7 0 9 2 5 8 13 14 3 6 11 12 10
224 219 5 1 4 7 9 0 2 5 8 13 14 3 6 11 12 10
225 221 4 1 4 7 9 10 2 5 8 13 14 3 6 11 12 0
239 234 5 1 4 7 10 9 2 5 8 0 14 3 6 12 11 13
246 241 5 1 4 7 10 0 2 5 8 13 14 3 6 12 11 9
242 237 5 0 4 7 10 9 2 5 8 11 14 3 6 12 13 1
244 239 5 9 4 7 10 0 2 5 8 11 14 3 6 12 13 1
245 241 4 9 4 7 10 1 2 5 8 11 14 3 6 12 13 0
247 242 5 9 4 7 10 1 2 5 8 11 14 3 6 12 0 13
247 243 4 9 4 7 10 1 2 5 8 11 14 3 6 0 12 13
249 244 5 9 4 7 10 1 2 5 8 11 14 3 0 6 12 13
192 187 5 1 4 7 10 14 2 5 11 13 0 3 6 9 12 8
192 188 4 1 4 7 10 14 2 5 11 13 8 3 6 9 12 0
195 190 5 1 4 7 10 0 2 5 11 13 8 3 6 9 12 14
249 244 5 9 4 7 10 1 2 5 0 11 14 3 6 8 12 13
229 224 5 1 4 7 10 0 2 5 8 13 14 3 6 12 9 11
223 218 5 1 4 7 10 0 2 5 8 11 14 6 12 9 3 13
223 218 5 11 0 7 10 13 2 4 8 1 14 3 6 9 12 5
224 219 5 0 11 7 10 13 2 4 8 1 14 3 6 9 12 5
226 222 4 5 11 7 10 13 2 4 8 1 14 3 6 9 12 0
230 225 5 5 11 7 10 13 2 4 8 0 14 3 6 9 12 1
227 222 5 4 11 7 10 13 2 0 8 1 14 3 6 9 12 5
233 228 5 1 4 7 10 9 2 5 8 11 14 0 13 6 12 3
234 229 5 1 4 7 10 9 2 5 8 11 14 13 0 6 12 3
234 230 4 1 4 7 10 9 2 5 8 11 14 13 6 0 12 3
236 231 5 1 4 7 10 9 2 5 8 11 14 13 6 12 0 3
236 232 4 1 4 7 10 9 2 5 8 11 14 13 6 12 3 0
239 234 5 1 4 7 10 0 2 5 8 11 14 13 6 12 3 9
241 237 4 1 4 7 10 13 2 5 8 11 14 0 6 12 3 9
242 239 3 1 4 7 10 13 2 5 8 11 14 9 6 12 3 0
244 240 4 1 4 7 10 13 2 5 8 11 14 9 6 12 0 3
244 241 3 1 4 7 10 13 2 5 8 11 14 9 6 0 12 3
246 242 4 1 4 7 10 13 2 5 8 11 14 9 0 6 12 3
247 243 4 1 4 7 10 13 2 5 8 11 14 0 9 6 12 3
247 245 2 1 4 7 10 13 2 5 8 11 14 3 9 6 12 0
252 248 4 1 4 7 10 13 2 5 8 0 14 3 9 6 12 11
252 248 4 0 4 7 10 13 2 5 8 11 14 3 9 6 12 1
251 247 4 1 4 7 10 0 2 5 8 11 14 3 9 6 12 13
250 246 4 1 4 7 10 13 2 5 8 11 14 3 9 6 0 12
251 247 4 1 4 7 10 13 2 5 8 11 14 3 9 0 6 12
251 248 3 1 4 7 10 13 2 5 8 11 14 3 0 9 6 12
253 249 4 1 4 7 10 13 2 5 8 11 14 0 3 9 6 12
254 251 3 1 4 7 10 13 2 5 8 11 14 12 3 9 6 0
256 252 4 1 4 7 10 13 2 5 8 11 14 12 3 9 0 6
253 249 4 1 4 7 10 13 2 0 8 11 14 3 5 9 6 12
250 246 4 1 4 7 10 13 2 5 8 11 0 3 9 6 12 14
246 242 4 1 4 7 10 13 2 5 0 11 14 9 6 8 12 3
248 243 5 1 4 7 10 13 2 5 11 0 14 9 6 8 12 3
183 178 5 1 4 7 8 13 2 5 11 14 0 3 6 9 12 10
183 179 4 1 4 7 8 13 2 5 11 14 10 3 6 9 12 0
187 182 5 1 4 7 8 13 2 5 11 0 10 3 6 9 12 14
187 183 4 1 4 7 8 13 2 5 0 11 10 3 6 9 12 14
189 184 5 1 4 7 8 13 2 0 5 11 10 3 6 9 12 14
248 243 5 1 4 0 10 13 2 5 7 11 14 9 6 8 12 3
189 184 5 1 4 7 8 13 2 5 9 11 10 3 6 0 12 14
196 191 5 1 4 7 13 0 2 5 11 10 14 3 6 9 12 8
197 193 4 1 4 7 13 8 2 5 11 10 14 3 6 9 12 0
216 211 5 1 4 7 10 13 2 11 8 3 14 5 6 9 0 12
217 212 5 1 4 7 10 13 2 11 8 0 14 5 6 9 3 12
208 203 5 1 4 7 10 13 2 0 9 11 14 5 6 8 12 3
209 204 5 1 4 7 10 13 2 9 0 11 14 5 6 8 12 3
209 205 4 1 4 7 10 13 2 9 8 11 14 5 6 0 12 3
211 206 5 1 4 7 10 13 2 9 8 11 14 5 6 12 0 3
211 207 4 1 4 7 10 13 2 9 8 11 14 5 6 12 3 0
214 209 5 1 4 7 10 13 2 9 8 11 14 0 6 12 3 5
217 212 5 1 4 7 10 13 2 0 8 11 14 9 6 12 3 5
220 215 5 13 4 7 10 0 2 5 8 11 14 3 6 12 9 1
221 217 4 13 4 7 10 1 2 5 8 11 14 3 6 12 9 0
223 218 5 13 4 7 10 1 2 5 8 11 14 3 6 12 0 9
223 219 4 13 4 7 10 1 2 5 8 11 14 3 6 0 12 9
225 220 5 13 4 7 10 1 2 5 8 11 14 3 0 6 12 9
220 215 5 1 4 7 10 13 2 0 8 11 14 5 3 6 12 9
221 216 5 1 4 7 10 13 2 3 8 11 14 5 0 6 12 9
221 217 4 1 4 7 10 13 2 3 8 11 14 5 6 0 12 9
223 218 5 1 4 7 10 13 2 3 8 11 14 5 6 12 0 9
223 219 4 1 4 7 10 13 2 3 8 11 14 5 6 12 9 0
226 221 5 1 4 7 10 13 2 3 8 11 14 0 6 12 9 5
228 224 4 1 4 7 10 13 2 0 8 11 14 3 6 12 9 5
230 225 5 1 4 7 10 13 2 8 0 11 14 3 6 12 9 5
231 226 5 1 4 7 10 13 2 8 12 11 14 3 6 0 9 5
231 227 4 1 4 7 10 13 2 8 12 11 14 3 6 9 0 5
231 228 3 1 4 7 10 13 2 8 12 11 14 3 6 9 5 0
236 231 5 1 4 7 10 13 2 8 12 0 14 3 6 9 5 11
237 232 5 1 4 7 10 13 2 8 0 12 14 3 6 9 5 11
237 233 4 1 4 7 10 13 2 0 8 12 14 3 6 9 5 11
239 234 5 1 4 7 10 13 0 2 8 12 14 3 6 9 5 11
165 160 5 1 4 11 10 13 2 5 8 7 14 6 0 9 12 3
239 234 5 1 4 7 10 13 2 6 8 12 14 3 0 9 5 11
220 215 5 1 4 7 10 13 2 5 8 9 0 3 6 12 14 11
220 215 5 1 4 7 10 3 2 5 8 11 14 0 6 12 9 13
207 202 5 2 4 7 10 13 0 5 9 11 14 3 6 8 12 1
209 204 5 1 4 0 10 13 2 5 7 11 14 6 8 9 12 3
200 195 5 1 4 7 0 13 2 5 11 10 8 3 6 9 12 14
219 214 5 0 4 7 10 1 2 5 8 11 14 3 6 12 9 13
209 204 5 1 4 7 10 13 2 0 5 11 14 6 8 9 12 3
210 205 5 1 4 7 10 13 2 8 5 11 14 6 0 9 12 3
210 206 4 1 4 7 10 13 2 8 5 11 14 0 6 9 12 3
210 208 2 1 4 7 10 13 2 8 5 11 14 3 6 9 12 0
215 211 4 1 4 7 10 13 2 8 5 0 14 3 6 9 12 11
216 212 4 1 4 7 10 13 2 8 0 5 14 3 6 9 12 11
216 213 3 1 4 7 10 13 2 0 8 5 14 3 6 9 12 11
218 214 4 1 4 7 10 13 0 2 8 5 14 3 6 9 12 11
218 214 4 1 4 7 10 13 2 6 8 5 14 3 0 9 12 11
218 214 4 1 0 7 10 13 2 4 8 5 14 3 6 9 12 11
215 211 4 0 4 7 10 13 2 8 5 11 14 3 6 9 12 1
218 214 4 8 4 7 10 13 2 0 5 11 14 3 6 9 12 1
218 215 3 8 4 7 10 13 2 5 0 11 14 3 6 9 12 1
220 216 4 8 4 7 10 13 2 5 11 0 14 3 6 9 12 1
220 216 4 8 4 7 10 13 2 5 9 11 14 3 6 0 12 1
220 216 4 8 4 0 10 13 2 5 7 11 14 3 6 9 12 1
214 210 4 1 4 7 10 0 2 8 5 11 14 3 6 9 12 13
213 209 4 1 4 7 10 13 2 8 5 11 14 3 6 9 0 12
213 209 4 1 4 7 10 13 2 8 5 11 0 3 6 9 12 14
213 209 4 1 4 7 10 13 2 0 5 11 14 8 6 9 12 3
213 210 3 1 4 7 10 13 2 5 0 11 14 8 6 9 12 3
215 211 4 1 4 7 10 13 2 5 11 0 14 8 6 9 12 3
215 211 4 1 4 7 10 13 2 5 9 11 14 8 6 0 12 3
215 211 4 1 4 0 10 13 2 5 7 11 14 8 6 9 12 3
217 212 5 1 4 10 0 13 2 5 7 11 14 8 6 9 12 3
215 210 5 1 4 7 10 13 2 6 5 11 14 8 0 9 12 3
216 211 5 1 4 7 10 13 2 6 5 11 14 0 8 9 12 3
216 213 3 1 4 7 10 13 2 6 5 11 14 3 8 9 12 0
221 216 5 1 4 7 10 13 2 6 5 0 14 3 8 9 12 11
222 217 5 1 4 7 10 13 2 6 0 5 14 3 8 9 12 11
223 218 5 1 4 7 10 13 2 0 6 5 14 3 8 9 12 11
224 219 5 1 4 7 10 13 2 8 6 5 14 3 0 9 12 11
221 216 5 0 4 7 10 13 2 6 5 11 14 3 8 9 12 1
224 219 5 6 4 7 10 13 2 0 5 11 14 3 8 9 12 1
224 220 4 6 4 7 10 13 2 5 0 11 14 3 8 9 12 1
226 221 5 6 4 7 10 13 2 5 11 0 14 3 8 9 12 1
226 221 5 6 4 7 10 13 2 5 9 11 14 3 8 0 12 1
227 222 5 6 4 7 10 13 2 5 9 11 14 3 0 8 12 1
226 221 5 6 4 0 10 13 2 5 7 11 14 3 8 9 12 1
225 220 5 6 4 7 10 13 2 8 5 11 14 3 0 9 12 1
220 215 5 1 4 7 10 0 2 6 5 11 14 3 8 9 12 13
219 214 5 1 4 7 10 13 2 6 5 11 14 3 8 9 0 12
218 213 5 1 4 7 10 13 2 8 9 5 14 3 6 0 12 11
222 217 5 8 4 7 10 13 2 5 9 11 14 3 0 6 12 1
222 217 5 8 4 7 0 13 2 5 11 10 14 3 6 9 12 1
220 215 5 8 4 7 10 13 0 2 5 11 14 3 6 9 12 1
222 217 5 8 4 7 10 13 2 5 11 14 0 3 6 9 12 1
222 218 4 8 4 7 10 13 2 5 11 14 1 3 6 9 12 0
226 221 5 8 4 7 10 13 2 5 11 0 1 3 6 9 12 14
226 222 4 8 4 7 10 13 2 5 0 11 1 3 6 9 12 14
228 223 5 8 4 7 10 13 2 0 5 11 1 3 6 9 12 14
228 223 5 8 4 7 10 13 2 5 9 11 1 3 6 0 12 14
228 223 5 8 4 0 10 13 2 5 7 11 1 3 6 9 12 14
227 222 5 8 4 7 10 13 2 5 11 1 0 3 6 9 12 14
226 223 3 8 4 7 10 13 2 5 11 1 14 3 6 9 12 0
230 226 4 0 4 7 10 13 2 5 11 1 14 3 6 9 12 8
234 229 5 5 4 7 10 13 2 0 11 1 14 3 6 9 12 8
235 230 5 5 4 7 10 13 2 11 0 1 14 3 6 9 12 8
236 231 5 5 4 7 10 13 2 11 1 0 14 3 6 9 12 8
233 228 5 3 4 7 10 13 2 5 11 1 14 0 6 9 12 8
234 230 4 3 4 7 10 13 2 5 11 1 14 8 6 9 12 0
238 233 5 3 4 7 10 13 2 5 11 0 14 8 6 9 12 1
238 234 4 3 4 7 10 13 2 5 0 11 14 8 6 9 12 1
240 235 5 3 4 7 10 13 2 0 5 11 14 8 6 9 12 1
240 235 5 3 4 7 10 13 2 5 9 11 14 8 6 0 12 1
240 235 5 3 4 0 10 13 2 5 7 11 14 8 6 9 12 1
238 233 5 0 4 7 10 13 2 5 11 1 14 8 6 9 12 3
233 228 5 13 4 7 10 0 2 5 11 1 14 3 6 9 12 8
234 230 4 13 4 7 10 8 2 5 11 1 14 3 6 9 12 0
238 233 5 0 4 7 10 8 2 5 11 1 14 3 6 9 12 13
220 215 5 0 1 7 10 13 2 4 8 5 14 3 6 9 12 11
222 218 4 11 1 7 10 13 2 4 8 5 14 3 6 9 12 0
226 221 5 11 1 7 10 13 2 4 8 0 14 3 6 9 12 5
223 218 5 4 1 7 10 13 2 0 8 5 14 3 6 9 12 11
224 219 5 4 0 7 10 13 2 1 8 5 14 3 6 9 12 11
224 220 4 0 4 7 10 13 2 1 8 5 14 3 6 9 12 11
226 223 3 11 4 7 10 13 2 1 8 5 14 3 6 9 12 0
230 226 4 11 4 7 10 13 2 1 8 0 14 3 6 9 12 5
232 227 5 11 4 7 10 13 2 1 8 14 0 3 6 9 12 5
232 228 4 11 4 7 10 13 2 1 8 14 5 3 6 9 12 0
236 231 5 11 4 7 10 13 2 1 8 0 5 3 6 9 12 14
236 231 5 0 4 7 10 13 2 1 8 14 5 3 6 9 12 11
238 234 4 1 4 7 10 13 2 0 8 14 5 3 6 9 12 11
240 235 5 1 4 7 10 13 2 8 0 14 5 3 6 9 12 11
241 236 5 1 4 7 10 13 2 8 14 0 5 3 6 9 12 11
242 237 5 1 4 7 10 13 2 8 14 5 0 3 6 9 12 11
242 238 4 1 4 7 10 13 2 8 14 5 11 3 6 9 12 0
246 241 5 1 4 7 10 13 2 8 14 0 11 3 6 9 12 5
246 242 4 1 4 7 10 13 2 8 14 11 0 3 6 9 12 5
246 243 3 1 4 7 10 13 2 8 14 11 5 3 6 9 12 0
251 246 5 0 4 7 10 13 2 8 14 11 5 3 6 9 12 1
254 249 5 8 4 7 10 13 2 0 14 11 5 3 6 9 12 1
255 250 5 8 4 7 10 13 2 14 0 11 5 3 6 9 12 1
250 245 5 1 4 7 10 0 2 8 14 11 5 3 6 9 12 13
251 246 5 1 4 7 10 5 2 8 14 11 0 3 6 9 12 13
251 247 4 1 4 7 10 5 2 8 14 11 13 3 6 9 12 0
250 245 5 1 4 7 10 13 2 8 14 11 5 0 6 9 12 3
253 248 5 1 4 7 10 13 2 0 14 11 5 8 6 9 12 3
254 249 5 1 4 7 10 13 2 14 0 11 5 8 6 9 12 3
249 244 5 1 4 7 10 13 2 8 14 11 5 3 6 9 0 12
218 213 5 1 4 7 10 3 2 8 5 11 14 0 6 9 12 13
219 215 4 1 4 7 10 3 2 8 5 11 14 13 6 9 12 0
221 216 5 1 4 7 10 3 2 0 5 11 14 8 6 9 12 13
221 217 4 1 4 7 10 3 2 5 0 11 14 8 6 9 12 13
223 218 5 1 4 7 10 3 2 5 11 0 14 8 6 9 12 13
223 218 5 1 4 7 10 3 2 5 9 11 14 8 6 0 12 13
223 218 5 1 4 0 10 3 2 5 7 11 14 8 6 9 12 13
218 213 5 13 4 7 10 0 2 8 5 11 14 3 6 9 12 1
219 215 4 13 4 7 10 1 2 8 5 11 14 3 6 9 12 0
218 213 5 1 4 7 10 11 2 8 5 0 14 3 6 9 12 13
219 214 5 1 4 7 10 11 2 8 0 5 14 3 6 9 12 13
219 215 4 1 4 7 10 11 2 0 8 5 14 3 6 9 12 13
221 216 5 1 4 7 10 11 0 2 8 5 14 3 6 9 12 13
221 216 5 1 4 7 10 11 2 6 8 5 14 3 0 9 12 13
221 216 5 1 0 7 10 11 2 4 8 5 14 3 6 9 12 13
215 210 5 1 4 7 10 13 0 2 5 11 14 8 6 9 12 3
216 211 5 1 4 7 10 13 8 2 5 11 14 0 6 9 12 3
216 213 3 1 4 7 10 13 8 2 5 11 14 3 6 9 12 0
221 216 5 1 4 7 10 13 8 2 5 0 14 3 6 9 12 11
222 217 5 1 4 7 10 13 8 2 0 5 14 3 6 9 12 11
223 218 5 1 4 7 10 13 8 0 2 5 14 3 6 9 12 11
224 219 5 1 4 7 10 13 0 8 2 5 14 3 6 9 12 11
217 212 5 2 4 7 10 13 0 8 5 11 14 3 6 9 12 1
218 213 5 2 4 7 10 13 8 0 5 11 14 3 6 9 12 1
218 214 4 2 4 7 10 13 8 5 0 11 14 3 6 9 12 1
220 215 5 2 4 7 10 13 8 5 11 0 14 3 6 9 12 1
220 215 5 2 4 7 10 13 8 5 9 11 14 3 6 0 12 1
220 215 5 2 4 0 10 13 8 5 7 11 14 3 6 9 12 1
229 224 5 11 4 7 10 13 2 1 8 5 0 3 6 9 12 14
227 222 5 13 4 7 10 0 2 1 8 5 14 3 6 9 12 11
228 224 4 13 4 7 10 11 2 1 8 5 14 3 6 9 12 0
232 227 5 13 4 7 10 11 2 1 8 0 14 3 6 9 12 5
232 227 5 0 4 7 10 11 2 1 8 5 14 3 6 9 12 13
230 225 5 13 4 7 10 5 2 1 8 0 14 3 6 9 12 11
232 227 5 11 4 7 0 13 2 1 8 10 14 3 6 9 12 5
217 212 5 1 4 7 10 13 2 8 5 14 0 3 6 9 12 11
217 213 4 1 4 7 10 13 2 8 5 14 11 3 6 9 12 0
222 217 5 8 4 7 10 13 2 5 9 11 14 3 6 12 0 1
222 218 4 8 4 7 10 13 2 5 9 11 14 3 6 12 1 0
226 221 5 0 4 7 10 13 2 5 9 11 14 3 6 12 1 8
217 212 5 1 4 7 10 13 2 5 11 12 14 8 6 9 0 3
217 213 4 1 4 7 10 13 2 5 11 12 14 8 6 9 3 0
221 216 5 1 4 7 10 13 2 5 11 0 14 8 6 9 3 12
221 217 4 1 4 7 10 13 2 5 0 11 14 8 6 9 3 12
223 218 5 1 4 7 10 13 2 0 5 11 14 8 6 9 3 12
227 222 5 3 4 7 10 13 2 1 8 5 14 0 6 9 12 11
228 224 4 3 4 7 10 13 2 1 8 5 14 11 6 9 12 0
232 227 5 3 4 7 10 13 2 1 8 0 14 11 6 9 12 5
232 227 5 0 4 7 10 13 2 1 8 5 14 11 6 9 12 3
234 230 4 1 4 7 10 13 2 0 8 5 14 11 6 9 12 3
236 231 5 1 4 7 10 13 2 8 0 5 14 11 6 9 12 3
237 232 5 1 4 7 10 13 2 8 5 0 14 11 6 9 12 3
236 231 5 1 4 7 10 13 0 2 8 5 14 11 6 9 12 3
237 232 5 1 4 7 10 13 11 2 8 5 14 0 6 9 12 3
237 234 3 1 4 7 10 13 11 2 8 5 14 3 6 9 12 0
241 237 4 1 4 7 10 13 11 2 8 0 14 3 6 9 12 5
243 238 5 1 4 7 10 13 11 2 8 14 0 3 6 9 12 5
243 239 4 1 4 7 10 13 11 2 8 14 5 3 6 9 12 0
247 242 5 1 4 7 10 13 11 2 8 0 5 3 6 9 12 14
243 238 5 1 4 7 10 13 11 2 0 8 14 3 6 9 12 5
244 239 5 1 4 7 10 13 11 0 2 8 14 3 6 9 12 5
245 240 5 1 4 7 10 13 0 11 2 8 14 3 6 9 12 5
243 238 5 1 4 7 10 13 11 2 8 12 14 3 6 9 0 5
243 239 4 1 4 7 10 13 11 2 8 12 14 3 6 9 5 0
247 242 5 1 4 7 10 13 11 2 8 0 14 3 6 9 5 12
230 225 5 8 4 7 10 13 2 5 11 1 14 0 6 9 12 3
230 225 5 11 4 7 10 13 2 1 8 5 14 0 6 9 12 3
233 228 5 11 4 7 10 13 2 0 8 5 14 1 6 9 12 3
230 225 5 11 4 7 10 0 2 1 8 5 14 3 6 9 12 13
233 228 5 11 4 7 10 5 2 1 8 0 14 3 6 9 12 13
217 212 5 1 4 7 0 13 2 5 11 10 14 8 6 9 12 3
220 215 5 8 4 7 10 13 2 6 5 11 14 3 0 9 12 1
220 215 5 1 4 7 10 13 2 6 8 5 14 0 3 9 12 11
221 217 4 1 4 7 10 13 2 6 8 5 14 11 3 9 12 0
225 220 5 1 4 7 10 13 2 6 8 0 14 11 3 9 12 5
223 218 5 1 4 7 10 13 2 0 8 5 14 6 3 9 12 11
224 219 5 1 4 7 10 13 2 3 8 5 14 6 0 9 12 11
224 220 4 1 4 7 10 13 2 3 8 5 14 0 6 9 12 11
225 222 3 1 4 7 10 13 2 3 8 5 14 11 6 9 12 0
229 225 4 1 4 7 10 13 2 3 8 0 14 11 6 9 12 5
231 226 5 1 4 7 10 13 2 3 8 14 0 11 6 9 12 5
231 227 4 1 4 7 10 13 2 3 8 14 5 11 6 9 12 0
235 230 5 1 4 7 10 13 2 3 8 0 5 11 6 9 12 14
234 229 5 1 4 7 10 13 2 3 8 14 5 0 6 9 12 11
231 226 5 1 4 7 10 13 2 3 0 8 14 11 6 9 12 5
232 227 5 1 4 7 10 13 2 0 3 8 14 11 6 9 12 5
231 226 5 1 4 7 10 13 2 3 8 12 14 11 6 9 0 5
231 227 4 1 4 7 10 13 2 3 8 12 14 11 6 9 5 0
235 230 5 1 4 7 10 13 2 3 8 0 14 11 6 9 5 12
234 229 5 1 4 7 10 13 2 3 8 12 14 0 6 9 5 11
220 215 5 1 4 7 10 13 3 2 8 5 14 0 6 9 12 11
221 217 4 1 4 7 10 13 3 2 8 5 14 11 6 9 12 0
225 220 5 1 4 7 10 13 3 2 8 0 14 11 6 9 12 5
223 218 5 1 4 7 10 13 3 0 8 5 14 2 6 9 12 11
218 213 5 1 4 0 10 13 2 8 7 5 14 3 6 9 12 11
240 235 5 1 4 7 10 13 0 2 8 14 5 3 6 9 12 11
220 215 5 8 0 7 10 13 2 4 5 11 14 3 6 9 12 1
221 216 5 0 8 7 10 13 2 4 5 11 14 3 6 9 12 1
222 219 3 1 8 7 10 13 2 4 5 11 14 3 6 9 12 0
227 222 5 1 8 7 10 13 2 4 5 0 14 3 6 9 12 11
228 223 5 1 8 7 10 13 2 4 0 5 14 3 6 9 12 11
229 224 5 1 8 7 10 13 2 0 4 5 14 3 6 9 12 11
230 225 5 1 0 7 10 13 2 8 4 5 14 3 6 9 12 11
226 221 5 1 8 7 10 0 2 4 5 11 14 3 6 9 12 13
226 221 5 1 8 7 10 13 2 4 5 11 14 0 6 9 12 3
229 224 5 1 8 7 10 13 2 0 5 11 14 4 6 9 12 3
229 225 4 1 8 7 10 13 2 5 0 11 14 4 6 9 12 3
231 226 5 1 8 7 10 13 2 5 11 0 14 4 6 9 12 3
231 226 5 1 8 7 10 13 2 5 9 11 14 4 6 0 12 3
231 226 5 1 8 0 10 13 2 5 7 11 14 4 6 9 12 3
232 227 5 1 0 8 10 13 2 5 7 11 14 4 6 9 12 3
230 225 5 1 0 7 10 13 2 8 5 11 14 4 6 9 12 3
236 231 5 1 4 7 10 13 2 6 8 5 14 11 0 9 12 3
237 232 5 1 4 7 10 13 2 6 8 5 14 0 11 9 12 3
237 234 3 1 4 7 10 13 2 6 8 5 14 3 11 9 12 0
241 237 4 1 4 7 10 13 2 6 8 0 14 3 11 9 12 5
243 238 5 1 4 7 10 13 2 6 8 14 0 3 11 9 12 5
243 239 4 1 4 7 10 13 2 6 8 14 5 3 11 9 12 0
247 242 5 1 4 7 10 13 2 6 8 0 5 3 11 9 12 14
215 210 5 1 4 7 10 0 2 8 5 11 13 3 6 9 12 14
216 212 4 1 4 7 10 14 2 8 5 11 13 3 6 9 12 0
243 238 5 1 4 7 10 13 2 6 0 8 14 3 11 9 12 5
244 239 5 1 4 7 10 13 2 0 6 8 14 3 11 9 12 5
245 240 5 1 4 7 10 13 2 11 6 8 14 3 0 9 12 5
243 238 5 1 4 7 10 13 2 6 8 12 14 3 11 9 0 5
243 239 4 1 4 7 10 13 2 6 8 12 14 3 11 9 5 0
247 242 5 1 4 7 10 13 2 6 8 0 14 3 11 9 5 12
240 235 5 1 4 7 10 13 11 2 8 5 14 3 6 9 0 12
217 212 5 1 4 7 10 13 2 5 11 14 0 8 6 9 12 3
217 213 4 1 4 7 10 13 2 5 11 14 3 8 6 9 12 0
221 216 5 1 4 7 10 13 2 5 11 0 3 8 6 9 12 14
221 217 4 1 4 7 10 13 2 5 0 11 3 8 6 9 12 14
223 218 5 1 4 7 10 13 2 0 5 11 3 8 6 9 12 14
223 218 5 1 4 7 10 13 2 5 9 11 3 8 6 0 12 14
222 217 5 1 4 7 10 13 2 5 11 3 14 8 6 9 0 12
221 218 3 1 4 7 10 13 2 5 11 3 14 8 6 9 12 0
224 220 4 1 4 7 10 13 2 5 11 3 14 0 6 9 12 8
228 223 5 1 4 7 10 13 2 0 11 3 14 5 6 9 12 8
229 224 5 1 4 7 10 13 2 11 0 3 14 5 6 9 12 8
230 225 5 1 4 7 10 13 2 11 3 0 14 5 6 9 12 8
228 223 5 1 4 7 10 0 2 5 11 3 14 13 6 9 12 8
229 225 4 1 4 7 10 8 2 5 11 3 14 13 6 9 12 0
233 228 5 1 4 7 10 8 2 5 11 0 14 13 6 9 12 3
233 229 4 1 4 7 10 8 2 5 0 11 14 13 6 9 12 3
235 230 5 1 4 7 10 8 2 0 5 11 14 13 6 9 12 3
235 230 5 1 4 7 10 8 2 5 9 11 14 13 6 0 12 3
227 222 5 0 4 7 10 13 2 3 8 5 14 1 6 9 12 11
229 225 4 11 4 7 10 13 2 3 8 5 14 1 6 9 12 0
233 228 5 11 4 7 10 13 2 3 8 0 14 1 6 9 12 5
232 227 5 11 4 7 10 13 2 3 8 5 14 0 6 9 12 1
234 230 4 11 4 7 10 13 2 0 8 5 14 3 6 9 12 1
236 231 5 11 4 7 10 13 2 8 0 5 14 3 6 9 12 1
237 232 5 11 4 7 10 13 2 8 5 0 14 3 6 9 12 1
232 227 5 1 4 7 10 8 2 5 11 3 14 0 6 9 12 13
220 215 5 1 4 7 10 13 2 5 11 12 14 0 6 9 3 8
231 226 5 1 4 7 0 13 2 3 8 10 14 11 6 9 12 5
217 212 5 0 4 7 10 1 2 8 5 11 14 3 6 9 12 13
220 215 5 8 4 7 10 1 2 0 5 11 14 3 6 9 12 13
220 216 4 8 4 7 10 1 2 5 0 11 14 3 6 9 12 13
222 217 5 8 4 7 10 1 2 5 11 0 14 3 6 9 12 13
222 217 5 8 4 7 10 1 2 5 9 11 14 3 6 0 12 13
225 220 5 1 8 7 10 13 2 4 5 11 14 3 6 9 0 12
225 220 5 1 8 7 10 13 2 4 5 11 0 3 6 9 12 14
215 210 5 1 4 7 10 13 2 8 5 11 14 3 6 0 9 12
216 211 5 1 4 7 10 13 2 8 0 11 14 3 6 5 9 12
216 212 4 1 4 7 10 13 2 0 8 11 14 3 6 5 9 12
218 213 5 1 4 7 10 13 0 2 8 11 14 3 6 5 9 12
218 213 5 1 4 7 10 13 2 6 8 11 14 3 0 5 9 12
219 214 5 1 4 7 10 13 2 6 8 11 14 3 5 0 9 12
219 215 4 1 4 7 10 13 2 6 8 11 14 3 5 9 0 12
218 216 2 1 4 7 10 13 2 6 8 11 14 3 5 9 12 0
223 219 4 1 4 7 10 13 2 6 8 0 14 3 5 9 12 11
223 219 4 0 4 7 10 13 2 6 8 11 14 3 5 9 12 1
226 222 4 6 4 7 10 13 2 0 8 11 14 3 5 9 12 1
226 223 3 6 4 7 10 13 2 5 8 11 14 3 0 9 12 1
228 224 4 6 4 7 10 13 2 5 8 11 14 3 9 0 12 1
228 224 4 6 4 7 10 13 2 5 8 11 14 0 3 9 12 1
229 226 3 6 4 7 10 13 2 5 8 11 14 1 3 9 12 0
233 229 4 0 4 7 10 13 2 5 8 11 14 1 3 9 12 6
234 231 3 1 4 7 10 13 2 5 8 11 14 0 3 9 12 6
235 233 2 1 4 7 10 13 2 5 8 11 14 6 3 9 12 0
234 232 2 1 4 7 10 13 2 5 8 11 14 3 0 9 12 6
236 233 3 1 4 7 10 13 2 5 8 11 14 3 9 0 12 6
236 233 3 1 4 7 10 13 2 0 8 11 14 3 5 9 12 6
238 234 4 1 4 7 10 13 2 8 0 11 14 3 5 9 12 6
238 234 4 1 4 7 10 13 2 5 8 11 0 6 3 9 12 14
238 234 4 1 4 7 10 13 0 2 8 11 14 3 5 9 12 6
238 234 4 1 0 7 10 13 2 4 8 11 14 3 5 9 12 6
230 226 4 0 4 7 10 13 2 5 8 11 14 6 3 9 12 1
221 217 4 1 4 7 10 13 2 6 8 11 0 3 5 9 12 14
238 234 4 1 4 7 10 13 2 5 8 11 14 3 9 12 0 6
238 235 3 1 4 7 10 13 2 5 8 11 14 3 9 12 6 0
238 234 4 1 4 7 10 13 2 5 0 11 14 3 9 8 12 6
240 236 4 1 4 7 10 13 2 5 8 0 14 6 3 9 12 11
239 235 4 1 4 7 10 0 2 5 8 11 14 6 3 9 12 13
242 238 4 1 4 7 10 6 2 5 8 11 14 0 3 9 12 13
243 240 3 1 4 7 10 6 2 5 8 11 14 13 3 9 12 0
242 239 3 1 4 7 10 6 2 5 8 11 14 3 0 9 12 13
244 240 4 1 4 7 10 6 2 5 8 11 14 3 9 0 12 13
244 240 4 1 4 7 10 6 2 0 8 11 14 3 5 9 12 13
222 218 4 1 4 7 10 13 2 6 8 11 14 0 5 9 12 3
225 221 4 1 4 7 10 13 2 0 8 11 14 6 5 9 12 3
225 222 3 1 4 7 10 13 2 5 8 11 14 6 0 9 12 3
225 223 2 1 4 7 10 13 2 5 8 11 14 0 6 9 12 3
225 225 0 1 4 7 10 13 2 5 8 11 14 3 6 9 12 0
