0 0 0 4 3 5 9 1 6 8 12 10 0 11 13 2 14 7
12 1 11 4 3 5 9 1 6 8 12 0 10 11 13 2 14 7
12 2 10 4 3 5 0 1 6 8 12 9 10 11 13 2 14 7
13 3 10 4 3 5 1 0 6 8 12 9 10 11 13 2 14 7
14 5 9 4 3 5 1 7 6 8 12 9 10 11 13 2 14 0
18 8 10 0 3 5 1 7 6 8 12 9 10 11 13 2 14 4
21 11 10 8 3 5 1 7 6 0 12 9 10 11 13 2 14 4
22 12 10 8 3 5 1 7 6 12 0 9 10 11 13 2 14 4
23 13 10 8 3 5 1 7 6 12 2 9 10 11 13 0 14 4
23 14 9 8 3 5 1 7 6 12 2 9 10 11 0 13 14 4
23 15 8 8 3 5 1 7 6 0 2 9 10 11 12 13 14 4
24 16 8 8 3 5 1 7 6 2 0 9 10 11 12 13 14 4
25 17 8 8 3 0 1 7 6 2 5 9 10 11 12 13 14 4
25 18 7 8 0 3 1 7 6 2 5 9 10 11 12 13 14 4
25 19 6 8 2 3 1 7 6 0 5 9 10 11 12 13 14 4
26 20 6 8 2 3 1 7 6 5 0 9 10 11 12 13 14 4
28 21 7 8 2 3 1 7 6 5 9 0 10 11 12 13 14 4
29 22 7 8 2 3 0 7 6 5 9 1 10 11 12 13 14 4
30 23 7 8 2 3 7 0 6 5 9 1 10 11 12 13 14 4
31 25 6 8 2 3 7 4 6 5 9 1 10 11 12 13 14 0
35 28 7 8 2 3 7 4 6 5 9 0 10 11 12 13 14 1
35 29 6 8 2 3 7 4 6 5 0 9 10 11 12 13 14 1
36 30 6 8 2 3 7 4 6 0 5 9 10 11 12 13 14 1
38 31 7 8 2 3 7 4 0 6 5 9 10 11 12 13 14 1
27 20 7 8 2 3 1 7 0 6 5 9 10 11 12 13 14 4
27 20 7 8 2 3 1 7 6 12 5 9 10 11 0 13 14 4
28 21 7 8 2 3 1 7 6 5 13 9 10 11 12 0 14 4
33 26 7 8 2 3 7 1 6 5 9 0 10 11 12 13 14 4
33 27 6 8 2 3 7 1 6 5 0 9 10 11 12 13 14 4
34 28 6 8 2 3 7 1 6 0 5 9 10 11 12 13 14 4
36 29 7 8 2 3 7 1 0 6 5 9 10 11 12 13 14 4
36 29 7 8 2 3 7 1 6 12 5 9 10 11 0 13 14 4
37 30 7 8 2 0 7 4 6 5 3 9 10 11 12 13 14 1
38 31 7 8 2 7 0 4 6 5 3 9 10 11 12 13 14 1
38 32 6 8 2 7 4 0 6 5 3 9 10 11 12 13 14 1
39 34 5 8 2 7 4 1 6 5 3 9 10 11 12 13 14 0
43 37 6 0 2 7 4 1 6 5 3 9 10 11 12 13 14 8
44 39 5 1 2 7 4 0 6 5 3 9 10 11 12 13 14 8
45 41 4 1 2 7 4 8 6 5 3 9 10 11 12 13 14 0
50 44 6 1 2 7 4 8 6 5 3 0 10 11 12 13 14 9
51 45 6 1 2 7 4 8 6 5 0 3 10 11 12 13 14 9
52 46 6 1 2 7 4 8 6 0 5 3 10 11 12 13 14 9
52 46 6 1 2 0 4 8 6 5 7 3 10 11 12 13 14 9
49 43 6 1 2 7 4 8 6 5 3 9 10 0 12 13 14 11
52 46 6 1 2 7 4 8 6 0 3 9 10 5 12 13 14 11
53 47 6 1 2 7 4 8 6 3 0 9 10 5 12 13 14 11
54 48 6 1 2 0 4 8 6 3 7 9 10 5 12 13 14 11
46 40 6 1 2 7 0 4 6 5 3 9 10 11 12 13 14 8
47 41 6 1 2 0 7 4 6 5 3 9 10 11 12 13 14 8
47 42 5 1 2 3 7 4 6 5 0 9 10 11 12 13 14 8
48 43 5 1 2 3 7 4 6 0 5 9 10 11 12 13 14 8
50 44 6 1 2 3 7 4 0 6 5 9 10 11 12 13 14 8
40 34 6 0 2 7 4 8 6 5 3 9 10 11 12 13 14 1
43 37 6 5 2 7 4 8 6 0 3 9 10 11 12 13 14 1
44 38 6 5 2 7 4 8 6 3 0 9 10 11 12 13 14 1
45 39 6 5 2 0 4 8 6 3 7 9 10 11 12 13 14 1
50 44 6 1 2 3 7 4 6 12 5 9 10 11 0 13 14 8
52 46 6 1 2 7 4 0 6 5 3 9 10 8 12 13 14 11
53 48 5 1 2 7 4 11 6 5 3 9 10 8 12 13 14 0
46 40 6 1 2 7 4 10 6 5 3 9 0 11 12 13 14 8
46 41 5 1 2 7 4 10 6 5 3 9 8 11 12 13 14 0
49 43 6 1 2 7 4 0 6 5 3 9 8 11 12 13 14 10
48 42 6 1 2 7 4 9 6 5 3 0 10 11 12 13 14 8
49 43 6 1 2 7 4 9 6 5 0 3 10 11 12 13 14 8
50 44 6 1 2 7 4 9 6 0 5 3 10 11 12 13 14 8
50 44 6 1 2 0 4 9 6 5 7 3 10 11 12 13 14 8
48 42 6 1 2 7 4 8 6 5 3 9 0 11 12 13 14 10
48 42 6 1 2 7 4 11 6 5 3 9 10 0 12 13 14 8
51 45 6 1 2 7 4 11 6 0 3 9 10 5 12 13 14 8
52 46 6 1 2 7 4 11 6 3 0 9 10 5 12 13 14 8
53 47 6 1 2 0 4 11 6 3 7 9 10 5 12 13 14 8
49 43 6 1 2 3 7 4 6 5 9 0 10 11 12 13 14 8
50 44 6 1 2 3 0 4 6 5 9 7 10 11 12 13 14 8
50 45 5 1 2 3 4 0 6 5 9 7 10 11 12 13 14 8
51 47 4 1 2 3 4 8 6 5 9 7 10 11 12 13 14 0
55 50 5 1 2 3 4 8 6 5 9 0 10 11 12 13 14 7
55 51 4 1 2 3 4 8 6 5 0 9 10 11 12 13 14 7
56 52 4 1 2 3 4 8 6 0 5 9 10 11 12 13 14 7
58 53 5 1 2 3 4 8 0 6 5 9 10 11 12 13 14 7
58 53 5 1 2 3 4 8 6 12 5 9 10 11 0 13 14 7
58 53 5 1 0 3 4 8 6 2 5 9 10 11 12 13 14 7
57 52 5 1 2 3 4 8 6 5 13 9 10 11 12 0 14 7
53 48 5 1 2 3 4 7 6 5 9 0 10 11 12 13 14 8
53 49 4 1 2 3 4 7 6 5 0 9 10 11 12 13 14 8
54 50 4 1 2 3 4 7 6 0 5 9 10 11 12 13 14 8
56 51 5 1 2 3 4 7 0 6 5 9 10 11 12 13 14 8
56 51 5 1 2 3 4 7 6 12 5 9 10 11 0 13 14 8
56 51 5 1 0 3 4 7 6 2 5 9 10 11 12 13 14 8
55 50 5 1 2 3 4 7 6 5 13 9 10 11 12 0 14 8
55 50 5 1 2 0 4 7 6 5 3 9 10 11 12 13 14 8
57 52 5 1 2 0 4 8 6 5 3 9 10 11 12 13 14 7
59 53 6 1 2 4 0 8 6 5 3 9 10 11 12 13 14 7
60 54 6 1 2 4 8 0 6 5 3 9 10 11 12 13 14 7
61 56 5 1 2 4 8 7 6 5 3 9 10 11 12 13 14 0
57 51 6 1 2 3 4 7 6 5 13 9 10 11 0 12 14 8
58 52 6 1 2 3 4 7 6 0 13 9 10 11 5 12 14 8
59 53 6 1 2 3 4 7 6 13 0 9 10 11 5 12 14 8
60 54 6 1 2 3 4 7 6 13 12 9 10 11 5 0 14 8
61 55 6 1 2 3 4 7 6 13 12 9 10 11 0 5 14 8
62 56 6 1 2 3 4 7 6 0 12 9 10 11 13 5 14 8
63 57 6 1 2 3 4 7 6 12 0 9 10 11 13 5 14 8
57 51 6 1 2 3 4 8 6 5 9 10 0 11 12 13 14 7
57 52 5 1 2 3 4 8 6 5 9 10 7 11 12 13 14 0
61 55 6 1 2 3 4 8 6 5 9 0 7 11 12 13 14 10
61 56 5 1 2 3 4 8 6 5 0 9 7 11 12 13 14 10
62 57 5 1 2 3 4 8 6 0 5 9 7 11 12 13 14 10
64 58 6 1 2 3 4 8 0 6 5 9 7 11 12 13 14 10
60 54 6 1 2 3 4 8 6 12 5 9 10 11 13 0 14 7
61 55 6 1 2 3 4 8 6 12 0 9 10 11 13 5 14 7
62 56 6 1 2 3 4 8 6 0 12 9 10 11 13 5 14 7
63 57 6 1 2 3 4 8 6 13 12 9 10 11 0 5 14 7
64 58 6 1 2 3 4 8 6 13 12 9 10 11 5 0 14 7
65 59 6 1 2 3 4 8 6 13 0 9 10 11 5 12 14 7
66 60 6 1 2 3 4 8 6 0 13 9 10 11 5 12 14 7
59 53 6 1 0 2 4 8 6 5 3 9 10 11 12 13 14 7
60 54 6 1 5 2 4 8 6 0 3 9 10 11 12 13 14 7
61 55 6 1 5 2 4 8 6 3 0 9 10 11 12 13 14 7
62 56 6 1 5 0 4 8 6 3 2 9 10 11 12 13 14 7
63 57 6 1 0 5 4 8 6 3 2 9 10 11 12 13 14 7
64 58 6 1 3 5 4 8 6 0 2 9 10 11 12 13 14 7
65 59 6 1 3 5 4 8 6 2 0 9 10 11 12 13 14 7
57 51 6 1 2 3 4 7 6 5 13 9 10 11 12 14 0 8
57 52 5 1 2 3 4 7 6 5 13 9 10 11 12 14 8 0
60 54 6 1 2 3 4 0 6 5 13 9 10 11 12 14 8 7
53 47 6 0 2 3 4 1 6 5 9 7 10 11 12 13 14 8
55 50 5 8 2 3 4 1 6 5 9 7 10 11 12 13 14 0
59 53 6 8 2 3 4 1 6 5 9 0 10 11 12 13 14 7
59 54 5 8 2 3 4 1 6 5 0 9 10 11 12 13 14 7
60 55 5 8 2 3 4 1 6 0 5 9 10 11 12 13 14 7
62 56 6 8 2 3 4 1 0 6 5 9 10 11 12 13 14 7
62 56 6 8 2 3 4 1 6 12 5 9 10 11 0 13 14 7
62 56 6 8 0 3 4 1 6 2 5 9 10 11 12 13 14 7
63 57 6 0 8 3 4 1 6 2 5 9 10 11 12 13 14 7
65 60 5 7 8 3 4 1 6 2 5 9 10 11 12 13 14 0
64 59 5 1 8 3 4 0 6 2 5 9 10 11 12 13 14 7
65 61 4 1 8 3 4 7 6 2 5 9 10 11 12 13 14 0
70 64 6 1 8 3 4 7 6 2 5 0 10 11 12 13 14 9
71 65 6 1 8 3 4 7 6 2 0 5 10 11 12 13 14 9
72 66 6 1 8 3 4 7 6 0 2 5 10 11 12 13 14 9
73 67 6 1 0 3 4 7 6 8 2 5 10 11 12 13 14 9
70 64 6 0 8 3 4 7 6 2 5 9 10 11 12 13 14 1
73 67 6 2 8 3 4 7 6 0 5 9 10 11 12 13 14 1
74 68 6 2 8 3 4 7 6 5 0 9 10 11 12 13 14 1
74 68 6 2 0 3 4 7 6 8 5 9 10 11 12 13 14 1
74 69 5 0 2 3 4 7 6 8 5 9 10 11 12 13 14 1
75 72 3 1 2 3 4 7 6 8 5 9 10 11 12 13 14 0
78 74 4 1 2 3 4 0 6 8 5 9 10 11 12 13 14 7
82 77 5 1 2 3 4 9 6 8 5 0 10 11 12 13 14 7
83 78 5 1 2 3 4 9 6 8 0 5 10 11 12 13 14 7
83 79 4 1 2 3 4 9 6 0 8 5 10 11 12 13 14 7
85 80 5 1 2 3 4 9 0 6 8 5 10 11 12 13 14 7
80 75 5 1 2 3 4 7 6 8 5 0 10 11 12 13 14 9
81 76 5 1 2 3 4 7 6 8 0 5 10 11 12 13 14 9
81 77 4 1 2 3 4 7 6 0 8 5 10 11 12 13 14 9
83 78 5 1 2 3 4 7 0 6 8 5 10 11 12 13 14 9
83 78 5 1 2 3 4 7 6 12 8 5 10 11 0 13 14 9
83 78 5 1 0 3 4 7 6 2 8 5 10 11 12 13 14 9
85 80 5 1 2 3 4 9 6 12 8 5 10 11 0 13 14 7
85 80 5 1 0 3 4 9 6 2 8 5 10 11 12 13 14 7
80 75 5 1 2 3 0 4 6 8 5 9 10 11 12 13 14 7
78 73 5 1 2 3 4 7 6 8 5 9 10 11 12 13 0 14
80 75 5 1 2 3 4 10 6 8 5 9 0 11 12 13 14 7
80 76 4 1 2 3 4 10 6 8 5 9 7 11 12 13 14 0
83 78 5 1 2 3 4 0 6 8 5 9 7 11 12 13 14 10
79 74 5 1 2 3 4 7 6 8 5 9 10 0 12 13 14 11
82 77 5 1 2 3 4 7 6 0 5 9 10 8 12 13 14 11
83 78 5 1 2 3 4 7 6 5 0 9 10 8 12 13 14 11
82 77 5 1 2 3 4 0 6 8 5 9 10 7 12 13 14 11
83 79 4 1 2 3 4 11 6 8 5 9 10 7 12 13 14 0
78 73 5 1 2 3 4 7 6 8 5 9 0 11 12 13 14 10
76 71 5 7 2 3 4 0 6 8 5 9 10 11 12 13 14 1
77 73 4 7 2 3 4 1 6 8 5 9 10 11 12 13 14 0
82 77 5 1 2 3 4 11 6 8 5 9 10 0 12 13 14 7
85 80 5 1 2 3 4 11 6 0 5 9 10 8 12 13 14 7
86 81 5 1 2 3 4 11 6 5 0 9 10 8 12 13 14 7
81 76 5 0 2 3 4 1 6 8 5 9 10 11 12 13 14 7
77 72 5 8 2 3 4 7 6 0 5 9 10 11 12 13 14 1
78 73 5 8 2 3 4 7 6 5 0 9 10 11 12 13 14 1
80 74 6 8 2 3 4 7 6 5 9 0 10 11 12 13 14 1
80 74 6 8 2 3 4 7 6 5 13 9 10 11 12 0 14 1
66 60 6 1 8 3 4 10 6 2 5 9 0 11 12 13 14 7
66 61 5 1 8 3 4 10 6 2 5 9 7 11 12 13 14 0
69 63 6 1 8 3 4 0 6 2 5 9 7 11 12 13 14 10
66 60 6 2 8 3 4 1 6 0 5 9 10 11 12 13 14 7
67 61 6 2 8 3 4 1 6 5 0 9 10 11 12 13 14 7
68 62 6 1 8 3 4 7 6 2 5 9 10 11 12 13 0 14
58 52 6 1 2 3 4 0 6 5 9 10 8 11 12 13 14 7
59 54 5 1 2 3 4 7 6 5 9 10 8 11 12 13 14 0
63 57 6 1 2 3 4 7 6 5 9 0 8 11 12 13 14 10
63 58 5 1 2 3 4 7 6 5 0 9 8 11 12 13 14 10
64 59 5 1 2 3 4 7 6 0 5 9 8 11 12 13 14 10
66 60 6 1 2 3 4 7 0 6 5 9 8 11 12 13 14 10
71 65 6 8 0 3 4 7 6 2 5 9 10 11 12 13 14 1
87 81 6 1 2 3 4 9 11 6 8 5 10 0 12 13 14 7
88 83 5 1 2 3 4 9 11 6 8 5 10 7 12 13 14 0
92 86 6 1 2 3 4 9 11 6 8 0 10 7 12 13 14 5
84 78 6 1 2 3 4 9 6 8 5 10 0 11 12 13 14 7
84 79 5 1 2 3 4 9 6 8 5 10 7 11 12 13 14 0
87 81 6 1 2 3 4 0 6 8 5 10 7 11 12 13 14 9
85 79 6 1 2 3 4 9 6 8 13 5 10 11 12 0 14 7
85 79 6 1 2 3 4 7 11 6 8 5 10 0 12 13 14 9
86 81 5 1 2 3 4 7 11 6 8 5 10 9 12 13 14 0
90 84 6 1 2 3 4 7 11 6 8 0 10 9 12 13 14 5
60 54 6 1 3 0 4 8 6 2 5 9 10 11 12 13 14 7
83 77 6 1 2 3 4 7 6 8 13 5 10 11 12 0 14 9
83 77 6 1 2 0 4 7 6 8 3 5 10 11 12 13 14 9
82 76 6 1 2 3 4 7 6 8 5 14 10 11 12 13 0 9
82 77 5 1 2 3 4 7 6 8 5 14 10 11 12 13 9 0
85 79 6 1 2 3 4 0 6 8 5 14 10 11 12 13 9 7
88 82 6 1 2 3 4 14 6 8 5 0 10 11 12 13 9 7
88 83 5 1 2 3 4 14 6 8 5 9 10 11 12 13 0 7
88 84 4 1 2 3 4 14 6 8 5 9 10 11 12 13 7 0
91 86 5 1 2 3 4 0 6 8 5 9 10 11 12 13 7 14
95 89 6 1 2 3 4 9 6 8 5 0 10 11 12 13 7 14
96 90 6 1 2 3 4 9 6 8 0 5 10 11 12 13 7 14
96 91 5 1 2 3 4 9 6 0 8 5 10 11 12 13 7 14
98 92 6 1 2 3 4 9 0 6 8 5 10 11 12 13 7 14
94 88 6 0 2 3 4 1 6 8 5 9 10 11 12 13 7 14
96 91 5 14 2 3 4 1 6 8 5 9 10 11 12 13 7 0
99 93 6 14 2 3 4 0 6 8 5 9 10 11 12 13 7 1
82 76 6 0 2 3 4 7 6 8 5 9 10 1 12 13 14 11
84 79 5 11 2 3 4 7 6 8 5 9 10 1 12 13 14 0
87 81 6 11 2 3 4 0 6 8 5 9 10 1 12 13 14 7
85 79 6 1 2 3 4 10 6 8 5 0 7 11 12 13 14 9
86 80 6 1 2 3 4 10 6 8 5 7 0 11 12 13 14 9
86 81 5 1 2 3 4 10 6 8 5 7 9 11 12 13 14 0
86 81 5 1 2 3 4 0 6 8 5 7 10 11 12 13 14 9
87 83 4 1 2 3 4 9 6 8 5 7 10 11 12 13 14 0
92 86 6 0 2 3 4 9 6 8 5 7 10 11 12 13 14 1
95 89 6 8 2 3 4 9 6 0 5 7 10 11 12 13 14 1
96 90 6 8 2 3 4 9 6 5 0 7 10 11 12 13 14 1
97 91 6 8 2 3 4 9 6 5 7 0 10 11 12 13 14 1
80 74 6 7 2 3 4 11 6 8 5 9 10 0 12 13 14 1
81 76 5 7 2 3 4 11 6 8 5 9 10 1 12 13 14 0
84 78 6 1 2 3 4 7 6 12 5 9 10 8 0 13 14 11
85 79 6 1 2 3 4 7 6 12 5 9 10 0 8 13 14 11
85 81 4 1 2 3 4 7 6 12 5 9 10 11 8 13 14 0
88 83 5 1 2 3 4 0 6 12 5 9 10 11 8 13 14 7
92 86 6 1 2 3 4 9 6 12 5 0 10 11 8 13 14 7
93 87 6 1 2 3 4 9 6 12 0 5 10 11 8 13 14 7
94 88 6 1 2 3 4 9 6 0 12 5 10 11 8 13 14 7
95 89 6 1 2 3 4 9 6 8 12 5 10 11 0 13 14 7
92 86 6 1 2 3 4 11 6 12 5 9 10 0 8 13 14 7
93 88 5 1 2 3 4 11 6 12 5 9 10 7 8 13 14 0
95 89 6 1 2 3 4 11 6 0 5 9 10 12 8 13 14 7
96 90 6 1 2 3 4 11 6 5 0 9 10 12 8 13 14 7
91 85 6 0 2 3 4 1 6 12 5 9 10 11 8 13 14 7
93 88 5 7 2 3 4 1 6 12 5 9 10 11 8 13 14 0
96 90 6 7 2 3 4 0 6 12 5 9 10 11 8 13 14 1
94 88 6 12 2 3 4 1 6 0 5 9 10 11 8 13 14 7
95 89 6 12 2 3 4 1 6 5 0 9 10 11 8 13 14 7
95 89 6 12 2 3 4 1 6 8 5 9 10 11 0 13 14 7
90 84 6 1 2 3 0 4 6 12 5 9 10 11 8 13 14 7
90 84 6 1 2 3 4 10 6 12 5 9 0 11 8 13 14 7
90 85 5 1 2 3 4 10 6 12 5 9 7 11 8 13 14 0
93 87 6 1 2 3 4 0 6 12 5 9 7 11 8 13 14 10
90 84 6 1 2 3 4 7 6 12 5 0 10 11 8 13 14 9
91 85 6 1 2 3 4 7 6 12 0 5 10 11 8 13 14 9
92 86 6 1 2 3 4 7 6 0 12 5 10 11 8 13 14 9
93 87 6 1 2 3 4 7 6 8 12 5 10 11 0 13 14 9
84 78 6 1 2 3 4 10 6 8 5 9 0 7 12 13 14 11
84 79 5 1 2 3 4 10 6 8 5 9 11 7 12 13 14 0
87 81 6 1 2 3 4 0 6 8 5 9 11 7 12 13 14 10
90 84 6 1 2 3 4 7 6 8 5 9 11 0 12 13 14 10
91 86 5 1 2 3 4 7 6 8 5 9 11 10 12 13 14 0
94 88 6 1 2 3 4 0 6 8 5 9 11 10 12 13 14 7
95 89 6 1 2 3 4 11 6 8 5 9 0 10 12 13 14 7
95 90 5 1 2 3 4 11 6 8 5 9 7 10 12 13 14 0
98 92 6 1 2 3 4 0 6 8 5 9 7 10 12 13 14 11
93 87 6 1 2 3 4 7 6 8 5 9 0 10 12 13 14 11
93 87 6 1 2 3 4 7 6 0 5 9 11 8 12 13 14 10
94 88 6 1 2 3 4 7 6 5 0 9 11 8 12 13 14 10
87 81 6 1 2 3 4 10 6 8 5 9 11 0 12 13 14 7
90 84 6 1 2 3 4 10 6 0 5 9 11 8 12 13 14 7
91 85 6 1 2 3 4 10 6 5 0 9 11 8 12 13 14 7
85 79 6 1 2 0 4 7 6 5 3 9 10 8 12 13 14 11
78 72 6 7 2 3 0 4 6 8 5 9 10 11 12 13 14 1
86 80 6 1 2 3 4 11 6 8 5 9 10 7 12 13 0 14
86 80 6 1 2 3 4 11 6 8 5 9 0 7 12 13 14 10
86 80 6 1 2 3 4 9 6 8 5 0 10 7 12 13 14 11
87 81 6 1 2 3 4 9 6 8 0 5 10 7 12 13 14 11
87 82 5 1 2 3 4 9 6 0 8 5 10 7 12 13 14 11
89 83 6 1 2 3 4 9 0 6 8 5 10 7 12 13 14 11
90 84 6 1 2 3 4 9 7 6 8 5 10 0 12 13 14 11
90 86 4 1 2 3 4 9 7 6 8 5 10 11 12 13 14 0
94 89 5 1 2 3 4 9 7 6 8 0 10 11 12 13 14 5
93 88 5 1 2 3 4 0 7 6 8 5 10 11 12 13 14 9
95 91 4 1 2 3 4 5 7 6 8 0 10 11 12 13 14 9
97 92 5 1 2 3 4 5 7 6 8 10 0 11 12 13 14 9
97 93 4 1 2 3 4 5 7 6 8 10 9 11 12 13 14 0
101 96 5 1 2 3 4 5 7 6 8 0 9 11 12 13 14 10
101 97 4 1 2 3 4 5 7 6 8 9 0 11 12 13 14 10
100 98 2 1 2 3 4 5 7 6 8 9 10 11 12 13 14 0
105 101 4 0 2 3 4 5 7 6 8 9 10 11 12 13 14 1
108 104 4 6 2 3 4 5 7 0 8 9 10 11 12 13 14 1
108 105 3 6 2 3 4 5 0 7 8 9 10 11 12 13 14 1
110 106 4 6 2 3 4 5 11 7 8 9 10 0 12 13 14 1
111 108 3 6 2 3 4 5 11 7 8 9 10 1 12 13 14 0
115 111 4 0 2 3 4 5 11 7 8 9 10 1 12 13 14 6
116 113 3 1 2 3 4 5 11 7 8 9 10 0 12 13 14 6
117 115 2 1 2 3 4 5 11 7 8 9 10 6 12 13 14 0
116 114 2 1 2 3 4 5 0 7 8 9 10 11 12 13 14 6
118 115 3 1 2 3 4 5 7 0 8 9 10 11 12 13 14 6
120 116 4 1 2 3 4 5 7 8 0 9 10 11 12 13 14 6
120 116 4 1 2 3 4 5 7 12 8 9 10 11 0 13 14 6
120 116 4 1 0 3 4 5 7 2 8 9 10 11 12 13 14 6
122 118 4 1 2 3 4 5 11 7 8 0 10 6 12 13 14 9
118 114 4 1 2 3 4 5 11 7 8 9 10 12 0 13 14 6
103 99 4 1 2 3 4 5 7 6 8 9 10 11 12 13 0 14
116 112 4 11 2 3 4 5 0 7 8 9 10 1 12 13 14 6
117 113 4 11 2 3 4 5 1 7 8 9 10 0 12 13 14 6
118 115 3 0 2 3 4 5 1 7 8 9 10 11 12 13 14 6
120 118 2 6 2 3 4 5 1 7 8 9 10 11 12 13 14 0
118 115 3 11 2 3 4 5 1 7 8 9 10 6 12 13 14 0
122 118 4 0 2 3 4 5 1 7 8 9 10 6 12 13 14 11
122 119 3 1 2 3 4 5 0 7 8 9 10 6 12 13 14 11
122 120 2 1 2 3 4 5 6 7 8 9 10 0 12 13 14 11
122 122 0 1 2 3 4 5 6 7 8 9 10 11 12 13 14 0
