0 0 0 10 4 5 14 9 1 6 13 8 11 2 0 12 3 7
14 1 13 10 4 5 14 9 1 0 13 8 11 2 6 12 3 7
15 2 13 10 4 5 14 9 1 13 0 8 11 2 6 12 3 7
15 3 12 10 4 5 14 9 1 13 8 0 11 2 6 12 3 7
15 4 11 10 4 5 14 9 1 13 8 11 0 2 6 12 3 7
15 5 10 10 4 5 14 9 1 13 8 11 7 2 6 12 3 0
19 8 11 0 4 5 14 9 1 13 8 11 7 2 6 12 3 10
19 9 10 1 4 5 14 9 0 13 8 11 7 2 6 12 3 10
19 10 9 1 4 5 14 9 2 13 8 11 7 0 6 12 3 10
20 12 8 1 4 5 14 9 2 13 8 11 7 10 6 12 3 0
23 14 9 1 4 5 14 0 2 13 8 11 7 10 6 12 3 9
26 17 9 1 4 5 14 10 2 13 8 11 7 0 6 12 3 9
27 19 8 1 4 5 14 10 2 13 8 11 7 9 6 12 3 0
29 20 9 1 4 5 14 10 2 13 8 11 7 9 6 12 0 3
29 21 8 1 4 5 14 10 2 13 8 11 7 9 6 0 12 3
31 22 9 1 4 5 14 10 2 13 8 11 7 9 0 6 12 3
32 23 9 1 4 5 14 10 2 13 8 11 7 0 9 6 12 3
32 25 7 1 4 5 14 10 2 13 8 11 7 3 9 6 12 0
35 27 8 1 4 5 14 0 2 13 8 11 7 3 9 6 12 10
36 28 8 1 4 5 0 14 2 13 8 11 7 3 9 6 12 10
37 29 8 1 4 0 5 14 2 13 8 11 7 3 9 6 12 10
36 28 8 1 4 5 14 7 2 13 8 11 0 3 9 6 12 10
36 29 7 1 4 5 14 7 2 13 8 11 10 3 9 6 12 0
39 31 8 1 4 5 14 0 2 13 8 11 10 3 9 6 12 7
40 32 8 1 4 5 0 14 2 13 8 11 10 3 9 6 12 7
41 33 8 1 4 0 5 14 2 13 8 11 10 3 9 6 12 7
34 26 8 1 4 5 14 10 2 13 8 11 0 3 9 6 12 7
36 27 9 1 4 5 14 10 2 13 8 0 11 3 9 6 12 7
37 28 9 1 4 5 0 10 2 13 8 14 11 3 9 6 12 7
37 29 8 1 4 5 10 0 2 13 8 14 11 3 9 6 12 7
38 31 7 1 4 5 10 7 2 13 8 14 11 3 9 6 12 0
42 34 8 1 4 5 10 7 2 13 8 0 11 3 9 6 12 14
42 35 7 1 4 5 10 7 2 13 8 11 0 3 9 6 12 14
41 36 5 1 4 5 10 7 2 13 8 11 14 3 9 6 12 0
44 38 6 1 4 5 10 0 2 13 8 11 14 3 9 6 12 7
48 41 7 1 4 5 10 11 2 13 8 0 14 3 9 6 12 7
48 41 7 1 4 5 10 3 2 13 8 11 14 0 9 6 12 7
49 43 6 1 4 5 10 3 2 13 8 11 14 7 9 6 12 0
52 45 7 1 4 5 10 0 2 13 8 11 14 7 9 6 12 3
49 42 7 1 4 5 10 3 2 13 8 11 14 9 0 6 12 7
49 43 6 1 4 5 10 3 2 13 8 11 14 9 6 0 12 7
51 44 7 1 4 5 10 3 2 13 8 11 14 9 6 12 0 7
51 45 6 1 4 5 10 3 2 13 8 11 14 9 6 12 7 0
54 47 7 1 4 5 10 0 2 13 8 11 14 9 6 12 7 3
57 50 7 1 4 5 10 9 2 13 8 11 14 0 6 12 7 3
57 52 5 1 4 5 10 9 2 13 8 11 14 3 6 12 7 0
60 54 6 1 4 5 10 0 2 13 8 11 14 3 6 12 7 9
59 53 6 1 4 5 10 9 2 13 8 11 14 3 6 12 0 7
59 54 5 1 4 5 10 9 2 13 8 11 14 3 6 0 12 7
61 55 6 1 4 5 10 9 2 13 8 11 14 3 0 6 12 7
62 56 6 1 4 5 10 9 2 0 8 11 14 3 13 6 12 7
61 55 6 1 4 5 10 9 2 13 0 11 14 3 6 8 12 7
62 56 6 1 4 5 10 9 2 0 13 11 14 3 6 8 12 7
62 56 6 1 4 0 10 9 2 13 5 11 14 3 6 8 12 7
64 57 7 1 4 10 0 9 2 13 5 11 14 3 6 8 12 7
65 58 7 1 4 10 9 0 2 13 5 11 14 3 6 8 12 7
66 60 6 1 4 10 9 7 2 13 5 11 14 3 6 8 12 0
64 57 7 1 0 4 10 9 2 13 5 11 14 3 6 8 12 7
65 58 7 1 13 4 10 9 2 0 5 11 14 3 6 8 12 7
65 59 6 1 13 4 10 9 2 5 0 11 14 3 6 8 12 7
65 60 5 1 13 4 10 9 2 5 8 11 14 3 6 0 12 7
67 61 6 1 13 4 10 9 2 5 8 11 14 3 6 12 0 7
67 62 5 1 13 4 10 9 2 5 8 11 14 3 6 12 7 0
70 64 6 1 13 4 10 0 2 5 8 11 14 3 6 12 7 9
67 61 6 1 13 4 10 9 2 5 8 11 14 3 0 6 12 7
66 60 6 1 13 0 10 9 2 5 4 11 14 3 6 8 12 7
67 61 6 1 0 13 10 9 2 5 4 11 14 3 6 8 12 7
69 62 7 0 1 13 10 9 2 5 4 11 14 3 6 8 12 7
71 65 6 7 1 13 10 9 2 5 4 11 14 3 6 8 12 0
74 67 7 7 1 13 10 0 2 5 4 11 14 3 6 8 12 9
76 69 7 0 1 13 10 7 2 5 4 11 14 3 6 8 12 9
78 72 6 9 1 13 10 7 2 5 4 11 14 3 6 8 12 0
76 70 6 1 0 13 10 7 2 5 4 11 14 3 6 8 12 9
77 71 6 1 13 0 10 7 2 5 4 11 14 3 6 8 12 9
78 72 6 1 13 4 10 7 2 5 0 11 14 3 6 8 12 9
78 73 5 1 13 4 10 7 2 5 8 11 14 3 6 0 12 9
80 74 6 1 13 4 10 7 2 5 8 11 14 3 6 12 0 9
80 75 5 1 13 4 10 7 2 5 8 11 14 3 6 12 9 0
83 77 6 1 13 4 10 0 2 5 8 11 14 3 6 12 9 7
80 74 6 1 13 4 10 7 2 5 8 11 14 3 0 6 12 9
82 75 7 1 13 4 10 7 2 5 8 11 14 0 3 6 12 9
83 77 6 1 13 4 10 7 2 5 8 11 14 9 3 6 12 0
86 79 7 1 13 4 10 0 2 5 8 11 14 9 3 6 12 7
72 65 7 1 13 4 0 10 2 5 8 11 14 3 6 12 7 9
73 66 7 1 13 0 4 10 2 5 8 11 14 3 6 12 7 9
74 67 7 1 0 13 4 10 2 5 8 11 14 3 6 12 7 9
73 66 7 0 13 4 10 1 2 5 8 11 14 3 6 12 7 9
75 69 6 9 13 4 10 1 2 5 8 11 14 3 6 12 7 0
78 71 7 9 13 4 10 0 2 5 8 11 14 3 6 12 7 1
64 57 7 1 0 5 10 9 2 4 13 11 14 3 6 8 12 7
65 58 7 1 5 0 10 9 2 4 13 11 14 3 6 8 12 7
66 59 7 1 5 13 10 9 2 4 0 11 14 3 6 8 12 7
66 60 6 1 5 13 10 9 2 4 8 11 14 3 6 0 12 7
68 61 7 1 5 13 10 9 2 4 8 11 14 3 6 12 0 7
68 62 6 1 5 13 10 9 2 4 8 11 14 3 6 12 7 0
71 64 7 1 5 13 10 0 2 4 8 11 14 3 6 12 7 9
85 78 7 1 13 4 10 14 2 5 8 11 0 3 6 12 9 7
85 79 6 1 13 4 10 14 2 5 8 11 7 3 6 12 9 0
88 81 7 1 13 4 10 0 2 5 8 11 7 3 6 12 9 14
69 62 7 1 13 4 10 9 2 5 8 0 14 3 6 12 11 7
71 64 7 9 1 13 10 0 2 5 4 11 14 3 6 8 12 7
78 71 7 1 5 13 10 7 2 0 4 11 14 3 6 8 12 9
79 72 7 1 5 13 10 7 2 4 0 11 14 3 6 8 12 9
79 73 6 1 5 13 10 7 2 4 8 11 14 3 6 0 12 9
81 74 7 1 5 13 10 7 2 4 8 11 14 3 6 12 0 9
81 75 6 1 5 13 10 7 2 4 8 11 14 3 6 12 9 0
84 77 7 1 5 13 10 0 2 4 8 11 14 3 6 12 9 7
82 75 7 1 13 4 10 7 2 5 8 0 14 3 6 12 11 9
80 73 7 1 13 4 10 7 2 5 11 0 14 3 6 8 12 9
80 73 7 1 13 4 10 7 2 0 5 11 14 3 6 8 12 9
81 74 7 1 0 4 10 7 2 13 5 11 14 3 6 8 12 9
81 75 6 1 4 0 10 7 2 13 5 11 14 3 6 8 12 9
82 76 6 1 4 5 10 7 2 13 0 11 14 3 6 8 12 9
82 77 5 1 4 5 10 7 2 13 8 11 14 3 6 0 12 9
84 78 6 1 4 5 10 7 2 13 8 11 14 3 6 12 0 9
84 79 5 1 4 5 10 7 2 13 8 11 14 3 6 12 9 0
87 81 6 1 4 5 10 0 2 13 8 11 14 3 6 12 9 7
84 78 6 1 4 5 10 7 2 13 8 11 14 3 0 6 12 9
85 79 6 1 4 5 10 7 2 0 8 11 14 3 13 6 12 9
83 77 6 1 4 5 10 7 2 0 13 11 14 3 6 8 12 9
85 78 7 1 4 5 10 7 0 2 13 11 14 3 6 8 12 9
85 78 7 1 4 5 10 7 2 6 13 11 14 3 0 8 12 9
86 79 7 1 4 5 10 7 2 6 13 11 14 3 8 0 12 9
87 80 7 1 4 5 10 7 2 6 0 11 14 3 8 13 12 9
88 81 7 1 4 5 10 7 2 0 6 11 14 3 8 13 12 9
89 82 7 1 4 5 10 7 2 8 6 11 14 3 0 13 12 9
90 83 7 1 4 5 10 7 2 8 6 11 14 3 13 0 12 9
88 81 7 1 4 0 10 7 2 6 5 11 14 3 8 13 12 9
85 78 7 1 0 5 10 7 2 4 13 11 14 3 6 8 12 9
86 79 7 1 4 5 10 7 2 13 8 0 14 3 6 12 11 9
89 82 7 1 4 5 0 10 2 13 8 11 14 3 6 12 9 7
90 83 7 1 4 0 5 10 2 13 8 11 14 3 6 12 9 7
89 82 7 0 4 5 10 7 2 13 8 11 14 3 6 12 9 1
92 85 7 13 4 5 10 7 2 0 8 11 14 3 6 12 9 1
91 84 7 7 4 5 10 0 2 13 8 11 14 3 6 12 9 1
92 86 6 7 4 5 10 1 2 13 8 11 14 3 6 12 9 0
94 87 7 7 4 5 10 1 2 13 8 11 14 3 6 12 0 9
94 88 6 7 4 5 10 1 2 13 8 11 14 3 6 0 12 9
96 89 7 7 4 5 10 1 2 13 8 11 14 3 0 6 12 9
97 90 7 7 4 5 10 1 2 0 8 11 14 3 13 6 12 9
96 89 7 7 4 5 10 1 2 13 0 11 14 3 6 8 12 9
97 90 7 7 4 5 10 1 2 0 13 11 14 3 6 8 12 9
97 90 7 7 4 0 10 1 2 13 5 11 14 3 6 8 12 9
89 82 7 1 4 5 10 14 2 13 8 11 0 3 6 12 9 7
89 83 6 1 4 5 10 14 2 13 8 11 7 3 6 12 9 0
92 85 7 1 4 5 10 0 2 13 8 11 7 3 6 12 9 14
91 84 7 1 4 5 10 14 2 13 8 11 7 3 6 12 0 9
91 85 6 1 4 5 10 14 2 13 8 11 7 3 6 0 12 9
93 86 7 1 4 5 10 14 2 13 8 11 7 3 0 6 12 9
94 87 7 1 4 5 10 14 2 0 8 11 7 3 13 6 12 9
93 86 7 1 4 5 10 14 2 13 0 11 7 3 6 8 12 9
94 87 7 1 4 5 10 14 2 0 13 11 7 3 6 8 12 9
94 87 7 1 4 0 10 14 2 13 5 11 7 3 6 8 12 9
87 80 7 1 4 5 10 7 0 2 8 11 14 3 13 6 12 9
87 80 7 1 0 5 10 7 2 4 8 11 14 3 13 6 12 9
88 81 7 1 5 0 10 7 2 4 8 11 14 3 13 6 12 9
87 80 7 1 4 5 10 7 2 13 8 11 0 3 6 12 9 14
91 84 7 1 4 5 10 3 2 13 8 11 14 0 6 12 9 7
92 86 6 1 4 5 10 3 2 13 8 11 14 7 6 12 9 0
95 88 7 1 4 5 10 0 2 13 8 11 14 7 6 12 9 3
94 87 7 1 4 5 10 3 2 13 8 11 14 7 6 12 0 9
94 88 6 1 4 5 10 3 2 13 8 11 14 7 6 0 12 9
96 89 7 1 4 5 10 3 2 13 8 11 14 7 0 6 12 9
97 90 7 1 4 5 10 3 2 13 8 11 14 0 7 6 12 9
99 93 6 1 4 5 10 0 2 13 8 11 14 3 7 6 12 9
100 95 5 1 4 5 10 9 2 13 8 11 14 3 7 6 12 0
98 92 6 1 4 5 10 3 2 13 8 11 14 9 7 6 12 0
101 94 7 1 4 5 10 0 2 13 8 11 14 9 7 6 12 3
105 98 7 1 4 5 10 9 2 13 8 0 14 3 7 6 12 11
105 98 7 0 4 5 10 9 2 13 8 11 14 3 7 6 12 1
108 101 7 13 4 5 10 9 2 0 8 11 14 3 7 6 12 1
109 102 7 13 4 5 10 9 2 7 8 11 14 3 0 6 12 1
109 103 6 13 4 5 10 9 2 7 8 11 14 3 6 0 12 1
111 104 7 13 4 5 10 9 2 7 8 11 14 3 6 12 0 1
111 105 6 13 4 5 10 9 2 7 8 11 14 3 6 12 1 0
115 108 7 0 4 5 10 9 2 7 8 11 14 3 6 12 1 13
118 111 7 7 4 5 10 9 2 0 8 11 14 3 6 12 1 13
83 76 7 1 4 10 0 7 2 13 5 11 14 3 6 8 12 9
84 77 7 1 4 10 7 0 2 13 5 11 14 3 6 8 12 9
85 79 6 1 4 10 7 9 2 13 5 11 14 3 6 8 12 0
90 83 7 0 4 5 10 1 2 13 8 11 14 3 6 12 9 7
93 86 7 13 4 5 10 1 2 0 8 11 14 3 6 12 9 7
64 57 7 1 4 5 10 9 2 6 13 11 14 3 0 8 12 7
65 58 7 1 4 5 10 9 2 6 13 11 14 3 8 0 12 7
66 59 7 1 4 5 10 9 2 6 0 11 14 3 8 13 12 7
67 60 7 1 4 5 10 9 2 0 6 11 14 3 8 13 12 7
68 61 7 1 4 5 10 9 2 8 6 11 14 3 0 13 12 7
69 62 7 1 4 5 10 9 2 8 6 11 14 3 13 0 12 7
89 82 7 1 4 5 10 7 2 13 8 0 14 3 6 12 9 11
90 83 7 1 4 5 10 7 2 13 8 9 14 3 6 12 0 11
90 84 6 1 4 5 10 7 2 13 8 9 14 3 6 12 11 0
90 84 6 1 4 5 10 7 2 13 8 9 14 3 6 0 12 11
92 85 7 1 4 5 10 7 2 13 8 9 14 3 0 6 12 11
93 86 7 1 4 5 10 7 2 0 8 9 14 3 13 6 12 11
91 84 7 1 4 5 10 11 2 13 8 0 14 3 6 12 9 7
92 85 7 1 4 5 10 11 2 13 8 9 14 3 6 12 0 7
92 86 6 1 4 5 10 11 2 13 8 9 14 3 6 12 7 0
92 86 6 1 4 5 10 11 2 13 8 9 14 3 6 0 12 7
94 87 7 1 4 5 10 11 2 13 8 9 14 3 0 6 12 7
95 88 7 1 4 5 10 11 2 0 8 9 14 3 13 6 12 7
84 77 7 1 4 5 10 7 2 13 11 0 14 3 6 8 12 9
104 97 7 1 4 5 10 9 2 13 8 11 14 0 7 6 12 3
107 100 7 1 4 5 10 9 2 0 8 11 14 13 7 6 12 3
108 101 7 1 4 5 10 9 2 7 8 11 14 13 0 6 12 3
108 102 6 1 4 5 10 9 2 7 8 11 14 13 6 0 12 3
110 103 7 1 4 5 10 9 2 7 8 11 14 13 6 12 0 3
110 104 6 1 4 5 10 9 2 7 8 11 14 13 6 12 3 0
113 106 7 1 4 5 10 0 2 7 8 11 14 13 6 12 3 9
115 109 6 1 4 5 10 13 2 7 8 11 14 0 6 12 3 9
116 111 5 1 4 5 10 13 2 7 8 11 14 9 6 12 3 0
118 112 6 1 4 5 10 13 2 7 8 11 14 9 6 12 0 3
118 113 5 1 4 5 10 13 2 7 8 11 14 9 6 0 12 3
120 114 6 1 4 5 10 13 2 7 8 11 14 9 0 6 12 3
121 115 6 1 4 5 10 13 2 7 8 11 14 0 9 6 12 3
121 117 4 1 4 5 10 13 2 7 8 11 14 3 9 6 12 0
126 120 6 1 4 5 10 13 2 7 8 0 14 3 9 6 12 11
118 112 6 1 4 5 10 13 2 0 8 11 14 7 6 12 3 9
126 120 6 0 4 5 10 13 2 7 8 11 14 3 9 6 12 1
129 123 6 7 4 5 10 13 2 0 8 11 14 3 9 6 12 1
130 124 6 7 4 5 10 13 2 9 8 11 14 3 0 6 12 1
130 125 5 7 4 5 10 13 2 9 8 11 14 3 6 0 12 1
132 126 6 7 4 5 10 13 2 9 8 11 14 3 6 12 0 1
132 127 5 7 4 5 10 13 2 9 8 11 14 3 6 12 1 0
136 130 6 0 4 5 10 13 2 9 8 11 14 3 6 12 1 7
139 133 6 9 4 5 10 13 2 0 8 11 14 3 6 12 1 7
132 126 6 7 4 5 10 13 2 9 0 11 14 3 6 8 12 1
133 127 6 7 4 5 10 13 2 0 9 11 14 3 6 8 12 1
133 127 6 7 4 0 10 13 2 9 5 11 14 3 6 8 12 1
125 119 6 1 4 5 10 0 2 7 8 11 14 3 9 6 12 13
124 118 6 1 4 5 10 13 2 7 8 11 14 3 9 6 0 12
125 119 6 1 4 5 10 13 2 7 8 11 14 3 9 0 6 12
125 120 5 1 4 5 10 13 2 7 8 11 14 3 0 9 6 12
126 121 5 1 4 5 10 13 2 0 8 11 14 3 7 9 6 12
128 122 6 1 4 5 10 13 2 8 0 11 14 3 7 9 6 12
129 123 6 1 4 0 10 13 2 8 5 11 14 3 7 9 6 12
128 122 6 1 4 5 10 13 0 2 8 11 14 3 7 9 6 12
128 122 6 1 0 5 10 13 2 4 8 11 14 3 7 9 6 12
129 123 6 1 5 0 10 13 2 4 8 11 14 3 7 9 6 12
127 121 6 1 4 5 10 13 2 7 8 11 14 0 3 9 6 12
128 123 5 1 4 5 10 13 2 7 8 11 14 12 3 9 6 0
130 124 6 1 4 5 10 13 2 7 8 11 14 12 3 9 0 6
130 124 6 1 4 5 10 13 2 0 8 11 14 7 3 9 6 12
131 125 6 1 4 5 10 13 2 3 8 11 14 7 0 9 6 12
132 126 6 1 4 5 10 13 2 3 8 11 14 0 7 9 6 12
133 128 5 1 4 5 10 13 2 3 8 11 14 12 7 9 6 0
135 129 6 1 4 5 10 13 2 3 8 11 14 12 7 9 0 6
124 118 6 1 4 5 10 13 2 0 8 11 14 7 9 6 12 3
125 119 6 1 4 5 10 13 2 9 8 11 14 7 0 6 12 3
125 120 5 1 4 5 10 13 2 9 8 11 14 7 6 0 12 3
127 121 6 1 4 5 10 13 2 9 8 11 14 7 6 12 0 3
127 122 5 1 4 5 10 13 2 9 8 11 14 7 6 12 3 0
130 124 6 1 4 5 10 13 2 9 8 11 14 0 6 12 3 7
133 127 6 1 4 5 10 13 2 0 8 11 14 9 6 12 3 7
127 121 6 1 4 5 10 13 2 9 0 11 14 7 6 8 12 3
128 122 6 1 4 5 10 13 2 0 9 11 14 7 6 8 12 3
128 122 6 1 4 0 10 13 2 9 5 11 14 7 6 8 12 3
126 120 6 1 4 5 10 13 2 9 8 11 14 0 7 6 12 3
126 122 4 1 4 5 10 13 2 9 8 11 14 3 7 6 12 0
131 125 6 1 4 5 10 13 2 9 8 0 14 3 7 6 12 11
131 125 6 0 4 5 10 13 2 9 8 11 14 3 7 6 12 1
134 128 6 9 4 5 10 13 2 0 8 11 14 3 7 6 12 1
135 129 6 9 4 5 10 13 2 7 8 11 14 3 0 6 12 1
135 130 5 9 4 5 10 13 2 7 8 11 14 3 6 0 12 1
137 131 6 9 4 5 10 13 2 7 8 11 14 3 6 12 0 1
137 132 5 9 4 5 10 13 2 7 8 11 14 3 6 12 1 0
141 135 6 0 4 5 10 13 2 7 8 11 14 3 6 12 1 9
144 138 6 7 4 5 10 13 2 0 8 11 14 3 6 12 1 9
137 131 6 9 4 5 10 13 2 7 0 11 14 3 6 8 12 1
138 132 6 9 4 5 10 13 2 0 7 11 14 3 6 8 12 1
138 132 6 9 4 0 10 13 2 7 5 11 14 3 6 8 12 1
130 124 6 1 4 5 10 0 2 9 8 11 14 3 7 6 12 13
129 123 6 1 4 5 10 13 2 9 8 11 14 3 7 6 0 12
130 124 6 1 4 5 10 13 2 9 8 11 14 3 7 0 6 12
131 125 6 1 4 5 10 13 2 9 8 11 14 3 0 7 6 12
132 126 6 1 4 5 10 13 2 0 8 11 14 3 9 7 6 12
120 114 6 1 4 5 10 13 2 7 0 11 14 9 6 8 12 3
121 115 6 1 4 5 10 13 2 0 7 11 14 9 6 8 12 3
121 115 6 1 4 0 10 13 2 7 5 11 14 9 6 8 12 3
129 123 6 1 4 5 10 13 2 9 8 11 0 3 7 6 12 14
124 118 6 1 4 5 10 13 2 7 8 11 0 3 9 6 12 14
121 115 6 1 4 5 10 13 2 0 8 11 14 9 7 6 12 3
123 116 7 1 4 5 10 13 2 8 0 11 14 9 7 6 12 3
124 117 7 1 4 5 10 13 2 8 6 11 14 9 7 0 12 3
125 118 7 1 4 5 10 13 2 8 6 11 14 9 0 7 12 3
126 119 7 1 4 5 10 13 2 8 6 11 14 0 9 7 12 3
126 121 5 1 4 5 10 13 2 8 6 11 14 3 9 7 12 0
131 124 7 1 4 5 10 13 2 8 6 0 14 3 9 7 12 11
132 125 7 1 4 5 10 13 2 8 0 6 14 3 9 7 12 11
132 126 6 1 4 5 10 13 2 0 8 6 14 3 9 7 12 11
133 127 6 1 4 5 10 13 2 9 8 6 14 3 0 7 12 11
134 128 6 1 4 5 10 13 2 9 8 6 14 3 7 0 12 11
136 129 7 1 4 5 10 13 2 9 8 6 14 3 7 12 0 11
136 130 6 1 4 5 10 13 2 9 8 6 14 3 7 12 11 0
140 133 7 1 4 5 10 13 2 9 8 0 14 3 7 12 11 6
140 134 6 1 4 5 10 13 2 9 8 11 14 3 7 12 0 6
140 135 5 1 4 5 10 13 2 9 8 11 14 3 7 12 6 0
140 135 5 1 4 5 10 13 2 9 8 11 14 3 7 0 12 6
141 136 5 1 4 5 10 13 2 9 8 11 14 3 0 7 12 6
142 137 5 1 4 5 10 13 2 0 8 11 14 3 9 7 12 6
144 138 6 1 4 5 10 13 2 8 0 11 14 3 9 7 12 6
145 139 6 1 4 5 10 13 2 8 7 11 14 3 9 0 12 6
145 140 5 1 4 5 10 13 2 8 7 11 14 3 0 9 12 6
146 141 5 1 4 5 10 13 2 0 7 11 14 3 8 9 12 6
147 142 5 1 4 5 10 13 2 7 0 11 14 3 8 9 12 6
148 143 5 1 4 0 10 13 2 7 5 11 14 3 8 9 12 6
150 144 6 1 4 10 0 13 2 7 5 11 14 3 8 9 12 6
150 144 6 1 0 4 10 13 2 7 5 11 14 3 8 9 12 6
151 145 6 1 7 4 10 13 2 0 5 11 14 3 8 9 12 6
151 146 5 1 7 4 10 13 2 5 0 11 14 3 8 9 12 6
152 147 5 1 7 0 10 13 2 5 4 11 14 3 8 9 12 6
152 148 4 1 0 7 10 13 2 5 4 11 14 3 8 9 12 6
154 149 5 0 1 7 10 13 2 5 4 11 14 3 8 9 12 6
156 152 4 6 1 7 10 13 2 5 4 11 14 3 8 9 12 0
154 149 5 1 5 7 10 13 2 0 4 11 14 3 8 9 12 6
155 150 5 1 5 7 10 13 2 4 0 11 14 3 8 9 12 6
155 150 5 1 5 7 10 13 2 8 4 11 14 3 0 9 12 6
157 151 6 1 5 7 10 13 2 8 4 11 14 3 9 0 12 6
158 152 6 1 5 7 10 13 2 8 0 11 14 3 9 4 12 6
158 153 5 1 5 7 10 13 2 0 8 11 14 3 9 4 12 6
158 154 4 1 0 7 10 13 2 5 8 11 14 3 9 4 12 6
160 155 5 1 7 0 10 13 2 5 8 11 14 3 9 4 12 6
160 155 5 0 1 7 10 13 2 5 8 11 14 3 9 4 12 6
162 158 4 6 1 7 10 13 2 5 8 11 14 3 9 4 12 0
159 154 5 1 5 7 10 13 2 9 8 11 14 3 0 4 12 6
160 155 5 1 5 7 10 13 2 9 8 11 14 3 4 0 12 6
162 156 6 1 5 7 10 13 2 9 8 11 14 3 4 12 0 6
162 157 5 1 5 7 10 13 2 9 8 11 14 3 4 12 6 0
162 156 6 1 5 7 10 13 2 9 0 11 14 3 4 8 12 6
163 157 6 1 5 7 10 13 2 0 9 11 14 3 4 8 12 6
163 158 5 1 0 7 10 13 2 5 9 11 14 3 4 8 12 6
165 159 6 1 7 0 10 13 2 5 9 11 14 3 4 8 12 6
166 160 6 1 7 9 10 13 2 5 0 11 14 3 4 8 12 6
166 161 5 1 7 9 10 13 2 5 8 11 14 3 4 0 12 6
167 162 5 1 7 9 10 13 2 5 8 11 14 3 0 4 12 6
169 163 6 1 7 9 10 13 2 5 8 11 14 0 3 4 12 6
170 165 5 1 7 9 10 13 2 5 8 11 14 6 3 4 12 0
163 157 6 3 1 7 10 13 2 5 8 11 14 0 9 4 12 6
164 159 5 3 1 7 10 13 2 5 8 11 14 6 9 4 12 0
168 162 6 0 1 7 10 13 2 5 8 11 14 6 9 4 12 3
168 163 5 1 0 7 10 13 2 5 8 11 14 6 9 4 12 3
170 164 6 1 7 0 10 13 2 5 8 11 14 6 9 4 12 3
170 164 6 1 5 7 10 13 2 0 8 11 14 6 9 4 12 3
171 165 6 1 5 7 10 13 2 9 8 11 14 6 0 4 12 3
171 166 5 1 5 7 10 13 2 9 8 11 14 0 6 4 12 3
171 168 3 1 5 7 10 13 2 9 8 11 14 3 6 4 12 0
176 171 5 1 5 7 10 13 2 9 8 0 14 3 6 4 12 11
176 171 5 0 5 7 10 13 2 9 8 11 14 3 6 4 12 1
179 174 5 9 5 7 10 13 2 0 8 11 14 3 6 4 12 1
179 175 4 9 0 7 10 13 2 5 8 11 14 3 6 4 12 1
180 176 4 0 9 7 10 13 2 5 8 11 14 3 6 4 12 1
181 179 2 1 9 7 10 13 2 5 8 11 14 3 6 4 12 0
186 182 4 1 9 7 10 13 2 5 8 0 14 3 6 4 12 11
184 180 4 1 9 7 10 13 2 5 8 11 0 3 6 4 12 14
185 181 4 1 9 7 10 0 2 5 8 11 14 3 6 4 12 13
185 181 4 1 9 7 10 13 2 5 8 11 14 0 6 4 12 3
184 180 4 1 9 7 10 13 2 5 8 11 14 3 6 4 0 12
185 181 4 1 9 7 10 13 2 5 8 11 14 3 6 0 4 12
187 182 5 1 9 7 10 13 2 5 8 11 14 3 0 6 4 12
183 178 5 3 9 7 10 13 2 5 8 11 14 0 6 4 12 1
184 180 4 3 9 7 10 13 2 5 8 11 14 1 6 4 12 0
182 177 5 2 9 7 10 13 0 5 8 11 14 3 6 4 12 1
181 176 5 9 7 0 10 13 2 5 8 11 14 3 6 4 12 1
177 172 5 5 0 7 10 13 2 9 8 11 14 3 6 4 12 1
174 169 5 1 5 7 10 13 2 9 8 11 0 3 6 4 12 14
174 169 5 1 5 7 10 13 2 0 8 11 14 9 6 4 12 3
174 170 4 1 0 7 10 13 2 5 8 11 14 9 6 4 12 3
176 171 5 1 7 0 10 13 2 5 8 11 14 9 6 4 12 3
176 171 5 0 1 7 10 13 2 5 8 11 14 9 6 4 12 3
178 174 4 3 1 7 10 13 2 5 8 11 14 9 6 4 12 0
181 176 5 3 1 7 10 13 2 5 8 11 14 0 6 4 12 9
182 178 4 0 1 7 10 13 2 5 8 11 14 3 6 4 12 9
184 181 3 9 1 7 10 13 2 5 8 11 14 3 6 4 12 0
182 179 3 1 0 7 10 13 2 5 8 11 14 3 6 4 12 9
184 180 4 1 7 0 10 13 2 5 8 11 14 3 6 4 12 9
184 180 4 1 5 7 10 13 2 0 8 11 14 3 6 4 12 9
186 181 5 1 5 7 10 13 2 8 0 11 14 3 6 4 12 9
187 182 5 1 5 7 10 13 2 8 4 11 14 3 6 0 12 9
188 183 5 9 1 7 10 0 2 5 8 11 14 3 6 4 12 13
190 185 5 0 1 7 10 9 2 5 8 11 14 3 6 4 12 13
192 188 4 13 1 7 10 9 2 5 8 11 14 3 6 4 12 0
190 186 4 1 0 7 10 9 2 5 8 11 14 3 6 4 12 13
192 187 5 1 7 0 10 9 2 5 8 11 14 3 6 4 12 13
192 187 5 1 5 7 10 9 2 0 8 11 14 3 6 4 12 13
186 181 5 1 5 7 10 13 0 2 8 11 14 3 6 4 12 9
187 182 5 1 9 7 0 10 2 5 8 11 14 3 6 4 12 13
187 182 5 1 9 7 10 13 0 5 8 11 14 2 6 4 12 3
188 183 5 0 9 7 10 1 2 5 8 11 14 3 6 4 12 13
190 186 4 13 9 7 10 1 2 5 8 11 14 3 6 4 12 0
189 184 5 9 0 7 10 1 2 5 8 11 14 3 6 4 12 13
189 184 5 1 9 7 10 11 2 5 8 0 14 3 6 4 12 13
189 184 5 1 9 7 10 3 2 5 8 11 14 0 6 4 12 13
190 186 4 1 9 7 10 3 2 5 8 11 14 13 6 4 12 0
186 181 5 1 9 7 10 13 2 5 8 0 14 3 6 4 11 12
178 173 5 5 9 7 10 13 2 0 8 11 14 3 6 4 12 1
175 170 5 1 5 7 10 0 2 9 8 11 14 3 6 4 12 13
189 184 5 1 9 7 10 0 2 5 8 11 14 13 6 4 12 3
174 169 5 1 5 7 10 13 2 9 8 11 14 3 6 4 0 12
175 170 5 1 5 7 10 13 2 9 8 11 14 3 6 0 4 12
188 183 5 1 9 7 0 13 2 5 8 10 14 3 6 4 12 11
183 178 5 13 9 7 10 0 2 5 8 11 14 3 6 4 12 1
188 183 5 1 9 7 10 13 2 5 0 8 14 3 6 4 12 11
189 184 5 1 9 7 10 13 2 5 4 8 14 3 6 0 12 11
186 181 5 1 9 7 10 0 2 5 8 11 13 3 6 4 12 14
187 183 4 1 9 7 10 14 2 5 8 11 13 3 6 4 12 0
178 173 5 9 1 7 10 13 2 5 8 11 14 0 6 4 12 3
188 183 5 0 9 7 10 13 2 5 8 11 14 1 6 4 12 3
189 184 5 9 0 7 10 13 2 5 8 11 14 1 6 4 12 3
189 184 5 9 1 7 10 13 2 5 8 0 14 3 6 4 12 11
187 182 5 9 1 7 10 13 2 5 8 11 14 3 6 4 0 12
188 183 5 9 1 7 10 13 2 5 8 11 14 3 6 0 4 12
188 183 5 1 9 7 10 13 2 5 8 14 0 3 6 4 12 11
188 184 4 1 9 7 10 13 2 5 8 14 11 3 6 4 12 0
186 181 5 1 7 10 0 13 2 5 8 11 14 3 6 4 12 9
187 182 5 9 1 7 10 13 2 5 8 11 0 3 6 4 12 14
187 182 5 1 9 7 10 13 2 5 0 11 14 3 6 8 4 12
187 182 5 1 9 7 10 14 2 5 8 11 0 3 6 4 12 13
187 182 5 1 9 7 10 13 2 5 8 11 14 6 0 4 12 3
188 183 5 1 9 7 10 13 2 5 8 11 14 6 4 0 12 3
186 181 5 1 5 7 10 13 2 6 8 11 14 3 0 4 12 9
187 182 5 1 5 7 10 13 2 6 8 11 14 3 4 0 12 9
184 179 5 2 1 7 10 13 0 5 8 11 14 3 6 4 12 9
185 180 5 13 1 7 10 0 2 5 8 11 14 3 6 4 12 9
188 183 5 1 9 7 10 13 2 5 8 12 14 3 6 4 0 11
188 184 4 1 9 7 10 13 2 5 8 12 14 3 6 4 11 0
189 184 5 1 9 7 10 13 2 5 8 12 14 3 6 0 4 11
186 181 5 1 9 7 10 13 2 5 8 0 11 3 6 4 12 14
189 184 5 1 9 7 10 13 2 0 8 11 14 5 6 4 12 3
190 185 5 1 0 7 10 13 2 9 8 11 14 5 6 4 12 3
186 181 5 1 7 8 10 13 2 5 0 11 14 3 6 4 12 9
187 182 5 1 7 8 10 13 2 5 4 11 14 3 6 0 12 9
186 181 5 5 1 7 10 13 2 0 8 11 14 3 6 4 12 9
187 182 5 5 0 7 10 13 2 1 8 11 14 3 6 4 12 9
188 183 5 0 5 7 10 13 2 1 8 11 14 3 6 4 12 9
190 186 4 9 5 7 10 13 2 1 8 11 14 3 6 4 12 0
195 189 6 9 5 7 10 13 2 1 8 0 14 3 6 4 12 11
143 137 6 1 4 5 10 13 2 9 8 11 14 0 3 7 12 6
144 139 5 1 4 5 10 13 2 9 8 11 14 6 3 7 12 0
157 151 6 13 1 7 10 0 2 5 4 11 14 3 8 9 12 6
158 153 5 13 1 7 10 6 2 5 4 11 14 3 8 9 12 0
162 156 6 0 1 7 10 6 2 5 4 11 14 3 8 9 12 13
162 157 5 1 0 7 10 6 2 5 4 11 14 3 8 9 12 13
164 158 6 1 7 0 10 6 2 5 4 11 14 3 8 9 12 13
165 159 6 1 7 4 10 6 2 5 0 11 14 3 8 9 12 13
157 151 6 1 5 0 10 13 2 4 7 11 14 3 8 9 12 6
157 151 6 1 5 7 10 13 2 8 4 11 14 0 3 9 12 6
158 153 5 1 5 7 10 13 2 8 4 11 14 6 3 9 12 0
162 156 6 2 1 7 10 13 0 5 8 11 14 3 9 4 12 6
162 156 6 1 7 10 0 13 2 5 8 11 14 3 9 4 12 6
147 141 6 1 4 5 10 13 2 8 7 11 14 0 3 9 12 6
148 143 5 1 4 5 10 13 2 8 7 11 14 6 3 9 12 0
152 146 6 1 7 4 10 13 2 8 5 11 14 3 0 9 12 6
148 142 6 1 4 5 10 13 0 2 7 11 14 3 8 9 12 6
165 159 6 6 1 7 10 13 2 5 8 11 0 3 9 4 12 14
163 157 6 13 1 7 10 0 2 5 8 11 14 3 9 4 12 6
164 159 5 13 1 7 10 6 2 5 8 11 14 3 9 4 12 0
168 162 6 0 1 7 10 6 2 5 8 11 14 3 9 4 12 13
168 163 5 1 0 7 10 6 2 5 8 11 14 3 9 4 12 13
170 164 6 1 7 0 10 6 2 5 8 11 14 3 9 4 12 13
161 155 6 1 5 7 10 13 2 9 8 11 14 0 3 4 12 6
162 157 5 1 5 7 10 13 2 9 8 11 14 6 3 4 12 0
166 160 6 6 1 7 10 0 2 5 8 11 14 3 9 4 12 13
149 143 6 1 4 5 10 13 2 7 9 11 14 3 8 0 12 6
150 144 6 1 4 5 10 13 2 7 9 11 14 3 0 8 12 6
151 145 6 1 4 5 10 13 2 0 9 11 14 3 7 8 12 6
154 148 6 1 7 10 0 13 2 5 4 11 14 3 8 9 12 6
153 147 6 1 7 4 10 13 2 5 9 11 14 3 8 0 12 6
154 148 6 1 7 4 10 13 2 5 9 11 14 3 0 8 12 6
159 153 6 6 1 7 10 13 2 5 4 11 0 3 8 9 12 14
168 162 6 1 7 9 10 13 2 5 8 11 14 3 4 12 0 6
168 163 5 1 7 9 10 13 2 5 8 11 14 3 4 12 6 0
165 159 6 0 1 7 10 13 2 5 9 11 14 3 4 8 12 6
167 162 5 6 1 7 10 13 2 5 9 11 14 3 4 8 12 0
145 139 6 1 4 0 10 13 2 8 5 11 14 3 9 7 12 6
169 163 6 1 7 9 10 13 2 0 8 11 14 3 5 4 12 6
170 164 6 1 0 9 10 13 2 7 8 11 14 3 5 4 12 6
171 165 6 1 9 0 10 13 2 7 8 11 14 3 5 4 12 6
157 151 6 3 1 7 10 13 2 5 4 11 14 0 8 9 12 6
158 153 5 3 1 7 10 13 2 5 4 11 14 6 8 9 12 0
162 156 6 0 1 7 10 13 2 5 4 11 14 6 8 9 12 3
162 157 5 1 0 7 10 13 2 5 4 11 14 6 8 9 12 3
164 158 6 1 7 0 10 13 2 5 4 11 14 6 8 9 12 3
165 159 6 1 7 4 10 13 2 5 0 11 14 6 8 9 12 3
164 158 6 1 5 7 10 13 2 0 4 11 14 6 8 9 12 3
165 159 6 1 5 7 10 13 2 4 0 11 14 6 8 9 12 3
165 159 6 1 5 7 10 13 2 8 4 11 14 6 0 9 12 3
165 160 5 1 5 7 10 13 2 8 4 11 14 0 6 9 12 3
165 162 3 1 5 7 10 13 2 8 4 11 14 3 6 9 12 0
170 165 5 1 5 7 10 13 2 8 4 0 14 3 6 9 12 11
171 166 5 1 5 7 10 13 2 8 0 4 14 3 6 9 12 11
171 167 4 1 5 7 10 13 2 0 8 4 14 3 6 9 12 11
171 168 3 1 0 7 10 13 2 5 8 4 14 3 6 9 12 11
173 169 4 1 7 0 10 13 2 5 8 4 14 3 6 9 12 11
173 169 4 0 1 7 10 13 2 5 8 4 14 3 6 9 12 11
175 172 3 11 1 7 10 13 2 5 8 4 14 3 6 9 12 0
179 175 4 11 1 7 10 13 2 5 8 0 14 3 6 9 12 4
181 176 5 11 1 7 10 13 2 5 8 14 0 3 6 9 12 4
181 177 4 11 1 7 10 13 2 5 8 14 4 3 6 9 12 0
185 180 5 11 1 7 10 13 2 5 8 0 4 3 6 9 12 14
185 180 5 0 1 7 10 13 2 5 8 14 4 3 6 9 12 11
185 181 4 1 0 7 10 13 2 5 8 14 4 3 6 9 12 11
187 182 5 1 7 0 10 13 2 5 8 14 4 3 6 9 12 11
187 182 5 1 5 7 10 13 2 0 8 14 4 3 6 9 12 11
176 171 5 3 1 7 10 13 2 5 8 4 14 0 6 9 12 11
177 173 4 3 1 7 10 13 2 5 8 4 14 11 6 9 12 0
181 176 5 3 1 7 10 13 2 5 8 0 14 11 6 9 12 4
181 176 5 0 1 7 10 13 2 5 8 4 14 11 6 9 12 3
181 177 4 1 0 7 10 13 2 5 8 4 14 11 6 9 12 3
183 178 5 1 7 0 10 13 2 5 8 4 14 11 6 9 12 3
183 178 5 1 5 7 10 13 2 0 8 4 14 11 6 9 12 3
181 176 5 11 1 7 10 13 2 5 0 8 14 3 6 9 12 4
170 165 5 0 5 7 10 13 2 8 4 11 14 3 6 9 12 1
173 168 5 8 5 7 10 13 2 0 4 11 14 3 6 9 12 1
173 169 4 8 0 7 10 13 2 5 4 11 14 3 6 9 12 1
174 170 4 0 8 7 10 13 2 5 4 11 14 3 6 9 12 1
175 173 2 1 8 7 10 13 2 5 4 11 14 3 6 9 12 0
180 176 4 1 8 7 10 13 2 5 4 0 14 3 6 9 12 11
181 177 4 1 8 7 10 13 2 5 0 4 14 3 6 9 12 11
179 175 4 1 8 7 10 0 2 5 4 11 14 3 6 9 12 13
179 175 4 1 8 7 10 13 2 5 4 11 14 0 6 9 12 3
178 174 4 1 8 7 10 13 2 5 4 11 14 3 6 9 0 12
178 174 4 1 8 7 10 13 2 5 4 11 0 3 6 9 12 14
180 175 5 1 8 7 10 13 2 5 4 0 11 3 6 9 12 14
181 176 5 1 8 7 10 13 2 5 0 4 11 3 6 9 12 14
181 176 5 1 8 7 10 13 0 5 4 11 14 2 6 9 12 3
180 175 5 1 8 7 10 0 2 5 4 11 13 3 6 9 12 14
181 177 4 1 8 7 10 14 2 5 4 11 13 3 6 9 12 0
180 175 5 1 8 7 10 13 2 5 4 11 14 3 6 0 9 12
181 176 5 1 8 7 10 13 2 5 0 11 14 3 6 4 9 12
180 175 5 1 8 7 10 13 2 5 4 0 14 3 6 9 11 12
181 176 5 1 8 7 10 13 2 5 0 4 14 3 6 9 11 12
169 164 5 1 5 7 10 0 2 8 4 11 14 3 6 9 12 13
173 168 5 1 5 7 10 13 2 6 8 4 14 3 0 9 12 11
168 163 5 1 5 7 10 13 2 8 4 11 14 3 6 9 0 12
182 177 5 0 8 7 10 1 2 5 4 11 14 3 6 9 12 13
184 180 4 13 8 7 10 1 2 5 4 11 14 3 6 9 12 0
183 178 5 8 0 7 10 1 2 5 4 11 14 3 6 9 12 13
179 174 5 11 1 7 10 13 2 5 8 4 14 0 6 9 12 3
168 163 5 1 5 7 10 13 2 0 4 11 14 8 6 9 12 3
168 164 4 1 0 7 10 13 2 5 4 11 14 8 6 9 12 3
170 165 5 1 7 0 10 13 2 5 4 11 14 8 6 9 12 3
171 166 5 1 7 4 10 13 2 5 0 11 14 8 6 9 12 3
170 165 5 0 1 7 10 13 2 5 4 11 14 8 6 9 12 3
172 168 4 3 1 7 10 13 2 5 4 11 14 8 6 9 12 0
175 170 5 3 1 7 10 13 2 5 4 11 14 0 6 9 12 8
176 172 4 0 1 7 10 13 2 5 4 11 14 3 6 9 12 8
178 175 3 8 1 7 10 13 2 5 4 11 14 3 6 9 12 0
176 173 3 1 0 7 10 13 2 5 4 11 14 3 6 9 12 8
178 174 4 1 7 0 10 13 2 5 4 11 14 3 6 9 12 8
179 175 4 1 7 4 10 13 2 5 0 11 14 3 6 9 12 8
178 174 4 1 5 7 10 13 2 0 4 11 14 3 6 9 12 8
179 175 4 1 5 7 10 13 2 4 0 11 14 3 6 9 12 8
181 176 5 1 5 7 10 13 2 4 11 0 14 3 6 9 12 8
181 176 5 1 5 7 10 13 2 4 9 11 14 3 6 0 12 8
181 176 5 1 5 0 10 13 2 4 7 11 14 3 6 9 12 8
182 177 5 1 0 5 10 13 2 4 7 11 14 3 6 9 12 8
182 178 4 1 4 5 10 13 2 0 7 11 14 3 6 9 12 8
183 179 4 1 4 5 10 13 2 7 0 11 14 3 6 9 12 8
184 180 4 1 4 0 10 13 2 7 5 11 14 3 6 9 12 8
186 181 5 1 4 10 0 13 2 7 5 11 14 3 6 9 12 8
186 181 5 1 0 4 10 13 2 7 5 11 14 3 6 9 12 8
182 177 5 1 8 7 10 13 2 5 4 12 14 3 6 9 0 11
182 178 4 1 8 7 10 13 2 5 4 12 14 3 6 9 11 0
183 178 5 1 8 7 10 13 2 0 5 4 14 3 6 9 12 11
184 179 5 1 0 7 10 13 2 8 5 4 14 3 6 9 12 11
179 174 5 11 1 7 10 0 2 5 8 4 14 3 6 9 12 13
182 177 5 11 1 7 10 4 2 5 8 0 14 3 6 9 12 13
181 176 5 0 1 7 10 11 2 5 8 4 14 3 6 9 12 13
183 179 4 13 1 7 10 11 2 5 8 4 14 3 6 9 12 0
181 177 4 1 0 7 10 11 2 5 8 4 14 3 6 9 12 13
183 178 5 1 7 0 10 11 2 5 8 4 14 3 6 9 12 13
183 178 5 1 5 7 10 11 2 0 8 4 14 3 6 9 12 13
187 182 5 13 1 7 10 11 2 5 8 0 14 3 6 9 12 4
183 178 5 1 8 7 10 11 2 5 4 0 14 3 6 9 12 13
184 179 5 1 8 7 10 11 2 5 0 4 14 3 6 9 12 13
168 163 5 1 5 7 10 13 2 8 4 11 0 3 6 9 12 14
181 176 5 1 7 4 10 13 2 5 9 11 14 3 6 0 12 8
171 166 5 5 0 7 10 13 2 8 4 11 14 3 6 9 12 1
178 173 5 11 1 7 10 13 2 5 8 4 14 3 6 9 0 12
179 174 5 11 1 7 10 13 2 5 8 0 14 3 6 9 4 12
175 170 5 2 1 7 10 13 0 5 8 4 14 3 6 9 12 11
176 171 5 13 1 7 10 0 2 5 8 4 14 3 6 9 12 11
179 174 5 13 1 7 10 4 2 5 8 0 14 3 6 9 12 11
177 172 5 5 1 7 10 13 2 0 8 4 14 3 6 9 12 11
178 173 5 5 0 7 10 13 2 1 8 4 14 3 6 9 12 11
179 174 5 0 5 7 10 13 2 1 8 4 14 3 6 9 12 11
181 177 4 11 5 7 10 13 2 1 8 4 14 3 6 9 12 0
185 180 5 11 5 7 10 13 2 1 8 0 14 3 6 9 12 4
180 175 5 1 7 10 0 13 2 5 4 11 14 3 6 9 12 8
176 171 5 2 8 7 10 13 0 5 4 11 14 3 6 9 12 1
175 170 5 1 7 8 10 13 2 5 0 4 14 3 6 9 12 11
176 171 5 1 7 8 10 13 2 5 4 0 14 3 6 9 12 11
180 175 5 5 1 7 10 13 2 0 4 11 14 3 6 9 12 8
181 176 5 5 1 7 10 13 2 4 0 11 14 3 6 9 12 8
181 176 5 5 0 7 10 13 2 1 4 11 14 3 6 9 12 8
182 177 5 0 5 7 10 13 2 1 4 11 14 3 6 9 12 8
184 180 4 8 5 7 10 13 2 1 4 11 14 3 6 9 12 0
181 176 5 8 1 7 10 13 2 5 4 11 14 3 6 9 0 12
173 168 5 1 5 7 10 13 0 2 8 4 14 3 6 9 12 11
182 177 5 8 1 7 10 0 2 5 4 11 14 3 6 9 12 13
184 179 5 0 1 7 10 8 2 5 4 11 14 3 6 9 12 13
186 182 4 13 1 7 10 8 2 5 4 11 14 3 6 9 12 0
184 180 4 1 0 7 10 8 2 5 4 11 14 3 6 9 12 13
186 181 5 1 7 0 10 8 2 5 4 11 14 3 6 9 12 13
187 182 5 1 7 4 10 8 2 5 0 11 14 3 6 9 12 13
186 181 5 1 5 7 10 8 2 0 4 11 14 3 6 9 12 13
187 182 5 1 5 7 10 8 2 4 0 11 14 3 6 9 12 13
181 176 5 1 7 4 10 13 2 0 5 11 14 3 6 9 12 8
182 177 5 1 8 7 10 13 2 5 4 14 0 3 6 9 12 11
182 178 4 1 8 7 10 13 2 5 4 14 11 3 6 9 12 0
180 175 5 1 5 7 10 13 0 2 4 11 14 3 6 9 12 8
181 176 5 1 8 7 10 14 2 5 4 11 0 3 6 9 12 13
182 177 5 1 8 7 0 13 2 5 4 10 14 3 6 9 12 11
181 176 5 11 1 7 10 13 2 5 8 12 14 3 6 9 0 4
181 177 4 11 1 7 10 13 2 5 8 12 14 3 6 9 4 0
185 180 5 0 1 7 10 13 2 5 8 12 14 3 6 9 4 11
185 181 4 1 0 7 10 13 2 5 8 12 14 3 6 9 4 11
187 182 5 1 7 0 10 13 2 5 8 12 14 3 6 9 4 11
187 182 5 1 5 7 10 13 2 0 8 12 14 3 6 9 4 11
175 170 5 8 7 0 10 13 2 5 4 11 14 3 6 9 12 1
176 171 5 8 7 4 10 13 2 5 0 11 14 3 6 9 12 1
181 176 5 11 1 7 0 13 2 5 8 10 14 3 6 9 12 4
175 170 5 1 7 10 0 13 2 5 8 4 14 3 6 9 12 11
176 171 5 1 7 10 4 13 2 5 8 0 14 3 6 9 12 11
177 172 5 13 8 7 10 0 2 5 4 11 14 3 6 9 12 1
174 169 5 8 5 7 10 13 2 4 0 11 14 3 6 9 12 1
172 167 5 5 8 7 10 13 2 0 4 11 14 3 6 9 12 1
173 168 5 5 8 7 10 13 2 4 0 11 14 3 6 9 12 1
182 177 5 0 8 7 10 13 2 5 4 11 14 1 6 9 12 3
184 180 4 3 8 7 10 13 2 5 4 11 14 1 6 9 12 0
183 178 5 8 0 7 10 13 2 5 4 11 14 1 6 9 12 3
183 178 5 1 8 7 10 0 2 5 4 11 14 13 6 9 12 3
184 180 4 1 8 7 10 3 2 5 4 11 14 13 6 9 12 0
183 178 5 1 8 7 10 13 2 5 9 4 14 3 6 0 12 11
169 164 5 1 5 7 10 13 2 4 0 11 14 8 6 9 12 3
172 167 5 8 1 7 10 13 2 5 4 11 14 0 6 9 12 3
177 172 5 3 8 7 10 13 2 5 4 11 14 0 6 9 12 1
181 176 5 8 1 7 10 13 2 5 4 11 0 3 6 9 12 14
184 179 5 1 4 5 10 13 0 2 7 11 14 3 6 9 12 8
183 178 5 8 1 7 10 13 2 5 4 0 14 3 6 9 12 11
184 179 5 8 1 7 10 13 2 5 0 4 14 3 6 9 12 11
183 178 5 1 8 7 10 13 2 0 4 11 14 5 6 9 12 3
184 179 5 1 8 7 10 13 2 4 0 11 14 5 6 9 12 3
184 179 5 1 0 7 10 13 2 8 4 11 14 5 6 9 12 3
185 180 5 1 4 5 10 13 2 7 9 11 14 3 6 0 12 8
181 176 5 1 8 7 0 10 2 5 4 11 14 3 6 9 12 13
181 176 5 1 7 4 10 13 2 5 11 0 14 3 6 9 12 8
180 175 5 1 5 7 10 13 2 6 4 11 14 3 0 9 12 8
178 173 5 2 1 7 10 13 0 5 4 11 14 3 6 9 12 8
185 180 5 1 4 5 10 13 2 7 11 0 14 3 6 9 12 8
178 173 5 11 1 7 10 13 2 5 8 4 0 3 6 9 12 14
181 176 5 1 8 7 10 13 2 5 4 11 14 6 0 9 12 3
179 174 5 13 1 7 10 0 2 5 4 11 14 3 6 9 12 8
184 179 5 1 4 5 10 13 2 6 7 11 14 3 0 9 12 8
183 178 5 1 8 7 10 3 2 5 4 11 14 0 6 9 12 13
183 178 5 1 8 0 10 13 2 5 7 4 14 3 6 9 12 11
184 179 5 1 0 8 10 13 2 5 7 4 14 3 6 9 12 11
186 180 6 0 1 8 10 13 2 5 7 4 14 3 6 9 12 11
188 183 5 11 1 8 10 13 2 5 7 4 14 3 6 9 12 0
192 186 6 11 1 8 10 13 2 5 7 0 14 3 6 9 12 4
193 187 6 11 1 8 10 13 2 5 0 7 14 3 6 9 12 4
193 188 5 11 1 0 10 13 2 5 8 7 14 3 6 9 12 4
194 189 5 11 0 1 10 13 2 5 8 7 14 3 6 9 12 4
195 190 5 0 11 1 10 13 2 5 8 7 14 3 6 9 12 4
197 193 4 4 11 1 10 13 2 5 8 7 14 3 6 9 12 0
201 196 5 4 11 1 10 13 2 5 8 0 14 3 6 9 12 7
203 197 6 4 11 1 10 13 2 5 8 14 0 3 6 9 12 7
203 198 5 4 11 1 10 13 2 5 8 14 7 3 6 9 12 0
207 201 6 4 11 1 10 13 2 5 8 0 7 3 6 9 12 14
207 201 6 0 11 1 10 13 2 5 8 14 7 3 6 9 12 4
208 202 6 11 0 1 10 13 2 5 8 14 7 3 6 9 12 4
209 203 6 11 1 0 10 13 2 5 8 14 7 3 6 9 12 4
185 179 6 11 1 7 10 13 2 5 8 14 4 0 6 9 12 3
187 181 6 0 1 7 10 13 2 5 8 14 4 11 6 9 12 3
189 184 5 3 1 7 10 13 2 5 8 14 4 11 6 9 12 0
187 182 5 1 0 7 10 13 2 5 8 14 4 11 6 9 12 3
189 183 6 1 7 0 10 13 2 5 8 14 4 11 6 9 12 3
189 183 6 1 5 7 10 13 2 0 8 14 4 11 6 9 12 3
187 181 6 2 1 7 10 13 0 5 8 14 4 3 6 9 12 11
188 182 6 3 1 7 10 13 2 5 8 14 4 0 6 9 12 11
178 172 6 3 1 7 10 13 0 5 8 4 14 2 6 9 12 11
189 183 6 1 7 10 0 13 2 5 8 14 4 3 6 9 12 11
190 184 6 1 7 10 14 13 2 5 8 0 4 3 6 9 12 11
191 185 6 1 7 10 14 13 2 5 8 4 0 3 6 9 12 11
191 186 5 1 7 10 14 13 2 5 8 4 11 3 6 9 12 0
195 189 6 1 7 10 14 13 2 5 8 0 11 3 6 9 12 4
195 190 5 1 7 10 14 13 2 5 8 11 0 3 6 9 12 4
195 191 4 1 7 10 14 13 2 5 8 11 4 3 6 9 12 0
200 194 6 0 7 10 14 13 2 5 8 11 4 3 6 9 12 1
201 195 6 7 0 10 14 13 2 5 8 11 4 3 6 9 12 1
202 196 6 7 10 0 14 13 2 5 8 11 4 3 6 9 12 1
203 197 6 7 10 14 0 13 2 5 8 11 4 3 6 9 12 1
178 172 6 3 1 7 10 13 2 5 8 4 14 6 0 9 12 11
183 177 6 3 1 7 0 13 2 5 8 10 14 11 6 9 12 4
181 175 6 3 1 7 10 0 2 5 8 4 14 11 6 9 12 13
184 178 6 3 1 7 10 4 2 5 8 0 14 11 6 9 12 13
183 177 6 0 1 7 10 3 2 5 8 4 14 11 6 9 12 13
185 180 5 13 1 7 10 3 2 5 8 4 14 11 6 9 12 0
183 178 5 1 0 7 10 3 2 5 8 4 14 11 6 9 12 13
185 179 6 1 7 0 10 3 2 5 8 4 14 11 6 9 12 13
185 179 6 1 5 7 10 3 2 0 8 4 14 11 6 9 12 13
185 179 6 1 5 7 10 13 0 2 8 4 14 11 6 9 12 3
186 180 6 1 5 7 10 13 11 2 8 4 14 0 6 9 12 3
186 182 4 1 5 7 10 13 11 2 8 4 14 3 6 9 12 0
190 185 5 1 5 7 10 13 11 2 8 0 14 3 6 9 12 4
192 186 6 1 5 7 10 13 11 2 8 14 0 3 6 9 12 4
192 187 5 1 5 7 10 13 11 2 8 14 4 3 6 9 12 0
196 190 6 1 5 7 10 13 11 2 8 0 4 3 6 9 12 14
181 175 6 9 5 7 10 13 2 6 8 11 14 3 0 4 12 1
182 176 6 9 5 7 10 13 2 6 8 11 14 3 4 0 12 1
183 177 6 11 1 7 10 13 2 5 9 8 14 3 6 0 12 4
186 180 6 1 8 7 10 0 2 5 4 12 14 3 6 9 11 13
189 183 6 1 8 7 10 12 2 5 4 0 14 3 6 9 11 13
189 184 5 1 8 7 10 12 2 5 4 11 14 3 6 9 0 13
189 185 4 1 8 7 10 12 2 5 4 11 14 3 6 9 13 0
192 187 5 1 8 7 10 0 2 5 4 11 14 3 6 9 13 12
196 190 6 1 8 7 10 11 2 5 4 0 14 3 6 9 13 12
197 191 6 1 8 7 10 11 2 5 0 4 14 3 6 9 13 12
186 180 6 0 8 7 10 14 2 5 4 11 13 3 6 9 12 1
188 182 6 14 8 7 10 0 2 5 4 11 13 3 6 9 12 1
189 184 5 14 8 7 10 1 2 5 4 11 13 3 6 9 12 0
188 183 5 14 8 7 10 13 2 5 4 11 0 3 6 9 12 1
188 184 4 14 8 7 10 13 2 5 4 11 1 3 6 9 12 0
192 187 5 0 8 7 10 13 2 5 4 11 1 3 6 9 12 14
193 188 5 8 0 7 10 13 2 5 4 11 1 3 6 9 12 14
195 189 6 8 7 0 10 13 2 5 4 11 1 3 6 9 12 14
196 190 6 8 7 4 10 13 2 5 0 11 1 3 6 9 12 14
188 182 6 1 4 10 13 0 2 7 5 11 14 3 6 9 12 8
189 184 5 1 4 10 13 8 2 7 5 11 14 3 6 9 12 0
188 182 6 1 4 10 11 13 2 7 5 0 14 3 6 9 12 8
189 183 6 1 4 10 11 13 2 7 0 5 14 3 6 9 12 8
190 184 6 1 4 10 11 13 2 0 7 5 14 3 6 9 12 8
183 177 6 9 7 8 10 13 2 5 0 11 14 3 6 4 12 1
184 178 6 9 7 8 10 13 2 5 4 11 14 3 6 0 12 1
183 177 6 1 8 7 10 13 2 5 9 4 11 3 6 0 12 14
184 178 6 1 8 7 10 3 2 5 4 11 13 0 6 9 12 14
185 180 5 1 8 7 10 3 2 5 4 11 13 14 6 9 12 0
188 182 6 1 8 7 10 0 2 5 4 11 13 14 6 9 12 3
188 183 5 1 8 7 10 13 2 5 4 11 0 14 6 9 12 3
188 184 4 1 8 7 10 13 2 5 4 11 3 14 6 9 12 0
191 186 5 1 8 7 10 13 2 5 4 11 3 0 6 9 12 14
195 189 6 1 8 7 10 13 2 0 4 11 3 5 6 9 12 14
196 190 6 1 8 7 10 13 2 4 0 11 3 5 6 9 12 14
183 177 6 1 8 0 10 13 2 5 7 11 14 3 6 4 9 12
184 178 6 1 0 8 10 13 2 5 7 11 14 3 6 4 9 12
184 178 6 1 8 7 10 14 2 5 4 11 13 3 6 9 0 12
182 176 6 1 8 7 10 13 2 5 4 11 14 3 0 6 9 12
186 180 6 1 8 7 10 14 2 5 4 0 13 3 6 9 12 11
187 181 6 1 8 7 10 14 2 5 4 13 0 3 6 9 12 11
187 182 5 1 8 7 10 14 2 5 4 13 11 3 6 9 12 0
187 182 5 1 8 7 10 0 2 5 4 13 14 3 6 9 12 11
188 184 4 1 8 7 10 11 2 5 4 13 14 3 6 9 12 0
193 187 6 0 8 7 10 11 2 5 4 13 14 3 6 9 12 1
195 189 6 11 8 7 10 0 2 5 4 13 14 3 6 9 12 1
197 192 5 11 8 7 10 13 2 5 4 0 14 3 6 9 12 1
198 193 5 11 8 7 10 13 2 5 0 4 14 3 6 9 12 1
196 191 5 11 8 7 10 1 2 5 4 13 14 3 6 9 12 0
200 194 6 11 8 7 10 1 2 5 4 0 14 3 6 9 12 13
201 195 6 11 8 7 10 1 2 5 0 4 14 3 6 9 12 13
173 167 6 1 5 7 10 3 2 8 4 11 14 0 6 9 12 13
174 169 5 1 5 7 10 3 2 8 4 11 14 13 6 9 12 0
192 186 6 9 1 7 10 11 2 5 8 0 14 3 6 4 12 13
171 165 6 1 5 7 0 10 2 8 4 11 14 3 6 9 12 13
184 178 6 2 8 7 10 1 0 5 4 11 14 3 6 9 12 13
175 169 6 1 5 7 10 13 2 6 8 4 14 3 9 0 12 11
175 169 6 1 5 7 10 13 2 6 8 4 14 0 3 9 12 11
176 171 5 1 5 7 10 13 2 6 8 4 14 11 3 9 12 0
180 174 6 1 5 7 10 13 2 6 8 0 14 11 3 9 12 4
197 191 6 13 1 7 10 9 2 5 8 0 14 3 6 4 12 11
184 178 6 11 1 7 10 4 2 5 8 12 14 3 6 9 0 13
184 179 5 11 1 7 10 4 2 5 8 12 14 3 6 9 13 0
188 182 6 11 1 7 10 4 2 5 8 0 14 3 6 9 13 12
189 183 6 11 1 7 10 4 2 5 8 13 14 3 6 9 0 12
188 184 4 11 1 7 10 4 2 5 8 13 14 3 6 9 12 0
192 187 5 0 1 7 10 4 2 5 8 13 14 3 6 9 12 11
192 188 4 1 0 7 10 4 2 5 8 13 14 3 6 9 12 11
194 189 5 1 7 0 10 4 2 5 8 13 14 3 6 9 12 11
194 189 5 1 5 7 10 4 2 0 8 13 14 3 6 9 12 11
194 189 5 4 1 7 10 0 2 5 8 13 14 3 6 9 12 11
196 192 4 4 1 7 10 13 2 5 8 0 14 3 6 9 12 11
195 191 4 4 1 7 10 11 2 5 8 13 14 3 6 9 12 0
199 194 5 4 1 7 10 11 2 5 8 0 14 3 6 9 12 13
199 194 5 0 1 7 10 11 2 5 8 13 14 3 6 9 12 4
199 195 4 1 0 7 10 11 2 5 8 13 14 3 6 9 12 4
201 196 5 1 7 0 10 11 2 5 8 13 14 3 6 9 12 4
201 196 5 1 5 7 10 11 2 0 8 13 14 3 6 9 12 4
198 193 5 4 1 7 10 13 2 5 8 14 0 3 6 9 12 11
198 194 4 4 1 7 10 13 2 5 8 14 11 3 6 9 12 0
202 197 5 4 1 7 10 13 2 5 8 0 11 3 6 9 12 14
202 198 4 4 1 7 10 13 2 5 8 11 0 3 6 9 12 14
201 199 2 4 1 7 10 13 2 5 8 11 14 3 6 9 12 0
205 202 3 0 1 7 10 13 2 5 8 11 14 3 6 9 12 4
205 203 2 1 0 7 10 13 2 5 8 11 14 3 6 9 12 4
207 204 3 1 7 0 10 13 2 5 8 11 14 3 6 9 12 4
207 204 3 1 5 7 10 13 2 0 8 11 14 3 6 9 12 4
209 205 4 1 5 7 10 13 2 8 0 11 14 3 6 9 12 4
209 205 4 1 5 7 10 13 0 2 8 11 14 3 6 9 12 4
209 205 4 1 5 7 10 13 2 6 8 11 14 3 0 9 12 4
209 205 4 1 7 10 0 13 2 5 8 11 14 3 6 9 12 4
209 205 4 1 7 8 10 13 2 5 0 11 14 3 6 9 12 4
209 205 4 5 1 7 10 13 2 0 8 11 14 3 6 9 12 4
210 206 4 5 0 7 10 13 2 1 8 11 14 3 6 9 12 4
211 207 4 0 5 7 10 13 2 1 8 11 14 3 6 9 12 4
213 210 3 4 5 7 10 13 2 1 8 11 14 3 6 9 12 0
207 203 4 2 1 7 10 13 0 5 8 11 14 3 6 9 12 4
205 201 4 4 1 7 10 0 2 5 8 11 14 3 6 9 12 13
207 203 4 0 1 7 10 4 2 5 8 11 14 3 6 9 12 13
209 206 3 13 1 7 10 4 2 5 8 11 14 3 6 9 12 0
207 204 3 1 0 7 10 4 2 5 8 11 14 3 6 9 12 13
209 205 4 1 7 0 10 4 2 5 8 11 14 3 6 9 12 13
209 205 4 1 5 7 10 4 2 0 8 11 14 3 6 9 12 13
205 201 4 4 1 7 10 13 2 5 8 11 14 0 6 9 12 3
207 203 4 0 1 7 10 13 2 5 8 11 14 4 6 9 12 3
209 206 3 3 1 7 10 13 2 5 8 11 14 4 6 9 12 0
207 204 3 1 0 7 10 13 2 5 8 11 14 4 6 9 12 3
209 205 4 1 7 0 10 13 2 5 8 11 14 4 6 9 12 3
209 205 4 1 5 7 10 13 2 0 8 11 14 4 6 9 12 3
204 200 4 4 1 7 10 13 2 5 8 11 14 3 6 9 0 12
208 204 4 3 1 7 10 13 2 5 8 11 14 0 6 9 12 4
208 204 4 13 1 7 10 0 2 5 8 11 14 3 6 9 12 4
212 207 5 13 1 7 10 3 2 5 8 11 14 0 6 9 12 4
213 209 4 13 1 7 10 3 2 5 8 11 14 4 6 9 12 0
217 212 5 0 1 7 10 3 2 5 8 11 14 4 6 9 12 13
217 213 4 1 0 7 10 3 2 5 8 11 14 4 6 9 12 13
219 214 5 1 7 0 10 3 2 5 8 11 14 4 6 9 12 13
210 205 5 13 1 7 10 0 2 5 8 11 14 4 6 9 12 3
219 214 5 1 5 7 10 3 2 0 8 11 14 4 6 9 12 13
211 206 5 1 7 8 10 13 2 5 11 0 14 3 6 9 12 4
211 206 5 1 7 10 13 0 2 5 8 11 14 3 6 9 12 4
212 208 4 1 7 10 13 4 2 5 8 11 14 3 6 9 12 0
211 206 5 1 7 10 11 13 2 5 8 0 14 3 6 9 12 4
211 206 5 1 7 8 10 13 2 5 9 11 14 3 6 0 12 4
216 211 5 4 5 7 10 13 2 1 8 11 0 3 6 9 12 14
212 207 5 5 7 0 10 13 2 1 8 11 14 3 6 9 12 4
211 206 5 1 5 7 10 13 2 6 8 11 14 3 9 0 12 4
211 206 5 5 1 7 10 13 2 6 8 11 14 3 0 9 12 4
211 206 5 5 1 7 10 13 2 8 0 11 14 3 6 9 12 4
211 206 5 1 5 7 10 13 2 6 8 11 14 0 3 9 12 4
212 208 4 1 5 7 10 13 2 6 8 11 14 4 3 9 12 0
214 209 5 1 5 7 10 13 2 0 8 11 14 6 3 9 12 4
214 210 4 1 0 7 10 13 2 5 8 11 14 6 3 9 12 4
216 211 5 1 7 0 10 13 2 5 8 11 14 6 3 9 12 4
216 211 5 0 1 7 10 13 2 5 8 11 14 6 3 9 12 4
218 214 4 4 1 7 10 13 2 5 8 11 14 6 3 9 12 0
221 216 5 4 1 7 10 13 2 5 8 11 14 0 3 9 12 6
221 217 4 4 1 7 10 13 2 5 8 11 14 3 0 9 12 6
223 218 5 4 1 7 10 13 2 5 8 11 14 3 9 0 12 6
223 218 5 4 1 7 10 13 2 0 8 11 14 3 5 9 12 6
224 219 5 4 0 7 10 13 2 1 8 11 14 3 5 9 12 6
224 220 4 0 4 7 10 13 2 1 8 11 14 3 5 9 12 6
226 223 3 1 4 7 10 13 2 0 8 11 14 3 5 9 12 6
226 224 2 1 4 7 10 13 2 5 8 11 14 3 0 9 12 6
228 225 3 1 4 7 10 13 2 5 8 11 14 3 9 0 12 6
228 225 3 1 4 7 10 13 2 5 8 11 14 0 3 9 12 6
229 227 2 1 4 7 10 13 2 5 8 11 14 6 3 9 12 0
226 223 3 6 4 7 10 13 2 1 8 11 14 3 5 9 12 0
234 230 4 1 4 7 10 13 2 5 8 0 14 6 3 9 12 11
234 230 4 0 4 7 10 13 2 5 8 11 14 6 3 9 12 1
236 232 4 6 4 7 10 13 2 5 8 11 14 0 3 9 12 1
237 234 3 6 4 7 10 13 2 5 8 11 14 1 3 9 12 0
236 233 3 6 4 7 10 13 2 5 8 11 14 3 0 9 12 1
238 234 4 6 4 7 10 13 2 5 8 11 14 3 9 0 12 1
238 234 4 6 4 7 10 13 2 0 8 11 14 3 5 9 12 1
233 229 4 1 4 7 10 0 2 5 8 11 14 6 3 9 12 13
236 232 4 1 4 7 10 6 2 5 8 11 14 0 3 9 12 13
237 234 3 1 4 7 10 6 2 5 8 11 14 13 3 9 12 0
236 233 3 1 4 7 10 6 2 5 8 11 14 3 0 9 12 13
238 234 4 1 4 7 10 6 2 5 8 11 14 3 9 0 12 13
238 234 4 1 4 7 10 6 2 0 8 11 14 3 5 9 12 13
232 228 4 1 4 7 10 13 2 5 8 11 14 6 3 9 0 12
232 228 4 1 4 7 10 13 2 5 8 11 0 6 3 9 12 14
228 224 4 1 4 7 10 13 2 8 0 11 14 3 5 9 12 6
231 227 4 0 4 7 10 13 2 5 8 11 14 1 3 9 12 6
230 226 4 1 4 7 10 13 2 5 0 11 14 3 9 8 12 6
232 228 4 1 4 7 10 0 2 5 8 11 14 13 3 9 12 6
228 224 4 1 0 7 10 13 2 4 8 11 14 3 5 9 12 6
230 226 4 1 4 7 10 13 2 5 8 11 14 3 9 12 0 6
230 227 3 1 4 7 10 13 2 5 8 11 14 3 9 12 6 0
230 226 4 1 4 7 10 13 0 5 8 11 14 2 3 9 12 6
228 224 4 1 4 7 10 13 0 2 8 11 14 3 5 9 12 6
232 228 4 1 4 7 10 13 2 0 8 11 14 5 3 9 12 6
233 229 4 1 4 7 10 13 2 3 8 11 14 5 0 9 12 6
234 230 4 1 4 7 10 13 2 3 8 11 14 0 5 9 12 6
235 232 3 1 4 7 10 13 2 3 8 11 14 6 5 9 12 0
240 235 5 1 4 7 10 13 2 3 8 0 14 6 5 9 12 11
240 235 5 0 4 7 10 13 2 3 8 11 14 6 5 9 12 1
243 238 5 3 4 7 10 13 2 0 8 11 14 6 5 9 12 1
243 239 4 3 4 7 10 13 2 5 8 11 14 6 0 9 12 1
243 240 3 3 4 7 10 13 2 5 8 11 14 0 6 9 12 1
244 242 2 0 4 7 10 13 2 5 8 11 14 3 6 9 12 1
245 245 0 1 4 7 10 13 2 5 8 11 14 3 6 9 12 0
