0 0 0 2 9 8 12 4 14 6 5 10 1 7 3 13 11 0
17 3 14 2 9 8 12 4 14 6 5 0 1 7 3 13 11 10
18 4 14 2 9 8 12 4 14 6 5 1 0 7 3 13 11 10
17 5 12 2 9 8 12 4 14 6 5 1 10 7 3 13 11 0
21 8 13 2 9 8 12 4 14 6 5 0 10 7 3 13 11 1
22 9 13 2 9 8 12 4 14 6 0 5 10 7 3 13 11 1
22 10 12 2 9 0 12 4 14 6 8 5 10 7 3 13 11 1
23 11 12 2 9 12 0 4 14 6 8 5 10 7 3 13 11 1
23 12 11 2 9 12 4 0 14 6 8 5 10 7 3 13 11 1
25 15 10 2 9 12 4 5 14 6 8 0 10 7 3 13 11 1
26 16 10 2 9 12 4 5 14 6 8 11 10 7 3 13 0 1
26 17 9 2 9 12 4 5 14 6 8 11 10 7 3 13 1 0
30 20 10 2 9 12 4 5 14 6 8 0 10 7 3 13 1 11
31 21 10 2 9 12 4 5 14 6 8 1 10 7 3 13 0 11
31 22 9 2 9 12 4 5 14 6 8 1 10 7 3 13 11 0
35 25 10 0 9 12 4 5 14 6 8 1 10 7 3 13 11 2
38 28 10 6 9 12 4 5 14 0 8 1 10 7 3 13 11 2
39 29 10 6 9 12 4 5 0 14 8 1 10 7 3 13 11 2
40 30 10 6 9 12 4 5 7 14 8 1 10 0 3 13 11 2
41 32 9 6 9 12 4 5 7 14 8 1 10 2 3 13 11 0
45 35 10 6 9 12 4 5 7 14 8 0 10 2 3 13 11 1
46 36 10 6 9 12 4 5 7 14 8 11 10 2 3 13 0 1
46 37 9 6 9 12 4 5 7 14 8 11 10 2 3 13 1 0
50 40 10 6 9 12 4 5 7 14 8 0 10 2 3 13 1 11
30 20 10 0 9 12 4 5 14 6 8 11 10 7 3 13 1 2
33 23 10 6 9 12 4 5 14 0 8 11 10 7 3 13 1 2
34 24 10 6 9 12 4 5 0 14 8 11 10 7 3 13 1 2
34 24 10 6 9 12 4 5 14 3 8 11 10 7 0 13 1 2
35 25 10 6 9 12 4 5 14 3 8 11 10 0 7 13 1 2
36 27 9 6 9 12 4 5 14 3 8 11 10 2 7 13 1 0
40 30 10 6 9 12 4 5 14 3 8 0 10 2 7 13 1 11
41 31 10 6 9 12 4 5 14 3 8 1 10 2 7 13 0 11
41 32 9 6 9 12 4 5 14 3 8 1 10 2 7 13 11 0
45 35 10 6 9 12 4 5 14 3 8 0 10 2 7 13 11 1
40 30 10 0 9 12 4 5 14 3 8 11 10 2 7 13 1 6
43 33 10 3 9 12 4 5 14 0 8 11 10 2 7 13 1 6
43 34 9 3 9 12 4 5 14 7 8 11 10 2 0 13 1 6
44 35 9 3 9 12 4 5 14 7 8 11 10 0 2 13 1 6
45 37 8 3 9 12 4 5 14 7 8 11 10 6 2 13 1 0
49 40 9 3 9 12 4 5 14 7 8 0 10 6 2 13 1 11
50 41 9 3 9 12 4 5 14 7 8 1 10 6 2 13 0 11
50 42 8 3 9 12 4 5 14 7 8 1 10 6 2 13 11 0
54 45 9 3 9 12 4 5 14 7 8 0 10 6 2 13 11 1
54 45 9 0 9 12 4 5 14 7 8 1 10 6 2 13 11 3
56 47 9 6 9 12 4 5 14 7 8 1 10 0 2 13 11 3
57 49 8 6 9 12 4 5 14 7 8 1 10 3 2 13 11 0
61 52 9 6 9 12 4 5 14 7 8 0 10 3 2 13 11 1
62 53 9 6 9 12 4 5 14 7 8 11 10 3 2 13 0 1
62 54 8 6 9 12 4 5 14 7 8 11 10 3 2 13 1 0
66 57 9 6 9 12 4 5 14 7 8 0 10 3 2 13 1 11
65 56 9 6 9 12 4 5 14 7 8 11 10 0 2 13 1 3
66 57 9 6 9 12 4 5 14 7 8 11 10 2 0 13 1 3
66 57 9 6 9 12 4 5 0 7 8 11 10 14 2 13 1 3
55 46 9 9 0 12 4 5 14 7 8 1 10 6 2 13 11 3
56 47 9 9 12 0 4 5 14 7 8 1 10 6 2 13 11 3
61 52 9 0 9 12 4 5 14 7 8 1 10 3 2 13 11 6
62 53 9 9 0 12 4 5 14 7 8 1 10 3 2 13 11 6
63 54 9 9 12 0 4 5 14 7 8 1 10 3 2 13 11 6
62 53 9 14 9 12 4 5 0 7 8 1 10 3 2 13 11 6
63 54 9 14 9 12 4 5 3 7 8 1 10 0 2 13 11 6
64 56 8 14 9 12 4 5 3 7 8 1 10 6 2 13 11 0
68 59 9 14 9 12 4 5 3 7 8 0 10 6 2 13 11 1
69 60 9 14 9 12 4 5 3 7 8 11 10 6 2 13 0 1
69 61 8 14 9 12 4 5 3 7 8 11 10 6 2 13 1 0
73 64 9 14 9 12 4 5 3 7 8 0 10 6 2 13 1 11
73 64 9 0 9 12 4 5 3 7 8 11 10 6 2 13 1 14
75 66 9 6 9 12 4 5 3 7 8 11 10 0 2 13 1 14
76 68 8 6 9 12 4 5 3 7 8 11 10 14 2 13 1 0
80 71 9 6 9 12 4 5 3 7 8 0 10 14 2 13 1 11
81 72 9 6 9 12 4 5 3 7 8 1 10 14 2 13 0 11
81 73 8 6 9 12 4 5 3 7 8 1 10 14 2 13 11 0
85 76 9 6 9 12 4 5 3 7 8 0 10 14 2 13 11 1
84 75 9 6 9 12 4 5 3 7 8 1 10 0 2 13 11 14
85 76 9 6 9 12 4 5 3 7 8 1 10 2 0 13 11 14
85 76 9 6 9 12 4 5 0 7 8 1 10 3 2 13 11 14
80 71 9 0 9 12 4 5 3 7 8 11 10 14 2 13 1 6
81 72 9 9 0 12 4 5 3 7 8 11 10 14 2 13 1 6
82 73 9 9 12 0 4 5 3 7 8 11 10 14 2 13 1 6
74 65 9 3 9 12 4 5 0 7 8 11 10 6 2 13 1 14
74 66 8 3 9 12 4 5 6 7 8 11 10 0 2 13 1 14
75 68 7 3 9 12 4 5 6 7 8 11 10 14 2 13 1 0
79 71 8 3 9 12 4 5 6 7 8 0 10 14 2 13 1 11
80 72 8 3 9 12 4 5 6 7 8 1 10 14 2 13 0 11
80 73 7 3 9 12 4 5 6 7 8 1 10 14 2 13 11 0
84 76 8 3 9 12 4 5 6 7 8 0 10 14 2 13 11 1
84 76 8 0 9 12 4 5 6 7 8 1 10 14 2 13 11 3
86 78 8 14 9 12 4 5 6 7 8 1 10 0 2 13 11 3
87 80 7 14 9 12 4 5 6 7 8 1 10 3 2 13 11 0
91 83 8 14 9 12 4 5 6 7 8 0 10 3 2 13 11 1
92 84 8 14 9 12 4 5 6 7 8 11 10 3 2 13 0 1
92 85 7 14 9 12 4 5 6 7 8 11 10 3 2 13 1 0
96 88 8 14 9 12 4 5 6 7 8 0 10 3 2 13 1 11
95 87 8 14 9 12 4 5 6 7 8 11 10 0 2 13 1 3
96 88 8 14 9 12 4 5 6 7 8 11 10 2 0 13 1 3
76 68 8 0 9 12 4 5 6 7 8 11 10 3 2 13 1 14
77 69 8 9 0 12 4 5 6 7 8 11 10 3 2 13 1 14
78 70 8 9 12 0 4 5 6 7 8 11 10 3 2 13 1 14
75 67 8 3 9 12 4 5 6 7 8 11 10 2 0 13 1 14
79 71 8 0 9 12 4 5 6 7 8 11 10 14 2 13 1 3
80 72 8 9 0 12 4 5 6 7 8 11 10 14 2 13 1 3
81 73 8 9 12 0 4 5 6 7 8 11 10 14 2 13 1 3
85 77 8 9 0 12 4 5 6 7 8 1 10 14 2 13 11 3
86 78 8 9 12 0 4 5 6 7 8 1 10 14 2 13 11 3
87 79 8 14 9 12 4 5 6 7 8 1 10 2 0 13 11 3
83 75 8 3 9 12 4 5 6 7 8 1 10 0 2 13 11 14
84 76 8 3 9 12 4 5 6 7 8 1 10 2 0 13 11 14
85 77 8 0 9 12 4 5 6 7 8 1 10 3 2 13 11 14
86 78 8 9 0 12 4 5 6 7 8 1 10 3 2 13 11 14
87 79 8 9 12 0 4 5 6 7 8 1 10 3 2 13 11 14
89 81 8 14 9 12 4 5 6 7 8 1 10 3 2 13 0 11
77 69 8 3 9 12 4 5 6 7 8 11 10 14 2 13 0 1
79 70 9 3 9 12 4 5 6 7 8 11 10 14 2 0 13 1
80 71 9 3 9 12 4 5 6 7 8 11 10 14 0 2 13 1
81 72 9 3 9 12 4 5 6 7 8 11 10 0 14 2 13 1
82 74 8 3 9 12 4 5 6 7 8 11 10 1 14 2 13 0
86 77 9 3 9 12 4 5 6 7 8 0 10 1 14 2 13 11
87 78 9 3 9 12 4 5 6 7 8 13 10 1 14 2 0 11
87 79 8 3 9 12 4 5 6 7 8 13 10 1 14 2 11 0
91 82 9 3 9 12 4 5 6 7 8 0 10 1 14 2 11 13
91 82 9 0 9 12 4 5 6 7 8 13 10 1 14 2 11 3
92 84 8 1 9 12 4 5 6 7 8 13 10 0 14 2 11 3
93 86 7 1 9 12 4 5 6 7 8 13 10 3 14 2 11 0
97 89 8 1 9 12 4 5 6 7 8 0 10 3 14 2 11 13
98 90 8 1 9 12 4 5 6 7 8 11 10 3 14 2 0 13
98 91 7 1 9 12 4 5 6 7 8 11 10 3 14 2 13 0
102 94 8 1 9 12 4 5 6 7 8 0 10 3 14 2 13 11
101 93 8 1 9 12 4 5 6 7 8 11 10 0 14 2 13 3
102 94 8 1 9 12 4 5 6 7 8 11 10 14 0 2 13 3
103 95 8 1 9 12 4 5 6 7 8 11 10 14 2 0 13 3
103 96 7 1 9 12 4 5 6 7 8 11 10 14 2 13 0 3
103 97 6 1 9 12 4 5 6 7 8 11 10 14 2 13 3 0
107 100 7 1 9 12 4 5 6 7 8 0 10 14 2 13 3 11
108 101 7 1 9 12 4 5 6 7 8 3 10 14 2 13 0 11
108 102 6 1 9 12 4 5 6 7 8 3 10 14 2 13 11 0
111 104 7 1 9 12 4 5 6 7 8 3 10 0 2 13 11 14
112 105 7 1 9 12 4 5 6 7 8 3 10 2 0 13 11 14
106 99 7 1 9 12 4 5 6 7 8 11 10 0 2 13 3 14
107 100 7 1 9 12 4 5 6 7 8 11 10 2 0 13 3 14
104 97 7 1 9 12 4 5 6 7 8 0 10 14 2 13 11 3
106 98 8 1 9 12 4 5 6 7 8 10 0 14 2 13 11 3
106 99 7 1 9 12 4 5 6 7 8 10 3 14 2 13 11 0
110 102 8 1 9 12 4 5 6 7 8 0 3 14 2 13 11 10
111 103 8 1 9 12 4 5 6 7 8 11 3 14 2 13 0 10
111 104 7 1 9 12 4 5 6 7 8 11 3 14 2 13 10 0
115 107 8 1 9 12 4 5 6 7 8 0 3 14 2 13 10 11
116 108 8 1 9 12 4 5 6 7 8 3 0 14 2 13 10 11
116 109 7 1 9 12 4 5 6 7 8 3 11 14 2 13 10 0
120 112 8 1 9 12 4 5 6 7 8 0 11 14 2 13 10 3
121 113 8 1 9 12 4 5 6 7 8 10 11 14 2 13 0 3
121 114 7 1 9 12 4 5 6 7 8 10 11 14 2 13 3 0
125 117 8 1 9 12 4 5 6 7 8 0 11 14 2 13 3 10
124 116 8 1 9 12 4 5 6 7 8 10 11 0 2 13 3 14
125 117 8 1 9 12 4 5 6 7 8 10 11 2 0 13 3 14
110 102 8 1 9 12 4 5 6 7 8 3 10 14 2 0 13 11
111 103 8 1 9 12 4 5 6 7 8 3 10 14 0 2 13 11
112 104 8 1 9 12 4 5 6 7 8 3 10 0 14 2 13 11
112 106 6 1 9 12 4 5 6 7 8 3 10 11 14 2 13 0
116 109 7 1 9 12 4 5 6 7 8 0 10 11 14 2 13 3
117 110 7 1 9 12 4 5 6 7 8 13 10 11 14 2 0 3
117 111 6 1 9 12 4 5 6 7 8 13 10 11 14 2 3 0
121 114 7 1 9 12 4 5 6 7 8 0 10 11 14 2 3 13
118 111 7 1 9 12 4 5 6 7 8 13 10 11 14 0 2 3
119 112 7 1 9 12 4 5 6 7 8 13 10 11 0 14 2 3
114 107 7 1 9 12 4 5 6 7 8 3 10 11 14 2 0 13
115 108 7 1 9 12 4 5 6 7 8 3 10 11 14 0 2 13
116 109 7 1 9 12 4 5 6 7 8 3 10 11 0 14 2 13
118 110 8 1 9 12 4 5 6 7 8 3 10 0 11 14 2 13
119 112 7 1 9 12 4 5 6 7 8 3 10 13 11 14 2 0
123 115 8 1 9 12 4 5 6 7 8 0 10 13 11 14 2 3
124 116 8 1 9 12 4 5 6 7 8 2 10 13 11 14 0 3
124 117 7 1 9 12 4 5 6 7 8 2 10 13 11 14 3 0
124 117 7 1 9 12 4 5 6 7 8 2 10 13 11 0 14 3
125 118 7 1 9 12 4 5 6 7 8 2 10 13 0 11 14 3
126 119 7 1 9 12 4 5 6 7 8 2 10 0 13 11 14 3
127 121 6 1 9 12 4 5 6 7 8 2 10 3 13 11 14 0
131 124 7 1 9 12 4 5 6 7 8 0 10 3 13 11 14 2
133 125 8 1 9 12 4 5 6 7 8 10 0 3 13 11 14 2
133 126 7 1 9 12 4 5 6 7 8 10 2 3 13 11 14 0
137 129 8 1 9 12 4 5 6 7 8 0 2 3 13 11 14 10
106 98 8 1 9 12 4 5 6 7 0 8 10 14 2 13 11 3
107 99 8 1 9 0 4 5 6 7 12 8 10 14 2 13 11 3
108 100 8 1 0 9 4 5 6 7 12 8 10 14 2 13 11 3
113 105 8 1 9 12 4 5 6 7 8 11 0 14 2 13 10 3
109 101 8 1 9 12 4 5 6 7 8 10 3 0 2 13 11 14
110 102 8 1 9 12 4 5 6 7 8 10 3 2 0 13 11 14
95 87 8 1 9 12 4 5 6 7 8 13 10 3 14 2 0 11
96 88 8 1 9 12 4 5 6 7 8 13 10 3 14 0 2 11
97 89 8 1 9 12 4 5 6 7 8 13 10 3 0 14 2 11
98 90 8 1 9 12 4 5 6 7 8 13 10 0 3 14 2 11
98 92 6 1 9 12 4 5 6 7 8 13 10 11 3 14 2 0
102 95 7 1 9 12 4 5 6 7 8 0 10 11 3 14 2 13
103 96 7 1 9 12 4 5 6 7 8 2 10 11 3 14 0 13
103 97 6 1 9 12 4 5 6 7 8 2 10 11 3 14 13 0
103 97 6 1 9 12 4 5 6 7 8 2 10 11 3 0 14 13
104 98 6 1 9 12 4 5 6 7 8 2 10 11 0 3 14 13
106 99 7 1 9 12 4 5 6 7 8 2 10 0 11 3 14 13
107 101 6 1 9 12 4 5 6 7 8 2 10 13 11 3 14 0
111 104 7 1 9 12 4 5 6 7 8 0 10 13 11 3 14 2
106 99 7 1 9 12 4 5 6 0 8 2 10 11 7 3 14 13
107 100 7 1 0 12 4 5 6 9 8 2 10 11 7 3 14 13
108 101 7 1 12 0 4 5 6 9 8 2 10 11 7 3 14 13
100 93 7 1 9 12 4 5 6 7 8 13 10 11 3 14 0 2
100 94 6 1 9 12 4 5 6 7 8 13 10 11 3 0 14 2
101 95 6 1 9 12 4 5 6 7 8 13 10 11 0 3 14 2
103 96 7 1 9 12 4 5 6 7 8 13 10 0 11 3 14 2
104 98 6 1 9 12 4 5 6 7 8 13 10 2 11 3 14 0
108 101 7 1 9 12 4 5 6 7 8 0 10 2 11 3 14 13
103 96 7 1 9 12 4 5 6 0 8 13 10 11 7 3 14 2
104 97 7 1 0 12 4 5 6 9 8 13 10 11 7 3 14 2
105 98 7 1 12 0 4 5 6 9 8 13 10 11 7 3 14 2
102 95 7 1 9 12 4 5 6 7 0 13 10 11 3 8 14 2
103 96 7 1 9 12 4 5 6 7 13 0 10 11 3 8 14 2
103 96 7 1 9 0 4 5 6 7 12 13 10 11 3 8 14 2
104 97 7 1 0 9 4 5 6 7 12 13 10 11 3 8 14 2
101 94 7 1 9 12 4 5 6 7 8 0 10 11 3 14 13 2
105 98 7 1 9 12 4 5 6 7 0 2 10 11 3 8 14 13
106 99 7 1 9 12 4 5 6 7 2 0 10 11 3 8 14 13
106 99 7 1 9 0 4 5 6 7 12 2 10 11 3 8 14 13
107 100 7 1 0 9 4 5 6 7 12 2 10 11 3 8 14 13
109 101 8 0 1 9 4 5 6 7 12 2 10 11 3 8 14 13
111 104 7 13 1 9 4 5 6 7 12 2 10 11 3 8 14 0
115 107 8 13 1 9 4 5 6 7 12 0 10 11 3 8 14 2
116 108 8 13 1 9 4 5 6 7 0 12 10 11 3 8 14 2
116 109 7 13 1 9 4 5 6 7 8 12 10 11 3 0 14 2
117 110 7 13 1 9 4 5 6 7 8 12 10 11 0 3 14 2
119 111 8 13 1 9 4 5 6 7 8 12 10 0 11 3 14 2
120 113 7 13 1 9 4 5 6 7 8 12 10 2 11 3 14 0
124 116 8 13 1 9 4 5 6 7 8 0 10 2 11 3 14 12
124 116 8 0 1 9 4 5 6 7 8 12 10 2 11 3 14 13
124 117 7 1 0 9 4 5 6 7 8 12 10 2 11 3 14 13
125 118 7 1 9 0 4 5 6 7 8 12 10 2 11 3 14 13
127 119 8 1 9 4 0 5 6 7 8 12 10 2 11 3 14 13
128 120 8 1 9 4 12 5 6 7 8 0 10 2 11 3 14 13
127 119 8 1 9 8 4 5 6 7 0 12 10 2 11 3 14 13
128 120 8 1 9 8 4 5 6 7 12 0 10 2 11 3 14 13
128 120 8 1 9 8 4 5 6 7 3 12 10 2 11 0 14 13
129 121 8 1 9 8 4 5 6 7 3 12 10 2 0 11 14 13
130 122 8 1 9 8 4 5 6 7 3 12 10 0 2 11 14 13
131 124 7 1 9 8 4 5 6 7 3 12 10 13 2 11 14 0
135 127 8 1 9 8 4 5 6 7 3 0 10 13 2 11 14 12
136 128 8 1 9 8 4 5 6 7 0 3 10 13 2 11 14 12
136 129 7 1 9 0 4 5 6 7 8 3 10 13 2 11 14 12
137 130 7 1 0 9 4 5 6 7 8 3 10 13 2 11 14 12
139 131 8 0 1 9 4 5 6 7 8 3 10 13 2 11 14 12
141 134 7 12 1 9 4 5 6 7 8 3 10 13 2 11 14 0
145 137 8 12 1 9 4 5 6 7 8 0 10 13 2 11 14 3
144 136 8 12 1 9 4 5 6 7 8 3 10 0 2 11 14 13
146 138 8 0 1 9 4 5 6 7 8 3 10 12 2 11 14 13
148 141 7 13 1 9 4 5 6 7 8 3 10 12 2 11 14 0
146 139 7 1 0 9 4 5 6 7 8 3 10 12 2 11 14 13
147 140 7 1 9 0 4 5 6 7 8 3 10 12 2 11 14 13
149 141 8 1 9 4 0 5 6 7 8 3 10 12 2 11 14 13
150 142 8 1 9 4 3 5 6 7 8 0 10 12 2 11 14 13
126 118 8 2 1 9 4 5 6 7 8 12 10 0 11 3 14 13
127 120 7 2 1 9 4 5 6 7 8 12 10 13 11 3 14 0
126 119 7 2 1 9 4 5 6 7 8 12 10 11 0 3 14 13
127 120 7 2 1 9 4 5 6 7 8 12 10 11 3 0 14 13
129 121 8 2 1 9 4 5 6 7 8 12 10 11 3 14 0 13
129 122 7 2 1 9 4 5 6 7 8 12 10 11 3 14 13 0
133 125 8 2 1 9 4 5 6 7 8 0 10 11 3 14 13 12
134 126 8 2 1 9 4 5 6 7 8 13 10 11 3 14 0 12
134 127 7 2 1 9 4 5 6 7 8 13 10 11 3 14 12 0
134 127 7 2 1 9 4 5 6 7 8 13 10 11 3 0 14 12
135 128 7 2 1 9 4 5 6 7 8 13 10 11 0 3 14 12
137 129 8 2 1 9 4 5 6 7 8 13 10 0 11 3 14 12
138 131 7 2 1 9 4 5 6 7 8 13 10 12 11 3 14 0
142 134 8 2 1 9 4 5 6 7 8 0 10 12 11 3 14 13
142 134 8 0 1 9 4 5 6 7 8 13 10 12 11 3 14 2
142 135 7 1 0 9 4 5 6 7 8 13 10 12 11 3 14 2
143 136 7 1 9 0 4 5 6 7 8 13 10 12 11 3 14 2
145 137 8 1 9 4 0 5 6 7 8 13 10 12 11 3 14 2
146 138 8 1 9 4 13 5 6 7 8 0 10 12 11 3 14 2
145 137 8 1 9 8 4 5 6 7 0 13 10 12 11 3 14 2
146 138 8 1 9 8 4 5 6 7 13 0 10 12 11 3 14 2
146 138 8 1 9 8 4 5 6 7 3 13 10 12 11 0 14 2
147 139 8 1 9 8 4 5 6 7 3 13 10 12 0 11 14 2
147 140 7 1 9 8 4 5 6 7 3 13 10 0 12 11 14 2
148 142 6 1 9 8 4 5 6 7 3 13 10 2 12 11 14 0
152 145 7 1 9 8 4 5 6 7 3 0 10 2 12 11 14 13
153 146 7 1 9 8 4 5 6 7 0 3 10 2 12 11 14 13
153 147 6 1 9 0 4 5 6 7 8 3 10 2 12 11 14 13
154 148 6 1 0 9 4 5 6 7 8 3 10 2 12 11 14 13
156 149 7 0 1 9 4 5 6 7 8 3 10 2 12 11 14 13
158 152 6 13 1 9 4 5 6 7 8 3 10 2 12 11 14 0
162 155 7 13 1 9 4 5 6 7 8 0 10 2 12 11 14 3
161 154 7 13 1 9 4 5 6 7 8 3 10 0 12 11 14 2
163 156 7 0 1 9 4 5 6 7 8 3 10 13 12 11 14 2
165 159 6 2 1 9 4 5 6 7 8 3 10 13 12 11 14 0
163 157 6 1 0 9 4 5 6 7 8 3 10 13 12 11 14 2
164 158 6 1 9 0 4 5 6 7 8 3 10 13 12 11 14 2
166 159 7 1 9 4 0 5 6 7 8 3 10 13 12 11 14 2
167 160 7 1 9 4 3 5 6 7 8 0 10 13 12 11 14 2
166 159 7 1 9 8 4 5 6 7 0 3 10 13 12 11 14 2
167 160 7 1 9 8 4 5 6 7 3 0 10 13 12 11 14 2
167 160 7 1 9 8 4 5 6 7 11 3 10 13 12 0 14 2
165 158 7 1 7 9 4 5 6 0 8 3 10 13 12 11 14 2
169 162 7 2 1 9 4 5 6 7 8 0 10 13 12 11 14 3
158 151 7 2 1 9 4 5 6 7 8 3 10 0 12 11 14 13
156 149 7 1 7 9 4 5 6 0 8 3 10 2 12 11 14 13
155 148 7 1 9 4 0 5 6 7 8 3 10 2 12 11 14 13
156 149 7 1 9 4 3 5 6 7 8 0 10 2 12 11 14 13
154 147 7 1 9 8 4 5 6 7 11 3 10 2 12 0 14 13
156 148 8 1 9 8 4 5 6 7 11 3 10 2 12 14 0 13
156 149 7 1 9 8 4 5 6 7 11 3 10 2 12 14 13 0
160 152 8 1 9 8 4 5 6 7 11 0 10 2 12 14 13 3
161 153 8 1 9 8 4 5 6 7 0 11 10 2 12 14 13 3
161 154 7 1 9 0 4 5 6 7 8 11 10 2 12 14 13 3
162 155 7 1 0 9 4 5 6 7 8 11 10 2 12 14 13 3
164 156 8 0 1 9 4 5 6 7 8 11 10 2 12 14 13 3
166 159 7 3 1 9 4 5 6 7 8 11 10 2 12 14 13 0
170 162 8 3 1 9 4 5 6 7 8 0 10 2 12 14 13 11
171 163 8 3 1 9 4 5 6 7 8 13 10 2 12 14 0 11
171 164 7 3 1 9 4 5 6 7 8 13 10 2 12 14 11 0
171 164 7 3 1 9 4 5 6 7 8 13 10 2 12 0 14 11
173 165 8 3 1 9 4 5 6 7 8 13 10 2 0 12 14 11
174 166 8 3 1 9 4 5 6 7 8 13 10 0 2 12 14 11
174 168 6 3 1 9 4 5 6 7 8 13 10 11 2 12 14 0
178 171 7 3 1 9 4 5 6 7 8 0 10 11 2 12 14 13
178 171 7 0 1 9 4 5 6 7 8 13 10 11 2 12 14 3
178 172 6 1 0 9 4 5 6 7 8 13 10 11 2 12 14 3
179 173 6 1 9 0 4 5 6 7 8 13 10 11 2 12 14 3
181 174 7 1 9 4 0 5 6 7 8 13 10 11 2 12 14 3
182 175 7 1 9 4 13 5 6 7 8 0 10 11 2 12 14 3
181 174 7 1 9 8 4 5 6 7 0 13 10 11 2 12 14 3
182 175 7 1 9 8 4 5 6 7 13 0 10 11 2 12 14 3
182 175 7 1 9 8 4 5 6 7 12 13 10 11 2 0 14 3
183 176 7 1 9 8 4 5 6 7 12 13 10 11 0 2 14 3
180 173 7 1 7 9 4 5 6 0 8 13 10 11 2 12 14 3
181 174 7 1 7 9 4 5 6 2 8 13 10 11 0 12 14 3
181 175 6 1 7 9 4 5 6 2 8 13 10 11 12 0 14 3
183 176 7 1 7 9 4 5 6 2 8 13 10 11 12 14 0 3
183 177 6 1 7 9 4 5 6 2 8 13 10 11 12 14 3 0
187 180 7 1 7 9 4 5 6 2 8 0 10 11 12 14 3 13
188 181 7 1 7 9 4 5 6 2 8 3 10 11 12 14 0 13
188 182 6 1 7 9 4 5 6 2 8 3 10 11 12 14 13 0
188 182 6 1 7 9 4 5 6 2 8 3 10 11 12 0 14 13
190 183 7 1 7 9 4 5 6 2 8 3 10 11 0 12 14 13
191 184 7 1 7 9 4 5 6 0 8 3 10 11 2 12 14 13
191 185 6 1 0 9 4 5 6 7 8 3 10 11 2 12 14 13
192 186 6 1 9 0 4 5 6 7 8 3 10 11 2 12 14 13
194 187 7 1 9 4 0 5 6 7 8 3 10 11 2 12 14 13
195 188 7 1 9 4 3 5 6 7 8 0 10 11 2 12 14 13
194 187 7 1 9 8 4 5 6 7 0 3 10 11 2 12 14 13
195 188 7 1 9 8 4 5 6 7 3 0 10 11 2 12 14 13
193 186 7 0 1 9 4 5 6 7 8 3 10 11 2 12 14 13
195 189 6 13 1 9 4 5 6 7 8 3 10 11 2 12 14 0
199 192 7 13 1 9 4 5 6 7 8 0 10 11 2 12 14 3
183 176 7 1 7 9 4 5 6 2 0 13 10 11 12 8 14 3
184 177 7 1 7 9 4 5 6 2 13 0 10 11 12 8 14 3
184 177 7 1 7 9 4 5 6 0 2 13 10 11 12 8 14 3
184 178 6 1 0 9 4 5 6 7 2 13 10 11 12 8 14 3
185 179 6 1 9 0 4 5 6 7 2 13 10 11 12 8 14 3
186 180 6 1 9 2 4 5 6 7 0 13 10 11 12 8 14 3
186 181 5 1 9 2 4 5 6 7 8 13 10 11 12 0 14 3
188 182 6 1 9 2 4 5 6 7 8 13 10 11 12 14 0 3
188 183 5 1 9 2 4 5 6 7 8 13 10 11 12 14 3 0
192 186 6 1 9 2 4 5 6 7 8 0 10 11 12 14 3 13
193 187 6 1 9 2 4 5 6 7 8 3 10 11 12 14 0 13
193 188 5 1 9 2 4 5 6 7 8 3 10 11 12 14 13 0
193 188 5 1 9 2 4 5 6 7 8 3 10 11 12 0 14 13
195 189 6 1 9 2 4 5 6 7 8 3 10 11 0 12 14 13
195 189 6 1 9 2 4 5 6 7 0 3 10 11 12 8 14 13
196 190 6 1 9 2 4 5 6 7 3 0 10 11 12 8 14 13
196 190 6 1 9 0 4 5 6 7 2 3 10 11 12 8 14 13
197 191 6 1 0 9 4 5 6 7 2 3 10 11 12 8 14 13
189 183 6 1 9 2 4 5 6 7 8 0 10 11 12 14 13 3
188 182 6 1 9 2 4 5 6 7 8 13 10 11 0 12 14 3
187 181 6 1 9 2 4 5 6 7 13 0 10 11 12 8 14 3
189 182 7 1 9 2 4 5 6 7 13 10 0 11 12 8 14 3
189 183 6 1 9 2 4 5 6 7 13 10 3 11 12 8 14 0
193 186 7 1 9 2 4 5 6 7 13 0 3 11 12 8 14 10
194 187 7 1 9 2 4 5 6 7 13 3 0 11 12 8 14 10
193 188 5 1 9 2 4 5 6 7 13 3 10 11 12 8 14 0
198 191 7 0 9 2 4 5 6 7 13 3 10 11 12 8 14 1
199 192 7 9 0 2 4 5 6 7 13 3 10 11 12 8 14 1
199 193 6 9 2 0 4 5 6 7 13 3 10 11 12 8 14 1
200 194 6 9 2 13 4 5 6 7 0 3 10 11 12 8 14 1
200 195 5 9 2 13 4 5 6 7 8 3 10 11 12 0 14 1
202 196 6 9 2 13 4 5 6 7 8 3 10 11 12 14 0 1
202 197 5 9 2 13 4 5 6 7 8 3 10 11 12 14 1 0
206 200 6 9 2 13 4 5 6 7 8 0 10 11 12 14 1 3
207 201 6 9 2 13 4 5 6 7 8 1 10 11 12 14 0 3
207 202 5 9 2 13 4 5 6 7 8 1 10 11 12 14 3 0
207 202 5 9 2 13 4 5 6 7 8 1 10 11 12 0 14 3
209 203 6 9 2 13 4 5 6 7 8 1 10 11 0 12 14 3
209 203 6 9 2 13 4 5 6 7 0 1 10 11 12 8 14 3
210 204 6 9 2 13 4 5 6 7 1 0 10 11 12 8 14 3
210 204 6 9 2 0 4 5 6 7 13 1 10 11 12 8 14 3
211 205 6 0 2 13 4 5 6 7 8 1 10 11 12 14 3 9
206 200 6 0 2 13 4 5 6 7 8 3 10 11 12 14 1 9
203 197 6 9 2 13 4 5 6 7 8 0 10 11 12 14 3 1
202 196 6 9 2 13 4 5 6 7 8 3 10 11 0 12 14 1
201 195 6 9 2 13 4 5 6 7 3 0 10 11 12 8 14 1
203 196 7 9 2 13 4 5 6 7 3 10 0 11 12 8 14 1
203 197 6 9 2 13 4 5 6 7 3 10 1 11 12 8 14 0
207 200 7 9 2 13 4 5 6 7 3 0 1 11 12 8 14 10
208 201 7 9 2 13 4 5 6 7 3 1 0 11 12 8 14 10
207 202 5 9 2 13 4 5 6 7 3 1 10 11 12 8 14 0
211 205 6 0 2 13 4 5 6 7 3 1 10 11 12 8 14 9
215 208 7 7 2 13 4 5 6 0 3 1 10 11 12 8 14 9
216 209 7 7 2 13 4 5 6 3 0 1 10 11 12 8 14 9
216 210 6 7 2 13 4 5 6 3 8 1 10 11 12 0 14 9
218 211 7 7 2 13 4 5 6 3 8 1 10 11 12 14 0 9
218 212 6 7 2 13 4 5 6 3 8 1 10 11 12 14 9 0
222 215 7 7 2 13 4 5 6 3 8 0 10 11 12 14 9 1
222 216 6 7 2 13 4 5 6 3 8 9 10 11 12 14 0 1
222 217 5 7 2 13 4 5 6 3 8 9 10 11 12 14 1 0
222 217 5 7 2 13 4 5 6 3 8 9 10 11 12 0 14 1
224 218 6 7 2 13 4 5 6 3 8 9 10 11 0 12 14 1
225 219 6 7 2 13 4 5 6 0 8 9 10 11 3 12 14 1
224 218 6 7 2 13 4 5 6 3 0 9 10 11 12 8 14 1
225 219 6 7 2 13 4 5 6 0 3 9 10 11 12 8 14 1
225 219 6 7 2 0 4 5 6 3 13 9 10 11 12 8 14 1
226 220 6 0 2 13 4 5 6 3 8 9 10 11 12 14 1 7
229 223 6 3 2 13 4 5 6 0 8 9 10 11 12 14 1 7
231 224 7 3 2 13 4 5 6 8 0 9 10 11 12 14 1 7
232 225 7 3 2 13 4 5 6 8 14 9 10 11 12 0 1 7
233 226 7 3 2 13 4 5 6 8 14 9 10 11 12 1 0 7
233 227 6 3 2 13 4 5 6 8 14 9 10 11 12 1 7 0
237 230 7 0 2 13 4 5 6 8 14 9 10 11 12 1 7 3
240 233 7 8 2 13 4 5 6 0 14 9 10 11 12 1 7 3
241 234 7 8 2 13 4 5 6 14 0 9 10 11 12 1 7 3
242 235 7 8 2 13 4 5 6 14 1 9 10 11 12 0 7 3
243 236 7 8 2 13 4 5 6 14 1 9 10 11 12 7 0 3
243 237 6 8 2 13 4 5 6 14 1 9 10 11 12 7 3 0
247 240 7 0 2 13 4 5 6 14 1 9 10 11 12 7 3 8
250 243 7 14 2 13 4 5 6 0 1 9 10 11 12 7 3 8
251 244 7 14 2 13 4 5 6 1 0 9 10 11 12 7 3 8
252 245 7 14 2 13 4 5 6 1 7 9 10 11 12 0 3 8
253 246 7 14 2 13 4 5 6 1 7 9 10 11 12 3 0 8
253 247 6 14 2 13 4 5 6 1 7 9 10 11 12 3 8 0
257 250 7 0 2 13 4 5 6 1 7 9 10 11 12 3 8 14
259 253 6 1 2 13 4 5 6 0 7 9 10 11 12 3 8 14
259 254 5 1 2 13 4 5 6 7 0 9 10 11 12 3 8 14
260 255 5 1 2 13 4 5 6 7 3 9 10 11 12 0 8 14
261 256 5 1 2 13 4 5 6 7 3 9 10 11 12 8 0 14
260 257 3 1 2 13 4 5 6 7 3 9 10 11 12 8 14 0
265 260 5 1 2 13 4 5 6 7 3 0 10 11 12 8 14 9
266 261 5 1 2 13 4 5 6 7 0 3 10 11 12 8 14 9
266 262 4 1 2 13 4 5 6 7 8 3 10 11 12 0 14 9
268 263 5 1 2 13 4 5 6 7 8 3 10 11 12 14 0 9
268 264 4 1 2 13 4 5 6 7 8 3 10 11 12 14 9 0
272 267 5 1 2 13 4 5 6 7 8 0 10 11 12 14 9 3
272 268 4 1 2 13 4 5 6 7 8 9 10 11 12 14 0 3
272 269 3 1 2 13 4 5 6 7 8 9 10 11 12 14 3 0
272 269 3 1 2 13 4 5 6 7 8 9 10 11 12 0 14 3
274 270 4 1 2 13 4 5 6 7 8 9 10 11 0 12 14 3
274 270 4 1 2 13 4 5 6 7 0 9 10 11 12 8 14 3
275 271 4 1 2 0 4 5 6 7 13 9 10 11 12 8 14 3
277 272 5 1 2 4 0 5 6 7 13 9 10 11 12 8 14 3
276 271 5 1 2 13 4 0 6 7 8 9 10 11 12 14 3 5
277 272 5 1 0 2 4 5 6 7 13 9 10 11 12 8 14 3
276 271 5 1 2 13 4 5 6 7 9 0 10 11 12 8 14 3
276 271 5 1 2 13 4 5 6 0 7 9 10 11 12 8 14 3
260 255 5 1 2 0 4 5 6 7 13 9 10 11 12 3 8 14
263 258 5 1 2 13 4 5 6 7 3 9 0 11 12 8 14 10
264 259 5 1 2 13 4 0 6 7 3 9 10 11 12 8 14 5
264 259 5 1 2 13 4 5 6 7 3 9 10 0 12 8 14 11
276 271 5 1 2 13 4 5 6 7 8 9 10 0 11 12 14 3
277 273 4 1 2 13 4 5 6 7 8 9 10 3 11 12 14 0
265 260 5 0 2 13 4 5 6 7 3 9 10 11 12 8 14 1
276 271 5 1 2 13 4 5 6 0 8 9 10 11 7 12 14 3
268 263 5 1 2 13 4 5 6 7 8 3 10 11 0 12 14 9
276 271 5 1 2 13 4 5 6 7 8 9 10 0 12 14 3 11
269 264 5 1 2 13 4 5 6 7 8 0 10 11 12 14 3 9
277 272 5 0 2 13 4 5 6 7 8 9 10 11 12 14 3 1
267 262 5 1 2 0 4 5 6 7 13 3 10 11 12 8 14 9
275 270 5 1 2 13 4 5 6 7 8 9 0 11 12 14 3 10
277 271 6 1 2 13 4 5 6 7 8 0 9 11 12 14 3 10
278 272 6 1 2 13 4 5 6 7 8 3 9 11 12 14 0 10
278 273 5 1 2 13 4 5 6 7 8 3 9 11 12 14 10 0
278 273 5 1 2 13 4 5 6 7 8 3 9 11 12 0 14 10
280 274 6 1 2 13 4 5 6 7 8 3 9 11 0 12 14 10
280 274 6 1 2 13 4 5 6 7 0 3 9 11 12 8 14 10
281 275 6 1 2 0 4 5 6 7 13 3 9 11 12 8 14 10
282 276 6 1 2 13 4 5 6 7 8 0 9 11 12 14 10 3
282 277 5 1 2 13 4 5 6 7 8 9 0 11 12 14 10 3
282 278 4 1 2 13 4 5 6 7 8 9 3 11 12 14 10 0
284 279 5 1 2 13 4 5 6 7 8 9 3 11 12 14 0 10
284 280 4 1 2 13 4 5 6 7 8 9 3 11 12 0 14 10
286 281 5 1 2 13 4 5 6 7 8 9 3 11 0 12 14 10
286 281 5 1 2 13 4 5 6 7 0 9 3 11 12 8 14 10
287 282 5 1 2 0 4 5 6 7 13 9 3 11 12 8 14 10
289 283 6 1 2 4 0 5 6 7 13 9 3 11 12 8 14 10
289 283 6 1 0 2 4 5 6 7 13 9 3 11 12 8 14 10
287 281 6 0 2 13 4 5 6 7 8 9 3 11 12 14 10 1
288 282 6 1 2 13 4 5 6 7 9 0 3 11 12 8 14 10
289 283 6 1 2 13 4 5 6 7 9 3 0 11 12 8 14 10
288 284 4 1 2 13 4 5 6 7 9 3 10 11 12 8 14 0
293 287 6 0 2 13 4 5 6 7 9 3 10 11 12 8 14 1
292 286 6 1 2 13 4 0 6 7 9 3 10 11 12 8 14 5
295 289 6 1 2 13 4 3 6 7 9 0 10 11 12 8 14 5
295 290 5 1 2 13 4 3 6 7 0 9 10 11 12 8 14 5
295 291 4 1 2 13 4 3 6 7 8 9 10 11 12 0 14 5
297 292 5 1 2 13 4 3 6 7 8 9 10 11 12 14 0 5
297 293 4 1 2 13 4 3 6 7 8 9 10 11 12 14 5 0
300 295 5 1 2 13 4 0 6 7 8 9 10 11 12 14 5 3
297 292 5 1 2 13 4 3 6 7 8 9 10 11 0 12 14 5
296 291 5 1 2 0 4 3 6 7 13 9 10 11 12 8 14 5
298 292 6 1 2 4 0 3 6 7 13 9 10 11 12 8 14 5
299 293 6 1 2 4 3 0 6 7 13 9 10 11 12 8 14 5
299 295 4 1 2 4 3 5 6 7 13 9 10 11 12 8 14 0
304 298 6 1 2 4 3 5 6 7 13 0 10 11 12 8 14 9
305 299 6 1 2 4 3 5 6 7 0 13 10 11 12 8 14 9
305 300 5 1 2 4 3 5 6 7 8 13 10 11 12 0 14 9
307 301 6 1 2 4 3 5 6 7 8 13 10 11 12 14 0 9
307 302 5 1 2 4 3 5 6 7 8 13 10 11 12 14 9 0
311 305 6 1 2 4 3 5 6 7 8 0 10 11 12 14 9 13
311 306 5 1 2 4 3 5 6 7 8 9 10 11 12 14 0 13
311 307 4 1 2 4 3 5 6 7 8 9 10 11 12 14 13 0
311 307 4 1 2 4 3 5 6 7 8 9 10 11 12 0 14 13
313 308 5 1 2 4 3 5 6 7 8 9 10 11 0 12 14 13
313 308 5 1 2 4 3 5 6 7 0 9 10 11 12 8 14 13
314 309 5 1 2 0 3 5 6 7 4 9 10 11 12 8 14 13
314 310 4 1 2 3 0 5 6 7 4 9 10 11 12 8 14 13
316 311 5 1 2 3 5 0 6 7 4 9 10 11 12 8 14 13
317 313 4 1 2 3 5 13 6 7 4 9 10 11 12 8 14 0
316 311 5 1 2 3 9 5 6 7 4 0 10 11 12 8 14 13
317 312 5 1 2 3 9 5 6 7 0 4 10 11 12 8 14 13
317 313 4 1 2 3 9 5 6 7 8 4 10 11 12 0 14 13
319 314 5 1 2 3 9 5 6 7 8 4 10 11 12 14 0 13
319 315 4 1 2 3 9 5 6 7 8 4 10 11 12 14 13 0
323 318 5 1 2 3 9 5 6 7 8 0 10 11 12 14 13 4
323 319 4 1 2 3 0 5 6 7 8 9 10 11 12 14 13 4
325 320 5 1 2 3 5 0 6 7 8 9 10 11 12 14 13 4
326 322 4 1 2 3 5 4 6 7 8 9 10 11 12 14 13 0
328 323 5 1 2 3 5 4 6 7 8 9 10 11 12 14 0 13
328 324 4 1 2 3 5 4 6 7 8 9 10 11 12 0 14 13
330 325 5 1 2 3 5 4 6 7 8 9 10 11 0 12 14 13
330 325 5 1 2 3 5 4 6 7 0 9 10 11 12 8 14 13
325 320 5 1 2 0 3 5 6 7 8 9 10 11 12 14 13 4
324 319 5 1 2 3 9 5 6 7 8 13 10 11 12 14 0 4
324 320 4 1 2 3 9 5 6 7 8 13 10 11 12 14 4 0
324 320 4 1 2 3 9 5 6 7 8 13 10 11 12 0 14 4
326 321 5 1 2 3 9 5 6 7 8 13 10 11 0 12 14 4
326 321 5 1 2 3 9 5 6 7 0 13 10 11 12 8 14 4
327 322 5 1 2 3 9 5 6 7 13 0 10 11 12 8 14 4
327 323 4 1 2 3 0 5 6 7 13 9 10 11 12 8 14 4
329 324 5 1 2 3 5 0 6 7 13 9 10 11 12 8 14 4
330 326 4 1 2 3 5 4 6 7 13 9 10 11 12 8 14 0
329 324 5 1 2 0 3 5 6 7 13 9 10 11 12 8 14 4
330 325 5 1 2 13 3 5 6 7 0 9 10 11 12 8 14 4
330 326 4 1 2 13 3 5 6 7 8 9 10 11 12 0 14 4
332 327 5 1 2 13 3 5 6 7 8 9 10 11 12 14 0 4
332 328 4 1 2 13 3 5 6 7 8 9 10 11 12 14 4 0
332 327 5 1 2 13 3 5 6 7 8 9 10 11 0 12 14 4
320 315 5 1 2 3 9 5 6 7 8 0 10 11 12 14 4 13
320 316 4 1 2 3 0 5 6 7 8 9 10 11 12 14 4 13
322 317 5 1 2 3 5 0 6 7 8 9 10 11 12 14 4 13
323 319 4 1 2 3 5 13 6 7 8 9 10 11 12 14 4 0
325 320 5 1 2 3 5 13 6 7 8 9 10 11 12 14 0 4
325 321 4 1 2 3 5 13 6 7 8 9 10 11 12 0 14 4
327 322 5 1 2 3 5 13 6 7 8 9 10 11 0 12 14 4
327 322 5 1 2 3 5 13 6 7 0 9 10 11 12 8 14 4
322 317 5 1 2 0 3 5 6 7 8 9 10 11 12 14 4 13
319 314 5 1 2 3 9 5 6 7 8 4 10 11 0 12 14 13
321 315 6 1 2 3 9 5 6 7 8 4 10 0 11 12 14 13
322 317 5 1 2 3 9 5 6 7 8 4 10 13 11 12 14 0
326 320 6 1 2 3 9 5 6 7 8 0 10 13 11 12 14 4
326 321 5 1 2 3 0 5 6 7 8 9 10 13 11 12 14 4
328 322 6 1 2 3 5 0 6 7 8 9 10 13 11 12 14 4
329 324 5 1 2 3 5 4 6 7 8 9 10 13 11 12 14 0
328 322 6 1 2 0 3 5 6 7 8 9 10 13 11 12 14 4
321 315 6 1 2 3 9 5 6 0 8 4 10 11 7 12 14 13
271 265 6 1 2 13 4 5 6 7 0 8 10 11 12 14 3 9
272 266 6 1 2 13 4 5 6 7 14 8 10 11 12 0 3 9
273 267 6 1 2 13 4 5 6 7 14 8 10 11 12 3 0 9
273 268 5 1 2 13 4 5 6 7 14 8 10 11 12 3 9 0
277 271 6 1 2 13 4 5 6 7 14 0 10 11 12 3 9 8
277 272 5 1 2 13 4 5 6 7 14 9 10 11 12 3 0 8
277 273 4 1 2 13 4 5 6 7 14 9 10 11 12 3 8 0
278 273 5 1 2 13 4 5 6 7 14 9 10 11 12 0 3 8
279 274 5 1 2 13 4 5 6 7 0 9 10 11 12 14 3 8
280 275 5 1 2 0 4 5 6 7 13 9 10 11 12 14 3 8
282 276 6 1 2 4 0 5 6 7 13 9 10 11 12 14 3 8
282 276 6 1 0 2 4 5 6 7 13 9 10 11 12 14 3 8
278 272 6 1 2 13 4 5 6 7 0 14 10 11 12 3 9 8
279 273 6 1 2 13 4 5 6 7 3 14 10 11 12 0 9 8
280 274 6 1 2 13 4 5 6 7 3 14 10 11 12 9 0 8
280 275 5 1 2 13 4 5 6 7 3 14 10 11 12 9 8 0
280 275 5 1 2 13 4 5 6 7 3 0 10 11 12 9 14 8
281 276 5 1 2 13 4 5 6 7 0 3 10 11 12 9 14 8
282 277 5 1 2 13 4 5 6 7 9 3 10 11 12 0 14 8
282 277 5 1 2 0 4 5 6 7 13 3 10 11 12 9 14 8
284 278 6 1 2 4 0 5 6 7 13 3 10 11 12 9 14 8
285 279 6 1 2 4 3 5 6 7 13 0 10 11 12 9 14 8
286 280 6 1 2 4 3 5 6 7 0 13 10 11 12 9 14 8
287 281 6 1 2 4 3 5 6 7 9 13 10 11 12 0 14 8
287 281 6 1 2 0 3 5 6 7 4 13 10 11 12 9 14 8
287 282 5 1 2 3 0 5 6 7 4 13 10 11 12 9 14 8
288 283 5 1 2 3 13 5 6 7 4 0 10 11 12 9 14 8
289 284 5 1 2 3 13 5 6 7 0 4 10 11 12 9 14 8
290 285 5 1 2 3 13 5 6 7 9 4 10 11 12 0 14 8
292 286 6 1 2 3 13 5 6 7 9 4 10 11 12 14 0 8
292 287 5 1 2 3 13 5 6 7 9 4 10 11 12 14 8 0
296 290 6 1 2 3 13 5 6 7 9 0 10 11 12 14 8 4
296 291 5 1 2 3 13 5 6 7 0 9 10 11 12 14 8 4
297 292 5 1 2 3 13 5 6 7 14 9 10 11 12 0 8 4
298 293 5 1 2 3 13 5 6 7 14 9 10 11 12 8 0 4
298 294 4 1 2 3 13 5 6 7 14 9 10 11 12 8 4 0
303 297 6 1 2 3 13 5 6 7 14 0 10 11 12 8 4 9
304 298 6 1 2 3 13 5 6 7 0 14 10 11 12 8 4 9
304 299 5 1 2 3 13 5 6 7 8 14 10 11 12 0 4 9
305 300 5 1 2 3 13 5 6 7 8 14 10 11 12 4 0 9
305 301 4 1 2 3 13 5 6 7 8 14 10 11 12 4 9 0
305 301 4 1 2 3 13 5 6 7 8 0 10 11 12 4 14 9
306 302 4 1 2 3 0 5 6 7 8 13 10 11 12 4 14 9
308 303 5 1 2 3 5 0 6 7 8 13 10 11 12 4 14 9
309 305 4 1 2 3 5 9 6 7 8 13 10 11 12 4 14 0
313 308 5 1 2 3 5 9 6 7 8 0 10 11 12 4 14 13
314 309 5 1 2 3 0 9 6 7 8 5 10 11 12 4 14 13
315 310 5 1 2 3 9 0 6 7 8 5 10 11 12 4 14 13
317 313 4 1 2 3 9 5 6 7 8 0 10 11 12 4 14 13
317 314 3 1 2 3 0 5 6 7 8 9 10 11 12 4 14 13
319 315 4 1 2 3 5 0 6 7 8 9 10 11 12 4 14 13
320 317 3 1 2 3 5 13 6 7 8 9 10 11 12 4 14 0
319 315 4 1 2 0 3 5 6 7 8 9 10 11 12 4 14 13
316 312 4 1 2 3 9 13 6 7 8 5 10 11 12 4 14 0
320 315 5 1 2 3 9 13 6 7 8 0 10 11 12 4 14 5
320 316 4 1 2 3 0 13 6 7 8 9 10 11 12 4 14 5
321 317 4 1 2 3 13 0 6 7 8 9 10 11 12 4 14 5
321 319 2 1 2 3 13 5 6 7 8 9 10 11 12 4 14 0
326 322 4 0 2 3 13 5 6 7 8 9 10 11 12 4 14 1
325 321 4 1 2 3 13 5 6 7 8 9 10 0 12 4 14 11
324 320 4 1 2 3 13 5 6 7 8 9 10 11 12 4 0 14
325 321 4 1 2 3 13 5 6 7 8 9 10 11 12 0 4 14
324 320 4 1 2 3 13 5 6 7 8 9 0 11 12 4 14 10
326 321 5 1 2 3 13 5 6 7 8 0 9 11 12 4 14 10
327 322 5 1 2 3 0 5 6 7 8 13 9 11 12 4 14 10
327 322 5 1 2 3 13 5 6 7 8 9 10 12 0 4 14 11
328 323 5 1 2 3 13 5 6 7 8 9 10 12 4 0 14 11
326 321 5 1 2 3 13 0 6 7 8 9 5 11 12 4 14 10
327 323 4 1 2 3 13 10 6 7 8 9 5 11 12 4 14 0
327 322 5 1 2 3 0 13 6 7 8 9 5 11 12 4 14 10
327 322 5 1 2 3 13 5 6 7 8 9 10 11 0 12 4 14
327 322 5 1 2 3 13 5 6 7 0 9 10 11 12 8 4 14
329 324 5 1 2 3 13 5 6 0 8 9 10 7 12 4 14 11
323 318 5 1 2 3 5 13 6 7 8 9 0 11 12 4 14 10
324 319 5 1 2 3 5 0 6 7 8 9 13 11 12 4 14 10
325 321 4 1 2 3 5 10 6 7 8 9 13 11 12 4 14 0
324 320 4 1 2 3 0 5 6 7 8 9 13 11 12 4 14 10
326 321 5 1 2 0 3 5 6 7 8 9 13 11 12 4 14 10
326 321 5 1 2 3 9 5 6 7 8 0 13 11 12 4 14 10
327 322 5 1 2 3 9 5 6 7 8 13 0 11 12 4 14 10
326 323 3 1 2 3 9 5 6 7 8 13 10 11 12 4 14 0
331 326 5 0 2 3 9 5 6 7 8 13 10 11 12 4 14 1
330 325 5 1 2 3 9 0 6 7 8 13 10 11 12 4 14 5
331 326 5 1 2 3 0 9 6 7 8 13 10 11 12 4 14 5
330 325 5 1 2 3 9 5 6 7 8 13 10 0 12 4 14 11
329 324 5 1 2 3 9 5 6 7 8 13 10 11 12 4 0 14
330 325 5 1 2 3 9 5 6 7 8 13 10 11 12 0 4 14
330 325 5 1 2 3 9 5 6 7 8 0 10 11 12 4 13 14
330 326 4 1 2 3 0 5 6 7 8 9 10 11 12 4 13 14
332 327 5 1 2 3 5 0 6 7 8 9 10 11 12 4 13 14
333 329 4 1 2 3 5 14 6 7 8 9 10 11 12 4 13 0
335 330 5 1 2 3 5 14 6 7 8 9 10 11 12 4 0 13
336 331 5 1 2 3 5 14 6 7 8 9 10 11 12 0 4 13
332 327 5 1 2 0 3 5 6 7 8 9 10 11 12 4 13 14
324 319 5 0 2 3 13 1 6 7 8 9 10 11 12 4 14 5
326 322 4 5 2 3 13 1 6 7 8 9 10 11 12 4 14 0
330 325 5 7 2 3 13 5 6 0 8 9 10 11 12 4 14 1
311 306 5 1 2 3 5 13 6 7 8 0 10 11 12 4 14 9
312 307 5 1 2 3 0 13 6 7 8 5 10 11 12 4 14 9
313 308 5 1 2 3 13 0 6 7 8 5 10 11 12 4 14 9
314 310 4 1 2 3 13 9 6 7 8 5 10 11 12 4 14 0
327 322 5 1 2 3 13 5 0 7 8 9 10 6 12 4 14 11
328 323 5 0 2 3 13 5 6 7 8 9 10 1 12 4 14 11
330 326 4 11 2 3 13 5 6 7 8 9 10 1 12 4 14 0
323 318 5 1 2 3 13 10 6 7 8 9 0 11 12 4 14 5
323 318 5 1 2 3 5 13 6 7 8 9 10 11 12 4 0 14
324 319 5 1 2 3 5 13 6 7 8 9 10 11 12 0 4 14
324 319 5 1 2 3 5 13 6 7 8 9 10 0 12 4 14 11
327 322 5 1 2 3 5 0 6 7 8 9 10 13 12 4 14 11
328 324 4 1 2 3 5 11 6 7 8 9 10 13 12 4 14 0
327 323 4 1 2 3 0 5 6 7 8 9 10 13 12 4 14 11
329 324 5 1 2 0 3 5 6 7 8 9 10 13 12 4 14 11
329 324 5 1 2 3 9 5 6 7 8 0 10 13 12 4 14 11
309 304 5 1 2 3 13 5 6 7 8 0 10 11 12 4 9 14
310 305 5 1 2 3 0 5 6 7 8 13 10 11 12 4 9 14
323 318 5 1 2 3 5 11 6 7 8 9 10 0 12 4 14 13
325 320 5 1 2 3 13 11 6 7 8 9 10 0 12 4 14 5
326 322 4 1 2 3 13 11 6 7 8 9 10 5 12 4 14 0
319 314 5 1 2 3 9 5 6 7 0 8 10 11 12 4 14 13
320 315 5 1 2 3 9 5 6 7 4 8 10 11 12 0 14 13
329 324 5 5 2 3 13 0 6 7 8 9 10 11 12 4 14 1
330 325 5 5 2 3 0 13 6 7 8 9 10 11 12 4 14 1
322 317 5 1 2 0 3 13 6 7 8 9 10 11 12 4 14 5
328 323 5 2 0 3 13 5 6 7 8 9 10 11 12 4 14 1
319 314 5 1 2 3 9 5 6 7 8 10 0 11 12 4 14 13
319 315 4 1 2 3 9 5 6 7 8 10 13 11 12 4 14 0
308 303 5 1 2 0 3 5 6 7 8 13 10 11 12 4 14 9
319 314 5 1 2 3 9 5 6 7 8 14 10 11 12 4 0 13
319 315 4 1 2 3 9 5 6 7 8 14 10 11 12 4 13 0
320 315 5 1 2 3 9 5 6 7 8 14 10 11 12 0 4 13
307 302 5 1 2 3 13 5 6 7 8 10 0 11 12 4 14 9
307 303 4 1 2 3 13 5 6 7 8 10 9 11 12 4 14 0
322 317 5 0 2 3 5 1 6 7 8 9 10 11 12 4 14 13
324 320 4 13 2 3 5 1 6 7 8 9 10 11 12 4 14 0
327 322 5 13 2 3 5 0 6 7 8 9 10 11 12 4 14 1
327 323 4 13 2 3 0 5 6 7 8 9 10 11 12 4 14 1
329 324 5 13 2 0 3 5 6 7 8 9 10 11 12 4 14 1
329 324 5 13 2 3 9 5 6 7 8 0 10 11 12 4 14 1
321 316 5 1 2 3 5 10 6 7 8 9 0 11 12 4 14 13
325 320 5 0 2 3 5 13 6 7 8 9 10 11 12 4 14 1
329 324 5 11 2 3 13 5 6 7 8 9 10 0 12 4 14 1
318 313 5 1 2 3 13 9 6 7 8 0 10 11 12 4 14 5
321 316 5 1 0 2 3 5 6 7 8 9 10 11 12 4 14 13
328 323 5 6 2 3 13 5 0 7 8 9 10 11 12 4 14 1
329 324 5 1 2 3 13 0 6 7 8 9 10 5 12 4 14 11
330 325 5 1 2 3 0 13 6 7 8 9 10 5 12 4 14 11
307 302 5 1 2 3 13 5 6 7 0 8 10 11 12 4 14 9
308 303 5 1 2 3 13 5 6 7 4 8 10 11 12 0 14 9
321 316 5 1 2 8 3 5 6 7 0 9 10 11 12 4 14 13
322 317 5 1 2 8 3 5 6 7 4 9 10 11 12 0 14 13
324 318 6 1 2 8 3 5 6 7 4 9 10 11 12 14 0 13
324 319 5 1 2 8 3 5 6 7 4 9 10 11 12 14 13 0
319 313 6 0 2 3 5 1 6 7 4 9 10 11 12 8 14 13
321 316 5 13 2 3 5 1 6 7 4 9 10 11 12 8 14 0
324 318 6 13 2 3 5 0 6 7 4 9 10 11 12 8 14 1
324 319 5 13 2 3 0 5 6 7 4 9 10 11 12 8 14 1
326 320 6 13 2 0 3 5 6 7 4 9 10 11 12 8 14 1
327 321 6 13 2 4 3 5 6 7 0 9 10 11 12 8 14 1
327 322 5 13 2 4 3 5 6 7 8 9 10 11 12 0 14 1
329 323 6 13 2 4 3 5 6 7 8 9 10 11 12 14 0 1
329 324 5 13 2 4 3 5 6 7 8 9 10 11 12 14 1 0
333 327 6 0 2 4 3 5 6 7 8 9 10 11 12 14 1 13
320 314 6 1 2 3 5 11 6 7 4 9 10 0 12 8 14 13
321 316 5 1 2 3 5 11 6 7 4 9 10 13 12 8 14 0
324 318 6 1 2 3 5 0 6 7 4 9 10 13 12 8 14 11
324 319 5 1 2 3 0 5 6 7 4 9 10 13 12 8 14 11
326 320 6 1 2 0 3 5 6 7 4 9 10 13 12 8 14 11
327 321 6 1 2 4 3 5 6 7 0 9 10 13 12 8 14 11
327 322 5 1 2 4 3 5 6 7 8 9 10 13 12 0 14 11
329 323 6 1 2 4 3 5 6 7 8 9 10 13 12 14 0 11
329 324 5 1 2 4 3 5 6 7 8 9 10 13 12 14 11 0
332 326 6 1 2 4 3 5 6 7 8 9 10 0 12 14 11 13
318 312 6 1 2 3 9 5 6 7 4 14 10 11 12 8 0 13
318 313 5 1 2 3 9 5 6 7 4 14 10 11 12 8 13 0
322 316 6 1 2 3 9 5 6 7 4 0 10 11 12 8 13 14
322 317 5 1 2 3 0 5 6 7 4 9 10 11 12 8 13 14
324 318 6 1 2 3 5 0 6 7 4 9 10 11 12 8 13 14
325 320 5 1 2 3 5 14 6 7 4 9 10 11 12 8 13 0
327 321 6 1 2 3 5 14 6 7 4 9 10 11 12 8 0 13
328 322 6 1 2 3 5 14 6 7 4 9 10 11 12 0 8 13
329 323 6 1 2 3 5 14 6 7 0 9 10 11 12 4 8 13
286 280 6 1 2 13 4 5 6 7 8 9 3 0 12 14 10 11
323 317 6 1 2 3 9 5 6 7 8 4 10 0 12 14 13 11
332 326 6 1 2 3 5 4 6 0 8 9 10 11 7 12 14 13
329 323 6 1 2 3 5 9 6 7 8 0 10 11 12 14 13 4
330 324 6 1 2 3 5 9 6 7 8 13 10 11 12 14 0 4
330 325 5 1 2 3 5 9 6 7 8 13 10 11 12 14 4 0
330 325 5 1 2 3 5 9 6 7 8 13 10 11 12 0 14 4
332 326 6 1 2 3 5 9 6 7 8 13 10 11 0 12 14 4
327 321 6 1 2 8 3 5 6 7 0 9 10 11 12 14 13 4
328 322 6 1 2 8 3 5 6 7 14 9 10 11 12 0 13 4
328 323 5 1 2 8 3 5 6 7 14 9 10 11 12 13 0 4
328 324 4 1 2 8 3 5 6 7 14 9 10 11 12 13 4 0
333 327 6 1 2 8 3 5 6 7 14 0 10 11 12 13 4 9
334 328 6 1 2 8 3 5 6 7 0 14 10 11 12 13 4 9
334 329 5 1 2 0 3 5 6 7 8 14 10 11 12 13 4 9
334 330 4 1 2 3 0 5 6 7 8 14 10 11 12 13 4 9
335 331 4 1 2 3 14 5 6 7 8 0 10 11 12 13 4 9
336 332 4 1 2 3 14 5 6 7 8 4 10 11 12 13 0 9
336 333 3 1 2 3 14 5 6 7 8 4 10 11 12 13 9 0
340 336 4 1 2 3 14 5 6 7 8 0 10 11 12 13 9 4
340 337 3 1 2 3 14 5 6 7 8 9 10 11 12 13 0 4
340 338 2 1 2 3 14 5 6 7 8 9 10 11 12 13 4 0
345 341 4 0 2 3 14 5 6 7 8 9 10 11 12 13 4 1
344 340 4 1 2 3 14 0 6 7 8 9 10 11 12 13 4 5
345 341 4 1 2 3 0 14 6 7 8 9 10 11 12 13 4 5
344 340 4 1 2 3 14 5 6 7 8 9 10 0 12 13 4 11
343 339 4 1 2 3 14 5 6 7 8 9 0 11 12 13 4 10
342 338 4 1 2 3 14 5 6 7 8 9 10 11 12 0 13 4
341 337 4 1 2 3 0 5 6 7 8 14 10 11 12 13 9 4
343 338 5 1 2 3 5 0 6 7 8 14 10 11 12 13 9 4
344 340 4 1 2 3 5 4 6 7 8 14 10 11 12 13 9 0
348 343 5 1 2 3 5 4 6 7 8 0 10 11 12 13 9 14
348 344 4 1 2 3 5 4 6 7 8 9 10 11 12 13 0 14
347 345 2 1 2 3 5 4 6 7 8 9 10 11 12 13 14 0
350 347 3 1 2 3 5 0 6 7 8 9 10 11 12 13 14 4
350 348 2 1 2 3 0 5 6 7 8 9 10 11 12 13 14 4
352 349 3 1 2 0 3 5 6 7 8 9 10 11 12 13 14 4
352 349 3 1 2 3 9 5 6 7 8 0 10 11 12 13 14 4
354 350 4 1 2 3 9 5 6 7 8 10 0 11 12 13 14 4
354 351 3 1 2 3 9 5 6 7 8 10 4 11 12 13 14 0
358 354 4 1 2 3 9 5 6 7 8 0 4 11 12 13 14 10
358 355 3 1 2 3 0 5 6 7 8 9 4 11 12 13 14 10
360 356 4 1 2 3 5 0 6 7 8 9 4 11 12 13 14 10
361 358 3 1 2 3 5 10 6 7 8 9 4 11 12 13 14 0
360 356 4 1 2 0 3 5 6 7 8 9 4 11 12 13 14 10
359 355 4 1 2 3 9 5 6 7 8 4 0 11 12 13 14 10
358 356 2 1 2 3 9 5 6 7 8 4 10 11 12 13 14 0
363 359 4 0 2 3 9 5 6 7 8 4 10 11 12 13 14 1
362 358 4 1 2 3 9 0 6 7 8 4 10 11 12 13 14 5
365 361 4 1 2 3 9 4 6 7 8 0 10 11 12 13 14 5
365 362 3 1 2 3 0 4 6 7 8 9 10 11 12 13 14 5
365 363 2 1 2 3 4 0 6 7 8 9 10 11 12 13 14 5
365 365 0 1 2 3 4 5 6 7 8 9 10 11 12 13 14 0
