0 0 0 3 8 9 11 4 5 0 13 6 7 14 1 12 10 2
15 1 14 3 8 9 11 4 0 5 13 6 7 14 1 12 10 2
16 2 14 3 8 9 11 4 14 5 13 6 7 0 1 12 10 2
17 4 13 0 8 9 11 4 14 5 13 6 7 3 1 12 10 2
19 7 12 2 8 9 11 4 14 5 13 6 7 3 1 12 10 0
23 10 13 2 8 9 11 4 14 5 13 0 7 3 1 12 10 6
23 11 12 2 8 9 0 4 14 5 13 11 7 3 1 12 10 6
24 12 12 2 8 9 4 0 14 5 13 11 7 3 1 12 10 6
25 14 11 2 8 9 4 6 14 5 13 11 7 3 1 12 10 0
29 17 12 0 8 9 4 6 14 5 13 11 7 3 1 12 10 2
31 19 12 6 8 9 4 0 14 5 13 11 7 3 1 12 10 2
32 21 11 6 8 9 4 2 14 5 13 11 7 3 1 12 10 0
34 22 12 6 8 9 4 2 14 5 13 11 7 3 1 12 0 10
34 23 11 6 8 9 4 2 14 5 13 11 7 3 1 0 12 10
35 24 11 6 8 9 4 2 14 5 13 11 7 3 0 1 12 10
35 24 11 6 8 9 4 2 14 5 0 11 7 3 1 13 12 10
36 25 11 6 8 0 4 2 14 5 9 11 7 3 1 13 12 10
37 26 11 6 8 4 0 2 14 5 9 11 7 3 1 13 12 10
38 27 11 6 8 4 2 0 14 5 9 11 7 3 1 13 12 10
39 29 10 6 8 4 2 10 14 5 9 11 7 3 1 13 12 0
43 32 11 0 8 4 2 10 14 5 9 11 7 3 1 13 12 6
45 34 11 10 8 4 2 0 14 5 9 11 7 3 1 13 12 6
46 36 10 10 8 4 2 6 14 5 9 11 7 3 1 13 12 0
48 37 11 10 8 4 2 6 14 5 9 11 0 3 1 13 12 7
49 38 11 10 8 4 2 0 14 5 9 11 6 3 1 13 12 7
50 40 10 10 8 4 2 7 14 5 9 11 6 3 1 13 12 0
54 43 11 0 8 4 2 7 14 5 9 11 6 3 1 13 12 10
56 45 11 7 8 4 2 0 14 5 9 11 6 3 1 13 12 10
57 47 10 7 8 4 2 10 14 5 9 11 6 3 1 13 12 0
59 48 11 7 8 4 2 10 14 5 9 11 0 3 1 13 12 6
60 49 11 7 8 4 2 0 14 5 9 11 10 3 1 13 12 6
61 51 10 7 8 4 2 6 14 5 9 11 10 3 1 13 12 0
65 54 11 0 8 4 2 6 14 5 9 11 10 3 1 13 12 7
67 56 11 6 8 4 2 0 14 5 9 11 10 3 1 13 12 7
68 58 10 6 8 4 2 7 14 5 9 11 10 3 1 13 12 0
50 39 11 10 8 4 0 2 14 5 9 11 6 3 1 13 12 7
51 40 11 10 8 0 4 2 14 5 9 11 6 3 1 13 12 7
52 41 11 10 0 8 4 2 14 5 9 11 6 3 1 13 12 7
53 42 11 0 10 8 4 2 14 5 9 11 6 3 1 13 12 7
55 45 10 7 10 8 4 2 14 5 9 11 6 3 1 13 12 0
58 47 11 7 10 8 4 0 14 5 9 11 6 3 1 13 12 2
60 49 11 0 10 8 4 7 14 5 9 11 6 3 1 13 12 2
62 52 10 2 10 8 4 7 14 5 9 11 6 3 1 13 12 0
64 53 11 2 10 8 4 7 14 5 9 11 0 3 1 13 12 6
65 54 11 2 10 8 4 0 14 5 9 11 7 3 1 13 12 6
66 56 10 2 10 8 4 6 14 5 9 11 7 3 1 13 12 0
70 59 11 0 10 8 4 6 14 5 9 11 7 3 1 13 12 2
72 61 11 6 10 8 4 0 14 5 9 11 7 3 1 13 12 2
73 63 10 6 10 8 4 2 14 5 9 11 7 3 1 13 12 0
75 64 11 6 10 8 4 2 14 5 9 11 0 3 1 13 12 7
76 65 11 6 10 8 4 0 14 5 9 11 2 3 1 13 12 7
77 67 10 6 10 8 4 7 14 5 9 11 2 3 1 13 12 0
81 70 11 0 10 8 4 7 14 5 9 11 2 3 1 13 12 6
83 72 11 7 10 8 4 0 14 5 9 11 2 3 1 13 12 6
84 74 10 7 10 8 4 6 14 5 9 11 2 3 1 13 12 0
84 73 11 7 10 8 0 4 14 5 9 11 2 3 1 13 12 6
85 74 11 7 10 0 8 4 14 5 9 11 2 3 1 13 12 6
86 75 11 7 0 10 8 4 14 5 9 11 2 3 1 13 12 6
87 76 11 0 7 10 8 4 14 5 9 11 2 3 1 13 12 6
89 79 10 6 7 10 8 4 14 5 9 11 2 3 1 13 12 0
92 81 11 6 7 10 8 0 14 5 9 11 2 3 1 13 12 4
94 83 11 0 7 10 8 6 14 5 9 11 2 3 1 13 12 4
96 86 10 4 7 10 8 6 14 5 9 11 2 3 1 13 12 0
98 87 11 4 7 10 8 6 14 5 9 11 0 3 1 13 12 2
99 88 11 4 7 10 8 0 14 5 9 11 6 3 1 13 12 2
100 90 10 4 7 10 8 2 14 5 9 11 6 3 1 13 12 0
104 93 11 0 7 10 8 2 14 5 9 11 6 3 1 13 12 4
106 95 11 2 7 10 8 0 14 5 9 11 6 3 1 13 12 4
107 97 10 2 7 10 8 4 14 5 9 11 6 3 1 13 12 0
109 98 11 2 7 10 8 4 14 5 9 11 0 3 1 13 12 6
110 99 11 2 7 10 8 0 14 5 9 11 4 3 1 13 12 6
111 101 10 2 7 10 8 6 14 5 9 11 4 3 1 13 12 0
115 104 11 0 7 10 8 6 14 5 9 11 4 3 1 13 12 2
117 106 11 6 7 10 8 0 14 5 9 11 4 3 1 13 12 2
118 108 10 6 7 10 8 2 14 5 9 11 4 3 1 13 12 0
88 77 11 14 7 10 8 4 0 5 9 11 2 3 1 13 12 6
68 57 11 2 10 8 4 6 14 5 9 11 0 3 1 13 12 7
73 62 11 6 10 8 4 7 14 5 9 11 0 3 1 13 12 2
89 78 11 4 7 10 8 0 14 5 9 11 2 3 1 13 12 6
90 79 11 4 7 10 0 8 14 5 9 11 2 3 1 13 12 6
90 80 10 4 7 0 10 8 14 5 9 11 2 3 1 13 12 6
90 81 9 4 0 7 10 8 14 5 9 11 2 3 1 13 12 6
90 82 8 0 4 7 10 8 14 5 9 11 2 3 1 13 12 6
92 85 7 6 4 7 10 8 14 5 9 11 2 3 1 13 12 0
95 87 8 6 4 7 10 0 14 5 9 11 2 3 1 13 12 8
97 89 8 0 4 7 10 6 14 5 9 11 2 3 1 13 12 8
99 92 7 8 4 7 10 6 14 5 9 11 2 3 1 13 12 0
101 93 8 8 4 7 10 6 14 5 9 11 0 3 1 13 12 2
102 94 8 8 4 7 10 0 14 5 9 11 6 3 1 13 12 2
103 96 7 8 4 7 10 2 14 5 9 11 6 3 1 13 12 0
107 99 8 0 4 7 10 2 14 5 9 11 6 3 1 13 12 8
109 101 8 2 4 7 10 0 14 5 9 11 6 3 1 13 12 8
110 103 7 2 4 7 10 8 14 5 9 11 6 3 1 13 12 0
112 104 8 2 4 7 10 8 14 5 9 11 0 3 1 13 12 6
113 105 8 2 4 7 10 0 14 5 9 11 8 3 1 13 12 6
114 107 7 2 4 7 10 6 14 5 9 11 8 3 1 13 12 0
118 110 8 0 4 7 10 6 14 5 9 11 8 3 1 13 12 2
120 112 8 6 4 7 10 0 14 5 9 11 8 3 1 13 12 2
121 114 7 6 4 7 10 2 14 5 9 11 8 3 1 13 12 0
119 111 8 14 4 7 10 6 0 5 9 11 8 3 1 13 12 2
115 107 8 0 4 7 10 2 14 5 9 11 8 3 1 13 12 6
116 108 8 14 4 7 10 2 0 5 9 11 8 3 1 13 12 6
110 102 8 2 4 7 10 6 14 5 9 11 0 3 1 13 12 8
108 100 8 14 4 7 10 2 0 5 9 11 6 3 1 13 12 8
105 97 8 8 4 7 10 2 14 5 9 11 0 3 1 13 12 6
104 96 8 0 4 7 10 8 14 5 9 11 6 3 1 13 12 2
105 97 8 14 4 7 10 8 0 5 9 11 6 3 1 13 12 2
94 86 8 6 4 7 10 8 14 5 9 11 0 3 1 13 12 2
98 90 8 14 4 7 10 6 0 5 9 11 2 3 1 13 12 8
92 84 8 8 4 7 10 0 14 5 9 11 2 3 1 13 12 6
91 83 8 14 4 7 10 8 0 5 9 11 2 3 1 13 12 6
96 88 8 6 4 7 10 2 14 5 9 11 0 3 1 13 12 8
98 89 9 6 4 7 10 2 14 5 9 0 11 3 1 13 12 8
99 90 9 6 4 7 10 2 14 5 0 9 11 3 1 13 12 8
100 91 9 6 4 7 10 2 14 5 13 9 11 3 1 0 12 8
101 92 9 6 4 7 10 2 14 5 13 9 11 3 0 1 12 8
100 91 9 14 4 7 10 6 3 5 9 11 2 0 1 13 12 8
101 93 8 14 4 7 10 6 3 5 9 11 2 8 1 13 12 0
105 96 9 0 4 7 10 6 3 5 9 11 2 8 1 13 12 14
107 98 9 8 4 7 10 6 3 5 9 11 2 0 1 13 12 14
108 100 8 8 4 7 10 6 3 5 9 11 2 14 1 13 12 0
107 99 8 8 4 7 10 6 0 5 9 11 2 3 1 13 12 14
109 100 9 8 4 7 10 6 5 0 9 11 2 3 1 13 12 14
110 101 9 8 4 7 10 6 5 9 0 11 2 3 1 13 12 14
111 102 9 8 4 7 10 6 5 9 13 11 2 3 1 0 12 14
112 103 9 8 4 7 10 6 5 9 13 11 2 3 0 1 12 14
113 104 9 8 4 7 10 6 5 0 13 11 2 3 9 1 12 14
113 105 8 8 4 7 10 6 0 5 13 11 2 3 9 1 12 14
115 106 9 8 4 7 10 6 3 5 13 11 2 0 9 1 12 14
116 108 8 8 4 7 10 6 3 5 13 11 2 14 9 1 12 0
120 111 9 0 4 7 10 6 3 5 13 11 2 14 9 1 12 8
122 113 9 14 4 7 10 6 3 5 13 11 2 0 9 1 12 8
123 115 8 14 4 7 10 6 3 5 13 11 2 8 9 1 12 0
122 114 8 14 4 7 10 6 0 5 13 11 2 3 9 1 12 8
124 115 9 14 4 7 10 6 5 0 13 11 2 3 9 1 12 8
125 116 9 14 4 7 10 6 5 13 0 11 2 3 9 1 12 8
126 117 9 14 4 7 10 6 5 13 1 11 2 3 9 0 12 8
126 118 8 14 4 7 10 6 5 13 1 11 2 3 0 9 12 8
127 119 8 14 4 7 10 6 5 0 1 11 2 3 13 9 12 8
127 120 7 14 4 7 10 6 0 5 1 11 2 3 13 9 12 8
129 121 8 14 4 7 10 6 3 5 1 11 2 0 13 9 12 8
130 123 7 14 4 7 10 6 3 5 1 11 2 8 13 9 12 0
134 126 8 0 4 7 10 6 3 5 1 11 2 8 13 9 12 14
136 128 8 8 4 7 10 6 3 5 1 11 2 0 13 9 12 14
137 130 7 8 4 7 10 6 3 5 1 11 2 14 13 9 12 0
136 129 7 8 4 7 10 6 0 5 1 11 2 3 13 9 12 14
138 130 8 8 4 7 10 6 5 0 1 11 2 3 13 9 12 14
139 131 8 8 4 7 10 6 5 1 0 11 2 3 13 9 12 14
139 131 8 8 4 7 10 6 5 13 1 11 2 3 0 9 12 14
140 132 8 8 4 7 10 0 3 5 1 11 2 14 13 9 12 6
143 135 8 8 4 7 10 14 3 5 1 11 2 0 13 9 12 6
144 137 7 8 4 7 10 14 3 5 1 11 2 6 13 9 12 0
143 136 7 8 4 7 10 14 0 5 1 11 2 3 13 9 12 6
145 137 8 8 4 7 10 14 5 0 1 11 2 3 13 9 12 6
146 138 8 8 4 7 10 14 5 1 0 11 2 3 13 9 12 6
139 131 8 8 4 7 10 6 3 5 1 11 0 14 13 9 12 2
140 132 8 8 4 7 10 0 3 5 1 11 6 14 13 9 12 2
141 134 7 8 4 7 10 2 3 5 1 11 6 14 13 9 12 0
145 137 8 0 4 7 10 2 3 5 1 11 6 14 13 9 12 8
147 139 8 14 4 7 10 2 3 5 1 11 6 0 13 9 12 8
148 141 7 14 4 7 10 2 3 5 1 11 6 8 13 9 12 0
147 140 7 14 4 7 10 2 0 5 1 11 6 3 13 9 12 8
149 141 8 14 4 7 10 2 5 0 1 11 6 3 13 9 12 8
150 142 8 14 4 7 10 2 5 1 0 11 6 3 13 9 12 8
130 122 8 14 4 7 10 6 3 5 1 11 2 13 0 9 12 8
139 131 8 8 4 7 10 0 3 5 1 11 2 6 13 9 12 14
141 133 8 0 4 7 10 8 3 5 1 11 2 6 13 9 12 14
143 136 7 14 4 7 10 8 3 5 1 11 2 6 13 9 12 0
146 138 8 14 4 7 10 8 3 5 1 11 2 0 13 9 12 6
146 139 7 14 4 7 10 8 0 5 1 11 2 3 13 9 12 6
148 140 8 14 4 7 10 8 5 0 1 11 2 3 13 9 12 6
149 141 8 14 4 7 10 8 5 1 0 11 2 3 13 9 12 6
149 141 8 14 4 7 10 8 5 13 1 11 2 3 0 9 12 6
140 132 8 8 4 7 10 2 3 5 1 11 0 6 13 9 12 14
139 133 6 8 4 7 10 2 3 5 1 11 14 6 13 9 12 0
143 136 7 0 4 7 10 2 3 5 1 11 14 6 13 9 12 8
145 138 7 6 4 7 10 2 3 5 1 11 14 0 13 9 12 8
146 140 6 6 4 7 10 2 3 5 1 11 14 8 13 9 12 0
145 139 6 6 4 7 10 2 0 5 1 11 14 3 13 9 12 8
147 140 7 6 4 7 10 2 5 0 1 11 14 3 13 9 12 8
148 141 7 6 4 7 10 2 5 1 0 11 14 3 13 9 12 8
148 141 7 6 4 7 10 2 5 13 1 11 14 3 0 9 12 8
142 135 7 8 4 7 10 0 3 5 1 11 14 6 13 9 12 2
145 138 7 8 4 7 10 6 3 5 1 11 14 0 13 9 12 2
146 140 6 8 4 7 10 6 3 5 1 11 14 2 13 9 12 0
145 139 6 8 4 7 10 6 0 5 1 11 14 3 13 9 12 2
147 140 7 8 4 7 10 6 5 0 1 11 14 3 13 9 12 2
148 141 7 8 4 7 10 6 5 1 0 11 14 3 13 9 12 2
142 135 7 8 4 7 10 2 3 5 1 11 14 0 13 9 12 6
142 136 6 8 4 7 10 2 0 5 1 11 14 3 13 9 12 6
144 137 7 8 4 7 10 2 5 0 1 11 14 3 13 9 12 6
145 138 7 8 4 7 10 2 5 1 0 11 14 3 13 9 12 6
145 138 7 8 4 7 10 2 5 13 1 11 14 3 0 9 12 6
143 136 7 8 4 7 10 2 3 5 1 11 14 13 0 9 12 6
148 141 7 8 4 7 10 6 5 13 1 11 14 3 0 9 12 2
145 138 7 2 4 7 10 0 3 5 1 11 14 6 13 9 12 8
146 140 6 2 4 7 10 8 3 5 1 11 14 6 13 9 12 0
149 142 7 2 4 7 10 8 3 5 1 11 14 0 13 9 12 6
149 143 6 2 4 7 10 8 0 5 1 11 14 3 13 9 12 6
151 144 7 2 4 7 10 8 5 0 1 11 14 3 13 9 12 6
152 145 7 2 4 7 10 8 5 1 0 11 14 3 13 9 12 6
150 143 7 0 4 7 10 6 3 5 1 11 14 2 13 9 12 8
151 144 7 3 4 7 10 6 0 5 1 11 14 2 13 9 12 8
151 145 6 3 4 7 10 6 2 5 1 11 14 0 13 9 12 8
152 147 5 0 4 7 10 6 2 5 1 11 14 3 13 9 12 8
154 150 4 8 4 7 10 6 2 5 1 11 14 3 13 9 12 0
157 152 5 8 4 7 10 0 2 5 1 11 14 3 13 9 12 6
159 154 5 0 4 7 10 8 2 5 1 11 14 3 13 9 12 6
161 157 4 6 4 7 10 8 2 5 1 11 14 3 13 9 12 0
154 149 5 6 4 7 10 0 2 5 1 11 14 3 13 9 12 8
152 147 5 3 4 7 10 6 2 5 1 11 14 8 13 9 12 0
156 150 6 0 4 7 10 6 2 5 1 11 14 8 13 9 12 3
158 152 6 6 4 7 10 0 2 5 1 11 14 8 13 9 12 3
159 154 5 6 4 7 10 3 2 5 1 11 14 8 13 9 12 0
163 157 6 0 4 7 10 3 2 5 1 11 14 8 13 9 12 6
155 149 6 3 4 7 10 0 2 5 1 11 14 8 13 9 12 6
158 152 6 6 4 7 10 11 2 5 1 0 14 3 13 9 12 8
159 153 6 6 4 7 10 11 2 5 0 1 14 3 13 9 12 8
158 152 6 6 4 7 10 3 2 5 1 11 14 0 13 9 12 8
160 154 6 0 4 7 10 3 2 5 1 11 14 6 13 9 12 8
162 157 5 8 4 7 10 3 2 5 1 11 14 6 13 9 12 0
165 159 6 8 4 7 10 0 2 5 1 11 14 6 13 9 12 3
167 161 6 0 4 7 10 8 2 5 1 11 14 6 13 9 12 3
169 164 5 3 4 7 10 8 2 5 1 11 14 6 13 9 12 0
159 153 6 6 4 7 10 3 2 5 1 11 14 13 0 9 12 8
156 150 6 6 4 7 0 10 2 5 1 11 14 3 13 9 12 8
159 153 6 8 4 7 10 14 2 5 1 11 0 3 13 9 12 6
159 154 5 8 4 7 10 14 2 5 1 11 6 3 13 9 12 0
163 157 6 0 4 7 10 14 2 5 1 11 6 3 13 9 12 8
165 159 6 14 4 7 10 0 2 5 1 11 6 3 13 9 12 8
166 161 5 14 4 7 10 8 2 5 1 11 6 3 13 9 12 0
170 164 6 0 4 7 10 8 2 5 1 11 6 3 13 9 12 14
168 162 6 14 4 7 10 8 2 5 1 11 0 3 13 9 12 6
169 163 6 14 4 7 10 0 2 5 1 11 8 3 13 9 12 6
170 165 5 14 4 7 10 6 2 5 1 11 8 3 13 9 12 0
174 168 6 0 4 7 10 6 2 5 1 11 8 3 13 9 12 14
176 170 6 6 4 7 10 0 2 5 1 11 8 3 13 9 12 14
177 172 5 6 4 7 10 14 2 5 1 11 8 3 13 9 12 0
171 165 6 0 4 7 10 14 2 5 1 11 8 3 13 9 12 6
166 160 6 14 4 7 10 6 2 5 1 11 0 3 13 9 12 8
158 152 6 3 4 7 10 8 2 5 1 11 14 0 13 9 12 6
159 153 6 3 4 7 10 8 2 5 1 11 14 13 0 9 12 6
164 158 6 6 4 7 10 8 2 5 1 11 0 3 13 9 12 14
161 155 6 8 4 7 10 3 2 5 1 11 14 0 13 9 12 6
162 156 6 8 4 7 10 3 2 5 1 11 14 13 0 9 12 6
156 150 6 6 4 7 10 14 2 5 1 11 0 3 13 9 12 8
161 155 6 6 4 7 10 8 2 5 1 11 14 0 13 9 12 3
162 156 6 6 4 7 10 8 2 5 1 11 14 13 0 9 12 3
161 155 6 4 0 7 10 8 2 5 1 11 14 3 13 9 12 6
159 153 6 8 4 7 0 10 2 5 1 11 14 3 13 9 12 6
164 158 6 6 4 7 10 8 2 5 1 11 14 3 13 9 0 12
166 160 6 6 4 7 10 8 2 5 1 0 14 3 13 9 12 11
167 161 6 6 4 7 10 8 2 5 0 1 14 3 13 9 12 11
163 157 6 5 4 7 10 8 2 0 1 11 14 3 13 9 12 6
164 158 6 5 4 7 10 8 2 1 0 11 14 3 13 9 12 6
164 158 6 5 4 7 10 8 2 13 1 11 14 3 0 9 12 6
159 153 6 8 4 7 10 6 2 5 1 0 14 3 13 9 12 11
160 154 6 8 4 7 10 6 2 5 0 1 14 3 13 9 12 11
161 155 6 8 4 7 10 11 2 5 1 0 14 3 13 9 12 6
162 156 6 8 4 7 10 11 2 5 0 1 14 3 13 9 12 6
162 156 6 8 4 7 10 0 2 5 1 11 6 3 13 9 12 14
158 152 6 8 4 7 10 6 2 5 1 11 14 0 13 9 12 3
159 153 6 8 4 7 10 6 2 5 1 11 14 13 0 9 12 3
157 151 6 8 4 7 10 6 2 5 1 11 14 3 13 9 0 12
157 151 6 8 4 7 10 6 2 5 1 11 0 3 13 9 12 14
156 150 6 5 4 7 10 6 2 0 1 11 14 3 13 9 12 8
157 151 6 5 4 7 10 6 2 1 0 11 14 3 13 9 12 8
157 151 6 5 4 7 10 6 2 13 1 11 14 3 0 9 12 8
152 146 6 3 4 7 10 6 2 5 1 11 14 13 0 9 12 8
154 148 6 3 4 7 10 0 2 5 1 11 14 6 13 9 12 8
154 148 6 4 0 7 10 6 2 5 1 11 14 3 13 9 12 8
154 148 6 2 4 7 10 6 0 5 1 11 14 3 13 9 12 8
156 149 7 2 4 7 10 6 5 0 1 11 14 3 13 9 12 8
157 150 7 2 4 7 10 6 5 1 0 11 14 3 13 9 12 8
157 150 7 2 4 7 10 6 5 13 1 11 14 3 0 9 12 8
155 148 7 3 4 7 10 6 2 5 1 11 0 8 13 9 12 14
156 149 7 3 4 7 10 0 2 5 1 11 6 8 13 9 12 14
157 151 6 3 4 7 10 14 2 5 1 11 6 8 13 9 12 0
161 154 7 0 4 7 10 14 2 5 1 11 6 8 13 9 12 3
163 156 7 14 4 7 10 0 2 5 1 11 6 8 13 9 12 3
164 158 6 14 4 7 10 3 2 5 1 11 6 8 13 9 12 0
166 159 7 14 4 7 10 3 2 5 1 11 0 8 13 9 12 6
167 160 7 14 4 7 10 0 2 5 1 11 3 8 13 9 12 6
168 162 6 14 4 7 10 6 2 5 1 11 3 8 13 9 12 0
172 165 7 0 4 7 10 6 2 5 1 11 3 8 13 9 12 14
174 167 7 8 4 7 10 6 2 5 1 11 3 0 13 9 12 14
175 169 6 8 4 7 10 6 2 5 1 11 3 14 13 9 12 0
179 172 7 0 4 7 10 6 2 5 1 11 3 14 13 9 12 8
181 174 7 6 4 7 10 0 2 5 1 11 3 14 13 9 12 8
182 176 6 6 4 7 10 8 2 5 1 11 3 14 13 9 12 0
186 179 7 0 4 7 10 8 2 5 1 11 3 14 13 9 12 6
185 178 7 6 4 7 10 8 2 5 1 11 3 0 13 9 12 14
187 180 7 0 4 7 10 8 2 5 1 11 3 6 13 9 12 14
189 183 6 14 4 7 10 8 2 5 1 11 3 6 13 9 12 0
192 185 7 14 4 7 10 0 2 5 1 11 3 6 13 9 12 8
194 187 7 0 4 7 10 14 2 5 1 11 3 6 13 9 12 8
196 190 6 8 4 7 10 14 2 5 1 11 3 6 13 9 12 0
199 192 7 8 4 7 10 14 2 5 1 11 3 0 13 9 12 6
200 193 7 8 4 7 10 14 2 5 1 11 3 13 0 9 12 6
193 186 7 14 4 7 10 3 2 5 1 11 0 6 13 9 12 8
193 187 6 14 4 7 10 3 2 5 1 11 8 6 13 9 12 0
197 190 7 0 4 7 10 3 2 5 1 11 8 6 13 9 12 14
199 192 7 3 4 7 10 0 2 5 1 11 8 6 13 9 12 14
200 194 6 3 4 7 10 14 2 5 1 11 8 6 13 9 12 0
204 197 7 0 4 7 10 14 2 5 1 11 8 6 13 9 12 3
196 189 7 14 4 7 10 0 2 5 1 11 8 6 13 9 12 3
164 157 7 5 4 7 10 3 2 0 1 11 14 6 13 9 12 8
165 158 7 5 4 7 10 3 2 1 0 11 14 6 13 9 12 8
165 158 7 5 4 7 10 3 2 13 1 11 14 6 0 9 12 8
165 159 6 5 4 7 10 3 2 13 1 11 14 0 6 9 12 8
167 162 5 5 4 7 10 0 2 13 1 11 14 3 6 9 12 8
168 164 4 5 4 7 10 8 2 13 1 11 14 3 6 9 12 0
172 167 5 0 4 7 10 8 2 13 1 11 14 3 6 9 12 5
175 170 5 13 4 7 10 8 2 0 1 11 14 3 6 9 12 5
176 171 5 13 4 7 10 8 2 1 0 11 14 3 6 9 12 5
174 169 5 8 4 7 10 0 2 13 1 11 14 3 6 9 12 5
175 171 4 8 4 7 10 5 2 13 1 11 14 3 6 9 12 0
166 161 5 5 4 7 10 3 2 13 1 11 14 8 6 9 12 0
169 164 5 0 4 7 10 5 2 13 1 11 14 3 6 9 12 8
172 167 5 13 4 7 10 5 2 0 1 11 14 3 6 9 12 8
173 168 5 13 4 7 10 5 2 1 0 11 14 3 6 9 12 8
175 169 6 13 4 7 10 5 2 1 11 0 14 3 6 9 12 8
171 165 6 4 0 7 10 5 2 13 1 11 14 3 6 9 12 8
172 166 6 4 13 7 10 5 2 0 1 11 14 3 6 9 12 8
173 167 6 4 13 7 10 5 2 1 0 11 14 3 6 9 12 8
168 162 6 5 4 7 10 3 2 0 1 11 14 13 6 9 12 8
169 163 6 5 4 7 10 3 2 1 0 11 14 13 6 9 12 8
169 163 6 5 4 7 0 10 2 13 1 11 14 3 6 9 12 8
177 171 6 13 4 7 10 8 2 6 1 11 14 3 0 9 12 5
174 168 6 2 4 7 10 8 0 13 1 11 14 3 6 9 12 5
175 169 6 2 4 7 10 8 13 0 1 11 14 3 6 9 12 5
176 170 6 2 4 7 10 8 13 1 0 11 14 3 6 9 12 5
171 165 6 5 4 7 10 8 2 13 1 11 14 3 6 9 0 12
174 168 6 4 0 7 10 8 2 13 1 11 14 3 6 9 12 5
175 169 6 4 13 7 10 8 2 0 1 11 14 3 6 9 12 5
176 170 6 4 13 7 10 8 2 1 0 11 14 3 6 9 12 5
172 166 6 5 4 7 10 8 2 13 1 11 14 0 6 9 12 3
175 169 6 5 4 7 10 8 2 0 1 11 14 13 6 9 12 3
176 170 6 5 4 7 10 8 2 1 0 11 14 13 6 9 12 3
174 168 6 0 4 7 10 8 2 13 1 11 14 5 6 9 12 3
176 171 5 3 4 7 10 8 2 13 1 11 14 5 6 9 12 0
179 173 6 3 4 7 10 0 2 13 1 11 14 5 6 9 12 8
177 171 6 13 4 7 10 8 2 0 1 11 14 5 6 9 12 3
178 172 6 13 4 7 10 8 2 1 0 11 14 5 6 9 12 3
176 170 6 8 4 7 10 0 2 13 1 11 14 5 6 9 12 3
177 172 5 8 4 7 10 3 2 13 1 11 14 5 6 9 12 0
175 169 6 3 4 7 10 8 2 13 1 11 14 0 6 9 12 5
178 172 6 3 4 7 10 8 2 0 1 11 14 13 6 9 12 5
179 173 6 3 4 7 10 8 2 1 0 11 14 13 6 9 12 5
178 172 6 3 4 7 10 0 2 13 1 11 14 8 6 9 12 5
179 174 5 3 4 7 10 5 2 13 1 11 14 8 6 9 12 0
183 177 6 0 4 7 10 5 2 13 1 11 14 8 6 9 12 3
186 180 6 13 4 7 10 5 2 0 1 11 14 8 6 9 12 3
187 181 6 13 4 7 10 5 2 1 0 11 14 8 6 9 12 3
178 172 6 13 4 7 10 8 2 1 9 11 14 3 6 0 12 5
169 163 6 5 4 7 10 0 2 13 1 11 14 8 6 9 12 3
178 172 6 13 4 0 10 8 2 1 7 11 14 3 6 9 12 5
172 166 6 3 4 7 10 5 2 13 1 11 14 0 6 9 12 8
175 169 6 3 4 7 10 5 2 0 1 11 14 13 6 9 12 8
176 170 6 3 4 7 10 5 2 1 0 11 14 13 6 9 12 8
174 168 6 13 0 7 10 5 2 4 1 11 14 3 6 9 12 8
175 169 6 0 13 7 10 5 2 4 1 11 14 3 6 9 12 8
177 172 5 8 13 7 10 5 2 4 1 11 14 3 6 9 12 0
180 174 6 8 13 7 10 0 2 4 1 11 14 3 6 9 12 5
182 176 6 0 13 7 10 8 2 4 1 11 14 3 6 9 12 5
184 179 5 5 13 7 10 8 2 4 1 11 14 3 6 9 12 0
177 171 6 5 13 7 10 0 2 4 1 11 14 3 6 9 12 8
177 171 6 13 4 7 10 8 0 2 1 11 14 3 6 9 12 5
171 165 6 2 4 7 10 5 0 13 1 11 14 3 6 9 12 8
172 166 6 2 4 7 10 5 13 0 1 11 14 3 6 9 12 8
173 167 6 2 4 7 10 5 13 1 0 11 14 3 6 9 12 8
173 167 6 5 4 7 10 8 2 13 1 0 14 3 6 9 12 11
174 168 6 5 4 7 10 8 2 13 0 1 14 3 6 9 12 11
175 169 6 5 4 7 10 8 2 0 13 1 14 3 6 9 12 11
178 172 6 8 4 7 10 11 2 13 1 0 14 3 6 9 12 5
179 173 6 8 4 7 10 11 2 13 0 1 14 3 6 9 12 5
180 174 6 8 4 7 10 11 2 0 13 1 14 3 6 9 12 5
178 172 6 8 4 7 10 5 2 13 1 11 14 3 6 9 0 12
179 173 6 8 4 7 10 5 2 13 1 11 14 0 6 9 12 3
182 176 6 8 4 7 10 5 2 0 1 11 14 13 6 9 12 3
183 177 6 8 4 7 10 5 2 1 0 11 14 13 6 9 12 3
178 172 6 8 4 7 10 5 2 13 1 11 0 3 6 9 12 14
179 173 6 8 4 7 10 0 2 13 1 11 5 3 6 9 12 14
180 175 5 8 4 7 10 14 2 13 1 11 5 3 6 9 12 0
184 178 6 0 4 7 10 14 2 13 1 11 5 3 6 9 12 8
187 181 6 13 4 7 10 14 2 0 1 11 5 3 6 9 12 8
188 182 6 13 4 7 10 14 2 1 0 11 5 3 6 9 12 8
186 180 6 14 4 7 10 0 2 13 1 11 5 3 6 9 12 8
187 182 5 14 4 7 10 8 2 13 1 11 5 3 6 9 12 0
189 183 6 14 4 7 10 8 2 13 1 11 0 3 6 9 12 5
190 184 6 14 4 7 10 0 2 13 1 11 8 3 6 9 12 5
191 186 5 14 4 7 10 5 2 13 1 11 8 3 6 9 12 0
195 189 6 0 4 7 10 5 2 13 1 11 8 3 6 9 12 14
198 192 6 13 4 7 10 5 2 0 1 11 8 3 6 9 12 14
199 193 6 13 4 7 10 5 2 1 0 11 8 3 6 9 12 14
197 191 6 5 4 7 10 0 2 13 1 11 8 3 6 9 12 14
198 193 5 5 4 7 10 14 2 13 1 11 8 3 6 9 12 0
192 186 6 0 4 7 10 14 2 13 1 11 8 3 6 9 12 5
195 189 6 13 4 7 10 14 2 0 1 11 8 3 6 9 12 5
196 190 6 13 4 7 10 14 2 1 0 11 8 3 6 9 12 5
187 181 6 14 4 7 10 5 2 13 1 11 0 3 6 9 12 8
176 170 6 8 4 7 10 14 2 13 1 11 0 3 6 9 12 5
171 165 6 5 4 7 10 8 2 13 1 11 0 3 6 9 12 14
174 168 6 13 4 7 10 5 0 2 1 11 14 3 6 9 12 8
169 163 6 5 4 7 10 14 2 13 1 11 0 3 6 9 12 8
177 171 6 13 0 7 10 8 2 4 1 11 14 3 6 9 12 5
178 172 6 13 4 7 10 8 2 1 11 0 14 3 6 9 12 5
181 175 6 0 4 7 10 8 2 13 1 11 5 3 6 9 12 14
184 178 6 13 4 7 10 8 2 0 1 11 5 3 6 9 12 14
185 179 6 13 4 7 10 8 2 1 0 11 5 3 6 9 12 14
171 165 6 5 4 7 10 11 2 13 1 0 14 3 6 9 12 8
172 166 6 5 4 7 10 11 2 13 0 1 14 3 6 9 12 8
173 167 6 5 4 7 10 11 2 0 13 1 14 3 6 9 12 8
178 172 6 8 4 7 10 3 2 13 1 11 14 0 6 9 12 5
181 175 6 8 4 7 10 3 2 0 1 11 14 13 6 9 12 5
182 176 6 8 4 7 10 3 2 1 0 11 14 13 6 9 12 5
175 169 6 13 4 7 10 5 2 1 9 11 14 3 6 0 12 8
174 168 6 13 4 7 10 5 2 6 1 11 14 3 0 9 12 8
176 170 6 8 4 7 0 10 2 13 1 11 14 3 6 9 12 5
180 174 6 8 4 7 10 5 2 13 1 0 14 3 6 9 12 11
181 175 6 8 4 7 10 5 2 13 0 1 14 3 6 9 12 11
182 176 6 8 4 7 10 5 2 0 13 1 14 3 6 9 12 11
167 161 6 0 4 7 10 3 2 13 1 11 14 5 6 9 12 8
170 164 6 13 4 7 10 3 2 0 1 11 14 5 6 9 12 8
171 165 6 13 4 7 10 3 2 1 0 11 14 5 6 9 12 8
170 164 6 0 4 7 10 3 2 13 1 11 14 8 6 9 12 5
173 167 6 13 4 7 10 3 2 0 1 11 14 8 6 9 12 5
174 168 6 13 4 7 10 3 2 1 0 11 14 8 6 9 12 5
175 169 6 13 4 0 10 5 2 1 7 11 14 3 6 9 12 8
177 170 7 13 4 10 0 5 2 1 7 11 14 3 6 9 12 8
178 171 7 13 4 10 5 0 2 1 7 11 14 3 6 9 12 8
179 173 6 13 4 10 5 8 2 1 7 11 14 3 6 9 12 0
179 173 6 0 4 10 5 13 2 1 7 11 14 3 6 9 12 8
181 176 5 1 4 10 5 13 2 0 7 11 14 3 6 9 12 8
182 177 5 1 4 10 5 13 2 7 0 11 14 3 6 9 12 8
183 178 5 1 4 0 5 13 2 7 10 11 14 3 6 9 12 8
184 179 5 1 4 5 0 13 2 7 10 11 14 3 6 9 12 8
181 176 5 8 4 10 5 13 2 1 7 11 14 3 6 9 12 0
186 180 6 1 4 5 13 0 2 7 10 11 14 3 6 9 12 8
187 182 5 1 4 5 13 8 2 7 10 11 14 3 6 9 12 0
186 180 6 1 4 5 11 13 2 7 10 0 14 3 6 9 12 8
187 181 6 1 4 5 11 13 2 7 0 10 14 3 6 9 12 8
188 182 6 1 4 5 11 13 2 0 7 10 14 3 6 9 12 8
188 182 6 1 4 0 11 13 2 7 5 10 14 3 6 9 12 8
189 183 6 1 4 11 0 13 2 7 5 10 14 3 6 9 12 8
189 184 5 1 4 11 10 13 2 7 5 0 14 3 6 9 12 8
190 185 5 1 4 11 10 13 2 7 0 5 14 3 6 9 12 8
191 186 5 1 4 11 10 13 2 0 7 5 14 3 6 9 12 8
191 186 5 1 4 0 10 13 2 7 11 5 14 3 6 9 12 8
193 187 6 1 4 10 0 13 2 7 11 5 14 3 6 9 12 8
193 187 6 1 0 4 10 13 2 7 11 5 14 3 6 9 12 8
194 188 6 1 7 4 10 13 2 0 11 5 14 3 6 9 12 8
195 189 6 1 7 4 10 13 2 11 0 5 14 3 6 9 12 8
196 190 6 1 7 4 10 13 2 11 5 0 14 3 6 9 12 8
196 190 6 1 7 0 10 13 2 11 4 5 14 3 6 9 12 8
196 191 5 1 0 7 10 13 2 11 4 5 14 3 6 9 12 8
197 192 5 1 11 7 10 13 2 0 4 5 14 3 6 9 12 8
198 193 5 1 11 7 10 13 2 4 0 5 14 3 6 9 12 8
199 194 5 1 11 7 10 13 2 4 5 0 14 3 6 9 12 8
201 195 6 1 11 7 10 13 2 4 5 14 0 3 6 9 12 8
201 196 5 1 11 7 10 13 2 4 5 14 8 3 6 9 12 0
205 199 6 1 11 7 10 13 2 4 5 0 8 3 6 9 12 14
206 200 6 1 11 7 10 13 2 4 5 8 0 3 6 9 12 14
205 201 4 1 11 7 10 13 2 4 5 8 14 3 6 9 12 0
210 204 6 0 11 7 10 13 2 4 5 8 14 3 6 9 12 1
213 207 6 4 11 7 10 13 2 0 5 8 14 3 6 9 12 1
213 208 5 4 11 7 10 13 2 5 0 8 14 3 6 9 12 1
213 209 4 4 11 7 10 13 2 5 8 0 14 3 6 9 12 1
215 210 5 4 11 7 10 13 2 5 8 14 0 3 6 9 12 1
215 211 4 4 11 7 10 13 2 5 8 14 1 3 6 9 12 0
219 214 5 4 11 7 10 13 2 5 8 0 1 3 6 9 12 14
220 215 5 4 11 7 10 13 2 5 8 1 0 3 6 9 12 14
219 216 3 4 11 7 10 13 2 5 8 1 14 3 6 9 12 0
223 219 4 0 11 7 10 13 2 5 8 1 14 3 6 9 12 4
224 220 4 11 0 7 10 13 2 5 8 1 14 3 6 9 12 4
226 221 5 11 7 0 10 13 2 5 8 1 14 3 6 9 12 4
226 221 5 11 5 7 10 13 2 0 8 1 14 3 6 9 12 4
227 222 5 5 11 7 10 13 2 0 8 1 14 3 6 9 12 4
228 223 5 5 0 7 10 13 2 11 8 1 14 3 6 9 12 4
229 224 5 0 5 7 10 13 2 11 8 1 14 3 6 9 12 4
231 227 4 4 5 7 10 13 2 11 8 1 14 3 6 9 12 0
235 230 5 4 5 7 10 13 2 11 8 0 14 3 6 9 12 1
226 221 5 3 11 7 10 13 2 5 8 1 14 0 6 9 12 4
227 223 4 3 11 7 10 13 2 5 8 1 14 4 6 9 12 0
231 226 5 3 11 7 10 13 2 5 8 0 14 4 6 9 12 1
231 226 5 0 11 7 10 13 2 5 8 1 14 4 6 9 12 3
232 227 5 11 0 7 10 13 2 5 8 1 14 4 6 9 12 3
226 221 5 13 11 7 10 0 2 5 8 1 14 3 6 9 12 4
227 223 4 13 11 7 10 4 2 5 8 1 14 3 6 9 12 0
231 226 5 13 11 7 10 4 2 5 8 0 14 3 6 9 12 1
231 226 5 0 11 7 10 4 2 5 8 1 14 3 6 9 12 13
232 227 5 11 0 7 10 4 2 5 8 1 14 3 6 9 12 13
229 224 5 13 11 7 10 1 2 5 8 0 14 3 6 9 12 4
223 218 5 4 11 7 10 0 2 5 8 1 14 3 6 9 12 13
226 221 5 4 11 7 10 1 2 5 8 0 14 3 6 9 12 13
222 217 5 4 11 7 10 13 2 5 8 1 14 3 6 9 0 12
223 218 5 4 11 7 10 13 2 5 8 0 14 3 6 9 1 12
215 210 5 4 11 7 10 13 2 5 8 12 14 3 6 9 0 1
215 211 4 4 11 7 10 13 2 5 8 12 14 3 6 9 1 0
219 214 5 0 11 7 10 13 2 5 8 12 14 3 6 9 1 4
220 215 5 11 0 7 10 13 2 5 8 12 14 3 6 9 1 4
219 214 5 0 11 7 10 13 2 5 8 14 1 3 6 9 12 4
220 215 5 11 0 7 10 13 2 5 8 14 1 3 6 9 12 4
225 220 5 2 11 7 10 13 0 5 8 1 14 3 6 9 12 4
223 218 5 4 11 7 10 13 2 5 8 1 14 0 6 9 12 3
215 210 5 4 11 7 0 13 2 5 8 10 14 3 6 9 12 1
217 211 6 4 11 7 13 0 2 5 8 10 14 3 6 9 12 1
218 213 5 4 11 7 13 1 2 5 8 10 14 3 6 9 12 0
222 216 6 4 11 7 13 1 2 5 8 0 14 3 6 9 12 10
223 217 6 4 11 7 0 1 2 5 8 13 14 3 6 9 12 10
224 218 6 4 11 7 1 0 2 5 8 13 14 3 6 9 12 10
226 221 5 4 11 7 1 13 2 5 8 0 14 3 6 9 12 10
227 222 5 4 11 7 0 13 2 5 8 1 14 3 6 9 12 10
225 220 5 4 11 7 1 10 2 5 8 13 14 3 6 9 12 0
229 223 6 4 11 7 1 10 2 5 8 0 14 3 6 9 12 13
229 223 6 0 11 7 1 10 2 5 8 13 14 3 6 9 12 4
231 225 6 10 11 7 1 0 2 5 8 13 14 3 6 9 12 4
233 228 5 10 11 7 1 13 2 5 8 0 14 3 6 9 12 4
234 229 5 10 11 7 0 13 2 5 8 1 14 3 6 9 12 4
232 227 5 10 11 7 1 4 2 5 8 13 14 3 6 9 12 0
236 230 6 10 11 7 1 4 2 5 8 0 14 3 6 9 12 13
237 231 6 10 11 7 0 4 2 5 8 1 14 3 6 9 12 13
238 232 6 10 11 7 4 0 2 5 8 1 14 3 6 9 12 13
238 234 4 10 11 7 4 13 2 5 8 1 14 3 6 9 12 0
242 237 5 10 11 7 4 13 2 5 8 0 14 3 6 9 12 1
243 238 5 10 11 7 0 13 2 5 8 4 14 3 6 9 12 1
242 237 5 0 11 7 4 13 2 5 8 1 14 3 6 9 12 10
243 238 5 11 0 7 4 13 2 5 8 1 14 3 6 9 12 10
245 239 6 11 7 0 4 13 2 5 8 1 14 3 6 9 12 10
246 240 6 11 7 4 0 13 2 5 8 1 14 3 6 9 12 10
247 241 6 11 7 4 1 13 2 5 8 0 14 3 6 9 12 10
244 238 6 10 11 7 4 13 2 5 8 14 0 3 6 9 12 1
244 239 5 10 11 7 4 13 2 5 8 14 1 3 6 9 12 0
248 242 6 10 11 7 4 13 2 5 8 0 1 3 6 9 12 14
249 243 6 10 11 7 0 13 2 5 8 4 1 3 6 9 12 14
248 242 6 0 11 7 4 13 2 5 8 14 1 3 6 9 12 10
249 243 6 11 0 7 4 13 2 5 8 14 1 3 6 9 12 10
245 239 6 11 5 7 4 13 2 0 8 1 14 3 6 9 12 10
221 215 6 4 11 7 10 13 2 5 8 12 1 3 6 9 0 14
221 216 5 4 11 7 10 13 2 5 8 12 1 3 6 9 14 0
225 219 6 4 11 7 10 13 2 5 8 0 1 3 6 9 14 12
226 220 6 4 11 7 10 13 2 5 8 1 0 3 6 9 14 12
226 221 5 4 11 7 10 13 2 5 8 1 12 3 6 9 14 0
230 224 6 4 11 7 10 13 2 5 8 0 12 3 6 9 14 1
231 225 6 4 11 7 10 13 2 5 8 14 12 3 6 9 0 1
231 226 5 4 11 7 10 13 2 5 8 14 12 3 6 9 1 0
235 229 6 4 11 7 10 13 2 5 8 0 12 3 6 9 1 14
235 229 6 0 11 7 10 13 2 5 8 14 12 3 6 9 1 4
236 230 6 11 0 7 10 13 2 5 8 14 12 3 6 9 1 4
228 222 6 11 5 7 10 13 2 6 8 1 14 3 0 9 12 4
229 223 6 5 11 7 10 13 2 6 8 1 14 3 0 9 12 4
228 222 6 11 5 7 10 13 0 2 8 1 14 3 6 9 12 4
228 222 6 11 5 7 10 13 2 8 0 1 14 3 6 9 12 4
229 223 6 11 5 7 10 13 2 8 1 0 14 3 6 9 12 4
232 226 6 13 5 7 10 0 2 11 8 1 14 3 6 9 12 4
233 228 5 13 5 7 10 4 2 11 8 1 14 3 6 9 12 0
237 231 6 13 5 7 10 4 2 11 8 0 14 3 6 9 12 1
237 231 6 0 5 7 10 4 2 11 8 1 14 3 6 9 12 13
238 232 6 5 0 7 10 4 2 11 8 1 14 3 6 9 12 13
234 228 6 4 5 7 10 13 2 11 8 1 0 3 6 9 12 14
235 229 6 4 5 7 10 13 2 11 8 0 1 3 6 9 12 14
235 229 6 4 5 7 10 13 2 11 8 1 14 0 6 9 12 3
238 232 6 4 5 7 10 13 2 0 8 1 14 11 6 9 12 3
238 233 5 4 0 7 10 13 2 5 8 1 14 11 6 9 12 3
238 234 4 0 4 7 10 13 2 5 8 1 14 11 6 9 12 3
240 237 3 3 4 7 10 13 2 5 8 1 14 11 6 9 12 0
244 240 4 3 4 7 10 13 2 5 8 0 14 11 6 9 12 1
243 239 4 3 4 7 10 13 2 5 8 1 14 0 6 9 12 11
244 241 3 0 4 7 10 13 2 5 8 1 14 3 6 9 12 11
246 244 2 11 4 7 10 13 2 5 8 1 14 3 6 9 12 0
250 247 3 11 4 7 10 13 2 5 8 0 14 3 6 9 12 1
252 248 4 11 4 7 10 13 2 5 8 14 0 3 6 9 12 1
252 249 3 11 4 7 10 13 2 5 8 14 1 3 6 9 12 0
256 252 4 11 4 7 10 13 2 5 8 0 1 3 6 9 12 14
256 252 4 0 4 7 10 13 2 5 8 14 1 3 6 9 12 11
252 248 4 11 4 7 10 13 2 5 0 8 14 3 6 9 12 1
252 248 4 11 4 7 10 13 2 5 8 12 14 3 6 9 0 1
252 249 3 11 4 7 10 13 2 5 8 12 14 3 6 9 1 0
256 252 4 11 4 7 10 13 2 5 8 0 14 3 6 9 1 12
256 252 4 0 4 7 10 13 2 5 8 12 14 3 6 9 1 11
252 248 4 11 4 7 0 13 2 5 8 10 14 3 6 9 12 1
250 246 4 11 4 7 10 0 2 5 8 1 14 3 6 9 12 13
253 249 4 11 4 7 10 1 2 5 8 0 14 3 6 9 12 13
252 248 4 0 4 7 10 11 2 5 8 1 14 3 6 9 12 13
254 251 3 13 4 7 10 11 2 5 8 1 14 3 6 9 12 0
258 254 4 13 4 7 10 11 2 5 8 0 14 3 6 9 12 1
246 242 4 2 4 7 10 13 0 5 8 1 14 3 6 9 12 11
246 242 4 4 0 7 10 13 2 5 8 1 14 3 6 9 12 11
247 243 4 13 4 7 10 0 2 5 8 1 14 3 6 9 12 11
250 246 4 13 4 7 10 1 2 5 8 0 14 3 6 9 12 11
249 245 4 11 4 7 10 13 2 5 8 1 0 3 6 9 12 14
248 244 4 5 4 7 10 13 2 0 8 1 14 3 6 9 12 11
240 236 4 11 4 7 10 13 2 5 8 1 14 0 6 9 12 3
249 245 4 11 4 7 10 13 2 5 8 1 14 3 6 9 0 12
251 246 5 11 4 7 10 13 2 5 8 1 14 3 6 0 9 12
244 239 5 11 4 7 10 13 2 0 8 1 14 5 6 9 12 3
244 239 5 11 4 7 10 0 2 5 8 1 14 13 6 9 12 3
245 241 4 11 4 7 10 3 2 5 8 1 14 13 6 9 12 0
249 244 5 11 4 7 10 3 2 5 8 0 14 13 6 9 12 1
249 244 5 0 4 7 10 3 2 5 8 1 14 13 6 9 12 11
247 242 5 11 4 7 10 1 2 5 8 0 14 13 6 9 12 3
244 239 5 3 4 7 10 0 2 5 8 1 14 11 6 9 12 13
247 242 5 3 4 7 10 1 2 5 8 0 14 11 6 9 12 13
246 241 5 0 4 7 10 3 2 5 8 1 14 11 6 9 12 13
248 244 4 13 4 7 10 3 2 5 8 1 14 11 6 9 12 0
252 247 5 13 4 7 10 3 2 5 8 0 14 11 6 9 12 1
242 237 5 5 4 7 10 13 2 0 8 1 14 11 6 9 12 3
247 242 5 3 4 7 10 0 2 5 8 1 14 13 6 9 12 11
248 244 4 3 4 7 10 11 2 5 8 1 14 13 6 9 12 0
252 247 5 3 4 7 10 11 2 5 8 0 14 13 6 9 12 1
250 245 5 3 4 7 10 1 2 5 8 0 14 13 6 9 12 11
246 241 5 3 4 7 0 13 2 5 8 10 14 11 6 9 12 1
254 249 5 11 4 7 10 13 2 5 9 8 14 3 6 0 12 1
256 251 5 11 4 7 10 0 2 5 8 14 1 3 6 9 12 13
259 254 5 11 4 7 10 14 2 5 8 0 1 3 6 9 12 13
258 253 5 0 4 7 10 11 2 5 8 14 1 3 6 9 12 13
260 256 4 13 4 7 10 11 2 5 8 14 1 3 6 9 12 0
264 259 5 13 4 7 10 11 2 5 8 0 1 3 6 9 12 14
258 253 5 11 4 7 0 13 2 5 8 10 1 3 6 9 12 14
258 253 5 11 4 7 10 13 2 5 0 8 1 3 6 9 12 14
255 250 5 11 4 7 10 13 2 5 8 12 0 3 6 9 1 14
256 251 5 11 4 7 10 13 2 5 8 0 12 3 6 9 1 14
257 252 5 11 4 7 10 13 2 5 8 1 12 3 6 9 0 14
257 253 4 11 4 7 10 13 2 5 8 1 12 3 6 9 14 0
261 256 5 11 4 7 10 13 2 5 8 0 12 3 6 9 14 1
262 257 5 11 4 7 10 13 2 5 8 12 0 3 6 9 14 1
262 258 4 11 4 7 10 13 2 5 8 12 1 3 6 9 14 0
266 261 5 11 4 7 10 13 2 5 8 0 1 3 6 9 14 12
266 261 5 0 4 7 10 13 2 5 8 12 1 3 6 9 14 11
262 257 5 11 4 7 10 13 2 5 8 14 12 3 6 9 0 1
262 258 4 11 4 7 10 13 2 5 8 14 12 3 6 9 1 0
266 261 5 0 4 7 10 13 2 5 8 14 12 3 6 9 1 11
258 253 5 11 4 7 10 13 2 5 0 8 14 3 6 9 1 12
258 253 5 11 4 7 0 13 2 5 8 10 14 3 6 9 1 12
252 247 5 11 4 7 10 14 2 5 8 1 0 3 6 9 12 13
252 248 4 11 4 7 10 14 2 5 8 1 13 3 6 9 12 0
256 251 5 11 4 7 10 14 2 5 8 0 13 3 6 9 12 1
257 252 5 11 4 7 10 14 2 5 8 13 0 3 6 9 12 1
257 253 4 11 4 7 10 14 2 5 8 13 1 3 6 9 12 0
257 253 4 11 4 7 10 0 2 5 8 13 14 3 6 9 12 1
258 255 3 11 4 7 10 1 2 5 8 13 14 3 6 9 12 0
262 258 4 0 4 7 10 1 2 5 8 13 14 3 6 9 12 11
263 260 3 1 4 7 10 0 2 5 8 13 14 3 6 9 12 11
265 263 2 1 4 7 10 13 2 5 8 0 14 3 6 9 12 11
264 262 2 1 4 7 10 11 2 5 8 13 14 3 6 9 12 0
268 265 3 1 4 7 10 11 2 5 8 0 14 3 6 9 12 13
267 264 3 1 4 7 10 13 2 5 8 14 0 3 6 9 12 11
267 265 2 1 4 7 10 13 2 5 8 14 11 3 6 9 12 0
271 268 3 1 4 7 10 13 2 5 8 0 11 3 6 9 12 14
271 269 2 1 4 7 10 13 2 5 8 11 0 3 6 9 12 14
270 270 0 1 4 7 10 13 2 5 8 11 14 3 6 9 12 0
