0 0 0 2 8 7 13 3 11 0 4 14 9 5 10 12 6 1
15 1 14 2 8 7 13 3 11 4 0 14 9 5 10 12 6 1
16 2 14 2 8 7 13 3 11 4 14 0 9 5 10 12 6 1
17 3 14 2 8 7 13 3 11 4 14 9 0 5 10 12 6 1
17 4 13 2 8 7 13 3 11 4 14 9 1 5 10 12 6 0
21 7 14 2 8 7 13 3 11 4 14 0 1 5 10 12 6 9
22 8 14 2 8 7 13 3 11 4 14 1 0 5 10 12 6 9
22 9 13 2 8 7 13 3 11 4 14 1 9 5 10 12 6 0
26 12 14 0 8 7 13 3 11 4 14 1 9 5 10 12 6 2
29 15 14 4 8 7 13 3 11 0 14 1 9 5 10 12 6 2
30 16 14 4 8 7 13 3 11 14 0 1 9 5 10 12 6 2
31 17 14 4 8 7 13 3 11 14 1 0 9 5 10 12 6 2
32 18 14 4 8 7 13 3 11 14 1 9 0 5 10 12 6 2
32 19 13 4 8 7 13 3 11 14 1 9 2 5 10 12 6 0
36 22 14 4 8 7 13 3 11 14 1 0 2 5 10 12 6 9
37 23 14 4 8 7 13 3 11 14 1 2 0 5 10 12 6 9
37 24 13 4 8 7 13 3 11 14 1 2 9 5 10 12 6 0
41 27 14 0 8 7 13 3 11 14 1 2 9 5 10 12 6 4
44 30 14 14 8 7 13 3 11 0 1 2 9 5 10 12 6 4
45 31 14 14 8 7 13 3 11 1 0 2 9 5 10 12 6 4
46 32 14 14 8 7 13 3 11 1 2 0 9 5 10 12 6 4
47 33 14 14 8 7 13 3 11 1 2 9 0 5 10 12 6 4
47 34 13 14 8 7 13 3 11 1 2 9 4 5 10 12 6 0
51 37 14 14 8 7 13 3 11 1 2 0 4 5 10 12 6 9
52 38 14 14 8 7 13 3 11 1 2 4 0 5 10 12 6 9
52 39 13 14 8 7 13 3 11 1 2 4 9 5 10 12 6 0
56 42 14 0 8 7 13 3 11 1 2 4 9 5 10 12 6 14
58 45 13 1 8 7 13 3 11 0 2 4 9 5 10 12 6 14
59 46 13 1 8 7 13 3 11 2 0 4 9 5 10 12 6 14
60 47 13 1 8 7 13 3 11 2 4 0 9 5 10 12 6 14
61 48 13 1 8 7 13 3 11 2 4 9 0 5 10 12 6 14
60 49 11 1 8 7 13 3 11 2 4 9 14 5 10 12 6 0
64 52 12 1 8 7 13 3 11 2 4 0 14 5 10 12 6 9
65 53 12 1 8 7 13 3 11 2 0 4 14 5 10 12 6 9
66 54 12 1 8 7 13 3 11 0 2 4 14 5 10 12 6 9
67 55 12 1 8 7 13 3 0 11 2 4 14 5 10 12 6 9
68 56 12 1 8 7 13 3 5 11 2 4 14 0 10 12 6 9
70 59 11 1 8 7 13 0 5 11 2 4 14 3 10 12 6 9
71 61 10 1 8 7 13 9 5 11 2 4 14 3 10 12 6 0
70 60 10 1 8 7 0 13 5 11 2 4 14 3 10 12 6 9
71 61 10 1 8 7 4 13 5 11 2 0 14 3 10 12 6 9
72 62 10 1 8 7 4 13 5 11 0 2 14 3 10 12 6 9
73 63 10 1 8 7 4 13 5 0 11 2 14 3 10 12 6 9
73 64 9 1 8 7 4 13 0 5 11 2 14 3 10 12 6 9
75 65 10 1 8 7 4 13 3 5 11 2 14 0 10 12 6 9
76 67 9 1 8 7 4 13 3 5 11 2 14 9 10 12 6 0
80 70 10 1 8 7 4 13 3 5 11 0 14 9 10 12 6 2
80 71 9 1 8 7 4 13 3 5 0 11 14 9 10 12 6 2
81 72 9 1 8 7 4 13 3 5 12 11 14 9 10 0 6 2
82 73 9 1 8 7 4 13 3 5 12 11 14 9 10 6 0 2
82 74 8 1 8 7 4 13 3 5 12 11 14 9 10 6 2 0
85 76 9 1 8 7 4 13 3 5 12 11 14 0 10 6 2 9
85 77 8 1 8 7 4 13 0 5 12 11 14 3 10 6 2 9
87 78 9 1 8 7 4 13 5 0 12 11 14 3 10 6 2 9
88 79 9 1 8 7 4 13 5 12 0 11 14 3 10 6 2 9
89 80 9 1 8 7 4 13 5 12 6 11 14 3 10 0 2 9
90 81 9 1 8 7 4 13 5 12 6 11 14 3 10 2 0 9
90 82 8 1 8 7 4 13 5 12 6 11 14 3 10 2 9 0
90 81 9 1 8 7 4 13 5 12 6 11 14 3 0 10 2 9
91 82 9 1 8 7 4 13 5 0 6 11 14 3 12 10 2 9
91 83 8 1 8 7 4 13 0 5 6 11 14 3 12 10 2 9
93 84 9 1 8 7 4 13 3 5 6 11 14 0 12 10 2 9
94 86 8 1 8 7 4 13 3 5 6 11 14 9 12 10 2 0
96 87 9 1 8 7 4 13 3 5 6 11 14 9 12 10 0 2
97 88 9 1 8 7 4 13 3 5 6 11 14 9 12 0 10 2
98 89 9 1 8 7 4 13 3 5 6 11 14 9 0 12 10 2
99 90 9 1 8 7 4 13 3 5 6 11 14 0 9 12 10 2
100 92 8 1 8 7 4 13 3 5 6 11 14 2 9 12 10 0
99 91 8 1 8 7 4 13 0 5 6 11 14 3 9 12 10 2
101 92 9 1 8 7 4 13 5 0 6 11 14 3 9 12 10 2
102 93 9 1 8 7 4 13 5 6 0 11 14 3 9 12 10 2
103 94 9 1 8 7 4 13 5 6 12 11 14 3 9 0 10 2
103 95 8 1 8 7 4 13 5 6 12 11 14 3 0 9 10 2
103 96 7 1 8 7 4 13 5 0 12 11 14 3 6 9 10 2
103 97 6 1 8 7 4 13 0 5 12 11 14 3 6 9 10 2
105 98 7 1 8 7 4 13 3 5 12 11 14 0 6 9 10 2
106 100 6 1 8 7 4 13 3 5 12 11 14 2 6 9 10 0
108 101 7 1 8 7 4 13 3 5 12 11 14 2 6 9 0 10
104 97 7 1 8 7 4 13 5 12 0 11 14 3 6 9 10 2
104 97 7 1 0 7 4 13 5 8 12 11 14 3 6 9 10 2
106 98 8 1 7 0 4 13 5 8 12 11 14 3 6 9 10 2
107 99 8 1 7 4 0 13 5 8 12 11 14 3 6 9 10 2
107 99 8 1 7 12 4 13 5 8 0 11 14 3 6 9 10 2
107 100 7 1 7 12 4 13 5 0 8 11 14 3 6 9 10 2
107 101 6 1 7 12 4 13 0 5 8 11 14 3 6 9 10 2
109 102 7 1 7 12 4 13 3 5 8 11 14 0 6 9 10 2
110 104 6 1 7 12 4 13 3 5 8 11 14 2 6 9 10 0
112 105 7 1 7 12 4 13 3 5 8 11 14 2 6 9 0 10
108 101 7 1 0 12 4 13 5 7 8 11 14 3 6 9 10 2
109 102 7 1 12 0 4 13 5 7 8 11 14 3 6 9 10 2
110 103 7 1 12 4 0 13 5 7 8 11 14 3 6 9 10 2
112 104 8 1 12 4 13 0 5 7 8 11 14 3 6 9 10 2
113 106 7 1 12 4 13 2 5 7 8 11 14 3 6 9 10 0
115 107 8 1 12 4 13 2 5 7 8 11 14 3 6 9 0 10
109 101 8 1 8 7 4 13 3 0 12 11 14 5 6 9 10 2
110 102 8 1 8 7 4 13 3 12 0 11 14 5 6 9 10 2
106 98 8 1 8 0 4 13 5 12 7 11 14 3 6 9 10 2
107 99 8 1 8 4 0 13 5 12 7 11 14 3 6 9 10 2
110 102 8 1 8 7 4 13 3 5 12 11 14 2 6 0 9 10
111 103 8 1 8 7 4 13 3 5 0 11 14 2 6 12 9 10
106 98 8 1 8 7 4 13 5 12 9 11 14 3 6 0 10 2
107 99 8 1 8 7 4 13 5 12 9 11 14 3 6 10 0 2
107 100 7 1 8 7 4 13 5 12 9 11 14 3 6 10 2 0
107 99 8 1 8 7 4 13 3 5 12 11 14 6 0 9 10 2
106 98 8 0 1 7 4 13 5 8 12 11 14 3 6 9 10 2
108 101 7 2 1 7 4 13 5 8 12 11 14 3 6 9 10 0
110 102 8 2 1 7 4 13 5 8 12 11 14 3 6 9 0 10
110 102 8 1 8 7 4 0 3 5 12 11 14 2 6 9 10 13
113 105 8 1 8 7 4 2 3 5 12 11 14 0 6 9 10 13
114 107 7 1 8 7 4 2 3 5 12 11 14 13 6 9 10 0
113 106 7 1 8 7 4 2 0 5 12 11 14 3 6 9 10 13
115 107 8 1 8 7 4 2 5 0 12 11 14 3 6 9 10 13
116 108 8 1 8 7 4 2 5 12 0 11 14 3 6 9 10 13
116 108 8 1 0 7 4 2 5 8 12 11 14 3 6 9 10 13
115 107 8 1 7 12 4 13 3 5 8 0 14 2 6 9 10 11
116 108 8 1 7 12 4 13 3 5 8 10 14 2 6 9 0 11
116 109 7 1 7 12 4 13 3 5 8 10 14 2 6 9 11 0
119 111 8 1 7 12 4 13 3 5 8 10 14 0 6 9 11 2
119 112 7 1 7 12 4 13 0 5 8 10 14 3 6 9 11 2
121 113 8 1 7 12 4 13 5 0 8 10 14 3 6 9 11 2
122 114 8 1 0 12 4 13 5 7 8 10 14 3 6 9 11 2
123 115 8 1 12 0 4 13 5 7 8 10 14 3 6 9 11 2
124 116 8 1 12 4 0 13 5 7 8 10 14 3 6 9 11 2
124 117 7 1 12 4 10 13 5 7 8 0 14 3 6 9 11 2
124 118 6 1 12 4 10 13 5 7 8 11 14 3 6 9 0 2
124 119 5 1 12 4 10 13 5 7 8 11 14 3 6 9 2 0
129 122 7 1 12 4 10 13 5 7 8 0 14 3 6 9 2 11
130 123 7 1 12 4 10 13 5 7 8 2 14 3 6 9 0 11
130 124 6 1 12 4 10 13 5 7 8 2 14 3 6 9 11 0
129 122 7 0 12 4 10 13 5 7 8 11 14 3 6 9 2 1
132 125 7 7 12 4 10 13 5 0 8 11 14 3 6 9 2 1
132 126 6 7 12 4 10 13 0 5 8 11 14 3 6 9 2 1
134 127 7 7 12 4 10 13 3 5 8 11 14 0 6 9 2 1
135 129 6 7 12 4 10 13 3 5 8 11 14 1 6 9 2 0
139 132 7 0 12 4 10 13 3 5 8 11 14 1 6 9 2 7
140 134 6 1 12 4 10 13 3 5 8 11 14 0 6 9 2 7
141 136 5 1 12 4 10 13 3 5 8 11 14 7 6 9 2 0
140 135 5 1 12 4 10 13 0 5 8 11 14 3 6 9 2 7
142 136 6 1 12 4 10 13 5 0 8 11 14 3 6 9 2 7
143 137 6 1 0 4 10 13 5 12 8 11 14 3 6 9 2 7
143 138 5 1 4 0 10 13 5 12 8 11 14 3 6 9 2 7
145 139 6 1 4 10 0 13 5 12 8 11 14 3 6 9 2 7
145 139 6 1 4 8 10 13 5 12 0 11 14 3 6 9 2 7
146 140 6 1 4 8 10 13 5 0 12 11 14 3 6 9 2 7
146 141 5 1 4 8 10 13 0 5 12 11 14 3 6 9 2 7
148 142 6 1 4 8 10 13 3 5 12 11 14 0 6 9 2 7
149 144 5 1 4 8 10 13 3 5 12 11 14 7 6 9 2 0
151 145 6 1 4 8 10 13 3 5 12 11 14 7 6 9 0 2
143 137 6 1 12 4 10 13 3 5 8 11 14 7 6 9 0 2
145 138 7 1 12 4 10 13 3 5 8 11 14 7 6 0 9 2
153 146 7 1 4 8 10 0 3 5 12 11 14 7 6 9 2 13
156 149 7 1 4 8 10 7 3 5 12 11 14 0 6 9 2 13
157 151 6 1 4 8 10 7 3 5 12 11 14 13 6 9 2 0
156 150 6 1 4 8 10 7 0 5 12 11 14 3 6 9 2 13
158 151 7 1 4 8 10 7 5 0 12 11 14 3 6 9 2 13
159 152 7 1 4 8 10 7 5 12 0 11 14 3 6 9 2 13
159 153 6 1 4 0 10 7 5 12 8 11 14 3 6 9 2 13
161 154 7 1 4 10 0 7 5 12 8 11 14 3 6 9 2 13
162 155 7 1 4 10 7 0 5 12 8 11 14 3 6 9 2 13
162 157 5 1 4 10 7 13 5 12 8 11 14 3 6 9 2 0
164 158 6 1 4 10 7 13 5 12 8 11 14 3 6 9 0 2
166 159 7 1 4 10 7 13 5 12 8 11 14 3 6 0 9 2
166 159 7 1 4 10 7 13 5 12 8 0 14 3 6 9 11 2
167 160 7 1 4 10 0 13 5 12 8 7 14 3 6 9 11 2
167 161 6 1 4 0 10 13 5 12 8 7 14 3 6 9 11 2
169 162 7 1 0 4 10 13 5 12 8 7 14 3 6 9 11 2
170 163 7 1 12 4 10 13 5 0 8 7 14 3 6 9 11 2
170 164 6 1 12 4 10 13 0 5 8 7 14 3 6 9 11 2
172 165 7 1 12 4 10 13 3 5 8 7 14 0 6 9 11 2
173 167 6 1 12 4 10 13 3 5 8 7 14 2 6 9 11 0
177 170 7 1 12 4 10 13 3 5 8 0 14 2 6 9 11 7
177 171 6 1 12 4 10 13 3 5 8 11 14 2 6 9 0 7
177 172 5 1 12 4 10 13 3 5 8 11 14 2 6 9 7 0
180 174 6 1 12 4 10 13 3 5 8 11 14 0 6 9 7 2
180 175 5 1 12 4 10 13 0 5 8 11 14 3 6 9 7 2
182 176 6 1 12 4 10 13 5 0 8 11 14 3 6 9 7 2
183 177 6 1 0 4 10 13 5 12 8 11 14 3 6 9 7 2
183 178 5 1 4 0 10 13 5 12 8 11 14 3 6 9 7 2
185 179 6 1 4 10 0 13 5 12 8 11 14 3 6 9 7 2
185 179 6 1 4 8 10 13 5 12 0 11 14 3 6 9 7 2
186 180 6 1 4 8 10 13 5 0 12 11 14 3 6 9 7 2
186 181 5 1 4 8 10 13 0 5 12 11 14 3 6 9 7 2
188 182 6 1 4 8 10 13 3 5 12 11 14 0 6 9 7 2
189 184 5 1 4 8 10 13 3 5 12 11 14 2 6 9 7 0
191 185 6 1 4 8 10 13 3 5 12 11 14 2 6 9 0 7
193 186 7 1 4 8 10 13 3 5 12 11 14 2 6 0 9 7
194 187 7 1 4 8 10 13 3 5 0 11 14 2 6 12 9 7
194 188 6 1 4 0 10 13 3 5 8 11 14 2 6 12 9 7
196 189 7 1 4 10 0 13 3 5 8 11 14 2 6 12 9 7
154 147 7 1 4 8 10 13 3 5 12 0 14 7 6 9 2 11
155 148 7 1 4 8 10 13 3 5 0 12 14 7 6 9 2 11
155 149 6 1 4 0 10 13 3 5 8 12 14 7 6 9 2 11
157 150 7 1 4 10 0 13 3 5 8 12 14 7 6 9 2 11
158 151 7 1 4 10 12 13 3 5 8 0 14 7 6 9 2 11
159 152 7 1 4 10 12 13 3 5 8 2 14 7 6 9 0 11
159 153 6 1 4 10 12 13 3 5 8 2 14 7 6 9 11 0
163 156 7 1 4 10 12 13 3 5 8 0 14 7 6 9 11 2
163 157 6 1 4 10 12 13 3 5 8 11 14 7 6 9 0 2
163 158 5 1 4 10 12 13 3 5 8 11 14 7 6 9 2 0
166 160 6 1 4 10 12 13 3 5 8 11 14 0 6 9 2 7
166 161 5 1 4 10 12 13 0 5 8 11 14 3 6 9 2 7
168 162 6 1 4 10 12 13 5 0 8 11 14 3 6 9 2 7
170 163 7 1 4 10 12 13 5 8 0 11 14 3 6 9 2 7
171 164 7 1 4 0 12 13 5 8 10 11 14 3 6 9 2 7
172 165 7 1 4 12 0 13 5 8 10 11 14 3 6 9 2 7
142 135 7 1 12 4 10 13 3 5 8 11 14 6 0 9 2 7
140 133 7 3 12 4 10 13 0 5 8 11 14 1 6 9 2 7
141 134 7 3 12 4 10 13 1 5 8 11 14 0 6 9 2 7
142 136 6 0 12 4 10 13 1 5 8 11 14 3 6 9 2 7
144 139 5 7 12 4 10 13 1 5 8 11 14 3 6 9 2 0
146 140 6 7 12 4 10 13 1 5 8 11 14 3 6 9 0 2
143 137 6 12 0 4 10 13 1 5 8 11 14 3 6 9 2 7
143 138 5 12 4 0 10 13 1 5 8 11 14 3 6 9 2 7
145 139 6 12 4 10 0 13 1 5 8 11 14 3 6 9 2 7
145 139 6 12 4 8 10 13 1 5 0 11 14 3 6 9 2 7
142 136 6 3 12 4 10 13 1 5 8 11 14 7 6 9 2 0
146 139 7 0 12 4 10 13 1 5 8 11 14 7 6 9 2 3
146 140 6 1 12 4 10 13 0 5 8 11 14 7 6 9 2 3
147 141 6 1 12 4 10 13 7 5 8 11 14 0 6 9 2 3
147 143 4 1 12 4 10 13 7 5 8 11 14 3 6 9 2 0
149 144 5 1 12 4 10 13 7 5 8 11 14 3 6 9 0 2
151 145 6 1 12 4 10 13 7 5 8 11 14 3 6 0 9 2
151 145 6 1 12 4 10 13 7 5 8 0 14 3 6 9 11 2
152 146 6 1 12 4 10 13 7 5 8 0 14 3 6 9 2 11
153 147 6 1 12 4 10 13 7 5 8 2 14 3 6 9 0 11
153 148 5 1 12 4 10 13 7 5 8 2 14 3 6 9 11 0
152 146 6 0 12 4 10 13 7 5 8 11 14 3 6 9 2 1
153 147 6 12 0 4 10 13 7 5 8 11 14 3 6 9 2 1
153 148 5 12 4 0 10 13 7 5 8 11 14 3 6 9 2 1
155 149 6 12 4 10 0 13 7 5 8 11 14 3 6 9 2 1
155 149 6 12 4 8 10 13 7 5 0 11 14 3 6 9 2 1
151 145 6 1 12 4 10 0 7 5 8 11 14 3 6 9 2 13
150 144 6 1 12 4 10 13 7 5 8 11 0 3 6 9 2 14
152 145 7 1 12 4 10 13 7 5 8 0 11 3 6 9 2 14
153 146 7 1 12 4 10 13 7 5 8 2 11 3 6 9 0 14
153 147 6 1 12 4 10 13 7 5 8 2 11 3 6 9 14 0
157 150 7 1 12 4 10 13 7 5 8 0 11 3 6 9 14 2
157 151 6 1 12 4 10 13 7 5 8 11 0 3 6 9 14 2
157 152 5 1 12 4 10 13 7 5 8 11 2 3 6 9 14 0
159 153 6 1 12 4 10 13 7 5 8 11 2 3 6 9 0 14
161 154 7 1 12 4 10 13 7 5 8 11 2 3 6 0 9 14
159 152 7 1 12 4 10 0 7 5 8 11 13 3 6 9 14 2
160 154 6 1 12 4 10 2 7 5 8 11 13 3 6 9 14 0
162 155 7 1 12 4 10 2 7 5 8 11 13 3 6 9 0 14
162 155 7 1 12 4 10 2 7 5 8 11 0 3 6 9 14 13
146 139 7 1 12 4 10 13 3 5 8 0 14 7 6 9 2 11
147 140 7 1 12 4 10 13 3 5 8 2 14 7 6 9 0 11
147 141 6 1 12 4 10 13 3 5 8 2 14 7 6 9 11 0
150 143 7 1 12 4 10 13 3 5 8 2 14 0 6 9 11 7
150 144 6 1 12 4 10 13 0 5 8 2 14 3 6 9 11 7
152 145 7 1 12 4 10 13 5 0 8 2 14 3 6 9 11 7
153 146 7 1 0 4 10 13 5 12 8 2 14 3 6 9 11 7
153 147 6 1 4 0 10 13 5 12 8 2 14 3 6 9 11 7
155 148 7 1 4 10 0 13 5 12 8 2 14 3 6 9 11 7
156 149 7 1 4 10 2 13 5 12 8 0 14 3 6 9 11 7
156 150 6 1 4 10 2 13 5 12 8 11 14 3 6 9 0 7
156 151 5 1 4 10 2 13 5 12 8 11 14 3 6 9 7 0
161 154 7 1 4 10 2 13 5 12 8 0 14 3 6 9 7 11
162 155 7 1 4 10 2 13 5 12 8 7 14 3 6 9 0 11
162 156 6 1 4 10 2 13 5 12 8 7 14 3 6 9 11 0
162 155 7 1 4 10 0 13 5 12 8 2 14 3 6 9 7 11
162 156 6 1 4 0 10 13 5 12 8 2 14 3 6 9 7 11
164 157 7 1 0 4 10 13 5 12 8 2 14 3 6 9 7 11
165 158 7 1 12 4 10 13 5 0 8 2 14 3 6 9 7 11
165 159 6 1 12 4 10 13 0 5 8 2 14 3 6 9 7 11
167 160 7 1 12 4 10 13 3 5 8 2 14 0 6 9 7 11
168 162 6 1 12 4 10 13 3 5 8 2 14 11 6 9 7 0
172 165 7 1 12 4 10 13 3 5 8 0 14 11 6 9 7 2
173 166 7 1 12 4 10 13 3 5 8 7 14 11 6 9 0 2
173 167 6 1 12 4 10 13 3 5 8 7 14 11 6 9 2 0
177 170 7 1 12 4 10 13 3 5 8 0 14 11 6 9 2 7
176 169 7 1 12 4 10 13 3 5 8 7 14 0 6 9 2 11
176 170 6 1 12 4 10 13 0 5 8 7 14 3 6 9 2 11
178 171 7 1 12 4 10 13 5 0 8 7 14 3 6 9 2 11
179 172 7 1 0 4 10 13 5 12 8 7 14 3 6 9 2 11
179 173 6 1 4 0 10 13 5 12 8 7 14 3 6 9 2 11
181 174 7 1 4 10 0 13 5 12 8 7 14 3 6 9 2 11
181 174 7 1 4 8 10 13 5 12 0 7 14 3 6 9 2 11
182 175 7 1 4 8 10 13 5 12 7 0 14 3 6 9 2 11
183 176 7 1 4 8 10 13 5 12 7 2 14 3 6 9 0 11
183 177 6 1 4 8 10 13 5 12 7 2 14 3 6 9 11 0
187 180 7 1 4 8 10 13 5 12 7 0 14 3 6 9 11 2
187 181 6 1 4 8 10 13 5 12 7 11 14 3 6 9 0 2
187 182 5 1 4 8 10 13 5 12 7 11 14 3 6 9 2 0
192 185 7 0 4 8 10 13 5 12 7 11 14 3 6 9 2 1
195 188 7 12 4 8 10 13 5 0 7 11 14 3 6 9 2 1
195 189 6 12 4 8 10 13 0 5 7 11 14 3 6 9 2 1
197 190 7 12 4 8 10 13 3 5 7 11 14 0 6 9 2 1
198 192 6 12 4 8 10 13 3 5 7 11 14 1 6 9 2 0
202 195 7 0 4 8 10 13 3 5 7 11 14 1 6 9 2 12
203 197 6 1 4 8 10 13 3 5 7 11 14 0 6 9 2 12
204 199 5 1 4 8 10 13 3 5 7 11 14 12 6 9 2 0
203 198 5 1 4 8 10 13 0 5 7 11 14 3 6 9 2 12
205 199 6 1 4 8 10 13 5 0 7 11 14 3 6 9 2 12
206 200 6 1 4 8 10 13 5 7 0 11 14 3 6 9 2 12
206 201 5 1 4 0 10 13 5 7 8 11 14 3 6 9 2 12
208 202 6 1 4 10 0 13 5 7 8 11 14 3 6 9 2 12
208 202 6 1 0 4 10 13 5 7 8 11 14 3 6 9 2 12
209 203 6 1 7 4 10 13 5 0 8 11 14 3 6 9 2 12
209 204 5 1 7 4 10 13 0 5 8 11 14 3 6 9 2 12
211 205 6 1 7 4 10 13 3 5 8 11 14 0 6 9 2 12
212 207 5 1 7 4 10 13 3 5 8 11 14 12 6 9 2 0
214 208 6 1 7 4 10 13 3 5 8 11 14 12 6 9 0 2
206 200 6 1 4 8 10 13 3 5 7 11 14 12 6 9 0 2
208 201 7 1 4 8 10 13 3 5 7 11 14 12 6 0 9 2
209 202 7 1 4 8 10 13 3 5 0 11 14 12 6 7 9 2
209 203 6 1 4 0 10 13 3 5 8 11 14 12 6 7 9 2
211 204 7 1 4 10 0 13 3 5 8 11 14 12 6 7 9 2
211 204 7 1 0 4 10 13 3 5 8 11 14 12 6 7 9 2
189 182 7 1 4 8 10 13 5 12 7 11 14 3 6 0 9 2
190 183 7 1 4 8 10 13 5 12 0 11 14 3 6 7 9 2
190 184 6 1 4 0 10 13 5 12 8 11 14 3 6 7 9 2
192 185 7 1 4 10 0 13 5 12 8 11 14 3 6 7 9 2
192 185 7 1 0 4 10 13 5 12 8 11 14 3 6 7 9 2
193 186 7 1 12 4 10 13 5 0 8 11 14 3 6 7 9 2
193 187 6 1 12 4 10 13 0 5 8 11 14 3 6 7 9 2
195 188 7 1 12 4 10 13 3 5 8 11 14 0 6 7 9 2
196 190 6 1 12 4 10 13 3 5 8 11 14 2 6 7 9 0
198 191 7 1 12 4 10 13 3 5 8 11 14 2 6 7 0 9
199 192 7 1 12 4 10 13 3 5 8 11 14 2 6 0 7 9
191 184 7 1 4 8 10 0 5 12 7 11 14 3 6 9 2 13
199 192 7 0 4 8 10 13 3 5 7 11 14 12 6 9 2 1
200 193 7 3 4 8 10 13 0 5 7 11 14 12 6 9 2 1
201 194 7 3 4 8 10 13 12 5 7 11 14 0 6 9 2 1
202 196 6 0 4 8 10 13 12 5 7 11 14 3 6 9 2 1
203 199 4 1 4 8 10 13 12 5 7 11 14 3 6 9 2 0
205 200 5 1 4 8 10 13 12 5 7 11 14 3 6 9 0 2
207 201 6 1 4 8 10 13 12 5 7 11 14 3 6 0 9 2
208 202 6 1 4 8 10 13 12 5 0 11 14 3 6 7 9 2
208 203 5 1 4 0 10 13 12 5 8 11 14 3 6 7 9 2
210 204 6 1 4 10 0 13 12 5 8 11 14 3 6 7 9 2
210 204 6 1 0 4 10 13 12 5 8 11 14 3 6 7 9 2
207 201 6 1 4 8 10 13 12 5 7 0 14 3 6 9 11 2
208 202 6 1 4 8 10 13 12 5 0 7 14 3 6 9 11 2
208 203 5 1 4 0 10 13 12 5 8 7 14 3 6 9 11 2
210 204 6 1 4 10 0 13 12 5 8 7 14 3 6 9 11 2
211 205 6 1 4 10 7 13 12 5 8 0 14 3 6 9 11 2
211 206 5 1 4 10 7 13 12 5 8 11 14 3 6 9 0 2
211 207 4 1 4 10 7 13 12 5 8 11 14 3 6 9 2 0
216 210 6 1 4 10 7 13 12 5 8 0 14 3 6 9 2 11
217 211 6 1 4 10 7 13 12 5 8 2 14 3 6 9 0 11
217 212 5 1 4 10 7 13 12 5 8 2 14 3 6 9 11 0
217 211 6 1 4 10 0 13 12 5 8 7 14 3 6 9 2 11
217 212 5 1 4 0 10 13 12 5 8 7 14 3 6 9 2 11
219 213 6 1 0 4 10 13 12 5 8 7 14 3 6 9 2 11
219 213 6 1 4 8 10 13 12 5 0 7 14 3 6 9 2 11
216 210 6 0 4 10 7 13 12 5 8 11 14 3 6 9 2 1
217 211 6 12 4 10 7 13 0 5 8 11 14 3 6 9 2 1
207 201 6 1 4 8 10 13 12 5 7 11 14 0 6 9 2 3
208 202 6 1 4 8 10 13 0 5 7 11 14 12 6 9 2 3
206 200 6 1 4 8 10 13 12 5 7 11 0 3 6 9 2 14
208 202 6 1 4 8 10 13 12 5 7 0 14 3 6 9 2 11
209 203 6 1 4 8 10 13 12 5 7 2 14 3 6 9 0 11
209 204 5 1 4 8 10 13 12 5 7 2 14 3 6 9 11 0
202 196 6 3 4 8 10 13 12 5 7 11 14 1 6 9 2 0
207 201 6 1 4 8 10 0 12 5 7 11 14 3 6 9 2 13
215 209 6 1 4 10 7 13 12 5 8 11 14 0 6 9 2 3
216 210 6 1 4 10 7 13 0 5 8 11 14 12 6 9 2 3
215 209 6 1 4 10 7 0 12 5 8 11 14 3 6 9 2 13
216 210 6 1 4 10 0 7 12 5 8 11 14 3 6 9 2 13
216 211 5 1 4 0 10 7 12 5 8 11 14 3 6 9 2 13
218 212 6 1 0 4 10 7 12 5 8 11 14 3 6 9 2 13
218 212 6 1 4 8 10 7 12 5 0 11 14 3 6 9 2 13
210 204 6 1 0 4 10 13 12 5 8 7 14 3 6 9 11 2
214 208 6 1 4 10 7 13 12 5 8 11 0 3 6 9 2 14
213 207 6 1 4 10 7 13 12 5 8 11 14 3 6 0 9 2
215 208 7 1 4 10 7 13 12 5 8 11 14 3 0 6 9 2
220 213 7 1 4 8 10 7 12 5 11 0 14 3 6 9 2 13
221 214 7 1 4 8 10 7 12 5 11 2 14 3 6 9 0 13
221 215 6 1 4 8 10 7 12 5 11 2 14 3 6 9 13 0
225 218 7 1 4 8 10 7 12 5 11 0 14 3 6 9 13 2
225 219 6 1 4 8 10 7 12 5 0 11 14 3 6 9 13 2
225 220 5 1 4 0 10 7 12 5 8 11 14 3 6 9 13 2
227 221 6 1 4 10 0 7 12 5 8 11 14 3 6 9 13 2
228 222 6 1 4 10 7 0 12 5 8 11 14 3 6 9 13 2
229 224 5 1 4 10 7 2 12 5 8 11 14 3 6 9 13 0
231 225 6 1 4 10 7 2 12 5 8 11 14 3 6 9 0 13
227 221 6 1 0 4 10 7 12 5 8 11 14 3 6 9 13 2
229 222 7 0 1 4 10 7 12 5 8 11 14 3 6 9 13 2
231 225 6 2 1 4 10 7 12 5 8 11 14 3 6 9 13 0
234 227 7 2 1 4 10 0 12 5 8 11 14 3 6 9 13 7
236 229 7 0 1 4 10 2 12 5 8 11 14 3 6 9 13 7
238 232 6 7 1 4 10 2 12 5 8 11 14 3 6 9 13 0
236 230 6 1 0 4 10 2 12 5 8 11 14 3 6 9 13 7
236 231 5 1 4 0 10 2 12 5 8 11 14 3 6 9 13 7
238 232 6 1 4 10 0 2 12 5 8 11 14 3 6 9 13 7
239 233 6 1 4 10 2 0 12 5 8 11 14 3 6 9 13 7
240 235 5 1 4 10 2 7 12 5 8 11 14 3 6 9 13 0
242 236 6 1 4 10 2 7 12 5 8 11 14 3 6 9 0 13
238 232 6 1 4 8 10 2 12 5 0 11 14 3 6 9 13 7
240 233 7 1 4 8 10 2 12 5 11 0 14 3 6 9 13 7
241 234 7 1 4 8 10 2 12 5 11 13 14 3 6 9 0 7
241 235 6 1 4 8 10 2 12 5 11 13 14 3 6 9 7 0
245 238 7 1 4 8 10 2 12 5 11 0 14 3 6 9 7 13
245 239 6 1 4 8 10 2 12 5 0 11 14 3 6 9 7 13
245 240 5 1 4 0 10 2 12 5 8 11 14 3 6 9 7 13
247 241 6 1 4 10 0 2 12 5 8 11 14 3 6 9 7 13
248 242 6 1 4 10 2 0 12 5 8 11 14 3 6 9 7 13
248 244 4 1 4 10 2 13 12 5 8 11 14 3 6 9 7 0
250 245 5 1 4 10 2 13 12 5 8 11 14 3 6 9 0 7
252 246 6 1 4 10 2 13 12 5 8 11 14 3 6 0 9 7
252 246 6 1 4 10 2 13 12 5 8 0 14 3 6 9 11 7
253 247 6 1 4 10 0 13 12 5 8 2 14 3 6 9 11 7
253 248 5 1 4 0 10 13 12 5 8 2 14 3 6 9 11 7
255 249 6 1 0 4 10 13 12 5 8 2 14 3 6 9 11 7
255 249 6 1 4 8 10 13 12 5 0 2 14 3 6 9 11 7
256 250 6 1 4 8 10 13 12 5 2 0 14 3 6 9 11 7
256 251 5 1 4 8 10 13 12 5 2 11 14 3 6 9 0 7
256 252 4 1 4 8 10 13 12 5 2 11 14 3 6 9 7 0
261 255 6 1 4 8 10 13 12 5 2 0 14 3 6 9 7 11
262 256 6 1 4 8 10 13 12 5 0 2 14 3 6 9 7 11
262 257 5 1 4 0 10 13 12 5 8 2 14 3 6 9 7 11
264 258 6 1 4 10 0 13 12 5 8 2 14 3 6 9 7 11
264 258 6 1 0 4 10 13 12 5 8 2 14 3 6 9 7 11
262 256 6 1 4 8 10 13 12 5 2 7 14 3 6 9 0 11
262 257 5 1 4 8 10 13 12 5 2 7 14 3 6 9 11 0
261 255 6 0 4 8 10 13 12 5 2 11 14 3 6 9 7 1
262 256 6 12 4 8 10 13 0 5 2 11 14 3 6 9 7 1
260 254 6 1 4 8 10 0 12 5 2 11 14 3 6 9 7 13
260 254 6 1 4 8 10 13 12 5 2 11 14 0 6 9 7 3
261 255 6 1 4 8 10 13 0 5 2 11 14 12 6 9 7 3
253 247 6 0 4 10 2 13 12 5 8 11 14 3 6 9 7 1
254 248 6 12 4 10 2 13 0 5 8 11 14 3 6 9 7 1
252 246 6 1 4 10 2 13 12 5 8 11 14 0 6 9 7 3
253 247 6 1 4 10 2 13 0 5 8 11 14 12 6 9 7 3
253 247 6 1 4 10 2 13 12 5 8 0 14 3 6 9 7 11
254 248 6 1 4 10 2 13 12 5 8 7 14 3 6 9 0 11
254 249 5 1 4 10 2 13 12 5 8 7 14 3 6 9 11 0
247 241 6 1 0 4 10 2 12 5 8 11 14 3 6 9 7 13
251 245 6 1 4 10 2 13 12 5 8 11 0 3 6 9 7 14
259 253 6 1 4 8 10 13 12 5 2 11 0 3 6 9 7 14
258 252 6 1 4 8 10 13 12 5 2 11 14 3 6 0 9 7
259 253 6 1 4 8 10 13 12 5 0 11 14 3 6 2 9 7
259 254 5 1 4 0 10 13 12 5 8 11 14 3 6 2 9 7
261 255 6 1 4 10 0 13 12 5 8 11 14 3 6 2 9 7
261 255 6 1 0 4 10 13 12 5 8 11 14 3 6 2 9 7
263 256 7 0 1 4 10 13 12 5 8 11 14 3 6 2 9 7
265 259 6 7 1 4 10 13 12 5 8 11 14 3 6 2 9 0
267 260 7 7 1 4 10 13 12 5 8 11 14 3 6 2 0 9
268 261 7 7 1 4 10 13 12 5 8 11 14 3 6 0 2 9
193 186 7 5 4 8 10 13 0 12 7 11 14 3 6 9 2 1
216 209 7 1 7 4 10 13 3 5 8 11 14 12 6 0 9 2
217 210 7 0 7 4 10 13 3 5 8 11 14 12 6 9 2 1
219 212 7 12 7 4 10 13 3 5 8 11 14 0 6 9 2 1
220 214 6 12 7 4 10 13 3 5 8 11 14 1 6 9 2 0
219 213 6 12 7 4 10 13 0 5 8 11 14 3 6 9 2 1
221 214 7 12 7 4 10 13 5 0 8 11 14 3 6 9 2 1
216 209 7 1 7 4 10 13 3 5 8 0 14 12 6 9 11 2
190 183 7 1 4 8 10 13 5 12 7 11 0 3 6 9 2 14
164 157 7 1 4 8 10 13 5 12 0 2 14 3 6 9 7 11
165 158 7 1 4 8 10 13 5 12 2 0 14 3 6 9 7 11
166 159 7 1 4 8 10 13 5 12 2 7 14 3 6 9 0 11
166 160 6 1 4 8 10 13 5 12 2 7 14 3 6 9 11 0
170 163 7 1 4 8 10 13 5 12 2 0 14 3 6 9 11 7
170 164 6 1 4 8 10 13 5 12 2 11 14 3 6 9 0 7
170 165 5 1 4 8 10 13 5 12 2 11 14 3 6 9 7 0
175 168 7 0 4 8 10 13 5 12 2 11 14 3 6 9 7 1
176 169 7 5 4 8 10 13 0 12 2 11 14 3 6 9 7 1
207 200 7 1 4 8 10 13 3 5 7 11 0 12 6 9 2 14
191 184 7 1 4 8 10 13 5 0 12 11 14 3 6 7 9 2
191 185 6 1 4 8 10 13 0 5 12 11 14 3 6 7 9 2
193 186 7 1 4 8 10 13 3 5 12 11 14 0 6 7 9 2
194 188 6 1 4 8 10 13 3 5 12 11 14 2 6 7 9 0
196 189 7 1 4 8 10 13 3 5 12 11 14 2 6 7 0 9
197 190 7 1 4 8 10 13 3 5 12 11 14 2 6 0 7 9
198 191 7 1 4 8 10 13 3 5 0 11 14 2 6 12 7 9
198 192 6 1 4 0 10 13 3 5 8 11 14 2 6 12 7 9
200 193 7 1 4 10 0 13 3 5 8 11 14 2 6 12 7 9
196 189 7 12 4 8 10 13 5 7 0 11 14 3 6 9 2 1
196 190 6 12 4 0 10 13 5 7 8 11 14 3 6 9 2 1
198 191 7 12 4 10 0 13 5 7 8 11 14 3 6 9 2 1
205 198 7 13 4 8 10 0 12 5 7 11 14 3 6 9 2 1
206 200 6 13 4 8 10 1 12 5 7 11 14 3 6 9 2 0
208 201 7 13 4 8 10 1 12 5 7 11 14 3 6 9 0 2
204 197 7 4 0 8 10 13 12 5 7 11 14 3 6 9 2 1
205 198 7 4 8 0 10 13 12 5 7 11 14 3 6 9 2 1
205 199 6 4 8 7 10 13 12 5 0 11 14 3 6 9 2 1
207 200 7 4 8 7 10 13 12 5 11 0 14 3 6 9 2 1
208 201 7 4 8 7 10 13 12 5 11 2 14 3 6 9 0 1
208 202 6 4 8 7 10 13 12 5 11 2 14 3 6 9 1 0
212 205 7 4 8 7 10 13 12 5 11 0 14 3 6 9 1 2
212 206 6 4 8 7 10 13 12 5 0 11 14 3 6 9 1 2
214 207 7 4 8 7 10 13 12 0 5 11 14 3 6 9 1 2
215 208 7 4 8 7 10 13 0 12 5 11 14 3 6 9 1 2
157 150 7 12 4 8 10 13 7 5 11 0 14 3 6 9 2 1
158 151 7 12 4 8 10 13 7 5 11 2 14 3 6 9 0 1
158 152 6 12 4 8 10 13 7 5 11 2 14 3 6 9 1 0
162 155 7 12 4 8 10 13 7 5 11 0 14 3 6 9 1 2
162 156 6 12 4 8 10 13 7 5 0 11 14 3 6 9 1 2
162 157 5 12 4 0 10 13 7 5 8 11 14 3 6 9 1 2
164 158 6 12 4 10 0 13 7 5 8 11 14 3 6 9 1 2
164 158 6 12 0 4 10 13 7 5 8 11 14 3 6 9 1 2
165 159 6 0 12 4 10 13 7 5 8 11 14 3 6 9 1 2
167 162 5 2 12 4 10 13 7 5 8 11 14 3 6 9 1 0
169 163 6 2 12 4 10 13 7 5 8 11 14 3 6 9 0 1
166 160 6 7 12 4 10 13 0 5 8 11 14 3 6 9 1 2
168 161 7 7 12 4 10 13 5 0 8 11 14 3 6 9 1 2
169 162 7 7 0 4 10 13 5 12 8 11 14 3 6 9 1 2
169 163 6 7 4 0 10 13 5 12 8 11 14 3 6 9 1 2
171 164 7 7 4 10 0 13 5 12 8 11 14 3 6 9 1 2
213 206 7 1 4 10 7 13 12 5 0 8 14 3 6 9 11 2
214 207 7 1 4 0 7 13 12 5 10 8 14 3 6 9 11 2
214 208 6 1 4 7 0 13 12 5 10 8 14 3 6 9 11 2
215 209 6 1 4 7 8 13 12 5 10 0 14 3 6 9 11 2
215 210 5 1 4 7 8 13 12 5 10 11 14 3 6 9 0 2
215 211 4 1 4 7 8 13 12 5 10 11 14 3 6 9 2 0
220 214 6 1 4 7 8 13 12 5 10 0 14 3 6 9 2 11
221 215 6 1 4 7 8 13 12 5 0 10 14 3 6 9 2 11
221 215 6 1 4 7 8 13 12 5 10 2 14 3 6 9 0 11
221 216 5 1 4 7 8 13 12 5 10 2 14 3 6 9 11 0
221 215 6 1 4 7 0 13 12 5 10 8 14 3 6 9 2 11
220 214 6 0 4 7 8 13 12 5 10 11 14 3 6 9 2 1
221 215 6 12 4 7 8 13 0 5 10 11 14 3 6 9 2 1
219 213 6 1 4 7 8 0 12 5 10 11 14 3 6 9 2 13
220 214 6 1 4 7 0 8 12 5 10 11 14 3 6 9 2 13
219 213 6 1 4 7 8 13 12 5 10 11 14 0 6 9 2 3
220 214 6 1 4 7 8 13 0 5 10 11 14 12 6 9 2 3
218 212 6 1 4 7 8 13 12 5 10 11 0 3 6 9 2 14
216 210 6 1 4 7 8 13 12 5 0 10 14 3 6 9 11 2
217 211 6 1 4 7 8 13 12 5 10 11 14 3 6 0 9 2
218 212 6 1 4 7 8 13 12 5 0 11 14 3 6 10 9 2
220 213 7 1 4 7 8 13 12 5 11 0 14 3 6 10 9 2
221 214 7 1 4 7 8 13 12 5 11 9 14 3 6 10 0 2
221 215 6 1 4 7 8 13 12 5 11 9 14 3 6 10 2 0
225 218 7 1 4 7 8 13 12 5 11 0 14 3 6 10 2 9
225 219 6 1 4 7 8 13 12 5 0 11 14 3 6 10 2 9
226 220 6 1 4 7 8 13 12 5 10 11 14 3 6 0 2 9
227 221 6 1 4 7 8 13 12 5 10 11 14 3 6 2 0 9
227 222 5 1 4 7 8 13 12 5 10 11 14 3 6 2 9 0
232 225 7 1 4 7 8 13 12 5 10 0 14 3 6 2 9 11
233 226 7 1 4 7 8 13 12 5 0 10 14 3 6 2 9 11
234 227 7 1 4 7 8 13 12 5 2 10 14 3 6 0 9 11
234 228 6 1 4 7 8 13 12 5 2 10 14 3 6 9 0 11
234 229 5 1 4 7 8 13 12 5 2 10 14 3 6 9 11 0
238 232 6 1 4 7 8 13 12 5 2 0 14 3 6 9 11 10
238 233 5 1 4 7 8 13 12 5 2 11 14 3 6 9 0 10
238 234 4 1 4 7 8 13 12 5 2 11 14 3 6 9 10 0
243 237 6 0 4 7 8 13 12 5 2 11 14 3 6 9 10 1
244 238 6 12 4 7 8 13 0 5 2 11 14 3 6 9 10 1
242 236 6 1 4 7 8 0 12 5 2 11 14 3 6 9 10 13
243 237 6 1 4 7 0 8 12 5 2 11 14 3 6 9 10 13
242 236 6 1 4 7 8 13 12 5 2 11 14 0 6 9 10 3
243 237 6 1 4 7 8 13 0 5 2 11 14 12 6 9 10 3
241 235 6 1 4 7 8 13 12 5 2 11 0 3 6 9 10 14
240 234 6 1 4 7 8 13 12 5 2 11 14 3 6 0 9 10
241 235 6 1 4 7 8 13 12 5 0 11 14 3 6 2 9 10
239 233 6 1 4 7 8 13 12 5 0 2 14 3 6 9 11 10
239 233 6 1 4 7 0 13 12 5 2 8 14 3 6 9 11 10
235 229 6 1 4 7 8 13 12 5 2 0 14 3 6 9 10 11
236 230 6 1 4 7 8 13 12 5 0 2 14 3 6 9 10 11
236 230 6 1 4 7 0 13 12 5 2 8 14 3 6 9 10 11
238 231 7 1 4 7 13 0 12 5 2 8 14 3 6 9 10 11
239 233 6 1 4 7 13 11 12 5 2 8 14 3 6 9 10 0
243 236 7 1 4 7 13 11 12 5 2 0 14 3 6 9 10 8
244 237 7 1 4 7 13 11 12 5 0 2 14 3 6 9 10 8
244 237 7 1 4 7 13 11 12 5 2 10 14 3 6 9 0 8
244 238 6 1 4 7 13 11 12 5 2 10 14 3 6 9 8 0
248 241 7 1 4 7 13 11 12 5 2 0 14 3 6 9 8 10
249 242 7 1 4 7 13 11 12 5 0 2 14 3 6 9 8 10
249 242 7 1 4 7 0 11 12 5 2 13 14 3 6 9 8 10
250 243 7 1 4 7 11 0 12 5 2 13 14 3 6 9 8 10
252 246 6 1 4 7 11 13 12 5 2 0 14 3 6 9 8 10
252 247 5 1 4 7 0 13 12 5 2 11 14 3 6 9 8 10
254 248 6 1 4 7 13 0 12 5 2 11 14 3 6 9 8 10
255 250 5 1 4 7 13 10 12 5 2 11 14 3 6 9 8 0
257 251 6 1 4 7 13 10 12 5 2 11 14 3 6 9 0 8
254 248 6 1 4 0 7 13 12 5 2 11 14 3 6 9 8 10
255 249 6 1 4 2 7 13 12 5 0 11 14 3 6 9 8 10
253 247 6 1 4 7 11 13 12 5 0 2 14 3 6 9 8 10
253 247 6 1 4 7 11 13 12 5 2 8 14 3 6 9 0 10
253 248 5 1 4 7 11 13 12 5 2 8 14 3 6 9 10 0
257 251 6 1 4 7 11 13 12 5 2 0 14 3 6 9 10 8
257 252 5 1 4 7 0 13 12 5 2 11 14 3 6 9 10 8
259 253 6 1 4 7 13 0 12 5 2 11 14 3 6 9 10 8
260 255 5 1 4 7 13 8 12 5 2 11 14 3 6 9 10 0
262 256 6 1 4 7 13 8 12 5 2 11 14 3 6 9 0 10
259 253 6 1 4 0 7 13 12 5 2 11 14 3 6 9 10 8
260 254 6 1 4 2 7 13 12 5 0 11 14 3 6 9 10 8
258 252 6 1 4 7 11 13 12 5 0 2 14 3 6 9 10 8
258 252 6 1 4 7 11 13 12 5 2 10 14 3 6 9 0 8
258 253 5 1 4 7 11 13 12 5 2 10 14 3 6 9 8 0
251 245 6 1 4 7 11 10 12 5 2 13 14 3 6 9 8 0
255 248 7 1 4 7 11 10 12 5 2 0 14 3 6 9 8 13
255 249 6 1 4 7 0 10 12 5 2 11 14 3 6 9 8 13
255 250 5 1 4 7 10 0 12 5 2 11 14 3 6 9 8 13
255 252 3 1 4 7 10 13 12 5 2 11 14 3 6 9 8 0
257 253 4 1 4 7 10 13 12 5 2 11 14 3 6 9 0 8
259 254 5 1 4 7 10 13 12 5 2 11 14 3 6 0 9 8
260 255 5 1 4 7 10 13 12 5 0 11 14 3 6 2 9 8
259 254 5 1 4 7 10 13 12 5 2 0 14 3 6 9 11 8
260 255 5 1 4 7 10 13 12 5 0 2 14 3 6 9 11 8
260 255 5 1 4 7 10 13 12 5 2 0 14 3 6 9 8 11
261 256 5 1 4 7 10 13 12 5 0 2 14 3 6 9 8 11
261 256 5 1 4 7 10 13 12 5 2 8 14 3 6 9 0 11
261 257 4 1 4 7 10 13 12 5 2 8 14 3 6 9 11 0
260 255 5 0 4 7 10 13 12 5 2 11 14 3 6 9 8 1
261 256 5 12 4 7 10 13 0 5 2 11 14 3 6 9 8 1
259 254 5 1 4 7 10 13 12 5 2 11 14 0 6 9 8 3
260 255 5 1 4 7 10 13 0 5 2 11 14 12 6 9 8 3
258 253 5 1 4 7 10 13 12 5 2 11 0 3 6 9 8 14
260 254 6 1 4 7 10 13 12 5 2 0 11 3 6 9 8 14
261 255 6 1 4 7 10 13 12 5 0 2 11 3 6 9 8 14
261 255 6 1 4 7 10 13 12 5 2 8 11 3 6 9 0 14
261 256 5 1 4 7 10 13 12 5 2 8 11 3 6 9 14 0
265 259 6 1 4 7 10 13 12 5 2 0 11 3 6 9 14 8
265 260 5 1 4 7 10 13 12 5 2 11 0 3 6 9 14 8
265 261 4 1 4 7 10 13 12 5 2 11 8 3 6 9 14 0
267 262 5 1 4 7 10 13 12 5 2 11 8 3 6 9 0 14
269 263 6 1 4 7 10 13 12 5 2 11 8 3 6 0 9 14
270 264 6 1 4 7 10 13 12 5 0 11 8 3 6 2 9 14
269 263 6 1 4 7 10 13 12 5 2 0 8 3 6 9 11 14
270 264 6 1 4 7 10 13 12 5 0 2 8 3 6 9 11 14
270 264 6 1 4 7 10 13 12 5 2 0 8 3 6 9 14 11
271 265 6 1 4 7 10 13 12 5 0 2 8 3 6 9 14 11
271 265 6 1 4 7 10 13 12 5 2 14 8 3 6 9 0 11
271 266 5 1 4 7 10 13 12 5 2 14 8 3 6 9 11 0
270 264 6 0 4 7 10 13 12 5 2 11 8 3 6 9 14 1
271 265 6 12 4 7 10 13 0 5 2 11 8 3 6 9 14 1
259 253 6 1 4 7 10 11 12 5 2 0 14 3 6 9 8 13
260 254 6 1 4 7 10 11 12 5 0 2 14 3 6 9 8 13
260 254 6 1 4 7 10 11 12 5 2 8 14 3 6 9 0 13
260 255 5 1 4 7 10 11 12 5 2 8 14 3 6 9 13 0
264 258 6 1 4 7 10 11 12 5 2 0 14 3 6 9 13 8
265 259 6 1 4 7 10 11 12 5 0 2 14 3 6 9 13 8
265 259 6 1 4 7 10 11 12 5 2 13 14 3 6 9 0 8
265 260 5 1 4 7 10 11 12 5 2 13 14 3 6 9 8 0
268 262 6 1 4 7 10 0 12 5 2 13 14 3 6 9 8 11
263 257 6 1 4 7 10 13 12 0 5 2 14 3 6 9 8 11
264 258 6 1 4 7 10 13 0 12 5 2 14 3 6 9 8 11
262 256 6 4 0 7 10 13 12 5 2 11 14 3 6 9 8 1
263 257 6 3 4 7 10 13 12 5 2 11 14 0 6 9 8 1
264 259 5 3 4 7 10 13 12 5 2 11 14 1 6 9 8 0
266 260 6 3 4 7 10 13 12 5 2 11 14 1 6 9 0 8
264 258 6 3 4 7 10 13 0 5 2 11 14 12 6 9 8 1
262 256 6 0 4 7 10 13 12 5 2 11 14 1 6 9 8 3
263 257 6 12 4 7 10 13 0 5 2 11 14 1 6 9 8 3
264 258 6 12 4 7 10 13 1 5 2 11 14 0 6 9 8 3
264 260 4 12 4 7 10 13 1 5 2 11 14 3 6 9 8 0
268 263 5 0 4 7 10 13 1 5 2 11 14 3 6 9 8 12
268 264 4 1 4 7 10 13 0 5 2 11 14 3 6 9 8 12
270 265 5 1 4 7 10 13 5 0 2 11 14 3 6 9 8 12
271 266 5 1 4 7 10 13 5 2 0 11 14 3 6 9 8 12
270 265 5 1 4 7 10 13 3 5 2 11 14 0 6 9 8 12
271 267 4 1 4 7 10 13 3 5 2 11 14 12 6 9 8 0
273 268 5 1 4 7 10 13 3 5 2 11 14 12 6 9 0 8
266 261 5 12 4 7 10 13 1 5 2 11 14 3 6 9 0 8
268 262 6 12 4 7 10 13 1 5 2 11 14 3 6 0 9 8
269 263 6 12 4 7 10 13 1 5 0 11 14 3 6 2 9 8
268 262 6 12 4 7 10 13 1 5 2 0 14 3 6 9 11 8
269 263 6 12 4 7 10 13 1 5 0 2 14 3 6 9 11 8
257 251 6 1 4 7 10 14 12 5 2 11 0 3 6 9 8 13
257 252 5 1 4 7 10 14 12 5 2 11 13 3 6 9 8 0
259 253 6 1 4 7 10 14 12 5 2 11 13 3 6 9 0 8
264 258 6 1 4 7 10 13 12 5 2 8 0 3 6 9 11 14
266 260 6 1 4 7 10 13 12 5 0 2 11 3 6 9 14 8
266 260 6 1 4 7 10 13 12 5 2 14 11 3 6 9 0 8
266 261 5 1 4 7 10 13 12 5 2 14 11 3 6 9 8 0
261 255 6 1 4 7 10 13 12 5 2 14 0 3 6 9 11 8
262 256 6 1 4 0 10 13 12 5 7 11 14 3 6 2 9 8
261 255 6 1 4 7 0 13 12 5 2 10 14 3 6 9 11 8
263 257 6 12 4 7 10 13 3 5 2 11 14 0 6 9 8 1
264 259 5 12 4 7 10 13 3 5 2 11 14 1 6 9 8 0
266 260 6 12 4 7 10 13 3 5 2 11 14 1 6 9 0 8
269 263 6 1 4 7 10 0 12 5 2 11 8 3 6 9 14 13
270 264 6 1 4 7 10 8 12 5 2 11 0 3 6 9 14 13
270 265 5 1 4 7 10 8 12 5 2 11 13 3 6 9 14 0
272 266 6 1 4 7 10 8 12 5 2 11 13 3 6 9 0 14
264 258 6 5 4 7 10 13 12 0 2 11 14 3 6 9 8 1
265 259 6 5 4 7 10 13 12 2 0 11 14 3 6 9 8 1
265 259 6 5 4 7 10 13 0 12 2 11 14 3 6 9 8 1
263 257 6 1 4 7 10 13 12 5 9 2 14 3 6 0 8 11
264 258 6 1 4 7 10 13 12 5 9 2 14 3 6 8 0 11
264 259 5 1 4 7 10 13 12 5 9 2 14 3 6 8 11 0
268 262 6 1 4 7 10 13 12 5 9 0 14 3 6 8 11 2
268 263 5 1 4 7 10 13 12 5 9 11 14 3 6 8 0 2
268 264 4 1 4 7 10 13 12 5 9 11 14 3 6 8 2 0
269 264 5 1 4 7 10 13 12 5 9 11 14 3 6 0 8 2
269 265 4 1 4 7 10 13 12 5 0 11 14 3 6 9 8 2
271 266 5 1 4 7 10 13 12 5 11 0 14 3 6 9 8 2
272 267 5 1 4 7 10 13 12 5 11 8 14 3 6 9 0 2
272 268 4 1 4 7 10 13 12 5 11 8 14 3 6 9 2 0
276 271 5 1 4 7 10 13 12 5 11 0 14 3 6 9 2 8
276 272 4 1 4 7 10 13 12 5 0 11 14 3 6 9 2 8
278 273 5 1 4 7 10 13 12 0 5 11 14 3 6 9 2 8
279 274 5 1 4 7 10 13 0 12 5 11 14 3 6 9 2 8
278 273 5 1 4 7 10 13 12 5 9 11 14 3 6 0 2 8
279 274 5 1 4 7 10 13 12 5 9 11 14 3 6 2 0 8
279 275 4 1 4 7 10 13 12 5 9 11 14 3 6 2 8 0
278 273 5 1 4 0 10 13 12 5 7 11 14 3 6 9 2 8
277 272 5 1 4 7 10 13 12 5 11 2 14 3 6 9 0 8
277 273 4 1 4 7 10 13 12 5 11 2 14 3 6 9 8 0
271 266 5 1 4 7 10 13 12 0 5 11 14 3 6 9 8 2
272 267 5 1 4 7 10 13 0 12 5 11 14 3 6 9 8 2
271 266 5 1 4 0 10 13 12 5 7 11 14 3 6 9 8 2
273 267 6 1 4 10 0 13 12 5 7 11 14 3 6 9 8 2
273 267 6 1 0 4 10 13 12 5 7 11 14 3 6 9 8 2
274 268 6 1 4 7 10 13 3 12 5 11 14 0 6 9 8 2
275 270 5 1 4 7 10 13 3 12 5 11 14 2 6 9 8 0
277 271 6 1 4 7 10 13 3 12 5 11 14 2 6 9 0 8
277 271 6 1 4 7 10 13 3 0 5 11 14 12 6 9 8 2
277 272 5 1 4 7 10 13 3 5 0 11 14 12 6 9 8 2
279 273 6 1 4 7 10 13 3 5 11 0 14 12 6 9 8 2
280 274 6 1 4 7 10 13 3 5 11 8 14 12 6 9 0 2
280 275 5 1 4 7 10 13 3 5 11 8 14 12 6 9 2 0
284 278 6 1 4 7 10 13 3 5 11 0 14 12 6 9 2 8
284 279 5 1 4 7 10 13 3 5 0 11 14 12 6 9 2 8
286 280 6 1 4 7 10 13 3 0 5 11 14 12 6 9 2 8
287 281 6 1 4 7 10 13 0 3 5 11 14 12 6 9 2 8
288 282 6 1 4 7 10 13 12 3 5 11 14 0 6 9 2 8
289 284 5 1 4 7 10 13 12 3 5 11 14 8 6 9 2 0
291 285 6 1 4 7 10 13 12 3 5 11 14 8 6 9 0 2
286 280 6 1 4 7 10 13 3 5 9 11 14 12 6 0 2 8
287 281 6 1 4 7 10 13 3 5 9 11 14 12 6 2 0 8
287 282 5 1 4 7 10 13 3 5 9 11 14 12 6 2 8 0
290 284 6 1 4 7 10 13 3 5 9 11 14 0 6 2 8 12
290 285 5 1 4 7 10 13 0 5 9 11 14 3 6 2 8 12
292 286 6 1 4 7 10 13 5 0 9 11 14 3 6 2 8 12
293 287 6 1 4 7 10 13 5 9 0 11 14 3 6 2 8 12
294 288 6 1 4 7 10 13 5 9 2 11 14 3 6 0 8 12
295 289 6 1 4 7 10 13 5 9 2 11 14 3 6 8 0 12
294 290 4 1 4 7 10 13 5 9 2 11 14 3 6 8 12 0
299 293 6 1 4 7 10 13 5 9 2 0 14 3 6 8 12 11
300 294 6 1 4 7 10 13 5 9 0 2 14 3 6 8 12 11
300 295 5 1 4 7 10 13 5 9 8 2 14 3 6 0 12 11
302 296 6 1 4 7 10 13 5 9 8 2 14 3 6 12 0 11
302 297 5 1 4 7 10 13 5 9 8 2 14 3 6 12 11 0
306 300 6 1 4 7 10 13 5 9 8 0 14 3 6 12 11 2
306 301 5 1 4 7 10 13 5 9 8 11 14 3 6 12 0 2
306 302 4 1 4 7 10 13 5 9 8 11 14 3 6 12 2 0
306 302 4 1 4 7 10 13 5 9 8 11 14 3 6 0 12 2
308 303 5 1 4 7 10 13 5 9 8 11 14 3 0 6 12 2
309 304 5 1 4 7 10 13 5 0 8 11 14 3 9 6 12 2
309 305 4 1 4 7 10 13 0 5 8 11 14 3 9 6 12 2
311 306 5 1 4 7 10 13 3 5 8 11 14 0 9 6 12 2
312 308 4 1 4 7 10 13 3 5 8 11 14 2 9 6 12 0
312 307 5 1 4 7 10 13 3 5 8 11 14 9 0 6 12 2
312 308 4 1 4 7 10 13 3 5 8 11 14 9 6 0 12 2
314 309 5 1 4 7 10 13 3 5 8 11 14 9 6 12 0 2
314 310 4 1 4 7 10 13 3 5 8 11 14 9 6 12 2 0
317 312 5 1 4 7 10 13 3 5 8 11 14 0 6 12 2 9
317 313 4 1 4 7 10 13 0 5 8 11 14 3 6 12 2 9
319 314 5 1 4 7 10 13 5 0 8 11 14 3 6 12 2 9
314 309 5 1 4 7 10 13 3 5 0 11 14 9 6 8 12 2
308 303 5 1 4 7 10 13 5 9 0 11 14 3 6 8 12 2
309 304 5 1 4 7 10 13 5 0 9 11 14 3 6 8 12 2
309 305 4 1 4 7 10 13 0 5 9 11 14 3 6 8 12 2
311 306 5 1 4 7 10 13 3 5 9 11 14 0 6 8 12 2
312 308 4 1 4 7 10 13 3 5 9 11 14 2 6 8 12 0
317 311 6 1 4 7 10 13 3 5 9 0 14 2 6 8 12 11
318 312 6 1 4 7 10 13 3 5 0 9 14 2 6 8 12 11
318 313 5 1 4 7 10 13 3 5 8 9 14 2 6 0 12 11
320 314 6 1 4 7 10 13 3 5 8 9 14 2 6 12 0 11
320 315 5 1 4 7 10 13 3 5 8 9 14 2 6 12 11 0
324 318 6 1 4 7 10 13 3 5 8 0 14 2 6 12 11 9
324 319 5 1 4 7 10 13 3 5 8 11 14 2 6 12 0 9
324 320 4 1 4 7 10 13 3 5 8 11 14 2 6 12 9 0
324 320 4 1 4 7 10 13 3 5 8 11 14 2 6 0 12 9
326 321 5 1 4 7 10 13 3 5 8 11 14 2 0 6 12 9
327 322 5 1 4 7 10 13 3 5 8 11 14 0 2 6 12 9
328 324 4 1 4 7 10 13 3 5 8 11 14 9 2 6 12 0
327 323 4 1 4 7 10 13 0 5 8 11 14 3 2 6 12 9
329 324 5 1 4 7 10 13 5 0 8 11 14 3 2 6 12 9
330 325 5 1 4 7 10 13 5 2 8 11 14 3 0 6 12 9
330 326 4 1 4 7 10 13 5 2 8 11 14 3 6 0 12 9
332 327 5 1 4 7 10 13 5 2 8 11 14 3 6 12 0 9
332 328 4 1 4 7 10 13 5 2 8 11 14 3 6 12 9 0
332 327 5 1 4 7 10 13 5 2 0 11 14 3 6 8 12 9
333 328 5 1 4 7 10 13 5 0 2 11 14 3 6 8 12 9
333 329 4 1 4 7 10 13 0 5 2 11 14 3 6 8 12 9
335 330 5 1 4 7 10 13 3 5 2 11 14 0 6 8 12 9
336 332 4 1 4 7 10 13 3 5 2 11 14 9 6 8 12 0
326 321 5 1 4 7 10 13 3 5 0 11 14 2 6 8 12 9
327 322 5 1 4 7 10 13 3 5 8 11 14 0 6 12 9 2
327 323 4 1 4 7 10 13 0 5 8 11 14 3 6 12 9 2
329 324 5 1 4 7 10 13 5 0 8 11 14 3 6 12 9 2
331 325 6 1 4 7 10 13 5 8 0 11 14 3 6 12 9 2
332 326 6 1 4 7 10 13 5 8 12 11 14 3 6 0 9 2
332 327 5 1 4 7 10 13 5 8 12 11 14 3 6 9 0 2
332 328 4 1 4 7 10 13 5 8 12 11 14 3 6 9 2 0
337 331 6 1 4 7 10 13 5 8 12 0 14 3 6 9 2 11
338 332 6 1 4 7 10 13 5 8 0 12 14 3 6 9 2 11
338 333 5 1 4 7 10 13 5 0 8 12 14 3 6 9 2 11
338 334 4 1 4 7 10 13 0 5 8 12 14 3 6 9 2 11
340 335 5 1 4 7 10 13 3 5 8 12 14 0 6 9 2 11
341 337 4 1 4 7 10 13 3 5 8 12 14 11 6 9 2 0
345 340 5 1 4 7 10 13 3 5 8 0 14 11 6 9 2 12
346 341 5 1 4 7 10 13 3 5 8 2 14 11 6 9 0 12
345 342 3 1 4 7 10 13 3 5 8 2 14 11 6 9 12 0
349 345 4 1 4 7 10 13 3 5 8 0 14 11 6 9 12 2
348 344 4 1 4 7 10 13 3 5 8 2 14 0 6 9 12 11
348 345 3 1 4 7 10 13 0 5 8 2 14 3 6 9 12 11
350 346 4 1 4 7 10 13 5 0 8 2 14 3 6 9 12 11
352 347 5 1 4 7 10 13 5 8 0 2 14 3 6 9 12 11
353 348 5 1 4 7 10 13 5 8 2 0 14 3 6 9 12 11
352 347 5 1 4 7 10 13 5 6 8 2 14 3 0 9 12 11
352 347 5 1 0 7 10 13 5 4 8 2 14 3 6 9 12 11
349 344 5 1 4 7 10 0 3 5 8 2 14 11 6 9 12 13
352 347 5 1 4 7 10 2 3 5 8 0 14 11 6 9 12 13
352 347 5 1 4 7 10 11 3 5 8 2 14 0 6 9 12 13
353 349 4 1 4 7 10 11 3 5 8 2 14 13 6 9 12 0
352 348 4 1 4 7 10 11 0 5 8 2 14 3 6 9 12 13
354 349 5 1 4 7 10 11 5 0 8 2 14 3 6 9 12 13
357 352 5 1 4 7 10 11 3 5 8 0 14 13 6 9 12 2
348 343 5 1 4 7 10 13 3 5 8 2 0 11 6 9 12 14
349 344 5 1 4 7 10 13 3 5 8 0 2 11 6 9 12 14
352 347 5 1 4 7 10 13 3 0 8 2 14 5 6 9 12 11
353 348 5 1 4 7 10 13 0 3 8 2 14 5 6 9 12 11
354 349 5 1 4 7 10 13 5 3 8 2 14 0 6 9 12 11
355 351 4 1 4 7 10 13 5 3 8 2 14 11 6 9 12 0
359 354 5 1 4 7 10 13 5 3 8 0 14 11 6 9 12 2
352 347 5 1 4 7 10 0 3 5 8 2 14 13 6 9 12 11
355 350 5 1 4 7 10 2 3 5 8 0 14 13 6 9 12 11
350 345 5 1 4 7 10 13 3 5 8 2 14 6 0 9 12 11
350 345 5 0 4 7 10 13 3 5 8 2 14 11 6 9 12 1
352 347 5 11 4 7 10 13 3 5 8 2 14 0 6 9 12 1
353 349 4 11 4 7 10 13 3 5 8 2 14 1 6 9 12 0
352 348 4 11 4 7 10 13 0 5 8 2 14 3 6 9 12 1
354 349 5 11 4 7 10 13 5 0 8 2 14 3 6 9 12 1
357 352 5 11 4 7 10 13 3 5 8 0 14 1 6 9 12 2
351 346 5 3 4 7 10 13 0 5 8 2 14 11 6 9 12 1
352 347 5 3 4 7 10 13 11 5 8 2 14 0 6 9 12 1
353 349 4 0 4 7 10 13 11 5 8 2 14 3 6 9 12 1
354 352 2 1 4 7 10 13 11 5 8 2 14 3 6 9 12 0
358 355 3 1 4 7 10 13 11 5 8 0 14 3 6 9 12 2
360 356 4 1 4 7 10 13 11 5 8 14 0 3 6 9 12 2
360 357 3 1 4 7 10 13 11 5 8 14 2 3 6 9 12 0
364 360 4 1 4 7 10 13 11 5 8 0 2 3 6 9 12 14
360 356 4 1 4 7 10 13 11 5 0 8 14 3 6 9 12 2
360 356 4 1 4 7 10 13 11 5 8 12 14 3 6 9 0 2
360 357 3 1 4 7 10 13 11 5 8 12 14 3 6 9 2 0
364 360 4 1 4 7 10 13 11 5 8 0 14 3 6 9 2 12
360 356 4 1 4 7 0 13 11 5 8 10 14 3 6 9 12 2
358 354 4 1 4 7 10 0 11 5 8 2 14 3 6 9 12 13
361 357 4 1 4 7 10 2 11 5 8 0 14 3 6 9 12 13
358 354 4 1 4 7 10 13 11 5 8 2 14 0 6 9 12 3
359 355 4 1 4 7 10 13 0 5 8 2 14 11 6 9 12 3
357 353 4 1 4 7 10 13 11 5 8 2 0 3 6 9 12 14
353 349 4 3 4 7 10 13 11 5 8 2 14 1 6 9 12 0
357 353 4 1 4 7 10 13 11 5 8 2 14 3 6 9 0 12
359 354 5 1 4 7 10 13 11 5 8 2 14 3 6 0 9 12
357 352 5 0 4 7 10 13 11 5 8 2 14 1 6 9 12 3
358 353 5 11 4 7 10 13 0 5 8 2 14 1 6 9 12 3
359 354 5 11 4 7 10 13 1 5 8 2 14 0 6 9 12 3
359 356 3 11 4 7 10 13 1 5 8 2 14 3 6 9 12 0
363 359 4 11 4 7 10 13 1 5 8 0 14 3 6 9 12 2
363 359 4 0 4 7 10 13 1 5 8 2 14 3 6 9 12 11
367 362 5 5 4 7 10 13 1 0 8 2 14 3 6 9 12 11
368 363 5 5 4 7 10 13 0 1 8 2 14 3 6 9 12 11
366 361 5 3 4 7 10 13 1 5 8 2 14 0 6 9 12 11
367 363 4 3 4 7 10 13 1 5 8 2 14 11 6 9 12 0
371 366 5 3 4 7 10 13 1 5 8 0 14 11 6 9 12 2
367 362 5 3 4 7 10 13 0 5 8 2 14 1 6 9 12 11
366 361 5 13 4 7 10 0 1 5 8 2 14 3 6 9 12 11
367 363 4 13 4 7 10 11 1 5 8 2 14 3 6 9 12 0
371 366 5 13 4 7 10 11 1 5 8 0 14 3 6 9 12 2
371 366 5 0 4 7 10 11 1 5 8 2 14 3 6 9 12 13
369 364 5 13 4 7 10 2 1 5 8 0 14 3 6 9 12 11
365 360 5 4 0 7 10 13 1 5 8 2 14 3 6 9 12 11
362 357 5 1 4 0 10 13 11 5 7 8 14 3 6 9 12 2
366 361 5 1 4 7 10 13 11 5 8 12 2 3 6 9 0 14
366 362 4 1 4 7 10 13 11 5 8 12 2 3 6 9 14 0
370 365 5 1 4 7 10 13 11 5 8 0 2 3 6 9 14 12
371 366 5 1 4 7 10 13 11 5 8 2 0 3 6 9 14 12
371 367 4 1 4 7 10 13 11 5 8 2 12 3 6 9 14 0
375 370 5 1 4 7 10 13 11 5 8 0 12 3 6 9 14 2
376 371 5 1 4 7 10 13 11 5 8 14 12 3 6 9 0 2
376 372 4 1 4 7 10 13 11 5 8 14 12 3 6 9 2 0
380 375 5 1 4 7 10 13 11 5 8 0 12 3 6 9 2 14
373 368 5 1 4 7 10 13 11 5 8 2 12 3 6 9 0 14
366 361 5 1 4 7 10 13 11 5 0 8 14 3 6 9 2 12
362 357 5 1 4 0 7 13 11 5 8 10 14 3 6 9 12 2
365 360 5 0 4 7 10 13 11 5 8 14 2 3 6 9 12 1
366 361 5 11 4 7 10 13 0 5 8 14 2 3 6 9 12 1
365 360 5 0 4 7 10 13 11 5 8 12 14 3 6 9 2 1
366 361 5 11 4 7 10 13 0 5 8 12 14 3 6 9 2 1
351 346 5 0 4 7 10 13 3 5 8 2 14 1 6 9 12 11
363 358 5 1 4 7 10 2 11 5 8 14 0 3 6 9 12 13
363 359 4 1 4 7 10 2 11 5 8 14 13 3 6 9 12 0
367 362 5 1 4 7 10 2 11 5 8 0 13 3 6 9 12 14
368 363 5 1 4 7 10 2 11 5 8 13 0 3 6 9 12 14
367 364 3 1 4 7 10 2 11 5 8 13 14 3 6 9 12 0
370 366 4 1 4 7 10 0 11 5 8 13 14 3 6 9 12 2
374 369 5 1 4 7 10 3 11 5 8 13 14 0 6 9 12 2
375 371 4 1 4 7 10 3 11 5 8 13 14 2 6 9 12 0
379 374 5 1 4 7 10 3 11 5 8 0 14 2 6 9 12 13
378 373 5 1 4 7 10 0 11 5 8 13 14 2 6 9 12 3
380 376 4 1 4 7 10 13 11 5 8 0 14 2 6 9 12 3
382 377 5 1 4 7 10 13 11 5 8 14 0 2 6 9 12 3
382 378 4 1 4 7 10 13 11 5 8 14 3 2 6 9 12 0
386 381 5 1 4 7 10 13 11 5 8 0 3 2 6 9 12 14
387 382 5 1 4 7 10 13 11 5 8 3 0 2 6 9 12 14
386 383 3 1 4 7 10 13 11 5 8 3 14 2 6 9 12 0
389 385 4 1 4 7 10 13 11 5 8 3 14 0 6 9 12 2
390 386 4 1 4 7 10 13 0 5 8 3 14 11 6 9 12 2
392 387 5 1 4 7 10 13 5 0 8 3 14 11 6 9 12 2
385 380 5 1 4 7 10 13 11 5 8 14 3 0 6 9 12 2
386 381 5 1 4 7 10 13 0 5 8 14 3 11 6 9 12 2
393 388 5 1 4 7 10 13 11 0 8 3 14 5 6 9 12 2
394 389 5 1 4 7 10 13 0 11 8 3 14 5 6 9 12 2
395 390 5 1 4 7 10 13 5 11 8 3 14 0 6 9 12 2
396 392 4 1 4 7 10 13 5 11 8 3 14 2 6 9 12 0
400 395 5 1 4 7 10 13 5 11 8 0 14 2 6 9 12 3
361 356 5 0 4 7 10 13 1 5 8 2 14 11 6 9 12 3
363 358 5 1 4 7 10 13 11 5 8 14 2 3 6 9 0 12
357 352 5 3 4 7 10 13 11 5 8 0 14 1 6 9 12 2
362 357 5 1 4 7 10 0 11 5 8 14 13 3 6 9 12 2
365 360 5 1 4 7 10 14 11 5 8 0 13 3 6 9 12 2
364 359 5 1 4 7 10 13 11 5 8 14 2 0 6 9 12 3
365 360 5 1 4 7 10 13 0 5 8 14 2 11 6 9 12 3
360 355 5 1 4 7 10 14 11 5 8 2 0 3 6 9 12 13
360 356 4 1 4 7 10 14 11 5 8 2 13 3 6 9 12 0
361 356 5 1 4 7 10 14 11 5 8 0 2 3 6 9 12 13
362 357 5 1 4 7 10 13 11 5 9 8 14 3 6 0 12 2
366 361 5 1 4 7 0 13 11 5 8 10 2 3 6 9 12 14
382 377 5 1 4 7 10 13 11 5 8 12 14 2 6 9 0 3
382 378 4 1 4 7 10 13 11 5 8 12 14 2 6 9 3 0
386 381 5 1 4 7 10 13 11 5 8 0 14 2 6 9 3 12
385 380 5 1 4 7 10 13 11 5 8 12 14 0 6 9 3 2
386 381 5 1 4 7 10 13 0 5 8 12 14 11 6 9 3 2
366 361 5 1 4 7 10 13 11 5 8 14 0 3 6 9 2 12
364 359 5 1 4 7 10 13 11 5 8 12 14 0 6 9 2 3
365 360 5 1 4 7 10 13 0 5 8 12 14 11 6 9 2 3
362 357 5 1 4 7 13 0 11 5 8 10 14 3 6 9 12 2
363 359 4 1 4 7 13 2 11 5 8 10 14 3 6 9 12 0
367 362 5 1 4 7 13 2 11 5 8 0 14 3 6 9 12 10
368 363 5 1 4 7 0 2 11 5 8 13 14 3 6 9 12 10
369 364 5 1 4 7 2 0 11 5 8 13 14 3 6 9 12 10
371 367 4 1 4 7 2 13 11 5 8 0 14 3 6 9 12 10
372 368 4 1 4 7 0 13 11 5 8 2 14 3 6 9 12 10
370 366 4 1 4 7 2 10 11 5 8 13 14 3 6 9 12 0
374 369 5 1 4 7 2 10 11 5 8 0 14 3 6 9 12 13
374 369 5 1 4 7 13 0 11 5 8 2 14 3 6 9 12 10
375 371 4 1 4 7 13 10 11 5 8 2 14 3 6 9 12 0
374 369 5 1 4 0 7 13 11 5 8 2 14 3 6 9 12 10
363 358 5 1 4 7 0 2 11 5 8 10 14 3 6 9 12 13
364 359 5 1 4 7 2 0 11 5 8 10 14 3 6 9 12 13
364 361 3 1 4 7 2 13 11 5 8 10 14 3 6 9 12 0
369 364 5 0 4 7 2 13 11 5 8 10 14 3 6 9 12 1
370 365 5 11 4 7 2 13 0 5 8 10 14 3 6 9 12 1
368 363 5 1 4 7 2 13 11 5 8 10 14 0 6 9 12 3
369 364 5 1 4 7 2 13 0 5 8 10 14 11 6 9 12 3
367 362 5 1 4 7 2 13 11 5 8 10 14 3 6 9 0 12
368 363 5 1 4 7 2 13 11 5 8 0 14 3 6 9 10 12
369 364 5 1 4 7 0 13 11 5 8 2 14 3 6 9 10 12
362 357 5 1 4 7 10 0 11 5 8 2 14 13 6 9 12 3
363 359 4 1 4 7 10 3 11 5 8 2 14 13 6 9 12 0
367 362 5 1 4 7 10 3 11 5 8 0 14 13 6 9 12 2
365 360 5 1 4 7 10 2 11 5 8 0 14 13 6 9 12 3
365 360 5 11 4 7 10 13 1 5 0 8 14 3 6 9 12 2
391 386 5 1 4 7 10 13 11 5 8 3 14 6 0 9 12 2
351 346 5 1 4 7 10 13 3 5 8 14 0 11 6 9 12 2
351 347 4 1 4 7 10 13 3 5 8 14 2 11 6 9 12 0
354 349 5 1 4 7 10 13 3 5 8 14 2 0 6 9 12 11
354 350 4 1 4 7 10 13 0 5 8 14 2 3 6 9 12 11
356 351 5 1 4 7 10 13 5 0 8 14 2 3 6 9 12 11
361 356 5 1 4 7 10 13 5 0 8 2 14 11 6 9 12 3
391 386 5 0 4 7 10 13 11 5 8 3 14 2 6 9 12 1
393 388 5 2 4 7 10 13 11 5 8 3 14 0 6 9 12 1
394 390 4 2 4 7 10 13 11 5 8 3 14 1 6 9 12 0
398 393 5 2 4 7 10 13 11 5 8 0 14 1 6 9 12 3
394 389 5 2 4 7 10 13 0 5 8 3 14 11 6 9 12 1
392 387 5 11 4 7 10 13 0 5 8 3 14 2 6 9 12 1
392 388 4 11 4 7 10 13 2 5 8 3 14 0 6 9 12 1
393 390 3 11 4 7 10 13 2 5 8 3 14 1 6 9 12 0
397 393 4 11 4 7 10 13 2 5 8 0 14 1 6 9 12 3
397 393 4 0 4 7 10 13 2 5 8 3 14 1 6 9 12 11
398 395 3 1 4 7 10 13 2 5 8 3 14 0 6 9 12 11
399 397 2 1 4 7 10 13 2 5 8 3 14 11 6 9 12 0
403 400 3 1 4 7 10 13 2 5 8 0 14 11 6 9 12 3
405 401 4 1 4 7 10 13 2 5 8 14 0 11 6 9 12 3
405 402 3 1 4 7 10 13 2 5 8 14 3 11 6 9 12 0
409 405 4 1 4 7 10 13 2 5 8 0 3 11 6 9 12 14
408 404 4 1 4 7 10 13 2 5 8 14 3 0 6 9 12 11
405 401 4 1 4 7 10 13 2 5 0 8 14 11 6 9 12 3
405 401 4 1 4 7 10 13 2 5 8 12 14 11 6 9 0 3
405 402 3 1 4 7 10 13 2 5 8 12 14 11 6 9 3 0
409 405 4 1 4 7 10 13 2 5 8 0 14 11 6 9 3 12
408 404 4 1 4 7 10 13 2 5 8 12 14 0 6 9 3 11
405 401 4 1 4 7 0 13 2 5 8 10 14 11 6 9 12 3
403 399 4 1 4 7 10 0 2 5 8 3 14 11 6 9 12 13
406 402 4 1 4 7 10 3 2 5 8 0 14 11 6 9 12 13
406 402 4 1 4 7 10 11 2 5 8 3 14 0 6 9 12 13
407 404 3 1 4 7 10 11 2 5 8 3 14 13 6 9 12 0
411 407 4 1 4 7 10 11 2 5 8 0 14 13 6 9 12 3
402 398 4 1 4 7 10 13 2 5 8 3 14 11 6 9 0 12
402 398 4 1 4 7 10 13 2 5 8 3 0 11 6 9 12 14
402 398 4 1 4 7 10 13 2 0 8 3 14 5 6 9 12 11
394 390 4 0 4 7 10 13 2 5 8 3 14 11 6 9 12 1
400 396 4 1 4 7 10 13 2 5 8 3 14 6 0 9 12 11
400 396 4 1 4 7 10 13 0 5 8 3 14 2 6 9 12 11
402 398 4 1 4 7 10 0 2 5 8 3 14 13 6 9 12 11
405 401 4 1 4 7 10 3 2 5 8 0 14 13 6 9 12 11
407 402 5 1 4 7 10 3 2 5 8 14 0 13 6 9 12 11
407 403 4 1 4 7 10 3 2 5 8 14 11 13 6 9 12 0
411 406 5 1 4 7 10 3 2 5 8 0 11 13 6 9 12 14
411 407 4 1 4 7 10 3 2 5 8 11 0 13 6 9 12 14
410 408 2 1 4 7 10 3 2 5 8 11 14 13 6 9 12 0
413 410 3 1 4 7 10 0 2 5 8 11 14 13 6 9 12 3
415 413 2 1 4 7 10 13 2 5 8 11 14 0 6 9 12 3
415 415 0 1 4 7 10 13 2 5 8 11 14 3 6 9 12 0
