0 0 0 11 10 1 0 4 7 13 9 12 6 2 5 8 14 3
14 1 13 11 10 1 4 0 7 13 9 12 6 2 5 8 14 3
15 3 12 11 10 1 4 3 7 13 9 12 6 2 5 8 14 0
19 6 13 11 10 1 4 3 7 13 9 0 6 2 5 8 14 12
19 7 12 11 10 1 4 3 7 13 0 9 6 2 5 8 14 12
19 8 11 11 10 1 4 3 7 13 8 9 6 2 5 0 14 12
20 9 11 11 10 1 4 3 7 13 8 9 6 2 0 5 14 12
21 10 11 11 10 1 4 3 7 13 8 9 6 0 2 5 14 12
22 12 10 0 10 1 4 3 7 13 8 9 6 11 2 5 14 12
24 15 9 12 10 1 4 3 7 13 8 9 6 11 2 5 14 0
27 17 10 12 10 1 4 0 7 13 8 9 6 11 2 5 14 3
29 19 10 0 10 1 4 12 7 13 8 9 6 11 2 5 14 3
31 22 9 3 10 1 4 12 7 13 8 9 6 11 2 5 14 0
33 23 10 3 10 1 4 12 7 13 8 9 0 11 2 5 14 6
34 24 10 3 10 1 4 0 7 13 8 9 12 11 2 5 14 6
35 26 9 3 10 1 4 6 7 13 8 9 12 11 2 5 14 0
39 29 10 0 10 1 4 6 7 13 8 9 12 11 2 5 14 3
42 32 10 13 10 1 4 6 7 0 8 9 12 11 2 5 14 3
42 33 9 13 10 1 4 6 0 7 8 9 12 11 2 5 14 3
44 34 10 13 10 1 4 6 11 7 8 9 12 0 2 5 14 3
45 36 9 13 10 1 4 6 11 7 8 9 12 3 2 5 14 0
49 39 10 0 10 1 4 6 11 7 8 9 12 3 2 5 14 13
51 41 10 3 10 1 4 6 11 7 8 9 12 0 2 5 14 13
52 43 9 3 10 1 4 6 11 7 8 9 12 13 2 5 14 0
51 42 9 3 10 1 4 6 0 7 8 9 12 11 2 5 14 13
53 43 10 3 10 1 4 6 7 0 8 9 12 11 2 5 14 13
54 44 10 3 10 1 4 6 7 2 8 9 12 11 0 5 14 13
55 45 10 3 10 1 4 6 7 2 8 9 12 11 5 0 14 13
54 44 10 3 0 1 4 6 7 10 8 9 12 11 2 5 14 13
55 45 10 3 1 0 4 6 7 10 8 9 12 11 2 5 14 13
55 45 10 0 3 1 4 6 7 10 8 9 12 11 2 5 14 13
57 48 9 13 3 1 4 6 7 10 8 9 12 11 2 5 14 0
60 50 10 13 3 1 4 0 7 10 8 9 12 11 2 5 14 6
62 52 10 0 3 1 4 13 7 10 8 9 12 11 2 5 14 6
64 55 9 6 3 1 4 13 7 10 8 9 12 11 2 5 14 0
66 56 10 6 3 1 4 13 7 10 8 9 0 11 2 5 14 12
67 57 10 6 3 1 4 0 7 10 8 9 13 11 2 5 14 12
68 59 9 6 3 1 4 12 7 10 8 9 13 11 2 5 14 0
72 62 10 0 3 1 4 12 7 10 8 9 13 11 2 5 14 6
75 65 10 10 3 1 4 12 7 0 8 9 13 11 2 5 14 6
75 66 9 10 3 1 4 12 0 7 8 9 13 11 2 5 14 6
77 67 10 10 3 1 4 12 11 7 8 9 13 0 2 5 14 6
78 69 9 10 3 1 4 12 11 7 8 9 13 6 2 5 14 0
82 72 10 0 3 1 4 12 11 7 8 9 13 6 2 5 14 10
84 74 10 6 3 1 4 12 11 7 8 9 13 0 2 5 14 10
85 76 9 6 3 1 4 12 11 7 8 9 13 10 2 5 14 0
84 75 9 6 3 1 4 12 0 7 8 9 13 11 2 5 14 10
86 76 10 6 3 1 4 12 7 0 8 9 13 11 2 5 14 10
87 77 10 6 3 1 4 12 7 2 8 9 13 11 0 5 14 10
88 78 10 6 3 1 4 12 7 2 8 9 13 11 5 0 14 10
87 77 10 6 0 1 4 12 7 3 8 9 13 11 2 5 14 10
88 78 10 6 1 0 4 12 7 3 8 9 13 11 2 5 14 10
88 78 10 0 6 1 4 12 7 3 8 9 13 11 2 5 14 10
90 81 9 10 6 1 4 12 7 3 8 9 13 11 2 5 14 0
93 83 10 10 6 1 4 0 7 3 8 9 13 11 2 5 14 12
95 85 10 0 6 1 4 10 7 3 8 9 13 11 2 5 14 12
97 88 9 12 6 1 4 10 7 3 8 9 13 11 2 5 14 0
99 89 10 12 6 1 4 10 7 3 8 9 0 11 2 5 14 13
99 90 9 12 6 1 4 0 7 3 8 9 10 11 2 5 14 13
100 92 8 12 6 1 4 13 7 3 8 9 10 11 2 5 14 0
104 95 9 0 6 1 4 13 7 3 8 9 10 11 2 5 14 12
107 98 9 3 6 1 4 13 7 0 8 9 10 11 2 5 14 12
107 99 8 3 6 1 4 13 0 7 8 9 10 11 2 5 14 12
109 100 9 3 6 1 4 13 11 7 8 9 10 0 2 5 14 12
110 102 8 3 6 1 4 13 11 7 8 9 10 12 2 5 14 0
114 105 9 0 6 1 4 13 11 7 8 9 10 12 2 5 14 3
116 107 9 12 6 1 4 13 11 7 8 9 10 0 2 5 14 3
117 109 8 12 6 1 4 13 11 7 8 9 10 3 2 5 14 0
116 108 8 12 6 1 4 13 0 7 8 9 10 11 2 5 14 3
118 109 9 12 6 1 4 13 7 0 8 9 10 11 2 5 14 3
119 110 9 12 6 1 4 13 7 2 8 9 10 11 0 5 14 3
120 111 9 12 6 1 4 13 7 2 8 9 10 11 5 0 14 3
106 97 9 13 6 1 4 0 7 3 8 9 10 11 2 5 14 12
107 99 8 13 6 1 4 12 7 3 8 9 10 11 2 5 14 0
108 99 9 3 0 1 4 13 7 6 8 9 10 11 2 5 14 12
109 100 9 3 1 0 4 13 7 6 8 9 10 11 2 5 14 12
111 102 9 0 6 1 4 13 11 7 8 9 10 3 2 5 14 12
113 104 9 13 6 1 4 0 11 7 8 9 10 3 2 5 14 12
114 106 8 13 6 1 4 12 11 7 8 9 10 3 2 5 14 0
118 109 9 0 6 1 4 12 11 7 8 9 10 3 2 5 14 13
120 111 9 3 6 1 4 12 11 7 8 9 10 0 2 5 14 13
121 113 8 3 6 1 4 12 11 7 8 9 10 13 2 5 14 0
120 112 8 3 6 1 4 12 0 7 8 9 10 11 2 5 14 13
122 113 9 3 6 1 4 12 7 0 8 9 10 11 2 5 14 13
123 114 9 3 6 1 4 12 7 2 8 9 10 11 0 5 14 13
124 115 9 3 6 1 4 12 7 2 8 9 10 11 5 0 14 13
123 114 9 3 0 1 4 12 7 6 8 9 10 11 2 5 14 13
124 115 9 3 1 0 4 12 7 6 8 9 10 11 2 5 14 13
124 115 9 0 3 1 4 12 7 6 8 9 10 11 2 5 14 13
126 118 8 13 3 1 4 12 7 6 8 9 10 11 2 5 14 0
129 120 9 13 3 1 4 0 7 6 8 9 10 11 2 5 14 12
119 110 9 12 6 1 4 0 11 7 8 9 10 13 2 5 14 3
120 112 8 12 6 1 4 3 11 7 8 9 10 13 2 5 14 0
124 115 9 0 6 1 4 3 11 7 8 9 10 13 2 5 14 12
125 116 9 6 0 1 4 3 11 7 8 9 10 13 2 5 14 12
126 117 9 6 1 0 4 3 11 7 8 9 10 13 2 5 14 12
125 116 9 11 6 1 4 3 0 7 8 9 10 13 2 5 14 12
126 117 9 11 6 1 4 3 13 7 8 9 10 0 2 5 14 12
127 119 8 0 6 1 4 3 13 7 8 9 10 11 2 5 14 12
129 122 7 12 6 1 4 3 13 7 8 9 10 11 2 5 14 0
132 124 8 12 6 1 4 0 13 7 8 9 10 11 2 5 14 3
134 126 8 0 6 1 4 12 13 7 8 9 10 11 2 5 14 3
136 129 7 3 6 1 4 12 13 7 8 9 10 11 2 5 14 0
135 127 8 6 0 1 4 12 13 7 8 9 10 11 2 5 14 3
136 128 8 6 1 0 4 12 13 7 8 9 10 11 2 5 14 3
135 127 8 13 6 1 4 12 0 7 8 9 10 11 2 5 14 3
129 121 8 3 6 1 4 0 13 7 8 9 10 11 2 5 14 12
128 120 8 6 0 1 4 3 13 7 8 9 10 11 2 5 14 12
129 121 8 6 1 0 4 3 13 7 8 9 10 11 2 5 14 12
128 120 8 13 6 1 4 3 0 7 8 9 10 11 2 5 14 12
127 119 8 11 6 1 4 3 13 7 8 9 10 12 2 5 14 0
131 122 9 0 6 1 4 3 13 7 8 9 10 12 2 5 14 11
133 124 9 3 6 1 4 0 13 7 8 9 10 12 2 5 14 11
134 126 8 3 6 1 4 11 13 7 8 9 10 12 2 5 14 0
138 129 9 0 6 1 4 11 13 7 8 9 10 12 2 5 14 3
139 130 9 6 0 1 4 11 13 7 8 9 10 12 2 5 14 3
140 131 9 6 1 0 4 11 13 7 8 9 10 12 2 5 14 3
139 130 9 13 6 1 4 11 0 7 8 9 10 12 2 5 14 3
140 131 9 13 6 1 4 11 12 7 8 9 10 0 2 5 14 3
142 134 8 13 6 1 4 0 12 7 8 9 10 11 2 5 14 3
143 136 7 13 6 1 4 3 12 7 8 9 10 11 2 5 14 0
147 139 8 0 6 1 4 3 12 7 8 9 10 11 2 5 14 13
149 141 8 3 6 1 4 0 12 7 8 9 10 11 2 5 14 13
150 143 7 3 6 1 4 13 12 7 8 9 10 11 2 5 14 0
148 140 8 6 0 1 4 3 12 7 8 9 10 11 2 5 14 13
149 141 8 6 1 0 4 3 12 7 8 9 10 11 2 5 14 13
141 133 8 13 6 1 4 11 12 7 8 9 10 3 2 5 14 0
144 136 8 0 6 1 4 13 12 7 8 9 10 11 2 5 14 3
145 137 8 6 0 1 4 13 12 7 8 9 10 11 2 5 14 3
146 138 8 6 1 0 4 13 12 7 8 9 10 11 2 5 14 3
148 140 8 12 6 1 4 3 0 7 8 9 10 11 2 5 14 13
150 141 9 12 6 1 4 3 7 0 8 9 10 11 2 5 14 13
151 142 9 12 6 1 4 3 7 2 8 9 10 11 0 5 14 13
152 143 9 12 6 1 4 3 7 2 8 9 10 11 5 0 14 13
151 142 9 12 0 1 4 3 7 6 8 9 10 11 2 5 14 13
152 143 9 12 1 0 4 3 7 6 8 9 10 11 2 5 14 13
152 143 9 0 12 1 4 3 7 6 8 9 10 11 2 5 14 13
154 146 8 13 12 1 4 3 7 6 8 9 10 11 2 5 14 0
157 148 9 13 12 1 4 0 7 6 8 9 10 11 2 5 14 3
159 150 9 0 12 1 4 13 7 6 8 9 10 11 2 5 14 3
161 153 8 3 12 1 4 13 7 6 8 9 10 11 2 5 14 0
162 153 9 6 12 1 4 13 7 0 8 9 10 11 2 5 14 3
162 154 8 6 12 1 4 13 0 7 8 9 10 11 2 5 14 3
164 155 9 6 12 1 4 13 11 7 8 9 10 0 2 5 14 3
165 157 8 6 12 1 4 13 11 7 8 9 10 3 2 5 14 0
169 160 9 0 12 1 4 13 11 7 8 9 10 3 2 5 14 6
171 162 9 3 12 1 4 13 11 7 8 9 10 0 2 5 14 6
172 164 8 3 12 1 4 13 11 7 8 9 10 6 2 5 14 0
171 163 8 3 12 1 4 13 0 7 8 9 10 11 2 5 14 6
173 164 9 3 12 1 4 13 7 0 8 9 10 11 2 5 14 6
174 165 9 3 12 1 4 13 7 2 8 9 10 11 0 5 14 6
175 166 9 3 12 1 4 13 7 2 8 9 10 11 5 0 14 6
127 118 9 11 6 1 4 3 13 7 8 9 10 2 0 5 14 12
128 119 9 11 6 1 4 3 13 7 8 9 10 2 5 0 14 12
130 121 9 11 6 1 4 0 13 7 8 9 10 12 2 5 14 3
136 127 9 12 6 1 4 11 13 7 8 9 10 0 2 5 14 3
137 129 8 12 6 1 4 11 13 7 8 9 10 3 2 5 14 0
141 132 9 0 6 1 4 11 13 7 8 9 10 3 2 5 14 12
142 133 9 6 0 1 4 11 13 7 8 9 10 3 2 5 14 12
143 134 9 6 1 0 4 11 13 7 8 9 10 3 2 5 14 12
132 123 9 12 6 1 4 3 13 7 8 9 10 11 2 5 0 14
133 124 9 12 6 1 4 3 13 7 8 9 10 11 2 0 5 14
134 125 9 12 6 1 4 3 13 7 8 9 10 11 0 2 5 14
148 139 9 13 6 1 4 3 12 7 8 0 10 11 2 5 14 9
144 135 9 13 6 1 0 4 12 7 8 9 10 11 2 5 14 3
145 136 9 13 6 0 1 4 12 7 8 9 10 11 2 5 14 3
146 137 9 13 0 6 1 4 12 7 8 9 10 11 2 5 14 3
147 138 9 0 13 6 1 4 12 7 8 9 10 11 2 5 14 3
149 141 8 3 13 6 1 4 12 7 8 9 10 11 2 5 14 0
152 143 9 3 13 6 1 0 12 7 8 9 10 11 2 5 14 4
154 145 9 0 13 6 1 3 12 7 8 9 10 11 2 5 14 4
156 148 8 4 13 6 1 3 12 7 8 9 10 11 2 5 14 0
146 137 9 13 6 1 4 3 12 7 8 9 0 11 2 5 14 10
147 138 9 13 6 1 4 0 12 7 8 9 3 11 2 5 14 10
148 140 8 13 6 1 4 10 12 7 8 9 3 11 2 5 14 0
152 143 9 0 6 1 4 10 12 7 8 9 3 11 2 5 14 13
154 145 9 10 6 1 4 0 12 7 8 9 3 11 2 5 14 13
155 147 8 10 6 1 4 13 12 7 8 9 3 11 2 5 14 0
157 148 9 10 6 1 4 13 12 7 8 9 0 11 2 5 14 3
158 149 9 10 6 1 4 0 12 7 8 9 13 11 2 5 14 3
159 151 8 10 6 1 4 3 12 7 8 9 13 11 2 5 14 0
163 154 9 0 6 1 4 3 12 7 8 9 13 11 2 5 14 10
165 156 9 3 6 1 4 0 12 7 8 9 13 11 2 5 14 10
166 158 8 3 6 1 4 10 12 7 8 9 13 11 2 5 14 0
155 146 9 3 6 1 4 13 12 7 8 0 10 11 2 5 14 9
154 145 9 3 6 1 4 13 12 7 8 9 10 0 2 5 14 11
157 148 9 3 6 1 4 0 12 7 8 9 10 13 2 5 14 11
158 150 8 3 6 1 4 11 12 7 8 9 10 13 2 5 14 0
150 141 9 6 7 1 4 3 12 0 8 9 10 11 2 5 14 13
151 142 9 6 7 1 4 3 0 12 8 9 10 11 2 5 14 13
139 130 9 3 6 1 4 12 13 7 8 9 10 11 2 5 0 14
140 131 9 3 6 1 4 12 13 7 8 9 10 11 2 0 5 14
141 132 9 3 6 1 4 12 13 7 8 9 10 11 0 2 5 14
145 136 9 0 6 1 4 11 12 7 8 9 10 3 2 5 14 13
147 138 9 11 6 1 4 0 12 7 8 9 10 3 2 5 14 13
148 140 8 11 6 1 4 13 12 7 8 9 10 3 2 5 14 0
148 139 9 6 1 8 4 13 12 7 0 9 10 11 2 5 14 3
149 140 9 6 1 8 4 13 12 7 5 9 10 11 2 0 14 3
150 141 9 6 1 8 4 13 12 7 5 9 10 11 0 2 14 3
133 124 9 11 6 1 4 12 13 7 8 9 10 0 2 5 14 3
134 126 8 11 6 1 4 12 13 7 8 9 10 3 2 5 14 0
138 129 9 0 6 1 4 12 13 7 8 9 10 3 2 5 14 11
139 130 9 6 0 1 4 12 13 7 8 9 10 3 2 5 14 11
140 131 9 6 1 0 4 12 13 7 8 9 10 3 2 5 14 11
131 122 9 3 6 1 0 4 13 7 8 9 10 11 2 5 14 12
132 123 9 3 6 0 1 4 13 7 8 9 10 11 2 5 14 12
133 124 9 3 0 6 1 4 13 7 8 9 10 11 2 5 14 12
134 125 9 0 3 6 1 4 13 7 8 9 10 11 2 5 14 12
136 128 8 12 3 6 1 4 13 7 8 9 10 11 2 5 14 0
139 130 9 12 3 6 1 0 13 7 8 9 10 11 2 5 14 4
141 132 9 0 3 6 1 12 13 7 8 9 10 11 2 5 14 4
143 135 8 4 3 6 1 12 13 7 8 9 10 11 2 5 14 0
142 133 9 3 0 6 1 12 13 7 8 9 10 11 2 5 14 4
143 134 9 3 6 0 1 12 13 7 8 9 10 11 2 5 14 4
144 135 9 3 6 1 0 12 13 7 8 9 10 11 2 5 14 4
145 136 9 3 6 1 12 0 13 7 8 9 10 11 2 5 14 4
146 138 8 3 6 1 12 4 13 7 8 9 10 11 2 5 14 0
150 141 9 0 6 1 12 4 13 7 8 9 10 11 2 5 14 3
152 143 9 4 6 1 12 0 13 7 8 9 10 11 2 5 14 3
153 145 8 4 6 1 12 3 13 7 8 9 10 11 2 5 14 0
153 144 9 4 6 1 0 12 13 7 8 9 10 11 2 5 14 3
154 145 9 4 6 0 1 12 13 7 8 9 10 11 2 5 14 3
155 146 9 4 0 6 1 12 13 7 8 9 10 11 2 5 14 3
156 147 9 0 4 6 1 12 13 7 8 9 10 11 2 5 14 3
158 150 8 3 4 6 1 12 13 7 8 9 10 11 2 5 14 0
161 152 9 3 4 6 1 0 13 7 8 9 10 11 2 5 14 12
163 154 9 0 4 6 1 3 13 7 8 9 10 11 2 5 14 12
165 157 8 12 4 6 1 3 13 7 8 9 10 11 2 5 14 0
164 155 9 4 0 6 1 3 13 7 8 9 10 11 2 5 14 12
165 156 9 4 6 0 1 3 13 7 8 9 10 11 2 5 14 12
166 157 9 4 6 1 0 3 13 7 8 9 10 11 2 5 14 12
167 158 9 4 6 1 3 0 13 7 8 9 10 11 2 5 14 12
168 160 8 4 6 1 3 12 13 7 8 9 10 11 2 5 14 0
172 163 9 0 6 1 3 12 13 7 8 9 10 11 2 5 14 4
174 165 9 12 6 1 3 0 13 7 8 9 10 11 2 5 14 4
175 167 8 12 6 1 3 4 13 7 8 9 10 11 2 5 14 0
175 166 9 12 6 1 0 3 13 7 8 9 10 11 2 5 14 4
176 167 9 12 6 0 1 3 13 7 8 9 10 11 2 5 14 4
177 168 9 12 0 6 1 3 13 7 8 9 10 11 2 5 14 4
178 169 9 0 12 6 1 3 13 7 8 9 10 11 2 5 14 4
180 172 8 4 12 6 1 3 13 7 8 9 10 11 2 5 14 0
183 174 9 4 12 6 1 0 13 7 8 9 10 11 2 5 14 3
185 176 9 0 12 6 1 4 13 7 8 9 10 11 2 5 14 3
187 179 8 3 12 6 1 4 13 7 8 9 10 11 2 5 14 0
186 177 9 12 0 6 1 4 13 7 8 9 10 11 2 5 14 3
187 178 9 12 6 0 1 4 13 7 8 9 10 11 2 5 14 3
186 177 9 13 12 6 1 4 0 7 8 9 10 11 2 5 14 3
184 175 9 4 12 6 0 1 13 7 8 9 10 11 2 5 14 3
185 176 9 4 12 0 6 1 13 7 8 9 10 11 2 5 14 3
186 177 9 4 0 12 6 1 13 7 8 9 10 11 2 5 14 3
187 178 9 0 4 12 6 1 13 7 8 9 10 11 2 5 14 3
189 181 8 3 4 12 6 1 13 7 8 9 10 11 2 5 14 0
188 180 8 1 4 12 6 0 13 7 8 9 10 11 2 5 14 3
189 182 7 1 4 12 6 3 13 7 8 9 10 11 2 5 14 0
189 181 8 1 4 12 0 6 13 7 8 9 10 11 2 5 14 3
190 182 8 1 4 0 12 6 13 7 8 9 10 11 2 5 14 3
191 183 8 1 0 4 12 6 13 7 8 9 10 11 2 5 14 3
193 184 9 0 1 4 12 6 13 7 8 9 10 11 2 5 14 3
195 187 8 3 1 4 12 6 13 7 8 9 10 11 2 5 14 0
198 189 9 3 1 4 12 0 13 7 8 9 10 11 2 5 14 6
200 191 9 0 1 4 12 3 13 7 8 9 10 11 2 5 14 6
202 194 8 6 1 4 12 3 13 7 8 9 10 11 2 5 14 0
200 192 8 1 0 4 12 3 13 7 8 9 10 11 2 5 14 6
201 193 8 1 4 0 12 3 13 7 8 9 10 11 2 5 14 6
202 194 8 1 4 12 0 3 13 7 8 9 10 11 2 5 14 6
203 195 8 1 4 12 3 0 13 7 8 9 10 11 2 5 14 6
204 197 7 1 4 12 3 6 13 7 8 9 10 11 2 5 14 0
209 200 9 1 4 12 3 6 13 7 8 0 10 11 2 5 14 9
210 201 9 1 4 12 0 6 13 7 8 3 10 11 2 5 14 9
211 202 9 1 4 12 6 0 13 7 8 3 10 11 2 5 14 9
212 204 8 1 4 12 6 9 13 7 8 3 10 11 2 5 14 0
211 202 9 1 4 0 12 6 13 7 8 3 10 11 2 5 14 9
212 203 9 1 0 4 12 6 13 7 8 3 10 11 2 5 14 9
192 183 9 1 4 12 6 3 13 7 8 9 10 11 2 5 0 14
193 184 9 1 4 12 6 3 13 7 8 9 10 11 2 0 5 14
194 185 9 1 4 12 6 3 13 7 8 9 10 11 0 2 5 14
142 133 9 13 3 6 1 12 0 7 8 9 10 11 2 5 14 4
188 179 9 13 4 12 6 1 0 7 8 9 10 11 2 5 14 3
179 170 9 13 12 6 1 3 0 7 8 9 10 11 2 5 14 4
134 125 9 12 6 1 0 4 13 7 8 9 10 11 2 5 14 3
173 164 9 13 6 1 3 12 0 7 8 9 10 11 2 5 14 4
192 183 9 3 4 12 6 0 13 7 8 9 10 11 2 5 14 1
193 184 9 3 4 12 0 6 13 7 8 9 10 11 2 5 14 1
194 185 9 3 4 0 12 6 13 7 8 9 10 11 2 5 14 1
195 186 9 3 0 4 12 6 13 7 8 9 10 11 2 5 14 1
196 187 9 0 3 4 12 6 13 7 8 9 10 11 2 5 14 1
197 190 7 1 3 4 12 6 13 7 8 9 10 11 2 5 14 0
200 192 8 1 3 4 12 0 13 7 8 9 10 11 2 5 14 6
201 193 8 1 3 4 0 12 13 7 8 9 10 11 2 5 14 6
201 194 7 1 3 0 4 12 13 7 8 9 10 11 2 5 14 6
201 195 6 1 0 3 4 12 13 7 8 9 10 11 2 5 14 6
203 196 7 0 1 3 4 12 13 7 8 9 10 11 2 5 14 6
205 199 6 6 1 3 4 12 13 7 8 9 10 11 2 5 14 0
208 201 7 6 1 3 4 0 13 7 8 9 10 11 2 5 14 12
210 203 7 0 1 3 4 6 13 7 8 9 10 11 2 5 14 12
212 206 6 12 1 3 4 6 13 7 8 9 10 11 2 5 14 0
210 204 6 1 0 3 4 6 13 7 8 9 10 11 2 5 14 12
212 205 7 1 3 0 4 6 13 7 8 9 10 11 2 5 14 12
212 205 7 1 7 3 4 6 13 0 8 9 10 11 2 5 14 12
213 206 7 1 7 3 4 6 0 13 8 9 10 11 2 5 14 12
213 206 7 1 7 3 4 6 13 2 8 9 10 11 0 5 14 12
214 207 7 1 7 3 4 6 13 2 8 9 10 11 5 0 14 12
211 204 7 13 1 3 4 6 0 7 8 9 10 11 2 5 14 12
205 198 7 12 1 3 4 0 13 7 8 9 10 11 2 5 14 6
204 197 7 13 1 3 4 12 0 7 8 9 10 11 2 5 14 6
203 196 7 1 7 3 4 12 13 0 8 9 10 11 2 5 14 6
204 197 7 1 7 3 4 12 0 13 8 9 10 11 2 5 14 6
204 197 7 1 7 3 4 12 13 2 8 9 10 11 0 5 14 6
205 198 7 1 7 3 4 12 13 2 8 9 10 11 5 0 14 6
207 199 8 1 7 3 4 12 13 2 8 9 10 11 5 14 0 6
207 200 7 1 7 3 4 12 13 2 8 9 10 11 5 14 6 0
210 202 8 1 7 3 4 0 13 2 8 9 10 11 5 14 6 12
214 206 8 1 3 4 0 6 13 7 8 9 10 11 2 5 14 12
215 207 8 1 3 4 6 0 13 7 8 9 10 11 2 5 14 12
216 209 7 1 3 4 6 12 13 7 8 9 10 11 2 5 14 0
207 199 8 1 7 3 4 12 13 2 0 9 10 11 5 8 14 6
208 200 8 1 7 3 4 12 13 0 2 9 10 11 5 8 14 6
208 201 7 1 0 3 4 12 13 7 2 9 10 11 5 8 14 6
210 202 8 1 3 0 4 12 13 7 2 9 10 11 5 8 14 6
211 203 8 1 3 2 4 12 13 7 0 9 10 11 5 8 14 6
211 204 7 1 3 2 4 12 13 7 8 9 10 11 5 0 14 6
212 205 7 1 3 2 4 12 13 7 8 9 10 11 0 5 14 6
214 206 8 1 3 2 4 12 13 7 8 9 10 0 11 5 14 6
215 208 7 1 3 2 4 12 13 7 8 9 10 6 11 5 14 0
218 210 8 1 3 2 4 0 13 7 8 9 10 6 11 5 14 12
221 213 8 1 3 2 4 6 13 7 8 9 10 0 11 5 14 12
222 215 7 1 3 2 4 6 13 7 8 9 10 12 11 5 14 0
221 214 7 1 3 2 4 6 13 7 8 9 10 11 0 5 14 12
222 215 7 1 3 2 4 6 13 7 8 9 10 11 5 0 14 12
224 216 8 1 3 2 4 6 13 7 8 9 10 11 5 14 0 12
224 217 7 1 3 2 4 6 13 7 8 9 10 11 5 14 12 0
227 219 8 1 3 2 4 0 13 7 8 9 10 11 5 14 12 6
208 200 8 6 1 3 4 12 13 7 8 9 0 11 2 5 14 10
209 201 8 6 1 3 4 0 13 7 8 9 12 11 2 5 14 10
210 203 7 6 1 3 4 10 13 7 8 9 12 11 2 5 14 0
214 206 8 0 1 3 4 10 13 7 8 9 12 11 2 5 14 6
214 207 7 1 0 3 4 10 13 7 8 9 12 11 2 5 14 6
216 208 8 1 3 0 4 10 13 7 8 9 12 11 2 5 14 6
206 198 8 11 1 3 4 12 13 7 8 9 10 0 2 5 14 6
207 200 7 11 1 3 4 12 13 7 8 9 10 6 2 5 14 0
211 203 8 0 1 3 4 12 13 7 8 9 10 6 2 5 14 11
211 204 7 1 0 3 4 12 13 7 8 9 10 6 2 5 14 11
213 205 8 1 3 0 4 12 13 7 8 9 10 6 2 5 14 11
207 199 8 12 1 3 4 10 13 7 8 9 0 11 2 5 14 6
207 200 7 12 1 3 4 10 13 7 8 9 6 11 2 5 14 0
211 203 8 0 1 3 4 10 13 7 8 9 6 11 2 5 14 12
211 204 7 1 0 3 4 10 13 7 8 9 6 11 2 5 14 12
213 205 8 1 3 0 4 10 13 7 8 9 6 11 2 5 14 12
208 200 8 6 1 3 4 12 13 7 8 9 10 11 2 5 0 14
209 201 8 6 1 3 4 12 13 7 8 9 10 11 2 0 5 14
210 202 8 6 1 3 4 12 13 7 8 9 10 11 0 2 5 14
206 198 8 1 7 3 4 12 13 2 8 9 10 0 11 5 14 6
207 200 7 1 7 3 4 12 13 2 8 9 10 6 11 5 14 0
210 202 8 1 7 3 4 0 13 2 8 9 10 6 11 5 14 12
210 202 8 6 1 3 0 4 13 7 8 9 10 11 2 5 14 12
210 202 8 6 1 3 4 10 13 7 8 9 0 11 2 5 14 12
209 201 8 1 7 3 4 12 13 0 8 9 10 2 11 5 14 6
209 202 7 1 0 3 4 12 13 7 8 9 10 2 11 5 14 6
211 203 8 1 3 0 4 12 13 7 8 9 10 2 11 5 14 6
211 203 8 0 1 3 4 12 13 7 8 9 10 2 11 5 14 6
213 206 7 6 1 3 4 12 13 7 8 9 10 2 11 5 14 0
216 208 8 6 1 3 4 0 13 7 8 9 10 2 11 5 14 12
219 211 8 6 1 3 4 2 13 7 8 9 10 0 11 5 14 12
220 213 7 6 1 3 4 2 13 7 8 9 10 12 11 5 14 0
219 212 7 6 1 3 4 2 13 7 8 9 10 11 0 5 14 12
220 213 7 6 1 3 4 2 13 7 8 9 10 11 5 0 14 12
222 214 8 6 1 3 4 2 13 7 8 9 10 11 5 14 0 12
222 215 7 6 1 3 4 2 13 7 8 9 10 11 5 14 12 0
226 218 8 0 1 3 4 2 13 7 8 9 10 11 5 14 12 6
226 219 7 1 0 3 4 2 13 7 8 9 10 11 5 14 12 6
228 220 8 1 3 0 4 2 13 7 8 9 10 11 5 14 12 6
228 220 8 1 7 3 4 2 13 0 8 9 10 11 5 14 12 6
229 221 8 1 7 3 4 2 0 13 8 9 10 11 5 14 12 6
229 221 8 1 7 3 4 2 13 5 8 9 10 11 0 14 12 6
230 222 8 1 7 3 4 2 13 5 8 9 10 11 14 0 12 6
231 223 8 1 7 3 4 2 13 5 8 9 10 11 14 12 0 6
231 224 7 1 7 3 4 2 13 5 8 9 10 11 14 12 6 0
234 226 8 1 7 3 4 0 13 5 8 9 10 11 14 12 6 2
214 206 8 1 3 2 4 12 13 0 8 9 10 11 7 5 14 6
215 207 8 1 3 2 4 12 0 13 8 9 10 11 7 5 14 6
215 207 8 1 0 2 4 12 13 3 8 9 10 11 7 5 14 6
215 208 7 1 2 0 4 12 13 3 8 9 10 11 7 5 14 6
217 209 8 1 2 4 0 12 13 3 8 9 10 11 7 5 14 6
218 210 8 1 2 4 12 0 13 3 8 9 10 11 7 5 14 6
219 212 7 1 2 4 12 6 13 3 8 9 10 11 7 5 14 0
217 209 8 1 2 8 4 12 13 3 0 9 10 11 7 5 14 6
218 210 8 1 2 8 4 12 13 0 3 9 10 11 7 5 14 6
218 211 7 1 2 8 4 12 13 7 3 9 10 11 0 5 14 6
219 212 7 1 2 8 4 12 13 7 3 9 10 11 5 0 14 6
220 213 7 1 2 8 4 12 13 7 0 9 10 11 5 3 14 6
220 214 6 1 2 0 4 12 13 7 8 9 10 11 5 3 14 6
222 215 7 1 2 4 0 12 13 7 8 9 10 11 5 3 14 6
223 216 7 1 2 4 12 0 13 7 8 9 10 11 5 3 14 6
224 218 6 1 2 4 12 6 13 7 8 9 10 11 5 3 14 0
222 215 7 1 0 2 4 12 13 7 8 9 10 11 5 3 14 6
224 216 8 0 1 2 4 12 13 7 8 9 10 11 5 3 14 6
226 219 7 6 1 2 4 12 13 7 8 9 10 11 5 3 14 0
229 221 8 6 1 2 4 0 13 7 8 9 10 11 5 3 14 12
231 223 8 0 1 2 4 6 13 7 8 9 10 11 5 3 14 12
233 226 7 12 1 2 4 6 13 7 8 9 10 11 5 3 14 0
231 224 7 1 0 2 4 6 13 7 8 9 10 11 5 3 14 12
231 225 6 1 2 0 4 6 13 7 8 9 10 11 5 3 14 12
233 226 7 1 2 4 0 6 13 7 8 9 10 11 5 3 14 12
234 227 7 1 2 4 6 0 13 7 8 9 10 11 5 3 14 12
235 229 6 1 2 4 6 12 13 7 8 9 10 11 5 3 14 0
233 226 7 1 2 8 4 6 13 7 0 9 10 11 5 3 14 12
234 227 7 1 2 8 4 6 13 7 3 9 10 11 5 0 14 12
235 228 7 1 2 8 4 6 13 7 3 9 10 11 0 5 14 12
237 229 8 1 2 8 4 6 13 7 3 9 10 0 11 5 14 12
238 231 7 1 2 8 4 6 13 7 3 9 10 12 11 5 14 0
241 233 8 1 2 8 4 0 13 7 3 9 10 12 11 5 14 6
240 232 8 1 2 8 4 0 13 7 3 9 10 6 11 5 14 12
241 234 7 1 2 8 4 12 13 7 3 9 10 6 11 5 14 0
212 204 8 13 1 3 4 10 0 7 8 9 6 11 2 5 14 12
215 207 8 1 7 3 4 6 11 13 8 9 10 0 2 5 14 12
216 209 7 1 7 3 4 6 11 13 8 9 10 12 2 5 14 0
219 211 8 1 7 3 4 0 11 13 8 9 10 12 2 5 14 6
218 210 8 1 7 3 4 6 11 0 8 9 10 13 2 5 14 12
218 211 7 1 0 3 4 6 11 7 8 9 10 13 2 5 14 12
220 212 8 1 3 0 4 6 11 7 8 9 10 13 2 5 14 12
220 212 8 0 1 3 4 6 11 7 8 9 10 13 2 5 14 12
222 215 7 12 1 3 4 6 11 7 8 9 10 13 2 5 14 0
225 217 8 12 1 3 4 0 11 7 8 9 10 13 2 5 14 6
228 220 8 12 1 3 4 13 11 7 8 9 10 0 2 5 14 6
229 222 7 12 1 3 4 13 11 7 8 9 10 6 2 5 14 0
228 221 7 12 1 3 4 13 0 7 8 9 10 11 2 5 14 6
230 222 8 12 1 3 4 13 7 0 8 9 10 11 2 5 14 6
231 223 8 12 1 3 4 13 7 2 8 9 10 11 0 5 14 6
232 224 8 12 1 3 4 13 7 2 8 9 10 11 5 0 14 6
231 223 8 12 0 3 4 13 7 1 8 9 10 11 2 5 14 6
232 224 8 0 12 3 4 13 7 1 8 9 10 11 2 5 14 6
234 227 7 1 12 3 4 13 7 0 8 9 10 11 2 5 14 6
234 228 6 1 12 3 4 13 0 7 8 9 10 11 2 5 14 6
236 229 7 1 12 3 4 13 11 7 8 9 10 0 2 5 14 6
237 231 6 1 12 3 4 13 11 7 8 9 10 6 2 5 14 0
240 233 7 1 12 3 4 0 11 7 8 9 10 6 2 5 14 13
243 236 7 1 12 3 4 6 11 7 8 9 10 0 2 5 14 13
244 238 6 1 12 3 4 6 11 7 8 9 10 13 2 5 14 0
243 237 6 1 12 3 4 6 0 7 8 9 10 11 2 5 14 13
245 238 7 1 12 3 4 6 7 0 8 9 10 11 2 5 14 13
246 239 7 1 12 3 4 6 7 2 8 9 10 11 0 5 14 13
247 240 7 1 12 3 4 6 7 2 8 9 10 11 5 0 14 13
246 239 7 1 0 3 4 6 7 12 8 9 10 11 2 5 14 13
244 237 7 1 12 3 4 6 11 7 8 9 10 2 0 5 14 13
245 238 7 1 12 3 4 6 11 7 8 9 10 2 5 0 14 13
239 232 7 1 12 3 4 0 11 7 8 9 10 13 2 5 14 6
237 230 7 1 12 3 4 13 11 7 8 9 10 2 0 5 14 6
238 231 7 1 12 3 4 13 11 7 8 9 10 2 5 0 14 6
235 228 7 1 12 3 4 13 7 2 8 9 10 11 0 5 14 6
236 229 7 1 12 3 4 13 7 2 8 9 10 11 5 0 14 6
234 227 7 6 12 3 4 13 7 1 8 9 10 11 2 5 14 0
235 228 7 1 0 3 4 13 7 12 8 9 10 11 2 5 14 6
237 229 8 1 3 0 4 13 7 12 8 9 10 11 2 5 14 6
237 229 8 0 1 3 4 13 7 12 8 9 10 11 2 5 14 6
239 232 7 6 1 3 4 13 7 12 8 9 10 11 2 5 14 0
242 234 8 6 1 3 4 0 7 12 8 9 10 11 2 5 14 13
239 231 8 13 1 3 4 0 7 12 8 9 10 11 2 5 14 6
240 233 7 13 1 3 4 6 7 12 8 9 10 11 2 5 14 0
238 230 8 7 1 3 4 13 0 12 8 9 10 11 2 5 14 6
239 231 8 7 1 3 4 13 12 0 8 9 10 11 2 5 14 6
240 232 8 7 1 3 4 13 12 2 8 9 10 11 0 5 14 6
241 233 8 7 1 3 4 13 12 2 8 9 10 11 5 0 14 6
240 232 8 7 0 3 4 13 12 1 8 9 10 11 2 5 14 6
241 233 8 0 7 3 4 13 12 1 8 9 10 11 2 5 14 6
243 236 7 1 7 3 4 13 12 0 8 9 10 11 2 5 14 6
243 237 6 1 0 3 4 13 12 7 8 9 10 11 2 5 14 6
245 238 7 1 3 0 4 13 12 7 8 9 10 11 2 5 14 6
245 238 7 0 1 3 4 13 12 7 8 9 10 11 2 5 14 6
247 241 6 6 1 3 4 13 12 7 8 9 10 11 2 5 14 0
250 243 7 6 1 3 4 0 12 7 8 9 10 11 2 5 14 13
252 245 7 0 1 3 4 6 12 7 8 9 10 11 2 5 14 13
254 248 6 13 1 3 4 6 12 7 8 9 10 11 2 5 14 0
252 246 6 1 0 3 4 6 12 7 8 9 10 11 2 5 14 13
254 247 7 1 3 0 4 6 12 7 8 9 10 11 2 5 14 13
254 247 7 1 7 3 4 6 12 0 8 9 10 11 2 5 14 13
255 248 7 1 7 3 4 6 0 12 8 9 10 11 2 5 14 13
255 248 7 1 7 3 4 6 12 2 8 9 10 11 0 5 14 13
256 249 7 1 7 3 4 6 12 2 8 9 10 11 5 0 14 13
253 246 7 12 1 3 4 6 0 7 8 9 10 11 2 5 14 13
247 240 7 13 1 3 4 0 12 7 8 9 10 11 2 5 14 6
244 237 7 1 7 3 4 13 0 12 8 9 10 11 2 5 14 6
244 237 7 1 7 3 4 13 12 2 8 9 10 11 0 5 14 6
245 238 7 1 7 3 4 13 12 2 8 9 10 11 5 0 14 6
243 236 7 6 7 3 4 13 12 1 8 9 10 11 2 5 14 0
246 238 8 6 7 3 4 0 12 1 8 9 10 11 2 5 14 13
248 240 8 0 7 3 4 6 12 1 8 9 10 11 2 5 14 13
250 243 7 13 7 3 4 6 12 1 8 9 10 11 2 5 14 0
249 241 8 7 0 3 4 6 12 1 8 9 10 11 2 5 14 13
249 241 8 12 7 3 4 6 0 1 8 9 10 11 2 5 14 13
250 242 8 12 7 3 4 6 1 0 8 9 10 11 2 5 14 13
250 243 7 12 0 3 4 6 1 7 8 9 10 11 2 5 14 13
251 244 7 0 12 3 4 6 1 7 8 9 10 11 2 5 14 13
253 247 6 13 12 3 4 6 1 7 8 9 10 11 2 5 14 0
256 249 7 13 12 3 4 0 1 7 8 9 10 11 2 5 14 6
258 251 7 0 12 3 4 13 1 7 8 9 10 11 2 5 14 6
260 254 6 6 12 3 4 13 1 7 8 9 10 11 2 5 14 0
259 252 7 12 0 3 4 13 1 7 8 9 10 11 2 5 14 6
253 246 7 6 12 3 4 0 1 7 8 9 10 11 2 5 14 13
257 249 8 6 12 3 4 9 1 7 8 0 10 11 2 5 14 13
257 249 8 6 12 3 4 11 1 7 8 9 10 0 2 5 14 13
258 251 7 6 12 3 4 11 1 7 8 9 10 13 2 5 14 0
262 254 8 0 12 3 4 11 1 7 8 9 10 13 2 5 14 6
262 255 7 1 12 3 4 11 0 7 8 9 10 13 2 5 14 6
263 256 7 1 12 3 4 11 13 7 8 9 10 0 2 5 14 6
265 259 6 1 12 3 4 0 13 7 8 9 10 11 2 5 14 6
266 261 5 1 12 3 4 6 13 7 8 9 10 11 2 5 14 0
264 258 6 1 12 3 4 11 13 7 8 9 10 6 2 5 14 0
267 260 7 1 12 3 4 0 13 7 8 9 10 6 2 5 14 11
271 264 7 1 12 3 4 6 13 7 8 0 10 11 2 5 14 9
271 264 7 0 12 3 4 6 13 7 8 9 10 11 2 5 14 1
273 266 7 6 12 3 4 0 13 7 8 9 10 11 2 5 14 1
274 268 6 6 12 3 4 1 13 7 8 9 10 11 2 5 14 0
272 265 7 12 0 3 4 6 13 7 8 9 10 11 2 5 14 1
272 265 7 13 12 3 4 6 0 7 8 9 10 11 2 5 14 1
270 263 7 1 12 3 4 6 13 7 8 9 10 0 2 5 14 11
271 264 7 1 12 3 4 6 13 7 8 9 10 2 0 5 14 11
272 265 7 1 12 3 4 6 13 7 8 9 10 2 5 0 14 11
271 264 7 1 12 3 4 6 0 7 8 9 10 13 2 5 14 11
268 261 7 0 12 3 4 1 13 7 8 9 10 11 2 5 14 6
269 262 7 12 0 3 4 1 13 7 8 9 10 11 2 5 14 6
269 262 7 13 12 3 4 1 0 7 8 9 10 11 2 5 14 6
264 257 7 1 12 3 4 11 13 7 8 9 10 2 0 5 14 6
265 258 7 1 12 3 4 11 13 7 8 9 10 2 5 0 14 6
267 260 7 1 12 3 0 4 13 7 8 9 10 11 2 5 14 6
267 260 7 1 12 3 4 10 13 7 8 9 0 11 2 5 14 6
267 261 6 1 12 3 4 10 13 7 8 9 6 11 2 5 14 0
270 263 7 1 12 3 4 0 13 7 8 9 6 11 2 5 14 10
269 262 7 1 12 3 4 6 13 7 8 9 10 11 2 5 0 14
270 263 7 1 12 3 4 6 13 7 8 9 10 11 2 0 5 14
271 264 7 1 12 3 4 6 13 7 8 9 10 11 0 2 5 14
269 262 7 1 12 3 4 6 13 7 8 9 0 11 2 5 14 10
269 262 7 1 12 3 4 9 13 7 8 0 10 11 2 5 14 6
271 263 8 1 12 3 4 9 13 7 8 10 0 11 2 5 14 6
271 264 7 1 12 3 4 9 13 7 8 10 6 11 2 5 14 0
274 266 8 1 12 3 4 0 13 7 8 10 6 11 2 5 14 9
272 264 8 1 12 3 4 0 13 7 8 10 9 11 2 5 14 6
273 266 7 1 12 3 4 6 13 7 8 10 9 11 2 5 14 0
272 264 8 1 12 3 4 6 13 7 0 9 10 11 2 8 5 14
240 232 8 1 12 3 4 13 11 0 8 9 10 7 2 5 14 6
241 233 8 1 12 3 4 13 0 11 8 9 10 7 2 5 14 6
242 234 8 1 12 3 4 13 7 11 8 9 10 0 2 5 14 6
243 236 7 1 12 3 4 13 7 11 8 9 10 6 2 5 14 0
246 238 8 1 12 3 4 0 7 11 8 9 10 6 2 5 14 13
249 241 8 1 12 3 4 6 7 11 8 9 10 0 2 5 14 13
250 243 7 1 12 3 4 6 7 11 8 9 10 13 2 5 14 0
250 242 8 1 12 3 4 6 7 11 8 9 10 2 0 5 14 13
251 243 8 1 12 3 4 6 7 11 8 9 10 2 5 0 14 13
251 243 8 1 12 3 4 6 7 0 8 9 10 2 11 5 14 13
251 244 7 1 12 3 4 6 0 7 8 9 10 2 11 5 14 13
252 245 7 1 12 3 4 6 2 7 8 9 10 0 11 5 14 13
253 247 6 1 12 3 4 6 2 7 8 9 10 13 11 5 14 0
252 246 6 1 12 3 4 6 2 7 8 9 10 11 0 5 14 13
253 247 6 1 12 3 4 6 2 7 8 9 10 11 5 0 14 13
255 248 7 1 12 3 4 6 2 7 8 9 10 11 5 14 0 13
255 249 6 1 12 3 4 6 2 7 8 9 10 11 5 14 13 0
258 251 7 1 12 3 4 0 2 7 8 9 10 11 5 14 13 6
255 248 7 1 12 3 4 6 2 7 0 9 10 11 5 8 14 13
254 247 7 1 12 3 4 6 2 0 8 9 10 11 7 5 14 13
255 248 7 1 12 3 4 6 0 2 8 9 10 11 7 5 14 13
255 248 7 1 0 3 4 6 2 12 8 9 10 11 7 5 14 13
256 249 7 1 12 3 4 0 2 7 8 9 10 13 11 5 14 6
259 252 7 1 12 3 4 13 2 7 8 9 10 0 11 5 14 6
260 254 6 1 12 3 4 13 2 7 8 9 10 6 11 5 14 0
259 253 6 1 12 3 4 13 2 7 8 9 10 11 0 5 14 6
260 254 6 1 12 3 4 13 2 7 8 9 10 11 5 0 14 6
262 255 7 1 12 3 4 13 2 7 8 9 10 11 5 14 0 6
262 256 6 1 12 3 4 13 2 7 8 9 10 11 5 14 6 0
265 258 7 1 12 3 4 0 2 7 8 9 10 11 5 14 6 13
262 255 7 1 12 3 4 13 2 7 0 9 10 11 5 8 14 6
261 254 7 1 12 3 4 13 2 0 8 9 10 11 7 5 14 6
262 255 7 1 12 3 4 13 0 2 8 9 10 11 7 5 14 6
262 255 7 1 0 3 4 13 2 12 8 9 10 11 7 5 14 6
260 253 7 1 12 3 4 13 0 7 8 9 10 2 11 5 14 6
255 248 7 1 12 3 4 0 2 7 8 9 10 6 11 5 14 13
259 251 8 1 12 3 4 9 2 7 8 0 10 6 11 5 14 13
258 250 8 0 12 3 4 1 2 7 8 9 10 6 11 5 14 13
260 253 7 13 12 3 4 1 2 7 8 9 10 6 11 5 14 0
263 255 8 13 12 3 4 0 2 7 8 9 10 6 11 5 14 1
266 258 8 13 12 3 4 6 2 7 8 9 10 0 11 5 14 1
267 260 7 13 12 3 4 6 2 7 8 9 10 1 11 5 14 0
266 259 7 13 12 3 4 6 2 7 8 9 10 11 0 5 14 1
267 260 7 13 12 3 4 6 2 7 8 9 10 11 5 0 14 1
269 261 8 13 12 3 4 6 2 7 8 9 10 11 5 14 0 1
269 262 7 13 12 3 4 6 2 7 8 9 10 11 5 14 1 0
273 265 8 0 12 3 4 6 2 7 8 9 10 11 5 14 1 13
275 267 8 6 12 3 4 0 2 7 8 9 10 11 5 14 1 13
276 269 7 6 12 3 4 13 2 7 8 9 10 11 5 14 1 0
280 272 8 0 12 3 4 13 2 7 8 9 10 11 5 14 1 6
281 273 8 12 0 3 4 13 2 7 8 9 10 11 5 14 1 6
281 273 8 2 12 3 4 13 0 7 8 9 10 11 5 14 1 6
242 234 8 0 12 3 4 13 11 7 8 9 10 6 2 5 14 1
244 236 8 6 12 3 4 13 11 7 8 9 10 0 2 5 14 1
245 238 7 6 12 3 4 13 11 7 8 9 10 1 2 5 14 0
244 237 7 6 12 3 4 13 0 7 8 9 10 11 2 5 14 1
246 238 8 6 12 3 4 13 7 0 8 9 10 11 2 5 14 1
247 239 8 6 12 3 4 13 7 2 8 9 10 11 0 5 14 1
248 240 8 6 12 3 4 13 7 2 8 9 10 11 5 0 14 1
247 239 8 6 0 3 4 13 7 12 8 9 10 11 2 5 14 1
248 240 8 0 6 3 4 13 7 12 8 9 10 11 2 5 14 1
249 243 6 1 6 3 4 13 7 12 8 9 10 11 2 5 14 0
252 245 7 1 6 3 4 0 7 12 8 9 10 11 2 5 14 13
256 248 8 1 6 3 4 9 7 12 8 0 10 11 2 5 14 13
256 248 8 1 6 3 4 11 7 12 8 9 10 0 2 5 14 13
257 250 7 1 6 3 4 11 7 12 8 9 10 13 2 5 14 0
260 252 8 1 6 3 4 0 7 12 8 9 10 13 2 5 14 11
259 251 8 1 6 3 4 11 7 0 8 9 10 12 2 5 14 13
259 252 7 1 6 3 4 11 0 7 8 9 10 12 2 5 14 13
260 253 7 1 6 3 4 11 12 7 8 9 10 0 2 5 14 13
262 256 6 1 6 3 4 0 12 7 8 9 10 11 2 5 14 13
263 258 5 1 6 3 4 13 12 7 8 9 10 11 2 5 14 0
261 255 6 1 6 3 4 11 12 7 8 9 10 13 2 5 14 0
264 257 7 1 6 3 4 0 12 7 8 9 10 13 2 5 14 11
261 254 7 1 6 3 4 11 12 7 8 9 10 2 0 5 14 13
262 255 7 1 6 3 4 11 12 7 8 9 10 2 5 0 14 13
268 261 7 1 6 3 4 13 12 7 8 0 10 11 2 5 14 9
268 261 7 0 6 3 4 13 12 7 8 9 10 11 2 5 14 1
270 263 7 13 6 3 4 0 12 7 8 9 10 11 2 5 14 1
271 265 6 13 6 3 4 1 12 7 8 9 10 11 2 5 14 0
269 262 7 6 0 3 4 13 12 7 8 9 10 11 2 5 14 1
269 262 7 12 6 3 4 13 0 7 8 9 10 11 2 5 14 1
267 260 7 1 6 3 4 13 12 7 8 9 10 0 2 5 14 11
268 261 7 1 6 3 4 13 12 7 8 9 10 2 0 5 14 11
269 262 7 1 6 3 4 13 12 7 8 9 10 2 5 0 14 11
268 261 7 1 6 3 4 13 0 7 8 9 10 12 2 5 14 11
266 259 7 1 6 3 4 13 12 7 8 9 10 11 2 5 0 14
267 260 7 1 6 3 4 13 12 7 8 9 10 11 2 0 5 14
268 261 7 1 6 3 4 13 12 7 8 9 10 11 0 2 5 14
266 259 7 1 6 3 4 13 12 7 8 9 0 11 2 5 14 10
267 260 7 1 6 3 4 0 12 7 8 9 13 11 2 5 14 10
268 262 6 1 6 3 4 10 12 7 8 9 13 11 2 5 14 0
264 257 7 1 6 3 0 4 12 7 8 9 10 11 2 5 14 13
265 258 7 0 6 3 4 1 12 7 8 9 10 11 2 5 14 13
266 259 7 6 0 3 4 1 12 7 8 9 10 11 2 5 14 13
266 259 7 12 6 3 4 1 0 7 8 9 10 11 2 5 14 13
264 257 7 1 6 3 4 10 12 7 8 9 0 11 2 5 14 13
266 259 7 1 6 3 4 9 12 7 8 0 10 11 2 5 14 13
268 260 8 1 6 3 4 9 12 7 8 10 0 11 2 5 14 13
268 261 7 1 6 3 4 9 12 7 8 10 13 11 2 5 14 0
271 263 8 1 6 3 4 0 12 7 8 10 13 11 2 5 14 9
269 261 8 1 6 3 4 0 12 7 8 10 9 11 2 5 14 13
270 263 7 1 6 3 4 13 12 7 8 10 9 11 2 5 14 0
249 241 8 1 12 3 4 6 7 2 0 9 10 11 5 8 14 13
250 242 8 1 12 3 4 6 7 0 2 9 10 11 5 8 14 13
250 243 7 1 12 3 4 6 0 7 2 9 10 11 5 8 14 13
252 244 8 1 12 3 4 6 11 7 2 9 10 0 5 8 14 13
253 246 7 1 12 3 4 6 11 7 2 9 10 13 5 8 14 0
256 248 8 1 12 3 4 0 11 7 2 9 10 13 5 8 14 6
259 251 8 1 12 3 4 13 11 7 2 9 10 0 5 8 14 6
260 253 7 1 12 3 4 13 11 7 2 9 10 6 5 8 14 0
259 252 7 1 12 3 4 13 0 7 2 9 10 11 5 8 14 6
261 253 8 1 12 3 4 13 7 0 2 9 10 11 5 8 14 6
262 254 8 1 12 3 4 13 7 5 2 9 10 11 0 8 14 6
263 255 8 1 12 3 4 13 7 5 2 9 10 11 8 0 14 6
264 256 8 1 12 3 4 13 7 5 0 9 10 11 8 2 14 6
265 257 8 1 12 3 4 13 7 0 5 9 10 11 8 2 14 6
265 258 7 1 12 3 4 13 0 7 5 9 10 11 8 2 14 6
267 259 8 1 12 3 4 13 11 7 5 9 10 0 8 2 14 6
268 261 7 1 12 3 4 13 11 7 5 9 10 6 8 2 14 0
271 263 8 1 12 3 4 0 11 7 5 9 10 6 8 2 14 13
274 266 8 1 12 3 4 6 11 7 5 9 10 0 8 2 14 13
275 268 7 1 12 3 4 6 11 7 5 9 10 13 8 2 14 0
274 267 7 1 12 3 4 6 0 7 5 9 10 11 8 2 14 13
276 268 8 1 12 3 4 6 7 0 5 9 10 11 8 2 14 13
277 269 8 1 12 3 4 6 7 5 0 9 10 11 8 2 14 13
278 270 8 1 12 3 4 6 7 5 2 9 10 11 8 0 14 13
263 255 8 6 12 3 4 13 1 7 8 9 0 11 2 5 14 10
264 256 8 6 12 3 4 0 1 7 8 9 13 11 2 5 14 10
265 258 7 6 12 3 4 10 1 7 8 9 13 11 2 5 14 0
269 261 8 0 12 3 4 10 1 7 8 9 13 11 2 5 14 6
269 262 7 1 12 3 4 10 0 7 8 9 13 11 2 5 14 6
271 263 8 1 12 3 4 10 7 0 8 9 13 11 2 5 14 6
272 264 8 1 12 3 4 10 7 2 8 9 13 11 0 5 14 6
273 265 8 1 12 3 4 10 7 2 8 9 13 11 5 0 14 6
261 253 8 12 3 0 4 13 1 7 8 9 10 11 2 5 14 6
261 253 8 12 7 3 4 13 1 0 8 9 10 11 2 5 14 6
262 254 8 12 7 3 4 13 1 2 8 9 10 11 0 5 14 6
263 255 8 12 7 3 4 13 1 2 8 9 10 11 5 0 14 6
267 259 8 1 12 3 4 11 13 0 8 9 10 7 2 5 14 6
268 260 8 1 12 3 4 11 0 13 8 9 10 7 2 5 14 6
269 261 8 1 12 3 4 11 7 13 8 9 10 0 2 5 14 6
271 264 7 1 12 3 4 0 7 13 8 9 10 11 2 5 14 6
272 266 6 1 12 3 4 6 7 13 8 9 10 11 2 5 14 0
270 263 7 1 12 3 4 11 7 13 8 9 10 6 2 5 14 0
273 265 8 1 12 3 4 0 7 13 8 9 10 6 2 5 14 11
247 239 8 1 12 3 4 6 11 0 8 9 10 7 2 5 14 13
248 240 8 1 12 3 4 6 11 2 8 9 10 7 0 5 14 13
249 241 8 1 12 3 4 6 11 2 8 9 10 7 5 0 14 13
258 250 8 6 12 3 4 11 1 7 8 9 10 2 0 5 14 13
259 251 8 6 12 3 4 11 1 7 8 9 10 2 5 0 14 13
241 233 8 1 12 3 4 10 11 7 8 9 0 13 2 5 14 6
241 234 7 1 12 3 4 10 11 7 8 9 6 13 2 5 14 0
244 236 8 1 12 3 4 0 11 7 8 9 6 13 2 5 14 10
247 239 8 1 12 3 4 13 11 7 8 9 6 0 2 5 14 10
248 241 7 1 12 3 4 13 11 7 8 9 6 10 2 5 14 0
247 240 7 1 12 3 4 13 0 7 8 9 6 11 2 5 14 10
249 241 8 1 12 3 4 13 7 0 8 9 6 11 2 5 14 10
250 242 8 1 12 3 4 13 7 2 8 9 6 11 0 5 14 10
251 243 8 1 12 3 4 13 7 2 8 9 6 11 5 0 14 10
267 259 8 1 12 3 4 11 13 7 8 9 0 6 2 5 14 10
268 260 8 1 12 3 4 0 13 7 8 9 11 6 2 5 14 10
269 262 7 1 12 3 4 10 13 7 8 9 11 6 2 5 14 0
272 264 8 1 12 3 4 10 13 7 8 9 11 0 2 5 14 6
275 267 8 1 12 3 4 0 13 7 8 9 11 10 2 5 14 6
276 269 7 1 12 3 4 6 13 7 8 9 11 10 2 5 14 0
278 270 8 1 12 3 4 6 13 7 8 9 0 10 2 5 14 11
279 271 8 1 12 3 4 0 13 7 8 9 6 10 2 5 14 11
280 273 7 1 12 3 4 11 13 7 8 9 6 10 2 5 14 0
270 262 8 0 12 3 4 1 13 7 8 9 10 6 2 5 14 11
272 265 7 11 12 3 4 1 13 7 8 9 10 6 2 5 14 0
275 267 8 11 12 3 4 0 13 7 8 9 10 6 2 5 14 1
241 233 8 1 12 3 4 13 11 2 8 9 10 7 0 5 14 6
242 234 8 1 12 3 4 13 11 2 8 9 10 7 5 0 14 6
277 269 8 6 12 3 4 9 13 7 8 0 10 11 2 5 14 1
275 267 8 7 12 3 4 6 13 0 8 9 10 11 2 5 14 1
276 268 8 7 12 3 4 6 0 13 8 9 10 11 2 5 14 1
275 267 8 6 12 3 0 4 13 7 8 9 10 11 2 5 14 1
274 266 8 12 3 0 4 6 13 7 8 9 10 11 2 5 14 1
274 266 8 12 7 3 4 6 13 0 8 9 10 11 2 5 14 1
275 267 8 12 7 3 4 6 0 13 8 9 10 11 2 5 14 1
279 271 8 6 12 3 4 1 13 7 8 0 10 11 2 5 14 9
273 265 8 1 12 3 4 6 13 0 8 9 10 2 7 5 14 11
274 266 8 1 12 3 4 6 0 13 8 9 10 2 7 5 14 11
275 267 8 1 12 3 4 6 2 13 8 9 10 0 7 5 14 11
275 269 6 1 12 3 4 6 2 13 8 9 10 11 7 5 14 0
278 271 7 1 12 3 4 0 2 13 8 9 10 11 7 5 14 6
282 274 8 1 12 3 4 9 2 13 8 0 10 11 7 5 14 6
266 258 8 1 12 3 4 11 13 0 8 9 10 2 7 5 14 6
267 259 8 1 12 3 4 11 0 13 8 9 10 2 7 5 14 6
273 265 8 1 12 3 4 6 7 0 8 9 10 13 2 5 14 11
274 266 8 1 12 3 4 6 7 2 8 9 10 13 0 5 14 11
275 267 8 1 12 3 4 6 7 2 8 9 10 13 5 0 14 11
280 272 8 1 12 3 4 10 2 13 8 9 0 11 7 5 14 6
280 273 7 1 12 3 4 10 2 13 8 9 6 11 7 5 14 0
283 275 8 1 12 3 4 0 2 13 8 9 6 11 7 5 14 10
271 263 8 13 12 3 4 1 7 0 8 9 10 11 2 5 14 6
272 264 8 13 12 3 4 1 7 2 8 9 10 11 0 5 14 6
273 265 8 13 12 3 4 1 7 2 8 9 10 11 5 0 14 6
272 264 8 0 12 3 4 10 13 7 8 9 6 11 2 5 14 1
274 266 8 10 12 3 4 0 13 7 8 9 6 11 2 5 14 1
275 268 7 10 12 3 4 1 13 7 8 9 6 11 2 5 14 0
277 269 8 10 12 3 4 1 13 7 8 9 0 11 2 5 14 6
278 270 8 10 12 3 4 0 13 7 8 9 1 11 2 5 14 6
279 272 7 10 12 3 4 6 13 7 8 9 1 11 2 5 14 0
283 275 8 0 12 3 4 6 13 7 8 9 1 11 2 5 14 10
285 277 8 6 12 3 4 0 13 7 8 9 1 11 2 5 14 10
286 279 7 6 12 3 4 10 13 7 8 9 1 11 2 5 14 0
270 262 8 1 12 3 4 10 13 7 8 9 6 11 2 5 0 14
271 263 8 1 12 3 4 10 13 7 8 9 6 11 2 0 5 14
272 264 8 1 12 3 4 10 13 7 8 9 6 11 0 2 5 14
241 233 8 1 0 3 4 13 11 12 8 9 10 7 2 5 14 6
271 263 8 1 12 3 4 9 13 7 8 14 10 11 2 5 0 6
271 264 7 1 12 3 4 9 13 7 8 14 10 11 2 5 6 0
275 267 8 1 12 3 4 9 13 7 8 0 10 11 2 5 6 14
276 268 8 1 12 3 4 9 13 7 8 6 10 11 2 5 0 14
275 269 6 1 12 3 4 9 13 7 8 6 10 11 2 5 14 0
278 271 7 1 12 3 4 0 13 7 8 6 10 11 2 5 14 9
282 274 8 1 12 3 4 11 13 7 8 6 10 0 2 5 14 9
283 276 7 1 12 3 4 11 13 7 8 6 10 9 2 5 14 0
287 279 8 1 12 3 4 11 13 7 8 0 10 9 2 5 14 6
271 263 8 1 12 3 4 6 13 7 8 0 10 11 2 5 9 14
273 265 8 1 12 3 4 6 13 0 8 9 10 11 7 2 5 14
274 266 8 1 12 3 4 6 0 13 8 9 10 11 7 2 5 14
271 263 8 1 12 3 0 9 13 7 8 4 10 11 2 5 14 6
272 264 8 1 12 3 9 0 13 7 8 4 10 11 2 5 14 6
273 266 7 1 12 3 9 6 13 7 8 4 10 11 2 5 14 0
277 269 8 1 12 3 9 6 13 7 8 0 10 11 2 5 14 4
277 270 7 1 12 3 0 6 13 7 8 9 10 11 2 5 14 4
278 271 7 1 12 3 6 0 13 7 8 9 10 11 2 5 14 4
279 273 6 1 12 3 6 4 13 7 8 9 10 11 2 5 14 0
284 276 8 1 12 3 6 4 13 7 8 0 10 11 2 5 14 9
221 213 8 6 1 3 4 2 13 0 8 9 10 11 7 5 14 12
222 214 8 6 1 3 4 2 0 13 8 9 10 11 7 5 14 12
240 232 8 1 12 3 4 13 11 7 8 9 10 6 2 5 0 14
241 233 8 1 12 3 4 13 11 7 8 9 10 6 2 0 5 14
242 234 8 1 12 3 4 13 11 7 8 9 10 6 0 2 5 14
243 235 8 1 12 3 4 13 11 7 8 9 10 0 6 2 5 14
244 237 7 1 12 3 4 13 11 7 8 9 10 14 6 2 5 0
243 236 7 1 12 3 4 13 0 7 8 9 10 11 6 2 5 14
245 237 8 1 12 3 4 13 7 0 8 9 10 11 6 2 5 14
246 238 8 1 12 3 4 13 7 6 8 9 10 11 0 2 5 14
247 239 8 1 12 3 4 13 7 6 8 9 10 11 2 0 5 14
248 240 8 1 12 3 4 13 7 6 8 9 10 11 2 5 0 14
247 241 6 1 12 3 4 13 7 6 8 9 10 11 2 5 14 0
250 243 7 1 12 3 4 0 7 6 8 9 10 11 2 5 14 13
254 246 8 1 12 3 4 9 7 6 8 0 10 11 2 5 14 13
261 253 8 0 12 3 4 1 2 7 8 9 10 11 5 14 13 6
263 256 7 6 12 3 4 1 2 7 8 9 10 11 5 14 13 0
266 258 8 6 12 3 4 0 2 7 8 9 10 11 5 14 13 1
256 248 8 1 12 3 4 6 2 7 8 9 10 13 11 5 0 14
257 249 8 1 12 3 4 6 2 7 8 9 10 13 11 0 5 14
258 250 8 1 12 3 4 6 2 7 8 9 10 13 0 11 5 14
259 251 8 1 12 3 4 6 2 7 8 9 10 0 13 11 5 14
260 253 7 1 12 3 4 6 2 7 8 9 10 14 13 11 5 0
263 255 8 1 12 3 4 0 2 7 8 9 10 14 13 11 5 6
266 258 8 1 12 3 4 14 2 7 8 9 10 0 13 11 5 6
267 260 7 1 12 3 4 14 2 7 8 9 10 6 13 11 5 0
269 261 8 1 12 3 4 14 2 7 8 9 10 6 13 11 0 5
270 262 8 1 12 3 4 14 2 7 8 9 10 6 13 0 11 5
270 263 7 1 12 3 4 14 2 7 8 9 10 6 0 13 11 5
271 264 7 1 12 3 4 14 2 7 8 9 10 0 6 13 11 5
272 266 6 1 12 3 4 14 2 7 8 9 10 5 6 13 11 0
275 268 7 1 12 3 4 0 2 7 8 9 10 5 6 13 11 14
277 271 6 1 12 3 4 5 2 7 8 9 10 0 6 13 11 14
278 273 5 1 12 3 4 5 2 7 8 9 10 14 6 13 11 0
280 274 6 1 12 3 4 5 2 7 8 9 10 14 6 13 0 11
278 272 6 1 12 3 4 5 2 7 8 9 10 6 0 13 11 14
278 272 6 1 12 3 4 5 0 7 8 9 10 2 6 13 11 14
280 273 7 1 12 3 4 5 7 0 8 9 10 2 6 13 11 14
281 274 7 1 12 3 4 5 7 6 8 9 10 2 0 13 11 14
282 275 7 1 12 3 4 5 7 6 8 9 10 0 2 13 11 14
283 277 6 1 12 3 4 5 7 6 8 9 10 14 2 13 11 0
285 278 7 1 12 3 4 5 7 6 8 9 10 14 2 13 0 11
285 278 7 1 12 3 4 5 7 0 8 9 10 6 2 13 11 14
285 279 6 1 12 3 4 5 0 7 8 9 10 6 2 13 11 14
285 280 5 1 12 3 4 5 6 7 8 9 10 0 2 13 11 14
286 282 4 1 12 3 4 5 6 7 8 9 10 14 2 13 11 0
288 283 5 1 12 3 4 5 6 7 8 9 10 14 2 13 0 11
286 281 5 1 12 3 4 5 6 7 8 9 10 2 0 13 11 14
288 282 6 1 12 3 4 5 6 7 8 9 10 2 13 0 11 14
289 283 6 1 12 3 4 5 6 7 8 9 10 2 13 11 0 14
288 284 4 1 12 3 4 5 6 7 8 9 10 2 13 11 14 0
291 286 5 1 12 3 4 5 6 7 8 9 10 0 13 11 14 2
292 287 5 1 12 3 4 5 6 7 8 9 10 13 0 11 14 2
293 288 5 1 12 3 4 5 6 7 8 9 10 13 11 0 14 2
295 289 6 1 12 3 4 5 6 7 8 9 10 13 11 14 0 2
295 290 5 1 12 3 4 5 6 7 8 9 10 13 11 14 2 0
298 292 6 1 12 3 4 5 6 7 8 9 10 0 11 14 2 13
298 293 5 1 12 3 4 5 6 7 8 9 10 11 0 14 2 13
299 294 5 1 12 3 4 5 6 7 8 9 10 11 14 0 2 13
300 295 5 1 12 3 4 5 6 7 8 9 10 11 14 2 0 13
300 296 4 1 12 3 4 5 6 7 8 9 10 11 14 2 13 0
305 299 6 1 12 3 4 5 6 7 8 0 10 11 14 2 13 9
306 300 6 1 12 3 4 5 6 7 8 13 10 11 14 2 0 9
306 301 5 1 12 3 4 5 6 7 8 13 10 11 14 2 9 0
290 284 6 1 12 3 4 0 6 7 8 9 10 14 2 13 11 5
293 287 6 1 12 3 4 14 6 7 8 9 10 0 2 13 11 5
294 289 5 1 12 3 4 14 6 7 8 9 10 5 2 13 11 0
296 290 6 1 12 3 4 14 6 7 8 9 10 5 2 13 0 11
294 288 6 1 12 3 4 14 6 7 8 9 10 2 0 13 11 5
307 301 6 1 12 3 4 5 6 7 8 13 10 11 14 0 2 9
308 302 6 1 12 3 4 5 6 7 8 13 10 11 0 14 2 9
288 282 6 1 12 3 4 5 6 0 8 9 10 2 7 13 11 14
289 283 6 1 0 3 4 5 6 12 8 9 10 2 7 13 11 14
290 284 6 1 12 3 4 5 6 7 8 9 10 14 2 0 13 11
291 285 6 1 12 3 4 5 6 7 8 9 10 14 0 2 13 11
288 282 6 0 12 3 4 5 6 7 8 9 10 1 2 13 11 14
290 285 5 14 12 3 4 5 6 7 8 9 10 1 2 13 11 0
293 287 6 14 12 3 4 5 6 7 8 9 10 0 2 13 11 1
294 288 6 14 12 3 4 5 6 7 8 9 10 2 0 13 11 1
292 286 6 14 12 3 4 5 6 7 8 9 10 1 2 13 0 11
289 283 6 12 0 3 4 5 6 7 8 9 10 1 2 13 11 14
289 283 6 1 12 3 4 0 6 7 8 9 10 5 2 13 11 14
293 287 6 1 12 3 4 5 0 7 8 9 10 6 13 11 14 2
295 289 6 1 12 3 4 0 6 7 8 9 10 5 13 11 14 2
296 291 5 1 12 3 4 2 6 7 8 9 10 5 13 11 14 0
299 293 6 1 12 3 4 2 6 7 8 9 10 0 13 11 14 5
300 294 6 1 12 3 4 2 6 7 8 9 10 13 0 11 14 5
301 295 6 1 12 3 4 2 6 7 8 9 10 13 11 0 14 5
295 289 6 1 12 3 4 5 6 7 0 9 10 13 11 8 14 2
295 289 6 1 12 3 4 5 6 0 8 9 10 7 13 11 14 2
296 290 6 1 12 3 4 5 6 13 8 9 10 7 0 11 14 2
297 291 6 1 12 3 4 5 6 13 8 9 10 7 11 0 14 2
297 291 6 1 12 3 4 5 6 13 8 9 10 0 7 11 14 2
298 293 5 1 12 3 4 5 6 13 8 9 10 2 7 11 14 0
296 290 6 1 0 3 4 5 6 12 8 9 10 7 13 11 14 2
294 288 6 1 12 3 4 5 6 0 8 9 10 13 7 11 14 2
295 289 6 1 0 3 4 5 6 12 8 9 10 13 7 11 14 2
291 285 6 0 12 3 4 5 6 7 8 9 10 14 2 13 11 1
292 286 6 12 0 3 4 5 6 7 8 9 10 14 2 13 11 1
293 287 6 1 12 3 4 5 6 7 8 0 10 2 13 11 14 9
291 285 6 1 12 3 4 5 6 7 8 0 10 14 2 13 11 9
292 286 6 1 12 3 4 5 6 7 8 11 10 14 2 13 0 9
292 287 5 1 12 3 4 5 6 7 8 11 10 14 2 13 9 0
295 289 6 1 12 3 4 5 6 7 8 11 10 0 2 13 9 14
296 290 6 1 12 3 4 5 6 7 8 11 10 2 0 13 9 14
290 284 6 1 12 3 4 5 6 7 8 0 10 14 2 13 9 11
289 283 6 1 12 3 4 5 6 7 8 9 0 14 2 13 11 10
292 286 6 1 12 3 4 0 6 7 8 9 10 2 13 11 14 5
292 286 6 1 12 3 4 5 6 7 8 9 10 0 14 2 13 11
305 299 6 0 12 3 4 5 6 7 8 9 10 11 14 2 13 1
306 300 6 12 0 3 4 5 6 7 8 9 10 11 14 2 13 1
289 283 6 1 12 3 4 5 6 0 8 9 10 7 2 13 11 14
290 284 6 1 12 3 4 5 6 2 8 9 10 7 0 13 11 14
291 285 6 1 12 3 4 5 6 2 8 9 10 0 7 13 11 14
292 287 5 1 12 3 4 5 6 2 8 9 10 14 7 13 11 0
294 288 6 1 12 3 4 5 6 2 8 9 10 14 7 13 0 11
290 284 6 1 0 3 4 5 6 12 8 9 10 7 2 13 11 14
304 298 6 1 12 3 4 0 6 7 8 9 10 11 14 2 13 5
303 297 6 1 12 3 4 5 6 7 8 9 0 11 14 2 13 10
293 287 6 0 12 3 4 5 6 7 8 9 10 2 13 11 14 1
295 289 6 2 12 3 4 5 6 7 8 9 10 0 13 11 14 1
296 291 5 2 12 3 4 5 6 7 8 9 10 1 13 11 14 0
296 290 6 2 12 3 4 5 6 7 8 9 10 13 0 11 14 1
297 291 6 2 12 3 4 5 6 7 8 9 10 13 11 0 14 1
294 288 6 12 0 3 4 5 6 7 8 9 10 2 13 11 14 1
302 296 6 1 12 3 4 5 6 7 8 0 10 11 14 2 9 13
294 288 6 0 12 3 4 5 6 7 8 9 10 1 13 11 14 2
295 289 6 12 0 3 4 5 6 7 8 9 10 1 13 11 14 2
291 285 6 1 12 3 4 5 6 7 8 9 0 2 13 11 14 10
301 295 6 1 12 3 4 5 6 7 0 9 10 11 14 8 2 13
300 294 6 1 12 3 4 5 6 0 8 9 10 11 7 14 2 13
301 295 6 1 0 3 4 5 6 12 8 9 10 11 7 14 2 13
303 296 7 1 3 0 4 5 6 12 8 9 10 11 7 14 2 13
303 296 7 0 1 3 4 5 6 12 8 9 10 11 7 14 2 13
305 299 6 13 1 3 4 5 6 12 8 9 10 11 7 14 2 0
307 300 7 13 1 3 4 5 6 12 8 9 10 11 7 14 0 2
307 301 6 13 1 3 4 5 6 12 8 9 10 11 7 0 14 2
308 302 6 13 1 3 4 5 6 12 8 9 10 11 0 7 14 2
308 303 5 13 1 3 4 5 6 0 8 9 10 11 12 7 14 2
309 304 5 13 0 3 4 5 6 1 8 9 10 11 12 7 14 2
310 305 5 0 13 3 4 5 6 1 8 9 10 11 12 7 14 2
312 308 4 1 13 3 4 5 6 0 8 9 10 11 12 7 14 2
313 309 4 1 0 3 4 5 6 13 8 9 10 11 12 7 14 2
312 308 4 2 13 3 4 5 6 1 8 9 10 11 12 7 14 0
315 310 5 1 3 0 4 5 6 13 8 9 10 11 12 7 14 2
315 310 5 0 1 3 4 5 6 13 8 9 10 11 12 7 14 2
317 313 4 2 1 3 4 5 6 13 8 9 10 11 12 7 14 0
314 309 5 1 13 3 4 5 6 8 0 9 10 11 12 7 14 2
315 310 5 1 13 3 4 5 6 8 7 9 10 11 12 0 14 2
314 309 5 1 13 3 4 5 0 6 8 9 10 11 12 7 14 2
314 309 5 1 13 3 4 5 6 12 8 9 10 11 0 7 14 2
315 310 5 1 13 3 4 5 6 12 8 9 10 11 7 0 14 2
317 311 6 1 13 3 4 5 6 12 8 9 10 11 7 14 0 2
317 312 5 1 13 3 4 5 6 12 8 9 10 11 7 14 2 0
317 311 6 1 13 3 4 5 6 12 0 9 10 11 7 8 14 2
318 312 6 1 13 3 4 5 6 0 12 9 10 11 7 8 14 2
318 313 5 1 13 3 4 5 6 7 12 9 10 11 0 8 14 2
319 314 5 1 13 3 4 5 6 7 12 9 10 11 8 0 14 2
320 315 5 1 13 3 4 5 6 7 0 9 10 11 8 12 14 2
322 316 6 1 13 3 4 5 6 7 9 0 10 11 8 12 14 2
322 316 6 1 13 3 4 5 6 0 7 9 10 11 8 12 14 2
323 317 6 1 0 3 4 5 6 13 7 9 10 11 8 12 14 2
322 316 6 1 13 0 4 5 6 7 3 9 10 11 8 12 14 2
323 317 6 1 0 13 4 5 6 7 3 9 10 11 8 12 14 2
321 315 6 1 13 3 4 5 6 7 12 9 10 11 8 14 0 2
321 316 5 1 13 3 4 5 6 7 12 9 10 11 8 14 2 0
320 314 6 1 13 3 4 5 6 7 12 9 10 0 11 8 14 2
321 316 5 1 13 3 4 5 6 7 12 9 10 2 11 8 14 0
315 309 6 2 13 3 4 5 6 1 8 9 10 11 12 7 0 14
316 310 6 2 13 3 4 5 6 1 8 9 10 11 12 0 7 14
316 310 6 2 13 3 4 5 6 1 8 9 10 0 12 7 14 11
319 313 6 2 13 3 4 5 6 0 8 9 10 1 12 7 14 11
320 314 6 2 0 3 4 5 6 13 8 9 10 1 12 7 14 11
320 315 5 0 2 3 4 5 6 13 8 9 10 1 12 7 14 11
322 318 4 11 2 3 4 5 6 13 8 9 10 1 12 7 14 0
321 317 4 1 2 3 4 5 6 13 8 9 10 0 12 7 14 11
321 319 2 1 2 3 4 5 6 13 8 9 10 11 12 7 14 0
326 322 4 1 2 3 4 5 6 13 8 0 10 11 12 7 14 9
326 322 4 0 2 3 4 5 6 13 8 9 10 11 12 7 14 1
329 325 4 13 2 3 4 5 6 0 8 9 10 11 12 7 14 1
325 321 4 1 2 3 4 0 6 13 8 9 10 11 12 7 14 5
324 320 4 1 2 3 4 5 6 13 8 9 10 11 12 7 0 14
325 321 4 1 2 3 4 5 6 13 8 9 10 11 12 0 7 14
324 320 4 1 2 3 4 5 6 13 8 9 0 11 12 7 14 10
324 320 4 1 2 3 4 5 6 0 8 9 10 13 12 7 14 11
326 321 5 1 2 3 4 5 6 8 0 9 10 13 12 7 14 11
327 322 5 1 2 3 4 5 6 8 7 9 10 13 12 0 14 11
326 321 5 1 2 3 4 5 0 6 8 9 10 13 12 7 14 11
327 322 5 1 2 3 4 5 13 6 8 9 10 0 12 7 14 11
327 324 3 1 2 3 4 5 13 6 8 9 10 11 12 7 14 0
332 327 5 1 2 3 4 5 13 6 8 0 10 11 12 7 14 9
332 327 5 0 2 3 4 5 13 6 8 9 10 11 12 7 14 1
335 330 5 6 2 3 4 5 13 0 8 9 10 11 12 7 14 1
331 326 5 1 2 3 4 0 13 6 8 9 10 11 12 7 14 5
330 325 5 1 2 3 4 5 13 6 8 9 10 11 12 7 0 14
331 326 5 1 2 3 4 5 13 6 8 9 10 11 12 0 7 14
330 325 5 1 2 3 4 5 13 6 8 9 0 11 12 7 14 10
330 325 5 1 2 3 4 5 13 0 8 9 10 6 12 7 14 11
328 323 5 0 2 3 4 1 6 13 8 9 10 11 12 7 14 5
330 326 4 5 2 3 4 1 6 13 8 9 10 11 12 7 14 0
331 326 5 13 2 3 4 1 6 0 8 9 10 11 12 7 14 5
328 323 5 1 2 3 4 5 6 13 8 14 10 11 12 7 0 9
328 324 4 1 2 3 4 5 6 13 8 14 10 11 12 7 9 0
329 324 5 1 2 3 4 5 6 13 8 14 10 11 12 0 7 9
328 323 5 1 2 3 4 5 6 13 8 10 0 11 12 7 14 9
328 324 4 1 2 3 4 5 6 13 8 10 9 11 12 7 14 0
329 324 5 5 2 3 4 0 6 13 8 9 10 11 12 7 14 1
328 323 5 2 0 3 4 5 6 13 8 9 10 11 12 7 14 1
329 324 5 2 13 3 4 5 6 0 8 9 10 11 12 7 14 1
326 321 5 1 2 3 4 5 6 13 8 0 9 11 12 7 14 10
327 322 5 1 2 3 4 10 6 13 8 9 0 11 12 7 14 5
327 323 4 1 2 3 4 10 6 13 8 9 5 11 12 7 14 0
327 322 5 1 2 3 0 4 6 13 8 9 10 11 12 7 14 5
329 324 5 1 2 3 4 11 6 13 8 9 10 0 12 7 14 5
330 326 4 1 2 3 4 11 6 13 8 9 10 5 12 7 14 0
332 327 5 1 2 3 4 11 6 0 8 9 10 13 12 7 14 5
329 324 5 1 2 3 4 9 6 13 8 0 10 11 12 7 14 5
326 321 5 1 2 3 4 5 6 13 8 0 10 11 12 7 9 14
326 321 5 1 2 3 4 0 6 13 8 9 5 11 12 7 14 10
323 318 5 1 2 3 4 5 6 13 8 9 10 12 0 7 14 11
324 319 5 1 2 3 4 5 6 13 8 9 10 12 7 0 14 11
324 319 5 1 2 3 4 5 6 0 8 9 10 12 13 7 14 11
325 320 5 1 2 3 4 0 6 13 8 9 10 5 12 7 14 11
331 326 5 13 2 3 4 5 6 8 0 9 10 11 12 7 14 1
332 327 5 13 2 3 4 5 6 8 7 9 10 11 12 0 14 1
327 322 5 1 2 3 4 5 6 13 8 9 10 11 0 12 7 14
328 323 5 1 2 3 4 5 6 0 8 9 10 11 13 12 7 14
326 321 5 1 2 3 4 5 6 12 8 9 10 13 0 7 14 11
327 322 5 1 2 3 4 5 6 12 8 9 10 13 7 0 14 11
327 322 5 1 2 3 4 5 6 12 8 9 10 0 13 7 14 11
327 324 3 1 2 3 4 5 6 12 8 9 10 11 13 7 14 0
332 327 5 1 2 3 4 5 6 12 8 0 10 11 13 7 14 9
332 327 5 0 2 3 4 5 6 12 8 9 10 11 13 7 14 1
335 330 5 12 2 3 4 5 6 0 8 9 10 11 13 7 14 1
336 331 5 12 2 3 4 5 6 13 8 9 10 11 0 7 14 1
337 332 5 12 2 3 4 5 6 13 8 9 10 11 7 0 14 1
331 326 5 1 2 3 4 0 6 12 8 9 10 11 13 7 14 5
330 325 5 1 2 3 4 5 6 12 8 9 10 11 13 7 0 14
331 326 5 1 2 3 4 5 6 12 8 9 10 11 13 0 7 14
331 327 4 1 2 3 4 5 6 12 8 9 10 11 0 13 7 14
331 328 3 1 2 3 4 5 6 0 8 9 10 11 12 13 7 14
333 329 4 1 2 3 4 5 6 8 0 9 10 11 12 13 7 14
333 329 4 1 2 3 4 5 0 6 8 9 10 11 12 13 7 14
333 329 4 1 0 3 4 5 6 2 8 9 10 11 12 13 7 14
335 330 5 1 3 0 4 5 6 2 8 9 10 11 12 13 7 14
335 330 5 0 1 3 4 5 6 2 8 9 10 11 12 13 7 14
337 333 4 14 1 3 4 5 6 2 8 9 10 11 12 13 7 0
339 334 5 14 1 3 4 5 6 2 8 9 10 11 12 13 0 7
338 333 5 2 1 3 4 5 6 0 8 9 10 11 12 13 7 14
339 334 5 2 0 3 4 5 6 1 8 9 10 11 12 13 7 14
339 335 4 0 2 3 4 5 6 1 8 9 10 11 12 13 7 14
341 338 3 14 2 3 4 5 6 1 8 9 10 11 12 13 7 0
343 339 4 14 2 3 4 5 6 1 8 9 10 11 12 13 0 7
345 340 5 14 2 3 4 5 6 1 8 9 10 11 12 0 13 7
345 340 5 14 2 3 4 5 6 1 8 0 10 11 12 13 9 7
335 330 5 1 2 3 4 5 6 8 9 0 10 11 12 13 7 14
336 331 5 1 2 3 4 5 6 8 9 7 10 11 12 13 0 14
335 332 3 1 2 3 4 5 6 8 9 7 10 11 12 13 14 0
339 335 4 1 2 3 4 5 6 8 9 0 10 11 12 13 14 7
339 336 3 1 2 3 4 5 6 8 0 9 10 11 12 13 14 7
339 337 2 1 2 3 4 5 6 0 8 9 10 11 12 13 14 7
341 338 3 1 2 3 4 5 0 6 8 9 10 11 12 13 14 7
341 338 3 1 2 3 4 5 6 12 8 9 10 11 0 13 14 7
341 338 3 1 0 3 4 5 6 2 8 9 10 11 12 13 14 7
343 339 4 1 3 0 4 5 6 2 8 9 10 11 12 13 14 7
343 339 4 0 1 3 4 5 6 2 8 9 10 11 12 13 14 7
345 342 3 7 1 3 4 5 6 2 8 9 10 11 12 13 14 0
346 342 4 2 1 3 4 5 6 0 8 9 10 11 12 13 14 7
347 343 4 2 0 3 4 5 6 1 8 9 10 11 12 13 14 7
347 344 3 0 2 3 4 5 6 1 8 9 10 11 12 13 14 7
349 347 2 7 2 3 4 5 6 1 8 9 10 11 12 13 14 0
354 350 4 7 2 3 4 5 6 1 8 0 10 11 12 13 14 9
341 337 4 1 2 0 4 5 6 8 3 9 10 11 12 13 14 7
353 349 4 7 2 3 4 0 6 1 8 9 10 11 12 13 14 5
355 351 4 0 2 3 4 7 6 1 8 9 10 11 12 13 14 5
357 354 3 1 2 3 4 7 6 0 8 9 10 11 12 13 14 5
357 354 3 5 2 3 4 7 6 1 8 9 10 11 12 13 14 0
359 355 4 1 2 3 4 7 6 8 0 9 10 11 12 13 14 5
359 355 4 1 2 3 4 7 0 6 8 9 10 11 12 13 14 5
359 355 4 1 2 3 4 7 6 12 8 9 10 11 0 13 14 5
359 355 4 1 0 3 4 7 6 2 8 9 10 11 12 13 14 5
353 349 4 7 2 3 4 5 6 1 8 9 10 0 12 13 14 11
356 352 4 7 2 3 4 5 6 0 8 9 10 1 12 13 14 11
355 351 4 0 2 3 4 5 6 1 8 9 10 7 12 13 14 11
357 354 3 1 2 3 4 5 6 0 8 9 10 7 12 13 14 11
357 354 3 11 2 3 4 5 6 1 8 9 10 7 12 13 14 0
349 345 4 6 2 3 4 5 0 1 8 9 10 11 12 13 14 7
350 346 4 6 2 3 4 5 1 0 8 9 10 11 12 13 14 7
359 355 4 1 2 3 4 5 6 8 0 9 10 7 12 13 14 11
359 355 4 1 2 3 4 5 0 6 8 9 10 7 12 13 14 11
360 356 4 1 2 3 4 5 7 6 8 9 10 0 12 13 14 11
360 358 2 1 2 3 4 5 7 6 8 9 10 11 12 13 14 0
365 361 4 1 2 3 4 5 7 6 8 0 10 11 12 13 14 9
365 361 4 0 2 3 4 5 7 6 8 9 10 11 12 13 14 1
368 364 4 6 2 3 4 5 7 0 8 9 10 11 12 13 14 1
368 365 3 6 2 3 4 5 0 7 8 9 10 11 12 13 14 1
370 366 4 6 2 3 4 5 11 7 8 9 10 0 12 13 14 1
371 368 3 6 2 3 4 5 11 7 8 9 10 1 12 13 14 0
375 371 4 0 2 3 4 5 11 7 8 9 10 1 12 13 14 6
376 373 3 1 2 3 4 5 11 7 8 9 10 0 12 13 14 6
377 375 2 1 2 3 4 5 11 7 8 9 10 6 12 13 14 0
376 374 2 1 2 3 4 5 0 7 8 9 10 11 12 13 14 6
378 375 3 1 2 3 4 5 7 0 8 9 10 11 12 13 14 6
380 376 4 1 2 3 4 5 7 8 0 9 10 11 12 13 14 6
380 376 4 1 2 3 4 5 7 12 8 9 10 11 0 13 14 6
380 376 4 1 0 3 4 5 7 2 8 9 10 11 12 13 14 6
382 378 4 1 2 3 4 5 11 7 8 0 10 6 12 13 14 9
381 377 4 1 2 3 4 0 11 7 8 9 10 6 12 13 14 5
384 380 4 1 2 3 4 6 11 7 8 9 10 0 12 13 14 5
385 382 3 1 2 3 4 6 11 7 8 9 10 5 12 13 14 0
384 381 3 1 2 3 4 6 0 7 8 9 10 11 12 13 14 5
386 382 4 1 2 3 4 6 7 0 8 9 10 11 12 13 14 5
380 376 4 1 2 3 4 5 11 7 8 9 10 6 12 13 0 14
352 348 4 7 2 3 4 5 6 1 8 9 10 11 12 13 0 14
343 339 4 1 2 3 4 5 11 6 8 9 10 0 12 13 14 7
344 341 3 1 2 3 4 5 11 6 8 9 10 7 12 13 14 0
346 342 4 1 2 3 4 5 11 0 8 9 10 6 12 13 14 7
347 343 4 1 2 3 4 5 0 11 8 9 10 6 12 13 14 7
347 344 3 1 2 3 4 5 6 11 8 9 10 0 12 13 14 7
348 346 2 1 2 3 4 5 6 11 8 9 10 7 12 13 14 0
353 349 4 1 2 3 4 5 6 11 8 0 10 7 12 13 14 9
353 349 4 0 2 3 4 5 6 11 8 9 10 7 12 13 14 1
356 352 4 11 2 3 4 5 6 0 8 9 10 7 12 13 14 1
355 351 4 7 2 3 4 5 6 11 8 9 10 0 12 13 14 1
357 354 3 7 2 3 4 5 6 0 8 9 10 11 12 13 14 1
356 353 3 7 2 3 4 5 6 11 8 9 10 1 12 13 14 0
359 355 4 7 2 3 4 5 6 8 0 9 10 11 12 13 14 1
359 355 4 7 2 3 4 5 6 12 8 9 10 11 0 13 14 1
359 355 4 7 0 3 4 5 6 2 8 9 10 11 12 13 14 1
360 356 4 0 7 3 4 5 6 2 8 9 10 11 12 13 14 1
361 359 2 1 7 3 4 5 6 2 8 9 10 11 12 13 14 0
366 362 4 1 7 3 4 5 6 2 8 0 10 11 12 13 14 9
365 361 4 1 7 3 4 0 6 2 8 9 10 11 12 13 14 5
365 361 4 1 7 3 4 5 6 2 8 9 10 0 12 13 14 11
368 364 4 1 7 3 4 5 6 0 8 9 10 2 12 13 14 11
368 365 3 1 0 3 4 5 6 7 8 9 10 2 12 13 14 11
370 366 4 1 3 0 4 5 6 7 8 9 10 2 12 13 14 11
370 366 4 0 1 3 4 5 6 7 8 9 10 2 12 13 14 11
372 369 3 11 1 3 4 5 6 7 8 9 10 2 12 13 14 0
375 371 4 11 1 3 4 5 6 7 8 9 10 0 12 13 14 2
376 373 3 0 1 3 4 5 6 7 8 9 10 11 12 13 14 2
378 376 2 2 1 3 4 5 6 7 8 9 10 11 12 13 14 0
376 374 2 1 0 3 4 5 6 7 8 9 10 11 12 13 14 2
378 375 3 1 3 0 4 5 6 7 8 9 10 11 12 13 14 2
378 375 3 1 7 3 4 5 6 0 8 9 10 11 12 13 14 2
380 376 4 1 7 3 4 5 6 8 0 9 10 11 12 13 14 2
380 376 4 1 7 3 4 5 0 6 8 9 10 11 12 13 14 2
343 339 4 1 2 3 4 5 6 12 8 9 10 0 11 13 14 7
344 341 3 1 2 3 4 5 6 12 8 9 10 7 11 13 14 0
346 342 4 1 2 3 4 5 6 0 8 9 10 12 11 13 14 7
350 346 4 0 2 3 4 5 6 11 8 9 10 1 12 13 14 7
353 349 4 11 2 3 4 5 6 0 8 9 10 1 12 13 14 7
359 355 4 1 0 3 4 5 6 2 8 9 10 7 12 13 14 11
376 372 4 11 2 3 4 5 0 7 8 9 10 1 12 13 14 6
377 373 4 11 2 3 4 5 1 7 8 9 10 0 12 13 14 6
378 375 3 0 2 3 4 5 1 7 8 9 10 11 12 13 14 6
380 378 2 6 2 3 4 5 1 7 8 9 10 11 12 13 14 0
378 375 3 11 2 3 4 5 1 7 8 9 10 6 12 13 14 0
382 378 4 0 2 3 4 5 1 7 8 9 10 6 12 13 14 11
382 379 3 1 2 3 4 5 0 7 8 9 10 6 12 13 14 11
382 380 2 1 2 3 4 5 6 7 8 9 10 0 12 13 14 11
382 382 0 1 2 3 4 5 6 7 8 9 10 11 12 13 14 0
