0 0 0 5 7 2 10 6 4 1 13 8 9 12 14 11 3 0
17 3 14 5 7 2 10 6 4 1 13 0 9 12 14 11 3 8
18 4 14 5 7 2 10 6 4 1 13 9 0 12 14 11 3 8
18 5 13 5 7 2 10 6 4 1 13 9 8 12 14 11 3 0
22 8 14 5 7 2 10 6 4 1 13 0 8 12 14 11 3 9
23 9 14 5 7 2 10 6 4 1 0 13 8 12 14 11 3 9
24 10 14 5 7 2 10 6 4 0 1 13 8 12 14 11 3 9
25 11 14 5 7 2 10 6 0 4 1 13 8 12 14 11 3 9
26 12 14 5 7 2 10 6 12 4 1 13 8 0 14 11 3 9
27 14 13 5 7 2 10 6 12 4 1 13 8 9 14 11 3 0
31 17 14 5 7 2 10 6 12 4 1 0 8 9 14 11 3 13
32 18 14 5 7 2 10 6 12 4 1 8 0 9 14 11 3 13
32 19 13 5 7 2 10 6 12 4 1 8 13 9 14 11 3 0
36 22 14 5 7 2 10 6 12 4 1 0 13 9 14 11 3 8
37 23 14 5 7 2 10 6 12 4 0 1 13 9 14 11 3 8
38 24 14 5 7 2 10 6 12 0 4 1 13 9 14 11 3 8
39 25 14 5 7 2 10 6 0 12 4 1 13 9 14 11 3 8
40 26 14 5 7 2 10 6 9 12 4 1 13 0 14 11 3 8
41 28 13 5 7 2 10 6 9 12 4 1 13 8 14 11 3 0
45 31 14 5 7 2 10 6 9 12 4 0 13 8 14 11 3 1
46 32 14 5 7 2 10 6 9 12 4 13 0 8 14 11 3 1
46 33 13 5 7 2 10 6 9 12 4 13 1 8 14 11 3 0
50 36 14 5 7 2 10 6 9 12 4 0 1 8 14 11 3 13
51 37 14 5 7 2 10 6 9 12 0 4 1 8 14 11 3 13
52 38 14 5 7 2 10 6 9 0 12 4 1 8 14 11 3 13
53 39 14 5 7 2 10 6 0 9 12 4 1 8 14 11 3 13
54 40 14 5 7 2 10 6 8 9 12 4 1 0 14 11 3 13
55 42 13 5 7 2 10 6 8 9 12 4 1 13 14 11 3 0
59 45 14 5 7 2 10 6 8 9 12 0 1 13 14 11 3 4
60 46 14 5 7 2 10 6 8 9 12 1 0 13 14 11 3 4
60 47 13 5 7 2 10 6 8 9 12 1 4 13 14 11 3 0
64 50 14 5 7 2 10 6 8 9 12 0 4 13 14 11 3 1
65 51 14 5 7 2 10 6 8 9 0 12 4 13 14 11 3 1
66 52 14 5 7 2 10 6 8 0 9 12 4 13 14 11 3 1
67 53 14 5 7 2 10 6 0 8 9 12 4 13 14 11 3 1
68 54 14 5 7 2 10 6 13 8 9 12 4 0 14 11 3 1
69 56 13 5 7 2 10 6 13 8 9 12 4 1 14 11 3 0
73 59 14 5 7 2 10 6 13 8 9 0 4 1 14 11 3 12
74 60 14 5 7 2 10 6 13 8 9 4 0 1 14 11 3 12
74 61 13 5 7 2 10 6 13 8 9 4 12 1 14 11 3 0
78 64 14 5 7 2 10 6 13 8 9 0 12 1 14 11 3 4
79 65 14 5 7 2 10 6 13 8 0 9 12 1 14 11 3 4
79 66 13 5 7 2 10 6 13 0 8 9 12 1 14 11 3 4
79 67 12 5 0 2 10 6 13 7 8 9 12 1 14 11 3 4
79 68 11 5 2 0 10 6 13 7 8 9 12 1 14 11 3 4
80 69 11 5 2 10 0 6 13 7 8 9 12 1 14 11 3 4
81 70 11 5 2 10 6 0 13 7 8 9 12 1 14 11 3 4
82 72 10 5 2 10 6 4 13 7 8 9 12 1 14 11 3 0
82 72 10 0 2 10 6 5 13 7 8 9 12 1 14 11 3 4
84 75 9 4 2 10 6 5 13 7 8 9 12 1 14 11 3 0
83 74 9 1 2 10 6 5 13 7 8 9 12 0 14 11 3 4
84 76 8 1 2 10 6 5 13 7 8 9 12 4 14 11 3 0
86 77 9 1 2 10 6 5 13 7 8 9 12 4 14 11 0 3
87 78 9 1 2 10 6 5 13 7 8 9 12 4 14 0 11 3
88 79 9 1 2 10 6 5 13 7 8 9 12 4 0 14 11 3
89 80 9 1 2 10 6 5 13 7 8 9 12 0 4 14 11 3
90 82 8 1 2 10 6 5 13 7 8 9 12 3 4 14 11 0
92 83 9 1 2 10 6 5 13 7 8 9 12 3 4 14 0 11
92 84 8 1 2 10 6 5 13 7 8 9 12 3 4 0 14 11
93 85 8 1 2 10 6 5 13 7 8 9 12 3 0 4 14 11
94 86 8 1 2 10 6 5 13 7 8 9 12 0 3 4 14 11
94 88 6 1 2 10 6 5 13 7 8 9 12 11 3 4 14 0
96 89 7 1 2 10 6 5 13 7 8 9 0 11 3 4 14 12
98 90 8 1 2 10 6 5 13 7 8 0 9 11 3 4 14 12
99 91 8 1 2 10 0 5 13 7 8 6 9 11 3 4 14 12
100 92 8 1 2 0 10 5 13 7 8 6 9 11 3 4 14 12
98 90 8 1 2 10 6 0 13 7 8 9 5 11 3 4 14 12
99 92 7 1 2 10 6 12 13 7 8 9 5 11 3 4 14 0
101 93 8 1 2 10 6 12 13 7 8 9 0 11 3 4 14 5
99 91 8 1 2 10 0 6 13 7 8 9 5 11 3 4 14 12
100 92 8 1 2 0 10 6 13 7 8 9 5 11 3 4 14 12
95 87 8 1 2 10 6 5 0 7 8 9 12 13 3 4 14 11
97 89 8 1 2 10 6 5 13 7 8 9 12 11 3 4 0 14
98 90 8 1 2 10 6 5 13 7 8 9 12 11 3 0 4 14
99 91 8 1 2 10 6 5 13 7 8 9 12 11 0 3 4 14
99 91 8 0 2 10 6 5 13 7 8 9 12 11 3 4 14 1
100 92 8 13 2 10 6 5 0 7 8 9 12 11 3 4 14 1
99 91 8 1 2 10 6 5 13 7 8 0 12 11 3 4 14 9
100 92 8 1 2 10 6 5 13 7 8 12 0 11 3 4 14 9
100 93 7 1 2 10 6 5 13 7 8 12 9 11 3 4 14 0
100 92 8 1 2 10 0 5 13 7 8 6 12 11 3 4 14 9
101 93 8 1 2 0 10 5 13 7 8 6 12 11 3 4 14 9
98 90 8 1 2 10 6 0 13 7 8 9 12 11 3 4 14 5
99 91 8 1 2 10 0 6 13 7 8 9 12 11 3 4 14 5
100 92 8 1 2 0 10 6 13 7 8 9 12 11 3 4 14 5
102 93 9 1 0 2 10 6 13 7 8 9 12 11 3 4 14 5
92 83 9 1 2 10 6 5 13 7 8 9 0 3 4 14 11 12
84 75 9 1 2 10 6 5 0 7 8 9 12 13 14 11 3 4
98 89 9 1 2 10 6 0 13 7 8 9 12 5 3 4 14 11
99 91 8 1 2 10 6 11 13 7 8 9 12 5 3 4 14 0
101 92 9 1 2 10 6 11 13 7 8 9 0 5 3 4 14 12
102 93 9 1 2 10 6 0 13 7 8 9 11 5 3 4 14 12
104 96 8 1 2 10 6 5 13 7 8 9 11 0 3 4 14 12
105 98 7 1 2 10 6 5 13 7 8 9 11 12 3 4 14 0
107 99 8 1 2 10 6 5 13 7 8 9 0 12 3 4 14 11
105 97 8 1 2 10 6 5 13 7 8 9 11 3 0 4 14 12
106 98 8 1 2 10 6 5 13 7 8 9 11 3 4 0 14 12
105 97 8 1 2 10 6 5 0 7 8 9 11 13 3 4 14 12
103 95 8 1 2 10 6 12 13 7 8 9 11 5 3 4 14 0
106 97 9 1 2 10 6 12 13 7 8 9 11 0 3 4 14 5
107 98 9 1 2 10 6 12 13 7 8 9 11 3 0 4 14 5
108 99 9 1 2 10 6 12 13 7 8 9 11 3 4 0 14 5
100 91 9 1 2 10 6 5 13 7 0 8 9 11 3 4 14 12
101 92 9 1 2 10 6 5 13 7 4 8 9 11 3 0 14 12
102 93 9 1 2 10 6 5 13 7 4 8 9 11 0 3 14 12
101 92 9 0 2 10 6 1 13 7 8 9 5 11 3 4 14 12
103 95 8 12 2 10 6 1 13 7 8 9 5 11 3 4 14 0
106 97 9 12 2 10 6 0 13 7 8 9 5 11 3 4 14 1
106 98 8 12 2 10 6 5 13 7 8 9 0 11 3 4 14 1
106 99 7 12 2 10 6 5 13 7 8 9 1 11 3 4 14 0
110 102 8 0 2 10 6 5 13 7 8 9 1 11 3 4 14 12
111 103 8 13 2 10 6 5 0 7 8 9 1 11 3 4 14 12
113 104 9 13 2 10 6 5 7 0 8 9 1 11 3 4 14 12
114 105 9 13 2 10 6 5 7 3 8 9 1 11 0 4 14 12
115 106 9 13 2 10 6 5 7 3 8 9 1 11 4 0 14 12
101 92 9 1 2 10 6 5 13 0 8 9 12 11 7 3 4 14
102 93 9 1 2 10 6 5 0 13 8 9 12 11 7 3 4 14
104 95 9 1 2 10 6 12 13 7 8 0 5 11 3 4 14 9
105 96 9 1 2 10 6 12 13 7 8 5 0 11 3 4 14 9
105 97 8 1 2 10 6 12 13 7 8 5 9 11 3 4 14 0
108 99 9 1 2 10 6 0 13 7 8 5 9 11 3 4 14 12
109 100 9 1 2 10 0 6 13 7 8 5 9 11 3 4 14 12
110 101 9 1 2 0 10 6 13 7 8 5 9 11 3 4 14 12
110 101 9 1 2 10 5 6 13 7 8 0 9 11 3 4 14 12
110 102 8 1 2 10 5 6 13 7 8 9 0 11 3 4 14 12
110 103 7 1 2 10 5 6 13 7 8 9 12 11 3 4 14 0
113 105 8 1 2 10 5 0 13 7 8 9 12 11 3 4 14 6
113 106 7 1 2 10 0 5 13 7 8 9 12 11 3 4 14 6
114 107 7 1 2 0 10 5 13 7 8 9 12 11 3 4 14 6
116 108 8 1 0 2 10 5 13 7 8 9 12 11 3 4 14 6
116 108 8 1 2 8 10 5 13 7 0 9 12 11 3 4 14 6
117 109 8 1 2 8 10 5 13 7 4 9 12 11 3 0 14 6
118 110 8 1 2 8 10 5 13 7 4 9 12 11 0 3 14 6
115 107 8 1 2 10 9 5 13 7 8 0 12 11 3 4 14 6
116 108 8 1 2 10 9 5 13 7 8 12 0 11 3 4 14 6
116 109 7 1 2 10 9 5 13 7 8 12 6 11 3 4 14 0
120 112 8 1 2 10 9 5 13 7 8 0 6 11 3 4 14 12
120 113 7 1 2 10 0 5 13 7 8 9 6 11 3 4 14 12
121 114 7 1 2 0 10 5 13 7 8 9 6 11 3 4 14 12
123 115 8 1 0 2 10 5 13 7 8 9 6 11 3 4 14 12
123 115 8 1 2 8 10 5 13 7 0 9 6 11 3 4 14 12
124 116 8 1 2 8 10 5 13 7 4 9 6 11 3 0 14 12
125 117 8 1 2 8 10 5 13 7 4 9 6 11 0 3 14 12
121 113 8 1 2 10 9 5 13 7 8 6 0 11 3 4 14 12
121 114 7 1 2 10 9 5 13 7 8 6 12 11 3 4 14 0
114 106 8 1 2 10 5 12 13 7 8 9 0 11 3 4 14 6
114 107 7 1 2 10 5 12 13 7 8 9 6 11 3 4 14 0
111 103 8 1 2 10 5 0 13 7 8 9 6 11 3 4 14 12
115 106 9 1 2 10 5 9 13 7 8 0 6 11 3 4 14 12
116 107 9 1 2 10 5 9 13 7 8 6 0 11 3 4 14 12
116 108 8 1 2 10 5 9 13 7 8 6 12 11 3 4 14 0
116 107 9 1 2 10 0 9 13 7 8 5 6 11 3 4 14 12
117 108 9 1 2 10 9 0 13 7 8 5 6 11 3 4 14 12
118 110 8 1 2 10 9 12 13 7 8 5 6 11 3 4 14 0
122 113 9 1 2 10 9 12 13 7 8 0 6 11 3 4 14 5
122 114 8 1 2 10 0 12 13 7 8 9 6 11 3 4 14 5
123 115 8 1 2 10 12 0 13 7 8 9 6 11 3 4 14 5
123 117 6 1 2 10 12 5 13 7 8 9 6 11 3 4 14 0
125 118 7 1 2 10 12 5 13 7 8 9 0 11 3 4 14 6
127 119 8 1 2 10 12 5 13 7 8 0 9 11 3 4 14 6
128 120 8 1 2 10 0 5 13 7 8 12 9 11 3 4 14 6
129 121 8 1 2 0 10 5 13 7 8 12 9 11 3 4 14 6
127 119 8 1 2 10 12 0 13 7 8 9 5 11 3 4 14 6
128 121 7 1 2 10 12 6 13 7 8 9 5 11 3 4 14 0
128 120 8 1 2 10 0 12 13 7 8 9 5 11 3 4 14 6
129 121 8 1 2 0 10 12 13 7 8 9 5 11 3 4 14 6
128 120 8 1 2 10 12 5 13 7 8 0 6 11 3 4 14 9
129 121 8 1 2 10 12 5 13 7 8 6 0 11 3 4 14 9
129 122 7 1 2 10 12 5 13 7 8 6 9 11 3 4 14 0
129 121 8 1 2 10 0 5 13 7 8 12 6 11 3 4 14 9
130 122 8 1 2 0 10 5 13 7 8 12 6 11 3 4 14 9
128 120 8 0 2 10 12 5 13 7 8 9 6 11 3 4 14 1
129 121 8 13 2 10 12 5 0 7 8 9 6 11 3 4 14 1
123 115 8 1 2 0 10 12 13 7 8 9 6 11 3 4 14 5
124 116 8 1 2 10 12 6 13 7 8 9 0 11 3 4 14 5
126 118 8 1 2 10 12 5 13 7 8 9 6 11 3 4 0 14
127 119 8 1 2 10 12 5 13 7 8 9 6 11 3 0 4 14
128 120 8 1 2 10 12 5 13 7 8 9 6 11 0 3 4 14
127 119 8 1 2 10 12 5 13 7 8 9 6 0 3 4 14 11
128 120 8 1 2 10 12 5 13 7 8 9 6 3 0 4 14 11
129 121 8 1 2 10 12 5 13 7 8 9 6 3 4 0 14 11
128 120 8 1 2 10 12 5 0 7 8 9 6 13 3 4 14 11
130 121 9 1 2 10 12 5 7 0 8 9 6 13 3 4 14 11
131 122 9 1 2 10 12 5 7 3 8 9 6 13 0 4 14 11
132 123 9 1 2 10 12 5 7 3 8 9 6 13 4 0 14 11
132 123 9 1 2 10 12 5 7 3 8 9 6 0 13 4 14 11
132 125 7 1 2 10 12 5 7 3 8 9 6 11 13 4 14 0
134 126 8 1 2 10 12 5 7 3 8 9 0 11 13 4 14 6
136 127 9 1 2 10 12 5 7 3 8 0 9 11 13 4 14 6
137 128 9 1 2 10 0 5 7 3 8 12 9 11 13 4 14 6
138 129 9 1 2 0 10 5 7 3 8 12 9 11 13 4 14 6
118 109 9 0 1 2 10 5 13 7 8 9 12 11 3 4 14 6
120 112 8 6 1 2 10 5 13 7 8 9 12 11 3 4 14 0
122 113 9 6 1 2 10 5 13 7 8 9 0 11 3 4 14 12
126 117 9 1 2 8 10 5 13 7 4 9 6 11 3 14 0 12
126 118 8 1 2 8 10 5 13 7 4 9 6 11 3 14 12 0
128 119 9 1 2 8 10 5 13 7 4 9 0 11 3 14 12 6
118 109 9 1 2 10 9 0 13 7 8 12 5 11 3 4 14 6
119 111 8 1 2 10 9 6 13 7 8 12 5 11 3 4 14 0
121 112 9 1 2 10 9 6 13 7 8 12 0 11 3 4 14 5
125 116 9 1 7 2 10 5 13 0 8 9 6 11 3 4 14 12
126 117 9 1 7 2 10 5 0 13 8 9 6 11 3 4 14 12
117 108 9 1 2 10 9 5 13 7 8 14 12 11 3 4 0 6
117 109 8 1 2 10 9 5 13 7 8 14 12 11 3 4 6 0
121 112 9 1 2 10 9 5 13 7 8 0 12 11 3 4 6 14
121 113 8 1 2 10 0 5 13 7 8 9 12 11 3 4 6 14
122 114 8 1 2 0 10 5 13 7 8 9 12 11 3 4 6 14
124 115 9 1 0 2 10 5 13 7 8 9 12 11 3 4 6 14
109 100 9 1 2 10 6 0 13 7 8 9 11 12 3 4 14 5
110 101 9 1 2 10 0 6 13 7 8 9 11 12 3 4 14 5
111 102 9 1 2 0 10 6 13 7 8 9 11 12 3 4 14 5
108 99 9 1 2 10 6 5 13 0 8 9 11 7 3 4 14 12
109 100 9 1 2 10 6 5 0 13 8 9 11 7 3 4 14 12
110 101 9 1 2 10 6 5 7 13 8 9 11 0 3 4 14 12
111 103 8 1 2 10 6 5 7 13 8 9 11 12 3 4 14 0
113 104 9 1 2 10 6 5 7 13 8 9 0 12 3 4 14 11
122 113 9 1 2 10 9 5 13 7 8 6 12 11 3 4 0 14
123 114 9 1 2 10 9 5 13 7 8 6 12 11 3 0 4 14
124 115 9 1 2 10 9 5 13 7 8 6 12 11 0 3 4 14
114 105 9 0 2 10 5 1 13 7 8 9 6 11 3 4 14 12
116 108 8 12 2 10 5 1 13 7 8 9 6 11 3 4 14 0
119 110 9 12 2 10 5 0 13 7 8 9 6 11 3 4 14 1
119 111 8 12 2 10 0 5 13 7 8 9 6 11 3 4 14 1
120 112 8 12 2 0 10 5 13 7 8 9 6 11 3 4 14 1
122 113 9 12 0 2 10 5 13 7 8 9 6 11 3 4 14 1
123 114 9 0 12 2 10 5 13 7 8 9 6 11 3 4 14 1
124 117 7 1 12 2 10 5 13 7 8 9 6 11 3 4 14 0
126 118 8 1 12 2 10 5 13 7 8 9 0 11 3 4 14 6
128 119 9 1 12 2 10 5 13 7 8 0 9 11 3 4 14 6
129 120 9 1 12 2 0 5 13 7 8 10 9 11 3 4 14 6
130 121 9 1 12 0 2 5 13 7 8 10 9 11 3 4 14 6
131 122 9 1 0 12 2 5 13 7 8 10 9 11 3 4 14 6
99 90 9 1 2 10 6 5 13 7 8 0 12 11 3 4 9 14
100 91 9 1 2 10 6 5 13 7 8 12 0 11 3 4 9 14
100 92 8 1 2 10 6 5 13 7 8 12 14 11 3 4 9 0
104 95 9 1 2 10 6 5 13 7 8 0 14 11 3 4 9 12
104 96 8 1 2 10 6 5 13 7 8 9 14 11 3 4 0 12
104 97 7 1 2 10 6 5 13 7 8 9 14 11 3 4 12 0
106 98 8 1 2 10 6 5 13 7 8 9 0 11 3 4 12 14
105 97 8 1 2 10 6 5 13 7 8 9 14 11 3 0 4 12
106 98 8 1 2 10 6 5 13 7 8 9 14 11 0 3 4 12
108 99 9 1 2 10 6 5 13 7 8 9 14 0 11 3 4 12
109 101 8 1 2 10 6 5 13 7 8 9 14 12 11 3 4 0
111 102 9 1 2 10 6 5 13 7 8 9 14 12 11 3 0 4
112 103 9 1 2 10 6 5 13 7 8 9 14 12 11 0 3 4
113 104 9 1 2 10 6 5 13 7 8 9 14 12 0 11 3 4
113 105 8 1 2 10 6 5 13 7 8 9 14 0 12 11 3 4
114 107 7 1 2 10 6 5 13 7 8 9 14 4 12 11 3 0
116 108 8 1 2 10 6 5 13 7 8 9 14 4 12 11 0 3
117 109 8 1 2 10 6 5 13 7 8 9 14 4 12 0 11 3
116 108 8 1 2 10 6 5 13 7 8 9 0 4 12 11 3 14
114 106 8 1 2 10 6 5 0 7 8 9 14 13 12 11 3 4
116 107 9 1 2 10 6 5 7 0 8 9 14 13 12 11 3 4
118 109 9 1 2 10 6 5 13 7 8 0 9 4 12 11 3 14
119 110 9 1 2 10 6 5 13 7 8 3 9 4 12 11 0 14
118 111 7 1 2 10 6 5 13 7 8 3 9 4 12 11 14 0
122 114 8 1 2 10 6 5 13 7 8 0 9 4 12 11 14 3
122 115 7 1 2 10 6 5 13 7 8 9 0 4 12 11 14 3
122 116 6 1 2 10 6 5 13 7 8 9 3 4 12 11 14 0
125 118 7 1 2 10 6 5 13 7 8 9 3 0 12 11 14 4
126 119 7 1 2 10 6 5 0 7 8 9 3 13 12 11 14 4
128 120 8 1 2 10 6 5 7 0 8 9 3 13 12 11 14 4
125 117 8 1 2 10 6 5 13 7 8 9 3 4 12 11 0 14
126 118 8 1 2 10 6 5 13 7 8 9 3 4 12 0 11 14
129 121 8 1 2 10 6 5 13 0 8 9 3 7 12 11 14 4
130 122 8 1 2 10 6 5 0 13 8 9 3 7 12 11 14 4
131 123 8 1 2 10 6 5 7 13 8 9 3 0 12 11 14 4
132 125 7 1 2 10 6 5 7 13 8 9 3 4 12 11 14 0
134 126 8 1 2 10 6 5 7 13 8 9 0 4 12 11 14 3
129 121 8 1 2 10 6 0 13 7 8 9 3 5 12 11 14 4
130 123 7 1 2 10 6 4 13 7 8 9 3 5 12 11 14 0
133 125 8 1 2 10 6 4 13 7 8 9 3 0 12 11 14 5
134 126 8 1 2 10 6 4 0 7 8 9 3 13 12 11 14 5
132 124 8 1 2 10 6 4 13 7 8 9 0 5 12 11 14 3
133 125 8 1 2 10 6 0 13 7 8 9 4 5 12 11 14 3
135 128 7 1 2 10 6 5 13 7 8 9 4 0 12 11 14 3
136 130 6 1 2 10 6 5 13 7 8 9 4 3 12 11 14 0
138 131 7 1 2 10 6 5 13 7 8 9 0 3 12 11 14 4
136 129 7 1 2 10 6 5 0 7 8 9 4 13 12 11 14 3
134 127 7 1 2 10 6 3 13 7 8 9 4 5 12 11 14 0
137 129 8 1 2 10 6 3 13 7 8 9 4 0 12 11 14 5
138 130 8 1 2 10 6 3 0 7 8 9 4 13 12 11 14 5
139 131 8 1 2 10 6 5 13 7 8 9 4 3 12 11 0 14
140 132 8 1 2 10 6 5 13 7 8 9 4 3 12 0 11 14
138 130 8 1 2 10 6 5 7 0 8 9 4 13 12 11 14 3
140 132 8 1 2 10 6 5 13 7 8 0 9 3 12 11 14 4
141 133 8 1 2 10 0 5 13 7 8 6 9 3 12 11 14 4
142 134 8 1 2 0 10 5 13 7 8 6 9 3 12 11 14 4
126 118 8 1 2 10 6 0 13 7 8 9 3 4 12 11 14 5
127 119 8 1 2 10 0 6 13 7 8 9 3 4 12 11 14 5
128 120 8 1 2 0 10 6 13 7 8 9 3 4 12 11 14 5
127 119 8 1 2 10 6 3 13 7 8 9 0 4 12 11 14 5
127 120 7 1 2 10 6 3 13 7 8 9 5 4 12 11 14 0
130 122 8 1 2 10 6 3 13 7 8 9 5 0 12 11 14 4
131 123 8 1 2 10 6 3 0 7 8 9 5 13 12 11 14 4
127 119 8 1 2 10 6 5 13 7 8 9 3 12 0 11 14 4
128 120 8 1 2 10 6 5 13 7 8 9 3 12 11 0 14 4
127 119 8 1 2 10 6 5 13 7 8 0 3 4 12 11 14 9
128 120 8 1 2 10 0 5 13 7 8 6 3 4 12 11 14 9
129 121 8 1 2 0 10 5 13 7 8 6 3 4 12 11 14 9
134 126 8 1 2 10 0 6 13 7 8 9 4 5 12 11 14 3
135 127 8 1 2 0 10 6 13 7 8 9 4 5 12 11 14 3
137 129 8 1 2 10 6 5 13 7 8 9 4 12 0 11 14 3
138 130 8 1 2 10 6 5 13 7 8 9 4 12 11 0 14 3
128 120 8 0 2 10 6 5 13 7 8 9 3 1 12 11 14 4
130 123 7 4 2 10 6 5 13 7 8 9 3 1 12 11 14 0
133 125 8 4 2 10 6 5 13 7 8 9 3 0 12 11 14 1
134 126 8 4 2 10 6 5 0 7 8 9 3 13 12 11 14 1
132 124 8 4 2 10 6 5 13 7 8 9 0 1 12 11 14 3
129 121 8 13 2 10 6 5 0 7 8 9 3 1 12 11 14 4
130 122 8 13 2 10 6 5 1 7 8 9 3 0 12 11 14 4
131 124 7 13 2 10 6 5 1 7 8 9 3 4 12 11 14 0
135 127 8 0 2 10 6 5 1 7 8 9 3 4 12 11 14 13
135 128 7 1 2 10 6 5 0 7 8 9 3 4 12 11 14 13
136 129 7 1 2 10 6 5 4 7 8 9 3 0 12 11 14 13
137 131 6 1 2 10 6 5 4 7 8 9 3 13 12 11 14 0
139 132 7 1 2 10 6 5 4 7 8 9 0 13 12 11 14 3
141 133 8 1 2 10 6 5 4 7 8 0 9 13 12 11 14 3
142 134 8 1 2 10 0 5 4 7 8 6 9 13 12 11 14 3
143 135 8 1 2 0 10 5 4 7 8 6 9 13 12 11 14 3
141 133 8 1 2 10 6 0 4 7 8 9 5 13 12 11 14 3
142 135 7 1 2 10 6 3 4 7 8 9 5 13 12 11 14 0
145 137 8 1 2 10 6 3 4 7 8 9 5 0 12 11 14 13
148 140 8 1 2 10 6 0 4 7 8 9 5 3 12 11 14 13
149 142 7 1 2 10 6 13 4 7 8 9 5 3 12 11 14 0
148 141 7 1 2 10 6 5 4 7 8 9 0 3 12 11 14 13
148 142 6 1 2 10 6 5 4 7 8 9 13 3 12 11 14 0
151 144 7 1 2 10 6 5 4 7 8 9 13 0 12 11 14 3
152 145 7 1 2 10 6 5 0 7 8 9 13 4 12 11 14 3
154 146 8 1 2 10 6 5 7 0 8 9 13 4 12 11 14 3
155 147 8 1 2 10 6 5 4 0 8 9 13 7 12 11 14 3
156 148 8 1 2 10 6 5 0 4 8 9 13 7 12 11 14 3
157 149 8 1 2 10 6 5 7 4 8 9 13 0 12 11 14 3
158 151 7 1 2 10 6 5 7 4 8 9 13 3 12 11 14 0
160 152 8 1 2 10 6 5 7 4 8 9 0 3 12 11 14 13
121 113 8 1 2 10 6 5 13 7 8 3 9 0 12 11 14 4
122 114 8 1 2 10 6 5 0 7 8 3 9 13 12 11 14 4
133 125 8 13 2 10 6 5 1 7 8 9 0 4 12 11 14 3
132 124 8 0 2 10 6 5 1 7 8 9 3 13 12 11 14 4
134 127 7 4 2 10 6 5 1 7 8 9 3 13 12 11 14 0
136 128 8 4 2 10 6 5 1 7 8 9 0 13 12 11 14 3
140 132 8 1 2 10 6 0 13 7 8 9 4 3 12 11 14 5
141 133 8 1 2 10 0 6 13 7 8 9 4 3 12 11 14 5
142 134 8 1 2 0 10 6 13 7 8 9 4 3 12 11 14 5
141 133 8 1 2 10 6 4 13 7 8 9 0 3 12 11 14 5
141 134 7 1 2 10 6 4 13 7 8 9 5 3 12 11 14 0
144 136 8 1 2 10 6 4 13 7 8 9 5 0 12 11 14 3
145 137 8 1 2 10 6 4 0 7 8 9 5 13 12 11 14 3
150 142 8 1 2 10 6 5 4 7 8 0 9 3 12 11 14 13
151 143 8 1 2 10 0 5 4 7 8 6 9 3 12 11 14 13
152 144 8 1 2 0 10 5 4 7 8 6 9 3 12 11 14 13
130 122 8 1 2 10 0 6 13 7 8 9 3 5 12 11 14 4
131 123 8 1 2 0 10 6 13 7 8 9 3 5 12 11 14 4
140 132 8 1 2 10 6 0 4 7 8 9 3 5 12 11 14 13
141 134 7 1 2 10 6 13 4 7 8 9 3 5 12 11 14 0
144 136 8 1 2 10 6 13 4 7 8 9 3 0 12 11 14 5
145 137 8 1 2 10 6 13 0 7 8 9 3 4 12 11 14 5
143 135 8 1 2 10 6 13 4 7 8 9 0 5 12 11 14 3
141 133 8 1 2 10 0 6 4 7 8 9 3 5 12 11 14 13
142 134 8 1 2 0 10 6 4 7 8 9 3 5 12 11 14 13
146 138 8 1 2 10 6 3 0 7 8 9 5 4 12 11 14 13
120 112 8 1 2 10 6 5 13 7 8 3 0 4 12 11 14 9
149 141 8 1 2 10 0 6 4 7 8 9 5 3 12 11 14 13
150 142 8 1 2 0 10 6 4 7 8 9 5 3 12 11 14 13
139 131 8 1 2 10 6 5 13 0 8 9 4 7 12 11 14 3
140 132 8 1 2 10 6 5 0 13 8 9 4 7 12 11 14 3
141 133 8 1 2 10 6 5 7 13 8 9 4 0 12 11 14 3
142 135 7 1 2 10 6 5 7 13 8 9 4 3 12 11 14 0
144 136 8 1 2 10 6 5 7 13 8 9 0 3 12 11 14 4
138 130 8 0 2 10 6 5 13 7 8 9 4 1 12 11 14 3
140 133 7 3 2 10 6 5 13 7 8 9 4 1 12 11 14 0
143 135 8 3 2 10 6 5 13 7 8 9 4 0 12 11 14 1
144 136 8 3 2 10 6 5 0 7 8 9 4 13 12 11 14 1
142 134 8 3 2 10 6 5 13 7 8 9 0 1 12 11 14 4
139 131 8 13 2 10 6 5 0 7 8 9 4 1 12 11 14 3
140 132 8 13 2 10 6 5 1 7 8 9 4 0 12 11 14 3
141 134 7 13 2 10 6 5 1 7 8 9 4 3 12 11 14 0
145 137 8 0 2 10 6 5 1 7 8 9 4 3 12 11 14 13
145 138 7 1 2 10 6 5 0 7 8 9 4 3 12 11 14 13
146 139 7 1 2 10 6 5 3 7 8 9 4 0 12 11 14 13
147 141 6 1 2 10 6 5 3 7 8 9 4 13 12 11 14 0
149 142 7 1 2 10 6 5 3 7 8 9 0 13 12 11 14 4
151 143 8 1 2 10 6 5 3 7 8 0 9 13 12 11 14 4
152 144 8 1 2 10 0 5 3 7 8 6 9 13 12 11 14 4
153 145 8 1 2 0 10 5 3 7 8 6 9 13 12 11 14 4
142 134 8 1 2 10 6 5 4 7 8 0 3 13 12 11 14 9
143 135 8 1 2 10 6 5 4 7 8 3 0 13 12 11 14 9
143 136 7 1 2 10 6 5 4 7 8 3 9 13 12 11 14 0
146 138 8 1 2 10 6 5 4 7 8 3 9 0 12 11 14 13
147 139 8 1 2 10 6 5 0 7 8 3 9 4 12 11 14 13
142 134 8 1 2 10 0 6 4 7 8 9 5 13 12 11 14 3
143 135 8 1 2 0 10 6 4 7 8 9 5 13 12 11 14 3
151 143 8 1 2 10 6 13 4 7 8 9 0 3 12 11 14 5
141 133 8 1 2 10 6 3 4 7 8 9 0 5 12 11 14 13
141 134 7 1 2 10 6 3 4 7 8 9 13 5 12 11 14 0
144 136 8 1 2 10 6 3 4 7 8 9 13 0 12 11 14 5
145 137 8 1 2 10 6 3 0 7 8 9 13 4 12 11 14 5
151 143 8 1 2 10 6 5 4 7 8 9 13 3 12 11 0 14
152 144 8 1 2 10 6 5 4 7 8 9 13 3 12 0 11 14
153 145 8 1 2 10 6 5 4 7 8 9 13 12 0 11 14 3
154 146 8 1 2 10 6 5 4 7 8 9 13 12 11 0 14 3
141 133 8 1 2 10 6 5 13 7 8 0 4 3 12 11 14 9
142 134 8 1 2 10 6 5 13 7 8 4 0 3 12 11 14 9
142 135 7 1 2 10 6 5 13 7 8 4 9 3 12 11 14 0
145 137 8 1 2 10 6 5 13 7 8 4 9 0 12 11 14 3
146 138 8 1 2 10 6 5 0 7 8 4 9 13 12 11 14 3
138 130 8 1 2 10 6 5 4 7 8 9 3 12 0 11 14 13
139 131 8 1 2 10 6 5 4 7 8 9 3 12 11 0 14 13
137 129 8 4 2 10 6 5 1 7 8 9 3 0 12 11 14 13
138 130 8 4 2 10 6 5 0 7 8 9 3 1 12 11 14 13
142 134 8 0 2 10 6 5 4 7 8 9 3 13 12 11 14 1
144 136 8 13 2 10 6 5 4 7 8 9 3 0 12 11 14 1
145 138 7 13 2 10 6 5 4 7 8 9 3 1 12 11 14 0
147 139 8 13 2 10 6 5 4 7 8 9 0 1 12 11 14 3
145 137 8 13 2 10 6 5 0 7 8 9 3 4 12 11 14 1
140 132 8 1 2 10 6 5 4 7 8 9 3 13 12 11 0 14
141 133 8 1 2 10 6 5 4 7 8 9 3 13 12 0 11 14
144 136 8 1 2 10 6 0 4 7 8 9 13 5 12 11 14 3
145 137 8 1 2 10 0 6 4 7 8 9 13 5 12 11 14 3
146 138 8 1 2 0 10 6 4 7 8 9 13 5 12 11 14 3
143 135 8 13 2 10 6 5 1 7 8 9 0 3 12 11 14 4
152 144 8 0 2 10 6 5 3 7 8 9 4 13 12 11 14 1
154 146 8 13 2 10 6 5 3 7 8 9 4 0 12 11 14 1
155 148 7 13 2 10 6 5 3 7 8 9 4 1 12 11 14 0
157 149 8 13 2 10 6 5 3 7 8 9 0 1 12 11 14 4
155 147 8 13 2 10 6 5 0 7 8 9 4 3 12 11 14 1
149 141 8 0 2 10 6 5 3 7 8 9 4 1 12 11 14 13
150 142 8 3 2 10 6 5 0 7 8 9 4 1 12 11 14 13
124 116 8 1 2 10 6 0 13 7 8 9 5 4 12 11 14 3
125 117 8 1 2 10 0 6 13 7 8 9 5 4 12 11 14 3
126 118 8 1 2 0 10 6 13 7 8 9 5 4 12 11 14 3
133 125 8 1 2 10 6 0 13 7 8 9 5 3 12 11 14 4
134 126 8 1 2 10 0 6 13 7 8 9 5 3 12 11 14 4
135 127 8 1 2 0 10 6 13 7 8 9 5 3 12 11 14 4
151 143 8 1 2 10 6 0 3 7 8 9 5 13 12 11 14 4
152 145 7 1 2 10 6 4 3 7 8 9 5 13 12 11 14 0
155 147 8 1 2 10 6 4 3 7 8 9 5 0 12 11 14 13
158 150 8 1 2 10 6 0 3 7 8 9 5 4 12 11 14 13
159 152 7 1 2 10 6 13 3 7 8 9 5 4 12 11 14 0
158 151 7 1 2 10 6 5 3 7 8 9 0 4 12 11 14 13
158 152 6 1 2 10 6 5 3 7 8 9 13 4 12 11 14 0
161 154 7 1 2 10 6 5 3 7 8 9 13 0 12 11 14 4
162 155 7 1 2 10 6 5 0 7 8 9 13 3 12 11 14 4
164 156 8 1 2 10 6 5 7 0 8 9 13 3 12 11 14 4
165 157 8 1 2 10 6 5 3 0 8 9 13 7 12 11 14 4
166 158 8 1 2 10 6 5 0 3 8 9 13 7 12 11 14 4
167 159 8 1 2 10 6 5 7 3 8 9 13 0 12 11 14 4
168 161 7 1 2 10 6 5 7 3 8 9 13 4 12 11 14 0
170 162 8 1 2 10 6 5 7 3 8 9 0 4 12 11 14 13
165 157 8 1 2 10 6 0 3 7 8 9 13 5 12 11 14 4
166 159 7 1 2 10 6 4 3 7 8 9 13 5 12 11 14 0
169 161 8 1 2 10 6 4 3 7 8 9 13 0 12 11 14 5
170 162 8 1 2 10 6 4 0 7 8 9 13 3 12 11 14 5
168 160 8 1 2 10 6 4 3 7 8 9 0 5 12 11 14 13
143 135 8 1 2 10 0 5 4 7 8 6 3 13 12 11 14 9
144 136 8 1 2 0 10 5 4 7 8 6 3 13 12 11 14 9
150 142 8 1 2 10 6 5 3 7 8 9 4 13 12 11 0 14
151 143 8 1 2 10 6 5 3 7 8 9 4 13 12 0 11 14
151 143 8 1 2 10 6 0 3 7 8 9 4 13 12 11 14 5
154 146 8 1 2 10 6 13 3 7 8 9 4 0 12 11 14 5
155 148 7 1 2 10 6 13 3 7 8 9 4 5 12 11 14 0
155 147 8 1 2 10 6 13 0 7 8 9 4 3 12 11 14 5
130 122 8 1 2 10 6 3 13 7 8 9 0 5 12 11 14 4
137 129 8 1 2 10 6 5 7 0 8 9 3 4 12 11 14 13
153 145 8 0 2 10 6 5 4 7 8 9 13 3 12 11 14 1
155 147 8 3 2 10 6 5 4 7 8 9 13 0 12 11 14 1
156 149 7 3 2 10 6 5 4 7 8 9 13 1 12 11 14 0
158 150 8 3 2 10 6 5 4 7 8 9 0 1 12 11 14 13
156 148 8 3 2 10 6 5 0 7 8 9 13 4 12 11 14 1
152 144 8 1 2 10 0 6 3 7 8 9 5 13 12 11 14 4
153 145 8 1 2 0 10 6 3 7 8 9 5 13 12 11 14 4
163 155 8 1 2 10 6 5 3 7 8 9 13 12 0 11 14 4
164 156 8 1 2 10 6 5 3 7 8 9 13 12 11 0 14 4
159 151 8 1 2 10 0 6 3 7 8 9 5 4 12 11 14 13
160 152 8 1 2 0 10 6 3 7 8 9 5 4 12 11 14 13
152 144 8 1 2 10 6 4 3 7 8 9 0 13 12 11 14 5
154 146 8 0 2 10 6 5 4 7 8 9 13 1 12 11 14 3
155 147 8 4 2 10 6 5 0 7 8 9 13 1 12 11 14 3
156 148 8 4 2 10 6 5 1 7 8 9 13 0 12 11 14 3
157 150 7 4 2 10 6 5 1 7 8 9 13 3 12 11 14 0
161 153 8 0 2 10 6 5 1 7 8 9 13 3 12 11 14 4
163 155 8 3 2 10 6 5 1 7 8 9 13 0 12 11 14 4
164 157 7 3 2 10 6 5 1 7 8 9 13 4 12 11 14 0
166 158 8 3 2 10 6 5 1 7 8 9 0 4 12 11 14 13
164 156 8 3 2 10 6 5 0 7 8 9 13 1 12 11 14 4
159 151 8 4 2 10 6 5 1 7 8 9 0 3 12 11 14 13
127 119 8 0 2 10 6 5 13 7 8 9 3 4 12 11 14 1
141 133 8 1 2 10 6 0 4 7 8 9 3 13 12 11 14 5
142 134 8 1 2 10 0 6 4 7 8 9 3 13 12 11 14 5
143 135 8 1 2 0 10 6 4 7 8 9 3 13 12 11 14 5
150 142 8 1 2 10 6 0 3 7 8 9 4 5 12 11 14 13
151 143 8 1 2 10 0 6 3 7 8 9 4 5 12 11 14 13
152 144 8 1 2 0 10 6 3 7 8 9 4 5 12 11 14 13
152 144 8 1 2 10 6 5 3 7 8 0 4 13 12 11 14 9
153 145 8 1 2 10 6 5 3 7 8 4 0 13 12 11 14 9
153 146 7 1 2 10 6 5 3 7 8 4 9 13 12 11 14 0
156 148 8 1 2 10 6 5 3 7 8 4 9 0 12 11 14 13
157 149 8 1 2 10 6 5 0 7 8 4 9 3 12 11 14 13
153 145 8 1 2 10 0 5 3 7 8 6 4 13 12 11 14 9
154 146 8 1 2 0 10 5 3 7 8 6 4 13 12 11 14 9
123 115 8 1 2 10 0 5 13 7 8 6 9 4 12 11 14 3
124 116 8 1 2 0 10 5 13 7 8 6 9 4 12 11 14 3
161 153 8 1 2 10 6 5 3 7 8 9 13 4 12 11 0 14
162 154 8 1 2 10 6 5 3 7 8 9 13 4 12 0 11 14
141 133 8 0 2 10 6 5 13 7 8 9 4 3 12 11 14 1
152 144 8 1 2 10 0 6 3 7 8 9 4 13 12 11 14 5
153 145 8 1 2 0 10 6 3 7 8 9 4 13 12 11 14 5
142 134 8 1 2 10 6 3 4 7 8 9 0 13 12 11 14 5
154 146 8 4 2 10 6 5 0 7 8 9 13 3 12 11 14 1
155 147 8 4 2 10 6 5 3 7 8 9 13 0 12 11 14 1
156 149 7 4 2 10 6 5 3 7 8 9 13 1 12 11 14 0
158 150 8 4 2 10 6 5 3 7 8 9 0 1 12 11 14 13
162 154 8 1 2 10 6 0 3 7 8 9 13 4 12 11 14 5
163 155 8 1 2 10 0 6 3 7 8 9 13 4 12 11 14 5
164 156 8 1 2 0 10 6 3 7 8 9 13 4 12 11 14 5
156 148 8 1 2 10 6 4 0 7 8 9 5 3 12 11 14 13
144 136 8 1 2 10 6 13 4 7 8 9 5 0 12 11 14 3
145 137 8 1 2 10 6 13 0 7 8 9 5 4 12 11 14 3
142 134 8 0 2 10 6 5 1 7 8 9 4 13 12 11 14 3
144 137 7 3 2 10 6 5 1 7 8 9 4 13 12 11 14 0
146 138 8 3 2 10 6 5 1 7 8 9 0 13 12 11 14 4
158 150 8 0 2 10 6 5 1 7 8 9 13 4 12 11 14 3
147 139 8 3 2 10 6 5 1 7 8 9 4 0 12 11 14 13
147 139 8 1 2 10 6 5 7 0 8 9 4 3 12 11 14 13
160 152 8 0 2 10 6 5 3 7 8 9 13 1 12 11 14 4
148 140 8 1 2 10 6 5 3 7 8 9 4 12 0 11 14 13
149 141 8 1 2 10 6 5 3 7 8 9 4 12 11 0 14 13
150 142 8 1 2 10 6 5 3 0 8 9 4 7 12 11 14 13
151 143 8 1 2 10 6 5 0 3 8 9 4 7 12 11 14 13
152 144 8 1 2 10 6 5 7 3 8 9 4 0 12 11 14 13
153 146 7 1 2 10 6 5 7 3 8 9 4 13 12 11 14 0
155 147 8 1 2 10 6 5 7 3 8 9 0 13 12 11 14 4
157 149 8 1 2 10 6 13 3 7 8 9 0 5 12 11 14 4
153 145 8 1 2 10 6 5 4 7 8 0 13 3 12 11 14 9
154 146 8 1 2 10 6 5 4 7 8 13 0 3 12 11 14 9
154 147 7 1 2 10 6 5 4 7 8 13 9 3 12 11 14 0
157 149 8 1 2 10 6 5 4 7 8 13 9 0 12 11 14 3
158 150 8 1 2 10 6 5 0 7 8 13 9 4 12 11 14 3
154 146 8 1 2 10 0 5 4 7 8 6 13 3 12 11 14 9
155 147 8 1 2 0 10 5 4 7 8 6 13 3 12 11 14 9
140 132 8 1 2 10 6 5 4 0 8 9 3 7 12 11 14 13
141 133 8 1 2 10 6 5 0 4 8 9 3 7 12 11 14 13
142 134 8 1 2 10 6 5 7 4 8 9 3 0 12 11 14 13
143 136 7 1 2 10 6 5 7 4 8 9 3 13 12 11 14 0
145 137 8 1 2 10 6 5 7 4 8 9 0 13 12 11 14 3
161 153 8 1 2 10 6 13 3 7 8 9 0 4 12 11 14 5
139 131 8 0 2 10 6 5 4 7 8 9 3 1 12 11 14 13
154 146 8 1 2 10 6 13 3 7 8 9 5 0 12 11 14 4
155 147 8 1 2 10 6 13 0 7 8 9 5 3 12 11 14 4
163 155 8 1 2 10 6 5 3 7 8 0 13 4 12 11 14 9
164 156 8 1 2 10 6 5 3 7 8 13 0 4 12 11 14 9
164 157 7 1 2 10 6 5 3 7 8 13 9 4 12 11 14 0
167 159 8 1 2 10 6 5 3 7 8 13 9 0 12 11 14 4
168 160 8 1 2 10 6 5 0 7 8 13 9 3 12 11 14 4
164 156 8 1 2 10 0 5 3 7 8 6 13 4 12 11 14 9
165 157 8 1 2 0 10 5 3 7 8 6 13 4 12 11 14 9
166 158 8 1 2 10 0 6 3 7 8 9 13 5 12 11 14 4
167 159 8 1 2 0 10 6 3 7 8 9 13 5 12 11 14 4
142 134 8 1 2 10 0 5 13 7 8 6 4 3 12 11 14 9
143 135 8 1 2 0 10 5 13 7 8 6 4 3 12 11 14 9
147 139 8 1 2 10 6 0 4 7 8 9 13 3 12 11 14 5
148 140 8 1 2 10 0 6 4 7 8 9 13 3 12 11 14 5
149 141 8 1 2 0 10 6 4 7 8 9 13 3 12 11 14 5
157 149 8 0 2 10 6 5 3 7 8 9 13 4 12 11 14 1
160 152 8 1 2 10 6 5 3 7 8 0 9 4 12 11 14 13
161 153 8 1 2 10 0 5 3 7 8 6 9 4 12 11 14 13
162 154 8 1 2 0 10 5 3 7 8 6 9 4 12 11 14 13
164 155 9 1 0 2 10 5 3 7 8 6 9 4 12 11 14 13
159 150 9 2 0 10 6 5 3 7 8 9 13 4 12 11 14 1
160 151 9 2 10 0 6 5 3 7 8 9 13 4 12 11 14 1
161 152 9 2 10 6 0 5 3 7 8 9 13 4 12 11 14 1
164 155 9 1 2 8 10 5 3 7 0 6 9 4 12 11 14 13
165 156 9 1 2 8 10 5 3 7 6 0 9 4 12 11 14 13
165 157 8 1 2 8 10 5 3 7 6 9 0 4 12 11 14 13
165 158 7 1 2 8 10 5 3 7 6 9 13 4 12 11 14 0
168 160 8 1 2 8 10 5 3 7 6 9 13 0 12 11 14 4
169 161 8 1 2 8 10 5 0 7 6 9 13 3 12 11 14 4
171 162 9 1 2 8 10 5 7 0 6 9 13 3 12 11 14 4
172 163 9 1 2 8 10 5 7 6 0 9 13 3 12 11 14 4
172 164 8 1 2 0 10 5 7 6 8 9 13 3 12 11 14 4
173 165 8 1 2 10 0 5 7 6 8 9 13 3 12 11 14 4
175 166 9 1 2 10 5 0 7 6 8 9 13 3 12 11 14 4
176 168 8 1 2 10 5 4 7 6 8 9 13 3 12 11 14 0
179 170 9 1 2 10 5 4 7 6 8 9 13 0 12 11 14 3
182 173 9 1 2 10 5 4 7 0 8 9 13 6 12 11 14 3
182 174 8 1 2 10 5 4 0 7 8 9 13 6 12 11 14 3
182 175 7 1 2 10 5 4 6 7 8 9 13 0 12 11 14 3
183 177 6 1 2 10 5 4 6 7 8 9 13 3 12 11 14 0
186 179 7 1 2 10 5 0 6 7 8 9 13 3 12 11 14 4
186 180 6 1 2 10 0 5 6 7 8 9 13 3 12 11 14 4
187 181 6 1 2 0 10 5 6 7 8 9 13 3 12 11 14 4
189 182 7 1 0 2 10 5 6 7 8 9 13 3 12 11 14 4
189 182 7 1 2 8 10 5 6 7 0 9 13 3 12 11 14 4
190 183 7 1 2 8 10 5 6 7 11 9 13 3 12 0 14 4
188 181 7 1 2 10 9 5 6 7 8 0 13 3 12 11 14 4
189 182 7 1 2 10 9 5 6 7 8 13 0 3 12 11 14 4
189 183 6 1 2 10 9 5 6 7 8 13 4 3 12 11 14 0
193 186 7 1 2 10 9 5 6 7 8 0 4 3 12 11 14 13
193 187 6 1 2 10 0 5 6 7 8 9 4 3 12 11 14 13
194 188 6 1 2 0 10 5 6 7 8 9 4 3 12 11 14 13
196 189 7 1 0 2 10 5 6 7 8 9 4 3 12 11 14 13
196 189 7 1 2 8 10 5 6 7 0 9 4 3 12 11 14 13
197 190 7 1 2 8 10 5 6 7 11 9 4 3 12 0 14 13
195 188 7 1 2 10 5 0 6 7 8 9 4 3 12 11 14 13
196 190 6 1 2 10 5 13 6 7 8 9 4 3 12 11 14 0
199 192 7 1 2 10 5 13 6 7 8 9 4 0 12 11 14 3
202 195 7 1 2 10 5 0 6 7 8 9 4 13 12 11 14 3
203 197 6 1 2 10 5 3 6 7 8 9 4 13 12 11 14 0
202 196 6 1 2 10 0 5 6 7 8 9 4 13 12 11 14 3
203 197 6 1 2 0 10 5 6 7 8 9 4 13 12 11 14 3
205 198 7 1 0 2 10 5 6 7 8 9 4 13 12 11 14 3
205 198 7 1 2 8 10 5 6 7 0 9 4 13 12 11 14 3
206 199 7 1 2 8 10 5 6 7 11 9 4 13 12 0 14 3
204 197 7 1 2 10 9 5 6 7 8 0 4 13 12 11 14 3
205 198 7 1 2 10 9 5 6 7 8 4 0 13 12 11 14 3
205 199 6 1 2 10 9 5 6 7 8 4 3 13 12 11 14 0
209 202 7 1 2 10 9 5 6 7 8 0 3 13 12 11 14 4
209 203 6 1 2 10 0 5 6 7 8 9 3 13 12 11 14 4
210 204 6 1 2 0 10 5 6 7 8 9 3 13 12 11 14 4
212 205 7 1 0 2 10 5 6 7 8 9 3 13 12 11 14 4
212 205 7 1 2 8 10 5 6 7 0 9 3 13 12 11 14 4
213 206 7 1 2 8 10 5 6 7 11 9 3 13 12 0 14 4
211 204 7 1 2 10 5 0 6 7 8 9 3 13 12 11 14 4
212 206 6 1 2 10 5 4 6 7 8 9 3 13 12 11 14 0
215 208 7 1 2 10 5 4 6 7 8 9 3 0 12 11 14 13
218 211 7 1 2 10 5 0 6 7 8 9 3 4 12 11 14 13
219 213 6 1 2 10 5 13 6 7 8 9 3 4 12 11 14 0
218 212 6 1 2 10 0 5 6 7 8 9 3 4 12 11 14 13
219 213 6 1 2 0 10 5 6 7 8 9 3 4 12 11 14 13
221 214 7 1 0 2 10 5 6 7 8 9 3 4 12 11 14 13
221 214 7 1 2 8 10 5 6 7 0 9 3 4 12 11 14 13
222 215 7 1 2 8 10 5 6 7 11 9 3 4 12 0 14 13
220 213 7 1 2 10 9 5 6 7 8 0 3 4 12 11 14 13
221 214 7 1 2 10 9 5 6 7 8 3 0 4 12 11 14 13
221 215 6 1 2 10 9 5 6 7 8 3 13 4 12 11 14 0
225 218 7 1 2 10 9 5 6 7 8 0 13 4 12 11 14 3
225 219 6 1 2 10 0 5 6 7 8 9 13 4 12 11 14 3
226 220 6 1 2 0 10 5 6 7 8 9 13 4 12 11 14 3
228 221 7 1 0 2 10 5 6 7 8 9 13 4 12 11 14 3
228 221 7 1 2 8 10 5 6 7 0 9 13 4 12 11 14 3
229 222 7 1 2 8 10 5 6 7 11 9 13 4 12 0 14 3
205 198 7 1 2 10 5 3 6 7 8 9 0 13 12 11 14 4
226 219 7 1 2 10 9 5 6 7 8 13 0 4 12 11 14 3
226 220 6 1 2 10 9 5 6 7 8 13 3 4 12 11 14 0
229 222 7 1 2 10 9 5 6 7 8 13 3 0 12 11 14 4
224 217 7 1 2 10 9 5 6 7 8 3 13 0 12 11 14 4
194 187 7 1 2 10 9 5 6 7 8 4 0 3 12 11 14 13
194 188 6 1 2 10 9 5 6 7 8 4 13 3 12 11 14 0
197 190 7 1 2 10 9 5 6 7 8 4 13 0 12 11 14 3
185 178 7 1 2 10 5 4 6 7 8 9 0 3 12 11 14 13
192 185 7 1 2 10 9 5 6 7 8 13 4 0 12 11 14 3
189 182 7 1 2 10 5 3 6 7 8 9 13 0 12 11 14 4
190 184 6 1 2 10 5 3 6 7 8 9 13 4 12 11 14 0
208 201 7 1 2 10 9 5 6 7 8 4 3 0 12 11 14 13
185 178 7 1 2 10 5 0 6 7 8 9 13 4 12 11 14 3
210 203 7 1 2 10 9 5 6 7 8 3 0 13 12 11 14 4
210 204 6 1 2 10 9 5 6 7 8 3 4 13 12 11 14 0
213 206 7 1 2 10 9 5 6 7 8 3 4 0 12 11 14 13
203 196 7 1 2 10 5 4 6 7 8 9 0 13 12 11 14 3
187 180 7 1 2 10 5 13 6 7 8 9 0 3 12 11 14 4
214 207 7 1 2 10 5 13 6 7 8 9 3 0 12 11 14 4
192 185 7 1 2 10 5 3 6 7 8 9 0 4 12 11 14 13
186 179 7 1 2 10 5 13 6 7 8 9 0 4 12 11 14 3
198 191 7 1 2 10 5 3 6 7 8 9 4 0 12 11 14 13
202 194 8 1 2 10 5 3 6 0 8 9 4 7 12 11 14 13
201 193 8 0 2 10 5 3 6 7 8 9 4 1 12 11 14 13
203 196 7 13 2 10 5 3 6 7 8 9 4 1 12 11 14 0
206 198 8 13 2 10 5 0 6 7 8 9 4 1 12 11 14 3
206 199 7 13 2 10 0 5 6 7 8 9 4 1 12 11 14 3
207 200 7 13 2 0 10 5 6 7 8 9 4 1 12 11 14 3
209 201 8 13 0 2 10 5 6 7 8 9 4 1 12 11 14 3
210 202 8 0 13 2 10 5 6 7 8 9 4 1 12 11 14 3
212 205 7 3 13 2 10 5 6 7 8 9 4 1 12 11 14 0
211 204 7 1 13 2 10 5 6 7 8 9 4 0 12 11 14 3
212 206 6 1 13 2 10 5 6 7 8 9 4 3 12 11 14 0
214 207 7 1 13 2 10 5 6 7 8 9 0 3 12 11 14 4
216 208 8 1 13 2 10 5 6 7 8 0 9 3 12 11 14 4
217 209 8 1 13 2 0 5 6 7 8 10 9 3 12 11 14 4
218 210 8 1 13 0 2 5 6 7 8 10 9 3 12 11 14 4
219 211 8 1 0 13 2 5 6 7 8 10 9 3 12 11 14 4
213 205 8 1 13 2 10 5 6 7 8 9 4 12 0 11 14 3
214 206 8 1 13 2 10 5 6 7 8 9 4 12 11 0 14 3
192 184 8 1 2 8 10 5 6 7 11 9 13 3 12 14 0 4
192 185 7 1 2 8 10 5 6 7 11 9 13 3 12 14 4 0
195 187 8 1 2 8 10 5 6 7 11 9 13 0 12 14 4 3
194 186 8 1 2 8 10 5 6 7 11 9 0 3 12 14 4 13
190 182 8 1 2 10 9 5 6 7 0 8 13 3 12 11 14 4
191 183 8 1 2 10 9 5 6 7 11 8 13 3 12 0 14 4
191 183 8 1 2 0 9 5 6 7 10 8 13 3 12 11 14 4
192 184 8 1 2 9 0 5 6 7 10 8 13 3 12 11 14 4
193 185 8 1 2 9 8 5 6 7 10 0 13 3 12 11 14 4
194 186 8 1 2 9 8 5 6 7 10 13 0 3 12 11 14 4
194 187 7 1 2 9 8 5 6 7 10 13 4 3 12 11 14 0
198 190 8 1 2 9 8 5 6 7 10 0 4 3 12 11 14 13
199 191 8 1 2 9 8 5 6 7 10 4 0 3 12 11 14 13
199 192 7 1 2 9 8 5 6 7 10 4 13 3 12 11 14 0
202 194 8 1 2 9 8 5 6 7 10 4 13 0 12 11 14 3
199 191 8 1 2 8 10 5 6 7 11 9 4 3 12 14 0 13
199 192 7 1 2 8 10 5 6 7 11 9 4 3 12 14 13 0
202 194 8 1 2 8 10 5 6 7 11 9 4 0 12 14 13 3
201 193 8 1 2 8 10 5 6 7 11 9 0 3 12 14 13 4
198 190 8 0 2 10 5 1 6 7 8 9 4 3 12 11 14 13
200 193 7 13 2 10 5 1 6 7 8 9 4 3 12 11 14 0
203 195 8 13 2 10 5 0 6 7 8 9 4 3 12 11 14 1
203 196 7 13 2 10 0 5 6 7 8 9 4 3 12 11 14 1
204 197 7 13 2 0 10 5 6 7 8 9 4 3 12 11 14 1
206 198 8 13 0 2 10 5 6 7 8 9 4 3 12 11 14 1
206 198 8 13 2 8 10 5 6 7 0 9 4 3 12 11 14 1
207 199 8 13 2 8 10 5 6 7 11 9 4 3 12 0 14 1
203 195 8 1 2 10 5 13 6 0 8 9 4 7 12 11 14 3
208 200 8 0 2 10 5 3 6 7 8 9 4 13 12 11 14 1
210 202 8 3 2 10 5 0 6 7 8 9 4 13 12 11 14 1
211 204 7 3 2 10 5 1 6 7 8 9 4 13 12 11 14 0
210 203 7 3 2 10 0 5 6 7 8 9 4 13 12 11 14 1
211 204 7 3 2 0 10 5 6 7 8 9 4 13 12 11 14 1
213 205 8 3 0 2 10 5 6 7 8 9 4 13 12 11 14 1
214 206 8 0 3 2 10 5 6 7 8 9 4 13 12 11 14 1
215 209 6 1 3 2 10 5 6 7 8 9 4 13 12 11 14 0
218 211 7 1 3 2 10 5 6 7 8 9 4 0 12 11 14 13
217 210 7 1 3 2 10 5 6 7 8 9 0 13 12 11 14 4
219 211 8 1 3 2 10 5 6 7 8 0 9 13 12 11 14 4
220 212 8 1 3 2 0 5 6 7 8 10 9 13 12 11 14 4
221 213 8 1 3 0 2 5 6 7 8 10 9 13 12 11 14 4
221 214 7 1 0 3 2 5 6 7 8 10 9 13 12 11 14 4
223 215 8 0 1 3 2 5 6 7 8 10 9 13 12 11 14 4
225 218 7 4 1 3 2 5 6 7 8 10 9 13 12 11 14 0
229 221 8 4 1 3 2 5 6 7 8 0 9 13 12 11 14 10
229 222 7 4 1 3 2 5 6 7 8 9 0 13 12 11 14 10
228 223 5 4 1 3 2 5 6 7 8 9 10 13 12 11 14 0
232 226 6 0 1 3 2 5 6 7 8 9 10 13 12 11 14 4
232 227 5 1 0 3 2 5 6 7 8 9 10 13 12 11 14 4
234 228 6 1 3 0 2 5 6 7 8 9 10 13 12 11 14 4
235 229 6 1 3 2 0 5 6 7 8 9 10 13 12 11 14 4
234 228 6 1 7 3 2 5 6 0 8 9 10 13 12 11 14 4
234 228 6 13 1 3 2 5 6 7 8 9 10 0 12 11 14 4
235 230 5 13 1 3 2 5 6 7 8 9 10 4 12 11 14 0
239 233 6 0 1 3 2 5 6 7 8 9 10 4 12 11 14 13
239 234 5 1 0 3 2 5 6 7 8 9 10 4 12 11 14 13
241 235 6 1 3 0 2 5 6 7 8 9 10 4 12 11 14 13
242 236 6 1 3 2 0 5 6 7 8 9 10 4 12 11 14 13
241 235 6 1 7 3 2 5 6 0 8 9 10 4 12 11 14 13
231 225 6 4 1 3 2 5 6 7 8 9 10 0 12 11 14 13
235 228 7 4 1 3 2 5 6 0 8 9 10 7 12 11 14 13
236 229 7 4 0 3 2 5 6 1 8 9 10 7 12 11 14 13
237 230 7 0 4 3 2 5 6 1 8 9 10 7 12 11 14 13
239 233 6 1 4 3 2 5 6 0 8 9 10 7 12 11 14 13
240 234 6 1 0 3 2 5 6 4 8 9 10 7 12 11 14 13
239 233 6 13 4 3 2 5 6 1 8 9 10 7 12 11 14 0
242 235 7 13 4 3 2 5 6 1 8 9 10 0 12 11 14 7
245 238 7 13 4 3 2 5 6 0 8 9 10 1 12 11 14 7
246 239 7 13 0 3 2 5 6 4 8 9 10 1 12 11 14 7
247 240 7 0 13 3 2 5 6 4 8 9 10 1 12 11 14 7
249 243 6 7 13 3 2 5 6 4 8 9 10 1 12 11 14 0
248 242 6 1 13 3 2 5 6 4 8 9 10 0 12 11 14 7
249 244 5 1 13 3 2 5 6 4 8 9 10 7 12 11 14 0
251 245 6 1 13 3 2 5 6 0 8 9 10 4 12 11 14 7
252 246 6 1 0 3 2 5 6 13 8 9 10 4 12 11 14 7
254 247 7 1 3 0 2 5 6 13 8 9 10 4 12 11 14 7
255 248 7 1 3 2 0 5 6 13 8 9 10 4 12 11 14 7
254 247 7 0 1 3 2 5 6 13 8 9 10 4 12 11 14 7
256 250 6 7 1 3 2 5 6 13 8 9 10 4 12 11 14 0
259 252 7 7 1 3 2 5 6 13 8 9 10 0 12 11 14 4
261 254 7 0 1 3 2 5 6 13 8 9 10 7 12 11 14 4
263 257 6 4 1 3 2 5 6 13 8 9 10 7 12 11 14 0
261 255 6 1 0 3 2 5 6 13 8 9 10 7 12 11 14 4
262 256 6 1 13 3 2 5 6 0 8 9 10 7 12 11 14 4
264 257 7 1 13 3 2 5 6 8 0 9 10 7 12 11 14 4
265 258 7 1 13 3 2 5 6 8 11 9 10 7 12 0 14 4
238 231 7 13 1 3 2 5 6 7 8 9 10 4 12 11 0 14
239 232 7 13 1 3 2 5 6 7 8 9 10 4 12 0 11 14
234 227 7 6 1 3 2 5 0 7 8 9 10 13 12 11 14 4
235 228 7 6 1 3 2 5 13 7 8 9 10 0 12 11 14 4
236 230 6 6 1 3 2 5 13 7 8 9 10 4 12 11 14 0
240 233 7 0 1 3 2 5 13 7 8 9 10 4 12 11 14 6
240 234 6 1 0 3 2 5 13 7 8 9 10 4 12 11 14 6
242 235 7 1 3 0 2 5 13 7 8 9 10 4 12 11 14 6
243 236 7 1 3 2 0 5 13 7 8 9 10 4 12 11 14 6
243 236 7 1 7 3 2 5 6 12 8 9 10 4 0 11 14 13
244 237 7 1 7 3 2 5 6 12 8 9 10 4 11 0 14 13
244 237 7 1 3 2 9 5 6 7 8 0 10 4 12 11 14 13
235 228 7 4 1 3 2 0 6 7 8 9 10 5 12 11 14 13
236 230 6 4 1 3 2 13 6 7 8 9 10 5 12 11 14 0
240 233 7 0 1 3 2 13 6 7 8 9 10 5 12 11 14 4
240 234 6 1 0 3 2 13 6 7 8 9 10 5 12 11 14 4
242 235 7 1 3 0 2 13 6 7 8 9 10 5 12 11 14 4
243 236 7 1 3 2 0 13 6 7 8 9 10 5 12 11 14 4
244 237 7 1 3 2 13 0 6 7 8 9 10 5 12 11 14 4
246 240 6 1 3 2 13 5 6 7 8 9 10 0 12 11 14 4
247 242 5 1 3 2 13 5 6 7 8 9 10 4 12 11 14 0
245 239 6 1 3 2 13 4 6 7 8 9 10 5 12 11 14 0
248 241 7 1 3 2 13 4 6 7 8 9 10 0 12 11 14 5
241 234 7 1 4 3 2 5 0 6 8 9 10 7 12 11 14 13
242 235 7 1 4 3 2 5 7 6 8 9 10 0 12 11 14 13
243 237 6 1 4 3 2 5 7 6 8 9 10 13 12 11 14 0
236 229 7 1 3 8 2 5 6 7 0 9 10 13 12 11 14 4
237 230 7 1 3 8 2 5 6 7 11 9 10 13 12 0 14 4
238 231 7 13 1 3 2 5 6 7 8 9 0 4 12 11 14 10
237 230 7 1 3 2 5 0 6 7 8 9 10 13 12 11 14 4
238 232 6 1 3 2 5 4 6 7 8 9 10 13 12 11 14 0
241 234 7 1 3 2 5 4 6 7 8 9 10 0 12 11 14 13
236 229 7 1 7 3 2 5 6 8 0 9 10 13 12 11 14 4
237 230 7 1 7 3 2 5 6 8 11 9 10 13 12 0 14 4
242 235 7 1 3 0 2 5 6 4 8 9 10 7 12 11 14 13
243 236 7 1 3 2 0 5 6 4 8 9 10 7 12 11 14 13
253 246 7 1 13 3 2 0 6 4 8 9 10 7 12 11 14 5
256 249 7 1 13 3 2 7 6 4 8 9 10 0 12 11 14 5
257 251 6 1 13 3 2 7 6 4 8 9 10 5 12 11 14 0
252 245 7 7 13 3 2 5 6 4 8 9 10 0 12 11 14 1
255 248 7 7 13 3 2 5 6 0 8 9 10 4 12 11 14 1
256 249 7 7 0 3 2 5 6 13 8 9 10 4 12 11 14 1
257 250 7 0 7 3 2 5 6 13 8 9 10 4 12 11 14 1
258 253 5 1 7 3 2 5 6 13 8 9 10 4 12 11 14 0
261 255 6 1 7 3 2 5 6 13 8 9 10 0 12 11 14 4
265 258 7 1 7 3 2 0 6 13 8 9 10 5 12 11 14 4
266 260 6 1 7 3 2 4 6 13 8 9 10 5 12 11 14 0
269 262 7 1 7 3 2 4 6 13 8 9 10 0 12 11 14 5
272 265 7 1 7 3 2 4 6 0 8 9 10 13 12 11 14 5
272 266 6 1 0 3 2 4 6 7 8 9 10 13 12 11 14 5
274 267 7 1 3 0 2 4 6 7 8 9 10 13 12 11 14 5
275 268 7 1 3 2 0 4 6 7 8 9 10 13 12 11 14 5
275 269 6 1 3 2 4 0 6 7 8 9 10 13 12 11 14 5
275 271 4 1 3 2 4 5 6 7 8 9 10 13 12 11 14 0
278 273 5 1 3 2 4 5 6 7 8 9 10 0 12 11 14 13
282 276 6 1 3 2 4 5 6 0 8 9 10 7 12 11 14 13
283 277 6 1 0 2 4 5 6 3 8 9 10 7 12 11 14 13
283 278 5 1 2 0 4 5 6 3 8 9 10 7 12 11 14 13
285 279 6 1 2 4 0 5 6 3 8 9 10 7 12 11 14 13
285 279 6 1 2 8 4 5 6 3 0 9 10 7 12 11 14 13
286 280 6 1 2 8 4 5 6 0 3 9 10 7 12 11 14 13
286 280 6 1 2 8 4 5 6 3 11 9 10 7 12 0 14 13
282 276 6 1 3 2 4 0 6 7 8 9 10 5 12 11 14 13
283 278 5 1 3 2 4 13 6 7 8 9 10 5 12 11 14 0
281 275 6 0 3 2 4 5 6 7 8 9 10 1 12 11 14 13
283 278 5 13 3 2 4 5 6 7 8 9 10 1 12 11 14 0
286 280 6 13 3 2 4 5 6 7 8 9 10 0 12 11 14 1
282 276 6 3 0 2 4 5 6 7 8 9 10 1 12 11 14 13
282 277 5 3 2 0 4 5 6 7 8 9 10 1 12 11 14 13
284 278 6 3 2 4 0 5 6 7 8 9 10 1 12 11 14 13
284 278 6 3 2 8 4 5 6 7 0 9 10 1 12 11 14 13
285 279 6 3 2 8 4 5 6 7 11 9 10 1 12 0 14 13
280 274 6 1 3 2 4 5 6 7 8 9 10 12 0 11 14 13
281 275 6 1 3 2 4 5 6 7 8 9 10 12 11 0 14 13
280 274 6 1 3 2 4 5 0 7 8 9 10 6 12 11 14 13
280 274 6 1 3 2 4 5 6 7 8 0 10 13 12 11 14 9
278 272 6 1 3 2 4 5 6 7 8 9 0 13 12 11 14 10
278 272 6 1 3 2 4 5 6 7 8 9 10 13 12 11 0 14
279 273 6 1 3 2 4 5 6 7 8 9 10 13 12 0 11 14
278 272 6 1 3 2 4 13 6 7 8 9 10 0 12 11 14 5
280 274 6 0 3 2 4 5 6 7 8 9 10 13 12 11 14 1
281 275 6 3 0 2 4 5 6 7 8 9 10 13 12 11 14 1
281 276 5 3 2 0 4 5 6 7 8 9 10 13 12 11 14 1
283 277 6 3 2 4 0 5 6 7 8 9 10 13 12 11 14 1
283 277 6 3 2 8 4 5 6 7 0 9 10 13 12 11 14 1
284 278 6 3 2 8 4 5 6 7 11 9 10 13 12 0 14 1
286 279 7 3 2 8 4 5 6 7 11 9 10 13 12 14 0 1
286 280 6 3 2 8 4 5 6 7 11 9 10 13 12 14 1 0
290 283 7 0 2 8 4 5 6 7 11 9 10 13 12 14 1 3
292 285 7 13 2 8 4 5 6 7 11 9 10 0 12 14 1 3
293 287 6 13 2 8 4 5 6 7 11 9 10 3 12 14 1 0
297 290 7 0 2 8 4 5 6 7 11 9 10 3 12 14 1 13
295 288 7 13 2 8 4 5 6 7 11 9 10 3 12 14 0 1
295 289 6 13 2 8 4 5 6 7 11 9 10 3 12 0 14 1
296 290 6 13 2 8 4 5 6 7 0 9 10 3 12 11 14 1
296 291 5 13 2 0 4 5 6 7 8 9 10 3 12 11 14 1
298 292 6 13 2 4 0 5 6 7 8 9 10 3 12 11 14 1
298 292 6 13 0 2 4 5 6 7 8 9 10 3 12 11 14 1
299 293 6 0 13 2 4 5 6 7 8 9 10 3 12 11 14 1
300 296 4 1 13 2 4 5 6 7 8 9 10 3 12 11 14 0
303 298 5 1 13 2 4 5 6 7 8 9 10 0 12 11 14 3
307 301 6 1 13 2 4 5 6 0 8 9 10 7 12 11 14 3
308 302 6 1 0 2 4 5 6 13 8 9 10 7 12 11 14 3
308 303 5 1 2 0 4 5 6 13 8 9 10 7 12 11 14 3
310 304 6 1 2 4 0 5 6 13 8 9 10 7 12 11 14 3
310 304 6 1 2 8 4 5 6 13 0 9 10 7 12 11 14 3
311 305 6 1 2 8 4 5 6 0 13 9 10 7 12 11 14 3
311 305 6 1 2 8 4 5 6 13 11 9 10 7 12 0 14 3
307 301 6 1 13 2 4 0 6 7 8 9 10 5 12 11 14 3
308 303 5 1 13 2 4 3 6 7 8 9 10 5 12 11 14 0
311 305 6 1 13 2 4 3 6 7 8 9 10 0 12 11 14 5
306 300 6 0 13 2 4 5 6 7 8 9 10 1 12 11 14 3
308 303 5 3 13 2 4 5 6 7 8 9 10 1 12 11 14 0
307 301 6 13 0 2 4 5 6 7 8 9 10 1 12 11 14 3
307 302 5 13 2 0 4 5 6 7 8 9 10 1 12 11 14 3
309 303 6 13 2 4 0 5 6 7 8 9 10 1 12 11 14 3
309 303 6 13 2 8 4 5 6 7 0 9 10 1 12 11 14 3
310 304 6 13 2 8 4 5 6 7 11 9 10 1 12 0 14 3
304 298 6 1 13 2 4 0 6 7 8 9 10 3 12 11 14 5
303 297 6 1 13 2 4 5 6 7 8 9 10 3 12 11 0 14
304 298 6 1 13 2 4 5 6 7 8 9 10 3 12 0 11 14
301 295 6 3 13 2 4 5 6 7 8 9 10 0 12 11 14 1
305 299 6 1 13 2 4 5 6 7 8 0 10 3 12 11 14 9
303 297 6 1 13 2 4 5 6 7 8 9 0 3 12 11 14 10
305 299 6 1 13 2 4 5 0 7 8 9 10 6 12 11 14 3
305 299 6 1 13 2 4 5 6 7 8 9 10 12 0 11 14 3
306 300 6 1 13 2 4 5 6 7 8 9 10 12 11 0 14 3
308 301 7 1 13 2 4 5 6 7 8 9 10 12 11 14 0 3
308 302 6 1 13 2 4 5 6 7 8 9 10 12 11 14 3 0
311 304 7 1 13 2 4 5 6 7 8 9 10 0 11 14 3 12
311 305 6 1 13 2 4 5 6 7 8 9 10 11 0 14 3 12
312 306 6 1 13 2 4 5 6 7 8 9 10 11 14 0 3 12
313 307 6 1 13 2 4 5 6 7 8 9 10 11 14 3 0 12
313 308 5 1 13 2 4 5 6 7 8 9 10 11 14 3 12 0
318 311 7 1 13 2 4 5 6 7 8 0 10 11 14 3 12 9
319 312 7 1 13 2 4 5 6 7 8 12 10 11 14 3 0 9
319 313 6 1 13 2 4 5 6 7 8 12 10 11 14 3 9 0
320 313 7 1 13 2 4 5 6 7 8 12 10 11 14 0 3 9
321 314 7 1 13 2 4 5 6 7 8 12 10 11 0 14 3 9
248 241 7 1 3 2 13 5 0 7 8 9 10 6 12 11 14 4
243 236 7 1 7 3 2 5 0 6 8 9 10 4 12 11 14 13
244 237 7 1 7 3 2 5 4 6 8 9 10 0 12 11 14 13
245 239 6 1 7 3 2 5 4 6 8 9 10 13 12 11 14 0
247 240 7 1 7 3 2 5 4 0 8 9 10 6 12 11 14 13
247 241 6 1 0 3 2 5 4 7 8 9 10 6 12 11 14 13
249 242 7 1 3 0 2 5 4 7 8 9 10 6 12 11 14 13
250 243 7 1 3 2 0 5 4 7 8 9 10 6 12 11 14 13
249 242 7 0 1 3 2 5 4 7 8 9 10 6 12 11 14 13
251 245 6 13 1 3 2 5 4 7 8 9 10 6 12 11 14 0
254 247 7 13 1 3 2 5 4 7 8 9 10 0 12 11 14 6
256 249 7 0 1 3 2 5 4 7 8 9 10 13 12 11 14 6
258 252 6 6 1 3 2 5 4 7 8 9 10 13 12 11 14 0
256 250 6 1 0 3 2 5 4 7 8 9 10 13 12 11 14 6
258 251 7 1 3 0 2 5 4 7 8 9 10 13 12 11 14 6
259 252 7 1 3 2 0 5 4 7 8 9 10 13 12 11 14 6
241 234 7 1 4 3 2 5 6 12 8 9 10 7 0 11 14 13
242 235 7 1 4 3 2 5 6 12 8 9 10 7 11 0 14 13
242 235 7 1 4 3 2 5 6 12 8 9 10 0 7 11 14 13
243 237 6 1 4 3 2 5 6 12 8 9 10 13 7 11 14 0
245 238 7 1 4 3 2 5 6 0 8 9 10 12 7 11 14 13
245 239 6 1 4 3 2 5 6 7 8 9 10 12 0 11 14 13
245 240 5 1 4 3 2 5 6 7 8 9 10 0 12 11 14 13
246 242 4 1 4 3 2 5 6 7 8 9 10 13 12 11 14 0
251 245 6 1 4 3 2 5 6 7 8 0 10 13 12 11 14 9
252 246 6 1 4 3 0 5 6 7 8 2 10 13 12 11 14 9
251 245 6 0 4 3 2 5 6 7 8 9 10 13 12 11 14 1
253 247 6 13 4 3 2 5 6 7 8 9 10 0 12 11 14 1
254 249 5 13 4 3 2 5 6 7 8 9 10 1 12 11 14 0
252 246 6 4 0 3 2 5 6 7 8 9 10 13 12 11 14 1
250 244 6 1 4 3 2 0 6 7 8 9 10 13 12 11 14 5
253 247 6 1 4 3 2 13 6 7 8 9 10 0 12 11 14 5
254 249 5 1 4 3 2 13 6 7 8 9 10 5 12 11 14 0
251 245 6 1 4 3 0 2 6 7 8 9 10 13 12 11 14 5
249 243 6 1 4 3 2 5 6 7 8 9 10 13 12 11 0 14
250 244 6 1 4 3 2 5 6 7 8 9 10 13 12 0 11 14
247 241 6 1 4 3 2 5 0 7 8 9 10 6 12 11 14 13
246 240 6 1 4 3 2 5 6 7 8 9 10 12 11 0 14 13
248 242 6 0 4 3 2 5 6 7 8 9 10 1 12 11 14 13
249 243 6 4 0 3 2 5 6 7 8 9 10 1 12 11 14 13
249 243 6 1 4 3 2 5 6 7 8 9 0 13 12 11 14 10
249 243 6 1 4 3 2 0 6 7 8 9 10 5 12 11 14 13
250 244 6 1 4 3 0 2 6 7 8 9 10 5 12 11 14 13
252 245 7 1 4 0 3 2 6 7 8 9 10 5 12 11 14 13
253 246 7 1 0 4 3 2 6 7 8 9 10 5 12 11 14 13
252 245 7 1 4 3 9 2 6 7 8 0 10 5 12 11 14 13
259 252 7 1 13 3 2 7 6 0 8 9 10 4 12 11 14 5
260 253 7 1 0 3 2 7 6 13 8 9 10 4 12 11 14 5
244 237 7 0 4 3 2 5 6 1 8 9 10 13 12 11 14 7
246 240 6 1 4 3 2 5 6 0 8 9 10 13 12 11 14 7
247 241 6 1 0 3 2 5 6 4 8 9 10 13 12 11 14 7
246 240 6 7 4 3 2 5 6 1 8 9 10 13 12 11 14 0
249 242 7 1 3 0 2 5 6 4 8 9 10 13 12 11 14 7
250 243 7 1 3 2 0 5 6 4 8 9 10 13 12 11 14 7
236 229 7 1 7 3 2 5 0 6 8 9 10 13 12 11 14 4
237 230 7 1 7 3 2 5 13 6 8 9 10 0 12 11 14 4
238 232 6 1 7 3 2 5 13 6 8 9 10 4 12 11 14 0
240 233 7 1 7 3 2 5 13 0 8 9 10 6 12 11 14 4
240 234 6 1 0 3 2 5 13 7 8 9 10 6 12 11 14 4
242 235 7 1 3 0 2 5 13 7 8 9 10 6 12 11 14 4
243 236 7 1 3 2 0 5 13 7 8 9 10 6 12 11 14 4
262 255 7 1 7 3 2 0 6 13 8 9 10 4 12 11 14 5
263 256 7 1 7 3 0 2 6 13 8 9 10 4 12 11 14 5
266 259 7 1 7 3 0 2 6 13 8 9 10 5 12 11 14 4
254 247 7 1 13 3 2 5 6 4 8 0 10 7 12 11 14 9
255 248 7 1 13 3 0 5 6 4 8 2 10 7 12 11 14 9
253 246 7 1 13 3 2 5 6 8 0 9 10 4 12 11 14 7
254 247 7 1 13 3 2 5 6 8 11 9 10 4 12 0 14 7
274 267 7 0 1 3 2 4 6 7 8 9 10 13 12 11 14 5
276 270 6 5 1 3 2 4 6 7 8 9 10 13 12 11 14 0
279 272 7 5 1 3 2 4 6 7 8 9 10 0 12 11 14 13
276 269 7 13 1 3 2 4 6 7 8 9 10 0 12 11 14 5
277 271 6 13 1 3 2 4 6 7 8 9 10 5 12 11 14 0
277 270 7 1 3 2 4 10 6 7 8 9 0 13 12 11 14 5
277 271 6 1 3 2 4 10 6 7 8 9 5 13 12 11 14 0
280 273 7 1 3 2 4 10 6 7 8 9 5 0 12 11 14 13
283 276 7 1 3 2 4 0 6 7 8 9 5 10 12 11 14 13
284 278 6 1 3 2 4 13 6 7 8 9 5 10 12 11 14 0
283 277 6 1 3 2 4 5 6 7 8 9 0 10 12 11 14 13
283 278 5 1 3 2 4 5 6 7 8 9 13 10 12 11 14 0
286 280 6 1 3 2 4 5 6 7 8 9 13 0 12 11 14 10
290 283 7 1 3 2 4 5 6 0 8 9 13 7 12 11 14 10
291 284 7 1 0 2 4 5 6 3 8 9 13 7 12 11 14 10
291 285 6 1 2 0 4 5 6 3 8 9 13 7 12 11 14 10
293 286 7 1 2 4 0 5 6 3 8 9 13 7 12 11 14 10
293 286 7 1 2 8 4 5 6 3 0 9 13 7 12 11 14 10
294 287 7 1 2 8 4 5 6 0 3 9 13 7 12 11 14 10
294 287 7 1 2 8 4 5 6 3 11 9 13 7 12 0 14 10
286 279 7 1 3 2 4 13 6 7 8 9 0 5 12 11 14 10
284 277 7 1 3 2 0 4 6 7 8 9 10 5 12 11 14 13
285 278 7 1 3 0 2 4 6 7 8 9 10 5 12 11 14 13
285 279 6 1 0 3 2 4 6 7 8 9 10 5 12 11 14 13
287 280 7 1 7 3 2 4 6 0 8 9 10 5 12 11 14 13
284 277 7 1 3 2 4 10 6 7 8 9 0 5 12 11 14 13
284 278 6 1 3 2 4 10 6 7 8 9 13 5 12 11 14 0
287 280 7 1 3 2 4 10 6 7 8 9 13 0 12 11 14 5
284 277 7 5 3 2 4 0 6 7 8 9 10 1 12 11 14 13
285 279 6 5 3 2 4 13 6 7 8 9 10 1 12 11 14 0
288 281 7 5 3 2 4 13 6 7 8 9 10 0 12 11 14 1
287 280 7 5 3 2 4 1 6 7 8 9 10 0 12 11 14 13
288 282 6 5 3 2 4 1 6 7 8 9 10 13 12 11 14 0
283 276 7 6 3 2 4 5 0 7 8 9 10 1 12 11 14 13
284 277 7 6 3 2 4 5 1 7 8 9 10 0 12 11 14 13
285 279 6 6 3 2 4 5 1 7 8 9 10 13 12 11 14 0
289 282 7 0 3 2 4 5 1 7 8 9 10 13 12 11 14 6
289 283 6 1 3 2 4 5 0 7 8 9 10 13 12 11 14 6
290 284 6 1 3 2 4 5 13 7 8 9 10 0 12 11 14 6
291 286 5 1 3 2 4 5 13 7 8 9 10 6 12 11 14 0
296 289 7 1 3 2 4 5 13 7 8 0 10 6 12 11 14 9
296 289 7 0 3 2 4 5 13 7 8 9 10 6 12 11 14 1
298 291 7 6 3 2 4 5 13 7 8 9 10 0 12 11 14 1
299 293 6 6 3 2 4 5 13 7 8 9 10 1 12 11 14 0
297 290 7 3 0 2 4 5 13 7 8 9 10 6 12 11 14 1
297 291 6 3 2 0 4 5 13 7 8 9 10 6 12 11 14 1
299 292 7 3 2 4 0 5 13 7 8 9 10 6 12 11 14 1
299 292 7 3 2 8 4 5 13 7 0 9 10 6 12 11 14 1
300 293 7 3 2 8 4 5 13 7 11 9 10 6 12 0 14 1
295 288 7 1 3 2 4 0 13 7 8 9 10 6 12 11 14 5
298 291 7 1 3 2 4 6 13 7 8 9 10 0 12 11 14 5
299 293 6 1 3 2 4 6 13 7 8 9 10 5 12 11 14 0
299 292 7 1 3 2 4 6 0 7 8 9 10 13 12 11 14 5
294 287 7 1 3 2 4 5 13 7 8 9 10 6 12 11 0 14
295 288 7 1 3 2 4 5 13 7 8 9 10 6 12 0 11 14
294 287 7 1 3 2 4 5 13 7 8 9 0 6 12 11 14 10
294 287 7 1 3 2 4 5 13 0 8 9 10 7 12 11 14 6
295 288 7 1 3 2 4 5 0 13 8 9 10 7 12 11 14 6
296 289 7 1 3 2 4 5 7 13 8 9 10 0 12 11 14 6
297 291 6 1 3 2 4 5 7 13 8 9 10 6 12 11 14 0
295 288 7 1 0 2 4 5 13 3 8 9 10 7 12 11 14 6
295 289 6 1 2 0 4 5 13 3 8 9 10 7 12 11 14 6
297 290 7 1 2 4 0 5 13 3 8 9 10 7 12 11 14 6
297 290 7 1 2 8 4 5 13 3 0 9 10 7 12 11 14 6
298 291 7 1 2 8 4 5 13 0 3 9 10 7 12 11 14 6
299 292 7 1 2 8 4 5 0 13 3 9 10 7 12 11 14 6
300 293 7 1 2 8 4 5 7 13 3 9 10 0 12 11 14 6
301 295 6 1 2 8 4 5 7 13 3 9 10 6 12 11 14 0
303 296 7 1 2 8 4 5 7 0 3 9 10 13 12 11 14 6
303 297 6 1 2 8 4 5 0 7 3 9 10 13 12 11 14 6
304 298 6 1 2 8 4 5 13 7 3 9 10 0 12 11 14 6
305 300 5 1 2 8 4 5 13 7 3 9 10 6 12 11 14 0
310 303 7 1 2 8 4 5 13 7 3 0 10 6 12 11 14 9
311 304 7 1 2 8 4 5 13 7 0 3 10 6 12 11 14 9
311 305 6 1 2 0 4 5 13 7 8 3 10 6 12 11 14 9
313 306 7 1 2 4 0 5 13 7 8 3 10 6 12 11 14 9
314 307 7 1 2 4 3 5 13 7 8 0 10 6 12 11 14 9
313 306 7 1 0 2 4 5 13 7 8 3 10 6 12 11 14 9
312 305 7 1 2 8 4 5 13 7 11 3 10 6 12 0 14 9
310 303 7 0 2 8 4 5 13 7 3 9 10 6 12 11 14 1
312 305 7 6 2 8 4 5 13 7 3 9 10 0 12 11 14 1
313 307 6 6 2 8 4 5 13 7 3 9 10 1 12 11 14 0
313 306 7 6 2 8 4 5 0 7 3 9 10 13 12 11 14 1
311 304 7 13 2 8 4 5 0 7 3 9 10 6 12 11 14 1
311 305 6 13 2 8 4 5 6 7 3 9 10 0 12 11 14 1
312 307 5 13 2 8 4 5 6 7 3 9 10 1 12 11 14 0
316 310 6 0 2 8 4 5 6 7 3 9 10 1 12 11 14 13
317 312 5 1 2 8 4 5 6 7 3 9 10 0 12 11 14 13
318 314 4 1 2 8 4 5 6 7 3 9 10 13 12 11 14 0
323 317 6 1 2 8 4 5 6 7 3 0 10 13 12 11 14 9
324 318 6 1 2 8 4 5 6 7 0 3 10 13 12 11 14 9
324 319 5 1 2 0 4 5 6 7 8 3 10 13 12 11 14 9
326 320 6 1 2 4 0 5 6 7 8 3 10 13 12 11 14 9
327 321 6 1 2 4 3 5 6 7 8 0 10 13 12 11 14 9
326 320 6 1 0 2 4 5 6 7 8 3 10 13 12 11 14 9
325 319 6 1 2 8 4 5 6 7 11 3 10 13 12 0 14 9
322 316 6 1 2 8 4 0 6 7 3 9 10 13 12 11 14 5
325 319 6 1 2 8 4 13 6 7 3 9 10 0 12 11 14 5
326 321 5 1 2 8 4 13 6 7 3 9 10 5 12 11 14 0
321 315 6 1 2 8 4 5 6 7 3 9 10 13 12 11 0 14
322 316 6 1 2 8 4 5 6 7 3 9 10 13 12 0 11 14
323 317 6 1 2 8 4 5 6 7 0 9 10 13 12 3 11 14
323 318 5 1 2 0 4 5 6 7 8 9 10 13 12 3 11 14
325 319 6 1 2 4 0 5 6 7 8 9 10 13 12 3 11 14
325 319 6 1 0 2 4 5 6 7 8 9 10 13 12 3 11 14
321 315 6 1 2 8 4 5 6 7 3 9 0 13 12 11 14 10
321 315 6 1 2 8 4 0 6 7 3 9 10 5 12 11 14 13
319 313 6 1 2 8 4 5 6 7 3 9 10 12 0 11 14 13
320 314 6 1 2 8 4 5 6 7 3 9 10 12 11 0 14 13
321 315 6 1 2 8 4 5 6 7 0 9 10 12 11 3 14 13
321 316 5 1 2 0 4 5 6 7 8 9 10 12 11 3 14 13
323 317 6 1 2 4 0 5 6 7 8 9 10 12 11 3 14 13
323 317 6 1 0 2 4 5 6 7 8 9 10 12 11 3 14 13
319 313 6 1 2 8 4 5 0 7 3 9 10 6 12 11 14 13
313 307 6 0 2 8 4 5 6 7 3 9 10 13 12 11 14 1
317 310 7 7 2 8 4 5 6 0 3 9 10 13 12 11 14 1
318 311 7 7 2 8 4 5 6 3 0 9 10 13 12 11 14 1
318 312 6 7 2 0 4 5 6 3 8 9 10 13 12 11 14 1
320 313 7 7 2 4 0 5 6 3 8 9 10 13 12 11 14 1
320 313 7 7 0 2 4 5 6 3 8 9 10 13 12 11 14 1
321 314 7 0 7 2 4 5 6 3 8 9 10 13 12 11 14 1
322 317 5 1 7 2 4 5 6 3 8 9 10 13 12 11 14 0
325 319 6 1 7 2 4 5 6 3 8 9 10 0 12 11 14 13
328 322 6 1 7 2 4 5 6 0 8 9 10 3 12 11 14 13
328 323 5 1 0 2 4 5 6 7 8 9 10 3 12 11 14 13
328 324 4 1 2 0 4 5 6 7 8 9 10 3 12 11 14 13
330 325 5 1 2 4 0 5 6 7 8 9 10 3 12 11 14 13
330 325 5 1 2 8 4 5 6 7 0 9 10 3 12 11 14 13
331 326 5 1 2 8 4 5 6 7 11 9 10 3 12 0 14 13
333 327 6 1 2 8 4 5 6 7 11 9 10 3 12 14 0 13
333 328 5 1 2 8 4 5 6 7 11 9 10 3 12 14 13 0
336 330 6 1 2 8 4 5 6 7 11 9 10 0 12 14 13 3
333 327 6 1 2 8 4 5 6 7 11 9 10 3 0 12 14 13
334 328 6 1 2 8 4 5 6 7 11 9 10 0 3 12 14 13
335 330 5 1 2 8 4 5 6 7 11 9 10 13 3 12 14 0
332 326 6 1 2 8 4 5 6 7 9 0 10 3 12 11 14 13
332 326 6 1 2 8 4 5 6 0 7 9 10 3 12 11 14 13
332 326 6 1 2 4 5 0 6 7 8 9 10 3 12 11 14 13
333 328 5 1 2 4 5 13 6 7 8 9 10 3 12 11 14 0
336 330 6 1 2 4 5 13 6 7 8 9 10 0 12 11 14 3
339 333 6 1 2 4 5 0 6 7 8 9 10 13 12 11 14 3
340 335 5 1 2 4 5 3 6 7 8 9 10 13 12 11 14 0
339 334 5 1 2 4 0 5 6 7 8 9 10 13 12 11 14 3
339 335 4 1 2 0 4 5 6 7 8 9 10 13 12 11 14 3
341 336 5 1 0 2 4 5 6 7 8 9 10 13 12 11 14 3
341 336 5 1 2 8 4 5 6 7 0 9 10 13 12 11 14 3
342 337 5 1 2 8 4 5 6 7 11 9 10 13 12 0 14 3
344 338 6 1 2 8 4 5 6 7 11 9 10 13 12 14 0 3
344 339 5 1 2 8 4 5 6 7 11 9 10 13 12 14 3 0
347 341 6 1 2 8 4 5 6 7 11 9 10 0 12 14 3 13
344 338 6 1 2 8 4 5 6 7 11 9 10 13 0 12 14 3
345 339 6 1 2 8 4 5 6 7 11 9 10 0 13 12 14 3
346 341 5 1 2 8 4 5 6 7 11 9 10 3 13 12 14 0
343 337 6 1 2 8 4 5 6 7 9 0 10 13 12 11 14 3
343 337 6 1 2 8 4 5 6 0 7 9 10 13 12 11 14 3
343 337 6 0 1 2 4 5 6 7 8 9 10 13 12 11 14 3
345 340 5 3 1 2 4 5 6 7 8 9 10 13 12 11 14 0
348 342 6 3 1 2 4 5 6 7 8 9 10 0 12 11 14 13
345 339 6 13 1 2 4 5 6 7 8 9 10 0 12 11 14 3
346 341 5 13 1 2 4 5 6 7 8 9 10 3 12 11 14 0
343 337 6 1 7 2 4 5 6 0 8 9 10 13 12 11 14 3
341 335 6 1 2 4 9 5 6 7 8 0 10 13 12 11 14 3
335 329 6 1 2 4 5 3 6 7 8 9 10 0 12 11 14 13
330 324 6 0 1 2 4 5 6 7 8 9 10 3 12 11 14 13
332 326 6 1 2 4 9 5 6 7 8 0 10 3 12 11 14 13
334 327 7 1 2 4 9 5 6 7 8 10 0 3 12 11 14 13
334 328 6 1 2 4 9 5 6 7 8 10 13 3 12 11 14 0
338 331 7 1 2 4 9 5 6 7 8 0 13 3 12 11 14 10
338 332 6 1 2 4 0 5 6 7 8 9 13 3 12 11 14 10
338 333 5 1 2 0 4 5 6 7 8 9 13 3 12 11 14 10
340 334 6 1 0 2 4 5 6 7 8 9 13 3 12 11 14 10
340 334 6 1 2 8 4 5 6 7 0 9 13 3 12 11 14 10
341 335 6 1 2 8 4 5 6 7 11 9 13 3 12 0 14 10
343 336 7 1 2 8 4 5 6 7 11 9 13 3 12 14 0 10
343 337 6 1 2 8 4 5 6 7 11 9 13 3 12 14 10 0
346 339 7 1 2 8 4 5 6 7 11 9 13 0 12 14 10 3
345 338 7 1 2 8 4 5 6 7 11 9 0 3 12 14 10 13
339 332 7 1 2 4 9 5 6 7 8 13 0 3 12 11 14 10
338 333 5 1 2 4 9 5 6 7 8 13 10 3 12 11 14 0
341 335 6 1 2 4 9 5 6 7 8 13 10 0 12 11 14 3
345 338 7 1 2 4 9 5 6 0 8 13 10 7 12 11 14 3
345 338 7 1 2 4 9 0 6 7 8 13 10 5 12 11 14 3
346 340 6 1 2 4 9 3 6 7 8 13 10 5 12 11 14 0
350 343 7 1 2 4 9 3 6 7 8 0 10 5 12 11 14 13
350 344 6 1 2 4 0 3 6 7 8 9 10 5 12 11 14 13
350 345 5 1 2 0 4 3 6 7 8 9 10 5 12 11 14 13
352 346 6 1 0 2 4 3 6 7 8 9 10 5 12 11 14 13
352 346 6 1 2 8 4 3 6 7 0 9 10 5 12 11 14 13
353 347 6 1 2 8 4 3 6 7 11 9 10 5 12 0 14 13
351 345 6 1 2 4 3 0 6 7 8 9 10 5 12 11 14 13
353 348 5 1 2 4 3 5 6 7 8 9 10 0 12 11 14 13
354 350 4 1 2 4 3 5 6 7 8 9 10 13 12 11 14 0
352 347 5 1 2 4 3 13 6 7 8 9 10 5 12 11 14 0
355 349 6 1 2 4 3 13 6 7 8 9 10 0 12 11 14 5
359 353 6 0 2 4 3 5 6 7 8 9 10 13 12 11 14 1
361 355 6 13 2 4 3 5 6 7 8 9 10 0 12 11 14 1
362 357 5 13 2 4 3 5 6 7 8 9 10 1 12 11 14 0
358 352 6 1 2 4 3 0 6 7 8 9 10 13 12 11 14 5
359 353 6 1 2 4 0 3 6 7 8 9 10 13 12 11 14 5
359 354 5 1 2 0 4 3 6 7 8 9 10 13 12 11 14 5
361 355 6 1 0 2 4 3 6 7 8 9 10 13 12 11 14 5
361 355 6 1 2 8 4 3 6 7 0 9 10 13 12 11 14 5
362 356 6 1 2 8 4 3 6 7 11 9 10 13 12 0 14 5
357 351 6 1 2 4 3 5 6 7 8 9 10 13 12 11 0 14
358 352 6 1 2 4 3 5 6 7 8 9 10 13 12 0 11 14
357 351 6 1 2 4 3 5 6 7 8 9 0 13 12 11 14 10
355 349 6 1 2 4 3 5 6 7 8 9 10 12 0 11 14 13
356 350 6 1 2 4 3 5 6 7 8 9 10 12 11 0 14 13
355 349 6 1 2 4 3 5 0 7 8 9 10 6 12 11 14 13
356 350 6 0 2 4 3 5 6 7 8 9 10 1 12 11 14 13
357 351 6 1 2 4 3 5 6 0 8 9 10 7 12 11 14 13
359 352 7 1 2 4 3 5 6 8 0 9 10 7 12 11 14 13
360 353 7 1 2 4 3 5 6 8 11 9 10 7 12 0 14 13
360 353 7 1 2 0 3 5 6 8 4 9 10 7 12 11 14 13
360 354 6 1 2 3 0 5 6 8 4 9 10 7 12 11 14 13
362 355 7 1 2 3 5 0 6 8 4 9 10 7 12 11 14 13
363 357 6 1 2 3 5 13 6 8 4 9 10 7 12 11 14 0
366 359 7 1 2 3 5 13 6 8 4 9 10 0 12 11 14 7
369 362 7 1 2 3 5 13 6 0 4 9 10 8 12 11 14 7
370 363 7 1 2 3 5 13 6 4 0 9 10 8 12 11 14 7
371 364 7 1 2 3 5 13 6 4 11 9 10 8 12 0 14 7
369 362 7 1 2 3 5 0 6 8 4 9 10 13 12 11 14 7
370 364 6 1 2 3 5 7 6 8 4 9 10 13 12 11 14 0
369 363 6 1 2 3 0 5 6 8 4 9 10 13 12 11 14 7
371 364 7 1 2 0 3 5 6 8 4 9 10 13 12 11 14 7
372 365 7 1 2 4 3 5 6 8 0 9 10 13 12 11 14 7
372 366 6 1 2 4 3 5 6 0 8 9 10 13 12 11 14 7
374 367 7 1 2 4 3 5 0 6 8 9 10 13 12 11 14 7
375 368 7 1 2 4 3 5 13 6 8 9 10 0 12 11 14 7
376 370 6 1 2 4 3 5 13 6 8 9 10 7 12 11 14 0
378 371 7 1 2 4 3 5 13 0 8 9 10 6 12 11 14 7
379 372 7 1 2 4 3 5 0 13 8 9 10 6 12 11 14 7
379 373 6 1 2 4 3 5 6 13 8 9 10 0 12 11 14 7
380 375 5 1 2 4 3 5 6 13 8 9 10 7 12 11 14 0
385 378 7 1 2 4 3 5 6 13 8 0 10 7 12 11 14 9
386 379 7 1 2 4 0 5 6 13 8 3 10 7 12 11 14 9
386 380 6 1 2 0 4 5 6 13 8 3 10 7 12 11 14 9
388 381 7 1 0 2 4 5 6 13 8 3 10 7 12 11 14 9
389 382 7 1 13 2 4 5 6 0 8 3 10 7 12 11 14 9
388 381 7 1 2 8 4 5 6 13 0 3 10 7 12 11 14 9
389 382 7 1 2 8 4 5 6 13 3 0 10 7 12 11 14 9
389 382 7 1 2 8 4 5 6 0 13 3 10 7 12 11 14 9
389 382 7 1 2 8 4 5 6 13 11 3 10 7 12 0 14 9
323 316 7 1 2 8 4 5 6 7 9 0 10 12 11 3 14 13
291 284 7 13 3 2 4 5 1 7 8 9 10 0 12 11 14 6
292 286 6 13 3 2 4 5 1 7 8 9 10 6 12 11 14 0
292 285 7 13 3 2 4 5 0 7 8 9 10 1 12 11 14 6
325 318 7 1 2 4 9 5 6 7 8 0 10 12 11 3 14 13
291 284 7 1 3 2 4 5 7 0 8 9 10 13 12 11 14 6
292 285 7 1 0 2 4 5 7 3 8 9 10 13 12 11 14 6
292 286 6 1 2 0 4 5 7 3 8 9 10 13 12 11 14 6
294 287 7 1 2 4 0 5 7 3 8 9 10 13 12 11 14 6
315 308 7 2 0 8 4 5 6 7 3 9 10 13 12 11 14 1
316 309 7 2 8 0 4 5 6 7 3 9 10 13 12 11 14 1
316 310 6 2 8 3 4 5 6 7 0 9 10 13 12 11 14 1
317 311 6 2 8 3 4 5 6 7 11 9 10 13 12 0 14 1
319 312 7 2 8 3 4 5 6 7 11 9 10 13 12 14 0 1
319 313 6 2 8 3 4 5 6 7 11 9 10 13 12 14 1 0
323 316 7 0 8 3 4 5 6 7 11 9 10 13 12 14 1 2
325 318 7 13 8 3 4 5 6 7 11 9 10 0 12 14 1 2
326 320 6 13 8 3 4 5 6 7 11 9 10 2 12 14 1 0
330 323 7 0 8 3 4 5 6 7 11 9 10 2 12 14 1 13
331 324 7 8 0 3 4 5 6 7 11 9 10 2 12 14 1 13
328 321 7 13 8 3 4 5 6 7 11 9 10 2 12 14 0 1
328 322 6 13 8 3 4 5 6 7 11 9 10 2 12 0 14 1
329 323 6 13 8 3 4 5 6 7 0 9 10 2 12 11 14 1
331 324 7 13 8 3 4 5 6 7 9 0 10 2 12 11 14 1
325 318 7 1 7 2 4 5 6 3 8 9 10 13 12 11 0 14
326 319 7 1 7 2 4 5 6 3 8 9 10 13 12 0 11 14
331 324 7 13 8 3 4 5 6 0 7 9 10 2 12 11 14 1
332 325 7 13 0 3 4 5 6 8 7 9 10 2 12 11 14 1
333 326 7 0 13 3 4 5 6 8 7 9 10 2 12 11 14 1
334 329 5 1 13 3 4 5 6 8 7 9 10 2 12 11 14 0
337 331 6 1 13 3 4 5 6 8 7 9 10 0 12 11 14 2
340 334 6 1 13 3 4 5 6 0 7 9 10 8 12 11 14 2
340 335 5 1 13 3 4 5 6 7 0 9 10 8 12 11 14 2
341 336 5 1 13 3 4 5 6 7 11 9 10 8 12 0 14 2
343 337 6 1 13 3 4 5 6 7 11 9 10 8 12 14 0 2
343 338 5 1 13 3 4 5 6 7 11 9 10 8 12 14 2 0
346 340 6 1 13 3 4 5 6 7 11 9 10 0 12 14 2 8
343 337 6 1 13 3 4 5 6 7 11 9 10 8 0 12 14 2
344 338 6 1 13 3 4 5 6 7 11 9 10 0 8 12 14 2
345 340 5 1 13 3 4 5 6 7 11 9 10 2 8 12 14 0
342 336 6 1 13 3 4 5 6 7 9 0 10 8 12 11 14 2
342 336 6 1 13 0 4 5 6 7 3 9 10 8 12 11 14 2
343 337 6 1 0 13 4 5 6 7 3 9 10 8 12 11 14 2
341 335 6 1 0 3 4 5 6 13 7 9 10 8 12 11 14 2
343 336 7 1 3 0 4 5 6 13 7 9 10 8 12 11 14 2
344 337 7 1 3 7 4 5 6 13 0 9 10 8 12 11 14 2
345 338 7 1 3 7 4 5 6 0 13 9 10 8 12 11 14 2
346 339 7 1 0 7 4 5 6 3 13 9 10 8 12 11 14 2
347 340 7 1 7 0 4 5 6 3 13 9 10 8 12 11 14 2
348 341 7 1 7 13 4 5 6 3 0 9 10 8 12 11 14 2
349 342 7 1 7 13 4 5 6 3 11 9 10 8 12 0 14 2
345 338 7 1 3 7 4 5 6 13 11 9 10 8 12 0 14 2
340 333 7 1 2 8 4 5 6 0 11 9 10 7 12 14 13 3
341 334 7 1 2 8 4 5 6 11 0 9 10 7 12 14 13 3
341 335 6 1 2 0 4 5 6 11 8 9 10 7 12 14 13 3
343 336 7 1 2 4 0 5 6 11 8 9 10 7 12 14 13 3
350 343 7 1 13 3 4 5 6 7 11 0 10 2 8 12 14 9
351 344 7 1 13 3 4 5 6 7 0 11 10 2 8 12 14 9
352 345 7 1 13 3 4 5 6 7 12 11 10 2 8 0 14 9
353 346 7 1 13 3 4 5 6 7 12 11 10 2 0 8 14 9
354 347 7 1 13 3 4 5 6 7 12 11 10 0 2 8 14 9
355 349 6 1 13 3 4 5 6 7 12 11 10 9 2 8 14 0
359 352 7 1 13 3 4 5 6 7 12 0 10 9 2 8 14 11
360 353 7 1 13 3 4 5 6 7 0 12 10 9 2 8 14 11
360 354 6 1 13 3 4 5 6 7 8 12 10 9 2 0 14 11
361 355 6 1 13 3 4 5 6 7 8 12 10 9 0 2 14 11
362 356 6 1 13 3 4 5 6 7 8 12 10 0 9 2 14 11
362 358 4 1 13 3 4 5 6 7 8 12 10 11 9 2 14 0
366 361 5 1 13 3 4 5 6 7 8 0 10 11 9 2 14 12
368 362 6 1 13 3 4 5 6 7 8 10 0 11 9 2 14 12
368 363 5 1 13 3 4 5 6 7 8 10 12 11 9 2 14 0
372 366 6 1 13 3 4 5 6 7 8 0 12 11 9 2 14 10
368 362 6 1 13 3 4 5 6 7 0 8 10 11 9 2 14 12
369 363 6 1 13 3 4 5 6 7 2 8 10 11 9 0 14 12
370 364 6 1 13 3 4 5 6 7 2 8 10 11 0 9 14 12
368 362 6 1 13 3 4 5 6 7 8 14 10 11 9 2 0 12
368 363 5 1 13 3 4 5 6 7 8 14 10 11 9 2 12 0
372 366 6 1 13 3 4 5 6 7 8 0 10 11 9 2 12 14
369 363 6 1 13 3 4 5 6 7 8 14 10 11 9 0 2 12
370 364 6 1 13 3 4 5 6 7 8 14 10 11 0 9 2 12
368 362 6 1 13 3 0 5 6 7 8 4 10 11 9 2 14 12
367 361 6 0 13 3 4 5 6 7 8 12 10 11 9 2 14 1
368 362 6 13 0 3 4 5 6 7 8 12 10 11 9 2 14 1
365 359 6 1 13 3 4 5 6 7 8 12 0 11 9 2 14 10
366 360 6 1 13 3 4 0 6 7 8 12 10 11 9 2 14 5
369 363 6 1 13 3 4 12 6 7 8 0 10 11 9 2 14 5
365 359 6 1 13 3 4 5 6 7 8 12 10 11 9 2 0 14
366 360 6 1 13 3 4 5 6 7 8 12 10 11 9 0 2 14
367 361 6 1 13 3 4 5 6 7 8 12 10 11 0 9 2 14
369 362 7 1 13 3 4 5 6 7 8 12 10 0 11 9 2 14
370 364 6 1 13 3 4 5 6 7 8 12 10 14 11 9 2 0
374 367 7 1 13 3 4 5 6 7 8 0 10 14 11 9 2 12
375 368 7 1 13 3 4 5 6 7 8 2 10 14 11 9 0 12
375 369 6 1 13 3 4 5 6 7 8 2 10 14 11 9 12 0
379 372 7 1 13 3 4 5 6 7 8 0 10 14 11 9 12 2
378 371 7 1 13 3 4 5 6 7 8 2 10 0 11 9 12 14
378 372 6 1 13 3 4 5 6 7 8 2 10 11 0 9 12 14
379 373 6 1 13 3 4 5 6 7 8 2 10 11 9 0 12 14
380 374 6 1 13 3 4 5 6 7 8 2 10 11 9 12 0 14
379 375 4 1 13 3 4 5 6 7 8 2 10 11 9 12 14 0
383 378 5 1 13 3 4 5 6 7 8 0 10 11 9 12 14 2
385 379 6 1 13 3 4 5 6 7 8 10 0 11 9 12 14 2
385 380 5 1 13 3 4 5 6 7 8 10 2 11 9 12 14 0
389 383 6 1 13 3 4 5 6 7 8 0 2 11 9 12 14 10
385 379 6 1 13 3 4 5 6 7 0 8 10 11 9 12 14 2
386 380 6 1 13 3 4 5 6 7 12 8 10 11 9 0 14 2
387 381 6 1 13 3 4 5 6 7 12 8 10 11 0 9 14 2
385 379 6 1 13 3 4 5 6 7 8 14 10 11 9 12 0 2
385 380 5 1 13 3 4 5 6 7 8 14 10 11 9 12 2 0
386 380 6 1 13 3 4 5 6 7 8 14 10 11 9 0 12 2
387 381 6 1 13 3 4 5 6 7 8 14 10 11 0 9 12 2
385 379 6 1 13 3 0 5 6 7 8 4 10 11 9 12 14 2
384 378 6 0 13 3 4 5 6 7 8 2 10 11 9 12 14 1
385 379 6 13 0 3 4 5 6 7 8 2 10 11 9 12 14 1
383 377 6 1 13 3 4 0 6 7 8 2 10 11 9 12 14 5
386 380 6 1 13 3 4 2 6 7 8 0 10 11 9 12 14 5
381 375 6 1 13 3 4 5 6 7 8 0 10 11 9 12 2 14
382 376 6 1 13 3 4 5 6 7 8 2 0 11 9 12 14 10
383 377 6 1 13 3 4 5 6 7 8 2 10 0 9 12 14 11
384 378 6 1 13 3 4 5 6 7 8 2 10 9 0 12 14 11
384 379 5 1 13 3 4 5 6 7 8 2 10 9 12 0 14 11
386 380 6 1 13 3 4 5 6 7 8 2 10 9 12 14 0 11
386 381 5 1 13 3 4 5 6 7 8 2 10 9 12 14 11 0
390 384 6 1 13 3 4 5 6 7 8 0 10 9 12 14 11 2
391 385 6 1 13 3 4 5 6 7 8 11 10 9 12 14 0 2
391 386 5 1 13 3 4 5 6 7 8 11 10 9 12 14 2 0
391 386 5 1 13 3 4 5 6 7 8 11 10 9 12 0 14 2
393 387 6 1 13 3 4 5 6 7 8 11 10 9 0 12 14 2
394 388 6 1 13 3 4 5 6 7 8 11 10 0 9 12 14 2
395 390 5 1 13 3 4 5 6 7 8 11 10 2 9 12 14 0
399 393 6 1 13 3 4 5 6 7 8 0 10 2 9 12 14 11
393 387 6 1 13 3 4 5 6 7 0 11 10 9 12 8 14 2
394 388 6 1 13 3 4 5 6 7 11 0 10 9 12 8 14 2
394 388 6 1 13 3 4 5 6 7 8 11 10 0 12 14 2 9
389 383 6 1 13 3 4 5 6 7 8 2 10 0 12 14 11 9
387 381 6 1 13 3 4 5 6 7 8 0 10 9 12 14 2 11
386 380 6 1 13 3 4 5 6 7 0 2 10 9 12 8 14 11
387 381 6 1 13 3 4 5 6 7 2 0 10 9 12 8 14 11
389 382 7 1 13 3 4 5 6 7 2 10 0 9 12 8 14 11
389 383 6 1 13 3 4 5 6 7 2 10 11 9 12 8 14 0
393 386 7 1 13 3 4 5 6 7 2 0 11 9 12 8 14 10
394 387 7 1 13 3 4 5 6 7 2 11 0 9 12 8 14 10
393 388 5 1 13 3 4 5 6 7 2 11 10 9 12 8 14 0
396 390 6 1 13 3 4 5 6 7 2 11 10 0 12 8 14 9
400 393 7 1 13 3 4 5 6 0 2 11 10 7 12 8 14 9
401 394 7 1 13 3 4 5 6 2 0 11 10 7 12 8 14 9
401 395 6 1 13 3 4 5 6 2 8 11 10 7 12 0 14 9
403 396 7 1 13 3 4 5 6 2 8 11 10 7 12 14 0 9
403 397 6 1 13 3 4 5 6 2 8 11 10 7 12 14 9 0
407 400 7 1 13 3 4 5 6 2 8 0 10 7 12 14 9 11
407 401 6 1 13 3 4 5 6 2 8 9 10 7 12 14 0 11
407 402 5 1 13 3 4 5 6 2 8 9 10 7 12 14 11 0
407 402 5 1 13 3 4 5 6 2 8 9 10 7 12 0 14 11
409 403 6 1 13 3 4 5 6 2 8 9 10 7 0 12 14 11
410 404 6 1 13 3 4 5 6 2 8 9 10 0 7 12 14 11
410 406 4 1 13 3 4 5 6 2 8 9 10 11 7 12 14 0
415 409 6 1 13 3 4 5 6 2 8 0 10 11 7 12 14 9
415 409 6 0 13 3 4 5 6 2 8 9 10 11 7 12 14 1
418 412 6 2 13 3 4 5 6 0 8 9 10 11 7 12 14 1
418 413 5 2 13 3 4 5 6 7 8 9 10 11 0 12 14 1
418 414 4 2 13 3 4 5 6 7 8 9 10 11 12 0 14 1
420 415 5 2 13 3 4 5 6 7 8 9 10 11 12 14 0 1
420 416 4 2 13 3 4 5 6 7 8 9 10 11 12 14 1 0
424 419 5 0 13 3 4 5 6 7 8 9 10 11 12 14 1 2
425 420 5 13 0 3 4 5 6 7 8 9 10 11 12 14 1 2
420 415 5 2 13 3 4 5 6 7 0 9 10 11 12 8 14 1
422 416 6 2 13 3 4 5 6 7 9 0 10 11 12 8 14 1
422 416 6 2 13 3 4 5 6 0 7 9 10 11 12 8 14 1
423 417 6 2 0 3 4 5 6 13 7 9 10 11 12 8 14 1
423 418 5 0 2 3 4 5 6 13 7 9 10 11 12 8 14 1
424 421 3 1 2 3 4 5 6 13 7 9 10 11 12 8 14 0
429 424 5 1 2 3 4 5 6 13 7 0 10 11 12 8 14 9
430 425 5 1 2 3 4 5 6 13 0 7 10 11 12 8 14 9
430 426 4 1 2 3 4 5 6 13 8 7 10 11 12 0 14 9
432 427 5 1 2 3 4 5 6 13 8 7 10 11 12 14 0 9
432 428 4 1 2 3 4 5 6 13 8 7 10 11 12 14 9 0
436 431 5 1 2 3 4 5 6 13 8 0 10 11 12 14 9 7
436 432 4 1 2 3 4 5 6 13 8 9 10 11 12 14 0 7
436 433 3 1 2 3 4 5 6 13 8 9 10 11 12 14 7 0
436 433 3 1 2 3 4 5 6 13 8 9 10 11 12 0 14 7
438 434 4 1 2 3 4 5 6 13 8 9 10 11 0 12 14 7
439 435 4 1 2 3 4 5 6 0 8 9 10 11 13 12 14 7
438 434 4 1 2 3 4 5 6 13 0 9 10 11 12 8 14 7
439 435 4 1 2 3 4 5 6 0 13 9 10 11 12 8 14 7
441 436 5 1 2 3 4 5 0 6 13 9 10 11 12 8 14 7
441 436 5 1 2 3 4 5 6 12 13 9 10 11 0 8 14 7
442 437 5 1 2 3 4 5 6 12 13 9 10 11 8 0 14 7
442 438 4 1 2 3 4 5 6 12 0 9 10 11 8 13 14 7
443 439 4 1 2 3 4 5 6 0 12 9 10 11 8 13 14 7
444 440 4 1 2 3 4 5 6 8 12 9 10 11 0 13 14 7
446 441 5 1 2 3 4 5 6 8 12 9 10 11 13 0 14 7
426 421 5 13 2 3 4 5 6 0 7 9 10 11 12 8 14 1
426 422 4 13 2 3 4 5 6 7 0 9 10 11 12 8 14 1
426 423 3 13 2 3 4 5 6 7 8 9 10 11 12 0 14 1
428 424 4 13 2 3 4 5 6 7 8 9 10 11 12 14 0 1
428 425 3 13 2 3 4 5 6 7 8 9 10 11 12 14 1 0
432 428 4 0 2 3 4 5 6 7 8 9 10 11 12 14 1 13
428 424 4 13 2 3 4 5 6 7 8 9 10 11 0 12 14 1
430 425 5 13 2 3 4 5 6 7 8 9 10 0 11 12 14 1
431 427 4 13 2 3 4 5 6 7 8 9 10 1 11 12 14 0
435 430 5 0 2 3 4 5 6 7 8 9 10 1 11 12 14 13
436 432 4 1 2 3 4 5 6 7 8 9 10 0 11 12 14 13
437 434 3 1 2 3 4 5 6 7 8 9 10 13 11 12 14 0
436 433 3 1 2 3 4 5 6 7 8 9 10 11 0 12 14 13
436 434 2 1 2 3 4 5 6 7 8 9 10 11 12 0 14 13
438 435 3 1 2 3 4 5 6 7 8 9 10 11 12 14 0 13
438 436 2 1 2 3 4 5 6 7 8 9 10 11 12 14 13 0
438 435 3 1 2 3 4 5 6 7 0 9 10 11 12 8 14 13
440 436 4 1 2 3 4 5 6 7 9 0 10 11 12 8 14 13
440 436 4 1 2 3 4 5 6 0 7 9 10 11 12 8 14 13
440 436 4 1 2 0 4 5 6 7 3 9 10 11 12 8 14 13
443 439 4 1 2 3 4 5 6 7 8 0 10 11 12 14 13 9
444 440 4 1 2 3 4 5 6 7 8 13 10 11 12 14 0 9
444 441 3 1 2 3 4 5 6 7 8 13 10 11 12 14 9 0
444 441 3 1 2 3 4 5 6 7 8 13 10 11 12 0 14 9
446 442 4 1 2 3 4 5 6 7 8 13 10 11 0 12 14 9
446 442 4 1 2 3 4 5 6 7 0 13 10 11 12 8 14 9
447 443 4 1 2 3 4 5 6 7 13 0 10 11 12 8 14 9
443 439 4 0 2 3 4 5 6 7 8 9 10 11 12 14 13 1
442 438 4 1 2 3 4 0 6 7 8 9 10 11 12 14 13 5
442 438 4 1 2 3 4 5 6 7 8 9 10 0 12 14 13 11
441 437 4 1 2 3 4 5 6 7 8 9 0 11 12 14 13 10
440 436 4 1 2 3 4 5 6 7 8 0 10 11 12 14 9 13
438 434 4 1 2 3 4 5 6 0 8 9 10 11 7 12 14 13
440 435 5 1 2 3 4 5 6 8 0 9 10 11 7 12 14 13
441 436 5 1 2 3 4 5 6 8 12 9 10 11 7 0 14 13
442 437 5 1 2 3 4 5 6 8 12 9 10 11 0 7 14 13
443 438 5 1 2 3 4 5 6 0 12 9 10 11 8 7 14 13
444 439 5 1 2 3 4 5 6 12 0 9 10 11 8 7 14 13
445 440 5 1 2 3 4 5 6 12 7 9 10 11 8 0 14 13
440 435 5 1 2 3 4 5 0 6 8 9 10 11 7 12 14 13
440 435 5 1 0 3 4 5 6 2 8 9 10 11 7 12 14 13
442 437 5 1 2 3 4 5 6 7 8 10 0 11 12 14 9 13
442 438 4 1 2 3 4 5 6 7 8 10 13 11 12 14 9 0
446 441 5 1 2 3 4 5 6 7 8 0 13 11 12 14 9 10
446 442 4 1 2 3 4 5 6 7 8 9 13 11 12 14 0 10
446 443 3 1 2 3 4 5 6 7 8 9 13 11 12 14 10 0
446 443 3 1 2 3 4 5 6 7 8 9 13 11 12 0 14 10
448 444 4 1 2 3 4 5 6 7 8 9 13 11 0 12 14 10
448 444 4 1 2 3 4 5 6 7 0 9 13 11 12 8 14 10
448 444 4 1 2 3 4 5 6 7 8 9 0 11 12 14 10 13
450 445 5 1 2 3 4 5 6 7 8 0 9 11 12 14 10 13
451 446 5 1 2 3 4 5 6 7 8 10 9 11 12 14 0 13
451 447 4 1 2 3 4 5 6 7 8 10 9 11 12 14 13 0
451 447 4 1 2 3 4 5 6 7 8 10 9 11 12 0 14 13
453 448 5 1 2 3 4 5 6 7 8 10 9 11 0 12 14 13
453 448 5 1 2 3 4 5 6 7 0 10 9 11 12 8 14 13
454 449 5 1 2 3 4 5 6 7 10 0 9 11 12 8 14 13
454 450 4 1 2 3 4 5 6 7 10 9 0 11 12 8 14 13
454 451 3 1 2 3 4 5 6 7 10 9 13 11 12 8 14 0
459 454 5 1 2 3 4 5 6 7 10 0 13 11 12 8 14 9
460 455 5 1 2 3 4 5 6 7 10 13 0 11 12 8 14 9
460 456 4 1 2 3 4 5 6 7 10 13 9 11 12 8 14 0
440 435 5 1 2 3 4 5 6 7 8 9 0 13 11 12 14 10
460 455 5 1 2 3 4 5 6 7 0 10 13 11 12 8 14 9
460 456 4 1 2 3 4 5 6 7 8 10 13 11 12 0 14 9
462 457 5 1 2 3 4 5 6 7 8 10 13 11 0 12 14 9
459 454 5 0 2 3 4 5 6 7 10 9 13 11 12 8 14 1
458 453 5 1 2 3 4 0 6 7 10 9 13 11 12 8 14 5
459 454 5 1 2 3 4 13 6 7 10 9 0 11 12 8 14 5
459 455 4 1 2 3 4 13 6 7 10 9 5 11 12 8 14 0
441 436 5 0 2 3 4 5 6 13 8 9 10 11 12 14 7 1
444 439 5 13 2 3 4 5 6 0 8 9 10 11 12 14 7 1
430 425 5 13 2 3 4 5 6 0 8 9 10 11 7 12 14 1
440 435 5 1 2 3 4 0 6 7 8 9 10 5 11 12 14 13
441 437 4 1 2 3 4 13 6 7 8 9 10 5 11 12 14 0
444 439 5 1 2 3 4 13 6 7 8 9 10 0 11 12 14 5
444 440 4 1 2 3 4 13 6 7 8 9 10 11 0 12 14 5
444 441 3 1 2 3 4 13 6 7 8 9 10 11 12 0 14 5
446 442 4 1 2 3 4 13 6 7 8 9 10 11 12 14 0 5
446 443 3 1 2 3 4 13 6 7 8 9 10 11 12 14 5 0
449 445 4 1 2 3 4 0 6 7 8 9 10 11 12 14 5 13
446 442 4 1 2 3 4 13 6 7 0 9 10 11 12 8 14 5
448 443 5 1 2 3 4 13 6 7 9 0 10 11 12 8 14 5
450 445 5 1 2 3 4 13 6 7 8 9 10 0 12 14 5 11
453 448 5 1 2 3 4 0 6 7 8 9 10 13 12 14 5 11
454 450 4 1 2 3 4 11 6 7 8 9 10 13 12 14 5 0
456 451 5 1 2 3 4 11 6 7 8 9 10 13 12 14 0 5
456 452 4 1 2 3 4 11 6 7 8 9 10 13 12 0 14 5
458 453 5 1 2 3 4 11 6 7 8 9 10 13 0 12 14 5
459 454 5 1 2 3 4 11 6 7 8 9 10 0 13 12 14 5
461 457 4 1 2 3 4 0 6 7 8 9 10 11 13 12 14 5
461 459 2 1 2 3 4 5 6 7 8 9 10 11 13 12 14 0
466 462 4 1 2 3 4 5 6 7 8 0 10 11 13 12 14 9
466 462 4 0 2 3 4 5 6 7 8 9 10 11 13 12 14 1
465 461 4 1 2 3 4 5 6 7 8 9 10 0 13 12 14 11
466 462 4 1 2 3 4 5 6 7 8 9 10 13 0 12 14 11
466 463 3 1 2 3 4 5 6 7 8 9 10 13 12 0 14 11
468 464 4 1 2 3 4 5 6 7 8 9 10 13 12 14 0 11
468 465 3 1 2 3 4 5 6 7 8 9 10 13 12 14 11 0
471 467 4 1 2 3 4 5 6 7 8 9 10 0 12 14 11 13
468 464 4 1 2 3 4 5 6 7 0 9 10 13 12 8 14 11
464 460 4 1 2 3 4 5 6 7 8 9 10 11 13 12 0 14
465 461 4 1 2 3 4 5 6 7 8 9 10 11 13 0 12 14
465 462 3 1 2 3 4 5 6 7 8 9 10 11 0 13 12 14
467 463 4 1 2 3 4 5 6 7 8 9 10 0 11 13 12 14
468 465 3 1 2 3 4 5 6 7 8 9 10 14 11 13 12 0
470 466 4 1 2 3 4 5 6 7 8 9 10 14 11 13 0 12
467 463 4 1 2 3 4 5 6 0 8 9 10 11 7 13 12 14
464 460 4 1 2 3 4 5 6 7 8 9 0 11 13 12 14 10
460 456 4 1 2 3 4 11 6 7 8 9 10 5 13 12 14 0
442 437 5 1 2 3 4 5 6 12 7 9 10 11 0 8 14 13
442 437 5 1 0 3 4 5 6 2 7 9 10 11 12 8 14 13
445 440 5 1 2 3 4 5 6 7 0 8 10 11 12 14 13 9
446 441 5 1 2 3 4 5 6 7 14 8 10 11 12 0 13 9
446 442 4 1 2 3 4 5 6 7 14 8 10 11 12 13 0 9
446 443 3 1 2 3 4 5 6 7 14 8 10 11 12 13 9 0
450 446 4 1 2 3 4 5 6 7 14 0 10 11 12 13 9 8
450 447 3 1 2 3 4 5 6 7 14 9 10 11 12 13 0 8
450 448 2 1 2 3 4 5 6 7 14 9 10 11 12 13 8 0
455 451 4 0 2 3 4 5 6 7 14 9 10 11 12 13 8 1
454 450 4 1 2 3 4 0 6 7 14 9 10 11 12 13 8 5
454 450 4 1 2 3 4 5 6 7 14 9 10 0 12 13 8 11
453 449 4 1 2 3 4 5 6 7 14 9 0 11 12 13 8 10
447 443 4 1 2 3 4 5 6 7 14 0 10 11 12 13 8 9
448 444 4 1 2 3 4 5 6 7 0 14 10 11 12 13 8 9
452 448 4 1 2 3 4 5 6 7 14 9 10 11 12 0 13 8
453 449 4 1 2 3 4 5 6 7 0 9 10 11 12 14 13 8
451 447 4 1 2 3 4 5 6 7 0 14 10 11 12 13 9 8
453 448 5 1 2 3 4 5 6 0 7 14 10 11 12 13 9 8
448 443 5 1 2 0 4 13 6 7 3 9 10 11 12 8 14 5
447 442 5 7 2 3 4 5 6 0 8 9 10 11 12 14 13 1
448 443 5 1 2 3 4 5 6 0 7 13 10 11 12 8 14 9
448 443 5 1 2 3 4 5 6 7 8 13 10 0 12 14 9 11
447 442 5 1 2 3 4 5 6 7 8 13 0 11 12 14 9 10
448 443 5 1 2 0 4 5 6 7 3 13 10 11 12 8 14 9
441 436 5 1 2 3 4 0 6 7 8 9 10 13 11 12 14 5
448 443 5 1 2 3 4 0 6 7 8 13 10 11 12 14 9 5
449 444 5 0 2 3 4 5 6 7 8 13 10 11 12 14 9 1
448 443 5 1 2 3 4 5 6 7 8 13 10 0 11 12 14 9
449 445 4 1 2 3 4 5 6 7 8 13 10 9 11 12 14 0
453 448 5 1 2 3 4 5 6 7 8 0 10 9 11 12 14 13
448 443 5 1 2 3 4 5 6 0 8 13 10 11 7 12 14 9
449 444 5 1 2 3 4 5 6 7 13 14 10 11 12 8 0 9
449 445 4 1 2 3 4 5 6 7 13 14 10 11 12 8 9 0
453 448 5 1 2 3 4 5 6 7 13 0 10 11 12 8 9 14
453 449 4 1 2 3 4 5 6 7 13 9 10 11 12 8 0 14
452 450 2 1 2 3 4 5 6 7 13 9 10 11 12 8 14 0
457 453 4 0 2 3 4 5 6 7 13 9 10 11 12 8 14 1
456 452 4 1 2 3 4 0 6 7 13 9 10 11 12 8 14 5
456 452 4 1 2 3 4 5 6 7 13 9 10 0 12 8 14 11
455 451 4 1 2 3 4 5 6 7 13 9 0 11 12 8 14 10
454 450 4 1 2 3 4 5 6 7 13 9 10 11 12 0 8 14
454 451 3 1 2 3 4 5 6 7 0 9 10 11 12 13 8 14
456 452 4 1 2 3 4 5 6 7 9 0 10 11 12 13 8 14
457 453 4 1 2 3 4 5 6 7 9 8 10 11 12 13 0 14
456 454 2 1 2 3 4 5 6 7 9 8 10 11 12 13 14 0
460 457 3 1 2 3 4 5 6 7 9 0 10 11 12 13 14 8
460 458 2 1 2 3 4 5 6 7 0 9 10 11 12 13 14 8
462 459 3 1 2 3 4 5 6 0 7 9 10 11 12 13 14 8
462 459 3 1 2 3 4 5 6 7 13 9 10 11 12 0 14 8
462 459 3 1 2 0 4 5 6 7 3 9 10 11 12 13 14 8
464 460 4 1 2 4 0 5 6 7 3 9 10 11 12 13 14 8
464 460 4 1 0 2 4 5 6 7 3 9 10 11 12 13 14 8
461 457 4 0 2 3 4 5 6 7 9 8 10 11 12 13 14 1
464 460 4 1 2 3 4 5 6 7 13 9 10 11 12 14 0 8
464 461 3 1 2 3 4 5 6 7 13 9 10 11 12 14 8 0
464 460 4 1 2 3 4 5 6 7 13 9 10 11 0 12 14 8
464 460 4 1 2 3 4 5 0 6 7 9 10 11 12 13 14 8
464 460 4 1 2 3 4 5 6 12 7 9 10 11 0 13 14 8
464 460 4 1 0 3 4 5 6 2 7 9 10 11 12 13 14 8
462 458 4 1 2 3 4 5 6 7 9 10 0 11 12 13 14 8
462 459 3 1 2 3 4 5 6 7 9 10 8 11 12 13 14 0
466 462 4 1 2 3 4 5 6 7 9 0 8 11 12 13 14 10
466 463 3 1 2 3 4 5 6 7 0 9 8 11 12 13 14 10
468 464 4 1 2 3 4 5 6 0 7 9 8 11 12 13 14 10
468 464 4 1 2 3 4 5 6 7 13 9 8 11 12 0 14 10
468 464 4 1 2 0 4 5 6 7 3 9 8 11 12 13 14 10
460 456 4 1 2 3 4 0 6 7 9 8 10 11 12 13 14 5
463 459 4 1 2 3 4 8 6 7 9 0 10 11 12 13 14 5
463 460 3 1 2 3 4 8 6 7 0 9 10 11 12 13 14 5
465 461 4 1 2 3 4 8 6 0 7 9 10 11 12 13 14 5
465 461 4 1 2 3 4 8 6 7 13 9 10 11 12 0 14 5
465 461 4 1 2 0 4 8 6 7 3 9 10 11 12 13 14 5
460 456 4 1 2 3 4 5 6 7 9 8 10 0 12 13 14 11
459 455 4 1 2 3 4 5 6 7 9 8 0 11 12 13 14 10
456 452 4 1 2 0 4 5 6 7 3 9 10 11 12 13 8 14
462 458 4 1 2 3 4 5 6 7 9 14 10 11 12 13 0 8
462 459 3 1 2 3 4 5 6 7 9 14 10 11 12 13 8 0
456 452 4 1 2 3 4 5 6 0 7 9 10 11 12 13 8 14
462 458 4 1 2 3 0 5 6 7 9 4 10 11 12 13 14 8
464 459 5 1 2 3 5 0 6 7 9 4 10 11 12 13 14 8
465 461 4 1 2 3 5 8 6 7 9 4 10 11 12 13 14 0
469 464 5 1 2 3 5 8 6 7 9 0 10 11 12 13 14 4
469 465 4 1 2 3 5 8 6 7 0 9 10 11 12 13 14 4
471 466 5 1 2 3 5 8 6 0 7 9 10 11 12 13 14 4
458 453 5 1 2 3 4 5 0 6 7 9 10 11 12 13 8 14
445 440 5 0 2 3 4 1 6 7 8 9 10 11 12 14 13 5
447 443 4 5 2 3 4 1 6 7 8 9 10 11 12 14 13 0
449 444 5 5 2 3 4 1 6 7 8 9 10 11 12 14 0 13
449 445 4 5 2 3 4 1 6 7 8 9 10 11 12 0 14 13
451 446 5 5 2 3 4 1 6 7 8 9 10 11 0 12 14 13
433 428 5 1 2 3 4 5 6 13 8 0 10 11 12 14 7 9
444 439 5 1 2 3 4 5 0 7 8 9 10 6 12 14 13 11
442 437 5 1 2 3 0 5 6 7 8 4 10 11 12 14 9 13
443 438 5 1 2 3 4 0 6 7 8 9 5 11 12 14 13 10
444 440 4 1 2 3 4 10 6 7 8 9 5 11 12 14 13 0
446 441 5 1 2 3 4 10 6 7 8 9 5 11 12 14 0 13
446 442 4 1 2 3 4 10 6 7 8 9 5 11 12 0 14 13
448 443 5 1 2 3 4 10 6 7 8 9 5 11 0 12 14 13
471 466 5 1 2 3 5 8 6 7 13 9 10 11 12 0 14 4
443 438 5 1 2 3 4 5 6 7 8 0 9 11 12 14 13 10
444 439 5 1 2 3 4 5 6 7 8 13 9 11 12 14 0 10
444 440 4 1 2 3 4 5 6 7 8 13 9 11 12 14 10 0
444 440 4 1 2 3 4 5 6 7 8 13 9 11 12 0 14 10
446 441 5 1 2 3 4 5 6 7 8 13 9 11 0 12 14 10
427 422 5 1 2 3 4 5 6 13 7 9 0 11 12 8 14 10
444 439 5 1 2 3 4 5 6 7 8 10 13 11 12 14 0 9
430 425 5 13 2 3 4 5 6 7 8 0 10 11 12 14 9 1
445 440 5 1 2 3 4 5 0 6 12 9 10 11 8 13 14 7
445 440 5 1 0 3 4 5 6 2 12 9 10 11 8 13 14 7
431 426 5 1 2 3 4 5 6 0 13 7 10 11 12 8 14 9
428 423 5 13 2 3 4 5 6 7 9 0 10 11 12 8 14 1
440 435 5 1 2 3 4 5 6 13 9 0 10 11 12 8 14 7
444 439 5 1 2 3 0 4 6 7 8 9 10 11 12 14 13 5
440 435 5 1 2 3 4 5 6 13 8 9 10 0 12 14 7 11
443 438 5 1 2 3 4 5 6 0 8 9 10 13 12 14 7 11
450 445 5 1 2 0 4 5 6 7 3 9 13 11 12 8 14 10
445 440 5 1 2 3 4 5 6 7 8 0 13 11 12 14 10 9
444 439 5 1 2 0 4 5 6 12 3 9 10 11 8 13 14 7
451 446 5 0 2 3 4 5 6 7 8 9 13 11 12 14 10 1
450 445 5 1 2 3 4 5 6 7 8 9 13 0 11 12 14 10
451 447 4 1 2 3 4 5 6 7 8 9 13 10 11 12 14 0
453 448 5 1 2 3 4 5 6 7 8 9 0 10 11 12 14 13
450 445 5 1 2 3 4 5 6 7 9 0 13 11 12 8 14 10
451 446 5 1 2 3 4 5 6 7 9 13 0 11 12 8 14 10
450 447 3 1 2 3 4 5 6 7 9 13 10 11 12 8 14 0
455 450 5 0 2 3 4 5 6 7 9 13 10 11 12 8 14 1
434 429 5 2 0 3 4 5 6 7 8 9 10 11 12 14 1 13
458 453 5 1 2 3 4 5 6 7 10 9 13 0 12 8 14 11
446 441 5 1 2 3 4 5 6 8 12 9 10 0 11 13 14 7
447 443 4 1 2 3 4 5 6 8 12 9 10 7 11 13 14 0
433 428 5 13 2 3 4 5 6 7 8 0 10 11 12 14 1 9
434 429 5 13 2 3 4 5 6 7 8 1 10 11 12 14 0 9
434 430 4 13 2 3 4 5 6 7 8 1 10 11 12 14 9 0
434 430 4 13 2 3 4 5 6 7 8 1 10 11 12 0 14 9
436 431 5 13 2 3 4 5 6 7 8 1 10 11 0 12 14 9
457 452 5 1 2 3 4 5 6 7 10 9 13 11 12 8 0 14
458 453 5 1 2 3 4 5 6 7 10 9 13 11 12 0 8 14
459 454 5 1 2 3 4 5 6 7 0 9 13 11 12 10 8 14
456 451 5 1 2 3 4 0 6 7 10 9 5 11 12 8 14 13
435 430 5 11 2 3 4 5 6 7 8 9 10 0 12 14 1 13
436 432 4 11 2 3 4 5 6 7 8 9 10 13 12 14 1 0
440 435 5 0 2 3 4 5 6 7 8 9 10 13 12 14 1 11
438 433 5 11 2 3 4 5 6 7 8 9 10 13 12 14 0 1
438 434 4 11 2 3 4 5 6 7 8 9 10 13 12 0 14 1
440 435 5 11 2 3 4 5 6 7 8 9 10 13 0 12 14 1
440 435 5 11 2 3 4 5 6 7 0 9 10 13 12 8 14 1
442 437 5 1 2 3 4 5 6 7 9 14 10 11 12 8 0 13
442 438 4 1 2 3 4 5 6 7 9 14 10 11 12 8 13 0
446 441 5 1 2 3 4 5 6 7 9 0 10 11 12 8 13 14
446 442 4 1 2 3 4 5 6 7 0 9 10 11 12 8 13 14
446 443 3 1 2 3 4 5 6 7 8 9 10 11 12 0 13 14
446 444 2 1 2 3 4 5 6 7 8 9 10 11 12 13 0 14
445 445 0 1 2 3 4 5 6 7 8 9 10 11 12 13 14 0
