0 0 0 3 6 2 14 0 4 10 13 12 5 8 11 1 9 7
16 2 14 3 6 2 14 7 4 10 13 12 5 8 11 1 9 0
15 1 14 3 6 2 14 5 4 10 13 12 0 8 11 1 9 7
15 2 13 3 6 2 14 5 4 10 13 12 7 8 11 1 9 0
19 5 14 3 6 2 14 5 4 10 13 0 7 8 11 1 9 12
19 6 13 3 6 2 14 5 4 10 13 9 7 8 11 1 0 12
19 7 12 3 6 2 14 5 4 10 13 9 7 8 11 1 12 0
23 10 13 0 6 2 14 5 4 10 13 9 7 8 11 1 12 3
26 13 13 10 6 2 14 5 4 0 13 9 7 8 11 1 12 3
27 14 13 10 6 2 14 5 4 13 0 9 7 8 11 1 12 3
28 15 13 10 6 2 14 5 4 13 1 9 7 8 11 0 12 3
29 16 13 10 6 2 14 5 4 13 1 9 7 8 11 12 0 3
29 17 12 10 6 2 14 5 4 13 1 9 7 8 11 12 3 0
33 20 13 0 6 2 14 5 4 13 1 9 7 8 11 12 3 10
36 23 13 13 6 2 14 5 4 0 1 9 7 8 11 12 3 10
37 24 13 13 6 2 14 5 4 1 0 9 7 8 11 12 3 10
38 25 13 13 6 2 14 5 4 1 12 9 7 8 11 0 3 10
39 26 13 13 6 2 14 5 4 1 12 9 7 8 11 3 0 10
39 27 12 13 6 2 14 5 4 1 12 9 7 8 11 3 10 0
43 30 13 0 6 2 14 5 4 1 12 9 7 8 11 3 10 13
45 33 12 1 6 2 14 5 4 0 12 9 7 8 11 3 10 13
46 34 12 1 6 2 14 5 4 12 0 9 7 8 11 3 10 13
47 35 12 1 6 2 14 5 4 12 3 9 7 8 11 0 10 13
48 36 12 1 6 2 14 5 4 12 3 9 7 8 11 10 0 13
48 37 11 1 6 2 14 5 4 12 3 9 7 8 11 10 13 0
51 39 12 1 6 2 14 5 4 12 3 9 7 0 11 10 13 8
51 40 11 1 6 2 14 5 4 12 3 9 7 11 0 10 13 8
51 41 10 1 6 2 14 5 4 0 3 9 7 11 12 10 13 8
52 42 10 1 6 2 14 5 4 3 0 9 7 11 12 10 13 8
53 43 10 1 6 2 14 5 4 3 10 9 7 11 12 0 13 8
53 44 9 1 6 2 14 5 4 3 10 9 7 11 12 13 0 8
53 45 8 1 6 2 14 5 4 3 10 9 7 11 12 13 8 0
55 46 9 1 6 2 14 5 4 3 10 9 0 11 12 13 8 7
57 47 10 1 6 2 14 5 4 3 10 0 9 11 12 13 8 7
58 48 10 1 6 2 14 5 4 3 0 10 9 11 12 13 8 7
59 49 10 1 6 2 14 5 4 0 3 10 9 11 12 13 8 7
60 50 10 1 6 2 14 5 0 4 3 10 9 11 12 13 8 7
60 50 10 1 0 2 14 5 4 6 3 10 9 11 12 13 8 7
60 51 9 1 2 0 14 5 4 6 3 10 9 11 12 13 8 7
60 52 8 1 2 3 14 5 4 6 0 10 9 11 12 13 8 7
61 53 8 1 2 3 14 5 4 6 10 0 9 11 12 13 8 7
61 54 7 1 2 3 14 5 4 6 10 9 0 11 12 13 8 7
61 55 6 1 2 3 14 5 4 6 10 9 7 11 12 13 8 0
63 56 7 1 2 3 14 5 4 6 10 9 7 11 12 13 0 8
65 57 8 1 2 3 14 5 4 6 10 9 7 11 12 0 13 8
66 58 8 1 2 3 14 5 4 6 0 9 7 11 12 10 13 8
67 59 8 1 2 3 14 5 4 0 6 9 7 11 12 10 13 8
68 60 8 1 2 3 14 5 0 4 6 9 7 11 12 10 13 8
65 57 8 1 2 3 14 5 4 6 10 0 7 11 12 13 9 8
66 58 8 1 2 3 14 5 4 6 10 7 0 11 12 13 9 8
66 59 7 1 2 3 14 5 4 6 10 7 8 11 12 13 9 0
70 62 8 1 2 3 14 5 4 6 10 0 8 11 12 13 9 7
70 63 7 1 2 3 14 5 4 6 10 9 8 11 12 13 0 7
70 64 6 1 2 3 14 5 4 6 10 9 8 11 12 13 7 0
72 65 7 1 2 3 14 5 4 6 10 9 0 11 12 13 7 8
74 66 8 1 2 3 14 5 4 6 10 0 9 11 12 13 7 8
75 67 8 1 2 3 14 5 4 6 0 10 9 11 12 13 7 8
76 68 8 1 2 3 14 5 4 0 6 10 9 11 12 13 7 8
77 69 8 1 2 3 14 5 0 4 6 10 9 11 12 13 7 8
75 67 8 1 2 3 14 5 4 6 10 7 9 11 12 13 0 8
75 68 7 1 2 3 14 5 4 6 10 7 9 11 12 13 8 0
77 69 8 1 2 3 14 5 4 6 10 7 0 11 12 13 8 9
61 53 8 1 2 3 14 5 4 0 6 10 9 11 12 13 8 7
62 54 8 1 2 3 14 5 0 4 6 10 9 11 12 13 8 7
65 57 8 1 2 3 14 5 4 6 10 9 7 0 12 13 8 11
68 60 8 1 2 3 14 5 4 0 10 9 7 6 12 13 8 11
69 61 8 1 2 3 14 5 4 10 0 9 7 6 12 13 8 11
69 61 8 1 2 3 14 5 0 4 10 9 7 6 12 13 8 11
69 62 7 1 2 3 14 5 6 4 10 9 7 0 12 13 8 11
69 64 5 1 2 3 14 5 6 4 10 9 7 11 12 13 8 0
71 65 6 1 2 3 14 5 6 4 10 9 7 11 12 13 0 8
71 65 6 1 2 3 14 5 6 4 10 9 0 11 12 13 8 7
73 66 7 1 2 3 14 5 6 4 10 0 9 11 12 13 8 7
74 67 7 1 2 3 14 5 6 4 0 10 9 11 12 13 8 7
75 68 7 1 2 3 14 5 6 0 4 10 9 11 12 13 8 7
74 67 7 1 2 3 14 5 6 4 10 8 9 11 12 13 0 7
74 68 6 1 2 3 14 5 6 4 10 8 9 11 12 13 7 0
78 71 7 1 2 3 14 5 6 4 10 0 9 11 12 13 7 8
78 72 6 1 2 3 14 5 6 4 10 9 0 11 12 13 7 8
78 73 5 1 2 3 14 5 6 4 10 9 8 11 12 13 7 0
80 74 6 1 2 3 14 5 6 4 10 9 8 11 12 13 0 7
82 75 7 1 2 3 14 5 6 4 10 9 8 11 12 0 13 7
83 76 7 1 2 3 14 5 6 4 0 9 8 11 12 10 13 7
84 77 7 1 2 3 14 5 6 0 4 9 8 11 12 10 13 7
82 75 7 1 2 3 14 5 6 4 10 0 8 11 12 13 9 7
83 76 7 1 2 3 14 5 6 4 10 8 0 11 12 13 9 7
83 77 6 1 2 3 14 5 6 4 10 8 7 11 12 13 9 0
85 78 7 1 2 3 14 5 6 4 10 8 7 11 12 13 0 9
83 76 7 1 2 3 14 5 6 4 0 10 8 11 12 13 9 7
84 77 7 1 2 3 14 5 6 0 4 10 8 11 12 13 9 7
83 76 7 1 2 3 0 5 6 4 10 14 8 11 12 13 9 7
74 67 7 1 2 3 14 5 6 4 10 0 7 11 12 13 8 9
75 68 7 1 2 3 14 5 6 4 10 7 0 11 12 13 8 9
75 69 6 1 2 3 14 5 6 4 10 7 9 11 12 13 8 0
79 72 7 1 2 3 0 5 6 4 10 14 9 11 12 13 7 8
77 70 7 1 2 3 14 5 6 4 10 7 9 11 12 13 0 8
83 76 7 0 2 3 14 5 6 4 10 9 8 11 12 13 7 1
86 79 7 4 2 3 14 5 6 0 10 9 8 11 12 13 7 1
87 80 7 4 2 3 14 5 6 10 0 9 8 11 12 13 7 1
82 75 7 1 2 3 14 0 6 4 10 9 8 11 12 13 7 5
83 76 7 1 2 3 0 14 6 4 10 9 8 11 12 13 7 5
76 69 7 1 2 3 14 5 6 4 10 8 0 11 12 13 7 9
73 66 7 1 2 3 14 5 6 4 10 9 7 11 12 0 13 8
74 67 7 1 2 3 14 5 6 4 0 9 7 11 12 10 13 8
75 68 7 1 2 3 14 5 6 0 4 9 7 11 12 10 13 8
74 67 7 0 2 3 14 5 6 4 10 9 7 11 12 13 8 1
77 70 7 4 2 3 14 5 6 0 10 9 7 11 12 13 8 1
78 71 7 4 2 3 14 5 6 10 0 9 7 11 12 13 8 1
79 72 7 1 2 3 14 5 6 4 0 10 9 11 12 13 7 8
80 73 7 1 2 3 14 5 6 0 4 10 9 11 12 13 7 8
73 66 7 1 2 3 14 0 6 4 10 9 5 11 12 13 8 7
74 68 6 1 2 3 14 7 6 4 10 9 5 11 12 13 8 0
76 69 7 1 2 3 14 7 6 4 10 9 5 11 12 13 0 8
76 69 7 1 2 3 14 7 6 4 10 9 0 11 12 13 8 5
75 68 7 1 2 3 0 5 6 4 10 14 7 11 12 13 8 9
75 68 7 1 2 3 14 5 6 4 0 10 7 11 12 13 8 9
76 69 7 1 2 3 14 5 6 0 4 10 7 11 12 13 8 9
77 70 7 1 2 3 14 5 6 4 10 0 8 11 12 13 7 9
78 71 7 1 2 3 14 5 6 4 0 10 8 11 12 13 7 9
79 72 7 1 2 3 14 5 6 0 4 10 8 11 12 13 7 9
78 71 7 1 2 3 14 5 6 4 10 7 8 11 12 13 0 9
78 72 6 1 2 3 14 5 6 4 10 7 8 11 12 13 9 0
80 73 7 1 2 3 14 5 6 4 10 7 0 11 12 13 9 8
78 71 7 1 2 3 0 5 6 4 10 14 8 11 12 13 7 9
72 65 7 1 2 3 14 5 6 0 10 9 7 4 12 13 8 11
73 66 7 1 2 3 14 5 6 10 0 9 7 4 12 13 8 11
73 66 7 1 2 3 14 0 6 4 10 9 7 11 12 13 8 5
74 67 7 1 2 3 0 14 6 4 10 9 7 11 12 13 8 5
73 66 7 1 2 3 14 5 6 4 10 0 7 11 12 13 9 8
74 67 7 1 2 3 14 5 6 4 0 10 7 11 12 13 9 8
75 68 7 1 2 3 14 5 6 0 4 10 7 11 12 13 9 8
74 67 7 1 2 3 0 5 6 4 10 14 7 11 12 13 9 8
74 67 7 1 2 3 0 14 6 4 10 9 5 11 12 13 8 7
82 75 7 1 2 3 14 5 6 4 10 9 8 0 12 13 7 11
85 78 7 1 2 3 14 5 6 0 10 9 8 4 12 13 7 11
86 79 7 1 2 3 14 5 6 10 0 9 8 4 12 13 7 11
83 76 7 1 2 3 14 8 6 4 10 9 0 11 12 13 7 5
83 77 6 1 2 3 14 8 6 4 10 9 5 11 12 13 7 0
85 78 7 1 2 3 14 8 6 4 10 9 5 11 12 13 0 7
80 73 7 1 2 3 14 0 6 4 10 9 5 11 12 13 7 8
81 74 7 1 2 3 0 14 6 4 10 9 5 11 12 13 7 8
74 67 7 1 2 3 0 5 6 4 10 14 9 11 12 13 8 7
76 68 8 1 2 3 5 0 6 4 10 14 9 11 12 13 8 7
77 70 7 1 2 3 5 7 6 4 10 14 9 11 12 13 8 0
81 73 8 1 2 3 5 7 6 4 10 0 9 11 12 13 8 14
81 74 7 1 2 3 5 7 6 4 10 9 0 11 12 13 8 14
81 75 6 1 2 3 5 7 6 4 10 9 14 11 12 13 8 0
84 77 7 1 2 3 5 0 6 4 10 9 14 11 12 13 8 7
84 78 6 1 2 3 0 5 6 4 10 9 14 11 12 13 8 7
86 79 7 1 2 0 3 5 6 4 10 9 14 11 12 13 8 7
87 80 7 1 2 10 3 5 6 4 0 9 14 11 12 13 8 7
88 81 7 1 2 10 3 5 6 0 4 9 14 11 12 13 8 7
86 79 7 1 2 3 9 5 6 4 10 0 14 11 12 13 8 7
87 80 7 1 2 3 9 5 6 4 10 14 0 11 12 13 8 7
87 81 6 1 2 3 9 5 6 4 10 14 7 11 12 13 8 0
91 84 7 1 2 3 9 5 6 4 10 0 7 11 12 13 8 14
91 85 6 1 2 3 0 5 6 4 10 9 7 11 12 13 8 14
93 86 7 1 2 0 3 5 6 4 10 9 7 11 12 13 8 14
94 87 7 1 2 10 3 5 6 4 0 9 7 11 12 13 8 14
95 88 7 1 2 10 3 5 6 0 4 9 7 11 12 13 8 14
92 85 7 1 2 3 9 5 6 4 10 7 0 11 12 13 8 14
92 86 6 1 2 3 9 5 6 4 10 7 14 11 12 13 8 0
94 87 7 1 2 3 9 5 6 4 10 7 14 11 12 13 0 8
95 88 7 1 2 3 9 5 6 4 10 0 14 11 12 13 7 8
95 89 6 1 2 3 0 5 6 4 10 9 14 11 12 13 7 8
97 90 7 1 2 3 5 0 6 4 10 9 14 11 12 13 7 8
98 92 6 1 2 3 5 8 6 4 10 9 14 11 12 13 7 0
100 93 7 1 2 3 5 8 6 4 10 9 14 11 12 13 0 7
100 93 7 1 2 3 5 8 6 4 10 9 0 11 12 13 7 14
101 94 7 1 2 3 5 0 6 4 10 9 8 11 12 13 7 14
102 96 6 1 2 3 5 14 6 4 10 9 8 11 12 13 7 0
101 95 6 1 2 3 0 5 6 4 10 9 8 11 12 13 7 14
103 96 7 1 2 0 3 5 6 4 10 9 8 11 12 13 7 14
104 97 7 1 2 10 3 5 6 4 0 9 8 11 12 13 7 14
105 98 7 1 2 10 3 5 6 0 4 9 8 11 12 13 7 14
103 96 7 1 2 3 9 5 6 4 10 0 8 11 12 13 7 14
104 97 7 1 2 3 9 5 6 4 10 8 0 11 12 13 7 14
104 98 6 1 2 3 9 5 6 4 10 8 14 11 12 13 7 0
104 97 7 1 2 3 9 5 6 4 0 10 8 11 12 13 7 14
105 98 7 1 2 3 9 5 6 0 4 10 8 11 12 13 7 14
104 97 7 1 2 3 9 5 6 4 10 7 8 11 12 13 0 14
103 98 5 1 2 3 9 5 6 4 10 7 8 11 12 13 14 0
107 101 6 1 2 3 9 5 6 4 10 0 8 11 12 13 14 7
107 102 5 1 2 3 0 5 6 4 10 9 8 11 12 13 14 7
109 103 6 1 2 3 5 0 6 4 10 9 8 11 12 13 14 7
110 105 5 1 2 3 5 7 6 4 10 9 8 11 12 13 14 0
112 106 6 1 2 3 5 7 6 4 10 9 0 11 12 13 14 8
113 107 6 1 2 3 5 0 6 4 10 9 7 11 12 13 14 8
114 109 5 1 2 3 5 8 6 4 10 9 7 11 12 13 14 0
113 108 5 1 2 3 0 5 6 4 10 9 7 11 12 13 14 8
115 109 6 1 2 0 3 5 6 4 10 9 7 11 12 13 14 8
116 110 6 1 2 10 3 5 6 4 0 9 7 11 12 13 14 8
117 111 6 1 2 10 3 5 6 0 4 9 7 11 12 13 14 8
105 99 6 1 2 3 9 5 6 4 10 7 0 11 12 13 14 8
108 102 6 1 2 3 9 5 6 4 0 10 8 11 12 13 14 7
109 103 6 1 2 3 9 5 6 0 4 10 8 11 12 13 14 7
106 100 6 1 2 3 9 5 6 4 10 0 7 11 12 13 14 8
107 101 6 1 2 3 9 5 6 4 0 10 7 11 12 13 14 8
108 102 6 1 2 3 9 5 6 0 4 10 7 11 12 13 14 8
108 102 6 1 2 3 9 5 6 4 10 8 0 11 12 13 14 7
108 103 5 1 2 3 9 5 6 4 10 8 7 11 12 13 14 0
109 103 6 1 2 0 3 5 6 4 10 9 8 11 12 13 14 7
110 104 6 1 2 10 3 5 6 4 0 9 8 11 12 13 14 7
111 105 6 1 2 10 3 5 6 0 4 9 8 11 12 13 14 7
110 104 6 1 2 3 5 8 6 4 10 9 0 11 12 13 14 7
112 105 7 1 2 3 5 8 6 4 10 0 9 11 12 13 14 7
113 106 7 1 2 3 5 8 6 4 0 10 9 11 12 13 14 7
114 107 7 1 2 3 5 8 6 0 4 10 9 11 12 13 14 7
98 91 7 1 2 3 5 14 6 4 10 9 0 11 12 13 7 8
97 90 7 1 2 0 3 5 6 4 10 9 14 11 12 13 7 8
98 91 7 1 2 10 3 5 6 4 0 9 14 11 12 13 7 8
99 92 7 1 2 10 3 5 6 0 4 9 14 11 12 13 7 8
92 85 7 1 2 3 9 5 6 4 0 10 7 11 12 13 8 14
93 86 7 1 2 3 9 5 6 0 4 10 7 11 12 13 8 14
87 80 7 1 2 3 9 5 6 4 10 8 14 11 12 13 0 7
89 82 7 1 2 3 9 5 6 4 10 14 7 11 12 13 0 8
96 89 7 1 2 3 9 5 6 4 10 14 0 11 12 13 7 8
96 90 6 1 2 3 9 5 6 4 10 14 8 11 12 13 7 0
85 78 7 1 2 3 5 14 6 4 10 9 0 11 12 13 8 7
85 79 6 1 2 3 5 14 6 4 10 9 7 11 12 13 8 0
87 80 7 1 2 3 5 14 6 4 10 9 7 11 12 13 0 8
98 91 7 1 2 3 9 5 6 4 10 14 8 11 12 13 0 7
108 101 7 0 2 3 9 5 6 4 10 7 8 11 12 13 14 1
111 104 7 4 2 3 9 5 6 0 10 7 8 11 12 13 14 1
112 105 7 4 2 3 9 5 6 10 0 7 8 11 12 13 14 1
113 106 7 4 2 3 9 5 6 10 7 0 8 11 12 13 14 1
113 107 6 4 2 3 0 5 6 10 7 9 8 11 12 13 14 1
115 108 7 4 2 3 5 0 6 10 7 9 8 11 12 13 14 1
116 110 6 4 2 3 5 1 6 10 7 9 8 11 12 13 14 0
120 113 7 0 2 3 5 1 6 10 7 9 8 11 12 13 14 4
121 115 6 1 2 3 5 0 6 10 7 9 8 11 12 13 14 4
122 117 5 1 2 3 5 4 6 10 7 9 8 11 12 13 14 0
121 116 5 1 2 3 0 5 6 10 7 9 8 11 12 13 14 4
123 117 6 1 2 0 3 5 6 10 7 9 8 11 12 13 14 4
124 118 6 1 2 7 3 5 6 10 0 9 8 11 12 13 14 4
125 119 6 1 2 7 3 5 6 0 10 9 8 11 12 13 14 4
123 117 6 1 2 3 9 5 6 10 7 0 8 11 12 13 14 4
124 118 6 1 2 3 9 5 6 10 7 8 0 11 12 13 14 4
124 119 5 1 2 3 9 5 6 10 7 8 4 11 12 13 14 0
128 122 6 1 2 3 9 5 6 10 7 0 4 11 12 13 14 8
128 123 5 1 2 3 0 5 6 10 7 9 4 11 12 13 14 8
130 124 6 1 2 3 5 0 6 10 7 9 4 11 12 13 14 8
131 126 5 1 2 3 5 8 6 10 7 9 4 11 12 13 14 0
130 124 6 1 2 0 3 5 6 10 7 9 4 11 12 13 14 8
131 125 6 1 2 7 3 5 6 10 0 9 4 11 12 13 14 8
132 126 6 1 2 7 3 5 6 0 10 9 4 11 12 13 14 8
129 123 6 1 2 3 9 5 6 10 7 4 0 11 12 13 14 8
129 124 5 1 2 3 9 5 6 10 7 4 8 11 12 13 14 0
129 123 6 1 2 3 9 5 6 10 0 7 4 11 12 13 14 8
130 124 6 1 2 3 9 5 6 0 10 7 4 11 12 13 14 8
124 118 6 1 2 3 9 5 6 10 0 7 8 11 12 13 14 4
125 119 6 1 2 3 9 5 6 0 10 7 8 11 12 13 14 4
124 118 6 1 2 3 5 4 6 10 7 9 0 11 12 13 14 8
122 116 6 1 2 3 5 8 6 10 7 9 0 11 12 13 14 4
124 117 7 1 2 3 5 8 6 10 7 0 9 11 12 13 14 4
125 118 7 1 2 3 5 8 6 10 0 7 9 11 12 13 14 4
126 119 7 1 2 3 5 8 6 0 10 7 9 11 12 13 14 4
125 118 7 1 2 3 0 8 6 10 7 5 9 11 12 13 14 4
126 119 7 1 2 3 8 0 6 10 7 5 9 11 12 13 14 4
128 122 6 1 2 3 8 5 6 10 7 0 9 11 12 13 14 4
128 123 5 1 2 3 8 5 6 10 7 9 0 11 12 13 14 4
128 124 4 1 2 3 8 5 6 10 7 9 4 11 12 13 14 0
133 127 6 1 2 3 8 5 6 10 7 0 4 11 12 13 14 9
134 128 6 1 2 3 8 5 6 10 7 4 0 11 12 13 14 9
134 129 5 1 2 3 8 5 6 10 7 4 9 11 12 13 14 0
134 128 6 1 2 3 8 5 6 10 0 7 4 11 12 13 14 9
135 129 6 1 2 3 8 5 6 0 10 7 4 11 12 13 14 9
134 128 6 1 2 3 0 5 6 10 7 8 4 11 12 13 14 9
133 127 6 0 2 3 8 5 6 10 7 9 4 11 12 13 14 1
136 130 6 10 2 3 8 5 6 0 7 9 4 11 12 13 14 1
136 131 5 10 2 3 8 5 6 7 0 9 4 11 12 13 14 1
138 132 6 10 2 3 8 5 6 7 9 0 4 11 12 13 14 1
139 133 6 10 2 3 8 5 6 7 9 4 0 11 12 13 14 1
139 134 5 10 2 3 8 5 6 7 9 4 1 11 12 13 14 0
143 137 6 10 2 3 8 5 6 7 9 0 1 11 12 13 14 4
143 138 5 10 2 3 8 5 6 7 0 9 1 11 12 13 14 4
145 139 6 10 2 3 8 5 6 0 7 9 1 11 12 13 14 4
145 139 6 10 2 3 8 5 6 7 13 9 1 11 12 0 14 4
145 139 6 10 2 0 8 5 6 7 3 9 1 11 12 13 14 4
146 140 6 10 2 8 0 5 6 7 3 9 1 11 12 13 14 4
144 138 6 10 2 3 8 5 6 7 9 1 0 11 12 13 14 4
144 139 5 10 2 3 8 5 6 7 9 1 4 11 12 13 14 0
148 142 6 0 2 3 8 5 6 7 9 1 4 11 12 13 14 10
144 138 6 10 2 3 0 5 6 7 9 8 1 11 12 13 14 4
132 126 6 1 2 3 8 5 6 10 7 9 4 0 12 13 14 11
135 129 6 1 2 3 8 5 6 0 7 9 4 10 12 13 14 11
135 130 5 1 2 3 8 5 6 7 0 9 4 10 12 13 14 11
137 131 6 1 2 3 8 5 6 7 9 0 4 10 12 13 14 11
138 132 6 1 2 3 8 5 6 7 9 4 0 10 12 13 14 11
138 133 5 1 2 3 8 5 6 7 9 4 11 10 12 13 14 0
142 136 6 1 2 3 8 5 6 7 9 0 11 10 12 13 14 4
142 137 5 1 2 3 8 5 6 7 0 9 11 10 12 13 14 4
144 138 6 1 2 3 8 5 6 0 7 9 11 10 12 13 14 4
137 131 6 1 2 3 8 5 6 7 13 9 4 10 12 0 14 11
144 138 6 1 2 3 8 5 6 7 13 9 11 10 12 0 14 4
144 138 6 1 2 0 8 5 6 7 3 9 11 10 12 13 14 4
145 139 6 1 2 8 0 5 6 7 3 9 11 10 12 13 14 4
143 137 6 1 2 3 8 5 6 7 9 11 0 10 12 13 14 4
143 138 5 1 2 3 8 5 6 7 9 11 4 10 12 13 14 0
146 140 6 1 2 3 8 5 6 7 9 11 4 0 12 13 14 10
143 137 6 1 2 3 0 5 6 7 9 8 11 10 12 13 14 4
127 121 6 1 2 3 8 4 6 10 7 5 9 11 12 13 14 0
131 125 6 1 2 3 8 5 6 10 7 9 4 11 12 13 0 14
129 123 6 1 2 3 8 5 6 10 0 7 9 11 12 13 14 4
130 124 6 1 2 3 8 5 6 0 10 7 9 11 12 13 14 4
139 133 6 10 2 3 0 5 6 7 9 8 4 11 12 13 14 1
137 131 6 1 2 0 8 5 6 7 3 9 4 10 12 13 14 11
138 132 6 1 2 8 0 5 6 7 3 9 4 10 12 13 14 11
138 132 6 10 2 0 8 5 6 7 3 9 4 11 12 13 14 1
139 133 6 10 2 8 0 5 6 7 3 9 4 11 12 13 14 1
141 135 6 1 2 3 8 5 6 7 9 4 11 0 12 13 14 10
138 132 6 1 2 3 0 5 6 7 9 8 4 10 12 13 14 11
132 126 6 1 2 3 8 0 6 10 7 9 4 11 12 13 14 5
133 127 6 1 2 3 0 8 6 10 7 9 4 11 12 13 14 5
133 127 6 1 2 3 8 4 6 10 7 9 0 11 12 13 14 5
133 128 5 1 2 3 8 4 6 10 7 9 5 11 12 13 14 0
130 124 6 1 2 3 8 0 6 10 7 9 5 11 12 13 14 4
131 125 6 1 2 3 0 8 6 10 7 9 5 11 12 13 14 4
138 132 6 10 2 3 8 5 6 7 13 9 4 11 12 0 14 1
143 137 6 0 2 3 8 5 6 7 9 4 1 11 12 13 14 10
129 123 6 1 2 3 0 5 6 10 7 8 9 11 12 13 14 4
131 124 7 1 2 3 5 0 6 10 7 8 9 11 12 13 14 4
132 126 6 1 2 3 5 4 6 10 7 8 9 11 12 13 14 0
134 127 7 1 2 3 5 4 6 10 7 8 0 11 12 13 14 9
132 125 7 1 2 3 5 9 6 10 7 8 0 11 12 13 14 4
132 126 6 1 2 3 5 9 6 10 7 8 4 11 12 13 14 0
130 123 7 1 2 3 8 5 6 10 7 14 9 11 12 13 0 4
130 124 6 1 2 3 8 5 6 10 7 14 9 11 12 13 4 0
134 127 7 1 2 3 8 5 6 10 7 0 9 11 12 13 4 14
134 128 6 1 2 3 8 5 6 10 7 9 0 11 12 13 4 14
134 129 5 1 2 3 8 5 6 10 7 9 14 11 12 13 4 0
136 130 6 1 2 3 8 5 6 10 7 9 14 11 12 13 0 4
138 131 7 1 2 3 8 5 6 10 7 9 14 11 12 0 13 4
139 132 7 1 2 3 8 5 6 10 0 9 14 11 12 7 13 4
140 133 7 1 2 3 8 5 6 0 10 9 14 11 12 7 13 4
135 128 7 1 2 3 8 5 6 10 0 7 9 11 12 13 4 14
136 129 7 1 2 3 8 5 6 0 10 7 9 11 12 13 4 14
137 130 7 1 0 3 8 5 6 2 10 7 4 11 12 13 14 9
137 130 7 1 2 3 8 5 6 12 10 7 4 11 0 13 14 9
136 129 7 1 2 0 3 5 6 10 7 8 4 11 12 13 14 9
137 130 7 1 2 7 3 5 6 10 0 8 4 11 12 13 14 9
137 131 6 1 2 7 3 5 6 10 8 0 4 11 12 13 14 9
138 132 6 1 2 7 3 5 6 10 8 4 0 11 12 13 14 9
138 133 5 1 2 7 3 5 6 10 8 4 9 11 12 13 14 0
142 136 6 1 2 7 3 5 6 10 8 0 9 11 12 13 14 4
142 137 5 1 2 7 3 5 6 10 8 9 0 11 12 13 14 4
142 138 4 1 2 7 3 5 6 10 8 9 4 11 12 13 14 0
147 141 6 0 2 7 3 5 6 10 8 9 4 11 12 13 14 1
150 144 6 10 2 7 3 5 6 0 8 9 4 11 12 13 14 1
146 140 6 1 2 7 3 0 6 10 8 9 4 11 12 13 14 5
147 141 6 1 2 7 0 3 6 10 8 9 4 11 12 13 14 5
148 142 6 1 2 0 7 3 6 10 8 9 4 11 12 13 14 5
147 141 6 1 2 7 3 4 6 10 8 9 0 11 12 13 14 5
147 142 5 1 2 7 3 4 6 10 8 9 5 11 12 13 14 0
146 140 6 1 2 7 3 5 6 10 8 9 4 0 12 13 14 11
149 143 6 1 2 7 3 5 6 0 8 9 4 10 12 13 14 11
144 138 6 1 2 7 3 0 6 10 8 9 5 11 12 13 14 4
145 139 6 1 2 7 0 3 6 10 8 9 5 11 12 13 14 4
146 140 6 1 2 0 7 3 6 10 8 9 5 11 12 13 14 4
138 132 6 1 2 7 0 5 6 10 8 3 4 11 12 13 14 9
139 133 6 1 2 0 7 5 6 10 8 3 4 11 12 13 14 9
143 137 6 1 2 7 0 5 6 10 8 3 9 11 12 13 14 4
144 138 6 1 2 0 7 5 6 10 8 3 9 11 12 13 14 4
145 139 6 1 2 7 3 5 6 10 8 9 4 11 12 13 0 14
147 140 7 1 2 7 3 5 6 10 8 9 4 11 12 0 13 14
147 140 7 1 2 7 3 5 6 10 8 0 4 11 12 13 9 14
148 141 7 1 2 7 3 5 6 10 8 4 0 11 12 13 9 14
148 142 6 1 2 7 3 5 6 10 8 4 14 11 12 13 9 0
152 145 7 1 2 7 3 5 6 10 8 0 14 11 12 13 9 4
152 146 6 1 2 7 3 5 6 10 8 9 14 11 12 13 0 4
152 147 5 1 2 7 3 5 6 10 8 9 14 11 12 13 4 0
154 148 6 1 2 7 3 5 6 10 8 9 0 11 12 13 4 14
156 149 7 1 2 7 3 5 6 10 8 0 9 11 12 13 4 14
157 150 7 1 2 7 0 5 6 10 8 3 9 11 12 13 4 14
158 151 7 1 2 0 7 5 6 10 8 3 9 11 12 13 4 14
156 149 7 1 2 7 3 0 6 10 8 9 5 11 12 13 4 14
157 151 6 1 2 7 3 14 6 10 8 9 5 11 12 13 4 0
159 152 7 1 2 7 3 14 6 10 8 9 5 11 12 13 0 4
159 152 7 1 2 7 3 14 6 10 8 9 0 11 12 13 4 5
148 141 7 10 2 8 9 5 6 7 3 0 1 11 12 13 14 4
149 142 7 10 2 8 9 5 6 7 3 1 0 11 12 13 14 4
149 143 6 10 2 8 9 5 6 7 3 1 4 11 12 13 14 0
153 146 7 0 2 8 9 5 6 7 3 1 4 11 12 13 14 10
149 142 7 10 2 8 9 5 6 7 0 3 1 11 12 13 14 4
149 143 6 10 2 0 9 5 6 7 8 3 1 11 12 13 14 4
150 144 6 10 2 9 0 5 6 7 8 3 1 11 12 13 14 4
151 145 6 10 2 9 3 5 6 7 8 0 1 11 12 13 14 4
152 146 6 10 2 9 3 5 6 7 8 1 0 11 12 13 14 4
152 147 5 10 2 9 3 5 6 7 8 1 4 11 12 13 14 0
156 150 6 10 2 9 3 5 6 7 8 0 4 11 12 13 14 1
157 151 6 10 2 9 3 5 6 7 8 4 0 11 12 13 14 1
157 152 5 10 2 9 3 5 6 7 8 4 1 11 12 13 14 0
161 155 6 0 2 9 3 5 6 7 8 4 1 11 12 13 14 10
157 151 6 10 2 9 0 5 6 7 8 3 4 11 12 13 14 1
158 152 6 10 2 0 9 5 6 7 8 3 4 11 12 13 14 1
156 150 6 0 2 9 3 5 6 7 8 1 4 11 12 13 14 10
160 153 7 7 2 9 3 5 6 0 8 1 4 11 12 13 14 10
134 127 7 1 2 3 8 5 0 10 7 9 4 6 12 13 14 11
135 128 7 1 2 3 8 5 10 0 7 9 4 6 12 13 14 11
135 129 6 1 2 3 8 5 10 7 0 9 4 6 12 13 14 11
137 130 7 1 2 3 8 5 10 7 9 0 4 6 12 13 14 11
138 131 7 1 2 3 8 5 10 7 9 4 0 6 12 13 14 11
138 132 6 1 2 3 8 5 10 7 9 4 11 6 12 13 14 0
142 135 7 1 2 3 8 5 10 7 9 0 11 6 12 13 14 4
142 136 6 1 2 3 8 5 10 7 0 9 11 6 12 13 14 4
144 137 7 1 2 3 8 5 10 0 7 9 11 6 12 13 14 4
145 138 7 1 2 3 8 5 0 10 7 9 11 6 12 13 14 4
145 139 6 1 2 3 8 5 6 10 7 9 11 0 12 13 14 4
146 141 5 1 2 3 8 5 6 10 7 9 11 4 12 13 14 0
148 142 6 1 2 3 8 5 6 10 7 9 0 4 12 13 14 11
150 143 7 1 2 3 8 5 6 10 7 0 9 4 12 13 14 11
151 144 7 1 2 3 8 5 6 10 0 7 9 4 12 13 14 11
152 145 7 1 2 3 8 5 6 0 10 7 9 4 12 13 14 11
136 129 7 1 2 3 8 0 6 10 7 9 4 5 12 13 14 11
137 131 6 1 2 3 8 11 6 10 7 9 4 5 12 13 14 0
139 132 7 1 2 3 8 11 6 10 7 9 0 5 12 13 14 4
140 133 7 1 2 3 8 0 6 7 9 4 5 10 12 13 14 11
141 135 6 1 2 3 8 11 6 7 9 4 5 10 12 13 14 0
145 138 7 1 2 3 8 11 6 7 9 0 5 10 12 13 14 4
145 139 6 1 2 3 8 11 6 7 0 9 5 10 12 13 14 4
147 140 7 1 2 3 8 11 6 0 7 9 5 10 12 13 14 4
142 135 7 1 2 3 8 0 6 7 9 4 11 10 12 13 14 5
145 138 7 1 2 3 8 4 6 7 9 0 11 10 12 13 14 5
145 139 6 1 2 3 8 4 6 7 0 9 11 10 12 13 14 5
147 140 7 1 2 3 8 4 6 0 7 9 11 10 12 13 14 5
146 139 7 1 0 2 8 5 6 7 3 9 11 10 12 13 14 4
146 139 7 1 2 3 8 5 0 6 7 9 11 10 12 13 14 4
147 140 7 1 2 3 8 5 10 6 7 9 11 0 12 13 14 4
148 142 6 1 2 3 8 5 10 6 7 9 11 4 12 13 14 0
150 143 7 1 2 3 8 5 10 6 7 9 0 4 12 13 14 11
146 139 7 1 2 3 8 5 6 7 13 9 11 10 0 12 14 4
147 140 7 1 2 3 8 5 6 7 13 9 11 0 10 12 14 4
148 142 6 1 2 3 8 5 6 7 13 9 11 4 10 12 14 0
150 143 7 1 2 3 8 5 6 7 13 9 0 4 10 12 14 11
131 124 7 1 2 0 8 5 6 10 3 7 9 11 12 13 14 4
132 125 7 1 2 8 0 5 6 10 3 7 9 11 12 13 14 4
133 126 7 1 2 8 7 5 6 10 3 0 9 11 12 13 14 4
133 127 6 1 2 8 7 5 6 10 3 9 0 11 12 13 14 4
133 128 5 1 2 8 7 5 6 10 3 9 4 11 12 13 14 0
138 131 7 1 2 8 7 5 6 10 3 0 4 11 12 13 14 9
139 132 7 1 2 8 7 5 6 10 3 4 0 11 12 13 14 9
139 133 6 1 2 8 7 5 6 10 3 4 9 11 12 13 14 0
87 80 7 1 2 3 9 5 6 4 0 10 14 11 12 13 8 7
88 81 7 1 2 3 9 5 6 0 4 10 14 11 12 13 8 7
134 127 7 1 2 3 8 11 6 10 7 9 5 0 12 13 14 4
135 129 6 1 2 3 8 11 6 10 7 9 5 4 12 13 14 0
137 130 7 1 2 3 8 11 6 10 7 9 0 4 12 13 14 5
131 124 7 1 2 3 8 4 6 10 7 0 9 11 12 13 14 5
132 125 7 1 2 3 8 4 6 10 0 7 9 11 12 13 14 5
133 126 7 1 2 3 8 4 6 0 10 7 9 11 12 13 14 5
132 125 7 1 2 3 8 5 6 12 10 7 9 11 0 13 14 4
133 126 7 1 2 3 8 5 6 10 7 9 4 11 12 0 13 14
134 127 7 1 2 3 8 5 6 10 0 9 4 11 12 7 13 14
135 128 7 1 2 3 8 5 6 0 10 9 4 11 12 7 13 14
141 134 7 10 2 8 9 5 6 7 3 0 4 11 12 13 14 1
142 135 7 10 2 8 9 5 6 7 3 4 0 11 12 13 14 1
142 136 6 10 2 8 9 5 6 7 3 4 1 11 12 13 14 0
146 139 7 0 2 8 9 5 6 7 3 4 1 11 12 13 14 10
139 132 7 1 0 2 8 5 6 7 3 9 4 10 12 13 14 11
140 133 7 1 2 8 5 0 6 7 3 9 4 10 12 13 14 11
141 135 6 1 2 8 5 11 6 7 3 9 4 10 12 13 14 0
144 137 7 1 2 8 5 11 6 7 3 9 4 0 12 13 14 10
146 140 6 1 2 8 5 0 6 7 3 9 4 11 12 13 14 10
147 142 5 1 2 8 5 10 6 7 3 9 4 11 12 13 14 0
146 141 5 1 2 8 0 5 6 7 3 9 4 11 12 13 14 10
147 142 5 1 2 0 8 5 6 7 3 9 4 11 12 13 14 10
147 143 4 1 2 3 8 5 6 7 0 9 4 11 12 13 14 10
149 144 5 1 2 3 8 5 6 7 9 0 4 11 12 13 14 10
150 145 5 1 2 3 8 5 6 7 9 4 0 11 12 13 14 10
149 146 3 1 2 3 8 5 6 7 9 4 10 11 12 13 14 0
153 149 4 1 2 3 8 5 6 7 9 0 10 11 12 13 14 4
153 150 3 1 2 3 8 5 6 7 0 9 10 11 12 13 14 4
155 151 4 1 2 3 8 5 6 0 7 9 10 11 12 13 14 4
155 151 4 1 2 3 8 5 6 7 13 9 10 11 12 0 14 4
155 151 4 1 2 0 8 5 6 7 3 9 10 11 12 13 14 4
156 152 4 1 2 8 0 5 6 7 3 9 10 11 12 13 14 4
154 150 4 1 2 3 0 5 6 7 9 8 10 11 12 13 14 4
156 151 5 1 2 3 5 0 6 7 9 8 10 11 12 13 14 4
157 153 4 1 2 3 5 4 6 7 9 8 10 11 12 13 14 0
161 156 5 1 2 3 5 4 6 7 9 0 10 11 12 13 14 8
161 157 4 1 2 3 5 4 6 7 0 9 10 11 12 13 14 8
163 158 5 1 2 3 5 4 6 0 7 9 10 11 12 13 14 8
163 158 5 1 2 3 5 4 6 7 13 9 10 11 12 0 14 8
163 158 5 1 2 0 5 4 6 7 3 9 10 11 12 13 14 8
164 159 5 1 2 5 0 4 6 7 3 9 10 11 12 13 14 8
164 160 4 1 2 5 4 0 6 7 3 9 10 11 12 13 14 8
165 162 3 1 2 5 4 8 6 7 3 9 10 11 12 13 14 0
170 165 5 1 2 5 4 8 6 7 3 0 10 11 12 13 14 9
171 166 5 1 2 5 4 8 6 7 0 3 10 11 12 13 14 9
172 167 5 1 2 0 4 8 6 7 5 3 10 11 12 13 14 9
170 165 5 0 2 5 4 8 6 7 3 9 10 11 12 13 14 1
172 167 5 8 2 5 4 0 6 7 3 9 10 11 12 13 14 1
173 169 4 8 2 5 4 1 6 7 3 9 10 11 12 13 14 0
169 164 5 1 2 5 4 8 6 7 3 9 10 0 12 13 14 11
172 167 5 1 2 5 4 0 6 7 3 9 10 8 12 13 14 11
173 169 4 1 2 5 4 11 6 7 3 9 10 8 12 13 14 0
168 163 5 1 2 5 4 8 6 7 3 9 10 11 12 13 0 14
157 152 5 1 2 3 8 5 6 12 7 9 10 11 0 13 14 4
152 147 5 1 2 3 8 5 6 7 9 4 10 11 12 13 0 14
153 148 5 1 2 3 8 5 6 7 9 0 10 11 12 13 4 14
153 149 4 1 2 3 8 5 6 7 0 9 10 11 12 13 4 14
155 150 5 1 2 3 8 5 6 0 7 9 10 11 12 13 4 14
155 150 5 1 2 3 8 5 6 7 13 9 10 11 12 0 4 14
156 151 5 1 2 3 8 5 6 7 13 9 10 11 12 4 0 14
155 152 3 1 2 3 8 5 6 7 13 9 10 11 12 4 14 0
160 155 5 1 2 3 8 5 6 7 13 0 10 11 12 4 14 9
161 156 5 1 2 3 8 5 6 7 0 13 10 11 12 4 14 9
162 157 5 1 2 3 8 5 6 7 4 13 10 11 12 0 14 9
161 156 5 1 2 3 0 5 6 7 13 8 10 11 12 4 14 9
160 155 5 0 2 3 8 5 6 7 13 9 10 11 12 4 14 1
159 154 5 1 2 3 8 0 6 7 13 9 10 11 12 4 14 5
160 155 5 1 2 3 0 8 6 7 13 9 10 11 12 4 14 5
159 154 5 1 2 3 8 5 6 7 13 9 10 0 12 4 14 11
158 153 5 1 2 3 8 5 6 7 13 9 0 11 12 4 14 10
166 161 5 1 2 5 4 10 6 7 3 9 0 11 12 13 14 8
166 162 4 1 2 5 4 10 6 7 3 9 8 11 12 13 14 0
169 164 5 1 2 5 4 0 6 7 3 9 8 11 12 13 14 10
154 149 5 1 2 3 0 5 6 7 9 8 10 11 12 13 4 14
155 150 5 1 2 0 8 5 6 7 3 9 10 11 12 13 4 14
156 151 5 1 2 8 0 5 6 7 3 9 10 11 12 13 4 14
149 144 5 1 2 3 8 5 6 7 13 9 4 11 12 0 14 10
149 144 5 1 2 3 8 5 6 0 7 9 4 11 12 13 14 10
157 152 5 1 2 3 8 5 6 7 13 9 10 11 0 12 14 4
158 153 5 1 2 8 9 5 6 7 3 0 10 11 12 13 14 4
159 154 5 1 2 8 9 5 6 7 0 3 10 11 12 13 14 4
159 155 4 1 2 0 9 5 6 7 8 3 10 11 12 13 14 4
160 156 4 1 2 9 0 5 6 7 8 3 10 11 12 13 14 4
161 157 4 1 2 9 3 5 6 7 8 0 10 11 12 13 14 4
163 158 5 1 2 9 3 5 6 7 8 10 0 11 12 13 14 4
163 159 4 1 2 9 3 5 6 7 8 10 4 11 12 13 14 0
167 162 5 1 2 9 3 5 6 7 8 0 4 11 12 13 14 10
168 163 5 1 2 9 3 5 6 7 8 4 0 11 12 13 14 10
167 164 3 1 2 9 3 5 6 7 8 4 10 11 12 13 14 0
172 167 5 0 2 9 3 5 6 7 8 4 10 11 12 13 14 1
171 166 5 1 2 9 3 0 6 7 8 4 10 11 12 13 14 5
174 169 5 1 2 9 3 4 6 7 8 0 10 11 12 13 14 5
175 170 5 1 2 9 0 4 6 7 8 3 10 11 12 13 14 5
175 171 4 1 2 9 4 0 6 7 8 3 10 11 12 13 14 5
175 173 2 1 2 9 4 5 6 7 8 3 10 11 12 13 14 0
179 176 3 1 2 9 4 5 6 7 8 0 10 11 12 13 14 3
181 177 4 1 2 9 4 5 6 7 8 10 0 11 12 13 14 3
181 178 3 1 2 9 4 5 6 7 8 10 3 11 12 13 14 0
185 181 4 1 2 9 4 5 6 7 8 0 3 11 12 13 14 10
181 177 4 1 2 9 4 5 6 7 0 8 10 11 12 13 14 3
182 178 4 1 2 0 4 5 6 7 9 8 10 11 12 13 14 3
181 177 4 1 2 9 4 5 6 7 8 14 10 11 12 13 0 3
181 178 3 1 2 9 4 5 6 7 8 14 10 11 12 13 3 0
185 181 4 1 2 9 4 5 6 7 8 0 10 11 12 13 3 14
181 177 4 1 2 9 0 5 6 7 8 4 10 11 12 13 14 3
182 178 4 1 2 0 9 5 6 7 8 4 10 11 12 13 14 3
180 176 4 0 2 9 4 5 6 7 8 3 10 11 12 13 14 1
178 174 4 1 2 9 4 5 6 7 8 3 10 11 12 13 0 14
178 174 4 1 2 9 4 3 6 7 8 0 10 11 12 13 14 5
178 174 4 1 2 9 4 5 6 7 8 3 0 11 12 13 14 10
179 175 4 1 2 9 4 5 6 7 8 3 10 0 12 13 14 11
183 178 5 1 2 9 4 5 6 0 8 3 10 7 12 13 14 11
183 178 5 1 2 9 4 0 6 7 8 3 10 5 12 13 14 11
184 180 4 1 2 9 4 11 6 7 8 3 10 5 12 13 14 0
188 183 5 1 2 9 4 11 6 7 8 0 10 5 12 13 14 3
186 181 5 1 2 9 4 3 6 7 8 0 10 5 12 13 14 11
182 177 5 0 2 9 4 5 6 7 8 3 10 1 12 13 14 11
184 180 4 11 2 9 4 5 6 7 8 3 10 1 12 13 14 0
188 183 5 11 2 9 4 5 6 7 8 0 10 1 12 13 14 3
171 166 5 1 2 9 3 5 6 7 8 4 10 0 12 13 14 11
168 163 5 1 2 9 0 5 6 7 8 3 4 11 12 13 14 10
169 164 5 1 2 0 9 5 6 7 8 3 4 11 12 13 14 10
178 173 5 0 2 9 4 1 6 7 8 3 10 11 12 13 14 5
180 176 4 5 2 9 4 1 6 7 8 3 10 11 12 13 14 0
184 179 5 5 2 9 4 1 6 7 8 0 10 11 12 13 14 3
176 171 5 1 2 0 9 4 6 7 8 3 10 11 12 13 14 5
185 180 5 1 2 9 4 5 6 7 8 10 3 0 12 13 14 11
161 156 5 1 0 2 9 5 6 7 8 3 10 11 12 13 14 4
183 178 5 11 2 9 4 5 6 7 8 3 10 0 12 13 14 1
187 182 5 1 2 9 0 5 6 7 8 4 10 11 12 13 3 14
188 183 5 1 2 0 9 5 6 7 8 4 10 11 12 13 3 14
184 179 5 1 2 4 0 5 6 7 9 8 10 11 12 13 14 3
185 180 5 1 2 4 8 5 6 7 9 0 10 11 12 13 14 3
185 181 4 1 2 4 8 5 6 7 0 9 10 11 12 13 14 3
186 182 4 1 2 0 8 5 6 7 4 9 10 11 12 13 14 3
187 183 4 1 2 8 0 5 6 7 4 9 10 11 12 13 14 3
189 184 5 1 2 8 5 0 6 7 4 9 10 11 12 13 14 3
190 186 4 1 2 8 5 3 6 7 4 9 10 11 12 13 14 0
189 184 5 1 2 8 9 5 6 7 4 0 10 11 12 13 14 3
187 182 5 1 2 9 0 5 6 7 8 4 3 11 12 13 14 10
188 183 5 1 2 0 9 5 6 7 8 4 3 11 12 13 14 10
184 179 5 1 2 9 4 5 6 7 8 14 0 11 12 13 3 10
185 180 5 1 2 9 4 5 6 7 8 0 14 11 12 13 3 10
186 181 5 1 2 9 4 5 6 7 8 3 14 11 12 13 0 10
186 182 4 1 2 9 4 5 6 7 8 3 14 11 12 13 10 0
190 185 5 1 2 9 4 5 6 7 8 0 14 11 12 13 10 3
191 186 5 1 2 9 4 5 6 7 8 14 0 11 12 13 10 3
191 187 4 1 2 9 4 5 6 7 8 14 3 11 12 13 10 0
195 190 5 1 2 9 4 5 6 7 8 0 3 11 12 13 10 14
191 186 5 1 2 9 4 5 6 7 8 10 14 11 12 13 0 3
191 187 4 1 2 9 4 5 6 7 8 10 14 11 12 13 3 0
188 183 5 1 2 9 4 5 6 7 8 3 0 11 12 13 10 14
184 179 5 1 0 2 9 5 6 7 8 4 10 11 12 13 14 3
180 175 5 1 2 9 4 5 6 7 8 3 10 11 12 0 13 14
183 178 5 5 2 9 4 0 6 7 8 3 10 11 12 13 14 1
186 181 5 5 2 9 4 3 6 7 8 0 10 11 12 13 14 1
182 177 5 6 2 9 4 5 0 7 8 3 10 11 12 13 14 1
182 177 5 2 0 9 4 5 6 7 8 3 10 11 12 13 14 1
183 178 5 2 9 0 4 5 6 7 8 3 10 11 12 13 14 1
163 158 5 1 2 9 3 5 6 7 0 8 10 11 12 13 14 4
163 158 5 1 2 9 3 5 6 7 8 14 10 11 12 13 0 4
163 159 4 1 2 9 3 5 6 7 8 14 10 11 12 13 4 0
167 162 5 1 2 9 3 5 6 7 8 0 10 11 12 13 4 14
168 163 5 1 2 9 0 5 6 7 8 3 10 11 12 13 4 14
169 164 5 1 2 0 9 5 6 7 8 3 10 11 12 13 4 14
180 175 5 1 2 9 4 3 6 7 0 8 10 11 12 13 14 5
181 176 5 1 2 0 4 3 6 7 9 8 10 11 12 13 14 5
180 175 5 1 2 9 4 3 6 7 8 14 10 11 12 13 0 5
180 176 4 1 2 9 4 3 6 7 8 14 10 11 12 13 5 0
184 179 5 1 2 9 4 3 6 7 8 0 10 11 12 13 5 14
185 180 5 1 2 9 4 3 6 7 8 5 10 11 12 13 0 14
184 181 3 1 2 9 4 3 6 7 8 5 10 11 12 13 14 0
187 183 4 1 2 9 4 0 6 7 8 5 10 11 12 13 14 3
191 186 5 1 2 9 4 11 6 7 8 5 10 0 12 13 14 3
192 188 4 1 2 9 4 11 6 7 8 5 10 3 12 13 14 0
196 191 5 1 2 9 4 11 6 7 8 0 10 3 12 13 14 5
195 190 5 1 2 9 4 0 6 7 8 5 10 3 12 13 14 11
197 193 4 1 2 9 4 5 6 7 8 0 10 3 12 13 14 11
199 194 5 1 2 9 4 5 6 7 8 10 0 3 12 13 14 11
199 195 4 1 2 9 4 5 6 7 8 10 11 3 12 13 14 0
203 198 5 1 2 9 4 5 6 7 8 0 11 3 12 13 14 10
204 199 5 1 2 9 4 5 6 7 8 11 0 3 12 13 14 10
203 200 3 1 2 9 4 5 6 7 8 11 10 3 12 13 14 0
206 202 4 1 2 9 4 5 6 7 8 11 10 0 12 13 14 3
210 205 5 1 2 9 4 5 6 0 8 11 10 7 12 13 14 3
210 205 5 1 2 9 4 0 6 7 8 11 10 5 12 13 14 3
211 207 4 1 2 9 4 3 6 7 8 11 10 5 12 13 14 0
214 209 5 1 2 9 4 3 6 7 8 11 10 0 12 13 14 5
187 182 5 1 2 9 4 5 6 7 8 10 0 11 12 13 3 14
186 181 5 0 2 9 4 5 6 7 8 10 3 11 12 13 14 1
185 180 5 1 2 9 4 0 6 7 8 10 3 11 12 13 14 5
188 183 5 1 2 9 4 10 6 7 8 0 3 11 12 13 14 5
158 153 5 1 2 8 5 0 6 7 3 9 10 11 12 13 14 4
159 155 4 1 2 8 5 4 6 7 3 9 10 11 12 13 14 0
172 167 5 1 2 9 0 3 6 7 8 4 10 11 12 13 14 5
173 168 5 1 2 0 9 3 6 7 8 4 10 11 12 13 14 5
189 184 5 0 2 9 4 3 6 7 8 5 10 11 12 13 14 1
191 186 5 3 2 9 4 0 6 7 8 5 10 11 12 13 14 1
193 189 4 3 2 9 4 5 6 7 8 0 10 11 12 13 14 1
192 188 4 3 2 9 4 1 6 7 8 5 10 11 12 13 14 0
196 191 5 3 2 9 4 1 6 7 8 0 10 11 12 13 14 5
195 190 5 3 2 9 4 5 6 7 8 10 0 11 12 13 14 1
195 191 4 3 2 9 4 5 6 7 8 10 1 11 12 13 14 0
199 194 5 3 2 9 4 5 6 7 8 0 1 11 12 13 14 10
200 195 5 3 2 9 4 5 6 7 8 1 0 11 12 13 14 10
199 196 3 3 2 9 4 5 6 7 8 1 10 11 12 13 14 0
203 199 4 0 2 9 4 5 6 7 8 1 10 11 12 13 14 3
207 202 5 7 2 9 4 5 6 0 8 1 10 11 12 13 14 3
206 201 5 11 2 9 4 5 6 7 8 1 10 0 12 13 14 3
207 203 4 11 2 9 4 5 6 7 8 1 10 3 12 13 14 0
211 206 5 11 2 9 4 5 6 7 8 0 10 3 12 13 14 1
211 206 5 0 2 9 4 5 6 7 8 1 10 3 12 13 14 11
184 179 5 1 0 2 4 5 6 7 9 8 10 11 12 13 14 3
183 178 5 1 2 9 4 0 6 7 8 14 10 11 12 13 5 3
186 181 5 1 2 9 4 14 6 7 8 0 10 11 12 13 5 3
187 182 5 1 2 9 4 14 6 7 8 5 10 11 12 13 0 3
187 183 4 1 2 9 4 14 6 7 8 5 10 11 12 13 3 0
191 186 5 1 2 9 4 14 6 7 8 0 10 11 12 13 3 5
192 187 5 1 2 9 4 14 6 7 8 3 10 11 12 13 0 5
192 188 4 1 2 9 4 14 6 7 8 3 10 11 12 13 5 0
195 190 5 1 2 9 4 0 6 7 8 3 10 11 12 13 5 14
190 185 5 1 2 9 4 0 6 7 8 5 10 11 12 13 3 14
180 175 5 1 2 9 4 3 6 7 8 10 0 11 12 13 14 5
180 176 4 1 2 9 4 3 6 7 8 10 5 11 12 13 14 0
184 179 5 1 2 9 4 3 6 7 8 0 5 11 12 13 14 10
181 176 5 1 2 9 4 5 6 7 8 3 10 12 0 13 14 11
187 182 5 1 2 4 8 5 6 7 13 9 10 11 12 0 14 3
199 194 5 1 2 9 4 5 6 7 8 14 10 3 12 13 0 11
199 195 4 1 2 9 4 5 6 7 8 14 10 3 12 13 11 0
203 198 5 1 2 9 4 5 6 7 8 0 10 3 12 13 11 14
202 197 5 1 2 9 4 5 6 7 8 14 10 0 12 13 11 3
207 202 5 1 2 9 4 0 6 7 8 11 10 3 12 13 14 5
189 184 5 1 2 9 4 10 6 7 8 5 0 11 12 13 14 3
189 185 4 1 2 9 4 10 6 7 8 5 3 11 12 13 14 0
192 187 5 1 2 9 4 0 6 7 8 5 3 11 12 13 14 10
190 185 5 1 2 9 4 10 6 7 8 0 5 11 12 13 14 3
204 199 5 1 2 9 4 5 6 7 8 11 10 3 12 13 0 14
180 175 5 1 2 9 4 0 6 7 8 3 5 11 12 13 14 10
181 177 4 1 2 9 4 10 6 7 8 3 5 11 12 13 14 0
209 204 5 0 2 9 4 5 6 7 8 11 10 1 12 13 14 3
211 207 4 3 2 9 4 5 6 7 8 11 10 1 12 13 14 0
215 210 5 3 2 9 4 5 6 7 8 0 10 1 12 13 14 11
214 209 5 3 2 9 4 5 6 7 8 11 10 0 12 13 14 1
185 180 5 1 2 9 4 0 6 7 8 14 10 11 12 13 3 5
183 178 5 1 2 9 4 5 6 7 8 14 10 11 12 0 13 3
184 179 5 7 2 9 4 5 6 0 8 3 10 11 12 13 14 1
168 163 5 1 2 9 3 5 6 7 8 4 10 11 12 13 0 14
195 190 5 3 2 9 4 5 6 7 8 14 10 11 12 13 0 1
195 191 4 3 2 9 4 5 6 7 8 14 10 11 12 13 1 0
199 194 5 3 2 9 4 5 6 7 8 0 10 11 12 13 1 14
199 194 5 0 2 9 4 5 6 7 8 14 10 11 12 13 1 3
195 190 5 3 2 9 0 5 6 7 8 4 10 11 12 13 14 1
196 191 5 3 2 0 9 5 6 7 8 4 10 11 12 13 14 1
187 182 5 1 2 9 4 5 6 7 8 14 3 11 12 13 0 10
179 174 5 1 2 9 4 11 6 7 8 3 10 0 12 13 14 5
188 183 5 1 2 9 4 3 6 7 8 5 10 0 12 13 14 11
187 182 5 1 2 4 8 5 6 0 7 9 10 11 12 13 14 3
188 183 5 1 0 2 8 5 6 7 4 9 10 11 12 13 14 3
184 179 5 1 2 9 4 5 6 7 8 10 3 11 12 13 0 14
185 180 5 1 2 9 4 3 6 7 8 5 0 11 12 13 14 10
200 195 5 3 2 9 4 5 6 7 8 1 10 11 12 13 0 14
203 198 5 3 2 9 4 5 6 7 8 1 10 0 12 13 14 11
186 181 5 0 2 9 4 5 6 7 8 14 10 11 12 13 3 1
206 201 5 5 2 9 4 0 6 7 8 1 10 11 12 13 14 3
207 203 4 5 2 9 4 3 6 7 8 1 10 11 12 13 14 0
211 206 5 0 2 9 4 3 6 7 8 1 10 11 12 13 14 5
205 200 5 2 0 9 4 5 6 7 8 1 10 11 12 13 14 3
206 201 5 2 9 0 4 5 6 7 8 1 10 11 12 13 14 3
162 157 5 1 2 9 5 0 6 7 8 3 10 11 12 13 14 4
163 159 4 1 2 9 5 4 6 7 8 3 10 11 12 13 14 0
167 162 5 1 2 9 5 4 6 7 8 0 10 11 12 13 14 3
165 160 5 1 2 9 5 3 6 7 8 0 10 11 12 13 14 4
166 161 5 1 2 9 0 3 6 7 8 5 10 11 12 13 14 4
167 162 5 1 2 9 3 0 6 7 8 5 10 11 12 13 14 4
168 164 4 1 2 9 3 4 6 7 8 5 10 11 12 13 14 0
167 162 5 1 2 0 9 3 6 7 8 5 10 11 12 13 14 4
183 178 5 1 2 9 4 0 6 7 8 10 5 11 12 13 14 3
183 178 5 1 2 9 4 5 6 0 7 8 10 11 12 13 14 3
185 180 5 1 2 9 4 5 6 7 8 14 10 0 12 13 3 11
183 178 5 1 2 9 5 0 6 7 8 4 10 11 12 13 14 3
184 180 4 1 2 9 5 3 6 7 8 4 10 11 12 13 14 0
187 182 5 1 2 9 4 5 6 7 0 8 10 11 12 13 3 14
188 183 5 1 2 0 4 5 6 7 9 8 10 11 12 13 3 14
183 178 5 1 2 9 4 5 6 7 13 8 10 11 12 0 14 3
199 194 5 1 2 9 4 5 6 7 0 8 10 3 12 13 14 11
200 195 5 1 2 0 4 5 6 7 9 8 10 3 12 13 14 11
205 200 5 6 2 9 4 5 0 7 8 1 10 11 12 13 14 3
184 179 5 1 2 8 9 5 6 7 0 4 10 11 12 13 14 3
177 172 5 1 2 9 4 10 6 7 8 3 0 11 12 13 14 5
181 176 5 1 2 9 4 5 0 7 8 3 10 6 12 13 14 11
208 203 5 1 2 9 4 5 6 7 8 11 10 12 0 13 14 3
199 194 5 1 2 9 0 5 6 7 8 4 10 3 12 13 14 11
200 195 5 1 2 0 9 5 6 7 8 4 10 3 12 13 14 11
199 194 5 0 2 9 4 5 6 7 8 10 1 11 12 13 14 3
168 163 5 1 2 9 0 4 6 7 8 5 10 11 12 13 14 3
169 164 5 1 2 0 9 4 6 7 8 5 10 11 12 13 14 3
208 203 5 0 2 9 4 5 6 7 8 11 10 3 12 13 14 1
202 197 5 1 2 9 4 5 6 7 8 10 11 0 12 13 14 3
190 185 5 0 2 9 4 1 6 7 8 5 10 11 12 13 14 3
187 182 5 1 2 9 4 5 6 7 0 8 3 11 12 13 14 10
188 183 5 1 2 0 4 5 6 7 9 8 3 11 12 13 14 10
195 190 5 3 2 9 4 5 6 7 0 8 10 11 12 13 14 1
196 191 5 3 2 0 4 5 6 7 9 8 10 11 12 13 14 1
208 203 5 1 2 9 4 5 0 7 8 11 10 6 12 13 14 3
203 198 5 3 2 9 4 0 6 7 8 1 10 11 12 13 14 5
162 157 5 1 2 3 0 4 6 7 9 5 10 11 12 13 14 8
162 158 4 1 2 3 4 0 6 7 9 5 10 11 12 13 14 8
164 161 3 1 2 3 4 5 6 7 9 0 10 11 12 13 14 8
164 162 2 1 2 3 4 5 6 7 0 9 10 11 12 13 14 8
166 163 3 1 2 3 4 5 6 0 7 9 10 11 12 13 14 8
166 163 3 1 2 3 4 5 6 7 13 9 10 11 12 0 14 8
166 163 3 1 2 0 4 5 6 7 3 9 10 11 12 13 14 8
163 160 3 1 2 3 4 8 6 7 9 5 10 11 12 13 14 0
167 163 4 1 2 3 4 8 6 7 9 0 10 11 12 13 14 5
167 164 3 1 2 3 4 8 6 7 0 9 10 11 12 13 14 5
169 165 4 1 2 3 4 8 6 0 7 9 10 11 12 13 14 5
169 165 4 1 2 3 4 8 6 7 13 9 10 11 12 0 14 5
169 165 4 1 2 0 4 8 6 7 3 9 10 11 12 13 14 5
168 164 4 1 2 4 0 5 6 7 3 9 10 11 12 13 14 8
168 164 4 1 0 2 4 5 6 7 3 9 10 11 12 13 14 8
168 164 4 1 2 3 4 5 6 7 13 9 10 11 12 14 0 8
168 165 3 1 2 3 4 5 6 7 13 9 10 11 12 14 8 0
168 164 4 1 2 3 4 5 6 7 13 9 10 11 0 12 14 8
166 162 4 1 2 3 4 5 6 7 9 10 0 11 12 13 14 8
166 163 3 1 2 3 4 5 6 7 9 10 8 11 12 13 14 0
170 166 4 1 2 3 4 5 6 7 9 0 8 11 12 13 14 10
170 167 3 1 2 3 4 5 6 7 0 9 8 11 12 13 14 10
172 168 4 1 2 3 4 5 6 0 7 9 8 11 12 13 14 10
172 168 4 1 2 3 4 5 6 7 13 9 8 11 12 0 14 10
172 168 4 1 2 0 4 5 6 7 3 9 8 11 12 13 14 10
171 167 4 1 2 3 4 5 6 7 9 8 0 11 12 13 14 10
170 168 2 1 2 3 4 5 6 7 9 8 10 11 12 13 14 0
175 171 4 0 2 3 4 5 6 7 9 8 10 11 12 13 14 1
174 170 4 1 2 3 4 0 6 7 9 8 10 11 12 13 14 5
174 170 4 1 2 3 4 5 6 7 9 8 10 0 12 13 14 11
173 169 4 1 2 3 4 5 6 7 9 8 10 11 12 13 0 14
174 170 4 1 2 3 4 5 6 7 9 0 10 11 12 13 8 14
174 171 3 1 2 3 4 5 6 7 0 9 10 11 12 13 8 14
176 172 4 1 2 3 4 5 6 0 7 9 10 11 12 13 8 14
176 172 4 1 2 3 4 5 6 7 13 9 10 11 12 0 8 14
177 173 4 1 2 3 4 5 6 7 13 9 10 11 12 8 0 14
176 174 2 1 2 3 4 5 6 7 13 9 10 11 12 8 14 0
181 177 4 1 2 3 4 5 6 7 13 0 10 11 12 8 14 9
182 178 4 1 2 3 4 5 6 7 0 13 10 11 12 8 14 9
182 179 3 1 2 3 4 5 6 7 8 13 10 11 12 0 14 9
184 180 4 1 2 3 4 5 6 7 8 13 10 11 12 14 0 9
184 181 3 1 2 3 4 5 6 7 8 13 10 11 12 14 9 0
188 184 4 1 2 3 4 5 6 7 8 0 10 11 12 14 9 13
188 185 3 1 2 3 4 5 6 7 8 9 10 11 12 14 0 13
188 186 2 1 2 3 4 5 6 7 8 9 10 11 12 14 13 0
188 186 2 1 2 3 4 5 6 7 8 9 10 11 12 0 14 13
190 187 3 1 2 3 4 5 6 7 8 9 10 11 0 12 14 13
190 187 3 1 2 3 4 5 6 7 0 9 10 11 12 8 14 13
192 188 4 1 2 3 4 5 6 7 9 0 10 11 12 8 14 13
192 188 4 1 2 3 4 5 6 0 7 9 10 11 12 8 14 13
192 188 4 1 2 0 4 5 6 7 3 9 10 11 12 8 14 13
168 164 4 1 0 3 4 5 6 2 7 9 10 11 12 13 14 8
166 162 4 1 2 3 0 5 6 7 9 4 10 11 12 13 14 8
168 164 4 1 2 3 4 5 0 6 7 9 10 11 12 13 14 8
166 162 4 1 2 3 4 5 6 7 9 14 10 11 12 13 0 8
166 163 3 1 2 3 4 5 6 7 9 14 10 11 12 13 8 0
168 164 4 1 2 3 4 5 6 12 7 9 10 11 0 13 14 8
176 172 4 1 2 0 4 5 6 7 3 9 10 11 12 13 8 14
180 176 4 1 2 3 4 0 6 7 13 9 10 11 12 8 14 5
192 188 4 1 2 3 4 5 6 7 8 9 10 0 11 12 14 13
193 190 3 1 2 3 4 5 6 7 8 9 10 13 11 12 14 0
192 188 4 1 2 3 4 5 6 0 8 9 10 11 7 12 14 13
180 176 4 1 2 3 4 5 6 7 13 9 10 0 12 8 14 11
192 188 4 1 2 3 4 5 6 7 8 9 10 0 12 14 13 11
181 177 4 0 2 3 4 5 6 7 13 9 10 11 12 8 14 1
191 187 4 1 2 3 4 5 6 7 8 9 0 11 12 14 13 10
185 181 4 1 2 3 4 5 6 7 8 0 10 11 12 14 13 9
179 175 4 1 2 3 4 5 6 7 13 9 0 11 12 8 14 10
192 188 4 1 2 3 4 0 6 7 8 9 10 11 12 14 13 5
184 180 4 1 2 3 4 5 6 7 8 13 10 11 0 12 14 9
193 189 4 0 2 3 4 5 6 7 8 9 10 11 12 14 13 1
197 192 5 7 2 3 4 5 6 0 8 9 10 11 12 14 13 1
196 191 5 11 2 3 4 5 6 7 8 9 10 0 12 14 13 1
197 193 4 11 2 3 4 5 6 7 8 9 10 1 12 14 13 0
199 194 5 11 2 3 4 5 6 7 8 9 10 1 12 14 0 13
199 195 4 11 2 3 4 5 6 7 8 9 10 1 12 0 14 13
201 196 5 11 2 3 4 5 6 7 8 9 10 1 0 12 14 13
202 197 5 11 2 3 4 5 6 7 8 9 10 0 1 12 14 13
203 199 4 0 2 3 4 5 6 7 8 9 10 11 1 12 14 13
205 202 3 13 2 3 4 5 6 7 8 9 10 11 1 12 14 0
203 199 4 11 2 3 4 5 6 7 8 9 10 13 1 12 14 0
207 202 5 0 2 3 4 5 6 7 8 9 10 13 1 12 14 11
210 205 5 13 2 3 4 5 6 7 8 0 10 11 1 12 14 9
209 204 5 13 2 3 4 0 6 7 8 9 10 11 1 12 14 5
211 206 5 0 2 3 4 13 6 7 8 9 10 11 1 12 14 5
213 209 4 5 2 3 4 13 6 7 8 9 10 11 1 12 14 0
169 164 5 1 2 3 4 8 6 7 9 10 0 11 12 13 14 5
169 165 4 1 2 3 4 8 6 7 9 10 5 11 12 13 14 0
173 168 5 1 2 3 4 8 6 7 9 0 5 11 12 13 14 10
173 169 4 1 2 3 4 8 6 7 0 9 5 11 12 13 14 10
175 170 5 1 2 3 4 8 6 0 7 9 5 11 12 13 14 10
175 170 5 1 2 3 4 8 6 7 13 9 5 11 12 0 14 10
175 170 5 1 2 0 4 8 6 7 3 9 5 11 12 13 14 10
170 165 5 1 2 4 5 0 6 7 3 9 10 11 12 13 14 8
171 167 4 1 2 4 5 8 6 7 3 9 10 11 12 13 14 0
170 165 5 1 2 3 4 5 6 7 13 0 10 11 12 14 9 8
171 166 5 1 2 3 4 5 6 7 0 13 10 11 12 14 9 8
172 167 5 1 2 3 4 5 6 7 14 13 10 11 12 0 9 8
173 168 5 1 2 3 4 5 6 7 14 13 10 11 12 9 0 8
173 169 4 1 2 3 4 5 6 7 14 13 10 11 12 9 8 0
177 172 5 1 2 3 4 5 6 7 14 0 10 11 12 9 8 13
178 173 5 1 2 3 4 5 6 7 0 14 10 11 12 9 8 13
179 174 5 1 2 3 4 5 6 7 9 14 10 11 12 0 8 13
178 173 5 1 2 3 4 5 6 7 14 8 10 11 12 9 0 13
178 174 4 1 2 3 4 5 6 7 14 8 10 11 12 9 13 0
179 174 5 1 2 3 4 5 6 7 14 8 10 11 12 0 9 13
169 164 5 1 2 3 4 5 6 7 9 10 8 11 12 13 0 14
170 165 5 1 2 3 4 5 6 7 9 0 8 11 12 13 10 14
170 166 4 1 2 3 4 5 6 7 0 9 8 11 12 13 10 14
172 167 5 1 2 3 4 5 6 0 7 9 8 11 12 13 10 14
172 167 5 1 2 3 4 5 6 7 13 9 8 11 12 0 10 14
173 168 5 1 2 3 4 5 6 7 13 9 8 11 12 10 0 14
172 169 3 1 2 3 4 5 6 7 13 9 8 11 12 10 14 0
174 170 4 1 2 3 4 5 6 7 13 9 0 11 12 10 14 8
176 171 5 1 2 3 4 5 6 7 13 0 9 11 12 10 14 8
177 172 5 1 2 3 4 5 6 7 0 13 9 11 12 10 14 8
178 173 5 1 2 3 4 5 6 7 10 13 9 11 12 0 14 8
174 169 5 1 2 3 4 5 6 7 13 9 8 11 12 14 0 10
174 170 4 1 2 3 4 5 6 7 13 9 8 11 12 14 10 0
176 171 5 1 2 3 4 5 6 7 13 9 0 11 12 14 10 8
174 169 5 1 2 3 4 5 6 7 13 9 8 11 0 12 14 10
178 173 5 5 2 3 4 0 6 7 9 8 10 11 12 13 14 1
179 175 4 5 2 3 4 1 6 7 9 8 10 11 12 13 14 0
183 178 5 5 2 3 4 1 6 7 9 0 10 11 12 13 14 8
183 179 4 5 2 3 4 1 6 7 0 9 10 11 12 13 14 8
185 180 5 5 2 3 4 1 6 0 7 9 10 11 12 13 14 8
173 168 5 1 2 3 4 0 6 7 9 8 5 11 12 13 14 10
174 170 4 1 2 3 4 10 6 7 9 8 5 11 12 13 14 0
178 173 5 1 2 3 4 10 6 7 9 0 5 11 12 13 14 8
178 174 4 1 2 3 4 10 6 7 0 9 5 11 12 13 14 8
180 175 5 1 2 3 4 10 6 0 7 9 5 11 12 13 14 8
180 175 5 1 2 3 4 10 6 7 13 9 5 11 12 0 14 8
176 171 5 1 2 3 0 5 6 7 9 4 10 11 12 13 8 14
176 171 5 1 2 3 4 5 6 7 9 8 10 12 0 13 14 11
176 171 5 1 2 3 4 5 6 7 9 10 0 11 12 13 8 14
176 172 4 1 2 3 4 5 6 7 9 10 14 11 12 13 8 0
180 175 5 1 2 3 4 5 6 7 9 0 14 11 12 13 8 10
180 176 4 1 2 3 4 5 6 7 0 9 14 11 12 13 8 10
182 177 5 1 2 3 4 5 6 0 7 9 14 11 12 13 8 10
182 177 5 1 2 3 4 5 6 7 13 9 14 11 12 0 8 10
183 178 5 1 2 3 4 5 6 7 13 9 14 11 12 8 0 10
183 179 4 1 2 3 4 5 6 7 13 9 14 11 12 8 10 0
185 180 5 1 2 3 4 5 6 7 13 9 0 11 12 8 10 14
176 171 5 1 2 3 0 4 6 7 9 8 10 11 12 13 14 5
177 172 5 1 2 3 8 4 6 7 9 0 10 11 12 13 14 5
177 173 4 1 2 3 8 4 6 7 0 9 10 11 12 13 14 5
179 174 5 1 2 3 8 4 6 0 7 9 10 11 12 13 14 5
182 177 5 1 2 0 4 5 6 7 3 9 14 11 12 13 8 10
179 174 5 1 2 3 8 4 6 7 13 9 10 11 12 0 14 5
184 179 5 1 2 3 4 5 6 0 7 13 10 11 12 8 14 9
187 182 5 1 2 3 4 5 6 7 8 13 0 11 12 14 9 10
188 183 5 1 2 3 4 5 6 7 8 0 13 11 12 14 9 10
188 184 4 1 2 3 4 5 6 7 8 9 13 11 12 14 0 10
188 185 3 1 2 3 4 5 6 7 8 9 13 11 12 14 10 0
188 185 3 1 2 3 4 5 6 7 8 9 13 11 12 0 14 10
190 186 4 1 2 3 4 5 6 7 8 9 13 11 0 12 14 10
190 186 4 1 2 3 4 5 6 7 0 9 13 11 12 8 14 10
190 186 4 1 2 3 4 5 6 7 8 9 0 11 12 14 10 13
192 187 5 1 2 3 4 5 6 7 8 0 9 11 12 14 10 13
193 188 5 1 2 3 4 5 6 7 8 10 9 11 12 14 0 13
193 189 4 1 2 3 4 5 6 7 8 10 9 11 12 14 13 0
193 189 4 1 2 3 4 5 6 7 8 10 9 11 12 0 14 13
195 190 5 1 2 3 4 5 6 7 8 10 9 11 0 12 14 13
195 190 5 1 2 3 4 5 6 7 0 10 9 11 12 8 14 13
196 191 5 1 2 3 4 5 6 7 10 0 9 11 12 8 14 13
196 192 4 1 2 3 4 5 6 7 10 9 0 11 12 8 14 13
196 193 3 1 2 3 4 5 6 7 10 9 13 11 12 8 14 0
201 196 5 1 2 3 4 5 6 7 10 0 13 11 12 8 14 9
202 197 5 1 2 3 4 5 6 7 10 13 0 11 12 8 14 9
202 198 4 1 2 3 4 5 6 7 10 13 9 11 12 8 14 0
202 197 5 1 2 3 4 5 6 7 0 10 13 11 12 8 14 9
202 198 4 1 2 3 4 5 6 7 8 10 13 11 12 0 14 9
204 199 5 1 2 3 4 5 6 7 8 10 13 11 12 14 0 9
204 200 4 1 2 3 4 5 6 7 8 10 13 11 12 14 9 0
204 199 5 1 2 3 4 5 6 7 8 10 13 11 0 12 14 9
168 163 5 1 2 3 4 5 6 7 9 14 10 11 12 0 13 8
169 164 5 1 2 3 4 5 6 7 0 14 10 11 12 9 13 8
182 177 5 1 2 3 4 10 6 7 13 9 0 11 12 8 14 5
182 178 4 1 2 3 4 10 6 7 13 9 5 11 12 8 14 0
171 166 5 0 2 3 4 5 6 7 9 14 10 11 12 13 8 1
170 165 5 1 2 3 4 5 6 12 7 9 10 11 13 0 14 8
171 166 5 1 2 3 4 5 6 12 0 9 10 11 13 7 14 8
172 167 5 1 2 3 4 5 6 0 12 9 10 11 13 7 14 8
173 168 5 1 2 3 4 5 6 13 12 9 10 11 0 7 14 8
174 169 5 1 2 3 4 5 6 13 12 9 10 11 7 0 14 8
175 170 5 1 2 3 4 5 6 13 0 9 10 11 7 12 14 8
178 173 5 1 0 2 4 5 6 7 3 9 10 11 12 13 8 14
195 190 5 0 2 3 4 5 6 7 8 9 10 1 11 12 14 13
197 193 4 13 2 3 4 5 6 7 8 9 10 1 11 12 14 0
200 195 5 13 2 3 4 5 6 7 8 9 10 0 11 12 14 1
200 196 4 13 2 3 4 5 6 7 8 9 10 11 0 12 14 1
200 197 3 13 2 3 4 5 6 7 8 9 10 11 12 0 14 1
202 198 4 13 2 3 4 5 6 7 8 9 10 11 12 14 0 1
202 199 3 13 2 3 4 5 6 7 8 9 10 11 12 14 1 0
206 202 4 0 2 3 4 5 6 7 8 9 10 11 12 14 1 13
202 198 4 13 2 3 4 5 6 7 0 9 10 11 12 8 14 1
204 199 5 13 2 3 4 5 6 7 9 0 10 11 12 8 14 1
204 199 5 13 2 3 4 5 6 0 7 9 10 11 12 8 14 1
194 189 5 1 0 3 4 5 6 2 8 9 10 11 7 12 14 13
198 193 5 1 2 3 4 5 6 7 8 0 10 13 11 12 14 9
194 189 5 1 2 3 4 5 6 8 0 9 10 11 7 12 14 13
195 190 5 1 2 3 4 5 6 8 12 9 10 11 7 0 14 13
196 191 5 1 2 3 4 5 6 8 12 9 10 11 0 7 14 13
197 192 5 1 2 3 4 5 6 0 12 9 10 11 8 7 14 13
198 193 5 1 2 3 4 5 6 12 0 9 10 11 8 7 14 13
199 194 5 1 2 3 4 5 6 12 7 9 10 11 8 0 14 13
194 189 5 1 2 3 4 5 0 6 8 9 10 11 7 12 14 13
183 178 5 6 2 3 4 5 0 7 13 9 10 11 12 8 14 1
195 190 5 0 2 3 4 5 6 7 8 9 10 1 12 14 13 11
194 189 5 1 2 3 4 5 6 7 8 9 10 12 0 14 13 11
195 190 5 1 2 3 4 5 6 7 8 9 10 12 14 0 13 11
195 191 4 1 2 3 4 5 6 7 8 9 10 12 14 13 0 11
195 192 3 1 2 3 4 5 6 7 8 9 10 12 14 13 11 0
198 194 4 1 2 3 4 5 6 7 8 9 10 0 14 13 11 12
199 195 4 1 2 3 4 5 6 7 8 9 10 14 0 13 11 12
201 196 5 1 2 3 4 5 6 7 8 9 10 14 13 0 11 12
202 197 5 1 2 3 4 5 6 7 8 9 10 14 13 11 0 12
202 198 4 1 2 3 4 5 6 7 8 9 10 14 13 11 12 0
205 200 5 1 2 3 4 5 6 7 8 9 10 0 13 11 12 14
206 201 5 1 2 3 4 5 6 7 8 9 10 13 0 11 12 14
207 202 5 1 2 3 4 5 6 7 8 9 10 13 11 0 12 14
200 195 5 0 2 3 4 5 6 7 8 9 10 12 14 13 11 1
202 197 5 12 2 3 4 5 6 7 8 9 10 0 14 13 11 1
203 199 4 12 2 3 4 5 6 7 8 9 10 1 14 13 11 0
205 200 5 12 2 3 4 5 6 7 8 9 10 1 14 13 0 11
203 198 5 12 2 3 4 5 6 7 8 9 10 14 0 13 11 1
194 189 5 1 2 3 4 10 6 7 8 9 0 11 12 14 13 5
194 190 4 1 2 3 4 10 6 7 8 9 5 11 12 14 13 0
196 191 5 1 2 3 4 10 6 7 8 9 5 11 12 14 0 13
196 192 4 1 2 3 4 10 6 7 8 9 5 11 12 0 14 13
198 193 5 1 2 3 4 10 6 7 8 9 5 11 0 12 14 13
198 193 5 1 2 3 4 10 6 7 0 9 5 11 12 8 14 13
171 166 5 0 2 3 4 5 6 7 9 10 8 11 12 13 14 1
208 203 5 13 2 3 4 5 6 7 8 9 10 11 1 12 0 14
209 204 5 13 2 3 4 5 6 7 8 9 10 11 1 0 12 14
210 205 5 13 2 3 4 5 6 7 8 9 10 11 0 1 12 14
167 162 5 1 2 3 4 8 6 7 9 5 10 0 12 13 14 11
170 165 5 1 2 3 4 0 6 7 9 5 10 8 12 13 14 11
172 168 4 1 2 3 4 5 6 7 9 0 10 8 12 13 14 11
172 169 3 1 2 3 4 5 6 7 0 9 10 8 12 13 14 11
174 170 4 1 2 3 4 5 6 0 7 9 10 8 12 13 14 11
174 170 4 1 2 3 4 5 6 7 13 9 10 8 12 0 14 11
174 170 4 1 2 0 4 5 6 7 3 9 10 8 12 13 14 11
171 167 4 1 2 3 4 11 6 7 9 5 10 8 12 13 14 0
175 170 5 1 2 3 4 11 6 7 9 0 10 8 12 13 14 5
175 171 4 1 2 3 4 11 6 7 0 9 10 8 12 13 14 5
177 172 5 1 2 3 4 11 6 0 7 9 10 8 12 13 14 5
176 171 5 1 0 3 4 5 6 2 7 9 10 8 12 13 14 11
177 172 5 1 2 3 4 11 6 7 13 9 10 8 12 0 14 5
177 172 5 1 2 0 4 11 6 7 3 9 10 8 12 13 14 5
174 169 5 1 2 3 0 5 6 7 9 4 10 8 12 13 14 11
176 171 5 1 2 4 0 5 6 7 3 9 10 8 12 13 14 11
176 171 5 1 0 2 4 5 6 7 3 9 10 8 12 13 14 11
176 171 5 1 2 3 4 5 6 7 13 9 10 8 12 14 0 11
176 172 4 1 2 3 4 5 6 7 13 9 10 8 12 14 11 0
179 174 5 1 2 3 4 5 6 7 13 9 10 0 12 14 11 8
176 171 5 1 2 3 4 5 6 7 13 9 10 8 0 12 14 11
177 172 5 1 2 3 4 5 6 7 13 9 10 0 8 12 14 11
177 174 3 1 2 3 4 5 6 7 13 9 10 11 8 12 14 0
182 177 5 1 2 3 4 5 6 7 13 0 10 11 8 12 14 9
183 178 5 1 2 3 4 5 6 7 0 13 10 11 8 12 14 9
184 179 5 1 2 3 4 5 6 7 12 13 10 11 8 0 14 9
185 180 5 1 2 3 4 5 6 7 12 13 10 11 0 8 14 9
182 177 5 0 2 3 4 5 6 7 13 9 10 11 8 12 14 1
181 176 5 1 2 3 4 0 6 7 13 9 10 11 8 12 14 5
180 175 5 1 2 3 4 5 6 7 13 9 10 11 8 12 0 14
181 176 5 1 2 3 4 5 6 7 13 9 10 11 8 0 12 14
181 177 4 1 2 3 4 5 6 7 0 9 10 11 8 13 12 14
183 178 5 1 2 3 4 5 6 7 9 0 10 11 8 13 12 14
184 179 5 1 2 3 4 5 6 7 9 12 10 11 8 13 0 14
183 180 3 1 2 3 4 5 6 7 9 12 10 11 8 13 14 0
187 183 4 1 2 3 4 5 6 7 9 0 10 11 8 13 14 12
187 184 3 1 2 3 4 5 6 7 0 9 10 11 8 13 14 12
189 185 4 1 2 3 4 5 6 0 7 9 10 11 8 13 14 12
190 186 4 1 2 3 4 5 6 8 7 9 10 11 0 13 14 12
189 185 4 1 2 3 4 5 6 7 13 9 10 11 8 0 14 12
190 186 4 1 2 3 4 5 6 7 13 9 10 11 0 8 14 12
189 185 4 1 2 0 4 5 6 7 3 9 10 11 8 13 14 12
191 186 5 1 2 4 0 5 6 7 3 9 10 11 8 13 14 12
191 186 5 1 0 2 4 5 6 7 3 9 10 11 8 13 14 12
192 187 5 1 2 3 4 5 6 7 13 9 10 0 11 8 14 12
193 189 4 1 2 3 4 5 6 7 13 9 10 12 11 8 14 0
192 187 5 1 2 3 4 5 6 0 13 9 10 11 7 8 14 12
193 188 5 1 2 3 4 5 6 13 0 9 10 11 7 8 14 12
193 189 4 1 2 3 4 5 6 13 8 9 10 11 7 0 14 12
194 190 4 1 2 3 4 5 6 13 8 9 10 11 0 7 14 12
195 191 4 1 2 3 4 5 6 0 8 9 10 11 13 7 14 12
197 192 5 1 2 3 4 5 6 8 0 9 10 11 13 7 14 12
197 192 5 1 2 3 4 5 0 6 8 9 10 11 13 7 14 12
197 192 5 1 0 3 4 5 6 2 8 9 10 11 13 7 14 12
196 191 5 1 2 3 4 5 6 13 8 9 10 0 11 7 14 12
197 193 4 1 2 3 4 5 6 13 8 9 10 12 11 7 14 0
199 194 5 1 2 3 4 5 6 0 8 9 10 13 11 7 14 12
200 195 5 1 2 3 4 5 6 11 8 9 10 13 0 7 14 12
201 196 5 1 2 3 4 5 6 11 8 9 10 13 7 0 14 12
201 196 5 1 2 3 4 5 6 11 8 9 10 0 13 7 14 12
202 198 4 1 2 3 4 5 6 11 8 9 10 12 13 7 14 0
195 190 5 1 2 3 4 5 6 13 8 9 10 11 7 14 0 12
195 191 4 1 2 3 4 5 6 13 8 9 10 11 7 14 12 0
191 186 5 1 2 3 4 5 6 7 13 9 10 11 8 14 0 12
191 187 4 1 2 3 4 5 6 7 13 9 10 11 8 14 12 0
187 182 5 1 2 3 4 0 6 7 9 12 10 11 8 13 14 5
190 185 5 1 2 3 4 12 6 7 9 0 10 11 8 13 14 5
190 186 4 1 2 3 4 12 6 7 0 9 10 11 8 13 14 5
192 187 5 1 2 3 4 12 6 0 7 9 10 11 8 13 14 5
193 188 5 1 2 3 4 12 6 8 7 9 10 11 0 13 14 5
192 187 5 1 2 3 4 12 6 7 13 9 10 11 8 0 14 5
193 188 5 1 2 3 4 12 6 7 13 9 10 11 0 8 14 5
192 187 5 1 2 0 4 12 6 7 3 9 10 11 8 13 14 5
183 178 5 1 2 0 4 5 6 7 3 9 10 11 8 13 12 14
174 169 5 1 2 3 4 5 6 7 9 10 0 8 12 13 14 11
174 170 4 1 2 3 4 5 6 7 9 10 11 8 12 13 14 0
178 173 5 1 2 3 4 5 6 7 9 0 11 8 12 13 14 10
178 174 4 1 2 3 4 5 6 7 0 9 11 8 12 13 14 10
180 175 5 1 2 3 4 5 6 0 7 9 11 8 12 13 14 10
180 175 5 1 2 3 4 5 6 7 13 9 11 8 12 0 14 10
180 175 5 1 2 0 4 5 6 7 3 9 11 8 12 13 14 10
179 174 5 1 2 3 4 5 6 7 9 11 0 8 12 13 14 10
178 175 3 1 2 3 4 5 6 7 9 11 10 8 12 13 14 0
181 177 4 1 2 3 4 5 6 7 9 11 10 0 12 13 14 8
185 180 5 1 2 3 4 5 6 0 9 11 10 7 12 13 14 8
186 181 5 1 2 3 4 5 6 9 0 11 10 7 12 13 14 8
187 182 5 1 2 3 4 5 6 9 11 0 10 7 12 13 14 8
185 180 5 1 2 3 4 0 6 7 9 11 10 5 12 13 14 8
186 182 4 1 2 3 4 8 6 7 9 11 10 5 12 13 14 0
190 185 5 1 2 3 4 8 6 7 9 0 10 5 12 13 14 11
190 186 4 1 2 3 4 8 6 7 0 9 10 5 12 13 14 11
192 187 5 1 2 3 4 8 6 0 7 9 10 5 12 13 14 11
192 187 5 1 2 3 4 8 6 7 13 9 10 5 12 0 14 11
192 187 5 1 2 0 4 8 6 7 3 9 10 5 12 13 14 11
189 184 5 1 2 3 4 8 6 7 9 11 10 0 12 13 14 5
188 183 5 1 2 3 4 11 6 7 9 0 10 5 12 13 14 8
188 184 4 1 2 3 4 11 6 7 0 9 10 5 12 13 14 8
190 185 5 1 2 3 4 11 6 0 7 9 10 5 12 13 14 8
190 185 5 1 2 3 4 11 6 7 13 9 10 5 12 0 14 8
190 185 5 1 2 0 4 11 6 7 3 9 10 5 12 13 14 8
191 186 5 1 2 3 4 5 0 6 7 9 10 11 8 13 14 12
174 169 5 1 2 3 4 5 6 7 9 14 10 8 12 13 0 11
174 170 4 1 2 3 4 5 6 7 9 14 10 8 12 13 11 0
178 173 5 1 2 3 4 5 6 7 9 0 10 8 12 13 11 14
178 174 4 1 2 3 4 5 6 7 0 9 10 8 12 13 11 14
180 175 5 1 2 3 4 5 6 0 7 9 10 8 12 13 11 14
182 177 5 1 2 3 4 5 6 7 13 9 10 11 0 8 12 14
180 175 5 1 2 3 4 5 6 7 13 9 10 8 12 0 11 14
181 176 5 1 2 3 4 5 6 7 13 9 10 8 12 11 0 14
180 177 3 1 2 3 4 5 6 7 13 9 10 8 12 11 14 0
183 179 4 1 2 3 4 5 6 7 13 9 10 0 12 11 14 8
187 182 5 1 2 3 4 5 6 0 13 9 10 7 12 11 14 8
188 183 5 1 2 3 4 5 6 13 0 9 10 7 12 11 14 8
189 184 5 1 2 3 4 5 6 13 11 9 10 7 12 0 14 8
187 182 5 1 2 3 4 0 6 7 13 9 10 5 12 11 14 8
188 184 4 1 2 3 4 8 6 7 13 9 10 5 12 11 14 0
191 186 5 1 2 3 4 8 6 7 13 9 10 0 12 11 14 5
186 181 5 0 2 3 4 5 6 7 13 9 10 1 12 11 14 8
188 184 4 8 2 3 4 5 6 7 13 9 10 1 12 11 14 0
191 186 5 8 2 3 4 5 6 7 13 9 10 0 12 11 14 1
185 180 5 1 2 3 4 5 6 7 13 9 10 12 0 11 14 8
186 181 5 1 2 3 4 5 6 7 13 9 10 12 11 0 14 8
186 182 4 1 2 3 4 5 6 7 0 9 10 12 11 13 14 8
188 183 5 1 2 3 4 5 6 7 9 0 10 12 11 13 14 8
188 183 5 1 2 3 4 5 6 0 7 9 10 12 11 13 14 8
189 184 5 1 2 3 4 5 6 11 7 9 10 12 0 13 14 8
189 185 4 1 2 3 4 5 6 11 7 9 10 0 12 13 14 8
190 187 3 1 2 3 4 5 6 11 7 9 10 8 12 13 14 0
195 190 5 1 2 3 4 5 6 11 7 0 10 8 12 13 14 9
196 191 5 1 2 3 4 5 6 11 0 7 10 8 12 13 14 9
197 192 5 1 2 3 4 5 6 0 11 7 10 8 12 13 14 9
195 190 5 0 2 3 4 5 6 11 7 9 10 8 12 13 14 1
198 193 5 11 2 3 4 5 6 0 7 9 10 8 12 13 14 1
198 194 4 11 2 3 4 5 6 7 0 9 10 8 12 13 14 1
200 195 5 11 2 3 4 5 6 7 9 0 10 8 12 13 14 1
200 195 5 11 2 3 4 5 6 7 13 9 10 8 12 0 14 1
200 195 5 11 2 0 4 5 6 7 3 9 10 8 12 13 14 1
184 179 5 1 2 3 4 0 6 7 13 9 10 8 12 11 14 5
180 175 5 1 2 0 4 5 6 7 3 9 10 8 12 13 11 14
179 174 5 1 2 3 4 5 6 7 9 11 10 8 12 13 0 14
177 172 5 1 2 3 4 5 6 7 9 14 10 0 12 13 11 8
187 182 5 1 2 3 4 5 6 7 9 12 10 0 8 13 14 11
188 183 5 1 2 3 4 5 6 7 9 12 10 8 0 13 14 11
183 178 5 1 2 3 4 5 6 7 13 9 0 8 12 11 14 10
168 163 5 0 2 3 4 8 6 7 9 5 10 11 12 13 14 1
170 165 5 8 2 3 4 0 6 7 9 5 10 11 12 13 14 1
172 168 4 8 2 3 4 5 6 7 9 0 10 11 12 13 14 1
172 169 3 8 2 3 4 5 6 7 0 9 10 11 12 13 14 1
174 170 4 8 2 3 4 5 6 0 7 9 10 11 12 13 14 1
174 170 4 8 2 3 4 5 6 7 13 9 10 11 12 0 14 1
174 170 4 8 2 0 4 5 6 7 3 9 10 11 12 13 14 1
171 167 4 8 2 3 4 1 6 7 9 5 10 11 12 13 14 0
175 170 5 8 2 3 4 1 6 7 9 0 10 11 12 13 14 5
175 171 4 8 2 3 4 1 6 7 0 9 10 11 12 13 14 5
177 172 5 8 2 3 4 1 6 0 7 9 10 11 12 13 14 5
177 172 5 8 2 3 4 1 6 7 13 9 10 11 12 0 14 5
177 172 5 8 2 0 4 1 6 7 3 9 10 11 12 13 14 5
174 169 5 8 2 3 4 5 6 7 9 10 0 11 12 13 14 1
174 170 4 8 2 3 4 5 6 7 9 10 1 11 12 13 14 0
178 173 5 8 2 3 4 5 6 7 9 0 1 11 12 13 14 10
178 174 4 8 2 3 4 5 6 7 0 9 1 11 12 13 14 10
180 175 5 8 2 3 4 5 6 0 7 9 1 11 12 13 14 10
180 175 5 8 2 3 4 5 6 7 13 9 1 11 12 0 14 10
180 175 5 8 2 0 4 5 6 7 3 9 1 11 12 13 14 10
176 171 5 8 2 3 4 5 6 7 13 9 10 11 12 14 0 1
176 172 4 8 2 3 4 5 6 7 13 9 10 11 12 14 1 0
180 175 5 0 2 3 4 5 6 7 13 9 10 11 12 14 1 8
179 174 5 8 2 3 4 5 6 7 9 1 0 11 12 13 14 10
178 175 3 8 2 3 4 5 6 7 9 1 10 11 12 13 14 0
182 178 4 0 2 3 4 5 6 7 9 1 10 11 12 13 14 8
186 181 5 7 2 3 4 5 6 0 9 1 10 11 12 13 14 8
187 182 5 7 2 3 4 5 6 9 0 1 10 11 12 13 14 8
188 183 5 7 2 3 4 5 6 9 1 0 10 11 12 13 14 8
185 180 5 11 2 3 4 5 6 7 9 1 10 0 12 13 14 8
186 182 4 11 2 3 4 5 6 7 9 1 10 8 12 13 14 0
190 185 5 0 2 3 4 5 6 7 9 1 10 8 12 13 14 11
185 180 5 5 2 3 4 0 6 7 9 1 10 11 12 13 14 8
186 182 4 5 2 3 4 8 6 7 9 1 10 11 12 13 14 0
190 185 5 0 2 3 4 8 6 7 9 1 10 11 12 13 14 5
184 179 5 2 0 3 4 5 6 7 9 1 10 11 12 13 14 8
184 179 5 6 2 3 4 5 0 7 9 1 10 11 12 13 14 8
189 184 5 1 2 3 0 5 6 7 9 4 10 11 8 13 14 12
192 187 5 1 2 3 4 5 6 8 7 9 10 0 11 13 14 12
193 189 4 1 2 3 4 5 6 8 7 9 10 12 11 13 14 0
195 190 5 1 2 3 4 5 6 0 7 9 10 8 11 13 14 12
195 191 4 1 2 3 4 5 6 7 0 9 10 8 11 13 14 12
197 192 5 1 2 3 4 5 6 7 9 0 10 8 11 13 14 12
197 192 5 1 2 3 4 5 6 7 13 9 10 8 11 0 14 12
198 193 5 1 2 3 4 5 6 7 13 9 10 8 0 11 14 12
199 194 5 1 2 3 4 5 6 7 13 9 10 0 8 11 14 12
200 196 4 1 2 3 4 5 6 7 13 9 10 12 8 11 14 0
197 192 5 1 2 0 4 5 6 7 3 9 10 8 11 13 14 12
196 191 5 1 2 3 4 5 6 11 7 9 10 8 0 13 14 12
197 192 5 1 2 3 4 5 6 11 7 9 10 0 8 13 14 12
198 194 4 1 2 3 4 5 6 11 7 9 10 12 8 13 14 0
184 179 5 0 2 3 4 5 6 7 9 11 10 1 12 13 14 8
186 182 4 8 2 3 4 5 6 7 9 11 10 1 12 13 14 0
190 185 5 8 2 3 4 5 6 7 9 0 10 1 12 13 14 11
190 186 4 8 2 3 4 5 6 7 0 9 10 1 12 13 14 11
192 187 5 8 2 3 4 5 6 0 7 9 10 1 12 13 14 11
192 187 5 8 2 3 4 5 6 7 13 9 10 1 12 0 14 11
192 187 5 8 2 0 4 5 6 7 3 9 10 1 12 13 14 11
189 184 5 8 2 3 4 5 6 7 9 11 10 0 12 13 14 1
193 188 5 1 2 3 4 5 6 11 7 9 0 8 12 13 14 10
177 172 5 1 2 3 4 5 6 7 9 10 11 0 12 13 14 8
191 186 5 1 0 3 4 5 6 2 7 9 10 11 8 13 14 12
178 173 5 0 2 3 4 5 6 7 9 10 1 11 12 13 14 8
176 171 5 8 2 4 0 5 6 7 3 9 10 11 12 13 14 1
183 178 5 1 2 3 4 5 6 0 7 9 10 11 8 13 12 14
184 179 5 1 2 3 4 5 6 8 7 9 10 11 0 13 12 14
192 187 5 1 2 3 4 5 6 8 7 9 10 11 13 0 14 12
180 175 5 1 2 3 4 5 6 7 13 9 0 11 8 12 14 10
189 184 5 1 2 3 4 5 6 7 9 10 0 11 8 13 14 12
189 185 4 1 2 3 4 5 6 7 9 10 12 11 8 13 14 0
193 188 5 1 2 3 4 5 6 7 9 0 12 11 8 13 14 10
193 189 4 1 2 3 4 5 6 7 0 9 12 11 8 13 14 10
195 190 5 1 2 3 4 5 6 0 7 9 12 11 8 13 14 10
196 191 5 1 2 3 4 5 6 8 7 9 12 11 0 13 14 10
195 190 5 1 2 3 4 5 6 7 13 9 12 11 8 0 14 10
196 191 5 1 2 3 4 5 6 7 13 9 12 11 0 8 14 10
195 190 5 1 2 0 4 5 6 7 3 9 12 11 8 13 14 10
193 188 5 1 2 3 4 5 6 11 7 9 10 8 12 13 0 14
191 186 5 1 2 3 4 5 0 11 7 9 10 6 12 13 14 8
192 187 5 1 2 3 4 5 11 0 7 9 10 6 12 13 14 8
192 188 4 1 2 3 4 5 11 7 0 9 10 6 12 13 14 8
194 189 5 1 2 3 4 5 11 7 9 0 10 6 12 13 14 8
194 189 5 1 2 3 4 5 11 7 13 9 10 6 12 0 14 8
194 189 5 1 2 0 4 5 11 7 3 9 10 6 12 13 14 8
176 171 5 8 0 3 4 5 6 2 7 9 10 11 12 13 14 1
177 172 5 0 8 3 4 5 6 2 7 9 10 11 12 13 14 1
178 175 3 1 8 3 4 5 6 2 7 9 10 11 12 13 14 0
183 178 5 1 8 3 4 5 6 2 7 0 10 11 12 13 14 9
184 179 5 1 8 3 4 5 6 2 0 7 10 11 12 13 14 9
185 180 5 1 8 3 4 5 6 0 2 7 10 11 12 13 14 9
186 181 5 1 0 3 4 5 6 8 2 7 10 11 12 13 14 9
182 177 5 1 8 3 4 0 6 2 7 9 10 11 12 13 14 5
182 177 5 1 8 3 4 5 6 2 7 9 10 0 12 13 14 11
185 180 5 1 8 3 4 5 6 0 7 9 10 2 12 13 14 11
185 181 4 1 8 3 4 5 6 7 0 9 10 2 12 13 14 11
187 182 5 1 8 3 4 5 6 7 9 0 10 2 12 13 14 11
187 182 5 1 8 3 4 5 6 7 13 9 10 2 12 0 14 11
182 177 5 8 2 3 4 0 6 7 9 1 10 11 12 13 14 5
185 180 5 0 2 3 4 5 6 7 13 9 10 8 12 11 14 1
193 188 5 1 2 3 4 0 6 11 7 9 10 5 12 13 14 8
194 190 4 1 2 3 4 8 6 11 7 9 10 5 12 13 14 0
197 192 5 1 2 3 4 8 6 11 7 9 10 0 12 13 14 5
176 171 5 8 2 3 4 5 6 7 13 9 10 11 0 12 14 1
183 178 5 0 2 3 4 5 6 7 9 11 10 8 12 13 14 1
182 177 5 8 2 3 4 5 6 7 9 1 10 0 12 13 14 11
188 183 5 1 2 0 4 5 6 7 3 9 10 12 11 13 14 8
188 183 5 0 2 3 4 5 6 7 9 12 10 11 8 13 14 1
189 184 5 1 2 3 4 5 6 7 9 14 10 11 8 13 0 12
189 185 4 1 2 3 4 5 6 7 9 14 10 11 8 13 12 0
176 171 5 8 2 3 4 5 6 12 7 9 10 11 0 13 14 1
185 180 5 1 2 3 4 5 6 7 13 0 10 8 12 11 14 9
186 181 5 1 2 3 4 5 6 7 0 13 10 8 12 11 14 9
187 182 5 1 2 3 4 5 6 7 11 13 10 8 12 0 14 9
176 171 5 8 2 3 4 5 0 6 7 9 10 11 12 13 14 1
176 171 5 1 2 3 4 5 6 12 7 9 10 8 0 13 14 11
177 172 5 1 2 3 4 5 6 12 7 9 10 0 8 13 14 11
177 174 3 1 2 3 4 5 6 12 7 9 10 11 8 13 14 0
182 177 5 1 2 3 4 5 6 12 7 0 10 11 8 13 14 9
183 178 5 1 2 3 4 5 6 12 0 7 10 11 8 13 14 9
184 179 5 1 2 3 4 5 6 0 12 7 10 11 8 13 14 9
185 180 5 1 2 3 4 5 6 8 12 7 10 11 0 13 14 9
182 177 5 0 2 3 4 5 6 12 7 9 10 11 8 13 14 1
185 180 5 12 2 3 4 5 6 0 7 9 10 11 8 13 14 1
185 181 4 12 2 3 4 5 6 7 0 9 10 11 8 13 14 1
187 182 5 12 2 3 4 5 6 7 9 0 10 11 8 13 14 1
187 182 5 12 2 3 4 5 6 7 13 9 10 11 8 0 14 1
188 183 5 12 2 3 4 5 6 7 13 9 10 11 0 8 14 1
187 182 5 12 2 0 4 5 6 7 3 9 10 11 8 13 14 1
186 181 5 12 2 3 4 5 6 8 7 9 10 11 0 13 14 1
194 189 5 1 2 3 4 0 6 11 7 9 10 8 12 13 14 5
176 171 5 1 2 3 4 5 0 6 7 9 10 8 12 13 14 11
177 172 5 1 2 3 4 5 8 6 7 9 10 0 12 13 14 11
177 174 3 1 2 3 4 5 8 6 7 9 10 11 12 13 14 0
182 177 5 1 2 3 4 5 8 6 7 0 10 11 12 13 14 9
183 178 5 1 2 3 4 5 8 6 0 7 10 11 12 13 14 9
184 179 5 1 2 3 4 5 8 0 6 7 10 11 12 13 14 9
185 180 5 1 2 3 4 5 0 8 6 7 10 11 12 13 14 9
182 177 5 0 2 3 4 5 8 6 7 9 10 11 12 13 14 1
185 180 5 6 2 3 4 5 8 0 7 9 10 11 12 13 14 1
185 181 4 6 2 3 4 5 8 7 0 9 10 11 12 13 14 1
187 182 5 6 2 3 4 5 8 7 9 0 10 11 12 13 14 1
187 182 5 6 2 3 4 5 8 7 13 9 10 11 12 0 14 1
187 182 5 6 2 0 4 5 8 7 3 9 10 11 12 13 14 1
180 175 5 1 2 3 4 5 8 0 7 9 10 6 12 13 14 11
180 176 4 1 2 3 4 5 8 7 0 9 10 6 12 13 14 11
182 177 5 1 2 3 4 5 8 7 9 0 10 6 12 13 14 11
182 177 5 1 2 3 4 5 8 7 13 9 10 6 12 0 14 11
182 177 5 1 2 0 4 5 8 7 3 9 10 6 12 13 14 11
181 176 5 1 2 3 4 5 0 8 7 9 10 6 12 13 14 11
181 177 4 1 2 3 4 5 6 8 7 9 10 0 12 13 14 11
181 179 2 1 2 3 4 5 6 8 7 9 10 11 12 13 14 0
186 182 4 1 2 3 4 5 6 8 7 0 10 11 12 13 14 9
187 183 4 1 2 3 4 5 6 8 0 7 10 11 12 13 14 9
187 184 3 1 2 3 4 5 6 0 8 7 10 11 12 13 14 9
189 185 4 1 2 3 4 5 0 6 8 7 10 11 12 13 14 9
189 185 4 1 2 3 4 5 6 12 8 7 10 11 0 13 14 9
189 185 4 1 0 3 4 5 6 2 8 7 10 11 12 13 14 9
186 182 4 0 2 3 4 5 6 8 7 9 10 11 12 13 14 1
185 181 4 1 2 3 4 0 6 8 7 9 10 11 12 13 14 5
184 180 4 1 2 3 4 5 6 8 7 9 10 11 12 13 0 14
184 180 4 1 2 3 4 5 6 8 7 9 0 11 12 13 14 10
186 181 5 1 2 3 4 5 6 8 7 0 9 11 12 13 14 10
187 182 5 1 2 3 4 5 6 8 0 7 9 11 12 13 14 10
187 183 4 1 2 3 4 5 6 0 8 7 9 11 12 13 14 10
189 184 5 1 2 3 4 5 0 6 8 7 9 11 12 13 14 10
189 184 5 1 2 3 4 5 6 12 8 7 9 11 0 13 14 10
189 184 5 1 0 3 4 5 6 2 8 7 9 11 12 13 14 10
186 181 5 1 2 3 4 0 6 8 7 9 5 11 12 13 14 10
187 183 4 1 2 3 4 10 6 8 7 9 5 11 12 13 14 0
186 181 5 1 0 3 4 5 6 8 7 9 10 2 12 13 14 11
176 171 5 8 0 2 4 5 6 7 3 9 10 11 12 13 14 1
177 172 5 0 8 2 4 5 6 7 3 9 10 11 12 13 14 1
178 175 3 1 8 2 4 5 6 7 3 9 10 11 12 13 14 0
183 178 5 1 8 2 4 5 6 7 3 0 10 11 12 13 14 9
184 179 5 1 8 2 4 5 6 7 0 3 10 11 12 13 14 9
185 180 5 1 8 0 4 5 6 7 2 3 10 11 12 13 14 9
186 181 5 1 0 8 4 5 6 7 2 3 10 11 12 13 14 9
186 181 5 1 2 3 4 5 6 7 9 12 0 11 8 13 14 10
182 177 5 1 8 2 4 0 6 7 3 9 10 11 12 13 14 5
182 177 5 1 8 2 4 5 6 7 3 9 10 0 12 13 14 11
183 178 5 1 2 3 4 5 0 7 9 11 10 6 12 13 14 8
181 176 5 1 2 3 4 0 6 12 7 9 10 11 8 13 14 5
180 175 5 1 2 3 4 5 6 12 7 9 10 11 8 13 0 14
181 176 5 1 8 3 4 5 6 2 7 9 10 11 12 13 0 14
180 175 5 1 2 3 4 5 8 6 7 9 10 11 12 13 0 14
180 175 5 1 2 3 4 5 6 12 7 9 0 11 8 13 14 10
187 182 5 1 8 0 4 5 6 7 3 9 10 2 12 13 14 11
188 183 5 1 0 8 4 5 6 7 3 9 10 2 12 13 14 11
191 186 5 0 1 3 4 5 6 2 8 7 10 11 12 13 14 9
193 189 4 9 1 3 4 5 6 2 8 7 10 11 12 13 14 0
197 192 5 9 1 3 4 5 6 2 8 0 10 11 12 13 14 7
194 189 5 2 1 3 4 5 6 0 8 7 10 11 12 13 14 9
195 190 5 2 0 3 4 5 6 1 8 7 10 11 12 13 14 9
195 191 4 0 2 3 4 5 6 1 8 7 10 11 12 13 14 9
197 194 3 9 2 3 4 5 6 1 8 7 10 11 12 13 14 0
201 197 4 9 2 3 4 5 6 1 8 0 10 11 12 13 14 7
203 198 5 9 2 3 4 5 6 1 8 10 0 11 12 13 14 7
203 199 4 9 2 3 4 5 6 1 8 10 7 11 12 13 14 0
207 202 5 9 2 3 4 5 6 1 8 0 7 11 12 13 14 10
207 202 5 0 2 3 4 5 6 1 8 10 7 11 12 13 14 9
209 205 4 1 2 3 4 5 6 0 8 10 7 11 12 13 14 9
211 206 5 1 2 3 4 5 6 8 0 10 7 11 12 13 14 9
212 207 5 1 2 3 4 5 6 8 10 0 7 11 12 13 14 9
213 208 5 1 2 3 4 5 6 8 10 7 0 11 12 13 14 9
213 209 4 1 2 3 4 5 6 8 10 7 9 11 12 13 14 0
217 212 5 1 2 3 4 5 6 8 10 0 9 11 12 13 14 7
217 213 4 1 2 3 4 5 6 8 10 9 0 11 12 13 14 7
217 214 3 1 2 3 4 5 6 8 10 9 7 11 12 13 14 0
222 217 5 0 2 3 4 5 6 8 10 9 7 11 12 13 14 1
225 220 5 8 2 3 4 5 6 0 10 9 7 11 12 13 14 1
226 221 5 8 2 3 4 5 6 10 0 9 7 11 12 13 14 1
211 206 5 1 0 3 4 5 6 2 8 10 7 11 12 13 14 9
221 216 5 1 2 3 4 0 6 8 10 9 7 11 12 13 14 5
222 217 5 1 2 3 4 7 6 8 10 9 0 11 12 13 14 5
222 218 4 1 2 3 4 7 6 8 10 9 5 11 12 13 14 0
219 214 5 1 2 3 4 0 6 8 10 9 5 11 12 13 14 7
189 184 5 1 2 3 4 9 6 8 7 0 10 11 12 13 14 5
190 185 5 1 2 3 4 9 6 8 0 7 10 11 12 13 14 5
190 186 4 1 2 3 4 9 6 0 8 7 10 11 12 13 14 5
192 187 5 1 2 3 4 9 0 6 8 7 10 11 12 13 14 5
221 216 5 1 2 3 4 5 6 8 10 9 7 0 12 13 14 11
224 219 5 1 2 3 4 5 6 0 10 9 7 8 12 13 14 11
225 220 5 1 2 3 4 5 6 10 0 9 7 8 12 13 14 11
192 187 5 1 2 3 4 9 6 12 8 7 10 11 0 13 14 5
192 187 5 1 0 3 4 9 6 2 8 7 10 11 12 13 14 5
180 175 5 1 2 3 4 5 8 6 7 9 0 11 12 13 14 10
181 176 5 1 8 2 4 5 6 7 3 9 0 11 12 13 14 10
180 175 5 1 2 3 4 5 6 0 7 9 10 12 8 13 14 11
180 176 4 1 2 3 4 5 6 7 0 9 10 12 8 13 14 11
182 177 5 1 2 3 4 5 6 7 9 0 10 12 8 13 14 11
182 177 5 1 2 3 4 5 6 7 13 9 10 12 8 0 14 11
182 177 5 1 2 0 4 5 6 7 3 9 10 12 8 13 14 11
198 193 5 11 2 3 4 5 6 1 8 7 10 0 12 13 14 9
199 195 4 11 2 3 4 5 6 1 8 7 10 9 12 13 14 0
203 198 5 11 2 3 4 5 6 1 8 0 10 9 12 13 14 7
203 198 5 0 2 3 4 5 6 1 8 7 10 9 12 13 14 11
205 201 4 1 2 3 4 5 6 0 8 7 10 9 12 13 14 11
207 202 5 1 2 3 4 5 6 8 0 7 10 9 12 13 14 11
208 203 5 1 2 3 4 5 6 8 7 0 10 9 12 13 14 11
207 202 5 1 2 3 4 5 0 6 8 7 10 9 12 13 14 11
208 203 5 1 2 3 4 5 9 6 8 7 10 0 12 13 14 11
208 205 3 1 2 3 4 5 9 6 8 7 10 11 12 13 14 0
212 208 4 1 2 3 4 5 9 6 8 0 10 11 12 13 14 7
214 209 5 1 2 3 4 5 9 6 8 10 0 11 12 13 14 7
214 210 4 1 2 3 4 5 9 6 8 10 7 11 12 13 14 0
218 213 5 1 2 3 4 5 9 6 8 0 7 11 12 13 14 10
189 184 5 1 2 0 4 5 6 8 3 7 10 11 12 13 14 9
214 209 5 1 2 3 4 5 9 6 0 8 10 11 12 13 14 7
215 210 5 1 2 3 4 5 9 0 6 8 10 11 12 13 14 7
216 211 5 1 2 3 4 5 0 9 6 8 10 11 12 13 14 7
188 183 5 0 2 3 4 1 6 8 7 9 10 11 12 13 14 5
190 186 4 5 2 3 4 1 6 8 7 9 10 11 12 13 14 0
201 196 5 9 2 3 4 5 6 1 8 7 10 0 12 13 14 11
204 199 5 9 2 3 4 5 6 0 8 7 10 1 12 13 14 11
181 176 5 8 2 3 4 5 6 7 9 1 10 11 12 13 0 14
182 177 5 8 2 3 4 5 6 7 9 0 10 11 12 13 1 14
182 178 4 8 2 3 4 5 6 7 0 9 10 11 12 13 1 14
184 179 5 8 2 3 4 5 6 0 7 9 10 11 12 13 1 14
184 179 5 8 2 3 4 5 6 7 13 9 10 11 12 0 1 14
185 180 5 8 2 3 4 5 6 7 13 9 10 11 12 1 0 14
184 181 3 8 2 3 4 5 6 7 13 9 10 11 12 1 14 0
188 184 4 0 2 3 4 5 6 7 13 9 10 11 12 1 14 8
192 187 5 7 2 3 4 5 6 0 13 9 10 11 12 1 14 8
193 188 5 7 2 3 4 5 6 13 0 9 10 11 12 1 14 8
194 189 5 7 2 3 4 5 6 13 1 9 10 11 12 0 14 8
191 186 5 11 2 3 4 5 6 7 13 9 10 0 12 1 14 8
192 188 4 11 2 3 4 5 6 7 13 9 10 8 12 1 14 0
196 191 5 0 2 3 4 5 6 7 13 9 10 8 12 1 14 11
191 186 5 5 2 3 4 0 6 7 13 9 10 11 12 1 14 8
192 188 4 5 2 3 4 8 6 7 13 9 10 11 12 1 14 0
196 191 5 0 2 3 4 8 6 7 13 9 10 11 12 1 14 5
187 182 5 1 2 3 4 10 6 8 7 9 0 11 12 13 14 5
189 184 5 11 2 3 4 5 6 8 7 9 10 0 12 13 14 1
190 186 4 11 2 3 4 5 6 8 7 9 10 1 12 13 14 0
185 180 5 1 2 3 4 5 0 7 13 9 10 6 12 11 14 8
220 215 5 1 2 3 4 5 6 8 10 9 7 11 12 13 0 14
182 177 5 1 2 3 4 0 6 7 9 11 10 8 12 13 14 5
189 184 5 5 2 3 4 0 6 8 7 9 10 11 12 13 14 1
192 187 5 0 2 3 4 5 6 11 7 9 10 1 12 13 14 8
194 190 4 8 2 3 4 5 6 11 7 9 10 1 12 13 14 0
195 190 5 11 2 3 4 5 6 0 7 9 10 1 12 13 14 8
195 191 4 11 2 3 4 5 6 7 0 9 10 1 12 13 14 8
197 192 5 11 2 3 4 5 6 7 9 0 10 1 12 13 14 8
197 192 5 11 2 3 4 5 6 7 13 9 10 1 12 0 14 8
197 192 5 11 2 0 4 5 6 7 3 9 10 1 12 13 14 8
181 176 5 1 8 2 4 5 6 7 3 9 10 11 12 13 0 14
188 183 5 1 2 3 4 5 6 8 7 14 10 11 12 13 0 9
188 184 4 1 2 3 4 5 6 8 7 14 10 11 12 13 9 0
184 179 5 0 2 3 4 5 6 8 7 9 10 1 12 13 14 11
174 169 5 8 2 3 4 5 6 7 9 14 10 11 12 13 0 1
174 170 4 8 2 3 4 5 6 7 9 14 10 11 12 13 1 0
178 173 5 0 2 3 4 5 6 7 9 14 10 11 12 13 1 8
190 185 5 2 0 3 4 5 6 7 13 9 10 11 12 1 14 8
211 206 5 1 2 3 4 5 9 6 8 7 10 11 12 13 0 14
212 207 5 1 2 3 4 5 9 6 8 0 10 11 12 13 7 14
191 186 5 1 2 3 4 5 6 12 8 7 10 11 13 0 14 9
201 196 5 11 2 3 4 5 6 0 8 7 10 1 12 13 14 9
188 183 5 1 2 3 4 5 6 8 7 10 0 11 12 13 14 9
188 184 4 1 2 3 4 5 6 8 7 10 9 11 12 13 14 0
211 206 5 1 2 3 4 5 9 0 8 7 10 6 12 13 14 11
212 207 5 1 2 3 4 5 0 9 8 7 10 6 12 13 14 11
212 208 4 1 2 3 4 5 6 9 8 7 10 0 12 13 14 11
212 210 2 1 2 3 4 5 6 9 8 7 10 11 12 13 14 0
216 213 3 1 2 3 4 5 6 9 8 0 10 11 12 13 14 7
218 214 4 1 2 3 4 5 6 9 8 10 0 11 12 13 14 7
218 215 3 1 2 3 4 5 6 9 8 10 7 11 12 13 14 0
222 218 4 1 2 3 4 5 6 9 8 0 7 11 12 13 14 10
218 214 4 1 2 3 4 5 6 9 0 8 10 11 12 13 14 7
219 215 4 1 2 3 4 5 6 0 9 8 10 11 12 13 14 7
218 214 4 1 2 3 4 5 6 9 8 14 10 11 12 13 0 7
218 215 3 1 2 3 4 5 6 9 8 14 10 11 12 13 7 0
222 218 4 1 2 3 4 5 6 9 8 0 10 11 12 13 7 14
218 214 4 1 2 3 0 5 6 9 8 4 10 11 12 13 14 7
217 213 4 0 2 3 4 5 6 9 8 7 10 11 12 13 14 1
220 216 4 9 2 3 4 5 6 0 8 7 10 11 12 13 14 1
216 212 4 1 2 3 4 0 6 9 8 7 10 11 12 13 14 5
219 215 4 1 2 3 4 7 6 9 8 0 10 11 12 13 14 5
215 211 4 1 2 3 4 5 6 9 8 7 10 11 12 13 0 14
215 211 4 1 2 3 4 5 6 9 8 7 0 11 12 13 14 10
217 212 5 1 2 3 4 0 6 9 8 7 5 11 12 13 14 10
218 214 4 1 2 3 4 10 6 9 8 7 5 11 12 13 14 0
222 217 5 1 2 3 4 10 6 9 8 0 5 11 12 13 14 7
223 218 5 1 2 3 4 10 6 9 8 5 0 11 12 13 14 7
223 219 4 1 2 3 4 10 6 9 8 5 7 11 12 13 14 0
223 219 4 1 2 3 4 0 6 9 8 5 10 11 12 13 14 7
224 221 3 1 2 3 4 7 6 9 8 5 10 11 12 13 14 0
229 224 5 0 2 3 4 7 6 9 8 5 10 11 12 13 14 1
232 227 5 9 2 3 4 7 6 0 8 5 10 11 12 13 14 1
188 183 5 2 0 3 4 5 6 8 7 9 10 11 12 13 14 1
189 184 5 8 2 3 4 5 6 7 13 0 10 11 12 1 14 9
190 185 5 8 2 3 4 5 6 7 0 13 10 11 12 1 14 9
191 186 5 8 2 3 4 5 6 7 1 13 10 11 12 0 14 9
211 206 5 1 2 3 4 5 0 6 8 10 7 11 12 13 14 9
181 176 5 1 8 3 4 5 6 2 7 9 0 11 12 13 14 10
184 179 5 8 2 0 4 5 6 7 3 9 10 11 12 13 1 14
203 198 5 9 2 3 4 5 6 1 0 8 10 11 12 13 14 7
204 199 5 9 2 3 4 5 6 0 1 8 10 11 12 13 14 7
187 182 5 1 2 3 0 4 6 8 7 9 10 11 12 13 14 5
211 206 5 1 2 3 4 5 6 12 8 10 7 11 0 13 14 9
188 183 5 8 2 3 4 0 6 7 13 9 10 11 12 1 14 5
188 183 5 8 2 3 4 5 6 7 13 9 10 0 12 1 14 11
183 178 5 1 2 3 4 5 6 7 9 11 10 12 0 13 14 8
221 216 5 1 2 3 4 7 6 9 8 10 0 11 12 13 14 5
221 217 4 1 2 3 4 7 6 9 8 10 5 11 12 13 14 0
174 169 5 8 2 3 0 5 6 7 9 4 10 11 12 13 14 1
180 175 5 2 8 3 4 5 6 0 7 9 10 11 12 13 14 1
180 176 4 2 8 3 4 5 6 7 0 9 10 11 12 13 14 1
182 177 5 2 8 3 4 5 6 7 9 0 10 11 12 13 14 1
181 176 5 1 2 3 4 0 8 6 7 9 10 11 12 13 14 5
189 184 5 1 2 3 4 11 6 8 7 9 10 0 12 13 14 5
190 186 4 1 2 3 4 11 6 8 7 9 10 5 12 13 14 0
186 181 5 1 2 3 4 5 6 8 7 0 10 11 12 13 9 14
187 182 5 1 2 3 4 5 6 8 0 7 10 11 12 13 9 14
187 183 4 1 2 3 4 5 6 0 8 7 10 11 12 13 9 14
189 184 5 1 2 3 4 5 0 6 8 7 10 11 12 13 9 14
207 202 5 1 0 3 4 5 6 2 8 7 10 9 12 13 14 11
181 176 5 1 2 3 4 5 6 8 7 9 10 12 0 13 14 11
223 218 5 0 2 3 4 5 6 9 8 10 7 11 12 13 14 1
226 221 5 9 2 3 4 5 6 0 8 10 7 11 12 13 14 1
215 210 5 0 2 3 4 5 6 9 8 7 10 1 12 13 14 11
217 213 4 11 2 3 4 5 6 9 8 7 10 1 12 13 14 0
221 216 5 11 2 3 4 5 6 9 8 0 10 1 12 13 14 7
214 209 5 1 2 3 4 5 6 9 8 7 10 12 0 13 14 11
215 210 5 1 2 3 4 5 6 0 8 7 10 12 9 13 14 11
224 219 5 1 2 3 4 5 6 9 0 8 7 11 12 13 14 10
225 220 5 1 2 3 4 5 6 0 9 8 7 11 12 13 14 10
216 211 5 1 2 3 4 0 6 9 8 7 10 5 12 13 14 11
217 213 4 1 2 3 4 11 6 9 8 7 10 5 12 13 14 0
221 216 5 1 2 3 4 11 6 9 8 0 10 5 12 13 14 7
220 215 5 1 2 3 4 0 6 9 8 10 5 11 12 13 14 7
224 219 5 1 2 3 4 5 6 9 8 14 7 11 12 13 0 10
224 220 4 1 2 3 4 5 6 9 8 14 7 11 12 13 10 0
228 223 5 1 2 3 4 5 6 9 8 0 7 11 12 13 10 14
229 224 5 1 2 3 4 5 6 9 8 7 0 11 12 13 10 14
229 225 4 1 2 3 4 5 6 9 8 7 14 11 12 13 10 0
233 228 5 1 2 3 4 5 6 9 8 0 14 11 12 13 10 7
234 229 5 1 2 3 4 5 6 9 8 10 14 11 12 13 0 7
234 230 4 1 2 3 4 5 6 9 8 10 14 11 12 13 7 0
238 233 5 1 2 3 4 5 6 9 8 0 14 11 12 13 7 10
221 216 5 1 0 3 4 5 6 2 9 8 10 11 12 13 14 7
220 215 5 1 2 3 4 5 6 9 13 8 10 11 12 0 14 7
191 186 5 1 2 3 4 5 6 12 8 7 10 0 11 13 14 9
192 188 4 1 2 3 4 5 6 12 8 7 10 9 11 13 14 0
196 191 5 1 2 3 4 5 6 12 8 0 10 9 11 13 14 7
220 215 5 1 2 3 4 5 6 9 8 14 10 11 12 0 13 7
220 215 5 1 2 0 4 5 6 9 3 8 10 11 12 13 14 7
219 214 5 6 2 3 4 5 0 9 8 7 10 11 12 13 14 1
220 215 5 6 2 3 4 5 9 0 8 7 10 11 12 13 14 1
222 217 5 1 2 3 4 5 6 9 8 14 10 0 12 13 7 11
225 220 5 1 2 3 4 5 6 0 8 14 10 9 12 13 7 11
222 217 5 1 2 3 4 0 6 9 8 14 10 11 12 13 7 5
225 220 5 1 2 3 4 14 6 9 8 0 10 11 12 13 7 5
226 221 5 1 2 3 4 14 6 9 8 7 10 11 12 13 0 5
226 222 4 1 2 3 4 14 6 9 8 7 10 11 12 13 5 0
230 225 5 1 2 3 4 14 6 9 8 0 10 11 12 13 5 7
231 226 5 1 2 3 4 14 6 9 8 5 10 11 12 13 0 7
231 227 4 1 2 3 4 14 6 9 8 5 10 11 12 13 7 0
234 229 5 1 2 3 4 0 6 9 8 5 10 11 12 13 7 14
197 192 5 8 2 3 4 5 6 11 7 9 10 0 12 13 14 1
220 215 5 11 2 3 4 5 6 9 8 7 10 0 12 13 14 1
223 218 5 11 2 3 4 5 6 0 8 7 10 9 12 13 14 1
222 217 5 9 2 3 4 5 6 8 0 7 10 11 12 13 14 1
223 218 5 9 2 3 4 5 6 8 7 0 10 11 12 13 14 1
190 185 5 6 2 3 4 5 0 7 13 9 10 11 12 1 14 8
222 217 5 9 2 3 4 5 6 12 8 7 10 11 0 13 14 1
222 217 5 9 2 3 4 5 0 6 8 7 10 11 12 13 14 1
221 216 5 1 2 3 4 7 6 9 8 14 10 11 12 13 0 5
221 217 4 1 2 3 4 7 6 9 8 14 10 11 12 13 5 0
225 220 5 1 2 3 4 7 6 9 8 0 10 11 12 13 5 14
203 198 5 9 2 3 0 5 6 1 8 4 10 11 12 13 14 7
221 216 5 1 2 3 0 7 6 9 8 4 10 11 12 13 14 5
222 217 5 1 2 3 7 0 6 9 8 4 10 11 12 13 14 5
222 219 3 1 2 3 7 5 6 9 8 4 10 11 12 13 14 0
226 222 4 1 2 3 7 5 6 9 8 0 10 11 12 13 14 4
227 223 4 1 2 3 0 5 6 9 8 7 10 11 12 13 14 4
229 224 5 1 2 3 5 0 6 9 8 7 10 11 12 13 14 4
230 226 4 1 2 3 5 4 6 9 8 7 10 11 12 13 14 0
234 229 5 1 2 3 5 4 6 9 8 0 10 11 12 13 14 7
232 227 5 1 2 3 5 7 6 9 8 0 10 11 12 13 14 4
233 228 5 1 2 3 0 7 6 9 8 5 10 11 12 13 14 4
234 229 5 1 2 3 7 0 6 9 8 5 10 11 12 13 14 4
235 231 4 1 2 3 7 4 6 9 8 5 10 11 12 13 14 0
229 224 5 1 2 0 3 5 6 9 8 7 10 11 12 13 14 4
219 214 5 0 2 3 4 1 6 9 8 7 10 11 12 13 14 5
221 217 4 5 2 3 4 1 6 9 8 7 10 11 12 13 14 0
225 220 5 5 2 3 4 1 6 9 8 0 10 11 12 13 14 7
222 217 5 9 2 3 4 1 6 0 8 7 10 11 12 13 14 5
220 215 5 1 2 3 4 7 6 9 8 0 5 11 12 13 14 10
226 221 5 1 2 3 4 0 6 9 8 5 7 11 12 13 14 10
221 216 5 1 2 3 4 7 6 9 8 5 0 11 12 13 14 10
156 151 5 1 2 0 3 5 6 7 9 8 10 11 12 13 14 4
189 184 5 1 2 3 4 5 6 8 13 7 10 11 12 0 14 9
231 226 5 7 2 3 4 0 6 9 8 5 10 11 12 13 14 1
233 229 4 7 2 3 4 5 6 9 8 0 10 11 12 13 14 1
232 228 4 7 2 3 4 1 6 9 8 5 10 11 12 13 14 0
236 231 5 7 2 3 4 1 6 9 8 0 10 11 12 13 14 5
235 230 5 7 2 3 4 5 6 9 8 10 0 11 12 13 14 1
235 231 4 7 2 3 4 5 6 9 8 10 1 11 12 13 14 0
239 234 5 7 2 3 4 5 6 9 8 0 1 11 12 13 14 10
240 235 5 7 2 3 4 5 6 9 8 1 0 11 12 13 14 10
239 236 3 7 2 3 4 5 6 9 8 1 10 11 12 13 14 0
243 239 4 0 2 3 4 5 6 9 8 1 10 11 12 13 14 7
246 242 4 9 2 3 4 5 6 0 8 1 10 11 12 13 14 7
248 243 5 9 2 3 4 5 6 8 0 1 10 11 12 13 14 7
249 244 5 9 2 3 4 5 6 8 1 0 10 11 12 13 14 7
248 243 5 9 2 3 4 5 0 6 8 1 10 11 12 13 14 7
248 243 5 9 2 3 4 5 6 12 8 1 10 11 0 13 14 7
198 193 5 5 2 3 4 0 6 1 8 7 10 11 12 13 14 9
199 195 4 5 2 3 4 9 6 1 8 7 10 11 12 13 14 0
203 198 5 5 2 3 4 9 6 1 8 0 10 11 12 13 14 7
203 198 5 0 2 3 4 9 6 1 8 7 10 11 12 13 14 5
201 196 5 5 2 3 4 7 6 1 8 0 10 11 12 13 14 9
214 209 5 1 2 3 4 5 9 6 8 14 10 11 12 13 0 7
214 210 4 1 2 3 4 5 9 6 8 14 10 11 12 13 7 0
219 214 5 1 2 3 4 7 6 9 8 0 10 5 12 13 14 11
211 206 5 1 2 3 4 5 9 6 8 7 0 11 12 13 14 10
213 208 5 0 2 3 4 5 9 6 8 7 10 11 12 13 14 1
212 207 5 1 2 3 4 0 9 6 8 7 10 11 12 13 14 5
215 210 5 1 2 3 4 7 9 6 8 0 10 11 12 13 14 5
222 217 5 1 2 3 4 5 6 9 8 10 7 0 12 13 14 11
225 220 5 1 2 3 4 5 6 0 8 10 7 9 12 13 14 11
222 217 5 1 2 3 4 0 6 9 8 10 7 11 12 13 14 5
226 221 5 1 2 3 4 5 6 9 8 14 0 11 12 13 10 7
220 215 5 5 2 3 4 0 6 9 8 7 10 11 12 13 14 1
223 218 5 5 2 3 4 7 6 9 8 0 10 11 12 13 14 1
224 219 5 1 2 3 0 5 6 9 8 4 10 11 12 13 7 14
224 219 5 1 2 3 4 5 6 9 0 8 10 11 12 13 7 14
225 220 5 1 2 3 4 5 6 0 9 8 10 11 12 13 7 14
221 216 5 1 2 3 4 5 6 12 9 8 10 11 0 13 14 7
221 216 5 1 2 3 4 5 6 9 8 14 0 11 12 13 7 10
221 216 5 1 2 3 4 5 0 6 9 8 10 11 12 13 14 7
218 213 5 1 2 3 4 10 6 9 8 7 0 11 12 13 14 5
224 219 5 1 2 3 4 5 6 9 8 10 0 11 12 13 7 14
207 202 5 1 2 3 4 5 6 12 8 7 10 9 0 13 14 11
208 203 5 1 2 3 4 5 6 12 8 7 10 0 9 13 14 11
208 205 3 1 2 3 4 5 6 12 8 7 10 11 9 13 14 0
212 208 4 1 2 3 4 5 6 12 8 0 10 11 9 13 14 7
214 209 5 1 2 3 4 5 6 12 8 10 0 11 9 13 14 7
214 210 4 1 2 3 4 5 6 12 8 10 7 11 9 13 14 0
218 213 5 1 2 3 4 5 6 12 8 0 7 11 9 13 14 10
203 198 5 9 2 3 4 5 6 1 8 14 10 11 12 13 0 7
203 199 4 9 2 3 4 5 6 1 8 14 10 11 12 13 7 0
207 202 5 9 2 3 4 5 6 1 8 0 10 11 12 13 7 14
207 202 5 0 2 3 4 5 6 1 8 14 10 11 12 13 7 9
209 205 4 1 2 3 4 5 6 0 8 14 10 11 12 13 7 9
211 206 5 1 2 3 4 5 6 8 0 14 10 11 12 13 7 9
212 207 5 1 2 3 4 5 6 8 14 0 10 11 12 13 7 9
213 208 5 1 2 3 4 5 6 8 14 7 10 11 12 13 0 9
213 209 4 1 2 3 4 5 6 8 14 7 10 11 12 13 9 0
217 212 5 1 2 3 4 5 6 8 14 0 10 11 12 13 9 7
217 213 4 1 2 3 4 5 6 8 14 9 10 11 12 13 0 7
217 214 3 1 2 3 4 5 6 8 14 9 10 11 12 13 7 0
222 217 5 0 2 3 4 5 6 8 14 9 10 11 12 13 7 1
225 220 5 8 2 3 4 5 6 0 14 9 10 11 12 13 7 1
226 221 5 8 2 3 4 5 6 14 0 9 10 11 12 13 7 1
225 220 5 1 2 3 7 4 6 9 8 0 10 11 12 13 14 5
221 216 5 1 2 3 4 0 6 8 14 9 10 11 12 13 7 5
228 223 5 1 2 3 7 5 6 9 0 8 10 11 12 13 14 4
229 224 5 1 2 3 7 5 6 0 9 8 10 11 12 13 14 4
228 223 5 1 2 3 7 5 6 9 8 14 10 11 12 13 0 4
228 224 4 1 2 3 7 5 6 9 8 14 10 11 12 13 4 0
232 227 5 1 2 3 7 5 6 9 8 0 10 11 12 13 4 14
233 228 5 1 2 3 0 5 6 9 8 7 10 11 12 13 4 14
228 223 5 1 2 3 7 5 6 9 8 10 0 11 12 13 14 4
228 224 4 1 2 3 7 5 6 9 8 10 4 11 12 13 14 0
232 227 5 1 2 3 7 5 6 9 8 0 4 11 12 13 14 10
233 228 5 1 2 3 0 5 6 9 8 7 4 11 12 13 14 10
201 196 5 9 2 3 4 0 6 1 8 7 10 11 12 13 14 5
204 199 5 9 2 3 4 7 6 1 8 0 10 11 12 13 14 5
226 221 5 0 2 3 4 1 6 9 8 5 10 11 12 13 14 7
229 224 5 9 2 3 4 1 6 0 8 5 10 11 12 13 14 7
196 191 5 5 2 3 4 0 6 7 8 9 10 11 12 14 13 1
197 193 4 5 2 3 4 1 6 7 8 9 10 11 12 14 13 0
199 194 5 5 2 3 4 1 6 7 8 9 10 11 12 14 0 13
199 195 4 5 2 3 4 1 6 7 8 9 10 11 12 0 14 13
201 196 5 5 2 3 4 1 6 7 8 9 10 11 0 12 14 13
201 196 5 5 2 3 4 1 6 7 0 9 10 11 12 8 14 13
191 186 5 1 3 0 4 5 6 2 8 7 10 11 12 13 14 9
187 182 5 8 2 3 4 5 6 7 13 9 0 11 12 1 14 10
195 190 5 2 0 3 4 5 6 7 8 9 10 11 12 14 13 1
235 230 5 7 2 3 4 5 6 9 8 14 10 11 12 13 0 1
235 231 4 7 2 3 4 5 6 9 8 14 10 11 12 13 1 0
239 234 5 7 2 3 4 5 6 9 8 0 10 11 12 13 1 14
239 234 5 0 2 3 4 5 6 9 8 14 10 11 12 13 1 7
242 237 5 9 2 3 4 5 6 0 8 14 10 11 12 13 1 7
185 180 5 1 2 3 4 0 6 8 7 9 10 5 12 13 14 11
240 235 5 7 2 3 4 5 6 9 8 1 10 11 12 13 0 14
214 209 5 1 2 3 0 5 9 6 8 4 10 11 12 13 14 7
197 192 5 6 2 3 4 5 0 1 8 7 10 11 12 13 14 9
198 193 5 6 2 3 4 5 1 0 8 7 10 11 12 13 14 9
245 240 5 6 2 3 4 5 0 9 8 1 10 11 12 13 14 7
246 241 5 6 2 3 4 5 9 0 8 1 10 11 12 13 14 7
248 243 5 9 0 3 4 5 6 2 8 1 10 11 12 13 14 7
249 244 5 0 9 3 4 5 6 2 8 1 10 11 12 13 14 7
251 247 4 7 9 3 4 5 6 2 8 1 10 11 12 13 14 0
255 250 5 7 9 3 4 5 6 2 8 0 10 11 12 13 14 1
252 247 5 2 9 3 4 5 6 0 8 1 10 11 12 13 14 7
246 241 5 5 2 3 4 0 6 9 8 1 10 11 12 13 14 7
247 243 4 5 2 3 4 7 6 9 8 1 10 11 12 13 14 0
251 246 5 0 2 3 4 7 6 9 8 1 10 11 12 13 14 5
254 249 5 9 2 3 4 7 6 0 8 1 10 11 12 13 14 5
246 241 5 11 2 3 4 5 6 9 8 1 10 0 12 13 14 7
247 243 4 11 2 3 4 5 6 9 8 1 10 7 12 13 14 0
251 246 5 11 2 3 4 5 6 9 8 0 10 7 12 13 14 1
251 246 5 0 2 3 4 5 6 9 8 1 10 7 12 13 14 11
254 249 5 9 2 3 4 5 6 0 8 1 10 7 12 13 14 11
249 244 5 11 2 3 4 5 6 0 8 1 10 9 12 13 14 7
219 214 5 2 0 3 4 5 6 9 8 7 10 11 12 13 14 1
220 215 5 2 9 3 4 5 6 0 8 7 10 11 12 13 14 1
211 206 5 1 2 3 4 5 6 12 8 7 0 11 9 13 14 10
223 218 5 0 2 3 4 5 6 9 8 14 10 11 12 13 7 1
226 221 5 9 2 3 4 5 6 0 8 14 10 11 12 13 7 1
212 207 5 1 2 3 4 0 6 12 8 7 10 11 9 13 14 5
215 210 5 1 2 3 4 7 6 12 8 0 10 11 9 13 14 5
200 195 5 9 2 3 4 5 6 1 8 7 0 11 12 13 14 10
188 183 5 1 2 3 0 5 6 8 7 4 10 11 12 13 14 9
169 164 5 1 2 3 4 8 6 7 9 14 10 11 12 13 0 5
169 165 4 1 2 3 4 8 6 7 9 14 10 11 12 13 5 0
173 168 5 1 2 3 4 8 6 7 9 0 10 11 12 13 5 14
173 169 4 1 2 3 4 8 6 7 0 9 10 11 12 13 5 14
175 170 5 1 2 3 4 8 6 0 7 9 10 11 12 13 5 14
175 170 5 1 2 3 4 8 6 7 13 9 10 11 12 0 5 14
176 171 5 1 2 3 4 8 6 7 13 9 10 11 12 5 0 14
175 172 3 1 2 3 4 8 6 7 13 9 10 11 12 5 14 0
178 174 4 1 2 3 4 0 6 7 13 9 10 11 12 5 14 8
182 177 5 1 2 3 4 9 6 7 13 0 10 11 12 5 14 8
183 178 5 1 2 3 4 9 6 7 0 13 10 11 12 5 14 8
184 179 5 1 2 3 4 9 6 7 5 13 10 11 12 0 14 8
182 177 5 1 2 3 4 11 6 7 13 9 10 0 12 5 14 8
183 179 4 1 2 3 4 11 6 7 13 9 10 8 12 5 14 0
186 181 5 1 2 3 4 0 6 7 13 9 10 8 12 5 14 11
225 220 5 1 2 3 7 5 6 9 8 4 10 11 12 13 0 14
186 181 5 1 2 3 4 5 6 8 7 9 10 11 12 0 13 14
187 182 5 1 2 3 4 5 6 8 0 9 10 11 12 7 13 14
187 183 4 1 2 3 4 5 6 0 8 9 10 11 12 7 13 14
189 184 5 1 2 3 4 5 0 6 8 9 10 11 12 7 13 14
172 167 5 1 2 0 4 5 6 7 3 9 8 11 12 13 10 14
189 184 5 1 2 3 4 5 6 12 8 9 10 11 0 7 13 14
190 185 5 1 2 3 4 5 6 12 8 9 10 11 7 0 13 14
190 186 4 1 2 3 4 5 6 12 8 9 10 11 7 13 0 14
189 187 2 1 2 3 4 5 6 12 8 9 10 11 7 13 14 0
194 190 4 1 2 3 4 5 6 12 8 0 10 11 7 13 14 9
194 190 4 0 2 3 4 5 6 12 8 9 10 11 7 13 14 1
197 193 4 12 2 3 4 5 6 0 8 9 10 11 7 13 14 1
197 194 3 12 2 3 4 5 6 7 8 9 10 11 0 13 14 1
199 195 4 12 2 3 4 5 6 7 8 9 10 11 13 0 14 1
199 195 4 12 2 3 4 5 6 7 8 9 10 0 11 13 14 1
200 197 3 12 2 3 4 5 6 7 8 9 10 1 11 13 14 0
204 200 4 0 2 3 4 5 6 7 8 9 10 1 11 13 14 12
205 202 3 1 2 3 4 5 6 7 8 9 10 0 11 13 14 12
206 204 2 1 2 3 4 5 6 7 8 9 10 12 11 13 14 0
205 203 2 1 2 3 4 5 6 7 8 9 10 11 0 13 14 12
207 204 3 1 2 3 4 5 6 7 8 9 10 11 13 0 14 12
207 204 3 1 2 3 4 5 6 0 8 9 10 11 7 13 14 12
209 205 4 1 2 3 4 5 6 8 0 9 10 11 7 13 14 12
192 188 4 1 2 3 4 5 6 12 8 9 0 11 7 13 14 10
209 205 4 1 2 3 4 5 0 6 8 9 10 11 7 13 14 12
209 205 4 1 0 3 4 5 6 2 8 9 10 11 7 13 14 12
207 203 4 1 2 3 4 5 0 7 8 9 10 6 11 13 14 12
209 205 4 1 2 3 4 5 6 7 8 9 10 11 13 14 0 12
209 206 3 1 2 3 4 5 6 7 8 9 10 11 13 14 12 0
209 205 4 1 2 3 4 5 6 7 0 9 10 11 13 8 14 12
211 207 4 1 2 3 4 5 6 7 8 0 10 12 11 13 14 9
210 206 4 1 2 3 4 0 6 7 8 9 10 12 11 13 14 5
213 209 4 1 2 3 4 12 6 7 8 9 10 0 11 13 14 5
214 211 3 1 2 3 4 12 6 7 8 9 10 5 11 13 14 0
213 210 3 1 2 3 4 12 6 7 8 9 10 11 0 13 14 5
215 211 4 1 2 3 4 12 6 7 8 9 10 11 13 0 14 5
215 211 4 1 2 3 4 12 6 0 8 9 10 11 7 13 14 5
209 205 4 1 2 3 4 5 6 7 8 9 10 12 11 13 0 14
193 189 4 1 2 3 4 5 6 12 8 9 10 0 7 13 14 11
196 192 4 1 2 3 4 5 6 0 8 9 10 12 7 13 14 11
196 193 3 1 2 3 4 5 6 7 8 9 10 12 0 13 14 11
196 194 2 1 2 3 4 5 6 7 8 9 10 0 12 13 14 11
196 196 0 1 2 3 4 5 6 7 8 9 10 11 12 13 14 0
