0 0 0 1 10 9 2 12 11 8 7 14 4 5 0 3 6 13
15 1 14 1 10 9 2 12 11 8 7 14 4 5 3 0 6 13
16 2 14 1 10 9 2 12 11 8 7 14 4 5 3 6 0 13
16 3 13 1 10 9 2 12 11 8 7 14 4 5 3 6 13 0
16 3 13 1 10 9 2 12 11 8 7 0 4 5 3 6 14 13
17 4 13 1 10 9 2 12 11 8 7 4 0 5 3 6 14 13
17 5 12 1 10 9 2 12 11 8 7 4 13 5 3 6 14 0
21 8 13 1 10 9 2 12 11 8 7 0 13 5 3 6 14 4
22 9 13 1 10 9 2 12 11 8 7 13 0 5 3 6 14 4
22 10 12 1 10 9 2 12 11 8 7 13 4 5 3 6 14 0
25 12 13 1 10 9 2 0 11 8 7 13 4 5 3 6 14 12
27 15 12 1 10 9 2 5 11 8 7 13 4 0 3 6 14 12
28 17 11 1 10 9 2 5 11 8 7 13 4 12 3 6 14 0
27 16 11 1 10 9 2 5 0 8 7 13 4 11 3 6 14 12
28 17 11 1 10 9 2 5 8 0 7 13 4 11 3 6 14 12
28 18 10 1 10 9 2 5 8 7 0 13 4 11 3 6 14 12
29 19 10 1 10 9 2 5 8 7 13 0 4 11 3 6 14 12
30 20 10 1 10 9 2 5 8 7 13 4 0 11 3 6 14 12
30 21 9 1 10 9 2 5 8 7 13 4 12 11 3 6 14 0
34 24 10 1 10 9 2 5 8 7 13 0 12 11 3 6 14 4
35 25 10 1 10 9 2 5 8 7 13 12 0 11 3 6 14 4
35 26 9 1 10 9 2 5 8 7 13 12 4 11 3 6 14 0
29 19 10 1 10 0 2 5 8 7 9 13 4 11 3 6 14 12
30 20 10 1 10 2 0 5 8 7 9 13 4 11 3 6 14 12
31 21 10 1 10 2 13 5 8 7 9 0 4 11 3 6 14 12
31 22 9 1 10 2 13 5 8 7 0 9 4 11 3 6 14 12
32 23 9 1 10 2 13 5 8 7 6 9 4 11 3 0 14 12
33 24 9 1 10 2 13 5 8 7 6 9 4 11 0 3 14 12
32 23 9 1 10 0 13 5 8 7 2 9 4 11 3 6 14 12
33 24 9 1 10 13 0 5 8 7 2 9 4 11 3 6 14 12
33 24 9 1 0 10 13 5 8 7 2 9 4 11 3 6 14 12
35 25 10 0 1 10 13 5 8 7 2 9 4 11 3 6 14 12
37 28 9 12 1 10 13 5 8 7 2 9 4 11 3 6 14 0
39 29 10 12 1 10 13 5 8 7 2 9 0 11 3 6 14 4
36 26 10 8 1 10 13 5 0 7 2 9 4 11 3 6 14 12
35 25 10 1 7 10 13 5 8 0 2 9 4 11 3 6 14 12
36 26 10 1 7 10 13 5 8 2 0 9 4 11 3 6 14 12
37 27 10 1 7 10 13 5 8 2 6 9 4 11 3 0 14 12
38 28 10 1 7 10 13 5 8 2 6 9 4 11 0 3 14 12
39 29 10 1 7 10 13 5 8 0 6 9 4 11 2 3 14 12
39 30 9 1 0 10 13 5 8 7 6 9 4 11 2 3 14 12
40 31 9 1 10 0 13 5 8 7 6 9 4 11 2 3 14 12
41 32 9 1 10 13 0 5 8 7 6 9 4 11 2 3 14 12
41 32 9 1 10 6 13 5 8 7 0 9 4 11 2 3 14 12
42 33 9 1 10 6 13 5 8 7 3 9 4 11 2 0 14 12
43 34 9 1 10 6 13 5 8 7 3 9 4 11 0 2 14 12
45 35 10 1 10 6 13 5 8 7 3 9 4 0 11 2 14 12
46 37 9 1 10 6 13 5 8 7 3 9 4 12 11 2 14 0
48 38 10 1 10 6 13 5 8 7 3 9 0 12 11 2 14 4
46 36 10 1 10 6 13 5 0 7 3 9 4 8 11 2 14 12
45 35 10 1 10 6 13 5 8 0 3 9 4 11 7 2 14 12
46 36 10 1 10 6 13 5 8 3 0 9 4 11 7 2 14 12
47 37 10 1 10 6 13 5 8 3 2 9 4 11 7 0 14 12
48 38 10 1 10 6 13 5 8 3 2 9 4 11 0 7 14 12
49 39 10 1 10 6 13 5 8 0 2 9 4 11 3 7 14 12
50 40 10 1 10 6 13 5 8 2 0 9 4 11 3 7 14 12
51 41 10 1 10 6 13 5 8 2 7 9 4 11 3 0 14 12
52 42 10 1 10 6 13 5 8 2 7 9 4 11 0 3 14 12
36 26 10 1 7 10 13 5 8 3 2 9 4 11 0 6 14 12
37 27 10 1 7 10 13 5 8 3 2 9 4 11 6 0 14 12
38 28 10 1 7 10 13 5 8 3 0 9 4 11 6 2 14 12
39 29 10 1 7 10 13 5 8 0 3 9 4 11 6 2 14 12
39 30 9 1 0 10 13 5 8 7 3 9 4 11 6 2 14 12
40 31 9 1 10 0 13 5 8 7 3 9 4 11 6 2 14 12
40 32 8 1 10 3 13 5 8 7 0 9 4 11 6 2 14 12
41 33 8 1 10 3 13 5 8 7 2 9 4 11 6 0 14 12
42 34 8 1 10 3 13 5 8 7 2 9 4 11 0 6 14 12
44 35 9 1 10 3 13 5 8 7 2 9 4 0 11 6 14 12
45 37 8 1 10 3 13 5 8 7 2 9 4 12 11 6 14 0
47 38 9 1 10 3 13 5 8 7 2 9 0 12 11 6 14 4
45 36 9 1 10 3 13 5 0 7 2 9 4 8 11 6 14 12
44 35 9 1 10 3 13 5 8 0 2 9 4 11 7 6 14 12
45 36 9 1 10 3 13 5 8 2 0 9 4 11 7 6 14 12
46 37 9 1 10 3 13 5 8 2 6 9 4 11 7 0 14 12
47 38 9 1 10 3 13 5 8 2 6 9 4 11 0 7 14 12
48 39 9 1 10 3 13 5 8 0 6 9 4 11 2 7 14 12
49 40 9 1 10 3 13 5 8 6 0 9 4 11 2 7 14 12
50 41 9 1 10 3 13 5 8 6 7 9 4 11 2 0 14 12
51 42 9 1 10 3 13 5 8 6 7 9 4 11 0 2 14 12
49 40 9 1 10 3 13 5 0 8 6 9 4 11 2 7 14 12
49 40 9 1 0 3 13 5 8 10 6 9 4 11 2 7 14 12
45 36 9 1 10 3 13 5 0 8 2 9 4 11 7 6 14 12
45 36 9 1 0 3 13 5 8 10 2 9 4 11 7 6 14 12
43 34 9 1 10 3 13 5 8 7 2 9 4 11 6 14 0 12
43 35 8 1 10 3 13 5 8 7 2 9 4 11 6 14 12 0
45 36 9 1 10 3 13 5 8 7 2 9 0 11 6 14 12 4
42 33 9 1 10 3 13 5 8 0 7 9 4 11 6 2 14 12
43 34 9 1 10 3 13 5 0 8 7 9 4 11 6 2 14 12
43 34 9 1 0 3 13 5 8 10 7 9 4 11 6 2 14 12
41 32 9 1 10 13 0 5 8 7 3 9 4 11 6 2 14 12
42 33 9 1 10 3 13 5 8 7 9 0 4 11 6 2 14 12
43 34 9 1 10 3 13 5 8 7 9 4 0 11 6 2 14 12
43 35 8 1 10 3 13 5 8 7 9 4 12 11 6 2 14 0
47 38 9 1 10 3 13 5 8 7 9 0 12 11 6 2 14 4
47 39 8 1 10 3 13 5 8 7 0 9 12 11 6 2 14 4
48 40 8 1 10 3 13 5 8 7 2 9 12 11 6 0 14 4
49 41 8 1 10 3 13 5 8 7 2 9 12 11 0 6 14 4
51 42 9 1 10 3 13 5 8 7 2 9 12 0 11 6 14 4
52 44 8 1 10 3 13 5 8 7 2 9 12 4 11 6 14 0
54 45 9 1 10 3 13 5 8 7 2 9 0 4 11 6 14 12
52 43 9 1 10 3 13 5 0 7 2 9 12 8 11 6 14 4
51 42 9 1 10 3 13 5 8 0 2 9 12 11 7 6 14 4
52 43 9 1 10 3 13 5 8 2 0 9 12 11 7 6 14 4
53 44 9 1 10 3 13 5 8 2 6 9 12 11 7 0 14 4
54 45 9 1 10 3 13 5 8 2 6 9 12 11 0 7 14 4
55 46 9 1 10 3 13 5 8 0 6 9 12 11 2 7 14 4
56 47 9 1 10 3 13 5 8 6 0 9 12 11 2 7 14 4
57 48 9 1 10 3 13 5 8 6 7 9 12 11 2 0 14 4
58 49 9 1 10 3 13 5 8 6 7 9 12 11 0 2 14 4
43 34 9 1 10 3 0 5 8 7 9 13 4 11 6 2 14 12
56 47 9 1 10 3 13 5 0 8 6 9 12 11 2 7 14 4
56 47 9 1 0 3 13 5 8 10 6 9 12 11 2 7 14 4
50 41 9 1 10 3 13 5 8 7 2 9 12 11 6 14 0 4
50 42 8 1 10 3 13 5 8 7 2 9 12 11 6 14 4 0
52 43 9 1 10 3 13 5 8 7 2 9 0 11 6 14 4 12
49 40 9 1 10 0 13 5 8 7 3 9 12 11 6 2 14 4
50 41 9 1 10 13 0 5 8 7 3 9 12 11 6 2 14 4
48 39 9 1 10 3 13 5 8 7 9 12 0 11 6 2 14 4
48 40 8 1 10 3 13 5 8 7 9 12 4 11 6 2 14 0
52 43 9 1 10 3 13 5 0 8 2 9 12 11 7 6 14 4
52 43 9 1 0 3 13 5 8 10 2 9 12 11 7 6 14 4
48 39 9 1 10 3 0 5 8 7 9 13 12 11 6 2 14 4
50 41 9 1 0 10 13 5 8 7 3 9 12 11 6 2 14 4
49 40 9 1 10 3 13 5 8 0 7 9 12 11 6 2 14 4
50 41 9 1 10 3 13 5 0 8 7 9 12 11 6 2 14 4
50 41 9 1 0 3 13 5 8 10 7 9 12 11 6 2 14 4
52 42 10 1 3 0 13 5 8 10 7 9 12 11 6 2 14 4
53 43 10 1 3 13 0 5 8 10 7 9 12 11 6 2 14 4
46 36 10 1 0 6 13 5 8 10 3 9 4 11 7 2 14 12
47 37 10 1 6 0 13 5 8 10 3 9 4 11 7 2 14 12
47 38 9 1 6 3 13 5 8 10 0 9 4 11 7 2 14 12
48 39 9 1 6 3 13 5 8 0 10 9 4 11 7 2 14 12
48 40 8 1 6 3 13 5 8 7 10 9 4 11 0 2 14 12
49 41 8 1 6 3 13 5 8 7 10 9 4 11 2 0 14 12
50 42 8 1 6 3 13 5 8 7 0 9 4 11 2 10 14 12
52 43 9 1 6 3 13 5 8 7 9 0 4 11 2 10 14 12
53 44 9 1 6 3 13 5 8 7 9 4 0 11 2 10 14 12
53 45 8 1 6 3 13 5 8 7 9 4 12 11 2 10 14 0
57 48 9 1 6 3 13 5 8 7 9 0 12 11 2 10 14 4
57 49 8 1 6 3 13 5 8 7 0 9 12 11 2 10 14 4
58 50 8 1 6 3 13 5 8 7 10 9 12 11 2 0 14 4
59 51 8 1 6 3 13 5 8 7 10 9 12 11 0 2 14 4
61 52 9 1 6 3 13 5 8 7 10 9 12 0 11 2 14 4
62 54 8 1 6 3 13 5 8 7 10 9 12 4 11 2 14 0
64 55 9 1 6 3 13 5 8 7 10 9 0 4 11 2 14 12
62 53 9 1 6 3 13 5 0 7 10 9 12 8 11 2 14 4
51 42 9 1 6 3 13 5 8 7 10 9 4 11 2 14 0 12
51 43 8 1 6 3 13 5 8 7 10 9 4 11 2 14 12 0
53 44 9 1 6 3 13 5 8 7 10 9 0 11 2 14 12 4
50 41 9 1 6 3 13 5 8 7 10 9 4 0 11 2 14 12
51 43 8 1 6 3 13 5 8 7 10 9 4 12 11 2 14 0
53 44 9 1 6 3 13 5 8 7 10 9 0 12 11 2 14 4
51 42 9 1 6 3 13 5 0 7 10 9 4 8 11 2 14 12
58 49 9 1 6 3 13 5 8 7 9 12 0 11 2 10 14 4
58 50 8 1 6 3 13 5 8 7 9 12 4 11 2 10 14 0
53 44 9 1 6 3 0 5 8 7 9 13 4 11 2 10 14 12
49 40 9 1 0 3 13 5 8 6 10 9 4 11 7 2 14 12
48 39 9 1 6 3 13 5 8 10 2 9 4 11 7 0 14 12
49 40 9 1 6 3 13 5 8 10 2 9 4 11 0 7 14 12
50 41 9 1 6 3 13 5 8 0 2 9 4 11 10 7 14 12
51 42 9 1 6 3 13 5 8 2 0 9 4 11 10 7 14 12
52 43 9 1 6 3 13 5 8 2 7 9 4 11 10 0 14 12
53 44 9 1 6 3 13 5 8 2 7 9 4 11 0 10 14 12
51 42 9 1 6 3 13 5 0 8 2 9 4 11 10 7 14 12
51 42 9 1 0 3 13 5 8 6 2 9 4 11 10 7 14 12
59 50 9 1 6 0 13 5 8 7 3 9 12 11 2 10 14 4
60 51 9 1 6 13 0 5 8 7 3 9 12 11 2 10 14 4
60 51 9 1 0 6 13 5 8 7 3 9 12 11 2 10 14 4
61 52 9 1 6 3 13 5 8 0 10 9 12 11 7 2 14 4
62 53 9 1 6 3 13 5 8 10 0 9 12 11 7 2 14 4
63 54 9 1 6 3 13 5 8 10 2 9 12 11 7 0 14 4
64 55 9 1 6 3 13 5 8 10 2 9 12 11 0 7 14 4
65 56 9 1 6 3 13 5 8 0 2 9 12 11 10 7 14 4
66 57 9 1 6 3 13 5 8 2 0 9 12 11 10 7 14 4
67 58 9 1 6 3 13 5 8 2 7 9 12 11 10 0 14 4
68 59 9 1 6 3 13 5 8 2 7 9 12 11 0 10 14 4
66 57 9 1 6 3 13 5 0 8 2 9 12 11 10 7 14 4
66 57 9 1 0 3 13 5 8 6 2 9 12 11 10 7 14 4
62 53 9 1 6 3 13 5 0 8 10 9 12 11 7 2 14 4
62 53 9 1 0 3 13 5 8 6 10 9 12 11 7 2 14 4
60 51 9 1 6 3 13 5 8 7 10 9 12 11 2 14 0 4
60 52 8 1 6 3 13 5 8 7 10 9 12 11 2 14 4 0
62 53 9 1 6 3 13 5 8 7 10 9 0 11 2 14 4 12
58 49 9 1 6 3 0 5 8 7 9 13 12 11 2 10 14 4
59 50 9 1 6 3 13 5 8 0 7 9 12 11 2 10 14 4
60 51 9 1 6 3 13 5 0 8 7 9 12 11 2 10 14 4
60 51 9 1 0 3 13 5 8 6 7 9 12 11 2 10 14 4
52 43 9 1 6 0 13 5 8 7 3 9 4 11 2 10 14 12
53 44 9 1 6 13 0 5 8 7 3 9 4 11 2 10 14 12
53 44 9 1 0 6 13 5 8 7 3 9 4 11 2 10 14 12
49 40 9 1 6 3 13 5 0 8 10 9 4 11 7 2 14 12
52 43 9 1 6 3 13 5 8 0 7 9 4 11 2 10 14 12
53 44 9 1 6 3 13 5 0 8 7 9 4 11 2 10 14 12
53 44 9 1 0 3 13 5 8 6 7 9 4 11 2 10 14 12
55 45 10 1 3 0 13 5 8 6 7 9 4 11 2 10 14 12
56 46 10 1 3 13 0 5 8 6 7 9 4 11 2 10 14 12
48 38 10 1 10 3 13 5 8 7 2 0 4 11 6 14 12 9
49 39 10 1 10 3 13 5 8 7 2 4 0 11 6 14 12 9
49 40 9 1 10 3 13 5 8 7 2 4 9 11 6 14 12 0
51 41 10 1 10 3 13 5 8 7 2 4 9 11 6 14 0 12
51 42 9 1 10 3 13 5 8 7 2 4 9 11 6 0 14 12
52 43 9 1 10 3 13 5 8 7 2 4 9 11 0 6 14 12
52 43 9 1 10 3 13 5 8 7 0 4 9 11 6 2 14 12
53 44 9 1 10 3 13 5 8 7 4 0 9 11 6 2 14 12
53 45 8 1 10 3 13 5 8 7 4 9 0 11 6 2 14 12
53 46 7 1 10 3 13 5 8 7 4 9 12 11 6 2 14 0
58 49 9 1 10 3 13 5 8 7 4 0 12 11 6 2 14 9
59 50 9 1 10 3 13 5 8 7 4 12 0 11 6 2 14 9
59 51 8 1 10 3 13 5 8 7 4 12 9 11 6 2 14 0
59 50 9 1 10 3 13 5 8 7 0 4 12 11 6 2 14 9
60 51 9 1 10 3 13 5 8 7 2 4 12 11 6 0 14 9
61 52 9 1 10 3 13 5 8 7 2 4 12 11 0 6 14 9
57 48 9 1 10 3 13 5 8 7 4 9 12 0 6 2 14 11
58 49 9 1 10 3 13 5 8 7 4 9 12 6 0 2 14 11
59 50 9 1 10 3 13 5 8 7 4 9 12 6 2 0 14 11
60 51 9 1 10 3 13 5 8 7 0 9 12 6 2 4 14 11
58 49 9 1 10 3 13 5 0 7 4 9 12 8 6 2 14 11
54 45 9 1 10 3 0 5 8 7 4 13 9 11 6 2 14 12
55 46 9 1 10 3 13 0 8 7 4 9 5 11 6 2 14 12
56 48 8 1 10 3 13 12 8 7 4 9 5 11 6 2 14 0
58 49 9 1 10 3 13 12 8 7 4 9 0 11 6 2 14 5
56 47 9 1 10 3 0 13 8 7 4 9 5 11 6 2 14 12
56 47 9 1 10 3 13 5 8 7 4 9 12 11 6 2 0 14
57 48 9 1 10 3 13 5 8 7 4 9 12 11 6 0 2 14
58 49 9 1 10 3 13 5 8 7 4 9 12 11 0 6 2 14
58 49 9 1 10 3 13 5 8 7 0 9 12 11 6 4 2 14
57 48 9 1 10 3 13 0 8 7 4 9 12 11 6 2 14 5
58 49 9 1 10 3 0 13 8 7 4 9 12 11 6 2 14 5
59 50 9 1 10 3 0 5 8 7 4 13 12 11 6 2 14 9
58 49 9 0 10 3 13 5 8 7 4 9 12 11 6 2 14 1
59 50 9 10 0 3 13 5 8 7 4 9 12 11 6 2 14 1
59 50 9 8 10 3 13 5 0 7 4 9 12 11 6 2 14 1
61 51 10 8 10 3 13 5 7 0 4 9 12 11 6 2 14 1
62 52 10 8 10 3 13 5 7 4 0 9 12 11 6 2 14 1
63 53 10 8 10 3 13 5 7 4 2 9 12 11 6 0 14 1
64 54 10 8 10 3 13 5 7 4 2 9 12 11 0 6 14 1
65 55 10 8 10 3 13 5 7 0 2 9 12 11 4 6 14 1
65 56 9 8 10 3 13 5 0 7 2 9 12 11 4 6 14 1
67 57 10 8 10 3 13 5 11 7 2 9 12 0 4 6 14 1
68 59 9 8 10 3 13 5 11 7 2 9 12 1 4 6 14 0
72 62 10 0 10 3 13 5 11 7 2 9 12 1 4 6 14 8
73 64 9 1 10 3 13 5 11 7 2 9 12 0 4 6 14 8
74 66 8 1 10 3 13 5 11 7 2 9 12 8 4 6 14 0
73 65 8 1 10 3 13 5 0 7 2 9 12 11 4 6 14 8
75 66 9 1 10 3 13 5 7 0 2 9 12 11 4 6 14 8
76 67 9 1 10 3 13 5 7 2 0 9 12 11 4 6 14 8
77 68 9 1 10 3 13 5 7 2 6 9 12 11 4 0 14 8
78 69 9 1 10 3 13 5 7 2 6 9 12 11 0 4 14 8
79 70 9 1 10 3 13 5 7 0 6 9 12 11 2 4 14 8
79 71 8 1 10 3 13 5 0 7 6 9 12 11 2 4 14 8
81 72 9 1 10 3 13 5 11 7 6 9 12 0 2 4 14 8
82 74 8 1 10 3 13 5 11 7 6 9 12 8 2 4 14 0
84 75 9 1 10 3 13 5 11 7 6 9 0 8 2 4 14 12
82 73 9 1 10 3 13 5 11 7 6 9 12 2 0 4 14 8
83 74 9 1 10 3 13 5 11 7 6 9 12 2 4 0 14 8
84 75 9 1 10 3 13 5 11 7 0 9 12 2 4 6 14 8
80 71 9 1 10 3 13 5 7 6 0 9 12 11 2 4 14 8
81 72 9 1 10 3 13 5 7 6 4 9 12 11 2 0 14 8
82 73 9 1 10 3 13 5 7 6 4 9 12 11 0 2 14 8
83 74 9 1 10 3 13 5 7 0 4 9 12 11 6 2 14 8
83 75 8 1 10 3 13 5 0 7 4 9 12 11 6 2 14 8
85 76 9 1 10 3 13 5 11 7 4 9 12 0 6 2 14 8
86 78 8 1 10 3 13 5 11 7 4 9 12 8 6 2 14 0
88 79 9 1 10 3 13 5 11 7 4 9 0 8 6 2 14 12
86 77 9 1 10 3 13 5 11 7 4 9 12 6 0 2 14 8
87 78 9 1 10 3 13 5 11 7 4 9 12 6 2 0 14 8
88 79 9 1 10 3 13 5 11 7 0 9 12 6 2 4 14 8
84 75 9 1 10 3 13 5 7 4 0 9 12 11 6 2 14 8
85 76 9 1 10 3 13 5 7 4 2 9 12 11 6 0 14 8
84 75 9 1 0 3 13 5 7 10 4 9 12 11 6 2 14 8
76 67 9 1 0 3 13 5 7 10 2 9 12 11 4 6 14 8
76 67 9 1 10 3 13 5 7 4 2 9 12 11 0 6 14 8
74 65 9 1 10 3 13 5 11 7 2 9 12 4 0 6 14 8
75 66 9 1 10 3 13 5 11 7 2 9 12 4 6 0 14 8
76 67 9 1 10 3 13 5 11 7 0 9 12 4 6 2 14 8
76 67 9 1 10 3 13 5 11 7 2 9 0 8 4 6 14 12
80 71 9 1 0 3 13 5 7 10 6 9 12 11 2 4 14 8
82 72 10 1 3 0 13 5 7 10 6 9 12 11 2 4 14 8
83 73 10 1 3 13 0 5 7 10 6 9 12 11 2 4 14 8
56 46 10 1 6 3 13 5 8 7 9 4 12 11 2 10 0 14
57 47 10 1 6 3 13 5 8 7 9 4 12 11 2 0 10 14
58 48 10 1 6 3 13 5 8 7 9 4 12 11 0 2 10 14
51 41 10 1 10 0 13 5 8 2 6 9 4 11 3 7 14 12
52 42 10 1 10 13 0 5 8 2 6 9 4 11 3 7 14 12
39 29 10 1 7 0 13 5 8 3 10 9 4 11 6 2 14 12
40 30 10 1 7 13 0 5 8 3 10 9 4 11 6 2 14 12
44 34 10 1 10 6 13 5 8 7 3 9 4 11 2 14 0 12
44 35 9 1 10 6 13 5 8 7 3 9 4 11 2 14 12 0
46 36 10 1 10 6 13 5 8 7 3 9 0 11 2 14 12 4
62 52 10 0 1 6 13 5 8 7 3 9 12 11 2 10 14 4
64 55 9 4 1 6 13 5 8 7 3 9 12 11 2 10 14 0
66 56 10 4 1 6 13 5 8 7 3 9 0 11 2 10 14 12
62 52 10 1 7 6 13 5 8 0 3 9 12 11 2 10 14 4
63 53 10 1 7 6 13 5 8 3 0 9 12 11 2 10 14 4
64 54 10 1 7 6 13 5 8 3 10 9 12 11 2 0 14 4
65 55 10 1 7 6 13 5 8 3 10 9 12 11 0 2 14 4
66 56 10 1 7 6 13 5 8 0 10 9 12 11 3 2 14 4
66 57 9 1 0 6 13 5 8 7 10 9 12 11 3 2 14 4
67 58 9 1 6 0 13 5 8 7 10 9 12 11 3 2 14 4
68 59 9 1 6 13 0 5 8 7 10 9 12 11 3 2 14 4
68 59 9 1 6 10 13 5 8 7 0 9 12 11 3 2 14 4
69 60 9 1 6 10 13 5 8 7 2 9 12 11 3 0 14 4
70 61 9 1 6 10 13 5 8 7 2 9 12 11 0 3 14 4
72 62 10 1 6 10 13 5 8 7 2 9 12 0 11 3 14 4
73 64 9 1 6 10 13 5 8 7 2 9 12 4 11 3 14 0
75 65 10 1 6 10 13 5 8 7 2 9 0 4 11 3 14 12
62 52 10 1 6 3 13 0 8 7 9 12 4 11 2 10 14 5
65 55 10 1 6 3 13 12 8 7 9 0 4 11 2 10 14 5
65 56 9 1 6 3 13 12 8 7 0 9 4 11 2 10 14 5
66 57 9 1 6 3 13 12 8 7 10 9 4 11 2 0 14 5
67 58 9 1 6 3 13 12 8 7 10 9 4 11 0 2 14 5
69 59 10 1 6 3 13 12 8 7 10 9 4 0 11 2 14 5
70 61 9 1 6 3 13 12 8 7 10 9 4 5 11 2 14 0
72 62 10 1 6 3 13 12 8 7 10 9 0 5 11 2 14 4
47 37 10 1 10 3 13 5 11 8 2 9 4 0 7 6 14 12
48 39 9 1 10 3 13 5 11 8 2 9 4 12 7 6 14 0
50 40 10 1 10 3 13 5 11 8 2 9 0 12 7 6 14 4
70 60 10 1 6 3 13 5 8 2 7 9 12 0 11 10 14 4
71 62 9 1 6 3 13 5 8 2 7 9 12 4 11 10 14 0
73 63 10 1 6 3 13 5 8 2 7 9 0 4 11 10 14 12
73 63 10 1 6 3 13 5 8 0 7 9 12 2 11 10 14 4
73 64 9 1 6 3 13 5 8 7 0 9 12 2 11 10 14 4
74 65 9 1 6 3 13 5 8 7 10 9 12 2 11 0 14 4
75 66 9 1 6 3 13 5 8 7 10 9 12 2 0 11 14 4
76 67 9 1 6 3 13 5 8 7 10 9 12 0 2 11 14 4
77 69 8 1 6 3 13 5 8 7 10 9 12 4 2 11 14 0
79 70 9 1 6 3 13 5 8 7 10 9 0 4 2 11 14 12
77 68 9 1 6 3 13 5 0 7 10 9 12 8 2 11 14 4
79 69 10 1 6 3 13 5 7 0 10 9 12 8 2 11 14 4
80 70 10 1 6 3 13 5 7 10 0 9 12 8 2 11 14 4
81 71 10 1 6 3 13 5 7 10 11 9 12 8 2 0 14 4
82 72 10 1 6 3 13 5 7 10 11 9 12 8 0 2 14 4
83 73 10 1 6 3 13 5 7 10 11 9 12 0 8 2 14 4
84 75 9 1 6 3 13 5 7 10 11 9 12 4 8 2 14 0
86 76 10 1 6 3 13 5 7 10 11 9 0 4 8 2 14 12
86 76 10 1 6 3 13 5 7 0 11 9 12 10 8 2 14 4
86 77 9 1 6 3 13 5 0 7 11 9 12 10 8 2 14 4
87 78 9 1 6 3 13 5 10 7 11 9 12 0 8 2 14 4
88 80 8 1 6 3 13 5 10 7 11 9 12 4 8 2 14 0
90 81 9 1 6 3 13 5 10 7 11 9 0 4 8 2 14 12
88 79 9 1 6 3 13 5 10 7 11 9 12 8 0 2 14 4
89 80 9 1 6 3 13 5 10 7 11 9 12 8 2 0 14 4
90 81 9 1 6 3 13 5 10 7 0 9 12 8 2 11 14 4
92 82 10 1 6 3 13 5 10 7 9 0 12 8 2 11 14 4
93 83 10 1 6 3 13 5 10 7 9 12 0 8 2 11 14 4
93 84 9 1 6 3 13 5 10 7 9 12 4 8 2 11 14 0
97 87 10 1 6 3 13 5 10 7 9 0 4 8 2 11 14 12
97 88 9 1 6 3 13 5 10 7 0 9 4 8 2 11 14 12
98 89 9 1 6 3 13 5 10 7 11 9 4 8 2 0 14 12
99 90 9 1 6 3 13 5 10 7 11 9 4 8 0 2 14 12
100 91 9 1 6 3 13 5 10 7 11 9 4 0 8 2 14 12
101 93 8 1 6 3 13 5 10 7 11 9 4 12 8 2 14 0
103 94 9 1 6 3 13 5 10 7 11 9 0 12 8 2 14 4
101 92 9 1 6 3 13 5 0 7 11 9 4 10 8 2 14 12
103 93 10 1 6 3 13 5 7 0 11 9 4 10 8 2 14 12
104 94 10 1 6 3 13 5 7 11 0 9 4 10 8 2 14 12
105 95 10 1 6 3 13 5 7 11 2 9 4 10 8 0 14 12
106 96 10 1 6 3 13 5 7 11 2 9 4 10 0 8 14 12
107 97 10 1 6 3 13 5 7 11 2 9 4 0 10 8 14 12
109 100 9 1 6 3 13 5 7 0 2 9 4 11 10 8 14 12
109 101 8 1 6 3 13 5 0 7 2 9 4 11 10 8 14 12
111 102 9 1 6 3 13 5 11 7 2 9 4 0 10 8 14 12
112 104 8 1 6 3 13 5 11 7 2 9 4 12 10 8 14 0
114 105 9 1 6 3 13 5 11 7 2 9 0 12 10 8 14 4
112 103 9 1 6 3 13 5 11 7 2 9 4 10 0 8 14 12
113 104 9 1 6 3 13 5 11 7 2 9 4 10 8 0 14 12
114 105 9 1 6 3 13 5 11 7 0 9 4 10 8 2 14 12
110 101 9 1 6 3 13 5 7 2 0 9 4 11 10 8 14 12
110 102 8 1 6 3 13 5 7 2 8 9 4 11 10 0 14 12
111 103 8 1 6 3 13 5 7 2 8 9 4 11 0 10 14 12
112 104 8 1 6 3 13 5 7 0 8 9 4 11 2 10 14 12
112 105 7 1 6 3 13 5 0 7 8 9 4 11 2 10 14 12
114 106 8 1 6 3 13 5 11 7 8 9 4 0 2 10 14 12
115 108 7 1 6 3 13 5 11 7 8 9 4 12 2 10 14 0
117 109 8 1 6 3 13 5 11 7 8 9 0 12 2 10 14 4
115 107 8 1 6 3 13 5 11 7 8 9 4 2 0 10 14 12
116 108 8 1 6 3 13 5 11 7 8 9 4 2 10 0 14 12
113 105 8 1 0 3 13 5 7 6 8 9 4 11 2 10 14 12
115 106 9 1 3 0 13 5 7 6 8 9 4 11 2 10 14 12
116 107 9 1 3 13 0 5 7 6 8 9 4 11 2 10 14 12
119 110 9 1 6 3 13 0 11 7 8 9 5 12 2 10 14 4
120 112 8 1 6 3 13 4 11 7 8 9 5 12 2 10 14 0
123 114 9 1 6 3 13 4 11 7 8 9 5 0 2 10 14 12
123 115 8 1 6 3 13 4 0 7 8 9 5 11 2 10 14 12
125 116 9 1 6 3 13 4 7 0 8 9 5 11 2 10 14 12
126 117 9 1 6 3 13 4 7 2 8 9 5 11 0 10 14 12
127 118 9 1 6 3 13 4 7 2 8 9 5 11 10 0 14 12
126 117 9 1 0 3 13 4 7 6 8 9 5 11 2 10 14 12
112 103 9 1 6 3 13 5 7 2 8 9 4 11 10 14 0 12
112 104 8 1 6 3 13 5 7 2 8 9 4 11 10 14 12 0
114 105 9 1 6 3 13 5 7 2 8 9 0 11 10 14 12 4
113 104 9 1 6 3 13 5 7 2 8 9 4 0 11 10 14 12
114 106 8 1 6 3 13 5 7 2 8 9 4 12 11 10 14 0
116 107 9 1 6 3 13 5 7 2 8 9 0 12 11 10 14 4
116 107 9 1 6 3 13 5 7 0 8 9 4 2 11 10 14 12
116 108 8 1 6 3 13 5 0 7 8 9 4 2 11 10 14 12
117 109 8 1 6 3 13 5 2 7 8 9 4 0 11 10 14 12
118 111 7 1 6 3 13 5 2 7 8 9 4 12 11 10 14 0
117 110 7 1 6 3 13 5 2 7 8 9 4 11 0 10 14 12
118 111 7 1 6 3 13 5 2 7 8 9 4 11 10 0 14 12
120 112 8 1 6 3 13 5 2 7 8 9 4 11 10 14 0 12
120 113 7 1 6 3 13 5 2 7 8 9 4 11 10 14 12 0
122 114 8 1 6 3 13 5 2 7 8 9 0 11 10 14 12 4
120 112 8 1 6 3 13 5 2 7 0 9 4 11 10 8 14 12
119 111 8 1 6 3 13 5 2 0 8 9 4 11 7 10 14 12
120 112 8 1 6 3 13 5 0 2 8 9 4 11 7 10 14 12
120 112 8 1 0 3 13 5 2 6 8 9 4 11 7 10 14 12
120 112 8 1 6 3 13 5 2 7 8 9 0 12 11 10 14 4
122 113 9 1 6 3 13 5 2 7 8 0 9 12 11 10 14 4
123 114 9 1 6 3 0 5 2 7 8 13 9 12 11 10 14 4
122 113 9 1 6 3 13 0 2 7 8 9 5 12 11 10 14 4
123 115 8 1 6 3 13 4 2 7 8 9 5 12 11 10 14 0
126 117 9 1 6 3 13 4 2 7 8 9 5 0 11 10 14 12
126 118 8 1 6 3 13 4 2 7 8 9 5 11 0 10 14 12
127 119 8 1 6 3 13 4 2 7 8 9 5 11 10 0 14 12
129 120 9 1 6 3 13 4 2 7 8 9 5 11 10 14 0 12
129 121 8 1 6 3 13 4 2 7 8 9 5 11 10 14 12 0
131 122 9 1 6 3 13 4 2 7 8 9 0 11 10 14 12 5
125 116 9 1 6 3 13 12 2 7 8 9 5 0 11 10 14 4
126 118 8 1 6 3 13 12 2 7 8 9 5 4 11 10 14 0
125 117 8 1 6 3 13 12 2 7 8 9 5 11 0 10 14 4
126 118 8 1 6 3 13 12 2 7 8 9 5 11 10 0 14 4
128 119 9 1 6 3 13 12 2 7 8 9 5 11 10 14 0 4
128 120 8 1 6 3 13 12 2 7 8 9 5 11 10 14 4 0
131 122 9 1 6 3 13 0 2 7 8 9 5 11 10 14 4 12
131 123 8 1 6 3 13 5 2 7 8 9 0 11 10 14 4 12
131 124 7 1 6 3 13 5 2 7 8 9 12 11 10 14 4 0
133 125 8 1 6 3 13 5 2 7 8 9 12 11 10 14 0 4
133 126 7 1 6 3 13 5 2 7 8 9 12 11 10 0 14 4
134 127 7 1 6 3 13 5 2 7 8 9 12 11 0 10 14 4
136 128 8 1 6 3 13 5 2 7 8 9 12 0 11 10 14 4
137 130 7 1 6 3 13 5 2 7 8 9 12 4 11 10 14 0
139 131 8 1 6 3 13 5 2 7 8 9 0 4 11 10 14 12
137 129 8 1 6 3 13 5 0 7 8 9 12 2 11 10 14 4
136 128 8 1 6 3 13 5 2 0 8 9 12 11 7 10 14 4
137 129 8 1 6 3 13 5 0 2 8 9 12 11 7 10 14 4
137 129 8 1 0 3 13 5 2 6 8 9 12 11 7 10 14 4
135 127 8 1 6 3 13 5 2 7 0 9 12 11 10 8 14 4
137 128 9 1 6 3 13 5 2 7 9 0 12 11 10 8 14 4
138 129 9 1 6 3 13 5 2 7 9 12 0 11 10 8 14 4
138 130 8 1 6 3 13 5 2 7 9 12 4 11 10 8 14 0
138 129 9 1 6 3 0 5 2 7 9 13 12 11 10 8 14 4
137 128 9 1 6 3 13 5 2 0 7 9 12 11 10 8 14 4
138 129 9 1 6 3 13 5 0 2 7 9 12 11 10 8 14 4
138 129 9 1 6 3 13 5 2 10 7 9 12 11 0 8 14 4
139 130 9 1 6 3 13 5 2 10 7 9 12 11 8 0 14 4
140 131 9 1 6 3 13 5 2 10 0 9 12 11 8 7 14 4
141 132 9 1 6 3 13 5 2 0 10 9 12 11 8 7 14 4
142 133 9 1 6 3 13 5 0 2 10 9 12 11 8 7 14 4
117 108 9 0 6 3 13 5 11 7 8 9 4 1 2 10 14 12
119 111 8 12 6 3 13 5 11 7 8 9 4 1 2 10 14 0
122 113 9 12 6 3 13 5 11 7 8 9 4 0 2 10 14 1
122 114 8 12 6 3 13 5 0 7 8 9 4 11 2 10 14 1
124 115 9 12 6 3 13 5 7 0 8 9 4 11 2 10 14 1
125 116 9 12 6 3 13 5 7 2 8 9 4 11 0 10 14 1
126 117 9 12 6 3 13 5 7 2 8 9 4 11 10 0 14 1
124 115 9 1 6 3 13 0 2 7 8 9 5 11 10 14 12 4
125 116 9 1 6 3 0 13 2 7 8 9 5 11 10 14 12 4
124 115 9 1 6 3 13 4 11 7 8 9 5 2 0 10 14 12
125 116 9 1 6 3 13 4 11 7 8 9 5 2 10 0 14 12
122 113 9 1 6 3 13 12 11 7 8 9 5 0 2 10 14 4
123 115 8 1 6 3 13 12 11 7 8 9 5 4 2 10 14 0
122 114 8 1 6 3 13 12 0 7 8 9 5 11 2 10 14 4
124 115 9 1 6 3 13 12 7 0 8 9 5 11 2 10 14 4
125 116 9 1 6 3 13 12 7 2 8 9 5 11 0 10 14 4
126 117 9 1 6 3 13 12 7 2 8 9 5 11 10 0 14 4
124 115 9 1 6 3 13 5 2 7 8 9 4 0 10 14 12 11
125 116 9 1 6 3 13 5 2 7 8 9 4 10 0 14 12 11
126 117 9 1 6 3 13 5 2 7 8 9 4 10 14 0 12 11
127 118 9 1 6 3 13 5 2 7 8 9 4 10 14 12 0 11
127 119 8 1 6 3 13 5 2 7 8 9 4 10 14 12 11 0
130 121 9 1 6 3 13 5 2 7 8 9 4 0 14 12 11 10
131 122 9 1 6 3 13 5 2 7 8 9 4 14 0 12 11 10
131 123 8 1 6 3 13 5 2 7 8 9 4 14 12 0 11 10
132 124 8 1 6 3 13 5 2 7 8 9 4 14 12 11 0 10
132 125 7 1 6 3 13 5 2 7 8 9 4 14 12 11 10 0
135 127 8 1 6 3 13 5 2 7 8 9 4 0 12 11 10 14
136 128 8 1 6 3 13 5 0 7 8 9 4 2 12 11 10 14
134 126 8 1 6 3 13 5 2 7 8 9 0 14 12 11 10 4
136 127 9 1 6 3 13 5 2 7 8 0 9 14 12 11 10 4
137 128 9 1 6 3 13 5 2 7 8 10 9 14 12 11 0 4
137 129 8 1 6 3 13 5 2 7 8 10 9 14 12 11 4 0
141 132 9 1 6 3 13 5 2 7 8 0 9 14 12 11 4 10
141 133 8 1 6 3 13 5 2 7 8 9 0 14 12 11 4 10
140 134 6 1 6 3 13 5 2 7 8 9 10 14 12 11 4 0
143 136 7 1 6 3 13 5 2 7 8 9 10 0 12 11 4 14
144 137 7 1 6 3 13 5 0 7 8 9 10 2 12 11 4 14
142 135 7 1 6 3 13 5 2 7 8 9 10 14 12 11 0 4
143 136 7 1 6 3 13 5 2 7 8 9 10 14 12 0 11 4
145 137 8 1 6 3 13 5 2 7 8 9 10 14 0 12 11 4
146 138 8 1 6 3 13 5 2 7 8 9 10 0 14 12 11 4
147 140 7 1 6 3 13 5 2 7 8 9 10 4 14 12 11 0
149 141 8 1 6 3 13 5 2 7 8 9 10 4 14 12 0 11
150 142 8 1 6 3 13 5 2 7 8 9 10 4 14 0 12 11
151 143 8 1 6 3 13 5 2 7 8 9 10 4 0 14 12 11
152 144 8 1 6 3 13 5 2 7 8 9 10 0 4 14 12 11
152 146 6 1 6 3 13 5 2 7 8 9 10 11 4 14 12 0
154 147 7 1 6 3 13 5 2 7 8 9 10 11 4 14 0 12
154 148 6 1 6 3 13 5 2 7 8 9 10 11 4 0 14 12
155 149 6 1 6 3 13 5 2 7 8 9 10 11 0 4 14 12
157 150 7 1 6 3 13 5 2 7 8 9 10 0 11 4 14 12
158 152 6 1 6 3 13 5 2 7 8 9 10 12 11 4 14 0
158 151 7 1 6 3 13 5 0 7 8 9 10 2 11 4 14 12
157 150 7 1 6 3 13 5 2 0 8 9 10 11 7 4 14 12
158 151 7 1 6 3 13 5 0 2 8 9 10 11 7 4 14 12
158 151 7 1 0 3 13 5 2 6 8 9 10 11 7 4 14 12
156 149 7 1 6 3 13 5 2 7 0 9 10 11 4 8 14 12
158 150 8 1 6 3 13 5 2 7 9 0 10 11 4 8 14 12
159 151 8 1 6 3 0 5 2 7 9 13 10 11 4 8 14 12
158 150 8 1 6 3 13 5 2 0 7 9 10 11 4 8 14 12
159 151 8 1 6 3 13 5 0 2 7 9 10 11 4 8 14 12
159 151 8 1 6 3 13 5 2 4 7 9 10 11 0 8 14 12
160 152 8 1 6 3 13 5 2 4 7 9 10 11 8 0 14 12
161 153 8 1 6 3 13 5 2 4 0 9 10 11 8 7 14 12
162 154 8 1 6 3 13 5 2 0 4 9 10 11 8 7 14 12
163 155 8 1 6 3 13 5 0 2 4 9 10 11 8 7 14 12
163 155 8 1 6 3 13 5 2 8 4 9 10 11 0 7 14 12
164 156 8 1 6 3 13 5 2 8 4 9 10 11 7 0 14 12
145 137 8 0 6 3 13 5 2 7 8 9 10 14 12 11 4 1
147 139 8 14 6 3 13 5 2 7 8 9 10 0 12 11 4 1
148 141 7 14 6 3 13 5 2 7 8 9 10 1 12 11 4 0
150 142 8 14 6 3 13 5 2 7 8 9 10 1 12 11 0 4
151 143 8 14 6 3 13 5 2 7 8 9 10 1 12 0 11 4
148 140 8 14 6 3 13 5 0 7 8 9 10 2 12 11 4 1
160 152 8 0 6 3 13 5 2 7 8 9 10 1 11 4 14 12
162 155 7 12 6 3 13 5 2 7 8 9 10 1 11 4 14 0
165 157 8 12 6 3 13 5 2 7 8 9 10 0 11 4 14 1
165 158 7 12 6 3 13 5 2 7 8 9 10 11 0 4 14 1
166 159 7 12 6 3 13 5 2 7 8 9 10 11 4 0 14 1
168 160 8 12 6 3 13 5 2 7 8 9 10 11 4 14 0 1
168 161 7 12 6 3 13 5 2 7 8 9 10 11 4 14 1 0
172 164 8 0 6 3 13 5 2 7 8 9 10 11 4 14 1 12
173 165 8 6 0 3 13 5 2 7 8 9 10 11 4 14 1 12
173 165 8 2 6 3 13 5 0 7 8 9 10 11 4 14 1 12
159 151 8 1 6 3 13 5 2 8 0 9 10 11 7 4 14 12
163 155 8 1 6 3 13 5 2 7 8 0 10 12 11 4 14 9
164 156 8 1 6 3 0 5 2 7 8 13 10 12 11 4 14 9
145 137 8 1 6 3 13 5 2 7 8 0 10 14 12 11 4 9
146 138 8 1 6 3 13 5 2 7 8 4 10 14 12 11 0 9
146 139 7 1 6 3 13 5 2 7 8 4 10 14 12 11 9 0
149 141 8 1 6 3 13 5 2 7 8 4 10 0 12 11 9 14
150 142 8 1 6 3 13 5 0 7 8 4 10 2 12 11 9 14
147 139 8 1 6 3 13 5 2 7 8 4 10 14 12 0 11 9
160 152 8 0 1 3 13 5 2 6 8 9 10 11 7 4 14 12
162 155 7 12 1 3 13 5 2 6 8 9 10 11 7 4 14 0
163 155 8 6 1 3 13 5 2 0 8 9 10 11 7 4 14 12
163 156 7 6 1 3 13 5 2 7 8 9 10 11 0 4 14 12
164 157 7 6 1 3 13 5 2 7 8 9 10 11 4 0 14 12
166 158 8 6 1 3 13 5 2 7 8 9 10 11 4 14 0 12
166 159 7 6 1 3 13 5 2 7 8 9 10 11 4 14 12 0
170 162 8 0 1 3 13 5 2 7 8 9 10 11 4 14 12 6
170 163 7 1 0 3 13 5 2 7 8 9 10 11 4 14 12 6
172 164 8 1 3 0 13 5 2 7 8 9 10 11 4 14 12 6
173 165 8 1 3 13 0 5 2 7 8 9 10 11 4 14 12 6
172 164 8 1 7 3 13 5 2 0 8 9 10 11 4 14 12 6
173 165 8 1 7 3 13 5 0 2 8 9 10 11 4 14 12 6
173 165 8 1 7 3 13 5 2 4 8 9 10 11 0 14 12 6
174 166 8 1 7 3 13 5 2 4 8 9 10 11 14 0 12 6
175 167 8 1 7 3 13 5 2 4 8 9 10 11 14 12 0 6
175 168 7 1 7 3 13 5 2 4 8 9 10 11 14 12 6 0
161 153 8 2 1 3 13 5 0 6 8 9 10 11 7 4 14 12
161 154 7 2 1 3 13 5 6 0 8 9 10 11 7 4 14 12
161 155 6 2 1 3 13 5 6 7 8 9 10 11 0 4 14 12
162 156 6 2 1 3 13 5 6 7 8 9 10 11 4 0 14 12
164 157 7 2 1 3 13 5 6 7 8 9 10 11 4 14 0 12
164 158 6 2 1 3 13 5 6 7 8 9 10 11 4 14 12 0
168 161 7 0 1 3 13 5 6 7 8 9 10 11 4 14 12 2
168 162 6 1 0 3 13 5 6 7 8 9 10 11 4 14 12 2
170 163 7 1 3 0 13 5 6 7 8 9 10 11 4 14 12 2
171 164 7 1 3 13 0 5 6 7 8 9 10 11 4 14 12 2
170 163 7 1 7 3 13 5 6 0 8 9 10 11 4 14 12 2
171 164 7 1 7 3 13 5 6 4 8 9 10 11 0 14 12 2
172 165 7 1 7 3 13 5 6 4 8 9 10 11 14 0 12 2
173 166 7 1 7 3 13 5 6 4 8 9 10 11 14 12 0 2
173 167 6 1 7 3 13 5 6 4 8 9 10 11 14 12 2 0
164 157 7 2 1 3 13 5 6 7 0 9 10 11 4 8 14 12
163 156 7 2 1 3 13 5 6 7 8 9 10 0 11 4 14 12
164 158 6 2 1 3 13 5 6 7 8 9 10 12 11 4 14 0
168 161 7 0 1 3 13 5 6 7 8 9 10 12 11 4 14 2
168 162 6 1 0 3 13 5 6 7 8 9 10 12 11 4 14 2
170 163 7 1 3 0 13 5 6 7 8 9 10 12 11 4 14 2
171 164 7 1 3 13 0 5 6 7 8 9 10 12 11 4 14 2
170 163 7 1 7 3 13 5 6 0 8 9 10 12 11 4 14 2
171 164 7 1 7 3 13 5 6 11 8 9 10 12 0 4 14 2
171 165 6 1 7 3 13 5 6 11 8 9 10 0 12 4 14 2
173 168 5 1 7 3 13 5 6 0 8 9 10 11 12 4 14 2
173 169 4 1 0 3 13 5 6 7 8 9 10 11 12 4 14 2
175 170 5 1 3 0 13 5 6 7 8 9 10 11 12 4 14 2
176 171 5 1 3 13 0 5 6 7 8 9 10 11 12 4 14 2
175 170 5 0 1 3 13 5 6 7 8 9 10 11 12 4 14 2
177 173 4 2 1 3 13 5 6 7 8 9 10 11 12 4 14 0
172 167 5 1 7 3 13 5 6 11 8 9 10 2 12 4 14 0
177 171 6 6 1 3 13 5 0 7 8 9 10 11 12 4 14 2
182 176 6 2 1 3 13 5 6 7 8 0 10 11 12 4 14 9
183 177 6 2 1 3 0 5 6 7 8 13 10 11 12 4 14 9
181 175 6 2 1 3 13 0 6 7 8 9 10 11 12 4 14 5
183 177 6 0 1 3 13 2 6 7 8 9 10 11 12 4 14 5
185 180 5 5 1 3 13 2 6 7 8 9 10 11 12 4 14 0
183 178 5 1 0 3 13 2 6 7 8 9 10 11 12 4 14 5
185 179 6 1 3 0 13 2 6 7 8 9 10 11 12 4 14 5
186 180 6 1 3 13 0 2 6 7 8 9 10 11 12 4 14 5
187 181 6 1 3 13 2 0 6 7 8 9 10 11 12 4 14 5
187 183 4 1 3 13 2 5 6 7 8 9 10 11 12 4 14 0
192 186 6 1 3 13 2 5 6 7 8 0 10 11 12 4 14 9
193 187 6 1 3 13 0 5 6 7 8 2 10 11 12 4 14 9
194 188 6 1 3 0 13 5 6 7 8 2 10 11 12 4 14 9
194 189 5 1 0 3 13 5 6 7 8 2 10 11 12 4 14 9
196 190 6 0 1 3 13 5 6 7 8 2 10 11 12 4 14 9
198 193 5 9 1 3 13 5 6 7 8 2 10 11 12 4 14 0
202 196 6 9 1 3 13 5 6 7 8 0 10 11 12 4 14 2
203 197 6 9 1 3 0 5 6 7 8 13 10 11 12 4 14 2
196 190 6 1 7 3 13 5 6 0 8 2 10 11 12 4 14 9
192 186 6 0 3 13 2 5 6 7 8 9 10 11 12 4 14 1
193 187 6 3 0 13 2 5 6 7 8 9 10 11 12 4 14 1
194 188 6 3 13 0 2 5 6 7 8 9 10 11 12 4 14 1
195 189 6 3 13 2 0 5 6 7 8 9 10 11 12 4 14 1
191 185 6 1 3 13 2 5 6 7 8 9 10 0 12 4 14 11
180 174 6 2 1 3 13 5 6 7 8 9 0 11 12 4 14 10
175 169 6 1 7 3 13 5 6 8 0 9 10 11 12 4 14 2
176 170 6 1 7 3 13 5 6 8 4 9 10 11 12 0 14 2
178 172 6 1 3 13 9 5 6 7 8 0 10 11 12 4 14 2
181 175 6 2 1 3 13 5 6 7 8 9 10 0 12 4 14 11
183 177 6 0 1 3 13 5 6 7 8 9 10 2 12 4 14 11
185 180 5 11 1 3 13 5 6 7 8 9 10 2 12 4 14 0
183 178 5 1 0 3 13 5 6 7 8 9 10 2 12 4 14 11
185 179 6 1 3 0 13 5 6 7 8 9 10 2 12 4 14 11
186 180 6 1 3 13 0 5 6 7 8 9 10 2 12 4 14 11
185 179 6 1 7 3 13 5 6 0 8 9 10 2 12 4 14 11
180 174 6 2 1 3 13 5 6 7 8 9 10 11 12 4 0 14
181 175 6 2 1 3 13 5 6 7 8 9 10 11 12 0 4 14
175 169 6 1 7 3 13 5 6 12 8 9 10 11 0 4 14 2
176 170 6 1 7 3 13 5 6 12 8 9 10 11 4 0 14 2
175 169 6 1 7 3 13 5 0 6 8 9 10 11 12 4 14 2
179 173 6 7 1 3 13 5 6 0 8 9 10 11 12 4 14 2
180 174 6 7 0 3 13 5 6 1 8 9 10 11 12 4 14 2
181 175 6 0 7 3 13 5 6 1 8 9 10 11 12 4 14 2
183 178 5 2 7 3 13 5 6 1 8 9 10 11 12 4 14 0
178 172 6 1 3 13 5 0 6 7 8 9 10 11 12 4 14 2
179 174 5 1 3 13 5 2 6 7 8 9 10 11 12 4 14 0
178 172 6 11 1 3 13 5 6 7 8 9 10 0 12 4 14 2
185 179 6 1 7 3 13 2 6 0 8 9 10 11 12 4 14 5
177 171 6 1 3 8 13 5 6 7 0 9 10 11 12 4 14 2
178 172 6 1 3 8 13 5 6 7 4 9 10 11 12 0 14 2
182 176 6 2 1 3 0 13 6 7 8 9 10 11 12 4 14 5
190 184 6 1 3 13 2 5 6 7 8 9 10 11 12 4 0 14
191 185 6 1 3 13 2 5 6 7 8 9 10 11 12 0 4 14
178 172 6 5 1 3 13 0 6 7 8 9 10 11 12 4 14 2
179 173 6 5 1 3 0 13 6 7 8 9 10 11 12 4 14 2
190 184 6 1 3 13 2 5 6 7 8 9 0 11 12 4 14 10
192 185 7 1 3 13 2 5 6 7 8 0 9 11 12 4 14 10
193 186 7 1 3 13 0 5 6 7 8 2 9 11 12 4 14 10
194 187 7 1 3 0 13 5 6 7 8 2 9 11 12 4 14 10
194 188 6 1 0 3 13 5 6 7 8 2 9 11 12 4 14 10
196 189 7 0 1 3 13 5 6 7 8 2 9 11 12 4 14 10
198 192 6 10 1 3 13 5 6 7 8 2 9 11 12 4 14 0
202 195 7 10 1 3 13 5 6 7 8 0 9 11 12 4 14 2
202 196 6 10 1 3 13 5 6 7 8 9 0 11 12 4 14 2
202 197 5 10 1 3 13 5 6 7 8 9 2 11 12 4 14 0
206 200 6 0 1 3 13 5 6 7 8 9 2 11 12 4 14 10
206 201 5 1 0 3 13 5 6 7 8 9 2 11 12 4 14 10
208 202 6 1 3 0 13 5 6 7 8 9 2 11 12 4 14 10
209 203 6 1 3 13 0 5 6 7 8 9 2 11 12 4 14 10
208 202 6 1 7 3 13 5 6 0 8 9 2 11 12 4 14 10
210 203 7 1 7 3 13 5 6 8 0 9 2 11 12 4 14 10
211 204 7 1 7 3 13 5 6 8 4 9 2 11 12 0 14 10
210 203 7 1 7 3 13 5 0 6 8 9 2 11 12 4 14 10
210 203 7 1 7 3 13 5 6 12 8 9 2 11 0 4 14 10
211 204 7 1 7 3 13 5 6 12 8 9 2 11 4 0 14 10
177 170 7 1 7 3 13 5 6 8 9 0 10 11 12 4 14 2
178 171 7 1 7 3 0 5 6 8 9 13 10 11 12 4 14 2
196 189 7 1 3 8 13 5 6 7 0 2 10 11 12 4 14 9
197 190 7 1 3 8 13 5 6 7 2 0 10 11 12 4 14 9
198 191 7 1 3 8 0 5 6 7 2 13 10 11 12 4 14 9
199 192 7 1 3 0 8 5 6 7 2 13 10 11 12 4 14 9
199 193 6 1 0 3 8 5 6 7 2 13 10 11 12 4 14 9
201 194 7 0 1 3 8 5 6 7 2 13 10 11 12 4 14 9
203 197 6 9 1 3 8 5 6 7 2 13 10 11 12 4 14 0
207 200 7 9 1 3 8 5 6 7 2 0 10 11 12 4 14 13
208 201 7 9 1 3 8 5 6 7 0 2 10 11 12 4 14 13
209 202 7 9 1 3 8 5 6 7 4 2 10 11 12 0 14 13
208 201 7 9 1 3 0 5 6 7 2 8 10 11 12 4 14 13
201 194 7 1 7 3 8 5 6 0 2 13 10 11 12 4 14 9
202 195 7 1 7 3 8 5 6 2 0 13 10 11 12 4 14 9
203 196 7 1 7 3 8 5 6 2 13 0 10 11 12 4 14 9
204 197 7 1 7 3 0 5 6 2 13 8 10 11 12 4 14 9
203 196 7 1 7 3 8 5 6 2 4 13 10 11 12 0 14 9
190 183 7 5 1 3 13 2 6 7 8 0 10 11 12 4 14 9
191 184 7 5 1 3 0 2 6 7 8 13 10 11 12 4 14 9
192 185 7 5 1 3 2 0 6 7 8 13 10 11 12 4 14 9
193 187 6 5 1 3 2 9 6 7 8 13 10 11 12 4 14 0
193 187 6 0 1 3 2 5 6 7 8 13 10 11 12 4 14 9
195 190 5 9 1 3 2 5 6 7 8 13 10 11 12 4 14 0
193 188 5 1 0 3 2 5 6 7 8 13 10 11 12 4 14 9
195 189 6 1 3 0 2 5 6 7 8 13 10 11 12 4 14 9
196 190 6 1 3 2 0 5 6 7 8 13 10 11 12 4 14 9
197 191 6 1 3 2 13 5 6 7 8 0 10 11 12 4 14 9
195 189 6 1 7 3 2 5 6 0 8 13 10 11 12 4 14 9
199 193 6 9 1 3 2 5 6 7 8 0 10 11 12 4 14 13
200 194 6 9 1 3 0 5 6 7 8 2 10 11 12 4 14 13
202 195 7 9 1 3 5 0 6 7 8 2 10 11 12 4 14 13
203 197 6 9 1 3 5 13 6 7 8 2 10 11 12 4 14 0
207 200 7 9 1 3 5 13 6 7 8 0 10 11 12 4 14 2
208 201 7 9 1 3 0 13 6 7 8 5 10 11 12 4 14 2
209 202 7 9 1 3 13 0 6 7 8 5 10 11 12 4 14 2
210 204 6 9 1 3 13 2 6 7 8 5 10 11 12 4 14 0
214 207 7 9 1 3 13 2 6 7 8 0 10 11 12 4 14 5
215 208 7 9 1 3 0 2 6 7 8 13 10 11 12 4 14 5
214 207 7 0 1 3 13 2 6 7 8 5 10 11 12 4 14 9
214 208 6 1 0 3 13 2 6 7 8 5 10 11 12 4 14 9
216 209 7 1 3 0 13 2 6 7 8 5 10 11 12 4 14 9
217 210 7 1 3 13 0 2 6 7 8 5 10 11 12 4 14 9
218 211 7 1 3 13 2 0 6 7 8 5 10 11 12 4 14 9
219 213 6 1 3 13 2 9 6 7 8 5 10 11 12 4 14 0
200 193 7 7 1 3 13 5 6 0 8 2 10 11 12 4 14 9
201 194 7 7 0 3 13 5 6 1 8 2 10 11 12 4 14 9
202 195 7 0 7 3 13 5 6 1 8 2 10 11 12 4 14 9
204 198 6 9 7 3 13 5 6 1 8 2 10 11 12 4 14 0
208 201 7 9 7 3 13 5 6 1 8 0 10 11 12 4 14 2
209 202 7 9 7 3 0 5 6 1 8 13 10 11 12 4 14 2
205 198 7 9 1 3 5 0 6 7 8 13 10 11 12 4 14 2
206 200 6 9 1 3 5 2 6 7 8 13 10 11 12 4 14 0
210 203 7 0 1 3 5 2 6 7 8 13 10 11 12 4 14 9
210 204 6 1 0 3 5 2 6 7 8 13 10 11 12 4 14 9
212 205 7 1 3 0 5 2 6 7 8 13 10 11 12 4 14 9
213 206 7 1 3 5 0 2 6 7 8 13 10 11 12 4 14 9
214 207 7 1 3 5 2 0 6 7 8 13 10 11 12 4 14 9
215 209 6 1 3 5 2 9 6 7 8 13 10 11 12 4 14 0
219 212 7 1 3 5 2 9 6 7 8 0 10 11 12 4 14 13
220 213 7 1 3 5 0 9 6 7 8 2 10 11 12 4 14 13
221 214 7 1 3 5 9 0 6 7 8 2 10 11 12 4 14 13
222 216 6 1 3 5 9 13 6 7 8 2 10 11 12 4 14 0
226 219 7 1 3 5 9 13 6 7 8 0 10 11 12 4 14 2
226 220 6 1 3 5 0 13 6 7 8 9 10 11 12 4 14 2
227 221 6 1 3 5 13 0 6 7 8 9 10 11 12 4 14 2
228 223 5 1 3 5 13 2 6 7 8 9 10 11 12 4 14 0
227 221 6 1 3 0 5 13 6 7 8 9 10 11 12 4 14 2
227 222 5 1 0 3 5 13 6 7 8 9 10 11 12 4 14 2
229 223 6 0 1 3 5 13 6 7 8 9 10 11 12 4 14 2
231 226 5 2 1 3 5 13 6 7 8 9 10 11 12 4 14 0
234 228 6 2 1 3 5 0 6 7 8 9 10 11 12 4 14 13
234 229 5 2 1 3 0 5 6 7 8 9 10 11 12 4 14 13
236 230 6 2 1 0 3 5 6 7 8 9 10 11 12 4 14 13
237 231 6 2 0 1 3 5 6 7 8 9 10 11 12 4 14 13
237 232 5 0 2 1 3 5 6 7 8 9 10 11 12 4 14 13
239 235 4 13 2 1 3 5 6 7 8 9 10 11 12 4 14 0
244 238 6 13 2 1 3 5 6 7 8 0 10 11 12 4 14 9
245 239 6 13 2 1 0 5 6 7 8 3 10 11 12 4 14 9
246 240 6 13 2 0 1 5 6 7 8 3 10 11 12 4 14 9
243 237 6 13 2 1 3 0 6 7 8 9 10 11 12 4 14 5
245 239 6 0 2 1 3 13 6 7 8 9 10 11 12 4 14 5
247 242 5 5 2 1 3 13 6 7 8 9 10 11 12 4 14 0
244 238 6 13 2 1 0 3 6 7 8 9 10 11 12 4 14 5
245 239 6 13 2 0 1 3 6 7 8 9 10 11 12 4 14 5
243 237 6 13 2 1 3 5 6 7 8 9 10 0 12 4 14 11
245 239 6 0 2 1 3 5 6 7 8 9 10 13 12 4 14 11
247 242 5 11 2 1 3 5 6 7 8 9 10 13 12 4 14 0
242 236 6 13 2 1 3 5 6 7 8 9 10 11 12 4 0 14
243 237 6 13 2 1 3 5 6 7 8 9 10 11 12 0 4 14
242 236 6 13 2 1 3 5 6 7 8 9 0 11 12 4 14 10
236 230 6 2 1 3 9 5 6 7 8 0 10 11 12 4 14 13
229 223 6 1 7 3 5 13 6 0 8 9 10 11 12 4 14 2
240 234 6 11 2 1 3 5 6 7 8 9 10 0 12 4 14 13
231 225 6 13 1 3 5 0 6 7 8 9 10 11 12 4 14 2
232 227 5 13 1 3 5 2 6 7 8 9 10 11 12 4 14 0
231 226 5 13 1 3 0 5 6 7 8 9 10 11 12 4 14 2
233 227 6 13 1 0 3 5 6 7 8 9 10 11 12 4 14 2
234 228 6 13 0 1 3 5 6 7 8 9 10 11 12 4 14 2
235 229 6 0 13 1 3 5 6 7 8 9 10 11 12 4 14 2
237 232 5 2 13 1 3 5 6 7 8 9 10 11 12 4 14 0
233 227 6 13 1 3 9 5 6 7 8 0 10 11 12 4 14 2
240 234 6 5 2 1 3 0 6 7 8 9 10 11 12 4 14 13
241 235 6 5 2 1 0 3 6 7 8 9 10 11 12 4 14 13
242 236 6 5 2 0 1 3 6 7 8 9 10 11 12 4 14 13
239 233 6 6 2 1 3 5 0 7 8 9 10 11 12 4 14 13
236 230 6 0 1 3 5 2 6 7 8 9 10 11 12 4 14 13
236 231 5 1 0 3 5 2 6 7 8 9 10 11 12 4 14 13
238 232 6 1 3 0 5 2 6 7 8 9 10 11 12 4 14 13
239 233 6 1 3 5 0 2 6 7 8 9 10 11 12 4 14 13
240 234 6 1 3 5 2 0 6 7 8 9 10 11 12 4 14 13
241 236 5 1 3 5 2 13 6 7 8 9 10 11 12 4 14 0
238 232 6 1 7 3 5 2 6 0 8 9 10 11 12 4 14 13
241 235 6 7 2 1 3 5 6 0 8 9 10 11 12 4 14 13
243 236 7 7 2 1 3 5 6 8 0 9 10 11 12 4 14 13
244 237 7 7 2 1 3 5 6 8 4 9 10 11 12 0 14 13
244 237 7 7 2 0 3 5 6 8 1 9 10 11 12 4 14 13
244 238 6 7 2 3 0 5 6 8 1 9 10 11 12 4 14 13
246 239 7 7 2 3 5 0 6 8 1 9 10 11 12 4 14 13
247 241 6 7 2 3 5 13 6 8 1 9 10 11 12 4 14 0
251 244 7 0 2 3 5 13 6 8 1 9 10 11 12 4 14 7
254 247 7 8 2 3 5 13 6 0 1 9 10 11 12 4 14 7
255 248 7 8 2 3 5 13 6 1 0 9 10 11 12 4 14 7
256 249 7 8 2 3 5 13 6 1 4 9 10 11 12 0 14 7
253 246 7 13 2 3 5 0 6 8 1 9 10 11 12 4 14 7
254 248 6 13 2 3 5 7 6 8 1 9 10 11 12 4 14 0
253 247 6 13 2 3 0 5 6 8 1 9 10 11 12 4 14 7
255 248 7 13 2 0 3 5 6 8 1 9 10 11 12 4 14 7
256 249 7 13 2 1 3 5 6 8 0 9 10 11 12 4 14 7
256 250 6 13 2 1 3 5 6 0 8 9 10 11 12 4 14 7
258 251 7 13 2 1 3 5 0 6 8 9 10 11 12 4 14 7
258 251 7 13 2 1 3 5 6 12 8 9 10 11 0 4 14 7
259 252 7 13 2 1 3 5 6 12 8 9 10 11 4 0 14 7
183 176 7 6 7 3 13 5 0 1 8 9 10 11 12 4 14 2
184 177 7 6 7 3 13 5 1 0 8 9 10 11 12 4 14 2
184 178 6 6 0 3 13 5 1 7 8 9 10 11 12 4 14 2
185 179 6 0 6 3 13 5 1 7 8 9 10 11 12 4 14 2
187 182 5 2 6 3 13 5 1 7 8 9 10 11 12 4 14 0
185 180 5 1 6 3 13 5 0 7 8 9 10 11 12 4 14 2
187 181 6 1 6 3 13 5 7 0 8 9 10 11 12 4 14 2
188 182 6 1 0 3 13 5 7 6 8 9 10 11 12 4 14 2
187 181 6 1 6 3 13 5 11 7 8 9 10 0 12 4 14 2
188 183 5 1 6 3 13 5 11 7 8 9 10 2 12 4 14 0
193 186 7 1 6 3 13 5 11 7 8 0 10 2 12 4 14 9
194 187 7 1 6 3 0 5 11 7 8 13 10 2 12 4 14 9
193 186 7 0 6 3 13 5 11 7 8 9 10 2 12 4 14 1
195 188 7 2 6 3 13 5 11 7 8 9 10 0 12 4 14 1
196 190 6 2 6 3 13 5 11 7 8 9 10 1 12 4 14 0
195 189 6 2 6 3 13 5 0 7 8 9 10 11 12 4 14 1
197 190 7 2 6 3 13 5 7 0 8 9 10 11 12 4 14 1
198 191 7 2 0 3 13 5 7 6 8 9 10 11 12 4 14 1
198 192 6 0 2 3 13 5 7 6 8 9 10 11 12 4 14 1
199 195 4 1 2 3 13 5 7 6 8 9 10 11 12 4 14 0
204 198 6 1 2 3 13 5 7 6 8 0 10 11 12 4 14 9
205 199 6 1 2 3 0 5 7 6 8 13 10 11 12 4 14 9
203 197 6 1 2 3 13 0 7 6 8 9 10 11 12 4 14 5
204 198 6 1 2 3 0 13 7 6 8 9 10 11 12 4 14 5
203 197 6 1 2 3 13 5 7 6 8 9 10 0 12 4 14 11
206 200 6 1 2 3 13 5 7 0 8 9 10 6 12 4 14 11
206 201 5 1 2 3 13 5 0 7 8 9 10 6 12 4 14 11
206 202 4 1 2 3 13 5 6 7 8 9 10 0 12 4 14 11
206 204 2 1 2 3 13 5 6 7 8 9 10 11 12 4 14 0
211 207 4 1 2 3 13 5 6 7 8 0 10 11 12 4 14 9
212 208 4 1 2 3 0 5 6 7 8 13 10 11 12 4 14 9
211 207 4 0 2 3 13 5 6 7 8 9 10 11 12 4 14 1
210 206 4 1 2 3 13 0 6 7 8 9 10 11 12 4 14 5
211 207 4 1 2 3 0 13 6 7 8 9 10 11 12 4 14 5
209 205 4 1 2 3 13 5 6 7 8 9 10 11 12 4 0 14
210 206 4 1 2 3 13 5 6 7 8 9 10 11 12 0 4 14
209 205 4 1 2 3 13 5 6 7 8 9 0 11 12 4 14 10
211 206 5 1 2 3 13 5 6 7 8 0 9 11 12 4 14 10
212 207 5 1 2 3 0 5 6 7 8 13 9 11 12 4 14 10
214 209 5 1 2 3 13 9 6 7 8 0 10 11 12 4 14 5
215 210 5 1 2 3 0 9 6 7 8 13 10 11 12 4 14 5
216 211 5 1 2 3 9 0 6 7 8 13 10 11 12 4 14 5
216 213 3 1 2 3 9 5 6 7 8 13 10 11 12 4 14 0
220 216 4 1 2 3 9 5 6 7 8 0 10 11 12 4 14 13
220 217 3 1 2 3 0 5 6 7 8 9 10 11 12 4 14 13
222 218 4 1 2 3 5 0 6 7 8 9 10 11 12 4 14 13
223 220 3 1 2 3 5 13 6 7 8 9 10 11 12 4 14 0
222 218 4 1 2 0 3 5 6 7 8 9 10 11 12 4 14 13
224 219 5 1 0 2 3 5 6 7 8 9 10 11 12 4 14 13
224 219 5 1 2 8 3 5 6 7 0 9 10 11 12 4 14 13
225 220 5 1 2 8 3 5 6 7 4 9 10 11 12 0 14 13
228 223 5 1 2 3 5 13 6 7 8 0 10 11 12 4 14 9
229 224 5 1 2 3 0 13 6 7 8 5 10 11 12 4 14 9
230 225 5 1 2 3 13 0 6 7 8 5 10 11 12 4 14 9
231 227 4 1 2 3 13 9 6 7 8 5 10 11 12 4 14 0
228 223 5 0 2 3 5 13 6 7 8 9 10 11 12 4 14 1
230 225 5 13 2 3 5 0 6 7 8 9 10 11 12 4 14 1
231 227 4 13 2 3 5 1 6 7 8 9 10 11 12 4 14 0
230 226 4 13 2 3 0 5 6 7 8 9 10 11 12 4 14 1
232 227 5 13 2 0 3 5 6 7 8 9 10 11 12 4 14 1
232 227 5 13 2 3 9 5 6 7 8 0 10 11 12 4 14 1
214 209 5 1 2 3 5 0 6 7 8 13 10 11 12 4 14 9
215 211 4 1 2 3 5 9 6 7 8 13 10 11 12 4 14 0
214 209 5 1 2 0 3 5 6 7 8 13 10 11 12 4 14 9
209 204 5 0 2 3 13 5 6 7 8 9 10 1 12 4 14 11
211 207 4 11 2 3 13 5 6 7 8 9 10 1 12 4 14 0
213 208 5 1 2 0 3 13 6 7 8 9 10 11 12 4 14 5
213 208 5 1 2 3 13 5 6 7 0 8 10 11 12 4 14 9
214 209 5 1 2 3 13 5 6 7 4 8 10 11 12 0 14 9
212 207 5 1 2 3 13 10 6 7 8 9 0 11 12 4 14 5
212 208 4 1 2 3 13 10 6 7 8 9 5 11 12 4 14 0
211 206 5 1 2 3 13 0 6 7 8 9 5 11 12 4 14 10
212 207 5 1 2 3 0 13 6 7 8 9 5 11 12 4 14 10
213 208 5 2 0 3 13 5 6 7 8 9 10 11 12 4 14 1
212 207 5 1 2 3 13 5 6 7 0 9 10 11 12 8 4 14
225 220 5 0 2 3 5 1 6 7 8 9 10 11 12 4 14 13
213 208 5 1 2 3 13 5 6 7 8 14 10 11 12 4 0 9
213 209 4 1 2 3 13 5 6 7 8 14 10 11 12 4 9 0
214 209 5 1 2 3 13 5 6 7 8 14 10 11 12 0 4 9
219 214 5 1 2 3 9 5 6 7 8 13 10 11 12 4 0 14
220 215 5 1 2 3 9 5 6 7 8 13 10 11 12 0 4 14
220 215 5 1 2 3 9 5 6 7 8 0 10 11 12 4 13 14
220 216 4 1 2 3 0 5 6 7 8 9 10 11 12 4 13 14
222 217 5 1 2 3 5 0 6 7 8 9 10 11 12 4 13 14
223 219 4 1 2 3 5 14 6 7 8 9 10 11 12 4 13 0
225 220 5 1 2 3 5 14 6 7 8 9 10 11 12 4 0 13
226 221 5 1 2 3 5 14 6 7 8 9 10 11 12 0 4 13
222 217 5 1 2 0 3 5 6 7 8 9 10 11 12 4 13 14
224 219 5 1 2 3 5 10 6 7 8 9 0 11 12 4 14 13
224 220 4 1 2 3 5 10 6 7 8 9 13 11 12 4 14 0
227 222 5 1 2 3 5 0 6 7 8 9 13 11 12 4 14 10
227 223 4 1 2 3 0 5 6 7 8 9 13 11 12 4 14 10
229 224 5 1 2 0 3 5 6 7 8 9 13 11 12 4 14 10
229 224 5 1 2 3 9 5 6 7 8 0 13 11 12 4 14 10
226 221 5 1 2 3 5 11 6 7 8 9 10 0 12 4 14 13
227 223 4 1 2 3 5 11 6 7 8 9 10 13 12 4 14 0
230 225 5 1 2 3 5 0 6 7 8 9 10 13 12 4 14 11
230 226 4 1 2 3 0 5 6 7 8 9 10 13 12 4 14 11
232 227 5 1 2 0 3 5 6 7 8 9 10 13 12 4 14 11
232 227 5 1 2 3 9 5 6 7 8 0 10 13 12 4 14 11
215 210 5 7 2 3 13 5 6 0 8 9 10 11 12 4 14 1
214 209 5 5 2 3 13 0 6 7 8 9 10 11 12 4 14 1
215 211 4 5 2 3 13 1 6 7 8 9 10 11 12 4 14 0
215 210 5 5 2 3 0 13 6 7 8 9 10 11 12 4 14 1
211 206 5 1 2 3 13 5 6 7 8 0 10 11 12 4 9 14
212 207 5 1 2 3 0 5 6 7 8 13 10 11 12 4 9 14
221 216 5 0 2 3 9 5 6 7 8 13 10 11 12 4 14 1
210 205 5 1 2 3 13 0 6 7 8 9 10 5 12 4 14 11
211 207 4 1 2 3 13 11 6 7 8 9 10 5 12 4 14 0
211 206 5 1 2 3 0 13 6 7 8 9 10 5 12 4 14 11
212 207 5 1 2 3 13 5 6 7 8 9 10 11 0 12 4 14
213 208 5 1 2 3 13 5 6 7 8 10 0 11 12 4 14 9
213 209 4 1 2 3 13 5 6 7 8 10 9 11 12 4 14 0
226 221 5 1 2 3 5 13 6 7 8 9 0 11 12 4 14 10
222 217 5 1 2 3 9 5 6 7 8 10 0 11 12 4 14 13
222 218 4 1 2 3 9 5 6 7 8 10 13 11 12 4 14 0
210 205 5 1 2 3 13 5 6 0 8 9 10 7 12 4 14 11
219 214 5 1 2 3 9 5 6 7 8 13 0 11 12 4 14 10
219 214 5 1 2 3 5 9 6 7 8 0 10 11 12 4 14 13
220 215 5 1 2 3 0 9 6 7 8 5 10 11 12 4 14 13
221 216 5 1 2 3 9 0 6 7 8 5 10 11 12 4 14 13
222 218 4 1 2 3 9 13 6 7 8 5 10 11 12 4 14 0
213 208 5 0 2 3 13 1 6 7 8 9 10 11 12 4 14 5
208 203 5 1 2 3 13 5 6 7 8 9 10 12 0 4 14 11
209 204 5 1 2 3 13 5 6 7 8 9 10 12 4 0 14 11
213 208 5 6 2 3 13 5 0 7 8 9 10 11 12 4 14 1
214 209 5 1 2 3 13 11 6 7 8 9 10 0 12 4 14 5
220 215 5 1 2 3 9 5 6 7 8 13 10 0 12 4 14 11
227 222 5 1 2 3 5 13 6 7 8 9 10 0 12 4 14 11
226 221 5 1 2 3 5 13 6 7 8 9 10 11 12 4 0 14
227 222 5 1 2 3 5 13 6 7 8 9 10 11 12 0 4 14
214 209 5 11 2 3 13 5 6 7 8 9 10 0 12 4 14 1
222 217 5 1 2 3 9 5 6 7 8 14 10 11 12 4 0 13
222 218 4 1 2 3 9 5 6 7 8 14 10 11 12 4 13 0
223 218 5 1 2 3 9 5 6 7 8 14 10 11 12 0 4 13
213 208 5 1 2 3 9 13 6 7 8 0 10 11 12 4 14 5
222 217 5 1 2 3 9 5 6 7 0 8 10 11 12 4 14 13
223 218 5 1 2 3 9 5 6 7 4 8 10 11 12 0 14 13
225 219 6 1 2 3 9 5 6 7 4 8 10 11 12 14 0 13
225 220 5 1 2 3 9 5 6 7 4 8 10 11 12 14 13 0
229 223 6 1 2 3 9 5 6 7 4 0 10 11 12 14 13 8
229 224 5 1 2 3 0 5 6 7 4 9 10 11 12 14 13 8
231 225 6 1 2 3 5 0 6 7 4 9 10 11 12 14 13 8
232 227 5 1 2 3 5 8 6 7 4 9 10 11 12 14 13 0
234 228 6 1 2 3 5 8 6 7 4 9 10 11 12 14 0 13
234 229 5 1 2 3 5 8 6 7 4 9 10 11 12 0 14 13
235 230 5 1 2 3 5 8 6 7 0 9 10 11 12 4 14 13
237 231 6 1 2 3 5 8 6 7 9 0 10 11 12 4 14 13
238 232 6 1 2 3 0 8 6 7 9 5 10 11 12 4 14 13
239 233 6 1 2 3 8 0 6 7 9 5 10 11 12 4 14 13
241 236 5 1 2 3 8 5 6 7 9 0 10 11 12 4 14 13
241 237 4 1 2 3 8 5 6 7 0 9 10 11 12 4 14 13
242 238 4 1 2 3 8 5 6 7 4 9 10 11 12 0 14 13
244 239 5 1 2 3 8 5 6 7 4 9 10 11 12 14 0 13
244 240 4 1 2 3 8 5 6 7 4 9 10 11 12 14 13 0
244 239 5 1 2 3 8 5 6 7 4 9 10 11 0 12 14 13
243 238 5 1 2 3 8 5 6 0 7 9 10 11 12 4 14 13
243 238 5 1 2 0 8 5 6 7 3 9 10 11 12 4 14 13
244 239 5 1 2 8 0 5 6 7 3 9 10 11 12 4 14 13
242 237 5 1 2 3 0 5 6 7 9 8 10 11 12 4 14 13
240 235 5 1 2 3 8 13 6 7 9 5 10 11 12 4 14 0
244 238 6 1 2 3 8 13 6 7 9 0 10 11 12 4 14 5
244 239 5 1 2 3 8 13 6 7 0 9 10 11 12 4 14 5
245 240 5 1 2 3 8 13 6 7 4 9 10 11 12 0 14 5
247 241 6 1 2 3 8 13 6 7 4 9 10 11 12 14 0 5
247 242 5 1 2 3 8 13 6 7 4 9 10 11 12 14 5 0
250 244 6 1 2 3 8 0 6 7 4 9 10 11 12 14 5 13
251 245 6 1 2 3 0 8 6 7 4 9 10 11 12 14 5 13
247 241 6 1 2 3 8 13 6 7 4 9 10 11 0 12 14 5
216 210 6 1 2 3 13 9 6 7 0 8 10 11 12 4 14 5
217 211 6 1 2 3 13 9 6 7 4 8 10 11 12 0 14 5
236 230 6 13 2 3 5 1 6 7 8 0 10 11 12 4 14 9
237 231 6 13 2 3 0 1 6 7 8 5 10 11 12 4 14 9
238 232 6 13 2 3 1 0 6 7 8 5 10 11 12 4 14 9
240 235 5 13 2 3 1 5 6 7 8 0 10 11 12 4 14 9
241 236 5 13 2 3 0 5 6 7 8 1 10 11 12 4 14 9
239 234 5 13 2 3 1 9 6 7 8 5 10 11 12 4 14 0
243 237 6 13 2 3 1 9 6 7 8 0 10 11 12 4 14 5
244 238 6 13 2 3 0 9 6 7 8 1 10 11 12 4 14 5
245 239 6 13 2 3 9 0 6 7 8 1 10 11 12 4 14 5
245 241 4 13 2 3 9 5 6 7 8 1 10 11 12 4 14 0
249 244 5 0 2 3 9 5 6 7 8 1 10 11 12 4 14 13
253 247 6 7 2 3 9 5 6 0 8 1 10 11 12 4 14 13
252 246 6 11 2 3 9 5 6 7 8 1 10 0 12 4 14 13
253 248 5 11 2 3 9 5 6 7 8 1 10 13 12 4 14 0
257 251 6 11 2 3 9 5 6 7 8 0 10 13 12 4 14 1
257 252 5 11 2 3 0 5 6 7 8 9 10 13 12 4 14 1
259 253 6 11 2 3 5 0 6 7 8 9 10 13 12 4 14 1
260 255 5 11 2 3 5 1 6 7 8 9 10 13 12 4 14 0
259 253 6 11 2 0 3 5 6 7 8 9 10 13 12 4 14 1
232 226 6 1 2 3 13 10 6 7 8 5 0 11 12 4 14 9
232 227 5 1 2 3 13 10 6 7 8 5 9 11 12 4 14 0
235 229 6 1 2 3 13 0 6 7 8 5 9 11 12 4 14 10
236 230 6 1 2 3 0 13 6 7 8 5 9 11 12 4 14 10
234 228 6 1 2 3 13 9 6 7 8 5 0 11 12 4 14 10
230 224 6 2 0 3 5 13 6 7 8 9 10 11 12 4 14 1
230 224 6 6 2 3 5 13 0 7 8 9 10 11 12 4 14 1
227 221 6 1 2 3 5 14 6 7 8 0 10 11 12 4 9 13
228 222 6 1 2 3 0 14 6 7 8 5 10 11 12 4 9 13
229 223 6 1 2 3 14 0 6 7 8 5 10 11 12 4 9 13
231 226 5 1 2 3 14 5 6 7 8 0 10 11 12 4 9 13
231 227 4 1 2 3 14 5 6 7 8 9 10 11 12 4 0 13
231 228 3 1 2 3 14 5 6 7 8 9 10 11 12 4 13 0
232 228 4 1 2 3 14 5 6 7 8 9 10 11 12 0 4 13
234 229 5 1 2 3 14 5 6 7 8 9 10 11 0 12 4 13
234 229 5 1 2 3 14 5 6 7 0 9 10 11 12 8 4 13
236 231 5 1 2 3 14 5 6 7 8 0 10 11 12 4 13 9
237 232 5 1 2 3 14 5 6 7 8 13 10 11 12 4 0 9
237 233 4 1 2 3 14 5 6 7 8 13 10 11 12 4 9 0
238 233 5 1 2 3 14 5 6 7 8 13 10 11 12 0 4 9
237 232 5 1 2 3 0 5 6 7 8 14 10 11 12 4 13 9
236 231 5 0 2 3 14 5 6 7 8 9 10 11 12 4 13 1
235 230 5 1 2 3 14 0 6 7 8 9 10 11 12 4 13 5
236 231 5 1 2 3 0 14 6 7 8 9 10 11 12 4 13 5
234 229 5 1 2 3 14 5 6 7 8 9 0 11 12 4 13 10
232 227 5 1 2 3 0 5 6 7 8 14 10 11 12 4 9 13
230 225 5 1 2 3 14 13 6 7 8 5 10 11 12 4 9 0
235 230 5 1 2 3 14 5 6 7 8 9 10 0 12 4 13 11
239 233 6 1 2 3 14 5 6 0 8 9 10 7 12 4 13 11
234 228 6 1 2 0 3 5 6 7 8 14 10 11 12 4 9 13
239 233 6 1 2 3 14 0 6 7 8 9 10 5 12 4 13 11
240 235 5 1 2 3 14 11 6 7 8 9 10 5 12 4 13 0
242 236 6 1 2 3 14 11 6 7 8 9 10 5 12 4 0 13
243 237 6 1 2 3 14 11 6 7 8 9 10 5 12 0 4 13
240 234 6 1 2 3 0 14 6 7 8 9 10 5 12 4 13 11
234 228 6 13 2 3 9 5 6 7 8 10 0 11 12 4 14 1
234 229 5 13 2 3 9 5 6 7 8 10 1 11 12 4 14 0
238 232 6 13 2 3 9 5 6 7 8 0 1 11 12 4 14 10
238 233 5 13 2 3 0 5 6 7 8 9 1 11 12 4 14 10
240 234 6 13 2 3 5 0 6 7 8 9 1 11 12 4 14 10
241 236 5 13 2 3 5 10 6 7 8 9 1 11 12 4 14 0
245 239 6 0 2 3 5 10 6 7 8 9 1 11 12 4 14 13
247 241 6 10 2 3 5 0 6 7 8 9 1 11 12 4 14 13
248 243 5 10 2 3 5 13 6 7 8 9 1 11 12 4 14 0
247 242 5 10 2 3 0 5 6 7 8 9 1 11 12 4 14 13
249 243 6 10 2 0 3 5 6 7 8 9 1 11 12 4 14 13
249 243 6 10 2 3 9 5 6 7 8 0 1 11 12 4 14 13
250 244 6 10 2 3 9 5 6 7 8 1 0 11 12 4 14 13
250 245 5 10 2 3 9 5 6 7 8 1 13 11 12 4 14 0
254 248 6 10 2 3 9 5 6 7 8 0 13 11 12 4 14 1
254 249 5 10 2 3 0 5 6 7 8 9 13 11 12 4 14 1
256 250 6 10 2 3 5 0 6 7 8 9 13 11 12 4 14 1
257 252 5 10 2 3 5 1 6 7 8 9 13 11 12 4 14 0
256 250 6 10 2 0 3 5 6 7 8 9 13 11 12 4 14 1
214 208 6 11 2 3 13 5 6 7 8 9 0 1 12 4 14 10
214 208 6 11 2 3 13 5 6 7 8 9 10 1 12 4 0 14
215 209 6 11 2 3 13 5 6 7 8 9 10 1 12 0 4 14
215 209 6 1 2 3 13 11 6 7 8 9 5 0 12 4 14 10
216 211 5 1 2 3 13 11 6 7 8 9 5 10 12 4 14 0
219 213 6 1 2 3 13 0 6 7 8 9 5 10 12 4 14 11
219 214 5 1 2 3 13 5 6 7 8 9 0 10 12 4 14 11
219 215 4 1 2 3 13 5 6 7 8 9 11 10 12 4 14 0
222 217 5 1 2 3 13 5 6 7 8 9 11 0 12 4 14 10
226 220 6 1 2 3 13 5 6 0 8 9 11 7 12 4 14 10
218 212 6 1 2 3 13 11 6 7 8 9 0 10 12 4 14 5
226 220 6 1 2 3 13 0 6 7 8 9 11 5 12 4 14 10
227 222 5 1 2 3 13 10 6 7 8 9 11 5 12 4 14 0
230 224 6 1 2 3 13 10 6 7 8 9 11 0 12 4 14 5
227 221 6 1 2 3 0 13 6 7 8 9 11 5 12 4 14 10
225 219 6 0 2 3 13 5 6 7 8 9 11 1 12 4 14 10
227 222 5 10 2 3 13 5 6 7 8 9 11 1 12 4 14 0
230 224 6 10 2 3 13 5 6 7 8 9 11 0 12 4 14 1
229 223 6 10 2 3 13 5 6 7 8 9 0 1 12 4 14 11
224 218 6 1 2 3 13 5 6 7 8 9 11 12 0 4 14 10
225 219 6 1 2 3 13 5 6 7 8 9 11 12 4 0 14 10
224 218 6 1 2 3 13 5 0 7 8 9 11 6 12 4 14 10
224 218 6 1 2 3 13 5 6 7 8 0 11 10 12 4 14 9
225 219 6 1 2 3 13 5 6 7 8 11 0 10 12 4 14 9
225 220 5 1 2 3 13 5 6 7 8 11 9 10 12 4 14 0
228 222 6 1 2 3 13 5 6 7 8 11 9 0 12 4 14 10
225 219 6 1 2 3 0 5 6 7 8 13 11 10 12 4 14 9
224 218 6 0 2 3 13 5 6 7 8 9 11 10 12 4 14 1
219 213 6 1 2 3 13 0 6 7 8 9 11 10 12 4 14 5
220 214 6 1 2 3 0 13 6 7 8 9 11 10 12 4 14 5
222 216 6 1 2 3 13 5 6 7 8 9 11 10 12 4 0 14
223 217 6 1 2 3 13 5 6 7 8 9 11 10 12 0 4 14
220 214 6 1 2 3 0 13 6 7 8 9 5 10 12 4 14 11
221 215 6 1 2 3 13 5 6 7 8 0 9 10 12 4 14 11
222 216 6 1 2 3 0 5 6 7 8 13 9 10 12 4 14 11
215 209 6 1 2 0 13 5 6 7 3 8 10 11 12 4 14 9
216 210 6 1 2 13 0 5 6 7 3 8 10 11 12 4 14 9
217 211 6 1 2 13 8 5 6 7 3 0 10 11 12 4 14 9
218 212 6 1 2 13 8 5 6 7 0 3 10 11 12 4 14 9
219 213 6 1 2 13 8 5 6 7 4 3 10 11 12 0 14 9
219 213 6 1 2 0 8 5 6 7 13 3 10 11 12 4 14 9
220 214 6 1 2 8 0 5 6 7 13 3 10 11 12 4 14 9
221 215 6 1 2 8 3 5 6 7 13 0 10 11 12 4 14 9
215 209 6 1 2 3 13 5 6 0 7 8 10 11 12 4 14 9
216 210 6 1 2 3 13 5 6 7 4 8 10 11 0 12 14 9
214 208 6 0 2 3 13 1 6 7 8 9 5 11 12 4 14 10
216 211 5 10 2 3 13 1 6 7 8 9 5 11 12 4 14 0
219 213 6 10 2 3 13 0 6 7 8 9 5 11 12 4 14 1
219 214 5 10 2 3 13 5 6 7 8 9 0 11 12 4 14 1
219 215 4 10 2 3 13 5 6 7 8 9 1 11 12 4 14 0
223 218 5 0 2 3 13 5 6 7 8 9 1 11 12 4 14 10
227 221 6 7 2 3 13 5 6 0 8 9 1 11 12 4 14 10
226 220 6 11 2 3 13 5 6 7 8 9 1 0 12 4 14 10
227 222 5 11 2 3 13 5 6 7 8 9 1 10 12 4 14 0
231 225 6 0 2 3 13 5 6 7 8 9 1 10 12 4 14 11
229 223 6 11 2 3 13 5 6 7 8 9 0 10 12 4 14 1
226 220 6 5 2 3 13 0 6 7 8 9 1 11 12 4 14 10
227 222 5 5 2 3 13 10 6 7 8 9 1 11 12 4 14 0
231 225 6 0 2 3 13 10 6 7 8 9 1 11 12 4 14 5
227 221 6 5 2 3 0 13 6 7 8 9 1 11 12 4 14 10
225 219 6 2 0 3 13 5 6 7 8 9 1 11 12 4 14 10
225 219 6 6 2 3 13 5 0 7 8 9 1 11 12 4 14 10
224 218 6 10 2 3 13 5 6 7 8 0 1 11 12 4 14 9
225 219 6 10 2 3 13 5 6 7 8 1 0 11 12 4 14 9
225 220 5 10 2 3 13 5 6 7 8 1 9 11 12 4 14 0
229 223 6 0 2 3 13 5 6 7 8 1 9 11 12 4 14 10
225 219 6 10 2 3 0 5 6 7 8 13 1 11 12 4 14 9
220 214 6 10 2 3 0 13 6 7 8 9 5 11 12 4 14 1
216 210 6 1 2 3 13 10 6 7 8 9 5 0 12 4 14 11
222 216 6 10 2 3 13 5 6 7 8 9 1 11 12 4 0 14
223 217 6 10 2 3 13 5 6 7 8 9 1 11 12 0 4 14
221 215 6 10 2 3 13 5 6 7 8 0 9 11 12 4 14 1
222 216 6 10 2 3 0 5 6 7 8 13 9 11 12 4 14 1
218 212 6 10 2 3 13 1 6 7 8 9 0 11 12 4 14 5
219 213 6 10 2 3 13 0 6 7 8 9 1 11 12 4 14 5
220 214 6 10 2 3 0 13 6 7 8 9 1 11 12 4 14 5
223 217 6 10 2 3 13 5 6 7 8 9 1 0 12 4 14 11
215 209 6 1 2 3 13 10 6 7 8 9 5 11 12 4 0 14
216 210 6 1 2 3 13 10 6 7 8 9 5 11 12 0 4 14
217 211 6 1 2 3 13 10 6 7 8 0 5 11 12 4 14 9
218 212 6 1 2 3 0 10 6 7 8 13 5 11 12 4 14 9
219 213 6 1 2 3 10 0 6 7 8 13 5 11 12 4 14 9
220 215 5 1 2 3 10 9 6 7 8 13 5 11 12 4 14 0
219 214 5 1 2 3 10 5 6 7 8 13 0 11 12 4 14 9
219 215 4 1 2 3 10 5 6 7 8 13 9 11 12 4 14 0
223 218 5 1 2 3 10 5 6 7 8 0 9 11 12 4 14 13
223 219 4 1 2 3 10 5 6 7 8 9 0 11 12 4 14 13
223 220 3 1 2 3 10 5 6 7 8 9 13 11 12 4 14 0
228 223 5 0 2 3 10 5 6 7 8 9 13 11 12 4 14 1
227 222 5 1 2 3 10 0 6 7 8 9 13 11 12 4 14 5
228 223 5 1 2 3 0 10 6 7 8 9 13 11 12 4 14 5
228 223 5 1 2 3 10 13 6 7 8 9 0 11 12 4 14 5
228 224 4 1 2 3 10 13 6 7 8 9 5 11 12 4 14 0
227 222 5 1 2 3 10 5 6 7 8 9 13 0 12 4 14 11
226 221 5 1 2 3 10 5 6 7 8 9 13 11 12 4 0 14
227 222 5 1 2 3 10 5 6 7 8 9 13 11 12 0 4 14
225 220 5 1 2 3 10 0 6 7 8 9 5 11 12 4 14 13
226 221 5 1 2 3 0 10 6 7 8 9 5 11 12 4 14 13
224 219 5 1 2 3 0 5 6 7 8 10 9 11 12 4 14 13
220 215 5 1 2 3 10 5 6 7 8 0 13 11 12 4 14 9
221 216 5 1 2 3 0 5 6 7 8 10 13 11 12 4 14 9
223 217 6 1 2 3 5 0 6 7 8 10 13 11 12 4 14 9
224 219 5 1 2 3 5 9 6 7 8 10 13 11 12 4 14 0
229 223 6 1 2 3 10 11 6 7 8 9 5 0 12 4 14 13
230 225 5 1 2 3 10 11 6 7 8 9 5 13 12 4 14 0
233 227 6 1 2 3 10 0 6 7 8 9 5 13 12 4 14 11
233 228 5 1 2 3 10 5 6 7 8 9 0 13 12 4 14 11
233 229 4 1 2 3 10 5 6 7 8 9 11 13 12 4 14 0
236 231 5 1 2 3 10 5 6 7 8 9 11 0 12 4 14 13
240 234 6 1 2 3 10 5 6 0 8 9 11 7 12 4 14 13
240 234 6 1 2 3 10 0 6 7 8 9 11 5 12 4 14 13
241 236 5 1 2 3 10 13 6 7 8 9 11 5 12 4 14 0
244 238 6 1 2 3 10 13 6 7 8 9 11 0 12 4 14 5
243 237 6 1 2 3 10 13 6 7 8 9 0 5 12 4 14 11
241 235 6 1 2 3 0 10 6 7 8 9 11 5 12 4 14 13
241 235 6 1 2 3 10 11 6 7 8 9 0 5 12 4 14 13
241 236 5 1 2 3 10 11 6 7 8 9 13 5 12 4 14 0
239 233 6 0 2 3 10 5 6 7 8 9 11 1 12 4 14 13
241 236 5 13 2 3 10 5 6 7 8 9 11 1 12 4 14 0
244 238 6 13 2 3 10 5 6 7 8 9 11 0 12 4 14 1
243 237 6 13 2 3 10 5 6 7 8 9 0 1 12 4 14 11
223 217 6 1 2 3 10 5 6 7 8 13 9 0 12 4 14 11
231 225 6 1 2 3 10 9 6 7 8 0 13 11 12 4 14 5
232 226 6 1 2 3 0 9 6 7 8 10 13 11 12 4 14 5
232 226 6 7 2 3 10 5 6 0 8 9 13 11 12 4 14 1
230 224 6 1 2 3 10 13 6 7 8 0 9 11 12 4 14 5
231 225 6 1 2 3 0 13 6 7 8 10 9 11 12 4 14 5
222 216 6 1 2 3 10 13 6 7 8 0 5 11 12 4 14 9
223 217 6 1 2 3 10 13 6 7 8 5 0 11 12 4 14 9
223 218 5 1 2 3 10 13 6 7 8 5 9 11 12 4 14 0
226 220 6 1 2 3 10 0 6 7 8 5 9 11 12 4 14 13
227 221 6 1 2 3 0 10 6 7 8 5 9 11 12 4 14 13
227 221 6 1 2 3 10 9 6 7 8 5 0 11 12 4 14 13
227 222 5 1 2 3 10 9 6 7 8 5 13 11 12 4 14 0
224 218 6 1 2 3 10 0 6 7 8 5 13 11 12 4 14 9
225 219 6 1 2 3 0 10 6 7 8 5 13 11 12 4 14 9
229 223 6 1 2 3 10 5 0 7 8 9 13 6 12 4 14 11
222 216 6 1 2 3 10 9 6 7 8 13 0 11 12 4 14 5
228 222 6 1 2 3 10 5 6 7 8 0 13 11 12 4 9 14
229 223 6 1 2 3 10 5 6 7 8 13 0 11 12 4 9 14
229 224 5 1 2 3 10 5 6 7 8 13 14 11 12 4 9 0
233 227 6 1 2 3 10 5 6 7 8 0 14 11 12 4 9 13
233 228 5 1 2 3 10 5 6 7 8 9 14 11 12 4 0 13
233 229 4 1 2 3 10 5 6 7 8 9 14 11 12 4 13 0
235 230 5 1 2 3 10 5 6 7 8 9 0 11 12 4 13 14
234 229 5 1 2 3 10 5 6 7 8 9 14 11 12 0 4 13
236 230 6 1 2 3 10 5 6 7 8 9 14 11 0 12 4 13
236 230 6 1 2 3 10 5 6 7 0 9 14 11 12 8 4 13
237 231 6 1 2 3 10 5 6 7 8 0 9 11 12 4 13 14
238 232 6 1 2 3 0 5 6 7 8 10 9 11 12 4 13 14
232 226 6 1 2 3 10 11 6 7 8 9 0 13 12 4 14 5
231 225 6 11 2 3 10 5 6 7 8 9 13 0 12 4 14 1
232 227 5 11 2 3 10 5 6 7 8 9 13 1 12 4 14 0
234 228 6 11 2 3 10 5 6 7 8 9 0 1 12 4 14 13
225 219 6 1 2 3 10 5 6 7 8 14 9 11 12 4 0 13
225 220 5 1 2 3 10 5 6 7 8 14 9 11 12 4 13 0
227 221 6 1 2 3 10 5 6 7 8 14 0 11 12 4 13 9
226 220 6 1 2 3 10 5 6 7 8 14 9 11 12 0 4 13
223 217 6 1 2 0 3 5 6 7 8 10 13 11 12 4 14 9
238 232 6 1 2 3 10 5 6 7 8 0 11 13 12 4 14 9
239 233 6 1 2 3 10 5 6 7 8 11 0 13 12 4 14 9
239 234 5 1 2 3 10 5 6 7 8 11 9 13 12 4 14 0
242 236 6 1 2 3 10 5 6 7 8 11 9 0 12 4 14 13
239 233 6 1 2 3 0 5 6 7 8 10 11 13 12 4 14 9
236 230 6 1 2 3 10 5 6 7 8 9 11 13 12 4 0 14
237 231 6 1 2 3 10 5 6 7 8 9 11 13 12 0 4 14
230 224 6 2 0 3 10 5 6 7 8 9 13 11 12 4 14 1
230 224 6 1 2 0 3 10 6 7 8 9 13 11 12 4 14 5
238 232 6 1 2 3 10 5 6 7 8 9 11 12 0 4 14 13
239 233 6 1 2 3 10 5 6 7 8 9 11 12 4 0 14 13
222 216 6 1 2 3 10 5 6 7 8 13 9 11 12 4 0 14
223 217 6 1 2 3 10 5 6 7 8 13 9 11 12 0 4 14
231 225 6 1 2 3 10 11 6 7 8 9 13 0 12 4 14 5
224 218 6 0 2 3 10 5 6 7 8 13 9 11 12 4 14 1
222 216 6 1 2 3 10 5 6 7 0 8 13 11 12 4 14 9
223 217 6 1 2 3 10 5 6 7 4 8 13 11 12 0 14 9
230 224 6 0 2 3 10 1 6 7 8 9 13 11 12 4 14 5
232 227 5 5 2 3 10 1 6 7 8 9 13 11 12 4 14 0
234 228 6 5 2 3 10 1 6 7 8 9 0 11 12 4 14 13
235 229 6 5 2 3 10 0 6 7 8 9 1 11 12 4 14 13
236 231 5 5 2 3 10 13 6 7 8 9 1 11 12 4 14 0
236 231 5 0 2 3 10 5 6 7 8 9 1 11 12 4 14 13
238 234 4 13 2 3 10 5 6 7 8 9 1 11 12 4 14 0
240 235 5 13 2 3 10 5 6 7 8 9 0 11 12 4 14 1
242 236 6 13 2 3 10 5 6 7 8 0 9 11 12 4 14 1
243 237 6 13 2 3 0 5 6 7 8 10 9 11 12 4 14 1
234 228 6 1 2 3 0 10 6 7 8 9 5 13 12 4 14 11
242 236 6 13 2 3 10 0 6 7 8 9 5 11 12 4 14 1
243 238 5 13 2 3 10 1 6 7 8 9 5 11 12 4 14 0
245 239 6 13 2 3 10 1 6 7 8 9 0 11 12 4 14 5
243 237 6 13 2 3 0 10 6 7 8 9 5 11 12 4 14 1
243 237 6 13 2 3 10 5 6 7 8 0 1 11 12 4 14 9
244 238 6 13 2 3 10 5 6 7 8 1 0 11 12 4 14 9
244 239 5 13 2 3 10 5 6 7 8 1 9 11 12 4 14 0
248 242 6 0 2 3 10 5 6 7 8 1 9 11 12 4 14 13
244 238 6 13 2 3 0 5 6 7 8 10 1 11 12 4 14 9
242 236 6 13 2 3 10 0 6 7 8 9 1 11 12 4 14 5
243 237 6 13 2 3 0 10 6 7 8 9 1 11 12 4 14 5
232 226 6 1 2 3 10 13 6 7 8 9 5 0 12 4 14 11
225 219 6 1 2 3 10 5 6 7 0 8 9 11 12 4 14 13
226 220 6 1 2 3 10 5 6 7 4 8 9 11 12 0 14 13
234 228 6 1 2 3 0 5 6 7 8 10 14 11 12 4 9 13
237 231 6 1 2 3 10 0 6 7 8 9 14 11 12 4 13 5
238 232 6 1 2 3 0 10 6 7 8 9 14 11 12 4 13 5
238 232 6 1 2 3 10 14 6 7 8 9 0 11 12 4 13 5
238 233 5 1 2 3 10 14 6 7 8 9 5 11 12 4 13 0
240 234 6 1 2 3 10 14 6 7 8 9 5 11 12 4 0 13
241 235 6 1 2 3 10 14 6 7 8 9 5 11 12 0 4 13
231 225 6 5 2 3 10 0 6 7 8 9 13 11 12 4 14 1
232 226 6 5 2 3 0 10 6 7 8 9 13 11 12 4 14 1
228 222 6 1 2 3 10 5 6 7 8 0 14 11 12 4 13 9
229 223 6 1 2 3 0 5 6 7 8 10 14 11 12 4 13 9
224 218 6 1 2 3 10 9 6 7 8 0 5 11 12 4 14 13
225 219 6 1 2 3 0 9 6 7 8 10 5 11 12 4 14 13
238 232 6 0 2 3 10 5 6 7 8 9 11 13 12 4 14 1
238 232 6 1 2 3 10 5 0 7 8 9 11 6 12 4 14 13
231 225 6 1 2 3 10 5 6 0 8 9 13 7 12 4 14 11
228 222 6 0 2 3 10 1 6 7 8 9 5 11 12 4 14 13
240 234 6 0 2 3 10 13 6 7 8 9 1 11 12 4 14 5
229 223 6 1 2 3 10 5 6 7 0 9 13 11 12 8 4 14
223 217 6 1 2 3 0 13 6 7 8 10 5 11 12 4 14 9
231 225 6 1 2 3 10 13 6 7 8 9 5 11 12 4 0 14
232 226 6 1 2 3 10 13 6 7 8 9 5 11 12 0 4 14
232 226 6 5 2 3 10 13 6 7 8 9 0 11 12 4 14 1
223 217 6 1 2 3 10 0 6 7 8 13 9 11 12 4 14 5
224 218 6 1 2 3 0 10 6 7 8 13 9 11 12 4 14 5
231 225 6 1 2 3 10 0 6 7 8 9 13 5 12 4 14 11
232 226 6 1 2 3 0 10 6 7 8 9 13 5 12 4 14 11
230 224 6 1 2 3 9 10 6 7 8 0 13 11 12 4 14 5
230 224 6 0 2 3 10 5 6 7 8 9 13 1 12 4 14 11
226 220 6 1 2 3 5 0 6 7 8 10 9 11 12 4 14 13
227 222 5 1 2 3 5 13 6 7 8 10 9 11 12 4 14 0
228 222 6 1 2 3 9 10 6 7 8 0 5 11 12 4 14 13
239 233 6 11 2 3 10 5 6 7 8 9 1 0 12 4 14 13
240 235 5 11 2 3 10 5 6 7 8 9 1 13 12 4 14 0
244 238 6 0 2 3 10 5 6 7 8 9 1 13 12 4 14 11
242 236 6 11 2 3 10 5 6 7 8 9 0 13 12 4 14 1
238 232 6 2 0 3 10 5 6 7 8 9 1 11 12 4 14 13
240 234 6 7 2 3 10 5 6 0 8 9 1 11 12 4 14 13
233 227 6 0 2 3 10 13 6 7 8 9 5 11 12 4 14 1
235 229 6 1 2 3 10 5 6 7 8 0 9 13 12 4 14 11
236 230 6 1 2 3 0 5 6 7 8 10 9 13 12 4 14 11
229 223 6 1 2 3 10 5 6 7 8 9 13 12 0 4 14 11
230 224 6 1 2 3 10 5 6 7 8 9 13 12 4 0 14 11
229 223 6 1 2 3 0 5 6 7 8 10 13 11 12 4 9 14
238 232 6 0 2 3 10 5 6 7 8 9 14 11 12 4 13 1
237 231 6 1 2 3 10 5 6 7 8 9 14 0 12 4 13 11
222 216 6 1 2 3 10 5 6 7 8 14 13 11 12 4 0 9
222 217 5 1 2 3 10 5 6 7 8 14 13 11 12 4 9 0
223 217 6 1 2 3 10 5 6 7 8 14 13 11 12 0 4 9
237 231 6 1 2 3 10 0 6 7 8 9 5 11 12 4 13 14
238 232 6 1 2 3 0 10 6 7 8 9 5 11 12 4 13 14
226 220 6 1 2 0 3 5 6 7 8 10 9 11 12 4 14 13
236 230 6 5 2 3 0 10 6 7 8 9 1 11 12 4 14 13
233 227 6 1 2 3 10 0 6 7 8 9 11 13 12 4 14 5
234 228 6 1 2 3 0 10 6 7 8 9 11 13 12 4 14 5
229 223 6 1 2 3 10 5 6 7 8 9 13 11 0 12 4 14
230 224 6 6 2 3 10 5 0 7 8 9 13 11 12 4 14 1
238 232 6 6 2 3 10 5 0 7 8 9 1 11 12 4 14 13
229 223 6 1 2 3 10 5 6 7 8 13 14 11 12 4 0 9
230 224 6 1 2 3 10 5 6 7 8 13 14 11 12 0 4 9
242 236 6 13 2 3 10 5 6 7 8 9 1 0 12 4 14 11
241 235 6 13 2 3 10 5 6 7 8 9 1 11 12 4 0 14
242 236 6 13 2 3 10 5 6 7 8 9 1 11 12 0 4 14
228 222 6 1 2 0 3 10 6 7 8 9 5 11 12 4 14 13
217 211 6 0 2 3 13 10 6 7 8 9 5 11 12 4 14 1
224 218 6 1 2 3 10 5 6 7 8 14 0 11 12 4 9 13
229 223 6 7 2 3 5 1 6 0 8 9 10 11 12 4 14 13
215 209 6 2 3 0 13 5 6 7 8 9 10 11 12 4 14 1
216 210 6 2 3 13 0 5 6 7 8 9 10 11 12 4 14 1
215 209 6 1 2 3 13 9 6 7 8 0 5 11 12 4 14 10
216 210 6 1 2 3 0 9 6 7 8 13 5 11 12 4 14 10
215 209 6 2 7 3 13 5 6 0 8 9 10 11 12 4 14 1
214 208 6 1 2 3 9 13 6 7 8 0 5 11 12 4 14 10
214 208 6 1 2 0 3 13 6 7 8 9 5 11 12 4 14 10
228 222 6 11 2 3 5 1 6 7 8 9 10 0 12 4 14 13
231 225 6 11 2 3 5 0 6 7 8 9 10 1 12 4 14 13
232 227 5 11 2 3 5 13 6 7 8 9 10 1 12 4 14 0
231 226 5 11 2 3 0 5 6 7 8 9 10 1 12 4 14 13
233 227 6 11 2 0 3 5 6 7 8 9 10 1 12 4 14 13
233 227 6 11 2 3 9 5 6 7 8 0 10 1 12 4 14 13
214 208 6 1 2 3 13 5 6 0 7 9 10 11 12 8 4 14
214 208 6 1 2 0 13 5 6 7 3 9 10 11 12 8 4 14
215 209 6 1 2 13 0 5 6 7 3 9 10 11 12 8 4 14
227 221 6 2 0 3 5 1 6 7 8 9 10 11 12 4 14 13
227 221 6 6 2 3 5 1 0 7 8 9 10 11 12 4 14 13
216 210 6 1 2 3 13 5 6 7 0 14 10 11 12 8 4 9
217 211 6 1 2 3 13 5 6 7 14 0 10 11 12 8 4 9
218 212 6 1 2 3 13 5 6 7 14 4 10 11 12 8 0 9
218 213 5 1 2 3 13 5 6 7 14 4 10 11 12 8 9 0
222 216 6 1 2 3 13 5 6 7 14 0 10 11 12 8 9 4
222 217 5 1 2 3 13 5 6 7 14 9 10 11 12 8 0 4
222 218 4 1 2 3 13 5 6 7 14 9 10 11 12 8 4 0
223 218 5 1 2 3 13 5 6 7 14 9 10 11 12 0 8 4
224 219 5 1 2 3 13 5 6 7 0 9 10 11 12 14 8 4
226 220 6 1 2 3 13 5 6 7 9 0 10 11 12 14 8 4
227 221 6 1 2 3 13 5 6 7 9 8 10 11 12 14 0 4
227 222 5 1 2 3 13 5 6 7 9 8 10 11 12 14 4 0
227 222 5 1 2 3 13 5 6 7 9 8 10 11 12 0 14 4
228 223 5 1 2 3 13 5 6 7 0 8 10 11 12 9 14 4
228 224 4 1 2 3 13 5 6 7 8 0 10 11 12 9 14 4
229 225 4 1 2 3 0 5 6 7 8 13 10 11 12 9 14 4
231 226 5 1 2 3 5 0 6 7 8 13 10 11 12 9 14 4
232 228 4 1 2 3 5 4 6 7 8 13 10 11 12 9 14 0
236 231 5 1 2 3 5 4 6 7 8 0 10 11 12 9 14 13
237 232 5 1 2 3 0 4 6 7 8 5 10 11 12 9 14 13
237 233 4 1 2 3 4 0 6 7 8 5 10 11 12 9 14 13
239 236 3 1 2 3 4 5 6 7 8 0 10 11 12 9 14 13
238 235 3 1 2 3 4 13 6 7 8 5 10 11 12 9 14 0
242 238 4 1 2 3 4 13 6 7 8 0 10 11 12 9 14 5
241 237 4 1 2 3 4 5 6 7 8 10 0 11 12 9 14 13
241 238 3 1 2 3 4 5 6 7 8 10 13 11 12 9 14 0
245 241 4 1 2 3 4 5 6 7 8 0 13 11 12 9 14 10
246 242 4 1 2 3 4 5 6 7 8 13 0 11 12 9 14 10
245 243 2 1 2 3 4 5 6 7 8 13 10 11 12 9 14 0
250 246 4 0 2 3 4 5 6 7 8 13 10 11 12 9 14 1
249 245 4 1 2 3 4 0 6 7 8 13 10 11 12 9 14 5
249 245 4 1 2 3 4 5 6 7 8 13 10 0 12 9 14 11
248 244 4 1 2 3 4 5 6 7 8 13 10 11 12 9 0 14
249 245 4 1 2 3 4 5 6 7 8 13 10 11 12 0 9 14
249 245 4 1 2 3 4 5 6 7 8 0 10 11 12 9 13 14
241 237 4 1 2 3 4 5 6 7 0 8 10 11 12 9 14 13
242 238 4 1 2 3 4 5 6 7 9 8 10 11 12 0 14 13
241 237 4 1 2 3 4 5 6 7 8 14 10 11 12 9 0 13
241 238 3 1 2 3 4 5 6 7 8 14 10 11 12 9 13 0
242 238 4 1 2 3 4 5 6 7 8 14 10 11 12 0 9 13
241 237 4 1 2 3 0 5 6 7 8 4 10 11 12 9 14 13
243 238 5 1 2 3 5 0 6 7 8 4 10 11 12 9 14 13
244 240 4 1 2 3 5 13 6 7 8 4 10 11 12 9 14 0
243 238 5 1 2 0 3 5 6 7 8 4 10 11 12 9 14 13
244 239 5 1 2 3 4 5 6 7 8 14 10 11 0 12 9 13
244 239 5 1 2 3 4 5 6 7 0 14 10 11 12 8 9 13
245 240 5 1 2 3 4 5 6 7 14 0 10 11 12 8 9 13
245 241 4 1 2 3 4 5 6 7 14 9 10 11 12 8 0 13
245 242 3 1 2 3 4 5 6 7 14 9 10 11 12 8 13 0
246 242 4 1 2 3 4 5 6 7 14 9 10 11 12 0 8 13
247 243 4 1 2 3 4 5 6 7 0 9 10 11 12 14 8 13
249 244 5 1 2 3 4 5 6 7 9 0 10 11 12 14 8 13
249 244 5 1 2 3 4 5 6 0 7 9 10 11 12 14 8 13
249 244 5 1 2 0 4 5 6 7 3 9 10 11 12 14 8 13
248 243 5 1 2 3 4 5 6 7 14 9 10 11 0 12 8 13
243 238 5 1 2 3 4 0 6 7 8 10 5 11 12 9 14 13
244 240 4 1 2 3 4 13 6 7 8 10 5 11 12 9 14 0
248 243 5 1 2 3 4 13 6 7 8 0 5 11 12 9 14 10
246 241 5 1 2 3 4 10 6 7 8 0 5 11 12 9 14 13
244 239 5 1 2 3 4 13 6 7 8 10 0 11 12 9 14 5
234 229 5 1 2 3 5 13 6 7 8 0 10 11 12 9 14 4
235 230 5 1 2 3 0 13 6 7 8 5 10 11 12 9 14 4
236 231 5 1 2 3 13 0 6 7 8 5 10 11 12 9 14 4
237 233 4 1 2 3 13 4 6 7 8 5 10 11 12 9 14 0
241 236 5 1 2 3 13 4 6 7 8 0 10 11 12 9 14 5
246 241 5 0 2 3 4 5 6 7 8 10 13 11 12 9 14 1
239 234 5 1 2 3 4 10 6 7 8 5 0 11 12 9 14 13
239 235 4 1 2 3 4 10 6 7 8 5 13 11 12 9 14 0
243 238 5 1 2 3 4 10 6 7 8 0 13 11 12 9 14 5
242 237 5 1 2 3 4 0 6 7 8 5 13 11 12 9 14 10
253 248 5 1 2 3 4 5 6 0 8 13 10 7 12 9 14 11
253 248 5 5 2 3 4 0 6 7 8 13 10 11 12 9 14 1
254 250 4 5 2 3 4 1 6 7 8 13 10 11 12 9 14 0
258 253 5 5 2 3 4 1 6 7 8 0 10 11 12 9 14 13
256 251 5 5 2 3 4 13 6 7 8 0 10 11 12 9 14 1
252 247 5 0 2 3 4 1 6 7 8 13 10 11 12 9 14 5
247 242 5 1 2 3 4 5 6 7 0 8 13 11 12 9 14 10
248 243 5 1 2 3 4 5 6 7 9 8 13 11 12 0 14 10
253 248 5 1 2 3 4 11 6 7 8 13 10 0 12 9 14 5
254 250 4 1 2 3 4 11 6 7 8 13 10 5 12 9 14 0
258 253 5 1 2 3 4 11 6 7 8 0 10 5 12 9 14 13
231 226 5 1 2 0 3 5 6 7 8 13 10 11 12 9 14 4
230 225 5 1 2 3 13 5 6 7 8 10 0 11 12 9 14 4
230 226 4 1 2 3 13 5 6 7 8 10 4 11 12 9 14 0
234 229 5 1 2 3 13 5 6 7 8 0 4 11 12 9 14 10
235 230 5 1 2 3 13 5 6 7 8 4 0 11 12 9 14 10
234 231 3 1 2 3 13 5 6 7 8 4 10 11 12 9 14 0
239 234 5 0 2 3 13 5 6 7 8 4 10 11 12 9 14 1
238 233 5 1 2 3 13 0 6 7 8 4 10 11 12 9 14 5
238 233 5 1 2 3 13 5 6 7 8 4 10 0 12 9 14 11
237 232 5 1 2 3 13 5 6 7 8 4 10 11 12 9 0 14
238 233 5 1 2 3 13 5 6 7 8 4 10 11 12 0 9 14
238 233 5 1 2 3 13 5 6 7 8 0 10 11 12 9 4 14
239 234 5 1 2 3 0 5 6 7 8 13 10 11 12 9 4 14
243 238 5 1 2 0 4 5 6 7 3 8 10 11 12 9 14 13
241 236 5 1 2 3 4 11 6 7 8 5 10 0 12 9 14 13
242 238 4 1 2 3 4 11 6 7 8 5 10 13 12 9 14 0
246 241 5 1 2 3 4 11 6 7 8 0 10 13 12 9 14 5
245 240 5 1 2 3 4 0 6 7 8 5 10 13 12 9 14 11
247 243 4 1 2 3 4 5 6 7 8 0 10 13 12 9 14 11
249 244 5 1 2 3 4 5 6 7 8 10 0 13 12 9 14 11
249 245 4 1 2 3 4 5 6 7 8 10 11 13 12 9 14 0
253 248 5 1 2 3 4 5 6 7 8 0 11 13 12 9 14 10
254 249 5 1 2 3 4 5 6 7 8 11 0 13 12 9 14 10
253 250 3 1 2 3 4 5 6 7 8 11 10 13 12 9 14 0
256 252 4 1 2 3 4 5 6 7 8 11 10 0 12 9 14 13
260 255 5 1 2 3 4 5 6 0 8 11 10 7 12 9 14 13
260 255 5 1 2 3 4 0 6 7 8 11 10 5 12 9 14 13
261 257 4 1 2 3 4 13 6 7 8 11 10 5 12 9 14 0
265 260 5 1 2 3 4 13 6 7 8 0 10 5 12 9 14 11
264 259 5 1 2 3 4 13 6 7 8 11 10 0 12 9 14 5
259 254 5 0 2 3 4 5 6 7 8 11 10 1 12 9 14 13
261 257 4 13 2 3 4 5 6 7 8 11 10 1 12 9 14 0
265 260 5 13 2 3 4 5 6 7 8 0 10 1 12 9 14 11
264 259 5 13 2 3 4 5 6 7 8 11 10 0 12 9 14 1
242 237 5 1 2 3 4 13 6 7 8 5 10 0 12 9 14 11
248 243 5 1 2 3 4 0 6 7 8 13 5 11 12 9 14 10
249 245 4 1 2 3 4 10 6 7 8 13 5 11 12 9 14 0
254 249 5 7 2 3 4 5 6 0 8 13 10 11 12 9 14 1
245 240 5 1 2 3 4 5 6 7 8 10 13 0 12 9 14 11
253 248 5 11 2 3 4 5 6 7 8 13 10 0 12 9 14 1
254 250 4 11 2 3 4 5 6 7 8 13 10 1 12 9 14 0
258 253 5 11 2 3 4 5 6 7 8 0 10 1 12 9 14 13
252 247 5 2 0 3 4 5 6 7 8 13 10 11 12 9 14 1
245 240 5 1 2 3 4 0 6 7 8 10 13 11 12 9 14 5
242 237 5 1 2 3 0 4 6 7 8 13 10 11 12 9 14 5
251 246 5 1 2 3 4 5 6 7 8 13 10 11 0 12 9 14
251 246 5 1 2 3 4 5 6 7 0 13 10 11 12 8 9 14
252 247 5 1 2 3 4 5 6 7 13 0 10 11 12 8 9 14
252 248 4 1 2 3 4 5 6 7 13 9 10 11 12 8 0 14
251 249 2 1 2 3 4 5 6 7 13 9 10 11 12 8 14 0
256 252 4 1 2 3 4 5 6 7 13 0 10 11 12 8 14 9
257 253 4 1 2 3 4 5 6 7 0 13 10 11 12 8 14 9
257 254 3 1 2 3 4 5 6 7 8 13 10 11 12 0 14 9
259 255 4 1 2 3 4 5 6 7 8 13 10 11 12 14 0 9
259 256 3 1 2 3 4 5 6 7 8 13 10 11 12 14 9 0
263 259 4 1 2 3 4 5 6 7 8 0 10 11 12 14 9 13
263 260 3 1 2 3 4 5 6 7 8 9 10 11 12 14 0 13
263 261 2 1 2 3 4 5 6 7 8 9 10 11 12 14 13 0
263 261 2 1 2 3 4 5 6 7 8 9 10 11 12 0 14 13
265 262 3 1 2 3 4 5 6 7 8 9 10 11 0 12 14 13
265 262 3 1 2 3 4 5 6 7 0 9 10 11 12 8 14 13
267 263 4 1 2 3 4 5 6 7 9 0 10 11 12 8 14 13
267 263 4 1 2 3 4 5 6 0 7 9 10 11 12 8 14 13
267 263 4 1 2 0 4 5 6 7 3 9 10 11 12 8 14 13
267 263 4 1 2 3 4 5 6 7 8 9 10 0 11 12 14 13
268 265 3 1 2 3 4 5 6 7 8 9 10 13 11 12 14 0
267 263 4 1 2 3 4 5 6 0 8 9 10 11 7 12 14 13
255 251 4 1 2 3 4 5 6 7 13 9 10 0 12 8 14 11
268 264 4 0 2 3 4 5 6 7 8 9 10 11 12 14 13 1
267 263 4 1 2 3 4 0 6 7 8 9 10 11 12 14 13 5
267 263 4 1 2 3 4 5 6 7 8 9 10 0 12 14 13 11
254 250 4 1 2 3 4 5 6 7 13 9 0 11 12 8 14 10
255 251 4 1 2 3 4 0 6 7 13 9 10 11 12 8 14 5
266 262 4 1 2 3 4 5 6 7 8 9 0 11 12 14 13 10
256 252 4 0 2 3 4 5 6 7 13 9 10 11 12 8 14 1
259 255 4 1 2 3 4 5 6 7 8 13 10 11 0 12 14 9
260 256 4 1 2 3 4 5 6 7 8 0 10 11 12 14 13 9
253 249 4 1 2 3 4 5 6 7 13 9 10 11 12 0 8 14
253 250 3 1 2 3 4 5 6 7 0 9 10 11 12 13 8 14
255 251 4 1 2 3 4 5 6 7 9 0 10 11 12 13 8 14
256 252 4 1 2 3 4 5 6 7 9 8 10 11 12 13 0 14
255 253 2 1 2 3 4 5 6 7 9 8 10 11 12 13 14 0
259 256 3 1 2 3 4 5 6 7 9 0 10 11 12 13 14 8
259 257 2 1 2 3 4 5 6 7 0 9 10 11 12 13 14 8
261 258 3 1 2 3 4 5 6 0 7 9 10 11 12 13 14 8
261 258 3 1 2 3 4 5 6 7 13 9 10 11 12 0 14 8
261 258 3 1 2 0 4 5 6 7 3 9 10 11 12 13 14 8
263 259 4 1 2 4 0 5 6 7 3 9 10 11 12 13 14 8
261 257 4 1 2 3 0 5 6 7 9 4 10 11 12 13 14 8
263 259 4 1 0 2 4 5 6 7 3 9 10 11 12 13 14 8
263 259 4 1 2 3 4 5 6 7 13 9 10 11 12 14 0 8
263 260 3 1 2 3 4 5 6 7 13 9 10 11 12 14 8 0
263 259 4 1 2 3 4 5 6 7 13 9 10 11 0 12 14 8
259 255 4 1 2 3 4 5 6 7 9 8 10 0 12 13 14 11
263 259 4 1 2 3 4 5 0 6 7 9 10 11 12 13 14 8
263 259 4 1 2 3 4 5 6 12 7 9 10 11 0 13 14 8
263 259 4 1 0 3 4 5 6 2 7 9 10 11 12 13 14 8
261 257 4 1 2 3 4 5 6 7 9 10 0 11 12 13 14 8
261 258 3 1 2 3 4 5 6 7 9 10 8 11 12 13 14 0
265 261 4 1 2 3 4 5 6 7 9 0 8 11 12 13 14 10
265 262 3 1 2 3 4 5 6 7 0 9 8 11 12 13 14 10
267 263 4 1 2 3 4 5 6 0 7 9 8 11 12 13 14 10
267 263 4 1 2 3 4 5 6 7 13 9 8 11 12 0 14 10
267 263 4 1 2 0 4 5 6 7 3 9 8 11 12 13 14 10
258 254 4 1 2 3 4 5 6 7 9 8 0 11 12 13 14 10
259 255 4 1 2 3 4 0 6 7 9 8 10 11 12 13 14 5
262 258 4 1 2 3 4 8 6 7 9 0 10 11 12 13 14 5
262 259 3 1 2 3 4 8 6 7 0 9 10 11 12 13 14 5
264 260 4 1 2 3 4 8 6 0 7 9 10 11 12 13 14 5
264 260 4 1 2 3 4 8 6 7 13 9 10 11 12 0 14 5
264 260 4 1 2 0 4 8 6 7 3 9 10 11 12 13 14 5
255 251 4 1 2 3 4 5 6 0 7 9 10 11 12 13 8 14
255 251 4 1 2 0 4 5 6 7 3 9 10 11 12 13 8 14
260 256 4 0 2 3 4 5 6 7 9 8 10 11 12 13 14 1
261 257 4 1 2 3 4 5 6 7 9 14 10 11 12 13 0 8
261 258 3 1 2 3 4 5 6 7 9 14 10 11 12 13 8 0
266 261 5 0 2 3 4 5 6 7 9 14 10 11 12 13 8 1
265 260 5 1 2 3 4 0 6 7 9 14 10 11 12 13 8 5
268 263 5 1 2 3 4 14 6 7 9 0 10 11 12 13 8 5
268 264 4 1 2 3 4 14 6 7 0 9 10 11 12 13 8 5
270 265 5 1 2 3 4 14 6 0 7 9 10 11 12 13 8 5
270 265 5 1 2 3 4 14 6 7 13 9 10 11 12 0 8 5
271 266 5 1 2 3 4 14 6 7 13 9 10 11 12 8 0 5
271 267 4 1 2 3 4 14 6 7 13 9 10 11 12 8 5 0
274 269 5 1 2 3 4 0 6 7 13 9 10 11 12 8 5 14
270 265 5 1 2 0 4 14 6 7 3 9 10 11 12 13 8 5
269 264 5 1 2 3 4 14 6 7 9 8 10 11 12 13 0 5
269 265 4 1 2 3 4 14 6 7 9 8 10 11 12 13 5 0
273 268 5 1 2 3 4 14 6 7 9 0 10 11 12 13 5 8
273 269 4 1 2 3 4 14 6 7 0 9 10 11 12 13 5 8
275 270 5 1 2 3 4 14 6 0 7 9 10 11 12 13 5 8
249 244 5 1 2 3 0 5 6 7 8 4 10 13 12 9 14 11
249 244 5 1 2 3 4 5 6 7 0 8 10 13 12 9 14 11
250 245 5 1 2 3 4 5 6 7 9 8 10 13 12 0 14 11
243 238 5 0 2 3 4 13 6 7 8 5 10 11 12 9 14 1
245 240 5 13 2 3 4 0 6 7 8 5 10 11 12 9 14 1
247 243 4 13 2 3 4 5 6 7 8 0 10 11 12 9 14 1
246 242 4 13 2 3 4 1 6 7 8 5 10 11 12 9 14 0
250 245 5 13 2 3 4 1 6 7 8 0 10 11 12 9 14 5
246 241 5 0 2 3 4 5 6 7 8 14 10 11 12 9 13 1
250 245 5 1 2 3 4 5 6 7 14 0 10 11 12 8 13 9
251 246 5 1 2 3 4 5 6 7 0 14 10 11 12 8 13 9
251 247 4 1 2 3 4 5 6 7 8 14 10 11 12 0 13 9
251 248 3 1 2 3 4 5 6 7 8 14 10 11 12 13 0 9
251 249 2 1 2 3 4 5 6 7 8 14 10 11 12 13 9 0
251 249 2 1 2 3 4 5 6 7 8 0 10 11 12 13 14 9
253 250 3 1 2 3 4 5 6 7 8 10 0 11 12 13 14 9
253 251 2 1 2 3 4 5 6 7 8 10 9 11 12 13 14 0
257 254 3 1 2 3 4 5 6 7 8 0 9 11 12 13 14 10
257 255 2 1 2 3 4 5 6 7 8 9 0 11 12 13 14 10
256 256 0 1 2 3 4 5 6 7 8 9 10 11 12 13 14 0
