0 0 0 5 10 1 0 14 4 6 8 3 12 7 13 11 2 9
15 1 14 5 10 1 14 0 4 6 8 3 12 7 13 11 2 9
16 3 13 5 10 1 14 9 4 6 8 3 12 7 13 11 2 0
16 3 13 0 10 1 14 5 4 6 8 3 12 7 13 11 2 9
18 6 12 9 10 1 14 5 4 6 8 3 12 7 13 11 2 0
22 9 13 9 10 1 14 5 4 6 8 0 12 7 13 11 2 3
23 10 13 9 10 1 14 5 4 6 8 12 0 7 13 11 2 3
23 11 12 9 10 1 14 5 4 6 8 12 3 7 13 11 2 0
27 14 13 9 10 1 14 5 4 6 8 0 3 7 13 11 2 12
28 15 13 9 10 1 14 5 4 6 8 2 3 7 13 11 0 12
28 16 12 9 10 1 14 5 4 6 8 2 3 7 13 11 12 0
32 19 13 9 10 1 14 5 4 6 8 0 3 7 13 11 12 2
33 20 13 9 10 1 14 5 4 6 8 3 0 7 13 11 12 2
33 21 12 9 10 1 14 5 4 6 8 3 2 7 13 11 12 0
37 24 13 9 10 1 14 5 4 6 8 0 2 7 13 11 12 3
38 25 13 9 10 1 14 5 4 6 8 12 2 7 13 11 0 3
38 26 12 9 10 1 14 5 4 6 8 12 2 7 13 11 3 0
42 29 13 9 10 1 14 5 4 6 8 0 2 7 13 11 3 12
43 30 13 9 10 1 14 5 4 6 8 2 0 7 13 11 3 12
43 31 12 9 10 1 14 5 4 6 8 2 12 7 13 11 3 0
47 34 13 9 10 1 14 5 4 6 8 0 12 7 13 11 3 2
48 35 13 9 10 1 0 5 4 6 8 14 12 7 13 11 3 2
49 36 13 9 10 0 1 5 4 6 8 14 12 7 13 11 3 2
50 37 13 9 0 10 1 5 4 6 8 14 12 7 13 11 3 2
51 38 13 0 9 10 1 5 4 6 8 14 12 7 13 11 3 2
53 41 12 2 9 10 1 5 4 6 8 14 12 7 13 11 3 0
57 44 13 2 9 10 1 5 4 6 8 0 12 7 13 11 3 14
58 45 13 2 9 10 1 5 4 6 8 12 0 7 13 11 3 14
58 46 12 2 9 10 1 5 4 6 8 12 14 7 13 11 3 0
62 49 13 2 9 10 1 5 4 6 8 0 14 7 13 11 3 12
63 50 13 2 9 10 1 5 4 6 8 3 14 7 13 11 0 12
62 51 11 2 9 10 1 5 4 6 8 3 14 7 13 11 12 0
66 54 12 2 9 10 1 5 4 6 8 0 14 7 13 11 12 3
67 55 12 2 9 10 0 5 4 6 8 1 14 7 13 11 12 3
67 56 11 2 9 0 10 5 4 6 8 1 14 7 13 11 12 3
68 57 11 2 0 9 10 5 4 6 8 1 14 7 13 11 12 3
69 58 11 0 2 9 10 5 4 6 8 1 14 7 13 11 12 3
71 61 10 3 2 9 10 5 4 6 8 1 14 7 13 11 12 0
75 64 11 3 2 9 10 5 4 6 8 0 14 7 13 11 12 1
74 63 11 3 2 9 10 0 4 6 8 1 14 7 13 11 12 5
77 66 11 3 2 9 10 1 4 6 8 0 14 7 13 11 12 5
72 61 11 6 2 9 10 5 4 0 8 1 14 7 13 11 12 3
73 62 11 6 2 9 10 5 0 4 8 1 14 7 13 11 12 3
74 63 11 6 2 9 10 5 7 4 8 1 14 0 13 11 12 3
74 65 9 6 2 9 10 5 7 4 8 1 14 3 13 11 12 0
78 68 10 6 2 9 10 5 7 4 8 0 14 3 13 11 12 1
78 68 10 0 2 9 10 5 7 4 8 1 14 3 13 11 12 6
81 71 10 4 2 9 10 5 7 0 8 1 14 3 13 11 12 6
82 72 10 4 2 9 10 5 0 7 8 1 14 3 13 11 12 6
82 72 10 4 2 9 10 5 7 13 8 1 14 3 0 11 12 6
83 73 10 4 2 9 10 5 7 13 8 1 14 3 11 0 12 6
82 72 10 4 0 9 10 5 7 2 8 1 14 3 13 11 12 6
82 73 9 0 4 9 10 5 7 2 8 1 14 3 13 11 12 6
84 76 8 6 4 9 10 5 7 2 8 1 14 3 13 11 12 0
88 79 9 6 4 9 10 5 7 2 8 0 14 3 13 11 12 1
87 78 9 6 4 9 10 0 7 2 8 1 14 3 13 11 12 5
90 81 9 6 4 9 10 1 7 2 8 0 14 3 13 11 12 5
89 80 9 0 4 9 10 6 7 2 8 1 14 3 13 11 12 5
91 83 8 5 4 9 10 6 7 2 8 1 14 3 13 11 12 0
95 86 9 5 4 9 10 6 7 2 8 0 14 3 13 11 12 1
92 83 9 2 4 9 10 6 7 0 8 1 14 3 13 11 12 5
93 84 9 2 4 9 10 6 0 7 8 1 14 3 13 11 12 5
93 84 9 2 4 9 10 6 7 13 8 1 14 3 0 11 12 5
94 85 9 2 4 9 10 6 7 13 8 1 14 3 11 0 12 5
90 81 9 7 4 9 10 6 0 2 8 1 14 3 13 11 12 5
90 82 8 7 4 9 10 6 2 0 8 1 14 3 13 11 12 5
91 83 8 7 4 9 10 6 2 13 8 1 14 3 0 11 12 5
92 84 8 7 4 9 10 6 2 13 8 1 14 3 11 0 12 5
94 85 9 7 4 9 10 6 2 13 8 1 14 3 11 12 0 5
94 86 8 7 4 9 10 6 2 13 8 1 14 3 11 12 5 0
98 89 9 7 4 9 10 6 2 13 8 0 14 3 11 12 5 1
99 90 9 7 4 9 10 6 2 13 8 5 14 3 11 12 0 1
99 91 8 7 4 9 10 6 2 13 8 5 14 3 11 12 1 0
99 91 8 7 4 9 10 6 2 13 8 5 14 3 11 0 12 1
100 92 8 7 4 9 10 6 2 13 8 5 14 3 0 11 12 1
101 93 8 7 4 9 10 6 2 0 8 5 14 3 13 11 12 1
103 94 9 7 4 9 10 6 2 8 0 5 14 3 13 11 12 1
104 95 9 7 4 9 10 6 2 8 5 0 14 3 13 11 12 1
104 95 9 7 4 9 10 6 2 8 11 5 14 3 13 0 12 1
105 96 9 7 4 9 10 6 2 8 11 5 14 3 0 13 12 1
106 97 9 7 4 9 10 6 2 0 11 5 14 3 8 13 12 1
107 98 9 7 4 9 10 6 2 11 0 5 14 3 8 13 12 1
108 99 9 7 4 9 10 6 2 11 5 0 14 3 8 13 12 1
108 99 9 7 4 0 10 6 2 11 9 5 14 3 8 13 12 1
104 95 9 7 4 0 10 6 2 8 9 5 14 3 13 11 12 1
94 85 9 7 4 9 10 6 2 13 0 1 14 3 11 8 12 5
95 86 9 7 4 9 10 6 2 13 1 0 14 3 11 8 12 5
95 86 9 7 4 9 10 6 2 13 8 0 14 3 11 12 1 5
98 89 9 0 4 9 10 6 2 13 8 1 14 3 11 12 5 7
101 92 9 13 4 9 10 6 2 0 8 1 14 3 11 12 5 7
102 93 9 13 4 9 10 6 2 11 8 1 14 3 0 12 5 7
103 94 9 13 4 9 10 6 2 11 8 1 14 3 12 0 5 7
104 95 9 13 4 9 10 6 2 11 8 1 14 3 12 5 0 7
104 96 8 13 4 9 10 6 2 11 8 1 14 3 12 5 7 0
108 99 9 13 4 9 10 6 2 11 8 0 14 3 12 5 7 1
109 100 9 13 4 9 10 6 2 11 8 7 14 3 12 5 0 1
109 101 8 13 4 9 10 6 2 11 8 7 14 3 12 5 1 0
113 104 9 0 4 9 10 6 2 11 8 7 14 3 12 5 1 13
116 107 9 11 4 9 10 6 2 0 8 7 14 3 12 5 1 13
117 108 9 11 4 9 10 6 2 12 8 7 14 3 0 5 1 13
118 109 9 11 4 9 10 6 2 12 8 7 14 3 5 0 1 13
119 110 9 11 4 9 10 6 2 12 8 7 14 3 5 1 0 13
119 111 8 11 4 9 10 6 2 12 8 7 14 3 5 1 13 0
123 114 9 11 4 9 10 6 2 12 8 0 14 3 5 1 13 7
124 115 9 11 4 9 10 6 2 12 8 13 14 3 5 1 0 7
124 116 8 11 4 9 10 6 2 12 8 13 14 3 5 1 7 0
128 119 9 0 4 9 10 6 2 12 8 13 14 3 5 1 7 11
131 122 9 12 4 9 10 6 2 0 8 13 14 3 5 1 7 11
131 123 8 12 4 9 10 6 2 5 8 13 14 3 0 1 7 11
132 124 8 12 4 9 10 6 2 5 8 13 14 3 1 0 7 11
133 125 8 12 4 9 10 6 2 5 8 13 14 3 1 7 0 11
133 126 7 12 4 9 10 6 2 5 8 13 14 3 1 7 11 0
137 129 8 12 4 9 10 6 2 5 8 0 14 3 1 7 11 13
137 130 7 12 4 9 10 6 2 5 8 11 14 3 1 7 0 13
137 131 6 12 4 9 10 6 2 5 8 11 14 3 1 7 13 0
141 134 7 0 4 9 10 6 2 5 8 11 14 3 1 7 13 12
143 136 7 6 4 9 10 0 2 5 8 11 14 3 1 7 13 12
144 138 6 6 4 9 10 12 2 5 8 11 14 3 1 7 13 0
148 141 7 0 4 9 10 12 2 5 8 11 14 3 1 7 13 6
146 139 7 6 4 9 10 12 2 5 8 11 14 3 1 7 0 13
147 140 7 6 4 9 10 12 2 5 8 11 14 3 1 0 7 13
148 141 7 6 4 9 10 12 2 5 8 11 14 3 0 1 7 13
140 133 7 12 4 9 10 0 2 5 8 11 14 3 1 7 13 6
138 131 7 12 4 9 10 6 2 5 8 11 14 3 1 0 7 13
139 132 7 12 4 9 10 6 2 5 8 11 14 3 0 1 7 13
141 133 8 12 4 9 10 6 2 5 8 11 14 0 3 1 7 13
142 135 7 12 4 9 10 6 2 5 8 11 14 13 3 1 7 0
146 138 8 0 4 9 10 6 2 5 8 11 14 13 3 1 7 12
148 140 8 13 4 9 10 6 2 5 8 11 14 0 3 1 7 12
149 142 7 13 4 9 10 6 2 5 8 11 14 12 3 1 7 0
148 141 7 13 4 9 10 6 2 5 8 11 14 3 0 1 7 12
149 142 7 13 4 9 10 6 2 5 8 11 14 3 1 0 7 12
150 143 7 13 4 9 10 6 2 5 8 11 14 3 1 7 0 12
149 144 5 13 4 9 10 6 2 5 8 11 14 3 1 7 12 0
153 147 6 0 4 9 10 6 2 5 8 11 14 3 1 7 12 13
155 149 6 6 4 9 10 0 2 5 8 11 14 3 1 7 12 13
155 151 4 6 4 9 10 13 2 5 8 11 14 3 1 7 12 0
159 154 5 0 4 9 10 13 2 5 8 11 14 3 1 7 12 6
163 157 6 5 4 9 10 13 2 0 8 11 14 3 1 7 12 6
164 158 6 5 4 9 10 13 2 1 8 11 14 3 0 7 12 6
165 159 6 5 4 9 10 13 2 1 8 11 14 3 7 0 12 6
162 156 6 3 4 9 10 13 2 5 8 11 14 0 1 7 12 6
163 158 5 3 4 9 10 13 2 5 8 11 14 6 1 7 12 0
167 161 6 0 4 9 10 13 2 5 8 11 14 6 1 7 12 3
163 157 6 3 4 9 10 13 2 5 8 11 14 1 0 7 12 6
164 158 6 3 4 9 10 13 2 5 8 11 14 1 7 0 12 6
161 155 6 4 0 9 10 13 2 5 8 11 14 3 1 7 12 6
162 156 6 4 9 0 10 13 2 5 8 11 14 3 1 7 12 6
161 155 6 2 4 9 10 13 0 5 8 11 14 3 1 7 12 6
159 153 6 6 4 9 10 13 2 5 8 11 14 0 1 7 12 3
160 154 6 6 4 9 10 13 2 5 8 11 14 1 0 7 12 3
161 155 6 6 4 9 10 13 2 5 8 11 14 1 7 0 12 3
158 152 6 6 4 9 10 13 2 5 8 11 0 3 1 7 12 14
158 152 6 6 4 9 10 13 2 5 8 11 14 3 1 7 0 12
159 153 6 6 4 9 10 13 2 5 8 11 14 3 1 0 7 12
160 154 6 6 4 9 10 13 2 5 8 11 14 3 0 1 7 12
152 146 6 13 4 9 10 0 2 5 8 11 14 3 1 7 12 6
160 154 6 6 4 9 10 13 2 5 8 0 14 3 1 7 12 11
162 155 7 6 4 9 10 13 2 5 8 14 0 3 1 7 12 11
162 156 6 6 4 9 10 13 2 5 8 14 11 3 1 7 12 0
166 159 7 0 4 9 10 13 2 5 8 14 11 3 1 7 12 6
162 155 7 6 4 9 10 13 2 5 0 8 14 3 1 7 12 11
163 156 7 6 4 9 10 13 2 5 7 8 14 3 1 0 12 11
164 157 7 6 4 9 10 13 2 5 7 8 14 3 0 1 12 11
163 156 7 6 4 0 10 13 2 5 9 8 14 3 1 7 12 11
152 145 7 13 4 9 10 6 2 5 8 11 0 3 1 7 12 14
153 146 7 13 4 9 10 0 2 5 8 11 6 3 1 7 12 14
154 148 6 13 4 9 10 14 2 5 8 11 6 3 1 7 12 0
154 148 6 0 4 9 10 13 2 5 8 11 6 3 1 7 12 14
156 151 5 14 4 9 10 13 2 5 8 11 6 3 1 7 12 0
158 152 6 14 4 9 10 13 2 5 8 11 0 3 1 7 12 6
160 153 7 14 4 9 10 13 2 5 8 0 11 3 1 7 12 6
158 151 7 5 4 9 10 13 2 0 8 11 6 3 1 7 12 14
159 152 7 5 4 9 10 13 2 1 8 11 6 3 0 7 12 14
160 153 7 5 4 9 10 13 2 1 8 11 6 3 7 0 12 14
167 160 7 5 4 9 10 13 2 1 8 11 14 3 7 12 0 6
167 161 6 5 4 9 10 13 2 1 8 11 14 3 7 12 6 0
171 164 7 0 4 9 10 13 2 1 8 11 14 3 7 12 6 5
173 167 6 1 4 9 10 13 2 0 8 11 14 3 7 12 6 5
174 168 6 1 4 9 10 13 2 7 8 11 14 3 0 12 6 5
175 169 6 1 4 9 10 13 2 7 8 11 14 3 12 0 6 5
176 170 6 1 4 9 10 13 2 7 8 11 14 3 12 6 0 5
176 171 5 1 4 9 10 13 2 7 8 11 14 3 12 6 5 0
181 174 7 1 4 9 10 13 2 7 8 0 14 3 12 6 5 11
182 175 7 1 4 9 10 13 2 7 8 5 14 3 12 6 0 11
182 176 6 1 4 9 10 13 2 7 8 5 14 3 12 6 11 0
161 154 7 6 4 9 10 13 0 5 8 11 14 2 1 7 12 3
170 163 7 13 4 9 10 0 2 5 8 11 14 6 1 7 12 3
171 165 6 13 4 9 10 3 2 5 8 11 14 6 1 7 12 0
175 168 7 0 4 9 10 3 2 5 8 11 14 6 1 7 12 13
166 159 7 3 4 9 10 13 2 5 0 11 14 1 7 8 12 6
167 160 7 3 4 0 10 13 2 5 9 11 14 1 7 8 12 6
164 157 7 4 9 10 0 13 2 5 8 11 14 3 1 7 12 6
164 157 7 4 9 8 10 13 2 5 0 11 14 3 1 7 12 6
165 158 7 4 9 8 10 13 2 5 7 11 14 3 1 0 12 6
166 159 7 4 9 8 10 13 2 5 7 11 14 3 0 1 12 6
163 156 7 2 4 9 10 13 3 5 8 11 14 0 1 7 12 6
164 158 6 2 4 9 10 13 3 5 8 11 14 6 1 7 12 0
168 161 7 0 4 9 10 13 3 5 8 11 14 6 1 7 12 2
170 163 7 6 4 9 10 13 3 5 8 11 14 0 1 7 12 2
171 165 6 6 4 9 10 13 3 5 8 11 14 2 1 7 12 0
170 164 6 6 4 9 10 13 0 5 8 11 14 3 1 7 12 2
172 165 7 6 4 9 10 13 5 0 8 11 14 3 1 7 12 2
173 166 7 6 4 9 10 13 5 1 8 11 14 3 0 7 12 2
174 167 7 6 4 9 10 13 5 1 8 11 14 3 7 0 12 2
160 153 7 6 4 9 10 0 2 5 8 11 13 3 1 7 12 14
161 155 6 6 4 9 10 14 2 5 8 11 13 3 1 7 12 0
165 158 7 0 4 9 10 14 2 5 8 11 13 3 1 7 12 6
160 153 7 6 4 9 10 13 2 5 8 0 11 3 1 7 12 14
160 153 7 6 4 9 10 13 2 5 8 0 14 3 1 7 11 12
156 149 7 13 4 9 10 11 2 5 8 0 14 3 1 7 12 6
154 147 7 13 4 9 10 14 2 5 8 11 0 3 1 7 12 6
159 152 7 6 4 9 10 3 2 5 8 11 14 0 1 7 12 13
160 154 6 6 4 9 10 3 2 5 8 11 14 13 1 7 12 0
164 157 7 0 4 9 10 3 2 5 8 11 14 13 1 7 12 6
157 150 7 5 4 9 10 6 2 0 8 11 14 3 1 7 12 13
158 151 7 5 4 9 10 6 2 1 8 11 14 3 0 7 12 13
159 152 7 5 4 9 10 6 2 1 8 11 14 3 7 0 12 13
165 158 7 5 0 9 10 13 2 4 8 11 14 3 1 7 12 6
166 159 7 5 9 0 10 13 2 4 8 11 14 3 1 7 12 6
156 149 7 3 4 9 10 6 2 5 8 11 14 0 1 7 12 13
157 151 6 3 4 9 10 6 2 5 8 11 14 13 1 7 12 0
161 154 7 0 4 9 10 6 2 5 8 11 14 13 1 7 12 3
155 148 7 2 4 9 10 6 0 5 8 11 14 3 1 7 12 13
154 147 7 13 4 9 10 6 2 5 8 0 14 3 1 7 12 11
157 150 7 6 4 9 10 14 2 5 8 11 0 3 1 7 12 13
169 162 7 4 0 9 10 13 2 5 8 11 14 6 1 7 12 3
170 163 7 4 9 0 10 13 2 5 8 11 14 6 1 7 12 3
161 154 7 14 4 9 10 13 2 5 8 0 6 3 1 7 12 11
162 155 7 14 4 9 10 13 2 5 8 6 0 3 1 7 12 11
162 156 6 14 4 9 10 13 2 5 8 6 11 3 1 7 12 0
166 159 7 0 4 9 10 13 2 5 8 6 11 3 1 7 12 14
156 149 7 4 0 9 10 13 2 5 8 11 6 3 1 7 12 14
157 150 7 4 9 0 10 13 2 5 8 11 6 3 1 7 12 14
156 149 7 2 4 9 10 13 0 5 8 11 6 3 1 7 12 14
153 146 7 13 4 9 10 6 2 5 8 11 14 0 1 7 12 3
154 147 7 13 4 9 10 6 2 5 8 11 14 1 0 7 12 3
155 148 7 13 4 9 10 6 2 5 8 11 14 1 7 0 12 3
158 151 7 0 4 9 10 14 2 5 8 11 6 3 1 7 12 13
160 153 7 14 4 9 10 0 2 5 8 11 6 3 1 7 12 13
161 154 7 14 4 9 10 6 2 5 8 11 0 3 1 7 12 13
161 155 6 14 4 9 10 6 2 5 8 11 13 3 1 7 12 0
159 152 7 14 4 9 10 13 2 5 8 11 6 3 1 7 0 12
160 153 7 14 4 9 10 13 2 5 8 11 6 3 1 0 7 12
161 154 7 14 4 9 10 13 2 5 8 11 6 3 0 1 7 12
165 158 7 5 4 9 10 13 2 8 0 11 14 3 1 7 12 6
166 159 7 5 4 9 10 13 2 8 7 11 14 3 1 0 12 6
167 160 7 5 4 9 10 13 2 8 7 11 14 3 0 1 12 6
168 161 7 5 4 9 10 13 2 0 7 11 14 3 8 1 12 6
169 162 7 5 4 9 10 13 2 7 0 11 14 3 8 1 12 6
170 163 7 5 4 9 10 13 2 7 1 11 14 3 8 0 12 6
171 164 7 5 4 9 10 13 2 7 1 11 14 3 0 8 12 6
172 165 7 5 4 9 10 13 2 0 1 11 14 3 7 8 12 6
170 163 7 5 4 0 10 13 2 7 9 11 14 3 8 1 12 6
166 159 7 5 4 0 10 13 2 8 9 11 14 3 1 7 12 6
157 150 7 3 4 9 10 13 2 5 8 11 6 0 1 7 12 14
158 152 6 3 4 9 10 13 2 5 8 11 6 14 1 7 12 0
162 155 7 0 4 9 10 13 2 5 8 11 6 14 1 7 12 3
160 153 7 3 4 9 10 13 2 5 8 11 0 14 1 7 12 6
158 151 7 3 4 9 10 13 2 5 8 11 6 1 0 7 12 14
159 152 7 3 4 9 10 13 2 5 8 11 6 1 7 0 12 14
160 153 7 14 4 9 10 13 2 5 8 11 6 0 1 7 12 3
161 154 7 14 4 9 10 13 2 5 8 11 6 1 0 7 12 3
162 155 7 14 4 9 10 13 2 5 8 11 6 1 7 0 12 3
175 168 7 1 4 9 10 13 2 8 0 11 14 3 7 12 6 5
176 169 7 1 4 9 10 13 2 8 12 11 14 3 7 0 6 5
177 170 7 1 4 9 10 13 2 8 12 11 14 3 7 6 0 5
177 171 6 1 4 9 10 13 2 8 12 11 14 3 7 6 5 0
177 170 7 1 4 9 10 13 2 8 12 11 14 3 0 7 6 5
178 171 7 1 4 9 10 13 2 0 12 11 14 3 8 7 6 5
179 172 7 1 4 9 10 13 2 12 0 11 14 3 8 7 6 5
180 173 7 1 4 9 10 13 2 12 7 11 14 3 8 0 6 5
181 174 7 1 4 9 10 13 2 12 7 11 14 3 8 6 0 5
181 175 6 1 4 9 10 13 2 12 7 11 14 3 8 6 5 0
181 174 7 1 4 9 10 13 2 12 7 11 14 3 0 8 6 5
182 175 7 1 4 9 10 13 2 0 7 11 14 3 12 8 6 5
180 173 7 1 4 0 10 13 2 12 9 11 14 3 8 7 6 5
176 169 7 1 4 0 10 13 2 8 9 11 14 3 7 12 6 5
160 153 7 14 4 9 10 0 2 5 8 11 13 3 1 7 12 6
165 158 7 5 4 9 10 13 0 2 8 11 14 3 1 7 12 6
175 168 7 1 4 9 10 13 0 2 8 11 14 3 7 12 6 5
167 160 7 5 4 9 10 13 2 1 0 11 14 3 7 8 12 6
168 161 7 5 4 0 10 13 2 1 9 11 14 3 7 8 12 6
175 168 7 1 0 9 10 13 2 4 8 11 14 3 7 12 6 5
176 169 7 1 9 0 10 13 2 4 8 11 14 3 7 12 6 5
166 159 7 5 4 9 10 13 2 1 8 11 14 0 3 7 12 6
167 161 6 5 4 9 10 13 2 1 8 11 14 6 3 7 12 0
171 164 7 0 4 9 10 13 2 1 8 11 14 6 3 7 12 5
173 167 6 1 4 9 10 13 2 0 8 11 14 6 3 7 12 5
174 168 6 1 4 9 10 13 2 3 8 11 14 6 0 7 12 5
174 169 5 1 4 9 10 13 2 3 8 11 14 0 6 7 12 5
176 172 4 1 4 9 10 13 2 0 8 11 14 3 6 7 12 5
175 171 4 1 4 9 10 13 2 3 8 11 14 5 6 7 12 0
178 173 5 1 4 9 10 13 2 8 0 11 14 3 6 7 12 5
179 174 5 1 4 9 10 13 2 8 7 11 14 3 6 0 12 5
179 174 5 1 4 0 10 13 2 8 9 11 14 3 6 7 12 5
178 173 5 1 4 9 10 13 0 2 8 11 14 3 6 7 12 5
178 173 5 1 4 9 10 13 2 6 8 11 14 3 0 7 12 5
179 174 5 1 4 9 10 13 2 6 8 11 14 3 7 0 12 5
178 173 5 1 0 9 10 13 2 4 8 11 14 3 6 7 12 5
179 174 5 1 9 0 10 13 2 4 8 11 14 3 6 7 12 5
181 175 6 1 9 10 0 13 2 4 8 11 14 3 6 7 12 5
180 174 6 1 4 9 10 13 3 2 8 11 14 0 6 7 12 5
181 176 5 1 4 9 10 13 3 2 8 11 14 5 6 7 12 0
183 177 6 1 4 9 10 13 3 0 8 11 14 2 6 7 12 5
181 175 6 1 0 4 10 13 2 8 9 11 14 3 6 7 12 5
182 176 6 1 8 4 10 13 2 0 9 11 14 3 6 7 12 5
183 177 6 1 8 4 10 13 2 9 0 11 14 3 6 7 12 5
184 178 6 1 8 4 10 13 2 9 7 11 14 3 6 0 12 5
184 178 6 1 8 0 10 13 2 9 4 11 14 3 6 7 12 5
185 179 6 1 0 8 10 13 2 9 4 11 14 3 6 7 12 5
186 180 6 1 9 8 10 13 2 0 4 11 14 3 6 7 12 5
178 172 6 1 4 9 10 13 2 3 8 11 0 5 6 7 12 14
180 174 6 1 4 9 10 13 2 3 8 0 14 5 6 7 12 11
181 175 6 1 4 9 10 13 2 8 7 11 14 3 0 6 12 5
182 176 6 1 4 9 10 13 2 0 7 11 14 3 8 6 12 5
183 177 6 1 4 9 10 13 2 7 0 11 14 3 8 6 12 5
184 178 6 1 4 9 10 13 2 7 6 11 14 3 8 0 12 5
185 179 6 1 4 9 10 13 2 7 6 11 14 3 0 8 12 5
186 180 6 1 4 9 10 13 2 0 6 11 14 3 7 8 12 5
184 178 6 1 4 0 10 13 2 7 9 11 14 3 8 6 12 5
180 174 6 0 4 9 10 13 2 3 8 11 14 5 6 7 12 1
183 177 6 3 4 9 10 13 2 0 8 11 14 5 6 7 12 1
182 176 6 5 4 9 10 13 2 3 8 11 14 0 6 7 12 1
184 179 5 5 4 9 10 13 2 0 8 11 14 3 6 7 12 1
183 178 5 5 4 9 10 13 2 3 8 11 14 1 6 7 12 0
186 180 6 5 4 9 10 13 2 8 0 11 14 3 6 7 12 1
187 181 6 5 4 9 10 13 2 8 7 11 14 3 6 0 12 1
187 181 6 5 4 0 10 13 2 8 9 11 14 3 6 7 12 1
186 180 6 5 4 9 10 13 0 2 8 11 14 3 6 7 12 1
186 180 6 5 4 9 10 13 2 6 8 11 14 3 0 7 12 1
187 181 6 5 4 9 10 13 2 6 8 11 14 3 7 0 12 1
179 173 6 1 4 9 10 0 2 3 8 11 14 5 6 7 12 13
182 176 6 1 4 9 10 5 2 3 8 11 14 0 6 7 12 13
184 179 5 1 4 9 10 5 2 0 8 11 14 3 6 7 12 13
183 178 5 1 4 9 10 5 2 3 8 11 14 13 6 7 12 0
186 180 6 1 4 9 10 5 2 8 0 11 14 3 6 7 12 13
187 181 6 1 4 9 10 5 2 8 7 11 14 3 6 0 12 13
187 181 6 1 4 0 10 5 2 8 9 11 14 3 6 7 12 13
186 180 6 1 4 9 10 5 0 2 8 11 14 3 6 7 12 13
181 175 6 1 4 9 10 13 2 6 0 11 14 3 7 8 12 5
182 176 6 1 4 0 10 13 2 6 9 11 14 3 7 8 12 5
175 169 6 1 4 9 10 13 2 3 8 11 14 6 7 0 12 5
180 174 6 0 1 9 10 13 2 4 8 11 14 3 6 7 12 5
182 177 5 5 1 9 10 13 2 4 8 11 14 3 6 7 12 0
183 177 6 4 1 9 10 13 2 0 8 11 14 3 6 7 12 5
184 178 6 4 0 9 10 13 2 1 8 11 14 3 6 7 12 5
184 179 5 0 4 9 10 13 2 1 8 11 14 3 6 7 12 5
186 182 4 5 4 9 10 13 2 1 8 11 14 3 6 7 12 0
191 185 6 5 4 9 10 13 2 1 8 0 14 3 6 7 12 11
185 179 6 4 9 0 10 13 2 1 8 11 14 3 6 7 12 5
190 184 6 5 4 9 10 0 2 1 8 11 14 3 6 7 12 13
192 186 6 0 4 9 10 5 2 1 8 11 14 3 6 7 12 13
194 189 5 13 4 9 10 5 2 1 8 11 14 3 6 7 12 0
190 184 6 5 4 9 10 13 2 1 8 11 14 0 6 7 12 3
193 187 6 5 4 9 10 13 2 0 8 11 14 1 6 7 12 3
192 186 6 0 4 9 10 13 2 1 8 11 14 5 6 7 12 3
194 189 5 1 4 9 10 13 2 0 8 11 14 5 6 7 12 3
194 189 5 3 4 9 10 13 2 1 8 11 14 5 6 7 12 0
181 175 6 1 4 10 0 13 2 8 9 11 14 3 6 7 12 5
196 190 6 1 4 9 10 13 2 8 0 11 14 5 6 7 12 3
197 191 6 1 4 9 10 13 2 8 7 11 14 5 6 0 12 3
196 190 6 1 4 9 10 13 0 2 8 11 14 5 6 7 12 3
197 191 6 1 4 9 10 13 5 2 8 11 14 0 6 7 12 3
197 193 4 1 4 9 10 13 5 2 8 11 14 3 6 7 12 0
202 196 6 1 4 9 10 13 5 2 8 0 14 3 6 7 12 11
177 171 6 0 4 9 10 13 2 3 8 11 14 1 6 7 12 5
180 174 6 3 4 9 10 13 2 0 8 11 14 1 6 7 12 5
180 174 6 1 4 9 10 13 2 8 11 0 14 3 6 7 12 5
187 181 6 13 4 9 10 0 2 1 8 11 14 3 6 7 12 5
178 172 6 1 4 9 10 0 2 3 8 11 14 13 6 7 12 5
186 180 6 2 4 9 10 13 0 1 8 11 14 3 6 7 12 5
187 181 6 2 4 9 10 13 1 0 8 11 14 3 6 7 12 5
186 180 6 1 0 9 10 5 2 4 8 11 14 3 6 7 12 13
187 181 6 1 9 0 10 5 2 4 8 11 14 3 6 7 12 13
196 190 6 1 0 9 10 13 2 4 8 11 14 5 6 7 12 3
197 191 6 1 9 0 10 13 2 4 8 11 14 5 6 7 12 3
189 183 6 5 4 9 10 13 2 1 8 11 14 3 6 7 0 12
190 184 6 5 4 9 10 13 2 1 8 11 14 3 6 0 7 12
180 174 6 1 4 9 10 13 2 6 8 11 14 0 3 7 12 5
181 176 5 1 4 9 10 13 2 6 8 11 14 5 3 7 12 0
189 183 6 5 4 9 10 13 2 1 8 11 0 3 6 7 12 14
186 180 6 1 4 9 10 5 2 6 8 11 14 3 0 7 12 13
187 181 6 1 4 9 10 5 2 6 8 11 14 3 7 0 12 13
186 180 6 5 0 9 10 13 2 4 8 11 14 3 6 7 12 1
187 181 6 5 9 0 10 13 2 4 8 11 14 3 6 7 12 1
187 181 6 0 5 9 10 13 2 4 8 11 14 3 6 7 12 1
188 184 4 1 5 9 10 13 2 4 8 11 14 3 6 7 12 0
193 187 6 1 5 9 10 13 2 4 8 0 14 3 6 7 12 11
192 186 6 1 5 9 10 0 2 4 8 11 14 3 6 7 12 13
192 186 6 1 5 9 10 13 2 4 8 11 14 0 6 7 12 3
195 189 6 1 5 9 10 13 2 0 8 11 14 4 6 7 12 3
195 190 5 1 0 9 10 13 2 5 8 11 14 4 6 7 12 3
196 191 5 1 9 0 10 13 2 5 8 11 14 4 6 7 12 3
198 192 6 1 9 10 0 13 2 5 8 11 14 4 6 7 12 3
198 192 6 1 9 8 10 13 2 5 0 11 14 4 6 7 12 3
199 193 6 1 9 8 10 13 2 5 7 11 14 4 6 0 12 3
197 191 6 0 1 9 10 13 2 5 8 11 14 4 6 7 12 3
199 194 5 3 1 9 10 13 2 5 8 11 14 4 6 7 12 0
202 196 6 3 1 9 10 13 2 5 8 11 14 0 6 7 12 4
203 198 5 0 1 9 10 13 2 5 8 11 14 3 6 7 12 4
205 201 4 4 1 9 10 13 2 5 8 11 14 3 6 7 12 0
203 199 4 1 0 9 10 13 2 5 8 11 14 3 6 7 12 4
204 200 4 1 9 0 10 13 2 5 8 11 14 3 6 7 12 4
206 201 5 1 9 10 0 13 2 5 8 11 14 3 6 7 12 4
206 201 5 1 9 8 10 13 2 5 0 11 14 3 6 7 12 4
207 202 5 1 9 8 10 13 2 5 7 11 14 3 6 0 12 4
205 200 5 1 5 9 10 13 2 0 8 11 14 3 6 7 12 4
207 201 6 1 5 9 10 13 2 8 0 11 14 3 6 7 12 4
208 202 6 1 5 9 10 13 2 8 7 11 14 3 6 0 12 4
208 202 6 1 5 0 10 13 2 8 9 11 14 3 6 7 12 4
209 203 6 1 0 5 10 13 2 8 9 11 14 3 6 7 12 4
210 204 6 1 8 5 10 13 2 0 9 11 14 3 6 7 12 4
211 205 6 1 8 5 10 13 2 9 0 11 14 3 6 7 12 4
212 206 6 1 8 5 10 13 2 9 7 11 14 3 6 0 12 4
212 206 6 1 8 0 10 13 2 9 5 11 14 3 6 7 12 4
213 207 6 1 0 8 10 13 2 9 5 11 14 3 6 7 12 4
208 202 6 1 9 10 13 0 2 5 8 11 14 3 6 7 12 4
209 204 5 1 9 10 13 4 2 5 8 11 14 3 6 7 12 0
207 201 6 1 5 9 10 13 0 2 8 11 14 3 6 7 12 4
200 194 6 1 4 9 10 13 5 2 8 11 14 3 6 7 0 12
201 195 6 1 4 9 10 13 5 2 8 11 14 3 6 0 7 12
190 184 6 4 5 9 10 13 2 0 8 11 14 3 6 7 12 1
190 185 5 4 0 9 10 13 2 5 8 11 14 3 6 7 12 1
190 186 4 0 4 9 10 13 2 5 8 11 14 3 6 7 12 1
191 189 2 1 4 9 10 13 2 5 8 11 14 3 6 7 12 0
196 192 4 1 4 9 10 13 2 5 8 0 14 3 6 7 12 11
195 191 4 1 4 9 10 0 2 5 8 11 14 3 6 7 12 13
195 191 4 1 4 9 10 13 2 5 8 11 14 0 6 7 12 3
194 190 4 1 4 9 10 13 2 5 8 11 14 3 6 7 0 12
195 191 4 1 4 9 10 13 2 5 8 11 14 3 6 0 7 12
194 190 4 1 4 9 10 13 2 5 8 11 0 3 6 7 12 14
196 191 5 1 4 9 10 13 2 5 8 0 11 3 6 7 12 14
196 191 5 1 4 9 10 0 2 5 8 11 13 3 6 7 12 14
197 193 4 1 4 9 10 14 2 5 8 11 13 3 6 7 12 0
197 192 5 1 4 9 10 13 0 5 8 11 14 2 6 7 12 3
197 192 5 1 4 9 10 13 2 5 8 11 14 3 0 6 7 12
197 192 5 1 4 9 10 13 2 5 0 11 14 3 6 8 7 12
198 193 5 1 4 0 10 13 2 5 9 11 14 3 6 8 7 12
198 193 5 0 4 9 10 1 2 5 8 11 14 3 6 7 12 13
200 196 4 13 4 9 10 1 2 5 8 11 14 3 6 7 12 0
198 193 5 1 4 9 10 13 2 5 8 12 14 3 6 7 0 11
198 194 4 1 4 9 10 13 2 5 8 12 14 3 6 7 11 0
199 194 5 1 4 9 10 13 2 5 8 12 14 3 6 0 7 11
193 188 5 3 4 9 10 13 2 5 8 11 14 0 6 7 12 1
194 190 4 3 4 9 10 13 2 5 8 11 14 1 6 7 12 0
198 193 5 1 4 9 0 13 2 5 8 10 14 3 6 7 12 11
199 194 5 1 4 0 9 13 2 5 8 10 14 3 6 7 12 11
197 192 5 1 4 9 10 14 2 5 8 11 0 3 6 7 12 13
192 187 5 2 4 9 10 13 0 5 8 11 14 3 6 7 12 1
191 186 5 4 9 0 10 13 2 5 8 11 14 3 6 7 12 1
199 194 5 1 4 9 10 11 2 5 8 0 14 3 6 7 12 13
199 194 5 1 4 9 10 3 2 5 8 11 14 0 6 7 12 13
200 196 4 1 4 9 10 3 2 5 8 11 14 13 6 7 12 0
198 193 5 0 4 9 10 13 2 5 8 11 14 1 6 7 12 3
193 188 5 13 4 9 10 0 2 5 8 11 14 3 6 7 12 1
196 191 5 1 4 9 10 13 2 5 8 0 14 3 6 7 11 12
197 192 5 1 4 9 10 13 2 5 8 11 14 6 0 7 12 3
198 193 5 1 4 9 10 13 2 5 8 11 14 6 7 0 12 3
198 193 5 1 4 9 10 13 2 5 8 14 0 3 6 7 12 11
198 194 4 1 4 9 10 13 2 5 8 14 11 3 6 7 12 0
198 193 5 1 4 9 10 13 2 5 0 8 14 3 6 7 12 11
199 194 5 1 4 9 10 13 2 5 7 8 14 3 6 0 12 11
199 194 5 1 4 0 10 13 2 5 9 8 14 3 6 7 12 11
199 194 5 1 4 9 10 0 2 5 8 11 14 13 6 7 12 3
197 192 5 1 4 9 0 10 2 5 8 11 14 3 6 7 12 13
198 193 5 1 4 0 9 10 2 5 8 11 14 3 6 7 12 13
200 194 6 1 0 4 9 10 2 5 8 11 14 3 6 7 12 13
200 194 6 1 4 8 9 10 2 5 0 11 14 3 6 7 12 13
201 195 6 1 4 8 9 10 2 5 7 11 14 3 6 0 12 13
205 199 6 2 1 9 10 13 0 5 8 11 14 3 6 7 12 4
176 170 6 1 4 9 10 13 0 3 8 11 14 2 6 7 12 5
209 203 6 1 9 8 10 13 2 5 7 11 14 3 0 6 12 4
199 193 6 4 1 9 10 13 2 5 8 11 14 0 6 7 12 3
196 190 6 1 4 9 10 13 2 6 8 11 14 5 0 7 12 3
197 191 6 1 4 9 10 13 2 6 8 11 14 5 7 0 12 3
197 191 6 1 4 9 10 13 2 6 8 11 14 0 5 7 12 3
197 193 4 1 4 9 10 13 2 6 8 11 14 3 5 7 12 0
202 196 6 1 4 9 10 13 2 6 8 0 14 3 5 7 12 11
210 204 6 4 1 9 10 13 2 5 8 0 14 3 6 7 12 11
202 196 6 0 4 9 10 13 2 6 8 11 14 3 5 7 12 1
205 199 6 6 4 9 10 13 2 0 8 11 14 3 5 7 12 1
205 200 5 6 4 9 10 13 2 5 8 11 14 3 0 7 12 1
206 201 5 6 4 9 10 13 2 5 8 11 14 3 7 0 12 1
208 202 6 6 4 9 10 13 2 5 8 11 14 3 7 12 0 1
208 203 5 6 4 9 10 13 2 5 8 11 14 3 7 12 1 0
212 206 6 0 4 9 10 13 2 5 8 11 14 3 7 12 1 6
201 195 6 1 4 9 10 0 2 6 8 11 14 3 5 7 12 13
200 194 6 1 4 9 10 13 5 2 8 11 0 3 6 7 12 14
207 201 6 1 5 9 10 13 2 6 8 11 14 3 0 7 12 4
208 202 6 1 5 9 10 13 2 6 8 11 14 3 7 0 12 4
178 172 6 1 4 9 10 13 2 3 8 11 14 5 6 7 0 12
179 173 6 1 4 9 10 13 2 3 8 11 14 5 6 0 7 12
191 185 6 1 5 9 10 13 2 4 8 11 0 3 6 7 12 14
187 181 6 3 4 9 10 13 2 1 8 11 14 0 6 7 12 5
207 201 6 5 1 9 10 13 2 0 8 11 14 3 6 7 12 4
208 202 6 5 0 9 10 13 2 1 8 11 14 3 6 7 12 4
209 203 6 5 9 0 10 13 2 1 8 11 14 3 6 7 12 4
209 203 6 0 5 9 10 13 2 1 8 11 14 3 6 7 12 4
211 206 5 4 5 9 10 13 2 1 8 11 14 3 6 7 12 0
208 202 6 4 1 9 10 13 2 5 8 11 0 3 6 7 12 14
208 202 6 6 4 9 10 13 2 5 0 11 14 3 7 8 12 1
209 203 6 6 4 0 10 13 2 5 9 11 14 3 7 8 12 1
202 196 6 0 4 9 10 13 5 2 8 11 14 3 6 7 12 1
199 193 6 1 4 9 10 13 2 0 5 11 14 3 6 8 7 12
202 196 6 1 4 9 10 14 2 5 8 0 13 3 6 7 12 11
203 197 6 1 4 9 10 14 2 5 8 13 0 3 6 7 12 11
203 198 5 1 4 9 10 14 2 5 8 13 11 3 6 7 12 0
203 198 5 1 4 9 10 0 2 5 8 13 14 3 6 7 12 11
204 200 4 1 4 9 10 11 2 5 8 13 14 3 6 7 12 0
209 203 6 0 4 9 10 11 2 5 8 13 14 3 6 7 12 1
211 205 6 11 4 9 10 0 2 5 8 13 14 3 6 7 12 1
213 208 5 11 4 9 10 13 2 5 8 0 14 3 6 7 12 1
212 207 5 11 4 9 10 1 2 5 8 13 14 3 6 7 12 0
216 210 6 11 4 9 10 1 2 5 8 0 14 3 6 7 12 13
206 200 6 0 4 9 10 1 2 5 8 13 14 3 6 7 12 11
215 209 6 11 4 9 10 13 2 5 8 14 0 3 6 7 12 1
215 210 5 11 4 9 10 13 2 5 8 14 1 3 6 7 12 0
219 213 6 11 4 9 10 13 2 5 8 0 1 3 6 7 12 14
220 214 6 11 4 9 10 13 2 5 8 1 0 3 6 7 12 14
219 215 4 11 4 9 10 13 2 5 8 1 14 3 6 7 12 0
223 218 5 0 4 9 10 13 2 5 8 1 14 3 6 7 12 11
227 221 6 5 4 9 10 13 2 0 8 1 14 3 6 7 12 11
226 220 6 3 4 9 10 13 2 5 8 1 14 0 6 7 12 11
227 222 5 3 4 9 10 13 2 5 8 1 14 11 6 7 12 0
231 225 6 3 4 9 10 13 2 5 8 0 14 11 6 7 12 1
231 225 6 0 4 9 10 13 2 5 8 1 14 11 6 7 12 3
226 220 6 13 4 9 10 0 2 5 8 1 14 3 6 7 12 11
227 222 5 13 4 9 10 11 2 5 8 1 14 3 6 7 12 0
231 225 6 0 4 9 10 11 2 5 8 1 14 3 6 7 12 13
225 219 6 4 0 9 10 13 2 5 8 1 14 3 6 7 12 11
226 220 6 4 9 0 10 13 2 5 8 1 14 3 6 7 12 11
207 201 6 1 4 9 10 11 2 5 8 13 14 3 6 7 0 12
208 202 6 1 4 9 10 11 2 5 8 13 14 3 6 0 7 12
208 202 6 1 4 9 10 11 2 5 8 0 14 3 6 7 13 12
225 219 6 2 4 9 10 13 0 5 8 1 14 3 6 7 12 11
207 201 6 1 4 9 10 11 2 5 8 13 0 3 6 7 12 14
208 202 6 1 4 9 10 11 2 5 8 13 14 0 6 7 12 3
211 205 6 1 4 9 10 0 2 5 8 13 14 11 6 7 12 3
213 208 5 1 4 9 10 13 2 5 8 0 14 11 6 7 12 3
212 207 5 1 4 9 10 3 2 5 8 13 14 11 6 7 12 0
216 210 6 1 4 9 10 3 2 5 8 0 14 11 6 7 12 13
222 216 6 11 4 9 10 13 2 5 8 1 14 3 6 7 0 12
223 217 6 11 4 9 10 13 2 5 8 1 14 3 6 0 7 12
223 217 6 11 4 9 10 13 2 5 8 0 14 3 6 7 1 12
215 209 6 1 4 9 10 13 2 5 8 14 0 11 6 7 12 3
215 210 5 1 4 9 10 13 2 5 8 14 3 11 6 7 12 0
219 213 6 1 4 9 10 13 2 5 8 0 3 11 6 7 12 14
220 214 6 1 4 9 10 13 2 5 8 3 0 11 6 7 12 14
219 215 4 1 4 9 10 13 2 5 8 3 14 11 6 7 12 0
222 217 5 1 4 9 10 13 2 5 8 3 14 0 6 7 12 11
226 220 6 1 4 9 10 13 2 0 8 3 14 5 6 7 12 11
226 220 6 1 4 9 10 0 2 5 8 3 14 13 6 7 12 11
227 222 5 1 4 9 10 11 2 5 8 3 14 13 6 7 12 0
230 224 6 1 4 9 10 11 2 5 8 3 14 0 6 7 12 13
225 219 6 0 4 9 10 13 2 5 8 3 14 1 6 7 12 11
227 222 5 11 4 9 10 13 2 5 8 3 14 1 6 7 12 0
231 225 6 11 4 9 10 13 2 5 8 0 14 1 6 7 12 3
230 224 6 11 4 9 10 13 2 5 8 3 14 0 6 7 12 1
206 200 6 1 4 9 10 0 2 5 8 13 11 3 6 7 12 14
223 217 6 11 4 9 10 0 2 5 8 1 14 3 6 7 12 13
207 201 6 1 4 9 10 3 2 5 8 13 14 0 6 7 12 11
201 195 6 1 0 4 9 13 2 5 8 10 14 3 6 7 12 11
215 209 6 11 4 9 0 13 2 5 8 10 14 3 6 7 12 1
216 210 6 11 4 0 9 13 2 5 8 10 14 3 6 7 12 1
215 209 6 1 4 9 10 13 2 5 8 12 14 11 6 7 0 3
215 210 5 1 4 9 10 13 2 5 8 12 14 11 6 7 3 0
219 213 6 1 4 9 10 13 2 5 8 0 14 11 6 7 3 12
218 212 6 1 4 9 10 13 2 5 8 12 14 0 6 7 3 11
216 210 6 1 4 9 10 13 2 5 8 12 14 11 6 0 7 3
215 209 6 1 4 9 10 13 2 5 0 8 14 11 6 7 12 3
216 210 6 1 4 9 10 13 2 5 7 8 14 11 6 0 12 3
216 210 6 1 4 0 10 13 2 5 9 8 14 11 6 7 12 3
224 218 6 1 4 9 10 13 0 5 8 3 14 2 6 7 12 11
218 212 6 1 4 9 10 13 2 5 8 14 3 0 6 7 12 11
223 217 6 11 4 9 10 13 2 5 8 1 14 0 6 7 12 3
219 213 6 0 4 9 10 13 2 5 8 14 1 3 6 7 12 11
215 209 6 11 4 9 10 13 2 5 0 8 14 3 6 7 12 1
216 210 6 11 4 9 10 13 2 5 7 8 14 3 6 0 12 1
216 210 6 11 4 0 10 13 2 5 9 8 14 3 6 7 12 1
220 214 6 1 4 9 10 13 2 5 8 3 14 11 6 7 0 12
221 215 6 1 4 9 10 13 2 5 8 3 14 11 6 0 7 12
215 209 6 11 4 9 10 13 2 5 8 12 14 3 6 7 0 1
215 210 5 11 4 9 10 13 2 5 8 12 14 3 6 7 1 0
219 213 6 0 4 9 10 13 2 5 8 12 14 3 6 7 1 11
216 210 6 11 4 9 10 13 2 5 8 12 14 3 6 0 7 1
205 199 6 1 4 9 0 10 2 5 8 13 14 3 6 7 12 11
206 200 6 1 4 0 9 10 2 5 8 13 14 3 6 7 12 11
206 200 6 1 4 9 13 10 2 5 8 0 14 3 6 7 12 11
215 209 6 1 4 9 0 13 2 5 8 10 14 11 6 7 12 3
216 210 6 1 4 0 9 13 2 5 8 10 14 11 6 7 12 3
224 218 6 1 4 9 10 13 2 5 8 3 14 6 0 7 12 11
225 219 6 1 4 9 10 13 2 5 8 3 14 6 7 0 12 11
224 218 6 0 4 9 10 13 2 5 8 3 14 11 6 7 12 1
223 217 6 1 4 9 10 0 2 5 8 3 14 11 6 7 12 13
197 191 6 3 4 9 10 13 2 5 8 11 14 1 6 7 0 12
198 192 6 3 4 9 10 13 2 5 8 11 14 1 6 0 7 12
195 189 6 3 4 9 10 13 2 5 8 11 14 6 0 7 12 1
196 190 6 3 4 9 10 13 2 5 8 11 14 6 7 0 12 1
202 196 6 1 4 9 10 13 2 5 8 12 14 0 6 7 11 3
198 192 6 1 4 9 10 13 2 5 8 12 11 3 6 7 0 14
198 193 5 1 4 9 10 13 2 5 8 12 11 3 6 7 14 0
202 196 6 1 4 9 10 13 2 5 8 0 11 3 6 7 14 12
202 197 5 1 4 9 10 13 2 5 8 11 0 3 6 7 14 12
202 198 4 1 4 9 10 13 2 5 8 11 12 3 6 7 14 0
204 199 5 1 4 9 10 13 2 5 8 11 12 3 6 7 0 14
205 200 5 1 4 9 10 13 2 5 8 11 12 3 6 0 7 14
207 201 6 1 4 9 10 13 2 5 8 11 12 3 0 6 7 14
207 201 6 1 4 9 10 13 2 5 0 11 12 3 6 8 7 14
208 202 6 1 4 0 10 13 2 5 9 11 12 3 6 8 7 14
198 192 6 1 4 9 0 13 2 5 8 10 11 3 6 7 12 14
199 193 6 1 4 0 9 13 2 5 8 10 11 3 6 7 12 14
206 200 6 1 4 9 10 13 2 5 8 0 12 3 6 7 11 14
199 193 6 1 4 9 10 13 2 5 8 12 11 3 6 0 7 14
207 201 6 1 4 9 10 13 2 5 8 0 12 3 6 7 14 11
208 202 6 1 4 9 10 13 2 5 8 14 12 3 6 7 0 11
208 203 5 1 4 9 10 13 2 5 8 14 12 3 6 7 11 0
209 203 6 1 4 9 10 13 2 5 8 14 12 3 6 0 7 11
200 194 6 1 4 9 10 13 2 5 8 12 0 3 6 7 14 11
207 201 6 0 4 9 10 13 2 5 8 11 12 3 6 7 14 1
206 200 6 1 4 9 10 0 2 5 8 11 12 3 6 7 14 13
207 201 6 1 4 9 10 12 2 5 8 11 0 3 6 7 14 13
207 202 5 1 4 9 10 12 2 5 8 11 13 3 6 7 14 0
209 203 6 1 4 9 10 12 2 5 8 11 13 3 6 7 0 14
210 204 6 1 4 9 10 12 2 5 8 11 13 3 6 0 7 14
204 198 6 1 4 9 10 0 2 5 8 11 13 3 6 7 14 12
206 200 6 1 4 9 10 13 2 5 8 11 12 0 6 7 14 3
199 193 6 0 4 9 10 1 2 5 8 11 13 3 6 7 12 14
201 196 5 14 4 9 10 1 2 5 8 11 13 3 6 7 12 0
204 198 6 14 4 9 10 0 2 5 8 11 13 3 6 7 12 1
204 199 5 14 4 9 10 13 2 5 8 11 0 3 6 7 12 1
204 200 4 14 4 9 10 13 2 5 8 11 1 3 6 7 12 0
208 203 5 0 4 9 10 13 2 5 8 11 1 3 6 7 12 14
212 206 6 5 4 9 10 13 2 0 8 11 1 3 6 7 12 14
211 205 6 3 4 9 10 13 2 5 8 11 1 0 6 7 12 14
212 207 5 3 4 9 10 13 2 5 8 11 1 14 6 7 12 0
216 210 6 0 4 9 10 13 2 5 8 11 1 14 6 7 12 3
214 208 6 3 4 9 10 13 2 5 8 11 0 14 6 7 12 1
211 205 6 13 4 9 10 0 2 5 8 11 1 3 6 7 12 14
212 207 5 13 4 9 10 14 2 5 8 11 1 3 6 7 12 0
216 210 6 0 4 9 10 14 2 5 8 11 1 3 6 7 12 13
210 204 6 4 0 9 10 13 2 5 8 11 1 3 6 7 12 14
211 205 6 4 9 0 10 13 2 5 8 11 1 3 6 7 12 14
208 202 6 14 4 9 10 13 2 5 8 11 1 0 6 7 12 3
206 200 6 14 4 9 10 13 2 5 8 0 11 3 6 7 12 1
207 201 6 14 4 9 10 13 2 5 8 11 1 3 6 7 0 12
208 202 6 14 4 9 10 13 2 5 8 11 1 3 6 0 7 12
198 192 6 1 4 9 10 13 2 5 0 8 11 3 6 7 12 14
199 193 6 1 4 9 10 13 2 5 7 8 11 3 6 0 12 14
199 193 6 1 4 0 10 13 2 5 9 8 11 3 6 7 12 14
203 197 6 14 4 9 10 1 2 5 8 11 0 3 6 7 12 13
209 203 6 14 4 9 10 13 2 5 8 0 1 3 6 7 12 11
210 204 6 14 4 9 10 13 2 5 8 1 0 3 6 7 12 11
210 205 5 14 4 9 10 13 2 5 8 1 11 3 6 7 12 0
214 208 6 0 4 9 10 13 2 5 8 1 11 3 6 7 12 14
204 198 6 14 4 9 10 0 2 5 8 11 1 3 6 7 12 13
210 204 6 2 4 9 10 13 0 5 8 11 1 3 6 7 12 14
198 192 6 1 4 9 0 10 2 5 8 11 13 3 6 7 12 14
199 193 6 1 4 0 9 10 2 5 8 11 13 3 6 7 12 14
201 195 6 1 4 9 10 14 2 5 8 11 13 0 6 7 12 3
204 198 6 1 4 9 10 0 2 5 8 11 13 14 6 7 12 3
205 200 5 1 4 9 10 3 2 5 8 11 13 14 6 7 12 0
204 199 5 1 4 9 10 13 2 5 8 11 0 14 6 7 12 3
204 200 4 1 4 9 10 13 2 5 8 11 3 14 6 7 12 0
207 202 5 1 4 9 10 13 2 5 8 11 3 0 6 7 12 14
211 205 6 1 4 9 10 13 2 0 8 11 3 5 6 7 12 14
211 205 6 1 4 9 10 0 2 5 8 11 3 13 6 7 12 14
212 207 5 1 4 9 10 14 2 5 8 11 3 13 6 7 12 0
215 209 6 1 4 9 10 14 2 5 8 11 3 0 6 7 12 13
210 204 6 0 4 9 10 13 2 5 8 11 3 1 6 7 12 14
212 207 5 14 4 9 10 13 2 5 8 11 3 1 6 7 12 0
215 209 6 14 4 9 10 13 2 5 8 11 3 0 6 7 12 1
214 208 6 14 4 9 10 13 2 5 8 11 0 1 6 7 12 3
207 201 6 1 4 9 10 3 2 5 8 11 0 14 6 7 12 13
200 194 6 1 4 9 10 14 2 5 8 11 13 3 6 7 0 12
201 195 6 1 4 9 10 14 2 5 8 11 13 3 6 0 7 12
209 203 6 1 4 9 10 13 2 5 8 11 3 6 0 7 12 14
210 204 6 1 4 9 10 13 2 5 8 11 3 6 7 0 12 14
209 203 6 1 4 9 10 13 0 5 8 11 3 2 6 7 12 14
206 200 6 1 4 9 10 13 2 5 8 0 11 14 6 7 12 3
209 203 6 0 4 9 10 13 2 5 8 11 3 14 6 7 12 1
209 203 6 1 4 9 10 13 2 5 8 0 3 14 6 7 12 11
210 204 6 1 4 9 10 13 2 5 8 3 0 14 6 7 12 11
210 205 5 1 4 9 10 13 2 5 8 3 11 14 6 7 12 0
213 207 6 1 4 9 10 13 2 5 8 3 11 0 6 7 12 14
208 202 6 1 4 9 10 0 2 5 8 11 3 14 6 7 12 13
207 201 6 1 4 9 10 13 2 5 8 11 3 14 6 7 0 12
208 202 6 1 4 9 10 13 2 5 8 11 3 14 6 0 7 12
200 194 6 1 4 9 10 3 2 5 8 11 13 0 6 7 12 14
200 194 6 1 4 9 10 11 2 5 8 0 13 3 6 7 12 14
199 193 6 1 4 9 10 13 2 5 8 11 14 0 3 6 7 12
200 195 5 1 4 9 10 13 2 5 8 11 14 12 3 6 7 0
202 196 6 1 4 9 10 13 2 5 8 11 14 12 3 6 0 7
203 197 6 1 4 9 10 13 2 5 8 11 14 12 3 0 6 7
204 198 6 1 4 9 10 13 2 5 8 11 14 12 0 3 6 7
205 199 6 1 4 9 10 13 2 5 8 11 14 0 12 3 6 7
206 201 5 1 4 9 10 13 2 5 8 11 14 7 12 3 6 0
208 202 6 1 4 9 10 13 2 5 8 11 14 7 12 3 0 6
209 203 6 1 4 9 10 13 2 5 8 11 14 7 12 0 3 6
210 204 6 1 4 9 10 13 2 5 8 11 14 7 0 12 3 6
211 205 6 1 4 9 10 13 2 5 8 11 14 0 7 12 3 6
212 207 5 1 4 9 10 13 2 5 8 11 14 6 7 12 3 0
202 196 6 0 4 9 10 14 2 5 8 11 13 3 6 7 12 1
199 193 6 1 4 9 10 13 2 0 8 11 14 3 5 6 7 12
200 194 6 1 0 4 10 13 2 5 9 11 14 3 6 8 7 12
199 193 6 1 4 9 10 13 2 5 11 0 14 3 6 8 7 12
200 194 6 1 4 9 10 13 2 5 11 7 14 3 6 8 0 12
199 195 4 1 4 9 10 13 2 5 11 7 14 3 6 8 12 0
203 198 5 1 4 9 10 13 2 5 11 0 14 3 6 8 12 7
203 199 4 1 4 9 10 13 2 5 0 11 14 3 6 8 12 7
203 200 3 1 4 9 10 13 2 5 8 11 14 3 6 0 12 7
205 201 4 1 4 9 10 13 2 5 8 11 14 3 6 12 0 7
205 202 3 1 4 9 10 13 2 5 8 11 14 3 6 12 7 0
205 201 4 1 4 9 10 13 2 5 8 11 14 3 0 6 12 7
204 200 4 1 4 0 10 13 2 5 9 11 14 3 6 8 12 7
206 201 5 1 4 10 0 13 2 5 9 11 14 3 6 8 12 7
206 201 5 1 0 4 10 13 2 5 9 11 14 3 6 8 12 7
207 202 5 1 4 9 10 13 2 5 8 11 14 0 3 6 12 7
208 204 4 1 4 9 10 13 2 5 8 11 14 7 3 6 12 0
207 202 5 1 4 9 10 13 2 0 8 11 14 3 5 6 12 7
210 205 5 1 4 9 10 13 2 5 8 0 14 3 6 12 7 11
211 206 5 1 4 9 10 13 2 5 8 7 14 3 6 12 0 11
211 207 4 1 4 9 10 13 2 5 8 7 14 3 6 12 11 0
211 207 4 1 4 9 10 13 2 5 8 7 14 3 6 0 12 11
213 208 5 1 4 9 10 13 2 5 8 7 14 3 0 6 12 11
205 200 5 1 4 9 10 13 2 0 5 11 14 3 6 8 12 7
209 204 5 1 4 9 10 0 2 5 8 11 14 3 6 12 7 13
208 203 5 1 4 9 10 13 2 5 8 11 0 3 6 12 7 14
209 204 5 1 4 9 10 13 2 5 8 11 14 0 6 12 7 3
213 208 5 1 4 9 10 13 2 5 0 7 14 3 6 8 12 11
214 209 5 1 4 9 10 13 2 5 7 0 14 3 6 8 12 11
214 209 5 1 4 0 10 13 2 5 9 7 14 3 6 8 12 11
207 202 5 1 4 9 10 13 2 5 8 0 14 3 6 12 11 7
210 205 5 0 4 9 10 13 2 5 8 11 14 3 6 12 7 1
214 208 6 5 4 9 10 13 2 0 8 11 14 3 6 12 7 1
205 199 6 1 4 9 0 13 2 5 11 10 14 3 6 8 12 7
206 200 6 1 4 0 9 13 2 5 11 10 14 3 6 8 12 7
207 201 6 1 4 11 9 13 2 5 0 10 14 3 6 8 12 7
207 202 5 1 4 11 9 13 2 5 8 10 14 3 6 0 12 7
209 203 6 1 4 11 9 13 2 5 8 10 14 3 6 12 0 7
209 204 5 1 4 11 9 13 2 5 8 10 14 3 6 12 7 0
213 207 6 1 4 11 9 13 2 5 8 0 14 3 6 12 7 10
214 208 6 1 4 11 9 13 2 5 8 7 14 3 6 12 0 10
214 209 5 1 4 11 9 13 2 5 8 7 14 3 6 12 10 0
214 209 5 1 4 11 9 13 2 5 8 7 14 3 6 0 12 10
216 210 6 1 4 11 9 13 2 5 8 7 14 3 0 6 12 10
208 202 6 1 4 10 11 13 2 5 9 0 14 3 6 8 12 7
209 203 6 1 4 10 11 13 2 5 0 9 14 3 6 8 12 7
209 204 5 1 4 10 11 13 2 5 8 9 14 3 6 0 12 7
211 205 6 1 4 10 11 13 2 5 8 9 14 3 6 12 0 7
211 206 5 1 4 10 11 13 2 5 8 9 14 3 6 12 7 0
215 209 6 1 4 10 11 13 2 5 8 0 14 3 6 12 7 9
215 210 5 1 4 10 0 13 2 5 8 11 14 3 6 12 7 9
215 211 4 1 4 0 10 13 2 5 8 11 14 3 6 12 7 9
217 212 5 1 0 4 10 13 2 5 8 11 14 3 6 12 7 9
217 212 5 1 4 8 10 13 2 5 0 11 14 3 6 12 7 9
218 213 5 1 4 8 10 13 2 5 12 11 14 3 6 0 7 9
219 214 5 1 4 8 10 13 2 5 12 11 14 3 6 7 0 9
219 215 4 1 4 8 10 13 2 5 12 11 14 3 6 7 9 0
224 218 6 1 4 8 10 13 2 5 12 0 14 3 6 7 9 11
225 219 6 1 4 8 10 13 2 5 0 12 14 3 6 7 9 11
225 220 5 1 4 0 10 13 2 5 8 12 14 3 6 7 9 11
227 221 6 1 4 10 0 13 2 5 8 12 14 3 6 7 9 11
228 222 6 1 4 10 12 13 2 5 8 0 14 3 6 7 9 11
229 223 6 1 4 10 12 13 2 5 8 9 14 3 6 7 0 11
229 224 5 1 4 10 12 13 2 5 8 9 14 3 6 7 11 0
233 227 6 1 4 10 12 13 2 5 8 0 14 3 6 7 11 9
233 228 5 1 4 10 12 13 2 5 8 11 14 3 6 7 0 9
233 229 4 1 4 10 12 13 2 5 8 11 14 3 6 7 9 0
234 229 5 1 4 10 12 13 2 5 8 11 14 3 6 0 7 9
236 230 6 1 4 10 12 13 2 5 8 11 14 3 0 6 7 9
236 230 6 1 4 10 12 13 2 5 0 11 14 3 6 8 7 9
237 231 6 1 4 0 12 13 2 5 10 11 14 3 6 8 7 9
238 232 6 1 4 12 0 13 2 5 10 11 14 3 6 8 7 9
211 205 6 1 4 9 10 13 2 5 8 11 14 7 3 6 0 12
212 206 6 1 4 9 10 13 2 5 8 11 14 7 3 0 6 12
213 207 6 1 4 9 10 13 2 5 8 11 14 7 0 3 6 12
214 208 6 1 4 9 10 13 2 5 8 11 14 0 7 3 6 12
215 210 5 1 4 9 10 13 2 5 8 11 14 12 7 3 6 0
217 211 6 1 4 9 10 13 2 5 8 11 14 12 7 3 0 6
218 212 6 1 4 9 10 13 2 5 8 11 14 12 7 0 3 6
219 213 6 1 4 9 10 13 2 5 8 11 14 12 0 7 3 6
220 214 6 1 4 9 10 13 2 5 8 11 14 0 12 7 3 6
221 216 5 1 4 9 10 13 2 5 8 11 14 6 12 7 3 0
223 217 6 1 4 9 10 13 2 5 8 11 14 6 12 7 0 3
224 218 6 1 4 9 10 13 2 5 8 11 14 6 12 0 7 3
238 232 6 0 4 10 12 13 2 5 8 11 14 3 6 7 9 1
215 209 6 1 4 9 10 13 2 5 8 7 14 0 6 12 11 3
215 209 6 1 4 9 10 13 2 5 8 7 14 0 3 6 12 11
216 211 5 1 4 9 10 13 2 5 8 7 14 11 3 6 12 0
220 214 6 1 4 9 10 13 2 5 8 0 14 11 3 6 12 7
211 205 6 1 4 9 10 13 2 5 8 11 14 6 0 12 7 3
216 210 6 1 4 9 0 13 2 5 7 10 14 3 6 8 12 11
217 211 6 1 4 0 9 13 2 5 7 10 14 3 6 8 12 11
217 212 5 1 4 7 9 13 2 5 0 10 14 3 6 8 12 11
217 213 4 1 4 7 9 13 2 5 8 10 14 3 6 0 12 11
219 214 5 1 4 7 9 13 2 5 8 10 14 3 6 12 0 11
219 215 4 1 4 7 9 13 2 5 8 10 14 3 6 12 11 0
223 218 5 1 4 7 9 13 2 5 8 0 14 3 6 12 11 10
223 219 4 1 4 7 9 13 2 5 8 11 14 3 6 12 0 10
223 220 3 1 4 7 9 13 2 5 8 11 14 3 6 12 10 0
223 220 3 1 4 7 9 13 2 5 8 11 14 3 6 0 12 10
225 221 4 1 4 7 9 13 2 5 8 11 14 3 0 6 12 10
225 221 4 1 4 7 9 13 2 5 0 11 14 3 6 8 12 10
227 222 5 1 4 7 9 13 2 5 11 0 14 3 6 8 12 10
228 223 5 1 4 7 0 13 2 5 11 9 14 3 6 8 12 10
227 222 5 1 4 7 9 13 2 0 5 11 14 3 6 8 12 10
227 222 5 1 4 0 9 13 2 5 7 11 14 3 6 8 12 10
228 223 5 1 4 9 0 13 2 5 7 11 14 3 6 8 12 10
227 222 5 1 4 7 9 13 2 5 8 11 14 0 3 6 12 10
228 224 4 1 4 7 9 13 2 5 8 11 14 10 3 6 12 0
227 222 5 1 4 7 9 13 2 0 8 11 14 3 5 6 12 10
228 223 5 0 4 7 9 13 2 5 8 11 14 3 6 12 10 1
227 222 5 1 4 7 9 0 2 5 8 11 14 3 6 12 10 13
228 223 5 1 4 7 0 9 2 5 8 11 14 3 6 12 10 13
218 213 5 1 4 7 9 13 2 5 10 0 14 3 6 8 12 11
219 214 5 1 4 7 0 13 2 5 10 9 14 3 6 8 12 11
226 221 5 1 4 7 9 13 2 5 8 11 0 3 6 12 10 14
220 215 5 1 4 7 9 13 2 5 8 0 14 3 6 12 10 11
221 216 5 1 4 7 0 13 2 5 8 9 14 3 6 12 10 11
227 222 5 1 4 7 9 13 2 5 8 11 14 0 6 12 10 3
219 214 5 1 4 7 9 13 2 5 8 10 14 3 0 6 12 11
224 219 5 1 4 7 0 13 2 5 8 9 14 3 6 12 11 10
226 220 6 1 4 7 13 0 2 5 8 9 14 3 6 12 11 10
227 222 5 1 4 7 13 10 2 5 8 9 14 3 6 12 11 0
231 225 6 1 4 7 13 10 2 5 8 0 14 3 6 12 11 9
231 226 5 1 4 7 13 10 2 5 8 11 14 3 6 12 0 9
231 227 4 1 4 7 13 10 2 5 8 11 14 3 6 12 9 0
231 227 4 1 4 7 13 10 2 5 8 11 14 3 6 0 12 9
233 228 5 1 4 7 13 10 2 5 8 11 14 3 0 6 12 9
233 228 5 1 4 7 13 10 2 5 0 11 14 3 6 8 12 9
234 229 5 1 4 7 13 0 2 5 8 11 14 3 6 12 9 10
234 230 4 1 4 7 0 13 2 5 8 11 14 3 6 12 9 10
236 231 5 1 4 0 7 13 2 5 8 11 14 3 6 12 9 10
236 231 5 1 4 7 11 13 2 5 8 0 14 3 6 12 9 10
237 232 5 1 4 7 11 13 2 5 8 9 14 3 6 12 0 10
237 233 4 1 4 7 11 13 2 5 8 9 14 3 6 12 10 0
237 233 4 1 4 7 11 13 2 5 8 9 14 3 6 0 12 10
239 234 5 1 4 7 11 13 2 5 8 9 14 3 0 6 12 10
239 234 5 1 4 7 11 13 2 5 0 9 14 3 6 8 12 10
240 235 5 1 4 7 11 13 2 5 9 0 14 3 6 8 12 10
240 236 4 1 4 7 0 13 2 5 9 11 14 3 6 8 12 10
242 237 5 1 4 7 13 0 2 5 9 11 14 3 6 8 12 10
243 239 4 1 4 7 13 10 2 5 9 11 14 3 6 8 12 0
242 237 5 1 4 0 7 13 2 5 9 11 14 3 6 8 12 10
243 238 5 1 4 9 7 13 2 5 0 11 14 3 6 8 12 10
243 239 4 1 4 9 7 13 2 5 8 11 14 3 6 0 12 10
245 240 5 1 4 9 7 13 2 5 8 11 14 3 6 12 0 10
245 241 4 1 4 9 7 13 2 5 8 11 14 3 6 12 10 0
245 240 5 1 4 9 7 13 2 5 8 11 14 3 0 6 12 10
241 236 5 1 4 7 11 13 2 5 8 0 14 3 6 12 10 9
241 237 4 1 4 7 0 13 2 5 8 11 14 3 6 12 10 9
243 238 5 1 4 7 13 0 2 5 8 11 14 3 6 12 10 9
244 240 4 1 4 7 13 9 2 5 8 11 14 3 6 12 10 0
246 241 5 1 4 7 13 9 2 5 8 11 14 3 6 12 0 10
246 242 4 1 4 7 13 9 2 5 8 11 14 3 6 0 12 10
248 243 5 1 4 7 13 9 2 5 8 11 14 3 0 6 12 10
248 243 5 1 4 7 13 9 2 5 0 11 14 3 6 8 12 10
243 238 5 1 4 0 7 13 2 5 8 11 14 3 6 12 10 9
242 237 5 1 4 7 11 13 2 5 8 10 14 3 6 12 0 9
242 238 4 1 4 7 11 13 2 5 8 10 14 3 6 12 9 0
242 238 4 1 4 7 11 13 2 5 8 10 14 3 6 0 12 9
244 239 5 1 4 7 11 13 2 5 8 10 14 3 0 6 12 9
244 239 5 1 4 7 11 13 2 5 0 10 14 3 6 8 12 9
245 240 5 1 4 7 11 13 2 5 10 0 14 3 6 8 12 9
245 241 4 1 4 7 0 13 2 5 10 11 14 3 6 8 12 9
247 242 5 1 4 7 13 0 2 5 10 11 14 3 6 8 12 9
248 244 4 1 4 7 13 9 2 5 10 11 14 3 6 8 12 0
247 242 5 1 4 0 7 13 2 5 10 11 14 3 6 8 12 9
248 243 5 1 4 10 7 13 2 5 0 11 14 3 6 8 12 9
248 244 4 1 4 10 7 13 2 5 8 11 14 3 6 0 12 9
250 245 5 1 4 10 7 13 2 5 8 11 14 3 6 12 0 9
250 246 4 1 4 10 7 13 2 5 8 11 14 3 6 12 9 0
250 245 5 1 4 10 7 13 2 5 8 11 14 3 0 6 12 9
252 246 6 1 4 10 7 13 2 5 8 11 14 0 3 6 12 9
253 248 5 1 4 10 7 13 2 5 8 11 14 9 3 6 12 0
252 246 6 1 4 7 13 9 2 5 10 11 14 0 6 8 12 3
255 249 6 1 4 7 13 0 2 5 10 11 14 9 6 8 12 3
256 251 5 1 4 7 13 3 2 5 10 11 14 9 6 8 12 0
255 250 5 1 4 7 0 13 2 5 10 11 14 9 6 8 12 3
257 251 6 1 4 0 7 13 2 5 10 11 14 9 6 8 12 3
258 252 6 1 4 10 7 13 2 5 0 11 14 9 6 8 12 3
258 253 5 1 4 10 7 13 2 5 8 11 14 9 6 0 12 3
260 254 6 1 4 10 7 13 2 5 8 11 14 9 6 12 0 3
260 255 5 1 4 10 7 13 2 5 8 11 14 9 6 12 3 0
263 257 6 1 4 10 7 13 2 5 8 11 14 0 6 12 3 9
203 197 6 13 4 9 10 1 2 5 8 11 14 3 6 7 0 12
204 198 6 13 4 9 10 1 2 5 8 11 14 3 6 0 7 12
219 213 6 0 1 4 10 13 2 5 8 11 14 3 6 12 7 9
221 216 5 9 1 4 10 13 2 5 8 11 14 3 6 12 7 0
223 217 6 9 1 4 10 13 2 5 8 11 14 3 6 12 0 7
223 218 5 9 1 4 10 13 2 5 8 11 14 3 6 0 12 7
225 219 6 9 1 4 10 13 2 5 8 11 14 3 0 6 12 7
225 219 6 9 1 4 10 13 2 5 0 11 14 3 6 8 12 7
226 220 6 9 1 0 10 13 2 5 4 11 14 3 6 8 12 7
227 221 6 9 0 1 10 13 2 5 4 11 14 3 6 8 12 7
228 222 6 0 9 1 10 13 2 5 4 11 14 3 6 8 12 7
230 225 5 7 9 1 10 13 2 5 4 11 14 3 6 8 12 0
221 215 6 1 4 8 10 13 2 5 12 0 14 3 6 7 11 9
222 216 6 1 4 8 10 13 2 5 0 12 14 3 6 7 11 9
222 217 5 1 4 0 10 13 2 5 8 12 14 3 6 7 11 9
224 218 6 1 0 4 10 13 2 5 8 12 14 3 6 7 11 9
223 217 6 1 4 8 10 13 2 5 7 12 14 3 6 0 11 9
224 218 6 1 4 8 10 13 2 5 7 12 14 3 6 11 0 9
224 219 5 1 4 8 10 13 2 5 7 12 14 3 6 11 9 0
224 219 5 1 4 8 10 13 2 5 7 0 14 3 6 11 12 9
225 220 5 1 4 8 10 13 2 5 0 7 14 3 6 11 12 9
225 221 4 1 4 0 10 13 2 5 8 7 14 3 6 11 12 9
227 222 5 1 4 10 0 13 2 5 8 7 14 3 6 11 12 9
228 223 5 1 4 10 7 13 2 5 8 0 14 3 6 11 12 9
227 222 5 1 0 4 10 13 2 5 8 7 14 3 6 11 12 9
226 221 5 1 4 8 10 13 2 5 11 7 14 3 6 0 12 9
228 222 6 1 4 8 10 13 2 5 11 7 14 3 6 12 0 9
228 223 5 1 4 8 10 13 2 5 11 7 14 3 6 12 9 0
232 226 6 1 4 8 10 13 2 5 11 0 14 3 6 12 9 7
232 227 5 1 4 8 10 13 2 5 0 11 14 3 6 12 9 7
232 228 4 1 4 0 10 13 2 5 8 11 14 3 6 12 9 7
234 229 5 1 4 10 0 13 2 5 8 11 14 3 6 12 9 7
234 229 5 1 0 4 10 13 2 5 8 11 14 3 6 12 9 7
233 228 5 1 4 8 10 13 2 5 12 11 14 3 6 0 9 7
233 229 4 1 4 8 10 13 2 5 12 11 14 3 6 9 0 7
233 230 3 1 4 8 10 13 2 5 12 11 14 3 6 9 7 0
238 233 5 1 4 8 10 13 2 5 12 0 14 3 6 9 7 11
239 234 5 1 4 8 10 13 2 5 0 12 14 3 6 9 7 11
239 235 4 1 4 0 10 13 2 5 8 12 14 3 6 9 7 11
241 236 5 1 4 10 0 13 2 5 8 12 14 3 6 9 7 11
242 237 5 1 4 10 12 13 2 5 8 0 14 3 6 9 7 11
243 238 5 1 4 10 12 13 2 5 8 7 14 3 6 9 0 11
243 239 4 1 4 10 12 13 2 5 8 7 14 3 6 9 11 0
247 242 5 1 4 10 12 13 2 5 8 0 14 3 6 9 11 7
247 243 4 1 4 10 12 13 2 5 8 11 14 3 6 9 0 7
247 244 3 1 4 10 12 13 2 5 8 11 14 3 6 9 7 0
252 247 5 0 4 10 12 13 2 5 8 11 14 3 6 9 7 1
251 246 5 1 4 10 12 0 2 5 8 11 14 3 6 9 7 13
252 247 5 1 4 10 0 12 2 5 8 11 14 3 6 9 7 13
252 248 4 1 4 0 10 12 2 5 8 11 14 3 6 9 7 13
254 249 5 1 0 4 10 12 2 5 8 11 14 3 6 9 7 13
254 249 5 1 4 8 10 12 2 5 0 11 14 3 6 9 7 13
251 246 5 1 4 10 12 13 2 5 8 11 14 0 6 9 7 3
250 245 5 1 4 10 12 13 2 5 8 11 0 3 6 9 7 14
249 244 5 1 4 10 12 13 2 5 8 11 14 3 6 0 9 7
248 243 5 1 4 10 0 13 2 5 8 12 14 3 6 9 11 7
248 244 4 1 4 0 10 13 2 5 8 12 14 3 6 9 11 7
250 245 5 1 0 4 10 13 2 5 8 12 14 3 6 9 11 7
250 245 5 1 4 8 10 13 2 5 0 12 14 3 6 9 11 7
237 232 5 1 4 8 10 0 2 5 12 11 14 3 6 9 7 13
236 231 5 1 4 8 10 13 2 5 12 11 0 3 6 9 7 14
235 230 5 1 4 8 10 13 2 5 12 0 14 3 6 9 11 7
239 234 5 1 4 8 10 13 2 5 12 7 14 3 6 9 0 11
239 235 4 1 4 8 10 13 2 5 12 7 14 3 6 9 11 0
241 236 5 1 0 4 10 13 2 5 8 12 14 3 6 9 7 11
237 232 5 1 4 8 10 13 2 5 12 11 14 0 6 9 7 3
238 233 5 0 4 8 10 13 2 5 12 11 14 3 6 9 7 1
242 236 6 5 4 8 10 13 2 0 12 11 14 3 6 9 7 1
243 237 6 5 4 8 10 13 2 12 0 11 14 3 6 9 7 1
243 238 5 5 4 0 10 13 2 12 8 11 14 3 6 9 7 1
245 239 6 5 4 10 0 13 2 12 8 11 14 3 6 9 7 1
245 239 6 5 0 4 10 13 2 12 8 11 14 3 6 9 7 1
246 240 6 0 5 4 10 13 2 12 8 11 14 3 6 9 7 1
247 243 4 1 5 4 10 13 2 12 8 11 14 3 6 9 7 0
249 244 5 1 5 4 10 13 2 12 8 11 14 3 6 9 0 7
251 245 6 1 5 4 10 13 2 12 8 11 14 3 6 0 9 7
209 203 6 1 9 8 10 13 2 5 7 11 14 3 6 12 0 4
209 204 5 1 9 8 10 13 2 5 7 11 14 3 6 12 4 0
251 245 6 1 5 4 10 13 2 12 8 0 14 3 6 9 11 7
248 242 6 0 4 7 13 10 2 5 9 11 14 3 6 8 12 1
250 244 6 10 4 7 13 0 2 5 9 11 14 3 6 8 12 1
251 246 5 10 4 7 13 1 2 5 9 11 14 3 6 8 12 0
250 245 5 10 4 7 0 13 2 5 9 11 14 3 6 8 12 1
252 246 6 10 4 0 7 13 2 5 9 11 14 3 6 8 12 1
253 247 6 10 4 9 7 13 2 5 0 11 14 3 6 8 12 1
253 248 5 10 4 9 7 13 2 5 8 11 14 3 6 0 12 1
255 249 6 10 4 9 7 13 2 5 8 11 14 3 6 12 0 1
255 250 5 10 4 9 7 13 2 5 8 11 14 3 6 12 1 0
259 253 6 0 4 9 7 13 2 5 8 11 14 3 6 12 1 10
255 249 6 10 4 9 7 13 2 5 8 11 14 3 0 6 12 1
211 205 6 1 4 9 10 13 0 5 8 11 14 2 6 12 7 3
224 218 6 0 4 7 9 13 2 5 8 10 14 3 6 12 11 1
225 219 6 1 4 7 9 13 2 5 8 14 0 3 6 12 11 10
225 220 5 1 4 7 9 13 2 5 8 14 10 3 6 12 11 0
229 223 6 1 4 7 9 13 2 5 8 0 10 3 6 12 11 14
229 224 5 1 4 7 9 13 2 5 8 11 10 3 6 12 0 14
229 225 4 1 4 7 9 13 2 5 8 11 10 3 6 12 14 0
229 225 4 1 4 7 9 13 2 5 8 11 10 3 6 0 12 14
231 226 5 1 4 7 9 13 2 5 8 11 10 3 0 6 12 14
231 226 5 1 4 7 9 13 2 5 0 11 10 3 6 8 12 14
231 226 5 1 4 7 9 13 2 5 8 11 0 3 6 12 14 10
233 227 6 1 4 7 9 13 2 5 8 0 11 3 6 12 14 10
234 228 6 1 4 7 9 13 2 5 8 14 11 3 6 12 0 10
234 229 5 1 4 7 9 13 2 5 8 14 11 3 6 12 10 0
234 229 5 1 4 7 9 13 2 5 8 14 11 3 6 0 12 10
236 230 6 1 4 7 9 13 2 5 8 14 11 3 0 6 12 10
236 230 6 1 4 7 9 13 2 5 0 14 11 3 6 8 12 10
237 231 6 1 4 7 9 13 2 5 14 0 11 3 6 8 12 10
237 232 5 1 4 7 9 13 2 5 14 11 0 3 6 8 12 10
237 233 4 1 4 7 9 13 2 5 14 11 10 3 6 8 12 0
242 236 6 1 4 7 9 13 2 5 14 0 10 3 6 8 12 11
243 237 6 1 4 7 9 13 2 5 14 10 0 3 6 8 12 11
243 238 5 1 4 7 9 13 2 5 14 10 11 3 6 8 12 0
243 237 6 1 4 7 9 13 2 5 0 14 10 3 6 8 12 11
243 238 5 1 4 7 9 13 2 5 8 14 10 3 6 0 12 11
245 239 6 1 4 7 9 13 2 5 8 14 10 3 0 6 12 11
243 237 6 1 4 7 0 13 2 5 14 9 10 3 6 8 12 11
242 236 6 0 4 7 9 13 2 5 14 11 10 3 6 8 12 1
241 235 6 1 4 7 9 0 2 5 14 11 10 3 6 8 12 13
242 236 6 1 4 7 0 9 2 5 14 11 10 3 6 8 12 13
242 236 6 1 4 7 9 10 2 5 14 11 0 3 6 8 12 13
242 237 5 1 4 7 9 10 2 5 14 11 13 3 6 8 12 0
241 235 6 1 4 7 9 13 2 5 14 11 10 0 6 8 12 3
234 228 6 1 4 7 9 13 2 5 8 0 10 3 6 12 14 11
235 229 6 1 4 7 9 13 2 5 8 10 0 3 6 12 14 11
235 230 5 1 4 7 9 13 2 5 8 10 11 3 6 12 14 0
237 231 6 1 4 7 9 13 2 5 8 10 11 3 6 12 0 14
237 232 5 1 4 7 9 13 2 5 8 10 11 3 6 0 12 14
239 233 6 1 4 7 9 13 2 5 8 10 11 3 0 6 12 14
239 233 6 1 4 7 9 0 2 5 14 11 13 3 6 8 12 10
240 234 6 1 4 7 0 9 2 5 14 11 13 3 6 8 12 10
239 233 6 1 4 7 9 13 2 5 0 10 11 3 6 8 12 14
240 234 6 1 4 7 9 13 2 5 10 0 11 3 6 8 12 14
240 235 5 1 4 7 9 13 2 5 10 11 0 3 6 8 12 14
239 236 3 1 4 7 9 13 2 5 10 11 14 3 6 8 12 0
244 239 5 0 4 7 9 13 2 5 10 11 14 3 6 8 12 1
243 238 5 1 4 7 9 0 2 5 10 11 14 3 6 8 12 13
244 239 5 1 4 7 0 9 2 5 10 11 14 3 6 8 12 13
243 238 5 1 4 7 9 13 2 5 10 11 14 0 6 8 12 3
242 237 5 1 4 7 9 13 2 5 10 11 14 3 6 8 0 12
243 238 5 1 4 7 9 13 2 5 10 11 14 3 6 0 8 12
244 239 5 1 4 7 9 13 2 5 0 11 14 3 6 10 8 12
246 240 6 1 4 7 9 13 2 5 11 0 14 3 6 10 8 12
247 241 6 1 4 7 9 13 2 5 11 8 14 3 6 10 0 12
246 242 4 1 4 7 9 13 2 5 11 8 14 3 6 10 12 0
250 245 5 1 4 7 9 13 2 5 11 0 14 3 6 10 12 8
250 246 4 1 4 7 9 13 2 5 0 11 14 3 6 10 12 8
251 247 4 1 4 7 9 13 2 5 10 11 14 3 6 0 12 8
253 248 5 1 4 7 9 13 2 5 10 11 14 3 6 12 0 8
253 249 4 1 4 7 9 13 2 5 10 11 14 3 6 12 8 0
253 248 5 1 4 7 9 13 2 5 10 11 14 3 0 6 12 8
252 247 5 1 4 7 9 13 2 0 5 11 14 3 6 10 12 8
252 247 5 1 4 0 9 13 2 5 7 11 14 3 6 10 12 8
253 248 5 1 4 9 0 13 2 5 7 11 14 3 6 10 12 8
251 246 5 1 4 7 0 13 2 5 11 9 14 3 6 10 12 8
253 247 6 1 4 7 13 0 2 5 11 9 14 3 6 10 12 8
254 249 5 1 4 7 13 8 2 5 11 9 14 3 6 10 12 0
258 252 6 1 4 7 13 8 2 5 11 0 14 3 6 10 12 9
258 253 5 1 4 7 13 8 2 5 0 11 14 3 6 10 12 9
259 254 5 1 4 7 13 8 2 5 10 11 14 3 6 0 12 9
261 255 6 1 4 7 13 8 2 5 10 11 14 3 6 12 0 9
261 256 5 1 4 7 13 8 2 5 10 11 14 3 6 12 9 0
264 258 6 1 4 7 13 0 2 5 10 11 14 3 6 12 9 8
264 259 5 1 4 7 0 13 2 5 10 11 14 3 6 12 9 8
266 260 6 1 4 0 7 13 2 5 10 11 14 3 6 12 9 8
267 261 6 1 4 10 7 13 2 5 0 11 14 3 6 12 9 8
268 262 6 1 4 10 7 13 2 5 12 11 14 3 6 0 9 8
268 263 5 1 4 10 7 13 2 5 12 11 14 3 6 9 0 8
268 264 4 1 4 10 7 13 2 5 12 11 14 3 6 9 8 0
273 267 6 1 4 10 7 13 2 5 12 0 14 3 6 9 8 11
274 268 6 1 4 10 7 13 2 5 0 12 14 3 6 9 8 11
275 269 6 1 4 0 7 13 2 5 10 12 14 3 6 9 8 11
275 270 5 1 4 7 0 13 2 5 10 12 14 3 6 9 8 11
276 271 5 1 4 7 12 13 2 5 10 0 14 3 6 9 8 11
277 272 5 1 4 7 12 13 2 5 0 10 14 3 6 9 8 11
277 272 5 1 4 7 12 13 2 5 10 8 14 3 6 9 0 11
277 273 4 1 4 7 12 13 2 5 10 8 14 3 6 9 11 0
281 276 5 1 4 7 12 13 2 5 10 0 14 3 6 9 11 8
281 277 4 1 4 7 12 13 2 5 10 11 14 3 6 9 0 8
281 278 3 1 4 7 12 13 2 5 10 11 14 3 6 9 8 0
286 281 5 0 4 7 12 13 2 5 10 11 14 3 6 9 8 1
285 280 5 1 4 7 12 0 2 5 10 11 14 3 6 9 8 13
286 281 5 1 4 7 0 12 2 5 10 11 14 3 6 9 8 13
285 280 5 1 4 7 12 13 2 5 10 11 14 0 6 9 8 3
284 279 5 1 4 7 12 13 2 5 10 11 0 3 6 9 8 14
283 278 5 1 4 7 12 13 2 5 10 11 14 3 6 0 9 8
284 279 5 1 4 7 12 13 2 5 0 11 14 3 6 10 9 8
282 277 5 1 4 7 12 13 2 5 0 10 14 3 6 9 11 8
282 277 5 1 4 7 0 13 2 5 10 12 14 3 6 9 11 8
284 278 6 1 4 7 13 0 2 5 10 12 14 3 6 9 11 8
285 280 5 1 4 7 13 8 2 5 10 12 14 3 6 9 11 0
289 283 6 1 4 7 13 8 2 5 10 0 14 3 6 9 11 12
289 284 5 1 4 7 13 8 2 5 10 11 14 3 6 9 0 12
288 285 3 1 4 7 13 8 2 5 10 11 14 3 6 9 12 0
291 287 4 1 4 7 13 0 2 5 10 11 14 3 6 9 12 8
291 288 3 1 4 7 0 13 2 5 10 11 14 3 6 9 12 8
293 289 4 1 4 0 7 13 2 5 10 11 14 3 6 9 12 8
294 290 4 1 4 10 7 13 2 5 0 11 14 3 6 9 12 8
293 289 4 1 4 7 11 13 2 5 10 0 14 3 6 9 12 8
294 290 4 1 4 7 11 13 2 5 0 10 14 3 6 9 12 8
296 291 5 1 4 7 11 13 2 0 5 10 14 3 6 9 12 8
295 290 5 1 4 7 13 11 2 5 10 0 14 3 6 9 12 8
296 291 5 1 4 7 13 11 2 5 0 10 14 3 6 9 12 8
296 291 5 1 4 7 0 11 2 5 10 13 14 3 6 9 12 8
297 292 5 1 4 7 11 0 2 5 10 13 14 3 6 9 12 8
298 294 4 1 4 7 11 8 2 5 10 13 14 3 6 9 12 0
302 297 5 1 4 7 11 8 2 5 10 0 14 3 6 9 12 13
302 298 4 1 4 7 0 8 2 5 10 11 14 3 6 9 12 13
303 299 4 1 4 7 8 0 2 5 10 11 14 3 6 9 12 13
303 301 2 1 4 7 8 13 2 5 10 11 14 3 6 9 12 0
308 304 4 1 4 7 8 13 2 5 10 0 14 3 6 9 12 11
309 305 4 1 4 7 8 13 2 5 0 10 14 3 6 9 12 11
309 305 4 1 4 7 0 13 2 5 10 8 14 3 6 9 12 11
308 304 4 0 4 7 8 13 2 5 10 11 14 3 6 9 12 1
307 303 4 1 4 7 8 13 2 5 10 11 14 0 6 9 12 3
306 302 4 1 4 7 8 13 2 5 10 11 14 3 6 9 0 12
306 302 4 1 4 7 8 13 2 5 10 11 0 3 6 9 12 14
308 303 5 1 4 7 8 13 2 5 10 0 11 3 6 9 12 14
309 304 5 1 4 7 8 13 2 5 0 10 11 3 6 9 12 14
309 304 5 1 4 7 0 13 2 5 10 8 11 3 6 9 12 14
308 303 5 1 4 7 8 0 2 5 10 11 13 3 6 9 12 14
309 305 4 1 4 7 8 14 2 5 10 11 13 3 6 9 12 0
309 304 5 1 4 7 0 8 2 5 10 11 13 3 6 9 12 14
294 289 5 0 4 7 13 1 2 5 10 11 14 3 6 9 12 8
296 292 4 8 4 7 13 1 2 5 10 11 14 3 6 9 12 0
299 294 5 8 4 7 13 0 2 5 10 11 14 3 6 9 12 1
299 295 4 8 4 7 0 13 2 5 10 11 14 3 6 9 12 1
301 296 5 8 4 0 7 13 2 5 10 11 14 3 6 9 12 1
302 297 5 8 4 10 7 13 2 5 0 11 14 3 6 9 12 1
301 296 5 8 4 7 11 13 2 5 10 0 14 3 6 9 12 1
302 297 5 8 4 7 11 13 2 5 0 10 14 3 6 9 12 1
295 290 5 1 4 7 11 13 2 5 10 12 14 3 6 9 0 8
295 291 4 1 4 7 11 13 2 5 10 12 14 3 6 9 8 0
299 294 5 1 4 7 11 13 2 5 10 0 14 3 6 9 8 12
299 295 4 1 4 7 0 13 2 5 10 11 14 3 6 9 8 12
301 296 5 1 4 7 13 0 2 5 10 11 14 3 6 9 8 12
302 298 4 1 4 7 13 12 2 5 10 11 14 3 6 9 8 0
304 299 5 1 4 7 13 12 2 5 10 11 14 3 6 9 0 8
305 300 5 1 4 7 8 14 2 5 10 11 0 3 6 9 12 13
301 296 5 1 4 0 7 13 2 5 10 11 14 3 6 9 8 12
302 297 5 1 4 10 7 13 2 5 0 11 14 3 6 9 8 12
300 295 5 1 4 7 11 13 2 5 0 10 14 3 6 9 8 12
300 295 5 1 4 7 11 13 2 5 10 8 14 3 6 9 0 12
299 296 3 1 4 7 11 13 2 5 10 8 14 3 6 9 12 0
304 299 5 0 4 7 11 13 2 5 10 8 14 3 6 9 12 1
303 298 5 1 4 7 11 0 2 5 10 8 14 3 6 9 12 13
304 299 5 1 4 7 0 11 2 5 10 8 14 3 6 9 12 13
303 298 5 1 4 7 11 13 2 5 10 8 14 0 6 9 12 3
302 297 5 1 4 7 11 13 2 5 10 8 0 3 6 9 12 14
303 298 5 1 4 7 11 13 2 5 10 0 8 3 6 9 12 14
303 299 4 1 4 7 0 13 2 5 10 11 8 3 6 9 12 14
305 300 5 1 4 7 13 0 2 5 10 11 8 3 6 9 12 14
306 302 4 1 4 7 13 14 2 5 10 11 8 3 6 9 12 0
307 302 5 1 4 7 8 3 2 5 10 11 14 0 6 9 12 13
308 304 4 1 4 7 8 3 2 5 10 11 14 13 6 9 12 0
305 300 5 1 4 0 7 13 2 5 10 11 8 3 6 9 12 14
306 301 5 1 4 10 7 13 2 5 0 11 8 3 6 9 12 14
304 299 5 1 4 7 11 13 2 5 0 10 8 3 6 9 12 14
310 305 5 1 4 7 8 13 2 5 10 14 0 3 6 9 12 11
310 306 4 1 4 7 8 13 2 5 10 14 11 3 6 9 12 0
310 305 5 0 4 7 8 13 2 5 10 11 14 1 6 9 12 3
312 308 4 3 4 7 8 13 2 5 10 11 14 1 6 9 12 0
312 307 5 5 4 7 8 13 2 0 10 11 14 3 6 9 12 1
313 308 5 5 4 7 8 13 2 10 0 11 14 3 6 9 12 1
309 304 5 1 4 7 8 13 0 5 10 11 14 2 6 9 12 3
308 303 5 1 4 7 8 13 2 5 10 0 14 3 6 9 11 12
309 304 5 1 4 7 8 13 2 5 0 10 14 3 6 9 11 12
309 304 5 1 4 7 0 13 2 5 10 8 14 3 6 9 11 12
311 306 5 1 4 7 8 13 2 0 10 11 14 5 6 9 12 3
312 307 5 1 4 7 8 13 2 10 0 11 14 5 6 9 12 3
293 288 5 1 4 7 13 8 2 5 10 0 14 3 6 9 12 11
294 289 5 1 4 7 13 8 2 5 0 10 14 3 6 9 12 11
294 289 5 1 4 7 0 8 2 5 10 13 14 3 6 9 12 11
295 290 5 1 4 7 8 0 2 5 10 13 14 3 6 9 12 11
296 292 4 1 4 7 8 11 2 5 10 13 14 3 6 9 12 0
311 306 5 3 4 7 8 13 2 5 10 11 14 0 6 9 12 1
311 306 5 1 4 0 7 13 2 5 10 8 14 3 6 9 12 11
312 307 5 1 4 10 7 13 2 5 0 8 14 3 6 9 12 11
312 308 4 1 4 10 7 13 2 5 8 0 14 3 6 9 12 11
313 309 4 1 4 10 0 13 2 5 8 7 14 3 6 9 12 11
313 310 3 1 4 0 10 13 2 5 8 7 14 3 6 9 12 11
315 311 4 1 0 4 10 13 2 5 8 7 14 3 6 9 12 11
315 311 4 1 4 8 10 13 2 5 0 7 14 3 6 9 12 11
316 312 4 1 4 8 10 13 2 5 7 0 14 3 6 9 12 11
318 313 5 1 4 8 10 13 2 5 7 14 0 3 6 9 12 11
318 314 4 1 4 8 10 13 2 5 7 14 11 3 6 9 12 0
322 317 5 1 4 8 10 13 2 5 7 0 11 3 6 9 12 14
322 318 4 1 4 8 10 13 2 5 7 11 0 3 6 9 12 14
321 319 2 1 4 8 10 13 2 5 7 11 14 3 6 9 12 0
326 322 4 0 4 8 10 13 2 5 7 11 14 3 6 9 12 1
325 321 4 1 4 8 10 0 2 5 7 11 14 3 6 9 12 13
325 321 4 1 4 8 10 13 2 5 7 11 14 0 6 9 12 3
324 320 4 1 4 8 10 13 2 5 7 11 14 3 6 9 0 12
326 321 5 1 4 8 10 13 2 5 7 11 14 3 6 0 9 12
327 322 5 1 4 8 10 13 2 5 0 11 14 3 6 7 9 12
327 323 4 1 4 0 10 13 2 5 8 11 14 3 6 7 9 12
329 324 5 1 4 10 0 13 2 5 8 11 14 3 6 7 9 12
329 324 5 1 0 4 10 13 2 5 8 11 14 3 6 7 9 12
326 321 5 1 4 8 10 13 2 5 7 0 14 3 6 9 11 12
327 322 5 1 4 8 10 13 2 5 0 7 14 3 6 9 11 12
327 323 4 1 4 0 10 13 2 5 8 7 14 3 6 9 11 12
329 324 5 1 4 10 0 13 2 5 8 7 14 3 6 9 11 12
330 325 5 1 4 10 7 13 2 5 8 0 14 3 6 9 11 12
330 326 4 1 4 10 7 13 2 5 8 11 14 3 6 9 0 12
329 327 2 1 4 10 7 13 2 5 8 11 14 3 6 9 12 0
334 330 4 0 4 10 7 13 2 5 8 11 14 3 6 9 12 1
333 329 4 1 4 10 7 0 2 5 8 11 14 3 6 9 12 13
334 330 4 1 4 10 0 7 2 5 8 11 14 3 6 9 12 13
334 331 3 1 4 0 10 7 2 5 8 11 14 3 6 9 12 13
336 332 4 1 0 4 10 7 2 5 8 11 14 3 6 9 12 13
336 332 4 1 4 8 10 7 2 5 0 11 14 3 6 9 12 13
333 329 4 1 4 10 7 13 2 5 8 11 14 0 6 9 12 3
332 328 4 1 4 10 7 13 2 5 8 11 0 3 6 9 12 14
334 329 5 1 4 10 7 13 2 5 8 0 11 3 6 9 12 14
335 330 5 1 4 10 0 13 2 5 8 7 11 3 6 9 12 14
335 331 4 1 4 0 10 13 2 5 8 7 11 3 6 9 12 14
337 332 5 1 0 4 10 13 2 5 8 7 11 3 6 9 12 14
334 329 5 1 4 10 7 0 2 5 8 11 13 3 6 9 12 14
335 331 4 1 4 10 7 14 2 5 8 11 13 3 6 9 12 0
335 330 5 1 4 10 0 7 2 5 8 11 13 3 6 9 12 14
335 331 4 1 4 0 10 7 2 5 8 11 13 3 6 9 12 14
337 332 5 1 0 4 10 7 2 5 8 11 13 3 6 9 12 14
314 309 5 1 4 10 7 13 2 5 8 12 14 3 6 9 0 11
314 310 4 1 4 10 7 13 2 5 8 12 14 3 6 9 11 0
337 332 5 1 4 8 10 7 2 5 0 11 13 3 6 9 12 14
337 332 5 1 4 10 7 13 2 0 8 11 14 5 6 9 12 3
337 332 5 1 4 10 7 0 2 5 8 11 14 13 6 9 12 3
338 334 4 1 4 10 7 3 2 5 8 11 14 13 6 9 12 0
338 333 5 1 4 10 0 7 2 5 8 11 14 13 6 9 12 3
338 334 4 1 4 0 10 7 2 5 8 11 14 13 6 9 12 3
340 335 5 1 0 4 10 7 2 5 8 11 14 13 6 9 12 3
340 335 5 1 4 8 10 7 2 5 0 11 14 13 6 9 12 3
329 324 5 13 4 8 10 0 2 5 7 11 14 3 6 9 12 1
330 326 4 13 4 8 10 1 2 5 7 11 14 3 6 9 12 0
318 313 5 1 4 8 10 13 2 5 7 12 14 3 6 9 0 11
318 314 4 1 4 8 10 13 2 5 7 12 14 3 6 9 11 0
318 313 5 1 4 8 0 13 2 5 7 10 14 3 6 9 12 11
324 319 5 1 4 8 10 0 2 5 7 11 13 3 6 9 12 14
325 321 4 1 4 8 10 14 2 5 7 11 13 3 6 9 12 0
323 318 5 1 4 8 10 13 2 5 0 7 11 3 6 9 12 14
295 290 5 1 0 4 7 13 2 5 10 11 14 3 6 9 12 8
327 322 5 1 4 8 10 13 2 5 7 11 14 6 0 9 12 3
327 322 5 1 4 8 10 14 2 5 7 11 0 3 6 9 12 13
329 324 5 3 4 8 10 13 2 5 7 11 14 0 6 9 12 1
330 326 4 3 4 8 10 13 2 5 7 11 14 1 6 9 12 0
330 325 5 5 4 8 10 13 2 0 7 11 14 3 6 9 12 1
331 326 5 5 4 8 10 13 2 7 0 11 14 3 6 9 12 1
331 327 4 5 4 0 10 13 2 7 8 11 14 3 6 9 12 1
333 328 5 5 4 10 0 13 2 7 8 11 14 3 6 9 12 1
333 328 5 5 0 4 10 13 2 7 8 11 14 3 6 9 12 1
334 329 5 0 5 4 10 13 2 7 8 11 14 3 6 9 12 1
335 332 3 1 5 4 10 13 2 7 8 11 14 3 6 9 12 0
340 335 5 1 5 4 10 13 2 7 8 0 14 3 6 9 12 11
339 334 5 1 5 4 10 0 2 7 8 11 14 3 6 9 12 13
293 288 5 0 4 7 13 8 2 5 10 11 14 3 6 9 12 1
309 304 5 1 4 7 8 13 2 5 10 11 14 6 0 9 12 3
296 291 5 1 4 10 7 13 2 5 11 0 14 3 6 9 12 8
297 292 5 1 4 10 0 13 2 5 11 7 14 3 6 9 12 8
297 293 4 1 4 0 10 13 2 5 11 7 14 3 6 9 12 8
298 294 4 1 4 11 10 13 2 5 0 7 14 3 6 9 12 8
299 295 4 1 4 11 10 13 2 5 7 0 14 3 6 9 12 8
301 296 5 1 4 11 10 13 2 5 7 14 0 3 6 9 12 8
301 297 4 1 4 11 10 13 2 5 7 14 8 3 6 9 12 0
305 300 5 1 4 11 10 13 2 5 7 0 8 3 6 9 12 14
306 301 5 1 4 11 10 13 2 5 7 8 0 3 6 9 12 14
305 302 3 1 4 11 10 13 2 5 7 8 14 3 6 9 12 0
310 305 5 0 4 11 10 13 2 5 7 8 14 3 6 9 12 1
301 296 5 1 4 11 0 13 2 5 7 10 14 3 6 9 12 8
309 304 5 1 4 11 10 0 2 5 7 8 14 3 6 9 12 13
312 307 5 1 4 11 10 8 2 5 7 0 14 3 6 9 12 13
313 308 5 1 4 11 10 8 2 5 0 7 14 3 6 9 12 13
314 309 5 1 4 0 10 8 2 5 11 7 14 3 6 9 12 13
329 324 5 1 0 4 10 13 2 5 8 7 14 3 6 9 11 12
332 327 5 1 4 10 7 13 2 5 8 11 14 3 6 0 9 12
311 306 5 1 4 7 8 13 2 5 9 10 14 3 6 0 12 11
336 331 5 4 0 10 7 13 2 5 8 11 14 3 6 9 12 1
337 332 5 4 10 0 7 13 2 5 8 11 14 3 6 9 12 1
337 333 4 4 10 7 0 13 2 5 8 11 14 3 6 9 12 1
339 334 5 4 10 7 13 0 2 5 8 11 14 3 6 9 12 1
340 336 4 4 10 7 13 1 2 5 8 11 14 3 6 9 12 0
344 339 5 0 10 7 13 1 2 5 8 11 14 3 6 9 12 4
345 341 4 1 10 7 13 0 2 5 8 11 14 3 6 9 12 4
346 343 3 1 10 7 13 4 2 5 8 11 14 3 6 9 12 0
345 342 3 1 10 7 0 13 2 5 8 11 14 3 6 9 12 4
347 343 4 1 10 0 7 13 2 5 8 11 14 3 6 9 12 4
348 344 4 1 0 10 7 13 2 5 8 11 14 3 6 9 12 4
347 343 4 1 10 7 11 13 2 5 8 0 14 3 6 9 12 4
349 344 5 1 10 7 11 13 2 5 8 14 0 3 6 9 12 4
349 345 4 1 10 7 11 13 2 5 8 14 4 3 6 9 12 0
353 348 5 1 10 7 11 13 2 5 8 0 4 3 6 9 12 14
353 349 4 1 10 7 0 13 2 5 8 11 4 3 6 9 12 14
355 350 5 1 10 7 13 0 2 5 8 11 4 3 6 9 12 14
356 352 4 1 10 7 13 14 2 5 8 11 4 3 6 9 12 0
355 350 5 1 10 0 7 13 2 5 8 11 4 3 6 9 12 14
356 351 5 1 0 10 7 13 2 5 8 11 4 3 6 9 12 14
338 333 5 1 4 8 10 7 2 5 11 0 14 3 6 9 12 13
335 330 5 1 4 10 7 13 2 5 8 11 14 6 0 9 12 3
335 330 5 1 4 10 7 13 0 5 8 11 14 2 6 9 12 3
296 291 5 1 4 10 7 13 2 0 5 11 14 3 6 9 12 8
315 310 5 1 4 10 13 0 2 5 8 7 14 3 6 9 12 11
316 312 4 1 4 10 13 11 2 5 8 7 14 3 6 9 12 0
320 315 5 1 4 10 13 11 2 5 8 0 14 3 6 9 12 7
321 316 5 1 4 10 0 11 2 5 8 13 14 3 6 9 12 7
321 317 4 1 4 0 10 11 2 5 8 13 14 3 6 9 12 7
323 318 5 1 0 4 10 11 2 5 8 13 14 3 6 9 12 7
323 318 5 1 4 8 10 11 2 5 0 13 14 3 6 9 12 7
324 319 5 1 4 8 10 11 2 5 13 0 14 3 6 9 12 7
322 317 5 1 4 10 11 0 2 5 8 13 14 3 6 9 12 7
324 320 4 1 4 10 11 13 2 5 8 0 14 3 6 9 12 7
324 321 3 1 4 10 0 13 2 5 8 11 14 3 6 9 12 7
324 322 2 1 4 0 10 13 2 5 8 11 14 3 6 9 12 7
326 323 3 1 0 4 10 13 2 5 8 11 14 3 6 9 12 7
326 323 3 1 4 8 10 13 2 5 0 11 14 3 6 9 12 7
328 324 4 1 4 8 10 13 2 5 11 0 14 3 6 9 12 7
328 324 4 1 4 8 10 13 2 0 5 11 14 3 6 9 12 7
328 324 4 1 4 8 10 13 2 5 9 11 14 3 6 0 12 7
328 324 4 0 1 4 10 13 2 5 8 11 14 3 6 9 12 7
330 327 3 7 1 4 10 13 2 5 8 11 14 3 6 9 12 0
328 324 4 1 5 4 10 13 2 0 8 11 14 3 6 9 12 7
326 322 4 1 4 10 13 0 2 5 8 11 14 3 6 9 12 7
327 324 3 1 4 10 13 7 2 5 8 11 14 3 6 9 12 0
323 319 4 1 4 10 11 7 2 5 8 13 14 3 6 9 12 0
332 327 5 0 4 10 13 7 2 5 8 11 14 3 6 9 12 1
334 329 5 7 4 10 13 0 2 5 8 11 14 3 6 9 12 1
335 331 4 7 4 10 13 1 2 5 8 11 14 3 6 9 12 0
334 330 4 7 4 10 0 13 2 5 8 11 14 3 6 9 12 1
334 331 3 7 4 0 10 13 2 5 8 11 14 3 6 9 12 1
336 332 4 7 0 4 10 13 2 5 8 11 14 3 6 9 12 1
337 333 4 0 7 4 10 13 2 5 8 11 14 3 6 9 12 1
338 336 2 1 7 4 10 13 2 5 8 11 14 3 6 9 12 0
343 339 4 1 7 4 10 13 2 5 8 0 14 3 6 9 12 11
342 338 4 1 7 4 10 0 2 5 8 11 14 3 6 9 12 13
342 338 4 1 7 4 10 13 2 5 8 11 14 0 6 9 12 3
341 337 4 1 7 4 10 13 2 5 8 11 14 3 6 9 0 12
341 337 4 1 7 4 10 13 2 5 8 11 0 3 6 9 12 14
336 332 4 7 4 8 10 13 2 5 0 11 14 3 6 9 12 1
338 333 5 7 4 8 10 13 2 5 11 0 14 3 6 9 12 1
338 333 5 7 4 8 10 13 2 0 5 11 14 3 6 9 12 1
338 333 5 7 4 8 10 13 2 5 9 11 14 3 6 0 12 1
343 338 5 1 7 4 10 13 2 5 8 0 11 3 6 9 12 14
301 296 5 1 4 11 10 13 2 5 7 12 14 3 6 9 0 8
301 297 4 1 4 11 10 13 2 5 7 12 14 3 6 9 8 0
305 300 5 1 4 11 10 13 2 5 7 0 14 3 6 9 8 12
306 301 5 1 4 11 10 13 2 5 0 7 14 3 6 9 8 12
307 302 5 1 4 0 10 13 2 5 11 7 14 3 6 9 8 12
299 294 5 1 0 4 10 13 2 5 11 7 14 3 6 9 12 8
291 286 5 1 4 7 13 8 2 5 10 11 0 3 6 9 12 14
295 290 5 1 4 7 13 3 2 5 10 11 14 0 6 9 12 8
296 292 4 1 4 7 13 3 2 5 10 11 14 8 6 9 12 0
299 294 5 1 4 7 13 0 2 5 10 11 14 8 6 9 12 3
299 295 4 1 4 7 0 13 2 5 10 11 14 8 6 9 12 3
301 296 5 1 4 0 7 13 2 5 10 11 14 8 6 9 12 3
302 297 5 1 4 10 7 13 2 5 0 11 14 8 6 9 12 3
301 296 5 1 4 7 11 13 2 5 10 0 14 8 6 9 12 3
302 297 5 1 4 7 11 13 2 5 0 10 14 8 6 9 12 3
300 295 5 1 4 11 10 13 2 0 5 7 14 3 6 9 12 8
337 332 5 3 4 10 7 13 2 5 8 11 14 0 6 9 12 1
338 334 4 3 4 10 7 13 2 5 8 11 14 1 6 9 12 0
309 304 5 1 4 11 10 13 2 5 7 8 14 0 6 9 12 3
329 324 5 1 4 8 10 0 2 5 7 11 14 13 6 9 12 3
330 326 4 1 4 8 10 3 2 5 7 11 14 13 6 9 12 0
336 331 5 2 4 10 7 13 0 5 8 11 14 3 6 9 12 1
338 333 5 5 4 10 7 13 2 0 8 11 14 3 6 9 12 1
328 323 5 0 4 8 10 13 2 5 7 11 14 1 6 9 12 3
337 332 5 1 4 10 7 11 2 5 8 0 14 3 6 9 12 13
338 333 5 1 4 10 0 11 2 5 8 7 14 3 6 9 12 13
338 334 4 1 4 0 10 11 2 5 8 7 14 3 6 9 12 13
340 335 5 1 0 4 10 11 2 5 8 7 14 3 6 9 12 13
340 335 5 1 4 8 10 11 2 5 0 7 14 3 6 9 12 13
339 334 5 1 4 10 11 0 2 5 8 7 14 3 6 9 12 13
339 336 3 1 4 10 11 13 2 5 8 7 14 3 6 9 12 0
344 339 5 0 4 10 11 13 2 5 8 7 14 3 6 9 12 1
339 334 5 4 10 7 11 13 2 5 8 0 14 3 6 9 12 1
343 338 5 1 4 10 11 13 2 5 8 7 14 0 6 9 12 3
342 337 5 1 4 10 11 13 2 5 8 7 14 3 6 9 0 12
343 338 5 1 4 10 11 13 2 5 8 0 14 3 6 9 7 12
343 339 4 1 4 10 0 13 2 5 8 11 14 3 6 9 7 12
343 340 3 1 4 0 10 13 2 5 8 11 14 3 6 9 7 12
345 341 4 1 0 4 10 13 2 5 8 11 14 3 6 9 7 12
345 341 4 1 4 8 10 13 2 5 0 11 14 3 6 9 7 12
347 342 5 1 4 8 10 13 2 5 11 0 14 3 6 9 7 12
348 343 5 1 4 8 10 13 2 5 11 7 14 3 6 9 0 12
347 344 3 1 4 8 10 13 2 5 11 7 14 3 6 9 12 0
352 347 5 0 4 8 10 13 2 5 11 7 14 3 6 9 12 1
347 342 5 1 5 4 10 13 2 0 8 11 14 3 6 9 7 12
351 346 5 1 4 8 10 0 2 5 11 7 14 3 6 9 12 13
351 346 5 1 4 8 10 13 2 5 11 7 14 0 6 9 12 3
327 322 5 1 4 10 11 7 2 5 8 0 14 3 6 9 12 13
317 312 5 0 1 4 10 13 2 5 8 7 14 3 6 9 12 11
319 315 4 11 1 4 10 13 2 5 8 7 14 3 6 9 12 0
323 318 5 11 1 4 10 13 2 5 8 0 14 3 6 9 12 7
350 345 5 1 10 7 13 4 2 5 8 11 14 0 6 9 12 3
353 348 5 1 10 7 13 0 2 5 8 11 14 4 6 9 12 3
354 350 4 1 10 7 13 3 2 5 8 11 14 4 6 9 12 0
353 349 4 1 10 7 0 13 2 5 8 11 14 4 6 9 12 3
355 350 5 1 10 0 7 13 2 5 8 11 14 4 6 9 12 3
356 351 5 1 0 10 7 13 2 5 8 11 14 4 6 9 12 3
355 350 5 1 10 7 11 13 2 5 8 0 14 4 6 9 12 3
311 306 5 1 4 7 8 0 2 5 10 11 14 13 6 9 12 3
312 307 5 1 4 7 0 8 2 5 10 11 14 13 6 9 12 3
350 345 5 0 1 10 7 13 2 5 8 11 14 3 6 9 12 4
352 348 4 4 1 10 7 13 2 5 8 11 14 3 6 9 12 0
318 313 5 1 4 10 13 7 2 5 8 0 14 3 6 9 12 11
319 314 5 1 4 10 0 7 2 5 8 13 14 3 6 9 12 11
319 315 4 1 4 0 10 7 2 5 8 13 14 3 6 9 12 11
321 316 5 1 0 4 10 7 2 5 8 13 14 3 6 9 12 11
321 316 5 1 4 8 10 7 2 5 0 13 14 3 6 9 12 11
322 317 5 1 4 8 10 7 2 5 13 0 14 3 6 9 12 11
320 315 5 1 4 10 7 0 2 5 8 13 14 3 6 9 12 11
321 317 4 1 4 10 7 11 2 5 8 13 14 3 6 9 12 0
310 305 5 4 0 7 8 13 2 5 10 11 14 3 6 9 12 1
335 330 5 7 1 4 10 13 2 5 8 0 14 3 6 9 12 11
295 290 5 1 4 7 11 13 2 5 10 14 0 3 6 9 12 8
295 291 4 1 4 7 11 13 2 5 10 14 8 3 6 9 12 0
330 325 5 1 4 8 10 13 2 5 11 14 0 3 6 9 12 7
330 326 4 1 4 8 10 13 2 5 11 14 7 3 6 9 12 0
334 329 5 1 4 8 10 13 2 5 11 0 7 3 6 9 12 14
334 330 4 1 4 8 10 13 2 5 0 11 7 3 6 9 12 14
334 331 3 1 4 0 10 13 2 5 8 11 7 3 6 9 12 14
336 332 4 1 4 10 0 13 2 5 8 11 7 3 6 9 12 14
336 332 4 1 0 4 10 13 2 5 8 11 7 3 6 9 12 14
338 333 5 0 1 4 10 13 2 5 8 11 7 3 6 9 12 14
340 336 4 14 1 4 10 13 2 5 8 11 7 3 6 9 12 0
342 337 5 14 1 4 10 13 2 5 8 11 0 3 6 9 12 7
338 333 5 1 5 4 10 13 2 0 8 11 7 3 6 9 12 14
338 333 5 1 4 10 13 0 2 5 8 11 7 3 6 9 12 14
339 335 4 1 4 10 13 14 2 5 8 11 7 3 6 9 12 0
334 329 5 7 1 4 10 0 2 5 8 11 14 3 6 9 12 13
303 298 5 1 4 7 11 8 2 5 0 10 14 3 6 9 12 13
334 329 5 7 1 4 10 13 2 5 8 11 14 0 6 9 12 3
336 331 5 0 1 4 10 13 2 5 8 11 14 7 6 9 12 3
338 334 4 3 1 4 10 13 2 5 8 11 14 7 6 9 12 0
336 332 4 1 0 4 10 13 2 5 8 11 14 7 6 9 12 3
336 333 3 1 4 0 10 13 2 5 8 11 14 7 6 9 12 3
338 334 4 1 4 10 0 13 2 5 8 11 14 7 6 9 12 3
338 334 4 1 4 8 10 13 2 5 0 11 14 7 6 9 12 3
340 335 5 1 4 8 10 13 2 5 11 0 14 7 6 9 12 3
328 323 5 1 4 10 13 14 2 5 8 11 0 3 6 9 12 7
340 335 5 1 4 8 10 13 2 0 5 11 14 7 6 9 12 3
340 335 5 1 4 8 10 13 2 5 9 11 14 7 6 0 12 3
330 325 5 1 4 10 13 3 2 5 8 11 14 0 6 9 12 7
331 327 4 1 4 10 13 3 2 5 8 11 14 7 6 9 12 0
329 324 5 0 4 10 13 1 2 5 8 11 14 3 6 9 12 7
329 324 5 1 4 8 10 3 2 5 7 11 14 0 6 9 12 13
337 332 5 7 5 4 10 13 2 0 8 11 14 3 6 9 12 1
328 323 5 0 4 8 10 1 2 5 7 11 14 3 6 9 12 13
338 333 5 1 5 4 10 13 2 7 8 11 0 3 6 9 12 14
339 334 5 1 5 4 10 13 2 7 8 11 14 0 6 9 12 3
327 322 5 1 4 8 10 13 0 5 7 11 14 2 6 9 12 3
327 322 5 1 4 8 0 10 2 5 7 11 14 3 6 9 12 13
328 323 5 1 4 0 8 10 2 5 7 11 14 3 6 9 12 13
328 324 4 1 4 7 8 10 2 5 0 11 14 3 6 9 12 13
330 325 5 1 4 7 8 10 2 5 11 0 14 3 6 9 12 13
331 326 5 1 4 7 0 10 2 5 11 8 14 3 6 9 12 13
331 327 4 1 4 7 10 0 2 5 11 8 14 3 6 9 12 13
331 329 2 1 4 7 10 13 2 5 11 8 14 3 6 9 12 0
335 332 3 1 4 7 10 13 2 5 11 0 14 3 6 9 12 8
335 333 2 1 4 7 10 13 2 5 0 11 14 3 6 9 12 8
337 334 3 1 4 7 10 13 2 0 5 11 14 3 6 9 12 8
337 334 3 1 4 7 10 13 2 5 9 11 14 3 6 0 12 8
337 334 3 1 4 0 10 13 2 5 7 11 14 3 6 9 12 8
339 335 4 1 4 10 0 13 2 5 7 11 14 3 6 9 12 8
339 335 4 1 0 7 10 13 2 4 5 11 14 3 6 9 12 8
337 333 4 1 4 7 10 13 2 5 11 14 0 3 6 9 12 8
337 334 3 1 4 7 10 13 2 5 11 14 8 3 6 9 12 0
341 337 4 1 4 7 10 13 2 5 11 0 8 3 6 9 12 14
341 338 3 1 4 7 10 13 2 5 0 11 8 3 6 9 12 14
343 339 4 1 4 7 10 13 2 0 5 11 8 3 6 9 12 14
334 330 4 1 4 7 10 13 2 5 11 8 14 3 6 9 0 12
335 331 4 1 4 7 10 13 2 5 11 0 14 3 6 9 8 12
335 332 3 1 4 7 10 13 2 5 0 11 14 3 6 9 8 12
337 333 4 1 4 7 10 13 2 0 5 11 14 3 6 9 8 12
337 333 4 1 4 7 10 13 2 5 9 11 14 3 6 0 8 12
338 334 4 1 4 7 10 13 2 5 9 11 14 3 6 8 0 12
337 335 2 1 4 7 10 13 2 5 9 11 14 3 6 8 12 0
342 338 4 1 4 7 10 13 2 5 9 0 14 3 6 8 12 11
343 339 4 1 4 7 10 13 2 5 0 9 14 3 6 8 12 11
343 340 3 1 4 7 10 13 2 5 8 9 14 3 6 0 12 11
345 341 4 1 4 7 10 13 2 5 8 9 14 3 6 12 0 11
345 342 3 1 4 7 10 13 2 5 8 9 14 3 6 12 11 0
349 345 4 1 4 7 10 13 2 5 8 0 14 3 6 12 11 9
349 346 3 1 4 7 10 13 2 5 8 11 14 3 6 12 0 9
349 347 2 1 4 7 10 13 2 5 8 11 14 3 6 12 9 0
349 347 2 1 4 7 10 13 2 5 8 11 14 3 6 0 12 9
351 348 3 1 4 7 10 13 2 5 8 11 14 3 0 6 12 9
351 348 3 1 4 7 10 13 2 5 0 11 14 3 6 8 12 9
353 349 4 1 4 7 10 13 2 5 11 0 14 3 6 8 12 9
353 349 4 1 4 7 10 13 2 0 5 11 14 3 6 8 12 9
353 349 4 1 4 0 10 13 2 5 7 11 14 3 6 8 12 9
353 349 4 1 4 7 10 13 2 5 8 11 14 0 3 6 12 9
354 351 3 1 4 7 10 13 2 5 8 11 14 9 3 6 12 0
353 349 4 1 4 7 10 13 2 0 8 11 14 3 5 6 12 9
334 330 4 1 4 7 10 13 2 5 11 8 0 3 6 9 12 14
339 335 4 1 4 7 10 13 2 5 9 11 14 3 0 6 12 8
339 335 4 1 4 7 10 13 2 6 5 11 14 3 0 9 12 8
343 339 4 1 4 7 10 13 2 5 9 11 8 3 6 0 12 14
343 339 4 1 4 0 10 13 2 5 7 11 8 3 6 9 12 14
346 342 4 1 4 7 10 13 2 5 8 0 14 3 6 12 9 11
335 331 4 1 4 7 10 13 2 5 11 8 14 0 6 9 12 3
339 335 4 1 4 7 10 13 2 5 9 11 14 3 6 12 0 8
339 336 3 1 4 7 10 13 2 5 9 11 14 3 6 12 8 0
334 330 4 1 4 7 10 8 2 5 11 0 14 3 6 9 12 13
334 331 3 1 4 7 10 8 2 5 0 11 14 3 6 9 12 13
336 332 4 1 4 7 10 8 2 0 5 11 14 3 6 9 12 13
336 332 4 1 4 7 10 8 2 5 9 11 14 3 6 0 12 13
336 332 4 1 4 0 10 8 2 5 7 11 14 3 6 9 12 13
337 333 4 1 4 0 10 13 2 5 7 11 14 3 6 9 8 12
339 335 4 1 0 4 10 13 2 5 7 11 14 3 6 9 12 8
342 338 4 0 4 7 10 13 2 5 9 11 14 3 6 8 12 1
341 337 4 1 4 7 10 13 2 5 9 11 14 0 6 8 12 3
341 337 4 1 4 7 10 0 2 5 9 11 14 3 6 8 12 13
354 350 4 0 4 7 10 13 2 5 8 11 14 3 6 12 9 1
339 335 4 1 4 7 10 13 0 2 5 11 14 3 6 9 12 8
353 349 4 1 4 7 10 13 2 5 8 11 14 0 6 12 9 3
352 348 4 1 4 7 10 13 2 5 8 11 0 3 6 12 9 14
353 349 4 1 4 7 10 0 2 5 8 11 14 3 6 12 9 13
336 332 4 0 4 7 10 13 2 5 11 8 14 3 6 9 12 1
340 336 4 1 4 7 10 13 2 5 9 11 0 3 6 8 12 14
337 333 4 1 4 7 10 13 2 5 11 12 14 3 6 9 0 8
337 334 3 1 4 7 10 13 2 5 11 12 14 3 6 9 8 0
345 341 4 1 4 7 10 13 2 5 8 9 14 3 0 6 12 11
337 333 4 1 4 7 0 13 2 5 11 10 14 3 6 9 12 8
339 334 5 1 4 7 13 0 2 5 11 10 14 3 6 9 12 8
340 336 4 1 4 7 13 8 2 5 11 10 14 3 6 9 12 0
344 339 5 1 4 7 13 8 2 5 11 0 14 3 6 9 12 10
344 340 4 1 4 7 13 8 2 5 0 11 14 3 6 9 12 10
346 341 5 1 4 7 13 8 2 0 5 11 14 3 6 9 12 10
343 338 5 1 7 4 10 13 2 5 8 11 14 3 6 0 9 12
345 340 5 0 7 4 10 13 2 5 8 11 14 1 6 9 12 3
347 343 4 3 7 4 10 13 2 5 8 11 14 1 6 9 12 0
344 339 5 1 7 4 10 14 2 5 8 11 0 3 6 9 12 13
344 340 4 1 7 4 10 14 2 5 8 11 13 3 6 9 12 0
345 340 5 0 7 4 10 1 2 5 8 11 14 3 6 9 12 13
347 343 4 13 7 4 10 1 2 5 8 11 14 3 6 9 12 0
346 341 5 1 7 4 10 3 2 5 8 11 14 0 6 9 12 13
347 343 4 1 7 4 10 3 2 5 8 11 14 13 6 9 12 0
343 338 5 1 7 4 10 13 2 5 8 0 14 3 6 9 11 12
346 341 5 1 7 4 10 13 2 0 8 11 14 5 6 9 12 3
347 342 5 1 0 4 10 13 2 7 8 11 14 5 6 9 12 3
347 343 4 1 4 0 10 13 2 7 8 11 14 5 6 9 12 3
349 344 5 1 4 10 0 13 2 7 8 11 14 5 6 9 12 3
346 341 5 1 7 4 10 11 2 5 8 0 14 3 6 9 12 13
306 301 5 1 4 11 10 13 2 5 7 8 14 3 6 9 0 12
310 305 5 2 4 7 8 13 0 5 10 11 14 3 6 9 12 1
343 338 5 1 7 4 10 0 2 5 8 11 13 3 6 9 12 14
317 312 5 1 4 8 10 13 2 5 9 7 14 3 6 0 12 11
349 344 5 1 10 7 13 3 2 5 8 11 14 0 6 9 12 4
350 345 5 1 5 10 7 13 2 0 8 11 14 3 6 9 12 4
311 306 5 1 4 7 13 0 2 5 10 8 14 3 6 9 12 11
312 308 4 1 4 7 13 11 2 5 10 8 14 3 6 9 12 0
293 288 5 1 4 7 13 14 2 5 10 11 0 3 6 9 12 8
317 312 5 1 5 4 10 13 2 0 8 7 14 3 6 9 12 11
347 342 5 1 10 7 13 14 2 5 8 11 0 3 6 9 12 4
337 332 5 1 4 10 7 3 2 5 8 11 14 0 6 9 12 13
336 331 5 0 4 10 7 1 2 5 8 11 14 3 6 9 12 13
338 334 4 13 4 10 7 1 2 5 8 11 14 3 6 9 12 0
337 332 5 13 4 10 7 0 2 5 8 11 14 3 6 9 12 1
338 333 5 13 4 10 0 7 2 5 8 11 14 3 6 9 12 1
338 334 4 13 4 0 10 7 2 5 8 11 14 3 6 9 12 1
340 335 5 13 0 4 10 7 2 5 8 11 14 3 6 9 12 1
341 336 5 0 13 4 10 7 2 5 8 11 14 3 6 9 12 1
342 339 3 1 13 4 10 7 2 5 8 11 14 3 6 9 12 0
345 341 4 1 13 4 10 0 2 5 8 11 14 3 6 9 12 7
349 344 5 1 13 4 10 11 2 5 8 0 14 3 6 9 12 7
351 346 5 1 10 7 13 4 2 5 8 0 14 3 6 9 12 11
352 347 5 1 10 7 0 4 2 5 8 13 14 3 6 9 12 11
353 348 5 1 10 7 4 0 2 5 8 13 14 3 6 9 12 11
355 351 4 1 10 7 4 13 2 5 8 0 14 3 6 9 12 11
356 352 4 1 10 7 0 13 2 5 8 4 14 3 6 9 12 11
354 350 4 1 10 7 4 11 2 5 8 13 14 3 6 9 12 0
358 353 5 1 10 7 4 11 2 5 8 0 14 3 6 9 12 13
359 354 5 1 10 7 0 11 2 5 8 4 14 3 6 9 12 13
360 355 5 1 10 7 11 0 2 5 8 4 14 3 6 9 12 13
360 357 3 1 10 7 11 13 2 5 8 4 14 3 6 9 12 0
365 360 5 0 10 7 11 13 2 5 8 4 14 3 6 9 12 1
366 361 5 10 0 7 11 13 2 5 8 4 14 3 6 9 12 1
306 301 5 1 4 11 10 13 2 5 0 7 8 3 6 9 12 14
307 302 5 1 4 0 10 13 2 5 11 7 8 3 6 9 12 14
326 321 5 1 4 10 11 13 2 5 0 8 14 3 6 9 12 7
327 322 5 1 4 0 11 13 2 5 10 8 14 3 6 9 12 7
328 323 5 1 4 11 0 13 2 5 10 8 14 3 6 9 12 7
329 324 5 1 4 11 8 13 2 5 10 0 14 3 6 9 12 7
330 325 5 1 4 11 8 13 2 5 0 10 14 3 6 9 12 7
331 326 5 1 4 0 8 13 2 5 11 10 14 3 6 9 12 7
304 299 5 1 4 0 7 8 2 5 10 11 14 3 6 9 12 13
305 300 5 1 4 10 7 8 2 5 0 11 14 3 6 9 12 13
338 333 5 1 4 8 10 7 2 0 5 11 14 3 6 9 12 13
342 337 5 0 4 7 10 13 2 5 11 14 8 3 6 9 12 1
331 326 5 13 1 4 10 0 2 5 8 11 14 3 6 9 12 7
332 328 4 13 1 4 10 7 2 5 8 11 14 3 6 9 12 0
300 295 5 1 4 7 8 11 2 5 10 0 14 3 6 9 12 13
301 296 5 1 4 7 8 11 2 5 0 10 14 3 6 9 12 13
296 291 5 1 4 10 7 13 2 5 9 11 14 3 6 0 12 8
336 331 5 0 4 10 7 13 2 5 8 11 14 1 6 9 12 3
296 291 5 1 4 7 11 13 2 5 9 10 14 3 6 0 12 8
326 321 5 1 4 10 11 13 2 5 8 12 14 3 6 9 0 7
326 322 4 1 4 10 11 13 2 5 8 12 14 3 6 9 7 0
338 333 5 1 4 10 11 13 2 5 8 0 7 3 6 9 12 14
330 325 5 1 4 8 10 13 2 5 9 11 14 3 0 6 12 7
308 303 5 1 4 7 8 13 2 5 10 11 14 3 6 0 9 12
309 304 5 1 4 7 8 13 2 5 0 11 14 3 6 10 9 12
330 325 5 1 4 8 0 13 2 5 11 10 14 3 6 9 12 7
330 325 5 1 4 8 10 13 2 5 9 11 14 3 6 12 0 7
330 326 4 1 4 8 10 13 2 5 9 11 14 3 6 12 7 0
336 331 5 1 4 8 10 13 2 0 5 11 7 3 6 9 12 14
330 325 5 1 4 8 10 13 2 5 11 12 14 3 6 9 0 7
330 326 4 1 4 8 10 13 2 5 11 12 14 3 6 9 7 0
336 331 5 1 4 8 10 13 2 5 9 11 7 3 6 0 12 14
331 326 5 3 1 4 10 13 2 5 8 11 14 0 6 9 12 7
328 323 5 4 0 8 10 13 2 5 7 11 14 3 6 9 12 1
329 324 5 4 8 0 10 13 2 5 7 11 14 3 6 9 12 1
329 325 4 4 8 7 10 13 2 5 0 11 14 3 6 9 12 1
331 326 5 4 8 7 10 13 2 5 11 0 14 3 6 9 12 1
330 325 5 2 1 4 10 13 0 5 8 11 14 3 6 9 12 7
330 325 5 1 5 4 10 13 0 2 8 11 14 3 6 9 12 7
333 328 5 7 1 4 10 13 2 5 8 11 14 3 6 9 0 12
311 306 5 1 4 7 8 13 2 0 5 10 14 3 6 9 12 11
330 325 5 1 4 10 13 7 2 5 8 11 0 3 6 9 12 14
338 333 5 1 5 4 10 13 2 0 8 11 14 7 6 9 12 3
341 336 5 1 4 10 11 13 2 5 7 0 14 3 6 9 12 8
342 337 5 1 4 10 11 13 2 5 0 7 14 3 6 9 12 8
343 338 5 1 4 0 11 13 2 5 10 7 14 3 6 9 12 8
344 339 5 1 4 11 0 13 2 5 10 7 14 3 6 9 12 8
345 340 5 1 4 11 7 13 2 5 10 0 14 3 6 9 12 8
346 341 5 1 4 11 7 13 2 5 0 10 14 3 6 9 12 8
330 325 5 1 4 7 8 10 2 0 5 11 14 3 6 9 12 13
338 333 5 1 5 4 10 13 2 7 8 11 14 3 6 9 0 12
339 334 5 2 7 4 10 13 0 5 8 11 14 3 6 9 12 1
330 325 5 1 4 7 8 10 2 5 9 11 14 3 6 0 12 13
336 331 5 7 4 10 11 13 2 5 8 0 14 3 6 9 12 1
330 325 5 1 4 10 13 7 2 5 8 11 14 3 6 9 0 12
340 335 5 3 7 4 10 13 2 5 8 11 14 0 6 9 12 1
345 340 5 1 7 4 10 13 2 5 8 12 14 3 6 9 0 11
345 341 4 1 7 4 10 13 2 5 8 12 14 3 6 9 11 0
345 340 5 1 7 4 0 13 2 5 8 10 14 3 6 9 12 11
346 341 5 1 7 0 4 13 2 5 8 10 14 3 6 9 12 11
346 342 4 1 0 7 4 13 2 5 8 10 14 3 6 9 12 11
348 343 5 0 1 7 4 13 2 5 8 10 14 3 6 9 12 11
350 346 4 11 1 7 4 13 2 5 8 10 14 3 6 9 12 0
354 349 5 11 1 7 4 13 2 5 8 0 14 3 6 9 12 10
355 350 5 11 1 7 0 13 2 5 8 4 14 3 6 9 12 10
348 343 5 1 5 7 4 13 2 0 8 10 14 3 6 9 12 11
340 335 5 1 4 10 11 13 2 5 8 0 14 7 6 9 12 3
341 336 5 1 4 7 10 0 2 5 11 14 8 3 6 9 12 13
344 339 5 1 4 7 10 14 2 5 11 0 8 3 6 9 12 13
344 340 4 1 4 7 10 14 2 5 0 11 8 3 6 9 12 13
346 341 5 1 4 7 10 14 2 0 5 11 8 3 6 9 12 13
346 341 5 1 4 7 10 14 2 5 9 11 8 3 6 0 12 13
346 341 5 1 4 0 10 14 2 5 7 11 8 3 6 9 12 13
345 340 5 1 4 7 10 13 2 0 5 9 14 3 6 8 12 11
344 339 5 1 4 7 10 13 2 5 9 14 0 3 6 8 12 11
344 340 4 1 4 7 10 13 2 5 9 14 11 3 6 8 12 0
337 332 5 1 4 7 10 13 2 5 11 14 0 3 6 9 8 12
337 333 4 1 4 7 10 13 2 5 11 14 12 3 6 9 8 0
341 336 5 1 4 7 10 13 2 5 11 0 12 3 6 9 8 14
341 337 4 1 4 7 10 13 2 5 0 11 12 3 6 9 8 14
343 338 5 1 4 7 10 13 2 0 5 11 12 3 6 9 8 14
343 338 5 1 4 7 10 13 2 5 9 11 12 3 6 0 8 14
344 339 5 1 4 7 10 13 2 5 9 11 12 3 6 8 0 14
344 340 4 1 4 7 10 13 2 5 9 11 12 3 6 8 14 0
346 341 5 1 4 7 10 13 2 5 9 11 0 3 6 8 14 12
343 338 5 1 4 0 10 13 2 5 7 11 12 3 6 9 8 14
351 346 5 1 4 7 10 13 2 5 8 14 0 3 6 12 11 9
351 347 4 1 4 7 10 13 2 5 8 14 9 3 6 12 11 0
355 350 5 1 4 7 10 13 2 5 8 0 9 3 6 12 11 14
355 351 4 1 4 7 10 13 2 5 8 11 9 3 6 12 0 14
355 352 3 1 4 7 10 13 2 5 8 11 9 3 6 12 14 0
355 352 3 1 4 7 10 13 2 5 8 11 9 3 6 0 12 14
357 353 4 1 4 7 10 13 2 5 8 11 9 3 0 6 12 14
357 353 4 1 4 7 10 13 2 5 0 11 9 3 6 8 12 14
357 353 4 1 4 7 10 13 2 5 8 11 0 3 6 12 14 9
359 354 5 1 4 7 10 13 2 5 8 0 11 3 6 12 14 9
360 355 5 1 4 7 10 13 2 5 8 14 11 3 6 12 0 9
360 356 4 1 4 7 10 13 2 5 8 14 11 3 6 12 9 0
360 356 4 1 4 7 10 13 2 5 8 14 11 3 6 0 12 9
362 357 5 1 4 7 10 13 2 5 8 14 11 3 0 6 12 9
362 357 5 1 4 7 10 13 2 5 0 14 11 3 6 8 12 9
363 358 5 1 4 7 10 13 2 5 14 0 11 3 6 8 12 9
363 359 4 1 4 7 10 13 2 5 14 11 0 3 6 8 12 9
363 360 3 1 4 7 10 13 2 5 14 11 9 3 6 8 12 0
368 363 5 1 4 7 10 13 2 5 14 0 9 3 6 8 12 11
369 364 5 1 4 7 10 13 2 5 14 9 0 3 6 8 12 11
369 365 4 1 4 7 10 13 2 5 14 9 11 3 6 8 12 0
339 334 5 1 0 4 10 13 2 5 7 11 14 3 6 9 8 12
369 364 5 1 4 7 10 13 2 5 0 14 9 3 6 8 12 11
369 365 4 1 4 7 10 13 2 5 8 14 9 3 6 0 12 11
371 366 5 1 4 7 10 13 2 5 8 14 9 3 0 6 12 11
338 333 5 1 4 7 10 8 2 6 5 11 14 3 0 9 12 13
355 350 5 1 0 7 10 13 2 4 5 11 14 3 6 8 12 9
355 350 5 1 4 7 10 13 2 6 5 11 14 3 0 8 12 9
356 351 5 1 4 7 10 13 2 6 5 11 14 3 8 0 12 9
357 352 5 1 4 7 10 13 2 6 0 11 14 3 8 5 12 9
358 353 5 1 4 7 10 13 2 0 6 11 14 3 8 5 12 9
359 354 5 1 4 7 10 13 2 8 6 11 14 3 0 5 12 9
360 355 5 1 4 7 10 13 2 8 6 11 14 3 5 0 12 9
355 350 5 1 0 4 10 13 2 5 7 11 14 3 6 8 12 9
357 352 5 1 4 7 10 13 2 5 8 11 0 9 3 6 12 14
359 354 5 0 4 7 10 13 2 5 8 11 14 9 3 6 12 1
361 356 5 9 4 7 10 13 2 5 8 11 14 0 3 6 12 1
362 358 4 9 4 7 10 13 2 5 8 11 14 1 3 6 12 0
361 357 4 9 4 7 10 13 2 5 8 11 14 3 0 6 12 1
361 358 3 9 4 7 10 13 2 5 8 11 14 3 6 0 12 1
363 359 4 9 4 7 10 13 2 5 8 11 14 3 6 12 0 1
363 360 3 9 4 7 10 13 2 5 8 11 14 3 6 12 1 0
367 363 4 0 4 7 10 13 2 5 8 11 14 3 6 12 1 9
363 359 4 9 4 7 10 13 2 5 0 11 14 3 6 8 12 1
365 360 5 9 4 7 10 13 2 5 11 0 14 3 6 8 12 1
365 360 5 9 4 7 10 13 2 0 5 11 14 3 6 8 12 1
365 360 5 9 4 0 10 13 2 5 7 11 14 3 6 8 12 1
345 340 5 1 0 4 10 13 2 5 7 11 8 3 6 9 12 14
345 340 5 1 4 7 10 13 2 5 9 11 8 3 6 12 0 14
345 341 4 1 4 7 10 13 2 5 9 11 8 3 6 12 14 0
347 342 5 1 4 7 10 13 2 5 9 11 0 3 6 12 14 8
343 338 5 1 4 7 10 13 2 5 9 11 14 0 6 12 8 3
337 332 5 1 4 7 10 13 2 5 11 8 14 6 0 9 12 3
342 337 5 1 4 7 10 13 2 5 9 11 0 3 6 12 8 14
339 334 5 1 4 7 10 0 2 5 11 8 14 13 6 9 12 3
340 336 4 1 4 7 10 3 2 5 11 8 14 13 6 9 12 0
344 339 5 1 4 7 10 3 2 5 11 0 14 13 6 9 12 8
344 340 4 1 4 7 10 3 2 5 0 11 14 13 6 9 12 8
346 341 5 1 4 7 10 3 2 0 5 11 14 13 6 9 12 8
346 341 5 1 4 7 10 3 2 5 9 11 14 13 6 0 12 8
336 331 5 1 4 7 10 8 2 5 11 12 14 3 6 9 0 13
336 332 4 1 4 7 10 8 2 5 11 12 14 3 6 9 13 0
340 335 5 1 4 7 10 8 2 5 11 0 14 3 6 9 13 12
340 336 4 1 4 7 10 8 2 5 0 11 14 3 6 9 13 12
342 337 5 1 4 7 10 8 2 0 5 11 14 3 6 9 13 12
342 337 5 1 4 7 10 8 2 5 9 11 14 3 6 0 13 12
343 338 5 1 4 7 10 8 2 5 9 11 14 3 6 13 0 12
342 339 3 1 4 7 10 8 2 5 9 11 14 3 6 13 12 0
345 341 4 1 4 7 10 0 2 5 9 11 14 3 6 13 12 8
349 344 5 1 4 7 10 11 2 5 9 0 14 3 6 13 12 8
350 345 5 1 4 7 10 11 2 5 0 9 14 3 6 13 12 8
351 346 5 1 4 7 10 11 2 5 13 9 14 3 6 0 12 8
349 344 5 1 4 7 10 3 2 5 9 11 14 0 6 13 12 8
350 346 4 1 4 7 10 3 2 5 9 11 14 8 6 13 12 0
353 348 5 1 4 7 10 0 2 5 9 11 14 8 6 13 12 3
338 333 5 1 4 10 0 8 2 5 7 11 14 3 6 9 12 13
339 334 5 1 4 10 8 0 2 5 7 11 14 3 6 9 12 13
339 336 3 1 4 10 8 13 2 5 7 11 14 3 6 9 12 0
344 339 5 1 4 10 8 13 2 5 7 0 14 3 6 9 12 11
345 340 5 1 4 10 8 13 2 5 0 7 14 3 6 9 12 11
346 341 5 1 4 0 8 13 2 5 10 7 14 3 6 9 12 11
347 342 5 1 4 8 0 13 2 5 10 7 14 3 6 9 12 11
348 343 5 1 4 8 7 13 2 5 10 0 14 3 6 9 12 11
349 344 5 1 4 8 7 13 2 5 0 10 14 3 6 9 12 11
349 345 4 1 4 0 7 13 2 5 8 10 14 3 6 9 12 11
349 346 3 1 4 7 0 13 2 5 8 10 14 3 6 9 12 11
349 347 2 1 4 7 10 13 2 5 8 0 14 3 6 9 12 11
351 348 3 1 4 7 10 13 2 5 8 14 0 3 6 9 12 11
351 349 2 1 4 7 10 13 2 5 8 14 11 3 6 9 12 0
355 352 3 1 4 7 10 13 2 5 8 0 11 3 6 9 12 14
355 353 2 1 4 7 10 13 2 5 8 11 0 3 6 9 12 14
354 354 0 1 4 7 10 13 2 5 8 11 14 3 6 9 12 0
