0 0 0 11 4 0 9 13 14 6 12 2 8 10 1 5 7 3
14 1 13 11 4 9 0 13 14 6 12 2 8 10 1 5 7 3
15 2 13 11 4 9 2 13 14 6 12 0 8 10 1 5 7 3
16 3 13 11 4 9 2 13 14 6 12 8 0 10 1 5 7 3
16 4 12 11 4 9 2 13 14 6 12 8 3 10 1 5 7 0
20 7 13 11 4 9 2 13 14 6 12 0 3 10 1 5 7 8
21 8 13 11 4 9 2 13 14 6 12 3 0 10 1 5 7 8
21 9 12 11 4 9 2 13 14 6 12 3 8 10 1 5 7 0
25 12 13 0 4 9 2 13 14 6 12 3 8 10 1 5 7 11
28 15 13 6 4 9 2 13 14 0 12 3 8 10 1 5 7 11
29 16 13 6 4 9 2 13 14 12 0 3 8 10 1 5 7 11
30 17 13 6 4 9 2 13 14 12 3 0 8 10 1 5 7 11
31 18 13 6 4 9 2 13 14 12 3 8 0 10 1 5 7 11
31 19 12 6 4 9 2 13 14 12 3 8 11 10 1 5 7 0
35 22 13 6 4 9 2 13 14 12 3 0 11 10 1 5 7 8
35 23 12 6 4 9 2 13 14 12 3 11 0 10 1 5 7 8
35 24 11 6 4 9 2 13 14 12 3 11 8 10 1 5 7 0
39 27 12 0 4 9 2 13 14 12 3 11 8 10 1 5 7 6
42 30 12 12 4 9 2 13 14 0 3 11 8 10 1 5 7 6
43 31 12 12 4 9 2 13 14 3 0 11 8 10 1 5 7 6
44 32 12 12 4 9 2 13 14 3 5 11 8 10 1 0 7 6
45 33 12 12 4 9 2 13 14 3 5 11 8 10 1 7 0 6
45 34 11 12 4 9 2 13 14 3 5 11 8 10 1 7 6 0
49 37 12 0 4 9 2 13 14 3 5 11 8 10 1 7 6 12
52 40 12 3 4 9 2 13 14 0 5 11 8 10 1 7 6 12
52 41 11 3 4 9 2 13 14 5 0 11 8 10 1 7 6 12
53 42 11 3 4 9 2 13 14 5 7 11 8 10 1 0 6 12
54 43 11 3 4 9 2 13 14 5 7 11 8 10 1 6 0 12
53 44 9 3 4 9 2 13 14 5 7 11 8 10 1 6 12 0
57 47 10 0 4 9 2 13 14 5 7 11 8 10 1 6 12 3
59 49 10 10 4 9 2 13 14 5 7 11 8 0 1 6 12 3
59 51 8 10 4 9 2 13 14 5 7 11 8 3 1 6 12 0
63 54 9 0 4 9 2 13 14 5 7 11 8 3 1 6 12 10
64 55 9 14 4 9 2 13 0 5 7 11 8 3 1 6 12 10
61 52 9 10 4 9 2 13 14 5 7 11 0 3 1 6 12 8
63 53 10 10 4 9 2 13 14 5 7 0 11 3 1 6 12 8
64 54 10 10 4 9 2 13 14 5 0 7 11 3 1 6 12 8
65 55 10 10 4 9 2 13 14 5 6 7 11 3 1 0 12 8
66 56 10 10 4 9 2 13 14 5 6 7 11 3 0 1 12 8
65 55 10 10 4 0 2 13 14 5 9 7 11 3 1 6 12 8
66 56 10 10 4 2 0 13 14 5 9 7 11 3 1 6 12 8
67 57 10 10 4 2 7 13 14 5 9 0 11 3 1 6 12 8
67 58 9 10 4 2 7 13 14 5 9 11 0 3 1 6 12 8
67 59 8 10 4 2 7 13 14 5 9 11 8 3 1 6 12 0
71 62 9 0 4 2 7 13 14 5 9 11 8 3 1 6 12 10
72 63 9 14 4 2 7 13 0 5 9 11 8 3 1 6 12 10
74 64 10 14 4 2 7 13 5 0 9 11 8 3 1 6 12 10
75 65 10 14 4 2 7 13 5 9 0 11 8 3 1 6 12 10
76 66 10 14 4 2 7 13 5 9 6 11 8 3 1 0 12 10
77 67 10 14 4 2 7 13 5 9 6 11 8 3 0 1 12 10
78 68 10 14 4 2 7 13 5 0 6 11 8 3 9 1 12 10
78 69 9 14 4 2 7 13 0 5 6 11 8 3 9 1 12 10
80 70 10 14 4 2 7 13 3 5 6 11 8 0 9 1 12 10
81 72 9 14 4 2 7 13 3 5 6 11 8 10 9 1 12 0
85 75 10 0 4 2 7 13 3 5 6 11 8 10 9 1 12 14
87 77 10 10 4 2 7 13 3 5 6 11 8 0 9 1 12 14
88 79 9 10 4 2 7 13 3 5 6 11 8 14 9 1 12 0
87 78 9 10 4 2 7 13 0 5 6 11 8 3 9 1 12 14
89 79 10 10 4 2 7 13 5 0 6 11 8 3 9 1 12 14
90 80 10 10 4 2 7 13 5 6 0 11 8 3 9 1 12 14
91 81 10 10 4 2 7 13 5 6 1 11 8 3 9 0 12 14
91 82 9 10 4 2 7 13 5 6 1 11 8 3 0 9 12 14
91 83 8 10 4 2 7 13 5 0 1 11 8 3 6 9 12 14
91 84 7 10 4 2 7 13 0 5 1 11 8 3 6 9 12 14
93 85 8 10 4 2 7 13 3 5 1 11 8 0 6 9 12 14
94 87 7 10 4 2 7 13 3 5 1 11 8 14 6 9 12 0
98 90 8 0 4 2 7 13 3 5 1 11 8 14 6 9 12 10
100 92 8 14 4 2 7 13 3 5 1 11 8 0 6 9 12 10
101 94 7 14 4 2 7 13 3 5 1 11 8 10 6 9 12 0
100 93 7 14 4 2 7 13 0 5 1 11 8 3 6 9 12 10
102 94 8 14 4 2 7 13 5 0 1 11 8 3 6 9 12 10
103 95 8 14 4 2 7 13 5 1 0 11 8 3 6 9 12 10
104 96 8 14 4 0 7 13 5 1 2 11 8 3 6 9 12 10
104 97 7 14 4 7 0 13 5 1 2 11 8 3 6 9 12 10
106 98 8 14 4 7 13 0 5 1 2 11 8 3 6 9 12 10
107 100 7 14 4 7 13 10 5 1 2 11 8 3 6 9 12 0
111 103 8 0 4 7 13 10 5 1 2 11 8 3 6 9 12 14
113 106 7 1 4 7 13 10 5 0 2 11 8 3 6 9 12 14
113 107 6 1 4 7 13 10 0 5 2 11 8 3 6 9 12 14
115 108 7 1 4 7 13 10 3 5 2 11 8 0 6 9 12 14
116 110 6 1 4 7 13 10 3 5 2 11 8 14 6 9 12 0
119 112 7 1 4 7 13 0 3 5 2 11 8 14 6 9 12 10
119 113 6 1 4 7 0 13 3 5 2 11 8 14 6 9 12 10
121 114 7 1 4 0 7 13 3 5 2 11 8 14 6 9 12 10
122 115 7 1 4 2 7 13 3 5 0 11 8 14 6 9 12 10
114 107 7 1 4 7 13 10 5 2 0 11 8 3 6 9 12 14
118 111 7 1 4 7 13 0 3 5 2 11 8 10 6 9 12 14
119 113 6 1 4 7 13 14 3 5 2 11 8 10 6 9 12 0
118 112 6 1 4 7 0 13 3 5 2 11 8 10 6 9 12 14
120 113 7 1 4 0 7 13 3 5 2 11 8 10 6 9 12 14
121 114 7 1 4 2 7 13 3 5 0 11 8 10 6 9 12 14
120 113 7 1 4 7 11 13 3 5 2 0 8 10 6 9 12 14
121 114 7 1 4 7 11 13 3 5 2 8 0 10 6 9 12 14
120 115 5 1 4 7 11 13 3 5 2 8 14 10 6 9 12 0
124 118 6 1 4 7 11 13 3 5 2 0 14 10 6 9 12 8
124 119 5 1 4 7 0 13 3 5 2 11 14 10 6 9 12 8
126 120 6 1 4 7 13 0 3 5 2 11 14 10 6 9 12 8
127 122 5 1 4 7 13 8 3 5 2 11 14 10 6 9 12 0
130 124 6 1 4 7 13 8 3 5 2 11 14 0 6 9 12 10
130 125 5 1 4 7 13 8 0 5 2 11 14 3 6 9 12 10
132 126 6 1 4 7 13 8 5 0 2 11 14 3 6 9 12 10
133 127 6 1 4 7 13 8 5 2 0 11 14 3 6 9 12 10
133 127 6 1 4 7 13 0 3 5 2 11 14 8 6 9 12 10
134 129 5 1 4 7 13 10 3 5 2 11 14 8 6 9 12 0
133 128 5 1 4 7 0 13 3 5 2 11 14 8 6 9 12 10
135 129 6 1 4 0 7 13 3 5 2 11 14 8 6 9 12 10
136 130 6 1 4 2 7 13 3 5 0 11 14 8 6 9 12 10
135 129 6 1 4 7 11 13 3 5 2 0 14 8 6 9 12 10
136 130 6 1 4 7 11 13 3 5 0 2 14 8 6 9 12 10
129 123 6 1 4 7 13 10 3 5 2 11 14 0 6 9 12 8
129 124 5 1 4 7 13 10 0 5 2 11 14 3 6 9 12 8
131 125 6 1 4 7 13 10 5 0 2 11 14 3 6 9 12 8
132 126 6 1 4 7 13 10 5 2 0 11 14 3 6 9 12 8
125 119 6 1 4 7 11 13 3 5 0 2 14 10 6 9 12 8
126 120 6 1 4 0 7 13 3 5 2 11 14 10 6 9 12 8
127 121 6 1 4 2 7 13 3 5 0 11 14 10 6 9 12 8
123 117 6 1 4 7 11 13 3 5 2 8 14 0 6 9 12 10
123 118 5 1 4 7 11 13 0 5 2 8 14 3 6 9 12 10
125 119 6 1 4 7 11 13 5 0 2 8 14 3 6 9 12 10
126 120 6 1 4 7 11 13 5 2 0 8 14 3 6 9 12 10
126 121 5 1 4 7 11 13 5 2 8 0 14 3 6 9 12 10
126 122 4 1 4 7 0 13 5 2 8 11 14 3 6 9 12 10
128 123 5 1 4 7 13 0 5 2 8 11 14 3 6 9 12 10
129 125 4 1 4 7 13 10 5 2 8 11 14 3 6 9 12 0
128 123 5 1 4 0 7 13 5 2 8 11 14 3 6 9 12 10
130 124 6 1 0 4 7 13 5 2 8 11 14 3 6 9 12 10
131 125 6 1 2 4 7 13 5 0 8 11 14 3 6 9 12 10
131 126 5 1 2 4 7 13 0 5 8 11 14 3 6 9 12 10
133 127 6 1 2 4 7 13 3 5 8 11 14 0 6 9 12 10
134 129 5 1 2 4 7 13 3 5 8 11 14 10 6 9 12 0
133 127 6 1 4 7 13 10 5 2 8 11 14 0 6 9 12 3
136 130 6 1 4 7 13 10 5 0 8 11 14 2 6 9 12 3
136 131 5 1 4 7 13 10 0 5 8 11 14 2 6 9 12 3
136 132 4 1 4 7 13 10 2 5 8 11 14 0 6 9 12 3
136 134 2 1 4 7 13 10 2 5 8 11 14 3 6 9 12 0
139 136 3 1 4 7 13 0 2 5 8 11 14 3 6 9 12 10
139 137 2 1 4 7 0 13 2 5 8 11 14 3 6 9 12 10
141 138 3 1 4 0 7 13 2 5 8 11 14 3 6 9 12 10
141 138 3 1 4 7 11 13 2 5 8 0 14 3 6 9 12 10
143 139 4 1 4 7 11 13 2 5 8 14 0 3 6 9 12 10
143 140 3 1 4 7 11 13 2 5 8 14 10 3 6 9 12 0
147 143 4 1 4 7 11 13 2 5 8 0 10 3 6 9 12 14
147 144 3 1 4 7 0 13 2 5 8 11 10 3 6 9 12 14
149 145 4 1 4 7 13 0 2 5 8 11 10 3 6 9 12 14
150 147 3 1 4 7 13 14 2 5 8 11 10 3 6 9 12 0
149 145 4 1 4 0 7 13 2 5 8 11 10 3 6 9 12 14
141 137 4 0 4 7 13 10 2 5 8 11 14 3 6 9 12 1
143 139 4 10 4 7 13 0 2 5 8 11 14 3 6 9 12 1
144 141 3 10 4 7 13 1 2 5 8 11 14 3 6 9 12 0
143 140 3 10 4 7 0 13 2 5 8 11 14 3 6 9 12 1
145 141 4 10 4 0 7 13 2 5 8 11 14 3 6 9 12 1
145 141 4 10 4 7 11 13 2 5 8 0 14 3 6 9 12 1
142 138 4 0 4 7 13 1 2 5 8 11 14 3 6 9 12 10
143 139 4 1 4 7 13 11 2 5 8 0 14 3 6 9 12 10
144 140 4 1 4 7 0 11 2 5 8 13 14 3 6 9 12 10
145 141 4 1 4 7 11 0 2 5 8 13 14 3 6 9 12 10
146 143 3 1 4 7 11 10 2 5 8 13 14 3 6 9 12 0
150 146 4 1 4 7 11 10 2 5 8 0 14 3 6 9 12 13
150 147 3 1 4 7 0 10 2 5 8 11 14 3 6 9 12 13
150 148 2 1 4 7 10 0 2 5 8 11 14 3 6 9 12 13
150 150 0 1 4 7 10 13 2 5 8 11 14 3 6 9 12 0
