0 0 0 8 13 1 2 3 9 4 5 12 0 14 11 7 10 6
15 1 14 8 13 1 2 3 9 4 5 12 6 14 11 7 10 0
19 4 15 8 13 1 2 3 9 4 5 0 6 14 11 7 10 12
20 5 15 8 13 1 2 3 9 4 5 6 0 14 11 7 10 12
20 6 14 8 13 1 2 3 9 4 5 6 12 14 11 7 10 0
24 9 15 0 13 1 2 3 9 4 5 6 12 14 11 7 10 8
27 12 15 4 13 1 2 3 9 0 5 6 12 14 11 7 10 8
27 13 14 4 13 1 2 3 9 5 0 6 12 14 11 7 10 8
28 14 14 4 13 1 2 3 9 5 6 0 12 14 11 7 10 8
29 15 14 4 13 1 2 3 9 5 6 12 0 14 11 7 10 8
29 16 13 4 13 1 2 3 9 5 6 12 8 14 11 7 10 0
33 19 14 4 13 1 2 3 9 5 6 0 8 14 11 7 10 12
34 20 14 4 13 1 2 3 9 5 6 8 0 14 11 7 10 12
34 21 13 4 13 1 2 3 9 5 6 8 12 14 11 7 10 0
38 24 14 0 13 1 2 3 9 5 6 8 12 14 11 7 10 4
40 26 14 14 13 1 2 3 9 5 6 8 12 0 11 7 10 4
42 29 13 14 13 1 2 0 9 5 6 8 12 3 11 7 10 4
43 31 12 14 13 1 2 4 9 5 6 8 12 3 11 7 10 0
47 34 13 14 13 1 2 4 9 5 6 0 12 3 11 7 10 8
48 35 13 14 13 1 2 4 9 5 6 12 0 3 11 7 10 8
48 36 12 14 13 1 2 4 9 5 6 12 8 3 11 7 10 0
52 39 13 14 13 1 2 4 9 5 6 0 8 3 11 7 10 12
53 40 13 14 13 1 2 4 9 5 0 6 8 3 11 7 10 12
54 41 13 14 13 1 2 4 9 5 7 6 8 3 11 0 10 12
55 42 13 14 13 1 2 4 9 5 7 6 8 3 11 10 0 12
54 43 11 14 13 1 2 4 9 5 7 6 8 3 11 10 12 0
58 46 12 14 13 1 2 4 9 5 7 0 8 3 11 10 12 6
59 47 12 14 13 1 2 4 9 5 7 8 0 3 11 10 12 6
59 48 11 14 13 1 2 4 9 5 7 8 6 3 11 10 12 0
63 51 12 14 13 1 2 4 9 5 7 0 6 3 11 10 12 8
64 52 12 14 13 1 2 4 9 5 0 7 6 3 11 10 12 8
65 53 12 14 13 1 2 4 9 5 10 7 6 3 11 0 12 8
66 54 12 14 13 1 2 4 9 5 10 7 6 3 0 11 12 8
65 53 12 14 13 0 2 4 9 5 1 7 6 3 11 10 12 8
66 54 12 14 13 2 0 4 9 5 1 7 6 3 11 10 12 8
67 55 12 14 13 2 4 0 9 5 1 7 6 3 11 10 12 8
68 57 11 14 13 2 4 8 9 5 1 7 6 3 11 10 12 0
72 60 12 14 13 2 4 8 9 5 1 0 6 3 11 10 12 7
73 61 12 14 13 2 4 8 9 5 1 6 0 3 11 10 12 7
73 62 11 14 13 2 4 8 9 5 1 6 7 3 11 10 12 0
77 65 12 14 13 2 4 8 9 5 1 0 7 3 11 10 12 6
78 66 12 14 13 2 4 8 9 5 0 1 7 3 11 10 12 6
79 67 12 14 13 2 4 8 9 5 10 1 7 3 11 0 12 6
80 68 12 14 13 2 4 8 9 5 10 1 7 3 0 11 12 6
59 47 12 14 13 1 0 4 9 5 7 2 8 3 11 10 12 6
60 48 12 14 13 1 4 0 9 5 7 2 8 3 11 10 12 6
61 50 11 14 13 1 4 6 9 5 7 2 8 3 11 10 12 0
65 53 12 14 13 1 4 6 9 5 7 0 8 3 11 10 12 2
66 54 12 14 13 1 4 6 9 5 7 8 0 3 11 10 12 2
66 55 11 14 13 1 4 6 9 5 7 8 2 3 11 10 12 0
70 58 12 14 13 1 4 6 9 5 7 0 2 3 11 10 12 8
71 59 12 14 13 1 4 6 9 5 0 7 2 3 11 10 12 8
72 60 12 14 13 1 4 6 9 5 10 7 2 3 11 0 12 8
73 61 12 14 13 1 4 6 9 5 10 7 2 3 0 11 12 8
72 60 12 14 13 0 4 6 9 5 1 7 2 3 11 10 12 8
73 61 12 14 13 4 0 6 9 5 1 7 2 3 11 10 12 8
74 62 12 14 13 4 6 0 9 5 1 7 2 3 11 10 12 8
75 64 11 14 13 4 6 8 9 5 1 7 2 3 11 10 12 0
79 67 12 14 13 4 6 8 9 5 1 0 2 3 11 10 12 7
80 68 12 14 13 4 6 8 9 5 1 2 0 3 11 10 12 7
80 69 11 14 13 4 6 8 9 5 1 2 7 3 11 10 12 0
84 72 12 14 13 4 6 8 9 5 1 0 7 3 11 10 12 2
85 73 12 14 13 4 6 8 9 5 0 1 7 3 11 10 12 2
86 74 12 14 13 4 6 8 9 5 10 1 7 3 11 0 12 2
87 75 12 14 13 4 6 8 9 5 10 1 7 3 0 11 12 2
86 74 12 14 13 0 6 8 9 5 4 1 7 3 11 10 12 2
87 75 12 14 13 6 0 8 9 5 4 1 7 3 11 10 12 2
88 76 12 14 13 6 8 0 9 5 4 1 7 3 11 10 12 2
89 78 11 14 13 6 8 2 9 5 4 1 7 3 11 10 12 0
93 81 12 14 13 6 8 2 9 5 4 0 7 3 11 10 12 1
94 82 12 14 13 6 8 2 9 5 4 7 0 3 11 10 12 1
94 83 11 14 13 6 8 2 9 5 4 7 1 3 11 10 12 0
98 86 12 14 13 6 8 2 9 5 4 0 1 3 11 10 12 7
99 87 12 14 13 6 8 2 9 5 0 4 1 3 11 10 12 7
100 88 12 14 13 6 8 2 9 5 10 4 1 3 11 0 12 7
101 89 12 14 13 6 8 2 9 5 10 4 1 3 0 11 12 7
100 88 12 14 13 0 8 2 9 5 6 4 1 3 11 10 12 7
101 89 12 14 13 8 0 2 9 5 6 4 1 3 11 10 12 7
102 90 12 14 13 8 2 0 9 5 6 4 1 3 11 10 12 7
103 92 11 14 13 8 2 7 9 5 6 4 1 3 11 10 12 0
107 95 12 14 13 8 2 7 9 5 6 0 1 3 11 10 12 4
108 96 12 14 13 8 2 7 9 5 6 1 0 3 11 10 12 4
108 97 11 14 13 8 2 7 9 5 6 1 4 3 11 10 12 0
112 100 12 14 13 8 2 7 9 5 6 0 4 3 11 10 12 1
113 101 12 14 13 8 2 7 9 5 0 6 4 3 11 10 12 1
113 102 11 14 13 0 2 7 9 5 8 6 4 3 11 10 12 1
114 103 11 14 13 2 0 7 9 5 8 6 4 3 11 10 12 1
115 104 11 14 13 2 7 0 9 5 8 6 4 3 11 10 12 1
116 106 10 14 13 2 7 1 9 5 8 6 4 3 11 10 12 0
120 109 11 14 13 2 7 1 9 5 8 0 4 3 11 10 12 6
121 110 11 14 13 2 7 1 9 5 8 4 0 3 11 10 12 6
121 111 10 14 13 2 7 1 9 5 8 4 6 3 11 10 12 0
125 114 11 14 13 2 7 1 9 5 8 0 6 3 11 10 12 4
126 115 11 14 13 2 0 1 9 5 8 7 6 3 11 10 12 4
127 116 11 14 13 2 1 0 9 5 8 7 6 3 11 10 12 4
128 118 10 14 13 2 1 4 9 5 8 7 6 3 11 10 12 0
132 121 11 14 13 2 1 4 9 5 8 0 6 3 11 10 12 7
133 122 11 14 13 2 1 4 9 5 8 6 0 3 11 10 12 7
133 123 10 14 13 2 1 4 9 5 8 6 7 3 11 10 12 0
137 126 11 14 13 2 1 4 9 5 8 0 7 3 11 10 12 6
138 127 11 14 13 2 0 4 9 5 8 1 7 3 11 10 12 6
139 128 11 14 13 2 4 0 9 5 8 1 7 3 11 10 12 6
140 130 10 14 13 2 4 6 9 5 8 1 7 3 11 10 12 0
144 133 11 14 13 2 4 6 9 5 8 0 7 3 11 10 12 1
145 134 11 14 13 2 4 6 9 5 8 7 0 3 11 10 12 1
145 135 10 14 13 2 4 6 9 5 8 7 1 3 11 10 12 0
149 138 11 14 13 2 4 6 9 5 8 0 1 3 11 10 12 7
150 139 11 14 13 2 0 6 9 5 8 4 1 3 11 10 12 7
151 140 11 14 13 2 6 0 9 5 8 4 1 3 11 10 12 7
152 142 10 14 13 2 6 7 9 5 8 4 1 3 11 10 12 0
156 145 11 14 13 2 6 7 9 5 8 0 1 3 11 10 12 4
157 146 11 14 13 2 6 7 9 5 8 1 0 3 11 10 12 4
157 147 10 14 13 2 6 7 9 5 8 1 4 3 11 10 12 0
161 150 11 0 13 2 6 7 9 5 8 1 4 3 11 10 12 14
163 152 11 7 13 2 6 0 9 5 8 1 4 3 11 10 12 14
164 154 10 7 13 2 6 14 9 5 8 1 4 3 11 10 12 0
168 157 11 7 13 2 6 14 9 5 8 0 4 3 11 10 12 1
169 158 11 7 13 2 6 14 9 5 8 4 0 3 11 10 12 1
169 159 10 7 13 2 6 14 9 5 8 4 1 3 11 10 12 0
169 159 10 7 13 2 6 0 9 5 8 4 14 3 11 10 12 1
170 161 9 7 13 2 6 1 9 5 8 4 14 3 11 10 12 0
174 164 10 7 13 2 6 1 9 5 8 0 14 3 11 10 12 4
175 165 10 7 13 2 0 1 9 5 8 6 14 3 11 10 12 4
176 166 10 7 13 2 1 0 9 5 8 6 14 3 11 10 12 4
177 168 9 7 13 2 1 4 9 5 8 6 14 3 11 10 12 0
181 171 10 7 13 2 1 4 9 5 8 0 14 3 11 10 12 6
182 172 10 7 13 2 0 4 9 5 8 1 14 3 11 10 12 6
183 173 10 7 13 2 4 0 9 5 8 1 14 3 11 10 12 6
184 175 9 7 13 2 4 6 9 5 8 1 14 3 11 10 12 0
188 178 10 7 13 2 4 6 9 5 8 0 14 3 11 10 12 1
188 178 10 0 13 2 4 6 9 5 8 1 14 3 11 10 12 7
190 180 10 6 13 2 4 0 9 5 8 1 14 3 11 10 12 7
191 182 9 6 13 2 4 7 9 5 8 1 14 3 11 10 12 0
195 185 10 6 13 2 4 7 9 5 8 0 14 3 11 10 12 1
196 186 10 6 13 2 0 7 9 5 8 4 14 3 11 10 12 1
197 187 10 6 13 2 7 0 9 5 8 4 14 3 11 10 12 1
198 189 9 6 13 2 7 1 9 5 8 4 14 3 11 10 12 0
202 192 10 6 13 2 7 1 9 5 8 0 14 3 11 10 12 4
203 193 10 6 13 2 0 1 9 5 8 7 14 3 11 10 12 4
204 194 10 6 13 2 1 0 9 5 8 7 14 3 11 10 12 4
205 196 9 6 13 2 1 4 9 5 8 7 14 3 11 10 12 0
209 199 10 6 13 2 1 4 9 5 8 0 14 3 11 10 12 7
209 199 10 0 13 2 1 4 9 5 8 7 14 3 11 10 12 6
211 201 10 4 13 2 1 0 9 5 8 7 14 3 11 10 12 6
212 203 9 4 13 2 1 6 9 5 8 7 14 3 11 10 12 0
216 206 10 4 13 2 1 6 9 5 8 0 14 3 11 10 12 7
217 207 10 4 13 2 0 6 9 5 8 1 14 3 11 10 12 7
218 208 10 4 13 2 6 0 9 5 8 1 14 3 11 10 12 7
219 210 9 4 13 2 6 7 9 5 8 1 14 3 11 10 12 0
223 213 10 4 13 2 6 7 9 5 8 0 14 3 11 10 12 1
224 214 10 4 13 2 0 7 9 5 8 6 14 3 11 10 12 1
225 215 10 4 13 2 7 0 9 5 8 6 14 3 11 10 12 1
226 217 9 4 13 2 7 1 9 5 8 6 14 3 11 10 12 0
230 220 10 4 13 2 7 1 9 5 8 0 14 3 11 10 12 6
171 161 10 0 13 2 6 7 9 5 8 4 14 3 11 10 12 1
172 164 8 1 13 2 6 7 9 5 8 4 14 3 11 10 12 0
176 167 9 1 13 2 6 7 9 5 8 0 14 3 11 10 12 4
177 168 9 1 13 2 0 7 9 5 8 6 14 3 11 10 12 4
178 169 9 1 13 2 7 0 9 5 8 6 14 3 11 10 12 4
179 171 8 1 13 2 7 4 9 5 8 6 14 3 11 10 12 0
183 174 9 1 13 2 7 4 9 5 8 0 14 3 11 10 12 6
184 175 9 1 13 2 0 4 9 5 8 7 14 3 11 10 12 6
185 176 9 1 13 2 4 0 9 5 8 7 14 3 11 10 12 6
186 178 8 1 13 2 4 6 9 5 8 7 14 3 11 10 12 0
190 181 9 1 13 2 4 6 9 5 8 0 14 3 11 10 12 7
191 182 9 1 13 2 0 6 9 5 8 4 14 3 11 10 12 7
192 183 9 1 13 0 2 6 9 5 8 4 14 3 11 10 12 7
193 184 9 1 0 13 2 6 9 5 8 4 14 3 11 10 12 7
188 179 9 1 13 2 4 7 9 5 8 0 14 3 11 10 12 6
189 180 9 1 13 2 0 7 9 5 8 4 14 3 11 10 12 6
190 181 9 1 13 2 7 0 9 5 8 4 14 3 11 10 12 6
191 183 8 1 13 2 7 6 9 5 8 4 14 3 11 10 12 0
190 181 9 1 13 0 2 7 9 5 8 4 14 3 11 10 12 6
191 182 9 1 0 13 2 7 9 5 8 4 14 3 11 10 12 6
185 176 9 1 13 0 2 4 9 5 8 7 14 3 11 10 12 6
186 177 9 1 0 13 2 4 9 5 8 7 14 3 11 10 12 6
181 172 9 1 13 2 7 6 9 5 8 0 14 3 11 10 12 4
182 173 9 1 13 2 0 6 9 5 8 7 14 3 11 10 12 4
183 174 9 1 13 2 6 0 9 5 8 7 14 3 11 10 12 4
184 176 8 1 13 2 6 4 9 5 8 7 14 3 11 10 12 0
188 179 9 1 13 2 6 4 9 5 8 0 14 3 11 10 12 7
189 180 9 1 13 2 0 4 9 5 8 6 14 3 11 10 12 7
190 181 9 1 13 2 4 0 9 5 8 6 14 3 11 10 12 7
191 183 8 1 13 2 4 7 9 5 8 6 14 3 11 10 12 0
190 181 9 1 13 0 2 4 9 5 8 6 14 3 11 10 12 7
191 182 9 1 0 13 2 4 9 5 8 6 14 3 11 10 12 7
183 174 9 1 13 0 2 6 9 5 8 7 14 3 11 10 12 4
184 175 9 1 0 13 2 6 9 5 8 7 14 3 11 10 12 4
178 169 9 1 13 0 2 7 9 5 8 6 14 3 11 10 12 4
179 170 9 1 0 13 2 7 9 5 8 6 14 3 11 10 12 4
175 166 9 1 13 2 6 0 9 5 8 4 14 3 11 10 12 7
179 169 10 1 13 2 6 3 9 5 8 4 14 0 11 10 12 7
180 171 9 1 13 2 6 3 9 5 8 4 14 7 11 10 12 0
184 174 10 1 13 2 6 3 9 5 8 0 14 7 11 10 12 4
185 175 10 1 13 2 0 3 9 5 8 6 14 7 11 10 12 4
186 176 10 1 13 2 3 0 9 5 8 6 14 7 11 10 12 4
187 178 9 1 13 2 3 4 9 5 8 6 14 7 11 10 12 0
191 181 10 1 13 2 3 4 9 5 8 0 14 7 11 10 12 6
192 182 10 1 13 2 0 4 9 5 8 3 14 7 11 10 12 6
193 183 10 1 13 2 4 0 9 5 8 3 14 7 11 10 12 6
194 185 9 1 13 2 4 6 9 5 8 3 14 7 11 10 12 0
198 188 10 1 13 2 4 6 9 5 8 0 14 7 11 10 12 3
199 189 10 1 13 2 0 6 9 5 8 4 14 7 11 10 12 3
200 190 10 1 13 0 2 6 9 5 8 4 14 7 11 10 12 3
201 191 10 1 0 13 2 6 9 5 8 4 14 7 11 10 12 3
186 176 10 7 13 2 4 1 9 5 8 0 14 3 11 10 12 6
187 177 10 7 13 2 0 1 9 5 8 4 14 3 11 10 12 6
188 178 10 7 13 2 1 0 9 5 8 4 14 3 11 10 12 6
189 180 9 7 13 2 1 6 9 5 8 4 14 3 11 10 12 0
193 183 10 0 13 2 1 6 9 5 8 4 14 3 11 10 12 7
195 185 10 6 13 2 1 0 9 5 8 4 14 3 11 10 12 7
196 187 9 6 13 2 1 7 9 5 8 4 14 3 11 10 12 0
196 186 10 6 13 2 0 1 9 5 8 4 14 3 11 10 12 7
197 187 10 6 13 0 2 1 9 5 8 4 14 3 11 10 12 7
198 188 10 6 0 13 2 1 9 5 8 4 14 3 11 10 12 7
199 189 10 0 6 13 2 1 9 5 8 4 14 3 11 10 12 7
201 192 9 7 6 13 2 1 9 5 8 4 14 3 11 10 12 0
200 191 9 1 6 13 2 0 9 5 8 4 14 3 11 10 12 7
201 193 8 1 6 13 2 7 9 5 8 4 14 3 11 10 12 0
205 196 9 1 6 13 2 7 9 5 8 0 14 3 11 10 12 4
206 197 9 1 6 13 0 7 9 5 8 2 14 3 11 10 12 4
207 198 9 1 6 13 7 0 9 5 8 2 14 3 11 10 12 4
208 200 8 1 6 13 7 4 9 5 8 2 14 3 11 10 12 0
212 203 9 1 6 13 7 4 9 5 8 0 14 3 11 10 12 2
213 204 9 1 6 13 0 4 9 5 8 7 14 3 11 10 12 2
214 205 9 1 6 13 4 0 9 5 8 7 14 3 11 10 12 2
215 207 8 1 6 13 4 2 9 5 8 7 14 3 11 10 12 0
219 210 9 1 6 13 4 2 9 5 8 0 14 3 11 10 12 7
217 208 9 1 6 13 4 7 9 5 8 0 14 3 11 10 12 2
218 209 9 1 6 13 0 7 9 5 8 4 14 3 11 10 12 2
219 210 9 1 6 13 7 0 9 5 8 4 14 3 11 10 12 2
220 212 8 1 6 13 7 2 9 5 8 4 14 3 11 10 12 0
219 210 9 1 6 0 13 7 9 5 8 4 14 3 11 10 12 2
220 211 9 1 0 6 13 7 9 5 8 4 14 3 11 10 12 2
214 205 9 1 6 0 13 4 9 5 8 7 14 3 11 10 12 2
215 206 9 1 0 6 13 4 9 5 8 7 14 3 11 10 12 2
207 198 9 1 6 0 13 7 9 5 8 2 14 3 11 10 12 4
208 199 9 1 0 6 13 7 9 5 8 2 14 3 11 10 12 4
201 192 9 1 6 13 0 2 9 5 8 4 14 3 11 10 12 7
202 193 9 1 6 0 13 2 9 5 8 4 14 3 11 10 12 7
203 194 9 1 0 6 13 2 9 5 8 4 14 3 11 10 12 7
203 194 9 1 6 13 2 4 9 5 8 0 14 3 11 10 12 7
204 195 9 1 6 13 0 4 9 5 8 2 14 3 11 10 12 7
205 196 9 1 6 13 4 0 9 5 8 2 14 3 11 10 12 7
206 198 8 1 6 13 4 7 9 5 8 2 14 3 11 10 12 0
205 196 9 1 6 0 13 4 9 5 8 2 14 3 11 10 12 7
206 197 9 1 0 6 13 4 9 5 8 2 14 3 11 10 12 7
210 201 9 1 6 13 7 2 9 5 8 0 14 3 11 10 12 4
211 202 9 1 6 13 0 2 9 5 8 7 14 3 11 10 12 4
212 203 9 1 6 13 2 0 9 5 8 7 14 3 11 10 12 4
213 205 8 1 6 13 2 4 9 5 8 7 14 3 11 10 12 0
212 203 9 1 6 0 13 2 9 5 8 7 14 3 11 10 12 4
213 204 9 1 0 6 13 2 9 5 8 7 14 3 11 10 12 4
215 205 10 0 1 6 13 2 9 5 8 7 14 3 11 10 12 4
217 208 9 4 1 6 13 2 9 5 8 7 14 3 11 10 12 0
221 211 10 4 1 6 13 2 9 5 8 0 14 3 11 10 12 7
222 212 10 4 1 6 0 2 9 5 8 13 14 3 11 10 12 7
223 213 10 4 1 6 2 0 9 5 8 13 14 3 11 10 12 7
225 216 9 4 1 6 2 13 9 5 8 0 14 3 11 10 12 7
226 217 9 4 1 6 0 13 9 5 8 2 14 3 11 10 12 7
227 218 9 4 1 0 6 13 9 5 8 2 14 3 11 10 12 7
228 219 9 4 0 1 6 13 9 5 8 2 14 3 11 10 12 7
228 220 8 0 4 1 6 13 9 5 8 2 14 3 11 10 12 7
230 223 7 7 4 1 6 13 9 5 8 2 14 3 11 10 12 0
234 226 8 7 4 1 6 13 9 5 8 0 14 3 11 10 12 2
235 227 8 7 4 1 0 13 9 5 8 6 14 3 11 10 12 2
236 228 8 7 4 0 1 13 9 5 8 6 14 3 11 10 12 2
229 221 8 9 4 1 6 13 0 5 8 2 14 3 11 10 12 7
231 222 9 9 4 1 6 13 5 0 8 2 14 3 11 10 12 7
232 223 9 9 4 1 6 13 5 11 8 2 14 3 0 10 12 7
233 224 9 9 4 1 6 13 5 11 8 2 14 3 10 0 12 7
231 222 9 9 4 1 6 13 3 5 8 2 14 0 11 10 12 7
232 224 8 9 4 1 6 13 3 5 8 2 14 7 11 10 12 0
236 227 9 9 4 1 6 13 3 5 8 0 14 7 11 10 12 2
237 228 9 9 4 1 0 13 3 5 8 6 14 7 11 10 12 2
238 229 9 9 4 0 1 13 3 5 8 6 14 7 11 10 12 2
236 227 9 0 4 1 6 13 3 5 8 2 14 7 11 10 12 9
238 229 9 7 4 1 6 13 3 5 8 2 14 0 11 10 12 9
239 231 8 7 4 1 6 13 3 5 8 2 14 9 11 10 12 0
238 230 8 7 4 1 6 13 0 5 8 2 14 3 11 10 12 9
240 231 9 7 4 1 6 13 5 0 8 2 14 3 11 10 12 9
241 232 9 7 4 1 6 13 5 11 8 2 14 3 0 10 12 9
242 233 9 7 4 1 6 13 5 11 8 2 14 3 10 0 12 9
243 234 9 7 4 1 6 13 3 5 8 0 14 9 11 10 12 2
244 235 9 7 4 1 0 13 3 5 8 6 14 9 11 10 12 2
245 236 9 7 4 0 1 13 3 5 8 6 14 9 11 10 12 2
239 230 9 7 4 1 6 13 3 5 8 2 14 11 0 10 12 9
240 231 9 7 4 1 6 13 3 5 8 2 14 11 10 0 12 9
237 228 9 3 4 1 6 13 0 5 8 2 14 7 11 10 12 9
238 229 9 3 4 1 6 13 7 5 8 2 14 0 11 10 12 9
239 231 8 0 4 1 6 13 7 5 8 2 14 3 11 10 12 9
241 234 7 9 4 1 6 13 7 5 8 2 14 3 11 10 12 0
245 237 8 9 4 1 6 13 7 5 8 0 14 3 11 10 12 2
246 238 8 9 4 1 0 13 7 5 8 6 14 3 11 10 12 2
247 239 8 9 4 0 1 13 7 5 8 6 14 3 11 10 12 2
239 231 8 3 4 1 6 13 7 5 8 2 14 9 11 10 12 0
243 234 9 3 4 1 6 13 7 5 8 0 14 9 11 10 12 2
244 235 9 3 4 1 0 13 7 5 8 6 14 9 11 10 12 2
245 236 9 3 4 0 1 13 7 5 8 6 14 9 11 10 12 2
243 234 9 0 4 1 6 13 7 5 8 2 14 9 11 10 12 3
244 235 9 7 4 1 6 13 0 5 8 2 14 9 11 10 12 3
249 240 9 9 0 4 1 13 7 5 8 6 14 3 11 10 12 2
250 241 9 0 9 4 1 13 7 5 8 6 14 3 11 10 12 2
252 244 8 2 9 4 1 13 7 5 8 6 14 3 11 10 12 0
256 247 9 2 9 4 1 13 7 5 8 0 14 3 11 10 12 6
257 248 9 2 9 4 0 13 7 5 8 1 14 3 11 10 12 6
258 249 9 2 9 0 4 13 7 5 8 1 14 3 11 10 12 6
259 250 9 2 0 9 4 13 7 5 8 1 14 3 11 10 12 6
260 251 9 0 2 9 4 13 7 5 8 1 14 3 11 10 12 6
262 254 8 6 2 9 4 13 7 5 8 1 14 3 11 10 12 0
266 257 9 6 2 9 4 13 7 5 8 0 14 3 11 10 12 1
267 258 9 6 2 9 0 13 7 5 8 4 14 3 11 10 12 1
268 259 9 6 2 0 9 13 7 5 8 4 14 3 11 10 12 1
269 260 9 6 0 2 9 13 7 5 8 4 14 3 11 10 12 1
270 261 9 0 6 2 9 13 7 5 8 4 14 3 11 10 12 1
271 264 7 1 6 2 9 13 7 5 8 4 14 3 11 10 12 0
275 267 8 1 6 2 9 13 7 5 8 0 14 3 11 10 12 4
276 268 8 1 6 2 0 13 7 5 8 9 14 3 11 10 12 4
277 269 8 1 6 0 2 13 7 5 8 9 14 3 11 10 12 4
278 270 8 1 0 6 2 13 7 5 8 9 14 3 11 10 12 4
280 271 9 0 1 6 2 13 7 5 8 9 14 3 11 10 12 4
282 274 8 4 1 6 2 13 7 5 8 9 14 3 11 10 12 0
286 277 9 4 1 6 2 13 7 5 8 0 14 3 11 10 12 9
287 278 9 4 1 6 0 13 7 5 8 2 14 3 11 10 12 9
288 279 9 4 1 0 6 13 7 5 8 2 14 3 11 10 12 9
244 235 9 9 4 1 6 13 7 5 8 2 14 3 11 10 0 12
245 236 9 9 4 1 6 13 7 5 8 2 14 3 11 0 10 12
246 237 9 9 4 1 6 13 7 5 8 2 14 3 0 11 10 12
242 233 9 13 4 1 6 0 7 5 8 2 14 3 11 10 12 9
243 235 8 13 4 1 6 9 7 5 8 2 14 3 11 10 12 0
247 238 9 13 4 1 6 9 7 5 8 0 14 3 11 10 12 2
248 239 9 13 4 1 0 9 7 5 8 6 14 3 11 10 12 2
249 240 9 13 4 1 9 0 7 5 8 6 14 3 11 10 12 2
250 242 8 13 4 1 9 2 7 5 8 6 14 3 11 10 12 0
250 242 8 0 4 1 9 13 7 5 8 6 14 3 11 10 12 2
252 245 7 2 4 1 9 13 7 5 8 6 14 3 11 10 12 0
256 248 8 2 4 1 9 13 7 5 8 0 14 3 11 10 12 6
257 249 8 2 4 1 0 13 7 5 8 9 14 3 11 10 12 6
258 250 8 2 4 0 1 13 7 5 8 9 14 3 11 10 12 6
251 243 8 7 4 1 9 13 0 5 8 6 14 3 11 10 12 2
253 244 9 7 4 1 9 13 5 0 8 6 14 3 11 10 12 2
254 245 9 7 4 1 9 13 5 11 8 6 14 3 0 10 12 2
255 246 9 7 4 1 9 13 5 11 8 6 14 3 10 0 12 2
232 223 9 9 4 1 6 13 3 5 8 2 14 11 0 10 12 7
233 224 9 9 4 1 6 13 3 5 8 2 14 11 10 0 12 7
236 227 9 7 4 1 6 13 9 5 8 12 14 3 11 10 0 2
236 228 8 7 4 1 6 13 9 5 8 12 14 3 11 10 2 0
240 231 9 7 4 1 6 13 9 5 8 0 14 3 11 10 2 12
241 232 9 7 4 1 0 13 9 5 8 6 14 3 11 10 2 12
242 233 9 7 4 0 1 13 9 5 8 6 14 3 11 10 2 12
232 223 9 5 4 1 6 13 9 0 8 2 14 3 11 10 12 7
233 224 9 5 4 1 6 13 0 9 8 2 14 3 11 10 12 7
231 222 9 3 4 1 6 13 9 5 8 2 14 0 11 10 12 7
232 224 8 3 4 1 6 13 9 5 8 2 14 7 11 10 12 0
236 227 9 3 4 1 6 13 9 5 8 0 14 7 11 10 12 2
237 228 9 3 4 1 0 13 9 5 8 6 14 7 11 10 12 2
238 229 9 3 4 0 1 13 9 5 8 6 14 7 11 10 12 2
236 227 9 7 4 1 6 13 9 5 8 14 0 3 11 10 12 2
236 228 8 7 4 1 6 13 9 5 8 14 2 3 11 10 12 0
240 231 9 7 4 1 6 13 9 5 8 0 2 3 11 10 12 14
241 232 9 7 4 1 0 13 9 5 8 6 2 3 11 10 12 14
242 233 9 7 4 0 1 13 9 5 8 6 2 3 11 10 12 14
251 242 9 7 9 4 1 13 0 5 8 6 14 3 11 10 12 2
271 262 9 7 6 2 9 13 0 5 8 4 14 3 11 10 12 1
261 252 9 7 2 9 4 13 0 5 8 1 14 3 11 10 12 6
277 268 9 1 6 2 9 13 7 5 8 14 0 3 11 10 12 4
277 269 8 1 6 2 9 13 7 5 8 14 4 3 11 10 12 0
281 272 9 1 6 2 9 13 7 5 8 0 4 3 11 10 12 14
282 273 9 1 6 2 0 13 7 5 8 9 4 3 11 10 12 14
283 274 9 1 6 0 2 13 7 5 8 9 4 3 11 10 12 14
284 275 9 1 0 6 2 13 7 5 8 9 4 3 11 10 12 14
277 268 9 1 6 2 9 13 7 5 8 12 14 3 11 10 0 4
277 269 8 1 6 2 9 13 7 5 8 12 14 3 11 10 4 0
281 272 9 1 6 2 9 13 7 5 8 0 14 3 11 10 4 12
282 273 9 1 6 2 0 13 7 5 8 9 14 3 11 10 4 12
283 274 9 1 6 0 2 13 7 5 8 9 14 3 11 10 4 12
284 275 9 1 0 6 2 13 7 5 8 9 14 3 11 10 4 12
278 269 9 1 6 2 9 13 7 5 8 12 14 3 11 0 10 4
279 270 9 1 6 2 9 13 7 5 8 12 14 3 0 11 10 4
275 266 9 1 6 2 9 0 7 5 8 4 14 3 11 10 12 13
278 269 9 1 6 2 9 4 7 5 8 0 14 3 11 10 12 13
279 270 9 1 6 2 0 4 7 5 8 9 14 3 11 10 12 13
280 271 9 1 6 2 4 0 7 5 8 9 14 3 11 10 12 13
280 273 7 1 6 2 4 13 7 5 8 9 14 3 11 10 12 0
284 276 8 1 6 2 4 13 7 5 8 0 14 3 11 10 12 9
285 277 8 1 6 2 0 13 7 5 8 4 14 3 11 10 12 9
286 278 8 1 6 0 2 13 7 5 8 4 14 3 11 10 12 9
287 279 8 1 0 6 2 13 7 5 8 4 14 3 11 10 12 9
289 280 9 0 1 6 2 13 7 5 8 4 14 3 11 10 12 9
291 283 8 9 1 6 2 13 7 5 8 4 14 3 11 10 12 0
295 286 9 9 1 6 2 13 7 5 8 0 14 3 11 10 12 4
296 287 9 9 1 6 0 13 7 5 8 2 14 3 11 10 12 4
297 288 9 9 1 0 6 13 7 5 8 2 14 3 11 10 12 4
298 289 9 9 0 1 6 13 7 5 8 2 14 3 11 10 12 4
299 290 9 0 9 1 6 13 7 5 8 2 14 3 11 10 12 4
301 293 8 4 9 1 6 13 7 5 8 2 14 3 11 10 12 0
305 296 9 4 9 1 6 13 7 5 8 0 14 3 11 10 12 2
306 297 9 4 9 1 0 13 7 5 8 6 14 3 11 10 12 2
307 298 9 4 9 0 1 13 7 5 8 6 14 3 11 10 12 2
308 299 9 4 0 9 1 13 7 5 8 6 14 3 11 10 12 2
308 300 8 0 4 9 1 13 7 5 8 6 14 3 11 10 12 2
310 303 7 2 4 9 1 13 7 5 8 6 14 3 11 10 12 0
314 306 8 2 4 9 1 13 7 5 8 0 14 3 11 10 12 6
315 307 8 2 4 9 0 13 7 5 8 1 14 3 11 10 12 6
316 308 8 2 4 0 9 13 7 5 8 1 14 3 11 10 12 6
309 301 8 7 4 9 1 13 0 5 8 6 14 3 11 10 12 2
311 302 9 7 4 9 1 13 5 0 8 6 14 3 11 10 12 2
312 303 9 7 4 9 1 13 5 11 8 6 14 3 0 10 12 2
313 304 9 7 4 9 1 13 5 11 8 6 14 3 10 0 12 2
311 302 9 7 4 9 1 13 3 5 8 6 14 0 11 10 12 2
312 304 8 7 4 9 1 13 3 5 8 6 14 2 11 10 12 0
316 307 9 7 4 9 1 13 3 5 8 0 14 2 11 10 12 6
317 308 9 7 4 9 0 13 3 5 8 1 14 2 11 10 12 6
318 309 9 7 4 0 9 13 3 5 8 1 14 2 11 10 12 6
316 307 9 0 4 9 1 13 3 5 8 6 14 2 11 10 12 7
318 309 9 2 4 9 1 13 3 5 8 6 14 0 11 10 12 7
319 311 8 2 4 9 1 13 3 5 8 6 14 7 11 10 12 0
318 310 8 2 4 9 1 13 0 5 8 6 14 3 11 10 12 7
320 311 9 2 4 9 1 13 5 0 8 6 14 3 11 10 12 7
321 312 9 2 4 9 1 13 5 11 8 6 14 3 0 10 12 7
322 313 9 2 4 9 1 13 5 11 8 6 14 3 10 0 12 7
323 314 9 2 4 9 1 13 3 5 8 0 14 7 11 10 12 6
324 315 9 2 4 9 0 13 3 5 8 1 14 7 11 10 12 6
325 316 9 2 4 0 9 13 3 5 8 1 14 7 11 10 12 6
237 228 9 7 4 1 13 0 9 5 8 6 14 3 11 10 12 2
238 230 8 7 4 1 13 2 9 5 8 6 14 3 11 10 12 0
242 233 9 7 4 1 13 2 9 5 8 0 14 3 11 10 12 6
243 234 9 7 4 1 0 2 9 5 8 13 14 3 11 10 12 6
244 235 9 7 4 1 2 0 9 5 8 13 14 3 11 10 12 6
246 238 8 7 4 1 2 13 9 5 8 0 14 3 11 10 12 6
247 239 8 7 4 1 0 13 9 5 8 2 14 3 11 10 12 6
248 240 8 7 4 0 1 13 9 5 8 2 14 3 11 10 12 6
245 237 8 7 4 1 2 6 9 5 8 13 14 3 11 10 12 0
249 240 9 7 4 1 2 6 9 5 8 0 14 3 11 10 12 13
250 241 9 7 4 1 0 6 9 5 8 2 14 3 11 10 12 13
251 242 9 7 4 0 1 6 9 5 8 2 14 3 11 10 12 13
249 240 9 0 4 1 2 6 9 5 8 13 14 3 11 10 12 7
251 242 9 6 4 1 2 0 9 5 8 13 14 3 11 10 12 7
253 245 8 6 4 1 2 13 9 5 8 0 14 3 11 10 12 7
254 246 8 6 4 1 0 13 9 5 8 2 14 3 11 10 12 7
255 247 8 6 4 0 1 13 9 5 8 2 14 3 11 10 12 7
252 244 8 6 4 1 2 7 9 5 8 13 14 3 11 10 12 0
256 247 9 6 4 1 2 7 9 5 8 0 14 3 11 10 12 13
257 248 9 6 4 1 0 7 9 5 8 2 14 3 11 10 12 13
258 249 9 6 4 1 7 0 9 5 8 2 14 3 11 10 12 13
258 251 7 6 4 1 7 13 9 5 8 2 14 3 11 10 12 0
262 254 8 6 4 1 7 13 9 5 8 0 14 3 11 10 12 2
263 255 8 6 4 1 0 13 9 5 8 7 14 3 11 10 12 2
264 256 8 6 4 0 1 13 9 5 8 7 14 3 11 10 12 2
262 254 8 0 4 1 7 13 9 5 8 2 14 3 11 10 12 6
263 255 8 9 4 1 7 13 0 5 8 2 14 3 11 10 12 6
265 256 9 9 4 1 7 13 5 0 8 2 14 3 11 10 12 6
266 257 9 9 4 1 7 13 5 11 8 2 14 3 0 10 12 6
267 258 9 9 4 1 7 13 5 11 8 2 14 3 10 0 12 6
265 256 9 9 4 1 7 13 3 5 8 2 14 0 11 10 12 6
266 258 8 9 4 1 7 13 3 5 8 2 14 6 11 10 12 0
270 261 9 9 4 1 7 13 3 5 8 0 14 6 11 10 12 2
271 262 9 9 4 1 0 13 3 5 8 7 14 6 11 10 12 2
272 263 9 9 4 0 1 13 3 5 8 7 14 6 11 10 12 2
270 261 9 0 4 1 7 13 3 5 8 2 14 6 11 10 12 9
272 263 9 6 4 1 7 13 3 5 8 2 14 0 11 10 12 9
273 265 8 6 4 1 7 13 3 5 8 2 14 9 11 10 12 0
272 264 8 6 4 1 7 13 0 5 8 2 14 3 11 10 12 9
274 265 9 6 4 1 7 13 5 0 8 2 14 3 11 10 12 9
275 266 9 6 4 1 7 13 5 11 8 2 14 3 0 10 12 9
276 267 9 6 4 1 7 13 5 11 8 2 14 3 10 0 12 9
277 268 9 6 4 1 7 13 3 5 8 0 14 9 11 10 12 2
278 269 9 6 4 1 0 13 3 5 8 7 14 9 11 10 12 2
279 270 9 6 4 0 1 13 3 5 8 7 14 9 11 10 12 2
273 264 9 6 4 1 7 13 3 5 8 2 14 11 0 10 12 9
274 265 9 6 4 1 7 13 3 5 8 2 14 11 10 0 12 9
271 262 9 3 4 1 7 13 0 5 8 2 14 6 11 10 12 9
272 263 9 3 4 1 7 13 6 5 8 2 14 0 11 10 12 9
273 265 8 0 4 1 7 13 6 5 8 2 14 3 11 10 12 9
275 268 7 9 4 1 7 13 6 5 8 2 14 3 11 10 12 0
279 271 8 9 4 1 7 13 6 5 8 0 14 3 11 10 12 2
280 272 8 9 4 1 0 13 6 5 8 7 14 3 11 10 12 2
281 273 8 9 4 0 1 13 6 5 8 7 14 3 11 10 12 2
273 265 8 3 4 1 7 13 6 5 8 2 14 9 11 10 12 0
277 268 9 3 4 1 7 13 6 5 8 0 14 9 11 10 12 2
278 269 9 3 4 1 0 13 6 5 8 7 14 9 11 10 12 2
279 270 9 3 4 0 1 13 6 5 8 7 14 9 11 10 12 2
277 268 9 0 4 1 7 13 6 5 8 2 14 9 11 10 12 3
278 269 9 6 4 1 7 13 0 5 8 2 14 9 11 10 12 3
283 274 9 9 0 4 1 13 6 5 8 7 14 3 11 10 12 2
284 275 9 0 9 4 1 13 6 5 8 7 14 3 11 10 12 2
286 278 8 2 9 4 1 13 6 5 8 7 14 3 11 10 12 0
290 281 9 2 9 4 1 13 6 5 8 0 14 3 11 10 12 7
291 282 9 2 9 4 0 13 6 5 8 1 14 3 11 10 12 7
292 283 9 2 9 0 4 13 6 5 8 1 14 3 11 10 12 7
293 284 9 2 0 9 4 13 6 5 8 1 14 3 11 10 12 7
294 285 9 0 2 9 4 13 6 5 8 1 14 3 11 10 12 7
296 288 8 7 2 9 4 13 6 5 8 1 14 3 11 10 12 0
300 291 9 7 2 9 4 13 6 5 8 0 14 3 11 10 12 1
301 292 9 7 2 9 0 13 6 5 8 4 14 3 11 10 12 1
302 293 9 7 2 0 9 13 6 5 8 4 14 3 11 10 12 1
303 294 9 7 0 2 9 13 6 5 8 4 14 3 11 10 12 1
304 295 9 0 7 2 9 13 6 5 8 4 14 3 11 10 12 1
305 298 7 1 7 2 9 13 6 5 8 4 14 3 11 10 12 0
309 301 8 1 7 2 9 13 6 5 8 0 14 3 11 10 12 4
310 302 8 1 7 2 0 13 6 5 8 9 14 3 11 10 12 4
311 303 8 1 7 0 2 13 6 5 8 9 14 3 11 10 12 4
311 304 7 1 0 7 2 13 6 5 8 9 14 3 11 10 12 4
313 305 8 0 1 7 2 13 6 5 8 9 14 3 11 10 12 4
315 308 7 4 1 7 2 13 6 5 8 9 14 3 11 10 12 0
319 311 8 4 1 7 2 13 6 5 8 0 14 3 11 10 12 9
320 312 8 4 1 7 0 13 6 5 8 2 14 3 11 10 12 9
314 306 8 6 1 7 2 13 0 5 8 9 14 3 11 10 12 4
313 305 8 1 5 7 2 13 6 0 8 9 14 3 11 10 12 4
314 306 8 1 5 7 2 13 0 6 8 9 14 3 11 10 12 4
314 306 8 1 5 7 2 13 6 11 8 9 14 3 0 10 12 4
315 307 8 1 5 7 2 13 6 11 8 9 14 3 10 0 12 4
317 308 9 1 5 7 2 13 6 11 8 9 14 3 10 12 0 4
317 309 8 1 5 7 2 13 6 11 8 9 14 3 10 12 4 0
321 312 9 1 5 7 2 13 6 11 8 0 14 3 10 12 4 9
322 313 9 1 5 7 2 13 6 11 8 4 14 3 10 12 0 9
322 314 8 1 5 7 2 13 6 11 8 4 14 3 10 12 9 0
322 314 8 1 5 7 2 13 6 11 8 4 14 3 10 0 12 9
323 315 8 1 5 7 2 13 6 11 8 4 14 3 0 10 12 9
324 316 8 1 5 7 2 13 6 0 8 4 14 3 11 10 12 9
324 317 7 1 0 7 2 13 6 5 8 4 14 3 11 10 12 9
326 318 8 1 7 0 2 13 6 5 8 4 14 3 11 10 12 9
327 319 8 1 7 2 0 13 6 5 8 4 14 3 11 10 12 9
328 320 8 1 7 2 4 13 6 5 8 0 14 3 11 10 12 9
326 318 8 0 1 7 2 13 6 5 8 4 14 3 11 10 12 9
328 321 7 9 1 7 2 13 6 5 8 4 14 3 11 10 12 0
332 324 8 9 1 7 2 13 6 5 8 0 14 3 11 10 12 4
333 325 8 9 1 7 0 13 6 5 8 2 14 3 11 10 12 4
327 319 8 6 1 7 2 13 0 5 8 4 14 3 11 10 12 9
325 317 8 1 5 7 2 13 0 6 8 4 14 3 11 10 12 9
327 318 9 1 5 7 2 13 3 6 8 4 14 0 11 10 12 9
328 320 8 1 5 7 2 13 3 6 8 4 14 9 11 10 12 0
332 323 9 1 5 7 2 13 3 6 8 0 14 9 11 10 12 4
333 324 9 1 5 7 0 13 3 6 8 2 14 9 11 10 12 4
330 321 9 1 5 7 2 13 3 0 8 4 14 6 11 10 12 9
330 322 8 1 0 7 2 13 3 5 8 4 14 6 11 10 12 9
332 323 9 1 7 0 2 13 3 5 8 4 14 6 11 10 12 9
333 324 9 1 7 2 0 13 3 5 8 4 14 6 11 10 12 9
334 325 9 1 7 2 4 13 3 5 8 0 14 6 11 10 12 9
334 325 9 9 1 7 2 13 6 5 8 12 14 3 11 10 0 4
334 326 8 9 1 7 2 13 6 5 8 12 14 3 11 10 4 0
338 329 9 9 1 7 2 13 6 5 8 0 14 3 11 10 4 12
339 330 9 9 1 7 0 13 6 5 8 2 14 3 11 10 4 12
338 329 9 0 1 7 2 13 6 5 8 12 14 3 11 10 4 9
338 330 8 1 0 7 2 13 6 5 8 12 14 3 11 10 4 9
340 331 9 1 7 0 2 13 6 5 8 12 14 3 11 10 4 9
341 332 9 1 7 2 0 13 6 5 8 12 14 3 11 10 4 9
342 333 9 1 7 2 12 13 6 5 8 0 14 3 11 10 4 9
343 334 9 1 7 2 12 13 6 5 8 4 14 3 11 10 0 9
343 335 8 1 7 2 12 13 6 5 8 4 14 3 11 10 9 0
347 338 9 1 7 2 12 13 6 5 8 0 14 3 11 10 9 4
348 339 9 1 7 2 12 13 6 5 8 9 14 3 11 10 0 4
348 340 8 1 7 2 12 13 6 5 8 9 14 3 11 10 4 0
349 340 9 1 7 2 12 13 6 5 8 9 14 3 11 0 10 4
350 341 9 1 7 2 12 13 6 5 8 9 14 3 0 11 10 4
348 339 9 1 7 2 0 13 6 5 8 12 14 3 11 10 9 4
349 340 9 1 7 0 2 13 6 5 8 12 14 3 11 10 9 4
349 341 8 1 0 7 2 13 6 5 8 12 14 3 11 10 9 4
351 342 9 0 1 7 2 13 6 5 8 12 14 3 11 10 9 4
353 345 8 4 1 7 2 13 6 5 8 12 14 3 11 10 9 0
357 348 9 4 1 7 2 13 6 5 8 0 14 3 11 10 9 12
358 349 9 4 1 7 0 13 6 5 8 2 14 3 11 10 9 12
352 343 9 6 1 7 2 13 0 5 8 12 14 3 11 10 9 4
351 342 9 1 5 7 2 13 6 0 8 12 14 3 11 10 9 4
352 343 9 1 5 7 2 13 0 6 8 12 14 3 11 10 9 4
352 343 9 1 5 7 2 13 6 11 8 12 14 3 0 10 9 4
353 344 9 1 5 7 2 13 6 11 8 12 14 3 10 0 9 4
353 345 8 1 5 7 2 13 6 11 8 12 14 3 10 9 0 4
353 346 7 1 5 7 2 13 6 11 8 12 14 3 10 9 4 0
353 346 7 1 5 7 2 13 6 11 8 0 14 3 10 9 12 4
354 347 7 1 5 7 0 13 6 11 8 2 14 3 10 9 12 4
356 348 8 1 5 7 13 0 6 11 8 2 14 3 10 9 12 4
357 350 7 1 5 7 13 4 6 11 8 2 14 3 10 9 12 0
361 353 8 1 5 7 13 4 6 11 8 0 14 3 10 9 12 2
362 354 8 1 5 7 0 4 6 11 8 13 14 3 10 9 12 2
363 355 8 1 5 7 4 0 6 11 8 13 14 3 10 9 12 2
365 358 7 1 5 7 4 13 6 11 8 0 14 3 10 9 12 2
366 359 7 1 5 7 0 13 6 11 8 4 14 3 10 9 12 2
364 357 7 1 5 7 4 2 6 11 8 13 14 3 10 9 12 0
368 360 8 1 5 7 4 2 6 11 8 0 14 3 10 9 12 13
369 361 8 1 5 7 0 2 6 11 8 4 14 3 10 9 12 13
370 362 8 1 5 7 2 0 6 11 8 4 14 3 10 9 12 13
370 364 6 1 5 7 2 13 6 11 8 4 14 3 10 9 12 0
375 367 8 0 5 7 2 13 6 11 8 4 14 3 10 9 12 1
378 370 8 11 5 7 2 13 6 0 8 4 14 3 10 9 12 1
378 371 7 11 0 7 2 13 6 5 8 4 14 3 10 9 12 1
379 372 7 0 11 7 2 13 6 5 8 4 14 3 10 9 12 1
380 375 5 1 11 7 2 13 6 5 8 4 14 3 10 9 12 0
384 378 6 1 11 7 2 13 6 5 8 0 14 3 10 9 12 4
385 379 6 1 11 7 0 13 6 5 8 2 14 3 10 9 12 4
387 380 7 1 11 7 13 0 6 5 8 2 14 3 10 9 12 4
388 382 6 1 11 7 13 4 6 5 8 2 14 3 10 9 12 0
392 385 7 1 11 7 13 4 6 5 8 0 14 3 10 9 12 2
393 386 7 1 11 7 0 4 6 5 8 13 14 3 10 9 12 2
394 387 7 1 11 7 4 0 6 5 8 13 14 3 10 9 12 2
396 390 6 1 11 7 4 13 6 5 8 0 14 3 10 9 12 2
397 391 6 1 11 7 0 13 6 5 8 4 14 3 10 9 12 2
395 389 6 1 11 7 4 2 6 5 8 13 14 3 10 9 12 0
399 392 7 1 11 7 4 2 6 5 8 0 14 3 10 9 12 13
400 393 7 1 11 7 0 2 6 5 8 4 14 3 10 9 12 13
386 379 7 1 11 7 2 13 6 5 8 14 0 3 10 9 12 4
386 380 6 1 11 7 2 13 6 5 8 14 4 3 10 9 12 0
390 383 7 1 11 7 2 13 6 5 8 0 4 3 10 9 12 14
391 384 7 1 11 7 0 13 6 5 8 2 4 3 10 9 12 14
399 392 7 1 11 7 13 0 6 5 8 4 14 3 10 9 12 2
400 394 6 1 11 7 13 2 6 5 8 4 14 3 10 9 12 0
399 392 7 1 11 0 7 13 6 5 8 4 14 3 10 9 12 2
400 393 7 1 0 11 7 13 6 5 8 4 14 3 10 9 12 2
398 391 7 1 11 7 4 13 6 5 8 14 0 3 10 9 12 2
398 392 6 1 11 7 4 13 6 5 8 14 2 3 10 9 12 0
402 395 7 1 11 7 4 13 6 5 8 0 2 3 10 9 12 14
403 396 7 1 11 7 4 13 6 5 8 2 0 3 10 9 12 14
402 397 5 1 11 7 4 13 6 5 8 2 14 3 10 9 12 0
407 400 7 0 11 7 4 13 6 5 8 2 14 3 10 9 12 1
408 401 7 11 0 7 4 13 6 5 8 2 14 3 10 9 12 1
408 401 7 6 11 7 4 13 0 5 8 2 14 3 10 9 12 1
406 399 7 1 11 7 4 0 6 5 8 2 14 3 10 9 12 13
407 400 7 1 11 7 0 4 6 5 8 2 14 3 10 9 12 13
408 401 7 1 11 7 2 4 6 5 8 0 14 3 10 9 12 13
406 399 7 1 11 7 4 13 6 5 8 2 14 0 10 9 12 3
407 400 7 1 11 7 4 13 6 5 8 2 14 10 0 9 12 3
407 400 7 1 11 7 4 13 0 5 8 2 14 6 10 9 12 3
405 398 7 1 11 7 4 13 6 5 8 2 14 3 10 9 0 12
406 399 7 1 11 7 4 13 6 5 8 0 14 3 10 9 2 12
407 400 7 1 11 7 0 13 6 5 8 4 14 3 10 9 2 12
387 380 7 1 11 0 7 13 6 5 8 2 14 3 10 9 12 4
388 381 7 1 0 11 7 13 6 5 8 2 14 3 10 9 12 4
386 379 7 1 11 7 2 13 6 5 0 8 14 3 10 9 12 4
380 373 7 6 11 7 2 13 0 5 8 4 14 3 10 9 12 1
384 377 7 1 11 7 2 13 6 5 8 4 14 0 10 9 12 3
385 378 7 1 11 7 2 13 6 5 8 4 14 10 0 9 12 3
385 378 7 1 11 7 2 13 0 5 8 4 14 6 10 9 12 3
386 379 7 1 11 7 2 13 6 5 8 12 14 3 10 9 0 4
386 380 6 1 11 7 2 13 6 5 8 12 14 3 10 9 4 0
390 383 7 1 11 7 2 13 6 5 8 0 14 3 10 9 4 12
391 384 7 1 11 7 0 13 6 5 8 2 14 3 10 9 4 12
383 376 7 1 11 7 2 13 6 5 8 4 0 3 10 9 12 14
398 391 7 1 11 7 4 13 6 5 0 8 14 3 10 9 12 2
398 391 7 1 11 7 4 13 6 5 8 12 14 3 10 9 0 2
398 392 6 1 11 7 4 13 6 5 8 12 14 3 10 9 2 0
403 396 7 1 11 7 0 13 6 5 8 4 2 3 10 9 12 14
390 383 7 1 11 7 13 2 6 5 8 0 14 3 10 9 12 4
391 384 7 1 11 7 0 2 6 5 8 13 14 3 10 9 12 4
392 385 7 1 11 7 2 0 6 5 8 13 14 3 10 9 12 4
393 387 6 1 11 7 2 4 6 5 8 13 14 3 10 9 12 0
383 376 7 1 11 7 2 13 6 5 8 4 14 3 10 9 0 12
384 377 7 1 11 7 2 0 6 5 8 4 14 3 10 9 12 13
388 380 8 1 11 7 2 3 6 5 8 4 14 0 10 9 12 13
389 382 7 1 11 7 2 3 6 5 8 4 14 13 10 9 12 0
393 385 8 1 11 7 2 3 6 5 8 0 14 13 10 9 12 4
394 386 8 1 11 7 0 3 6 5 8 2 14 13 10 9 12 4
395 387 8 1 11 7 3 0 6 5 8 2 14 13 10 9 12 4
397 390 7 1 11 7 3 13 6 5 8 2 14 0 10 9 12 4
398 392 6 1 11 7 3 13 6 5 8 2 14 4 10 9 12 0
402 395 7 1 11 7 3 13 6 5 8 0 14 4 10 9 12 2
403 396 7 1 11 7 0 13 6 5 8 3 14 4 10 9 12 2
398 391 7 1 11 7 3 13 6 5 8 2 14 10 0 9 12 4
398 391 7 1 11 7 3 13 0 5 8 2 14 6 10 9 12 4
396 389 7 1 11 7 3 4 6 5 8 2 14 13 10 9 12 0
400 392 8 1 11 7 3 4 6 5 8 0 14 13 10 9 12 2
401 393 8 1 11 7 0 4 6 5 8 3 14 13 10 9 12 2
402 394 8 1 11 7 4 0 6 5 8 3 14 13 10 9 12 2
404 397 7 1 11 7 4 13 6 5 8 3 14 0 10 9 12 2
405 399 6 1 11 7 4 13 6 5 8 3 14 2 10 9 12 0
409 402 7 1 11 7 4 13 6 5 8 0 14 2 10 9 12 3
410 403 7 1 11 7 0 13 6 5 8 4 14 2 10 9 12 3
405 398 7 1 11 7 4 13 6 5 8 3 14 10 0 9 12 2
405 398 7 1 11 7 4 13 0 5 8 3 14 6 10 9 12 2
403 396 7 1 11 7 4 2 6 5 8 3 14 13 10 9 12 0
407 399 8 1 11 7 4 2 6 5 8 0 14 13 10 9 12 3
408 400 8 1 11 7 0 2 6 5 8 4 14 13 10 9 12 3
406 398 8 1 11 7 4 2 6 5 8 3 14 0 10 9 12 13
407 399 8 1 11 7 4 2 6 5 8 3 14 10 0 9 12 13
407 399 8 1 11 7 4 2 0 5 8 3 14 6 10 9 12 13
411 403 8 1 11 7 4 13 6 5 0 8 14 2 10 9 12 3
376 368 8 6 5 7 2 13 0 11 8 4 14 3 10 9 12 1
377 369 8 6 5 7 2 13 11 0 8 4 14 3 10 9 12 1
377 370 7 6 0 7 2 13 11 5 8 4 14 3 10 9 12 1
378 371 7 0 6 7 2 13 11 5 8 4 14 3 10 9 12 1
379 374 5 1 6 7 2 13 11 5 8 4 14 3 10 9 12 0
383 377 6 1 6 7 2 13 11 5 8 0 14 3 10 9 12 4
384 378 6 1 6 7 0 13 11 5 8 2 14 3 10 9 12 4
386 379 7 1 6 7 13 0 11 5 8 2 14 3 10 9 12 4
387 381 6 1 6 7 13 4 11 5 8 2 14 3 10 9 12 0
391 384 7 1 6 7 13 4 11 5 8 0 14 3 10 9 12 2
392 385 7 1 6 7 0 4 11 5 8 13 14 3 10 9 12 2
393 386 7 1 6 7 4 0 11 5 8 13 14 3 10 9 12 2
395 389 6 1 6 7 4 13 11 5 8 0 14 3 10 9 12 2
396 390 6 1 6 7 0 13 11 5 8 4 14 3 10 9 12 2
394 388 6 1 6 7 4 2 11 5 8 13 14 3 10 9 12 0
398 391 7 1 6 7 4 2 11 5 8 0 14 3 10 9 12 13
399 392 7 1 6 7 0 2 11 5 8 4 14 3 10 9 12 13
398 391 7 1 6 7 13 0 11 5 8 4 14 3 10 9 12 2
399 393 6 1 6 7 13 2 11 5 8 4 14 3 10 9 12 0
398 391 7 1 6 0 7 13 11 5 8 4 14 3 10 9 12 2
399 392 7 1 0 6 7 13 11 5 8 4 14 3 10 9 12 2
397 390 7 1 6 7 4 13 11 5 8 14 0 3 10 9 12 2
397 391 6 1 6 7 4 13 11 5 8 14 2 3 10 9 12 0
401 394 7 1 6 7 4 13 11 5 8 0 2 3 10 9 12 14
402 395 7 1 6 7 4 13 11 5 8 2 0 3 10 9 12 14
401 396 5 1 6 7 4 13 11 5 8 2 14 3 10 9 12 0
406 399 7 0 6 7 4 13 11 5 8 2 14 3 10 9 12 1
407 400 7 6 0 7 4 13 11 5 8 2 14 3 10 9 12 1
407 400 7 11 6 7 4 13 0 5 8 2 14 3 10 9 12 1
405 398 7 1 6 7 4 0 11 5 8 2 14 3 10 9 12 13
406 399 7 1 6 7 0 4 11 5 8 2 14 3 10 9 12 13
407 400 7 1 6 7 2 4 11 5 8 0 14 3 10 9 12 13
405 398 7 1 6 7 4 13 11 5 8 2 14 0 10 9 12 3
406 399 7 1 6 7 4 13 11 5 8 2 14 10 0 9 12 3
406 399 7 1 6 7 4 13 0 5 8 2 14 11 10 9 12 3
404 397 7 1 6 7 4 13 11 5 8 2 14 3 10 9 0 12
405 398 7 1 6 7 4 13 11 5 8 0 14 3 10 9 2 12
406 399 7 1 6 7 0 13 11 5 8 4 14 3 10 9 2 12
385 378 7 1 6 7 2 13 11 5 0 8 14 3 10 9 12 4
402 395 7 1 6 7 0 13 11 5 8 4 2 3 10 9 12 14
389 382 7 1 6 7 13 2 11 5 8 0 14 3 10 9 12 4
390 383 7 1 6 7 0 2 11 5 8 13 14 3 10 9 12 4
391 384 7 1 6 7 2 0 11 5 8 13 14 3 10 9 12 4
392 386 6 1 6 7 2 4 11 5 8 13 14 3 10 9 12 0
383 376 7 1 6 7 2 0 11 5 8 4 14 3 10 9 12 13
397 390 7 1 6 7 4 13 11 5 0 8 14 3 10 9 12 2
397 390 7 1 6 7 4 13 11 5 8 12 14 3 10 9 0 2
397 391 6 1 6 7 4 13 11 5 8 12 14 3 10 9 2 0
385 378 7 1 6 7 2 13 11 5 8 12 14 3 10 9 0 4
385 379 6 1 6 7 2 13 11 5 8 12 14 3 10 9 4 0
389 382 7 1 6 7 2 13 11 5 8 0 14 3 10 9 4 12
390 383 7 1 6 7 0 13 11 5 8 2 14 3 10 9 4 12
382 375 7 1 6 7 2 13 11 5 8 4 14 3 10 9 0 12
379 372 7 11 6 7 2 13 0 5 8 4 14 3 10 9 12 1
386 379 7 1 6 0 7 13 11 5 8 2 14 3 10 9 12 4
387 380 7 1 0 6 7 13 11 5 8 2 14 3 10 9 12 4
385 378 7 1 6 7 2 13 11 5 8 14 0 3 10 9 12 4
385 379 6 1 6 7 2 13 11 5 8 14 4 3 10 9 12 0
389 382 7 1 6 7 2 13 11 5 8 0 4 3 10 9 12 14
390 383 7 1 6 7 0 13 11 5 8 2 4 3 10 9 12 14
383 376 7 1 6 7 2 13 11 5 8 4 14 0 10 9 12 3
384 377 7 1 6 7 2 13 11 5 8 4 14 10 0 9 12 3
384 377 7 1 6 7 2 13 0 5 8 4 14 11 10 9 12 3
382 375 7 1 6 7 2 13 11 5 8 4 0 3 10 9 12 14
384 376 8 1 6 7 2 0 11 5 8 4 13 3 10 9 12 14
385 378 7 1 6 7 2 14 11 5 8 4 13 3 10 9 12 0
389 381 8 1 6 7 2 14 11 5 8 0 13 3 10 9 12 4
390 382 8 1 6 7 0 14 11 5 8 2 13 3 10 9 12 4
391 383 8 1 6 7 14 0 11 5 8 2 13 3 10 9 12 4
392 385 7 1 6 7 14 4 11 5 8 2 13 3 10 9 12 0
391 384 7 1 6 7 14 13 11 5 8 2 0 3 10 9 12 4
391 385 6 1 6 7 14 13 11 5 8 2 4 3 10 9 12 0
395 388 7 1 6 7 14 13 11 5 8 0 4 3 10 9 12 2
396 389 7 1 6 7 14 13 11 5 8 4 0 3 10 9 12 2
396 390 6 1 6 7 14 13 11 5 8 4 2 3 10 9 12 0
396 389 7 1 6 7 0 13 11 5 8 14 4 3 10 9 12 2
392 385 7 1 6 7 14 13 11 5 8 0 2 3 10 9 12 4
393 386 7 1 6 7 0 13 11 5 8 14 2 3 10 9 12 4
395 387 8 1 6 7 13 0 11 5 8 14 2 3 10 9 12 4
396 389 7 1 6 7 13 4 11 5 8 14 2 3 10 9 12 0
400 392 8 1 6 7 13 4 11 5 8 0 2 3 10 9 12 14
401 393 8 1 6 7 0 4 11 5 8 13 2 3 10 9 12 14
402 394 8 1 6 7 4 0 11 5 8 13 2 3 10 9 12 14
403 396 7 1 6 7 4 14 11 5 8 13 2 3 10 9 12 0
407 399 8 1 6 7 4 14 11 5 8 0 2 3 10 9 12 13
408 400 8 1 6 7 0 14 11 5 8 4 2 3 10 9 12 13
401 393 8 1 11 7 4 2 6 5 8 12 14 3 10 9 0 13
401 394 7 1 11 7 4 2 6 5 8 12 14 3 10 9 13 0
405 397 8 1 11 7 4 2 6 5 8 0 14 3 10 9 13 12
406 398 8 1 11 7 0 2 6 5 8 4 14 3 10 9 13 12
407 399 8 1 11 7 2 0 6 5 8 4 14 3 10 9 13 12
408 401 7 1 11 7 2 12 6 5 8 4 14 3 10 9 13 0
412 404 8 1 11 7 2 12 6 5 8 0 14 3 10 9 13 4
413 405 8 1 11 7 2 12 6 5 8 13 14 3 10 9 0 4
413 406 7 1 11 7 2 12 6 5 8 13 14 3 10 9 4 0
417 409 8 1 11 7 2 12 6 5 8 0 14 3 10 9 4 13
418 410 8 1 11 7 0 12 6 5 8 2 14 3 10 9 4 13
419 411 8 1 11 7 12 0 6 5 8 2 14 3 10 9 4 13
419 413 6 1 11 7 12 13 6 5 8 2 14 3 10 9 4 0
423 416 7 1 11 7 12 13 6 5 8 0 14 3 10 9 4 2
424 417 7 1 11 7 12 13 6 5 8 4 14 3 10 9 0 2
424 418 6 1 11 7 12 13 6 5 8 4 14 3 10 9 2 0
428 421 7 1 11 7 12 13 6 5 8 0 14 3 10 9 2 4
429 422 7 1 11 7 0 13 6 5 8 12 14 3 10 9 2 4
424 417 7 1 11 7 0 13 6 5 8 12 14 3 10 9 4 2
421 414 7 1 11 7 12 13 6 5 8 2 14 3 10 9 0 4
423 415 8 1 11 7 12 13 6 5 8 2 14 3 10 0 9 4
424 416 8 1 11 7 12 13 6 5 8 2 14 3 0 10 9 4
430 422 8 1 11 7 12 13 6 5 0 8 14 3 10 9 2 4
393 385 8 1 11 0 7 13 6 5 8 2 4 3 10 9 12 14
394 386 8 1 0 11 7 13 6 5 8 2 4 3 10 9 12 14
392 384 8 1 11 7 2 13 6 5 8 12 4 3 10 9 0 14
392 385 7 1 11 7 2 13 6 5 8 12 4 3 10 9 14 0
396 388 8 1 11 7 2 13 6 5 8 0 4 3 10 9 14 12
397 389 8 1 11 7 2 13 6 5 8 4 0 3 10 9 14 12
397 390 7 1 11 7 2 13 6 5 8 4 12 3 10 9 14 0
401 393 8 1 11 7 2 13 6 5 8 0 12 3 10 9 14 4
402 394 8 1 11 7 2 13 6 5 8 14 12 3 10 9 0 4
402 395 7 1 11 7 2 13 6 5 8 14 12 3 10 9 4 0
406 398 8 1 11 7 2 13 6 5 8 0 12 3 10 9 4 14
407 399 8 1 11 7 0 13 6 5 8 2 12 3 10 9 4 14
400 392 8 1 11 7 4 0 6 5 8 14 13 3 10 9 12 2
401 394 7 1 11 7 4 2 6 5 8 14 13 3 10 9 12 0
405 397 8 1 11 7 4 2 6 5 8 0 13 3 10 9 12 14
406 398 8 1 11 7 0 2 6 5 8 4 13 3 10 9 12 14
403 395 8 0 11 7 4 13 6 5 8 14 2 3 10 9 12 1
404 396 8 11 0 7 4 13 6 5 8 14 2 3 10 9 12 1
405 397 8 1 11 7 4 0 6 5 8 2 13 3 10 9 12 14
406 399 7 1 11 7 4 14 6 5 8 2 13 3 10 9 12 0
409 401 8 0 11 7 4 13 6 5 8 2 14 1 10 9 12 3
411 404 7 3 11 7 4 13 6 5 8 2 14 1 10 9 12 0
415 407 8 3 11 7 4 13 6 5 8 0 14 1 10 9 12 2
416 408 8 3 11 7 0 13 6 5 8 4 14 1 10 9 12 2
410 402 8 11 5 7 4 13 6 0 8 2 14 3 10 9 12 1
411 403 8 11 5 7 4 13 0 6 8 2 14 3 10 9 12 1
411 403 8 5 11 7 4 13 6 0 8 2 14 3 10 9 12 1
412 404 8 5 11 7 4 13 0 6 8 2 14 3 10 9 12 1
410 402 8 6 11 7 4 13 3 5 8 2 14 0 10 9 12 1
411 404 7 6 11 7 4 13 3 5 8 2 14 1 10 9 12 0
415 407 8 6 11 7 4 13 3 5 8 0 14 1 10 9 12 2
416 408 8 6 11 7 0 13 3 5 8 4 14 1 10 9 12 2
410 402 8 1 11 7 2 4 6 5 0 8 14 3 10 9 12 13
410 402 8 1 11 7 4 0 6 5 8 2 14 13 10 9 12 3
411 404 7 1 11 7 4 3 6 5 8 2 14 13 10 9 12 0
409 401 8 1 11 7 4 13 5 0 8 2 14 6 10 9 12 3
410 402 8 1 11 7 4 13 5 10 8 2 14 6 0 9 12 3
410 403 7 1 11 7 4 13 5 10 8 2 14 0 6 9 12 3
410 405 5 1 11 7 4 13 5 10 8 2 14 3 6 9 12 0
414 408 6 1 11 7 4 13 5 10 8 0 14 3 6 9 12 2
415 409 6 1 11 7 0 13 5 10 8 4 14 3 6 9 12 2
417 410 7 1 11 7 13 0 5 10 8 4 14 3 6 9 12 2
418 412 6 1 11 7 13 2 5 10 8 4 14 3 6 9 12 0
422 415 7 1 11 7 13 2 5 10 8 0 14 3 6 9 12 4
423 416 7 1 11 7 0 2 5 10 8 13 14 3 6 9 12 4
424 417 7 1 11 7 2 0 5 10 8 13 14 3 6 9 12 4
426 420 6 1 11 7 2 13 5 10 8 0 14 3 6 9 12 4
427 421 6 1 11 7 0 13 5 10 8 2 14 3 6 9 12 4
425 419 6 1 11 7 2 4 5 10 8 13 14 3 6 9 12 0
429 422 7 1 11 7 2 4 5 10 8 0 14 3 6 9 12 13
430 423 7 1 11 7 0 4 5 10 8 2 14 3 6 9 12 13
417 410 7 1 11 0 7 13 5 10 8 4 14 3 6 9 12 2
418 411 7 1 0 11 7 13 5 10 8 4 14 3 6 9 12 2
419 412 7 1 10 11 7 13 5 0 8 4 14 3 6 9 12 2
419 413 6 1 10 11 7 13 0 5 8 4 14 3 6 9 12 2
421 414 7 1 10 11 7 13 3 5 8 4 14 0 6 9 12 2
422 416 6 1 10 11 7 13 3 5 8 4 14 2 6 9 12 0
426 419 7 1 10 11 7 13 3 5 8 0 14 2 6 9 12 4
427 420 7 1 10 11 0 13 3 5 8 7 14 2 6 9 12 4
428 421 7 1 10 0 11 13 3 5 8 7 14 2 6 9 12 4
429 422 7 1 0 10 11 13 3 5 8 7 14 2 6 9 12 4
429 422 7 1 11 7 13 0 5 10 8 2 14 3 6 9 12 4
430 424 6 1 11 7 13 4 5 10 8 2 14 3 6 9 12 0
429 422 7 1 11 0 7 13 5 10 8 2 14 3 6 9 12 4
430 423 7 1 0 11 7 13 5 10 8 2 14 3 6 9 12 4
431 424 7 1 10 11 7 13 5 0 8 2 14 3 6 9 12 4
431 425 6 1 10 11 7 13 0 5 8 2 14 3 6 9 12 4
433 426 7 1 10 11 7 13 3 5 8 2 14 0 6 9 12 4
434 428 6 1 10 11 7 13 3 5 8 2 14 4 6 9 12 0
438 431 7 1 10 11 7 13 3 5 8 0 14 4 6 9 12 2
439 432 7 1 10 11 0 13 3 5 8 7 14 4 6 9 12 2
440 433 7 1 10 0 11 13 3 5 8 7 14 4 6 9 12 2
441 434 7 1 0 10 11 13 3 5 8 7 14 4 6 9 12 2
411 404 7 1 11 7 4 13 0 10 8 2 14 5 6 9 12 3
412 405 7 1 11 7 4 13 10 0 8 2 14 5 6 9 12 3
413 406 7 1 0 7 4 13 10 11 8 2 14 5 6 9 12 3
413 406 7 1 11 7 4 13 5 10 8 2 14 3 6 9 0 12
414 407 7 1 11 7 4 13 5 10 8 0 14 3 6 9 2 12
415 408 7 1 11 7 0 13 5 10 8 4 14 3 6 9 2 12
415 408 7 0 11 7 4 13 5 10 8 2 14 3 6 9 12 1
418 411 7 10 11 7 4 13 5 0 8 2 14 3 6 9 12 1
418 412 6 10 11 7 4 13 0 5 8 2 14 3 6 9 12 1
420 413 7 10 11 7 4 13 3 5 8 2 14 0 6 9 12 1
421 415 6 10 11 7 4 13 3 5 8 2 14 1 6 9 12 0
425 418 7 10 11 7 4 13 3 5 8 0 14 1 6 9 12 2
426 419 7 10 11 7 0 13 3 5 8 4 14 1 6 9 12 2
425 418 7 0 11 7 4 13 3 5 8 2 14 1 6 9 12 10
426 420 6 1 11 7 4 13 3 5 8 2 14 0 6 9 12 10
427 422 5 1 11 7 4 13 3 5 8 2 14 10 6 9 12 0
426 421 5 1 11 7 4 13 0 5 8 2 14 3 6 9 12 10
428 422 6 1 11 7 4 13 5 0 8 2 14 3 6 9 12 10
429 423 6 1 0 7 4 13 5 11 8 2 14 3 6 9 12 10
431 425 6 1 11 7 4 13 3 5 8 0 14 10 6 9 12 2
432 426 6 1 11 7 0 13 3 5 8 4 14 10 6 9 12 2
434 427 7 1 11 7 13 0 3 5 8 4 14 10 6 9 12 2
435 429 6 1 11 7 13 2 3 5 8 4 14 10 6 9 12 0
439 432 7 1 11 7 13 2 3 5 8 0 14 10 6 9 12 4
440 433 7 1 11 7 0 2 3 5 8 13 14 10 6 9 12 4
441 434 7 1 11 7 2 0 3 5 8 13 14 10 6 9 12 4
443 437 6 1 11 7 2 13 3 5 8 0 14 10 6 9 12 4
444 438 6 1 11 7 0 13 3 5 8 2 14 10 6 9 12 4
442 436 6 1 11 7 2 4 3 5 8 13 14 10 6 9 12 0
446 439 7 1 11 7 2 4 3 5 8 0 14 10 6 9 12 13
447 440 7 1 11 7 0 4 3 5 8 2 14 10 6 9 12 13
445 438 7 1 11 7 2 4 3 5 8 13 14 0 6 9 12 10
445 439 6 1 11 7 2 4 0 5 8 13 14 3 6 9 12 10
447 440 7 1 11 7 2 4 5 0 8 13 14 3 6 9 12 10
448 441 7 1 0 7 2 4 5 11 8 13 14 3 6 9 12 10
448 441 7 1 11 7 2 0 3 5 8 13 14 4 6 9 12 10
450 444 6 1 11 7 2 13 3 5 8 0 14 4 6 9 12 10
451 445 6 1 11 7 0 13 3 5 8 2 14 4 6 9 12 10
449 443 6 1 11 7 2 10 3 5 8 13 14 4 6 9 12 0
453 446 7 1 11 7 2 10 3 5 8 0 14 4 6 9 12 13
454 447 7 1 11 7 0 10 3 5 8 2 14 4 6 9 12 13
454 448 6 1 11 7 10 0 3 5 8 2 14 4 6 9 12 13
454 450 4 1 11 7 10 13 3 5 8 2 14 4 6 9 12 0
458 453 5 1 11 7 10 13 3 5 8 0 14 4 6 9 12 2
457 452 5 1 11 7 10 13 3 5 8 2 14 0 6 9 12 4
457 453 4 1 11 7 10 13 0 5 8 2 14 3 6 9 12 4
459 454 5 1 11 7 10 13 5 0 8 2 14 3 6 9 12 4
460 455 5 1 0 7 10 13 5 11 8 2 14 3 6 9 12 4
462 456 6 1 7 0 10 13 5 11 8 2 14 3 6 9 12 4
457 451 6 1 11 7 10 13 3 5 8 2 0 4 6 9 12 14
458 452 6 1 11 7 10 13 3 5 8 0 2 4 6 9 12 14
462 456 6 0 1 7 10 13 5 11 8 2 14 3 6 9 12 4
464 459 5 4 1 7 10 13 5 11 8 2 14 3 6 9 12 0
468 462 6 4 1 7 10 13 5 11 8 0 14 3 6 9 12 2
465 459 6 11 1 7 10 13 5 0 8 2 14 3 6 9 12 4
465 460 5 11 1 7 10 13 0 5 8 2 14 3 6 9 12 4
467 461 6 11 1 7 10 13 3 5 8 2 14 0 6 9 12 4
468 463 5 11 1 7 10 13 3 5 8 2 14 4 6 9 12 0
472 466 6 11 1 7 10 13 3 5 8 0 14 4 6 9 12 2
472 466 6 0 1 7 10 13 3 5 8 2 14 4 6 9 12 11
472 467 5 1 0 7 10 13 3 5 8 2 14 4 6 9 12 11
474 468 6 1 7 0 10 13 3 5 8 2 14 4 6 9 12 11
474 468 6 1 5 7 10 13 3 0 8 2 14 4 6 9 12 11
475 469 6 1 5 7 10 13 0 3 8 2 14 4 6 9 12 11
476 470 6 1 5 7 10 13 4 3 8 2 14 0 6 9 12 11
478 473 5 1 5 7 10 13 4 0 8 2 14 3 6 9 12 11
478 474 4 1 0 7 10 13 4 5 8 2 14 3 6 9 12 11
480 475 5 1 7 0 10 13 4 5 8 2 14 3 6 9 12 11
480 475 5 0 1 7 10 13 4 5 8 2 14 3 6 9 12 11
482 478 4 11 1 7 10 13 4 5 8 2 14 3 6 9 12 0
486 481 5 11 1 7 10 13 4 5 8 0 14 3 6 9 12 2
481 476 5 4 1 7 10 13 0 5 8 2 14 3 6 9 12 11
479 474 5 1 5 7 10 13 0 4 8 2 14 3 6 9 12 11
477 472 5 1 5 7 10 13 4 3 8 2 14 11 6 9 12 0
481 475 6 1 5 7 10 13 4 3 8 0 14 11 6 9 12 2
481 475 6 1 5 7 10 13 3 4 8 2 14 0 6 9 12 11
482 477 5 1 5 7 10 13 3 4 8 2 14 11 6 9 12 0
486 480 6 1 5 7 10 13 3 4 8 0 14 11 6 9 12 2
483 477 6 4 1 7 10 13 5 0 8 2 14 3 6 9 12 11
484 478 6 4 0 7 10 13 5 1 8 2 14 3 6 9 12 11
484 479 5 0 4 7 10 13 5 1 8 2 14 3 6 9 12 11
486 482 4 1 4 7 10 13 5 0 8 2 14 3 6 9 12 11
486 483 3 1 4 7 10 13 0 5 8 2 14 3 6 9 12 11
488 484 4 1 4 7 10 13 3 5 8 2 14 0 6 9 12 11
489 486 3 1 4 7 10 13 3 5 8 2 14 11 6 9 12 0
493 489 4 1 4 7 10 13 3 5 8 0 14 11 6 9 12 2
486 482 4 11 4 7 10 13 5 1 8 2 14 3 6 9 12 0
490 485 5 11 4 7 10 13 5 1 8 0 14 3 6 9 12 2
495 490 5 1 4 7 10 13 3 5 8 14 0 11 6 9 12 2
495 491 4 1 4 7 10 13 3 5 8 14 2 11 6 9 12 0
499 494 5 1 4 7 10 13 3 5 8 0 2 11 6 9 12 14
498 493 5 1 4 7 10 13 3 5 8 14 2 0 6 9 12 11
498 494 4 1 4 7 10 13 0 5 8 14 2 3 6 9 12 11
500 495 5 1 4 7 10 13 5 0 8 14 2 3 6 9 12 11
495 490 5 1 4 7 10 13 3 5 0 8 14 11 6 9 12 2
495 490 5 1 4 7 10 13 3 5 8 12 14 11 6 9 0 2
495 491 4 1 4 7 10 13 3 5 8 12 14 11 6 9 2 0
499 494 5 1 4 7 10 13 3 5 8 0 14 11 6 9 2 12
498 493 5 1 4 7 10 13 3 5 8 12 14 0 6 9 2 11
498 494 4 1 4 7 10 13 0 5 8 12 14 3 6 9 2 11
500 495 5 1 4 7 10 13 5 0 8 12 14 3 6 9 2 11
495 490 5 1 4 7 0 13 3 5 8 10 14 11 6 9 12 2
488 483 5 1 4 7 10 13 5 6 8 2 14 3 0 9 12 11
485 480 5 5 4 7 10 13 0 1 8 2 14 3 6 9 12 11
486 481 5 5 4 7 10 13 1 0 8 2 14 3 6 9 12 11
488 483 5 1 4 7 10 13 5 8 0 2 14 3 6 9 12 11
489 484 5 1 4 7 10 13 5 8 2 0 14 3 6 9 12 11
492 487 5 1 4 7 10 0 3 5 8 2 14 13 6 9 12 11
493 489 4 1 4 7 10 11 3 5 8 2 14 13 6 9 12 0
497 492 5 1 4 7 10 11 3 5 8 0 14 13 6 9 12 2
496 491 5 1 4 7 10 11 3 5 8 2 14 0 6 9 12 13
496 492 4 1 4 7 10 11 0 5 8 2 14 3 6 9 12 13
498 493 5 1 4 7 10 11 5 0 8 2 14 3 6 9 12 13
495 490 5 1 4 7 10 2 3 5 8 0 14 13 6 9 12 11
494 489 5 0 4 7 10 13 3 5 8 2 14 11 6 9 12 1
496 491 5 11 4 7 10 13 3 5 8 2 14 0 6 9 12 1
497 493 4 11 4 7 10 13 3 5 8 2 14 1 6 9 12 0
496 492 4 11 4 7 10 13 0 5 8 2 14 3 6 9 12 1
498 493 5 11 4 7 10 13 5 0 8 2 14 3 6 9 12 1
501 496 5 11 4 7 10 13 3 5 8 0 14 1 6 9 12 2
495 490 5 3 4 7 10 13 0 5 8 2 14 11 6 9 12 1
496 491 5 3 4 7 10 13 11 5 8 2 14 0 6 9 12 1
497 493 4 0 4 7 10 13 11 5 8 2 14 3 6 9 12 1
498 496 2 1 4 7 10 13 11 5 8 2 14 3 6 9 12 0
502 499 3 1 4 7 10 13 11 5 8 0 14 3 6 9 12 2
504 500 4 1 4 7 10 13 11 5 8 14 0 3 6 9 12 2
504 501 3 1 4 7 10 13 11 5 8 14 2 3 6 9 12 0
508 504 4 1 4 7 10 13 11 5 8 0 2 3 6 9 12 14
504 500 4 1 4 7 10 13 11 5 0 8 14 3 6 9 12 2
504 500 4 1 4 7 10 13 11 5 8 12 14 3 6 9 0 2
504 501 3 1 4 7 10 13 11 5 8 12 14 3 6 9 2 0
508 504 4 1 4 7 10 13 11 5 8 0 14 3 6 9 2 12
504 500 4 1 4 7 0 13 11 5 8 10 14 3 6 9 12 2
502 498 4 1 4 7 10 0 11 5 8 2 14 3 6 9 12 13
505 501 4 1 4 7 10 2 11 5 8 0 14 3 6 9 12 13
502 498 4 1 4 7 10 13 11 5 8 2 14 0 6 9 12 3
503 499 4 1 4 7 10 13 0 5 8 2 14 11 6 9 12 3
501 497 4 1 4 7 10 13 11 5 8 2 14 3 6 9 0 12
501 497 4 1 4 7 10 13 11 5 8 2 0 3 6 9 12 14
497 493 4 3 4 7 10 13 11 5 8 2 14 1 6 9 12 0
501 496 5 3 4 7 10 13 11 5 8 0 14 1 6 9 12 2
503 498 5 1 4 7 10 0 11 5 8 2 13 3 6 9 12 14
504 500 4 1 4 7 10 14 11 5 8 2 13 3 6 9 12 0
508 503 5 1 4 7 10 14 11 5 8 0 13 3 6 9 12 2
509 504 5 1 4 7 10 14 11 5 8 13 0 3 6 9 12 2
509 505 4 1 4 7 10 14 11 5 8 13 2 3 6 9 12 0
509 505 4 1 4 7 10 0 11 5 8 13 14 3 6 9 12 2
510 507 3 1 4 7 10 2 11 5 8 13 14 3 6 9 12 0
515 510 5 0 4 7 10 2 11 5 8 13 14 3 6 9 12 1
517 512 5 2 4 7 10 0 11 5 8 13 14 3 6 9 12 1
519 515 4 2 4 7 10 13 11 5 8 0 14 3 6 9 12 1
518 514 4 2 4 7 10 1 11 5 8 13 14 3 6 9 12 0
522 517 5 2 4 7 10 1 11 5 8 0 14 3 6 9 12 13
521 516 5 2 4 7 10 13 11 5 8 14 0 3 6 9 12 1
521 517 4 2 4 7 10 13 11 5 8 14 1 3 6 9 12 0
525 520 5 2 4 7 10 13 11 5 8 0 1 3 6 9 12 14
526 521 5 2 4 7 10 13 11 5 8 1 0 3 6 9 12 14
525 522 3 2 4 7 10 13 11 5 8 1 14 3 6 9 12 0
529 525 4 0 4 7 10 13 11 5 8 1 14 3 6 9 12 2
530 526 4 11 4 7 10 13 0 5 8 1 14 3 6 9 12 2
532 527 5 11 4 7 10 13 5 0 8 1 14 3 6 9 12 2
507 502 5 1 4 7 10 2 11 5 8 14 0 3 6 9 12 13
507 503 4 1 4 7 10 2 11 5 8 14 13 3 6 9 12 0
532 527 5 11 4 7 10 13 3 5 8 1 14 0 6 9 12 2
533 529 4 11 4 7 10 13 3 5 8 1 14 2 6 9 12 0
537 532 5 11 4 7 10 13 3 5 8 0 14 2 6 9 12 1
537 532 5 0 4 7 10 13 3 5 8 1 14 2 6 9 12 11
539 534 5 2 4 7 10 13 3 5 8 1 14 0 6 9 12 11
540 536 4 2 4 7 10 13 3 5 8 1 14 11 6 9 12 0
539 535 4 2 4 7 10 13 0 5 8 1 14 3 6 9 12 11
541 536 5 2 4 7 10 13 5 0 8 1 14 3 6 9 12 11
544 539 5 2 4 7 10 13 3 5 8 0 14 11 6 9 12 1
538 533 5 3 4 7 10 13 0 5 8 1 14 2 6 9 12 11
538 534 4 3 4 7 10 13 2 5 8 1 14 0 6 9 12 11
539 536 3 0 4 7 10 13 2 5 8 1 14 3 6 9 12 11
541 539 2 11 4 7 10 13 2 5 8 1 14 3 6 9 12 0
545 542 3 11 4 7 10 13 2 5 8 0 14 3 6 9 12 1
539 536 3 3 4 7 10 13 2 5 8 1 14 11 6 9 12 0
543 539 4 3 4 7 10 13 2 5 8 0 14 11 6 9 12 1
543 539 4 0 4 7 10 13 2 5 8 1 14 11 6 9 12 3
541 537 4 4 0 7 10 13 2 5 8 1 14 3 6 9 12 11
547 543 4 11 4 7 10 13 2 5 8 14 0 3 6 9 12 1
547 544 3 11 4 7 10 13 2 5 8 14 1 3 6 9 12 0
551 547 4 11 4 7 10 13 2 5 8 0 1 3 6 9 12 14
551 547 4 0 4 7 10 13 2 5 8 14 1 3 6 9 12 11
547 543 4 11 4 7 10 13 2 5 0 8 14 3 6 9 12 1
547 543 4 11 4 7 10 13 2 5 8 12 14 3 6 9 0 1
547 544 3 11 4 7 10 13 2 5 8 12 14 3 6 9 1 0
551 547 4 11 4 7 10 13 2 5 8 0 14 3 6 9 1 12
551 547 4 0 4 7 10 13 2 5 8 12 14 3 6 9 1 11
547 543 4 11 4 7 0 13 2 5 8 10 14 3 6 9 12 1
545 541 4 11 4 7 10 0 2 5 8 1 14 3 6 9 12 13
548 544 4 11 4 7 10 1 2 5 8 0 14 3 6 9 12 13
547 543 4 0 4 7 10 11 2 5 8 1 14 3 6 9 12 13
549 546 3 13 4 7 10 11 2 5 8 1 14 3 6 9 12 0
553 549 4 13 4 7 10 11 2 5 8 0 14 3 6 9 12 1
545 541 4 11 4 7 10 13 2 5 8 1 14 0 6 9 12 3
542 538 4 13 4 7 10 0 2 5 8 1 14 3 6 9 12 11
545 541 4 13 4 7 10 1 2 5 8 0 14 3 6 9 12 11
544 540 4 11 4 7 10 13 2 5 8 1 0 3 6 9 12 14
544 540 4 11 4 7 10 13 2 5 8 1 14 3 6 9 0 12
543 539 4 5 4 7 10 13 2 0 8 1 14 3 6 9 12 11
545 540 5 5 4 7 10 13 2 8 0 1 14 3 6 9 12 11
546 541 5 5 4 7 10 13 2 8 1 0 14 3 6 9 12 11
545 540 5 5 4 7 10 13 0 2 8 1 14 3 6 9 12 11
545 540 5 5 4 7 10 13 2 6 8 1 14 3 0 9 12 11
493 488 5 1 4 7 10 0 3 5 8 2 14 11 6 9 12 13
496 491 5 1 4 7 10 2 3 5 8 0 14 11 6 9 12 13
507 502 5 1 4 7 10 2 11 5 8 12 14 3 6 9 0 13
507 503 4 1 4 7 10 2 11 5 8 12 14 3 6 9 13 0
511 506 5 1 4 7 10 2 11 5 8 0 14 3 6 9 13 12
510 505 5 1 4 7 10 0 11 5 8 12 14 3 6 9 13 2
513 508 5 1 4 7 10 12 11 5 8 0 14 3 6 9 13 2
514 509 5 1 4 7 10 12 11 5 8 13 14 3 6 9 0 2
514 510 4 1 4 7 10 12 11 5 8 13 14 3 6 9 2 0
518 513 5 1 4 7 10 12 11 5 8 0 14 3 6 9 2 13
519 514 5 1 4 7 10 12 11 5 8 2 14 3 6 9 0 13
519 515 4 1 4 7 10 12 11 5 8 2 14 3 6 9 13 0
522 517 5 1 4 7 10 0 11 5 8 2 14 3 6 9 13 12
517 512 5 1 4 7 10 0 11 5 8 13 14 3 6 9 2 12
507 502 5 1 4 7 0 2 11 5 8 10 14 3 6 9 12 13
508 503 5 1 4 7 2 0 11 5 8 10 14 3 6 9 12 13
508 505 3 1 4 7 2 13 11 5 8 10 14 3 6 9 12 0
512 508 4 1 4 7 2 13 11 5 8 0 14 3 6 9 12 10
513 509 4 1 4 7 0 13 11 5 8 2 14 3 6 9 12 10
515 510 5 1 4 7 13 0 11 5 8 2 14 3 6 9 12 10
516 512 4 1 4 7 13 10 11 5 8 2 14 3 6 9 12 0
520 515 5 1 4 7 13 10 11 5 8 0 14 3 6 9 12 2
518 513 5 1 4 7 13 2 11 5 8 0 14 3 6 9 12 10
519 514 5 1 4 7 0 2 11 5 8 13 14 3 6 9 12 10
520 515 5 1 4 7 2 0 11 5 8 13 14 3 6 9 12 10
521 517 4 1 4 7 2 10 11 5 8 13 14 3 6 9 12 0
515 510 5 1 4 0 7 13 11 5 8 2 14 3 6 9 12 10
513 508 5 1 4 7 10 14 11 5 8 0 2 3 6 9 12 13
512 507 5 1 4 7 10 2 11 5 8 13 14 3 6 9 0 12
513 508 5 1 4 7 10 2 11 5 8 13 0 3 6 9 12 14
510 505 5 1 4 7 10 13 11 5 0 8 2 3 6 9 12 14
503 498 5 1 4 7 10 13 11 5 8 2 14 3 6 0 9 12
514 509 5 1 4 7 10 2 11 5 8 13 14 0 6 9 12 3
517 512 5 1 4 7 10 0 11 5 8 13 14 2 6 9 12 3
519 515 4 1 4 7 10 13 11 5 8 0 14 2 6 9 12 3
518 514 4 1 4 7 10 3 11 5 8 13 14 2 6 9 12 0
522 517 5 1 4 7 10 3 11 5 8 0 14 2 6 9 12 13
521 516 5 1 4 7 10 13 11 5 8 14 0 2 6 9 12 3
521 517 4 1 4 7 10 13 11 5 8 14 3 2 6 9 12 0
525 520 5 1 4 7 10 13 11 5 8 0 3 2 6 9 12 14
526 521 5 1 4 7 10 13 11 5 8 3 0 2 6 9 12 14
525 522 3 1 4 7 10 13 11 5 8 3 14 2 6 9 12 0
528 524 4 1 4 7 10 13 11 5 8 3 14 0 6 9 12 2
529 525 4 1 4 7 10 13 0 5 8 3 14 11 6 9 12 2
531 526 5 1 4 7 10 13 5 0 8 3 14 11 6 9 12 2
521 516 5 1 4 7 10 13 11 5 0 8 14 2 6 9 12 3
532 527 5 1 4 7 10 13 11 0 8 3 14 5 6 9 12 2
533 528 5 1 4 7 10 13 0 11 8 3 14 5 6 9 12 2
534 529 5 1 4 7 10 13 5 11 8 3 14 0 6 9 12 2
535 531 4 1 4 7 10 13 5 11 8 3 14 2 6 9 12 0
539 534 5 1 4 7 10 13 5 11 8 0 14 2 6 9 12 3
532 527 5 1 4 7 10 0 11 5 8 3 14 13 6 9 12 2
533 529 4 1 4 7 10 2 11 5 8 3 14 13 6 9 12 0
537 532 5 1 4 7 10 2 11 5 8 0 14 13 6 9 12 3
536 531 5 1 4 7 10 2 11 5 8 3 14 0 6 9 12 13
537 532 5 1 4 7 10 2 0 5 8 3 14 11 6 9 12 13
535 530 5 1 4 7 10 3 11 5 8 0 14 13 6 9 12 2
528 523 5 2 4 7 10 13 11 5 8 1 14 3 6 9 0 12
529 524 5 2 4 7 10 13 11 5 8 0 14 3 6 9 1 12
508 503 5 1 4 7 10 13 11 5 8 12 14 0 6 9 2 3
509 504 5 1 4 7 10 13 0 5 8 12 14 11 6 9 2 3
507 502 5 1 4 7 10 2 11 5 0 8 14 3 6 9 12 13
505 500 5 0 4 7 10 1 11 5 8 2 14 3 6 9 12 13
507 503 4 13 4 7 10 1 11 5 8 2 14 3 6 9 12 0
511 506 5 13 4 7 10 1 11 5 8 0 14 3 6 9 12 2
506 501 5 11 4 7 10 1 0 5 8 2 14 3 6 9 12 13
542 537 5 3 4 7 10 0 2 5 8 1 14 13 6 9 12 11
543 539 4 3 4 7 10 11 2 5 8 1 14 13 6 9 12 0
547 542 5 3 4 7 10 11 2 5 8 0 14 13 6 9 12 1
547 542 5 0 4 7 10 11 2 5 8 1 14 13 6 9 12 3
542 537 5 3 4 7 10 13 2 5 8 1 14 11 6 9 0 12
543 538 5 3 4 7 10 13 2 5 8 0 14 11 6 9 1 12
545 540 5 3 4 7 0 13 2 5 8 10 14 11 6 9 12 1
545 540 5 3 4 7 10 13 2 5 8 14 0 11 6 9 12 1
545 541 4 3 4 7 10 13 2 5 8 14 1 11 6 9 12 0
549 544 5 3 4 7 10 13 2 5 8 0 1 11 6 9 12 14
549 544 5 0 4 7 10 13 2 5 8 14 1 11 6 9 12 3
545 540 5 4 0 7 10 13 2 5 8 1 14 11 6 9 12 3
545 540 5 2 4 7 10 13 0 5 8 1 14 11 6 9 12 3
543 538 5 4 7 0 10 13 2 5 8 1 14 3 6 9 12 11
546 541 5 13 4 7 10 0 2 5 8 1 14 11 6 9 12 3
547 543 4 13 4 7 10 3 2 5 8 1 14 11 6 9 12 0
551 546 5 13 4 7 10 3 2 5 8 0 14 11 6 9 12 1
551 546 5 0 4 7 10 3 2 5 8 1 14 11 6 9 12 13
554 549 5 13 4 7 10 0 2 5 8 14 1 3 6 9 12 11
555 551 4 13 4 7 10 11 2 5 8 14 1 3 6 9 12 0
559 554 5 13 4 7 10 11 2 5 8 0 1 3 6 9 12 14
559 554 5 0 4 7 10 11 2 5 8 14 1 3 6 9 12 13
553 548 5 2 4 7 10 13 0 5 8 14 1 3 6 9 12 11
504 499 5 1 4 7 10 13 11 5 8 2 14 6 0 9 12 3
555 550 5 13 4 7 10 11 2 5 8 12 14 3 6 9 0 1
555 551 4 13 4 7 10 11 2 5 8 12 14 3 6 9 1 0
559 554 5 13 4 7 10 11 2 5 8 0 14 3 6 9 1 12
559 554 5 0 4 7 10 11 2 5 8 12 14 3 6 9 1 13
549 544 5 11 4 0 7 13 2 5 8 10 14 3 6 9 12 1
551 546 5 11 4 7 10 13 2 5 8 12 14 0 6 9 1 3
553 548 5 0 4 7 10 13 2 5 8 12 14 11 6 9 1 3
555 551 4 3 4 7 10 13 2 5 8 12 14 11 6 9 1 0
551 546 5 11 4 7 10 0 2 5 8 12 14 3 6 9 1 13
554 549 5 11 4 7 10 12 2 5 8 0 14 3 6 9 1 13
555 550 5 11 4 7 10 12 2 5 8 1 14 3 6 9 0 13
555 551 4 11 4 7 10 12 2 5 8 1 14 3 6 9 13 0
559 554 5 11 4 7 10 12 2 5 8 0 14 3 6 9 13 1
560 555 5 11 4 7 10 12 2 5 8 13 14 3 6 9 0 1
560 556 4 11 4 7 10 12 2 5 8 13 14 3 6 9 1 0
564 559 5 0 4 7 10 12 2 5 8 13 14 3 6 9 1 11
566 561 5 12 4 7 10 0 2 5 8 13 14 3 6 9 1 11
568 564 4 12 4 7 10 13 2 5 8 0 14 3 6 9 1 11
569 565 4 12 4 7 10 13 2 5 8 1 14 3 6 9 0 11
569 566 3 12 4 7 10 13 2 5 8 1 14 3 6 9 11 0
573 569 4 12 4 7 10 13 2 5 8 0 14 3 6 9 11 1
573 570 3 12 4 7 10 13 2 5 8 11 14 3 6 9 0 1
573 571 2 12 4 7 10 13 2 5 8 11 14 3 6 9 1 0
577 574 3 0 4 7 10 13 2 5 8 11 14 3 6 9 1 12
581 577 4 5 4 7 10 13 2 0 8 11 14 3 6 9 1 12
580 576 4 3 4 7 10 13 2 5 8 11 14 0 6 9 1 12
581 578 3 3 4 7 10 13 2 5 8 11 14 12 6 9 1 0
585 581 4 0 4 7 10 13 2 5 8 11 14 12 6 9 1 3
583 579 4 3 4 7 10 13 2 5 8 11 14 12 6 9 0 1
580 576 4 13 4 7 10 0 2 5 8 11 14 3 6 9 1 12
581 578 3 13 4 7 10 12 2 5 8 11 14 3 6 9 1 0
585 581 4 0 4 7 10 12 2 5 8 11 14 3 6 9 1 13
583 579 4 13 4 7 10 12 2 5 8 11 14 3 6 9 0 1
579 575 4 4 0 7 10 13 2 5 8 11 14 3 6 9 1 12
579 575 4 2 4 7 10 13 0 5 8 11 14 3 6 9 1 12
577 573 4 12 4 7 10 0 2 5 8 11 14 3 6 9 1 13
577 573 4 12 4 7 10 13 2 5 8 11 14 0 6 9 1 3
575 571 4 12 4 7 10 13 2 5 8 11 14 3 6 0 9 1
567 563 4 12 4 7 10 11 2 5 8 13 14 3 6 9 1 0
573 569 4 0 4 7 10 13 2 5 8 1 14 3 6 9 11 12
576 572 4 12 4 7 10 13 2 5 8 11 0 3 6 9 1 14
578 573 5 12 4 7 10 13 2 5 8 0 11 3 6 9 1 14
579 574 5 12 4 7 10 13 2 5 8 1 11 3 6 9 0 14
579 575 4 12 4 7 10 13 2 5 8 1 11 3 6 9 14 0
583 578 5 12 4 7 10 13 2 5 8 0 11 3 6 9 14 1
583 579 4 12 4 7 10 13 2 5 8 11 0 3 6 9 14 1
583 580 3 12 4 7 10 13 2 5 8 11 1 3 6 9 14 0
587 583 4 0 4 7 10 13 2 5 8 11 1 3 6 9 14 12
585 581 4 12 4 7 10 13 2 5 8 11 1 3 6 9 0 14
587 582 5 12 4 7 10 13 2 5 8 11 1 3 6 0 9 14
587 582 5 12 4 7 10 13 2 5 8 0 1 3 6 9 11 14
549 544 5 11 4 7 10 13 2 5 9 8 14 3 6 0 12 1
551 546 5 5 4 7 10 11 2 0 8 1 14 3 6 9 12 13
550 545 5 11 4 7 10 13 2 5 8 12 0 3 6 9 1 14
551 546 5 11 4 7 10 13 2 5 8 0 12 3 6 9 1 14
552 547 5 11 4 7 10 13 2 5 8 1 12 3 6 9 0 14
552 548 4 11 4 7 10 13 2 5 8 1 12 3 6 9 14 0
556 551 5 11 4 7 10 13 2 5 8 0 12 3 6 9 14 1
557 552 5 11 4 7 10 13 2 5 8 12 0 3 6 9 14 1
557 553 4 11 4 7 10 13 2 5 8 12 1 3 6 9 14 0
561 556 5 11 4 7 10 13 2 5 8 0 1 3 6 9 14 12
561 556 5 0 4 7 10 13 2 5 8 12 1 3 6 9 14 11
549 544 5 11 4 7 10 13 2 0 8 1 14 5 6 9 12 3
547 542 5 11 4 7 10 13 0 5 8 1 14 2 6 9 12 3
532 527 5 13 4 7 10 0 11 5 8 1 14 3 6 9 12 2
533 529 4 13 4 7 10 2 11 5 8 1 14 3 6 9 12 0
537 532 5 13 4 7 10 2 11 5 8 0 14 3 6 9 12 1
537 532 5 0 4 7 10 2 11 5 8 1 14 3 6 9 12 13
538 533 5 11 4 7 10 2 0 5 8 1 14 3 6 9 12 13
547 542 5 13 4 7 10 1 2 5 0 8 14 3 6 9 12 11
488 483 5 1 0 7 10 13 5 4 8 2 14 3 6 9 12 11
547 542 5 13 4 7 10 1 2 5 8 12 14 3 6 9 0 11
547 543 4 13 4 7 10 1 2 5 8 12 14 3 6 9 11 0
551 546 5 13 4 7 10 1 2 5 8 0 14 3 6 9 11 12
551 547 4 13 4 7 10 1 2 5 8 11 14 3 6 9 0 12
550 548 2 13 4 7 10 1 2 5 8 11 14 3 6 9 12 0
554 551 3 0 4 7 10 1 2 5 8 11 14 3 6 9 12 13
555 553 2 1 4 7 10 0 2 5 8 11 14 3 6 9 12 13
555 555 0 1 4 7 10 13 2 5 8 11 14 3 6 9 12 0
