0 0 0 11 9 10 14 1 3 8 5 6 2 7 13 0 4 12
15 1 14 11 9 10 14 1 3 8 5 6 2 7 0 13 4 12
16 2 14 11 9 10 14 1 3 8 5 6 2 0 7 13 4 12
17 4 13 0 9 10 14 1 3 8 5 6 2 11 7 13 4 12
19 7 12 12 9 10 14 1 3 8 5 6 2 11 7 13 4 0
18 6 12 1 9 10 14 0 3 8 5 6 2 11 7 13 4 12
19 8 11 1 9 10 14 12 3 8 5 6 2 11 7 13 4 0
23 11 12 1 9 10 14 12 3 8 5 0 2 11 7 13 4 6
24 12 12 1 9 10 14 12 3 8 5 2 0 11 7 13 4 6
24 13 11 1 9 10 14 12 3 8 5 2 6 11 7 13 4 0
28 16 12 1 9 10 14 12 3 8 5 0 6 11 7 13 4 2
29 17 12 1 9 10 14 12 3 8 0 5 6 11 7 13 4 2
29 18 11 1 9 10 14 12 3 0 8 5 6 11 7 13 4 2
29 19 10 1 9 10 14 12 3 7 8 5 6 11 0 13 4 2
31 20 11 1 9 10 14 12 3 7 8 5 6 11 13 0 4 2
32 21 11 1 9 10 14 12 3 7 8 5 6 11 13 4 0 2
32 22 10 1 9 10 14 12 3 7 8 5 6 11 13 4 2 0
36 25 11 1 9 10 14 12 3 7 8 0 6 11 13 4 2 5
37 26 11 1 9 10 14 12 3 7 8 6 0 11 13 4 2 5
37 27 10 1 9 10 14 12 3 7 8 6 5 11 13 4 2 0
41 30 11 1 9 10 14 12 3 7 8 0 5 11 13 4 2 6
42 31 11 1 9 10 14 12 3 7 8 2 5 11 13 4 0 6
42 32 10 1 9 10 14 12 3 7 8 2 5 11 13 4 6 0
46 35 11 1 9 10 14 12 3 7 8 0 5 11 13 4 6 2
47 36 11 1 9 10 14 12 3 7 8 5 0 11 13 4 6 2
47 37 10 1 9 10 14 12 3 7 8 5 2 11 13 4 6 0
51 40 11 1 9 10 14 12 3 7 8 0 2 11 13 4 6 5
52 41 11 1 9 10 14 12 3 7 8 6 2 11 13 4 0 5
52 42 10 1 9 10 14 12 3 7 8 6 2 11 13 4 5 0
56 45 11 1 9 10 14 12 3 7 8 0 2 11 13 4 5 6
57 46 11 1 9 10 14 12 3 7 8 2 0 11 13 4 5 6
57 47 10 1 9 10 14 12 3 7 8 2 6 11 13 4 5 0
60 49 11 1 9 10 14 0 3 7 8 2 6 11 13 4 5 12
63 52 11 1 9 10 14 2 3 7 8 0 6 11 13 4 5 12
64 53 11 1 9 10 14 2 3 7 8 6 0 11 13 4 5 12
64 54 10 1 9 10 14 2 3 7 8 6 12 11 13 4 5 0
68 57 11 1 9 10 14 2 3 7 8 0 12 11 13 4 5 6
69 58 11 1 9 10 14 2 3 7 8 12 0 11 13 4 5 6
69 59 10 1 9 10 14 2 3 7 8 12 6 11 13 4 5 0
72 61 11 1 9 10 14 0 3 7 8 12 6 11 13 4 5 2
73 62 11 1 9 10 0 14 3 7 8 12 6 11 13 4 5 2
74 63 11 1 9 0 10 14 3 7 8 12 6 11 13 4 5 2
75 64 11 1 0 9 10 14 3 7 8 12 6 11 13 4 5 2
49 38 11 1 9 10 14 12 3 7 8 5 2 11 13 4 0 6
50 39 11 1 9 10 14 12 3 7 8 5 2 11 13 0 4 6
50 40 10 1 9 10 14 12 3 7 8 5 2 11 0 13 4 6
52 41 11 1 9 10 14 12 3 7 8 5 2 0 11 13 4 6
53 43 10 1 9 10 14 12 3 7 8 5 2 6 11 13 4 0
57 46 11 1 9 10 14 12 3 7 8 0 2 6 11 13 4 5
58 47 11 1 9 10 14 12 3 7 8 2 0 6 11 13 4 5
58 48 10 1 9 10 14 12 3 7 8 2 5 6 11 13 4 0
62 51 11 1 9 10 14 12 3 7 8 0 5 6 11 13 4 2
63 52 11 1 9 10 14 12 3 7 8 4 5 6 11 13 0 2
63 53 10 1 9 10 14 12 3 7 8 4 5 6 11 13 2 0
67 56 11 1 9 10 14 12 3 7 8 0 5 6 11 13 2 4
68 57 11 1 9 10 14 12 3 7 8 5 0 6 11 13 2 4
68 58 10 1 9 10 14 12 3 7 8 5 4 6 11 13 2 0
72 61 11 1 9 10 14 12 3 7 8 0 4 6 11 13 2 5
73 62 11 1 9 10 14 12 3 7 8 2 4 6 11 13 0 5
73 63 10 1 9 10 14 12 3 7 8 2 4 6 11 13 5 0
77 66 11 1 9 10 14 12 3 7 8 0 4 6 11 13 5 2
78 67 11 1 9 10 14 12 3 7 8 4 0 6 11 13 5 2
78 68 10 1 9 10 14 12 3 7 8 4 2 6 11 13 5 0
82 71 11 1 9 10 14 12 3 7 8 0 2 6 11 13 5 4
83 72 11 1 9 10 0 12 3 7 8 14 2 6 11 13 5 4
84 73 11 1 9 10 12 0 3 7 8 14 2 6 11 13 5 4
85 75 10 1 9 10 12 4 3 7 8 14 2 6 11 13 5 0
89 78 11 1 9 10 12 4 3 7 8 0 2 6 11 13 5 14
90 79 11 1 9 10 12 4 3 7 8 2 0 6 11 13 5 14
90 80 10 1 9 10 12 4 3 7 8 2 14 6 11 13 5 0
94 83 11 1 9 10 12 4 3 7 8 0 14 6 11 13 5 2
95 84 11 1 9 10 12 4 3 7 8 5 14 6 11 13 0 2
95 85 10 1 9 10 12 4 3 7 8 5 14 6 11 13 2 0
99 88 11 1 9 10 12 4 3 7 8 0 14 6 11 13 2 5
100 89 11 1 9 10 12 4 3 7 8 14 0 6 11 13 2 5
100 90 10 1 9 10 12 4 3 7 8 14 5 6 11 13 2 0
104 93 11 1 9 10 12 4 3 7 8 0 5 6 11 13 2 14
105 94 11 1 9 10 12 4 3 7 8 2 5 6 11 13 0 14
104 95 9 1 9 10 12 4 3 7 8 2 5 6 11 13 14 0
108 98 10 1 9 10 12 4 3 7 8 0 5 6 11 13 14 2
109 99 10 1 9 10 12 4 3 7 8 5 0 6 11 13 14 2
109 100 9 1 9 10 12 4 3 7 8 5 2 6 11 13 14 0
113 103 10 1 9 10 12 4 3 7 8 0 2 6 11 13 14 5
114 104 10 1 9 10 0 4 3 7 8 12 2 6 11 13 14 5
114 105 9 1 9 10 4 0 3 7 8 12 2 6 11 13 14 5
114 107 7 1 9 10 4 5 3 7 8 12 2 6 11 13 14 0
118 110 8 1 9 10 4 5 3 7 8 0 2 6 11 13 14 12
119 111 8 1 9 10 4 5 3 7 8 2 0 6 11 13 14 12
119 112 7 1 9 10 4 5 3 7 8 2 12 6 11 13 14 0
123 115 8 1 9 10 4 5 3 7 8 0 12 6 11 13 14 2
122 114 8 1 9 10 4 5 3 7 8 2 12 0 11 13 14 6
122 115 7 1 9 10 4 5 3 7 8 2 12 11 0 13 14 6
124 116 8 1 9 10 4 5 3 7 8 2 12 11 13 0 14 6
124 116 8 1 9 10 4 5 3 0 8 2 12 11 7 13 14 6
125 117 8 1 9 10 4 5 0 3 8 2 12 11 7 13 14 6
125 117 8 1 0 10 4 5 3 9 8 2 12 11 7 13 14 6
126 118 8 1 10 0 4 5 3 9 8 2 12 11 7 13 14 6
123 115 8 1 9 10 4 5 0 7 8 2 12 3 11 13 14 6
117 109 8 1 9 10 4 5 3 7 8 12 2 0 11 13 14 6
117 110 7 1 9 10 4 5 3 7 8 12 2 11 0 13 14 6
119 111 8 1 9 10 4 5 3 7 8 12 2 11 13 0 14 6
119 111 8 1 9 10 4 5 3 0 8 12 2 11 7 13 14 6
120 112 8 1 9 10 4 5 0 3 8 12 2 11 7 13 14 6
120 112 8 1 0 10 4 5 3 9 8 12 2 11 7 13 14 6
121 113 8 1 10 0 4 5 3 9 8 12 2 11 7 13 14 6
118 110 8 1 9 10 4 5 0 7 8 12 2 3 11 13 14 6
116 108 8 1 9 10 4 5 3 7 8 12 0 6 11 13 14 2
118 109 9 1 9 10 4 0 3 7 8 12 5 6 11 13 14 2
119 111 8 1 9 10 4 2 3 7 8 12 5 6 11 13 14 0
123 114 9 1 9 10 4 2 3 7 8 0 5 6 11 13 14 12
124 115 9 1 9 10 4 2 3 7 8 5 0 6 11 13 14 12
124 116 8 1 9 10 4 2 3 7 8 5 12 6 11 13 14 0
128 119 9 1 9 10 4 2 3 7 8 0 12 6 11 13 14 5
127 118 9 1 9 10 4 0 3 7 8 5 12 6 11 13 14 2
130 121 9 1 9 10 4 6 3 7 8 5 12 0 11 13 14 2
131 123 8 1 9 10 4 6 3 7 8 5 12 2 11 13 14 0
130 122 8 1 9 10 4 6 3 7 8 5 12 11 0 13 14 2
132 123 9 1 9 10 4 6 3 7 8 5 12 11 13 0 14 2
132 123 9 1 9 10 4 6 3 0 8 5 12 11 7 13 14 2
133 124 9 1 9 10 4 6 0 3 8 5 12 11 7 13 14 2
133 124 9 1 0 10 4 6 3 9 8 5 12 11 7 13 14 2
134 125 9 1 10 0 4 6 3 9 8 5 12 11 7 13 14 2
135 126 9 1 9 10 4 6 3 7 8 0 12 2 11 13 14 5
136 127 9 1 9 10 4 6 3 7 8 12 0 2 11 13 14 5
136 128 8 1 9 10 4 6 3 7 8 12 5 2 11 13 14 0
140 131 9 1 9 10 4 6 3 7 8 0 5 2 11 13 14 12
139 130 9 1 9 10 4 0 3 7 8 12 5 2 11 13 14 6
139 131 8 1 9 10 4 5 3 7 8 12 0 2 11 13 14 6
139 132 7 1 9 10 4 5 3 7 8 12 6 2 11 13 14 0
143 135 8 1 9 10 4 5 3 7 8 0 6 2 11 13 14 12
144 136 8 1 9 10 4 5 3 7 8 6 0 2 11 13 14 12
144 137 7 1 9 10 4 5 3 7 8 6 12 2 11 13 14 0
147 139 8 1 9 10 4 5 3 7 8 6 12 0 11 13 14 2
147 140 7 1 9 10 4 5 3 7 8 6 12 11 0 13 14 2
149 141 8 1 9 10 4 5 3 7 8 6 12 11 13 0 14 2
149 141 8 1 9 10 4 5 3 0 8 6 12 11 7 13 14 2
150 142 8 1 9 10 4 5 0 3 8 6 12 11 7 13 14 2
150 142 8 1 0 10 4 5 3 9 8 6 12 11 7 13 14 2
151 143 8 1 10 0 4 5 3 9 8 6 12 11 7 13 14 2
148 140 8 1 9 10 4 5 0 7 8 6 12 3 11 13 14 2
142 134 8 1 9 10 4 5 3 7 8 12 6 0 11 13 14 2
142 135 7 1 9 10 4 5 3 7 8 12 6 11 0 13 14 2
144 136 8 1 9 10 4 5 3 7 8 12 6 11 13 0 14 2
144 136 8 1 9 10 4 5 3 0 8 12 6 11 7 13 14 2
145 137 8 1 9 10 4 5 0 3 8 12 6 11 7 13 14 2
145 137 8 1 0 10 4 5 3 9 8 12 6 11 7 13 14 2
146 138 8 1 10 0 4 5 3 9 8 12 6 11 7 13 14 2
143 135 8 1 9 10 4 5 0 7 8 12 6 3 11 13 14 2
140 132 8 1 9 10 4 5 3 7 8 0 12 2 11 13 14 6
142 133 9 1 9 10 4 5 3 7 0 8 12 2 11 13 14 6
143 134 9 1 9 0 4 5 3 7 10 8 12 2 11 13 14 6
144 135 9 1 0 9 4 5 3 7 10 8 12 2 11 13 14 6
145 136 9 1 9 10 4 5 3 7 0 8 6 2 11 13 14 12
146 137 9 1 9 0 4 5 3 7 10 8 6 2 11 13 14 12
147 138 9 1 0 9 4 5 3 7 10 8 6 2 11 13 14 12
142 133 9 1 9 10 4 5 3 7 8 14 12 2 11 13 0 6
142 134 8 1 9 10 4 5 3 7 8 14 12 2 11 13 6 0
146 137 9 1 9 10 4 5 3 7 8 0 12 2 11 13 6 14
147 138 9 1 9 10 4 5 3 7 8 12 0 2 11 13 6 14
147 139 8 1 9 10 4 5 3 7 8 12 14 2 11 13 6 0
151 142 9 1 9 10 4 5 3 7 8 0 14 2 11 13 6 12
152 143 9 1 9 10 4 5 3 7 8 6 14 2 11 13 0 12
152 144 8 1 9 10 4 5 3 7 8 6 14 2 11 13 12 0
156 147 9 1 9 10 4 5 3 7 8 0 14 2 11 13 12 6
157 148 9 1 9 10 4 5 3 7 8 14 0 2 11 13 12 6
157 149 8 1 9 10 4 5 3 7 8 14 6 2 11 13 12 0
161 152 9 1 9 10 4 5 3 7 8 0 6 2 11 13 12 14
160 151 9 1 9 10 4 5 3 7 8 14 6 0 11 13 12 2
160 152 8 1 9 10 4 5 3 7 8 14 6 11 0 13 12 2
162 153 9 1 9 10 4 5 3 7 8 14 6 11 13 0 12 2
163 154 9 1 9 10 4 5 3 7 8 14 6 11 13 12 0 2
163 155 8 1 9 10 4 5 3 7 8 14 6 11 13 12 2 0
163 155 8 1 9 10 4 5 3 7 8 0 6 11 13 12 14 2
164 156 8 1 9 10 4 5 3 7 8 6 0 11 13 12 14 2
164 157 7 1 9 10 4 5 3 7 8 6 2 11 13 12 14 0
168 160 8 1 9 10 4 5 3 7 8 0 2 11 13 12 14 6
169 161 8 1 9 10 4 5 3 7 8 2 0 11 13 12 14 6
169 162 7 1 9 10 4 5 3 7 8 2 6 11 13 12 14 0
174 165 9 0 9 10 4 5 3 7 8 2 6 11 13 12 14 1
175 166 9 9 0 10 4 5 3 7 8 2 6 11 13 12 14 1
176 167 9 9 10 0 4 5 3 7 8 2 6 11 13 12 14 1
175 166 9 3 9 10 4 5 0 7 8 2 6 11 13 12 14 1
145 136 9 1 9 10 4 5 7 0 8 12 6 3 11 13 14 2
146 137 9 1 9 10 4 5 7 11 8 12 6 3 0 13 14 2
147 138 9 1 9 10 4 5 7 11 8 12 6 0 3 13 14 2
149 141 8 1 9 10 4 5 7 0 8 12 6 11 3 13 14 2
149 142 7 1 9 10 4 5 0 7 8 12 6 11 3 13 14 2
151 143 8 1 9 10 4 5 11 7 8 12 6 0 3 13 14 2
152 145 7 1 9 10 4 5 11 7 8 12 6 2 3 13 14 0
156 148 8 1 9 10 4 5 11 7 8 0 6 2 3 13 14 12
157 149 8 1 9 10 4 5 11 7 8 6 0 2 3 13 14 12
157 150 7 1 9 10 4 5 11 7 8 6 12 2 3 13 14 0
161 153 8 1 9 10 4 5 11 7 8 0 12 2 3 13 14 6
160 152 8 1 9 10 4 5 11 7 8 6 12 0 3 13 14 2
160 153 7 1 9 10 4 5 0 7 8 6 12 11 3 13 14 2
162 154 8 1 9 10 4 5 7 0 8 6 12 11 3 13 14 2
163 155 8 1 9 10 4 5 7 3 8 6 12 11 0 13 14 2
163 155 8 1 0 10 4 5 7 9 8 6 12 11 3 13 14 2
164 156 8 1 10 0 4 5 7 9 8 6 12 11 3 13 14 2
161 153 8 1 9 10 4 5 11 7 8 6 12 3 0 13 14 2
154 146 8 1 9 10 4 5 11 7 8 12 0 2 3 13 14 6
152 144 8 1 9 10 4 5 11 7 8 12 6 3 0 13 14 2
148 140 8 1 9 10 4 5 7 11 8 12 6 2 3 13 14 0
150 142 8 1 0 10 4 5 7 9 8 12 6 11 3 13 14 2
151 143 8 1 10 0 4 5 7 9 8 12 6 11 3 13 14 2
150 142 8 1 9 10 4 5 7 3 8 12 6 11 0 13 14 2
152 143 9 1 9 10 4 5 7 3 8 12 6 11 13 0 14 2
151 142 9 1 9 10 4 5 7 8 0 12 6 11 3 13 14 2
152 143 9 1 9 10 4 5 7 8 12 0 6 11 3 13 14 2
153 144 9 1 9 10 4 5 7 8 12 6 0 11 3 13 14 2
153 145 8 1 9 10 4 5 7 8 12 6 2 11 3 13 14 0
157 148 9 1 9 10 4 5 7 8 12 0 2 11 3 13 14 6
158 149 9 1 9 10 4 5 7 8 12 2 0 11 3 13 14 6
158 150 8 1 9 10 4 5 7 8 12 2 6 11 3 13 14 0
126 117 9 1 9 10 4 5 3 0 8 2 12 7 11 13 14 6
127 118 9 1 9 10 4 5 0 3 8 2 12 7 11 13 14 6
128 119 9 1 9 10 4 5 7 3 8 2 12 0 11 13 14 6
129 121 8 1 9 10 4 5 7 3 8 2 12 6 11 13 14 0
128 120 8 1 9 10 4 5 7 3 8 2 12 11 0 13 14 6
129 121 8 1 9 10 4 5 7 0 8 2 12 11 3 13 14 6
129 122 7 1 9 10 4 5 0 7 8 2 12 11 3 13 14 6
131 123 8 1 9 10 4 5 11 7 8 2 12 0 3 13 14 6
132 125 7 1 9 10 4 5 11 7 8 2 12 6 3 13 14 0
136 128 8 1 9 10 4 5 11 7 8 0 12 6 3 13 14 2
137 129 8 1 9 10 4 5 11 7 8 12 0 6 3 13 14 2
137 130 7 1 9 10 4 5 11 7 8 12 2 6 3 13 14 0
141 133 8 1 9 10 4 5 11 7 8 0 2 6 3 13 14 12
140 132 8 1 9 10 4 5 11 7 8 12 2 0 3 13 14 6
140 133 7 1 9 10 4 5 0 7 8 12 2 11 3 13 14 6
142 134 8 1 9 10 4 5 7 0 8 12 2 11 3 13 14 6
143 135 8 1 9 10 4 5 7 3 8 12 2 11 0 13 14 6
143 135 8 1 0 10 4 5 7 9 8 12 2 11 3 13 14 6
144 136 8 1 10 0 4 5 7 9 8 12 2 11 3 13 14 6
141 133 8 1 9 10 4 5 11 7 8 12 2 3 0 13 14 6
134 126 8 1 9 10 4 5 11 7 8 2 0 6 3 13 14 12
132 124 8 1 9 10 4 5 11 7 8 2 12 3 0 13 14 6
130 122 8 1 0 10 4 5 7 9 8 2 12 11 3 13 14 6
131 123 8 1 10 0 4 5 7 9 8 2 12 11 3 13 14 6
133 124 9 1 10 4 0 5 7 9 8 2 12 11 3 13 14 6
134 125 9 1 10 4 2 5 7 9 8 0 12 11 3 13 14 6
135 126 9 1 10 4 2 5 7 9 8 12 0 11 3 13 14 6
135 127 8 1 10 4 2 5 7 9 8 12 6 11 3 13 14 0
139 130 9 1 10 4 2 5 7 9 8 0 6 11 3 13 14 12
140 131 9 1 10 4 2 5 7 9 8 6 0 11 3 13 14 12
140 132 8 1 10 4 2 5 7 9 8 6 12 11 3 13 14 0
117 108 9 1 9 10 4 6 3 7 8 12 2 0 11 13 14 5
118 110 8 1 9 10 4 6 3 7 8 12 2 5 11 13 14 0
117 109 8 1 9 10 4 6 3 7 8 12 2 11 0 13 14 5
119 110 9 1 9 10 4 6 3 7 8 12 2 11 13 0 14 5
125 116 9 1 9 10 4 0 3 7 8 5 2 6 11 13 14 12
126 118 8 1 9 10 4 12 3 7 8 5 2 6 11 13 14 0
129 120 9 1 9 10 4 12 3 7 8 5 2 0 11 13 14 6
129 121 8 1 9 10 4 12 3 7 8 5 2 11 0 13 14 6
131 122 9 1 9 10 4 12 3 7 8 5 2 11 13 0 14 6
131 122 9 1 9 10 4 12 3 0 8 5 2 11 7 13 14 6
132 123 9 1 9 10 4 12 0 3 8 5 2 11 7 13 14 6
132 123 9 1 0 10 4 12 3 9 8 5 2 11 7 13 14 6
133 124 9 1 10 0 4 12 3 9 8 5 2 11 7 13 14 6
132 123 9 1 9 10 4 0 3 7 8 5 2 12 11 13 14 6
134 126 8 1 9 10 4 5 3 7 8 0 2 12 11 13 14 6
135 127 8 1 9 10 4 5 3 7 8 2 0 12 11 13 14 6
135 128 7 1 9 10 4 5 3 7 8 2 6 12 11 13 14 0
139 131 8 1 9 10 4 5 3 7 8 0 6 12 11 13 14 2
140 132 8 1 9 10 4 5 3 7 8 6 0 12 11 13 14 2
140 133 7 1 9 10 4 5 3 7 8 6 2 12 11 13 14 0
143 135 8 1 9 10 4 5 3 7 8 6 2 0 11 13 14 12
143 136 7 1 9 10 4 5 3 7 8 6 2 11 0 13 14 12
145 137 8 1 9 10 4 5 3 7 8 6 2 11 13 0 14 12
145 137 8 1 9 10 4 5 3 0 8 6 2 11 7 13 14 12
146 138 8 1 9 10 4 5 0 3 8 6 2 11 7 13 14 12
146 138 8 1 0 10 4 5 3 9 8 6 2 11 7 13 14 12
147 139 8 1 10 0 4 5 3 9 8 6 2 11 7 13 14 12
144 136 8 1 9 10 4 5 0 7 8 6 2 3 11 13 14 12
138 130 8 1 9 10 4 5 3 7 8 2 6 0 11 13 14 12
138 131 7 1 9 10 4 5 3 7 8 2 6 11 0 13 14 12
140 132 8 1 9 10 4 5 3 7 8 2 6 11 13 0 14 12
140 132 8 1 9 10 4 5 3 0 8 2 6 11 7 13 14 12
141 133 8 1 9 10 4 5 0 3 8 2 6 11 7 13 14 12
141 133 8 1 0 10 4 5 3 9 8 2 6 11 7 13 14 12
142 134 8 1 10 0 4 5 3 9 8 2 6 11 7 13 14 12
139 131 8 1 9 10 4 5 0 7 8 2 6 3 11 13 14 12
133 125 8 1 9 10 4 6 3 7 8 5 2 12 11 13 14 0
137 128 9 1 9 10 4 6 3 7 8 0 2 12 11 13 14 5
138 129 9 1 9 10 4 6 3 7 8 2 0 12 11 13 14 5
138 130 8 1 9 10 4 6 3 7 8 2 5 12 11 13 14 0
142 133 9 1 9 10 4 6 3 7 8 0 5 12 11 13 14 2
141 132 9 1 9 10 4 6 3 7 8 2 5 0 11 13 14 12
141 133 8 1 9 10 4 6 3 7 8 2 5 11 0 13 14 12
143 134 9 1 9 10 4 6 3 7 8 2 5 11 13 0 14 12
143 134 9 1 9 10 4 6 3 0 8 2 5 11 7 13 14 12
144 135 9 1 9 10 4 6 0 3 8 2 5 11 7 13 14 12
144 135 9 1 0 10 4 6 3 9 8 2 5 11 7 13 14 12
145 136 9 1 10 0 4 6 3 9 8 2 5 11 7 13 14 12
142 133 9 1 9 10 4 6 0 7 8 2 5 3 11 13 14 12
138 129 9 1 9 10 4 5 3 7 8 2 6 12 11 13 0 14
139 130 9 1 9 10 4 5 3 7 8 0 6 12 11 13 2 14
140 131 9 1 9 10 4 5 3 7 8 6 0 12 11 13 2 14
140 132 8 1 9 10 4 5 3 7 8 6 14 12 11 13 2 0
144 135 9 1 9 10 4 5 3 7 8 0 14 12 11 13 2 6
145 136 9 1 9 10 4 5 3 7 8 14 0 12 11 13 2 6
145 137 8 1 9 10 4 5 3 7 8 14 6 12 11 13 2 0
148 139 9 1 9 10 4 5 3 7 8 14 6 0 11 13 2 12
148 140 8 1 9 10 4 5 3 7 8 14 6 11 0 13 2 12
150 141 9 1 9 10 4 5 3 7 8 14 6 11 13 0 2 12
151 142 9 1 9 10 4 5 3 7 8 14 6 11 13 2 0 12
151 143 8 1 9 10 4 5 3 7 8 14 6 11 13 2 12 0
151 143 8 1 9 10 4 5 3 7 8 0 6 11 13 2 14 12
152 144 8 1 9 10 4 5 3 7 8 6 0 11 13 2 14 12
152 145 7 1 9 10 4 5 3 7 8 6 12 11 13 2 14 0
156 148 8 1 9 10 4 5 3 7 8 0 12 11 13 2 14 6
157 149 8 1 9 10 4 5 3 7 8 12 0 11 13 2 14 6
157 150 7 1 9 10 4 5 3 7 8 12 6 11 13 2 14 0
162 153 9 0 9 10 4 5 3 7 8 12 6 11 13 2 14 1
163 154 9 9 0 10 4 5 3 7 8 12 6 11 13 2 14 1
164 155 9 9 10 0 4 5 3 7 8 12 6 11 13 2 14 1
163 154 9 3 9 10 4 5 0 7 8 12 6 11 13 2 14 1
161 152 9 1 9 10 4 0 3 7 8 12 6 11 13 2 14 5
164 155 9 1 9 10 4 12 3 7 8 0 6 11 13 2 14 5
165 156 9 1 9 10 4 12 3 7 8 6 0 11 13 2 14 5
165 157 8 1 9 10 4 12 3 7 8 6 5 11 13 2 14 0
169 160 9 1 9 10 4 12 3 7 8 0 5 11 13 2 14 6
170 161 9 1 9 10 4 12 3 7 8 5 0 11 13 2 14 6
170 162 8 1 9 10 4 12 3 7 8 5 6 11 13 2 14 0
173 164 9 1 9 10 4 0 3 7 8 5 6 11 13 2 14 12
174 165 9 1 9 10 4 6 3 7 8 5 0 11 13 2 14 12
174 166 8 1 9 10 4 6 3 7 8 5 12 11 13 2 14 0
178 169 9 1 9 10 4 6 3 7 8 0 12 11 13 2 14 5
175 166 9 1 9 10 4 6 3 7 8 0 5 11 13 2 14 12
141 132 9 1 9 10 4 5 7 0 8 2 6 3 11 13 14 12
142 133 9 1 9 10 4 5 7 11 8 2 6 3 0 13 14 12
143 134 9 1 9 10 4 5 7 11 8 2 6 0 3 13 14 12
145 137 8 1 9 10 4 5 7 0 8 2 6 11 3 13 14 12
145 138 7 1 9 10 4 5 0 7 8 2 6 11 3 13 14 12
147 139 8 1 9 10 4 5 11 7 8 2 6 0 3 13 14 12
148 141 7 1 9 10 4 5 11 7 8 2 6 12 3 13 14 0
152 144 8 1 9 10 4 5 11 7 8 0 6 12 3 13 14 2
153 145 8 1 9 10 4 5 11 7 8 6 0 12 3 13 14 2
153 146 7 1 9 10 4 5 11 7 8 6 2 12 3 13 14 0
157 149 8 1 9 10 4 5 11 7 8 0 2 12 3 13 14 6
156 148 8 1 9 10 4 5 11 7 8 6 2 0 3 13 14 12
156 149 7 1 9 10 4 5 0 7 8 6 2 11 3 13 14 12
158 150 8 1 9 10 4 5 7 0 8 6 2 11 3 13 14 12
159 151 8 1 9 10 4 5 7 3 8 6 2 11 0 13 14 12
159 151 8 1 0 10 4 5 7 9 8 6 2 11 3 13 14 12
160 152 8 1 10 0 4 5 7 9 8 6 2 11 3 13 14 12
157 149 8 1 9 10 4 5 11 7 8 6 2 3 0 13 14 12
150 142 8 1 9 10 4 5 11 7 8 2 0 12 3 13 14 6
148 140 8 1 9 10 4 5 11 7 8 2 6 3 0 13 14 12
144 136 8 1 9 10 4 5 7 11 8 2 6 12 3 13 14 0
146 138 8 1 0 10 4 5 7 9 8 2 6 11 3 13 14 12
147 139 8 1 10 0 4 5 7 9 8 2 6 11 3 13 14 12
146 138 8 1 9 10 4 5 7 3 8 2 6 11 0 13 14 12
148 139 9 1 9 10 4 5 7 3 8 2 6 11 13 0 14 12
148 139 9 1 9 10 4 5 7 3 8 2 6 0 11 13 14 12
149 141 8 1 9 10 4 5 7 3 8 2 6 12 11 13 14 0
153 144 9 1 9 10 4 5 7 3 8 0 6 12 11 13 14 2
154 145 9 1 9 10 4 5 7 3 8 6 0 12 11 13 14 2
154 146 8 1 9 10 4 5 7 3 8 6 2 12 11 13 14 0
158 149 9 1 9 10 4 5 7 3 8 0 2 12 11 13 14 6
151 142 9 1 9 10 4 5 7 3 8 2 0 12 11 13 14 6
142 133 9 1 9 10 4 0 3 7 8 6 5 12 11 13 14 2
143 135 8 1 9 10 4 2 3 7 8 6 5 12 11 13 14 0
147 138 9 1 9 10 4 2 3 7 8 0 5 12 11 13 14 6
146 137 9 1 9 10 4 2 3 7 8 6 5 0 11 13 14 12
146 138 8 1 9 10 4 2 3 7 8 6 5 11 0 13 14 12
148 139 9 1 9 10 4 2 3 7 8 6 5 11 13 0 14 12
148 139 9 1 9 10 4 2 3 0 8 6 5 11 7 13 14 12
149 140 9 1 9 10 4 2 0 3 8 6 5 11 7 13 14 12
149 140 9 1 0 10 4 2 3 9 8 6 5 11 7 13 14 12
150 141 9 1 10 0 4 2 3 9 8 6 5 11 7 13 14 12
169 160 9 0 9 10 4 5 3 7 8 6 2 11 13 12 14 1
170 161 9 9 0 10 4 5 3 7 8 6 2 11 13 12 14 1
171 162 9 9 10 0 4 5 3 7 8 6 2 11 13 12 14 1
170 161 9 3 9 10 4 5 0 7 8 6 2 11 13 12 14 1
148 139 9 0 1 10 4 5 3 9 8 6 2 11 7 13 14 12
150 142 8 12 1 10 4 5 3 9 8 6 2 11 7 13 14 0
154 145 9 12 1 10 4 5 3 9 8 0 2 11 7 13 14 6
155 146 9 12 1 10 4 5 3 9 8 2 0 11 7 13 14 6
155 147 8 12 1 10 4 5 3 9 8 2 6 11 7 13 14 0
159 150 9 12 1 10 4 5 3 9 8 0 6 11 7 13 14 2
152 143 9 12 1 10 4 5 3 9 8 6 0 11 7 13 14 2
153 144 9 1 9 10 4 5 3 7 8 14 0 11 13 2 12 6
154 145 9 1 9 10 4 5 3 7 8 0 14 11 13 2 12 6
155 146 9 1 9 10 4 5 3 7 8 12 14 11 13 2 0 6
155 147 8 1 9 10 4 5 3 7 8 12 14 11 13 2 6 0
159 150 9 1 9 10 4 5 3 7 8 0 14 11 13 2 6 12
160 151 9 1 9 10 4 5 3 7 8 14 0 11 13 2 6 12
160 152 8 1 9 10 4 5 3 7 8 14 12 11 13 2 6 0
164 155 9 1 9 10 4 5 3 7 8 0 12 11 13 2 6 14
147 138 9 1 9 10 4 5 3 8 0 6 2 11 7 13 14 12
148 139 9 1 9 10 4 5 3 8 6 0 2 11 7 13 14 12
149 140 9 1 9 10 4 5 3 8 6 2 0 11 7 13 14 12
149 141 8 1 9 10 4 5 3 8 6 2 12 11 7 13 14 0
153 144 9 1 9 10 4 5 3 8 6 0 12 11 7 13 14 2
154 145 9 1 9 10 4 5 3 8 6 12 0 11 7 13 14 2
154 146 8 1 9 10 4 5 3 8 6 12 2 11 7 13 14 0
156 147 9 1 9 10 4 0 11 7 8 12 6 2 3 13 14 5
159 150 9 1 9 10 4 12 11 7 8 0 6 2 3 13 14 5
160 151 9 1 9 10 4 12 11 7 8 6 0 2 3 13 14 5
160 152 8 1 9 10 4 12 11 7 8 6 5 2 3 13 14 0
164 155 9 1 9 10 4 12 11 7 8 0 5 2 3 13 14 6
165 156 9 1 9 10 4 12 11 7 8 5 0 2 3 13 14 6
165 157 8 1 9 10 4 12 11 7 8 5 6 2 3 13 14 0
168 159 9 1 9 10 4 0 11 7 8 5 6 2 3 13 14 12
171 162 9 1 9 10 4 2 11 7 8 5 6 0 3 13 14 12
172 164 8 1 9 10 4 2 11 7 8 5 6 12 3 13 14 0
171 163 8 1 9 10 4 2 0 7 8 5 6 11 3 13 14 12
173 164 9 1 9 10 4 2 7 0 8 5 6 11 3 13 14 12
174 165 9 1 9 10 4 2 7 3 8 5 6 11 0 13 14 12
149 140 9 1 10 4 0 5 3 9 8 6 2 11 7 13 14 12
150 141 9 1 10 4 6 5 3 9 8 0 2 11 7 13 14 12
151 142 9 1 10 4 6 5 3 9 8 2 0 11 7 13 14 12
151 143 8 1 10 4 6 5 3 9 8 2 12 11 7 13 14 0
155 146 9 1 10 4 6 5 3 9 8 0 12 11 7 13 14 2
156 147 9 1 10 4 6 5 3 9 8 12 0 11 7 13 14 2
156 148 8 1 10 4 6 5 3 9 8 12 2 11 7 13 14 0
136 127 9 1 9 10 4 5 3 7 8 14 2 12 11 13 0 6
136 128 8 1 9 10 4 5 3 7 8 14 2 12 11 13 6 0
140 131 9 1 9 10 4 5 3 7 8 0 2 12 11 13 6 14
141 132 9 1 9 10 4 5 3 7 8 2 0 12 11 13 6 14
141 133 8 1 9 10 4 5 3 7 8 2 14 12 11 13 6 0
145 136 9 1 9 10 4 5 3 7 8 0 14 12 11 13 6 2
171 162 9 1 9 10 4 0 3 7 8 5 12 11 13 2 14 6
137 128 9 1 9 10 4 0 3 7 8 2 5 12 11 13 14 6
140 131 9 1 9 10 4 12 3 7 8 2 5 0 11 13 14 6
141 133 8 1 9 10 4 12 3 7 8 2 5 6 11 13 14 0
140 132 8 1 9 10 4 12 3 7 8 2 5 11 0 13 14 6
142 133 9 1 9 10 4 12 3 7 8 2 5 11 13 0 14 6
143 134 9 1 9 10 4 5 11 3 8 2 6 0 7 13 14 12
144 136 8 1 9 10 4 5 11 3 8 2 6 12 7 13 14 0
148 139 9 1 9 10 4 5 11 3 8 0 6 12 7 13 14 2
149 140 9 1 9 10 4 5 11 3 8 6 0 12 7 13 14 2
149 141 8 1 9 10 4 5 11 3 8 6 2 12 7 13 14 0
153 144 9 1 9 10 4 5 11 3 8 0 2 12 7 13 14 6
150 141 9 0 9 10 4 5 11 7 8 2 6 1 3 13 14 12
152 144 8 12 9 10 4 5 11 7 8 2 6 1 3 13 14 0
156 147 9 12 9 10 4 5 11 7 8 0 6 1 3 13 14 2
157 148 9 12 9 10 4 5 11 7 8 6 0 1 3 13 14 2
157 149 8 12 9 10 4 5 11 7 8 6 2 1 3 13 14 0
161 152 9 12 9 10 4 5 11 7 8 0 2 1 3 13 14 6
151 142 9 1 9 10 4 0 11 7 8 2 6 5 3 13 14 12
152 144 8 1 9 10 4 12 11 7 8 2 6 5 3 13 14 0
156 147 9 1 9 10 4 12 11 7 8 0 6 5 3 13 14 2
157 148 9 1 9 10 4 12 11 7 8 6 0 5 3 13 14 2
157 149 8 1 9 10 4 12 11 7 8 6 2 5 3 13 14 0
161 152 9 1 9 10 4 12 11 7 8 0 2 5 3 13 14 6
133 124 9 1 9 10 4 5 7 3 8 0 12 6 11 13 14 2
134 125 9 1 9 10 4 5 7 3 8 12 0 6 11 13 14 2
134 126 8 1 9 10 4 5 7 3 8 12 2 6 11 13 14 0
138 129 9 1 9 10 4 5 7 3 8 0 2 6 11 13 14 12
121 112 9 1 9 10 4 5 3 0 8 12 2 7 11 13 14 6
122 113 9 1 9 10 4 5 0 3 8 12 2 7 11 13 14 6
154 145 9 1 9 10 0 5 11 7 8 4 6 12 3 13 14 2
155 146 9 1 9 0 10 5 11 7 8 4 6 12 3 13 14 2
156 147 9 1 0 9 10 5 11 7 8 4 6 12 3 13 14 2
155 146 9 1 9 10 4 0 11 7 8 6 5 12 3 13 14 2
156 148 8 1 9 10 4 2 11 7 8 6 5 12 3 13 14 0
160 151 9 1 9 10 4 2 11 7 8 0 5 12 3 13 14 6
159 150 9 1 9 10 4 5 11 7 8 14 2 12 3 13 0 6
159 151 8 1 9 10 4 5 11 7 8 14 2 12 3 13 6 0
163 154 9 1 9 10 4 5 11 7 8 0 2 12 3 13 6 14
164 155 9 1 9 10 4 5 11 7 8 2 0 12 3 13 6 14
164 156 8 1 9 10 4 5 11 7 8 2 14 12 3 13 6 0
168 159 9 1 9 10 4 5 11 7 8 0 14 12 3 13 6 2
169 160 9 1 9 10 4 5 11 7 8 6 14 12 3 13 0 2
169 161 8 1 9 10 4 5 11 7 8 6 14 12 3 13 2 0
173 164 9 1 9 10 4 5 11 7 8 0 14 12 3 13 2 6
174 165 9 1 9 10 4 5 11 7 8 14 0 12 3 13 2 6
174 166 8 1 9 10 4 5 11 7 8 14 6 12 3 13 2 0
178 169 9 1 9 10 4 5 11 7 8 0 6 12 3 13 2 14
145 136 9 1 9 10 4 5 7 3 8 12 2 11 13 0 14 6
149 140 9 1 10 8 4 5 7 9 0 2 6 11 3 13 14 12
150 141 9 1 10 8 4 5 7 9 2 0 6 11 3 13 14 12
151 142 9 1 10 8 4 5 7 9 2 6 0 11 3 13 14 12
151 143 8 1 10 8 4 5 7 9 2 6 12 11 3 13 14 0
155 146 9 1 10 8 4 5 7 9 2 0 12 11 3 13 14 6
156 147 9 1 10 8 4 5 7 9 2 12 0 11 3 13 14 6
156 148 8 1 10 8 4 5 7 9 2 12 6 11 3 13 14 0
146 137 9 1 9 10 4 0 3 7 8 12 6 5 11 13 14 2
147 139 8 1 9 10 4 2 3 7 8 12 6 5 11 13 14 0
151 142 9 1 9 10 4 2 3 7 8 0 6 5 11 13 14 12
152 143 9 1 9 10 4 2 3 7 8 6 0 5 11 13 14 12
152 144 8 1 9 10 4 2 3 7 8 6 12 5 11 13 14 0
156 147 9 1 9 10 4 2 3 7 8 0 12 5 11 13 14 6
152 143 9 1 9 10 4 0 11 7 8 2 5 12 3 13 14 6
153 145 8 1 9 10 4 6 11 7 8 2 5 12 3 13 14 0
156 147 9 1 9 10 4 6 11 7 8 2 5 0 3 13 14 12
156 148 8 1 9 10 4 6 0 7 8 2 5 11 3 13 14 12
158 149 9 1 9 10 4 6 7 0 8 2 5 11 3 13 14 12
159 150 9 1 9 10 4 6 7 3 8 2 5 11 0 13 14 12
159 150 9 1 9 10 4 5 11 7 8 6 2 3 13 0 14 12
151 142 9 1 9 10 4 5 3 8 0 6 12 11 7 13 14 2
152 143 9 1 9 0 4 5 3 8 10 6 12 11 7 13 14 2
153 144 9 1 0 9 4 5 3 8 10 6 12 11 7 13 14 2
154 145 9 1 8 9 4 5 3 0 10 6 12 11 7 13 14 2
154 146 8 1 8 9 4 5 3 7 10 6 12 11 0 13 14 2
156 147 9 1 8 9 4 5 3 7 10 6 12 11 13 0 14 2
157 148 9 1 8 9 4 5 3 7 0 6 12 11 13 10 14 2
158 149 9 1 8 9 4 5 3 7 6 0 12 11 13 10 14 2
159 150 9 1 8 9 4 5 3 7 6 12 0 11 13 10 14 2
159 151 8 1 8 9 4 5 3 7 6 12 2 11 13 10 14 0
163 154 9 1 8 9 4 5 3 7 6 0 2 11 13 10 14 12
164 155 9 1 8 9 4 5 3 7 6 2 0 11 13 10 14 12
164 156 8 1 8 9 4 5 3 7 6 2 12 11 13 10 14 0
120 111 9 1 9 10 4 6 3 7 8 12 0 5 11 13 14 2
121 112 9 1 9 10 4 6 3 7 8 0 12 5 11 13 14 2
145 136 9 0 9 10 4 5 3 7 8 6 2 12 11 13 14 1
147 138 9 12 9 10 4 5 3 7 8 6 2 0 11 13 14 1
148 140 8 12 9 10 4 5 3 7 8 6 2 1 11 13 14 0
147 139 8 12 9 10 4 5 3 7 8 6 2 11 0 13 14 1
149 140 9 12 9 10 4 5 3 7 8 6 2 11 13 0 14 1
149 140 9 12 9 10 4 5 3 0 8 6 2 11 7 13 14 1
150 141 9 12 9 10 4 5 0 3 8 6 2 11 7 13 14 1
150 141 9 12 0 10 4 5 3 9 8 6 2 11 7 13 14 1
151 142 9 12 10 0 4 5 3 9 8 6 2 11 7 13 14 1
151 142 9 0 12 10 4 5 3 9 8 6 2 11 7 13 14 1
152 145 7 1 12 10 4 5 3 9 8 6 2 11 7 13 14 0
156 148 8 1 12 10 4 5 3 9 8 0 2 11 7 13 14 6
157 149 8 1 12 10 4 5 3 9 8 2 0 11 7 13 14 6
157 150 7 1 12 10 4 5 3 9 8 2 6 11 7 13 14 0
161 153 8 1 12 10 4 5 3 9 8 0 6 11 7 13 14 2
154 146 8 1 12 10 4 5 3 9 8 6 0 11 7 13 14 2
156 147 9 1 12 10 4 0 3 9 8 6 5 11 7 13 14 2
157 149 8 1 12 10 4 2 3 9 8 6 5 11 7 13 14 0
161 152 9 1 12 10 4 2 3 9 8 0 5 11 7 13 14 6
162 153 9 1 12 10 4 2 3 9 8 5 0 11 7 13 14 6
162 154 8 1 12 10 4 2 3 9 8 5 6 11 7 13 14 0
166 157 9 1 12 10 4 2 3 9 8 0 6 11 7 13 14 5
165 156 9 1 12 10 4 0 3 9 8 5 6 11 7 13 14 2
166 157 9 1 12 10 4 6 3 9 8 5 0 11 7 13 14 2
166 158 8 1 12 10 4 6 3 9 8 5 2 11 7 13 14 0
170 161 9 1 12 10 4 6 3 9 8 0 2 11 7 13 14 5
171 162 9 1 12 10 4 6 3 9 8 2 0 11 7 13 14 5
171 163 8 1 12 10 4 6 3 9 8 2 5 11 7 13 14 0
163 154 9 1 12 10 4 0 3 9 8 5 2 11 7 13 14 6
159 150 9 1 12 10 4 2 3 9 8 6 0 11 7 13 14 5
159 150 9 1 12 10 4 6 3 9 8 0 5 11 7 13 14 2
154 145 9 9 12 10 4 5 3 0 8 6 2 11 7 13 14 1
154 146 8 9 12 10 4 5 3 7 8 6 2 11 0 13 14 1
156 147 9 9 12 10 4 5 3 7 8 6 2 11 13 0 14 1
156 147 9 9 12 10 4 5 3 7 8 6 2 0 11 13 14 1
157 149 8 9 12 10 4 5 3 7 8 6 2 1 11 13 14 0
161 152 9 9 12 10 4 5 3 7 8 0 2 1 11 13 14 6
162 153 9 9 12 10 4 5 3 7 8 2 0 1 11 13 14 6
162 154 8 9 12 10 4 5 3 7 8 2 6 1 11 13 14 0
166 157 9 9 12 10 4 5 3 7 8 0 6 1 11 13 14 2
166 157 9 0 12 10 4 5 3 7 8 2 6 1 11 13 14 9
167 159 8 1 12 10 4 5 3 7 8 2 6 0 11 13 14 9
168 161 7 1 12 10 4 5 3 7 8 2 6 9 11 13 14 0
167 160 7 1 12 10 4 5 3 7 8 2 6 11 0 13 14 9
169 161 8 1 12 10 4 5 3 7 8 2 6 11 13 0 14 9
169 161 8 1 12 10 4 5 3 0 8 2 6 11 7 13 14 9
170 162 8 1 12 10 4 5 0 3 8 2 6 11 7 13 14 9
170 162 8 1 0 10 4 5 3 12 8 2 6 11 7 13 14 9
171 163 8 1 10 0 4 5 3 12 8 2 6 11 7 13 14 9
172 164 8 1 12 10 4 5 3 7 8 0 6 9 11 13 14 2
173 165 8 1 12 10 4 5 3 7 8 6 0 9 11 13 14 2
173 166 7 1 12 10 4 5 3 7 8 6 2 9 11 13 14 0
177 169 8 1 12 10 4 5 3 7 8 0 2 9 11 13 14 6
176 168 8 1 12 10 4 5 3 7 8 6 2 0 11 13 14 9
176 169 7 1 12 10 4 5 3 7 8 6 2 11 0 13 14 9
178 170 8 1 12 10 4 5 3 7 8 6 2 11 13 0 14 9
178 170 8 1 12 10 4 5 3 0 8 6 2 11 7 13 14 9
179 171 8 1 12 10 4 5 0 3 8 6 2 11 7 13 14 9
179 171 8 1 0 10 4 5 3 12 8 6 2 11 7 13 14 9
180 172 8 1 10 0 4 5 3 12 8 6 2 11 7 13 14 9
177 169 8 1 12 10 4 5 0 7 8 6 2 3 11 13 14 9
170 162 8 1 12 10 4 5 3 7 8 2 0 9 11 13 14 6
168 160 8 1 12 10 4 5 0 7 8 2 6 3 11 13 14 9
170 161 9 1 12 10 4 5 7 0 8 2 6 3 11 13 14 9
171 162 9 1 12 10 4 5 7 11 8 2 6 3 0 13 14 9
172 163 9 1 12 10 4 5 7 11 8 2 6 0 3 13 14 9
174 166 8 1 12 10 4 5 7 0 8 2 6 11 3 13 14 9
174 167 7 1 12 10 4 5 0 7 8 2 6 11 3 13 14 9
176 168 8 1 12 10 4 5 11 7 8 2 6 0 3 13 14 9
177 170 7 1 12 10 4 5 11 7 8 2 6 9 3 13 14 0
181 173 8 1 12 10 4 5 11 7 8 0 6 9 3 13 14 2
182 174 8 1 12 10 4 5 11 7 8 6 0 9 3 13 14 2
182 175 7 1 12 10 4 5 11 7 8 6 2 9 3 13 14 0
186 178 8 1 12 10 4 5 11 7 8 0 2 9 3 13 14 6
185 177 8 1 12 10 4 5 11 7 8 6 2 0 3 13 14 9
185 178 7 1 12 10 4 5 0 7 8 6 2 11 3 13 14 9
187 179 8 1 12 10 4 5 7 0 8 6 2 11 3 13 14 9
188 180 8 1 12 10 4 5 7 3 8 6 2 11 0 13 14 9
188 180 8 1 0 10 4 5 7 12 8 6 2 11 3 13 14 9
189 181 8 1 10 0 4 5 7 12 8 6 2 11 3 13 14 9
186 178 8 1 12 10 4 5 11 7 8 6 2 3 0 13 14 9
179 171 8 1 12 10 4 5 11 7 8 2 0 9 3 13 14 6
177 169 8 1 12 10 4 5 11 7 8 2 6 3 0 13 14 9
175 167 8 1 12 10 4 5 7 3 8 2 6 11 0 13 14 9
173 165 8 1 12 10 4 5 7 11 8 2 6 9 3 13 14 0
175 167 8 1 0 10 4 5 7 12 8 2 6 11 3 13 14 9
176 168 8 1 10 0 4 5 7 12 8 2 6 11 3 13 14 9
178 169 9 1 10 4 0 5 7 12 8 2 6 11 3 13 14 9
179 170 9 1 10 4 2 5 7 12 8 0 6 11 3 13 14 9
180 171 9 1 10 4 2 5 7 12 8 6 0 11 3 13 14 9
180 172 8 1 10 4 2 5 7 12 8 6 9 11 3 13 14 0
184 175 9 1 10 4 2 5 7 12 8 0 9 11 3 13 14 6
184 176 8 1 10 4 2 5 7 12 8 9 0 11 3 13 14 6
184 177 7 1 10 4 2 5 7 12 8 9 6 11 3 13 14 0
189 180 9 0 10 4 2 5 7 12 8 9 6 11 3 13 14 1
192 183 9 12 10 4 2 5 7 0 8 9 6 11 3 13 14 1
192 184 8 12 10 4 2 5 0 7 8 9 6 11 3 13 14 1
194 185 9 12 10 4 2 5 11 7 8 9 6 0 3 13 14 1
195 187 8 12 10 4 2 5 11 7 8 9 6 1 3 13 14 0
199 190 9 0 10 4 2 5 11 7 8 9 6 1 3 13 14 12
200 192 8 1 10 4 2 5 11 7 8 9 6 0 3 13 14 12
201 194 7 1 10 4 2 5 11 7 8 9 6 12 3 13 14 0
200 193 7 1 10 4 2 5 0 7 8 9 6 11 3 13 14 12
202 194 8 1 10 4 2 5 7 0 8 9 6 11 3 13 14 12
203 195 8 1 10 4 2 5 7 3 8 9 6 11 0 13 14 12
203 195 8 1 0 4 2 5 7 10 8 9 6 11 3 13 14 12
204 196 8 1 4 0 2 5 7 10 8 9 6 11 3 13 14 12
205 197 8 1 4 2 0 5 7 10 8 9 6 11 3 13 14 12
203 195 8 1 10 4 2 5 11 7 8 9 0 12 3 13 14 6
201 193 8 1 10 4 2 5 11 7 8 9 6 3 0 13 14 12
203 194 9 1 10 4 2 5 11 7 8 9 6 3 13 0 14 12
200 191 9 11 10 4 2 5 0 7 8 9 6 1 3 13 14 12
201 192 9 11 10 4 2 5 1 7 8 9 6 0 3 13 14 12
202 194 8 0 10 4 2 5 1 7 8 9 6 11 3 13 14 12
204 197 7 12 10 4 2 5 1 7 8 9 6 11 3 13 14 0
206 198 8 12 10 4 2 5 1 7 8 9 0 11 3 13 14 6
203 195 8 10 0 4 2 5 1 7 8 9 6 11 3 13 14 12
204 196 8 10 4 0 2 5 1 7 8 9 6 11 3 13 14 12
205 197 8 10 4 2 0 5 1 7 8 9 6 11 3 13 14 12
202 194 8 11 10 4 2 5 1 7 8 9 6 12 3 13 14 0
206 197 9 0 10 4 2 5 1 7 8 9 6 12 3 13 14 11
206 198 8 1 10 4 2 5 0 7 8 9 6 12 3 13 14 11
207 199 8 1 10 4 2 5 12 7 8 9 6 0 3 13 14 11
207 201 6 1 10 4 2 5 12 7 8 9 6 11 3 13 14 0
209 202 7 1 10 4 2 5 12 7 8 9 0 11 3 13 14 6
211 203 8 1 10 4 2 5 12 7 8 0 9 11 3 13 14 6
212 204 8 1 10 4 0 5 12 7 8 2 9 11 3 13 14 6
212 205 7 1 10 0 4 5 12 7 8 2 9 11 3 13 14 6
213 206 7 1 0 10 4 5 12 7 8 2 9 11 3 13 14 6
215 207 8 0 1 10 4 5 12 7 8 2 9 11 3 13 14 6
217 210 7 6 1 10 4 5 12 7 8 2 9 11 3 13 14 0
221 213 8 6 1 10 4 5 12 7 8 0 9 11 3 13 14 2
221 214 7 6 1 10 4 5 12 7 8 9 0 11 3 13 14 2
221 215 6 6 1 10 4 5 12 7 8 9 2 11 3 13 14 0
225 218 7 0 1 10 4 5 12 7 8 9 2 11 3 13 14 6
225 219 6 1 0 10 4 5 12 7 8 9 2 11 3 13 14 6
226 220 6 1 10 0 4 5 12 7 8 9 2 11 3 13 14 6
228 221 7 1 10 4 0 5 12 7 8 9 2 11 3 13 14 6
228 221 7 1 10 8 4 5 12 7 0 9 2 11 3 13 14 6
227 220 7 1 7 10 4 5 12 0 8 9 2 11 3 13 14 6
228 221 7 1 7 10 4 5 0 12 8 9 2 11 3 13 14 6
228 221 7 1 7 10 4 5 12 3 8 9 2 11 0 13 14 6
226 219 7 12 1 10 4 5 0 7 8 9 2 11 3 13 14 6
228 220 8 12 1 10 4 5 7 0 8 9 2 11 3 13 14 6
229 221 8 12 1 10 4 5 7 3 8 9 2 11 0 13 14 6
229 221 8 12 0 10 4 5 7 1 8 9 2 11 3 13 14 6
230 222 8 12 10 0 4 5 7 1 8 9 2 11 3 13 14 6
211 203 8 1 10 4 2 0 12 7 8 9 5 11 3 13 14 6
212 205 7 1 10 4 2 6 12 7 8 9 5 11 3 13 14 0
214 206 8 1 10 4 2 6 12 7 8 9 0 11 3 13 14 5
212 204 8 1 10 4 0 2 12 7 8 9 5 11 3 13 14 6
212 205 7 1 10 0 4 2 12 7 8 9 5 11 3 13 14 6
213 206 7 1 0 10 4 2 12 7 8 9 5 11 3 13 14 6
215 207 8 0 1 10 4 2 12 7 8 9 5 11 3 13 14 6
217 210 7 6 1 10 4 2 12 7 8 9 5 11 3 13 14 0
219 211 8 6 1 10 4 2 12 7 8 9 0 11 3 13 14 5
217 209 8 2 1 10 4 0 12 7 8 9 5 11 3 13 14 6
218 211 7 2 1 10 4 6 12 7 8 9 5 11 3 13 14 0
217 210 7 2 1 10 4 5 12 7 8 9 0 11 3 13 14 6
217 211 6 2 1 10 4 5 12 7 8 9 6 11 3 13 14 0
221 214 7 0 1 10 4 5 12 7 8 9 6 11 3 13 14 2
221 215 6 1 0 10 4 5 12 7 8 9 6 11 3 13 14 2
222 216 6 1 10 0 4 5 12 7 8 9 6 11 3 13 14 2
224 217 7 1 10 4 0 5 12 7 8 9 6 11 3 13 14 2
224 217 7 1 10 8 4 5 12 7 0 9 6 11 3 13 14 2
223 216 7 1 7 10 4 5 12 0 8 9 6 11 3 13 14 2
224 217 7 1 7 10 4 5 0 12 8 9 6 11 3 13 14 2
224 217 7 1 7 10 4 5 12 3 8 9 6 11 0 13 14 2
222 215 7 12 1 10 4 5 0 7 8 9 6 11 3 13 14 2
224 216 8 12 1 10 4 5 7 0 8 9 6 11 3 13 14 2
225 217 8 12 1 10 4 5 7 3 8 9 6 11 0 13 14 2
225 217 8 12 0 10 4 5 7 1 8 9 6 11 3 13 14 2
226 218 8 12 10 0 4 5 7 1 8 9 6 11 3 13 14 2
226 218 8 0 12 10 4 5 7 1 8 9 6 11 3 13 14 2
228 221 7 1 12 10 4 5 7 0 8 9 6 11 3 13 14 2
228 222 6 1 12 10 4 5 0 7 8 9 6 11 3 13 14 2
230 223 7 1 12 10 4 5 11 7 8 9 6 0 3 13 14 2
231 225 6 1 12 10 4 5 11 7 8 9 6 2 3 13 14 0
233 226 7 1 12 10 4 5 11 7 8 9 0 2 3 13 14 6
231 224 7 1 12 10 4 5 11 7 8 9 6 3 0 13 14 2
229 222 7 1 12 10 4 5 7 3 8 9 6 11 0 13 14 2
229 222 7 1 0 10 4 5 7 12 8 9 6 11 3 13 14 2
230 223 7 1 10 0 4 5 7 12 8 9 6 11 3 13 14 2
228 221 7 2 12 10 4 5 7 1 8 9 6 11 3 13 14 0
230 222 8 2 12 10 4 5 7 1 8 9 0 11 3 13 14 6
233 225 8 1 12 10 4 5 11 0 8 9 6 3 7 13 14 2
234 226 8 1 12 10 4 5 0 11 8 9 6 3 7 13 14 2
235 227 8 1 12 10 4 5 3 11 8 9 6 0 7 13 14 2
237 230 7 1 12 10 4 5 3 0 8 9 6 11 7 13 14 2
237 231 6 1 12 10 4 5 3 7 8 9 6 11 0 13 14 2
239 232 7 1 12 10 4 5 3 7 8 9 6 11 13 0 14 2
239 232 7 1 12 10 4 5 3 7 8 9 6 0 11 13 14 2
240 234 6 1 12 10 4 5 3 7 8 9 6 2 11 13 14 0
242 235 7 1 12 10 4 5 3 7 8 9 0 2 11 13 14 6
240 233 7 1 12 10 4 5 0 7 8 9 6 3 11 13 14 2
238 231 7 1 12 10 4 5 0 3 8 9 6 11 7 13 14 2
236 229 7 1 12 10 4 5 3 11 8 9 6 2 7 13 14 0
238 231 7 1 0 10 4 5 3 12 8 9 6 11 7 13 14 2
239 232 7 1 10 0 4 5 3 12 8 9 6 11 7 13 14 2
241 233 8 1 10 4 0 5 3 12 8 9 6 11 7 13 14 2
241 233 8 1 10 8 4 5 3 12 0 9 6 11 7 13 14 2
242 234 8 1 10 8 4 5 3 0 12 9 6 11 7 13 14 2
242 235 7 1 10 8 4 5 3 7 12 9 6 11 0 13 14 2
244 236 8 1 10 8 4 5 3 7 12 9 6 11 13 0 14 2
245 237 8 1 10 8 4 5 3 7 0 9 6 11 13 12 14 2
245 238 7 1 10 0 4 5 3 7 8 9 6 11 13 12 14 2
246 239 7 1 0 10 4 5 3 7 8 9 6 11 13 12 14 2
248 240 8 0 1 10 4 5 3 7 8 9 6 11 13 12 14 2
250 243 7 2 1 10 4 5 3 7 8 9 6 11 13 12 14 0
252 244 8 2 1 10 4 5 3 7 8 9 0 11 13 12 14 6
249 241 8 3 1 10 4 5 0 7 8 9 6 11 13 12 14 2
211 203 8 1 10 4 2 0 12 7 8 9 6 11 3 13 14 5
212 204 8 1 10 4 0 2 12 7 8 9 6 11 3 13 14 5
212 205 7 1 10 0 4 2 12 7 8 9 6 11 3 13 14 5
213 206 7 1 0 10 4 2 12 7 8 9 6 11 3 13 14 5
215 207 8 0 1 10 4 2 12 7 8 9 6 11 3 13 14 5
217 210 7 5 1 10 4 2 12 7 8 9 6 11 3 13 14 0
219 211 8 5 1 10 4 2 12 7 8 9 0 11 3 13 14 6
216 208 8 12 1 10 4 2 0 7 8 9 6 11 3 13 14 5
248 240 8 1 7 10 4 5 3 0 8 9 6 11 13 12 14 2
249 241 8 1 7 10 4 5 0 3 8 9 6 11 13 12 14 2
249 241 8 1 7 10 4 5 3 13 8 9 6 11 0 12 14 2
249 242 7 1 7 10 4 5 3 13 8 9 6 11 12 0 14 2
251 243 8 1 7 10 4 5 3 13 8 9 6 11 12 14 0 2
251 244 7 1 7 10 4 5 3 13 8 9 6 11 12 14 2 0
253 245 8 1 7 10 4 5 3 13 8 9 0 11 12 14 2 6
251 243 8 1 7 10 4 5 3 13 0 9 6 11 12 8 14 2
252 244 8 1 7 10 4 5 3 0 13 9 6 11 12 8 14 2
252 245 7 1 0 10 4 5 3 7 13 9 6 11 12 8 14 2
253 246 7 1 10 0 4 5 3 7 13 9 6 11 12 8 14 2
254 247 7 1 10 13 4 5 3 7 0 9 6 11 12 8 14 2
254 248 6 1 10 13 4 5 3 7 8 9 6 11 12 0 14 2
256 249 7 1 10 13 4 5 3 7 8 9 6 11 12 14 0 2
256 250 6 1 10 13 4 5 3 7 8 9 6 11 12 14 2 0
258 251 7 1 10 13 4 5 3 7 8 9 0 11 12 14 2 6
256 249 7 1 10 13 4 5 3 7 8 9 6 11 0 12 14 2
258 250 8 1 10 13 4 5 3 7 8 9 6 0 11 12 14 2
259 252 7 1 10 13 4 5 3 7 8 9 6 2 11 12 14 0
261 253 8 1 10 13 4 5 3 7 8 9 0 2 11 12 14 6
259 251 8 1 10 13 4 5 0 7 8 9 6 3 11 12 14 2
258 250 8 1 10 13 4 5 3 0 8 9 6 11 7 12 14 2
259 251 8 1 10 13 4 5 0 3 8 9 6 11 7 12 14 2
259 251 8 1 0 13 4 5 3 10 8 9 6 11 7 12 14 2
260 252 8 1 13 0 4 5 3 10 8 9 6 11 7 12 14 2
230 222 8 1 7 10 4 5 12 3 8 9 2 11 13 0 14 6
234 226 8 1 12 10 4 5 11 7 8 9 6 2 3 13 0 14
230 222 8 1 12 10 4 5 7 8 0 9 6 11 3 13 14 2
231 223 8 1 12 0 4 5 7 8 10 9 6 11 3 13 14 2
232 224 8 1 0 12 4 5 7 8 10 9 6 11 3 13 14 2
233 225 8 1 8 12 4 5 7 0 10 9 6 11 3 13 14 2
233 226 7 1 8 12 4 5 0 7 10 9 6 11 3 13 14 2
235 227 8 1 8 12 4 5 11 7 10 9 6 0 3 13 14 2
236 229 7 1 8 12 4 5 11 7 10 9 6 2 3 13 14 0
238 230 8 1 8 12 4 5 11 7 10 9 0 2 3 13 14 6
236 228 8 1 8 12 4 5 11 7 10 9 6 3 0 13 14 2
230 222 8 1 10 8 4 5 12 7 13 9 2 11 3 0 14 6
231 223 8 1 10 8 4 5 12 7 13 9 2 11 0 3 14 6
236 228 8 0 12 10 4 5 11 7 8 9 6 2 3 13 14 1
238 230 8 2 12 10 4 5 11 7 8 9 6 0 3 13 14 1
239 232 7 2 12 10 4 5 11 7 8 9 6 1 3 13 14 0
238 231 7 2 12 10 4 5 0 7 8 9 6 11 3 13 14 1
240 232 8 2 12 10 4 5 7 0 8 9 6 11 3 13 14 1
241 233 8 2 12 10 4 5 7 3 8 9 6 11 0 13 14 1
241 233 8 2 0 10 4 5 7 12 8 9 6 11 3 13 14 1
241 234 7 0 2 10 4 5 7 12 8 9 6 11 3 13 14 1
242 237 5 1 2 10 4 5 7 12 8 9 6 11 3 13 14 0
244 238 6 1 2 10 4 5 7 12 8 9 0 11 3 13 14 6
246 239 7 1 2 10 4 5 7 12 8 0 9 11 3 13 14 6
246 239 7 1 2 10 4 5 7 12 8 9 6 0 3 13 14 11
249 242 7 1 2 10 4 5 7 0 8 9 6 12 3 13 14 11
249 243 6 1 2 10 4 5 0 7 8 9 6 12 3 13 14 11
250 244 6 1 2 10 4 5 12 7 8 9 6 0 3 13 14 11
250 246 4 1 2 10 4 5 12 7 8 9 6 11 3 13 14 0
252 247 5 1 2 10 4 5 12 7 8 9 0 11 3 13 14 6
254 248 6 1 2 10 4 5 12 7 8 0 9 11 3 13 14 6
254 248 6 1 2 10 4 0 12 7 8 9 5 11 3 13 14 6
255 250 5 1 2 10 4 6 12 7 8 9 5 11 3 13 14 0
257 251 6 1 2 10 4 6 12 7 8 9 0 11 3 13 14 5
255 249 6 1 2 10 4 5 12 7 8 0 6 11 3 13 14 9
256 250 6 1 2 10 4 5 12 7 8 6 0 11 3 13 14 9
256 251 5 1 2 10 4 5 12 7 8 6 9 11 3 13 14 0
255 249 6 0 2 10 4 5 12 7 8 9 6 11 3 13 14 1
256 250 6 12 2 10 4 5 0 7 8 9 6 11 3 13 14 1
254 248 6 1 2 10 4 0 12 7 8 9 6 11 3 13 14 5
253 247 6 1 2 10 4 5 12 7 8 9 6 11 3 13 0 14
251 245 6 1 2 10 4 5 12 7 8 9 6 3 0 13 14 11
253 246 7 1 2 10 4 5 12 7 8 9 6 3 13 0 14 11
258 251 7 12 2 10 4 5 11 7 8 9 6 0 3 13 14 1
259 253 6 12 2 10 4 5 11 7 8 9 6 1 3 13 14 0
263 256 7 0 2 10 4 5 11 7 8 9 6 1 3 13 14 12
264 258 6 1 2 10 4 5 11 7 8 9 6 0 3 13 14 12
265 260 5 1 2 10 4 5 11 7 8 9 6 12 3 13 14 0
264 259 5 1 2 10 4 5 0 7 8 9 6 11 3 13 14 12
266 260 6 1 2 10 4 5 7 0 8 9 6 11 3 13 14 12
267 261 6 1 2 10 4 5 7 3 8 9 6 11 0 13 14 12
267 261 6 1 2 10 4 5 11 7 8 9 0 12 3 13 14 6
265 259 6 1 2 10 4 5 11 7 8 9 6 3 0 13 14 12
267 260 7 1 2 10 4 5 11 7 8 9 6 3 13 0 14 12
267 260 7 1 2 10 4 5 11 0 8 9 6 3 7 13 14 12
268 261 7 1 2 10 4 5 0 11 8 9 6 3 7 13 14 12
269 262 7 1 2 10 4 5 3 11 8 9 6 0 7 13 14 12
271 265 6 1 2 10 4 5 3 0 8 9 6 11 7 13 14 12
271 266 5 1 2 10 4 5 3 7 8 9 6 11 0 13 14 12
273 267 6 1 2 10 4 5 3 7 8 9 6 11 13 0 14 12
273 267 6 1 2 10 4 5 3 7 8 9 6 0 11 13 14 12
274 269 5 1 2 10 4 5 3 7 8 9 6 12 11 13 14 0
276 270 6 1 2 10 4 5 3 7 8 9 0 12 11 13 14 6
274 268 6 1 2 10 4 5 0 7 8 9 6 3 11 13 14 12
272 266 6 1 2 10 4 5 0 3 8 9 6 11 7 13 14 12
270 264 6 1 2 10 4 5 3 11 8 9 6 12 7 13 14 0
272 265 7 1 2 10 4 5 3 11 8 9 0 12 7 13 14 6
278 271 7 1 2 10 4 0 3 7 8 9 6 12 11 13 14 5
281 274 7 1 2 10 4 12 3 7 8 9 6 0 11 13 14 5
282 276 6 1 2 10 4 12 3 7 8 9 6 5 11 13 14 0
281 275 6 1 2 10 4 12 3 7 8 9 6 11 0 13 14 5
283 276 7 1 2 10 4 12 3 7 8 9 6 11 13 0 14 5
283 276 7 1 2 10 4 12 3 0 8 9 6 11 7 13 14 5
284 277 7 1 2 10 4 12 0 3 8 9 6 11 7 13 14 5
284 277 7 1 2 10 4 12 3 7 8 9 0 5 11 13 14 6
285 278 7 1 2 10 4 0 3 7 8 9 12 5 11 13 14 6
287 281 6 1 2 10 4 5 3 7 8 9 12 0 11 13 14 6
288 283 5 1 2 10 4 5 3 7 8 9 12 6 11 13 14 0
287 282 5 1 2 10 4 5 3 7 8 9 12 11 0 13 14 6
289 283 6 1 2 10 4 5 3 7 8 9 12 11 13 0 14 6
289 283 6 1 2 10 4 5 3 0 8 9 12 11 7 13 14 6
290 284 6 1 2 10 4 5 0 3 8 9 12 11 7 13 14 6
290 284 6 1 2 10 4 5 3 7 8 9 0 6 11 13 14 12
288 282 6 1 2 10 4 5 0 7 8 9 12 3 11 13 14 6
286 280 6 1 2 10 4 6 3 7 8 9 12 5 11 13 14 0
289 282 7 1 2 10 4 6 3 7 8 9 12 0 11 13 14 5
289 283 6 1 2 10 4 6 3 7 8 9 12 11 0 13 14 5
291 284 7 1 2 10 4 6 3 7 8 9 12 11 13 0 14 5
291 284 7 1 2 10 4 6 3 0 8 9 12 11 7 13 14 5
292 285 7 1 2 10 4 6 0 3 8 9 12 11 7 13 14 5
290 283 7 1 2 10 4 6 0 7 8 9 12 3 11 13 14 5
247 240 7 1 2 10 4 5 7 12 8 9 6 3 0 13 14 11
247 241 6 1 2 10 4 5 7 0 8 9 6 3 12 13 14 11
247 242 5 1 2 10 4 5 0 7 8 9 6 3 12 13 14 11
248 243 5 1 2 10 4 5 3 7 8 9 6 0 12 13 14 11
248 245 3 1 2 10 4 5 3 7 8 9 6 11 12 13 14 0
250 246 4 1 2 10 4 5 3 7 8 9 0 11 12 13 14 6
252 247 5 1 2 10 4 5 3 7 8 0 9 11 12 13 14 6
252 247 5 1 2 10 4 0 3 7 8 9 5 11 12 13 14 6
253 249 4 1 2 10 4 6 3 7 8 9 5 11 12 13 14 0
255 250 5 1 2 10 4 6 3 7 8 9 0 11 12 13 14 5
253 248 5 1 2 10 4 5 3 7 8 0 6 11 12 13 14 9
254 249 5 1 2 10 4 5 3 7 8 6 0 11 12 13 14 9
254 250 4 1 2 10 4 5 3 7 8 6 9 11 12 13 14 0
253 248 5 0 2 10 4 5 3 7 8 9 6 11 12 13 14 1
254 249 5 3 2 10 4 5 0 7 8 9 6 11 12 13 14 1
252 247 5 1 2 10 4 0 3 7 8 9 6 11 12 13 14 5
251 246 5 1 2 10 4 5 3 7 8 9 6 11 12 13 0 14
253 247 6 1 2 10 4 5 3 7 8 9 6 11 12 0 13 14
253 247 6 1 2 10 4 5 3 7 8 0 6 11 12 13 9 14
254 248 6 1 2 10 4 5 3 7 8 6 0 11 12 13 9 14
254 249 5 1 2 10 4 5 3 7 8 6 14 11 12 13 9 0
258 252 6 1 2 10 4 5 3 7 8 0 14 11 12 13 9 6
258 253 5 1 2 10 4 5 3 7 8 9 14 11 12 13 0 6
258 254 4 1 2 10 4 5 3 7 8 9 14 11 12 13 6 0
260 255 5 1 2 10 4 5 3 7 8 9 0 11 12 13 6 14
262 256 6 1 2 10 4 5 3 7 8 0 9 11 12 13 6 14
262 256 6 1 2 10 4 0 3 7 8 9 5 11 12 13 6 14
263 258 5 1 2 10 4 14 3 7 8 9 5 11 12 13 6 0
265 259 6 1 2 10 4 14 3 7 8 9 5 11 12 13 0 6
265 259 6 1 2 10 4 14 3 7 8 9 0 11 12 13 6 5
263 257 6 1 2 10 4 5 3 7 8 0 14 11 12 13 6 9
264 258 6 1 2 10 4 5 3 7 8 14 0 11 12 13 6 9
264 259 5 1 2 10 4 5 3 7 8 14 9 11 12 13 6 0
263 257 6 0 2 10 4 5 3 7 8 9 14 11 12 13 6 1
264 258 6 3 2 10 4 5 0 7 8 9 14 11 12 13 6 1
256 250 6 1 2 10 4 11 3 7 8 9 5 0 12 13 14 6
257 252 5 1 2 10 4 11 3 7 8 9 5 6 12 13 14 0
260 254 6 1 2 10 4 0 3 7 8 9 5 6 12 13 14 11
260 255 5 1 2 10 4 5 3 7 8 9 0 6 12 13 14 11
260 256 4 1 2 10 4 5 3 7 8 9 11 6 12 13 14 0
263 258 5 1 2 10 4 5 3 7 8 9 11 0 12 13 14 6
264 259 5 1 2 10 4 5 0 7 8 9 11 3 12 13 14 6
266 260 6 1 2 10 4 5 7 0 8 9 11 3 12 13 14 6
263 257 6 1 2 10 4 5 3 7 8 9 11 6 12 13 0 14
262 256 6 1 2 10 4 5 3 7 8 0 9 6 12 13 14 11
267 261 6 1 2 10 4 5 3 0 8 9 11 7 12 13 14 6
268 262 6 1 2 10 4 5 0 3 8 9 11 7 12 13 14 6
269 263 6 1 2 10 4 5 7 3 8 9 11 0 12 13 14 6
270 265 5 1 2 10 4 5 7 3 8 9 11 6 12 13 14 0
272 266 6 1 2 10 4 5 7 3 8 9 0 6 12 13 14 11
267 261 6 1 2 10 4 0 3 7 8 9 11 5 12 13 14 6
268 263 5 1 2 10 4 6 3 7 8 9 11 5 12 13 14 0
271 265 6 1 2 10 4 6 3 7 8 9 11 0 12 13 14 5
272 266 6 1 2 10 4 6 0 7 8 9 11 3 12 13 14 5
270 264 6 1 2 10 4 6 3 7 8 9 0 5 12 13 14 11
254 248 6 1 2 10 0 5 3 7 8 4 9 11 12 13 14 6
255 249 6 1 2 0 10 5 3 7 8 4 9 11 12 13 14 6
254 248 6 1 2 10 0 4 3 7 8 9 6 11 12 13 14 5
255 249 6 1 2 0 10 4 3 7 8 9 6 11 12 13 14 5
256 250 6 3 2 10 4 5 7 0 8 9 6 11 12 13 14 1
254 248 6 1 2 10 4 5 3 7 0 8 9 11 12 13 14 6
255 249 6 1 2 0 4 5 3 7 10 8 9 11 12 13 14 6
255 249 6 0 2 10 4 1 3 7 8 9 6 11 12 13 14 5
257 252 5 5 2 10 4 1 3 7 8 9 6 11 12 13 14 0
259 253 6 5 2 10 4 1 3 7 8 9 0 11 12 13 14 6
260 254 6 5 2 10 4 0 3 7 8 9 1 11 12 13 14 6
261 256 5 5 2 10 4 6 3 7 8 9 1 11 12 13 14 0
261 256 5 0 2 10 4 5 3 7 8 9 1 11 12 13 14 6
263 259 4 6 2 10 4 5 3 7 8 9 1 11 12 13 14 0
265 260 5 6 2 10 4 5 3 7 8 9 0 11 12 13 14 1
262 257 5 3 2 10 4 5 0 7 8 9 1 11 12 13 14 6
264 258 6 3 2 10 4 5 7 0 8 9 1 11 12 13 14 6
264 258 6 3 2 10 4 5 11 7 8 9 1 0 12 13 14 6
265 260 5 3 2 10 4 5 11 7 8 9 1 6 12 13 14 0
269 263 6 0 2 10 4 5 11 7 8 9 1 6 12 13 14 3
271 265 6 6 2 10 4 5 11 7 8 9 1 0 12 13 14 3
272 267 5 6 2 10 4 5 11 7 8 9 1 3 12 13 14 0
271 266 5 6 2 10 4 5 0 7 8 9 1 11 12 13 14 3
273 267 6 6 2 10 4 5 7 0 8 9 1 11 12 13 14 3
274 268 6 6 2 10 4 5 11 7 8 9 0 3 12 13 14 1
255 249 6 1 2 10 4 5 3 7 8 14 6 11 12 13 0 9
255 250 5 1 2 10 4 5 3 7 8 14 6 11 12 13 9 0
258 252 6 1 2 10 4 5 3 7 8 6 9 0 12 13 14 11
259 253 6 1 2 10 4 5 0 7 8 6 9 3 12 13 14 11
250 244 6 1 2 10 4 5 3 7 8 9 6 12 0 13 14 11
259 253 6 1 2 10 4 11 3 7 8 9 0 6 12 13 14 5
257 251 6 1 2 10 4 11 0 7 8 9 5 3 12 13 14 6
257 251 6 1 2 10 4 5 3 7 8 6 9 11 12 13 0 14
251 245 6 0 2 10 4 5 3 7 8 9 6 1 12 13 14 11
253 248 5 11 2 10 4 5 3 7 8 9 6 1 12 13 14 0
255 249 6 11 2 10 4 5 3 7 8 9 0 1 12 13 14 6
252 246 6 3 2 10 4 5 0 7 8 9 6 1 12 13 14 11
253 247 6 3 2 10 4 5 1 7 8 9 6 0 12 13 14 11
253 249 4 3 2 10 4 5 1 7 8 9 6 11 12 13 14 0
257 252 5 0 2 10 4 5 1 7 8 9 6 11 12 13 14 3
257 253 4 1 2 10 4 5 0 7 8 9 6 11 12 13 14 3
259 254 5 1 2 10 4 5 7 0 8 9 6 11 12 13 14 3
259 254 5 1 2 10 4 5 11 7 8 9 6 0 12 13 14 3
260 256 4 1 2 10 4 5 11 7 8 9 6 3 12 13 14 0
262 257 5 1 2 10 4 5 11 7 8 9 0 3 12 13 14 6
255 250 5 3 2 10 4 5 1 7 8 9 0 11 12 13 14 6
257 251 6 3 2 10 4 5 1 7 8 0 9 11 12 13 14 6
259 253 6 0 2 10 4 5 3 7 8 6 9 11 12 13 14 1
260 254 6 3 2 10 4 5 0 7 8 6 9 11 12 13 14 1
257 251 6 3 2 10 4 0 1 7 8 9 5 11 12 13 14 6
258 253 5 3 2 10 4 6 1 7 8 9 5 11 12 13 14 0
262 256 6 0 2 10 4 6 1 7 8 9 5 11 12 13 14 3
262 257 5 1 2 10 4 6 0 7 8 9 5 11 12 13 14 3
264 258 6 1 2 10 4 6 7 0 8 9 5 11 12 13 14 3
268 262 6 1 2 10 4 11 3 7 8 9 0 5 12 13 14 6
268 263 5 1 2 10 4 11 3 7 8 9 6 5 12 13 14 0
264 258 6 1 2 10 4 6 11 7 8 9 5 0 12 13 14 3
265 260 5 1 2 10 4 6 11 7 8 9 5 3 12 13 14 0
267 261 6 1 2 10 4 6 11 7 8 9 0 3 12 13 14 5
267 261 6 1 2 10 4 0 11 7 8 9 5 6 12 13 14 3
268 263 5 1 2 10 4 3 11 7 8 9 5 6 12 13 14 0
267 262 5 1 2 10 4 5 11 7 8 9 0 6 12 13 14 3
267 263 4 1 2 10 4 5 11 7 8 9 3 6 12 13 14 0
270 265 5 1 2 10 4 5 11 7 8 9 3 0 12 13 14 6
270 266 4 1 2 10 4 5 0 7 8 9 3 11 12 13 14 6
272 267 5 1 2 10 4 5 7 0 8 9 3 11 12 13 14 6
274 268 6 1 2 10 4 5 7 8 0 9 3 11 12 13 14 6
275 269 6 1 2 0 4 5 7 8 10 9 3 11 12 13 14 6
274 268 6 1 2 10 4 5 7 12 8 9 3 11 0 13 14 6
274 268 6 1 0 10 4 5 7 2 8 9 3 11 12 13 14 6
275 269 6 1 10 0 4 5 7 2 8 9 3 11 12 13 14 6
263 257 6 2 0 10 4 5 3 7 8 9 1 11 12 13 14 6
264 258 6 2 10 0 4 5 3 7 8 9 1 11 12 13 14 6
267 261 6 6 2 10 4 0 3 7 8 9 5 11 12 13 14 1
268 263 5 6 2 10 4 1 3 7 8 9 5 11 12 13 14 0
270 264 6 6 2 10 4 1 3 7 8 9 0 11 12 13 14 5
266 260 6 6 2 10 4 5 3 7 8 9 1 11 12 13 0 14
267 261 6 6 2 10 4 0 3 7 8 9 1 11 12 13 14 5
258 252 6 0 2 10 4 6 3 7 8 9 5 11 12 13 14 1
259 253 6 3 2 10 4 6 0 7 8 9 5 11 12 13 14 1
256 250 6 1 2 10 4 5 3 7 8 6 14 11 12 13 0 9
267 261 6 6 2 10 4 5 3 7 8 0 9 11 12 13 14 1
262 256 6 1 2 10 4 0 3 7 8 9 14 11 12 13 6 5
266 260 6 0 2 10 4 5 11 7 8 9 1 3 12 13 14 6
267 261 6 11 2 10 4 5 0 7 8 9 1 3 12 13 14 6
259 253 6 0 2 10 4 3 1 7 8 9 5 11 12 13 14 6
261 256 5 6 2 10 4 3 1 7 8 9 5 11 12 13 14 0
259 254 5 1 2 10 4 3 0 7 8 9 5 11 12 13 14 6
261 255 6 1 2 10 4 3 7 0 8 9 5 11 12 13 14 6
263 257 6 6 2 10 4 3 1 7 8 9 0 11 12 13 14 5
264 258 6 6 2 10 4 0 1 7 8 9 3 11 12 13 14 5
264 260 4 6 2 10 4 5 1 7 8 9 3 11 12 13 14 0
268 263 5 0 2 10 4 5 1 7 8 9 3 11 12 13 14 6
266 261 5 6 2 10 4 5 1 7 8 9 0 11 12 13 14 3
268 262 6 6 2 10 4 5 1 7 8 0 9 11 12 13 14 3
272 266 6 7 2 10 4 5 1 0 8 9 3 11 12 13 14 6
273 267 6 7 2 10 4 5 0 1 8 9 3 11 12 13 14 6
271 265 6 11 2 10 4 5 1 7 8 9 3 0 12 13 14 6
272 267 5 11 2 10 4 5 1 7 8 9 3 6 12 13 14 0
276 270 6 0 2 10 4 5 1 7 8 9 3 6 12 13 14 11
276 271 5 1 2 10 4 5 0 7 8 9 3 6 12 13 14 11
276 272 4 1 2 10 4 5 6 7 8 9 3 0 12 13 14 11
276 274 2 1 2 10 4 5 6 7 8 9 3 11 12 13 14 0
278 275 3 1 2 10 4 5 6 7 8 9 0 11 12 13 14 3
280 276 4 1 2 10 4 5 6 7 8 0 9 11 12 13 14 3
280 276 4 1 2 10 4 0 6 7 8 9 5 11 12 13 14 3
281 278 3 1 2 10 4 3 6 7 8 9 5 11 12 13 14 0
283 279 4 1 2 10 4 3 6 7 8 9 0 11 12 13 14 5
281 277 4 1 2 10 4 5 6 7 8 0 3 11 12 13 14 9
282 278 4 1 2 10 4 5 6 7 8 3 0 11 12 13 14 9
282 279 3 1 2 10 4 5 6 7 8 3 9 11 12 13 14 0
281 277 4 0 2 10 4 5 6 7 8 9 3 11 12 13 14 1
280 276 4 1 2 10 4 0 6 7 8 9 3 11 12 13 14 5
279 275 4 1 2 10 4 5 6 7 8 9 3 11 12 13 0 14
281 276 5 1 2 10 4 5 6 7 8 9 3 11 12 0 13 14
281 276 5 1 2 10 4 5 6 7 8 0 3 11 12 13 9 14
282 277 5 1 2 10 4 5 6 7 8 3 0 11 12 13 9 14
282 278 4 1 2 10 4 5 6 7 8 3 14 11 12 13 9 0
286 281 5 1 2 10 4 5 6 7 8 0 14 11 12 13 9 3
286 282 4 1 2 10 4 5 6 7 8 9 14 11 12 13 0 3
286 283 3 1 2 10 4 5 6 7 8 9 14 11 12 13 3 0
288 284 4 1 2 10 4 5 6 7 8 9 0 11 12 13 3 14
290 285 5 1 2 10 4 5 6 7 8 0 9 11 12 13 3 14
290 285 5 1 2 10 4 0 6 7 8 9 5 11 12 13 3 14
291 287 4 1 2 10 4 14 6 7 8 9 5 11 12 13 3 0
293 288 5 1 2 10 4 14 6 7 8 9 5 11 12 13 0 3
293 288 5 1 2 10 4 14 6 7 8 9 0 11 12 13 3 5
291 286 5 1 2 10 4 5 6 7 8 0 14 11 12 13 3 9
292 287 5 1 2 10 4 5 6 7 8 14 0 11 12 13 3 9
292 288 4 1 2 10 4 5 6 7 8 14 9 11 12 13 3 0
291 286 5 0 2 10 4 5 6 7 8 9 14 11 12 13 3 1
290 285 5 1 2 10 4 0 6 7 8 9 14 11 12 13 3 5
290 285 5 1 2 10 4 5 6 7 8 9 14 0 12 13 3 11
288 283 5 1 2 10 4 5 6 7 8 9 14 11 12 0 13 3
287 282 5 1 2 10 4 5 6 7 8 14 0 11 12 13 9 3
287 283 4 1 2 10 4 5 6 7 8 14 3 11 12 13 9 0
284 279 5 1 2 10 4 5 6 7 8 3 14 11 12 13 0 9
284 279 5 1 2 10 4 11 6 7 8 9 3 0 12 13 14 5
285 281 4 1 2 10 4 11 6 7 8 9 3 5 12 13 14 0
287 282 5 1 2 10 4 11 6 7 8 9 0 5 12 13 14 3
288 283 5 1 2 10 4 0 6 7 8 9 11 5 12 13 14 3
290 286 4 1 2 10 4 5 6 7 8 9 11 0 12 13 14 3
291 288 3 1 2 10 4 5 6 7 8 9 11 3 12 13 14 0
293 289 4 1 2 10 4 5 6 7 8 9 0 3 12 13 14 11
289 285 4 1 2 10 4 3 6 7 8 9 11 5 12 13 14 0
292 287 5 1 2 10 4 3 6 7 8 9 11 0 12 13 14 5
291 286 5 1 2 10 4 3 6 7 8 9 0 5 12 13 14 11
283 278 5 0 2 10 4 1 6 7 8 9 3 11 12 13 14 5
285 281 4 5 2 10 4 1 6 7 8 9 3 11 12 13 14 0
287 282 5 5 2 10 4 1 6 7 8 9 0 11 12 13 14 3
288 283 5 5 2 10 4 0 6 7 8 9 1 11 12 13 14 3
289 285 4 5 2 10 4 3 6 7 8 9 1 11 12 13 14 0
289 285 4 0 2 10 4 5 6 7 8 9 1 11 12 13 14 3
291 288 3 3 2 10 4 5 6 7 8 9 1 11 12 13 14 0
293 289 4 3 2 10 4 5 6 7 8 9 0 11 12 13 14 1
295 290 5 3 2 10 4 5 6 7 8 0 9 11 12 13 14 1
295 290 5 3 2 10 4 0 6 7 8 9 5 11 12 13 14 1
296 292 4 3 2 10 4 1 6 7 8 9 5 11 12 13 14 0
298 293 5 3 2 10 4 1 6 7 8 9 0 11 12 13 14 5
296 291 5 3 2 10 4 5 6 7 8 0 1 11 12 13 14 9
297 292 5 3 2 10 4 5 6 7 8 1 0 11 12 13 14 9
297 293 4 3 2 10 4 5 6 7 8 1 9 11 12 13 14 0
301 296 5 0 2 10 4 5 6 7 8 1 9 11 12 13 14 3
295 290 5 3 2 10 4 0 6 7 8 9 1 11 12 13 14 5
295 290 5 3 2 10 4 5 6 7 8 9 1 0 12 13 14 11
297 292 5 0 2 10 4 5 6 7 8 9 1 3 12 13 14 11
299 295 4 11 2 10 4 5 6 7 8 9 1 3 12 13 14 0
301 296 5 11 2 10 4 5 6 7 8 9 0 3 12 13 14 1
294 289 5 3 2 10 4 5 6 7 8 9 1 11 12 13 0 14
292 287 5 1 2 10 4 5 6 7 8 9 11 12 0 13 14 3
292 287 5 1 2 10 4 5 0 7 8 9 11 6 12 13 14 3
292 287 5 11 2 10 4 5 6 7 8 9 1 0 12 13 14 3
295 290 5 1 2 10 4 0 6 7 8 9 5 3 12 13 14 11
296 292 4 1 2 10 4 11 6 7 8 9 5 3 12 13 14 0
298 293 5 1 2 10 4 11 6 7 8 9 0 3 12 13 14 5
291 286 5 2 0 10 4 5 6 7 8 9 1 11 12 13 14 3
292 287 5 2 10 0 4 5 6 7 8 9 1 11 12 13 14 3
291 286 5 5 2 10 4 3 6 7 8 9 0 11 12 13 14 1
296 291 5 1 2 10 4 5 6 7 8 0 11 3 12 13 14 9
297 292 5 1 2 10 4 5 6 7 8 11 0 3 12 13 14 9
297 293 4 1 2 10 4 5 6 7 8 11 9 3 12 13 14 0
300 295 5 1 2 10 4 5 6 7 8 11 9 0 12 13 14 3
296 291 5 0 2 10 4 5 6 7 8 9 11 3 12 13 14 1
298 293 5 3 2 10 4 5 6 7 8 9 11 0 12 13 14 1
299 295 4 3 2 10 4 5 6 7 8 9 11 1 12 13 14 0
301 296 5 3 2 10 4 5 6 7 8 9 0 1 12 13 14 11
284 279 5 1 2 10 4 9 6 7 8 0 3 11 12 13 14 5
285 280 5 1 2 10 4 9 6 7 8 3 0 11 12 13 14 5
285 281 4 1 2 10 4 9 6 7 8 3 5 11 12 13 14 0
295 290 5 1 2 10 4 0 6 7 8 9 11 3 12 13 14 5
294 289 5 1 2 10 4 5 6 7 8 9 11 3 12 13 0 14
295 290 5 1 2 10 4 5 6 7 8 0 9 3 12 13 14 11
293 288 5 7 2 10 4 5 6 0 8 9 1 11 12 13 14 3
293 288 5 0 2 10 4 3 6 7 8 9 1 11 12 13 14 5
293 288 5 0 2 10 4 5 6 7 8 9 11 1 12 13 14 3
294 289 5 1 2 10 4 5 6 0 8 9 11 7 12 13 14 3
282 277 5 1 2 10 0 4 6 7 8 9 3 11 12 13 14 5
283 278 5 1 2 0 10 4 6 7 8 9 3 11 12 13 14 5
286 281 5 1 2 10 4 5 6 7 8 3 9 0 12 13 14 11
285 280 5 7 2 10 4 5 6 0 8 9 3 11 12 13 14 1
284 279 5 11 2 10 4 5 6 7 8 9 3 0 12 13 14 1
285 281 4 11 2 10 4 5 6 7 8 9 3 1 12 13 14 0
287 282 5 11 2 10 4 5 6 7 8 9 0 1 12 13 14 3
284 279 5 5 2 10 4 0 6 7 8 9 3 11 12 13 14 1
282 277 5 1 2 10 4 5 6 7 0 8 9 11 12 13 14 3
283 278 5 1 2 0 4 5 6 7 10 8 9 11 12 13 14 3
280 275 5 1 2 10 4 0 6 7 8 9 3 5 12 13 14 11
280 275 5 1 2 10 4 5 6 0 8 9 3 7 12 13 14 11
282 277 5 1 2 10 4 5 6 7 8 14 9 11 12 13 0 3
282 277 5 1 2 10 0 5 6 7 8 4 9 11 12 13 14 3
283 278 5 1 2 0 10 5 6 7 8 4 9 11 12 13 14 3
283 278 5 2 0 10 4 5 6 7 8 9 3 11 12 13 14 1
284 279 5 2 10 0 4 5 6 7 8 9 3 11 12 13 14 1
283 278 5 1 2 10 0 5 6 7 8 4 3 11 12 13 14 9
284 279 5 1 2 0 10 5 6 7 8 4 3 11 12 13 14 9
284 279 5 1 2 10 4 9 6 7 8 0 5 11 12 13 14 3
285 280 5 1 2 10 4 9 6 7 8 5 0 11 12 13 14 3
285 281 4 1 2 10 4 9 6 7 8 5 3 11 12 13 14 0
288 283 5 1 2 10 4 0 6 7 8 5 3 11 12 13 14 9
289 284 5 1 2 10 4 3 6 7 8 5 0 11 12 13 14 9
289 285 4 1 2 10 4 3 6 7 8 5 9 11 12 13 14 0
286 281 5 1 2 10 4 0 6 7 8 5 9 11 12 13 14 3
283 278 5 0 2 10 4 1 6 7 8 9 5 11 12 13 14 3
284 279 5 1 2 10 4 11 6 7 8 9 5 0 12 13 14 3
285 280 5 1 2 10 4 3 6 7 8 0 9 11 12 13 14 5
286 281 5 0 2 10 4 3 6 7 8 9 5 11 12 13 14 1
284 279 5 1 2 10 4 3 6 7 8 9 5 11 12 13 0 14
285 280 5 1 2 10 4 3 6 7 8 9 5 0 12 13 14 11
286 281 5 1 2 10 4 3 6 7 8 0 5 11 12 13 14 9
279 274 5 0 2 10 4 5 6 7 8 9 3 1 12 13 14 11
283 278 5 6 2 10 4 5 0 7 8 9 3 11 12 13 14 1
284 279 5 1 2 10 4 0 6 7 8 3 5 11 12 13 14 9
283 278 5 1 2 10 4 5 6 7 8 14 3 11 12 13 0 9
282 277 5 1 2 10 0 4 6 7 8 9 5 11 12 13 14 3
283 278 5 1 2 0 10 4 6 7 8 9 5 11 12 13 14 3
278 273 5 1 2 10 4 5 6 7 8 9 3 12 0 13 14 11
283 278 5 1 2 10 4 5 6 7 0 8 3 11 12 13 14 9
284 279 5 1 2 0 4 5 6 7 10 8 3 11 12 13 14 9
285 280 5 1 2 10 4 5 6 7 8 3 9 11 12 13 0 14
287 282 5 0 2 10 4 5 6 7 8 3 9 11 12 13 14 1
286 281 5 1 2 10 4 0 6 7 8 3 9 11 12 13 14 5
290 284 6 1 2 10 4 11 6 7 8 3 9 0 12 13 14 5
291 286 5 1 2 10 4 11 6 7 8 3 9 5 12 13 14 0
293 287 6 1 2 10 4 11 6 7 8 3 0 5 12 13 14 9
294 288 6 1 2 10 4 0 6 7 8 3 11 5 12 13 14 9
296 291 5 1 2 10 4 5 6 7 8 3 11 0 12 13 14 9
297 293 4 1 2 10 4 5 6 7 8 3 11 9 12 13 14 0
301 296 5 1 2 10 4 5 6 7 8 0 11 9 12 13 14 3
302 297 5 1 2 10 4 5 6 7 8 11 0 9 12 13 14 3
302 298 4 1 2 10 4 5 6 7 8 11 3 9 12 13 14 0
306 301 5 1 2 10 4 5 6 7 8 0 3 9 12 13 14 11
305 300 5 1 2 10 4 5 6 7 8 11 3 0 12 13 14 9
299 294 5 1 2 10 4 5 6 7 8 3 0 9 12 13 14 11
295 290 5 1 2 10 4 9 6 7 8 3 11 5 12 13 14 0
298 292 6 1 2 10 4 9 6 7 8 3 11 0 12 13 14 5
297 291 6 1 2 10 4 9 6 7 8 3 0 5 12 13 14 11
301 295 6 1 2 10 4 0 6 7 8 3 5 9 12 13 14 11
302 297 5 1 2 10 4 11 6 7 8 3 5 9 12 13 14 0
306 300 6 1 2 10 4 11 6 7 8 0 5 9 12 13 14 3
307 301 6 1 2 10 4 11 6 7 8 5 0 9 12 13 14 3
307 302 5 1 2 10 4 11 6 7 8 5 3 9 12 13 14 0
311 305 6 1 2 10 4 11 6 7 8 0 3 9 12 13 14 5
310 304 6 1 2 10 4 0 6 7 8 5 3 9 12 13 14 11
311 305 6 1 2 10 4 3 6 7 8 5 0 9 12 13 14 11
311 306 5 1 2 10 4 3 6 7 8 5 11 9 12 13 14 0
315 309 6 1 2 10 4 3 6 7 8 0 11 9 12 13 14 5
316 310 6 1 2 10 4 3 6 7 8 11 0 9 12 13 14 5
316 311 5 1 2 10 4 3 6 7 8 11 5 9 12 13 14 0
319 313 6 1 2 10 4 3 6 7 8 11 5 0 12 13 14 9
314 308 6 1 2 10 4 3 6 7 8 5 11 0 12 13 14 9
317 311 6 1 2 10 4 0 6 7 8 5 11 3 12 13 14 9
318 313 5 1 2 10 4 9 6 7 8 5 11 3 12 13 14 0
321 315 6 1 2 10 4 9 6 7 8 5 11 0 12 13 14 3
320 314 6 1 2 10 4 9 6 7 8 5 0 3 12 13 14 11
321 315 6 1 2 10 4 0 6 7 8 5 9 3 12 13 14 11
322 317 5 1 2 10 4 11 6 7 8 5 9 3 12 13 14 0
318 312 6 1 2 10 4 11 6 7 8 5 0 3 12 13 14 9
286 280 6 1 2 10 4 11 0 7 8 9 3 6 12 13 14 5
292 286 6 1 2 10 4 5 6 7 8 9 14 12 0 13 3 11
287 281 6 0 2 10 4 5 6 7 8 3 14 11 12 13 9 1
290 284 6 1 2 10 4 5 6 7 8 9 14 11 0 12 13 3
288 282 6 1 2 10 4 5 6 7 0 8 14 11 12 13 9 3
289 283 6 1 2 0 4 5 6 7 10 8 14 11 12 13 9 3
286 280 6 1 2 10 4 5 6 7 8 3 14 11 12 0 13 9
291 285 6 1 2 10 4 0 6 7 8 14 3 11 12 13 9 5
294 288 6 1 2 10 4 14 6 7 8 0 3 11 12 13 9 5
294 289 5 1 2 10 4 14 6 7 8 9 3 11 12 13 0 5
294 290 4 1 2 10 4 14 6 7 8 9 3 11 12 13 5 0
297 292 5 1 2 10 4 0 6 7 8 9 3 11 12 13 5 14
298 293 5 1 2 10 4 3 6 7 8 9 0 11 12 13 5 14
298 294 4 1 2 10 4 3 6 7 8 9 14 11 12 13 5 0
301 296 5 1 2 10 4 0 6 7 8 9 14 11 12 13 5 3
300 295 5 1 2 10 4 3 6 7 8 9 14 11 12 13 0 5
296 291 5 1 2 10 4 14 6 7 8 9 0 11 12 13 5 3
298 292 6 1 2 10 4 14 6 7 8 0 9 11 12 13 5 3
299 293 6 1 2 10 4 14 6 7 8 5 9 11 12 13 0 3
299 294 5 1 2 10 4 14 6 7 8 5 9 11 12 13 3 0
302 296 6 1 2 10 4 0 6 7 8 5 9 11 12 13 3 14
303 297 6 1 2 10 4 9 6 7 8 5 0 11 12 13 3 14
303 298 5 1 2 10 4 9 6 7 8 5 14 11 12 13 3 0
306 300 6 1 2 10 4 0 6 7 8 5 14 11 12 13 3 9
305 299 6 1 2 10 4 9 6 7 8 5 14 11 12 13 0 3
301 295 6 1 2 10 4 14 6 7 8 5 0 11 12 13 3 9
294 288 6 0 2 10 4 3 6 7 8 9 11 5 12 13 14 1
296 290 6 5 2 10 4 3 6 7 8 9 11 0 12 13 14 1
297 292 5 5 2 10 4 3 6 7 8 9 11 1 12 13 14 0
299 293 6 5 2 10 4 3 6 7 8 9 0 1 12 13 14 11
285 279 6 2 0 10 4 1 6 7 8 9 3 11 12 13 14 5
286 280 6 2 10 0 4 1 6 7 8 9 3 11 12 13 14 5
294 288 6 1 2 10 4 3 6 7 8 9 11 12 0 13 14 5
288 282 6 5 2 10 4 1 6 7 8 9 3 11 12 13 0 14
286 280 6 11 2 10 4 1 6 7 8 9 3 0 12 13 14 5
287 282 5 11 2 10 4 1 6 7 8 9 3 5 12 13 14 0
289 283 6 11 2 10 4 1 6 7 8 9 0 5 12 13 14 3
290 284 6 5 2 10 4 1 6 7 8 0 3 11 12 13 14 9
291 285 6 5 2 10 4 1 6 7 8 3 0 11 12 13 14 9
291 286 5 5 2 10 4 1 6 7 8 3 9 11 12 13 14 0
292 286 6 5 2 10 4 0 6 7 8 3 1 11 12 13 14 9
293 288 5 5 2 10 4 9 6 7 8 3 1 11 12 13 14 0
293 288 5 0 2 10 4 5 6 7 8 3 1 11 12 13 14 9
295 291 4 9 2 10 4 5 6 7 8 3 1 11 12 13 14 0
299 294 5 9 2 10 4 5 6 7 8 0 1 11 12 13 14 3
300 295 5 9 2 10 4 5 6 7 8 1 0 11 12 13 14 3
300 296 4 9 2 10 4 5 6 7 8 1 3 11 12 13 14 0
304 299 5 9 2 10 4 5 6 7 8 0 3 11 12 13 14 1
304 299 5 0 2 10 4 5 6 7 8 1 3 11 12 13 14 9
297 292 5 9 2 10 4 5 6 7 8 3 0 11 12 13 14 1
299 293 6 9 2 10 4 0 6 7 8 3 5 11 12 13 14 1
300 295 5 9 2 10 4 1 6 7 8 3 5 11 12 13 14 0
304 298 6 9 2 10 4 1 6 7 8 0 5 11 12 13 14 3
305 299 6 9 2 10 4 1 6 7 8 5 0 11 12 13 14 3
305 300 5 9 2 10 4 1 6 7 8 5 3 11 12 13 14 0
309 303 6 9 2 10 4 1 6 7 8 0 3 11 12 13 14 5
308 302 6 9 2 10 4 0 6 7 8 5 3 11 12 13 14 1
309 303 6 9 2 10 4 3 6 7 8 5 0 11 12 13 14 1
309 304 5 9 2 10 4 3 6 7 8 5 1 11 12 13 14 0
313 307 6 9 2 10 4 3 6 7 8 0 1 11 12 13 14 5
314 308 6 9 2 10 4 3 6 7 8 1 0 11 12 13 14 5
314 309 5 9 2 10 4 3 6 7 8 1 5 11 12 13 14 0
318 312 6 0 2 10 4 3 6 7 8 1 5 11 12 13 14 9
299 293 6 3 2 10 4 11 6 7 8 9 5 0 12 13 14 1
300 295 5 3 2 10 4 11 6 7 8 9 5 1 12 13 14 0
302 296 6 3 2 10 4 11 6 7 8 9 0 1 12 13 14 5
313 307 6 0 2 10 4 3 6 7 8 5 1 11 12 13 14 9
315 309 6 3 2 10 4 0 6 7 8 5 1 11 12 13 14 9
316 311 5 3 2 10 4 9 6 7 8 5 1 11 12 13 14 0
320 314 6 0 2 10 4 9 6 7 8 5 1 11 12 13 14 3
318 312 6 3 2 10 4 9 6 7 8 5 0 11 12 13 14 1
319 313 6 3 2 10 4 0 6 7 8 5 9 11 12 13 14 1
320 315 5 3 2 10 4 1 6 7 8 5 9 11 12 13 14 0
316 310 6 3 2 10 4 1 6 7 8 5 0 11 12 13 14 9
299 293 6 3 2 10 4 9 6 7 8 0 1 11 12 13 14 5
300 294 6 3 2 10 4 9 6 7 8 1 0 11 12 13 14 5
300 295 5 3 2 10 4 9 6 7 8 1 5 11 12 13 14 0
304 298 6 0 2 10 4 9 6 7 8 1 5 11 12 13 14 3
297 291 6 3 2 10 0 4 6 7 8 9 1 11 12 13 14 5
298 292 6 3 2 0 10 4 6 7 8 9 1 11 12 13 14 5
299 293 6 6 2 10 4 5 0 7 8 9 1 3 12 13 14 11
288 282 6 0 2 10 4 3 6 7 8 9 5 1 12 13 14 11
290 285 5 11 2 10 4 3 6 7 8 9 5 1 12 13 14 0
292 286 6 11 2 10 4 3 6 7 8 9 0 1 12 13 14 5
299 293 6 2 0 10 4 5 6 7 8 9 1 3 12 13 14 11
300 294 6 2 10 0 4 5 6 7 8 9 1 3 12 13 14 11
302 296 6 11 2 10 4 5 6 7 8 9 1 3 12 13 0 14
294 288 6 11 2 10 4 5 6 7 8 9 1 12 0 13 14 3
296 290 6 3 2 10 4 5 6 7 8 9 1 11 12 0 13 14
296 290 6 3 2 10 4 5 6 7 8 0 1 11 12 13 9 14
297 291 6 3 2 10 4 5 6 7 8 1 0 11 12 13 9 14
297 292 5 3 2 10 4 5 6 7 8 1 14 11 12 13 9 0
301 295 6 3 2 10 4 5 6 7 8 0 14 11 12 13 9 1
301 296 5 3 2 10 4 5 6 7 8 9 14 11 12 13 0 1
301 297 4 3 2 10 4 5 6 7 8 9 14 11 12 13 1 0
305 300 5 0 2 10 4 5 6 7 8 9 14 11 12 13 1 3
303 298 5 3 2 10 4 5 6 7 8 9 0 11 12 13 1 14
305 299 6 3 2 10 4 5 6 7 8 0 9 11 12 13 1 14
305 299 6 3 2 10 4 5 6 7 8 9 14 0 12 13 1 11
307 301 6 0 2 10 4 5 6 7 8 9 14 3 12 13 1 11
309 304 5 11 2 10 4 5 6 7 8 9 14 3 12 13 1 0
311 305 6 11 2 10 4 5 6 7 8 9 14 3 12 13 0 1
311 305 6 11 2 10 4 5 6 7 8 9 0 3 12 13 1 14
300 294 6 1 2 10 4 5 6 7 8 11 9 3 12 13 0 14
301 295 6 1 2 10 4 5 6 7 8 0 9 3 12 13 11 14
301 296 5 1 2 10 4 5 6 7 8 9 0 3 12 13 11 14
301 297 4 1 2 10 4 5 6 7 8 9 14 3 12 13 11 0
304 299 5 1 2 10 4 5 6 7 8 9 14 0 12 13 11 3
303 298 5 1 2 10 4 5 6 7 8 9 14 3 12 13 0 11
305 299 6 1 2 10 4 5 6 7 8 9 14 3 12 0 13 11
305 299 6 1 2 10 4 5 6 7 8 0 14 3 12 13 9 11
306 300 6 1 2 10 4 5 6 7 8 14 0 3 12 13 9 11
306 301 5 1 2 10 4 5 6 7 8 14 11 3 12 13 9 0
309 303 6 1 2 10 4 5 6 7 8 14 11 0 12 13 9 3
301 295 6 1 2 10 4 0 6 7 8 11 9 3 12 13 14 5
304 298 6 1 2 10 4 3 6 7 8 11 9 0 12 13 14 5
305 300 5 1 2 10 4 3 6 7 8 11 9 5 12 13 14 0
307 301 6 1 2 10 4 3 6 7 8 11 0 5 12 13 14 9
302 296 6 1 2 10 4 9 6 7 8 11 0 3 12 13 14 5
302 297 5 1 2 10 4 9 6 7 8 11 5 3 12 13 14 0
305 299 6 1 2 10 4 9 6 7 8 11 5 0 12 13 14 3
299 293 6 5 2 10 4 0 6 7 8 9 11 3 12 13 14 1
300 295 5 5 2 10 4 1 6 7 8 9 11 3 12 13 14 0
303 297 6 5 2 10 4 1 6 7 8 9 11 0 12 13 14 3
302 296 6 5 2 10 4 1 6 7 8 9 0 3 12 13 14 11
290 284 6 0 2 10 4 9 6 7 8 3 5 11 12 13 14 1
300 294 6 7 2 10 4 5 6 0 8 9 11 3 12 13 14 1
303 297 6 3 2 10 4 0 6 7 8 9 11 1 12 13 14 5
306 300 6 3 2 10 4 1 6 7 8 9 11 0 12 13 14 5
307 302 5 3 2 10 4 1 6 7 8 9 11 5 12 13 14 0
309 303 6 3 2 10 4 1 6 7 8 9 0 5 12 13 14 11
303 297 6 3 2 10 4 5 6 7 8 0 9 1 12 13 14 11
286 280 6 1 2 10 4 9 6 7 0 8 3 11 12 13 14 5
287 281 6 1 2 0 4 9 6 7 10 8 3 11 12 13 14 5
286 280 6 1 2 10 4 9 6 7 8 14 3 11 12 13 0 5
286 281 5 1 2 10 4 9 6 7 8 14 3 11 12 13 5 0
289 283 6 1 2 10 4 0 6 7 8 14 3 11 12 13 5 9
290 284 6 1 2 10 4 3 6 7 8 14 0 11 12 13 5 9
290 285 5 1 2 10 4 3 6 7 8 14 9 11 12 13 5 0
293 287 6 1 2 10 4 0 6 7 8 14 9 11 12 13 5 3
288 282 6 1 2 10 4 9 6 7 8 14 0 11 12 13 5 3
298 292 6 0 2 10 4 1 6 7 8 9 11 3 12 13 14 5
297 291 6 1 2 10 4 5 6 7 0 8 9 3 12 13 14 11
298 292 6 1 2 0 4 5 6 7 10 8 9 3 12 13 14 11
304 298 6 11 2 10 4 5 6 7 8 0 1 3 12 13 14 9
305 299 6 11 2 10 4 5 6 7 8 1 0 3 12 13 14 9
305 300 5 11 2 10 4 5 6 7 8 1 9 3 12 13 14 0
309 303 6 0 2 10 4 5 6 7 8 1 9 3 12 13 14 11
297 291 6 1 2 10 4 5 6 7 8 14 9 3 12 13 0 11
297 292 5 1 2 10 4 5 6 7 8 14 9 3 12 13 11 0
300 294 6 1 2 10 4 5 6 7 8 14 9 0 12 13 11 3
299 293 6 1 2 10 4 5 6 7 8 14 0 3 12 13 11 9
296 290 6 11 2 10 4 3 6 7 8 9 1 0 12 13 14 5
297 292 5 11 2 10 4 3 6 7 8 9 1 5 12 13 14 0
301 295 6 0 2 10 4 3 6 7 8 9 1 5 12 13 14 11
299 293 6 11 2 10 4 3 6 7 8 9 0 5 12 13 14 1
295 289 6 2 0 10 4 3 6 7 8 9 1 11 12 13 14 5
296 290 6 2 10 0 4 3 6 7 8 9 1 11 12 13 14 5
287 281 6 1 2 10 4 3 6 7 8 9 5 12 0 13 14 11
286 280 6 11 2 10 4 5 6 7 8 9 3 12 0 13 14 1
285 279 6 1 0 2 10 4 6 7 8 9 3 11 12 13 14 5
296 290 6 1 2 10 4 5 6 12 8 9 11 7 0 13 14 3
297 291 6 1 2 10 4 5 6 12 8 9 11 0 7 13 14 3
298 293 5 1 2 10 4 5 6 12 8 9 11 3 7 13 14 0
300 294 6 1 2 10 4 5 6 12 8 9 0 3 7 13 14 11
296 290 6 1 0 10 4 5 6 2 8 9 11 7 12 13 14 3
297 291 6 1 10 0 4 5 6 2 8 9 11 7 12 13 14 3
284 278 6 1 2 10 9 4 6 7 8 0 3 11 12 13 14 5
285 279 6 1 2 10 9 4 6 7 8 3 0 11 12 13 14 5
285 280 5 1 2 10 9 4 6 7 8 3 5 11 12 13 14 0
288 282 6 1 2 10 9 0 6 7 8 3 5 11 12 13 14 4
288 283 5 1 2 10 9 5 6 7 8 3 0 11 12 13 14 4
288 284 4 1 2 10 9 5 6 7 8 3 4 11 12 13 14 0
292 287 5 1 2 10 9 5 6 7 8 0 4 11 12 13 14 3
292 288 4 1 2 10 0 5 6 7 8 9 4 11 12 13 14 3
293 289 4 1 2 0 10 5 6 7 8 9 4 11 12 13 14 3
295 290 5 1 0 2 10 5 6 7 8 9 4 11 12 13 14 3
295 290 5 1 2 8 10 5 6 7 0 9 4 11 12 13 14 3
294 289 5 1 2 10 5 0 6 7 8 9 4 11 12 13 14 3
295 291 4 1 2 10 5 3 6 7 8 9 4 11 12 13 14 0
297 292 5 1 2 10 5 3 6 7 8 9 0 11 12 13 14 4
298 293 5 1 2 10 5 0 6 7 8 9 3 11 12 13 14 4
299 295 4 1 2 10 5 4 6 7 8 9 3 11 12 13 14 0
298 294 4 1 2 10 0 5 6 7 8 9 3 11 12 13 14 4
299 295 4 1 2 0 10 5 6 7 8 9 3 11 12 13 14 4
301 296 5 1 0 2 10 5 6 7 8 9 3 11 12 13 14 4
301 296 5 1 2 8 10 5 6 7 0 9 3 11 12 13 14 4
295 290 5 1 2 10 5 4 6 7 8 9 0 11 12 13 14 3
293 288 5 1 2 10 9 5 6 7 8 4 0 11 12 13 14 3
293 289 4 1 2 10 9 5 6 7 8 4 3 11 12 13 14 0
289 284 5 1 2 10 9 5 6 7 8 0 3 11 12 13 14 4
291 285 6 1 2 10 9 5 6 7 0 8 3 11 12 13 14 4
292 286 6 1 2 0 9 5 6 7 10 8 3 11 12 13 14 4
293 287 6 1 2 9 0 5 6 7 10 8 3 11 12 13 14 4
294 288 6 1 2 9 8 5 6 7 10 0 3 11 12 13 14 4
295 289 6 1 2 9 8 5 6 7 10 3 0 11 12 13 14 4
295 290 5 1 2 9 8 5 6 7 10 3 4 11 12 13 14 0
299 293 6 1 2 9 8 5 6 7 10 0 4 11 12 13 14 3
300 294 6 1 2 9 8 5 6 7 10 4 0 11 12 13 14 3
300 295 5 1 2 9 8 5 6 7 10 4 3 11 12 13 14 0
300 294 6 1 2 9 8 5 6 7 0 10 4 11 12 13 14 3
301 295 6 1 2 0 8 5 6 7 9 10 4 11 12 13 14 3
302 296 6 1 2 8 0 5 6 7 9 10 4 11 12 13 14 3
289 283 6 11 2 10 4 0 6 7 8 9 3 1 12 13 14 5
289 283 6 11 2 10 4 5 6 7 8 0 9 1 12 13 14 3
284 278 6 1 2 10 5 0 6 7 8 4 9 11 12 13 14 3
285 280 5 1 2 10 5 3 6 7 8 4 9 11 12 13 14 0
287 281 6 1 2 10 5 3 6 7 8 4 0 11 12 13 14 9
285 279 6 1 2 10 5 9 6 7 8 4 0 11 12 13 14 3
285 280 5 1 2 10 5 9 6 7 8 4 3 11 12 13 14 0
285 279 6 1 0 2 4 5 6 7 10 8 9 11 12 13 14 3
282 276 6 1 0 10 4 5 6 2 8 9 3 7 12 13 14 11
283 277 6 1 10 0 4 5 6 2 8 9 3 7 12 13 14 11
284 278 6 1 2 10 4 9 6 7 8 0 3 5 12 13 14 11
282 276 6 1 2 10 4 5 6 12 8 9 3 7 0 13 14 11
283 277 6 1 2 10 4 5 6 12 8 9 3 0 7 13 14 11
283 279 4 1 2 10 4 5 6 12 8 9 3 11 7 13 14 0
285 280 5 1 2 10 4 5 6 12 8 9 0 11 7 13 14 3
287 281 6 1 2 10 4 5 6 12 8 0 9 11 7 13 14 3
292 286 6 1 2 10 0 5 6 7 8 4 9 11 12 13 3 14
293 287 6 1 2 0 10 5 6 7 8 4 9 11 12 13 3 14
287 281 6 1 2 10 4 0 6 12 8 9 5 11 7 13 14 3
288 283 5 1 2 10 4 3 6 12 8 9 5 11 7 13 14 0
290 284 6 1 2 10 4 3 6 12 8 9 0 11 7 13 14 5
285 279 6 1 0 2 10 5 6 7 8 4 9 11 12 13 14 3
286 280 6 2 10 4 0 5 6 7 8 9 3 11 12 13 14 1
286 280 6 1 0 2 10 5 6 7 8 4 3 11 12 13 14 9
286 280 6 1 2 8 10 5 6 7 0 4 3 11 12 13 14 9
287 281 6 1 2 8 10 5 6 7 4 0 3 11 12 13 14 9
288 282 6 1 2 8 10 5 6 7 4 3 0 11 12 13 14 9
288 283 5 1 2 8 10 5 6 7 4 3 9 11 12 13 14 0
292 286 6 1 2 8 10 5 6 7 4 0 9 11 12 13 14 3
292 287 5 1 2 8 10 5 6 7 4 9 0 11 12 13 14 3
292 288 4 1 2 8 10 5 6 7 4 9 3 11 12 13 14 0
297 291 6 0 2 8 10 5 6 7 4 9 3 11 12 13 14 1
296 290 6 1 2 8 10 0 6 7 4 9 3 11 12 13 14 5
297 291 6 1 2 8 0 10 6 7 4 9 3 11 12 13 14 5
298 292 6 1 2 0 8 10 6 7 4 9 3 11 12 13 14 5
299 293 6 1 2 4 8 10 6 7 0 9 3 11 12 13 14 5
297 291 6 1 2 8 10 3 6 7 4 9 0 11 12 13 14 5
297 292 5 1 2 8 10 3 6 7 4 9 5 11 12 13 14 0
288 282 6 1 2 10 0 4 6 7 8 5 9 11 12 13 14 3
289 283 6 1 2 0 10 4 6 7 8 5 9 11 12 13 14 3
293 287 6 1 2 10 4 3 6 7 8 5 9 0 12 13 14 11
290 284 6 1 2 10 4 11 6 7 8 5 9 0 12 13 14 3
289 283 6 0 2 10 4 1 6 7 8 5 9 11 12 13 14 3
286 280 6 11 2 10 4 1 6 7 8 9 5 0 12 13 14 3
287 282 5 11 2 10 4 1 6 7 8 9 5 3 12 13 14 0
289 283 6 11 2 10 4 1 6 7 8 9 0 3 12 13 14 5
285 279 6 2 0 10 4 1 6 7 8 9 5 11 12 13 14 3
286 280 6 2 10 0 4 1 6 7 8 9 5 11 12 13 14 3
287 281 6 1 2 10 0 3 6 7 8 4 9 11 12 13 14 5
288 282 6 1 2 10 3 0 6 7 8 4 9 11 12 13 14 5
288 284 4 1 2 10 3 5 6 7 8 4 9 11 12 13 14 0
292 287 5 1 2 10 3 5 6 7 8 0 9 11 12 13 14 4
292 288 4 1 2 10 3 5 6 7 8 9 0 11 12 13 14 4
292 289 3 1 2 10 3 5 6 7 8 9 4 11 12 13 14 0
297 292 5 1 2 10 3 5 6 7 8 0 4 11 12 13 14 9
298 293 5 1 2 10 0 5 6 7 8 3 4 11 12 13 14 9
299 294 5 1 2 0 10 5 6 7 8 3 4 11 12 13 14 9
297 292 5 0 2 10 3 5 6 7 8 9 4 11 12 13 14 1
296 291 5 1 2 10 3 0 6 7 8 9 4 11 12 13 14 5
297 292 5 1 2 10 0 3 6 7 8 9 4 11 12 13 14 5
298 293 5 1 2 0 10 3 6 7 8 9 4 11 12 13 14 5
297 292 5 1 2 10 3 4 6 7 8 9 0 11 12 13 14 5
297 293 4 1 2 10 3 4 6 7 8 9 5 11 12 13 14 0
296 291 5 1 2 10 3 5 6 7 8 9 4 0 12 13 14 11
295 290 5 1 2 10 3 5 6 7 8 9 4 11 12 13 0 14
294 289 5 1 2 10 3 0 6 7 8 9 5 11 12 13 14 4
295 290 5 1 2 10 0 3 6 7 8 9 5 11 12 13 14 4
296 291 5 1 2 0 10 3 6 7 8 9 5 11 12 13 14 4
293 288 5 1 2 10 0 5 6 7 8 3 9 11 12 13 14 4
294 289 5 1 2 0 10 5 6 7 8 3 9 11 12 13 14 4
290 285 5 1 2 10 3 5 6 7 8 4 0 11 12 13 14 9
292 286 6 1 2 10 3 0 6 7 8 4 5 11 12 13 14 9
293 288 5 1 2 10 3 9 6 7 8 4 5 11 12 13 14 0
297 291 6 1 2 10 3 9 6 7 8 0 5 11 12 13 14 4
298 292 6 1 2 10 3 9 6 7 8 5 0 11 12 13 14 4
298 293 5 1 2 10 3 9 6 7 8 5 4 11 12 13 14 0
301 295 6 1 2 10 3 0 6 7 8 5 4 11 12 13 14 9
302 296 6 1 2 10 0 3 6 7 8 5 4 11 12 13 14 9
303 297 6 1 2 0 10 3 6 7 8 5 4 11 12 13 14 9
302 296 6 1 2 10 3 4 6 7 8 5 0 11 12 13 14 9
302 297 5 1 2 10 3 4 6 7 8 5 9 11 12 13 14 0
285 279 6 6 2 10 4 5 11 7 8 9 3 0 12 13 14 1
286 281 5 6 2 10 4 5 11 7 8 9 3 1 12 13 14 0
288 282 6 6 2 10 4 5 11 7 8 9 0 1 12 13 14 3
288 282 6 1 2 10 0 3 6 7 8 4 5 11 12 13 14 9
289 283 6 1 2 0 10 3 6 7 8 4 5 11 12 13 14 9
282 276 6 5 2 10 4 0 6 7 8 9 3 1 12 13 14 11
283 278 5 5 2 10 4 11 6 7 8 9 3 1 12 13 14 0
285 279 6 5 2 10 4 11 6 7 8 9 0 1 12 13 14 3
281 275 6 2 0 10 4 5 6 7 8 9 3 1 12 13 14 11
282 276 6 2 10 0 4 5 6 7 8 9 3 1 12 13 14 11
284 278 6 1 2 10 9 4 6 7 8 0 5 11 12 13 14 3
285 279 6 1 2 10 9 4 6 7 8 5 0 11 12 13 14 3
285 280 5 1 2 10 9 4 6 7 8 5 3 11 12 13 14 0
288 282 6 1 2 10 9 0 6 7 8 5 3 11 12 13 14 4
289 283 6 1 2 10 0 9 6 7 8 5 3 11 12 13 14 4
290 284 6 1 2 0 10 9 6 7 8 5 3 11 12 13 14 4
289 283 6 1 2 10 9 3 6 7 8 5 0 11 12 13 14 4
289 284 5 1 2 10 9 3 6 7 8 5 4 11 12 13 14 0
286 280 6 1 2 10 0 4 6 7 8 3 5 11 12 13 14 9
287 281 6 1 2 0 10 4 6 7 8 3 5 11 12 13 14 9
289 283 6 0 2 10 4 1 6 7 8 3 9 11 12 13 14 5
286 280 6 1 2 4 0 5 6 7 10 8 3 11 12 13 14 9
287 281 6 1 2 4 8 5 6 7 10 0 3 11 12 13 14 9
288 282 6 1 2 4 8 5 6 7 10 3 0 11 12 13 14 9
288 283 5 1 2 4 8 5 6 7 10 3 9 11 12 13 14 0
292 286 6 1 2 4 8 5 6 7 10 0 9 11 12 13 14 3
292 287 5 1 2 4 8 5 6 7 10 9 0 11 12 13 14 3
292 288 4 1 2 4 8 5 6 7 10 9 3 11 12 13 14 0
297 291 6 0 2 4 8 5 6 7 10 9 3 11 12 13 14 1
296 290 6 1 2 4 8 0 6 7 10 9 3 11 12 13 14 5
297 291 6 1 2 4 0 8 6 7 10 9 3 11 12 13 14 5
297 292 5 1 2 0 4 8 6 7 10 9 3 11 12 13 14 5
298 293 5 1 2 10 4 8 6 7 0 9 3 11 12 13 14 5
300 294 6 1 2 10 4 8 6 7 9 0 3 11 12 13 14 5
301 295 6 1 2 10 4 8 6 7 9 3 0 11 12 13 14 5
301 296 5 1 2 10 4 8 6 7 9 3 5 11 12 13 14 0
305 299 6 1 2 10 4 8 6 7 9 0 5 11 12 13 14 3
305 300 5 1 2 10 4 8 6 7 0 9 5 11 12 13 14 3
306 301 5 1 2 0 4 8 6 7 10 9 5 11 12 13 14 3
308 302 6 1 2 4 0 8 6 7 10 9 5 11 12 13 14 3
308 302 6 1 0 2 4 8 6 7 10 9 5 11 12 13 14 3
293 287 6 1 2 10 0 5 6 7 8 4 14 11 12 13 3 9
294 288 6 1 2 0 10 5 6 7 8 4 14 11 12 13 3 9
300 294 6 1 2 10 4 5 6 0 8 3 11 7 12 13 14 9
294 288 6 1 2 10 4 9 6 7 8 0 5 11 12 13 3 14
301 295 6 1 2 10 4 0 6 7 8 3 11 9 12 13 14 5
308 302 6 1 2 10 0 5 6 7 8 4 3 9 12 13 14 11
309 303 6 1 2 0 10 5 6 7 8 4 3 9 12 13 14 11
304 298 6 1 2 10 4 0 6 7 8 11 5 9 12 13 14 3
303 297 6 1 2 10 4 5 6 7 0 8 11 9 12 13 14 3
304 298 6 1 2 0 4 5 6 7 10 8 11 9 12 13 14 3
303 297 6 1 2 10 4 5 6 7 8 14 11 9 12 13 0 3
303 298 5 1 2 10 4 5 6 7 8 14 11 9 12 13 3 0
307 301 6 1 2 10 4 5 6 7 8 0 11 9 12 13 3 14
308 302 6 1 2 10 4 5 6 7 8 11 0 9 12 13 3 14
308 303 5 1 2 10 4 5 6 7 8 11 14 9 12 13 3 0
312 306 6 1 2 10 4 5 6 7 8 0 14 9 12 13 3 11
313 307 6 1 2 10 4 5 6 7 8 3 14 9 12 13 0 11
313 308 5 1 2 10 4 5 6 7 8 3 14 9 12 13 11 0
317 311 6 1 2 10 4 5 6 7 8 0 14 9 12 13 11 3
318 312 6 1 2 10 4 5 6 7 8 14 0 9 12 13 11 3
318 313 5 1 2 10 4 5 6 7 8 14 3 9 12 13 11 0
322 316 6 1 2 10 4 5 6 7 8 0 3 9 12 13 11 14
321 315 6 1 2 10 4 5 6 7 8 14 3 0 12 13 11 9
290 284 6 1 2 10 4 5 6 7 0 9 14 11 12 8 13 3
291 285 6 1 2 0 4 5 6 7 10 9 14 11 12 8 13 3
291 285 6 0 2 10 4 1 6 7 8 9 11 5 12 13 14 3
294 288 6 1 2 10 4 0 6 7 8 9 14 5 12 13 3 11
295 290 5 1 2 10 4 11 6 7 8 9 14 5 12 13 3 0
297 291 6 1 2 10 4 11 6 7 8 9 14 5 12 13 0 3
297 291 6 1 2 10 4 11 6 7 8 9 0 5 12 13 3 14
298 292 6 1 2 10 4 0 6 7 8 9 11 5 12 13 3 14
300 295 5 1 2 10 4 5 6 7 8 9 11 0 12 13 3 14
301 297 4 1 2 10 4 5 6 7 8 9 11 14 12 13 3 0
303 298 5 1 2 10 4 5 6 7 8 9 11 14 12 13 0 3
303 298 5 1 2 10 4 5 6 7 8 9 0 14 12 13 3 11
299 294 5 1 2 10 4 14 6 7 8 9 11 5 12 13 3 0
302 296 6 1 2 10 4 14 6 7 8 9 11 0 12 13 3 5
294 288 6 1 2 10 4 0 6 7 8 14 5 11 12 13 3 9
295 290 5 1 2 10 4 9 6 7 8 14 5 11 12 13 3 0
297 291 6 1 2 10 4 9 6 7 8 14 0 11 12 13 3 5
293 287 6 0 2 10 4 1 6 7 8 9 14 11 12 13 3 5
295 290 5 5 2 10 4 1 6 7 8 9 14 11 12 13 3 0
297 291 6 5 2 10 4 1 6 7 8 9 14 11 12 13 0 3
291 285 6 1 2 10 4 5 6 7 8 14 3 0 12 13 9 11
308 302 6 1 2 10 4 0 6 7 8 5 11 9 12 13 14 3
288 282 6 1 2 10 0 5 6 7 8 4 14 11 12 13 9 3
289 283 6 1 2 0 10 5 6 7 8 4 14 11 12 13 9 3
287 281 6 0 2 10 4 11 6 7 8 9 3 1 12 13 14 5
284 278 6 1 2 10 4 0 6 7 8 3 5 11 12 13 9 14
285 280 5 1 2 10 4 14 6 7 8 3 5 11 12 13 9 0
287 281 6 1 2 10 4 14 6 7 8 3 5 11 12 13 0 9
292 286 6 1 2 10 4 3 6 7 8 14 0 11 12 13 9 5
292 287 5 1 2 10 4 3 6 7 8 14 5 11 12 13 9 0
286 280 6 1 2 10 4 11 6 7 8 9 3 12 0 13 14 5
290 284 6 1 2 10 0 4 6 7 8 9 11 5 12 13 14 3
291 285 6 1 2 0 10 4 6 7 8 9 11 5 12 13 14 3
299 293 6 0 2 10 4 14 6 7 8 9 3 11 12 13 5 1
301 295 6 14 2 10 4 0 6 7 8 9 3 11 12 13 5 1
302 297 5 14 2 10 4 1 6 7 8 9 3 11 12 13 5 0
304 298 6 14 2 10 4 1 6 7 8 9 3 11 12 13 0 5
288 282 6 1 2 10 4 11 6 0 8 9 3 7 12 13 14 5
292 286 6 1 2 10 4 14 6 7 8 0 3 11 12 13 5 9
293 287 6 1 2 10 4 14 6 7 8 3 0 11 12 13 5 9
293 288 5 1 2 10 4 14 6 7 8 3 9 11 12 13 5 0
296 290 6 1 2 10 4 0 6 7 8 3 9 11 12 13 5 14
297 291 6 1 2 10 4 9 6 7 8 3 0 11 12 13 5 14
297 292 5 1 2 10 4 9 6 7 8 3 14 11 12 13 5 0
299 293 6 1 2 10 4 9 6 7 8 3 14 11 12 13 0 5
293 287 6 1 2 10 4 3 6 7 8 0 14 11 12 13 9 5
290 284 6 1 2 10 4 11 6 7 8 0 3 5 12 13 14 9
303 297 6 0 2 10 4 3 6 7 8 9 14 11 12 13 5 1
305 299 6 3 2 10 4 0 6 7 8 9 14 11 12 13 5 1
306 301 5 3 2 10 4 1 6 7 8 9 14 11 12 13 5 0
308 302 6 3 2 10 4 1 6 7 8 9 14 11 12 13 0 5
304 298 6 0 2 10 4 1 6 7 8 9 14 11 12 13 5 3
303 297 6 1 2 10 0 4 6 7 8 9 14 11 12 13 5 3
304 298 6 1 2 0 10 4 6 7 8 9 14 11 12 13 5 3
289 283 6 1 2 10 4 9 6 7 8 0 14 11 12 13 5 3
300 294 6 1 2 10 4 11 6 7 8 0 9 3 12 13 14 5
283 277 6 1 2 10 0 5 6 7 8 4 3 11 12 13 9 14
284 278 6 1 2 0 10 5 6 7 8 4 3 11 12 13 9 14
285 279 6 6 2 10 4 1 0 7 8 9 3 11 12 13 14 5
294 288 6 1 2 10 4 3 0 7 8 9 11 6 12 13 14 5
292 286 6 1 2 10 4 3 6 7 8 9 11 5 12 13 0 14
302 296 6 1 2 10 4 3 6 7 8 9 14 11 12 0 13 5
294 288 6 1 2 10 4 3 6 7 8 0 11 5 12 13 14 9
297 291 6 3 2 10 0 5 6 7 8 4 9 11 12 13 14 1
298 292 6 3 2 0 10 5 6 7 8 4 9 11 12 13 14 1
287 281 6 7 2 10 4 1 6 0 8 9 3 11 12 13 14 5
293 287 6 1 2 10 4 3 6 7 8 0 9 5 12 13 14 11
292 286 6 5 2 10 4 9 6 7 8 0 1 11 12 13 14 3
293 287 6 5 2 10 4 9 6 7 8 1 0 11 12 13 14 3
293 288 5 5 2 10 4 9 6 7 8 1 3 11 12 13 14 0
297 291 6 0 2 10 4 9 6 7 8 1 3 11 12 13 14 5
292 286 6 5 2 10 4 3 6 7 8 9 1 11 12 13 0 14
300 294 6 3 2 10 4 1 6 7 8 9 5 0 12 13 14 11
292 286 6 5 2 10 4 11 6 7 8 9 1 0 12 13 14 3
293 288 5 5 2 10 4 11 6 7 8 9 1 3 12 13 14 0
297 291 6 0 2 10 4 11 6 7 8 9 1 3 12 13 14 5
295 289 6 5 2 10 4 9 6 7 8 3 0 11 12 13 14 1
294 288 6 5 2 10 4 3 6 7 8 0 1 11 12 13 14 9
295 289 6 5 2 10 4 3 6 7 8 1 0 11 12 13 14 9
295 290 5 5 2 10 4 3 6 7 8 1 9 11 12 13 14 0
299 293 6 0 2 10 4 3 6 7 8 1 9 11 12 13 14 5
297 291 6 0 2 10 4 9 6 7 8 3 1 11 12 13 14 5
303 297 6 11 2 10 4 5 6 7 8 0 9 3 12 13 14 1
295 289 6 2 0 10 4 5 6 7 8 3 1 11 12 13 14 9
296 290 6 2 10 0 4 5 6 7 8 3 1 11 12 13 14 9
301 295 6 9 2 10 0 5 6 7 8 4 1 11 12 13 14 3
302 296 6 9 2 0 10 5 6 7 8 4 1 11 12 13 14 3
298 292 6 9 2 10 4 5 6 7 8 3 1 11 12 13 0 14
299 293 6 9 2 10 4 5 6 7 8 0 1 11 12 13 3 14
300 294 6 9 2 10 4 5 6 7 8 1 0 11 12 13 3 14
300 295 5 9 2 10 4 5 6 7 8 1 14 11 12 13 3 0
304 298 6 9 2 10 4 5 6 7 8 0 14 11 12 13 3 1
305 299 6 9 2 10 4 5 6 7 8 14 0 11 12 13 3 1
305 300 5 9 2 10 4 5 6 7 8 14 1 11 12 13 3 0
309 303 6 0 2 10 4 5 6 7 8 14 1 11 12 13 3 9
305 299 6 7 2 10 4 5 6 0 8 1 9 11 12 13 14 3
299 293 6 3 2 10 4 0 6 7 8 9 1 5 12 13 14 11
300 295 5 3 2 10 4 11 6 7 8 9 1 5 12 13 14 0
302 296 6 3 2 10 4 11 6 7 8 9 0 5 12 13 14 1
306 300 6 2 0 10 4 5 6 7 8 1 3 11 12 13 14 9
307 301 6 2 10 0 4 5 6 7 8 1 3 11 12 13 14 9
306 300 6 6 2 10 4 5 0 7 8 1 3 11 12 13 14 9
301 295 6 9 2 10 4 5 6 7 0 8 1 11 12 13 14 3
302 296 6 9 2 0 4 5 6 7 10 8 1 11 12 13 14 3
299 293 6 3 2 10 4 9 6 7 8 0 5 11 12 13 14 1
307 301 6 11 2 10 4 5 6 7 8 1 3 0 12 13 14 9
308 303 5 11 2 10 4 5 6 7 8 1 3 9 12 13 14 0
312 306 6 11 2 10 4 5 6 7 8 0 3 9 12 13 14 1
313 307 6 11 2 10 4 5 6 7 8 3 0 9 12 13 14 1
313 308 5 11 2 10 4 5 6 7 8 3 1 9 12 13 14 0
317 311 6 11 2 10 4 5 6 7 8 0 1 9 12 13 14 3
298 292 6 3 2 10 4 5 6 7 8 14 1 11 12 13 0 9
298 293 5 3 2 10 4 5 6 7 8 14 1 11 12 13 9 0
302 296 6 0 2 10 4 5 6 7 8 14 1 11 12 13 9 3
298 292 6 3 2 10 0 5 6 7 8 4 1 11 12 13 14 9
299 293 6 3 2 0 10 5 6 7 8 4 1 11 12 13 14 9
301 295 6 3 2 10 4 0 6 7 8 1 9 11 12 13 14 5
296 290 6 5 2 10 4 0 6 7 8 1 3 11 12 13 14 9
294 288 6 1 2 10 4 5 6 0 8 9 11 12 7 13 14 3
300 294 6 3 2 10 4 5 6 7 8 1 9 11 12 13 0 14
301 295 6 3 2 10 4 5 6 7 8 1 9 0 12 13 14 11
299 293 6 3 2 10 4 0 6 7 8 1 5 11 12 13 14 9
297 291 6 3 2 10 4 5 0 7 8 9 1 6 12 13 14 11
303 297 6 2 0 10 4 5 6 7 8 1 9 11 12 13 14 3
304 298 6 2 10 0 4 5 6 7 8 1 9 11 12 13 14 3
294 288 6 5 2 10 4 0 6 7 8 1 9 11 12 13 14 3
299 293 6 3 2 10 4 11 6 7 8 9 1 0 12 13 14 5
304 298 6 11 2 10 4 5 6 7 8 1 9 0 12 13 14 3
298 292 6 3 2 10 4 5 6 7 0 8 1 11 12 13 14 9
299 293 6 3 2 0 4 5 6 7 10 8 1 11 12 13 14 9
299 293 6 3 2 10 4 5 6 7 8 1 14 11 12 13 0 9
296 290 6 11 2 10 4 5 6 0 8 9 1 7 12 13 14 3
291 285 6 0 2 10 4 1 6 7 8 9 5 3 12 13 14 11
301 295 6 0 2 10 4 5 6 7 8 1 14 11 12 13 9 3
307 301 6 6 2 10 4 5 0 7 8 9 14 11 12 13 1 3
300 294 6 3 2 10 4 5 6 7 8 0 14 11 12 13 1 9
301 295 6 3 2 10 4 5 6 7 8 14 0 11 12 13 1 9
301 296 5 3 2 10 4 5 6 7 8 14 9 11 12 13 1 0
305 299 6 0 2 10 4 5 6 7 8 14 9 11 12 13 1 3
302 296 6 1 2 10 4 5 0 7 8 11 9 6 12 13 14 3
298 292 6 1 2 10 4 5 6 7 8 14 11 3 12 13 0 9
308 302 6 11 2 10 4 5 6 7 8 9 14 0 12 13 1 3
298 292 6 1 2 10 4 5 6 7 0 8 11 3 12 13 14 9
299 293 6 1 2 0 4 5 6 7 10 8 11 3 12 13 14 9
294 288 6 2 10 4 0 5 6 7 8 9 1 11 12 13 14 3
309 303 6 7 2 10 4 5 6 0 8 9 14 11 12 13 1 3
294 288 6 2 10 8 4 5 6 7 0 9 1 11 12 13 14 3
301 295 6 1 2 10 4 11 6 7 8 0 5 3 12 13 14 9
308 302 6 1 2 10 4 0 6 7 8 9 14 5 12 13 11 3
309 304 5 1 2 10 4 3 6 7 8 9 14 5 12 13 11 0
312 306 6 1 2 10 4 3 6 7 8 9 14 0 12 13 11 5
298 292 6 1 2 10 0 5 6 7 8 4 11 3 12 13 14 9
299 293 6 1 2 0 10 5 6 7 8 4 11 3 12 13 14 9
300 294 6 1 2 10 4 5 6 7 8 0 14 3 12 13 11 9
301 295 6 1 2 10 4 5 6 7 8 11 14 3 12 13 0 9
301 296 5 1 2 10 4 5 6 7 8 11 14 3 12 13 9 0
304 298 6 1 2 10 4 5 6 7 8 11 14 0 12 13 9 3
307 301 6 0 2 10 4 5 6 7 8 9 14 1 12 13 11 3
309 304 5 3 2 10 4 5 6 7 8 9 14 1 12 13 11 0
312 306 6 3 2 10 4 5 6 7 8 9 14 0 12 13 11 1
296 290 6 1 2 10 4 5 6 7 8 0 11 3 12 13 9 14
302 296 6 3 2 10 4 5 6 0 8 9 11 7 12 13 14 1
304 298 6 1 2 10 4 5 6 0 8 11 9 7 12 13 14 3
302 296 6 0 2 10 4 5 6 7 8 11 9 3 12 13 14 1
304 298 6 3 2 10 4 5 6 7 8 11 9 0 12 13 14 1
305 300 5 3 2 10 4 5 6 7 8 11 9 1 12 13 14 0
307 301 6 3 2 10 4 5 6 7 8 11 0 1 12 13 14 9
303 297 6 0 2 10 4 5 6 7 8 11 9 1 12 13 14 3
300 294 6 3 2 10 4 5 6 7 8 9 11 12 0 13 14 1
295 289 6 2 0 10 4 5 6 7 8 9 11 1 12 13 14 3
296 290 6 2 10 0 4 5 6 7 8 9 11 1 12 13 14 3
302 296 6 3 2 10 4 5 6 7 8 9 11 1 12 13 0 14
297 291 6 1 2 10 0 4 6 7 8 9 11 3 12 13 14 5
298 292 6 1 2 0 10 4 6 7 8 9 11 3 12 13 14 5
288 282 6 1 2 10 4 9 6 7 8 3 5 11 12 13 0 14
304 298 6 3 2 10 4 5 6 7 8 0 11 1 12 13 14 9
295 289 6 5 2 10 4 11 6 7 8 9 0 3 12 13 14 1
296 290 6 3 2 10 4 0 6 7 8 9 11 5 12 13 14 1
289 283 6 1 2 10 4 9 6 7 8 3 5 0 12 13 14 11
290 284 6 3 2 10 4 0 6 7 8 9 5 1 12 13 14 11
299 293 6 1 2 10 4 9 6 7 8 0 11 3 12 13 14 5
290 284 6 11 2 10 4 0 6 7 8 9 5 3 12 13 14 1
293 287 6 2 7 10 4 5 6 0 8 9 1 11 12 13 14 3
286 280 6 1 2 10 0 9 6 7 8 4 3 11 12 13 14 5
287 281 6 1 2 0 10 9 6 7 8 4 3 11 12 13 14 5
295 289 6 7 2 10 4 5 6 8 0 9 1 11 12 13 14 3
296 290 6 7 2 0 4 5 6 8 10 9 1 11 12 13 14 3
295 289 6 6 2 10 4 3 0 7 8 9 1 11 12 13 14 5
295 289 6 7 2 10 4 5 0 6 8 9 1 11 12 13 14 3
295 289 6 7 2 10 4 5 6 12 8 9 1 11 0 13 14 3
292 286 6 1 2 10 4 9 6 7 8 0 11 5 12 13 14 3
293 287 6 1 2 10 4 9 6 7 8 11 0 5 12 13 14 3
293 288 5 1 2 10 4 9 6 7 8 11 3 5 12 13 14 0
296 290 6 1 2 10 4 9 6 7 8 11 3 0 12 13 14 5
286 280 6 1 2 10 4 5 6 7 8 3 14 0 12 13 9 11
296 290 6 1 2 10 4 5 0 6 8 9 11 7 12 13 14 3
297 291 6 1 2 10 4 5 7 6 8 9 11 0 12 13 14 3
298 293 5 1 2 10 4 5 7 6 8 9 11 3 12 13 14 0
300 294 6 1 2 10 4 5 7 6 8 9 0 3 12 13 14 11
288 282 6 1 2 10 4 5 0 7 8 3 9 6 12 13 14 11
296 290 6 1 2 10 4 5 6 8 0 9 11 7 12 13 14 3
297 291 6 1 2 0 4 5 6 8 10 9 11 7 12 13 14 3
290 284 6 1 2 10 4 0 6 7 8 3 9 5 12 13 14 11
290 284 6 1 2 10 9 3 6 7 8 0 5 11 12 13 14 4
286 280 6 1 2 10 9 0 6 7 8 3 4 11 12 13 14 5
287 281 6 1 2 10 0 9 6 7 8 3 4 11 12 13 14 5
288 282 6 1 2 0 10 9 6 7 8 3 4 11 12 13 14 5
289 283 6 1 2 10 0 9 6 7 8 3 5 11 12 13 14 4
290 284 6 1 2 0 10 9 6 7 8 3 5 11 12 13 14 4
297 291 6 1 2 8 10 5 6 7 13 9 4 11 12 0 14 3
294 288 6 1 2 10 9 5 6 7 0 8 4 11 12 13 14 3
295 289 6 1 2 0 9 5 6 7 10 8 4 11 12 13 14 3
297 291 6 1 2 10 0 5 6 7 8 4 9 3 12 13 14 11
298 292 6 1 2 0 10 5 6 7 8 4 9 3 12 13 14 11
294 288 6 1 2 10 9 5 6 7 8 14 4 11 12 13 0 3
294 289 5 1 2 10 9 5 6 7 8 14 4 11 12 13 3 0
298 292 6 1 2 10 9 5 6 7 8 0 4 11 12 13 3 14
298 293 5 1 2 10 0 5 6 7 8 9 4 11 12 13 3 14
299 294 5 1 2 0 10 5 6 7 8 9 4 11 12 13 3 14
301 295 6 1 0 2 10 5 6 7 8 9 4 11 12 13 3 14
292 286 6 1 2 10 9 5 6 7 8 3 4 0 12 13 14 11
288 282 6 1 2 10 5 3 6 7 8 0 4 11 12 13 14 9
297 291 6 0 2 10 5 1 6 7 8 9 4 11 12 13 14 3
299 294 5 3 2 10 5 1 6 7 8 9 4 11 12 13 14 0
302 296 6 3 2 10 5 0 6 7 8 9 4 11 12 13 14 1
302 297 5 3 2 10 0 5 6 7 8 9 4 11 12 13 14 1
303 298 5 3 2 0 10 5 6 7 8 9 4 11 12 13 14 1
305 299 6 3 0 2 10 5 6 7 8 9 4 11 12 13 14 1
306 300 6 0 3 2 10 5 6 7 8 9 4 11 12 13 14 1
307 303 4 1 3 2 10 5 6 7 8 9 4 11 12 13 14 0
309 304 5 1 3 2 10 5 6 7 8 9 0 11 12 13 14 4
311 305 6 1 3 2 10 5 6 7 8 0 9 11 12 13 14 4
312 306 6 1 3 2 0 5 6 7 8 10 9 11 12 13 14 4
313 307 6 1 3 0 2 5 6 7 8 10 9 11 12 13 14 4
313 308 5 1 0 3 2 5 6 7 8 10 9 11 12 13 14 4
315 309 6 0 1 3 2 5 6 7 8 10 9 11 12 13 14 4
317 312 5 4 1 3 2 5 6 7 8 10 9 11 12 13 14 0
321 315 6 4 1 3 2 5 6 7 8 0 9 11 12 13 14 10
321 316 5 4 1 3 2 5 6 7 8 9 0 11 12 13 14 10
320 317 3 4 1 3 2 5 6 7 8 9 10 11 12 13 14 0
324 320 4 0 1 3 2 5 6 7 8 9 10 11 12 13 14 4
324 321 3 1 0 3 2 5 6 7 8 9 10 11 12 13 14 4
326 322 4 1 3 0 2 5 6 7 8 9 10 11 12 13 14 4
327 323 4 1 3 2 0 5 6 7 8 9 10 11 12 13 14 4
326 322 4 1 7 3 2 5 6 0 8 9 10 11 12 13 14 4
328 323 5 1 7 3 2 5 6 8 0 9 10 11 12 13 14 4
328 323 5 1 7 3 2 5 0 6 8 9 10 11 12 13 14 4
328 323 5 1 7 3 2 5 6 12 8 9 10 11 0 13 14 4
329 324 5 1 3 2 5 0 6 7 8 9 10 11 12 13 14 4
330 326 4 1 3 2 5 4 6 7 8 9 10 11 12 13 14 0
329 324 5 1 3 2 9 5 6 7 8 0 10 11 12 13 14 4
328 323 5 1 3 8 2 5 6 7 0 9 10 11 12 13 14 4
328 323 5 7 1 3 2 5 6 0 8 9 10 11 12 13 14 4
329 324 5 7 0 3 2 5 6 1 8 9 10 11 12 13 14 4
330 325 5 0 7 3 2 5 6 1 8 9 10 11 12 13 14 4
332 328 4 4 7 3 2 5 6 1 8 9 10 11 12 13 14 0
327 322 5 11 1 3 2 5 6 7 8 9 10 0 12 13 14 4
328 324 4 11 1 3 2 5 6 7 8 9 10 4 12 13 14 0
332 327 5 0 1 3 2 5 6 7 8 9 10 4 12 13 14 11
332 328 4 1 0 3 2 5 6 7 8 9 10 4 12 13 14 11
334 329 5 1 3 0 2 5 6 7 8 9 10 4 12 13 14 11
335 330 5 1 3 2 0 5 6 7 8 9 10 4 12 13 14 11
334 329 5 1 7 3 2 5 6 0 8 9 10 4 12 13 14 11
327 322 5 5 1 3 2 0 6 7 8 9 10 11 12 13 14 4
328 324 4 5 1 3 2 4 6 7 8 9 10 11 12 13 14 0
332 327 5 0 1 3 2 4 6 7 8 9 10 11 12 13 14 5
332 328 4 1 0 3 2 4 6 7 8 9 10 11 12 13 14 5
334 329 5 1 3 0 2 4 6 7 8 9 10 11 12 13 14 5
335 330 5 1 3 2 0 4 6 7 8 9 10 11 12 13 14 5
335 331 4 1 3 2 4 0 6 7 8 9 10 11 12 13 14 5
335 333 2 1 3 2 4 5 6 7 8 9 10 11 12 13 14 0
340 336 4 1 3 2 4 5 6 7 8 0 10 11 12 13 14 9
340 336 4 0 3 2 4 5 6 7 8 9 10 11 12 13 14 1
341 337 4 3 0 2 4 5 6 7 8 9 10 11 12 13 14 1
341 338 3 3 2 0 4 5 6 7 8 9 10 11 12 13 14 1
343 339 4 3 2 4 0 5 6 7 8 9 10 11 12 13 14 1
343 339 4 3 2 8 4 5 6 7 0 9 10 11 12 13 14 1
339 335 4 1 3 2 4 5 6 7 8 9 10 0 12 13 14 11
338 334 4 1 3 2 4 5 6 7 8 9 10 11 12 13 0 14
338 334 4 1 3 2 4 5 6 7 8 9 0 11 12 13 14 10
340 335 5 1 3 2 4 5 6 7 8 0 9 11 12 13 14 10
340 335 5 1 3 2 4 0 6 7 8 9 5 11 12 13 14 10
341 337 4 1 3 2 4 10 6 7 8 9 5 11 12 13 14 0
340 335 5 1 3 2 4 5 6 7 8 9 10 11 12 0 13 14
343 338 5 1 3 2 4 5 6 0 8 9 10 7 12 13 14 11
344 339 5 1 0 2 4 5 6 3 8 9 10 7 12 13 14 11
344 340 4 1 2 0 4 5 6 3 8 9 10 7 12 13 14 11
346 341 5 1 2 4 0 5 6 3 8 9 10 7 12 13 14 11
346 341 5 1 2 8 4 5 6 3 0 9 10 7 12 13 14 11
347 342 5 1 2 8 4 5 6 0 3 9 10 7 12 13 14 11
328 323 5 5 1 3 0 2 6 7 8 9 10 11 12 13 14 4
341 336 5 1 3 2 4 5 6 7 8 9 10 12 0 13 14 11
343 338 5 11 3 2 4 5 6 7 8 9 10 0 12 13 14 1
344 340 4 11 3 2 4 5 6 7 8 9 10 1 12 13 14 0
339 334 5 1 3 2 4 11 6 7 8 9 10 0 12 13 14 5
340 336 4 1 3 2 4 11 6 7 8 9 10 5 12 13 14 0
339 334 5 1 3 2 4 9 6 7 8 0 10 11 12 13 14 5
342 337 5 1 3 2 4 5 6 7 0 8 10 11 12 13 14 9
343 338 5 1 3 0 4 5 6 7 2 8 10 11 12 13 14 9
343 339 4 1 0 3 4 5 6 7 2 8 10 11 12 13 14 9
345 340 5 0 1 3 4 5 6 7 2 8 10 11 12 13 14 9
347 343 4 9 1 3 4 5 6 7 2 8 10 11 12 13 14 0
351 346 5 9 1 3 4 5 6 7 2 0 10 11 12 13 14 8
352 347 5 9 1 3 4 5 6 7 0 2 10 11 12 13 14 8
345 340 5 1 7 3 4 5 6 0 2 8 10 11 12 13 14 9
346 341 5 1 7 3 4 5 6 2 0 8 10 11 12 13 14 9
346 342 4 1 7 3 4 5 6 2 8 0 10 11 12 13 14 9
348 343 5 1 7 3 4 5 6 2 8 10 0 11 12 13 14 9
348 344 4 1 7 3 4 5 6 2 8 10 9 11 12 13 14 0
352 347 5 1 7 3 4 5 6 2 8 0 9 11 12 13 14 10
352 348 4 1 7 3 4 5 6 2 8 9 0 11 12 13 14 10
351 349 2 1 7 3 4 5 6 2 8 9 10 11 12 13 14 0
356 352 4 0 7 3 4 5 6 2 8 9 10 11 12 13 14 1
359 355 4 2 7 3 4 5 6 0 8 9 10 11 12 13 14 1
359 356 3 2 0 3 4 5 6 7 8 9 10 11 12 13 14 1
359 357 2 0 2 3 4 5 6 7 8 9 10 11 12 13 14 1
360 360 0 1 2 3 4 5 6 7 8 9 10 11 12 13 14 0
