0 0 0 4 2 8 1 10 14 0 13 9 5 6 7 3 11 12
13 1 12 4 2 8 1 10 14 7 13 9 5 6 0 3 11 12
14 2 12 4 2 8 1 10 14 7 13 9 5 6 3 0 11 12
14 3 11 4 2 8 1 10 14 7 0 9 5 6 3 13 11 12
14 4 10 4 2 0 1 10 14 7 8 9 5 6 3 13 11 12
15 5 10 4 2 1 0 10 14 7 8 9 5 6 3 13 11 12
16 6 10 4 2 1 10 0 14 7 8 9 5 6 3 13 11 12
17 8 9 4 2 1 10 12 14 7 8 9 5 6 3 13 11 0
16 7 9 4 2 1 10 5 14 7 8 9 0 6 3 13 11 12
16 8 8 4 2 1 10 5 14 7 8 9 12 6 3 13 11 0
20 11 9 0 2 1 10 5 14 7 8 9 12 6 3 13 11 4
22 13 9 6 2 1 10 5 14 7 8 9 12 0 3 13 11 4
23 15 8 6 2 1 10 5 14 7 8 9 12 4 3 13 11 0
27 18 9 0 2 1 10 5 14 7 8 9 12 4 3 13 11 6
28 19 9 14 2 1 10 5 0 7 8 9 12 4 3 13 11 6
29 20 9 14 2 1 10 5 4 7 8 9 12 0 3 13 11 6
30 22 8 14 2 1 10 5 4 7 8 9 12 6 3 13 11 0
34 25 9 0 2 1 10 5 4 7 8 9 12 6 3 13 11 14
36 27 9 6 2 1 10 5 4 7 8 9 12 0 3 13 11 14
37 29 8 6 2 1 10 5 4 7 8 9 12 14 3 13 11 0
39 30 9 6 2 1 10 5 4 7 8 9 12 14 3 13 0 11
25 16 9 6 2 1 10 5 14 7 8 9 12 4 3 13 0 11
30 21 9 14 2 1 10 5 4 7 8 9 12 3 0 13 11 6
31 22 9 0 2 1 10 5 4 7 8 9 12 14 3 13 11 6
32 23 9 4 2 1 10 5 0 7 8 9 12 14 3 13 11 6
25 16 9 6 2 1 10 5 14 7 8 9 0 4 3 13 11 12
37 28 9 6 2 1 10 5 4 7 8 9 12 3 0 13 11 14
18 9 9 4 2 1 10 5 14 7 8 9 12 6 3 13 0 11
21 12 9 14 2 1 10 5 0 7 8 9 12 6 3 13 11 4
21 13 8 14 2 1 10 5 6 7 8 9 12 0 3 13 11 4
22 15 7 14 2 1 10 5 6 7 8 9 12 4 3 13 11 0
26 18 8 0 2 1 10 5 6 7 8 9 12 4 3 13 11 14
28 20 8 4 2 1 10 5 6 7 8 9 12 0 3 13 11 14
29 22 7 4 2 1 10 5 6 7 8 9 12 14 3 13 11 0
31 23 8 4 2 1 10 5 6 7 8 9 12 14 3 13 0 11
31 23 8 4 2 1 10 5 6 7 8 9 0 14 3 13 11 12
23 15 8 0 2 1 10 5 6 7 8 9 12 14 3 13 11 4
22 14 8 14 2 1 10 5 6 7 8 9 12 3 0 13 11 4
29 21 8 4 2 1 10 5 6 7 8 9 12 3 0 13 11 14
24 16 8 14 2 1 10 5 6 7 8 9 0 4 3 13 11 12
24 16 8 14 2 1 10 5 6 7 8 9 12 4 3 13 0 11
26 17 9 14 2 1 10 5 6 7 8 9 12 4 3 0 13 11
27 18 9 14 2 1 10 5 6 7 8 9 12 4 0 3 13 11
28 19 9 14 2 1 10 5 6 7 8 9 12 0 4 3 13 11
28 21 7 14 2 1 10 5 6 7 8 9 12 11 4 3 13 0
32 24 8 0 2 1 10 5 6 7 8 9 12 11 4 3 13 14
30 22 8 14 2 1 10 5 6 7 8 9 12 11 4 3 0 13
31 23 8 14 2 1 10 5 6 7 8 9 12 11 4 0 3 13
32 24 8 14 2 1 10 5 6 7 8 9 12 11 0 4 3 13
30 22 8 14 2 1 10 5 6 7 8 9 0 11 4 3 13 12
32 23 9 14 2 1 10 5 6 7 8 0 9 11 4 3 13 12
33 24 9 14 2 1 10 5 6 7 8 13 9 11 4 3 0 12
33 25 8 14 2 1 10 5 6 7 8 13 9 11 4 3 12 0
37 28 9 14 2 1 10 5 6 7 8 0 9 11 4 3 12 13
37 29 8 14 2 1 10 5 6 7 8 9 0 11 4 3 12 13
37 30 7 14 2 1 10 5 6 7 8 9 13 11 4 3 12 0
41 33 8 0 2 1 10 5 6 7 8 9 13 11 4 3 12 14
39 31 8 14 2 1 10 5 6 7 8 9 13 11 4 3 0 12
40 32 8 14 2 1 10 5 6 7 8 9 13 11 4 0 3 12
41 33 8 14 2 1 10 5 6 7 8 9 13 11 0 4 3 12
43 34 9 14 2 1 10 5 6 7 8 9 13 0 11 4 3 12
44 36 8 14 2 1 10 5 6 7 8 9 13 12 11 4 3 0
48 39 9 0 2 1 10 5 6 7 8 9 13 12 11 4 3 14
50 41 9 12 2 1 10 5 6 7 8 9 13 0 11 4 3 14
51 43 8 12 2 1 10 5 6 7 8 9 13 14 11 4 3 0
50 42 8 12 2 1 10 5 6 7 8 9 13 11 0 4 3 14
51 43 8 12 2 1 10 5 6 7 8 9 13 11 4 0 3 14
52 44 8 12 2 1 10 5 6 7 8 9 13 11 4 3 0 14
51 45 6 12 2 1 10 5 6 7 8 9 13 11 4 3 14 0
55 48 7 0 2 1 10 5 6 7 8 9 13 11 4 3 14 12
53 46 7 12 2 1 10 5 6 7 8 9 0 11 4 3 14 13
55 47 8 12 2 1 10 5 6 7 8 0 9 11 4 3 14 13
56 48 8 12 2 1 0 5 6 7 8 10 9 11 4 3 14 13
57 49 8 12 2 0 1 5 6 7 8 10 9 11 4 3 14 13
55 47 8 12 2 1 10 0 6 7 8 9 5 11 4 3 14 13
56 49 7 12 2 1 10 13 6 7 8 9 5 11 4 3 14 0
60 52 8 0 2 1 10 13 6 7 8 9 5 11 4 3 14 12
62 54 8 13 2 1 10 0 6 7 8 9 5 11 4 3 14 12
63 56 7 13 2 1 10 12 6 7 8 9 5 11 4 3 14 0
62 55 7 13 2 1 10 5 6 7 8 9 0 11 4 3 14 12
62 56 6 13 2 1 10 5 6 7 8 9 12 11 4 3 14 0
66 59 7 0 2 1 10 5 6 7 8 9 12 11 4 3 14 13
70 62 8 7 2 1 10 5 6 0 8 9 12 11 4 3 14 13
71 63 8 7 2 1 10 5 6 4 8 9 12 11 0 3 14 13
72 64 8 7 2 1 10 5 6 4 8 9 12 11 3 0 14 13
57 49 8 2 0 1 10 5 6 7 8 9 13 11 4 3 14 12
58 50 8 2 1 0 10 5 6 7 8 9 13 11 4 3 14 12
59 51 8 2 1 10 0 5 6 7 8 9 13 11 4 3 14 12
65 57 8 13 2 1 10 5 6 7 8 9 12 11 4 3 0 14
66 58 8 13 2 1 10 5 6 7 8 9 12 11 4 0 3 14
67 59 8 13 2 1 10 5 6 7 8 9 12 11 0 4 3 14
56 48 8 12 2 1 0 10 6 7 8 9 5 11 4 3 14 13
57 49 8 12 2 0 1 10 6 7 8 9 5 11 4 3 14 13
58 50 8 12 2 1 10 13 6 7 8 9 0 11 4 3 14 5
65 57 8 13 2 1 10 12 6 7 8 9 0 11 4 3 14 5
58 50 8 11 2 1 10 5 6 7 8 9 13 0 4 3 14 12
59 52 7 11 2 1 10 5 6 7 8 9 13 12 4 3 14 0
63 55 8 0 2 1 10 5 6 7 8 9 13 12 4 3 14 11
63 55 8 13 2 1 0 10 6 7 8 9 5 11 4 3 14 12
64 56 8 13 2 0 1 10 6 7 8 9 5 11 4 3 14 12
61 53 8 11 2 1 10 5 6 7 8 9 0 12 4 3 14 13
55 47 8 12 2 1 10 5 6 7 8 9 13 0 4 3 14 11
56 48 8 12 2 1 10 5 6 7 8 9 13 4 0 3 14 11
57 49 8 12 2 1 10 5 6 7 8 9 13 4 3 0 14 11
68 60 8 2 0 1 10 5 6 7 8 9 12 11 4 3 14 13
69 61 8 2 1 0 10 5 6 7 8 9 12 11 4 3 14 13
70 62 8 2 1 10 0 5 6 7 8 9 12 11 4 3 14 13
66 58 8 13 2 1 10 0 6 7 8 9 12 11 4 3 14 5
68 60 8 0 2 1 10 13 6 7 8 9 12 11 4 3 14 5
70 63 7 5 2 1 10 13 6 7 8 9 12 11 4 3 14 0
72 64 8 5 2 1 10 13 6 7 8 9 0 11 4 3 14 12
67 59 8 13 2 1 0 10 6 7 8 9 12 11 4 3 14 5
68 60 8 13 2 0 1 10 6 7 8 9 12 11 4 3 14 5
64 56 8 13 2 1 10 5 6 7 8 0 9 11 4 3 14 12
65 57 8 13 2 1 0 5 6 7 8 10 9 11 4 3 14 12
66 58 8 13 2 0 1 5 6 7 8 10 9 11 4 3 14 12
56 48 8 12 2 1 10 5 6 7 8 0 13 11 4 3 14 9
57 49 8 12 2 1 10 5 6 7 8 13 0 11 4 3 14 9
57 50 7 12 2 1 10 5 6 7 8 13 9 11 4 3 14 0
61 53 8 0 2 1 10 5 6 7 8 13 9 11 4 3 14 12
57 49 8 12 2 1 0 5 6 7 8 10 13 11 4 3 14 9
58 50 8 12 2 0 1 5 6 7 8 10 13 11 4 3 14 9
58 50 8 5 2 1 10 0 6 7 8 9 13 11 4 3 14 12
59 52 7 5 2 1 10 12 6 7 8 9 13 11 4 3 14 0
63 55 8 0 2 1 10 12 6 7 8 9 13 11 4 3 14 5
61 53 8 5 2 1 10 12 6 7 8 9 0 11 4 3 14 13
59 51 8 5 2 1 0 10 6 7 8 9 13 11 4 3 14 12
60 52 8 5 2 0 1 10 6 7 8 9 13 11 4 3 14 12
62 54 8 5 2 1 10 0 6 7 8 9 12 11 4 3 14 13
63 55 8 5 2 1 0 10 6 7 8 9 12 11 4 3 14 13
64 56 8 5 2 0 1 10 6 7 8 9 12 11 4 3 14 13
59 51 8 7 2 1 10 5 6 0 8 9 13 11 4 3 14 12
60 52 8 7 2 1 10 5 6 4 8 9 13 11 0 3 14 12
61 53 8 7 2 1 10 5 6 4 8 9 13 11 3 0 14 12
69 61 8 11 2 1 10 5 6 7 8 9 12 0 4 3 14 13
70 63 7 11 2 1 10 5 6 7 8 9 12 13 4 3 14 0
74 66 8 0 2 1 10 5 6 7 8 9 12 13 4 3 14 11
72 64 8 11 2 1 10 5 6 7 8 9 0 13 4 3 14 12
70 62 8 11 2 1 10 5 6 7 8 9 12 4 0 3 14 13
71 63 8 11 2 1 10 5 6 7 8 9 12 4 3 0 14 13
67 59 8 13 2 1 10 5 6 7 8 0 12 11 4 3 14 9
68 60 8 13 2 1 10 5 6 7 8 12 0 11 4 3 14 9
68 61 7 13 2 1 10 5 6 7 8 12 9 11 4 3 14 0
72 64 8 0 2 1 10 5 6 7 8 12 9 11 4 3 14 13
68 60 8 13 2 1 0 5 6 7 8 10 12 11 4 3 14 9
69 61 8 13 2 0 1 5 6 7 8 10 12 11 4 3 14 9
59 51 8 11 2 1 10 5 6 7 8 9 13 4 0 3 14 12
60 52 8 11 2 1 10 5 6 7 8 9 13 4 3 0 14 12
57 49 8 0 2 1 10 12 6 7 8 9 5 11 4 3 14 13
55 47 8 12 2 1 10 0 6 7 8 9 13 11 4 3 14 5
56 48 8 12 2 1 0 10 6 7 8 9 13 11 4 3 14 5
57 49 8 12 2 0 1 10 6 7 8 9 13 11 4 3 14 5
68 60 8 6 2 1 10 5 0 7 8 9 12 11 4 3 14 13
57 49 8 6 2 1 10 5 0 7 8 9 13 11 4 3 14 12
66 58 8 13 2 1 10 5 6 7 8 9 12 0 4 3 14 11
67 59 8 13 2 1 10 5 6 7 8 9 12 4 0 3 14 11
68 60 8 13 2 1 10 5 6 7 8 9 12 4 3 0 14 11
70 61 9 13 2 1 10 5 6 7 8 9 12 4 3 14 0 11
70 62 8 13 2 1 10 5 6 7 8 9 12 4 3 14 11 0
74 65 9 0 2 1 10 5 6 7 8 9 12 4 3 14 11 13
76 67 9 4 2 1 10 5 6 7 8 9 12 0 3 14 11 13
77 69 8 4 2 1 10 5 6 7 8 9 12 13 3 14 11 0
81 72 9 0 2 1 10 5 6 7 8 9 12 13 3 14 11 4
79 70 9 4 2 1 10 5 6 7 8 9 12 13 3 14 0 11
79 71 8 4 2 1 10 5 6 7 8 9 12 13 3 0 14 11
80 72 8 4 2 1 10 5 6 7 8 9 12 13 0 3 14 11
81 73 8 4 2 1 10 5 6 7 8 9 12 0 13 3 14 11
81 75 6 4 2 1 10 5 6 7 8 9 12 11 13 3 14 0
85 78 7 0 2 1 10 5 6 7 8 9 12 11 13 3 14 4
83 76 7 4 2 1 10 5 6 7 8 9 0 11 13 3 14 12
85 77 8 4 2 1 10 5 6 7 8 0 9 11 13 3 14 12
86 78 8 4 2 1 0 5 6 7 8 10 9 11 13 3 14 12
87 79 8 4 2 0 1 5 6 7 8 10 9 11 13 3 14 12
85 77 8 4 2 1 10 0 6 7 8 9 5 11 13 3 14 12
86 79 7 4 2 1 10 12 6 7 8 9 5 11 13 3 14 0
90 82 8 0 2 1 10 12 6 7 8 9 5 11 13 3 14 4
92 84 8 12 2 1 10 0 6 7 8 9 5 11 13 3 14 4
93 86 7 12 2 1 10 4 6 7 8 9 5 11 13 3 14 0
92 85 7 12 2 1 10 5 6 7 8 9 0 11 13 3 14 4
92 86 6 12 2 1 10 5 6 7 8 9 4 11 13 3 14 0
96 89 7 0 2 1 10 5 6 7 8 9 4 11 13 3 14 12
100 92 8 7 2 1 10 5 6 0 8 9 4 11 13 3 14 12
101 93 8 7 2 1 10 5 6 13 8 9 4 11 0 3 14 12
102 94 8 7 2 1 10 5 6 13 8 9 4 11 3 0 14 12
87 79 8 6 2 1 10 5 0 7 8 9 12 11 13 3 14 4
86 78 8 4 2 1 10 5 6 7 8 0 12 11 13 3 14 9
87 79 8 4 2 1 10 5 6 7 8 12 0 11 13 3 14 9
87 80 7 4 2 1 10 5 6 7 8 12 9 11 13 3 14 0
91 83 8 0 2 1 10 5 6 7 8 12 9 11 13 3 14 4
87 79 8 2 0 1 10 5 6 7 8 9 12 11 13 3 14 4
88 80 8 2 1 0 10 5 6 7 8 9 12 11 13 3 14 4
89 81 8 2 1 10 0 5 6 7 8 9 12 11 13 3 14 4
87 79 8 0 2 1 10 4 6 7 8 9 5 11 13 3 14 12
86 78 8 4 2 1 0 10 6 7 8 9 5 11 13 3 14 12
87 79 8 4 2 0 1 10 6 7 8 9 5 11 13 3 14 12
85 77 8 4 2 1 10 0 6 7 8 9 12 11 13 3 14 5
87 79 8 0 2 1 10 4 6 7 8 9 12 11 13 3 14 5
89 82 7 5 2 1 10 4 6 7 8 9 12 11 13 3 14 0
91 83 8 5 2 1 10 4 6 7 8 9 0 11 13 3 14 12
86 78 8 4 2 1 0 10 6 7 8 9 12 11 13 3 14 5
87 79 8 4 2 0 1 10 6 7 8 9 12 11 13 3 14 5
88 80 8 11 2 1 10 5 6 7 8 9 12 0 13 3 14 4
89 82 7 11 2 1 10 5 6 7 8 9 12 4 13 3 14 0
91 83 8 11 2 1 10 5 6 7 8 9 0 4 13 3 14 12
89 81 8 11 2 1 10 5 6 7 8 9 12 13 0 3 14 4
90 82 8 11 2 1 10 5 6 7 8 9 12 13 3 0 14 4
94 86 8 12 2 1 10 5 6 7 8 0 9 11 13 3 14 4
95 87 8 12 2 1 0 5 6 7 8 10 9 11 13 3 14 4
96 88 8 12 2 0 1 5 6 7 8 10 9 11 13 3 14 4
98 90 8 2 0 1 10 5 6 7 8 9 4 11 13 3 14 12
99 91 8 2 1 0 10 5 6 7 8 9 4 11 13 3 14 12
100 92 8 2 1 10 0 5 6 7 8 9 4 11 13 3 14 12
84 76 8 4 2 1 10 5 6 7 8 9 12 11 13 3 0 14
85 77 8 4 2 1 10 5 6 7 8 9 12 11 13 0 3 14
85 78 7 4 2 1 10 5 6 7 8 9 12 11 0 13 3 14
87 79 8 4 2 1 10 5 6 7 8 9 12 0 11 13 3 14
88 81 7 4 2 1 10 5 6 7 8 9 12 14 11 13 3 0
92 84 8 0 2 1 10 5 6 7 8 9 12 14 11 13 3 4
94 86 8 14 2 1 10 5 6 7 8 9 12 0 11 13 3 4
95 88 7 14 2 1 10 5 6 7 8 9 12 4 11 13 3 0
94 87 7 14 2 1 10 5 6 7 8 9 12 11 0 13 3 4
96 88 8 14 2 1 10 5 6 7 8 9 12 11 13 0 3 4
97 89 8 14 2 1 10 5 6 7 8 9 12 11 13 3 0 4
97 90 7 14 2 1 10 5 6 7 8 9 12 11 13 3 4 0
101 93 8 0 2 1 10 5 6 7 8 9 12 11 13 3 4 14
99 91 8 14 2 1 10 5 6 7 8 9 0 11 13 3 4 12
86 78 8 4 2 1 10 12 6 7 8 9 0 11 13 3 14 5
98 90 8 6 2 1 10 5 0 7 8 9 4 11 13 3 14 12
83 75 8 0 2 1 10 5 6 7 8 9 12 4 13 3 14 11
90 82 8 4 2 1 10 5 6 7 8 9 12 14 11 13 0 3
96 88 8 14 2 1 10 5 6 0 8 9 12 11 7 13 3 4
96 88 8 12 2 1 10 0 6 7 8 9 4 11 13 3 14 5
98 90 8 0 2 1 10 12 6 7 8 9 4 11 13 3 14 5
100 93 7 5 2 1 10 12 6 7 8 9 4 11 13 3 14 0
102 94 8 5 2 1 10 12 6 7 8 9 0 11 13 3 14 4
97 89 8 12 2 1 0 10 6 7 8 9 4 11 13 3 14 5
98 90 8 12 2 0 1 10 6 7 8 9 4 11 13 3 14 5
96 88 8 12 2 1 10 5 6 7 8 9 4 0 13 3 14 11
98 90 8 0 2 1 10 5 6 7 8 9 4 12 13 3 14 11
100 93 7 11 2 1 10 5 6 7 8 9 4 12 13 3 14 0
102 94 8 11 2 1 10 5 6 7 8 9 0 12 13 3 14 4
97 89 8 12 2 1 10 5 6 7 8 9 4 13 0 3 14 11
98 90 8 12 2 1 10 5 6 7 8 9 4 13 3 0 14 11
89 81 8 0 2 1 10 5 6 7 8 9 12 4 11 13 3 14
99 91 8 11 2 1 10 5 6 7 8 9 4 0 13 3 14 12
100 92 8 11 2 1 10 5 6 7 8 9 4 13 0 3 14 12
101 93 8 11 2 1 10 5 6 7 8 9 4 13 3 0 14 12
97 89 8 14 2 1 10 5 6 7 8 9 0 4 11 13 3 12
89 81 8 7 2 1 10 5 6 0 8 9 12 11 13 3 14 4
90 82 8 7 2 1 10 5 6 13 8 9 12 11 0 3 14 4
91 83 8 7 2 1 10 5 6 13 8 9 12 11 3 0 14 4
95 87 8 12 2 1 10 5 6 7 8 9 4 11 13 3 0 14
96 88 8 12 2 1 10 5 6 7 8 9 4 11 13 0 3 14
96 89 7 12 2 1 10 5 6 7 8 9 4 11 0 13 3 14
98 90 8 12 2 1 10 5 6 7 8 9 4 0 11 13 3 14
99 92 7 12 2 1 10 5 6 7 8 9 4 14 11 13 3 0
103 95 8 0 2 1 10 5 6 7 8 9 4 14 11 13 3 12
105 97 8 14 2 1 10 5 6 7 8 9 4 0 11 13 3 12
106 99 7 14 2 1 10 5 6 7 8 9 4 12 11 13 3 0
105 98 7 14 2 1 10 5 6 7 8 9 4 11 0 13 3 12
107 99 8 14 2 1 10 5 6 7 8 9 4 11 13 0 3 12
108 100 8 14 2 1 10 5 6 7 8 9 4 11 13 3 0 12
108 101 7 14 2 1 10 5 6 7 8 9 4 11 13 3 12 0
112 104 8 0 2 1 10 5 6 7 8 9 4 11 13 3 12 14
110 102 8 14 2 1 10 5 6 7 8 9 0 11 13 3 12 4
107 99 8 14 2 1 10 5 6 0 8 9 4 11 7 13 3 12
108 100 8 14 2 1 10 5 6 7 8 9 4 12 11 13 0 3
108 100 8 14 2 1 10 5 6 7 8 9 0 12 11 13 3 4
101 93 8 12 2 1 10 5 6 7 8 9 4 14 11 13 0 3
100 92 8 0 2 1 10 5 6 7 8 9 4 12 11 13 3 14
93 85 8 12 2 1 0 10 6 7 8 9 5 11 13 3 14 4
94 86 8 12 2 0 1 10 6 7 8 9 5 11 13 3 14 4
98 90 8 12 2 1 10 5 6 0 8 9 4 11 7 13 3 14
101 93 8 12 2 1 10 5 6 7 8 9 0 14 11 13 3 4
97 89 8 12 2 1 10 5 6 7 8 0 4 11 13 3 14 9
98 90 8 12 2 1 10 5 6 7 8 4 0 11 13 3 14 9
98 91 7 12 2 1 10 5 6 7 8 4 9 11 13 3 14 0
102 94 8 0 2 1 10 5 6 7 8 4 9 11 13 3 14 12
98 90 8 12 2 1 0 5 6 7 8 10 4 11 13 3 14 9
99 91 8 12 2 0 1 5 6 7 8 10 4 11 13 3 14 9
88 80 8 5 2 1 10 0 6 7 8 9 12 11 13 3 14 4
89 81 8 5 2 1 0 10 6 7 8 9 12 11 13 3 14 4
90 82 8 5 2 0 1 10 6 7 8 9 12 11 13 3 14 4
87 79 8 4 2 1 0 5 6 7 8 10 12 11 13 3 14 9
88 80 8 4 2 0 1 5 6 7 8 10 12 11 13 3 14 9
97 89 8 14 2 1 10 5 6 7 8 9 12 4 11 13 0 3
95 87 8 12 2 1 10 4 6 7 8 9 0 11 13 3 14 5
90 82 8 4 2 1 10 5 6 7 8 9 0 14 11 13 3 12
87 79 8 4 2 1 10 5 6 0 8 9 12 11 7 13 3 14
92 84 8 5 2 1 10 0 6 7 8 9 4 11 13 3 14 12
93 85 8 5 2 1 0 10 6 7 8 9 4 11 13 3 14 12
94 86 8 5 2 0 1 10 6 7 8 9 4 11 13 3 14 12
96 87 9 5 0 2 1 10 6 7 8 9 4 11 13 3 14 12
97 88 9 0 5 2 1 10 6 7 8 9 4 11 13 3 14 12
99 91 8 12 5 2 1 10 6 7 8 9 4 11 13 3 14 0
102 93 9 12 5 2 1 0 6 7 8 9 4 11 13 3 14 10
104 95 9 0 5 2 1 12 6 7 8 9 4 11 13 3 14 10
106 98 8 10 5 2 1 12 6 7 8 9 4 11 13 3 14 0
108 99 9 10 5 2 1 12 6 7 8 9 0 11 13 3 14 4
109 100 9 10 5 2 1 0 6 7 8 9 12 11 13 3 14 4
110 102 8 10 5 2 1 4 6 7 8 9 12 11 13 3 14 0
114 105 9 0 5 2 1 4 6 7 8 9 12 11 13 3 14 10
116 107 9 4 5 2 1 0 6 7 8 9 12 11 13 3 14 10
117 109 8 4 5 2 1 10 6 7 8 9 12 11 13 3 14 0
119 110 9 4 5 2 1 10 6 7 8 9 0 11 13 3 14 12
119 111 8 4 5 2 1 0 6 7 8 9 10 11 13 3 14 12
120 113 7 4 5 2 1 12 6 7 8 9 10 11 13 3 14 0
124 116 8 0 5 2 1 12 6 7 8 9 10 11 13 3 14 4
126 118 8 12 5 2 1 0 6 7 8 9 10 11 13 3 14 4
127 120 7 12 5 2 1 4 6 7 8 9 10 11 13 3 14 0
127 119 8 12 5 2 0 1 6 7 8 9 10 11 13 3 14 4
128 120 8 12 5 0 2 1 6 7 8 9 10 11 13 3 14 4
129 121 8 12 0 5 2 1 6 7 8 9 10 11 13 3 14 4
130 122 8 0 12 5 2 1 6 7 8 9 10 11 13 3 14 4
132 125 7 4 12 5 2 1 6 7 8 9 10 11 13 3 14 0
131 124 7 1 12 5 2 0 6 7 8 9 10 11 13 3 14 4
132 126 6 1 12 5 2 4 6 7 8 9 10 11 13 3 14 0
132 125 7 1 12 5 0 2 6 7 8 9 10 11 13 3 14 4
133 126 7 1 12 0 5 2 6 7 8 9 10 11 13 3 14 4
134 127 7 1 0 12 5 2 6 7 8 9 10 11 13 3 14 4
136 128 8 0 1 12 5 2 6 7 8 9 10 11 13 3 14 4
138 131 7 4 1 12 5 2 6 7 8 9 10 11 13 3 14 0
141 133 8 4 1 12 5 0 6 7 8 9 10 11 13 3 14 2
141 134 7 4 1 12 0 5 6 7 8 9 10 11 13 3 14 2
142 135 7 4 1 0 12 5 6 7 8 9 10 11 13 3 14 2
143 136 7 4 0 1 12 5 6 7 8 9 10 11 13 3 14 2
144 137 7 0 4 1 12 5 6 7 8 9 10 11 13 3 14 2
146 140 6 2 4 1 12 5 6 7 8 9 10 11 13 3 14 0
151 143 8 2 4 1 12 5 6 7 8 0 10 11 13 3 14 9
152 144 8 2 4 1 0 5 6 7 8 12 10 11 13 3 14 9
153 145 8 2 4 0 1 5 6 7 8 12 10 11 13 3 14 9
154 146 8 2 0 4 1 5 6 7 8 12 10 11 13 3 14 9
154 147 7 0 2 4 1 5 6 7 8 12 10 11 13 3 14 9
156 150 6 9 2 4 1 5 6 7 8 12 10 11 13 3 14 0
160 153 7 9 2 4 1 5 6 7 8 0 10 11 13 3 14 12
161 154 7 9 2 4 0 5 6 7 8 1 10 11 13 3 14 12
161 155 6 9 2 0 4 5 6 7 8 1 10 11 13 3 14 12
163 156 7 9 0 2 4 5 6 7 8 1 10 11 13 3 14 12
164 157 7 0 9 2 4 5 6 7 8 1 10 11 13 3 14 12
166 160 6 12 9 2 4 5 6 7 8 1 10 11 13 3 14 0
170 163 7 12 9 2 4 5 6 7 8 0 10 11 13 3 14 1
163 156 7 9 2 8 4 5 6 7 0 1 10 11 13 3 14 12
164 157 7 9 2 8 4 5 6 7 1 0 10 11 13 3 14 12
164 157 7 9 2 8 4 5 6 7 3 1 10 11 13 0 14 12
164 158 6 9 2 8 4 5 6 7 3 1 10 11 0 13 14 12
166 159 7 9 2 8 4 5 6 7 3 1 10 0 11 13 14 12
167 161 6 9 2 8 4 5 6 7 3 1 10 12 11 13 14 0
171 164 7 9 2 8 4 5 6 7 3 0 10 12 11 13 14 1
172 165 7 9 2 8 4 5 6 7 0 3 10 12 11 13 14 1
172 166 6 9 2 0 4 5 6 7 8 3 10 12 11 13 14 1
174 167 7 9 2 4 0 5 6 7 8 3 10 12 11 13 14 1
175 168 7 9 2 4 3 5 6 7 8 0 10 12 11 13 14 1
174 167 7 9 0 2 4 5 6 7 8 3 10 12 11 13 14 1
175 168 7 0 9 2 4 5 6 7 8 3 10 12 11 13 14 1
176 171 5 1 9 2 4 5 6 7 8 3 10 12 11 13 14 0
180 174 6 1 9 2 4 5 6 7 8 0 10 12 11 13 14 3
179 173 6 1 9 2 4 5 6 7 8 3 10 0 11 13 14 12
179 174 5 1 9 2 4 5 6 7 8 3 10 11 0 13 14 12
181 175 6 1 9 2 4 5 6 7 8 3 10 11 13 0 14 12
181 175 6 1 9 2 4 5 6 0 8 3 10 11 7 13 14 12
182 176 6 1 0 2 4 5 6 9 8 3 10 11 7 13 14 12
182 177 5 1 2 0 4 5 6 9 8 3 10 11 7 13 14 12
184 178 6 1 2 4 0 5 6 9 8 3 10 11 7 13 14 12
185 179 6 1 2 4 3 5 6 9 8 0 10 11 7 13 14 12
184 178 6 1 2 8 4 5 6 9 0 3 10 11 7 13 14 12
185 179 6 1 2 8 4 5 6 9 3 0 10 11 7 13 14 12
185 179 6 1 2 8 4 5 6 0 9 3 10 11 7 13 14 12
185 180 5 1 2 8 4 5 6 7 9 3 10 11 0 13 14 12
187 181 6 1 2 8 4 5 6 7 9 3 10 11 13 0 14 12
188 182 6 1 2 8 4 5 6 7 0 3 10 11 13 9 14 12
188 183 5 1 2 0 4 5 6 7 8 3 10 11 13 9 14 12
190 184 6 1 2 4 0 5 6 7 8 3 10 11 13 9 14 12
191 185 6 1 2 4 3 5 6 7 8 0 10 11 13 9 14 12
190 184 6 1 0 2 4 5 6 7 8 3 10 11 13 9 14 12
189 183 6 1 2 8 4 5 6 7 3 0 10 11 13 9 14 12
187 181 6 1 2 8 4 5 6 7 9 3 10 0 11 13 14 12
188 183 5 1 2 8 4 5 6 7 9 3 10 12 11 13 14 0
192 186 6 1 2 8 4 5 6 7 9 0 10 12 11 13 14 3
192 187 5 1 2 8 4 5 6 7 0 9 10 12 11 13 14 3
192 188 4 1 2 0 4 5 6 7 8 9 10 12 11 13 14 3
194 189 5 1 2 4 0 5 6 7 8 9 10 12 11 13 14 3
194 189 5 1 0 2 4 5 6 7 8 9 10 12 11 13 14 3
196 190 6 0 1 2 4 5 6 7 8 9 10 12 11 13 14 3
198 193 5 3 1 2 4 5 6 7 8 9 10 12 11 13 14 0
201 195 6 3 1 2 4 5 6 7 8 9 10 0 11 13 14 12
201 196 5 3 1 2 4 5 6 7 8 9 10 11 0 13 14 12
203 197 6 3 1 2 4 5 6 7 8 9 10 11 13 0 14 12
203 197 6 3 1 2 4 5 6 0 8 9 10 11 7 13 14 12
204 198 6 3 0 2 4 5 6 1 8 9 10 11 7 13 14 12
204 199 5 3 2 0 4 5 6 1 8 9 10 11 7 13 14 12
206 200 6 3 2 4 0 5 6 1 8 9 10 11 7 13 14 12
206 200 6 3 2 8 4 5 6 1 0 9 10 11 7 13 14 12
207 201 6 3 2 8 4 5 6 0 1 9 10 11 7 13 14 12
207 202 5 3 2 8 4 5 6 7 1 9 10 11 0 13 14 12
209 203 6 3 2 8 4 5 6 7 1 9 10 11 13 0 14 12
210 204 6 3 2 8 4 5 6 7 0 9 10 11 13 1 14 12
210 205 5 3 2 0 4 5 6 7 8 9 10 11 13 1 14 12
212 206 6 3 2 4 0 5 6 7 8 9 10 11 13 1 14 12
212 206 6 3 0 2 4 5 6 7 8 9 10 11 13 1 14 12
213 207 6 0 3 2 4 5 6 7 8 9 10 11 13 1 14 12
215 210 5 12 3 2 4 5 6 7 8 9 10 11 13 1 14 0
198 192 6 12 1 2 4 5 6 7 8 9 10 0 11 13 14 3
199 194 5 12 1 2 4 5 6 7 8 9 10 3 11 13 14 0
198 193 5 12 1 2 4 5 6 7 8 9 10 11 0 13 14 3
200 194 6 12 1 2 4 5 6 7 8 9 10 11 13 0 14 3
200 194 6 12 1 2 4 5 6 0 8 9 10 11 7 13 14 3
201 195 6 12 0 2 4 5 6 1 8 9 10 11 7 13 14 3
201 196 5 12 2 0 4 5 6 1 8 9 10 11 7 13 14 3
203 197 6 12 2 4 0 5 6 1 8 9 10 11 7 13 14 3
203 197 6 12 2 8 4 5 6 1 0 9 10 11 7 13 14 3
204 198 6 12 2 8 4 5 6 0 1 9 10 11 7 13 14 3
204 199 5 12 2 8 4 5 6 7 1 9 10 11 0 13 14 3
206 200 6 12 2 8 4 5 6 7 1 9 10 11 13 0 14 3
207 201 6 12 2 8 4 5 6 7 0 9 10 11 13 1 14 3
207 202 5 12 2 0 4 5 6 7 8 9 10 11 13 1 14 3
209 203 6 12 2 4 0 5 6 7 8 9 10 11 13 1 14 3
209 203 6 12 0 2 4 5 6 7 8 9 10 11 13 1 14 3
210 204 6 0 12 2 4 5 6 7 8 9 10 11 13 1 14 3
212 207 5 3 12 2 4 5 6 7 8 9 10 11 13 1 14 0
206 200 6 12 2 8 4 5 6 7 1 9 10 0 11 13 14 3
207 202 5 12 2 8 4 5 6 7 1 9 10 3 11 13 14 0
211 205 6 0 2 8 4 5 6 7 1 9 10 3 11 13 14 12
208 202 6 0 2 8 4 5 6 7 1 9 10 12 11 13 14 3
210 205 5 3 2 8 4 5 6 7 1 9 10 12 11 13 14 0
202 196 6 0 12 2 4 5 6 1 8 9 10 11 7 13 14 3
204 199 5 1 12 2 4 5 6 0 8 9 10 11 7 13 14 3
204 200 4 1 12 2 4 5 6 7 8 9 10 11 0 13 14 3
206 201 5 1 12 2 4 5 6 7 8 9 10 11 13 0 14 3
206 201 5 1 12 2 4 5 6 7 8 9 10 0 11 13 14 3
207 203 4 1 12 2 4 5 6 7 8 9 10 3 11 13 14 0
205 200 5 1 0 2 4 5 6 12 8 9 10 11 7 13 14 3
205 201 4 1 2 0 4 5 6 12 8 9 10 11 7 13 14 3
207 202 5 1 2 4 0 5 6 12 8 9 10 11 7 13 14 3
207 202 5 1 2 8 4 5 6 12 0 9 10 11 7 13 14 3
208 203 5 1 2 8 4 5 6 0 12 9 10 11 7 13 14 3
208 204 4 1 2 8 4 5 6 7 12 9 10 11 0 13 14 3
210 205 5 1 2 8 4 5 6 7 12 9 10 11 13 0 14 3
211 206 5 1 2 8 4 5 6 7 0 9 10 11 13 12 14 3
211 207 4 1 2 0 4 5 6 7 8 9 10 11 13 12 14 3
213 208 5 1 2 4 0 5 6 7 8 9 10 11 13 12 14 3
213 208 5 1 0 2 4 5 6 7 8 9 10 11 13 12 14 3
210 205 5 1 2 8 4 5 6 7 12 9 10 0 11 13 14 3
211 207 4 1 2 8 4 5 6 7 12 9 10 3 11 13 14 0
204 199 5 3 12 2 4 5 6 1 8 9 10 11 7 13 14 0
213 207 6 0 2 8 4 5 6 7 12 9 10 1 11 13 14 3
215 210 5 3 2 8 4 5 6 7 12 9 10 1 11 13 14 0
218 212 6 3 2 8 4 5 6 7 12 9 10 0 11 13 14 1
218 213 5 3 2 8 4 5 6 7 12 9 10 11 0 13 14 1
220 214 6 3 2 8 4 5 6 7 12 9 10 11 13 0 14 1
221 215 6 3 2 8 4 5 6 7 0 9 10 11 13 12 14 1
221 216 5 3 2 0 4 5 6 7 8 9 10 11 13 12 14 1
223 217 6 3 2 4 0 5 6 7 8 9 10 11 13 12 14 1
223 217 6 3 0 2 4 5 6 7 8 9 10 11 13 12 14 1
224 218 6 0 3 2 4 5 6 7 8 9 10 11 13 12 14 1
225 221 4 1 3 2 4 5 6 7 8 9 10 11 13 12 14 0
230 224 6 1 3 2 4 5 6 7 8 0 10 11 13 12 14 9
229 223 6 1 3 2 4 0 6 7 8 9 10 11 13 12 14 5
229 223 6 1 3 2 4 5 6 7 8 9 10 0 13 12 14 11
230 224 6 1 3 2 4 5 6 7 8 9 10 13 0 12 14 11
230 225 5 1 3 2 4 5 6 7 8 9 10 13 12 0 14 11
232 226 6 1 3 2 4 5 6 7 8 9 10 13 12 14 0 11
232 227 5 1 3 2 4 5 6 7 8 9 10 13 12 14 11 0
235 229 6 1 3 2 4 5 6 7 8 9 10 0 12 14 11 13
228 222 6 1 3 2 4 5 6 7 8 9 0 11 13 12 14 10
232 226 6 1 3 2 4 5 6 7 0 9 10 13 12 8 14 11
233 227 6 1 3 0 4 5 6 7 2 9 10 13 12 8 14 11
233 228 5 1 0 3 4 5 6 7 2 9 10 13 12 8 14 11
235 229 6 0 1 3 4 5 6 7 2 9 10 13 12 8 14 11
237 232 5 11 1 3 4 5 6 7 2 9 10 13 12 8 14 0
240 234 6 11 1 3 4 5 6 7 2 9 10 0 12 8 14 13
241 236 5 0 1 3 4 5 6 7 2 9 10 11 12 8 14 13
243 239 4 13 1 3 4 5 6 7 2 9 10 11 12 8 14 0
241 237 4 1 0 3 4 5 6 7 2 9 10 11 12 8 14 13
243 238 5 1 3 0 4 5 6 7 2 9 10 11 12 8 14 13
244 239 5 1 3 2 4 5 6 7 0 9 10 11 12 8 14 13
244 240 4 1 3 2 4 5 6 7 8 9 10 11 12 0 14 13
246 241 5 1 3 2 4 5 6 7 8 9 10 11 12 14 0 13
246 242 4 1 3 2 4 5 6 7 8 9 10 11 12 14 13 0
246 241 5 1 3 2 4 5 6 7 8 9 10 11 0 12 14 13
243 238 5 1 7 3 4 5 6 0 2 9 10 11 12 8 14 13
244 239 5 1 7 3 4 5 6 2 0 9 10 11 12 8 14 13
244 240 4 1 7 3 4 5 6 2 8 9 10 11 12 0 14 13
246 241 5 1 7 3 4 5 6 2 8 9 10 11 12 14 0 13
246 242 4 1 7 3 4 5 6 2 8 9 10 11 12 14 13 0
246 241 5 1 7 3 4 5 6 2 8 9 10 11 0 12 14 13
247 242 5 1 7 3 4 5 6 0 8 9 10 11 2 12 14 13
247 243 4 1 0 3 4 5 6 7 8 9 10 11 2 12 14 13
249 244 5 1 3 0 4 5 6 7 8 9 10 11 2 12 14 13
249 244 5 0 1 3 4 5 6 7 8 9 10 11 2 12 14 13
251 247 4 13 1 3 4 5 6 7 8 9 10 11 2 12 14 0
256 250 6 13 1 3 4 5 6 7 8 0 10 11 2 12 14 9
255 249 6 13 1 3 4 0 6 7 8 9 10 11 2 12 14 5
257 251 6 0 1 3 4 13 6 7 8 9 10 11 2 12 14 5
259 254 5 5 1 3 4 13 6 7 8 9 10 11 2 12 14 0
257 252 5 1 0 3 4 13 6 7 8 9 10 11 2 12 14 5
259 253 6 1 3 0 4 13 6 7 8 9 10 11 2 12 14 5
259 253 6 1 7 3 4 13 6 0 8 9 10 11 2 12 14 5
260 254 6 1 7 3 4 13 6 2 8 9 10 11 0 12 14 5
260 255 5 1 7 3 4 13 6 2 8 9 10 11 12 0 14 5
262 256 6 1 7 3 4 13 6 2 8 9 10 11 12 14 0 5
262 257 5 1 7 3 4 13 6 2 8 9 10 11 12 14 5 0
265 259 6 1 7 3 4 0 6 2 8 9 10 11 12 14 5 13
262 256 6 1 7 3 4 13 6 2 0 9 10 11 12 8 14 5
263 257 6 1 7 3 4 13 6 0 2 9 10 11 12 8 14 5
263 258 5 1 0 3 4 13 6 7 2 9 10 11 12 8 14 5
265 259 6 1 3 0 4 13 6 7 2 9 10 11 12 8 14 5
266 260 6 1 3 2 4 13 6 7 0 9 10 11 12 8 14 5
266 261 5 1 3 2 4 13 6 7 8 9 10 11 12 0 14 5
268 262 6 1 3 2 4 13 6 7 8 9 10 11 12 14 0 5
268 263 5 1 3 2 4 13 6 7 8 9 10 11 12 14 5 0
271 265 6 1 3 2 4 0 6 7 8 9 10 11 12 14 5 13
268 262 6 1 3 2 4 13 6 7 8 9 10 11 0 12 14 5
252 246 6 11 1 3 4 5 6 7 8 9 10 0 2 12 14 13
253 248 5 11 1 3 4 5 6 7 8 9 10 13 2 12 14 0
257 251 6 0 1 3 4 5 6 7 8 9 10 13 2 12 14 11
257 252 5 1 0 3 4 5 6 7 8 9 10 13 2 12 14 11
259 253 6 1 3 0 4 5 6 7 8 9 10 13 2 12 14 11
259 253 6 1 7 3 4 5 6 0 8 9 10 13 2 12 14 11
260 254 6 1 7 3 4 5 6 2 8 9 10 13 0 12 14 11
260 255 5 1 7 3 4 5 6 2 8 9 10 13 12 0 14 11
262 256 6 1 7 3 4 5 6 2 8 9 10 13 12 14 0 11
262 257 5 1 7 3 4 5 6 2 8 9 10 13 12 14 11 0
265 259 6 1 7 3 4 5 6 2 8 9 10 0 12 14 11 13
268 262 6 1 7 3 4 5 6 0 8 9 10 2 12 14 11 13
268 263 5 1 0 3 4 5 6 7 8 9 10 2 12 14 11 13
270 264 6 1 3 0 4 5 6 7 8 9 10 2 12 14 11 13
270 264 6 0 1 3 4 5 6 7 8 9 10 2 12 14 11 13
272 267 5 13 1 3 4 5 6 7 8 9 10 2 12 14 11 0
275 269 6 13 1 3 4 5 6 7 8 9 10 0 12 14 11 2
277 271 6 0 1 3 4 5 6 7 8 9 10 13 12 14 11 2
279 274 5 2 1 3 4 5 6 7 8 9 10 13 12 14 11 0
277 272 5 1 0 3 4 5 6 7 8 9 10 13 12 14 11 2
279 273 6 1 3 0 4 5 6 7 8 9 10 13 12 14 11 2
279 273 6 1 7 3 4 5 6 0 8 9 10 13 12 14 11 2
281 275 6 2 1 3 4 5 6 7 8 9 10 13 12 14 0 11
281 276 5 2 1 3 4 5 6 7 8 9 10 13 12 0 14 11
283 277 6 2 1 3 4 5 6 7 8 9 10 13 0 12 14 11
284 278 6 2 1 3 4 5 6 7 8 9 10 0 13 12 14 11
284 280 4 2 1 3 4 5 6 7 8 9 10 11 13 12 14 0
288 283 5 0 1 3 4 5 6 7 8 9 10 11 13 12 14 2
288 284 4 1 0 3 4 5 6 7 8 9 10 11 13 12 14 2
290 285 5 1 3 0 4 5 6 7 8 9 10 11 13 12 14 2
290 285 5 1 7 3 4 5 6 0 8 9 10 11 13 12 14 2
291 286 5 1 7 3 4 5 6 13 8 9 10 11 0 12 14 2
291 287 4 1 7 3 4 5 6 13 8 9 10 11 12 0 14 2
293 288 5 1 7 3 4 5 6 13 8 9 10 11 12 14 0 2
293 289 4 1 7 3 4 5 6 13 8 9 10 11 12 14 2 0
293 288 5 1 7 3 4 5 6 13 0 9 10 11 12 8 14 2
294 289 5 1 7 3 4 5 6 0 13 9 10 11 12 8 14 2
294 290 4 1 0 3 4 5 6 7 13 9 10 11 12 8 14 2
296 291 5 1 3 0 4 5 6 7 13 9 10 11 12 8 14 2
297 292 5 1 3 13 4 5 6 7 0 9 10 11 12 8 14 2
297 293 4 1 3 13 4 5 6 7 8 9 10 11 12 0 14 2
299 294 5 1 3 13 4 5 6 7 8 9 10 11 12 14 0 2
299 295 4 1 3 13 4 5 6 7 8 9 10 11 12 14 2 0
299 294 5 1 3 13 4 5 6 7 8 9 10 11 0 12 14 2
296 291 5 0 1 3 4 5 6 7 13 9 10 11 12 8 14 2
298 294 4 2 1 3 4 5 6 7 13 9 10 11 12 8 14 0
303 297 6 2 1 3 4 5 6 7 13 0 10 11 12 8 14 9
304 298 6 2 1 3 4 5 6 7 0 13 10 11 12 8 14 9
304 299 5 2 1 3 4 5 6 7 8 13 10 11 12 0 14 9
306 300 6 2 1 3 4 5 6 7 8 13 10 11 12 14 0 9
306 301 5 2 1 3 4 5 6 7 8 13 10 11 12 14 9 0
310 304 6 2 1 3 4 5 6 7 8 0 10 11 12 14 9 13
310 305 5 2 1 3 4 5 6 7 8 9 10 11 12 14 0 13
310 306 4 2 1 3 4 5 6 7 8 9 10 11 12 14 13 0
310 306 4 2 1 3 4 5 6 7 8 9 10 11 12 0 14 13
312 307 5 2 1 3 4 5 6 7 8 9 10 11 0 12 14 13
312 307 5 2 1 3 4 5 6 7 0 9 10 11 12 8 14 13
314 309 5 0 1 3 4 5 6 7 8 9 10 11 12 14 13 2
314 310 4 1 0 3 4 5 6 7 8 9 10 11 12 14 13 2
316 311 5 1 3 0 4 5 6 7 8 9 10 11 12 14 13 2
316 311 5 1 7 3 4 5 6 0 8 9 10 11 12 14 13 2
318 312 6 1 7 3 4 5 6 8 0 9 10 11 12 14 13 2
319 313 6 1 7 3 4 5 6 8 14 9 10 11 12 0 13 2
319 314 5 1 7 3 4 5 6 8 14 9 10 11 12 13 0 2
319 315 4 1 7 3 4 5 6 8 14 9 10 11 12 13 2 0
324 318 6 1 7 3 4 5 6 8 14 0 10 11 12 13 2 9
325 319 6 1 7 3 4 5 6 8 0 14 10 11 12 13 2 9
325 320 5 1 7 3 4 5 6 0 8 14 10 11 12 13 2 9
325 321 4 1 0 3 4 5 6 7 8 14 10 11 12 13 2 9
327 322 5 1 3 0 4 5 6 7 8 14 10 11 12 13 2 9
327 322 5 0 1 3 4 5 6 7 8 14 10 11 12 13 2 9
329 325 4 9 1 3 4 5 6 7 8 14 10 11 12 13 2 0
333 328 5 9 1 3 4 5 6 7 8 0 10 11 12 13 2 14
334 329 5 9 1 3 4 5 6 7 8 2 10 11 12 13 0 14
333 330 3 9 1 3 4 5 6 7 8 2 10 11 12 13 14 0
337 333 4 9 1 3 4 5 6 7 8 0 10 11 12 13 14 2
337 333 4 0 1 3 4 5 6 7 8 2 10 11 12 13 14 9
337 334 3 1 0 3 4 5 6 7 8 2 10 11 12 13 14 9
339 335 4 1 3 0 4 5 6 7 8 2 10 11 12 13 14 9
339 335 4 1 7 3 4 5 6 0 8 2 10 11 12 13 14 9
341 336 5 1 7 3 4 5 6 8 0 2 10 11 12 13 14 9
342 337 5 1 7 3 4 5 6 8 2 0 10 11 12 13 14 9
341 336 5 1 7 3 4 5 0 6 8 2 10 11 12 13 14 9
341 336 5 1 7 3 4 5 6 12 8 2 10 11 0 13 14 9
337 332 5 9 1 3 4 5 6 7 8 2 10 0 12 13 14 11
339 334 5 0 1 3 4 5 6 7 8 2 10 9 12 13 14 11
341 337 4 11 1 3 4 5 6 7 8 2 10 9 12 13 14 0
339 335 4 1 0 3 4 5 6 7 8 2 10 9 12 13 14 11
341 336 5 1 3 0 4 5 6 7 8 2 10 9 12 13 14 11
341 336 5 1 7 3 4 5 6 0 8 2 10 9 12 13 14 11
337 332 5 9 1 3 4 0 6 7 8 2 10 11 12 13 14 5
340 335 5 9 1 3 4 2 6 7 8 0 10 11 12 13 14 5
339 334 5 0 1 3 4 9 6 7 8 2 10 11 12 13 14 5
341 337 4 5 1 3 4 9 6 7 8 2 10 11 12 13 14 0
339 335 4 1 0 3 4 9 6 7 8 2 10 11 12 13 14 5
341 336 5 1 3 0 4 9 6 7 8 2 10 11 12 13 14 5
341 336 5 1 7 3 4 9 6 0 8 2 10 11 12 13 14 5
345 340 5 5 1 3 4 9 6 7 8 0 10 11 12 13 14 2
340 335 5 5 1 3 4 0 6 7 8 2 10 11 12 13 14 9
343 338 5 5 1 3 4 2 6 7 8 0 10 11 12 13 14 9
339 334 5 6 1 3 4 5 0 7 8 2 10 11 12 13 14 9
340 335 5 11 1 3 4 5 6 7 8 2 10 0 12 13 14 9
341 336 5 7 1 3 4 5 6 0 8 2 10 11 12 13 14 9
342 337 5 7 0 3 4 5 6 1 8 2 10 11 12 13 14 9
343 338 5 0 7 3 4 5 6 1 8 2 10 11 12 13 14 9
345 341 4 9 7 3 4 5 6 1 8 2 10 11 12 13 14 0
349 344 5 9 7 3 4 5 6 1 8 0 10 11 12 13 14 2
341 336 5 1 3 8 4 5 6 7 0 2 10 11 12 13 14 9
342 337 5 1 3 8 4 5 6 7 2 0 10 11 12 13 14 9
341 336 5 1 3 4 0 5 6 7 8 2 10 11 12 13 14 9
342 337 5 1 3 4 2 5 6 7 8 0 10 11 12 13 14 9
339 334 5 9 1 3 0 5 6 7 8 4 10 11 12 13 14 2
331 326 5 9 1 3 4 5 6 7 8 14 10 11 12 13 0 2
339 334 5 9 1 3 4 5 6 7 0 8 10 11 12 13 14 2
345 340 5 11 1 3 4 5 6 7 8 0 10 9 12 13 14 2
336 331 5 9 1 3 4 5 6 7 8 2 0 11 12 13 14 10
337 332 5 9 1 3 4 5 6 7 8 0 2 11 12 13 14 10
339 334 5 9 1 3 4 5 6 7 8 10 0 11 12 13 14 2
339 335 4 9 1 3 4 5 6 7 8 10 2 11 12 13 14 0
343 338 5 0 1 3 4 5 6 7 8 10 2 11 12 13 14 9
343 339 4 1 0 3 4 5 6 7 8 10 2 11 12 13 14 9
345 340 5 1 3 0 4 5 6 7 8 10 2 11 12 13 14 9
345 340 5 1 7 3 4 5 6 0 8 10 2 11 12 13 14 9
347 341 6 1 7 3 4 5 6 8 0 10 2 11 12 13 14 9
348 342 6 1 7 3 4 5 6 8 10 0 2 11 12 13 14 9
349 343 6 1 7 3 4 5 6 8 10 2 0 11 12 13 14 9
349 344 5 1 7 3 4 5 6 8 10 2 9 11 12 13 14 0
353 347 6 1 7 3 4 5 6 8 10 0 9 11 12 13 14 2
353 348 5 1 7 3 4 5 6 8 10 9 0 11 12 13 14 2
353 349 4 1 7 3 4 5 6 8 10 9 2 11 12 13 14 0
358 352 6 0 7 3 4 5 6 8 10 9 2 11 12 13 14 1
361 355 6 8 7 3 4 5 6 0 10 9 2 11 12 13 14 1
361 356 5 8 0 3 4 5 6 7 10 9 2 11 12 13 14 1
362 357 5 0 8 3 4 5 6 7 10 9 2 11 12 13 14 1
363 360 3 1 8 3 4 5 6 7 10 9 2 11 12 13 14 0
365 361 4 1 8 3 4 5 6 7 10 9 0 11 12 13 14 2
367 362 5 1 8 3 4 5 6 7 10 0 9 11 12 13 14 2
368 363 5 1 8 3 4 5 6 7 0 10 9 11 12 13 14 2
367 362 5 1 8 3 4 0 6 7 10 9 5 11 12 13 14 2
368 364 4 1 8 3 4 2 6 7 10 9 5 11 12 13 14 0
370 365 5 1 8 3 4 2 6 7 10 9 0 11 12 13 14 5
368 363 5 1 8 3 4 5 6 7 10 0 2 11 12 13 14 9
369 364 5 1 8 3 4 5 6 7 10 2 0 11 12 13 14 9
369 365 4 1 8 3 4 5 6 7 10 2 9 11 12 13 14 0
369 364 5 1 8 3 4 5 6 7 0 10 2 11 12 13 14 9
367 362 5 1 8 3 4 0 6 7 10 9 2 11 12 13 14 5
366 361 5 1 8 3 4 5 6 7 10 9 2 11 12 13 0 14
367 362 5 1 8 3 4 5 6 7 10 9 2 0 12 13 14 11
371 365 6 1 8 3 4 5 6 0 10 9 2 7 12 13 14 11
372 366 6 1 8 3 4 5 6 10 0 9 2 7 12 13 14 11
372 366 6 1 0 3 4 5 6 8 10 9 2 7 12 13 14 11
293 287 6 1 7 3 4 5 6 13 8 9 10 0 11 12 14 2
294 289 5 1 7 3 4 5 6 13 8 9 10 2 11 12 14 0
296 290 6 1 7 3 4 5 6 0 8 9 10 13 11 12 14 2
296 291 5 1 0 3 4 5 6 7 8 9 10 13 11 12 14 2
298 292 6 1 3 0 4 5 6 7 8 9 10 13 11 12 14 2
298 292 6 0 1 3 4 5 6 7 8 9 10 13 11 12 14 2
300 295 5 2 1 3 4 5 6 7 8 9 10 13 11 12 14 0
300 294 6 13 1 3 4 5 6 7 8 9 10 0 11 12 14 2
301 296 5 13 1 3 4 5 6 7 8 9 10 2 11 12 14 0
300 295 5 13 1 3 4 5 6 7 8 9 10 11 0 12 14 2
300 296 4 13 1 3 4 5 6 7 8 9 10 11 12 0 14 2
302 297 5 13 1 3 4 5 6 7 8 9 10 11 12 14 0 2
302 298 4 13 1 3 4 5 6 7 8 9 10 11 12 14 2 0
306 301 5 0 1 3 4 5 6 7 8 9 10 11 12 14 2 13
306 302 4 1 0 3 4 5 6 7 8 9 10 11 12 14 2 13
308 303 5 1 3 0 4 5 6 7 8 9 10 11 12 14 2 13
308 303 5 1 7 3 4 5 6 0 8 9 10 11 12 14 2 13
302 297 5 13 1 3 4 5 6 7 0 9 10 11 12 8 14 2
304 298 6 13 1 3 4 5 6 7 9 0 10 11 12 8 14 2
344 338 6 1 7 3 4 5 6 8 2 14 10 11 12 13 0 9
344 339 5 1 7 3 4 5 6 8 2 14 10 11 12 13 9 0
348 342 6 1 7 3 4 5 6 8 2 0 10 11 12 13 9 14
348 343 5 1 7 3 4 5 6 8 2 9 10 11 12 13 0 14
347 344 3 1 7 3 4 5 6 8 2 9 10 11 12 13 14 0
352 347 5 0 7 3 4 5 6 8 2 9 10 11 12 13 14 1
355 350 5 8 7 3 4 5 6 0 2 9 10 11 12 13 14 1
355 351 4 8 0 3 4 5 6 7 2 9 10 11 12 13 14 1
356 352 4 0 8 3 4 5 6 7 2 9 10 11 12 13 14 1
357 355 2 1 8 3 4 5 6 7 2 9 10 11 12 13 14 0
362 358 4 1 8 3 4 5 6 7 2 0 10 11 12 13 14 9
363 359 4 1 8 3 4 5 6 7 0 2 10 11 12 13 14 9
361 357 4 1 8 3 4 0 6 7 2 9 10 11 12 13 14 5
361 357 4 1 8 3 4 5 6 7 2 9 10 0 12 13 14 11
360 356 4 1 8 3 4 5 6 7 2 9 10 11 12 13 0 14
360 356 4 1 8 3 4 5 6 7 2 9 0 11 12 13 14 10
362 357 5 1 8 3 4 5 6 7 2 0 9 11 12 13 14 10
363 358 5 1 8 3 4 5 6 7 0 2 9 11 12 13 14 10
362 357 5 1 8 3 4 0 6 7 2 9 5 11 12 13 14 10
363 359 4 1 8 3 4 10 6 7 2 9 5 11 12 13 14 0
365 360 5 1 8 3 4 11 6 7 2 9 10 0 12 13 14 5
366 362 4 1 8 3 4 11 6 7 2 9 10 5 12 13 14 0
362 357 5 1 8 3 4 5 6 7 2 0 10 11 12 13 9 14
363 358 5 1 8 3 4 5 6 7 0 2 10 11 12 13 9 14
350 345 5 1 7 3 4 5 6 8 2 9 0 11 12 13 14 10
359 354 5 11 8 3 4 5 6 7 2 9 10 0 12 13 14 1
360 356 4 11 8 3 4 5 6 7 2 9 10 1 12 13 14 0
357 352 5 8 3 0 4 5 6 7 2 9 10 11 12 13 14 1
358 353 5 8 3 2 4 5 6 7 0 9 10 11 12 13 14 1
351 346 5 1 7 3 4 0 6 8 2 9 10 11 12 13 14 5
364 359 5 1 8 3 0 5 6 7 2 4 10 11 12 13 14 9
360 355 5 7 8 3 4 5 6 0 2 9 10 11 12 13 14 1
361 356 5 7 8 3 4 5 6 2 0 9 10 11 12 13 14 1
356 351 5 8 7 3 4 5 6 2 0 9 10 11 12 13 14 1
364 359 5 1 8 3 4 5 6 7 2 14 10 11 12 13 0 9
364 360 4 1 8 3 4 5 6 7 2 14 10 11 12 13 9 0
363 358 5 1 8 3 4 5 6 7 2 9 10 12 0 13 14 11
363 358 5 1 8 3 0 4 6 7 2 9 10 11 12 13 14 5
363 358 5 1 8 3 4 10 6 7 2 9 0 11 12 13 14 5
365 360 5 1 8 3 4 5 6 0 7 2 10 11 12 13 14 9
366 361 5 1 0 3 4 5 6 8 7 2 10 11 12 13 14 9
365 360 5 1 8 3 4 5 6 7 13 2 10 11 12 0 14 9
363 358 5 1 8 3 4 5 0 7 2 9 10 6 12 13 14 11
364 359 5 0 8 3 4 1 6 7 2 9 10 11 12 13 14 5
366 362 4 5 8 3 4 1 6 7 2 9 10 11 12 13 14 0
353 348 5 7 0 3 4 5 6 8 2 9 10 11 12 13 14 1
364 359 5 0 8 3 4 5 6 7 2 9 10 1 12 13 14 11
365 360 5 8 0 3 4 5 6 7 2 9 10 1 12 13 14 11
365 360 5 1 8 3 4 0 6 7 2 9 10 5 12 13 14 11
365 360 5 8 0 3 4 1 6 7 2 9 10 11 12 13 14 5
365 360 5 1 8 3 4 9 6 7 2 0 10 11 12 13 14 5
366 361 5 1 8 3 4 9 6 7 0 2 10 11 12 13 14 5
351 346 5 1 7 3 4 5 6 8 2 9 10 0 12 13 14 11
354 349 5 1 7 3 4 5 6 0 2 9 10 8 12 13 14 11
354 350 4 1 0 3 4 5 6 7 2 9 10 8 12 13 14 11
356 351 5 1 3 0 4 5 6 7 2 9 10 8 12 13 14 11
357 352 5 1 3 2 4 5 6 7 0 9 10 8 12 13 14 11
356 351 5 0 1 3 4 5 6 7 2 9 10 8 12 13 14 11
358 354 4 11 1 3 4 5 6 7 2 9 10 8 12 13 14 0
361 356 5 11 1 3 4 5 6 7 2 9 10 0 12 13 14 8
362 358 4 0 1 3 4 5 6 7 2 9 10 11 12 13 14 8
364 361 3 8 1 3 4 5 6 7 2 9 10 11 12 13 14 0
362 359 3 1 0 3 4 5 6 7 2 9 10 11 12 13 14 8
364 360 4 1 3 0 4 5 6 7 2 9 10 11 12 13 14 8
365 361 4 1 3 2 4 5 6 7 0 9 10 11 12 13 14 8
364 360 4 1 7 3 4 5 6 0 2 9 10 11 12 13 14 8
365 361 4 1 7 3 4 5 6 2 0 9 10 11 12 13 14 8
367 362 5 1 7 3 4 5 6 2 9 0 10 11 12 13 14 8
367 362 5 1 7 3 4 5 6 2 13 9 10 11 12 0 14 8
367 362 5 1 7 0 4 5 6 2 3 9 10 11 12 13 14 8
368 363 5 1 0 7 4 5 6 2 3 9 10 11 12 13 14 8
368 364 4 1 2 7 4 5 6 0 3 9 10 11 12 13 14 8
369 365 4 1 2 7 4 5 6 3 0 9 10 11 12 13 14 8
370 366 4 1 2 0 4 5 6 3 7 9 10 11 12 13 14 8
372 367 5 1 2 4 0 5 6 3 7 9 10 11 12 13 14 8
372 367 5 1 0 2 4 5 6 3 7 9 10 11 12 13 14 8
371 366 5 1 2 7 4 5 6 3 9 0 10 11 12 13 14 8
371 366 5 1 2 7 4 5 6 3 13 9 10 11 12 0 14 8
367 362 5 1 3 2 4 5 6 7 9 0 10 11 12 13 14 8
370 365 5 1 2 7 4 5 0 6 3 9 10 11 12 13 14 8
367 362 5 1 3 2 4 5 6 7 13 9 10 11 12 0 14 8
364 359 5 6 1 3 4 5 0 7 2 9 10 11 12 13 14 8
367 362 5 8 1 3 4 5 6 7 2 9 0 11 12 13 14 10
366 361 5 7 1 3 4 5 6 0 2 9 10 11 12 13 14 8
367 362 5 7 1 3 4 5 6 2 0 9 10 11 12 13 14 8
367 362 5 7 0 3 4 5 6 1 2 9 10 11 12 13 14 8
368 363 5 0 7 3 4 5 6 1 2 9 10 11 12 13 14 8
370 366 4 8 7 3 4 5 6 1 2 9 10 11 12 13 14 0
365 360 5 5 1 3 4 0 6 7 2 9 10 11 12 13 14 8
366 362 4 5 1 3 4 8 6 7 2 9 10 11 12 13 14 0
370 365 5 0 1 3 4 8 6 7 2 9 10 11 12 13 14 5
370 366 4 1 0 3 4 8 6 7 2 9 10 11 12 13 14 5
372 367 5 1 3 0 4 8 6 7 2 9 10 11 12 13 14 5
373 368 5 1 3 2 4 8 6 7 0 9 10 11 12 13 14 5
372 367 5 1 7 3 4 8 6 0 2 9 10 11 12 13 14 5
373 368 5 1 7 3 4 8 6 2 0 9 10 11 12 13 14 5
366 361 5 1 3 4 0 5 6 7 2 9 10 11 12 13 14 8
359 354 5 5 8 3 4 0 6 7 2 9 10 11 12 13 14 1
355 350 5 1 7 3 4 5 6 2 0 9 10 8 12 13 14 11
366 361 5 1 7 3 4 5 0 6 2 9 10 11 12 13 14 8
366 361 5 1 7 3 4 5 6 12 2 9 10 11 0 13 14 8
368 363 5 8 1 3 4 0 6 7 2 9 10 11 12 13 14 5
370 365 5 1 2 7 4 5 6 12 3 9 10 11 0 13 14 8
362 357 5 1 8 3 4 5 6 7 2 9 10 11 12 0 13 14
363 358 5 1 8 3 4 5 6 7 0 9 10 11 12 2 13 14
365 360 5 1 8 3 4 5 6 0 2 9 10 7 12 13 14 11
366 361 5 1 8 3 4 5 6 2 0 9 10 7 12 13 14 11
366 361 5 1 0 3 4 5 6 8 2 9 10 7 12 13 14 11
369 364 5 8 1 3 4 5 6 7 2 0 10 11 12 13 14 9
370 365 5 8 1 3 4 5 6 7 0 2 10 11 12 13 14 9
358 353 5 8 1 3 4 5 6 7 2 9 10 0 12 13 14 11
367 362 5 1 3 2 4 5 6 0 7 9 10 11 12 13 14 8
365 360 5 1 8 0 4 5 6 7 3 2 10 11 12 13 14 9
366 361 5 1 0 8 4 5 6 7 3 2 10 11 12 13 14 9
358 353 5 6 8 3 4 5 0 7 2 9 10 11 12 13 14 1
367 362 5 8 1 3 4 5 6 7 2 9 10 11 12 13 0 14
364 359 5 1 8 3 4 5 6 7 2 10 0 11 12 13 14 9
364 360 4 1 8 3 4 5 6 7 2 10 9 11 12 13 14 0
369 363 6 0 8 3 4 5 6 7 2 10 9 11 12 13 14 1
370 364 6 8 0 3 4 5 6 7 2 10 9 11 12 13 14 1
296 290 6 1 7 3 4 5 0 6 13 9 10 11 12 8 14 2
301 295 6 1 3 13 4 5 6 7 8 0 10 11 12 14 9 2
251 245 6 1 3 4 0 5 6 7 8 9 10 11 2 12 14 13
304 298 6 1 3 13 4 5 6 7 8 0 10 11 12 14 2 9
305 299 6 1 3 13 4 5 6 7 8 2 10 11 12 14 0 9
305 300 5 1 3 13 4 5 6 7 8 2 10 11 12 14 9 0
305 300 5 1 3 13 4 5 6 7 8 2 10 11 12 0 14 9
307 301 6 1 3 13 4 5 6 7 8 2 10 11 0 12 14 9
303 297 6 1 3 13 4 0 6 7 8 9 10 11 12 14 2 5
253 247 6 7 1 3 4 5 6 0 8 9 10 11 2 12 14 13
254 248 6 7 1 3 4 5 6 2 8 9 10 11 0 12 14 13
254 249 5 7 1 3 4 5 6 2 8 9 10 11 12 0 14 13
256 250 6 7 1 3 4 5 6 2 8 9 10 11 12 14 0 13
256 251 5 7 1 3 4 5 6 2 8 9 10 11 12 14 13 0
260 254 6 0 1 3 4 5 6 2 8 9 10 11 12 14 13 7
260 255 5 1 0 3 4 5 6 2 8 9 10 11 12 14 13 7
260 256 4 1 2 3 4 5 6 0 8 9 10 11 12 14 13 7
262 257 5 1 2 3 4 5 6 8 0 9 10 11 12 14 13 7
263 258 5 1 2 3 4 5 6 8 14 9 10 11 12 0 13 7
263 259 4 1 2 3 4 5 6 8 14 9 10 11 12 13 0 7
263 260 3 1 2 3 4 5 6 8 14 9 10 11 12 13 7 0
268 263 5 1 2 3 4 5 6 8 14 0 10 11 12 13 7 9
269 264 5 1 2 3 4 5 6 8 0 14 10 11 12 13 7 9
269 265 4 1 2 3 4 5 6 0 8 14 10 11 12 13 7 9
271 266 5 1 2 3 4 5 0 6 8 14 10 11 12 13 7 9
271 266 5 1 2 3 4 5 6 12 8 14 10 11 0 13 7 9
271 266 5 1 0 3 4 5 6 2 8 14 10 11 12 13 7 9
269 264 5 1 2 3 4 5 6 8 14 7 10 11 12 13 0 9
269 265 4 1 2 3 4 5 6 8 14 7 10 11 12 13 9 0
268 263 5 0 2 3 4 5 6 8 14 9 10 11 12 13 7 1
271 266 5 8 2 3 4 5 6 0 14 9 10 11 12 13 7 1
272 267 5 8 2 3 4 5 6 14 0 9 10 11 12 13 7 1
267 262 5 1 2 3 4 0 6 8 14 9 10 11 12 13 7 5
266 261 5 1 2 3 4 5 6 8 14 9 0 11 12 13 7 10
265 260 5 1 2 3 4 5 6 8 14 0 10 11 12 13 9 7
266 261 5 1 2 3 4 5 6 8 0 14 10 11 12 13 9 7
266 262 4 1 2 3 4 5 6 0 8 14 10 11 12 13 9 7
268 263 5 1 2 3 4 5 0 6 8 14 10 11 12 13 9 7
268 263 5 1 2 3 4 5 6 12 8 14 10 11 0 13 9 7
268 263 5 1 0 3 4 5 6 2 8 14 10 11 12 13 9 7
262 257 5 1 2 3 4 5 6 12 8 9 10 11 0 14 13 7
263 258 5 1 2 3 4 5 6 12 8 9 10 11 14 0 13 7
263 259 4 1 2 3 4 5 6 12 8 9 10 11 14 13 0 7
263 260 3 1 2 3 4 5 6 12 8 9 10 11 14 13 7 0
268 263 5 1 2 3 4 5 6 12 8 0 10 11 14 13 7 9
269 264 5 1 2 3 4 5 6 12 8 7 10 11 14 13 0 9
269 265 4 1 2 3 4 5 6 12 8 7 10 11 14 13 9 0
268 263 5 0 2 3 4 5 6 12 8 9 10 11 14 13 7 1
271 266 5 12 2 3 4 5 6 0 8 9 10 11 14 13 7 1
272 267 5 12 2 3 4 5 6 14 8 9 10 11 0 13 7 1
267 262 5 1 2 3 4 0 6 12 8 9 10 11 14 13 7 5
267 262 5 1 2 3 4 5 6 12 8 9 10 0 14 13 7 11
270 265 5 1 2 3 4 5 6 0 8 9 10 12 14 13 7 11
271 266 5 1 2 3 4 5 6 14 8 9 10 12 0 13 7 11
271 267 4 1 2 3 4 5 6 14 8 9 10 0 12 13 7 11
271 269 2 1 2 3 4 5 6 14 8 9 10 11 12 13 7 0
273 270 3 1 2 3 4 5 6 14 8 9 10 11 12 13 0 7
275 271 4 1 2 3 4 5 6 14 8 9 10 11 12 0 13 7
275 271 4 1 2 3 4 5 6 14 8 0 10 11 12 13 9 7
276 272 4 1 2 3 4 5 6 14 8 0 10 11 12 13 7 9
277 273 4 1 2 3 4 5 6 14 8 7 10 11 12 13 0 9
277 274 3 1 2 3 4 5 6 14 8 7 10 11 12 13 9 0
276 272 4 0 2 3 4 5 6 14 8 9 10 11 12 13 7 1
279 275 4 14 2 3 4 5 6 0 8 9 10 11 12 13 7 1
275 271 4 1 2 3 4 0 6 14 8 9 10 11 12 13 7 5
274 270 4 1 2 3 4 5 6 14 8 9 0 11 12 13 7 10
274 270 4 1 2 3 4 5 6 0 8 9 10 14 12 13 7 11
276 271 5 1 2 3 4 5 6 8 0 9 10 14 12 13 7 11
276 271 5 1 2 3 4 5 0 6 8 9 10 14 12 13 7 11
277 272 5 1 2 3 4 5 14 6 8 9 10 0 12 13 7 11
277 274 3 1 2 3 4 5 14 6 8 9 10 11 12 13 7 0
279 275 4 1 2 3 4 5 14 6 8 9 10 11 12 13 0 7
281 276 5 1 2 3 4 5 14 6 8 9 10 11 12 0 13 7
268 263 5 1 2 3 4 5 6 12 8 9 10 14 0 13 7 11
281 276 5 1 2 3 4 5 14 6 8 0 10 11 12 13 9 7
282 277 5 1 2 3 4 5 14 6 8 0 10 11 12 13 7 9
283 278 5 1 2 3 4 5 14 6 8 7 10 11 12 13 0 9
283 279 4 1 2 3 4 5 14 6 8 7 10 11 12 13 9 0
282 277 5 0 2 3 4 5 14 6 8 9 10 11 12 13 7 1
285 280 5 6 2 3 4 5 14 0 8 9 10 11 12 13 7 1
265 260 5 1 2 3 4 5 6 12 8 0 10 11 14 13 9 7
266 261 5 1 2 3 4 5 6 12 8 9 0 11 14 13 7 10
277 272 5 1 2 3 4 5 6 14 8 9 10 11 0 12 13 7
278 273 5 1 2 3 4 5 6 0 8 9 10 11 14 12 13 7
277 272 5 1 2 3 0 5 6 14 8 4 10 11 12 13 9 7
281 276 5 1 2 3 4 0 6 14 8 7 10 11 12 13 9 5
284 279 5 1 2 3 4 7 6 14 8 0 10 11 12 13 9 5
284 280 4 1 2 3 4 7 6 14 8 9 10 11 12 13 0 5
284 281 3 1 2 3 4 7 6 14 8 9 10 11 12 13 5 0
287 283 4 1 2 3 4 0 6 14 8 9 10 11 12 13 5 7
291 286 5 1 2 3 4 9 6 14 8 0 10 11 12 13 5 7
292 287 5 1 2 3 4 9 6 14 8 5 10 11 12 13 0 7
292 288 4 1 2 3 4 9 6 14 8 5 10 11 12 13 7 0
295 290 5 1 2 3 4 0 6 14 8 5 10 11 12 13 7 9
291 286 5 1 2 3 4 11 6 14 8 9 10 0 12 13 5 7
292 288 4 1 2 3 4 11 6 14 8 9 10 7 12 13 5 0
295 290 5 1 2 3 4 0 6 14 8 9 10 7 12 13 5 11
294 289 5 1 2 3 4 11 6 14 8 9 10 7 12 13 0 5
294 289 5 1 2 3 4 11 6 0 8 9 10 14 12 13 5 7
277 272 5 1 2 3 4 5 6 14 0 9 10 11 12 8 13 7
278 273 5 1 2 3 4 5 6 0 14 9 10 11 12 8 13 7
280 275 5 1 2 3 4 5 14 6 8 9 0 11 12 13 7 10
279 274 5 1 2 3 4 9 6 14 8 0 10 11 12 13 7 5
280 275 5 1 2 3 4 9 6 14 8 7 10 11 12 13 0 5
280 276 4 1 2 3 4 9 6 14 8 7 10 11 12 13 5 0
283 278 5 1 2 3 4 0 6 14 8 7 10 11 12 13 5 9
277 272 5 1 2 3 0 4 6 14 8 9 10 11 12 13 7 5
281 276 5 14 2 3 4 5 6 8 0 9 10 11 12 13 7 1
267 262 5 1 2 3 4 5 6 8 14 9 10 0 12 13 7 11
270 265 5 1 2 3 4 5 6 0 14 9 10 8 12 13 7 11
271 266 5 1 2 3 4 5 6 14 0 9 10 8 12 13 7 11
280 275 5 1 2 3 4 5 14 0 8 9 10 6 12 13 7 11
274 269 5 0 2 3 4 5 6 14 8 9 10 1 12 13 7 11
276 272 4 11 2 3 4 5 6 14 8 9 10 1 12 13 7 0
278 273 5 11 2 3 4 5 6 14 8 9 10 1 12 13 0 7
277 272 5 14 2 3 4 5 6 0 8 9 10 1 12 13 7 11
273 268 5 1 2 3 4 5 0 14 8 9 10 6 12 13 7 11
275 270 5 1 2 3 4 0 6 14 8 9 10 5 12 13 7 11
276 272 4 1 2 3 4 11 6 14 8 9 10 5 12 13 7 0
278 273 5 1 2 3 4 11 6 14 8 9 10 5 12 13 0 7
281 276 5 1 2 3 4 0 14 6 8 9 10 11 12 13 7 5
278 273 5 1 2 3 4 5 6 14 8 10 0 11 12 13 7 9
278 274 4 1 2 3 4 5 6 14 8 10 9 11 12 13 7 0
280 275 5 1 2 3 4 5 6 14 8 10 9 11 12 13 0 7
281 276 5 1 2 3 4 5 6 14 8 0 9 11 12 13 10 7
281 277 4 1 2 3 4 5 6 14 8 9 0 11 12 13 10 7
281 278 3 1 2 3 4 5 6 14 8 9 7 11 12 13 10 0
283 279 4 1 2 3 4 5 6 14 8 9 7 11 12 13 0 10
285 280 5 1 2 3 4 5 6 14 8 9 7 11 12 0 13 10
285 280 5 1 2 3 4 5 6 14 8 0 7 11 12 13 9 10
286 281 5 1 2 3 4 5 6 14 8 0 7 11 12 13 10 9
287 282 5 1 2 3 4 5 6 14 8 7 0 11 12 13 10 9
287 283 4 1 2 3 4 5 6 14 8 7 9 11 12 13 10 0
289 284 5 1 2 3 4 5 6 14 8 7 9 11 12 13 0 10
287 282 5 1 2 3 4 5 6 14 8 10 7 11 12 13 0 9
287 283 4 1 2 3 4 5 6 14 8 10 7 11 12 13 9 0
286 281 5 0 2 3 4 5 6 14 8 9 7 11 12 13 10 1
289 284 5 14 2 3 4 5 6 0 8 9 7 11 12 13 10 1
286 281 5 1 2 3 4 7 6 14 8 9 10 11 12 0 13 5
279 274 5 11 2 3 4 5 6 14 8 9 10 0 12 13 7 1
282 277 5 11 2 3 4 5 6 0 8 9 10 14 12 13 7 1
278 273 5 1 2 3 0 5 6 14 8 4 10 11 12 13 7 9
279 274 5 5 2 3 4 0 6 14 8 9 10 11 12 13 7 1
280 276 4 5 2 3 4 1 6 14 8 9 10 11 12 13 7 0
282 277 5 5 2 3 4 1 6 14 8 9 10 11 12 13 0 7
276 271 5 1 0 3 4 5 6 2 8 9 10 14 12 13 7 11
290 285 5 0 2 3 4 1 6 14 8 9 10 11 12 13 5 7
292 288 4 7 2 3 4 1 6 14 8 9 10 11 12 13 5 0
295 290 5 7 2 3 4 0 6 14 8 9 10 11 12 13 5 1
294 289 5 7 2 3 4 1 6 14 8 9 10 11 12 13 0 5
293 288 5 14 2 3 4 1 6 0 8 9 10 11 12 13 5 7
276 271 5 1 2 3 4 0 6 14 8 9 5 11 12 13 7 10
277 273 4 1 2 3 4 10 6 14 8 9 5 11 12 13 7 0
279 274 5 1 2 3 4 10 6 14 8 9 5 11 12 13 0 7
262 257 5 1 2 3 4 5 0 6 8 9 10 11 12 14 13 7
279 274 5 1 2 3 4 11 6 14 8 9 10 0 12 13 7 5
282 277 5 1 2 3 4 11 6 0 8 9 10 14 12 13 7 5
289 284 5 0 2 3 4 7 6 14 8 9 10 11 12 13 5 1
292 287 5 14 2 3 4 7 6 0 8 9 10 11 12 13 5 1
276 271 5 1 2 3 4 5 6 14 8 0 9 11 12 13 7 10
285 280 5 1 2 3 4 5 6 14 8 9 7 0 12 13 10 11
288 283 5 1 2 3 4 5 6 0 8 9 7 14 12 13 10 11
282 277 5 0 2 3 4 5 6 14 8 7 10 11 12 13 9 1
285 280 5 14 2 3 4 5 6 0 8 7 10 11 12 13 9 1
278 273 5 1 2 3 4 5 6 14 0 8 10 11 12 13 7 9
279 274 5 1 2 3 4 5 6 0 14 8 10 11 12 13 7 9
283 278 5 1 2 3 4 0 6 14 8 9 5 11 12 13 10 7
284 280 4 1 2 3 4 7 6 14 8 9 5 11 12 13 10 0
286 281 5 1 2 3 4 7 6 14 8 9 5 11 12 13 0 10
286 281 5 1 2 3 4 7 6 14 8 9 0 11 12 13 10 5
281 276 5 14 0 3 4 5 6 2 8 9 10 11 12 13 7 1
282 277 5 0 14 3 4 5 6 2 8 9 10 11 12 13 7 1
283 280 3 1 14 3 4 5 6 2 8 9 10 11 12 13 7 0
285 281 4 1 14 3 4 5 6 2 8 9 10 11 12 13 0 7
287 282 5 1 14 3 4 5 6 2 8 9 10 11 12 0 13 7
287 282 5 1 14 3 4 5 6 2 8 0 10 11 12 13 9 7
288 283 5 1 14 3 4 5 6 2 8 0 10 11 12 13 7 9
289 284 5 1 14 3 4 5 6 2 8 7 10 11 12 13 0 9
289 285 4 1 14 3 4 5 6 2 8 7 10 11 12 13 9 0
287 282 5 1 14 3 4 0 6 2 8 9 10 11 12 13 7 5
287 282 5 1 14 3 4 5 6 2 8 9 10 0 12 13 7 11
290 285 5 1 14 3 4 5 6 0 8 9 10 2 12 13 7 11
291 286 5 1 0 3 4 5 6 14 8 9 10 2 12 13 7 11
286 281 5 1 14 3 4 5 6 2 8 9 0 11 12 13 7 10
285 280 5 2 14 3 4 5 6 0 8 9 10 11 12 13 7 1
280 275 5 1 2 3 4 5 6 14 8 7 0 11 12 13 9 10
277 272 5 1 2 3 4 5 6 14 8 10 0 11 12 13 9 7
277 272 5 1 2 3 4 5 6 14 0 8 10 11 12 13 9 7
278 273 5 1 2 3 4 5 6 0 14 8 10 11 12 13 9 7
278 273 5 6 2 3 4 5 0 14 8 9 10 11 12 13 7 1
279 274 5 1 2 3 4 5 6 14 8 7 10 11 12 0 13 9
289 284 5 1 2 3 0 4 6 14 8 9 10 11 12 13 5 7
278 273 5 2 0 3 4 5 6 14 8 9 10 11 12 13 7 1
281 276 5 14 2 3 4 5 0 6 8 9 10 11 12 13 7 1
277 272 5 1 2 3 4 10 6 14 8 9 0 11 12 13 7 5
286 281 5 1 2 3 4 7 6 14 8 0 10 11 12 13 5 9
287 282 5 1 2 3 4 7 6 14 8 5 10 11 12 13 0 9
287 283 4 1 2 3 4 7 6 14 8 5 10 11 12 13 9 0
290 285 5 1 2 3 4 0 6 14 8 5 10 11 12 13 9 7
288 283 5 1 2 3 4 7 6 14 8 9 10 0 12 13 5 11
291 286 5 1 2 3 4 7 6 0 8 9 10 14 12 13 5 11
285 280 5 1 2 3 4 0 6 14 8 9 7 11 12 13 10 5
289 284 5 1 2 3 4 10 6 14 8 9 0 11 12 13 5 7
289 285 4 1 2 3 4 10 6 14 8 9 7 11 12 13 5 0
292 287 5 1 2 3 4 0 6 14 8 9 7 11 12 13 5 10
291 286 5 1 2 3 4 10 6 14 8 9 7 11 12 13 0 5
287 282 5 1 2 3 4 7 6 14 8 9 0 11 12 13 5 10
278 273 5 0 2 3 4 1 6 14 8 9 10 11 12 13 7 5
281 276 5 14 2 3 4 1 6 0 8 9 10 11 12 13 7 5
281 276 5 1 2 3 4 5 6 14 8 7 10 0 12 13 9 11
284 279 5 1 2 3 4 5 6 0 8 7 10 14 12 13 9 11
281 276 5 14 2 3 4 5 6 12 8 9 10 11 0 13 7 1
283 277 6 14 2 3 4 5 6 12 8 9 10 11 13 0 7 1
284 278 6 14 2 3 4 5 6 12 8 9 10 11 13 7 0 1
284 279 5 14 2 3 4 5 6 12 8 9 10 11 13 7 1 0
288 282 6 0 2 3 4 5 6 12 8 9 10 11 13 7 1 14
291 285 6 12 2 3 4 5 6 0 8 9 10 11 13 7 1 14
292 286 6 12 2 3 4 5 6 13 8 9 10 11 0 7 1 14
293 287 6 12 2 3 4 5 6 13 8 9 10 11 7 0 1 14
294 288 6 12 2 3 4 5 6 13 8 9 10 11 7 1 0 14
293 289 4 12 2 3 4 5 6 13 8 9 10 11 7 1 14 0
297 292 5 0 2 3 4 5 6 13 8 9 10 11 7 1 14 12
300 295 5 13 2 3 4 5 6 0 8 9 10 11 7 1 14 12
300 296 4 13 2 3 4 5 6 7 8 9 10 11 0 1 14 12
301 297 4 13 2 3 4 5 6 7 8 9 10 11 1 0 14 12
303 298 5 13 2 3 4 5 6 7 8 9 10 11 1 14 0 12
303 299 4 13 2 3 4 5 6 7 8 9 10 11 1 14 12 0
307 302 5 0 2 3 4 5 6 7 8 9 10 11 1 14 12 13
303 298 5 13 2 3 4 5 6 7 0 9 10 11 1 8 14 12
302 297 5 13 2 3 4 5 6 7 8 9 10 0 11 1 14 12
303 299 4 13 2 3 4 5 6 7 8 9 10 12 11 1 14 0
307 302 5 0 2 3 4 5 6 7 8 9 10 12 11 1 14 13
309 304 5 12 2 3 4 5 6 7 8 9 10 0 11 1 14 13
310 306 4 12 2 3 4 5 6 7 8 9 10 13 11 1 14 0
309 305 4 12 2 3 4 5 6 7 8 9 10 11 0 1 14 13
310 306 4 12 2 3 4 5 6 7 8 9 10 11 1 0 14 13
312 307 5 12 2 3 4 5 6 7 8 9 10 11 1 14 0 13
312 308 4 12 2 3 4 5 6 7 8 9 10 11 1 14 13 0
316 311 5 0 2 3 4 5 6 7 8 9 10 11 1 14 13 12
312 307 5 12 2 3 4 5 6 7 0 9 10 11 1 8 14 13
311 306 5 12 2 3 4 5 6 0 8 9 10 11 7 1 14 13
304 299 5 0 2 3 4 5 6 7 8 9 10 13 11 1 14 12
308 302 6 7 2 3 4 5 6 0 8 9 10 13 11 1 14 12
309 303 6 7 2 3 4 5 6 11 8 9 10 13 0 1 14 12
310 304 6 7 2 3 4 5 6 11 8 9 10 13 1 0 14 12
310 304 6 7 2 3 4 5 6 11 8 9 10 0 13 1 14 12
312 307 5 7 2 3 4 5 6 0 8 9 10 11 13 1 14 12
313 308 5 7 2 3 4 5 6 13 8 9 10 11 0 1 14 12
314 309 5 7 2 3 4 5 6 13 8 9 10 11 1 0 14 12
311 306 5 7 2 3 4 5 6 11 8 9 10 12 13 1 14 0
315 309 6 0 2 3 4 5 6 11 8 9 10 12 13 1 14 7
318 312 6 11 2 3 4 5 6 0 8 9 10 12 13 1 14 7
319 313 6 11 2 3 4 5 6 13 8 9 10 12 0 1 14 7
319 314 5 11 2 3 4 5 6 13 8 9 10 0 12 1 14 7
320 316 4 0 2 3 4 5 6 13 8 9 10 11 12 1 14 7
322 319 3 7 2 3 4 5 6 13 8 9 10 11 12 1 14 0
323 319 4 13 2 3 4 5 6 0 8 9 10 11 12 1 14 7
320 316 4 11 2 3 4 5 6 13 8 9 10 7 12 1 14 0
324 319 5 0 2 3 4 5 6 13 8 9 10 7 12 1 14 11
327 322 5 13 2 3 4 5 6 0 8 9 10 7 12 1 14 11
325 320 5 13 2 3 4 5 6 8 0 9 10 11 12 1 14 7
326 321 5 13 2 3 4 5 6 8 1 9 10 11 12 0 14 7
325 320 5 13 2 3 4 5 0 6 8 9 10 11 12 1 14 7
325 320 5 13 2 3 4 5 6 12 8 9 10 11 0 1 14 7
326 321 5 13 2 3 4 5 6 12 8 9 10 11 1 0 14 7
325 320 5 13 0 3 4 5 6 2 8 9 10 11 12 1 14 7
326 321 5 0 13 3 4 5 6 2 8 9 10 11 12 1 14 7
328 324 4 7 13 3 4 5 6 2 8 9 10 11 12 1 14 0
329 324 5 2 13 3 4 5 6 0 8 9 10 11 12 1 14 7
327 322 5 7 2 3 4 5 6 13 8 0 10 11 12 1 14 9
326 321 5 7 2 3 4 0 6 13 8 9 10 11 12 1 14 5
328 323 5 0 2 3 4 7 6 13 8 9 10 11 12 1 14 5
330 326 4 5 2 3 4 7 6 13 8 9 10 11 12 1 14 0
331 326 5 13 2 3 4 7 6 0 8 9 10 11 12 1 14 5
322 317 5 6 2 3 4 5 0 13 8 9 10 11 12 1 14 7
323 318 5 6 2 3 4 5 13 0 8 9 10 11 12 1 14 7
322 317 5 2 0 3 4 5 6 13 8 9 10 11 12 1 14 7
325 320 5 7 2 3 4 5 6 13 8 9 0 11 12 1 14 10
325 320 5 7 2 3 4 5 6 13 8 9 10 11 12 1 0 14
326 321 5 7 2 3 4 5 6 13 8 9 10 11 12 0 1 14
323 318 5 5 2 3 4 0 6 13 8 9 10 11 12 1 14 7
322 317 5 11 2 3 4 5 6 0 8 9 10 13 12 1 14 7
326 321 5 7 2 3 4 5 6 13 8 9 10 0 12 1 14 11
329 324 5 7 2 3 4 5 6 0 8 9 10 13 12 1 14 11
331 325 6 7 2 3 4 5 6 8 0 9 10 13 12 1 14 11
332 326 6 7 2 3 4 5 6 8 1 9 10 13 12 0 14 11
324 318 6 11 2 3 4 5 6 12 8 9 10 13 0 1 14 7
325 319 6 11 2 3 4 5 6 12 8 9 10 13 1 0 14 7
325 319 6 11 2 3 4 5 6 12 8 9 10 0 13 1 14 7
326 321 5 0 2 3 4 5 6 12 8 9 10 11 13 1 14 7
328 324 4 7 2 3 4 5 6 12 8 9 10 11 13 1 14 0
329 324 5 12 2 3 4 5 6 0 8 9 10 11 13 1 14 7
330 325 5 12 2 3 4 5 6 13 8 9 10 11 0 1 14 7
331 326 5 12 2 3 4 5 6 13 8 9 10 11 1 0 14 7
326 321 5 11 2 3 4 5 6 12 8 9 10 7 13 1 14 0
330 324 6 0 2 3 4 5 6 12 8 9 10 7 13 1 14 11
333 327 6 12 2 3 4 5 6 0 8 9 10 7 13 1 14 11
334 328 6 12 2 3 4 5 6 13 8 9 10 7 0 1 14 11
335 329 6 12 2 3 4 5 6 13 8 9 10 7 1 0 14 11
333 327 6 12 2 3 4 5 6 13 8 9 10 11 1 14 0 7
333 328 5 12 2 3 4 5 6 13 8 9 10 11 1 14 7 0
337 331 6 0 2 3 4 5 6 13 8 9 10 11 1 14 7 12
340 334 6 13 2 3 4 5 6 0 8 9 10 11 1 14 7 12
341 335 6 13 2 3 4 5 6 1 8 9 10 11 0 14 7 12
342 336 6 13 2 3 4 5 6 1 8 9 10 11 14 0 7 12
343 337 6 13 2 3 4 5 6 1 8 9 10 11 14 7 0 12
343 338 5 13 2 3 4 5 6 1 8 9 10 11 14 7 12 0
347 341 6 0 2 3 4 5 6 1 8 9 10 11 14 7 12 13
349 344 5 1 2 3 4 5 6 0 8 9 10 11 14 7 12 13
350 345 5 1 2 3 4 5 6 14 8 9 10 11 0 7 12 13
351 346 5 1 2 3 4 5 6 14 8 9 10 11 7 0 12 13
352 347 5 1 2 3 4 5 6 14 8 9 10 11 7 12 0 13
352 348 4 1 2 3 4 5 6 14 8 9 10 11 7 12 13 0
357 351 6 1 2 3 4 5 6 14 8 0 10 11 7 12 13 9
358 352 6 1 2 3 4 5 6 14 8 13 10 11 7 12 0 9
358 353 5 1 2 3 4 5 6 14 8 13 10 11 7 12 9 0
253 247 6 11 1 3 4 5 6 7 8 9 10 2 0 12 14 13
253 248 5 11 1 3 4 5 6 7 8 9 10 2 12 0 14 13
255 249 6 11 1 3 4 5 6 7 8 9 10 2 12 14 0 13
255 250 5 11 1 3 4 5 6 7 8 9 10 2 12 14 13 0
259 253 6 0 1 3 4 5 6 7 8 9 10 2 12 14 13 11
259 254 5 1 0 3 4 5 6 7 8 9 10 2 12 14 13 11
261 255 6 1 3 0 4 5 6 7 8 9 10 2 12 14 13 11
250 244 6 1 3 2 4 5 6 7 8 9 10 0 12 14 13 11
261 255 6 1 7 3 4 5 6 0 8 9 10 2 12 14 13 11
314 308 6 2 1 3 4 5 6 0 8 9 10 11 7 12 14 13
315 309 6 2 0 3 4 5 6 1 8 9 10 11 7 12 14 13
315 310 5 0 2 3 4 5 6 1 8 9 10 11 7 12 14 13
317 313 4 1 2 3 4 5 6 0 8 9 10 11 7 12 14 13
317 314 3 1 2 3 4 5 6 7 8 9 10 11 0 12 14 13
317 315 2 1 2 3 4 5 6 7 8 9 10 11 12 0 14 13
319 316 3 1 2 3 4 5 6 7 8 9 10 11 12 14 0 13
319 317 2 1 2 3 4 5 6 7 8 9 10 11 12 14 13 0
319 316 3 1 2 3 4 5 6 7 0 9 10 11 12 8 14 13
321 317 4 1 2 3 4 5 6 7 9 0 10 11 12 8 14 13
321 317 4 1 2 3 4 5 6 0 7 9 10 11 12 8 14 13
321 317 4 1 2 0 4 5 6 7 3 9 10 11 12 8 14 13
324 320 4 1 2 3 4 5 6 7 8 0 10 11 12 14 13 9
325 321 4 1 2 3 4 5 6 7 8 13 10 11 12 14 0 9
325 322 3 1 2 3 4 5 6 7 8 13 10 11 12 14 9 0
325 322 3 1 2 3 4 5 6 7 8 13 10 11 12 0 14 9
327 323 4 1 2 3 4 5 6 7 8 13 10 11 0 12 14 9
327 323 4 1 2 3 4 5 6 7 0 13 10 11 12 8 14 9
328 324 4 1 2 3 4 5 6 7 13 0 10 11 12 8 14 9
324 320 4 0 2 3 4 5 6 7 8 9 10 11 12 14 13 1
323 319 4 1 2 3 4 0 6 7 8 9 10 11 12 14 13 5
323 319 4 1 2 3 4 5 6 7 8 9 10 0 12 14 13 11
321 317 4 1 2 3 4 5 6 7 8 0 10 11 12 14 9 13
317 313 4 13 2 3 4 5 6 1 8 9 10 11 7 12 14 0
319 315 4 1 2 3 4 5 6 7 8 9 10 0 11 12 14 13
320 317 3 1 2 3 4 5 6 7 8 9 10 13 11 12 14 0
322 318 4 1 2 3 4 5 6 7 8 9 0 11 12 14 13 10
324 319 5 1 2 3 4 5 6 7 8 0 9 11 12 14 13 10
325 320 5 1 2 3 4 5 6 7 8 13 9 11 12 14 0 10
325 321 4 1 2 3 4 5 6 7 8 13 9 11 12 14 10 0
325 321 4 1 2 3 4 5 6 7 8 13 9 11 12 0 14 10
327 322 5 1 2 3 4 5 6 7 8 13 9 11 0 12 14 10
327 322 5 1 2 3 4 5 6 7 0 13 9 11 12 8 14 10
328 323 5 1 2 3 4 5 6 7 13 0 9 11 12 8 14 10
328 324 4 1 2 3 4 5 6 7 13 9 0 11 12 8 14 10
327 325 2 1 2 3 4 5 6 7 13 9 10 11 12 8 14 0
332 328 4 0 2 3 4 5 6 7 13 9 10 11 12 8 14 1
331 327 4 1 2 3 4 0 6 7 13 9 10 11 12 8 14 5
331 327 4 1 2 3 4 5 6 7 13 9 10 0 12 8 14 11
330 326 4 1 2 3 4 5 6 7 13 9 10 11 12 8 0 14
331 327 4 1 2 3 4 5 6 7 13 9 10 11 12 0 8 14
331 328 3 1 2 3 4 5 6 7 0 9 10 11 12 13 8 14
333 329 4 1 2 3 4 5 6 7 9 0 10 11 12 13 8 14
334 330 4 1 2 3 4 5 6 7 9 8 10 11 12 13 0 14
333 331 2 1 2 3 4 5 6 7 9 8 10 11 12 13 14 0
337 334 3 1 2 3 4 5 6 7 9 0 10 11 12 13 14 8
337 335 2 1 2 3 4 5 6 7 0 9 10 11 12 13 14 8
339 336 3 1 2 3 4 5 6 0 7 9 10 11 12 13 14 8
339 336 3 1 2 3 4 5 6 7 13 9 10 11 12 0 14 8
339 336 3 1 2 0 4 5 6 7 3 9 10 11 12 13 14 8
341 337 4 1 2 4 0 5 6 7 3 9 10 11 12 13 14 8
341 337 4 1 0 2 4 5 6 7 3 9 10 11 12 13 14 8
341 337 4 1 2 3 4 5 6 7 13 9 10 11 12 14 0 8
341 338 3 1 2 3 4 5 6 7 13 9 10 11 12 14 8 0
341 337 4 1 2 3 4 5 6 7 13 9 10 11 0 12 14 8
333 329 4 1 2 0 4 5 6 7 3 9 10 11 12 13 8 14
341 337 4 1 2 3 4 5 0 6 7 9 10 11 12 13 14 8
341 337 4 1 2 3 4 5 6 12 7 9 10 11 0 13 14 8
339 335 4 1 2 3 0 5 6 7 9 4 10 11 12 13 14 8
338 334 4 0 2 3 4 5 6 7 9 8 10 11 12 13 14 1
333 329 4 1 2 3 4 5 6 0 7 9 10 11 12 13 8 14
337 333 4 1 2 3 4 0 6 7 9 8 10 11 12 13 14 5
340 336 4 1 2 3 4 8 6 7 9 0 10 11 12 13 14 5
340 337 3 1 2 3 4 8 6 7 0 9 10 11 12 13 14 5
342 338 4 1 2 3 4 8 6 0 7 9 10 11 12 13 14 5
342 338 4 1 2 3 4 8 6 7 13 9 10 11 12 0 14 5
342 338 4 1 2 0 4 8 6 7 3 9 10 11 12 13 14 5
337 333 4 1 2 3 4 5 6 7 9 8 10 0 12 13 14 11
336 332 4 1 2 3 4 5 6 7 9 8 0 11 12 13 14 10
337 333 4 1 2 3 4 5 6 7 9 0 8 11 12 13 14 10
337 334 3 1 2 3 4 5 6 7 0 9 8 11 12 13 14 10
339 335 4 1 2 3 4 5 6 0 7 9 8 11 12 13 14 10
339 335 4 1 2 3 4 5 6 7 13 9 8 11 12 0 14 10
339 335 4 1 2 0 4 5 6 7 3 9 8 11 12 13 14 10
341 337 4 1 0 3 4 5 6 2 7 9 10 11 12 13 14 8
339 335 4 1 2 3 4 5 6 7 9 10 0 11 12 13 14 8
339 336 3 1 2 3 4 5 6 7 9 10 8 11 12 13 14 0
339 335 4 1 2 3 4 5 6 7 9 14 10 11 12 13 0 8
339 336 3 1 2 3 4 5 6 7 9 14 10 11 12 13 8 0
344 339 5 0 2 3 4 5 6 7 9 14 10 11 12 13 8 1
343 338 5 1 2 3 4 0 6 7 9 14 10 11 12 13 8 5
346 341 5 1 2 3 4 14 6 7 9 0 10 11 12 13 8 5
346 342 4 1 2 3 4 14 6 7 0 9 10 11 12 13 8 5
348 343 5 1 2 3 4 14 6 0 7 9 10 11 12 13 8 5
348 343 5 1 2 3 4 14 6 7 13 9 10 11 12 0 8 5
349 344 5 1 2 3 4 14 6 7 13 9 10 11 12 8 0 5
349 345 4 1 2 3 4 14 6 7 13 9 10 11 12 8 5 0
352 347 5 1 2 3 4 0 6 7 13 9 10 11 12 8 5 14
329 324 5 1 2 3 4 5 6 7 8 13 10 0 11 12 14 9
330 326 4 1 2 3 4 5 6 7 8 13 10 9 11 12 14 0
334 329 5 1 2 3 4 5 6 7 8 0 10 9 11 12 14 13
329 324 5 1 2 3 4 5 6 0 7 13 10 11 12 8 14 9
327 322 5 1 2 3 4 9 6 7 8 0 10 11 12 14 13 5
328 323 5 1 2 3 4 9 6 7 8 13 10 11 12 14 0 5
328 324 4 1 2 3 4 9 6 7 8 13 10 11 12 14 5 0
328 324 4 1 2 3 4 9 6 7 8 13 10 11 12 0 14 5
330 325 5 1 2 3 4 9 6 7 8 13 10 11 0 12 14 5
330 325 5 1 2 3 4 9 6 7 0 13 10 11 12 8 14 5
325 320 5 1 2 3 4 10 6 7 8 9 0 11 12 14 13 5
325 321 4 1 2 3 4 10 6 7 8 9 5 11 12 14 13 0
327 322 5 1 2 3 4 10 6 7 8 9 5 11 12 14 0 13
327 323 4 1 2 3 4 10 6 7 8 9 5 11 12 0 14 13
329 324 5 1 2 3 4 10 6 7 8 9 5 11 0 12 14 13
329 324 5 1 2 3 4 10 6 7 0 9 5 11 12 8 14 13
326 321 5 0 2 3 4 5 6 7 8 9 10 1 12 14 13 11
328 324 4 11 2 3 4 5 6 7 8 9 10 1 12 14 13 0
330 325 5 11 2 3 4 5 6 7 8 9 10 1 12 14 0 13
330 326 4 11 2 3 4 5 6 7 8 9 10 1 12 0 14 13
332 327 5 11 2 3 4 5 6 7 8 9 10 1 0 12 14 13
333 328 5 11 2 3 4 5 6 7 8 9 10 0 1 12 14 13
334 330 4 0 2 3 4 5 6 7 8 9 10 11 1 12 14 13
336 333 3 13 2 3 4 5 6 7 8 9 10 11 1 12 14 0
334 330 4 11 2 3 4 5 6 7 8 9 10 13 1 12 14 0
338 333 5 0 2 3 4 5 6 7 8 9 10 13 1 12 14 11
341 336 5 13 2 3 4 5 6 7 8 0 10 11 1 12 14 9
334 329 5 0 2 3 4 5 6 7 13 9 10 1 12 8 14 11
336 332 4 11 2 3 4 5 6 7 13 9 10 1 12 8 14 0
323 318 5 1 2 3 4 5 0 6 7 9 10 11 12 8 14 13
324 319 5 1 2 3 4 0 6 7 8 9 10 13 11 12 14 5
327 322 5 1 2 3 4 13 6 7 8 9 10 0 11 12 14 5
328 324 4 1 2 3 4 13 6 7 8 9 10 5 11 12 14 0
327 323 4 1 2 3 4 13 6 7 8 9 10 11 0 12 14 5
327 324 3 1 2 3 4 13 6 7 8 9 10 11 12 0 14 5
329 325 4 1 2 3 4 13 6 7 8 9 10 11 12 14 0 5
329 326 3 1 2 3 4 13 6 7 8 9 10 11 12 14 5 0
332 328 4 1 2 3 4 0 6 7 8 9 10 11 12 14 5 13
329 325 4 1 2 3 4 13 6 7 0 9 10 11 12 8 14 5
331 326 5 1 2 3 4 13 6 7 9 0 10 11 12 8 14 5
331 326 5 1 2 3 4 13 6 0 7 9 10 11 12 8 14 5
325 320 5 1 2 3 4 5 0 7 8 9 10 6 12 14 13 11
329 324 5 1 2 3 4 0 6 7 8 13 10 11 12 14 9 5
335 330 5 5 2 3 4 0 6 7 13 9 10 11 12 8 14 1
336 332 4 5 2 3 4 1 6 7 13 9 10 11 12 8 14 0
327 322 5 1 2 3 4 5 6 7 8 13 0 11 12 14 10 9
328 323 5 1 2 3 4 5 6 7 8 0 13 11 12 14 10 9
329 324 5 1 2 3 4 5 6 7 8 10 13 11 12 14 0 9
329 325 4 1 2 3 4 5 6 7 8 10 13 11 12 14 9 0
329 325 4 1 2 3 4 5 6 7 8 10 13 11 12 0 14 9
331 326 5 1 2 3 4 5 6 7 8 10 13 11 0 12 14 9
331 326 5 1 2 3 4 5 6 7 0 10 13 11 12 8 14 9
332 327 5 1 2 3 4 5 6 7 10 0 13 11 12 8 14 9
333 328 5 1 2 3 4 5 6 7 10 13 0 11 12 8 14 9
333 329 4 1 2 3 4 5 6 7 10 13 9 11 12 8 14 0
337 332 5 1 2 3 4 5 6 7 10 0 9 11 12 8 14 13
337 333 4 1 2 3 4 5 6 7 10 9 0 11 12 8 14 13
337 334 3 1 2 3 4 5 6 7 10 9 13 11 12 8 14 0
342 337 5 0 2 3 4 5 6 7 10 9 13 11 12 8 14 1
341 336 5 1 2 3 4 0 6 7 10 9 13 11 12 8 14 5
342 337 5 1 2 3 4 13 6 7 10 9 0 11 12 8 14 5
342 338 4 1 2 3 4 13 6 7 10 9 5 11 12 8 14 0
333 328 5 1 2 3 4 5 0 7 13 9 10 6 12 8 14 11
331 326 5 1 2 3 4 9 6 7 13 0 10 11 12 8 14 5
334 329 5 0 2 3 4 1 6 7 13 9 10 11 12 8 14 5
327 322 5 1 2 3 4 5 6 0 8 9 10 7 12 14 13 11
343 338 5 1 2 4 5 0 6 7 3 9 10 11 12 13 14 8
344 340 4 1 2 4 5 8 6 7 3 9 10 11 12 13 14 0
343 338 5 1 2 3 4 5 6 7 13 9 10 0 11 12 14 8
344 340 4 1 2 3 4 5 6 7 13 9 10 8 11 12 14 0
345 340 5 1 2 3 4 5 6 7 13 9 10 0 12 14 8 11
344 339 5 1 2 3 4 5 6 7 13 9 0 11 12 14 8 10
341 336 5 5 2 3 4 0 6 7 9 8 10 11 12 13 14 1
342 338 4 5 2 3 4 1 6 7 9 8 10 11 12 13 14 0
346 341 5 5 2 3 4 1 6 7 9 0 10 11 12 13 14 8
346 342 4 5 2 3 4 1 6 7 0 9 10 11 12 13 14 8
348 343 5 5 2 3 4 1 6 0 7 9 10 11 12 13 14 8
348 343 5 5 2 3 4 1 6 7 13 9 10 11 12 0 14 8
348 343 5 5 2 0 4 1 6 7 3 9 10 11 12 13 14 8
340 335 5 2 0 3 4 5 6 7 9 8 10 11 12 13 14 1
341 336 5 1 2 3 5 0 6 7 9 4 10 11 12 13 14 8
342 338 4 1 2 3 5 8 6 7 9 4 10 11 12 13 14 0
346 341 5 1 2 3 5 8 6 7 9 0 10 11 12 13 14 4
346 342 4 1 2 3 5 8 6 7 0 9 10 11 12 13 14 4
348 343 5 1 2 3 5 8 6 0 7 9 10 11 12 13 14 4
344 339 5 5 2 3 4 8 6 7 9 0 10 11 12 13 14 1
344 340 4 5 2 3 4 8 6 7 0 9 10 11 12 13 14 1
346 341 5 5 2 3 4 8 6 0 7 9 10 11 12 13 14 1
346 341 5 5 2 3 4 8 6 7 13 9 10 11 12 0 14 1
346 341 5 5 2 0 4 8 6 7 3 9 10 11 12 13 14 1
340 335 5 0 2 3 4 1 6 7 9 8 10 11 12 13 14 5
335 330 5 1 2 3 4 5 0 6 7 9 10 11 12 13 8 14
339 334 5 1 2 3 0 4 6 7 9 8 10 11 12 13 14 5
340 335 5 1 2 3 8 4 6 7 9 0 10 11 12 13 14 5
340 336 4 1 2 3 8 4 6 7 0 9 10 11 12 13 14 5
342 337 5 1 2 3 8 4 6 0 7 9 10 11 12 13 14 5
342 337 5 1 2 3 8 4 6 7 13 9 10 11 12 0 14 5
342 337 5 1 2 0 8 4 6 7 3 9 10 11 12 13 14 5
343 338 5 1 2 8 0 4 6 7 3 9 10 11 12 13 14 5
343 339 4 1 2 8 4 0 6 7 3 9 10 11 12 13 14 5
343 341 2 1 2 8 4 5 6 7 3 9 10 11 12 13 14 0
348 344 4 1 2 8 4 5 6 7 3 0 10 11 12 13 14 9
349 345 4 1 2 8 4 5 6 7 0 3 10 11 12 13 14 9
349 346 3 1 2 0 4 5 6 7 8 3 10 11 12 13 14 9
351 347 4 1 2 4 0 5 6 7 8 3 10 11 12 13 14 9
352 348 4 1 2 4 3 5 6 7 8 0 10 11 12 13 14 9
351 347 4 1 0 2 4 5 6 7 8 3 10 11 12 13 14 9
348 344 4 0 2 8 4 5 6 7 3 9 10 11 12 13 14 1
347 343 4 1 2 8 4 5 6 7 3 9 10 0 12 13 14 11
346 342 4 1 2 8 4 5 6 7 3 9 10 11 12 13 0 14
346 342 4 1 2 8 4 5 6 7 3 9 0 11 12 13 14 10
348 343 5 1 2 8 4 5 6 7 3 0 9 11 12 13 14 10
349 344 5 1 2 8 4 5 6 7 0 3 9 11 12 13 14 10
349 345 4 1 2 0 4 5 6 7 8 3 9 11 12 13 14 10
351 346 5 1 2 4 0 5 6 7 8 3 9 11 12 13 14 10
352 347 5 1 2 4 3 5 6 7 8 0 9 11 12 13 14 10
352 348 4 1 2 4 3 5 6 7 8 9 0 11 12 13 14 10
351 349 2 1 2 4 3 5 6 7 8 9 10 11 12 13 14 0
356 352 4 0 2 4 3 5 6 7 8 9 10 11 12 13 14 1
355 351 4 1 2 4 3 0 6 7 8 9 10 11 12 13 14 5
356 352 4 1 2 4 0 3 6 7 8 9 10 11 12 13 14 5
356 353 3 1 2 0 4 3 6 7 8 9 10 11 12 13 14 5
358 354 4 1 0 2 4 3 6 7 8 9 10 11 12 13 14 5
358 354 4 1 2 8 4 3 6 7 0 9 10 11 12 13 14 5
355 351 4 1 2 4 3 5 6 7 8 9 10 0 12 13 14 11
354 350 4 1 2 4 3 5 6 7 8 9 10 11 12 13 0 14
356 351 5 1 2 4 3 5 6 7 8 9 10 11 12 0 13 14
360 355 5 1 2 8 4 3 6 7 13 9 10 11 12 0 14 5
356 351 5 1 2 4 3 5 6 7 8 0 10 11 12 13 9 14
357 352 5 1 2 4 0 5 6 7 8 3 10 11 12 13 9 14
357 353 4 1 2 0 4 5 6 7 8 3 10 11 12 13 9 14
359 354 5 1 0 2 4 5 6 7 8 3 10 11 12 13 9 14
359 354 5 1 2 8 4 5 6 7 0 3 10 11 12 13 9 14
359 354 5 1 2 4 3 5 6 0 8 9 10 7 12 13 14 11
339 334 5 1 2 3 0 5 6 7 9 4 8 11 12 13 14 10
343 338 5 1 2 3 4 5 6 7 13 0 10 11 12 14 9 8
344 339 5 1 2 3 4 5 6 7 0 13 10 11 12 14 9 8
345 340 5 1 2 3 4 5 6 7 14 13 10 11 12 0 9 8
346 341 5 1 2 3 4 5 6 7 14 13 10 11 12 9 0 8
346 342 4 1 2 3 4 5 6 7 14 13 10 11 12 9 8 0
350 345 5 1 2 3 4 5 6 7 14 0 10 11 12 9 8 13
351 346 5 1 2 3 4 5 6 7 0 14 10 11 12 9 8 13
352 347 5 1 2 3 4 5 6 7 9 14 10 11 12 0 8 13
351 346 5 1 2 3 4 5 6 7 14 8 10 11 12 9 0 13
351 347 4 1 2 3 4 5 6 7 14 8 10 11 12 9 13 0
352 347 5 1 2 3 4 5 6 7 14 8 10 11 12 0 9 13
341 336 5 1 2 3 4 5 6 12 7 9 8 11 0 13 14 10
333 328 5 1 2 3 4 5 6 7 13 9 10 11 0 12 8 14
341 336 5 1 2 3 4 0 6 7 9 10 5 11 12 13 14 8
342 338 4 1 2 3 4 8 6 7 9 10 5 11 12 13 14 0
346 341 5 1 2 3 4 8 6 7 9 0 5 11 12 13 14 10
346 342 4 1 2 3 4 8 6 7 0 9 5 11 12 13 14 10
348 343 5 1 2 3 4 8 6 0 7 9 5 11 12 13 14 10
348 343 5 1 2 3 4 8 6 7 13 9 5 11 12 0 14 10
348 343 5 1 2 0 4 8 6 7 3 9 5 11 12 13 14 10
323 318 5 1 2 3 4 5 6 7 8 9 0 13 11 12 14 10
342 337 5 1 2 3 4 5 6 7 9 14 0 11 12 13 8 10
343 338 5 1 2 3 4 5 6 7 9 0 14 11 12 13 8 10
343 339 4 1 2 3 4 5 6 7 0 9 14 11 12 13 8 10
345 340 5 1 2 3 4 5 6 0 7 9 14 11 12 13 8 10
345 340 5 1 2 3 4 5 6 7 13 9 14 11 12 0 8 10
346 341 5 1 2 3 4 5 6 7 13 9 14 11 12 8 0 10
346 342 4 1 2 3 4 5 6 7 13 9 14 11 12 8 10 0
348 343 5 1 2 3 4 5 6 7 13 9 0 11 12 8 10 14
345 340 5 1 2 0 4 5 6 7 3 9 14 11 12 13 8 10
330 325 5 1 2 3 0 5 6 7 13 4 10 11 12 8 14 9
327 322 5 11 2 3 4 5 6 7 8 9 10 0 12 14 13 1
330 325 5 1 2 3 4 5 6 7 13 14 10 11 12 8 0 9
330 326 4 1 2 3 4 5 6 7 13 14 10 11 12 8 9 0
331 326 5 1 2 3 4 5 6 7 13 14 10 11 12 0 8 9
331 327 4 1 2 3 4 5 6 7 0 14 10 11 12 13 8 9
332 328 4 1 2 3 4 5 6 7 14 0 10 11 12 13 8 9
333 329 4 1 2 3 4 5 6 7 14 8 10 11 12 13 0 9
333 330 3 1 2 3 4 5 6 7 14 8 10 11 12 13 9 0
337 333 4 1 2 3 4 5 6 7 14 0 10 11 12 13 9 8
337 334 3 1 2 3 4 5 6 7 14 9 10 11 12 13 0 8
337 335 2 1 2 3 4 5 6 7 14 9 10 11 12 13 8 0
342 338 4 0 2 3 4 5 6 7 14 9 10 11 12 13 8 1
341 337 4 1 2 3 4 0 6 7 14 9 10 11 12 13 8 5
341 337 4 1 2 3 4 5 6 7 14 9 10 0 12 13 8 11
340 336 4 1 2 3 4 5 6 7 14 9 0 11 12 13 8 10
339 335 4 1 2 3 4 5 6 7 14 9 10 11 12 0 13 8
340 336 4 1 2 3 4 5 6 7 0 9 10 11 12 14 13 8
338 334 4 1 2 3 4 5 6 7 0 14 10 11 12 13 9 8
340 335 5 1 2 3 4 5 6 0 7 14 10 11 12 13 9 8
340 335 5 1 2 3 4 5 6 7 13 14 10 11 12 0 9 8
341 336 5 1 2 3 4 5 6 7 13 14 10 11 12 9 0 8
341 337 4 1 2 3 4 5 6 7 13 14 10 11 12 9 8 0
341 337 4 1 2 3 4 5 6 7 13 0 10 11 12 9 14 8
342 338 4 1 2 3 4 5 6 7 0 13 10 11 12 9 14 8
343 339 4 1 2 3 4 5 6 7 9 13 10 11 12 0 14 8
345 340 5 1 2 3 4 5 6 7 9 13 10 11 12 14 0 8
345 341 4 1 2 3 4 5 6 7 9 13 10 11 12 14 8 0
349 344 5 1 2 3 4 5 6 7 9 0 10 11 12 14 8 13
349 345 4 1 2 3 4 5 6 7 0 9 10 11 12 14 8 13
350 346 4 1 2 3 4 5 6 7 14 9 10 11 12 0 8 13
351 347 4 1 2 3 4 5 6 7 14 9 10 11 12 8 0 13
351 348 3 1 2 3 4 5 6 7 14 9 10 11 12 8 13 0
356 351 5 1 2 3 4 5 6 7 14 0 10 11 12 8 13 9
357 352 5 1 2 3 4 5 6 7 0 14 10 11 12 8 13 9
357 353 4 1 2 3 4 5 6 7 8 14 10 11 12 0 13 9
357 354 3 1 2 3 4 5 6 7 8 14 10 11 12 13 0 9
357 355 2 1 2 3 4 5 6 7 8 14 10 11 12 13 9 0
357 355 2 1 2 3 4 5 6 7 8 0 10 11 12 13 14 9
359 356 3 1 2 3 4 5 6 7 8 10 0 11 12 13 14 9
359 357 2 1 2 3 4 5 6 7 8 10 9 11 12 13 14 0
363 360 3 1 2 3 4 5 6 7 8 0 9 11 12 13 14 10
363 361 2 1 2 3 4 5 6 7 8 9 0 11 12 13 14 10
362 362 0 1 2 3 4 5 6 7 8 9 10 11 12 13 14 0
