0 0 0 8 0 14 9 3 5 1 10 7 12 13 2 11 6 4
16 1 15 8 14 0 9 3 5 1 10 7 12 13 2 11 6 4
17 2 15 8 14 9 0 3 5 1 10 7 12 13 2 11 6 4
18 3 15 8 14 9 3 0 5 1 10 7 12 13 2 11 6 4
20 6 14 8 14 9 3 13 5 1 10 7 12 0 2 11 6 4
21 8 13 8 14 9 3 13 5 1 10 7 12 4 2 11 6 0
25 11 14 8 14 9 3 13 5 1 10 0 12 4 2 11 6 7
26 12 14 8 14 9 3 13 5 1 10 12 0 4 2 11 6 7
26 13 13 8 14 9 3 13 5 1 10 12 7 4 2 11 6 0
30 16 14 8 14 9 3 13 5 1 10 0 7 4 2 11 6 12
31 17 14 8 14 9 3 13 5 1 0 10 7 4 2 11 6 12
32 18 14 8 14 9 3 13 5 0 1 10 7 4 2 11 6 12
32 19 13 8 14 9 3 13 0 5 1 10 7 4 2 11 6 12
33 20 13 8 14 9 3 13 4 5 1 10 7 0 2 11 6 12
34 22 12 8 14 9 3 13 4 5 1 10 7 12 2 11 6 0
38 25 13 8 14 9 3 13 4 5 1 0 7 12 2 11 6 10
39 26 13 8 14 9 3 13 4 5 1 7 0 12 2 11 6 10
39 27 12 8 14 9 3 13 4 5 1 7 10 12 2 11 6 0
43 30 13 8 14 9 3 13 4 5 1 0 10 12 2 11 6 7
44 31 13 8 14 9 3 13 4 5 0 1 10 12 2 11 6 7
45 32 13 8 14 9 3 13 4 5 11 1 10 12 2 0 6 7
46 33 13 8 14 9 3 13 4 5 11 1 10 12 2 6 0 7
46 34 12 8 14 9 3 13 4 5 11 1 10 12 2 6 7 0
50 37 13 8 14 9 3 13 4 5 11 0 10 12 2 6 7 1
50 38 12 8 14 9 3 13 4 5 0 11 10 12 2 6 7 1
51 39 12 8 14 9 3 13 4 5 6 11 10 12 2 0 7 1
52 40 12 8 14 9 3 13 4 5 6 11 10 12 2 7 0 1
52 41 11 8 14 9 3 13 4 5 6 11 10 12 2 7 1 0
56 44 12 0 14 9 3 13 4 5 6 11 10 12 2 7 1 8
58 46 12 12 14 9 3 13 4 5 6 11 10 0 2 7 1 8
59 48 11 12 14 9 3 13 4 5 6 11 10 8 2 7 1 0
63 51 12 0 14 9 3 13 4 5 6 11 10 8 2 7 1 12
64 52 12 14 0 9 3 13 4 5 6 11 10 8 2 7 1 12
65 53 12 14 9 0 3 13 4 5 6 11 10 8 2 7 1 12
66 54 12 14 9 3 0 13 4 5 6 11 10 8 2 7 1 12
61 49 12 12 14 9 3 13 4 5 6 11 0 8 2 7 1 10
66 54 12 14 9 6 3 13 4 5 0 11 10 8 2 7 1 12
67 55 12 14 9 6 3 13 4 5 7 11 10 8 2 0 1 12
68 56 12 14 9 6 3 13 4 5 7 11 10 8 2 1 0 12
67 57 10 14 9 6 3 13 4 5 7 11 10 8 2 1 12 0
71 60 11 0 9 6 3 13 4 5 7 11 10 8 2 1 12 14
73 62 11 8 9 6 3 13 4 5 7 11 10 0 2 1 12 14
74 64 10 8 9 6 3 13 4 5 7 11 10 14 2 1 12 0
78 67 11 0 9 6 3 13 4 5 7 11 10 14 2 1 12 8
79 68 11 9 0 6 3 13 4 5 7 11 10 14 2 1 12 8
80 69 11 9 6 0 3 13 4 5 7 11 10 14 2 1 12 8
80 70 10 9 6 7 3 13 4 5 0 11 10 14 2 1 12 8
81 71 10 9 6 7 3 13 4 5 1 11 10 14 2 0 12 8
82 72 10 9 6 7 3 13 4 5 1 11 10 14 0 2 12 8
83 73 10 9 6 7 3 13 4 5 1 11 10 0 14 2 12 8
84 75 9 9 6 7 3 13 4 5 1 11 10 8 14 2 12 0
88 78 10 0 6 7 3 13 4 5 1 11 10 8 14 2 12 9
90 80 10 8 6 7 3 13 4 5 1 11 10 0 14 2 12 9
91 82 9 8 6 7 3 13 4 5 1 11 10 9 14 2 12 0
93 83 10 8 6 7 3 13 4 5 1 11 0 9 14 2 12 10
91 81 10 8 6 7 3 13 4 5 1 11 10 14 0 2 12 9
92 82 10 8 6 7 3 13 4 5 1 11 10 14 2 0 12 9
93 83 10 8 6 7 3 13 4 5 0 11 10 14 2 1 12 9
91 81 10 8 6 7 3 13 0 5 1 11 10 4 14 2 12 9
89 79 10 6 0 7 3 13 4 5 1 11 10 8 14 2 12 9
89 79 10 4 6 7 3 13 0 5 1 11 10 8 14 2 12 9
90 80 10 4 6 7 3 13 8 5 1 11 10 0 14 2 12 9
91 82 9 4 6 7 3 13 8 5 1 11 10 9 14 2 12 0
95 85 10 0 6 7 3 13 8 5 1 11 10 9 14 2 12 4
97 87 10 9 6 7 3 13 8 5 1 11 10 0 14 2 12 4
98 89 9 9 6 7 3 13 8 5 1 11 10 4 14 2 12 0
100 90 10 9 6 7 3 13 8 5 1 11 0 4 14 2 12 10
98 88 10 9 6 7 3 13 8 5 1 11 10 14 0 2 12 4
99 89 10 9 6 7 3 13 8 5 1 11 10 14 2 0 12 4
100 90 10 9 6 7 3 13 8 5 0 11 10 14 2 1 12 4
98 88 10 9 6 7 3 13 0 5 1 11 10 8 14 2 12 4
91 81 10 4 6 7 3 13 8 5 1 11 10 14 0 2 12 9
92 82 10 4 6 7 3 13 8 5 1 11 10 14 2 0 12 9
93 83 10 4 6 7 3 13 8 5 0 11 10 14 2 1 12 9
92 82 10 0 6 7 3 13 8 5 1 11 10 4 14 2 12 9
93 83 10 6 0 7 3 13 8 5 1 11 10 4 14 2 12 9
93 83 10 4 6 7 3 13 8 5 1 11 0 9 14 2 12 10
96 86 10 8 6 7 3 13 0 5 1 11 10 9 14 2 12 4
97 87 10 8 6 7 3 13 9 5 1 11 10 0 14 2 12 4
98 89 9 8 6 7 3 13 9 5 1 11 10 4 14 2 12 0
102 92 10 0 6 7 3 13 9 5 1 11 10 4 14 2 12 8
104 94 10 4 6 7 3 13 9 5 1 11 10 0 14 2 12 8
105 96 9 4 6 7 3 13 9 5 1 11 10 8 14 2 12 0
107 97 10 4 6 7 3 13 9 5 1 11 0 8 14 2 12 10
105 95 10 4 6 7 3 13 9 5 1 11 10 14 0 2 12 8
106 96 10 4 6 7 3 13 9 5 1 11 10 14 2 0 12 8
107 97 10 4 6 7 3 13 9 5 0 11 10 14 2 1 12 8
96 86 10 6 0 7 3 13 8 5 1 11 10 9 14 2 12 4
86 76 10 9 6 7 3 13 4 5 1 11 0 8 14 2 12 10
98 88 10 8 6 7 3 13 9 5 1 11 10 14 0 2 12 4
99 89 10 8 6 7 3 13 9 5 1 11 10 14 2 0 12 4
100 90 10 8 6 7 3 13 9 5 0 11 10 14 2 1 12 4
99 89 10 0 6 7 3 13 9 5 1 11 10 8 14 2 12 4
100 90 10 6 0 7 3 13 9 5 1 11 10 8 14 2 12 4
100 90 10 8 6 7 3 13 9 5 1 11 0 4 14 2 12 10
103 93 10 6 0 7 3 13 9 5 1 11 10 4 14 2 12 8
105 95 10 4 6 7 3 13 0 5 1 11 10 9 14 2 12 8
85 75 10 0 6 7 3 13 4 5 1 11 10 9 14 2 12 8
86 76 10 6 0 7 3 13 4 5 1 11 10 9 14 2 12 8
84 74 10 9 6 7 3 13 0 5 1 11 10 4 14 2 12 8
86 75 11 9 6 7 3 13 5 0 1 11 10 4 14 2 12 8
87 76 11 9 6 7 3 13 5 1 0 11 10 4 14 2 12 8
88 77 11 9 6 7 3 13 5 1 2 11 10 4 14 0 12 8
89 78 11 9 6 7 3 13 5 1 2 11 10 4 0 14 12 8
90 79 11 9 6 7 3 13 5 1 2 11 10 0 4 14 12 8
91 81 10 9 6 7 3 13 5 1 2 11 10 8 4 14 12 0
95 84 11 0 6 7 3 13 5 1 2 11 10 8 4 14 12 9
97 87 10 1 6 7 3 13 5 0 2 11 10 8 4 14 12 9
97 88 9 1 6 7 3 13 0 5 2 11 10 8 4 14 12 9
98 89 9 1 6 7 3 13 8 5 2 11 10 0 4 14 12 9
99 91 8 1 6 7 3 13 8 5 2 11 10 9 4 14 12 0
101 92 9 1 6 7 3 13 8 5 2 11 0 9 4 14 12 10
99 90 9 1 6 7 3 13 8 5 2 11 10 4 0 14 12 9
100 91 9 1 6 7 3 13 8 5 2 11 10 4 14 0 12 9
101 92 9 1 6 7 3 13 8 5 0 11 10 4 14 2 12 9
103 93 10 1 6 7 3 13 8 5 11 0 10 4 14 2 12 9
104 94 10 1 6 7 3 13 8 5 11 10 0 4 14 2 12 9
104 95 9 1 6 7 3 13 8 5 11 10 9 4 14 2 12 0
108 98 10 1 6 7 3 13 8 5 11 0 9 4 14 2 12 10
108 99 9 1 6 7 3 13 8 5 0 11 9 4 14 2 12 10
109 100 9 1 6 7 3 13 8 5 2 11 9 4 14 0 12 10
110 101 9 1 6 7 3 13 8 5 2 11 9 4 0 14 12 10
111 102 9 1 6 7 3 13 8 5 2 11 9 0 4 14 12 10
112 104 8 1 6 7 3 13 8 5 2 11 9 10 4 14 12 0
114 105 9 1 6 7 3 13 8 5 2 11 0 10 4 14 12 9
112 103 9 1 6 7 3 13 0 5 2 11 9 8 4 14 12 10
114 104 10 1 6 7 3 13 5 0 2 11 9 8 4 14 12 10
115 105 10 1 6 7 3 13 5 2 0 11 9 8 4 14 12 10
116 106 10 1 6 7 3 13 5 2 14 11 9 8 4 0 12 10
117 107 10 1 6 7 3 13 5 2 14 11 9 8 0 4 12 10
118 108 10 1 6 7 3 13 5 2 14 11 9 0 8 4 12 10
119 110 9 1 6 7 3 13 5 2 14 11 9 10 8 4 12 0
121 111 10 1 6 7 3 13 5 2 14 11 0 10 8 4 12 9
121 111 10 1 6 7 3 13 5 0 14 11 9 2 8 4 12 10
121 112 9 1 6 7 3 13 0 5 14 11 9 2 8 4 12 10
121 113 8 1 6 7 3 13 2 5 14 11 9 0 8 4 12 10
122 115 7 1 6 7 3 13 2 5 14 11 9 10 8 4 12 0
124 116 8 1 6 7 3 13 2 5 14 11 0 10 8 4 12 9
122 114 8 1 6 7 3 13 2 5 14 11 9 8 0 4 12 10
123 115 8 1 6 7 3 13 2 5 14 11 9 8 4 0 12 10
124 116 8 1 6 7 3 13 2 5 0 11 9 8 4 14 12 10
126 117 9 1 6 7 3 13 2 5 11 0 9 8 4 14 12 10
127 118 9 1 6 7 3 13 2 5 11 9 0 8 4 14 12 10
127 119 8 1 6 7 3 13 2 5 11 9 10 8 4 14 12 0
131 122 9 1 6 7 3 13 2 5 11 0 10 8 4 14 12 9
131 123 8 1 6 7 3 13 2 5 0 11 10 8 4 14 12 9
132 124 8 1 6 7 3 13 2 5 14 11 10 8 4 0 12 9
133 125 8 1 6 7 3 13 2 5 14 11 10 8 0 4 12 9
134 126 8 1 6 7 3 13 2 5 14 11 10 0 8 4 12 9
135 128 7 1 6 7 3 13 2 5 14 11 10 9 8 4 12 0
137 129 8 1 6 7 3 13 2 5 14 11 0 9 8 4 12 10
139 130 9 1 6 7 3 13 2 5 14 0 11 9 8 4 12 10
140 131 9 1 6 7 3 13 2 5 0 14 11 9 8 4 12 10
141 132 9 1 6 7 3 13 2 5 4 14 11 9 8 0 12 10
142 133 9 1 6 7 3 13 2 5 4 14 11 9 0 8 12 10
143 134 9 1 6 7 3 13 2 5 4 14 11 0 9 8 12 10
144 136 8 1 6 7 3 13 2 5 4 14 11 10 9 8 12 0
148 139 9 1 6 7 3 13 2 5 4 0 11 10 9 8 12 14
148 140 8 1 6 7 3 13 2 5 4 11 0 10 9 8 12 14
147 141 6 1 6 7 3 13 2 5 4 11 14 10 9 8 12 0
150 143 7 1 6 7 3 13 2 5 4 11 14 0 9 8 12 10
151 144 7 1 6 7 3 13 2 5 4 11 14 9 0 8 12 10
152 145 7 1 6 7 3 13 2 5 4 11 14 9 8 0 12 10
153 146 7 1 6 7 3 13 2 5 0 11 14 9 8 4 12 10
155 147 8 1 6 7 3 13 2 5 11 0 14 9 8 4 12 10
156 148 8 1 6 7 0 13 2 5 11 3 14 9 8 4 12 10
155 147 8 1 6 7 3 13 2 0 5 11 14 9 8 4 12 10
156 148 8 1 6 7 3 13 2 8 5 11 14 9 0 4 12 10
157 149 8 1 6 7 3 13 2 8 5 11 14 9 4 0 12 10
158 150 8 1 6 7 3 13 2 8 0 11 14 9 4 5 12 10
158 151 7 1 6 7 3 13 2 0 8 11 14 9 4 5 12 10
159 152 7 1 6 7 3 13 2 4 8 11 14 9 0 5 12 10
160 153 7 1 6 7 3 13 2 4 8 11 14 9 5 0 12 10
160 153 7 1 6 7 3 13 2 4 8 11 14 0 9 5 12 10
161 155 6 1 6 7 3 13 2 4 8 11 14 10 9 5 12 0
163 156 7 1 6 7 3 13 2 0 8 11 14 4 9 5 12 10
164 157 7 1 6 7 3 13 2 9 8 11 14 4 0 5 12 10
165 158 7 1 6 7 3 13 2 9 8 11 14 4 5 0 12 10
165 158 7 1 6 7 3 13 2 9 8 11 14 0 4 5 12 10
166 160 6 1 6 7 3 13 2 9 8 11 14 10 4 5 12 0
164 157 7 1 0 7 3 13 2 6 8 11 14 4 9 5 12 10
159 152 7 1 0 7 3 13 2 6 8 11 14 9 4 5 12 10
161 153 8 1 7 0 3 13 2 6 8 11 14 9 4 5 12 10
162 154 8 1 7 3 0 13 2 6 8 11 14 9 4 5 12 10
153 145 8 1 6 7 3 13 2 0 4 11 14 9 5 8 12 10
154 146 8 1 0 7 3 13 2 6 4 11 14 9 5 8 12 10
156 148 8 1 0 7 3 13 2 6 5 11 14 9 8 4 12 10
155 147 8 1 6 0 3 13 2 5 7 11 14 9 8 4 12 10
156 148 8 1 6 3 0 13 2 5 7 11 14 9 8 4 12 10
157 149 8 1 6 7 3 13 2 8 5 11 14 0 9 4 12 10
158 151 7 1 6 7 3 13 2 8 5 11 14 10 9 4 12 0
160 152 8 1 6 7 3 13 0 2 8 11 14 9 4 5 12 10
161 153 8 1 6 7 3 13 9 2 8 11 14 0 4 5 12 10
162 155 7 1 6 7 3 13 9 2 8 11 14 10 4 5 12 0
169 161 8 1 6 7 3 0 2 9 8 11 14 13 4 5 12 10
170 163 7 1 6 7 3 10 2 9 8 11 14 13 4 5 12 0
173 165 8 1 6 7 3 10 2 9 8 11 14 0 4 5 12 13
176 168 8 1 6 7 3 10 2 0 8 11 14 9 4 5 12 13
177 169 8 1 6 7 3 10 2 4 8 11 14 9 0 5 12 13
178 170 8 1 6 7 3 10 2 4 8 11 14 9 5 0 12 13
152 144 8 1 6 7 3 13 2 5 4 0 14 10 9 8 12 11
153 145 8 1 6 7 3 13 2 5 0 4 14 10 9 8 12 11
153 146 7 1 6 7 3 13 2 5 8 4 14 10 9 0 12 11
153 147 6 1 6 7 3 13 2 5 8 4 14 10 0 9 12 11
154 148 6 1 6 7 3 13 2 5 8 4 14 0 10 9 12 11
155 150 5 1 6 7 3 13 2 5 8 4 14 11 10 9 12 0
159 153 6 1 6 7 3 13 2 5 8 0 14 11 10 9 12 4
160 154 6 1 6 7 0 13 2 5 8 3 14 11 10 9 12 4
162 155 7 1 6 7 13 0 2 5 8 3 14 11 10 9 12 4
163 157 6 1 6 7 13 4 2 5 8 3 14 11 10 9 12 0
167 160 7 1 6 7 13 4 2 5 8 0 14 11 10 9 12 3
168 161 7 1 6 7 0 4 2 5 8 13 14 11 10 9 12 3
169 162 7 1 6 7 4 0 2 5 8 13 14 11 10 9 12 3
171 165 6 1 6 7 4 13 2 5 8 0 14 11 10 9 12 3
172 166 6 1 6 7 0 13 2 5 8 4 14 11 10 9 12 3
170 164 6 1 6 7 4 3 2 5 8 13 14 11 10 9 12 0
174 167 7 1 6 7 4 3 2 5 8 0 14 11 10 9 12 13
175 168 7 1 6 7 0 3 2 5 8 4 14 11 10 9 12 13
173 166 7 1 6 7 4 3 2 5 8 13 14 0 10 9 12 11
175 169 6 1 6 7 4 0 2 5 8 13 14 3 10 9 12 11
177 172 5 1 6 7 4 13 2 5 8 0 14 3 10 9 12 11
178 173 5 1 6 7 0 13 2 5 8 4 14 3 10 9 12 11
176 171 5 1 6 7 4 11 2 5 8 13 14 3 10 9 12 0
180 174 6 1 6 7 4 11 2 5 8 0 14 3 10 9 12 13
181 175 6 1 6 7 0 11 2 5 8 4 14 3 10 9 12 13
182 176 6 1 6 7 11 0 2 5 8 4 14 3 10 9 12 13
182 178 4 1 6 7 11 13 2 5 8 4 14 3 10 9 12 0
186 181 5 1 6 7 11 13 2 5 8 0 14 3 10 9 12 4
186 182 4 1 6 7 0 13 2 5 8 11 14 3 10 9 12 4
188 183 5 1 6 7 13 0 2 5 8 11 14 3 10 9 12 4
189 185 4 1 6 7 13 4 2 5 8 11 14 3 10 9 12 0
188 183 5 1 6 0 7 13 2 5 8 11 14 3 10 9 12 4
189 184 5 1 0 6 7 13 2 5 8 11 14 3 10 9 12 4
191 185 6 0 1 6 7 13 2 5 8 11 14 3 10 9 12 4
193 188 5 4 1 6 7 13 2 5 8 11 14 3 10 9 12 0
191 185 6 1 5 6 7 13 2 0 8 11 14 3 10 9 12 4
192 186 6 1 5 6 7 13 2 10 8 11 14 3 0 9 12 4
190 184 6 1 6 8 7 13 2 5 0 11 14 3 10 9 12 4
192 186 6 1 6 7 13 3 2 5 8 11 14 0 10 9 12 4
193 188 5 1 6 7 13 3 2 5 8 11 14 4 10 9 12 0
196 190 6 1 6 7 13 0 2 5 8 11 14 4 10 9 12 3
196 191 5 1 6 7 0 13 2 5 8 11 14 4 10 9 12 3
198 192 6 1 6 0 7 13 2 5 8 11 14 4 10 9 12 3
199 193 6 1 0 6 7 13 2 5 8 11 14 4 10 9 12 3
198 192 6 1 6 7 11 13 2 5 8 0 14 4 10 9 12 3
193 187 6 1 6 7 13 3 2 5 8 11 14 10 0 9 12 4
194 188 6 1 6 7 13 4 2 5 8 0 14 3 10 9 12 11
194 188 6 0 6 7 13 4 2 5 8 11 14 3 10 9 12 1
196 190 6 4 6 7 13 0 2 5 8 11 14 3 10 9 12 1
197 192 5 4 6 7 13 1 2 5 8 11 14 3 10 9 12 0
196 191 5 4 6 7 0 13 2 5 8 11 14 3 10 9 12 1
198 192 6 4 6 0 7 13 2 5 8 11 14 3 10 9 12 1
199 193 6 4 0 6 7 13 2 5 8 11 14 3 10 9 12 1
199 194 5 0 4 6 7 13 2 5 8 11 14 3 10 9 12 1
200 197 3 1 4 6 7 13 2 5 8 11 14 3 10 9 12 0
205 200 5 1 4 6 7 13 2 5 8 0 14 3 10 9 12 11
206 201 5 1 4 6 0 13 2 5 8 7 14 3 10 9 12 11
207 202 5 1 4 0 6 13 2 5 8 7 14 3 10 9 12 11
204 199 5 1 4 6 7 0 2 5 8 11 14 3 10 9 12 13
205 200 5 1 4 6 0 7 2 5 8 11 14 3 10 9 12 13
206 201 5 1 4 0 6 7 2 5 8 11 14 3 10 9 12 13
204 199 5 1 4 6 7 13 2 5 8 11 14 0 10 9 12 3
205 200 5 1 4 6 7 13 2 5 8 11 14 10 0 9 12 3
203 198 5 1 4 6 7 13 2 5 8 11 14 3 10 9 0 12
203 198 5 1 4 6 7 13 2 5 8 11 0 3 10 9 12 14
205 199 6 1 4 6 7 13 2 5 8 0 11 3 10 9 12 14
206 200 6 1 4 6 0 13 2 5 8 7 11 3 10 9 12 14
207 201 6 1 4 0 6 13 2 5 8 7 11 3 10 9 12 14
205 199 6 1 4 6 7 0 2 5 8 11 13 3 10 9 12 14
206 201 5 1 4 6 7 14 2 5 8 11 13 3 10 9 12 0
206 200 6 1 4 6 0 7 2 5 8 11 13 3 10 9 12 14
207 201 6 1 4 0 6 7 2 5 8 11 13 3 10 9 12 14
205 199 6 1 4 6 7 13 2 5 8 11 14 3 10 0 9 12
206 200 6 1 4 6 7 13 2 5 8 11 14 3 0 10 9 12
207 201 6 1 4 6 7 13 2 5 8 14 0 3 10 9 12 11
207 202 5 1 4 6 7 13 2 5 8 14 11 3 10 9 12 0
198 192 6 4 6 7 11 13 2 5 8 0 14 3 10 9 12 1
209 203 6 1 0 4 6 13 2 5 8 7 14 3 10 9 12 11
208 202 6 1 4 6 13 0 2 5 8 7 14 3 10 9 12 11
209 204 5 1 4 6 13 11 2 5 8 7 14 3 10 9 12 0
213 207 6 1 4 6 13 11 2 5 8 0 14 3 10 9 12 7
214 208 6 1 4 6 0 11 2 5 8 13 14 3 10 9 12 7
215 209 6 1 4 6 11 0 2 5 8 13 14 3 10 9 12 7
217 212 5 1 4 6 11 13 2 5 8 0 14 3 10 9 12 7
217 213 4 1 4 6 0 13 2 5 8 11 14 3 10 9 12 7
218 214 4 1 4 0 6 13 2 5 8 11 14 3 10 9 12 7
220 215 5 1 0 4 6 13 2 5 8 11 14 3 10 9 12 7
220 215 5 1 4 8 6 13 2 5 0 11 14 3 10 9 12 7
219 214 5 1 4 6 13 0 2 5 8 11 14 3 10 9 12 7
220 216 4 1 4 6 13 7 2 5 8 11 14 3 10 9 12 0
216 211 5 1 4 6 11 7 2 5 8 13 14 3 10 9 12 0
225 219 6 0 4 6 13 7 2 5 8 11 14 3 10 9 12 1
227 221 6 7 4 6 13 0 2 5 8 11 14 3 10 9 12 1
228 223 5 7 4 6 13 1 2 5 8 11 14 3 10 9 12 0
227 222 5 7 4 6 0 13 2 5 8 11 14 3 10 9 12 1
228 223 5 7 4 0 6 13 2 5 8 11 14 3 10 9 12 1
230 224 6 7 0 4 6 13 2 5 8 11 14 3 10 9 12 1
231 225 6 0 7 4 6 13 2 5 8 11 14 3 10 9 12 1
232 228 4 1 7 4 6 13 2 5 8 11 14 3 10 9 12 0
237 231 6 1 7 4 6 13 2 5 8 0 14 3 10 9 12 11
238 232 6 1 7 4 0 13 2 5 8 6 14 3 10 9 12 11
239 233 6 1 7 0 4 13 2 5 8 6 14 3 10 9 12 11
239 234 5 1 0 7 4 13 2 5 8 6 14 3 10 9 12 11
241 235 6 0 1 7 4 13 2 5 8 6 14 3 10 9 12 11
243 238 5 11 1 7 4 13 2 5 8 6 14 3 10 9 12 0
247 241 6 11 1 7 4 13 2 5 8 0 14 3 10 9 12 6
248 242 6 11 1 7 0 13 2 5 8 4 14 3 10 9 12 6
241 235 6 1 5 7 4 13 2 0 8 6 14 3 10 9 12 11
242 236 6 1 5 7 4 13 2 10 8 6 14 3 0 9 12 11
207 201 6 1 4 6 7 13 2 5 0 8 14 3 10 9 12 11
208 202 6 1 4 0 7 13 2 5 6 8 14 3 10 9 12 11
208 203 5 1 4 7 0 13 2 5 6 8 14 3 10 9 12 11
209 204 5 1 4 7 8 13 2 5 6 0 14 3 10 9 12 11
210 205 5 1 4 7 8 13 2 5 0 6 14 3 10 9 12 11
212 206 6 1 4 7 8 13 2 0 5 6 14 3 10 9 12 11
213 207 6 1 4 7 8 13 2 10 5 6 14 3 0 9 12 11
208 202 6 1 4 6 7 13 2 0 8 11 14 5 10 9 12 3
209 203 6 1 4 6 7 13 2 10 8 11 14 5 0 9 12 3
210 204 6 1 4 6 7 13 2 10 8 11 14 0 5 9 12 3
210 206 4 1 4 6 7 13 2 10 8 11 14 3 5 9 12 0
215 209 6 1 4 6 7 13 2 10 8 0 14 3 5 9 12 11
216 210 6 1 4 6 0 13 2 10 8 7 14 3 5 9 12 11
217 211 6 1 4 0 6 13 2 10 8 7 14 3 5 9 12 11
215 209 6 0 4 6 7 13 2 10 8 11 14 3 5 9 12 1
218 212 6 10 4 6 7 13 2 0 8 11 14 3 5 9 12 1
218 213 5 10 4 6 7 13 2 5 8 11 14 3 0 9 12 1
220 214 6 10 4 6 7 13 2 5 8 11 14 3 9 0 12 1
220 214 6 10 4 6 7 13 2 5 8 11 14 0 3 9 12 1
221 216 5 10 4 6 7 13 2 5 8 11 14 1 3 9 12 0
225 219 6 0 4 6 7 13 2 5 8 11 14 1 3 9 12 10
226 221 5 1 4 6 7 13 2 5 8 11 14 0 3 9 12 10
227 223 4 1 4 6 7 13 2 5 8 11 14 10 3 9 12 0
226 222 4 1 4 6 7 13 2 5 8 11 14 3 0 9 12 10
228 223 5 1 4 6 7 13 2 5 8 11 14 3 9 0 12 10
228 223 5 1 4 6 7 13 2 0 8 11 14 3 5 9 12 10
230 224 6 1 4 6 7 13 2 8 0 11 14 3 5 9 12 10
231 225 6 1 4 0 7 13 2 8 6 11 14 3 5 9 12 10
231 226 5 1 4 7 0 13 2 8 6 11 14 3 5 9 12 10
233 227 6 1 4 7 13 0 2 8 6 11 14 3 5 9 12 10
234 229 5 1 4 7 13 10 2 8 6 11 14 3 5 9 12 0
233 227 6 1 4 7 11 13 2 8 6 0 14 3 5 9 12 10
234 228 6 1 4 7 11 13 2 8 0 6 14 3 5 9 12 10
234 229 5 1 4 7 11 13 2 0 8 6 14 3 5 9 12 10
234 230 4 1 4 7 11 13 2 5 8 6 14 3 0 9 12 10
236 231 5 1 4 7 11 13 2 5 8 6 14 3 9 0 12 10
236 231 5 1 4 7 11 13 2 5 8 6 14 0 3 9 12 10
237 233 4 1 4 7 11 13 2 5 8 6 14 10 3 9 12 0
241 236 5 1 4 7 11 13 2 5 8 0 14 10 3 9 12 6
241 237 4 1 4 7 0 13 2 5 8 11 14 10 3 9 12 6
243 238 5 1 4 7 13 0 2 5 8 11 14 10 3 9 12 6
244 240 4 1 4 7 13 6 2 5 8 11 14 10 3 9 12 0
247 242 5 1 4 7 13 6 2 5 8 11 14 0 3 9 12 10
247 243 4 1 4 7 13 6 2 5 8 11 14 3 0 9 12 10
249 244 5 1 4 7 13 6 2 5 8 11 14 3 9 0 12 10
249 244 5 1 4 7 13 6 2 0 8 11 14 3 5 9 12 10
250 245 5 1 4 7 13 0 2 5 8 11 14 6 3 9 12 10
251 247 4 1 4 7 13 10 2 5 8 11 14 6 3 9 12 0
250 246 4 1 4 7 0 13 2 5 8 11 14 6 3 9 12 10
252 247 5 1 4 0 7 13 2 5 8 11 14 6 3 9 12 10
252 247 5 1 4 7 11 13 2 5 8 0 14 6 3 9 12 10
246 241 5 1 4 7 13 10 2 5 8 11 14 0 3 9 12 6
246 242 4 1 4 7 13 10 2 5 8 11 14 3 0 9 12 6
248 243 5 1 4 7 13 10 2 5 8 11 14 3 9 0 12 6
248 243 5 1 4 7 13 10 2 0 8 11 14 3 5 9 12 6
243 238 5 1 4 0 7 13 2 5 8 11 14 10 3 9 12 6
245 239 6 1 0 4 7 13 2 5 8 11 14 10 3 9 12 6
235 229 6 1 7 4 6 13 2 5 8 11 0 3 10 9 12 14
202 196 6 3 4 6 7 13 2 5 8 11 14 0 10 9 12 1
203 198 5 3 4 6 7 13 2 5 8 11 14 1 10 9 12 0
222 216 6 0 1 4 6 13 2 5 8 11 14 3 10 9 12 7
224 219 5 7 1 4 6 13 2 5 8 11 14 3 10 9 12 0
176 170 6 1 6 7 0 4 2 5 8 13 14 3 10 9 12 11
236 230 6 1 7 4 6 0 2 5 8 11 14 3 10 9 12 13
237 231 6 1 7 4 0 6 2 5 8 11 14 3 10 9 12 13
238 232 6 1 7 0 4 6 2 5 8 11 14 3 10 9 12 13
238 233 5 1 0 7 4 6 2 5 8 11 14 3 10 9 12 13
240 234 6 0 1 7 4 6 2 5 8 11 14 3 10 9 12 13
242 237 5 13 1 7 4 6 2 5 8 11 14 3 10 9 12 0
245 239 6 13 1 7 4 0 2 5 8 11 14 3 10 9 12 6
246 241 5 0 1 7 4 13 2 5 8 11 14 3 10 9 12 6
248 244 4 6 1 7 4 13 2 5 8 11 14 3 10 9 12 0
246 242 4 1 0 7 4 13 2 5 8 11 14 3 10 9 12 6
248 243 5 1 7 0 4 13 2 5 8 11 14 3 10 9 12 6
249 244 5 1 7 4 0 13 2 5 8 11 14 3 10 9 12 6
248 243 5 1 5 7 4 13 2 0 8 11 14 3 10 9 12 6
249 244 5 1 5 7 4 13 2 10 8 11 14 3 0 9 12 6
251 245 6 1 5 7 4 13 2 10 8 11 14 3 9 0 12 6
211 205 6 1 4 7 8 13 2 5 6 14 0 3 10 9 12 11
211 206 5 1 4 7 8 13 2 5 6 14 11 3 10 9 12 0
215 209 6 1 4 7 8 13 2 5 6 0 11 3 10 9 12 14
215 210 5 1 4 7 8 13 2 5 6 11 0 3 10 9 12 14
214 211 3 1 4 7 8 13 2 5 6 11 14 3 10 9 12 0
219 214 5 0 4 7 8 13 2 5 6 11 14 3 10 9 12 1
218 213 5 1 4 7 8 0 2 5 6 11 14 3 10 9 12 13
219 214 5 1 4 7 0 8 2 5 6 11 14 3 10 9 12 13
218 213 5 1 4 7 8 13 2 5 6 11 14 0 10 9 12 3
219 214 5 1 4 7 8 13 2 5 6 11 14 10 0 9 12 3
217 212 5 1 4 7 8 13 2 5 6 11 14 3 10 9 0 12
219 213 6 1 4 7 8 13 2 5 6 11 14 3 10 0 9 12
220 214 6 1 4 7 8 13 2 5 6 11 14 3 0 10 9 12
222 216 6 1 4 7 8 0 2 5 6 11 14 13 10 9 12 3
223 218 5 1 4 7 8 3 2 5 6 11 14 13 10 9 12 0
219 213 6 1 4 6 11 13 2 5 0 8 14 3 10 9 12 7
220 214 6 1 4 0 11 13 2 5 6 8 14 3 10 9 12 7
221 215 6 1 4 11 0 13 2 5 6 8 14 3 10 9 12 7
222 216 6 1 4 11 8 13 2 5 6 0 14 3 10 9 12 7
223 217 6 1 4 11 8 13 2 5 0 6 14 3 10 9 12 7
224 218 6 1 4 0 8 13 2 5 11 6 14 3 10 9 12 7
225 219 6 1 4 8 0 13 2 5 11 6 14 3 10 9 12 7
222 216 6 0 4 6 7 13 2 5 8 11 14 10 3 9 12 1
222 216 6 1 5 4 6 13 2 0 8 11 14 3 10 9 12 7
223 217 6 1 5 4 6 13 2 10 8 11 14 3 0 9 12 7
222 216 6 1 4 8 6 13 2 5 9 11 14 3 10 0 12 7
223 217 6 1 4 8 6 13 2 5 9 11 14 3 0 10 12 7
222 216 6 1 4 8 6 13 2 0 5 11 14 3 10 9 12 7
223 217 6 1 4 8 6 13 2 10 5 11 14 3 0 9 12 7
223 217 6 1 4 6 13 7 2 5 8 11 14 3 10 9 0 12
195 189 6 6 0 7 13 4 2 5 8 11 14 3 10 9 12 1
230 224 6 1 4 6 7 13 2 5 8 11 0 10 3 9 12 14
222 216 6 1 4 8 6 13 2 5 11 0 14 3 10 9 12 7
230 224 6 1 4 6 7 13 2 0 8 11 14 5 3 9 12 10
231 225 6 1 4 6 7 13 2 3 8 11 14 5 0 9 12 10
232 226 6 1 4 6 7 13 2 3 8 11 14 0 5 9 12 10
233 228 5 1 4 6 7 13 2 3 8 11 14 10 5 9 12 0
201 195 6 2 4 6 7 13 0 5 8 11 14 3 10 9 12 1
231 225 6 1 4 6 7 0 2 5 8 11 14 10 3 9 12 13
234 228 6 1 4 6 7 10 2 5 8 11 14 0 3 9 12 13
235 230 5 1 4 6 7 10 2 5 8 11 14 13 3 9 12 0
234 229 5 1 4 6 7 10 2 5 8 11 14 3 0 9 12 13
236 230 6 1 4 6 7 10 2 5 8 11 14 3 9 0 12 13
208 202 6 1 4 6 7 3 2 5 8 11 14 0 10 9 12 13
209 204 5 1 4 6 7 3 2 5 8 11 14 13 10 9 12 0
230 224 6 7 4 8 6 13 2 5 0 11 14 3 10 9 12 1
206 200 6 1 4 6 7 13 0 5 8 11 14 2 10 9 12 3
230 224 6 1 0 6 7 13 2 4 8 11 14 3 5 9 12 10
231 225 6 1 6 0 7 13 2 4 8 11 14 3 5 9 12 10
231 226 5 1 6 7 0 13 2 4 8 11 14 3 5 9 12 10
233 227 6 1 6 7 13 0 2 4 8 11 14 3 5 9 12 10
234 229 5 1 6 7 13 10 2 4 8 11 14 3 5 9 12 0
229 223 6 7 4 6 11 13 2 5 8 0 14 3 10 9 12 1
206 200 6 1 4 6 7 14 2 5 8 11 0 3 10 9 12 13
230 224 6 1 4 6 7 13 0 2 8 11 14 3 5 9 12 10
238 232 6 1 4 7 11 13 2 5 8 6 14 3 9 12 0 10
238 233 5 1 4 7 11 13 2 5 8 6 14 3 9 12 10 0
242 236 6 1 4 7 11 13 2 5 8 0 14 3 9 12 10 6
242 237 5 1 4 7 0 13 2 5 8 11 14 3 9 12 10 6
244 238 6 1 4 7 13 0 2 5 8 11 14 3 9 12 10 6
245 240 5 1 4 7 13 6 2 5 8 11 14 3 9 12 10 0
233 227 6 1 6 7 11 13 2 4 8 0 14 3 5 9 12 10
245 239 6 1 4 7 13 14 2 5 8 11 0 10 3 9 12 6
245 240 5 1 4 7 13 14 2 5 8 11 6 10 3 9 12 0
248 242 6 1 4 7 13 0 2 5 8 11 6 10 3 9 12 14
248 243 5 1 4 7 0 13 2 5 8 11 6 10 3 9 12 14
250 244 6 1 4 0 7 13 2 5 8 11 6 10 3 9 12 14
250 244 6 1 4 7 11 13 2 5 8 0 6 10 3 9 12 14
249 243 6 0 4 7 13 6 2 5 8 11 14 10 3 9 12 1
251 245 6 10 4 7 13 6 2 5 8 11 14 0 3 9 12 1
252 247 5 10 4 7 13 6 2 5 8 11 14 1 3 9 12 0
251 246 5 10 4 7 13 6 2 5 8 11 14 3 0 9 12 1
253 247 6 10 4 7 13 6 2 5 8 11 14 3 9 0 12 1
249 243 6 1 4 7 13 6 0 5 8 11 14 2 3 9 12 10
253 247 6 10 4 7 13 6 2 0 8 11 14 3 5 9 12 1
247 241 6 1 4 7 13 6 2 5 8 11 14 3 9 12 0 10
251 245 6 1 4 7 13 6 2 5 0 11 14 3 9 8 12 10
179 173 6 1 6 7 4 13 2 5 8 12 14 3 10 9 0 11
179 174 5 1 6 7 4 13 2 5 8 12 14 3 10 9 11 0
183 177 6 1 6 7 4 13 2 5 8 0 14 3 10 9 11 12
183 178 5 1 6 7 4 13 2 5 8 11 14 3 10 9 0 12
182 179 3 1 6 7 4 13 2 5 8 11 14 3 10 9 12 0
187 182 5 0 6 7 4 13 2 5 8 11 14 3 10 9 12 1
188 183 5 6 0 7 4 13 2 5 8 11 14 3 10 9 12 1
186 181 5 1 6 7 4 0 2 5 8 11 14 3 10 9 12 13
187 182 5 1 6 7 0 4 2 5 8 11 14 3 10 9 12 13
186 181 5 1 6 7 4 13 2 5 8 11 14 0 10 9 12 3
187 182 5 1 6 7 4 13 2 5 8 11 14 10 0 9 12 3
185 180 5 1 6 7 4 13 2 5 8 11 0 3 10 9 12 14
187 181 6 1 6 7 4 13 2 5 8 0 11 3 10 9 12 14
188 182 6 1 6 7 0 13 2 5 8 4 11 3 10 9 12 14
187 181 6 1 6 7 4 0 2 5 8 11 13 3 10 9 12 14
188 183 5 1 6 7 4 14 2 5 8 11 13 3 10 9 12 0
188 182 6 1 6 7 0 4 2 5 8 11 13 3 10 9 12 14
189 183 6 0 6 7 4 1 2 5 8 11 14 3 10 9 12 13
191 186 5 13 6 7 4 1 2 5 8 11 14 3 10 9 12 0
190 184 6 6 0 7 4 1 2 5 8 11 14 3 10 9 12 13
189 183 6 1 6 7 4 13 2 5 8 11 14 10 9 0 12 3
189 183 6 1 6 7 4 13 2 0 8 11 14 10 5 9 12 3
190 184 6 1 0 7 4 13 2 6 8 11 14 10 5 9 12 3
190 184 6 1 6 7 4 13 2 0 8 11 14 5 10 9 12 3
191 185 6 1 6 7 4 13 2 10 8 11 14 5 0 9 12 3
192 186 6 1 6 7 4 13 2 10 8 11 14 0 5 9 12 3
192 188 4 1 6 7 4 13 2 10 8 11 14 3 5 9 12 0
197 191 6 1 6 7 4 13 2 10 8 0 14 3 5 9 12 11
198 192 6 1 6 7 0 13 2 10 8 4 14 3 5 9 12 11
197 191 6 0 6 7 4 13 2 10 8 11 14 3 5 9 12 1
200 194 6 10 6 7 4 13 2 0 8 11 14 3 5 9 12 1
200 195 5 10 6 7 4 13 2 5 8 11 14 3 0 9 12 1
202 196 6 10 6 7 4 13 2 5 8 11 14 3 9 0 12 1
202 196 6 10 6 7 4 13 2 5 8 11 14 0 3 9 12 1
203 198 5 10 6 7 4 13 2 5 8 11 14 1 3 9 12 0
207 201 6 0 6 7 4 13 2 5 8 11 14 1 3 9 12 10
208 203 5 1 6 7 4 13 2 5 8 11 14 0 3 9 12 10
209 205 4 1 6 7 4 13 2 5 8 11 14 10 3 9 12 0
208 204 4 1 6 7 4 13 2 5 8 11 14 3 0 9 12 10
210 205 5 1 6 7 4 13 2 5 8 11 14 3 9 0 12 10
210 205 5 1 6 7 4 13 2 0 8 11 14 3 5 9 12 10
211 206 5 1 0 7 4 13 2 6 8 11 14 3 5 9 12 10
213 207 6 1 7 0 4 13 2 6 8 11 14 3 5 9 12 10
214 208 6 1 7 4 0 13 2 6 8 11 14 3 5 9 12 10
188 182 6 1 6 7 4 13 0 5 8 11 14 2 10 9 12 3
213 207 6 0 1 7 4 13 2 6 8 11 14 3 5 9 12 10
215 210 5 10 1 7 4 13 2 6 8 11 14 3 5 9 12 0
216 210 6 6 1 7 4 13 2 0 8 11 14 3 5 9 12 10
216 211 5 6 1 7 4 13 2 5 8 11 14 3 0 9 12 10
218 212 6 6 1 7 4 13 2 5 8 11 14 3 9 0 12 10
218 212 6 6 1 7 4 13 2 5 8 11 14 0 3 9 12 10
219 214 5 6 1 7 4 13 2 5 8 11 14 10 3 9 12 0
223 217 6 0 1 7 4 13 2 5 8 11 14 10 3 9 12 6
223 218 5 1 0 7 4 13 2 5 8 11 14 10 3 9 12 6
225 219 6 1 7 0 4 13 2 5 8 11 14 10 3 9 12 6
226 220 6 1 7 4 0 13 2 5 8 11 14 10 3 9 12 6
225 219 6 1 5 7 4 13 2 0 8 11 14 10 3 9 12 6
226 220 6 1 5 7 4 13 2 3 8 11 14 10 0 9 12 6
227 221 6 1 5 7 4 13 2 3 8 11 14 0 10 9 12 6
228 223 5 1 5 7 4 13 2 3 8 11 14 6 10 9 12 0
225 219 6 10 1 7 4 13 2 5 8 11 14 0 3 9 12 6
226 221 5 10 1 7 4 13 2 5 8 11 14 6 3 9 12 0
225 220 5 10 1 7 4 13 2 5 8 11 14 3 0 9 12 6
227 221 6 10 1 7 4 13 2 5 8 11 14 3 9 0 12 6
227 221 6 10 1 7 4 13 2 0 8 11 14 3 5 9 12 6
228 222 6 10 0 7 4 13 2 1 8 11 14 3 5 9 12 6
229 223 6 0 10 7 4 13 2 1 8 11 14 3 5 9 12 6
231 226 5 1 10 7 4 13 2 0 8 11 14 3 5 9 12 6
231 227 4 1 10 7 4 13 2 5 8 11 14 3 0 9 12 6
233 228 5 1 10 7 4 13 2 5 8 11 14 3 9 0 12 6
233 228 5 1 10 7 4 13 2 5 8 11 14 0 3 9 12 6
234 230 4 1 10 7 4 13 2 5 8 11 14 6 3 9 12 0
232 227 5 1 0 7 4 13 2 10 8 11 14 3 5 9 12 6
231 226 5 6 10 7 4 13 2 1 8 11 14 3 5 9 12 0
237 231 6 1 10 7 4 13 2 0 8 11 14 5 3 9 12 6
238 232 6 1 10 7 4 13 2 3 8 11 14 5 0 9 12 6
239 233 6 1 10 7 4 13 2 3 8 11 14 0 5 9 12 6
240 235 5 1 10 7 4 13 2 3 8 11 14 6 5 9 12 0
238 232 6 1 0 7 4 13 2 10 8 11 14 5 3 9 12 6
234 228 6 1 7 0 4 13 2 10 8 11 14 3 5 9 12 6
235 229 6 1 7 4 0 13 2 10 8 11 14 3 5 9 12 6
212 206 6 1 6 7 4 13 2 5 8 11 14 3 9 12 0 10
212 207 5 1 6 7 4 13 2 5 8 11 14 3 9 12 10 0
204 198 6 0 6 7 4 13 2 5 8 11 14 10 3 9 12 1
205 199 6 6 0 7 4 13 2 5 8 11 14 10 3 9 12 1
195 189 6 1 6 7 4 13 2 10 8 11 0 3 5 9 12 14
190 184 6 1 6 7 4 0 2 5 8 11 14 13 10 9 12 3
191 186 5 1 6 7 4 3 2 5 8 11 14 13 10 9 12 0
191 185 6 1 6 7 0 4 2 5 8 11 14 13 10 9 12 3
191 185 6 5 6 7 4 13 2 0 8 11 14 3 10 9 12 1
192 186 6 5 6 7 4 13 2 10 8 11 14 3 0 9 12 1
192 186 6 5 0 7 4 13 2 6 8 11 14 3 10 9 12 1
193 187 6 0 5 7 4 13 2 6 8 11 14 3 10 9 12 1
194 190 4 1 5 7 4 13 2 6 8 11 14 3 10 9 12 0
199 193 6 1 5 7 4 13 2 6 8 0 14 3 10 9 12 11
200 194 6 1 5 7 0 13 2 6 8 4 14 3 10 9 12 11
210 204 6 1 6 7 4 13 0 5 8 11 14 2 3 9 12 10
198 192 6 1 5 7 4 0 2 6 8 11 14 3 10 9 12 13
199 193 6 1 5 7 0 4 2 6 8 11 14 3 10 9 12 13
198 192 6 1 5 7 4 13 2 6 8 11 14 0 10 9 12 3
201 195 6 1 5 7 4 13 2 0 8 11 14 6 10 9 12 3
201 196 5 1 0 7 4 13 2 5 8 11 14 6 10 9 12 3
203 197 6 1 7 0 4 13 2 5 8 11 14 6 10 9 12 3
204 198 6 1 7 4 0 13 2 5 8 11 14 6 10 9 12 3
203 197 6 0 1 7 4 13 2 5 8 11 14 6 10 9 12 3
205 200 5 3 1 7 4 13 2 5 8 11 14 6 10 9 12 0
202 196 6 1 5 7 4 13 2 10 8 11 14 6 0 9 12 3
202 197 5 1 5 7 4 13 2 10 8 11 14 0 6 9 12 3
202 199 3 1 5 7 4 13 2 10 8 11 14 3 6 9 12 0
207 202 5 1 5 7 4 13 2 10 8 0 14 3 6 9 12 11
208 203 5 1 5 7 0 13 2 10 8 4 14 3 6 9 12 11
207 202 5 0 5 7 4 13 2 10 8 11 14 3 6 9 12 1
210 205 5 10 5 7 4 13 2 0 8 11 14 3 6 9 12 1
210 206 4 10 0 7 4 13 2 5 8 11 14 3 6 9 12 1
211 207 4 0 10 7 4 13 2 5 8 11 14 3 6 9 12 1
212 210 2 1 10 7 4 13 2 5 8 11 14 3 6 9 12 0
217 213 4 1 10 7 4 13 2 5 8 0 14 3 6 9 12 11
218 214 4 1 10 7 0 13 2 5 8 4 14 3 6 9 12 11
216 212 4 1 10 7 4 0 2 5 8 11 14 3 6 9 12 13
217 213 4 1 10 7 0 4 2 5 8 11 14 3 6 9 12 13
215 211 4 1 10 7 4 13 2 5 8 11 0 3 6 9 12 14
216 212 4 1 10 7 4 13 2 5 8 11 14 0 6 9 12 3
215 211 4 1 10 7 4 13 2 5 8 11 14 3 6 9 0 12
217 212 5 1 10 7 4 13 2 5 8 11 14 3 6 0 9 12
217 212 5 1 10 7 4 13 2 5 8 0 14 3 6 9 11 12
218 213 5 1 10 7 0 13 2 5 8 4 14 3 6 9 11 12
215 210 5 5 10 7 4 13 2 0 8 11 14 3 6 9 12 1
214 209 5 13 10 7 4 0 2 5 8 11 14 3 6 9 12 1
215 211 4 13 10 7 4 1 2 5 8 11 14 3 6 9 12 0
215 210 5 13 10 7 0 4 2 5 8 11 14 3 6 9 12 1
208 203 5 5 0 7 4 13 2 10 8 11 14 3 6 9 12 1
205 200 5 1 5 7 4 13 2 10 8 11 14 3 6 9 0 12
205 200 5 1 5 7 4 13 2 10 8 11 0 3 6 9 12 14
206 201 5 1 5 7 4 0 2 10 8 11 14 3 6 9 12 13
207 202 5 1 5 7 0 4 2 10 8 11 14 3 6 9 12 13
205 200 5 1 5 7 4 13 2 0 8 11 14 10 6 9 12 3
205 201 4 1 0 7 4 13 2 5 8 11 14 10 6 9 12 3
207 202 5 1 7 0 4 13 2 5 8 11 14 10 6 9 12 3
208 203 5 1 7 4 0 13 2 5 8 11 14 10 6 9 12 3
207 202 5 0 1 7 4 13 2 5 8 11 14 10 6 9 12 3
209 205 4 3 1 7 4 13 2 5 8 11 14 10 6 9 12 0
212 207 5 3 1 7 4 13 2 5 8 11 14 0 6 9 12 10
213 209 4 0 1 7 4 13 2 5 8 11 14 3 6 9 12 10
215 212 3 10 1 7 4 13 2 5 8 11 14 3 6 9 12 0
213 210 3 1 0 7 4 13 2 5 8 11 14 3 6 9 12 10
215 211 4 1 7 0 4 13 2 5 8 11 14 3 6 9 12 10
216 212 4 1 7 4 0 13 2 5 8 11 14 3 6 9 12 10
215 211 4 1 5 7 4 13 2 0 8 11 14 3 6 9 12 10
217 212 5 1 5 7 4 13 2 8 0 11 14 3 6 9 12 10
217 212 5 1 5 7 4 13 0 2 8 11 14 3 6 9 12 10
217 212 5 1 5 7 4 13 2 6 8 11 14 3 0 9 12 10
218 213 5 1 7 4 13 0 2 5 8 11 14 3 6 9 12 10
219 215 4 1 7 4 13 10 2 5 8 11 14 3 6 9 12 0
219 214 5 1 10 0 7 4 2 5 8 11 14 3 6 9 12 13
220 215 5 1 0 10 7 4 2 5 8 11 14 3 6 9 12 13
220 215 5 1 10 7 4 13 2 0 8 11 14 5 6 9 12 3
221 216 5 1 0 7 4 13 2 10 8 11 14 5 6 9 12 3
219 214 5 0 10 7 4 13 2 5 8 11 14 1 6 9 12 3
221 217 4 3 10 7 4 13 2 5 8 11 14 1 6 9 12 0
220 215 5 10 0 7 4 13 2 5 8 11 14 1 6 9 12 3
220 215 5 1 10 7 4 0 2 5 8 11 14 13 6 9 12 3
221 217 4 1 10 7 4 3 2 5 8 11 14 13 6 9 12 0
221 216 5 1 10 7 0 4 2 5 8 11 14 13 6 9 12 3
220 215 5 1 10 7 13 0 2 5 8 4 14 3 6 9 12 11
221 217 4 1 10 7 13 11 2 5 8 4 14 3 6 9 12 0
225 220 5 1 10 7 13 11 2 5 8 0 14 3 6 9 12 4
226 221 5 1 10 7 0 11 2 5 8 13 14 3 6 9 12 4
227 222 5 1 10 7 11 0 2 5 8 13 14 3 6 9 12 4
229 225 4 1 10 7 11 13 2 5 8 0 14 3 6 9 12 4
229 226 3 1 10 7 0 13 2 5 8 11 14 3 6 9 12 4
231 227 4 1 10 7 13 0 2 5 8 11 14 3 6 9 12 4
232 229 3 1 10 7 13 4 2 5 8 11 14 3 6 9 12 0
231 227 4 1 10 0 7 13 2 5 8 11 14 3 6 9 12 4
232 228 4 1 0 10 7 13 2 5 8 11 14 3 6 9 12 4
228 224 4 1 10 7 11 4 2 5 8 13 14 3 6 9 12 0
235 230 5 1 10 7 13 3 2 5 8 11 14 0 6 9 12 4
236 232 4 1 10 7 13 3 2 5 8 11 14 4 6 9 12 0
239 234 5 1 10 7 13 0 2 5 8 11 14 4 6 9 12 3
239 235 4 1 10 7 0 13 2 5 8 11 14 4 6 9 12 3
241 236 5 1 10 0 7 13 2 5 8 11 14 4 6 9 12 3
242 237 5 1 0 10 7 13 2 5 8 11 14 4 6 9 12 3
241 236 5 1 10 7 11 13 2 5 8 0 14 4 6 9 12 3
234 229 5 0 1 10 7 13 2 5 8 11 14 3 6 9 12 4
236 232 4 4 1 10 7 13 2 5 8 11 14 3 6 9 12 0
218 213 5 1 10 7 4 13 2 5 8 11 14 6 0 9 12 3
220 215 5 10 1 7 4 13 2 5 8 0 14 3 6 9 12 11
221 216 5 10 1 7 0 13 2 5 8 4 14 3 6 9 12 11
218 213 5 1 7 4 11 13 2 5 8 0 14 3 6 9 12 10
216 211 5 13 1 7 4 0 2 5 8 11 14 3 6 9 12 10
217 213 4 13 1 7 4 10 2 5 8 11 14 3 6 9 12 0
221 216 5 0 1 7 4 10 2 5 8 11 14 3 6 9 12 13
221 217 4 1 0 7 4 10 2 5 8 11 14 3 6 9 12 13
223 218 5 1 7 0 4 10 2 5 8 11 14 3 6 9 12 13
224 219 5 1 7 4 0 10 2 5 8 11 14 3 6 9 12 13
224 220 4 1 7 4 10 0 2 5 8 11 14 3 6 9 12 13
224 222 2 1 7 4 10 13 2 5 8 11 14 3 6 9 12 0
229 225 4 1 7 4 10 13 2 5 8 0 14 3 6 9 12 11
229 225 4 0 7 4 10 13 2 5 8 11 14 3 6 9 12 1
230 226 4 7 0 4 10 13 2 5 8 11 14 3 6 9 12 1
230 227 3 7 4 0 10 13 2 5 8 11 14 3 6 9 12 1
232 228 4 7 4 10 0 13 2 5 8 11 14 3 6 9 12 1
232 228 4 7 4 8 10 13 2 5 0 11 14 3 6 9 12 1
228 224 4 1 7 4 10 13 2 5 8 11 14 0 6 9 12 3
227 223 4 1 7 4 10 13 2 5 8 11 14 3 6 9 0 12
227 223 4 1 7 4 10 13 2 5 8 11 0 3 6 9 12 14
229 224 5 1 7 4 10 13 2 5 8 0 11 3 6 9 12 14
229 224 5 1 7 4 10 0 2 5 8 11 13 3 6 9 12 14
230 226 4 1 7 4 10 14 2 5 8 11 13 3 6 9 12 0
229 224 5 1 7 4 10 13 2 5 8 11 14 3 6 0 9 12
223 218 5 1 10 7 13 4 2 5 8 0 14 3 6 9 12 11
224 219 5 1 10 7 0 4 2 5 8 13 14 3 6 9 12 11
225 220 5 1 10 7 4 0 2 5 8 13 14 3 6 9 12 11
226 222 4 1 10 7 4 11 2 5 8 13 14 3 6 9 12 0
218 213 5 1 10 7 4 13 0 5 8 11 14 2 6 9 12 3
219 214 5 0 10 7 4 1 2 5 8 11 14 3 6 9 12 13
220 215 5 10 0 7 4 1 2 5 8 11 14 3 6 9 12 13
231 226 5 1 10 7 11 13 2 5 8 14 0 3 6 9 12 4
231 227 4 1 10 7 11 13 2 5 8 14 4 3 6 9 12 0
235 230 5 1 10 7 11 13 2 5 8 0 4 3 6 9 12 14
235 231 4 1 10 7 0 13 2 5 8 11 4 3 6 9 12 14
237 232 5 1 10 7 13 0 2 5 8 11 4 3 6 9 12 14
238 234 4 1 10 7 13 14 2 5 8 11 4 3 6 9 12 0
237 232 5 1 10 0 7 13 2 5 8 11 4 3 6 9 12 14
238 233 5 1 0 10 7 13 2 5 8 11 4 3 6 9 12 14
236 231 5 1 10 7 11 13 2 5 8 4 0 3 6 9 12 14
235 232 3 1 10 7 11 13 2 5 8 4 14 3 6 9 12 0
240 235 5 0 10 7 11 13 2 5 8 4 14 3 6 9 12 1
241 236 5 10 0 7 11 13 2 5 8 4 14 3 6 9 12 1
239 234 5 1 10 7 11 0 2 5 8 4 14 3 6 9 12 13
240 235 5 1 10 7 0 11 2 5 8 4 14 3 6 9 12 13
239 234 5 1 10 7 11 13 2 5 8 4 14 0 6 9 12 3
238 233 5 1 10 7 11 13 2 5 8 4 14 3 6 9 0 12
239 234 5 1 10 7 11 13 2 5 8 0 14 3 6 9 4 12
239 235 4 1 10 7 0 13 2 5 8 11 14 3 6 9 4 12
241 236 5 1 10 7 13 0 2 5 8 11 14 3 6 9 4 12
242 238 4 1 10 7 13 12 2 5 8 11 14 3 6 9 4 0
244 239 5 1 10 7 13 12 2 5 8 11 14 3 6 9 0 4
228 223 5 1 7 4 10 3 2 5 8 11 14 0 6 9 12 13
229 225 4 1 7 4 10 3 2 5 8 11 14 13 6 9 12 0
220 215 5 1 10 7 4 3 2 5 8 11 14 0 6 9 12 13
219 214 5 1 10 7 4 13 2 5 8 12 14 3 6 9 0 11
219 215 4 1 10 7 4 13 2 5 8 12 14 3 6 9 11 0
223 218 5 1 5 7 4 10 2 0 8 11 14 3 6 9 12 13
227 222 5 0 7 4 10 1 2 5 8 11 14 3 6 9 12 13
229 225 4 13 7 4 10 1 2 5 8 11 14 3 6 9 12 0
217 212 5 5 1 7 4 13 2 0 8 11 14 3 6 9 12 10
218 213 5 5 0 7 4 13 2 1 8 11 14 3 6 9 12 10
219 214 5 0 5 7 4 13 2 1 8 11 14 3 6 9 12 10
221 217 4 10 5 7 4 13 2 1 8 11 14 3 6 9 12 0
219 214 5 1 10 7 11 4 2 5 8 0 14 3 6 9 12 13
232 227 5 3 7 4 10 13 2 5 8 11 14 0 6 9 12 1
233 229 4 3 7 4 10 13 2 5 8 11 14 1 6 9 12 0
232 227 5 13 7 4 10 0 2 5 8 11 14 3 6 9 12 1
218 213 5 10 1 7 4 13 2 5 8 11 14 3 6 9 0 12
231 226 5 2 7 4 10 13 0 5 8 11 14 3 6 9 12 1
217 212 5 1 10 7 4 0 2 5 8 11 13 3 6 9 12 14
218 214 4 1 10 7 4 14 2 5 8 11 13 3 6 9 12 0
234 229 5 7 4 8 10 13 2 5 9 11 14 3 6 0 12 1
230 225 5 1 7 4 10 13 0 5 8 11 14 2 6 9 12 3
234 229 5 7 4 10 13 0 2 5 8 11 14 3 6 9 12 1
235 231 4 7 4 10 13 1 2 5 8 11 14 3 6 9 12 0
239 234 5 0 4 10 13 1 2 5 8 11 14 3 6 9 12 7
240 236 4 1 4 10 13 0 2 5 8 11 14 3 6 9 12 7
241 238 3 1 4 10 13 7 2 5 8 11 14 3 6 9 12 0
240 237 3 1 4 10 0 13 2 5 8 11 14 3 6 9 12 7
240 238 2 1 4 0 10 13 2 5 8 11 14 3 6 9 12 7
242 239 3 1 0 4 10 13 2 5 8 11 14 3 6 9 12 7
242 239 3 1 4 8 10 13 2 5 0 11 14 3 6 9 12 7
244 240 4 1 4 8 10 13 2 5 11 0 14 3 6 9 12 7
244 240 4 1 4 8 10 13 2 0 5 11 14 3 6 9 12 7
244 240 4 1 4 8 10 13 2 5 9 11 14 3 6 0 12 7
244 240 4 0 1 4 10 13 2 5 8 11 14 3 6 9 12 7
246 243 3 7 1 4 10 13 2 5 8 11 14 3 6 9 12 0
244 240 4 1 5 4 10 13 2 0 8 11 14 3 6 9 12 7
242 238 4 1 4 10 11 13 2 5 8 0 14 3 6 9 12 7
244 239 5 1 4 10 11 13 2 5 8 14 0 3 6 9 12 7
244 240 4 1 4 10 11 13 2 5 8 14 7 3 6 9 12 0
248 243 5 1 4 10 11 13 2 5 8 0 7 3 6 9 12 14
248 244 4 1 4 10 0 13 2 5 8 11 7 3 6 9 12 14
248 245 3 1 4 0 10 13 2 5 8 11 7 3 6 9 12 14
250 246 4 1 0 4 10 13 2 5 8 11 7 3 6 9 12 14
250 246 4 1 4 8 10 13 2 5 0 11 7 3 6 9 12 14
252 247 5 1 4 8 10 13 2 5 11 0 7 3 6 9 12 14
253 248 5 1 4 8 10 13 2 5 11 7 0 3 6 9 12 14
252 249 3 1 4 8 10 13 2 5 11 7 14 3 6 9 12 0
257 252 5 0 4 8 10 13 2 5 11 7 14 3 6 9 12 1
235 230 5 1 10 7 13 4 2 5 8 11 14 3 6 9 0 12
218 213 5 1 10 7 4 14 2 5 8 11 0 3 6 9 12 13
235 230 5 1 10 7 13 4 2 5 8 11 0 3 6 9 12 14
233 228 5 1 10 7 13 14 2 5 8 11 0 3 6 9 12 4
234 229 5 0 10 7 13 1 2 5 8 11 14 3 6 9 12 4
236 232 4 4 10 7 13 1 2 5 8 11 14 3 6 9 12 0
239 234 5 4 10 7 13 0 2 5 8 11 14 3 6 9 12 1
239 235 4 4 10 7 0 13 2 5 8 11 14 3 6 9 12 1
241 236 5 4 10 0 7 13 2 5 8 11 14 3 6 9 12 1
242 237 5 4 0 10 7 13 2 5 8 11 14 3 6 9 12 1
242 238 4 0 4 10 7 13 2 5 8 11 14 3 6 9 12 1
243 241 2 1 4 10 7 13 2 5 8 11 14 3 6 9 12 0
248 244 4 1 4 10 7 13 2 5 8 0 14 3 6 9 12 11
249 245 4 1 4 10 0 13 2 5 8 7 14 3 6 9 12 11
249 246 3 1 4 0 10 13 2 5 8 7 14 3 6 9 12 11
251 247 4 1 0 4 10 13 2 5 8 7 14 3 6 9 12 11
251 247 4 1 4 8 10 13 2 5 0 7 14 3 6 9 12 11
252 248 4 1 4 8 10 13 2 5 7 0 14 3 6 9 12 11
247 243 4 1 4 10 7 0 2 5 8 11 14 3 6 9 12 13
248 244 4 1 4 10 0 7 2 5 8 11 14 3 6 9 12 13
248 245 3 1 4 0 10 7 2 5 8 11 14 3 6 9 12 13
250 246 4 1 0 4 10 7 2 5 8 11 14 3 6 9 12 13
250 246 4 1 4 8 10 7 2 5 0 11 14 3 6 9 12 13
247 243 4 1 4 10 7 13 2 5 8 11 14 0 6 9 12 3
246 242 4 1 4 10 7 13 2 5 8 11 14 3 6 9 0 12
246 242 4 1 4 10 7 13 2 5 8 11 0 3 6 9 12 14
248 243 5 1 4 10 7 13 2 5 8 0 11 3 6 9 12 14
249 244 5 1 4 10 0 13 2 5 8 7 11 3 6 9 12 14
249 245 4 1 4 0 10 13 2 5 8 7 11 3 6 9 12 14
251 246 5 1 0 4 10 13 2 5 8 7 11 3 6 9 12 14
251 246 5 1 4 8 10 13 2 5 0 7 11 3 6 9 12 14
252 247 5 1 4 8 10 13 2 5 7 0 11 3 6 9 12 14
252 248 4 1 4 8 10 13 2 5 7 11 0 3 6 9 12 14
251 249 2 1 4 8 10 13 2 5 7 11 14 3 6 9 12 0
256 252 4 0 4 8 10 13 2 5 7 11 14 3 6 9 12 1
255 251 4 1 4 8 10 0 2 5 7 11 14 3 6 9 12 13
255 251 4 1 4 8 10 13 2 5 7 11 14 0 6 9 12 3
254 250 4 1 4 8 10 13 2 5 7 11 14 3 6 9 0 12
256 251 5 1 4 8 10 13 2 5 7 11 14 3 6 0 9 12
257 252 5 1 4 8 10 13 2 5 0 11 14 3 6 7 9 12
257 253 4 1 4 0 10 13 2 5 8 11 14 3 6 7 9 12
259 254 5 1 4 10 0 13 2 5 8 11 14 3 6 7 9 12
259 254 5 1 0 4 10 13 2 5 8 11 14 3 6 7 9 12
256 251 5 1 4 8 10 13 2 5 7 0 14 3 6 9 11 12
257 252 5 1 4 8 10 13 2 5 0 7 14 3 6 9 11 12
257 253 4 1 4 0 10 13 2 5 8 7 14 3 6 9 11 12
259 254 5 1 4 10 0 13 2 5 8 7 14 3 6 9 11 12
259 254 5 1 0 4 10 13 2 5 8 7 14 3 6 9 11 12
234 229 5 7 4 10 11 13 2 5 8 0 14 3 6 9 12 1
244 239 5 1 4 10 13 3 2 5 8 11 14 0 6 9 12 7
245 241 4 1 4 10 13 3 2 5 8 11 14 7 6 9 12 0
248 243 5 1 4 10 13 0 2 5 8 11 14 7 6 9 12 3
248 244 4 1 4 10 0 13 2 5 8 11 14 7 6 9 12 3
248 245 3 1 4 0 10 13 2 5 8 11 14 7 6 9 12 3
250 246 4 1 0 4 10 13 2 5 8 11 14 7 6 9 12 3
250 246 4 1 4 8 10 13 2 5 0 11 14 7 6 9 12 3
252 247 5 1 4 8 10 13 2 5 11 0 14 7 6 9 12 3
245 240 5 1 4 10 13 7 2 5 8 11 14 0 6 9 12 3
252 247 5 1 4 8 10 13 2 0 5 11 14 7 6 9 12 3
252 247 5 1 4 8 10 13 2 5 9 11 14 7 6 0 12 3
246 241 5 1 4 8 0 13 2 5 11 10 14 3 6 9 12 7
247 242 5 1 4 0 8 13 2 5 11 10 14 3 6 9 12 7
248 243 5 1 4 11 8 13 2 5 0 10 14 3 6 9 12 7
249 244 5 1 4 11 8 13 2 5 10 0 14 3 6 9 12 7
250 245 5 1 4 11 0 13 2 5 10 8 14 3 6 9 12 7
251 246 5 1 4 0 11 13 2 5 10 8 14 3 6 9 12 7
246 241 5 1 4 8 10 13 2 5 11 14 0 3 6 9 12 7
246 242 4 1 4 8 10 13 2 5 11 14 7 3 6 9 12 0
246 241 5 1 4 8 10 13 2 5 11 12 14 3 6 9 0 7
246 242 4 1 4 8 10 13 2 5 11 12 14 3 6 9 7 0
250 245 5 1 4 8 10 13 2 5 11 0 14 3 6 9 7 12
250 246 4 1 4 8 10 13 2 5 0 11 14 3 6 9 7 12
250 247 3 1 4 0 10 13 2 5 8 11 14 3 6 9 7 12
252 248 4 1 4 10 0 13 2 5 8 11 14 3 6 9 7 12
252 248 4 1 0 4 10 13 2 5 8 11 14 3 6 9 7 12
254 249 5 0 1 4 10 13 2 5 8 11 14 3 6 9 7 12
256 252 4 12 1 4 10 13 2 5 8 11 14 3 6 9 7 0
258 253 5 12 1 4 10 13 2 5 8 11 14 3 6 9 0 7
254 249 5 1 5 4 10 13 2 0 8 11 14 3 6 9 7 12
249 244 5 7 1 4 10 13 2 5 8 11 14 3 6 9 0 12
252 247 5 1 5 4 10 13 2 0 8 11 7 3 6 9 12 14
246 241 5 1 5 4 10 13 2 8 0 11 14 3 6 9 12 7
247 242 5 1 5 0 10 13 2 8 4 11 14 3 6 9 12 7
248 243 5 1 0 5 10 13 2 8 4 11 14 3 6 9 12 7
249 244 5 1 8 5 10 13 2 0 4 11 14 3 6 9 12 7
250 245 5 1 8 5 10 13 2 4 0 11 14 3 6 9 12 7
251 246 5 1 8 0 10 13 2 4 5 11 14 3 6 9 12 7
246 241 5 1 5 4 10 13 0 2 8 11 14 3 6 9 12 7
232 227 5 1 7 4 10 0 2 5 8 11 14 13 6 9 12 3
244 239 5 1 4 10 11 13 2 5 0 8 14 3 6 9 12 7
230 225 5 1 7 4 10 13 2 5 8 11 14 6 0 9 12 3
250 245 5 1 4 10 13 0 2 5 8 11 7 3 6 9 12 14
251 247 4 1 4 10 13 14 2 5 8 11 7 3 6 9 12 0
214 209 5 3 10 7 4 13 2 5 8 11 14 0 6 9 12 1
247 242 5 3 1 4 10 13 2 5 8 11 14 0 6 9 12 7
248 244 4 3 1 4 10 13 2 5 8 11 14 7 6 9 12 0
218 213 5 10 1 7 4 13 2 5 8 11 0 3 6 9 12 14
235 230 5 10 0 7 13 1 2 5 8 11 14 3 6 9 12 4
256 251 5 1 4 8 10 0 2 5 11 7 14 3 6 9 12 13
231 226 5 1 10 7 11 13 2 5 0 8 14 3 6 9 12 4
251 246 5 1 4 8 10 13 2 5 11 7 14 3 6 9 0 12
215 210 5 2 1 7 4 13 0 5 8 11 14 3 6 9 12 10
219 214 5 10 1 7 4 0 2 5 8 11 14 3 6 9 12 13
220 215 5 10 1 7 0 4 2 5 8 11 14 3 6 9 12 13
217 212 5 1 10 7 4 13 2 5 8 0 11 3 6 9 12 14
218 213 5 1 10 7 0 13 2 5 8 4 11 3 6 9 12 14
246 241 5 5 4 10 7 13 2 0 8 11 14 3 6 9 12 1
245 240 5 3 4 10 7 13 2 5 8 11 14 0 6 9 12 1
246 242 4 3 4 10 7 13 2 5 8 11 14 1 6 9 12 0
244 239 5 2 4 10 7 13 0 5 8 11 14 3 6 9 12 1
217 212 5 13 1 7 0 4 2 5 8 11 14 3 6 9 12 10
252 247 5 1 5 4 10 7 2 0 8 11 14 3 6 9 12 13
253 248 5 1 4 8 10 13 2 0 5 7 14 3 6 9 12 11
251 246 5 1 4 10 13 0 2 5 8 7 14 3 6 9 12 11
252 248 4 1 4 10 13 11 2 5 8 7 14 3 6 9 12 0
250 245 5 1 4 10 7 13 2 5 8 12 14 3 6 9 0 11
250 246 4 1 4 10 7 13 2 5 8 12 14 3 6 9 11 0
253 248 5 1 4 8 10 13 2 5 9 7 14 3 6 0 12 11
252 247 5 1 4 8 10 13 2 0 5 11 7 3 6 9 12 14
219 214 5 1 10 7 4 13 2 5 8 14 0 3 6 9 12 11
219 215 4 1 10 7 4 13 2 5 8 14 11 3 6 9 12 0
253 248 5 1 5 4 10 13 2 0 8 7 14 3 6 9 12 11
237 232 5 0 10 7 13 4 2 5 8 11 14 3 6 9 12 1
238 233 5 10 0 7 13 4 2 5 8 11 14 3 6 9 12 1
229 224 5 1 7 4 10 13 2 5 8 0 14 3 6 9 11 12
254 249 5 1 4 8 10 13 2 5 7 12 14 3 6 9 0 11
254 250 4 1 4 8 10 13 2 5 7 12 14 3 6 9 11 0
254 249 5 1 4 8 0 13 2 5 7 10 14 3 6 9 12 11
255 250 5 1 4 0 8 13 2 5 7 10 14 3 6 9 12 11
255 251 4 1 4 7 8 13 2 5 0 10 14 3 6 9 12 11
256 252 4 1 4 7 8 13 2 5 10 0 14 3 6 9 12 11
257 253 4 1 4 7 0 13 2 5 10 8 14 3 6 9 12 11
259 254 5 1 4 7 13 0 2 5 10 8 14 3 6 9 12 11
260 256 4 1 4 7 13 11 2 5 10 8 14 3 6 9 12 0
264 259 5 1 4 7 13 11 2 5 10 0 14 3 6 9 12 8
265 260 5 1 4 7 13 11 2 5 0 10 14 3 6 9 12 8
265 260 5 1 4 7 0 11 2 5 10 13 14 3 6 9 12 8
266 261 5 1 4 7 11 0 2 5 10 13 14 3 6 9 12 8
268 264 4 1 4 7 11 13 2 5 10 0 14 3 6 9 12 8
268 265 3 1 4 7 0 13 2 5 10 11 14 3 6 9 12 8
270 266 4 1 4 7 13 0 2 5 10 11 14 3 6 9 12 8
271 268 3 1 4 7 13 8 2 5 10 11 14 3 6 9 12 0
270 266 4 1 4 0 7 13 2 5 10 11 14 3 6 9 12 8
271 267 4 1 4 10 7 13 2 5 0 11 14 3 6 9 12 8
269 265 4 1 4 7 11 13 2 5 0 10 14 3 6 9 12 8
267 263 4 1 4 7 11 8 2 5 10 13 14 3 6 9 12 0
271 266 5 1 4 7 11 8 2 5 10 0 14 3 6 9 12 13
271 267 4 1 4 7 0 8 2 5 10 11 14 3 6 9 12 13
272 268 4 1 4 7 8 0 2 5 10 11 14 3 6 9 12 13
272 270 2 1 4 7 8 13 2 5 10 11 14 3 6 9 12 0
277 273 4 0 4 7 8 13 2 5 10 11 14 3 6 9 12 1
276 272 4 1 4 7 8 13 2 5 10 11 14 0 6 9 12 3
275 271 4 1 4 7 8 13 2 5 10 11 14 3 6 9 0 12
275 271 4 1 4 7 8 13 2 5 10 11 0 3 6 9 12 14
277 272 5 1 4 7 8 13 2 5 10 0 11 3 6 9 12 14
278 273 5 1 4 7 8 13 2 5 0 10 11 3 6 9 12 14
278 273 5 1 4 7 0 13 2 5 10 8 11 3 6 9 12 14
248 243 5 1 4 10 7 13 2 5 8 11 14 3 6 0 9 12
246 241 5 1 4 8 10 13 0 2 5 11 14 3 6 9 12 7
244 239 5 1 4 10 13 11 2 5 8 0 14 3 6 9 12 7
245 240 5 1 4 10 0 11 2 5 8 13 14 3 6 9 12 7
245 241 4 1 4 0 10 11 2 5 8 13 14 3 6 9 12 7
247 242 5 1 0 4 10 11 2 5 8 13 14 3 6 9 12 7
247 242 5 1 4 8 10 11 2 5 0 13 14 3 6 9 12 7
248 243 5 1 4 8 10 11 2 5 13 0 14 3 6 9 12 7
254 249 5 1 4 8 10 0 2 5 7 11 13 3 6 9 12 14
255 251 4 1 4 8 10 14 2 5 7 11 13 3 6 9 12 0
231 226 5 0 7 4 10 13 2 5 8 11 14 1 6 9 12 3
232 227 5 7 0 4 10 13 2 5 8 11 14 1 6 9 12 3
232 228 4 7 4 0 10 13 2 5 8 11 14 1 6 9 12 3
234 229 5 7 4 10 0 13 2 5 8 11 14 1 6 9 12 3
234 229 5 7 4 8 10 13 2 5 0 11 14 1 6 9 12 3
259 254 5 13 4 8 10 0 2 5 7 11 14 3 6 9 12 1
260 256 4 13 4 8 10 1 2 5 7 11 14 3 6 9 12 0
258 253 5 4 0 8 10 13 2 5 7 11 14 3 6 9 12 1
259 254 5 4 8 0 10 13 2 5 7 11 14 3 6 9 12 1
259 255 4 4 8 7 10 13 2 5 0 11 14 3 6 9 12 1
261 256 5 4 8 7 10 13 2 5 11 0 14 3 6 9 12 1
261 256 5 4 8 7 10 13 2 0 5 11 14 3 6 9 12 1
262 257 5 4 0 7 10 13 2 8 5 11 14 3 6 9 12 1
262 258 4 0 4 7 10 13 2 8 5 11 14 3 6 9 12 1
263 261 2 1 4 7 10 13 2 8 5 11 14 3 6 9 12 0
268 264 4 1 4 7 10 13 2 8 5 0 14 3 6 9 12 11
269 265 4 1 4 7 10 13 2 8 0 5 14 3 6 9 12 11
269 266 3 1 4 7 10 13 2 0 8 5 14 3 6 9 12 11
271 267 4 1 4 7 10 13 0 2 8 5 14 3 6 9 12 11
271 267 4 1 4 7 10 13 2 6 8 5 14 3 0 9 12 11
271 267 4 1 0 7 10 13 2 4 8 5 14 3 6 9 12 11
267 263 4 1 4 7 10 0 2 8 5 11 14 3 6 9 12 13
267 263 4 1 4 7 10 13 2 8 5 11 14 0 6 9 12 3
270 266 4 1 4 7 10 13 2 0 5 11 14 8 6 9 12 3
270 267 3 1 4 7 10 13 2 5 0 11 14 8 6 9 12 3
272 268 4 1 4 7 10 13 2 5 11 0 14 8 6 9 12 3
272 268 4 1 4 7 10 13 2 5 9 11 14 8 6 0 12 3
272 268 4 1 4 0 10 13 2 5 7 11 14 8 6 9 12 3
266 262 4 1 4 7 10 13 2 8 5 11 14 3 6 9 0 12
266 262 4 1 4 7 10 13 2 8 5 11 0 3 6 9 12 14
265 261 4 8 4 7 10 13 2 0 5 11 14 3 6 9 12 1
265 262 3 8 4 7 10 13 2 5 0 11 14 3 6 9 12 1
267 263 4 8 4 7 10 13 2 5 11 0 14 3 6 9 12 1
267 263 4 8 4 7 10 13 2 5 9 11 14 3 6 0 12 1
267 263 4 8 4 0 10 13 2 5 7 11 14 3 6 9 12 1
269 264 5 8 4 10 0 13 2 5 7 11 14 3 6 9 12 1
269 264 5 8 0 4 10 13 2 5 7 11 14 3 6 9 12 1
270 265 5 0 8 4 10 13 2 5 7 11 14 3 6 9 12 1
271 268 3 1 8 4 10 13 2 5 7 11 14 3 6 9 12 0
276 271 5 1 8 4 10 13 2 5 7 0 14 3 6 9 12 11
277 272 5 1 8 4 10 13 2 5 0 7 14 3 6 9 12 11
278 273 5 1 8 0 10 13 2 5 4 7 14 3 6 9 12 11
279 274 5 1 0 8 10 13 2 5 4 7 14 3 6 9 12 11
275 270 5 1 8 4 10 0 2 5 7 11 14 3 6 9 12 13
275 270 5 1 8 4 10 13 2 5 7 11 14 0 6 9 12 3
274 269 5 1 8 4 10 13 2 5 7 11 14 3 6 9 0 12
274 269 5 1 8 4 10 13 2 5 7 11 0 3 6 9 12 14
269 264 5 8 4 7 10 13 2 5 9 11 14 3 6 12 0 1
269 265 4 8 4 7 10 13 2 5 9 11 14 3 6 12 1 0
273 268 5 0 4 7 10 13 2 5 9 11 14 3 6 12 1 8
274 269 5 1 0 4 10 13 2 5 7 11 14 8 6 9 12 3
274 269 5 1 4 7 10 13 2 5 9 11 14 8 6 12 0 3
274 270 4 1 4 7 10 13 2 5 9 11 14 8 6 12 3 0
277 272 5 1 4 7 10 13 2 5 9 11 14 0 6 12 3 8
272 267 5 1 4 7 10 13 0 2 5 11 14 8 6 9 12 3
273 268 5 1 4 7 10 13 8 2 5 11 14 0 6 9 12 3
273 270 3 1 4 7 10 13 8 2 5 11 14 3 6 9 12 0
278 273 5 1 4 7 10 13 8 2 5 0 14 3 6 9 12 11
279 274 5 1 4 7 10 13 8 2 0 5 14 3 6 9 12 11
280 275 5 1 4 7 10 13 8 0 2 5 14 3 6 9 12 11
281 276 5 1 4 7 10 13 0 8 2 5 14 3 6 9 12 11
278 273 5 0 4 7 10 13 8 2 5 11 14 3 6 9 12 1
281 276 5 2 4 7 10 13 8 0 5 11 14 3 6 9 12 1
281 277 4 2 4 7 10 13 8 5 0 11 14 3 6 9 12 1
283 278 5 2 4 7 10 13 8 5 11 0 14 3 6 9 12 1
283 278 5 2 4 7 10 13 8 5 9 11 14 3 6 0 12 1
283 278 5 2 4 0 10 13 8 5 7 11 14 3 6 9 12 1
277 272 5 1 4 7 10 0 8 2 5 11 14 3 6 9 12 13
276 271 5 1 4 7 10 13 8 2 5 11 14 3 6 9 0 12
267 262 5 8 4 7 10 13 2 6 5 11 14 3 0 9 12 1
274 269 5 1 4 7 10 13 2 5 11 12 14 8 6 9 0 3
274 270 4 1 4 7 10 13 2 5 11 12 14 8 6 9 3 0
278 273 5 1 4 7 10 13 2 5 11 0 14 8 6 9 3 12
278 274 4 1 4 7 10 13 2 5 0 11 14 8 6 9 3 12
280 275 5 1 4 7 10 13 2 0 5 11 14 8 6 9 3 12
280 275 5 1 4 7 10 13 2 5 9 11 14 8 6 0 3 12
281 276 5 1 4 7 10 13 2 5 9 11 14 8 6 3 0 12
280 277 3 1 4 7 10 13 2 5 9 11 14 8 6 3 12 0
283 279 4 1 4 7 10 13 2 5 9 11 14 0 6 3 12 8
287 282 5 1 4 7 10 13 2 0 9 11 14 5 6 3 12 8
288 283 5 1 4 7 10 13 2 9 0 11 14 5 6 3 12 8
289 284 5 1 4 7 10 13 2 9 3 11 14 5 6 0 12 8
287 282 5 1 4 7 10 0 2 5 9 11 14 13 6 3 12 8
288 284 4 1 4 7 10 8 2 5 9 11 14 13 6 3 12 0
291 286 5 1 4 7 10 8 2 5 9 11 14 0 6 3 12 13
286 281 5 0 4 7 10 13 2 5 9 11 14 1 6 3 12 8
288 284 4 8 4 7 10 13 2 5 9 11 14 1 6 3 12 0
291 286 5 8 4 7 10 13 2 5 9 11 14 0 6 3 12 1
285 280 5 1 4 7 10 13 2 5 9 11 14 6 0 3 12 8
286 281 5 1 4 7 10 13 2 5 9 11 14 6 3 0 12 8
286 282 4 1 4 7 10 13 2 5 0 11 14 6 3 9 12 8
288 283 5 1 4 7 10 13 2 5 11 0 14 6 3 9 12 8
288 283 5 1 4 7 10 13 2 0 5 11 14 6 3 9 12 8
289 284 5 1 4 7 10 13 2 3 5 11 14 6 0 9 12 8
289 285 4 1 4 7 10 13 2 3 5 11 14 0 6 9 12 8
291 288 3 1 4 7 10 13 2 0 5 11 14 3 6 9 12 8
291 289 2 1 4 7 10 13 2 5 0 11 14 3 6 9 12 8
293 290 3 1 4 7 10 13 2 5 11 0 14 3 6 9 12 8
293 290 3 1 4 7 10 13 2 5 9 11 14 3 6 0 12 8
293 290 3 1 4 0 10 13 2 5 7 11 14 3 6 9 12 8
290 287 3 1 4 7 10 13 2 3 5 11 14 8 6 9 12 0
295 291 4 1 4 10 0 13 2 5 7 11 14 3 6 9 12 8
295 291 4 1 0 4 10 13 2 5 7 11 14 3 6 9 12 8
295 291 4 1 4 7 10 13 2 5 9 11 14 3 6 12 0 8
295 292 3 1 4 7 10 13 2 5 9 11 14 3 6 12 8 0
295 291 4 1 4 7 10 13 2 5 9 11 14 3 0 6 12 8
295 291 4 1 4 7 10 13 2 5 11 14 0 3 6 9 12 8
295 292 3 1 4 7 10 13 2 5 11 14 8 3 6 9 12 0
299 295 4 1 4 7 10 13 2 5 11 0 8 3 6 9 12 14
299 296 3 1 4 7 10 13 2 5 0 11 8 3 6 9 12 14
301 297 4 1 4 7 10 13 2 0 5 11 8 3 6 9 12 14
301 297 4 1 4 7 10 13 2 5 9 11 8 3 6 0 12 14
301 297 4 1 4 0 10 13 2 5 7 11 8 3 6 9 12 14
300 296 4 1 4 7 10 13 2 5 11 8 0 3 6 9 12 14
299 297 2 1 4 7 10 13 2 5 11 8 14 3 6 9 12 0
304 300 4 0 4 7 10 13 2 5 11 8 14 3 6 9 12 1
303 299 4 1 4 7 10 0 2 5 11 8 14 3 6 9 12 13
306 302 4 1 4 7 10 8 2 5 11 0 14 3 6 9 12 13
306 303 3 1 4 7 10 8 2 5 0 11 14 3 6 9 12 13
308 304 4 1 4 7 10 8 2 0 5 11 14 3 6 9 12 13
308 304 4 1 4 7 10 8 2 5 9 11 14 3 6 0 12 13
308 304 4 1 4 0 10 8 2 5 7 11 14 3 6 9 12 13
303 299 4 1 4 7 10 13 2 5 11 8 14 0 6 9 12 3
302 298 4 1 4 7 10 13 2 5 11 8 14 3 6 9 0 12
303 299 4 1 4 7 10 13 2 5 11 0 14 3 6 9 8 12
303 300 3 1 4 7 10 13 2 5 0 11 14 3 6 9 8 12
305 301 4 1 4 7 10 13 2 0 5 11 14 3 6 9 8 12
305 301 4 1 4 7 10 13 2 5 9 11 14 3 6 0 8 12
306 302 4 1 4 7 10 13 2 5 9 11 14 3 6 8 0 12
305 303 2 1 4 7 10 13 2 5 9 11 14 3 6 8 12 0
310 306 4 1 4 7 10 13 2 5 9 0 14 3 6 8 12 11
311 307 4 1 4 7 10 13 2 5 0 9 14 3 6 8 12 11
311 308 3 1 4 7 10 13 2 5 8 9 14 3 6 0 12 11
313 309 4 1 4 7 10 13 2 5 8 9 14 3 6 12 0 11
313 310 3 1 4 7 10 13 2 5 8 9 14 3 6 12 11 0
317 313 4 1 4 7 10 13 2 5 8 0 14 3 6 12 11 9
317 314 3 1 4 7 10 13 2 5 8 11 14 3 6 12 0 9
317 315 2 1 4 7 10 13 2 5 8 11 14 3 6 12 9 0
317 315 2 1 4 7 10 13 2 5 8 11 14 3 6 0 12 9
319 316 3 1 4 7 10 13 2 5 8 11 14 3 0 6 12 9
319 316 3 1 4 7 10 13 2 5 0 11 14 3 6 8 12 9
321 317 4 1 4 7 10 13 2 5 11 0 14 3 6 8 12 9
321 317 4 1 4 7 10 13 2 0 5 11 14 3 6 8 12 9
321 317 4 1 4 0 10 13 2 5 7 11 14 3 6 8 12 9
321 317 4 1 4 7 10 13 2 5 8 11 14 0 3 6 12 9
322 319 3 1 4 7 10 13 2 5 8 11 14 9 3 6 12 0
321 317 4 1 4 7 10 13 2 0 8 11 14 3 5 6 12 9
309 305 4 1 4 7 10 0 2 5 9 11 14 3 6 8 12 13
321 317 4 1 4 7 10 0 2 5 8 11 14 3 6 12 9 13
309 305 4 1 4 7 10 13 2 5 9 11 14 0 6 8 12 3
295 291 4 1 4 7 10 13 2 5 11 12 14 3 6 9 0 8
295 292 3 1 4 7 10 13 2 5 11 12 14 3 6 9 8 0
305 301 4 1 4 0 10 13 2 5 7 11 14 3 6 9 8 12
308 304 4 1 4 7 10 13 2 5 9 11 0 3 6 8 12 14
293 289 4 1 0 7 10 13 2 4 5 11 14 3 6 9 12 8
313 309 4 1 4 7 10 13 2 5 8 9 14 3 0 6 12 11
295 291 4 1 4 7 0 13 2 5 11 10 14 3 6 9 12 8
310 306 4 0 4 7 10 13 2 5 9 11 14 3 6 8 12 1
293 289 4 1 4 7 10 13 2 6 5 11 14 3 0 9 12 8
293 289 4 1 4 7 10 13 0 2 5 11 14 3 6 9 12 8
314 310 4 1 4 7 10 13 2 5 8 0 14 3 6 12 9 11
320 316 4 1 4 7 10 13 2 5 8 11 0 3 6 12 9 14
321 317 4 1 4 7 10 13 2 5 8 11 14 0 6 12 9 3
322 318 4 0 4 7 10 13 2 5 8 11 14 3 6 12 9 1
326 321 5 5 4 7 10 13 2 0 8 11 14 3 6 12 9 1
325 320 5 3 4 7 10 13 2 5 8 11 14 0 6 12 9 1
326 322 4 3 4 7 10 13 2 5 8 11 14 1 6 12 9 0
328 323 5 3 4 7 10 13 2 5 8 11 14 1 6 12 0 9
328 324 4 3 4 7 10 13 2 5 8 11 14 1 6 0 12 9
330 325 5 3 4 7 10 13 2 5 8 11 14 1 0 6 12 9
331 326 5 3 4 7 10 13 2 5 8 11 14 0 1 6 12 9
332 328 4 0 4 7 10 13 2 5 8 11 14 3 1 6 12 9
334 331 3 9 4 7 10 13 2 5 8 11 14 3 1 6 12 0
332 328 4 3 4 7 10 13 2 5 8 11 14 9 1 6 12 0
336 331 5 0 4 7 10 13 2 5 8 11 14 9 1 6 12 3
325 320 5 1 4 7 10 13 2 0 8 11 14 5 6 12 9 3
339 334 5 9 4 7 10 13 2 5 8 0 14 3 1 6 12 11
285 280 5 0 4 7 10 13 2 5 9 11 14 8 6 3 12 1
268 263 5 1 4 7 10 13 2 8 5 11 14 3 6 0 9 12
269 264 5 1 4 7 10 13 2 8 0 11 14 3 6 5 9 12
269 265 4 1 4 7 10 13 2 0 8 11 14 3 6 5 9 12
271 266 5 1 4 7 10 13 0 2 8 11 14 3 6 5 9 12
271 266 5 1 4 7 10 13 2 6 8 11 14 3 0 5 9 12
272 267 5 1 4 7 10 13 2 6 8 11 14 3 5 0 9 12
272 268 4 1 4 7 10 13 2 6 8 11 14 3 5 9 0 12
271 269 2 1 4 7 10 13 2 6 8 11 14 3 5 9 12 0
276 272 4 1 4 7 10 13 2 6 8 0 14 3 5 9 12 11
276 272 4 0 4 7 10 13 2 6 8 11 14 3 5 9 12 1
279 275 4 6 4 7 10 13 2 0 8 11 14 3 5 9 12 1
279 276 3 6 4 7 10 13 2 5 8 11 14 3 0 9 12 1
281 277 4 6 4 7 10 13 2 5 8 11 14 3 9 0 12 1
281 277 4 6 4 7 10 13 2 5 8 11 14 0 3 9 12 1
282 279 3 6 4 7 10 13 2 5 8 11 14 1 3 9 12 0
286 282 4 0 4 7 10 13 2 5 8 11 14 1 3 9 12 6
287 284 3 1 4 7 10 13 2 5 8 11 14 0 3 9 12 6
288 286 2 1 4 7 10 13 2 5 8 11 14 6 3 9 12 0
287 285 2 1 4 7 10 13 2 5 8 11 14 3 0 9 12 6
289 286 3 1 4 7 10 13 2 5 8 11 14 3 9 0 12 6
289 286 3 1 4 7 10 13 2 0 8 11 14 3 5 9 12 6
291 287 4 1 4 7 10 13 2 8 0 11 14 3 5 9 12 6
291 287 4 1 4 7 10 13 0 2 8 11 14 3 5 9 12 6
291 287 4 1 0 7 10 13 2 4 8 11 14 3 5 9 12 6
291 287 4 1 4 7 10 13 2 5 8 11 14 3 9 12 0 6
291 288 3 1 4 7 10 13 2 5 8 11 14 3 9 12 6 0
291 287 4 1 4 7 10 13 2 5 0 11 14 3 9 8 12 6
275 271 4 1 4 7 10 13 2 6 8 11 14 0 5 9 12 3
278 274 4 1 4 7 10 13 2 0 8 11 14 6 5 9 12 3
278 275 3 1 4 7 10 13 2 5 8 11 14 6 0 9 12 3
278 276 2 1 4 7 10 13 2 5 8 11 14 0 6 9 12 3
278 278 0 1 4 7 10 13 2 5 8 11 14 3 6 9 12 0
