0 0 0 4 14 0 8 6 12 7 1 2 13 5 10 3 9 11
15 1 14 4 14 8 0 6 12 7 1 2 13 5 10 3 9 11
16 2 14 4 14 8 6 0 12 7 1 2 13 5 10 3 9 11
18 5 13 4 14 8 6 5 12 7 1 2 13 0 10 3 9 11
18 7 11 4 14 8 6 5 12 7 1 2 13 11 10 3 9 0
22 10 12 4 14 8 6 5 12 7 1 0 13 11 10 3 9 2
22 11 11 4 14 8 6 5 12 7 1 9 13 11 10 3 0 2
22 12 10 4 14 8 6 5 12 7 1 9 13 11 10 3 2 0
26 15 11 0 14 8 6 5 12 7 1 9 13 11 10 3 2 4
27 16 11 14 0 8 6 5 12 7 1 9 13 11 10 3 2 4
28 17 11 14 8 0 6 5 12 7 1 9 13 11 10 3 2 4
29 18 11 14 8 6 0 5 12 7 1 9 13 11 10 3 2 4
29 18 11 14 8 1 6 5 12 7 0 9 13 11 10 3 2 4
30 19 11 14 8 1 6 5 12 7 3 9 13 11 10 0 2 4
31 20 11 14 8 1 6 5 12 7 3 9 13 11 10 2 0 4
31 21 10 14 8 1 6 5 12 7 3 9 13 11 10 2 4 0
35 24 11 0 8 1 6 5 12 7 3 9 13 11 10 2 4 14
36 25 11 8 0 1 6 5 12 7 3 9 13 11 10 2 4 14
37 26 11 8 1 0 6 5 12 7 3 9 13 11 10 2 4 14
37 27 10 8 1 3 6 5 12 7 0 9 13 11 10 2 4 14
38 28 10 8 1 3 6 5 12 7 2 9 13 11 10 0 4 14
39 29 10 8 1 3 6 5 12 7 2 9 13 11 10 4 0 14
38 30 8 8 1 3 6 5 12 7 2 9 13 11 10 4 14 0
42 33 9 0 1 3 6 5 12 7 2 9 13 11 10 4 14 8
42 34 8 1 0 3 6 5 12 7 2 9 13 11 10 4 14 8
44 35 9 1 3 0 6 5 12 7 2 9 13 11 10 4 14 8
45 36 9 1 3 6 0 5 12 7 2 9 13 11 10 4 14 8
45 36 9 1 3 2 6 5 12 7 0 9 13 11 10 4 14 8
46 37 9 1 3 2 6 5 12 7 4 9 13 11 10 0 14 8
47 38 9 1 3 2 6 5 12 7 4 9 13 11 0 10 14 8
44 35 9 1 7 3 6 5 12 0 2 9 13 11 10 4 14 8
45 36 9 1 7 3 6 5 12 2 0 9 13 11 10 4 14 8
46 37 9 1 7 3 6 5 12 2 4 9 13 11 10 0 14 8
47 38 9 1 7 3 6 5 12 2 4 9 13 11 0 10 14 8
48 39 9 1 7 3 6 5 12 0 4 9 13 11 2 10 14 8
48 40 8 1 0 3 6 5 12 7 4 9 13 11 2 10 14 8
50 41 9 1 3 0 6 5 12 7 4 9 13 11 2 10 14 8
51 42 9 1 3 6 0 5 12 7 4 9 13 11 2 10 14 8
51 42 9 1 3 4 6 5 12 7 0 9 13 11 2 10 14 8
52 43 9 1 3 4 6 5 12 7 10 9 13 11 2 0 14 8
53 44 9 1 3 4 6 5 12 7 10 9 13 11 0 2 14 8
50 41 9 0 1 3 6 5 12 7 4 9 13 11 2 10 14 8
52 44 8 8 1 3 6 5 12 7 4 9 13 11 2 10 14 0
54 45 9 8 1 3 6 5 12 7 4 9 0 11 2 10 14 13
51 42 9 12 1 3 6 5 0 7 4 9 13 11 2 10 14 8
45 36 9 1 7 3 6 5 0 12 2 9 13 11 10 4 14 8
49 40 9 1 7 3 6 5 0 12 4 9 13 11 2 10 14 8
45 36 9 1 7 3 6 5 12 10 2 9 13 11 0 4 14 8
46 37 9 1 7 3 6 5 12 10 2 9 13 11 4 0 14 8
47 38 9 1 7 3 6 5 12 10 0 9 13 11 4 2 14 8
48 39 9 1 7 3 6 5 12 0 10 9 13 11 4 2 14 8
48 40 8 1 0 3 6 5 12 7 10 9 13 11 4 2 14 8
50 41 9 1 3 0 6 5 12 7 10 9 13 11 4 2 14 8
51 42 9 1 3 6 0 5 12 7 10 9 13 11 4 2 14 8
49 40 9 1 7 3 6 5 12 4 10 9 13 11 0 2 14 8
50 41 9 1 7 3 6 5 12 4 10 9 13 11 2 0 14 8
49 40 9 1 7 3 6 5 12 4 0 9 13 11 2 10 14 8
43 34 9 12 1 3 6 5 0 7 2 9 13 11 10 4 14 8
51 42 9 1 3 10 6 5 12 7 0 9 13 11 4 2 14 8
52 43 9 1 3 10 6 5 12 7 2 9 13 11 4 0 14 8
53 44 9 1 3 10 6 5 12 7 2 9 13 11 0 4 14 8
49 40 9 1 7 3 6 5 0 12 10 9 13 11 4 2 14 8
50 41 9 0 1 3 6 5 12 7 10 9 13 11 4 2 14 8
52 44 8 8 1 3 6 5 12 7 10 9 13 11 4 2 14 0
54 45 9 8 1 3 6 5 12 7 10 9 0 11 4 2 14 13
51 42 9 12 1 3 6 5 0 7 10 9 13 11 4 2 14 8
40 31 9 8 1 3 6 5 12 7 2 9 0 11 10 4 14 13
42 32 10 8 1 3 6 5 12 7 2 0 9 11 10 4 14 13
43 33 10 8 1 3 6 5 12 7 0 2 9 11 10 4 14 13
44 34 10 8 1 3 6 5 12 7 4 2 9 11 10 0 14 13
45 35 10 8 1 3 6 5 12 7 4 2 9 11 0 10 14 13
49 39 10 1 3 2 6 5 12 7 4 9 13 0 11 10 14 8
50 41 9 1 3 2 6 5 12 7 4 9 13 8 11 10 14 0
52 42 10 1 3 2 6 5 12 7 4 9 0 8 11 10 14 13
55 45 10 1 3 4 6 5 12 0 10 9 13 11 7 2 14 8
56 46 10 1 3 4 6 5 12 10 0 9 13 11 7 2 14 8
57 47 10 1 3 4 6 5 12 10 2 9 13 11 7 0 14 8
58 48 10 1 3 4 6 5 12 10 2 9 13 11 0 7 14 8
59 49 10 1 3 4 6 5 12 0 2 9 13 11 10 7 14 8
60 50 10 1 3 4 6 5 12 2 0 9 13 11 10 7 14 8
61 51 10 1 3 4 6 5 12 2 7 9 13 11 10 0 14 8
62 52 10 1 3 4 6 5 12 2 7 9 13 11 0 10 14 8
61 51 10 1 3 0 6 5 12 2 4 9 13 11 10 7 14 8
61 52 9 1 0 3 6 5 12 2 4 9 13 11 10 7 14 8
61 53 8 1 2 3 6 5 12 0 4 9 13 11 10 7 14 8
62 54 8 1 2 3 6 5 12 4 0 9 13 11 10 7 14 8
63 55 8 1 2 3 6 5 12 4 7 9 13 11 10 0 14 8
64 56 8 1 2 3 6 5 12 4 7 9 13 11 0 10 14 8
65 57 8 1 2 3 6 5 12 0 7 9 13 11 4 10 14 8
65 58 7 1 2 3 6 5 12 7 0 9 13 11 4 10 14 8
66 59 7 1 2 3 6 5 12 7 10 9 13 11 4 0 14 8
67 60 7 1 2 3 6 5 12 7 10 9 13 11 0 4 14 8
69 61 8 1 2 3 6 5 12 7 10 9 13 0 11 4 14 8
70 63 7 1 2 3 6 5 12 7 10 9 13 8 11 4 14 0
72 64 8 1 2 3 6 5 12 7 10 9 0 8 11 4 14 13
70 62 8 1 2 3 6 5 0 7 10 9 13 12 11 4 14 8
68 60 8 1 2 3 6 5 12 7 10 9 13 11 4 14 0 8
68 61 7 1 2 3 6 5 12 7 10 9 13 11 4 14 8 0
70 62 8 1 2 3 6 5 12 7 10 9 0 11 4 14 8 13
67 59 8 1 2 3 6 5 12 7 9 0 13 11 4 10 14 8
68 60 8 1 2 3 6 5 12 7 9 13 0 11 4 10 14 8
68 61 7 1 2 3 6 5 12 7 9 13 8 11 4 10 14 0
72 64 8 1 2 3 6 5 12 7 9 0 8 11 4 10 14 13
72 65 7 1 2 3 6 5 12 7 0 9 8 11 4 10 14 13
73 66 7 1 2 3 6 5 12 7 10 9 8 11 4 0 14 13
74 67 7 1 2 3 6 5 12 7 10 9 8 11 0 4 14 13
76 68 8 1 2 3 6 5 12 7 10 9 8 0 11 4 14 13
77 70 7 1 2 3 6 5 12 7 10 9 8 13 11 4 14 0
79 71 8 1 2 3 6 5 12 7 10 9 0 13 11 4 14 8
77 69 8 1 2 3 6 5 0 7 10 9 8 12 11 4 14 13
76 68 8 1 2 3 6 5 12 0 10 9 8 11 7 4 14 13
77 69 8 1 2 3 6 5 12 10 0 9 8 11 7 4 14 13
78 70 8 1 2 3 6 5 12 10 4 9 8 11 7 0 14 13
79 71 8 1 2 3 6 5 12 10 4 9 8 11 0 7 14 13
80 72 8 1 2 3 6 5 12 0 4 9 8 11 10 7 14 13
81 73 8 1 2 3 6 5 12 4 0 9 8 11 10 7 14 13
82 74 8 1 2 3 6 5 12 4 7 9 8 11 10 0 14 13
83 75 8 1 2 3 6 5 12 4 7 9 8 11 0 10 14 13
74 66 8 1 2 3 6 5 12 0 7 9 8 11 4 10 14 13
75 67 8 1 2 3 6 5 0 12 7 9 8 11 4 10 14 13
62 54 8 1 2 3 6 5 12 10 4 9 13 11 0 7 14 8
63 55 8 1 2 3 6 5 12 10 4 9 13 11 7 0 14 8
64 56 8 1 2 3 6 5 12 10 0 9 13 11 7 4 14 8
67 59 8 1 2 0 6 5 12 7 3 9 13 11 4 10 14 8
68 60 8 1 2 6 0 5 12 7 3 9 13 11 4 10 14 8
62 54 8 1 2 3 6 5 0 12 4 9 13 11 10 7 14 8
74 66 8 1 2 0 6 5 12 7 3 9 8 11 4 10 14 13
75 67 8 1 2 6 0 5 12 7 3 9 8 11 4 10 14 13
75 67 8 1 2 3 6 5 12 7 10 9 8 11 4 14 0 13
75 68 7 1 2 3 6 5 12 7 10 9 8 11 4 14 13 0
77 69 8 1 2 3 6 5 12 7 10 9 0 11 4 14 13 8
73 65 8 1 2 3 6 5 12 7 9 8 0 11 4 10 14 13
73 66 7 1 2 3 6 5 12 7 9 8 13 11 4 10 14 0
65 57 8 1 2 3 6 5 12 0 10 9 13 11 7 4 14 8
66 58 8 1 2 3 6 5 0 12 10 9 13 11 7 4 14 8
68 60 8 1 2 3 0 5 12 7 9 6 13 11 4 10 14 8
66 58 8 1 2 3 6 5 0 12 7 9 13 11 4 10 14 8
77 69 8 1 2 3 6 5 0 12 10 9 8 11 7 4 14 13
73 65 8 1 2 3 0 5 12 7 9 6 8 11 4 10 14 13
81 73 8 1 2 3 6 5 0 12 4 9 8 11 10 7 14 13
83 74 9 1 2 3 6 5 11 12 4 9 8 0 10 7 14 13
84 76 8 1 2 3 6 5 11 12 4 9 8 13 10 7 14 0
86 77 9 1 2 3 6 5 11 12 4 9 0 13 10 7 14 8
65 56 9 1 2 3 6 5 12 4 7 9 13 11 10 14 0 8
65 57 8 1 2 3 6 5 12 4 7 9 13 11 10 14 8 0
67 58 9 1 2 3 6 5 12 4 7 9 0 11 10 14 8 13
66 57 9 1 2 3 6 5 12 4 7 9 13 0 11 10 14 8
67 59 8 1 2 3 6 5 12 4 7 9 13 8 11 10 14 0
69 60 9 1 2 3 6 5 12 4 7 9 0 8 11 10 14 13
74 65 9 1 2 3 6 0 12 7 10 9 13 8 11 4 14 5
77 68 9 1 2 3 6 8 12 7 10 9 13 0 11 4 14 5
78 70 8 1 2 3 6 8 12 7 10 9 13 5 11 4 14 0
77 69 8 1 2 3 6 8 12 7 10 9 13 11 0 4 14 5
78 70 8 1 2 3 6 8 12 7 10 9 13 11 4 0 14 5
79 71 8 1 2 3 6 8 12 7 0 9 13 11 4 10 14 5
81 72 9 1 2 3 6 8 12 7 9 0 13 11 4 10 14 5
82 73 9 1 2 3 6 8 12 7 9 13 0 11 4 10 14 5
82 74 8 1 2 3 6 8 12 7 9 13 5 11 4 10 14 0
86 77 9 1 2 3 6 8 12 7 9 0 5 11 4 10 14 13
86 78 8 1 2 3 6 8 12 7 0 9 5 11 4 10 14 13
87 79 8 1 2 3 6 8 12 7 10 9 5 11 4 0 14 13
88 80 8 1 2 3 6 8 12 7 10 9 5 11 0 4 14 13
90 81 9 1 2 3 6 8 12 7 10 9 5 0 11 4 14 13
91 83 8 1 2 3 6 8 12 7 10 9 5 13 11 4 14 0
93 84 9 1 2 3 6 8 12 7 10 9 0 13 11 4 14 5
91 82 9 1 2 3 6 8 0 7 10 9 5 12 11 4 14 13
87 78 9 1 2 3 0 8 12 7 9 6 5 11 4 10 14 13
88 79 9 1 2 3 8 0 12 7 9 6 5 11 4 10 14 13
89 81 8 1 2 3 8 13 12 7 9 6 5 11 4 10 14 0
88 80 8 1 2 3 8 5 12 7 9 6 0 11 4 10 14 13
88 81 7 1 2 3 8 5 12 7 9 6 13 11 4 10 14 0
92 84 8 1 2 3 8 5 12 7 9 0 13 11 4 10 14 6
92 85 7 1 2 3 8 5 12 7 0 9 13 11 4 10 14 6
93 86 7 1 2 3 8 5 12 7 10 9 13 11 4 0 14 6
94 87 7 1 2 3 8 5 12 7 10 9 13 11 0 4 14 6
96 88 8 1 2 3 8 5 12 7 10 9 13 0 11 4 14 6
97 90 7 1 2 3 8 5 12 7 10 9 13 6 11 4 14 0
99 91 8 1 2 3 8 5 12 7 10 9 0 6 11 4 14 13
97 89 8 1 2 3 8 5 0 7 10 9 13 12 11 4 14 6
96 88 8 1 2 3 8 5 12 0 10 9 13 11 7 4 14 6
97 89 8 1 2 3 8 5 12 10 0 9 13 11 7 4 14 6
98 90 8 1 2 3 8 5 12 10 4 9 13 11 7 0 14 6
99 91 8 1 2 3 8 5 12 10 4 9 13 11 0 7 14 6
100 92 8 1 2 3 8 5 12 0 4 9 13 11 10 7 14 6
101 93 8 1 2 3 8 5 12 4 0 9 13 11 10 7 14 6
102 94 8 1 2 3 8 5 12 4 7 9 13 11 10 0 14 6
103 95 8 1 2 3 8 5 12 4 7 9 13 11 0 10 14 6
101 93 8 1 2 3 8 5 0 12 4 9 13 11 10 7 14 6
93 85 8 1 2 3 8 5 12 7 9 13 0 11 4 10 14 6
93 86 7 1 2 3 8 5 12 7 9 13 6 11 4 10 14 0
94 86 8 1 2 0 8 5 12 7 3 9 13 11 4 10 14 6
95 87 8 1 2 8 0 5 12 7 3 9 13 11 4 10 14 6
94 86 8 1 2 3 8 5 12 0 7 9 13 11 4 10 14 6
95 87 8 1 2 3 8 5 0 12 7 9 13 11 4 10 14 6
93 85 8 1 2 3 0 5 12 7 9 8 13 11 4 10 14 6
89 81 8 1 2 3 8 5 12 7 9 0 6 11 4 10 14 13
89 82 7 1 2 3 8 5 12 7 0 9 6 11 4 10 14 13
90 83 7 1 2 3 8 5 12 7 10 9 6 11 4 0 14 13
91 84 7 1 2 3 8 5 12 7 10 9 6 11 0 4 14 13
93 85 8 1 2 3 8 5 12 7 10 9 6 0 11 4 14 13
94 87 7 1 2 3 8 5 12 7 10 9 6 13 11 4 14 0
96 88 8 1 2 3 8 5 12 7 10 9 0 13 11 4 14 6
94 86 8 1 2 3 8 5 0 7 10 9 6 12 11 4 14 13
93 85 8 1 2 3 8 5 12 0 10 9 6 11 7 4 14 13
94 86 8 1 2 3 8 5 12 10 0 9 6 11 7 4 14 13
95 87 8 1 2 3 8 5 12 10 4 9 6 11 7 0 14 13
96 88 8 1 2 3 8 5 12 10 4 9 6 11 0 7 14 13
97 89 8 1 2 3 8 5 12 0 4 9 6 11 10 7 14 13
98 90 8 1 2 3 8 5 12 4 0 9 6 11 10 7 14 13
99 91 8 1 2 3 8 5 12 4 7 9 6 11 10 0 14 13
100 92 8 1 2 3 8 5 12 4 7 9 6 11 0 10 14 13
98 90 8 1 2 3 8 5 0 12 4 9 6 11 10 7 14 13
94 86 8 1 2 3 8 5 0 12 10 9 6 11 7 4 14 13
97 89 8 1 2 3 8 5 0 12 10 9 13 11 7 4 14 6
95 87 8 1 2 3 8 5 12 7 10 9 13 11 4 14 0 6
95 88 7 1 2 3 8 5 12 7 10 9 13 11 4 14 6 0
97 89 8 1 2 3 8 5 12 7 10 9 0 11 4 14 6 13
90 82 8 1 2 3 0 5 12 7 9 8 6 11 4 10 14 13
92 84 8 1 2 3 8 5 12 7 10 9 6 11 4 14 0 13
92 85 7 1 2 3 8 5 12 7 10 9 6 11 4 14 13 0
94 86 8 1 2 3 8 5 12 7 10 9 0 11 4 14 13 6
91 83 8 1 2 0 8 5 12 7 3 9 6 11 4 10 14 13
92 84 8 1 2 8 0 5 12 7 3 9 6 11 4 10 14 13
91 83 8 1 2 3 8 5 12 0 7 9 6 11 4 10 14 13
92 84 8 1 2 3 8 5 0 12 7 9 6 11 4 10 14 13
94 85 9 1 2 3 8 5 11 12 7 9 6 0 4 10 14 13
95 87 8 1 2 3 8 5 11 12 7 9 6 13 4 10 14 0
97 88 9 1 2 3 8 5 11 12 7 9 0 13 4 10 14 6
97 88 9 1 2 3 8 5 11 0 7 9 6 12 4 10 14 13
97 89 8 1 2 3 8 5 11 7 0 9 6 12 4 10 14 13
98 90 8 1 2 3 8 5 11 7 10 9 6 12 4 0 14 13
99 91 8 1 2 3 8 5 11 7 10 9 6 12 0 4 14 13
99 92 7 1 2 3 8 5 11 7 10 9 6 0 12 4 14 13
100 94 6 1 2 3 8 5 11 7 10 9 6 13 12 4 14 0
99 93 6 1 2 3 8 5 0 7 10 9 6 11 12 4 14 13
101 94 7 1 2 3 8 5 7 0 10 9 6 11 12 4 14 13
102 95 7 1 2 3 8 5 7 10 0 9 6 11 12 4 14 13
103 96 7 1 2 3 8 5 7 10 4 9 6 11 12 0 14 13
102 95 7 1 2 3 8 5 11 7 10 9 0 13 12 4 14 6
104 96 8 1 2 3 8 5 11 7 10 0 9 13 12 4 14 6
105 97 8 1 2 3 8 5 11 7 0 10 9 13 12 4 14 6
106 98 8 1 2 3 8 5 11 7 4 10 9 13 12 0 14 6
105 97 8 1 2 3 0 5 11 7 10 8 9 13 12 4 14 6
104 96 8 1 2 3 8 0 11 7 10 9 5 13 12 4 14 6
105 98 7 1 2 3 8 6 11 7 10 9 5 13 12 4 14 0
108 100 8 1 2 3 8 6 11 7 10 9 5 0 12 4 14 13
108 101 7 1 2 3 8 6 0 7 10 9 5 11 12 4 14 13
110 102 8 1 2 3 8 6 7 0 10 9 5 11 12 4 14 13
111 103 8 1 2 3 8 6 7 10 0 9 5 11 12 4 14 13
112 104 8 1 2 3 8 6 7 10 4 9 5 11 12 0 14 13
111 103 8 1 2 3 8 0 11 7 10 9 5 6 12 4 14 13
112 105 7 1 2 3 8 13 11 7 10 9 5 6 12 4 14 0
111 104 7 1 2 3 8 5 11 7 10 9 0 6 12 4 14 13
111 105 6 1 2 3 8 5 11 7 10 9 13 6 12 4 14 0
114 107 7 1 2 3 8 5 11 7 10 9 13 0 12 4 14 6
114 108 6 1 2 3 8 5 0 7 10 9 13 11 12 4 14 6
116 109 7 1 2 3 8 5 7 0 10 9 13 11 12 4 14 6
117 110 7 1 2 3 8 5 7 10 0 9 13 11 12 4 14 6
118 111 7 1 2 3 8 5 7 10 4 9 13 11 12 0 14 6
120 112 8 1 2 3 8 5 7 10 4 9 13 11 12 14 0 6
120 113 7 1 2 3 8 5 7 10 4 9 13 11 12 14 6 0
122 114 8 1 2 3 8 5 7 10 4 9 0 11 12 14 6 13
120 112 8 1 2 3 8 5 7 10 4 9 13 11 0 12 14 6
121 113 8 1 2 3 8 5 7 0 4 9 13 11 10 12 14 6
121 114 7 1 2 3 8 5 0 7 4 9 13 11 10 12 14 6
123 115 8 1 2 3 8 5 11 7 4 9 13 0 10 12 14 6
124 117 7 1 2 3 8 5 11 7 4 9 13 6 10 12 14 0
126 118 8 1 2 3 8 5 11 7 4 9 0 6 10 12 14 13
124 116 8 1 2 3 8 5 11 7 4 9 13 10 0 12 14 6
124 117 7 1 2 3 8 5 11 7 4 9 13 10 12 0 14 6
125 118 7 1 2 3 8 5 11 7 0 9 13 10 12 4 14 6
127 119 8 1 2 3 8 5 11 7 9 0 13 10 12 4 14 6
128 120 8 1 2 3 8 5 11 7 9 13 0 10 12 4 14 6
128 121 7 1 2 3 8 5 11 7 9 13 6 10 12 4 14 0
132 124 8 1 2 3 8 5 11 7 9 0 6 10 12 4 14 13
132 125 7 1 2 3 8 5 11 7 0 9 6 10 12 4 14 13
133 126 7 1 2 3 8 5 11 7 4 9 6 10 12 0 14 13
135 127 8 1 2 3 8 5 11 7 4 9 6 10 12 14 0 13
135 128 7 1 2 3 8 5 11 7 4 9 6 10 12 14 13 0
138 130 8 1 2 3 8 5 11 7 4 9 6 0 12 14 13 10
138 131 7 1 2 3 8 5 0 7 4 9 6 11 12 14 13 10
140 132 8 1 2 3 8 5 7 0 4 9 6 11 12 14 13 10
141 133 8 1 2 3 8 5 7 4 0 9 6 11 12 14 13 10
142 134 8 1 2 3 8 5 7 4 14 9 6 11 12 0 13 10
142 135 7 1 2 3 8 5 7 4 14 9 6 11 12 13 0 10
142 136 6 1 2 3 8 5 7 4 14 9 6 11 12 13 10 0
144 137 7 1 2 3 8 5 7 4 14 9 0 11 12 13 10 6
146 138 8 1 2 3 8 5 7 4 14 0 9 11 12 13 10 6
147 139 8 1 2 3 8 5 7 4 0 14 9 11 12 13 10 6
148 140 8 1 2 3 8 5 7 0 4 14 9 11 12 13 10 6
148 141 7 1 2 3 8 5 0 7 4 14 9 11 12 13 10 6
150 142 8 1 2 3 8 5 11 7 4 14 9 0 12 13 10 6
151 144 7 1 2 3 8 5 11 7 4 14 9 6 12 13 10 0
155 147 8 1 2 3 8 5 11 7 4 0 9 6 12 13 10 14
155 148 7 1 2 3 8 5 11 7 4 9 0 6 12 13 10 14
155 149 6 1 2 3 8 5 11 7 4 9 14 6 12 13 10 0
158 151 7 1 2 3 8 5 11 7 4 9 14 0 12 13 10 6
158 152 6 1 2 3 8 5 0 7 4 9 14 11 12 13 10 6
160 153 7 1 2 3 8 5 7 0 4 9 14 11 12 13 10 6
161 154 7 1 2 3 8 5 7 4 0 9 14 11 12 13 10 6
157 150 7 1 2 3 8 5 11 7 4 9 14 6 12 13 0 10
159 151 8 1 2 3 8 5 11 7 4 9 14 6 12 0 13 10
160 152 8 1 2 3 8 5 11 7 0 9 14 6 12 4 13 10
159 151 8 1 2 3 8 5 11 7 4 0 14 6 12 13 9 10
160 152 8 1 2 3 8 5 11 7 4 14 0 6 12 13 9 10
159 153 6 1 2 3 8 5 11 7 4 14 10 6 12 13 9 0
163 156 7 1 2 3 8 5 11 7 4 0 10 6 12 13 9 14
163 157 6 1 2 3 8 5 11 7 4 9 10 6 12 13 0 14
162 158 4 1 2 3 8 5 11 7 4 9 10 6 12 13 14 0
165 160 5 1 2 3 8 5 11 7 4 9 10 0 12 13 14 6
165 161 4 1 2 3 8 5 0 7 4 9 10 11 12 13 14 6
167 162 5 1 2 3 8 5 7 0 4 9 10 11 12 13 14 6
168 163 5 1 2 3 8 5 7 4 0 9 10 11 12 13 14 6
170 164 6 1 2 3 8 5 7 4 9 0 10 11 12 13 14 6
171 165 6 1 2 3 0 5 7 4 9 8 10 11 12 13 14 6
170 164 6 1 2 3 8 5 7 4 13 9 10 11 12 0 14 6
170 164 6 1 2 0 8 5 7 4 3 9 10 11 12 13 14 6
171 165 6 1 2 8 0 5 7 4 3 9 10 11 12 13 14 6
169 163 6 1 2 3 8 5 7 12 4 9 10 11 0 13 14 6
169 163 6 1 0 3 8 5 7 2 4 9 10 11 12 13 14 6
168 162 6 0 2 3 8 5 11 7 4 9 10 1 12 13 14 6
170 165 5 6 2 3 8 5 11 7 4 9 10 1 12 13 14 0
173 167 6 6 2 3 8 5 11 7 4 9 10 0 12 13 14 1
173 168 5 6 2 3 8 5 0 7 4 9 10 11 12 13 14 1
175 169 6 6 2 3 8 5 7 0 4 9 10 11 12 13 14 1
176 170 6 6 2 3 8 5 7 4 0 9 10 11 12 13 14 1
169 163 6 11 2 3 8 5 0 7 4 9 10 1 12 13 14 6
170 164 6 11 2 3 8 5 1 7 4 9 10 0 12 13 14 6
171 166 5 0 2 3 8 5 1 7 4 9 10 11 12 13 14 6
173 169 4 6 2 3 8 5 1 7 4 9 10 11 12 13 14 0
171 166 5 11 2 3 8 5 1 7 4 9 10 6 12 13 14 0
175 169 6 0 2 3 8 5 1 7 4 9 10 6 12 13 14 11
175 170 5 1 2 3 8 5 0 7 4 9 10 6 12 13 14 11
175 171 4 1 2 3 8 5 6 7 4 9 10 0 12 13 14 11
175 173 2 1 2 3 8 5 6 7 4 9 10 11 12 13 14 0
180 176 4 1 2 3 8 5 6 7 4 0 10 11 12 13 14 9
181 177 4 1 2 3 8 5 6 7 0 4 10 11 12 13 14 9
181 177 4 1 2 3 0 5 6 7 4 8 10 11 12 13 14 9
180 176 4 0 2 3 8 5 6 7 4 9 10 11 12 13 14 1
179 175 4 1 2 3 8 0 6 7 4 9 10 11 12 13 14 5
180 176 4 1 2 3 0 8 6 7 4 9 10 11 12 13 14 5
178 174 4 1 2 3 8 5 6 7 4 9 10 11 12 13 0 14
178 174 4 1 2 3 8 5 6 7 4 9 0 11 12 13 14 10
180 175 5 1 2 3 8 5 6 7 4 0 9 11 12 13 14 10
181 176 5 1 2 3 8 5 6 7 0 4 9 11 12 13 14 10
181 176 5 1 2 3 0 5 6 7 4 8 9 11 12 13 14 10
183 178 5 1 2 3 8 11 6 7 4 9 10 0 12 13 14 5
184 180 4 1 2 3 8 11 6 7 4 9 10 5 12 13 14 0
180 175 5 1 2 3 8 0 6 7 4 9 5 11 12 13 14 10
181 177 4 1 2 3 8 10 6 7 4 9 5 11 12 13 14 0
181 176 5 1 2 3 0 8 6 7 4 9 5 11 12 13 14 10
179 174 5 1 2 3 8 5 6 0 4 9 10 7 12 13 14 11
180 175 5 1 2 3 8 5 6 4 0 9 10 7 12 13 14 11
182 177 5 1 2 3 8 5 6 7 4 14 10 11 12 13 0 9
182 178 4 1 2 3 8 5 6 7 4 14 10 11 12 13 9 0
183 178 5 1 2 3 8 5 6 7 13 4 10 11 12 0 14 9
183 178 5 1 2 3 8 5 6 0 7 4 10 11 12 13 14 9
183 178 5 11 2 3 8 5 6 7 4 9 10 0 12 13 14 1
184 180 4 11 2 3 8 5 6 7 4 9 10 1 12 13 14 0
182 177 5 2 0 3 8 5 6 7 4 9 10 11 12 13 14 1
183 178 5 5 2 3 8 0 6 7 4 9 10 11 12 13 14 1
184 180 4 5 2 3 8 1 6 7 4 9 10 11 12 13 14 0
184 179 5 5 2 3 0 8 6 7 4 9 10 11 12 13 14 1
182 177 5 1 2 0 3 8 6 7 4 9 10 11 12 13 14 5
183 178 5 1 2 4 3 8 6 7 0 9 10 11 12 13 14 5
178 173 5 0 2 3 8 5 6 7 4 9 10 1 12 13 14 11
183 178 5 1 2 3 8 9 6 7 4 0 10 11 12 13 14 5
184 179 5 1 2 3 8 9 6 7 0 4 10 11 12 13 14 5
184 179 5 1 2 3 0 9 6 7 4 8 10 11 12 13 14 5
185 180 5 1 2 3 9 0 6 7 4 8 10 11 12 13 14 5
185 182 3 1 2 3 9 5 6 7 4 8 10 11 12 13 14 0
189 185 4 1 2 3 9 5 6 7 4 0 10 11 12 13 14 8
189 186 3 1 2 3 0 5 6 7 4 9 10 11 12 13 14 8
191 187 4 1 2 3 5 0 6 7 4 9 10 11 12 13 14 8
192 189 3 1 2 3 5 8 6 7 4 9 10 11 12 13 14 0
191 187 4 1 2 0 3 5 6 7 4 9 10 11 12 13 14 8
192 188 4 1 2 4 3 5 6 7 0 9 10 11 12 13 14 8
190 186 4 1 2 3 9 5 6 7 0 4 10 11 12 13 14 8
192 187 5 1 2 3 9 5 6 0 7 4 10 11 12 13 14 8
197 192 5 1 2 3 5 8 6 7 4 0 10 11 12 13 14 9
198 193 5 1 2 3 5 8 6 7 0 4 10 11 12 13 14 9
198 193 5 1 2 3 0 8 6 7 4 5 10 11 12 13 14 9
199 194 5 1 2 3 8 0 6 7 4 5 10 11 12 13 14 9
200 196 4 1 2 3 8 9 6 7 4 5 10 11 12 13 14 0
192 187 5 1 2 3 9 5 6 7 13 4 10 11 12 0 14 8
195 190 5 1 2 3 5 11 6 7 4 9 10 0 12 13 14 8
196 192 4 1 2 3 5 11 6 7 4 9 10 8 12 13 14 0
199 194 5 1 2 3 5 0 6 7 4 9 10 8 12 13 14 11
199 195 4 1 2 3 0 5 6 7 4 9 10 8 12 13 14 11
201 196 5 1 2 0 3 5 6 7 4 9 10 8 12 13 14 11
202 197 5 1 2 4 3 5 6 7 0 9 10 8 12 13 14 11
201 196 5 1 2 3 9 5 6 7 4 0 10 8 12 13 14 11
202 197 5 1 2 3 9 5 6 7 0 4 10 8 12 13 14 11
182 177 5 1 2 3 9 8 6 7 4 0 10 11 12 13 14 5
183 178 5 1 2 3 9 8 6 7 0 4 10 11 12 13 14 5
183 178 5 1 2 0 3 5 6 7 4 8 10 11 12 13 14 9
184 179 5 1 2 4 3 5 6 7 0 8 10 11 12 13 14 9
184 180 4 1 2 4 3 5 6 7 8 0 10 11 12 13 14 9
185 181 4 1 2 4 0 5 6 7 8 3 10 11 12 13 14 9
185 182 3 1 2 0 4 5 6 7 8 3 10 11 12 13 14 9
187 183 4 1 0 2 4 5 6 7 8 3 10 11 12 13 14 9
187 183 4 1 2 8 4 5 6 7 0 3 10 11 12 13 14 9
188 184 4 1 2 8 4 5 6 7 3 0 10 11 12 13 14 9
190 185 5 1 2 8 4 5 6 7 3 10 0 11 12 13 14 9
190 186 4 1 2 8 4 5 6 7 3 10 9 11 12 13 14 0
194 189 5 1 2 8 4 5 6 7 3 0 9 11 12 13 14 10
194 190 4 1 2 8 4 5 6 7 3 9 0 11 12 13 14 10
193 191 2 1 2 8 4 5 6 7 3 9 10 11 12 13 14 0
198 194 4 0 2 8 4 5 6 7 3 9 10 11 12 13 14 1
197 193 4 1 2 8 4 0 6 7 3 9 10 11 12 13 14 5
197 193 4 1 2 8 4 5 6 7 3 9 10 0 12 13 14 11
196 192 4 1 2 8 4 5 6 7 3 9 10 11 12 13 0 14
198 193 5 1 2 8 4 5 6 7 3 9 10 11 12 0 13 14
199 194 5 1 2 8 4 5 6 7 0 9 10 11 12 3 13 14
199 195 4 1 2 0 4 5 6 7 8 9 10 11 12 3 13 14
201 196 5 1 2 4 0 5 6 7 8 9 10 11 12 3 13 14
197 192 5 0 2 3 5 8 6 7 4 9 10 11 12 13 14 1
199 194 5 8 2 3 5 0 6 7 4 9 10 11 12 13 14 1
200 196 4 8 2 3 5 1 6 7 4 9 10 11 12 13 14 0
199 195 4 8 2 3 0 5 6 7 4 9 10 11 12 13 14 1
201 196 5 8 2 0 3 5 6 7 4 9 10 11 12 13 14 1
202 197 5 8 2 4 3 5 6 7 0 9 10 11 12 13 14 1
180 175 5 1 2 3 8 5 6 7 4 0 10 11 12 13 9 14
181 176 5 1 2 3 8 5 6 7 0 4 10 11 12 13 9 14
188 183 5 1 2 3 9 5 6 7 4 8 0 11 12 13 14 10
189 184 5 1 2 3 9 5 6 7 4 0 8 11 12 13 14 10
189 185 4 1 2 3 0 5 6 7 4 9 8 11 12 13 14 10
191 186 5 1 2 3 5 0 6 7 4 9 8 11 12 13 14 10
192 188 4 1 2 3 5 10 6 7 4 9 8 11 12 13 14 0
184 179 5 7 2 3 8 5 6 0 4 9 10 11 12 13 14 1
185 180 5 7 2 3 8 5 6 4 0 9 10 11 12 13 14 1
181 176 5 1 2 3 8 10 6 7 4 9 0 11 12 13 14 5
183 178 5 1 2 0 8 5 6 7 3 4 10 11 12 13 14 9
189 184 5 1 7 2 4 5 6 0 8 3 10 11 12 13 14 9
194 189 5 0 2 3 5 1 6 7 4 9 10 11 12 13 14 8
180 175 5 1 2 3 8 5 6 7 4 9 10 11 12 0 13 14
181 176 5 1 2 3 8 5 6 7 0 9 10 11 12 4 13 14
193 188 5 1 2 3 5 10 6 7 4 9 0 11 12 13 14 8
191 186 5 1 2 3 9 5 6 7 4 14 10 11 12 13 0 8
191 187 4 1 2 3 9 5 6 7 4 14 10 11 12 13 8 0
195 190 5 1 2 3 9 5 6 7 4 0 10 11 12 13 8 14
195 191 4 1 2 3 0 5 6 7 4 9 10 11 12 13 8 14
197 192 5 1 2 3 5 0 6 7 4 9 10 11 12 13 8 14
198 194 4 1 2 3 5 14 6 7 4 9 10 11 12 13 8 0
200 195 5 1 2 3 5 14 6 7 4 9 10 11 12 13 0 8
189 184 5 0 1 2 4 5 6 7 8 3 10 11 12 13 14 9
191 187 4 9 1 2 4 5 6 7 8 3 10 11 12 13 14 0
195 190 5 9 1 2 4 5 6 7 8 0 10 11 12 13 14 3
189 184 5 1 2 8 4 5 6 7 13 3 10 11 12 0 14 9
188 183 5 1 2 3 9 5 6 7 4 8 10 11 12 13 0 14
201 196 5 1 2 8 4 11 6 7 3 9 10 0 12 13 14 5
202 198 4 1 2 8 4 11 6 7 3 9 10 5 12 13 14 0
190 185 5 1 2 8 4 5 6 7 3 14 10 11 12 13 0 9
190 186 4 1 2 8 4 5 6 7 3 14 10 11 12 13 9 0
184 179 5 1 2 8 0 5 6 7 3 4 10 11 12 13 14 9
200 195 5 0 2 8 4 1 6 7 3 9 10 11 12 13 14 5
202 198 4 5 2 8 4 1 6 7 3 9 10 11 12 13 14 0
200 195 5 6 2 8 4 5 0 7 3 9 10 11 12 13 14 1
186 181 5 1 2 4 3 5 6 7 8 10 0 11 12 13 14 9
186 182 4 1 2 4 3 5 6 7 8 10 9 11 12 13 14 0
190 185 5 1 2 4 3 5 6 7 8 0 9 11 12 13 14 10
190 186 4 1 2 4 3 5 6 7 8 9 0 11 12 13 14 10
189 187 2 1 2 4 3 5 6 7 8 9 10 11 12 13 14 0
194 190 4 0 2 4 3 5 6 7 8 9 10 11 12 13 14 1
193 189 4 1 2 4 3 0 6 7 8 9 10 11 12 13 14 5
194 190 4 1 2 4 0 3 6 7 8 9 10 11 12 13 14 5
194 191 3 1 2 0 4 3 6 7 8 9 10 11 12 13 14 5
196 192 4 1 0 2 4 3 6 7 8 9 10 11 12 13 14 5
196 192 4 1 2 8 4 3 6 7 0 9 10 11 12 13 14 5
193 189 4 1 2 4 3 5 6 7 8 9 10 0 12 13 14 11
192 188 4 1 2 4 3 5 6 7 8 9 10 11 12 13 0 14
194 189 5 1 2 4 3 5 6 7 8 9 10 11 12 0 13 14
198 193 5 1 2 8 4 3 6 7 9 0 10 11 12 13 14 5
194 189 5 1 2 4 3 5 6 7 8 0 10 11 12 13 9 14
195 190 5 1 2 4 0 5 6 7 8 3 10 11 12 13 9 14
195 191 4 1 2 0 4 5 6 7 8 3 10 11 12 13 9 14
197 192 5 1 0 2 4 5 6 7 8 3 10 11 12 13 9 14
197 192 5 1 2 8 4 5 6 7 0 3 10 11 12 13 9 14
193 188 5 1 0 2 3 5 6 7 4 9 10 11 12 13 14 8
195 190 5 1 2 3 5 8 6 7 4 9 10 11 12 13 0 14
194 189 5 1 2 8 4 5 6 7 3 0 10 11 12 13 9 14
191 186 5 1 2 0 3 5 6 7 4 9 8 11 12 13 14 10
192 187 5 1 2 4 3 5 6 7 0 9 8 11 12 13 14 10
194 189 5 1 2 4 3 5 6 7 13 9 10 11 12 0 14 8
195 190 5 1 2 3 5 9 6 7 4 0 10 11 12 13 14 8
196 191 5 1 2 3 5 9 6 7 0 4 10 11 12 13 14 8
196 191 5 1 2 3 0 9 6 7 4 5 10 11 12 13 14 8
197 192 5 1 2 3 9 0 6 7 4 5 10 11 12 13 14 8
198 194 4 1 2 3 9 8 6 7 4 5 10 11 12 13 14 0
182 177 5 1 2 3 8 5 6 7 4 10 0 11 12 13 14 9
182 178 4 1 2 3 8 5 6 7 4 10 9 11 12 13 14 0
179 174 5 1 2 3 8 0 6 7 4 9 10 5 12 13 14 11
180 175 5 1 2 3 0 8 6 7 4 9 10 5 12 13 14 11
190 185 5 0 2 3 9 5 6 7 4 8 10 11 12 13 14 1
197 192 5 5 2 4 3 0 6 7 8 9 10 11 12 13 14 1
198 194 4 5 2 4 3 1 6 7 8 9 10 11 12 13 14 0
198 193 5 5 2 4 0 3 6 7 8 9 10 11 12 13 14 1
198 194 4 5 2 0 4 3 6 7 8 9 10 11 12 13 14 1
200 195 5 5 0 2 4 3 6 7 8 9 10 11 12 13 14 1
201 196 5 0 5 2 4 3 6 7 8 9 10 11 12 13 14 1
202 199 3 1 5 2 4 3 6 7 8 9 10 11 12 13 14 0
205 201 4 1 5 2 4 0 6 7 8 9 10 11 12 13 14 3
209 204 5 1 5 2 4 9 6 7 8 0 10 11 12 13 14 3
209 204 5 1 5 2 4 11 6 7 8 9 10 0 12 13 14 3
210 206 4 1 5 2 4 11 6 7 8 9 10 3 12 13 14 0
213 208 5 1 5 2 4 0 6 7 8 9 10 3 12 13 14 11
195 190 5 1 2 8 4 5 6 7 0 3 9 11 12 13 14 10
195 191 4 1 2 0 4 5 6 7 8 3 9 11 12 13 14 10
197 192 5 1 0 2 4 5 6 7 8 3 9 11 12 13 14 10
200 195 5 2 0 8 4 5 6 7 3 9 10 11 12 13 14 1
201 196 5 2 8 0 4 5 6 7 3 9 10 11 12 13 14 1
201 197 4 2 8 3 4 5 6 7 0 9 10 11 12 13 14 1
203 198 5 2 8 3 4 5 6 7 9 0 10 11 12 13 14 1
203 198 5 2 8 3 4 5 6 0 7 9 10 11 12 13 14 1
204 199 5 2 0 3 4 5 6 8 7 9 10 11 12 13 14 1
204 200 4 0 2 3 4 5 6 8 7 9 10 11 12 13 14 1
205 203 2 1 2 3 4 5 6 8 7 9 10 11 12 13 14 0
210 206 4 1 2 3 4 5 6 8 7 0 10 11 12 13 14 9
211 207 4 1 2 3 4 5 6 8 0 7 10 11 12 13 14 9
211 208 3 1 2 3 4 5 6 0 8 7 10 11 12 13 14 9
213 209 4 1 2 3 4 5 0 6 8 7 10 11 12 13 14 9
213 209 4 1 2 3 4 5 6 12 8 7 10 11 0 13 14 9
213 209 4 1 0 3 4 5 6 2 8 7 10 11 12 13 14 9
209 205 4 1 2 3 4 0 6 8 7 9 10 11 12 13 14 5
209 205 4 1 2 3 4 5 6 8 7 9 10 0 12 13 14 11
212 208 4 1 2 3 4 5 6 0 7 9 10 8 12 13 14 11
212 209 3 1 2 3 4 5 6 7 0 9 10 8 12 13 14 11
214 210 4 1 2 3 4 5 6 7 9 0 10 8 12 13 14 11
214 210 4 1 2 3 4 5 6 7 13 9 10 8 12 0 14 11
214 210 4 1 2 0 4 5 6 7 3 9 10 8 12 13 14 11
208 204 4 1 2 3 4 5 6 8 7 9 10 11 12 13 0 14
208 204 4 1 2 3 4 5 6 8 7 9 0 11 12 13 14 10
207 203 4 8 2 3 4 5 6 0 7 9 10 11 12 13 14 1
207 204 3 8 2 3 4 5 6 7 0 9 10 11 12 13 14 1
209 205 4 8 2 3 4 5 6 7 9 0 10 11 12 13 14 1
209 205 4 8 2 3 4 5 6 7 13 9 10 11 12 0 14 1
209 205 4 8 2 0 4 5 6 7 3 9 10 11 12 13 14 1
211 206 5 8 2 4 0 5 6 7 3 9 10 11 12 13 14 1
211 206 5 8 0 2 4 5 6 7 3 9 10 11 12 13 14 1
212 207 5 0 8 2 4 5 6 7 3 9 10 11 12 13 14 1
213 210 3 1 8 2 4 5 6 7 3 9 10 11 12 13 14 0
218 213 5 1 8 2 4 5 6 7 3 0 10 11 12 13 14 9
219 214 5 1 8 2 4 5 6 7 0 3 10 11 12 13 14 9
220 215 5 1 8 0 4 5 6 7 2 3 10 11 12 13 14 9
221 216 5 1 0 8 4 5 6 7 2 3 10 11 12 13 14 9
217 212 5 1 8 2 4 0 6 7 3 9 10 11 12 13 14 5
217 212 5 1 8 2 4 5 6 7 3 9 10 0 12 13 14 11
216 211 5 1 8 2 4 5 6 7 3 9 10 11 12 13 0 14
216 211 5 1 8 2 4 5 6 7 3 9 0 11 12 13 14 10
214 209 5 1 0 3 4 5 6 2 7 9 10 8 12 13 14 11
216 211 5 1 0 2 4 5 6 7 3 9 10 8 12 13 14 11
210 205 5 1 2 3 4 5 6 8 7 9 10 11 12 0 13 14
211 206 5 1 2 3 4 5 6 8 0 9 10 11 12 7 13 14
211 207 4 1 2 3 4 5 6 0 8 9 10 11 12 7 13 14
213 208 5 1 2 3 4 5 0 6 8 9 10 11 12 7 13 14
213 208 5 1 2 3 4 5 6 12 8 9 10 11 0 7 13 14
214 209 5 1 2 3 4 5 6 12 8 9 10 11 7 0 13 14
214 210 4 1 2 3 4 5 6 12 8 9 10 11 7 13 0 14
213 211 2 1 2 3 4 5 6 12 8 9 10 11 7 13 14 0
218 214 4 1 2 3 4 5 6 12 8 0 10 11 7 13 14 9
218 214 4 0 2 3 4 5 6 12 8 9 10 11 7 13 14 1
221 217 4 12 2 3 4 5 6 0 8 9 10 11 7 13 14 1
221 218 3 12 2 3 4 5 6 7 8 9 10 11 0 13 14 1
223 219 4 12 2 3 4 5 6 7 8 9 10 11 13 0 14 1
223 219 4 12 2 3 4 5 6 7 8 9 10 0 11 13 14 1
224 221 3 12 2 3 4 5 6 7 8 9 10 1 11 13 14 0
228 224 4 0 2 3 4 5 6 7 8 9 10 1 11 13 14 12
229 226 3 1 2 3 4 5 6 7 8 9 10 0 11 13 14 12
230 228 2 1 2 3 4 5 6 7 8 9 10 12 11 13 14 0
229 227 2 1 2 3 4 5 6 7 8 9 10 11 0 13 14 12
231 228 3 1 2 3 4 5 6 7 8 9 10 11 13 0 14 12
231 228 3 1 2 3 4 5 6 0 8 9 10 11 7 13 14 12
233 229 4 1 2 3 4 5 6 8 0 9 10 11 7 13 14 12
233 229 4 1 2 3 4 5 0 6 8 9 10 11 7 13 14 12
233 229 4 1 0 3 4 5 6 2 8 9 10 11 7 13 14 12
233 229 4 1 2 3 4 5 6 7 8 9 10 11 13 14 0 12
233 230 3 1 2 3 4 5 6 7 8 9 10 11 13 14 12 0
233 229 4 1 2 3 4 5 6 7 0 9 10 11 13 8 14 12
235 231 4 1 2 3 4 5 6 7 8 0 10 12 11 13 14 9
234 230 4 1 2 3 4 0 6 7 8 9 10 12 11 13 14 5
237 233 4 1 2 3 4 12 6 7 8 9 10 0 11 13 14 5
238 235 3 1 2 3 4 12 6 7 8 9 10 5 11 13 14 0
237 234 3 1 2 3 4 12 6 7 8 9 10 11 0 13 14 5
239 235 4 1 2 3 4 12 6 7 8 9 10 11 13 0 14 5
239 235 4 1 2 3 4 12 6 0 8 9 10 11 7 13 14 5
233 229 4 1 2 3 4 5 6 7 8 9 10 12 11 13 0 14
233 229 4 1 2 3 4 5 6 7 8 9 0 12 11 13 14 10
231 227 4 1 2 3 4 5 0 7 8 9 10 6 11 13 14 12
233 229 4 1 2 3 4 5 6 0 8 9 10 7 11 13 14 12
234 230 4 1 2 3 4 5 6 11 8 9 10 7 0 13 14 12
235 231 4 1 2 3 4 5 6 11 8 9 10 0 7 13 14 12
236 233 3 1 2 3 4 5 6 11 8 9 10 12 7 13 14 0
217 213 4 1 2 3 4 0 6 12 8 9 10 11 7 13 14 5
217 213 4 1 2 3 4 5 6 12 8 9 10 0 7 13 14 11
220 216 4 1 2 3 4 5 6 0 8 9 10 12 7 13 14 11
220 217 3 1 2 3 4 5 6 7 8 9 10 12 0 13 14 11
220 218 2 1 2 3 4 5 6 7 8 9 10 0 12 13 14 11
220 220 0 1 2 3 4 5 6 7 8 9 10 11 12 13 14 0
