0 0 0 5 4 8 14 1 6 11 10 3 9 7 12 0 13 2
13 1 12 5 4 8 14 1 6 11 10 3 9 7 12 13 0 2
13 2 11 5 4 8 14 1 6 11 10 3 9 7 12 13 2 0
17 5 12 5 4 8 14 1 6 11 10 0 9 7 12 13 2 3
17 6 11 5 4 8 14 1 6 11 10 9 0 7 12 13 2 3
17 7 10 5 4 8 14 1 6 11 10 9 3 7 12 13 2 0
21 10 11 0 4 8 14 1 6 11 10 9 3 7 12 13 2 5
22 12 10 1 4 8 14 0 6 11 10 9 3 7 12 13 2 5
22 14 8 1 4 8 14 5 6 11 10 9 3 7 12 13 2 0
25 16 9 1 4 8 14 5 6 11 10 9 3 0 12 13 2 7
27 19 8 1 4 8 14 5 6 0 10 9 3 11 12 13 2 7
28 20 8 1 4 8 14 5 6 10 0 9 3 11 12 13 2 7
28 21 7 1 4 0 14 5 6 10 8 9 3 11 12 13 2 7
29 22 7 1 4 14 0 5 6 10 8 9 3 11 12 13 2 7
29 22 7 1 0 4 14 5 6 10 8 9 3 11 12 13 2 7
30 23 7 1 10 4 14 5 6 0 8 9 3 11 12 13 2 7
32 24 8 1 10 4 14 5 6 8 0 9 3 11 12 13 2 7
33 25 8 1 10 0 14 5 6 8 4 9 3 11 12 13 2 7
34 26 8 1 10 14 0 5 6 8 4 9 3 11 12 13 2 7
34 26 8 1 0 10 14 5 6 8 4 9 3 11 12 13 2 7
35 27 8 1 8 10 14 5 6 0 4 9 3 11 12 13 2 7
36 28 8 1 8 10 14 5 6 4 0 9 3 11 12 13 2 7
37 29 8 1 8 0 14 5 6 4 10 9 3 11 12 13 2 7
38 30 8 1 8 14 0 5 6 4 10 9 3 11 12 13 2 7
31 23 8 0 1 4 14 5 6 10 8 9 3 11 12 13 2 7
33 26 7 7 1 4 14 5 6 10 8 9 3 11 12 13 2 0
35 27 8 7 1 4 14 5 6 10 8 9 3 11 12 13 0 2
35 27 8 7 1 4 14 5 6 10 8 9 0 11 12 13 2 3
31 23 8 1 4 14 9 5 6 10 8 0 3 11 12 13 2 7
32 24 8 1 4 14 9 5 6 10 8 3 0 11 12 13 2 7
32 25 7 1 4 14 9 5 6 10 8 3 7 11 12 13 2 0
36 28 8 1 4 14 9 5 6 10 8 0 7 11 12 13 2 3
36 29 7 1 4 14 0 5 6 10 8 9 7 11 12 13 2 3
37 30 7 1 4 0 14 5 6 10 8 9 7 11 12 13 2 3
38 31 7 1 0 4 14 5 6 10 8 9 7 11 12 13 2 3
39 32 7 1 10 4 14 5 6 0 8 9 7 11 12 13 2 3
41 33 8 1 10 4 14 5 6 8 0 9 7 11 12 13 2 3
42 34 8 1 10 0 14 5 6 8 4 9 7 11 12 13 2 3
43 35 8 1 10 14 0 5 6 8 4 9 7 11 12 13 2 3
43 35 8 1 0 10 14 5 6 8 4 9 7 11 12 13 2 3
44 36 8 1 8 10 14 5 6 0 4 9 7 11 12 13 2 3
45 37 8 1 8 10 14 5 6 4 0 9 7 11 12 13 2 3
46 38 8 1 8 0 14 5 6 4 10 9 7 11 12 13 2 3
47 39 8 1 8 14 0 5 6 4 10 9 7 11 12 13 2 3
34 26 8 1 4 14 9 5 6 10 8 3 7 11 12 13 0 2
35 27 8 1 4 14 9 5 6 10 8 0 7 11 12 13 3 2
35 28 7 1 4 14 0 5 6 10 8 9 7 11 12 13 3 2
36 29 7 1 4 0 14 5 6 10 8 9 7 11 12 13 3 2
37 30 7 1 0 4 14 5 6 10 8 9 7 11 12 13 3 2
38 31 7 1 10 4 14 5 6 0 8 9 7 11 12 13 3 2
40 32 8 1 10 4 14 5 6 8 0 9 7 11 12 13 3 2
41 33 8 1 10 0 14 5 6 8 4 9 7 11 12 13 3 2
42 34 8 1 10 14 0 5 6 8 4 9 7 11 12 13 3 2
41 33 8 1 10 4 14 5 0 6 8 9 7 11 12 13 2 3
32 24 8 1 4 14 9 5 6 10 8 2 3 11 12 13 0 7
32 25 7 1 4 14 9 5 6 10 8 2 3 11 12 13 7 0
36 28 8 1 4 14 9 5 6 10 8 0 3 11 12 13 7 2
36 29 7 1 4 14 0 5 6 10 8 9 3 11 12 13 7 2
37 30 7 1 4 0 14 5 6 10 8 9 3 11 12 13 7 2
38 31 7 1 0 4 14 5 6 10 8 9 3 11 12 13 7 2
39 32 7 1 10 4 14 5 6 0 8 9 3 11 12 13 7 2
41 33 8 1 10 4 14 5 6 8 0 9 3 11 12 13 7 2
42 34 8 1 10 0 14 5 6 8 4 9 3 11 12 13 7 2
43 35 8 1 10 14 0 5 6 8 4 9 3 11 12 13 7 2
38 30 8 1 4 14 5 0 6 10 8 9 7 11 12 13 2 3
39 32 7 1 4 14 5 3 6 10 8 9 7 11 12 13 2 0
41 33 8 1 4 14 5 3 6 10 8 9 7 11 12 13 0 2
37 29 8 1 4 14 5 0 6 10 8 9 7 11 12 13 3 2
38 31 7 1 4 14 5 2 6 10 8 9 7 11 12 13 3 0
40 32 8 1 4 14 5 2 6 10 8 9 7 11 12 13 0 3
40 32 8 1 4 14 5 2 6 10 8 9 0 11 12 13 3 7
41 33 8 1 4 14 5 0 6 10 8 9 2 11 12 13 3 7
42 35 7 1 4 14 5 7 6 10 8 9 2 11 12 13 3 0
41 34 7 1 4 14 0 5 6 10 8 9 2 11 12 13 3 7
42 35 7 1 4 0 14 5 6 10 8 9 2 11 12 13 3 7
43 36 7 1 0 4 14 5 6 10 8 9 2 11 12 13 3 7
44 37 7 1 10 4 14 5 6 0 8 9 2 11 12 13 3 7
46 38 8 1 10 4 14 5 6 8 0 9 2 11 12 13 3 7
47 39 8 1 10 0 14 5 6 8 4 9 2 11 12 13 3 7
48 40 8 1 10 14 0 5 6 8 4 9 2 11 12 13 3 7
44 36 8 1 4 14 5 7 6 10 8 9 2 11 12 13 0 3
48 40 8 1 0 10 14 5 6 8 4 9 2 11 12 13 3 7
49 41 8 1 8 10 14 5 6 0 4 9 2 11 12 13 3 7
50 42 8 1 8 10 14 5 6 4 0 9 2 11 12 13 3 7
51 43 8 1 8 0 14 5 6 4 10 9 2 11 12 13 3 7
52 44 8 1 8 14 0 5 6 4 10 9 2 11 12 13 3 7
44 36 8 1 4 8 14 5 6 10 0 9 2 11 12 13 3 7
45 37 8 1 4 8 14 5 6 0 10 9 2 11 12 13 3 7
46 38 8 1 0 8 14 5 6 4 10 9 2 11 12 13 3 7
46 38 8 1 10 4 14 5 6 12 8 9 2 11 0 13 3 7
45 37 8 0 1 4 14 5 6 10 8 9 2 11 12 13 3 7
47 40 7 7 1 4 14 5 6 10 8 9 2 11 12 13 3 0
49 41 8 7 1 4 14 5 6 10 8 9 2 11 12 13 0 3
49 41 8 7 1 4 14 5 6 10 8 9 0 11 12 13 3 2
48 40 8 10 1 4 14 5 6 0 8 9 2 11 12 13 3 7
49 41 8 10 0 4 14 5 6 1 8 9 2 11 12 13 3 7
50 42 8 10 4 0 14 5 6 1 8 9 2 11 12 13 3 7
51 43 8 10 4 14 0 5 6 1 8 9 2 11 12 13 3 7
50 42 8 0 10 4 14 5 6 1 8 9 2 11 12 13 3 7
52 45 7 7 10 4 14 5 6 1 8 9 2 11 12 13 3 0
54 46 8 7 10 4 14 5 6 1 8 9 2 11 12 13 0 3
54 46 8 7 10 4 14 5 6 1 8 9 0 11 12 13 3 2
38 30 8 1 4 14 5 7 6 10 8 9 0 11 12 13 3 2
43 35 8 1 4 14 9 5 6 10 8 0 2 11 12 13 3 7
44 36 8 1 4 14 9 5 6 10 8 2 0 11 12 13 3 7
44 37 7 1 4 14 9 5 6 10 8 2 7 11 12 13 3 0
46 38 8 1 10 4 14 5 0 6 8 9 2 11 12 13 3 7
44 36 8 1 4 14 9 5 6 10 8 3 2 11 12 13 0 7
44 37 7 1 4 14 9 5 6 10 8 3 2 11 12 13 7 0
48 40 8 1 4 14 9 5 6 10 8 0 2 11 12 13 7 3
48 41 7 1 4 14 0 5 6 10 8 9 2 11 12 13 7 3
49 42 7 1 4 0 14 5 6 10 8 9 2 11 12 13 7 3
50 43 7 1 0 4 14 5 6 10 8 9 2 11 12 13 7 3
51 44 7 1 10 4 14 5 6 0 8 9 2 11 12 13 7 3
53 45 8 1 10 4 14 5 6 8 0 9 2 11 12 13 7 3
54 46 8 1 10 0 14 5 6 8 4 9 2 11 12 13 7 3
55 47 8 1 10 14 0 5 6 8 4 9 2 11 12 13 7 3
55 47 8 1 0 10 14 5 6 8 4 9 2 11 12 13 7 3
56 48 8 1 8 10 14 5 6 0 4 9 2 11 12 13 7 3
57 49 8 1 8 10 14 5 6 4 0 9 2 11 12 13 7 3
58 50 8 1 8 0 14 5 6 4 10 9 2 11 12 13 7 3
59 51 8 1 8 14 0 5 6 4 10 9 2 11 12 13 7 3
52 44 8 0 1 4 14 5 6 10 8 9 2 11 12 13 7 3
54 47 7 3 1 4 14 5 6 10 8 9 2 11 12 13 7 0
56 48 8 3 1 4 14 5 6 10 8 9 2 11 12 13 0 7
56 48 8 3 1 4 14 5 6 10 8 9 0 11 12 13 7 2
37 29 8 1 4 14 9 5 6 10 8 3 0 11 12 13 7 2
40 32 8 1 10 4 14 5 0 6 8 9 7 11 12 13 3 2
51 43 8 1 4 8 14 5 6 10 0 9 2 11 12 13 7 3
52 44 8 1 4 8 14 5 6 0 10 9 2 11 12 13 7 3
40 32 8 1 10 4 14 5 6 12 8 9 7 11 0 13 3 2
55 47 8 10 1 4 14 5 6 0 8 9 2 11 12 13 7 3
56 48 8 10 0 4 14 5 6 1 8 9 2 11 12 13 7 3
57 49 8 10 4 0 14 5 6 1 8 9 2 11 12 13 7 3
58 50 8 10 4 14 0 5 6 1 8 9 2 11 12 13 7 3
37 29 8 1 4 14 9 5 6 10 8 7 0 11 12 13 2 3
37 30 7 1 4 14 9 5 6 10 8 7 3 11 12 13 2 0
57 49 8 0 10 4 14 5 6 1 8 9 2 11 12 13 7 3
59 52 7 3 10 4 14 5 6 1 8 9 2 11 12 13 7 0
61 53 8 3 10 4 14 5 6 1 8 9 2 11 12 13 0 7
61 53 8 3 10 4 14 5 6 1 8 9 0 11 12 13 7 2
39 31 8 1 4 8 14 5 6 10 0 9 3 11 12 13 7 2
40 32 8 1 4 8 14 5 6 0 10 9 3 11 12 13 7 2
41 33 8 1 0 8 14 5 6 4 10 9 3 11 12 13 7 2
42 34 8 1 8 0 14 5 6 4 10 9 3 11 12 13 7 2
43 35 8 1 8 14 0 5 6 4 10 9 3 11 12 13 7 2
43 35 8 1 8 10 14 5 6 4 0 9 3 11 12 13 7 2
44 36 8 1 8 10 14 5 6 0 4 9 3 11 12 13 7 2
41 33 8 1 4 14 5 3 6 10 8 9 0 11 12 13 2 7
38 30 8 1 4 14 5 0 6 10 8 9 3 11 12 13 7 2
39 32 7 1 4 14 5 2 6 10 8 9 3 11 12 13 7 0
41 33 8 1 4 14 5 2 6 10 8 9 3 11 12 13 0 7
41 33 8 1 4 14 5 2 6 10 8 9 0 11 12 13 7 3
39 31 8 1 4 14 5 3 6 10 8 9 0 11 12 13 7 2
39 32 7 1 4 14 5 3 6 10 8 9 2 11 12 13 7 0
41 33 8 1 4 14 5 3 6 10 8 9 2 11 12 13 0 7
37 29 8 1 4 14 9 5 6 10 8 7 3 11 12 13 0 2
32 24 8 1 10 4 14 5 0 6 8 9 3 11 12 13 2 7
40 32 8 0 1 4 14 5 6 10 8 9 3 11 12 13 7 2
42 35 7 2 1 4 14 5 6 10 8 9 3 11 12 13 7 0
44 36 8 2 1 4 14 5 6 10 8 9 3 11 12 13 0 7
44 36 8 2 1 4 14 5 6 10 8 9 0 11 12 13 7 3
43 35 8 10 1 4 14 5 6 0 8 9 3 11 12 13 7 2
44 36 8 10 0 4 14 5 6 1 8 9 3 11 12 13 7 2
45 37 8 10 4 0 14 5 6 1 8 9 3 11 12 13 7 2
46 38 8 10 4 14 0 5 6 1 8 9 3 11 12 13 7 2
45 37 8 0 10 4 14 5 6 1 8 9 3 11 12 13 7 2
47 40 7 2 10 4 14 5 6 1 8 9 3 11 12 13 7 0
49 41 8 2 10 4 14 5 6 1 8 9 3 11 12 13 0 7
49 41 8 2 10 4 14 5 6 1 8 9 0 11 12 13 7 3
41 33 8 1 10 4 14 5 6 12 8 9 3 11 0 13 7 2
31 23 8 1 4 14 5 0 6 10 8 9 3 11 12 13 2 7
32 25 7 1 4 14 5 7 6 10 8 9 3 11 12 13 2 0
34 26 8 1 4 14 5 7 6 10 8 9 3 11 12 13 0 2
34 26 8 10 1 4 14 5 6 0 8 9 3 11 12 13 2 7
35 27 8 10 0 4 14 5 6 1 8 9 3 11 12 13 2 7
36 28 8 10 4 0 14 5 6 1 8 9 3 11 12 13 2 7
37 29 8 10 4 14 0 5 6 1 8 9 3 11 12 13 2 7
36 28 8 0 10 4 14 5 6 1 8 9 3 11 12 13 2 7
38 31 7 7 10 4 14 5 6 1 8 9 3 11 12 13 2 0
40 32 8 7 10 4 14 5 6 1 8 9 3 11 12 13 0 2
40 32 8 7 10 4 14 5 6 1 8 9 0 11 12 13 2 3
43 35 8 1 0 10 14 5 6 8 4 9 3 11 12 13 7 2
41 33 8 1 10 4 14 5 6 12 8 9 7 11 0 13 2 3
42 34 8 1 0 10 14 5 6 8 4 9 7 11 12 13 3 2
43 35 8 1 8 10 14 5 6 0 4 9 7 11 12 13 3 2
44 36 8 1 8 10 14 5 6 4 0 9 7 11 12 13 3 2
45 37 8 1 8 0 14 5 6 4 10 9 7 11 12 13 3 2
46 38 8 1 8 14 0 5 6 4 10 9 7 11 12 13 3 2
46 38 8 1 0 8 14 5 6 4 10 9 7 11 12 13 3 2
47 39 8 1 4 8 14 5 6 0 10 9 7 11 12 13 3 2
37 29 8 1 4 14 9 5 6 10 8 2 7 11 12 13 0 3
41 33 8 1 10 4 14 5 0 6 8 9 3 11 12 13 7 2
42 34 8 1 4 14 5 0 6 10 8 9 2 11 12 13 7 3
39 31 8 1 4 8 14 5 6 10 0 9 7 11 12 13 2 3
40 32 8 1 4 8 14 5 6 0 10 9 7 11 12 13 2 3
32 24 8 1 10 4 14 5 6 12 8 9 3 11 0 13 2 7
34 26 8 1 4 14 9 5 6 10 8 2 0 11 12 13 7 3
39 31 8 0 1 4 14 5 6 10 8 9 7 11 12 13 3 2
41 34 7 2 1 4 14 5 6 10 8 9 7 11 12 13 3 0
43 35 8 2 1 4 14 5 6 10 8 9 7 11 12 13 0 3
43 35 8 2 1 4 14 5 6 10 8 9 0 11 12 13 3 7
42 34 8 10 1 4 14 5 6 0 8 9 7 11 12 13 3 2
43 35 8 10 0 4 14 5 6 1 8 9 7 11 12 13 3 2
44 36 8 10 4 0 14 5 6 1 8 9 7 11 12 13 3 2
45 37 8 10 4 14 0 5 6 1 8 9 7 11 12 13 3 2
44 36 8 0 10 4 14 5 6 1 8 9 7 11 12 13 3 2
46 39 7 2 10 4 14 5 6 1 8 9 7 11 12 13 3 0
48 40 8 2 10 4 14 5 6 1 8 9 7 11 12 13 0 3
48 40 8 2 10 4 14 5 6 1 8 9 0 11 12 13 3 7
53 45 8 1 10 4 14 5 6 12 8 9 2 11 0 13 7 3
36 28 8 1 4 14 9 5 6 10 8 7 0 11 12 13 3 2
36 29 7 1 4 14 9 5 6 10 8 7 2 11 12 13 3 0
38 30 8 1 4 8 14 5 6 10 0 9 7 11 12 13 3 2
28 20 8 1 0 8 14 5 6 4 10 9 3 11 12 13 2 7
38 30 8 1 4 14 9 5 6 10 8 7 2 11 12 13 0 3
53 45 8 1 0 8 14 5 6 4 10 9 2 11 12 13 7 3
34 26 8 1 4 14 5 7 6 10 8 9 0 11 12 13 2 3
53 45 8 1 10 4 14 5 0 6 8 9 2 11 12 13 7 3
41 33 8 1 0 8 14 5 6 4 10 9 7 11 12 13 2 3
40 32 8 0 1 4 14 5 6 10 8 9 7 11 12 13 2 3
42 35 7 3 1 4 14 5 6 10 8 9 7 11 12 13 2 0
44 36 8 3 1 4 14 5 6 10 8 9 7 11 12 13 0 2
44 36 8 3 1 4 14 5 6 10 8 9 0 11 12 13 2 7
43 35 8 10 1 4 14 5 6 0 8 9 7 11 12 13 2 3
44 36 8 10 0 4 14 5 6 1 8 9 7 11 12 13 2 3
45 37 8 10 4 0 14 5 6 1 8 9 7 11 12 13 2 3
46 38 8 10 4 14 0 5 6 1 8 9 7 11 12 13 2 3
45 37 8 0 10 4 14 5 6 1 8 9 7 11 12 13 2 3
47 40 7 3 10 4 14 5 6 1 8 9 7 11 12 13 2 0
49 41 8 3 10 4 14 5 6 1 8 9 7 11 12 13 0 2
49 41 8 3 10 4 14 5 6 1 8 9 0 11 12 13 2 7
51 42 9 3 10 4 14 5 6 1 8 0 9 11 12 13 2 7
52 43 9 3 10 4 14 5 6 1 8 2 9 11 12 13 0 7
52 44 8 3 10 4 14 5 6 1 8 2 9 11 12 13 7 0
56 47 9 0 10 4 14 5 6 1 8 2 9 11 12 13 7 3
58 50 8 1 10 4 14 5 6 0 8 2 9 11 12 13 7 3
59 51 8 1 0 4 14 5 6 10 8 2 9 11 12 13 7 3
60 52 8 1 4 0 14 5 6 10 8 2 9 11 12 13 7 3
61 53 8 1 4 14 0 5 6 10 8 2 9 11 12 13 7 3
62 54 8 1 4 14 2 5 6 10 8 0 9 11 12 13 7 3
62 55 7 1 4 14 2 5 6 10 8 9 0 11 12 13 7 3
62 56 6 1 4 14 2 5 6 10 8 9 3 11 12 13 7 0
64 57 7 1 4 14 2 5 6 10 8 9 3 11 12 13 0 7
66 58 8 1 4 14 2 5 6 10 8 9 3 11 12 0 13 7
66 58 8 1 4 14 2 5 6 10 8 0 3 11 12 13 9 7
67 59 8 1 4 14 2 5 6 10 8 3 0 11 12 13 9 7
67 60 7 1 4 14 2 5 6 10 8 3 7 11 12 13 9 0
71 63 8 1 4 14 2 5 6 10 8 0 7 11 12 13 9 3
71 64 7 1 4 14 2 5 6 10 8 9 7 11 12 13 0 3
71 65 6 1 4 14 2 5 6 10 8 9 7 11 12 13 3 0
73 66 7 1 4 14 2 5 6 10 8 9 0 11 12 13 3 7
75 67 8 1 4 14 2 5 6 10 8 0 9 11 12 13 3 7
76 68 8 1 4 14 2 5 6 10 8 3 9 11 12 13 0 7
76 69 7 1 4 14 2 5 6 10 8 3 9 11 12 13 7 0
78 70 8 1 4 14 2 5 6 10 8 3 0 11 12 13 7 9
76 68 8 1 4 14 0 5 6 10 8 2 9 11 12 13 3 7
77 69 8 1 4 0 14 5 6 10 8 2 9 11 12 13 3 7
78 70 8 1 0 4 14 5 6 10 8 2 9 11 12 13 3 7
79 71 8 1 10 4 14 5 6 0 8 2 9 11 12 13 3 7
75 67 8 1 4 14 2 0 6 10 8 9 5 11 12 13 3 7
76 69 7 1 4 14 2 7 6 10 8 9 5 11 12 13 3 0
78 70 8 1 4 14 2 7 6 10 8 9 5 11 12 13 0 3
78 70 8 1 4 14 2 7 6 10 8 9 0 11 12 13 3 5
72 64 8 1 4 14 0 5 6 10 8 2 7 11 12 13 9 3
73 65 8 1 4 0 14 5 6 10 8 2 7 11 12 13 9 3
74 66 8 1 0 4 14 5 6 10 8 2 7 11 12 13 9 3
75 67 8 1 10 4 14 5 6 0 8 2 7 11 12 13 9 3
67 59 8 0 4 14 2 5 6 10 8 9 3 11 12 13 7 1
70 62 8 10 4 14 2 5 6 0 8 9 3 11 12 13 7 1
71 63 8 10 0 14 2 5 6 4 8 9 3 11 12 13 7 1
72 64 8 10 14 0 2 5 6 4 8 9 3 11 12 13 7 1
73 65 8 10 14 2 0 5 6 4 8 9 3 11 12 13 7 1
72 64 8 0 10 14 2 5 6 4 8 9 3 11 12 13 7 1
73 67 6 1 10 14 2 5 6 4 8 9 3 11 12 13 7 0
75 68 7 1 10 14 2 5 6 4 8 9 3 11 12 13 0 7
75 68 7 1 10 14 2 5 6 4 8 9 0 11 12 13 7 3
77 69 8 1 10 14 2 5 6 4 8 0 9 11 12 13 7 3
78 70 8 1 10 14 2 5 6 4 8 7 9 11 12 13 0 3
78 71 7 1 10 14 2 5 6 4 8 7 9 11 12 13 3 0
82 74 8 1 10 14 2 5 6 4 8 0 9 11 12 13 3 7
82 75 7 1 10 14 2 5 6 4 8 9 0 11 12 13 3 7
82 76 6 1 10 14 2 5 6 4 8 9 7 11 12 13 3 0
84 77 7 1 10 14 2 5 6 4 8 9 7 11 12 13 0 3
86 78 8 1 10 14 2 5 6 4 8 9 7 11 12 0 13 3
83 75 8 1 10 14 2 5 6 4 8 3 9 11 12 13 0 7
83 76 7 1 10 14 2 5 6 4 8 3 9 11 12 13 7 0
85 77 8 1 10 14 2 5 6 4 8 3 0 11 12 13 7 9
86 78 8 1 10 14 2 5 6 4 8 0 7 11 12 13 9 3
87 79 8 1 10 14 2 5 6 4 8 7 0 11 12 13 9 3
87 80 7 1 10 14 2 5 6 4 8 7 3 11 12 13 9 0
89 81 8 1 10 14 2 5 6 4 8 7 3 11 12 13 0 9
87 79 8 1 10 14 0 5 6 4 8 2 7 11 12 13 9 3
88 80 8 1 10 0 14 5 6 4 8 2 7 11 12 13 9 3
89 81 8 1 0 10 14 5 6 4 8 2 7 11 12 13 9 3
90 82 8 1 4 10 14 5 6 0 8 2 7 11 12 13 9 3
87 79 8 1 10 14 2 5 6 4 8 0 7 11 12 13 3 9
88 80 8 1 10 14 2 5 6 4 8 3 7 11 12 13 0 9
88 81 7 1 10 14 2 5 6 4 8 3 7 11 12 13 9 0
90 82 8 1 10 14 2 5 6 4 8 3 0 11 12 13 9 7
88 80 8 1 10 14 0 5 6 4 8 2 7 11 12 13 3 9
89 81 8 1 10 0 14 5 6 4 8 2 7 11 12 13 3 9
90 82 8 1 0 10 14 5 6 4 8 2 7 11 12 13 3 9
91 83 8 1 4 10 14 5 6 0 8 2 7 11 12 13 3 9
75 67 8 1 4 14 2 0 6 10 8 9 7 11 12 13 3 5
76 68 8 1 4 14 0 2 6 10 8 9 7 11 12 13 3 5
77 69 8 1 4 0 14 2 6 10 8 9 7 11 12 13 3 5
78 70 8 1 0 4 14 2 6 10 8 9 7 11 12 13 3 5
79 71 8 1 10 4 14 2 6 0 8 9 7 11 12 13 3 5
78 70 8 1 10 14 2 5 6 4 8 0 3 11 12 13 7 9
79 71 8 1 10 14 0 5 6 4 8 2 3 11 12 13 7 9
80 72 8 1 10 0 14 5 6 4 8 2 3 11 12 13 7 9
81 73 8 1 0 10 14 5 6 4 8 2 3 11 12 13 7 9
82 74 8 1 4 10 14 5 6 0 8 2 3 11 12 13 7 9
77 69 8 1 10 14 2 0 6 4 8 9 3 11 12 13 7 5
78 70 8 1 10 14 0 2 6 4 8 9 3 11 12 13 7 5
79 71 8 1 10 0 14 2 6 4 8 9 3 11 12 13 7 5
80 72 8 1 0 10 14 2 6 4 8 9 3 11 12 13 7 5
81 73 8 1 4 10 14 2 6 0 8 9 3 11 12 13 7 5
78 70 8 1 10 14 2 3 6 4 8 9 0 11 12 13 7 5
78 71 7 1 10 14 2 3 6 4 8 9 5 11 12 13 7 0
80 72 8 1 10 14 2 3 6 4 8 9 5 11 12 13 0 7
67 59 8 1 4 14 0 5 6 10 8 2 3 11 12 13 9 7
68 60 8 1 4 0 14 5 6 10 8 2 3 11 12 13 9 7
69 61 8 1 0 4 14 5 6 10 8 2 3 11 12 13 9 7
70 62 8 1 10 4 14 5 6 0 8 2 3 11 12 13 9 7
63 55 8 1 4 14 2 5 6 10 8 7 9 11 12 13 0 3
63 56 7 1 4 14 2 5 6 10 8 7 9 11 12 13 3 0
65 57 8 1 4 14 2 5 6 10 8 7 0 11 12 13 3 9
73 65 8 1 4 14 2 5 6 10 8 9 7 11 12 0 13 3
78 70 8 1 10 14 0 5 6 4 8 2 9 11 12 13 7 3
79 71 8 1 10 0 14 5 6 4 8 2 9 11 12 13 7 3
80 72 8 1 0 10 14 5 6 4 8 2 9 11 12 13 7 3
81 73 8 1 4 10 14 5 6 0 8 2 9 11 12 13 7 3
66 58 8 1 4 14 2 5 6 10 8 0 7 11 12 13 3 9
67 59 8 1 4 14 0 5 6 10 8 2 7 11 12 13 3 9
68 60 8 1 4 0 14 5 6 10 8 2 7 11 12 13 3 9
69 61 8 1 0 4 14 5 6 10 8 2 7 11 12 13 3 9
70 62 8 1 10 4 14 5 6 0 8 2 7 11 12 13 3 9
77 69 8 1 10 14 2 5 6 4 8 9 3 0 12 13 7 11
80 72 8 1 10 14 2 5 6 0 8 9 3 4 12 13 7 11
81 73 8 1 0 14 2 5 6 10 8 9 3 4 12 13 7 11
82 74 8 1 14 0 2 5 6 10 8 9 3 4 12 13 7 11
83 75 8 1 14 2 0 5 6 10 8 9 3 4 12 13 7 11
64 56 8 1 4 14 2 0 6 10 8 9 5 11 12 13 7 3
65 58 7 1 4 14 2 3 6 10 8 9 5 11 12 13 7 0
67 59 8 1 4 14 2 3 6 10 8 9 5 11 12 13 0 7
67 59 8 1 4 14 2 3 6 10 8 9 0 11 12 13 7 5
65 57 8 1 4 14 0 2 6 10 8 9 5 11 12 13 7 3
66 58 8 1 4 0 14 2 6 10 8 9 5 11 12 13 7 3
67 59 8 1 0 4 14 2 6 10 8 9 5 11 12 13 7 3
68 60 8 1 10 4 14 2 6 0 8 9 5 11 12 13 7 3
77 69 8 1 10 14 2 0 6 4 8 9 5 11 12 13 7 3
78 70 8 1 10 14 0 2 6 4 8 9 5 11 12 13 7 3
79 71 8 1 10 0 14 2 6 4 8 9 5 11 12 13 7 3
80 72 8 1 0 10 14 2 6 4 8 9 5 11 12 13 7 3
81 73 8 1 4 10 14 2 6 0 8 9 5 11 12 13 7 3
87 79 8 0 10 14 2 5 6 4 8 9 7 11 12 13 3 1
90 82 8 4 10 14 2 5 6 0 8 9 7 11 12 13 3 1
91 83 8 4 0 14 2 5 6 10 8 9 7 11 12 13 3 1
92 84 8 4 14 0 2 5 6 10 8 9 7 11 12 13 3 1
93 85 8 4 14 2 0 5 6 10 8 9 7 11 12 13 3 1
88 80 8 10 0 14 2 5 6 4 8 9 7 11 12 13 3 1
89 81 8 10 14 0 2 5 6 4 8 9 7 11 12 13 3 1
90 82 8 10 14 2 0 5 6 4 8 9 7 11 12 13 3 1
89 81 8 10 4 14 2 5 6 0 8 9 7 11 12 13 3 1
67 59 8 1 4 14 2 5 6 10 8 3 7 11 12 13 0 9
80 72 8 1 10 14 2 5 6 4 8 7 0 11 12 13 3 9
83 75 8 1 10 14 0 5 6 4 8 2 9 11 12 13 3 7
84 76 8 1 10 0 14 5 6 4 8 2 9 11 12 13 3 7
85 77 8 1 0 10 14 5 6 4 8 2 9 11 12 13 3 7
86 78 8 1 4 10 14 5 6 0 8 2 9 11 12 13 3 7
76 68 8 1 4 14 0 2 6 10 8 9 5 11 12 13 3 7
77 69 8 1 4 0 14 2 6 10 8 9 5 11 12 13 3 7
78 70 8 1 0 4 14 2 6 10 8 9 5 11 12 13 3 7
79 71 8 1 10 4 14 2 6 0 8 9 5 11 12 13 3 7
72 64 8 1 4 14 2 5 6 10 8 7 0 11 12 13 9 3
72 65 7 1 4 14 2 5 6 10 8 7 3 11 12 13 9 0
74 66 8 1 4 14 2 5 6 10 8 7 3 11 12 13 0 9
84 76 8 1 10 14 2 0 6 4 8 9 5 11 12 13 3 7
85 78 7 1 10 14 2 7 6 4 8 9 5 11 12 13 3 0
87 79 8 1 10 14 2 7 6 4 8 9 5 11 12 13 0 3
87 79 8 1 10 14 2 7 6 4 8 9 0 11 12 13 3 5
85 77 8 1 10 14 0 2 6 4 8 9 5 11 12 13 3 7
86 78 8 1 10 0 14 2 6 4 8 9 5 11 12 13 3 7
87 79 8 1 0 10 14 2 6 4 8 9 5 11 12 13 3 7
88 80 8 1 4 10 14 2 6 0 8 9 5 11 12 13 3 7
86 78 8 1 10 14 2 0 6 4 8 9 7 11 12 13 3 5
87 79 8 1 10 14 0 2 6 4 8 9 7 11 12 13 3 5
88 80 8 1 10 0 14 2 6 4 8 9 7 11 12 13 3 5
89 81 8 1 0 10 14 2 6 4 8 9 7 11 12 13 3 5
90 82 8 1 4 10 14 2 6 0 8 9 7 11 12 13 3 5
86 78 8 1 10 14 2 5 6 4 8 9 7 0 12 13 3 11
89 81 8 1 10 14 2 5 6 0 8 9 7 4 12 13 3 11
90 82 8 1 0 14 2 5 6 10 8 9 7 4 12 13 3 11
91 83 8 1 14 0 2 5 6 10 8 9 7 4 12 13 3 11
92 84 8 1 14 2 0 5 6 10 8 9 7 4 12 13 3 11
77 69 8 1 10 14 2 5 6 4 8 0 3 11 12 13 9 7
78 70 8 1 10 14 0 5 6 4 8 2 3 11 12 13 9 7
79 71 8 1 10 0 14 5 6 4 8 2 3 11 12 13 9 7
80 72 8 1 0 10 14 5 6 4 8 2 3 11 12 13 9 7
81 73 8 1 4 10 14 5 6 0 8 2 3 11 12 13 9 7
66 58 8 1 4 14 2 0 6 10 8 9 3 11 12 13 7 5
67 59 8 1 4 14 0 2 6 10 8 9 3 11 12 13 7 5
68 60 8 1 4 0 14 2 6 10 8 9 3 11 12 13 7 5
69 61 8 1 0 4 14 2 6 10 8 9 3 11 12 13 7 5
70 62 8 1 10 4 14 2 6 0 8 9 3 11 12 13 7 5
66 58 8 1 4 14 2 5 6 10 8 9 3 0 12 13 7 11
69 61 8 1 4 14 2 5 6 0 8 9 3 10 12 13 7 11
70 62 8 1 0 14 2 5 6 4 8 9 3 10 12 13 7 11
71 63 8 1 14 0 2 5 6 4 8 9 3 10 12 13 7 11
72 64 8 1 14 2 0 5 6 4 8 9 3 10 12 13 7 11
77 69 8 1 10 14 2 5 6 4 8 9 3 11 12 0 13 7
75 67 8 1 4 14 2 5 6 10 8 9 7 0 12 13 3 11
78 70 8 1 4 14 2 5 6 0 8 9 7 10 12 13 3 11
79 71 8 1 0 14 2 5 6 4 8 9 7 10 12 13 3 11
80 72 8 1 14 0 2 5 6 4 8 9 7 10 12 13 3 11
81 73 8 1 14 2 0 5 6 4 8 9 7 10 12 13 3 11
76 68 8 0 4 14 2 5 6 10 8 9 7 11 12 13 3 1
68 60 8 4 0 14 2 5 6 10 8 9 3 11 12 13 7 1
69 61 8 4 14 0 2 5 6 10 8 9 3 11 12 13 7 1
70 62 8 4 14 2 0 5 6 10 8 9 3 11 12 13 7 1
69 61 8 4 10 14 2 5 6 0 8 9 3 11 12 13 7 1
67 59 8 1 4 14 2 5 6 10 8 0 3 11 12 13 7 9
68 60 8 1 4 14 0 5 6 10 8 2 3 11 12 13 7 9
69 61 8 1 4 0 14 5 6 10 8 2 3 11 12 13 7 9
70 62 8 1 0 4 14 5 6 10 8 2 3 11 12 13 7 9
71 63 8 1 10 4 14 5 6 0 8 2 3 11 12 13 7 9
73 64 9 1 10 4 14 5 6 8 0 2 3 11 12 13 7 9
74 65 9 1 10 4 14 5 6 8 2 0 3 11 12 13 7 9
75 66 9 1 10 4 14 5 6 8 2 3 0 11 12 13 7 9
75 67 8 1 10 4 14 5 6 8 2 3 9 11 12 13 7 0
79 70 9 1 10 4 14 5 6 8 2 0 9 11 12 13 7 3
79 71 8 1 10 4 14 5 6 8 2 9 0 11 12 13 7 3
79 72 7 1 10 4 14 5 6 8 2 9 3 11 12 13 7 0
81 73 8 1 10 4 14 5 6 8 2 9 3 11 12 13 0 7
83 74 9 1 10 4 14 5 6 8 2 9 3 11 12 0 13 7
84 75 9 1 10 4 14 5 6 8 0 9 3 11 12 2 13 7
84 76 8 1 10 4 14 5 6 0 8 9 3 11 12 2 13 7
85 77 8 1 0 4 14 5 6 10 8 9 3 11 12 2 13 7
86 78 8 1 4 0 14 5 6 10 8 9 3 11 12 2 13 7
87 79 8 1 4 14 0 5 6 10 8 9 3 11 12 2 13 7
89 80 9 1 4 14 5 0 6 10 8 9 3 11 12 2 13 7
90 82 8 1 4 14 5 7 6 10 8 9 3 11 12 2 13 0
92 83 9 1 4 14 5 7 6 10 8 9 3 11 12 2 0 13
93 84 9 1 4 14 5 7 6 10 8 9 3 11 12 0 2 13
45 36 9 1 4 14 9 5 6 10 0 8 2 11 12 13 3 7
46 37 9 1 4 14 9 5 6 0 10 8 2 11 12 13 3 7
47 38 9 1 0 14 9 5 6 4 10 8 2 11 12 13 3 7
48 39 9 1 14 0 9 5 6 4 10 8 2 11 12 13 3 7
49 40 9 1 14 9 0 5 6 4 10 8 2 11 12 13 3 7
50 41 9 1 14 9 8 5 6 4 10 0 2 11 12 13 3 7
51 42 9 1 14 9 8 5 6 4 10 2 0 11 12 13 3 7
51 43 8 1 14 9 8 5 6 4 10 2 7 11 12 13 3 0
55 46 9 1 14 9 8 5 6 4 10 0 7 11 12 13 3 2
56 47 9 1 14 9 8 5 6 4 10 7 0 11 12 13 3 2
56 48 8 1 14 9 8 5 6 4 10 7 2 11 12 13 3 0
58 49 9 1 14 9 8 5 6 4 10 7 2 11 12 13 0 3
59 50 9 1 14 9 8 5 6 4 10 0 2 11 12 13 7 3
60 51 9 1 14 9 8 5 6 4 10 2 0 11 12 13 7 3
60 52 8 1 14 9 8 5 6 4 10 2 3 11 12 13 7 0
64 55 9 1 14 9 8 5 6 4 10 0 3 11 12 13 7 2
65 56 9 1 14 9 8 5 6 4 10 3 0 11 12 13 7 2
65 57 8 1 14 9 8 5 6 4 10 3 2 11 12 13 7 0
71 62 9 1 4 14 2 0 6 10 8 3 7 11 12 13 9 5
74 65 9 1 4 14 2 3 6 10 8 0 7 11 12 13 9 5
74 66 8 1 4 14 2 3 6 10 8 9 7 11 12 13 0 5
74 67 7 1 4 14 2 3 6 10 8 9 7 11 12 13 5 0
77 69 8 1 4 14 2 0 6 10 8 9 7 11 12 13 5 3
78 70 8 1 4 14 0 2 6 10 8 9 7 11 12 13 5 3
79 71 8 1 4 0 14 2 6 10 8 9 7 11 12 13 5 3
80 72 8 1 0 4 14 2 6 10 8 9 7 11 12 13 5 3
81 73 8 1 10 4 14 2 6 0 8 9 7 11 12 13 5 3
78 70 8 1 4 14 2 7 6 10 8 9 0 11 12 13 5 3
78 71 7 1 4 14 2 7 6 10 8 9 3 11 12 13 5 0
81 73 8 1 4 14 2 0 6 10 8 9 3 11 12 13 5 7
82 74 8 1 4 14 0 2 6 10 8 9 3 11 12 13 5 7
83 75 8 1 4 0 14 2 6 10 8 9 3 11 12 13 5 7
84 76 8 1 0 4 14 2 6 10 8 9 3 11 12 13 5 7
85 77 8 1 10 4 14 2 6 0 8 9 3 11 12 13 5 7
80 72 8 1 4 14 2 7 6 10 8 9 3 11 12 13 0 5
76 68 8 1 4 14 2 3 6 10 8 9 0 11 12 13 5 7
78 69 9 1 4 14 2 3 6 10 8 0 9 11 12 13 5 7
79 70 9 1 4 14 2 3 6 10 8 5 9 11 12 13 0 7
79 71 8 1 4 14 2 3 6 10 8 5 9 11 12 13 7 0
82 73 9 1 4 14 2 0 6 10 8 5 9 11 12 13 7 3
83 74 9 1 4 14 0 2 6 10 8 5 9 11 12 13 7 3
84 75 9 1 4 0 14 2 6 10 8 5 9 11 12 13 7 3
85 76 9 1 0 4 14 2 6 10 8 5 9 11 12 13 7 3
86 77 9 1 10 4 14 2 6 0 8 5 9 11 12 13 7 3
92 83 9 0 1 10 14 5 6 4 8 2 7 11 12 13 3 9
94 86 8 9 1 10 14 5 6 4 8 2 7 11 12 13 3 0
98 89 9 9 1 10 14 5 6 4 8 0 7 11 12 13 3 2
99 90 9 9 1 10 14 5 6 4 8 7 0 11 12 13 3 2
99 91 8 9 1 10 14 5 6 4 8 7 2 11 12 13 3 0
103 94 9 9 1 10 14 5 6 4 8 0 2 11 12 13 3 7
104 95 9 9 1 10 14 5 6 4 8 3 2 11 12 13 0 7
104 96 8 9 1 10 14 5 6 4 8 3 2 11 12 13 7 0
108 99 9 9 1 10 14 5 6 4 8 0 2 11 12 13 7 3
109 100 9 9 1 10 14 5 6 4 8 2 0 11 12 13 7 3
109 101 8 9 1 10 14 5 6 4 8 2 3 11 12 13 7 0
113 104 9 9 1 10 14 5 6 4 8 0 3 11 12 13 7 2
114 105 9 9 1 10 14 5 6 4 8 7 3 11 12 13 0 2
114 106 8 9 1 10 14 5 6 4 8 7 3 11 12 13 2 0
118 109 9 9 1 10 14 5 6 4 8 0 3 11 12 13 2 7
119 110 9 9 1 10 14 5 6 4 8 3 0 11 12 13 2 7
119 111 8 9 1 10 14 5 6 4 8 3 7 11 12 13 2 0
123 114 9 9 1 10 14 5 6 4 8 0 7 11 12 13 2 3
124 115 9 9 1 10 0 5 6 4 8 14 7 11 12 13 2 3
125 116 9 9 1 0 10 5 6 4 8 14 7 11 12 13 2 3
126 117 9 9 0 1 10 5 6 4 8 14 7 11 12 13 2 3
127 118 9 0 9 1 10 5 6 4 8 14 7 11 12 13 2 3
129 121 8 3 9 1 10 5 6 4 8 14 7 11 12 13 2 0
133 124 9 3 9 1 10 5 6 4 8 0 7 11 12 13 2 14
134 125 9 3 9 1 10 5 6 4 8 7 0 11 12 13 2 14
134 126 8 3 9 1 10 5 6 4 8 7 14 11 12 13 2 0
138 129 9 3 9 1 10 5 6 4 8 0 14 11 12 13 2 7
139 130 9 3 9 1 10 5 6 4 8 2 14 11 12 13 0 7
139 131 8 3 9 1 10 5 6 4 8 2 14 11 12 13 7 0
143 134 9 3 9 1 10 5 6 4 8 0 14 11 12 13 7 2
144 135 9 3 9 1 10 5 6 4 8 14 0 11 12 13 7 2
144 136 8 3 9 1 10 5 6 4 8 14 2 11 12 13 7 0
148 139 9 3 9 1 10 5 6 4 8 0 2 11 12 13 7 14
149 140 9 3 9 1 10 5 6 4 8 7 2 11 12 13 0 14
148 141 7 3 9 1 10 5 6 4 8 7 2 11 12 13 14 0
152 144 8 3 9 1 10 5 6 4 8 0 2 11 12 13 14 7
153 145 8 3 9 1 10 5 6 4 8 2 0 11 12 13 14 7
153 146 7 3 9 1 10 5 6 4 8 2 7 11 12 13 14 0
157 149 8 3 9 1 10 5 6 4 8 0 7 11 12 13 14 2
158 150 8 3 9 1 0 5 6 4 8 10 7 11 12 13 14 2
159 151 8 3 9 0 1 5 6 4 8 10 7 11 12 13 14 2
160 152 8 3 0 9 1 5 6 4 8 10 7 11 12 13 14 2
161 153 8 0 3 9 1 5 6 4 8 10 7 11 12 13 14 2
163 156 7 2 3 9 1 5 6 4 8 10 7 11 12 13 14 0
167 159 8 2 3 9 1 5 6 4 8 0 7 11 12 13 14 10
168 160 8 2 3 9 1 5 6 4 8 7 0 11 12 13 14 10
167 161 6 2 3 9 1 5 6 4 8 7 10 11 12 13 14 0
171 164 7 2 3 9 1 5 6 4 8 0 10 11 12 13 14 7
172 165 7 2 3 9 0 5 6 4 8 1 10 11 12 13 14 7
173 166 7 2 3 0 9 5 6 4 8 1 10 11 12 13 14 7
173 167 6 2 0 3 9 5 6 4 8 1 10 11 12 13 14 7
173 168 5 0 2 3 9 5 6 4 8 1 10 11 12 13 14 7
175 171 4 7 2 3 9 5 6 4 8 1 10 11 12 13 14 0
179 174 5 7 2 3 9 5 6 4 8 0 10 11 12 13 14 1
179 175 4 7 2 3 0 5 6 4 8 9 10 11 12 13 14 1
181 176 5 7 2 3 5 0 6 4 8 9 10 11 12 13 14 1
182 178 4 7 2 3 5 1 6 4 8 9 10 11 12 13 14 0
186 181 5 0 2 3 5 1 6 4 8 9 10 11 12 13 14 7
187 183 4 1 2 3 5 0 6 4 8 9 10 11 12 13 14 7
188 185 3 1 2 3 5 7 6 4 8 9 10 11 12 13 14 0
187 184 3 1 2 3 0 5 6 4 8 9 10 11 12 13 14 7
189 185 4 1 2 0 3 5 6 4 8 9 10 11 12 13 14 7
189 185 4 1 2 3 9 5 6 4 8 0 10 11 12 13 14 7
191 186 5 1 2 3 9 5 6 4 8 10 0 11 12 13 14 7
191 187 4 1 2 3 9 5 6 4 8 10 7 11 12 13 14 0
195 190 5 1 2 3 9 5 6 4 8 0 7 11 12 13 14 10
195 191 4 1 2 3 0 5 6 4 8 9 7 11 12 13 14 10
197 192 5 1 2 3 5 0 6 4 8 9 7 11 12 13 14 10
198 194 4 1 2 3 5 10 6 4 8 9 7 11 12 13 14 0
191 186 5 1 2 8 3 5 6 4 0 9 10 11 12 13 14 7
192 187 5 1 2 8 3 5 6 0 4 9 10 11 12 13 14 7
197 192 5 1 2 0 3 5 6 4 8 9 7 11 12 13 14 10
196 191 5 1 2 3 9 5 6 4 8 7 0 11 12 13 14 10
195 192 3 1 2 3 9 5 6 4 8 7 10 11 12 13 14 0
200 195 5 0 2 3 9 5 6 4 8 7 10 11 12 13 14 1
203 198 5 4 2 3 9 5 6 0 8 7 10 11 12 13 14 1
199 194 5 1 2 3 9 0 6 4 8 7 10 11 12 13 14 5
202 197 5 1 2 3 9 7 6 4 8 0 10 11 12 13 14 5
202 198 4 1 2 3 0 7 6 4 8 9 10 11 12 13 14 5
203 199 4 1 2 3 7 0 6 4 8 9 10 11 12 13 14 5
203 201 2 1 2 3 7 5 6 4 8 9 10 11 12 13 14 0
208 204 4 1 2 3 7 5 6 4 8 0 10 11 12 13 14 9
209 205 4 1 2 3 0 5 6 4 8 7 10 11 12 13 14 9
208 204 4 0 2 3 7 5 6 4 8 9 10 11 12 13 14 1
211 207 4 4 2 3 7 5 6 0 8 9 10 11 12 13 14 1
207 203 4 1 2 3 7 5 6 4 8 9 10 0 12 13 14 11
210 206 4 1 2 3 7 5 6 0 8 9 10 4 12 13 14 11
206 202 4 1 2 3 7 5 6 4 8 9 10 11 12 13 0 14
206 202 4 1 2 3 7 5 6 4 8 9 0 11 12 13 14 10
208 203 5 1 2 3 7 5 6 4 8 0 9 11 12 13 14 10
209 204 5 1 2 3 0 5 6 4 8 7 9 11 12 13 14 10
208 203 5 1 2 3 7 0 6 4 8 9 5 11 12 13 14 10
209 205 4 1 2 3 7 10 6 4 8 9 5 11 12 13 14 0
209 204 5 1 2 3 0 7 6 4 8 9 5 11 12 13 14 10
208 203 5 1 2 3 7 5 6 4 8 9 10 11 12 0 13 14
208 203 5 1 2 3 7 5 6 4 8 0 10 11 12 13 9 14
209 204 5 1 2 3 0 5 6 4 8 7 10 11 12 13 9 14
212 207 5 1 2 3 7 5 6 8 0 9 10 4 12 13 14 11
212 207 5 1 2 3 7 5 0 6 8 9 10 4 12 13 14 11
213 208 5 1 2 3 7 5 4 6 8 9 10 0 12 13 14 11
213 210 3 1 2 3 7 5 4 6 8 9 10 11 12 13 14 0
218 213 5 1 2 3 7 5 4 6 8 0 10 11 12 13 14 9
219 214 5 1 2 3 0 5 4 6 8 7 10 11 12 13 14 9
218 213 5 0 2 3 7 5 4 6 8 9 10 11 12 13 14 1
221 216 5 6 2 3 7 5 4 0 8 9 10 11 12 13 14 1
217 212 5 1 2 3 7 0 4 6 8 9 10 11 12 13 14 5
218 213 5 1 2 3 0 7 4 6 8 9 10 11 12 13 14 5
216 211 5 1 2 3 7 5 4 6 8 9 10 11 12 13 0 14
216 211 5 1 2 3 7 5 4 6 8 9 0 11 12 13 14 10
213 208 5 4 2 3 7 5 6 8 0 9 10 11 12 13 14 1
210 205 5 1 2 3 7 5 6 4 8 10 0 11 12 13 14 9
210 206 4 1 2 3 7 5 6 4 8 10 9 11 12 13 14 0
212 207 5 1 0 3 7 5 6 2 8 9 10 4 12 13 14 11
211 206 5 1 2 3 5 0 6 4 8 7 10 11 12 13 14 9
212 208 4 1 2 3 5 9 6 4 8 7 10 11 12 13 14 0
212 207 5 1 2 3 7 5 6 12 8 9 10 4 0 13 14 11
213 208 5 1 2 3 7 5 6 12 8 9 10 0 4 13 14 11
213 210 3 1 2 3 7 5 6 12 8 9 10 11 4 13 14 0
218 213 5 1 2 3 7 5 6 12 8 0 10 11 4 13 14 9
219 214 5 1 2 3 0 5 6 12 8 7 10 11 4 13 14 9
218 213 5 0 2 3 7 5 6 12 8 9 10 11 4 13 14 1
221 216 5 12 2 3 7 5 6 0 8 9 10 11 4 13 14 1
222 217 5 12 2 3 7 5 6 4 8 9 10 11 0 13 14 1
217 212 5 1 2 3 7 0 6 12 8 9 10 11 4 13 14 5
218 213 5 1 2 3 0 7 6 12 8 9 10 11 4 13 14 5
216 211 5 1 2 3 7 5 6 12 8 9 10 11 4 13 0 14
213 208 5 4 2 3 7 5 6 12 8 9 10 11 0 13 14 1
211 206 5 11 2 3 7 5 6 4 8 9 10 0 12 13 14 1
212 208 4 11 2 3 7 5 6 4 8 9 10 1 12 13 14 0
214 209 5 11 2 3 7 5 6 0 8 9 10 4 12 13 14 1
209 204 5 1 2 3 7 5 0 4 8 9 10 6 12 13 14 11
210 205 5 1 2 3 7 5 4 0 8 9 10 6 12 13 14 11
213 208 5 4 0 3 7 5 6 2 8 9 10 11 12 13 14 1
214 209 5 0 4 3 7 5 6 2 8 9 10 11 12 13 14 1
215 212 3 1 4 3 7 5 6 2 8 9 10 11 12 13 14 0
220 215 5 1 4 3 7 5 6 2 8 0 10 11 12 13 14 9
221 216 5 1 4 3 0 5 6 2 8 7 10 11 12 13 14 9
211 206 5 1 2 0 3 5 6 4 8 7 10 11 12 13 14 9
219 214 5 1 4 3 7 0 6 2 8 9 10 11 12 13 14 5
220 215 5 1 4 3 0 7 6 2 8 9 10 11 12 13 14 5
219 214 5 1 4 3 7 5 6 2 8 9 10 0 12 13 14 11
222 217 5 1 4 3 7 5 6 0 8 9 10 2 12 13 14 11
223 218 5 1 0 3 7 5 6 4 8 9 10 2 12 13 14 11
218 213 5 1 4 3 7 5 6 2 8 9 10 11 12 13 0 14
218 213 5 1 4 3 7 5 6 2 8 9 0 11 12 13 14 10
217 212 5 2 4 3 7 5 6 0 8 9 10 11 12 13 14 1
210 205 5 2 0 3 7 5 6 4 8 9 10 11 12 13 14 1
209 204 5 1 2 3 7 5 6 4 8 9 10 12 0 13 14 11
210 205 5 1 2 3 7 5 6 0 8 9 10 12 4 13 14 11
211 206 5 1 2 3 7 0 6 4 8 9 10 5 12 13 14 11
212 208 4 1 2 3 7 11 6 4 8 9 10 5 12 13 14 0
212 207 5 1 2 3 0 7 6 4 8 9 10 5 12 13 14 11
216 211 5 1 2 3 7 5 6 12 8 9 0 11 4 13 14 10
210 205 5 0 2 3 7 5 6 4 8 9 10 1 12 13 14 11
213 208 5 4 2 3 7 5 6 0 8 9 10 1 12 13 14 11
211 206 5 5 2 3 7 0 6 4 8 9 10 11 12 13 14 1
212 208 4 5 2 3 7 1 6 4 8 9 10 11 12 13 14 0
212 207 5 5 2 3 0 7 6 4 8 9 10 11 12 13 14 1
213 208 5 4 2 3 7 5 0 6 8 9 10 11 12 13 14 1
210 205 5 6 2 3 7 5 0 4 8 9 10 11 12 13 14 1
191 186 5 1 2 3 9 5 6 4 0 8 10 11 12 13 14 7
192 187 5 1 2 3 9 5 6 0 4 8 10 11 12 13 14 7
191 186 5 1 2 3 9 5 6 4 8 14 10 11 12 13 0 7
191 187 4 1 2 3 9 5 6 4 8 14 10 11 12 13 7 0
195 190 5 1 2 3 9 5 6 4 8 0 10 11 12 13 7 14
195 191 4 1 2 3 0 5 6 4 8 9 10 11 12 13 7 14
197 192 5 1 2 3 5 0 6 4 8 9 10 11 12 13 7 14
198 194 4 1 2 3 5 14 6 4 8 9 10 11 12 13 7 0
200 195 5 1 2 3 5 14 6 4 8 9 10 11 12 13 0 7
197 192 5 1 2 0 3 5 6 4 8 9 10 11 12 13 7 14
189 184 5 4 2 3 5 1 6 0 8 9 10 11 12 13 14 7
193 188 5 1 2 3 5 7 6 4 8 0 10 11 12 13 14 9
194 189 5 1 2 3 0 7 6 4 8 5 10 11 12 13 14 9
195 190 5 1 2 3 7 0 6 4 8 5 10 11 12 13 14 9
196 192 4 1 2 3 7 9 6 4 8 5 10 11 12 13 14 0
191 186 5 1 2 3 5 11 6 4 8 9 10 0 12 13 14 7
192 188 4 1 2 3 5 11 6 4 8 9 10 7 12 13 14 0
195 190 5 1 2 3 5 0 6 4 8 9 10 7 12 13 14 11
195 191 4 1 2 3 0 5 6 4 8 9 10 7 12 13 14 11
197 192 5 1 2 0 3 5 6 4 8 9 10 7 12 13 14 11
197 192 5 1 2 3 9 5 6 4 8 0 10 7 12 13 14 11
194 189 5 1 2 3 5 11 6 0 8 9 10 4 12 13 14 7
181 176 5 7 2 0 3 5 6 4 8 9 10 11 12 13 14 1
191 186 5 1 2 3 5 9 6 4 8 0 10 11 12 13 14 7
192 187 5 1 2 3 0 9 6 4 8 5 10 11 12 13 14 7
193 188 5 1 2 3 9 0 6 4 8 5 10 11 12 13 14 7
194 190 4 1 2 3 9 7 6 4 8 5 10 11 12 13 14 0
210 205 5 1 2 3 7 5 6 4 0 8 10 11 12 13 14 9
211 206 5 1 2 3 7 5 6 0 4 8 10 11 12 13 14 9
191 186 5 1 0 2 3 5 6 4 8 9 10 11 12 13 14 7
192 187 5 1 4 2 3 5 6 0 8 9 10 11 12 13 14 7
196 191 5 1 2 3 9 5 6 4 8 7 10 11 12 13 0 14
191 186 5 1 2 3 5 7 6 4 8 9 0 11 12 13 14 10
192 187 5 1 2 3 5 7 6 4 8 9 10 0 12 13 14 11
195 190 5 1 2 3 5 7 6 0 8 9 10 4 12 13 14 11
176 171 5 4 2 3 9 5 6 0 8 1 10 11 12 13 14 7
183 178 5 0 2 3 5 7 6 4 8 9 10 11 12 13 14 1
186 181 5 4 2 3 5 7 6 0 8 9 10 11 12 13 14 1
210 205 5 1 2 3 7 5 6 4 8 14 10 11 12 13 0 9
210 206 4 1 2 3 7 5 6 4 8 14 10 11 12 13 9 0
205 200 5 1 2 3 7 10 6 4 8 9 0 11 12 13 14 5
199 194 5 1 2 3 9 5 6 4 8 7 10 0 12 13 14 11
202 197 5 1 2 3 9 5 6 0 8 7 10 4 12 13 14 11
204 199 5 1 2 0 3 7 6 4 8 9 10 11 12 13 14 5
200 195 5 1 2 3 0 9 6 4 8 7 10 11 12 13 14 5
191 186 5 1 2 3 5 7 6 4 8 9 10 11 12 13 0 14
206 201 5 0 2 3 7 1 6 4 8 9 10 11 12 13 14 5
209 204 5 4 2 3 7 1 6 0 8 9 10 11 12 13 14 5
189 184 5 1 2 3 5 10 6 4 8 9 0 11 12 13 14 7
200 195 5 1 2 3 7 9 6 4 8 0 10 11 12 13 14 5
207 202 5 1 2 3 7 11 6 4 8 9 10 0 12 13 14 5
210 205 5 1 2 3 7 11 6 0 8 9 10 4 12 13 14 5
212 206 6 1 2 3 7 11 6 8 0 9 10 4 12 13 14 5
202 196 6 1 2 3 7 9 6 4 0 8 10 11 12 13 14 5
203 197 6 1 2 3 7 9 6 0 4 8 10 11 12 13 14 5
212 206 6 1 2 3 7 11 0 6 8 9 10 4 12 13 14 5
215 209 6 4 2 3 7 5 6 8 13 9 10 11 12 0 14 1
215 209 6 1 2 3 7 5 4 6 8 9 10 12 0 13 14 11
216 210 6 1 2 3 7 5 4 0 8 9 10 12 6 13 14 11
217 211 6 1 2 3 7 5 0 4 8 9 10 12 6 13 14 11
218 212 6 1 2 3 7 5 12 4 8 9 10 0 6 13 14 11
218 214 4 1 2 3 7 5 12 4 8 9 10 11 6 13 14 0
223 217 6 1 2 3 7 5 12 4 8 0 10 11 6 13 14 9
224 218 6 1 2 3 0 5 12 4 8 7 10 11 6 13 14 9
223 217 6 0 2 3 7 5 12 4 8 9 10 11 6 13 14 1
226 220 6 4 2 3 7 5 12 0 8 9 10 11 6 13 14 1
227 221 6 4 2 3 7 5 0 12 8 9 10 11 6 13 14 1
227 221 6 4 2 3 7 5 12 6 8 9 10 11 0 13 14 1
223 217 6 6 2 3 7 5 4 8 0 9 10 11 12 13 14 1
223 217 6 6 2 3 7 5 4 12 8 9 10 11 0 13 14 1
223 217 6 6 0 3 7 5 4 2 8 9 10 11 12 13 14 1
224 218 6 0 6 3 7 5 4 2 8 9 10 11 12 13 14 1
225 221 4 1 6 3 7 5 4 2 8 9 10 11 12 13 14 0
230 224 6 1 6 3 7 5 4 2 8 0 10 11 12 13 14 9
231 225 6 1 6 3 0 5 4 2 8 7 10 11 12 13 14 9
229 223 6 1 6 3 7 0 4 2 8 9 10 11 12 13 14 5
230 224 6 1 6 3 0 7 4 2 8 9 10 11 12 13 14 5
215 209 6 4 2 0 7 5 6 8 3 9 10 11 12 13 14 1
216 210 6 4 2 7 0 5 6 8 3 9 10 11 12 13 14 1
220 214 6 1 2 0 3 7 4 6 8 9 10 11 12 13 14 5
218 212 6 1 2 3 7 5 4 6 8 9 10 11 12 0 13 14
218 212 6 1 2 3 7 0 4 6 8 9 5 11 12 13 14 10
219 214 5 1 2 3 7 10 4 6 8 9 5 11 12 13 14 0
219 213 6 1 2 3 0 7 4 6 8 9 5 11 12 13 14 10
215 209 6 4 2 3 7 5 6 8 9 0 10 11 12 13 14 1
216 210 6 4 2 3 0 5 6 8 9 7 10 11 12 13 14 1
214 208 6 1 2 3 7 5 6 4 8 10 9 0 12 13 14 11
217 211 6 1 2 3 7 5 6 0 8 10 9 4 12 13 14 11
220 214 6 1 4 3 7 0 6 2 8 9 5 11 12 13 14 10
221 216 5 1 4 3 7 10 6 2 8 9 5 11 12 13 14 0
221 215 6 1 4 3 0 7 6 2 8 9 5 11 12 13 14 10
215 209 6 0 2 3 7 5 6 4 8 10 9 11 12 13 14 1
218 212 6 4 2 3 7 5 6 0 8 10 9 11 12 13 14 1
215 209 6 1 2 3 5 9 6 4 8 7 10 11 12 13 0 14
214 208 6 1 3 0 7 5 6 2 8 9 10 4 12 13 14 11
215 209 6 1 3 7 0 5 6 2 8 9 10 4 12 13 14 11
215 209 6 1 2 3 5 9 6 4 8 7 0 11 12 13 14 10
220 214 6 1 2 3 9 7 6 12 8 0 10 11 4 13 14 5
216 210 6 0 2 3 7 5 6 12 8 9 10 1 4 13 14 11
218 213 5 11 2 3 7 5 6 12 8 9 10 1 4 13 14 0
219 213 6 12 2 3 7 5 6 0 8 9 10 1 4 13 14 11
220 214 6 12 2 3 7 5 6 4 8 9 10 1 0 13 14 11
221 215 6 12 2 3 7 5 6 4 8 9 10 0 1 13 14 11
221 217 4 12 2 3 7 5 6 4 8 9 10 11 1 13 14 0
225 220 5 0 2 3 7 5 6 4 8 9 10 11 1 13 14 12
228 223 5 4 2 3 7 5 6 0 8 9 10 11 1 13 14 12
229 224 5 4 2 3 7 5 6 1 8 9 10 11 0 13 14 12
231 225 6 4 2 3 7 5 6 1 8 9 10 11 13 0 14 12
231 225 6 4 2 3 7 5 6 1 8 9 10 0 11 13 14 12
232 227 5 4 2 3 7 5 6 1 8 9 10 12 11 13 14 0
236 230 6 0 2 3 7 5 6 1 8 9 10 12 11 13 14 4
238 233 5 1 2 3 7 5 6 0 8 9 10 12 11 13 14 4
239 234 5 1 2 3 7 5 6 11 8 9 10 12 0 13 14 4
239 235 4 1 2 3 7 5 6 11 8 9 10 0 12 13 14 4
241 238 3 1 2 3 7 5 6 0 8 9 10 11 12 13 14 4
240 237 3 1 2 3 7 5 6 11 8 9 10 4 12 13 14 0
243 239 4 1 2 3 7 5 6 8 0 9 10 11 12 13 14 4
243 239 4 1 2 3 7 5 0 6 8 9 10 11 12 13 14 4
243 239 4 1 2 3 7 5 6 12 8 9 10 11 0 13 14 4
243 239 4 1 0 3 7 5 6 2 8 9 10 11 12 13 14 4
245 240 5 1 3 0 7 5 6 2 8 9 10 11 12 13 14 4
246 241 5 1 3 7 0 5 6 2 8 9 10 11 12 13 14 4
245 240 5 0 1 3 7 5 6 2 8 9 10 11 12 13 14 4
247 243 4 4 1 3 7 5 6 2 8 9 10 11 12 13 14 0
248 243 5 2 1 3 7 5 6 0 8 9 10 11 12 13 14 4
249 244 5 2 0 3 7 5 6 1 8 9 10 11 12 13 14 4
249 245 4 0 2 3 7 5 6 1 8 9 10 11 12 13 14 4
251 248 3 4 2 3 7 5 6 1 8 9 10 11 12 13 14 0
256 251 5 4 2 3 7 5 6 1 8 0 10 11 12 13 14 9
257 252 5 4 2 3 0 5 6 1 8 7 10 11 12 13 14 9
255 250 5 4 2 3 7 0 6 1 8 9 10 11 12 13 14 5
257 252 5 0 2 3 7 4 6 1 8 9 10 11 12 13 14 5
259 255 4 1 2 3 7 4 6 0 8 9 10 11 12 13 14 5
259 255 4 5 2 3 7 4 6 1 8 9 10 11 12 13 14 0
261 256 5 1 2 3 7 4 6 8 0 9 10 11 12 13 14 5
261 256 5 1 2 3 7 4 0 6 8 9 10 11 12 13 14 5
261 256 5 1 2 3 7 4 6 12 8 9 10 11 0 13 14 5
245 240 5 0 2 3 7 5 6 11 8 9 10 4 12 13 14 1
247 242 5 4 2 3 7 5 6 11 8 9 10 0 12 13 14 1
248 244 4 4 2 3 7 5 6 11 8 9 10 1 12 13 14 0
245 240 5 1 2 3 7 5 11 6 8 9 10 0 12 13 14 4
246 242 4 1 2 3 7 5 11 6 8 9 10 4 12 13 14 0
248 243 5 1 2 3 7 5 11 0 8 9 10 6 12 13 14 4
241 236 5 1 2 3 7 5 0 11 8 9 10 6 12 13 14 4
245 240 5 1 2 3 7 5 6 12 8 9 10 11 13 0 14 4
245 240 5 1 2 3 7 5 6 11 8 0 10 4 12 13 14 9
246 241 5 1 2 3 0 5 6 11 8 7 10 4 12 13 14 9
245 240 5 1 2 3 7 5 6 12 8 9 10 0 11 13 14 4
246 242 4 1 2 3 7 5 6 12 8 9 10 4 11 13 14 0
243 238 5 1 2 3 7 5 6 11 8 9 0 4 12 13 14 10
244 239 5 1 2 3 7 0 6 11 8 9 10 4 12 13 14 5
247 242 5 1 2 3 7 4 6 11 8 9 10 0 12 13 14 5
248 244 4 1 2 3 7 4 6 11 8 9 10 5 12 13 14 0
245 240 5 1 2 3 0 7 6 11 8 9 10 4 12 13 14 5
243 238 5 1 2 3 7 5 6 11 8 9 10 4 12 13 0 14
254 249 5 4 2 3 7 5 6 1 8 9 0 11 12 13 14 10
254 249 5 4 2 3 7 5 6 1 8 9 10 11 12 13 0 14
243 238 5 1 2 3 7 0 6 11 8 9 10 5 12 13 14 4
244 239 5 1 2 3 0 7 6 11 8 9 10 5 12 13 14 4
256 251 5 4 2 3 0 7 6 1 8 9 10 11 12 13 14 5
255 250 5 4 2 3 7 5 6 1 8 9 10 0 12 13 14 11
257 252 5 0 2 3 7 5 6 1 8 9 10 4 12 13 14 11
259 255 4 11 2 3 7 5 6 1 8 9 10 4 12 13 14 0
242 237 5 0 2 3 7 5 6 11 8 9 10 1 12 13 14 4
245 240 5 11 2 3 7 5 6 0 8 9 10 1 12 13 14 4
245 240 5 1 2 3 7 5 6 8 9 0 10 11 12 13 14 4
246 241 5 1 2 3 0 5 6 8 9 7 10 11 12 13 14 4
252 247 5 11 2 3 7 5 6 1 8 9 10 0 12 13 14 4
252 247 5 5 2 3 7 0 6 1 8 9 10 11 12 13 14 4
253 248 5 5 2 3 0 7 6 1 8 9 10 11 12 13 14 4
245 240 5 1 2 0 7 5 6 8 3 9 10 11 12 13 14 4
246 241 5 1 2 7 0 5 6 8 3 9 10 11 12 13 14 4
245 240 5 1 2 3 7 5 6 8 13 9 10 11 12 0 14 4
251 246 5 6 2 3 7 5 0 1 8 9 10 11 12 13 14 4
252 247 5 6 2 3 7 5 1 0 8 9 10 11 12 13 14 4
261 256 5 1 0 3 7 4 6 2 8 9 10 11 12 13 14 5
263 257 6 1 3 0 7 4 6 2 8 9 10 11 12 13 14 5
264 258 6 1 3 7 0 4 6 2 8 9 10 11 12 13 14 5
264 259 5 1 3 7 4 0 6 2 8 9 10 11 12 13 14 5
264 261 3 1 3 7 4 5 6 2 8 9 10 11 12 13 14 0
269 264 5 1 3 7 4 5 6 2 8 0 10 11 12 13 14 9
269 264 5 0 3 7 4 5 6 2 8 9 10 11 12 13 14 1
272 267 5 2 3 7 4 5 6 0 8 9 10 11 12 13 14 1
273 268 5 2 0 7 4 5 6 3 8 9 10 11 12 13 14 1
273 269 4 0 2 7 4 5 6 3 8 9 10 11 12 13 14 1
274 272 2 1 2 7 4 5 6 3 8 9 10 11 12 13 14 0
279 275 4 1 2 7 4 5 6 3 8 0 10 11 12 13 14 9
278 274 4 1 2 7 4 0 6 3 8 9 10 11 12 13 14 5
278 274 4 1 2 7 4 5 6 3 8 9 10 0 12 13 14 11
281 277 4 1 2 7 4 5 6 0 8 9 10 3 12 13 14 11
277 273 4 1 2 7 4 5 6 3 8 9 10 11 12 13 0 14
277 273 4 1 2 7 4 5 6 3 8 9 0 11 12 13 14 10
276 272 4 3 2 7 4 5 6 0 8 9 10 11 12 13 14 1
278 273 5 3 2 7 4 5 6 8 0 9 10 11 12 13 14 1
279 274 5 3 2 0 4 5 6 8 7 9 10 11 12 13 14 1
278 273 5 3 2 7 4 5 0 6 8 9 10 11 12 13 14 1
278 273 5 3 2 7 4 5 6 12 8 9 10 11 0 13 14 1
279 274 5 1 2 7 4 5 6 3 8 0 9 11 12 13 14 10
267 262 5 1 3 7 4 5 6 2 8 9 0 11 12 13 14 10
267 262 5 1 3 7 4 5 6 2 8 9 10 11 12 13 0 14
279 274 5 1 2 7 4 0 6 3 8 9 5 11 12 13 14 10
280 276 4 1 2 7 4 10 6 3 8 9 5 11 12 13 14 0
281 276 5 0 2 7 4 5 6 3 8 9 10 1 12 13 14 11
283 279 4 11 2 7 4 5 6 3 8 9 10 1 12 13 14 0
284 279 5 3 2 7 4 5 6 0 8 9 10 1 12 13 14 11
281 276 5 1 2 7 4 5 6 3 0 8 10 11 12 13 14 9
282 277 5 1 2 7 4 5 6 0 3 8 10 11 12 13 14 9
282 277 5 1 2 0 4 5 6 3 7 8 10 11 12 13 14 9
281 276 5 1 2 7 4 5 6 3 8 14 10 11 12 13 0 9
281 277 4 1 2 7 4 5 6 3 8 14 10 11 12 13 9 0
275 270 5 6 2 7 4 5 0 3 8 9 10 11 12 13 14 1
276 271 5 6 2 7 4 5 3 0 8 9 10 11 12 13 14 1
280 275 5 1 2 7 4 5 6 3 8 9 10 12 0 13 14 11
281 276 5 1 2 7 4 5 6 0 8 9 10 12 3 13 14 11
276 271 5 5 2 7 4 0 6 3 8 9 10 11 12 13 14 1
277 273 4 5 2 7 4 1 6 3 8 9 10 11 12 13 14 0
280 275 5 1 2 7 4 5 0 3 8 9 10 6 12 13 14 11
281 276 5 1 2 7 4 5 3 0 8 9 10 6 12 13 14 11
281 276 5 1 2 7 4 5 6 3 8 10 0 11 12 13 14 9
281 277 4 1 2 7 4 5 6 3 8 10 9 11 12 13 14 0
283 278 5 1 2 7 4 5 6 12 8 9 10 3 0 13 14 11
284 279 5 1 2 7 4 5 6 12 8 9 10 0 3 13 14 11
284 281 3 1 2 7 4 5 6 12 8 9 10 11 3 13 14 0
289 284 5 1 2 7 4 5 6 12 8 0 10 11 3 13 14 9
289 284 5 0 2 7 4 5 6 12 8 9 10 11 3 13 14 1
292 287 5 12 2 7 4 5 6 0 8 9 10 11 3 13 14 1
293 288 5 12 2 7 4 5 6 3 8 9 10 11 0 13 14 1
288 283 5 1 2 7 4 0 6 12 8 9 10 11 3 13 14 5
268 263 5 1 3 7 4 5 6 2 8 9 10 0 12 13 14 11
271 266 5 1 3 7 4 5 6 0 8 9 10 2 12 13 14 11
272 267 5 1 0 7 4 5 6 3 8 9 10 2 12 13 14 11
273 268 5 1 7 0 4 5 6 3 8 9 10 2 12 13 14 11
274 269 5 2 7 0 4 5 6 3 8 9 10 11 12 13 14 1
282 277 5 1 2 7 4 9 6 3 8 0 10 11 12 13 14 5
280 275 5 1 2 7 0 4 6 3 8 9 10 11 12 13 14 5
281 276 5 1 2 0 7 4 6 3 8 9 10 11 12 13 14 5
281 276 5 0 2 7 4 1 6 3 8 9 10 11 12 13 14 5
284 279 5 3 2 7 4 1 6 0 8 9 10 11 12 13 14 5
287 282 5 1 2 7 4 5 6 12 8 9 10 11 3 13 0 14
279 274 5 1 2 7 4 5 6 3 8 9 10 11 12 0 13 14
283 278 5 1 0 7 4 5 6 2 8 9 10 3 12 13 14 11
284 279 5 1 7 0 4 5 6 2 8 9 10 3 12 13 14 11
287 282 5 1 2 7 4 5 6 12 8 9 0 11 3 13 14 10
279 274 5 1 2 7 4 5 6 3 8 0 10 11 12 13 9 14
283 278 5 1 2 7 4 5 0 6 8 9 10 3 12 13 14 11
284 279 5 1 2 7 4 5 3 6 8 9 10 0 12 13 14 11
284 281 3 1 2 7 4 5 3 6 8 9 10 11 12 13 14 0
289 284 5 1 2 7 4 5 3 6 8 0 10 11 12 13 14 9
289 284 5 0 2 7 4 5 3 6 8 9 10 11 12 13 14 1
288 283 5 1 2 7 4 0 3 6 8 9 10 11 12 13 14 5
287 282 5 1 2 7 4 5 3 6 8 9 10 11 12 13 0 14
283 278 5 1 2 7 4 5 6 8 0 9 10 3 12 13 14 11
284 279 5 1 2 0 4 5 6 8 7 9 10 3 12 13 14 11
280 275 5 1 2 7 4 10 6 3 8 9 0 11 12 13 14 5
282 277 5 1 2 7 4 0 6 3 8 9 10 5 12 13 14 11
283 279 4 1 2 7 4 11 6 3 8 9 10 5 12 13 14 0
287 282 5 1 2 7 4 5 3 6 8 9 0 11 12 13 14 10
282 277 5 1 2 7 4 11 6 3 8 9 10 0 12 13 14 5
285 280 5 1 2 7 4 11 6 0 8 9 10 3 12 13 14 5
270 265 5 3 0 7 4 5 6 2 8 9 10 11 12 13 14 1
271 266 5 3 7 0 4 5 6 2 8 9 10 11 12 13 14 1
276 271 5 11 2 7 4 5 6 3 8 9 10 0 12 13 14 1
279 274 5 11 2 7 4 5 6 0 8 9 10 3 12 13 14 1
281 276 5 1 2 7 0 5 6 3 8 4 10 11 12 13 14 9
282 277 5 1 2 0 7 5 6 3 8 4 10 11 12 13 14 9
284 278 6 1 0 2 7 5 6 3 8 4 10 11 12 13 14 9
285 279 6 1 3 2 7 5 6 0 8 4 10 11 12 13 14 9
215 209 6 11 2 3 7 5 6 4 8 9 0 1 12 13 14 10
218 212 6 1 2 3 7 5 6 12 8 9 10 11 4 0 13 14
219 213 6 1 2 3 7 5 6 12 8 9 10 11 0 4 13 14
219 214 5 1 2 3 7 5 6 0 8 9 10 11 12 4 13 14
221 215 6 1 2 3 7 5 6 8 0 9 10 11 12 4 13 14
222 216 6 1 2 3 7 5 6 8 4 9 10 11 12 0 13 14
222 217 5 1 2 3 7 5 6 8 4 9 10 11 12 13 0 14
221 218 3 1 2 3 7 5 6 8 4 9 10 11 12 13 14 0
226 221 5 1 2 3 7 5 6 8 4 0 10 11 12 13 14 9
227 222 5 1 2 3 7 5 6 8 0 4 10 11 12 13 14 9
227 223 4 1 2 3 7 5 6 0 8 4 10 11 12 13 14 9
229 224 5 1 2 3 7 5 0 6 8 4 10 11 12 13 14 9
229 224 5 1 2 3 7 5 6 12 8 4 10 11 0 13 14 9
227 222 5 1 2 3 0 5 6 8 4 7 10 11 12 13 14 9
226 221 5 0 2 3 7 5 6 8 4 9 10 11 12 13 14 1
229 224 5 8 2 3 7 5 6 0 4 9 10 11 12 13 14 1
230 225 5 8 2 3 7 5 6 4 0 9 10 11 12 13 14 1
225 220 5 1 2 3 7 0 6 8 4 9 10 11 12 13 14 5
226 221 5 1 2 3 0 7 6 8 4 9 10 11 12 13 14 5
224 219 5 1 2 3 7 5 6 8 4 9 0 11 12 13 14 10
225 220 5 1 2 3 7 5 6 8 4 9 10 0 12 13 14 11
228 223 5 1 2 3 7 5 6 0 4 9 10 8 12 13 14 11
229 224 5 1 2 3 7 5 6 4 0 9 10 8 12 13 14 11
229 224 5 1 0 3 7 5 6 2 8 4 10 11 12 13 14 9
231 225 6 1 3 0 7 5 6 2 8 4 10 11 12 13 14 9
246 240 6 1 2 3 9 7 6 11 8 0 10 5 12 13 14 4
216 210 6 11 0 3 7 5 6 2 8 9 10 4 12 13 14 1
217 211 6 0 11 3 7 5 6 2 8 9 10 4 12 13 14 1
218 214 4 1 11 3 7 5 6 2 8 9 10 4 12 13 14 0
221 216 5 1 11 3 7 5 6 2 8 9 10 0 12 13 14 4
224 219 5 1 11 3 7 5 6 0 8 9 10 2 12 13 14 4
225 220 5 1 0 3 7 5 6 11 8 9 10 2 12 13 14 4
227 221 6 1 3 0 7 5 6 11 8 9 10 2 12 13 14 4
228 222 6 1 3 7 0 5 6 11 8 9 10 2 12 13 14 4
223 217 6 1 11 3 7 5 6 2 8 9 10 12 0 13 14 4
224 218 6 1 11 3 7 5 6 0 8 9 10 12 2 13 14 4
225 219 6 1 0 3 7 5 6 11 8 9 10 12 2 13 14 4
212 206 6 1 2 3 7 5 4 8 0 9 10 6 12 13 14 11
225 219 6 0 1 3 7 5 6 4 8 9 10 2 12 13 14 11
227 222 5 11 1 3 7 5 6 4 8 9 10 2 12 13 14 0
230 224 6 11 1 3 7 5 6 4 8 9 10 0 12 13 14 2
231 226 5 0 1 3 7 5 6 4 8 9 10 11 12 13 14 2
233 229 4 2 1 3 7 5 6 4 8 9 10 11 12 13 14 0
231 227 4 1 0 3 7 5 6 4 8 9 10 11 12 13 14 2
232 228 4 1 4 3 7 5 6 0 8 9 10 11 12 13 14 2
234 229 5 1 4 3 7 5 6 8 0 9 10 11 12 13 14 2
234 229 5 1 4 3 7 5 0 6 8 9 10 11 12 13 14 2
234 229 5 1 4 3 7 5 6 12 8 9 10 11 0 13 14 2
233 228 5 1 3 0 7 5 6 4 8 9 10 11 12 13 14 2
234 229 5 1 3 7 0 5 6 4 8 9 10 11 12 13 14 2
234 229 5 4 1 3 7 5 6 0 8 9 10 11 12 13 14 2
235 230 5 4 0 3 7 5 6 1 8 9 10 11 12 13 14 2
236 231 5 0 4 3 7 5 6 1 8 9 10 11 12 13 14 2
238 234 4 2 4 3 7 5 6 1 8 9 10 11 12 13 14 0
243 237 6 2 4 3 7 5 6 1 8 0 10 11 12 13 14 9
244 238 6 2 4 3 0 5 6 1 8 7 10 11 12 13 14 9
213 207 6 1 2 8 3 5 6 4 0 7 10 11 12 13 14 9
214 208 6 1 2 8 3 5 6 4 7 0 10 11 12 13 14 9
215 209 6 1 2 8 0 5 6 4 7 3 10 11 12 13 14 9
216 210 6 1 2 0 8 5 6 4 7 3 10 11 12 13 14 9
217 211 6 1 2 7 8 5 6 4 0 3 10 11 12 13 14 9
218 212 6 1 2 7 8 5 6 4 3 0 10 11 12 13 14 9
219 213 6 1 2 7 0 5 6 4 3 8 10 11 12 13 14 9
222 216 6 0 4 3 7 5 6 2 8 9 10 1 12 13 14 11
224 219 5 11 4 3 7 5 6 2 8 9 10 1 12 13 14 0
179 173 6 7 2 3 9 5 6 4 8 1 10 0 12 13 14 11
182 176 6 7 2 3 9 5 6 0 8 1 10 4 12 13 14 11
221 215 6 1 4 3 7 5 6 2 8 9 10 12 0 13 14 11
222 216 6 1 4 3 7 5 6 0 8 9 10 12 2 13 14 11
223 217 6 1 0 3 7 5 6 4 8 9 10 12 2 13 14 11
220 214 6 1 4 3 7 5 6 2 8 9 10 11 12 0 13 14
224 218 6 1 4 3 7 5 0 6 8 9 10 2 12 13 14 11
225 219 6 1 4 3 7 5 2 6 8 9 10 0 12 13 14 11
225 221 4 1 4 3 7 5 2 6 8 9 10 11 12 13 14 0
230 224 6 1 4 3 7 5 2 6 8 0 10 11 12 13 14 9
231 225 6 1 4 3 0 5 2 6 8 7 10 11 12 13 14 9
212 206 6 1 0 3 7 5 6 2 8 9 10 12 4 13 14 11
219 213 6 2 4 3 7 5 0 6 8 9 10 11 12 13 14 1
219 213 6 2 4 3 7 5 6 12 8 9 10 11 0 13 14 1
211 205 6 1 2 3 7 5 6 4 8 9 10 12 13 0 14 11
212 206 6 2 3 0 7 5 6 4 8 9 10 11 12 13 14 1
213 207 6 2 3 7 0 5 6 4 8 9 10 11 12 13 14 1
217 211 6 1 2 3 7 11 6 4 8 0 10 5 12 13 14 9
218 212 6 1 2 3 0 11 6 4 8 7 10 5 12 13 14 9
219 213 6 1 2 3 11 0 6 4 8 7 10 5 12 13 14 9
221 216 5 1 2 3 11 5 6 4 8 7 10 0 12 13 14 9
222 218 4 1 2 3 11 5 6 4 8 7 10 9 12 13 14 0
226 221 5 1 2 3 11 5 6 4 8 0 10 9 12 13 14 7
227 222 5 1 2 3 0 5 6 4 8 11 10 9 12 13 14 7
224 219 5 1 2 3 11 5 6 0 8 7 10 4 12 13 14 9
220 215 5 1 2 3 11 9 6 4 8 7 10 5 12 13 14 0
224 218 6 1 2 3 11 9 6 4 8 0 10 5 12 13 14 7
225 219 6 1 2 3 0 9 6 4 8 11 10 5 12 13 14 7
226 220 6 1 2 3 9 0 6 4 8 11 10 5 12 13 14 7
228 223 5 1 2 3 9 5 6 4 8 11 10 0 12 13 14 7
229 225 4 1 2 3 9 5 6 4 8 11 10 7 12 13 14 0
231 226 5 1 2 3 9 5 6 0 8 11 10 4 12 13 14 7
227 222 5 1 2 3 9 7 6 4 8 11 10 5 12 13 14 0
230 224 6 1 2 3 9 7 6 4 8 11 10 0 12 13 14 5
233 227 6 1 2 3 9 7 6 0 8 11 10 4 12 13 14 5
215 209 6 4 0 3 7 5 6 2 8 9 10 1 12 13 14 11
218 212 6 1 2 3 7 5 6 12 8 0 9 11 4 13 14 10
219 213 6 1 2 3 0 5 6 12 8 7 9 11 4 13 14 10
218 212 6 1 2 3 7 0 6 12 8 9 5 11 4 13 14 10
219 214 5 1 2 3 7 10 6 12 8 9 5 11 4 13 14 0
214 208 6 1 2 0 3 7 6 4 8 9 10 5 12 13 14 11
220 214 6 1 4 3 7 5 6 2 8 0 9 11 12 13 14 10
221 215 6 1 4 3 0 5 6 2 8 7 9 11 12 13 14 10
212 206 6 6 2 3 7 5 0 4 8 9 10 1 12 13 14 11
213 207 6 6 2 3 7 5 4 0 8 9 10 1 12 13 14 11
191 185 6 4 0 3 5 1 6 2 8 9 10 11 12 13 14 7
192 186 6 0 4 3 5 1 6 2 8 9 10 11 12 13 14 7
194 189 5 7 4 3 5 1 6 2 8 9 10 11 12 13 14 0
193 188 5 1 4 3 5 0 6 2 8 9 10 11 12 13 14 7
194 190 4 1 4 3 5 7 6 2 8 9 10 11 12 13 14 0
193 189 4 1 4 3 0 5 6 2 8 9 10 11 12 13 14 7
195 190 5 1 4 0 3 5 6 2 8 9 10 11 12 13 14 7
196 191 5 1 0 4 3 5 6 2 8 9 10 11 12 13 14 7
196 192 4 1 2 4 3 5 6 0 8 9 10 11 12 13 14 7
198 193 5 1 2 4 3 5 6 8 0 9 10 11 12 13 14 7
199 194 5 1 2 0 3 5 6 8 4 9 10 11 12 13 14 7
199 195 4 1 2 3 0 5 6 8 4 9 10 11 12 13 14 7
201 196 5 1 2 3 5 0 6 8 4 9 10 11 12 13 14 7
202 198 4 1 2 3 5 7 6 8 4 9 10 11 12 13 14 0
201 196 5 1 2 3 9 5 6 8 4 0 10 11 12 13 14 7
202 197 5 1 2 3 9 5 6 8 0 4 10 11 12 13 14 7
202 198 4 1 2 3 9 5 6 0 8 4 10 11 12 13 14 7
204 199 5 1 2 3 9 5 0 6 8 4 10 11 12 13 14 7
204 199 5 1 2 3 9 5 6 12 8 4 10 11 0 13 14 7
204 199 5 1 0 3 9 5 6 2 8 4 10 11 12 13 14 7
198 193 5 1 2 4 3 5 0 6 8 9 10 11 12 13 14 7
198 193 5 1 2 4 3 5 6 12 8 9 10 11 0 13 14 7
195 190 5 1 4 3 9 5 6 2 8 0 10 11 12 13 14 7
197 191 6 1 4 3 9 5 6 2 8 10 0 11 12 13 14 7
197 192 5 1 4 3 9 5 6 2 8 10 7 11 12 13 14 0
201 195 6 1 4 3 9 5 6 2 8 0 7 11 12 13 14 10
201 196 5 1 4 3 0 5 6 2 8 9 7 11 12 13 14 10
203 197 6 1 4 3 5 0 6 2 8 9 7 11 12 13 14 10
204 199 5 1 4 3 5 10 6 2 8 9 7 11 12 13 14 0
203 197 6 1 4 0 3 5 6 2 8 9 7 11 12 13 14 10
204 198 6 1 0 4 3 5 6 2 8 9 7 11 12 13 14 10
204 199 5 1 2 4 3 5 6 0 8 9 7 11 12 13 14 10
206 200 6 1 2 4 3 5 6 8 0 9 7 11 12 13 14 10
207 201 6 1 2 0 3 5 6 8 4 9 7 11 12 13 14 10
207 202 5 1 2 3 0 5 6 8 4 9 7 11 12 13 14 10
209 203 6 1 2 3 5 0 6 8 4 9 7 11 12 13 14 10
210 205 5 1 2 3 5 10 6 8 4 9 7 11 12 13 14 0
209 203 6 1 2 3 9 5 6 8 4 0 7 11 12 13 14 10
210 204 6 1 2 3 9 5 6 8 4 7 0 11 12 13 14 10
209 205 4 1 2 3 9 5 6 8 4 7 10 11 12 13 14 0
214 208 6 0 2 3 9 5 6 8 4 7 10 11 12 13 14 1
217 211 6 8 2 3 9 5 6 0 4 7 10 11 12 13 14 1
218 212 6 8 2 3 9 5 6 4 0 7 10 11 12 13 14 1
219 213 6 8 2 3 9 5 6 4 7 0 10 11 12 13 14 1
219 214 5 8 2 3 0 5 6 4 7 9 10 11 12 13 14 1
221 215 6 8 2 3 5 0 6 4 7 9 10 11 12 13 14 1
222 217 5 8 2 3 5 1 6 4 7 9 10 11 12 13 14 0
226 220 6 0 2 3 5 1 6 4 7 9 10 11 12 13 14 8
227 222 5 1 2 3 5 0 6 4 7 9 10 11 12 13 14 8
228 224 4 1 2 3 5 8 6 4 7 9 10 11 12 13 14 0
227 223 4 1 2 3 0 5 6 4 7 9 10 11 12 13 14 8
229 224 5 1 2 0 3 5 6 4 7 9 10 11 12 13 14 8
230 225 5 1 2 7 3 5 6 4 0 9 10 11 12 13 14 8
231 226 5 1 2 7 3 5 6 0 4 9 10 11 12 13 14 8
229 224 5 1 2 3 9 5 6 4 7 0 10 11 12 13 14 8
230 225 5 1 2 3 9 5 6 4 0 7 10 11 12 13 14 8
231 226 5 1 2 3 9 5 6 0 4 7 10 11 12 13 14 8
233 227 6 1 2 3 9 5 0 6 4 7 10 11 12 13 14 8
233 227 6 1 0 7 3 5 6 2 4 9 10 11 12 13 14 8
234 228 6 1 7 0 3 5 6 2 4 9 10 11 12 13 14 8
234 229 5 1 7 3 0 5 6 2 4 9 10 11 12 13 14 8
236 230 6 1 7 3 5 0 6 2 4 9 10 11 12 13 14 8
237 232 5 1 7 3 5 8 6 2 4 9 10 11 12 13 14 0
236 230 6 1 7 3 9 5 6 2 4 0 10 11 12 13 14 8
237 231 6 1 7 3 9 5 6 2 0 4 10 11 12 13 14 8
238 232 6 1 7 3 9 5 6 0 2 4 10 11 12 13 14 8
238 233 5 1 0 3 9 5 6 7 2 4 10 11 12 13 14 8
240 234 6 1 3 0 9 5 6 7 2 4 10 11 12 13 14 8
241 235 6 1 3 9 0 5 6 7 2 4 10 11 12 13 14 8
241 236 5 1 3 9 4 5 6 7 2 0 10 11 12 13 14 8
242 237 5 1 3 9 4 5 6 7 0 2 10 11 12 13 14 8
243 238 5 1 3 0 4 5 6 7 9 2 10 11 12 13 14 8
243 239 4 1 0 3 4 5 6 7 9 2 10 11 12 13 14 8
245 240 5 0 1 3 4 5 6 7 9 2 10 11 12 13 14 8
247 243 4 8 1 3 4 5 6 7 9 2 10 11 12 13 14 0
251 246 5 8 1 3 4 5 6 7 9 0 10 11 12 13 14 2
251 247 4 8 1 3 4 5 6 7 0 9 10 11 12 13 14 2
253 248 5 8 1 3 4 5 6 0 7 9 10 11 12 13 14 2
254 249 5 8 0 3 4 5 6 1 7 9 10 11 12 13 14 2
255 250 5 0 8 3 4 5 6 1 7 9 10 11 12 13 14 2
257 253 4 1 8 3 4 5 6 0 7 9 10 11 12 13 14 2
257 254 3 1 8 3 4 5 6 7 0 9 10 11 12 13 14 2
259 255 4 1 8 3 4 5 6 7 9 0 10 11 12 13 14 2
259 255 4 1 8 3 4 5 6 7 13 9 10 11 12 0 14 2
259 255 4 1 8 0 4 5 6 7 3 9 10 11 12 13 14 2
260 256 4 1 0 8 4 5 6 7 3 9 10 11 12 13 14 2
258 254 4 1 0 3 4 5 6 8 7 9 10 11 12 13 14 2
257 253 4 2 8 3 4 5 6 1 7 9 10 11 12 13 14 0
260 255 5 1 3 0 4 5 6 8 7 9 10 11 12 13 14 2
261 256 5 1 3 7 4 5 6 8 0 9 10 11 12 13 14 2
261 257 4 1 3 7 4 5 6 0 8 9 10 11 12 13 14 2
262 258 4 1 0 7 4 5 6 3 8 9 10 11 12 13 14 2
263 259 4 1 7 0 4 5 6 3 8 9 10 11 12 13 14 2
265 260 5 1 7 4 0 5 6 3 8 9 10 11 12 13 14 2
261 256 5 1 8 4 0 5 6 7 3 9 10 11 12 13 14 2
265 260 5 1 7 8 4 5 6 3 0 9 10 11 12 13 14 2
264 259 5 0 1 7 4 5 6 3 8 9 10 11 12 13 14 2
266 262 4 2 1 7 4 5 6 3 8 9 10 11 12 13 14 0
267 262 5 3 1 7 4 5 6 0 8 9 10 11 12 13 14 2
268 263 5 3 0 7 4 5 6 1 8 9 10 11 12 13 14 2
269 264 5 3 7 0 4 5 6 1 8 9 10 11 12 13 14 2
269 264 5 0 3 7 4 5 6 1 8 9 10 11 12 13 14 2
271 267 4 2 3 7 4 5 6 1 8 9 10 11 12 13 14 0
263 258 5 1 3 7 4 5 0 6 8 9 10 11 12 13 14 2
263 258 5 1 3 7 4 5 6 12 8 9 10 11 0 13 14 2
260 255 5 0 1 3 4 5 6 8 7 9 10 11 12 13 14 2
262 258 4 2 1 3 4 5 6 8 7 9 10 11 12 13 14 0
261 256 5 1 8 3 4 5 6 7 9 14 10 11 12 13 0 2
261 257 4 1 8 3 4 5 6 7 9 14 10 11 12 13 2 0
265 260 5 1 8 3 4 5 6 7 9 0 10 11 12 13 2 14
265 261 4 1 8 3 4 5 6 7 0 9 10 11 12 13 2 14
267 262 5 1 8 3 4 5 6 0 7 9 10 11 12 13 2 14
268 263 5 1 0 3 4 5 6 8 7 9 10 11 12 13 2 14
267 262 5 1 8 3 4 5 6 7 13 9 10 11 12 0 2 14
268 263 5 1 8 3 4 5 6 7 13 9 10 11 12 2 0 14
267 264 3 1 8 3 4 5 6 7 13 9 10 11 12 2 14 0
272 267 5 1 8 3 4 5 6 7 13 0 10 11 12 2 14 9
273 268 5 1 8 3 4 5 6 7 0 13 10 11 12 2 14 9
274 269 5 1 8 3 4 5 6 7 2 13 10 11 12 0 14 9
272 267 5 0 8 3 4 5 6 7 13 9 10 11 12 2 14 1
273 268 5 8 0 3 4 5 6 7 13 9 10 11 12 2 14 1
271 266 5 1 8 3 4 0 6 7 13 9 10 11 12 2 14 5
271 266 5 1 8 3 4 5 6 7 13 9 10 0 12 2 14 11
270 265 5 1 8 3 4 5 6 7 13 9 0 11 12 2 14 10
261 256 5 1 8 3 4 5 6 7 13 9 10 11 0 12 14 2
261 256 5 1 8 3 4 5 6 7 9 10 0 11 12 13 14 2
261 257 4 1 8 3 4 5 6 7 9 10 2 11 12 13 14 0
265 260 5 1 8 3 4 5 6 7 9 0 2 11 12 13 14 10
265 261 4 1 8 3 4 5 6 7 0 9 2 11 12 13 14 10
267 262 5 1 8 3 4 5 6 0 7 9 2 11 12 13 14 10
268 263 5 1 0 3 4 5 6 8 7 9 2 11 12 13 14 10
267 262 5 1 8 3 4 5 6 7 13 9 2 11 12 0 14 10
267 262 5 1 8 0 4 5 6 7 3 9 2 11 12 13 14 10
268 263 5 1 0 8 4 5 6 7 3 9 2 11 12 13 14 10
266 261 5 1 8 3 4 5 6 7 9 2 0 11 12 13 14 10
265 262 3 1 8 3 4 5 6 7 9 2 10 11 12 13 14 0
270 265 5 0 8 3 4 5 6 7 9 2 10 11 12 13 14 1
271 266 5 8 0 3 4 5 6 7 9 2 10 11 12 13 14 1
269 264 5 1 8 3 4 0 6 7 9 2 10 11 12 13 14 5
272 267 5 1 8 3 4 2 6 7 9 0 10 11 12 13 14 5
272 268 4 1 8 3 4 2 6 7 0 9 10 11 12 13 14 5
274 269 5 1 8 3 4 2 6 0 7 9 10 11 12 13 14 5
275 270 5 1 0 3 4 2 6 8 7 9 10 11 12 13 14 5
259 254 5 1 8 3 4 5 6 12 7 9 10 11 0 13 14 2
274 269 5 1 8 3 4 2 6 7 13 9 10 11 12 0 14 5
274 269 5 1 8 0 4 2 6 7 3 9 10 11 12 13 14 5
275 270 5 1 0 8 4 2 6 7 3 9 10 11 12 13 14 5
269 264 5 1 8 3 4 5 6 7 9 2 10 0 12 13 14 11
259 254 5 1 8 3 4 5 0 6 7 9 10 11 12 13 14 2
267 262 5 1 8 0 4 5 6 7 3 9 10 11 12 13 2 14
268 263 5 1 0 8 4 5 6 7 3 9 10 11 12 13 2 14
245 240 5 1 7 3 4 5 6 0 9 2 10 11 12 13 14 8
246 241 5 1 7 3 4 5 6 9 0 2 10 11 12 13 14 8
247 242 5 1 7 3 4 5 6 9 2 0 10 11 12 13 14 8
261 256 5 1 8 3 4 5 6 7 13 9 10 11 12 14 0 2
261 257 4 1 8 3 4 5 6 7 13 9 10 11 12 14 2 0
261 256 5 1 8 3 0 5 6 7 9 4 10 11 12 13 14 2
262 257 5 1 7 8 4 5 6 0 3 9 10 11 12 13 14 2
253 248 5 8 1 3 4 5 6 7 13 9 10 11 12 0 14 2
253 248 5 8 1 0 4 5 6 7 3 9 10 11 12 13 14 2
254 249 5 8 0 1 4 5 6 7 3 9 10 11 12 13 14 2
255 250 5 0 8 1 4 5 6 7 3 9 10 11 12 13 14 2
257 253 4 2 8 1 4 5 6 7 3 9 10 11 12 13 14 0
266 261 5 1 8 3 4 5 6 7 9 2 10 11 12 13 0 14
262 257 5 0 1 8 4 5 6 7 3 9 10 11 12 13 14 2
264 260 4 2 1 8 4 5 6 7 3 9 10 11 12 13 14 0
269 263 6 2 1 8 4 5 6 7 3 0 10 11 12 13 14 9
270 264 6 2 1 8 4 5 6 7 0 3 10 11 12 13 14 9
270 265 5 2 1 0 4 5 6 7 8 3 10 11 12 13 14 9
271 266 5 2 0 1 4 5 6 7 8 3 10 11 12 13 14 9
271 267 4 0 2 1 4 5 6 7 8 3 10 11 12 13 14 9
273 270 3 9 2 1 4 5 6 7 8 3 10 11 12 13 14 0
277 273 4 9 2 1 4 5 6 7 8 0 10 11 12 13 14 3
279 274 5 9 2 1 4 5 6 7 8 10 0 11 12 13 14 3
279 275 4 9 2 1 4 5 6 7 8 10 3 11 12 13 14 0
283 278 5 9 2 1 4 5 6 7 8 0 3 11 12 13 14 10
283 278 5 0 2 1 4 5 6 7 8 10 3 11 12 13 14 9
274 269 5 5 2 1 4 0 6 7 8 3 10 11 12 13 14 9
275 271 4 5 2 1 4 9 6 7 8 3 10 11 12 13 14 0
279 274 5 5 2 1 4 9 6 7 8 0 10 11 12 13 14 3
279 274 5 0 2 1 4 9 6 7 8 3 10 11 12 13 14 5
277 272 5 5 2 1 4 3 6 7 8 0 10 11 12 13 14 9
279 274 5 9 2 1 4 5 6 7 0 8 10 11 12 13 14 3
280 275 5 9 2 0 4 5 6 7 1 8 10 11 12 13 14 3
279 274 5 9 2 1 4 5 6 7 8 14 10 11 12 13 0 3
279 275 4 9 2 1 4 5 6 7 8 14 10 11 12 13 3 0
283 278 5 9 2 1 4 5 6 7 8 0 10 11 12 13 3 14
283 278 5 0 2 1 4 5 6 7 8 14 10 11 12 13 3 9
275 270 5 7 2 1 4 5 6 0 8 3 10 11 12 13 14 9
274 269 5 11 2 1 4 5 6 7 8 3 10 0 12 13 14 9
275 271 4 11 2 1 4 5 6 7 8 3 10 9 12 13 14 0
279 274 5 11 2 1 4 5 6 7 8 0 10 9 12 13 14 3
279 274 5 0 2 1 4 5 6 7 8 3 10 9 12 13 14 11
276 271 5 9 2 1 4 5 6 7 8 3 0 11 12 13 14 10
273 268 5 6 2 1 4 5 0 7 8 3 10 11 12 13 14 9
279 274 5 9 2 1 0 5 6 7 8 4 10 11 12 13 14 3
280 275 5 9 2 0 1 5 6 7 8 4 10 11 12 13 14 3
277 272 5 9 2 1 4 0 6 7 8 3 10 11 12 13 14 5
280 275 5 9 2 1 4 3 6 7 8 0 10 11 12 13 14 5
277 272 5 9 2 1 4 5 6 7 8 3 10 0 12 13 14 11
276 271 5 9 2 1 4 5 6 7 8 3 10 11 12 13 0 14
278 272 6 9 2 1 4 5 6 7 8 3 10 11 12 0 13 14
191 185 6 4 2 3 5 1 6 8 0 9 10 11 12 13 14 7
281 275 6 9 2 1 4 5 6 0 8 3 10 7 12 13 14 11
281 275 6 9 2 1 4 0 6 7 8 3 10 5 12 13 14 11
282 277 5 9 2 1 4 11 6 7 8 3 10 5 12 13 14 0
286 280 6 9 2 1 4 11 6 7 8 0 10 5 12 13 14 3
221 215 6 11 2 3 7 5 4 6 8 9 10 0 12 13 14 1
222 217 5 11 2 3 7 5 4 6 8 9 10 1 12 13 14 0
224 218 6 11 2 3 7 5 4 0 8 9 10 6 12 13 14 1
286 280 6 0 2 1 4 11 6 7 8 3 10 5 12 13 14 9
206 200 6 1 2 4 3 5 0 6 8 9 7 11 12 13 14 10
210 204 6 1 2 3 9 5 6 8 0 4 7 11 12 13 14 10
210 205 5 1 2 3 9 5 6 0 8 4 7 11 12 13 14 10
212 206 6 1 2 3 9 5 0 6 8 4 7 11 12 13 14 10
232 226 6 1 2 3 9 5 6 4 13 7 10 11 12 0 14 8
212 206 6 1 2 3 9 5 6 12 8 4 7 11 0 13 14 10
212 206 6 1 0 3 9 5 6 2 8 4 7 11 12 13 14 10
233 227 6 1 2 3 9 5 6 12 4 7 10 11 0 13 14 8
233 227 6 1 0 3 9 5 6 2 4 7 10 11 12 13 14 8
231 225 6 1 2 3 5 11 6 4 7 9 10 0 12 13 14 8
232 227 5 1 2 3 5 11 6 4 7 9 10 8 12 13 14 0
235 229 6 1 2 3 5 0 6 4 7 9 10 8 12 13 14 11
235 230 5 1 2 3 0 5 6 4 7 9 10 8 12 13 14 11
237 231 6 1 2 0 3 5 6 4 7 9 10 8 12 13 14 11
238 232 6 1 2 7 3 5 6 4 0 9 10 8 12 13 14 11
239 233 6 1 2 7 3 5 6 0 4 9 10 8 12 13 14 11
237 231 6 1 2 3 9 5 6 4 7 0 10 8 12 13 14 11
238 232 6 1 2 3 9 5 6 4 0 7 10 8 12 13 14 11
239 233 6 1 2 3 9 5 6 0 4 7 10 8 12 13 14 11
234 228 6 1 2 3 5 11 6 0 7 9 10 4 12 13 14 8
234 229 5 1 2 3 5 11 6 7 0 9 10 4 12 13 14 8
236 230 6 1 2 3 5 11 6 7 9 0 10 4 12 13 14 8
237 231 6 1 2 3 0 11 6 7 9 5 10 4 12 13 14 8
238 232 6 1 2 3 11 0 6 7 9 5 10 4 12 13 14 8
240 235 5 1 2 3 11 5 6 7 9 0 10 4 12 13 14 8
240 236 4 1 2 3 11 5 6 7 0 9 10 4 12 13 14 8
242 237 5 1 2 3 11 5 6 0 7 9 10 4 12 13 14 8
242 237 5 1 2 3 11 5 6 7 13 9 10 4 12 0 14 8
242 237 5 1 2 0 11 5 6 7 3 9 10 4 12 13 14 8
243 238 5 1 2 11 0 5 6 7 3 9 10 4 12 13 14 8
241 236 5 1 2 3 0 5 6 7 9 11 10 4 12 13 14 8
239 234 5 1 2 3 11 8 6 7 9 5 10 4 12 13 14 0
243 237 6 1 2 3 11 8 6 7 9 0 10 4 12 13 14 5
243 238 5 1 2 3 11 8 6 7 0 9 10 4 12 13 14 5
245 239 6 1 2 3 11 8 6 0 7 9 10 4 12 13 14 5
245 239 6 1 2 11 5 0 6 7 3 9 10 4 12 13 14 8
246 241 5 1 2 11 5 8 6 7 3 9 10 4 12 13 14 0
249 243 6 1 2 11 5 8 6 7 3 9 10 0 12 13 14 4
252 246 6 1 2 11 5 0 6 7 3 9 10 8 12 13 14 4
253 248 5 1 2 11 5 4 6 7 3 9 10 8 12 13 14 0
252 247 5 1 2 11 0 5 6 7 3 9 10 8 12 13 14 4
253 248 5 1 2 0 11 5 6 7 3 9 10 8 12 13 14 4
253 249 4 1 2 3 11 5 6 7 0 9 10 8 12 13 14 4
255 250 5 1 2 3 11 5 6 7 9 0 10 8 12 13 14 4
256 251 5 1 2 3 0 5 6 7 9 11 10 8 12 13 14 4
255 250 5 1 2 3 11 5 6 0 7 9 10 8 12 13 14 4
255 250 5 1 2 3 11 5 6 7 13 9 10 8 12 0 14 4
257 251 6 1 2 3 11 5 6 7 13 9 10 8 12 14 0 4
257 252 5 1 2 3 11 5 6 7 13 9 10 8 12 14 4 0
260 254 6 1 2 3 11 5 6 7 13 9 10 0 12 14 4 8
257 251 6 1 2 3 11 5 6 7 9 10 0 8 12 13 14 4
257 252 5 1 2 3 11 5 6 7 9 10 4 8 12 13 14 0
261 255 6 1 2 3 11 5 6 7 9 0 4 8 12 13 14 10
261 256 5 1 2 3 11 5 6 7 0 9 4 8 12 13 14 10
263 257 6 1 2 3 11 5 6 0 7 9 4 8 12 13 14 10
201 195 6 1 2 3 9 5 6 4 8 7 10 12 0 13 14 11
202 196 6 1 2 3 9 5 6 0 8 7 10 12 4 13 14 11
263 257 6 1 2 3 11 5 6 7 13 9 4 8 12 0 14 10
266 260 6 2 1 3 4 5 6 8 7 9 10 0 12 13 14 11
269 263 6 2 1 3 4 5 6 0 7 9 10 8 12 13 14 11
269 264 5 2 1 3 4 5 6 7 0 9 10 8 12 13 14 11
271 265 6 2 1 3 4 5 6 7 9 0 10 8 12 13 14 11
271 265 6 2 1 3 4 5 6 7 13 9 10 8 12 0 14 11
261 255 6 2 8 3 4 0 6 1 7 9 10 11 12 13 14 5
263 257 6 0 8 3 4 2 6 1 7 9 10 11 12 13 14 5
265 260 5 5 8 3 4 2 6 1 7 9 10 11 12 13 14 0
211 205 6 4 2 3 7 1 6 12 8 9 10 11 0 13 14 5
264 258 6 8 0 3 4 2 6 1 7 9 10 11 12 13 14 5
265 259 6 8 1 3 4 2 6 0 7 9 10 11 12 13 14 5
265 260 5 8 1 3 4 2 6 7 0 9 10 11 12 13 14 5
267 261 6 8 1 3 4 2 6 7 9 0 10 11 12 13 14 5
206 200 6 1 0 2 3 7 6 4 8 9 10 11 12 13 14 5
207 201 6 1 4 2 3 7 6 0 8 9 10 11 12 13 14 5
267 261 6 8 1 3 4 2 6 7 13 9 10 11 12 0 14 5
267 261 6 5 1 7 4 0 6 3 8 9 10 11 12 13 14 2
268 263 5 5 1 7 4 2 6 3 8 9 10 11 12 13 14 0
272 266 6 0 1 7 4 2 6 3 8 9 10 11 12 13 14 5
272 267 5 1 0 7 4 2 6 3 8 9 10 11 12 13 14 5
273 268 5 1 7 0 4 2 6 3 8 9 10 11 12 13 14 5
273 268 5 1 3 7 4 2 6 0 8 9 10 11 12 13 14 5
275 269 6 1 3 7 4 2 6 8 0 9 10 11 12 13 14 5
275 269 6 1 3 7 4 2 0 6 8 9 10 11 12 13 14 5
267 261 6 11 1 7 4 5 6 3 8 9 10 0 12 13 14 2
268 263 5 11 1 7 4 5 6 3 8 9 10 2 12 13 14 0
270 264 6 11 1 7 4 5 6 0 8 9 10 3 12 13 14 2
271 265 6 11 0 7 4 5 6 1 8 9 10 3 12 13 14 2
272 266 6 11 7 0 4 5 6 1 8 9 10 3 12 13 14 2
272 266 6 0 11 7 4 5 6 1 8 9 10 3 12 13 14 2
274 269 5 1 11 7 4 5 6 0 8 9 10 3 12 13 14 2
275 270 5 1 0 7 4 5 6 11 8 9 10 3 12 13 14 2
276 271 5 1 7 0 4 5 6 11 8 9 10 3 12 13 14 2
274 269 5 2 11 7 4 5 6 1 8 9 10 3 12 13 14 0
277 271 6 2 11 7 4 5 6 1 8 9 10 0 12 13 14 3
280 274 6 2 11 7 4 5 6 0 8 9 10 1 12 13 14 3
281 275 6 2 0 7 4 5 6 11 8 9 10 1 12 13 14 3
281 276 5 0 2 7 4 5 6 11 8 9 10 1 12 13 14 3
283 279 4 3 2 7 4 5 6 11 8 9 10 1 12 13 14 0
282 278 4 1 2 7 4 5 6 11 8 9 10 0 12 13 14 3
284 281 3 1 2 7 4 5 6 0 8 9 10 11 12 13 14 3
283 280 3 1 2 7 4 5 6 11 8 9 10 3 12 13 14 0
286 282 4 1 2 7 4 5 6 8 0 9 10 11 12 13 14 3
287 283 4 1 2 0 4 5 6 8 7 9 10 11 12 13 14 3
286 282 4 1 2 7 4 5 0 6 8 9 10 11 12 13 14 3
286 282 4 1 2 7 4 5 6 12 8 9 10 11 0 13 14 3
286 282 4 1 0 7 4 5 6 2 8 9 10 11 12 13 14 3
287 283 4 1 7 0 4 5 6 2 8 9 10 11 12 13 14 3
289 284 5 1 7 4 0 5 6 2 8 9 10 11 12 13 14 3
288 283 5 1 2 7 4 5 6 8 9 0 10 11 12 13 14 3
289 284 5 1 7 8 4 5 6 2 0 9 10 11 12 13 14 3
290 285 5 1 7 8 4 5 6 0 2 9 10 11 12 13 14 3
290 286 4 1 0 8 4 5 6 7 2 9 10 11 12 13 14 3
291 287 4 1 8 0 4 5 6 7 2 9 10 11 12 13 14 3
292 288 4 1 8 2 4 5 6 7 0 9 10 11 12 13 14 3
294 289 5 1 8 2 4 5 6 7 9 0 10 11 12 13 14 3
294 289 5 1 8 2 4 5 6 0 7 9 10 11 12 13 14 3
294 289 5 1 8 2 4 5 6 7 13 9 10 11 12 0 14 3
293 288 5 1 8 4 0 5 6 7 2 9 10 11 12 13 14 3
286 281 5 1 2 7 4 0 6 11 8 9 10 5 12 13 14 3
287 283 4 1 2 7 4 3 6 11 8 9 10 5 12 13 14 0
290 285 5 1 2 7 4 3 6 11 8 9 10 0 12 13 14 5
292 288 4 1 2 7 4 3 6 0 8 9 10 11 12 13 14 5
294 289 5 1 2 7 4 3 6 8 0 9 10 11 12 13 14 5
295 290 5 1 2 0 4 3 6 8 7 9 10 11 12 13 14 5
294 289 5 1 2 7 4 3 0 6 8 9 10 11 12 13 14 5
294 289 5 1 2 7 4 3 6 12 8 9 10 11 0 13 14 5
294 289 5 1 0 7 4 3 6 2 8 9 10 11 12 13 14 5
295 290 5 1 7 0 4 3 6 2 8 9 10 11 12 13 14 5
288 283 5 1 2 7 4 5 6 8 13 9 10 11 12 0 14 3
286 281 5 1 2 7 4 5 6 11 8 9 10 3 12 13 0 14
284 279 5 1 2 7 4 5 6 11 8 9 10 12 0 13 14 3
285 280 5 1 2 7 4 5 6 0 8 9 10 12 11 13 14 3
288 283 5 1 2 7 4 5 6 11 8 0 10 3 12 13 14 9
288 283 5 1 2 7 4 5 6 12 8 9 10 0 11 13 14 3
289 285 4 1 2 7 4 5 6 12 8 9 10 3 11 13 14 0
288 283 5 1 2 7 4 5 6 12 8 9 10 11 13 0 14 3
288 283 5 1 2 7 4 5 11 6 8 9 10 0 12 13 14 3
289 285 4 1 2 7 4 5 11 6 8 9 10 3 12 13 14 0
291 286 5 1 2 7 4 5 11 0 8 9 10 6 12 13 14 3
289 284 5 1 2 4 0 5 6 8 7 9 10 11 12 13 14 3
287 282 5 1 2 7 4 0 6 11 8 9 10 3 12 13 14 5
286 281 5 1 2 7 4 5 6 11 8 9 0 3 12 13 14 10
288 283 5 0 1 7 4 5 6 2 8 9 10 11 12 13 14 3
290 286 4 3 1 7 4 5 6 2 8 9 10 11 12 13 14 0
291 286 5 2 1 7 4 5 6 0 8 9 10 11 12 13 14 3
292 287 5 2 0 7 4 5 6 1 8 9 10 11 12 13 14 3
292 288 4 0 2 7 4 5 6 1 8 9 10 11 12 13 14 3
294 291 3 3 2 7 4 5 6 1 8 9 10 11 12 13 14 0
299 294 5 3 2 7 4 5 6 1 8 0 10 11 12 13 14 9
298 293 5 3 2 7 4 0 6 1 8 9 10 11 12 13 14 5
300 295 5 0 2 7 4 3 6 1 8 9 10 11 12 13 14 5
302 298 4 5 2 7 4 3 6 1 8 9 10 11 12 13 14 0
298 293 5 3 2 7 4 5 6 1 8 9 10 0 12 13 14 11
300 295 5 0 2 7 4 5 6 1 8 9 10 3 12 13 14 11
302 298 4 11 2 7 4 5 6 1 8 9 10 3 12 13 14 0
297 292 5 3 2 7 4 5 6 1 8 9 10 11 12 13 0 14
297 292 5 3 2 7 4 5 6 1 8 9 0 11 12 13 14 10
295 290 5 11 2 7 4 5 6 1 8 9 10 0 12 13 14 3
295 290 5 5 2 7 4 0 6 1 8 9 10 11 12 13 14 3
288 283 5 0 2 7 4 5 6 11 8 9 10 3 12 13 14 1
292 287 5 0 1 8 4 5 6 7 2 9 10 11 12 13 14 3
294 290 4 3 1 8 4 5 6 7 2 9 10 11 12 13 14 0
286 281 5 3 2 7 4 5 6 11 8 9 10 0 12 13 14 1
284 279 5 1 2 7 4 5 0 11 8 9 10 6 12 13 14 3
289 284 5 1 0 2 4 5 6 8 7 9 10 11 12 13 14 3
293 288 5 2 7 0 4 5 6 1 8 9 10 11 12 13 14 3
284 279 5 11 2 7 4 5 6 0 8 9 10 1 12 13 14 3
294 289 5 6 2 7 4 5 0 1 8 9 10 11 12 13 14 3
295 290 5 6 2 7 4 5 1 0 8 9 10 11 12 13 14 3
297 291 6 6 2 7 4 5 1 8 0 9 10 11 12 13 14 3
298 292 6 6 2 0 4 5 1 8 7 9 10 11 12 13 14 3
297 291 6 6 2 7 4 5 1 12 8 9 10 11 0 13 14 3
265 259 6 1 3 7 4 5 6 12 8 9 10 0 11 13 14 2
266 261 5 1 3 7 4 5 6 12 8 9 10 2 11 13 14 0
268 262 6 1 3 7 4 5 6 0 8 9 10 12 11 13 14 2
269 263 6 1 3 7 4 5 6 11 8 9 10 12 0 13 14 2
269 264 5 1 3 7 4 5 6 11 8 9 10 0 12 13 14 2
270 266 4 1 3 7 4 5 6 11 8 9 10 2 12 13 14 0
275 269 6 1 3 7 4 5 6 11 8 0 10 2 12 13 14 9
265 259 6 2 1 3 4 5 6 8 7 9 0 11 12 13 14 10
275 269 6 0 3 7 4 5 6 11 8 9 10 2 12 13 14 1
278 272 6 11 3 7 4 5 6 0 8 9 10 2 12 13 14 1
279 273 6 11 0 7 4 5 6 3 8 9 10 2 12 13 14 1
280 274 6 11 7 0 4 5 6 3 8 9 10 2 12 13 14 1
280 274 6 0 11 7 4 5 6 3 8 9 10 2 12 13 14 1
281 277 4 1 11 7 4 5 6 3 8 9 10 2 12 13 14 0
284 279 5 1 11 7 4 5 6 3 8 9 10 0 12 13 14 2
288 282 6 1 11 7 4 0 6 3 8 9 10 5 12 13 14 2
289 284 5 1 11 7 4 2 6 3 8 9 10 5 12 13 14 0
292 286 6 1 11 7 4 2 6 3 8 9 10 0 12 13 14 5
295 289 6 1 11 7 4 2 6 0 8 9 10 3 12 13 14 5
296 290 6 1 0 7 4 2 6 11 8 9 10 3 12 13 14 5
297 291 6 1 7 0 4 2 6 11 8 9 10 3 12 13 14 5
223 217 6 12 0 3 7 5 6 2 8 9 10 11 4 13 14 1
224 218 6 0 12 3 7 5 6 2 8 9 10 11 4 13 14 1
225 221 4 1 12 3 7 5 6 2 8 9 10 11 4 13 14 0
230 224 6 1 12 3 7 5 6 2 8 0 10 11 4 13 14 9
231 225 6 1 12 3 0 5 6 2 8 7 10 11 4 13 14 9
229 223 6 1 12 3 7 0 6 2 8 9 10 11 4 13 14 5
230 224 6 1 12 3 0 7 6 2 8 9 10 11 4 13 14 5
270 264 6 1 8 3 4 5 6 7 13 0 10 11 12 2 9 14
271 265 6 1 8 3 4 5 6 7 0 13 10 11 12 2 9 14
272 266 6 1 8 3 4 5 6 7 2 13 10 11 12 0 9 14
273 267 6 1 8 3 4 5 6 7 2 13 10 11 12 9 0 14
272 268 4 1 8 3 4 5 6 7 2 13 10 11 12 9 14 0
276 271 5 1 8 3 4 5 6 7 2 0 10 11 12 9 14 13
277 272 5 1 8 3 4 5 6 7 0 2 10 11 12 9 14 13
278 273 5 1 8 3 4 5 6 7 9 2 10 11 12 0 14 13
280 274 6 1 8 3 4 5 6 7 9 2 10 11 12 14 0 13
280 275 5 1 8 3 4 5 6 7 9 2 10 11 12 14 13 0
284 278 6 1 8 3 4 5 6 7 9 0 10 11 12 14 13 2
284 279 5 1 8 3 4 5 6 7 0 9 10 11 12 14 13 2
285 280 5 1 8 3 4 5 6 7 14 9 10 11 12 0 13 2
285 281 4 1 8 3 4 5 6 7 14 9 10 11 12 13 0 2
285 282 3 1 8 3 4 5 6 7 14 9 10 11 12 13 2 0
290 285 5 1 8 3 4 5 6 7 14 0 10 11 12 13 2 9
291 286 5 1 8 3 4 5 6 7 0 14 10 11 12 13 2 9
291 286 5 1 8 3 4 5 6 7 14 2 10 11 12 13 0 9
291 287 4 1 8 3 4 5 6 7 14 2 10 11 12 13 9 0
290 285 5 0 8 3 4 5 6 7 14 9 10 11 12 13 2 1
291 286 5 8 0 3 4 5 6 7 14 9 10 11 12 13 2 1
289 284 5 1 8 3 4 0 6 7 14 9 10 11 12 13 2 5
289 284 5 1 8 3 4 5 6 7 14 9 10 0 12 13 2 11
288 283 5 1 8 3 4 5 6 7 14 9 0 11 12 13 2 10
287 282 5 1 8 3 4 5 6 7 14 0 10 11 12 13 9 2
288 283 5 1 8 3 4 5 6 7 0 14 10 11 12 13 9 2
290 284 6 1 8 3 4 5 6 0 7 14 10 11 12 13 9 2
291 285 6 1 0 3 4 5 6 8 7 14 10 11 12 13 9 2
290 284 6 1 8 3 4 5 6 7 13 14 10 11 12 0 9 2
291 285 6 1 8 3 4 5 6 7 13 14 10 11 12 9 0 2
291 286 5 1 8 3 4 5 6 7 13 14 10 11 12 9 2 0
291 286 5 1 8 3 4 5 6 7 13 0 10 11 12 9 14 2
292 287 5 1 8 3 4 5 6 7 0 13 10 11 12 9 14 2
293 288 5 1 8 3 4 5 6 7 9 13 10 11 12 0 14 2
295 289 6 1 8 3 4 5 6 7 9 13 10 11 0 12 14 2
275 269 6 1 8 3 4 11 6 7 13 9 10 0 12 2 14 5
276 271 5 1 8 3 4 11 6 7 13 9 10 5 12 2 14 0
247 241 6 1 2 3 7 5 6 11 8 10 0 4 12 13 14 9
247 242 5 1 2 3 7 5 6 11 8 10 9 4 12 13 14 0
250 244 6 1 2 3 7 5 6 11 8 10 9 0 12 13 14 4
252 247 5 1 2 3 7 5 6 0 8 10 9 11 12 13 14 4
254 248 6 1 2 3 7 5 6 8 0 10 9 11 12 13 14 4
255 249 6 1 2 3 7 5 6 8 10 0 9 11 12 13 14 4
255 250 5 1 2 3 7 5 6 8 10 9 0 11 12 13 14 4
255 251 4 1 2 3 7 5 6 8 10 9 4 11 12 13 14 0
260 254 6 1 2 3 7 5 6 8 10 0 4 11 12 13 14 9
261 255 6 1 2 3 7 5 6 8 10 4 0 11 12 13 14 9
261 256 5 1 2 3 7 5 6 8 10 4 9 11 12 13 14 0
253 247 6 4 2 3 7 5 6 11 8 0 10 1 12 13 14 9
254 248 6 4 2 3 0 5 6 11 8 7 10 1 12 13 14 9
261 255 6 1 2 3 7 5 6 8 0 10 4 11 12 13 14 9
261 256 5 1 2 3 7 5 6 0 8 10 4 11 12 13 14 9
263 257 6 1 2 3 7 5 0 6 8 10 4 11 12 13 14 9
263 257 6 1 2 3 7 5 6 12 8 10 4 11 0 13 14 9
276 270 6 1 3 0 4 2 6 8 7 9 10 11 12 13 14 5
267 261 6 1 8 3 4 5 6 7 9 14 2 11 12 13 0 10
267 262 5 1 8 3 4 5 6 7 9 14 2 11 12 13 10 0
271 265 6 1 8 3 4 5 6 7 9 0 2 11 12 13 10 14
271 266 5 1 8 3 4 5 6 7 0 9 2 11 12 13 10 14
273 267 6 1 8 3 4 5 6 0 7 9 2 11 12 13 10 14
274 268 6 1 0 3 4 5 6 8 7 9 2 11 12 13 10 14
273 267 6 1 8 3 4 5 6 7 13 9 2 11 12 0 10 14
274 268 6 1 8 3 4 5 6 7 13 9 2 11 12 10 0 14
273 269 4 1 8 3 4 5 6 7 13 9 2 11 12 10 14 0
275 270 5 1 8 3 4 5 6 7 13 9 0 11 12 10 14 2
277 271 6 1 8 3 4 5 6 7 13 0 9 11 12 10 14 2
278 272 6 1 8 3 4 5 6 7 0 13 9 11 12 10 14 2
279 273 6 1 8 3 4 5 6 7 10 13 9 11 12 0 14 2
247 241 6 1 2 3 7 5 0 12 8 9 10 6 11 13 14 4
248 242 6 1 2 3 7 5 12 0 8 9 10 6 11 13 14 4
249 243 6 1 2 3 7 5 12 11 8 9 10 6 0 13 14 4
250 244 6 1 2 3 7 5 12 11 8 9 10 0 6 13 14 4
252 247 5 1 2 3 7 5 12 0 8 9 10 11 6 13 14 4
253 248 5 1 2 3 7 5 0 12 8 9 10 11 6 13 14 4
253 248 5 1 2 3 7 5 12 6 8 9 10 11 0 13 14 4
251 246 5 1 2 3 7 5 12 11 8 9 10 4 6 13 14 0
255 249 6 1 2 3 7 5 12 6 8 9 10 11 13 0 14 4
273 267 6 8 7 3 4 5 6 0 9 2 10 11 12 13 14 1
274 268 6 8 7 3 4 5 6 9 0 2 10 11 12 13 14 1
275 269 6 8 7 3 4 5 6 9 2 0 10 11 12 13 14 1
273 267 6 11 8 3 4 5 6 7 9 2 10 0 12 13 14 1
274 269 5 11 8 3 4 5 6 7 9 2 10 1 12 13 14 0
278 272 6 11 8 3 4 5 6 7 9 0 10 1 12 13 14 2
278 273 5 11 8 3 4 5 6 7 0 9 10 1 12 13 14 2
280 274 6 11 8 3 4 5 6 0 7 9 10 1 12 13 14 2
281 275 6 11 0 3 4 5 6 8 7 9 10 1 12 13 14 2
282 276 6 0 11 3 4 5 6 8 7 9 10 1 12 13 14 2
284 279 5 2 11 3 4 5 6 8 7 9 10 1 12 13 14 0
283 278 5 1 11 3 4 5 6 8 7 9 10 0 12 13 14 2
284 280 4 1 11 3 4 5 6 8 7 9 10 2 12 13 14 0
286 281 5 1 11 3 4 5 6 0 7 9 10 8 12 13 14 2
286 282 4 1 11 3 4 5 6 7 0 9 10 8 12 13 14 2
288 283 5 1 11 3 4 5 6 7 9 0 10 8 12 13 14 2
288 283 5 1 11 3 4 5 6 7 13 9 10 8 12 0 14 2
288 283 5 1 11 0 4 5 6 7 3 9 10 8 12 13 14 2
289 284 5 1 0 11 4 5 6 7 3 9 10 8 12 13 14 2
287 282 5 1 0 3 4 5 6 11 7 9 10 8 12 13 14 2
289 283 6 1 3 0 4 5 6 11 7 9 10 8 12 13 14 2
290 284 6 1 3 7 4 5 6 11 0 9 10 8 12 13 14 2
291 285 6 1 3 7 4 5 6 0 11 9 10 8 12 13 14 2
292 286 6 1 0 7 4 5 6 3 11 9 10 8 12 13 14 2
293 287 6 1 7 0 4 5 6 3 11 9 10 8 12 13 14 2
294 288 6 1 7 11 4 5 6 3 0 9 10 8 12 13 14 2
213 207 6 5 2 3 7 10 6 4 8 9 0 11 12 13 14 1
213 208 5 5 2 3 7 10 6 4 8 9 1 11 12 13 14 0
217 211 6 0 2 3 7 10 6 4 8 9 1 11 12 13 14 5
220 214 6 4 2 3 7 10 6 0 8 9 1 11 12 13 14 5
272 266 6 0 8 3 4 5 6 7 9 2 10 1 12 13 14 11
273 267 6 8 0 3 4 5 6 7 9 2 10 1 12 13 14 11
271 265 6 1 8 3 4 5 6 7 9 2 10 12 0 13 14 11
263 257 6 1 8 3 4 5 6 7 13 0 10 11 12 14 9 2
264 258 6 1 8 3 4 5 6 7 0 13 10 11 12 14 9 2
265 259 6 1 8 3 4 5 6 7 14 13 10 11 12 0 9 2
266 260 6 1 8 3 4 5 6 7 14 13 10 11 12 9 0 2
266 261 5 1 8 3 4 5 6 7 14 13 10 11 12 9 2 0
270 264 6 1 8 3 4 5 6 7 14 0 10 11 12 9 2 13
271 265 6 1 8 3 4 5 6 7 0 14 10 11 12 9 2 13
272 266 6 1 8 3 4 5 6 7 9 14 10 11 12 0 2 13
273 267 6 1 8 3 4 5 6 7 9 14 10 11 12 2 0 13
273 268 5 1 8 3 4 5 6 7 9 14 10 11 12 2 13 0
273 268 5 1 8 3 4 5 6 7 9 0 10 11 12 2 14 13
273 269 4 1 8 3 4 5 6 7 0 9 10 11 12 2 14 13
274 270 4 1 8 3 4 5 6 7 2 9 10 11 12 0 14 13
276 271 5 1 8 3 4 5 6 7 2 9 10 11 12 14 0 13
276 272 4 1 8 3 4 5 6 7 2 9 10 11 12 14 13 0
276 271 5 1 8 3 4 5 6 7 2 9 10 11 0 12 14 13
275 270 5 1 8 3 4 5 6 0 7 9 10 11 12 2 14 13
276 271 5 1 0 3 4 5 6 8 7 9 10 11 12 2 14 13
275 270 5 1 8 0 4 5 6 7 3 9 10 11 12 2 14 13
276 271 5 1 0 8 4 5 6 7 3 9 10 11 12 2 14 13
278 272 6 0 1 8 4 5 6 7 3 9 10 11 12 2 14 13
280 275 5 13 1 8 4 5 6 7 3 9 10 11 12 2 14 0
273 267 6 1 8 3 4 5 6 0 9 2 10 7 12 13 14 11
274 268 6 1 8 3 4 5 6 9 0 2 10 7 12 13 14 11
275 269 6 1 8 3 4 5 6 9 2 0 10 7 12 13 14 11
249 243 6 1 7 3 4 5 6 9 2 14 10 11 12 13 0 8
249 244 5 1 7 3 4 5 6 9 2 14 10 11 12 13 8 0
253 247 6 1 7 3 4 5 6 9 2 0 10 11 12 13 8 14
254 248 6 1 7 3 4 5 6 9 0 2 10 11 12 13 8 14
255 249 6 1 7 3 4 5 6 0 9 2 10 11 12 13 8 14
255 250 5 1 0 3 4 5 6 7 9 2 10 11 12 13 8 14
257 251 6 1 3 0 4 5 6 7 9 2 10 11 12 13 8 14
258 252 6 1 3 9 4 5 6 7 0 2 10 11 12 13 8 14
259 253 6 1 3 9 4 5 6 7 2 0 10 11 12 13 8 14
260 254 6 1 3 9 4 5 6 7 2 8 10 11 12 13 0 14
259 255 4 1 3 9 4 5 6 7 2 8 10 11 12 13 14 0
264 258 6 0 3 9 4 5 6 7 2 8 10 11 12 13 14 1
265 259 6 3 0 9 4 5 6 7 2 8 10 11 12 13 14 1
266 260 6 3 9 0 4 5 6 7 2 8 10 11 12 13 14 1
267 261 6 3 9 2 4 5 6 7 0 8 10 11 12 13 14 1
267 262 5 3 9 2 4 5 6 7 8 0 10 11 12 13 14 1
269 263 6 3 9 2 4 5 6 7 8 10 0 11 12 13 14 1
269 264 5 3 9 2 4 5 6 7 8 10 1 11 12 13 14 0
273 267 6 3 9 2 4 5 6 7 8 0 1 11 12 13 14 10
274 268 6 3 9 2 4 5 6 7 8 1 0 11 12 13 14 10
273 269 4 3 9 2 4 5 6 7 8 1 10 11 12 13 14 0
277 272 5 0 9 2 4 5 6 7 8 1 10 11 12 13 14 3
278 273 5 9 0 2 4 5 6 7 8 1 10 11 12 13 14 3
278 274 4 9 2 0 4 5 6 7 8 1 10 11 12 13 14 3
280 275 5 9 2 4 0 5 6 7 8 1 10 11 12 13 14 3
281 276 5 9 2 4 1 5 6 7 8 0 10 11 12 13 14 3
280 275 5 9 2 8 4 5 6 7 0 1 10 11 12 13 14 3
281 276 5 9 2 8 4 5 6 7 1 0 10 11 12 13 14 3
283 277 6 9 2 8 4 5 6 7 1 10 0 11 12 13 14 3
283 278 5 9 2 8 4 5 6 7 1 10 3 11 12 13 14 0
287 281 6 9 2 8 4 5 6 7 1 0 3 11 12 13 14 10
288 282 6 9 2 8 4 5 6 7 1 3 0 11 12 13 14 10
287 283 4 9 2 8 4 5 6 7 1 3 10 11 12 13 14 0
291 286 5 0 2 8 4 5 6 7 1 3 10 11 12 13 14 9
295 289 6 7 2 8 4 5 6 0 1 3 10 11 12 13 14 9
296 290 6 7 2 8 4 5 6 1 0 3 10 11 12 13 14 9
296 291 5 7 2 0 4 5 6 1 8 3 10 11 12 13 14 9
298 292 6 7 2 4 0 5 6 1 8 3 10 11 12 13 14 9
299 293 6 7 2 4 3 5 6 1 8 0 10 11 12 13 14 9
264 258 6 6 1 8 4 5 0 7 3 9 10 11 12 13 14 2
261 255 6 2 8 1 4 5 6 7 3 9 10 0 12 13 14 11
263 257 6 0 8 1 4 5 6 7 3 9 10 2 12 13 14 11
265 260 5 11 8 1 4 5 6 7 3 9 10 2 12 13 14 0
268 262 6 1 8 3 4 5 6 7 9 2 10 11 12 0 13 14
269 263 6 1 8 3 4 5 6 7 0 2 10 11 12 9 13 14
261 255 6 2 8 1 4 0 6 7 3 9 10 11 12 13 14 5
263 257 6 0 8 1 4 2 6 7 3 9 10 11 12 13 14 5
265 260 5 5 8 1 4 2 6 7 3 9 10 11 12 13 14 0
206 200 6 1 2 4 3 5 6 12 8 9 7 11 0 13 14 10
215 209 6 5 2 3 7 11 6 4 8 9 10 0 12 13 14 1
216 211 5 5 2 3 7 11 6 4 8 9 10 1 12 13 14 0
286 280 6 3 2 7 4 5 6 8 0 9 10 1 12 13 14 11
287 281 6 3 2 0 4 5 6 8 7 9 10 1 12 13 14 11
267 261 6 2 1 8 4 5 6 7 3 9 10 11 12 13 0 14
265 259 6 11 1 8 4 5 6 7 3 9 10 0 12 13 14 2
266 261 5 11 1 8 4 5 6 7 3 9 10 2 12 13 14 0
270 264 6 0 1 8 4 5 6 7 3 9 10 2 12 13 14 11
270 265 5 1 0 8 4 5 6 7 3 9 10 2 12 13 14 11
271 266 5 1 8 0 4 5 6 7 3 9 10 2 12 13 14 11
271 267 4 1 8 3 4 5 6 7 0 9 10 2 12 13 14 11
273 268 5 1 8 3 4 5 6 7 9 0 10 2 12 13 14 11
273 268 5 1 8 3 4 5 6 0 7 9 10 2 12 13 14 11
274 269 5 1 0 3 4 5 6 8 7 9 10 2 12 13 14 11
273 268 5 1 8 3 4 5 6 7 13 9 10 2 12 0 14 11
275 269 6 1 8 3 4 5 6 7 13 9 10 2 12 14 0 11
275 270 5 1 8 3 4 5 6 7 13 9 10 2 12 14 11 0
278 272 6 1 8 3 4 5 6 7 13 9 10 0 12 14 11 2
266 260 6 7 1 8 4 5 6 0 3 9 10 11 12 13 14 2
267 261 6 7 1 8 4 5 6 3 0 9 10 11 12 13 14 2
267 262 5 7 1 0 4 5 6 3 8 9 10 11 12 13 14 2
268 263 5 7 0 1 4 5 6 3 8 9 10 11 12 13 14 2
269 264 5 0 7 1 4 5 6 3 8 9 10 11 12 13 14 2
271 267 4 2 7 1 4 5 6 3 8 9 10 11 12 13 14 0
272 267 5 3 7 1 4 5 6 0 8 9 10 11 12 13 14 2
272 268 4 3 0 1 4 5 6 7 8 9 10 11 12 13 14 2
273 269 4 3 1 0 4 5 6 7 8 9 10 11 12 13 14 2
273 269 4 0 3 1 4 5 6 7 8 9 10 11 12 13 14 2
275 272 3 2 3 1 4 5 6 7 8 9 10 11 12 13 14 0
280 275 5 2 3 1 4 5 6 7 8 0 10 11 12 13 14 9
279 274 5 2 3 1 4 0 6 7 8 9 10 11 12 13 14 5
281 276 5 0 3 1 4 2 6 7 8 9 10 11 12 13 14 5
283 279 4 5 3 1 4 2 6 7 8 9 10 11 12 13 14 0
282 277 5 3 0 1 4 2 6 7 8 9 10 11 12 13 14 5
283 278 5 3 1 0 4 2 6 7 8 9 10 11 12 13 14 5
279 274 5 2 3 1 4 5 6 7 8 9 10 0 12 13 14 11
281 276 5 0 3 1 4 5 6 7 8 9 10 2 12 13 14 11
283 279 4 11 3 1 4 5 6 7 8 9 10 2 12 13 14 0
282 277 5 3 0 1 4 5 6 7 8 9 10 2 12 13 14 11
283 278 5 3 1 0 4 5 6 7 8 9 10 2 12 13 14 11
278 273 5 2 3 1 4 5 6 7 8 9 10 11 12 13 0 14
278 273 5 2 3 1 4 5 6 7 8 9 0 11 12 13 14 10
276 271 5 11 3 1 4 5 6 7 8 9 10 0 12 13 14 2
275 270 5 3 1 8 4 5 6 7 0 9 10 11 12 13 14 2
269 264 5 7 3 1 4 5 6 0 8 9 10 11 12 13 14 2
275 270 5 3 1 4 0 5 6 7 8 9 10 11 12 13 14 2
276 271 5 5 3 1 4 0 6 7 8 9 10 11 12 13 14 2
275 270 5 6 3 1 4 5 0 7 8 9 10 11 12 13 14 2
277 271 6 6 3 1 4 5 7 0 8 9 10 11 12 13 14 2
278 272 6 6 0 1 4 5 7 3 8 9 10 11 12 13 14 2
279 273 6 6 1 0 4 5 7 3 8 9 10 11 12 13 14 2
292 286 6 1 2 7 4 9 6 12 8 0 10 11 3 13 14 5
286 280 6 11 2 1 4 5 6 7 8 14 10 0 12 13 3 9
287 282 5 11 2 1 4 5 6 7 8 14 10 9 12 13 3 0
291 285 6 11 2 1 4 5 6 7 8 0 10 9 12 13 3 14
273 267 6 1 3 7 4 5 6 8 0 9 10 2 12 13 14 11
285 279 6 9 2 1 4 5 6 7 8 14 3 11 12 13 0 10
285 280 5 9 2 1 4 5 6 7 8 14 3 11 12 13 10 0
289 283 6 9 2 1 4 5 6 7 8 0 3 11 12 13 10 14
290 284 6 9 2 1 4 5 6 7 8 3 0 11 12 13 10 14
290 285 5 9 2 1 4 5 6 7 8 3 14 11 12 13 10 0
294 288 6 9 2 1 4 5 6 7 8 0 14 11 12 13 10 3
295 289 6 9 2 1 4 5 6 7 8 10 14 11 12 13 0 3
295 290 5 9 2 1 4 5 6 7 8 10 14 11 12 13 3 0
299 293 6 9 2 1 4 5 6 7 8 0 14 11 12 13 3 10
286 280 6 3 0 7 4 1 6 2 8 9 10 11 12 13 14 5
287 281 6 3 7 0 4 1 6 2 8 9 10 11 12 13 14 5
284 278 6 11 2 7 4 1 6 3 8 9 10 0 12 13 14 5
285 280 5 11 2 7 4 1 6 3 8 9 10 5 12 13 14 0
286 280 6 3 2 7 4 1 0 6 8 9 10 11 12 13 14 5
276 270 6 5 2 1 4 10 6 7 8 3 0 11 12 13 14 9
276 271 5 5 2 1 4 10 6 7 8 3 9 11 12 13 14 0
280 274 6 5 2 1 4 10 6 7 8 0 9 11 12 13 14 3
280 275 5 5 2 1 4 10 6 7 8 9 0 11 12 13 14 3
280 276 4 5 2 1 4 10 6 7 8 9 3 11 12 13 14 0
280 276 4 5 2 1 4 0 6 7 8 9 10 11 12 13 14 3
281 278 3 5 2 1 4 3 6 7 8 9 10 11 12 13 14 0
281 278 3 0 2 1 4 5 6 7 8 9 10 11 12 13 14 3
283 281 2 3 2 1 4 5 6 7 8 9 10 11 12 13 14 0
288 284 4 3 2 1 4 5 6 7 8 0 10 11 12 13 14 9
287 283 4 3 2 1 4 0 6 7 8 9 10 11 12 13 14 5
287 283 4 3 2 1 4 5 6 7 8 9 10 0 12 13 14 11
289 285 4 0 2 1 4 5 6 7 8 9 10 3 12 13 14 11
291 288 3 11 2 1 4 5 6 7 8 9 10 3 12 13 14 0
286 282 4 3 2 1 4 5 6 7 8 9 10 11 12 13 0 14
286 282 4 3 2 1 4 5 6 7 8 9 0 11 12 13 14 10
285 281 4 7 2 1 4 5 6 0 8 9 10 11 12 13 14 3
284 280 4 11 2 1 4 5 6 7 8 9 10 0 12 13 14 3
283 279 4 2 0 1 4 5 6 7 8 9 10 11 12 13 14 3
284 280 4 2 1 0 4 5 6 7 8 9 10 11 12 13 14 3
283 279 4 6 2 1 4 5 0 7 8 9 10 11 12 13 14 3
285 281 4 0 2 1 4 3 6 7 8 9 10 11 12 13 14 5
289 284 5 7 2 1 4 3 6 0 8 9 10 11 12 13 14 5
288 283 5 11 2 1 4 3 6 7 8 9 10 0 12 13 14 5
289 285 4 11 2 1 4 3 6 7 8 9 10 5 12 13 14 0
293 288 5 0 2 1 4 3 6 7 8 9 10 5 12 13 14 11
287 282 5 2 0 1 4 3 6 7 8 9 10 11 12 13 14 5
288 283 5 2 1 0 4 3 6 7 8 9 10 11 12 13 14 5
287 282 5 6 2 1 4 3 0 7 8 9 10 11 12 13 14 5
285 280 5 6 2 1 4 5 7 0 8 9 10 11 12 13 14 3
285 280 5 6 2 1 4 5 11 7 8 9 10 0 12 13 14 3
286 282 4 6 2 1 4 5 11 7 8 9 10 3 12 13 14 0
290 285 5 0 2 1 4 5 11 7 8 9 10 3 12 13 14 6
292 287 5 3 2 1 4 5 11 7 8 9 10 0 12 13 14 6
293 289 4 3 2 1 4 5 11 7 8 9 10 6 12 13 14 0
292 288 4 3 2 1 4 5 0 7 8 9 10 11 12 13 14 6
294 289 5 3 2 1 4 5 7 0 8 9 10 11 12 13 14 6
291 286 5 11 2 1 4 5 0 7 8 9 10 3 12 13 14 6
292 287 5 11 2 1 4 5 3 7 8 9 10 0 12 13 14 6
293 289 4 0 2 1 4 5 3 7 8 9 10 11 12 13 14 6
295 292 3 6 2 1 4 5 3 7 8 9 10 11 12 13 14 0
293 289 4 11 2 1 4 5 3 7 8 9 10 6 12 13 14 0
297 292 5 0 2 1 4 5 3 7 8 9 10 6 12 13 14 11
300 295 5 6 2 1 4 5 3 7 8 0 10 11 12 13 14 9
299 294 5 6 2 1 4 0 3 7 8 9 10 11 12 13 14 5
301 296 5 0 2 1 4 6 3 7 8 9 10 11 12 13 14 5
303 299 4 5 2 1 4 6 3 7 8 9 10 11 12 13 14 0
302 297 5 3 2 1 4 6 0 7 8 9 10 11 12 13 14 5
299 294 5 6 2 1 4 5 3 7 8 9 10 0 12 13 14 11
298 293 5 6 2 1 4 5 3 7 8 9 10 11 12 13 0 14
291 286 5 11 2 1 4 0 6 7 8 9 10 3 12 13 14 5
293 288 5 0 2 1 4 11 6 7 8 9 10 3 12 13 14 5
295 291 4 5 2 1 4 11 6 7 8 9 10 3 12 13 14 0
288 283 5 3 2 1 4 0 6 7 8 9 5 11 12 13 14 10
289 285 4 3 2 1 4 10 6 7 8 9 5 11 12 13 14 0
293 288 5 0 2 1 4 10 6 7 8 9 5 11 12 13 14 3
295 290 5 10 2 1 4 0 6 7 8 9 5 11 12 13 14 3
296 292 4 10 2 1 4 3 6 7 8 9 5 11 12 13 14 0
295 291 4 10 2 1 4 5 6 7 8 9 0 11 12 13 14 3
295 292 3 10 2 1 4 5 6 7 8 9 3 11 12 13 14 0
299 295 4 0 2 1 4 5 6 7 8 9 3 11 12 13 14 10
303 298 5 7 2 1 4 5 6 0 8 9 3 11 12 13 14 10
302 297 5 11 2 1 4 5 6 7 8 9 3 0 12 13 14 10
303 299 4 11 2 1 4 5 6 7 8 9 3 10 12 13 14 0
307 302 5 0 2 1 4 5 6 7 8 9 3 10 12 13 14 11
305 300 5 11 2 1 4 5 6 7 8 9 0 10 12 13 14 3
286 281 5 11 2 1 4 5 6 7 8 9 10 12 0 13 14 3
284 279 5 0 2 1 4 10 6 7 8 9 3 11 12 13 14 5
286 281 5 2 1 4 0 5 6 7 8 9 10 11 12 13 14 3
284 279 5 5 2 1 4 3 6 7 8 9 0 11 12 13 14 10
286 281 5 2 1 8 4 5 6 7 0 9 10 11 12 13 14 3
289 284 5 3 2 1 4 10 6 7 8 9 0 11 12 13 14 5
282 277 5 5 2 1 0 4 6 7 8 9 10 11 12 13 14 3
283 278 5 5 2 0 1 4 6 7 8 9 10 11 12 13 14 3
285 280 5 5 2 1 4 3 6 7 8 9 10 0 12 13 14 11
283 278 5 5 2 1 4 0 6 7 8 9 3 11 12 13 14 10
298 293 5 6 2 1 4 5 3 7 8 9 0 11 12 13 14 10
290 285 5 3 2 1 0 5 6 7 8 4 10 11 12 13 14 9
291 286 5 3 2 0 1 5 6 7 8 4 10 11 12 13 14 9
290 285 5 3 2 1 4 5 6 7 8 14 10 11 12 13 0 9
290 286 4 3 2 1 4 5 6 7 8 14 10 11 12 13 9 0
294 289 5 0 2 1 4 5 6 7 8 14 10 11 12 13 9 3
296 291 5 11 2 1 4 5 6 7 8 0 10 3 12 13 14 9
284 279 5 5 2 1 4 11 6 7 8 9 10 0 12 13 14 3
286 281 5 0 2 1 4 11 6 7 8 9 10 5 12 13 14 3
288 284 4 3 2 1 4 11 6 7 8 9 10 5 12 13 14 0
291 286 5 3 2 1 4 9 6 7 8 0 10 11 12 13 14 5
291 286 5 6 2 1 4 5 0 7 8 9 10 3 12 13 14 11
291 286 5 3 2 1 4 0 6 7 8 9 10 5 12 13 14 11
291 286 5 2 0 1 4 5 6 7 8 9 10 3 12 13 14 11
292 287 5 2 1 0 4 5 6 7 8 9 10 3 12 13 14 11
296 291 5 5 2 1 4 0 3 7 8 9 10 11 12 13 14 6
287 282 5 0 2 1 4 5 11 7 8 9 10 6 12 13 14 3
295 290 5 2 0 1 4 5 3 7 8 9 10 11 12 13 14 6
296 291 5 2 1 0 4 5 3 7 8 9 10 11 12 13 14 6
285 280 5 2 7 1 4 5 6 0 8 9 10 11 12 13 14 3
288 283 5 3 2 1 4 5 6 7 8 0 9 11 12 13 14 10
290 285 5 3 2 1 4 5 6 7 0 8 10 11 12 13 14 9
291 286 5 3 2 0 4 5 6 7 1 8 10 11 12 13 14 9
294 289 5 11 2 1 4 5 6 7 8 9 0 3 12 13 14 10
293 288 5 7 2 1 4 5 6 0 8 9 10 3 12 13 14 11
284 279 5 5 2 1 4 3 6 7 8 9 10 11 12 13 0 14
294 289 5 11 2 1 4 5 6 7 8 9 10 3 12 13 0 14
291 286 5 3 2 1 4 5 6 0 8 9 10 7 12 13 14 11
291 286 5 3 2 1 4 11 6 7 8 9 10 0 12 13 14 5
301 296 5 6 2 1 4 5 0 7 8 9 3 11 12 13 14 10
287 282 5 7 2 1 4 5 6 8 0 9 10 11 12 13 14 3
288 283 5 7 2 0 4 5 6 8 1 9 10 11 12 13 14 3
290 285 5 0 2 1 4 3 6 7 8 9 5 11 12 13 14 10
288 283 5 3 2 1 4 5 6 7 8 9 10 11 12 0 13 14
288 283 5 5 2 1 4 0 6 7 8 9 10 3 12 13 14 11
288 283 5 3 2 1 4 5 6 7 8 0 10 11 12 13 9 14
298 293 5 10 2 1 4 5 6 7 8 9 3 11 12 13 0 14
287 282 5 7 2 1 4 5 6 12 8 9 10 11 0 13 14 3
298 293 5 10 2 1 4 3 6 7 8 9 0 11 12 13 14 5
287 282 5 7 2 1 4 5 0 6 8 9 10 11 12 13 14 3
297 292 5 10 2 1 4 5 6 7 8 0 9 11 12 13 14 3
288 283 5 11 2 1 4 5 6 0 8 9 10 7 12 13 14 3
299 294 5 10 2 1 4 5 6 7 8 9 3 0 12 13 14 11
286 281 5 10 2 1 4 0 6 7 8 9 3 11 12 13 14 5
287 282 5 7 0 1 4 5 6 2 8 9 10 11 12 13 14 3
288 283 5 7 1 0 4 5 6 2 8 9 10 11 12 13 14 3
288 283 5 0 7 1 4 5 6 2 8 9 10 11 12 13 14 3
290 286 4 3 7 1 4 5 6 2 8 9 10 11 12 13 14 0
288 283 5 11 2 1 4 0 6 7 8 9 10 5 12 13 14 3
286 281 5 11 2 1 4 5 0 7 8 9 10 6 12 13 14 3
301 296 5 2 0 1 4 5 6 7 8 9 3 11 12 13 14 10
302 297 5 2 1 0 4 5 6 7 8 9 3 11 12 13 14 10
297 292 5 7 2 1 4 5 3 0 8 9 10 11 12 13 14 6
298 293 5 7 2 1 4 5 0 3 8 9 10 11 12 13 14 6
289 284 5 3 2 1 0 4 6 7 8 9 10 11 12 13 14 5
290 285 5 3 2 0 1 4 6 7 8 9 10 11 12 13 14 5
289 284 5 3 2 1 4 5 0 7 8 9 10 6 12 13 14 11
289 284 5 3 2 1 4 5 6 7 8 9 10 12 0 13 14 11
290 285 5 3 2 1 4 5 6 7 8 10 0 11 12 13 14 9
290 286 4 3 2 1 4 5 6 7 8 10 9 11 12 13 14 0
294 289 5 0 2 1 4 5 6 7 8 10 9 11 12 13 14 3
300 295 5 10 2 1 4 5 6 7 8 0 3 11 12 13 14 9
301 296 5 10 2 1 4 5 6 7 8 3 0 11 12 13 14 9
301 297 4 10 2 1 4 5 6 7 8 3 9 11 12 13 14 0
305 300 5 0 2 1 4 5 6 7 8 3 9 11 12 13 14 10
309 303 6 7 2 1 4 5 6 0 8 3 9 11 12 13 14 10
223 217 6 1 4 3 7 11 6 2 8 9 10 0 12 13 14 5
224 219 5 1 4 3 7 11 6 2 8 9 10 5 12 13 14 0
259 253 6 4 2 3 7 0 6 1 8 9 10 5 12 13 14 11
260 255 5 4 2 3 7 11 6 1 8 9 10 5 12 13 14 0
264 258 6 0 2 3 7 11 6 1 8 9 10 5 12 13 14 4
266 261 5 1 2 3 7 11 6 0 8 9 10 5 12 13 14 4
268 262 6 1 2 3 7 11 6 8 0 9 10 5 12 13 14 4
238 232 6 6 4 3 7 5 0 1 8 9 10 11 12 13 14 2
239 233 6 6 4 3 7 5 1 0 8 9 10 11 12 13 14 2
240 234 6 6 0 3 7 5 1 4 8 9 10 11 12 13 14 2
241 235 6 0 6 3 7 5 1 4 8 9 10 11 12 13 14 2
243 238 5 2 6 3 7 5 1 4 8 9 10 11 12 13 14 0
241 236 5 1 6 3 7 5 0 4 8 9 10 11 12 13 14 2
242 237 5 1 6 3 7 5 4 0 8 9 10 11 12 13 14 2
243 238 5 1 0 3 7 5 4 6 8 9 10 11 12 13 14 2
245 239 6 1 3 0 7 5 4 6 8 9 10 11 12 13 14 2
246 240 6 1 3 7 0 5 4 6 8 9 10 11 12 13 14 2
281 275 6 6 2 1 4 9 0 7 8 3 10 11 12 13 14 5
279 273 6 5 2 1 4 3 6 7 8 10 0 11 12 13 14 9
279 274 5 5 2 1 4 3 6 7 8 10 9 11 12 13 14 0
283 277 6 0 2 1 4 3 6 7 8 10 9 11 12 13 14 5
178 172 6 7 2 3 9 5 6 4 8 1 0 11 12 13 14 10
179 173 6 7 2 3 9 5 6 4 8 0 1 11 12 13 14 10
179 174 5 7 2 3 0 5 6 4 8 9 1 11 12 13 14 10
181 175 6 7 2 3 5 0 6 4 8 9 1 11 12 13 14 10
182 177 5 7 2 3 5 10 6 4 8 9 1 11 12 13 14 0
186 180 6 0 2 3 5 10 6 4 8 9 1 11 12 13 14 7
189 183 6 4 2 3 5 10 6 0 8 9 1 11 12 13 14 7
193 187 6 1 2 3 9 5 6 4 13 8 10 11 12 0 14 7
281 275 6 9 2 1 4 5 6 0 7 8 10 11 12 13 14 3
281 275 6 9 2 1 4 5 6 7 8 14 10 11 12 0 13 3
282 276 6 9 2 4 0 5 6 7 1 8 10 11 12 13 14 3
283 277 6 9 2 4 8 5 6 7 1 0 10 11 12 13 14 3
284 278 6 9 2 4 8 5 6 7 0 1 10 11 12 13 14 3
285 279 6 9 2 0 8 5 6 7 4 1 10 11 12 13 14 3
286 280 6 9 2 8 0 5 6 7 4 1 10 11 12 13 14 3
287 281 6 9 2 8 1 5 6 7 4 0 10 11 12 13 14 3
285 279 6 9 2 1 0 5 6 7 8 4 10 11 12 13 3 14
286 280 6 9 2 0 1 5 6 7 8 4 10 11 12 13 3 14
194 188 6 1 2 3 9 5 6 12 4 8 10 11 0 13 14 7
282 276 6 9 2 1 4 3 6 7 8 14 10 11 12 13 0 5
282 277 5 9 2 1 4 3 6 7 8 14 10 11 12 13 5 0
286 280 6 9 2 1 4 3 6 7 8 0 10 11 12 13 5 14
287 281 6 9 2 1 4 3 6 7 8 5 10 11 12 13 0 14
286 282 4 9 2 1 4 3 6 7 8 5 10 11 12 13 14 0
290 285 5 0 2 1 4 3 6 7 8 5 10 11 12 13 14 9
292 287 5 3 2 1 4 0 6 7 8 5 10 11 12 13 14 9
293 289 4 3 2 1 4 9 6 7 8 5 10 11 12 13 14 0
297 292 5 0 2 1 4 9 6 7 8 5 10 11 12 13 14 3
289 284 5 9 2 1 4 0 6 7 8 5 10 11 12 13 14 3
293 287 6 9 2 1 4 11 6 7 8 5 10 0 12 13 14 3
294 289 5 9 2 1 4 11 6 7 8 5 10 3 12 13 14 0
298 292 6 9 2 1 4 11 6 7 8 0 10 3 12 13 14 5
196 190 6 0 2 3 9 5 6 4 8 14 10 11 12 13 7 1
199 193 6 4 2 3 9 5 6 0 8 14 10 11 12 13 7 1
277 271 6 7 0 1 4 5 6 2 8 3 10 11 12 13 14 9
278 272 6 7 1 0 4 5 6 2 8 3 10 11 12 13 14 9
287 281 6 7 2 1 4 5 6 0 8 14 10 11 12 13 3 9
277 271 6 7 2 1 4 5 6 8 0 3 10 11 12 13 14 9
278 272 6 7 2 1 4 5 6 8 3 0 10 11 12 13 14 9
199 193 6 1 2 3 5 10 6 4 8 9 0 11 12 13 7 14
199 194 5 1 2 3 5 10 6 4 8 9 14 11 12 13 7 0
202 196 6 1 2 3 5 0 6 4 8 9 14 11 12 13 7 10
202 197 5 1 2 3 0 5 6 4 8 9 14 11 12 13 7 10
204 198 6 1 2 0 3 5 6 4 8 9 14 11 12 13 7 10
193 187 6 1 2 8 3 5 6 4 13 9 10 11 12 0 14 7
278 272 6 11 2 1 4 5 6 0 8 3 10 7 12 13 14 9
211 205 6 1 2 3 9 7 6 4 8 0 5 11 12 13 14 10
220 214 6 0 2 3 7 1 4 6 8 9 10 11 12 13 14 5
222 217 5 5 2 3 7 1 4 6 8 9 10 11 12 13 14 0
224 218 6 0 2 3 11 5 6 4 8 7 10 1 12 13 14 9
226 221 5 9 2 3 11 5 6 4 8 7 10 1 12 13 14 0
230 224 6 9 2 3 11 5 6 4 8 0 10 1 12 13 14 7
231 225 6 9 2 3 0 5 6 4 8 11 10 1 12 13 14 7
278 272 6 11 2 1 4 5 6 7 8 3 0 9 12 13 14 10
279 273 6 11 2 1 4 5 6 7 8 0 3 9 12 13 14 10
275 269 6 6 2 1 4 5 11 7 8 3 10 0 12 13 14 9
276 271 5 6 2 1 4 5 11 7 8 3 10 9 12 13 14 0
280 274 6 6 2 1 4 5 11 7 8 0 10 9 12 13 14 3
281 275 6 11 2 1 4 5 6 7 0 8 10 9 12 13 14 3
282 276 6 11 2 0 4 5 6 7 1 8 10 9 12 13 14 3
281 275 6 11 2 1 4 5 6 7 8 14 10 9 12 13 0 3
281 275 6 11 2 1 0 5 6 7 8 4 10 9 12 13 14 3
282 276 6 11 2 0 1 5 6 7 8 4 10 9 12 13 14 3
201 195 6 1 2 3 5 11 6 4 8 9 10 0 12 13 7 14
202 197 5 1 2 3 5 11 6 4 8 9 10 14 12 13 7 0
205 199 6 1 2 3 5 0 6 4 8 9 10 14 12 13 7 11
205 200 5 1 2 3 0 5 6 4 8 9 10 14 12 13 7 11
207 201 6 1 2 0 3 5 6 4 8 9 10 14 12 13 7 11
229 223 6 1 2 3 9 11 6 4 8 0 10 5 12 13 14 7
229 224 5 1 2 3 0 11 6 4 8 9 10 5 12 13 14 7
230 225 5 1 2 3 11 0 6 4 8 9 10 5 12 13 14 7
232 228 4 1 2 3 11 5 6 4 8 9 10 0 12 13 14 7
233 230 3 1 2 3 11 5 6 4 8 9 10 7 12 13 14 0
235 231 4 1 2 3 11 5 6 0 8 9 10 4 12 13 14 7
231 227 4 1 2 3 11 7 6 4 8 9 10 5 12 13 14 0
234 229 5 1 2 3 11 7 6 4 8 9 10 0 12 13 14 5
237 232 5 1 2 3 11 7 6 0 8 9 10 4 12 13 14 5
237 232 5 1 2 3 11 5 6 8 0 9 10 4 12 13 14 7
237 232 5 1 2 3 11 5 0 6 8 9 10 4 12 13 14 7
238 233 5 1 2 3 11 5 4 6 8 9 10 0 12 13 14 7
239 235 4 1 2 3 11 5 4 6 8 9 10 7 12 13 14 0
241 236 5 1 2 3 11 5 4 0 8 9 10 6 12 13 14 7
237 232 5 1 2 3 11 5 6 12 8 9 10 4 0 13 14 7
238 233 5 1 2 3 11 5 6 12 8 9 10 0 4 13 14 7
239 235 4 1 2 3 11 5 6 12 8 9 10 7 4 13 14 0
241 236 5 1 2 3 11 5 6 0 8 9 10 12 4 13 14 7
238 233 5 1 2 3 11 5 6 4 8 0 10 7 12 13 14 9
239 234 5 1 2 3 0 5 6 4 8 11 10 7 12 13 14 9
234 229 5 1 2 3 11 5 6 4 8 9 10 12 0 13 14 7
234 229 5 1 2 3 11 5 0 4 8 9 10 6 12 13 14 7
236 231 5 1 2 3 11 5 6 4 8 9 0 7 12 13 14 10
235 230 5 0 2 3 11 5 6 4 8 9 10 1 12 13 14 7
237 233 4 7 2 3 11 5 6 4 8 9 10 1 12 13 14 0
240 235 5 7 2 3 11 5 6 4 8 9 10 0 12 13 14 1
243 238 5 7 2 3 11 5 6 0 8 9 10 4 12 13 14 1
238 233 5 4 2 3 11 5 6 0 8 9 10 1 12 13 14 7
237 232 5 1 0 3 11 5 6 2 8 9 10 4 12 13 14 7
238 233 5 0 2 3 11 5 6 4 8 9 10 7 12 13 14 1
241 236 5 4 2 3 11 5 6 0 8 9 10 7 12 13 14 1
236 231 5 1 2 3 11 5 6 4 8 9 10 7 12 13 0 14
237 232 5 1 2 3 11 0 6 4 8 9 10 7 12 13 14 5
238 233 5 1 2 3 0 11 6 4 8 9 10 7 12 13 14 5
240 234 6 1 2 0 3 11 6 4 8 9 10 7 12 13 14 5
243 237 6 4 2 3 11 5 0 6 8 9 10 7 12 13 14 1
244 238 6 4 2 3 11 5 7 6 8 9 10 0 12 13 14 1
245 240 5 4 2 3 11 5 7 6 8 9 10 1 12 13 14 0
249 243 6 0 2 3 11 5 7 6 8 9 10 1 12 13 14 4
250 245 5 1 2 3 11 5 7 6 8 9 10 0 12 13 14 4
251 247 4 1 2 3 11 5 7 6 8 9 10 4 12 13 14 0
253 248 5 1 2 3 11 5 7 0 8 9 10 6 12 13 14 4
253 249 4 1 2 3 11 5 0 7 8 9 10 6 12 13 14 4
253 250 3 1 2 3 11 5 6 7 8 9 10 0 12 13 14 4
254 252 2 1 2 3 11 5 6 7 8 9 10 4 12 13 14 0
259 255 4 1 2 3 11 5 6 7 8 0 10 4 12 13 14 9
260 256 4 1 2 3 0 5 6 7 8 11 10 4 12 13 14 9
259 255 4 0 2 3 11 5 6 7 8 9 10 4 12 13 14 1
261 257 4 4 2 3 11 5 6 7 8 9 10 0 12 13 14 1
262 259 3 4 2 3 11 5 6 7 8 9 10 1 12 13 14 0
258 254 4 1 2 3 11 0 6 7 8 9 10 4 12 13 14 5
261 257 4 1 2 3 11 4 6 7 8 9 10 0 12 13 14 5
262 259 3 1 2 3 11 4 6 7 8 9 10 5 12 13 14 0
259 255 4 1 2 3 0 11 6 7 8 9 10 4 12 13 14 5
257 253 4 1 2 3 11 5 6 7 8 9 10 4 12 13 0 14
257 253 4 1 2 3 11 5 6 7 8 9 0 4 12 13 14 10
257 253 4 1 2 3 11 5 6 0 8 9 10 7 12 13 14 4
257 253 4 1 2 3 11 0 6 7 8 9 10 5 12 13 14 4
258 254 4 1 2 3 0 11 6 7 8 9 10 5 12 13 14 4
255 251 4 1 2 3 11 5 6 7 8 9 10 12 0 13 14 4
256 252 4 0 2 3 11 5 6 7 8 9 10 1 12 13 14 4
260 255 5 7 2 3 11 5 6 0 8 9 10 1 12 13 14 4
259 254 5 5 2 3 11 0 6 7 8 9 10 1 12 13 14 4
260 256 4 5 2 3 11 4 6 7 8 9 10 1 12 13 14 0
263 258 5 5 2 3 11 4 6 7 8 9 10 0 12 13 14 1
262 257 5 5 2 3 11 1 6 7 8 9 10 0 12 13 14 4
263 259 4 5 2 3 11 1 6 7 8 9 10 4 12 13 14 0
260 255 5 5 2 3 0 11 6 7 8 9 10 1 12 13 14 4
258 253 5 2 0 3 11 5 6 7 8 9 10 1 12 13 14 4
258 253 5 6 2 3 11 5 0 7 8 9 10 1 12 13 14 4
259 254 5 6 2 3 11 5 1 7 8 9 10 0 12 13 14 4
260 256 4 6 2 3 11 5 1 7 8 9 10 4 12 13 14 0
264 259 5 0 2 3 11 5 1 7 8 9 10 4 12 13 14 6
264 260 4 1 2 3 11 5 0 7 8 9 10 4 12 13 14 6
265 261 4 1 2 3 11 5 4 7 8 9 10 0 12 13 14 6
266 263 3 1 2 3 11 5 4 7 8 9 10 6 12 13 14 0
271 266 5 1 2 3 11 5 4 7 8 0 10 6 12 13 14 9
272 267 5 1 2 3 0 5 4 7 8 11 10 6 12 13 14 9
271 266 5 0 2 3 11 5 4 7 8 9 10 6 12 13 14 1
273 268 5 6 2 3 11 5 4 7 8 9 10 0 12 13 14 1
274 270 4 6 2 3 11 5 4 7 8 9 10 1 12 13 14 0
270 265 5 1 2 3 11 0 4 7 8 9 10 6 12 13 14 5
273 268 5 1 2 3 11 6 4 7 8 9 10 0 12 13 14 5
274 270 4 1 2 3 11 6 4 7 8 9 10 5 12 13 14 0
274 269 5 1 2 3 11 6 0 7 8 9 10 4 12 13 14 5
271 266 5 1 2 3 0 11 4 7 8 9 10 6 12 13 14 5
269 264 5 1 2 3 11 5 4 7 8 9 10 6 12 13 0 14
269 264 5 1 2 3 11 5 4 7 8 9 0 6 12 13 14 10
269 264 5 1 2 3 11 5 4 0 8 9 10 7 12 13 14 6
270 265 5 1 2 3 11 5 0 4 8 9 10 7 12 13 14 6
271 266 5 1 2 3 11 5 7 4 8 9 10 0 12 13 14 6
272 268 4 1 2 3 11 5 7 4 8 9 10 6 12 13 14 0
269 264 5 1 2 3 11 0 4 7 8 9 10 5 12 13 14 6
270 265 5 1 2 3 0 11 4 7 8 9 10 5 12 13 14 6
268 263 5 0 2 3 11 5 4 7 8 9 10 1 12 13 14 6
269 264 5 4 2 3 11 5 0 7 8 9 10 1 12 13 14 6
267 262 5 1 2 3 11 5 4 7 8 9 10 12 0 13 14 6
261 256 5 0 2 3 11 5 1 7 8 9 10 6 12 13 14 4
263 259 4 4 2 3 11 5 1 7 8 9 10 6 12 13 14 0
266 261 5 4 2 3 11 5 1 7 8 9 10 0 12 13 14 6
266 261 5 1 2 3 11 5 7 0 8 9 10 4 12 13 14 6
257 252 5 1 2 3 11 5 6 7 8 9 10 12 13 0 14 4
257 252 5 1 2 3 11 5 6 0 8 9 10 12 7 13 14 4
261 256 5 1 2 3 11 5 6 7 8 14 10 4 12 13 0 9
261 257 4 1 2 3 11 5 6 7 8 14 10 4 12 13 9 0
264 259 5 1 2 3 11 5 6 7 8 14 10 0 12 13 9 4
260 255 5 1 2 0 3 11 6 7 8 9 10 5 12 13 14 4
261 256 5 1 2 3 11 5 6 7 0 8 10 4 12 13 14 9
260 255 5 1 2 3 9 11 6 7 8 0 10 5 12 13 14 4
265 260 5 4 2 3 11 0 6 7 8 9 10 5 12 13 14 1
266 262 4 4 2 3 11 1 6 7 8 9 10 5 12 13 14 0
269 264 5 4 2 3 11 1 6 7 8 9 10 0 12 13 14 5
266 261 5 4 2 3 0 11 6 7 8 9 10 5 12 13 14 1
262 257 5 5 2 3 11 0 6 7 8 9 10 4 12 13 14 1
263 258 5 5 2 3 0 11 6 7 8 9 10 4 12 13 14 1
261 256 5 2 0 3 11 5 6 7 8 9 10 4 12 13 14 1
263 258 5 4 2 3 11 5 0 7 8 9 10 6 12 13 14 1
263 258 5 4 2 3 11 5 6 7 8 9 10 12 0 13 14 1
263 258 5 1 2 3 11 4 6 7 8 9 10 12 0 13 14 5
267 262 5 4 2 3 11 5 6 7 8 0 10 1 12 13 14 9
268 263 5 4 2 3 0 5 6 7 8 11 10 1 12 13 14 9
265 260 5 4 2 3 11 5 6 7 8 9 10 1 12 13 0 14
265 260 5 4 2 3 11 5 6 7 8 9 0 1 12 13 14 10
266 261 5 4 2 3 11 0 6 7 8 9 10 1 12 13 14 5
267 262 5 4 2 3 0 11 6 7 8 9 10 1 12 13 14 5
263 258 5 1 2 3 11 4 0 7 8 9 10 6 12 13 14 5
261 256 5 0 2 3 11 1 6 7 8 9 10 4 12 13 14 5
260 255 5 1 2 3 11 10 6 7 8 9 0 4 12 13 14 5
260 256 4 1 2 3 11 10 6 7 8 9 5 4 12 13 14 0
263 258 5 1 2 3 11 10 6 7 8 9 5 0 12 13 14 4
266 261 5 1 2 3 11 0 6 7 8 9 5 10 12 13 14 4
267 263 4 1 2 3 11 4 6 7 8 9 5 10 12 13 14 0
266 262 4 1 2 3 11 5 6 7 8 9 0 10 12 13 14 4
266 263 3 1 2 3 11 5 6 7 8 9 4 10 12 13 14 0
269 265 4 1 2 3 11 5 6 7 8 9 4 0 12 13 14 10
273 268 5 1 2 3 11 5 6 0 8 9 4 7 12 13 14 10
273 268 5 1 2 3 11 0 6 7 8 9 4 5 12 13 14 10
274 270 4 1 2 3 11 10 6 7 8 9 4 5 12 13 14 0
277 272 5 1 2 3 11 10 6 7 8 9 4 0 12 13 14 5
274 269 5 1 2 3 0 11 6 7 8 9 4 5 12 13 14 10
272 267 5 0 2 3 11 5 6 7 8 9 4 1 12 13 14 10
274 270 4 10 2 3 11 5 6 7 8 9 4 1 12 13 14 0
277 272 5 10 2 3 11 5 6 7 8 9 4 0 12 13 14 1
276 271 5 10 2 3 11 5 6 7 8 9 0 1 12 13 14 4
271 266 5 1 2 3 11 5 6 7 8 9 4 12 0 13 14 10
271 266 5 1 2 3 11 5 0 7 8 9 4 6 12 13 14 10
271 266 5 1 2 3 11 5 6 7 8 0 4 10 12 13 14 9
272 267 5 1 2 3 11 5 6 7 8 4 0 10 12 13 14 9
272 268 4 1 2 3 11 5 6 7 8 4 9 10 12 13 14 0
275 270 5 1 2 3 11 5 6 7 8 4 9 0 12 13 14 10
272 267 5 1 2 3 0 5 6 7 8 11 4 10 12 13 14 9
271 266 5 0 2 3 11 5 6 7 8 9 4 10 12 13 14 1
267 262 5 1 2 3 0 11 6 7 8 9 5 10 12 13 14 4
261 256 5 6 2 3 11 5 0 7 8 9 10 4 12 13 14 1
269 264 5 1 2 3 11 5 6 7 8 9 4 10 12 13 0 14
269 264 5 1 2 3 11 4 6 7 8 9 0 10 12 13 14 5
270 265 5 1 2 3 11 0 6 7 8 9 4 10 12 13 14 5
271 266 5 1 2 3 0 11 6 7 8 9 4 10 12 13 14 5
268 263 5 1 2 3 11 5 6 7 8 0 9 10 12 13 14 4
269 264 5 1 2 3 0 5 6 7 8 11 9 10 12 13 14 4
270 265 5 1 2 3 11 4 6 7 8 9 5 0 12 13 14 10
262 257 5 1 2 3 11 9 6 7 8 0 10 4 12 13 14 5
263 258 5 1 2 3 0 9 6 7 8 11 10 4 12 13 14 5
264 259 5 1 2 3 9 0 6 7 8 11 10 4 12 13 14 5
264 261 3 1 2 3 9 5 6 7 8 11 10 4 12 13 14 0
268 264 4 1 2 3 9 5 6 7 8 0 10 4 12 13 14 11
268 265 3 1 2 3 0 5 6 7 8 9 10 4 12 13 14 11
270 266 4 1 2 3 5 0 6 7 8 9 10 4 12 13 14 11
271 268 3 1 2 3 5 11 6 7 8 9 10 4 12 13 14 0
274 270 4 1 2 3 5 11 6 7 8 9 10 0 12 13 14 4
276 273 3 1 2 3 5 0 6 7 8 9 10 11 12 13 14 4
277 275 2 1 2 3 5 4 6 7 8 9 10 11 12 13 14 0
276 274 2 1 2 3 0 5 6 7 8 9 10 11 12 13 14 4
278 275 3 1 2 0 3 5 6 7 8 9 10 11 12 13 14 4
278 275 3 1 2 3 9 5 6 7 8 0 10 11 12 13 14 4
280 276 4 1 2 3 9 5 6 7 8 10 0 11 12 13 14 4
280 277 3 1 2 3 9 5 6 7 8 10 4 11 12 13 14 0
284 280 4 1 2 3 9 5 6 7 8 0 4 11 12 13 14 10
284 281 3 1 2 3 0 5 6 7 8 9 4 11 12 13 14 10
286 282 4 1 2 3 5 0 6 7 8 9 4 11 12 13 14 10
287 284 3 1 2 3 5 10 6 7 8 9 4 11 12 13 14 0
286 282 4 1 2 0 3 5 6 7 8 9 4 11 12 13 14 10
285 281 4 1 2 3 9 5 6 7 8 4 0 11 12 13 14 10
284 282 2 1 2 3 9 5 6 7 8 4 10 11 12 13 14 0
289 285 4 0 2 3 9 5 6 7 8 4 10 11 12 13 14 1
280 276 4 1 2 3 9 5 6 7 8 14 10 11 12 13 0 4
280 277 3 1 2 3 9 5 6 7 8 14 10 11 12 13 4 0
284 280 4 1 2 3 9 5 6 7 8 0 10 11 12 13 4 14
284 281 3 1 2 3 0 5 6 7 8 9 10 11 12 13 4 14
286 282 4 1 2 3 5 0 6 7 8 9 10 11 12 13 4 14
287 284 3 1 2 3 5 14 6 7 8 9 10 11 12 13 4 0
289 285 4 1 2 3 5 14 6 7 8 9 10 11 12 13 0 4
270 266 4 1 2 0 3 5 6 7 8 9 10 4 12 13 14 11
286 282 4 1 2 0 3 5 6 7 8 9 10 11 12 13 4 14
288 284 4 1 2 3 9 0 6 7 8 4 10 11 12 13 14 5
291 287 4 1 2 3 9 4 6 7 8 0 10 11 12 13 14 5
291 288 3 1 2 3 0 4 6 7 8 9 10 11 12 13 14 5
291 289 2 1 2 3 4 0 6 7 8 9 10 11 12 13 14 5
291 291 0 1 2 3 4 5 6 7 8 9 10 11 12 13 14 0
