0 0 0 6 3 4 7 1 2 5 0
5 1 4 6 3 4 0 1 2 5 7
5 3 2 0 3 4 6 1 2 5 7
7 4 3 3 0 4 6 1 2 5 7
7 5 2 3 2 4 6 1 0 5 7
7 3 4 0 3 4 7 1 2 5 6
7 1 6 6 3 4 7 1 2 0 5
7 2 5 6 3 0 4 1 2 5 7
8 3 5 6 0 3 4 1 2 5 7
8 4 4 0 6 3 4 1 2 5 7
8 4 4 6 2 3 4 1 0 5 7
8 2 6 6 3 4 7 1 0 2 5
8 3 5 6 0 4 7 1 3 2 5
8 4 4 0 6 4 7 1 3 2 5
8 4 4 1 3 4 6 0 2 5 7
8 2 6 6 3 4 7 0 2 5 1
9 4 5 0 3 4 7 6 2 5 1
9 3 6 6 3 4 7 2 0 5 1
9 4 5 6 0 4 7 2 3 5 1
9 5 4 0 6 4 7 2 3 5 1
9 2 7 6 3 0 7 1 2 4 5
9 3 6 6 3 0 7 1 2 5 4
9 3 6 6 3 5 4 1 2 0 7
9 6 3 3 2 4 6 1 5 0 7
9 5 4 3 4 0 6 1 2 5 7
9 6 3 2 3 4 6 1 0 5 7
9 7 2 2 0 4 6 1 3 5 7
8 8 0 0 2 4 6 1 3 5 7
