0 0 0 3 1 8 6 5 4 2 0 7
8 1 7 3 1 8 6 5 4 2 7 0
8 1 7 3 1 8 6 0 4 2 5 7
8 2 6 3 1 8 6 4 0 2 5 7
8 3 5 3 1 8 6 4 7 2 5 0
9 5 4 3 1 0 6 4 7 2 5 8
9 2 7 3 1 8 0 6 4 2 5 7
9 2 7 3 0 8 6 1 4 2 5 7
8 3 5 0 3 8 6 1 4 2 5 7
9 1 8 3 1 8 6 5 4 0 2 7
9 2 7 3 1 8 0 5 4 6 2 7
9 3 6 3 1 0 6 4 8 2 5 7
9 3 6 3 1 0 6 5 4 2 7 8
9 2 7 3 1 8 6 5 0 2 7 4
9 3 6 3 1 8 6 0 5 2 7 4
10 4 6 3 1 8 0 6 5 2 7 4
10 3 7 3 1 0 6 5 8 2 7 4
10 5 5 0 1 3 6 5 4 2 7 8
10 3 7 3 8 0 6 1 4 2 5 7
10 7 3 0 1 3 6 4 7 2 5 8
10 3 7 3 1 8 6 5 4 0 7 2
10 4 6 3 1 8 0 5 4 6 7 2
10 4 6 3 1 8 6 4 7 2 0 5
10 4 6 6 3 8 0 1 4 2 5 7
10 5 5 6 3 8 1 0 4 2 5 7
10 6 4 6 3 8 1 4 0 2 5 7
10 7 3 6 3 8 1 4 7 2 5 0
10 4 6 3 0 1 6 4 8 2 5 7
9 5 4 0 3 1 6 4 8 2 5 7
10 6 4 3 0 1 6 4 7 2 5 8
9 7 2 0 3 1 6 4 7 2 5 8
10 3 7 0 1 8 6 5 4 3 2 7
10 4 6 3 1 4 6 5 0 2 7 8
10 5 5 3 1 4 6 0 5 2 7 8
10 6 4 0 1 8 6 4 7 2 5 3
10 3 7 3 1 8 5 0 4 6 2 7
10 4 6 3 1 8 5 4 0 6 2 7
10 5 5 0 1 3 6 4 8 2 5 7
10 4 6 0 1 8 6 5 4 2 7 3
11 5 6 3 1 8 5 4 7 6 2 0
11 4 7 3 1 8 6 0 4 2 7 5
11 5 6 3 1 8 6 4 0 2 7 5
11 6 5 3 1 8 6 4 5 2 7 0
11 9 2 6 3 0 1 4 7 2 5 8
11 11 0 0 3 6 1 4 7 2 5 8
