0 0 0 2 6 3 7 1 4 5 0
6 1 5 2 6 3 0 1 4 5 7
7 3 4 0 6 3 2 1 4 5 7
7 2 5 2 6 0 3 1 4 5 7
8 3 5 2 0 6 3 1 4 5 7
7 4 3 0 2 6 3 1 4 5 7
8 1 7 2 6 3 7 1 4 0 5
8 3 5 0 6 3 7 1 4 5 2
9 3 6 2 6 0 7 1 4 5 3
9 2 7 2 6 3 7 1 0 4 5
9 2 7 2 6 0 7 1 4 3 5
9 4 5 6 0 3 2 1 4 5 7
9 3 6 2 6 5 3 1 4 0 7
9 4 5 2 4 6 3 1 0 5 7
9 2 7 2 6 3 7 0 4 5 1
10 4 6 0 6 3 7 2 4 5 1
10 4 6 1 6 3 2 0 4 5 7
10 4 6 6 0 3 7 1 4 5 2
10 4 6 2 6 3 5 1 4 0 7
10 3 7 2 0 6 7 1 4 3 5
9 4 5 0 2 6 7 1 4 3 5
10 4 6 2 0 6 7 1 4 5 3
9 5 4 0 2 6 7 1 4 5 3
10 4 6 2 6 7 0 1 4 5 3
10 3 7 2 0 3 7 1 6 4 5
9 4 5 0 2 3 7 1 6 4 5
10 3 7 2 6 3 7 4 0 5 1
10 4 6 2 6 3 7 4 5 0 1
10 5 5 6 4 3 2 1 0 5 7
10 5 5 2 4 6 3 1 5 0 7
10 6 4 2 4 0 3 1 5 6 7
10 3 7 2 6 7 0 1 4 3 5
10 4 6 2 6 5 3 1 0 4 7
10 5 5 6 3 0 2 1 4 5 7
10 5 5 1 2 6 3 0 4 5 7
10 6 4 3 2 6 0 1 4 5 7
10 7 3 3 2 0 6 1 4 5 7
10 4 6 2 6 3 1 0 4 5 7
11 6 5 0 6 3 1 2 4 5 7
11 5 6 2 6 3 1 4 0 5 7
11 6 5 2 6 3 1 4 5 0 7
11 5 6 7 6 3 0 1 4 5 2
11 6 5 1 2 6 3 4 0 5 7
11 7 4 1 2 6 3 4 5 0 7
11 8 3 1 2 0 3 4 5 6 7
11 9 2 1 0 2 3 4 5 6 7
10 10 0 0 1 2 3 4 5 6 7
