0 0 0 6 3 4 7 1 2 5 0
7 3 4 0 3 4 7 1 2 5 6
12 6 6 2 3 4 7 1 0 5 6
11 7 4 2 0 4 7 1 3 5 6
10 8 2 0 2 4 7 1 3 5 6
13 9 4 1 2 4 7 0 3 5 6
16 10 6 1 2 4 7 3 0 5 6
17 11 6 1 0 4 7 3 2 5 6
14 8 6 2 4 0 7 1 3 5 6
13 7 6 2 3 4 7 0 1 5 6
16 10 6 2 0 4 7 3 1 5 6
15 11 4 0 2 4 7 3 1 5 6
18 12 6 3 2 4 7 0 1 5 6
10 4 6 3 0 4 7 1 2 5 6
17 5 6 3 2 4 7 1 0 5 6
10 4 6 1 3 4 7 0 2 5 6
19 12 7 1 0 4 7 2 3 5 6
16 9 7 0 3 4 7 2 1 5 6
19 12 7 0 1 4 7 3 2 5 6
18 11 7 1 2 4 7 6 3 5 0
19 14 5 0 2 4 7 6 3 5 1
17 12 5 1 2 4 0 6 3 5 7
17 15 2 1 2 4 6 0 3 5 7
17 17 0 0 2 4 6 1 3 5 7
