0 0 0 2 5 6 7 4 0 3 1
12 1 11 2 0 6 7 4 5 3 1
11 2 9 0 2 6 7 4 5 3 1
13 3 10 4 2 6 7 0 5 3 1
15 5 10 4 2 6 7 1 5 3 0
14 8 6 0 2 6 7 1 5 3 4
17 9 8 2 0 6 7 1 5 3 4
17 9 8 1 2 6 7 0 5 3 4
14 6 8 4 2 6 0 1 5 3 7
12 8 4 0 2 6 4 1 5 3 7
15 9 6 2 0 6 4 1 5 3 7
15 9 6 1 2 6 4 0 5 3 7
13 7 6 4 2 0 6 1 5 3 7
14 8 6 4 0 2 6 1 5 3 7
13 9 4 0 4 2 6 1 5 3 7
16 10 6 1 4 2 6 0 5 3 7
20 13 7 1 0 2 6 4 5 3 7
20 14 6 0 1 2 6 4 5 3 7
21 14 7 1 2 0 6 4 5 3 7
16 9 7 4 2 6 1 0 5 3 7
17 11 6 0 2 6 1 4 5 3 7
20 12 8 2 0 6 1 4 5 3 7
23 15 8 4 1 2 6 0 5 3 7
16 8 8 4 2 0 7 1 5 3 6
17 9 8 4 0 2 7 1 5 3 6
16 10 6 0 4 2 7 1 5 3 6
19 11 8 1 4 2 7 0 5 3 6
21 14 7 1 0 2 7 4 5 3 6
20 15 5 0 1 2 7 4 5 3 6
23 16 7 4 1 2 7 0 5 3 6
20 12 8 5 4 2 6 1 0 3 7
21 13 8 5 4 2 6 1 3 0 7
22 14 8 5 4 0 6 1 3 2 7
21 15 6 5 0 4 6 1 3 2 7
20 16 4 0 5 4 6 1 3 2 7
23 17 6 1 5 4 6 0 3 2 7
26 20 6 1 0 4 6 5 3 2 7
28 21 7 0 1 4 6 5 3 2 7
21 13 8 5 4 2 6 0 1 3 7
21 15 6 0 4 2 6 5 1 3 7
24 16 8 4 0 2 6 5 1 3 7
25 17 8 4 2 0 6 5 1 3 7
29 21 8 1 4 0 6 5 3 2 7
30 22 8 1 4 2 6 5 3 0 7
18 10 8 2 5 6 4 1 0 3 7
19 11 8 2 5 6 4 1 3 0 7
19 11 8 2 5 6 4 0 1 3 7
22 14 8 2 0 6 4 5 1 3 7
21 15 6 0 2 6 4 5 1 3 7
24 16 8 5 2 6 4 0 1 3 7
26 18 8 1 5 4 6 3 0 2 7
25 19 6 1 0 4 6 3 5 2 7
27 20 7 0 1 4 6 3 5 2 7
18 10 8 1 2 6 4 5 0 3 7
19 11 8 1 2 6 4 5 3 0 7
20 12 8 1 2 0 4 5 3 6 7
19 13 6 1 0 2 4 5 3 6 7
18 14 4 0 1 2 4 5 3 6 7
21 15 6 5 1 2 4 0 3 6 7
22 16 6 5 1 2 4 3 0 6 7
23 17 6 5 0 2 4 3 1 6 7
22 18 4 0 5 2 4 3 1 6 7
27 21 6 1 5 2 4 3 0 6 7
26 22 4 1 0 2 4 3 5 6 7
25 23 2 0 1 2 4 3 5 6 7
30 25 5 4 1 2 0 3 5 6 7
30 28 2 4 1 2 3 0 5 6 7
30 30 0 0 1 2 3 4 5 6 7
