0 0 0 0 7 6 2 3 1 4 5
15 3 12 1 7 6 2 3 0 4 5
14 4 10 1 7 6 2 0 3 4 5
14 6 8 0 7 6 2 1 3 4 5
18 8 10 2 7 6 0 1 3 4 5
17 9 8 2 7 0 6 1 3 4 5
16 10 6 2 0 7 6 1 3 4 5
15 11 4 0 2 7 6 1 3 4 5
18 12 6 1 2 7 6 0 3 4 5
21 13 8 1 2 7 6 3 0 4 5
22 14 8 1 0 7 6 3 2 4 5
18 10 8 2 7 4 6 1 3 0 5
19 11 8 2 7 4 6 1 3 5 0
20 14 6 0 7 4 6 1 3 5 2
23 15 8 7 0 4 6 1 3 5 2
23 15 8 1 7 4 6 0 3 5 2
26 18 8 1 0 4 6 7 3 5 2
22 14 8 3 2 7 6 1 0 4 5
23 15 8 3 2 7 6 0 1 4 5
23 17 6 0 2 7 6 3 1 4 5
26 18 8 2 0 7 6 3 1 4 5
23 15 8 3 0 7 6 1 2 4 5
22 16 6 0 3 7 6 1 2 4 5
25 17 8 1 3 7 6 0 2 4 5
22 14 8 2 7 0 6 1 3 5 4
21 15 6 2 0 7 6 1 3 5 4
20 16 4 0 2 7 6 1 3 5 4
23 17 6 1 2 7 6 0 3 5 4
26 18 8 1 2 7 6 3 0 5 4
27 19 8 1 0 7 6 3 2 5 4
27 19 8 3 2 7 6 1 0 5 4
28 20 8 3 2 7 6 0 1 5 4
28 22 6 0 2 7 6 3 1 5 4
31 23 8 2 0 7 6 3 1 5 4
28 20 8 3 0 7 6 1 2 5 4
27 21 6 0 3 7 6 1 2 5 4
30 22 8 1 3 7 6 0 2 5 4
19 11 8 2 3 7 6 1 0 4 5
20 12 8 2 3 7 6 0 1 4 5
27 19 8 4 2 7 6 1 3 5 0
26 22 4 4 2 0 6 1 3 5 7
27 23 4 4 0 2 6 1 3 5 7
26 24 2 0 4 2 6 1 3 5 7
29 25 4 1 4 2 6 0 3 5 7
33 28 5 1 0 2 6 4 3 5 7
34 29 5 1 2 0 6 4 3 5 7
35 29 6 0 1 2 6 4 3 5 7
32 26 6 1 4 2 6 3 0 5 7
33 27 6 3 4 2 6 1 0 5 7
34 28 6 3 4 2 6 0 1 5 7
34 30 4 0 4 2 6 3 1 5 7
37 31 6 4 0 2 6 3 1 5 7
38 32 6 4 2 0 6 3 1 5 7
29 23 6 4 2 5 6 1 3 0 7
30 24 6 4 2 5 6 1 0 3 7
31 25 6 4 2 5 6 0 1 3 7
32 27 5 0 2 5 6 4 1 3 7
31 25 6 4 0 5 6 1 2 3 7
30 26 4 0 4 5 6 1 2 3 7
35 29 6 2 4 5 6 1 0 3 7
36 30 6 2 4 5 6 1 3 0 7
35 31 4 2 4 0 6 1 3 5 7
34 32 2 2 0 4 6 1 3 5 7
33 33 0 0 2 4 6 1 3 5 7
