0 0 0 6 5 7 1 4 0 3 2
14 1 13 6 0 7 1 4 5 3 2
13 2 11 0 6 7 1 4 5 3 2
17 4 13 1 6 7 0 4 5 3 2
17 7 10 1 6 7 3 4 5 0 2
16 8 8 1 6 0 3 4 5 7 2
15 9 6 1 0 6 3 4 5 7 2
14 10 4 0 1 6 3 4 5 7 2
17 11 6 4 1 6 3 0 5 7 2
20 12 8 4 1 6 3 5 0 7 2
21 13 8 4 0 6 3 5 1 7 2
21 13 8 5 1 6 3 4 0 7 2
22 14 8 5 1 6 3 0 4 7 2
22 16 6 0 1 6 3 5 4 7 2
25 17 8 1 0 6 3 5 4 7 2
21 13 8 2 1 6 3 4 5 7 0
22 16 6 2 1 0 3 4 5 7 6
23 17 6 2 0 1 3 4 5 7 6
22 18 4 0 2 1 3 4 5 7 6
25 19 6 4 2 1 3 0 5 7 6
20 14 6 2 1 6 3 4 5 0 7
19 15 4 2 1 0 3 4 5 6 7
20 16 4 2 0 1 3 4 5 6 7
19 17 2 0 2 1 3 4 5 6 7
22 18 4 4 2 1 3 0 5 6 7
26 21 5 4 0 1 3 2 5 6 7
27 22 5 4 1 0 3 2 5 6 7
21 15 6 2 1 6 3 4 0 5 7
22 16 6 2 1 6 3 0 4 5 7
23 18 5 0 1 6 3 2 4 5 7
25 19 6 4 2 1 3 5 0 6 7
28 22 6 0 4 1 3 2 5 6 7
22 16 6 2 1 3 0 4 5 6 7
20 18 2 0 1 3 2 4 5 6 7
23 19 4 1 0 3 2 4 5 6 7
23 19 4 4 1 3 2 0 5 6 7
24 19 5 2 1 3 4 0 5 6 7
25 21 4 0 1 3 4 2 5 6 7
28 22 6 1 0 3 4 2 5 6 7
26 20 6 4 1 3 2 5 0 6 7
27 21 6 4 0 3 2 5 1 6 7
26 20 6 1 3 0 2 4 5 6 7
27 21 6 1 3 2 0 4 5 6 7
27 23 4 0 3 2 1 4 5 6 7
29 24 5 1 3 2 4 0 5 6 7
31 27 4 1 0 2 4 3 5 6 7
30 28 2 0 1 2 4 3 5 6 7
35 30 5 4 1 2 0 3 5 6 7
35 33 2 4 1 2 3 0 5 6 7
35 35 0 0 1 2 3 4 5 6 7
