0 0 0 5 2 0 1 7 6 3 4
15 1 14 5 0 2 1 7 6 3 4
14 2 12 0 5 2 1 7 6 3 4
17 3 14 7 5 2 1 0 6 3 4
20 6 14 7 0 2 1 5 6 3 4
19 7 12 0 7 2 1 5 6 3 4
22 8 14 5 7 2 1 0 6 3 4
23 9 14 5 7 2 1 6 0 3 4
22 10 12 5 0 2 1 6 7 3 4
21 11 10 0 5 2 1 6 7 3 4
23 11 12 5 2 0 1 6 7 3 4
26 13 13 1 5 2 0 6 7 3 4
26 16 10 1 5 2 6 0 7 3 4
26 18 8 0 5 2 6 1 7 3 4
29 19 10 5 0 2 6 1 7 3 4
30 20 10 5 2 0 6 1 7 3 4
29 19 10 1 0 2 6 5 7 3 4
30 20 10 1 2 0 6 5 7 3 4
31 20 11 0 1 2 6 5 7 3 4
33 21 12 1 2 6 0 5 7 3 4
32 23 9 0 2 6 1 5 7 3 4
35 24 11 2 0 6 1 5 7 3 4
35 24 11 5 2 6 1 0 7 3 4
35 24 11 1 2 6 5 0 7 3 4
35 26 9 0 2 6 5 1 7 3 4
38 27 11 2 0 6 5 1 7 3 4
32 20 12 1 7 2 6 5 0 3 4
31 21 10 1 7 2 6 0 5 3 4
31 23 8 0 7 2 6 1 5 3 4
34 24 10 7 0 2 6 1 5 3 4
35 25 10 7 2 0 6 1 5 3 4
34 24 10 1 0 2 6 7 5 3 4
35 25 10 1 2 0 6 7 5 3 4
36 25 11 0 1 2 6 7 5 3 4
33 21 12 7 5 2 6 1 0 3 4
34 22 12 7 5 2 6 1 3 0 4
35 23 12 7 5 2 6 1 3 4 0
30 26 4 0 5 2 6 1 3 4 7
33 27 6 5 0 2 6 1 3 4 7
34 28 6 5 2 0 6 1 3 4 7
35 29 6 5 2 4 6 1 3 0 7
36 30 6 5 2 4 6 1 0 3 7
37 31 6 5 2 4 6 0 1 3 7
37 33 4 0 2 4 6 5 1 3 7
42 36 6 1 2 4 6 5 0 3 7
41 37 4 1 2 4 6 0 5 3 7
41 39 2 0 2 4 6 1 5 3 7
44 40 4 2 0 4 6 1 5 3 7
47 41 6 2 4 0 6 1 5 3 7
47 41 6 2 5 4 6 1 0 3 7
48 42 6 2 5 4 6 1 3 0 7
49 43 6 2 5 0 6 1 3 4 7
48 44 4 2 0 5 6 1 3 4 7
47 45 2 0 2 5 6 1 3 4 7
50 46 4 1 2 5 6 0 3 4 7
53 47 6 1 2 5 6 3 0 4 7
54 48 6 1 0 5 6 3 2 4 7
37 31 6 5 0 4 6 1 2 3 7
36 32 4 0 5 4 6 1 2 3 7
39 33 6 1 5 4 6 0 2 3 7
40 34 6 2 0 4 6 5 1 3 7
43 36 6 1 0 4 6 5 2 3 7
43 37 6 1 2 4 6 5 3 0 7
44 38 6 1 2 0 6 5 3 4 7
45 39 6 1 0 2 6 5 3 4 7
48 42 6 2 5 4 6 0 1 3 7
33 27 6 1 5 2 6 0 3 4 7
54 48 6 3 2 5 6 1 0 4 7
55 49 6 3 2 5 6 0 1 4 7
55 51 4 0 2 5 6 3 1 4 7
58 52 6 2 0 5 6 3 1 4 7
55 49 6 3 0 5 6 1 2 4 7
54 50 4 0 3 5 6 1 2 4 7
57 51 6 1 3 5 6 0 2 4 7
51 45 6 2 3 5 6 1 0 4 7
52 46 6 2 3 5 6 0 1 4 7
55 48 7 0 3 5 6 2 1 4 7
56 49 7 1 2 5 0 6 3 4 7
55 51 4 0 2 5 1 6 3 4 7
58 52 6 2 0 5 1 6 3 4 7
59 52 7 6 2 5 1 0 3 4 7
59 52 7 1 2 5 4 6 3 0 7
58 53 5 1 2 0 4 6 3 5 7
59 54 5 1 2 4 0 6 3 5 7
59 57 2 1 2 4 6 0 3 5 7
59 59 0 0 2 4 6 1 3 5 7
