0 0 0 7 2 4 1 6 5 3 0
7 3 4 0 2 4 1 6 5 3 7
11 6 5 5 2 4 1 6 0 3 7
11 7 4 5 2 4 1 6 3 0 7
13 8 5 5 2 4 1 6 3 7 0
15 11 4 0 2 4 1 6 3 7 5
18 13 5 1 2 4 0 6 3 7 5
20 16 4 1 2 4 6 0 3 7 5
20 18 2 0 2 4 6 1 3 7 5
24 21 3 5 2 4 6 1 3 7 0
24 22 2 5 2 4 6 1 3 0 7
26 23 3 5 2 4 6 1 0 3 7
26 23 3 5 2 0 6 1 3 4 7
28 24 4 5 2 6 0 1 3 4 7
29 26 3 0 2 6 5 1 3 4 7
31 27 4 5 2 6 4 1 3 0 7
32 28 4 5 2 0 4 1 3 6 7
32 29 3 5 2 4 0 1 3 6 7
33 31 2 0 2 4 5 1 3 6 7
38 34 4 3 2 4 5 1 0 6 7
39 35 4 3 2 4 5 1 6 0 7
36 32 4 2 0 4 5 1 3 6 7
28 24 4 5 0 2 6 1 3 4 7
28 25 3 0 5 2 6 1 3 4 7
34 30 4 5 2 4 7 1 3 6 0
36 33 3 0 2 4 7 1 3 6 5
39 35 4 7 2 4 0 1 3 6 5
41 38 3 7 2 4 6 1 3 0 5
41 39 2 7 2 4 6 1 3 5 0
42 42 0 0 2 4 6 1 3 5 7
