0 0 0 3 7 1 6 0 5 2 4
9 2 7 3 7 1 6 4 5 2 0
8 1 7 3 7 1 6 5 0 2 4
9 2 7 3 7 1 6 5 2 0 4
9 3 6 3 7 1 6 5 2 4 0
13 6 7 3 7 0 6 5 2 4 1
14 7 7 3 7 6 0 5 2 4 1
16 10 6 3 7 6 4 5 2 0 1
16 11 5 3 7 6 4 5 2 1 0
20 14 6 3 7 0 4 5 2 1 6
21 15 6 3 0 7 4 5 2 1 6
21 16 5 3 2 7 4 5 0 1 6
22 17 5 3 2 7 4 5 1 0 6
22 18 4 3 2 7 4 5 1 6 0
22 18 4 3 2 0 4 5 1 7 6
24 19 5 3 2 4 0 5 1 7 6
24 20 4 3 2 4 6 5 1 7 0
28 23 5 3 2 0 6 5 1 7 4
29 24 5 3 2 6 0 5 1 7 4
28 25 3 3 2 6 4 5 1 7 0
32 28 4 0 2 6 4 5 1 7 3
34 31 3 1 2 6 4 5 0 7 3
36 32 4 1 2 6 4 5 7 0 3
36 33 3 1 2 6 4 5 7 3 0
40 36 4 1 2 0 4 5 7 3 6
40 37 3 1 2 3 4 5 7 0 6
40 38 2 1 2 3 4 5 7 6 0
40 38 2 1 2 3 4 5 0 7 6
42 39 3 1 2 3 4 0 5 7 6
43 41 2 1 2 3 4 6 5 7 0
42 39 3 1 0 3 4 5 2 7 6
44 40 4 1 3 0 4 5 2 7 6
44 40 4 0 1 3 4 5 2 7 6
46 43 3 6 1 3 4 5 2 7 0
47 43 4 2 1 3 4 5 0 7 6
48 44 4 2 0 3 4 5 1 7 6
48 45 3 0 2 3 4 5 1 7 6
50 48 2 6 2 3 4 5 1 7 0
55 51 4 6 2 0 4 5 1 7 3
54 50 4 6 2 3 4 0 1 7 5
56 52 4 0 2 3 4 6 1 7 5
58 55 3 1 2 3 4 6 0 7 5
58 56 2 1 2 3 4 0 6 7 5
58 58 0 1 2 3 4 5 6 7 0
