0 0 0 8 5 7 2 0 3 4 1 6
7 1 6 8 0 7 2 5 3 4 1 6
8 2 6 0 8 7 2 5 3 4 1 6
10 5 5 6 8 7 2 5 3 4 1 0
13 7 6 6 8 7 2 5 3 0 1 4
15 9 6 0 8 7 2 5 3 6 1 4
17 12 5 4 8 7 2 5 3 6 1 0
19 13 6 4 8 7 2 5 3 6 0 1
19 14 5 4 8 7 2 5 3 0 6 1
20 16 4 4 8 7 2 5 3 1 6 0
24 19 5 0 8 7 2 5 3 1 6 4
25 21 4 1 8 7 2 5 3 0 6 4
26 23 3 1 8 7 2 5 3 4 6 0
28 24 4 1 8 7 2 5 0 4 6 3
30 25 5 1 8 7 2 0 5 4 6 3
31 26 5 1 0 7 2 8 5 4 6 3
29 24 5 1 8 7 2 5 3 4 0 6
30 25 5 1 8 7 2 5 3 0 4 6
31 27 4 1 8 7 2 5 3 6 4 0
33 28 5 1 8 7 2 5 0 6 4 3
27 22 5 1 8 7 2 5 3 6 0 4
27 22 5 1 8 7 0 5 3 2 6 4
29 24 5 1 8 0 2 5 3 7 6 4
30 26 4 1 8 4 2 5 3 7 6 0
33 28 5 1 8 4 2 5 3 0 6 7
30 25 5 1 8 0 2 5 3 4 6 7
31 26 5 1 0 8 2 5 3 4 6 7
31 26 5 1 8 3 2 5 0 4 6 7
31 27 4 1 8 3 2 5 7 4 6 0
34 29 5 1 8 3 2 5 7 0 6 4
36 32 4 1 8 0 2 5 7 3 6 4
37 34 3 1 8 4 2 5 7 3 6 0
36 33 3 1 8 7 2 5 0 3 6 4
36 34 2 1 8 7 2 5 4 3 6 0
41 37 4 1 8 7 2 0 4 3 6 5
42 38 4 1 8 7 2 4 0 3 6 5
42 39 3 1 8 7 2 4 5 3 6 0
40 36 4 1 8 0 2 5 4 3 6 7
41 37 4 1 0 8 2 5 4 3 6 7
37 33 4 1 0 8 2 5 7 3 6 4
39 35 4 1 8 4 2 5 0 3 6 7
39 35 4 1 8 7 2 5 4 3 0 6
38 34 4 1 8 7 2 0 5 3 6 4
39 35 4 1 0 7 2 8 5 3 6 4
40 36 4 1 8 7 2 5 4 0 6 3
41 37 4 0 8 7 2 5 4 3 6 1
42 38 4 8 0 7 2 5 4 3 6 1
42 38 4 1 0 7 2 8 4 3 6 5
44 39 5 1 7 0 2 8 4 3 6 5
45 41 4 1 7 5 2 8 4 3 6 0
49 44 5 1 7 5 2 0 4 3 6 8
50 45 5 1 7 5 2 4 0 3 6 8
49 46 3 1 7 5 2 4 8 3 6 0
53 49 4 1 7 5 2 0 8 3 6 4
54 50 4 1 0 5 2 7 8 3 6 4
55 51 4 1 5 0 2 7 8 3 6 4
57 54 3 1 5 7 2 0 8 3 6 4
57 55 2 1 0 7 2 5 8 3 6 4
59 56 3 1 7 0 2 5 8 3 6 4
60 58 2 1 7 4 2 5 8 3 6 0
59 56 3 0 1 7 2 5 8 3 6 4
61 59 2 4 1 7 2 5 8 3 6 0
56 53 3 1 5 4 2 7 8 3 6 0
60 56 4 1 5 4 2 0 8 3 6 7
60 57 3 1 0 4 2 5 8 3 6 7
60 58 2 1 4 0 2 5 8 3 6 7
60 60 0 1 4 7 2 5 8 3 6 0
