0 0 0 2 5 6 7 4 0 3 1
7 1 6 2 5 6 7 0 4 3 1
8 3 5 0 5 6 7 2 4 3 1
9 6 3 1 5 6 7 2 4 3 0
13 9 4 1 5 0 7 2 4 3 6
13 10 3 1 0 5 7 2 4 3 6
15 11 4 0 1 5 7 2 4 3 6
17 14 3 6 1 5 7 2 4 3 0
19 15 4 6 1 5 7 2 4 0 3
11 7 4 1 5 6 7 2 4 0 3
11 8 3 1 5 0 7 2 4 6 3
11 9 2 1 0 5 7 2 4 6 3
13 10 3 0 1 5 7 2 4 6 3
15 13 2 3 1 5 7 2 4 6 0
13 10 3 1 4 5 7 2 0 6 3
15 11 4 1 4 5 7 2 6 0 3
15 12 3 1 4 5 7 2 6 3 0
15 11 4 1 4 5 7 0 2 6 3
16 13 3 1 4 5 7 3 2 6 0
18 14 4 1 0 5 7 4 2 6 3
19 15 4 1 2 5 7 4 0 6 3
19 16 3 1 2 5 7 0 4 6 3
20 18 2 1 2 5 7 3 4 6 0
25 21 4 1 2 0 7 3 4 6 5
26 22 4 1 0 2 7 3 4 6 5
22 18 4 0 2 5 7 1 4 6 3
24 21 3 3 2 5 7 1 4 6 0
27 23 4 3 2 5 7 0 4 6 1
29 26 3 3 0 5 7 2 4 6 1
29 27 2 0 3 5 7 2 4 6 1
30 30 0 1 3 5 7 2 4 6 0
