0 0 0 0 7 6 2 3 1 4 5
11 3 8 1 7 6 2 3 0 4 5
11 4 7 1 7 6 2 0 3 4 5
11 6 5 0 7 6 2 1 3 4 5
15 9 6 5 7 6 2 1 3 4 0
18 12 6 5 7 0 2 1 3 4 6
18 13 5 5 7 4 2 1 3 0 6
19 14 5 5 7 4 2 1 3 6 0
21 17 4 0 7 4 2 1 3 6 5
24 19 5 2 7 4 0 1 3 6 5
26 22 4 2 7 4 6 1 3 0 5
26 23 3 2 7 4 6 1 3 5 0
28 26 2 0 7 4 6 1 3 5 2
30 27 3 7 0 4 6 1 3 5 2
32 28 4 7 4 0 6 1 3 5 2
31 27 4 1 7 4 6 0 3 5 2
34 30 4 1 0 4 6 7 3 5 2
34 31 3 0 1 4 6 7 3 5 2
38 34 4 2 1 4 6 7 3 5 0
39 36 3 2 1 4 6 0 3 5 7
41 39 2 2 0 4 6 1 3 5 7
40 40 0 0 2 4 6 1 3 5 7
