0 0 0 4 7 5 0 3 6 1 2
8 2 6 0 7 5 4 3 6 1 2
10 5 5 2 7 5 4 3 6 1 0
14 8 6 2 7 0 4 3 6 1 5
15 9 6 2 0 7 4 3 6 1 5
15 10 5 0 2 7 4 3 6 1 5
17 13 4 5 2 7 4 3 6 1 0
21 16 5 5 2 0 4 3 6 1 7
22 17 5 5 2 1 4 3 6 0 7
21 18 3 5 2 1 4 3 6 7 0
25 21 4 5 2 0 4 3 6 7 1
25 21 4 0 2 1 4 3 6 7 5
26 22 4 3 2 1 4 0 6 7 5
26 24 2 3 2 1 4 5 6 7 0
30 27 3 3 2 0 4 5 6 7 1
30 27 3 0 2 1 4 5 6 7 3
34 30 4 6 2 1 4 5 0 7 3
33 29 4 4 2 1 0 5 6 7 3
33 30 3 4 2 1 3 5 6 7 0
37 33 4 4 2 0 3 5 6 7 1
37 34 3 4 2 3 0 5 6 7 1
38 36 2 0 2 3 4 5 6 7 1
39 39 0 1 2 3 4 5 6 7 0
