0 0 0 2 7 3 6 4 5 0 1
7 1 6 2 7 3 6 4 5 1 0
11 4 7 0 7 3 6 4 5 1 2
14 7 7 5 7 3 6 4 0 1 2
15 8 7 5 7 3 6 4 1 0 2
15 9 6 5 7 3 6 4 1 2 0
19 12 7 0 7 3 6 4 1 2 5
21 15 6 1 7 3 6 4 0 2 5
22 16 6 1 7 3 6 4 2 0 5
22 17 5 1 7 3 6 4 2 5 0
25 19 6 1 7 3 6 0 2 5 4
28 22 6 1 0 3 6 7 2 5 4
28 23 5 1 2 3 6 7 0 5 4
29 24 5 1 2 3 6 7 5 0 4
29 25 4 1 2 3 6 7 5 4 0
32 27 5 1 2 3 6 0 5 4 7
32 28 4 1 2 3 6 5 0 4 7
33 29 4 1 2 3 6 5 4 0 7
32 30 2 1 2 3 6 5 4 7 0
34 31 3 1 2 3 0 5 4 7 6
38 34 4 1 2 3 7 5 4 0 6
38 35 3 1 2 3 7 5 4 6 0
42 38 4 1 2 0 7 5 4 6 3
43 39 4 1 0 2 7 5 4 6 3
39 35 4 1 2 3 7 5 0 4 6
36 32 4 1 2 3 6 0 4 7 5
39 35 4 1 2 3 0 6 4 7 5
39 36 3 1 2 3 5 6 4 7 0
37 33 4 0 2 3 1 5 4 7 6
39 36 3 6 2 3 1 5 4 7 0
41 37 4 6 2 3 0 5 4 7 1
40 36 4 4 2 3 1 5 0 7 6
37 33 4 0 2 3 6 5 4 7 1
40 36 4 4 2 3 6 5 0 7 1
37 33 4 1 2 0 6 5 4 7 3
38 34 4 1 2 6 0 5 4 7 3
38 35 3 1 2 6 3 5 4 7 0
36 32 4 1 2 0 3 5 4 7 6
40 36 4 1 2 3 0 5 4 6 7
41 37 4 1 2 3 7 0 4 6 5
43 40 3 1 0 3 7 2 4 6 5
43 41 2 1 3 0 7 2 4 6 5
45 42 3 1 3 7 0 2 4 6 5
45 43 2 1 3 7 5 2 4 6 0
49 46 3 1 3 0 5 2 4 6 7
49 47 2 1 3 5 0 2 4 6 7
48 48 0 1 3 5 7 2 4 6 0
