0 0 0 7 5 3 4 2 1 6 0
8 3 5 0 5 3 4 2 1 6 7
12 6 6 1 5 3 4 2 0 6 7
12 7 5 1 0 3 4 2 5 6 7
11 8 3 0 1 3 4 2 5 6 7
14 10 4 4 1 3 0 2 5 6 7
14 11 3 4 1 0 3 2 5 6 7
16 12 4 4 0 1 3 2 5 6 7
16 13 3 0 4 1 3 2 5 6 7
18 14 4 2 4 1 3 0 5 6 7
20 17 3 2 0 1 3 4 5 6 7
20 18 2 2 1 0 3 4 5 6 7
20 18 2 0 2 1 3 4 5 6 7
22 19 3 2 1 3 0 4 5 6 7
23 21 2 0 1 3 2 4 5 6 7
22 19 3 2 1 6 3 4 5 0 7
24 20 4 2 1 6 3 4 5 7 0
26 23 3 0 1 6 3 4 5 7 2
28 24 4 7 1 3 2 4 5 6 0
31 27 4 7 1 0 2 4 5 6 3
31 28 3 7 1 2 0 4 5 6 3
32 30 2 0 1 2 7 4 5 6 3
31 29 2 7 1 2 3 4 5 6 0
32 32 0 0 1 2 3 4 5 6 7
