0 0 0 0 3 1 6 7 8 2 5 4
10 3 7 4 3 1 6 7 8 2 5 0
9 2 7 1 3 0 6 7 8 2 5 4
11 5 6 1 3 7 6 0 8 2 5 4
11 6 5 1 3 7 6 5 8 2 0 4
11 7 4 1 3 7 6 5 8 2 4 0
14 9 5 1 3 7 6 5 8 0 4 2
15 10 5 1 3 7 6 5 8 4 0 2
15 11 4 1 3 7 6 5 8 4 2 0
12 7 5 1 3 7 6 5 8 0 2 4
13 8 5 1 3 7 0 5 8 6 2 4
15 10 5 1 3 7 0 5 8 6 4 2
17 11 6 1 3 7 5 0 8 6 4 2
18 12 6 1 3 7 5 4 8 6 0 2
18 13 5 1 3 7 5 4 8 6 2 0
18 13 5 1 3 7 5 4 8 0 6 2
19 15 4 1 3 7 5 4 8 2 6 0
23 18 5 1 3 7 5 0 8 2 6 4
23 19 4 1 3 7 0 5 8 2 6 4
23 20 3 1 3 7 2 5 8 0 6 4
24 22 2 1 3 7 2 5 8 4 6 0
29 25 4 1 3 7 2 0 8 4 6 5
30 26 4 1 0 7 2 3 8 4 6 5
29 25 4 0 3 7 2 5 8 4 6 1
31 27 4 4 3 7 2 5 8 0 6 1
32 29 3 4 3 7 2 5 8 1 6 0
30 26 4 3 0 7 2 5 8 4 6 1
27 23 4 1 3 0 2 5 8 7 6 4
28 25 3 1 3 4 2 5 8 7 6 0
31 27 4 1 3 4 2 5 8 0 6 7
28 24 4 1 0 3 2 5 8 7 6 4
25 21 4 1 3 7 2 5 8 6 0 4
25 22 3 1 3 7 2 5 8 6 4 0
28 24 4 1 3 7 2 5 8 0 4 6
26 22 4 0 3 7 2 5 8 1 6 4
27 23 4 3 0 7 2 5 8 1 6 4
28 24 4 1 3 0 2 5 8 4 6 7
29 25 4 1 0 3 2 5 8 4 6 7
27 23 4 1 3 7 2 5 8 4 0 6
27 23 4 1 3 7 2 5 0 4 6 8
27 23 4 1 3 7 2 0 8 5 6 4
28 24 4 1 0 7 2 3 8 5 6 4
30 25 5 1 7 0 2 3 8 5 6 4
31 27 4 1 7 4 2 3 8 5 6 0
35 30 5 1 7 4 2 0 8 5 6 3
36 31 5 1 0 4 2 7 8 5 6 3
36 32 4 1 4 0 2 7 8 5 6 3
38 35 3 1 4 7 2 0 8 5 6 3
37 34 3 1 4 3 2 7 8 5 6 0
41 37 4 1 4 3 2 0 8 5 6 7
40 36 4 1 4 3 2 7 8 0 6 5
42 39 3 1 4 0 2 7 8 3 6 5
44 42 2 1 4 7 2 0 8 3 6 5
43 41 2 1 4 5 2 7 8 3 6 0
47 44 3 1 4 5 2 0 8 3 6 7
46 43 3 1 4 7 2 8 0 3 6 5
46 44 2 1 4 7 2 8 5 3 6 0
50 47 3 1 4 7 2 0 5 3 6 8
50 48 2 1 4 7 2 5 0 3 6 8
49 49 0 1 4 7 2 5 8 3 6 0
