0 0 0 1 0 3 6 5 2 7 4
4 1 3 1 2 3 6 5 0 7 4
6 2 4 1 2 3 6 5 7 0 4
6 3 3 1 2 3 6 5 7 4 0
8 4 4 1 2 3 0 5 7 4 6
10 7 3 1 2 3 4 5 7 0 6
10 8 2 1 2 3 4 5 7 6 0
10 8 2 1 2 3 4 5 0 7 6
12 9 3 1 2 3 4 0 5 7 6
13 11 2 1 2 3 4 6 5 7 0
12 9 3 1 0 3 4 5 2 7 6
14 10 4 1 3 0 4 5 2 7 6
16 12 4 1 2 3 0 6 5 7 4
6 2 4 1 2 3 6 0 5 7 4
7 4 3 1 2 3 6 4 5 7 0
15 11 4 1 2 0 4 5 7 6 3
16 12 4 1 2 6 4 5 7 0 3
16 13 3 1 2 6 4 5 7 3 0
16 13 3 1 2 6 4 5 0 7 3
18 14 4 1 2 6 4 0 5 7 3
19 16 3 1 2 6 4 3 5 7 0
23 19 4 1 2 0 4 3 5 7 6
18 14 4 1 0 6 4 5 2 7 3
19 15 4 1 6 0 4 5 2 7 3
16 12 4 1 0 3 4 2 5 7 6
17 13 4 1 5 3 4 2 0 7 6
18 14 4 1 5 3 4 0 2 7 6
19 16 3 1 5 3 4 6 2 7 0
16 12 4 1 2 3 4 6 5 0 7
17 13 4 1 2 3 4 6 0 5 7
17 14 3 1 2 3 4 0 6 5 7
18 16 2 1 2 3 4 7 6 5 0
20 17 3 1 2 3 4 7 6 0 5
22 18 4 1 2 3 4 7 0 6 5
22 18 4 1 2 0 4 7 6 3 5
14 10 4 0 1 3 4 5 2 7 6
16 13 3 6 1 3 4 5 2 7 0
17 13 4 2 1 3 4 5 0 7 6
18 14 4 2 0 3 4 5 1 7 6
18 15 3 0 2 3 4 5 1 7 6
20 18 2 6 2 3 4 5 1 7 0
25 21 4 6 2 0 4 5 1 7 3
15 11 4 0 2 3 4 5 7 6 1
18 14 4 7 2 3 4 5 0 6 1
18 15 3 7 2 3 4 5 6 0 1
18 16 2 7 2 3 4 5 6 1 0
22 19 3 0 2 3 4 5 6 1 7
26 22 4 6 2 3 4 5 0 1 7
25 21 4 4 2 3 0 5 6 1 7
25 22 3 4 2 3 7 5 6 1 0
29 25 4 0 2 3 7 5 6 1 4
21 17 4 4 2 3 0 5 1 7 6
21 18 3 4 2 3 6 5 1 7 0
25 21 4 0 2 3 6 5 1 7 4
24 20 4 6 2 3 4 0 1 7 5
26 22 4 0 2 3 4 6 1 7 5
28 25 3 1 2 3 4 6 0 7 5
28 26 2 1 2 3 4 0 6 7 5
28 28 0 1 2 3 4 5 6 7 0
