0 0 0 1 0 7 6 4 3 5 2
5 1 4 0 1 7 6 4 3 5 2
9 4 5 2 1 7 6 4 3 5 0
11 7 4 2 1 0 6 4 3 5 7
12 8 4 2 0 1 6 4 3 5 7
11 9 2 0 2 1 6 4 3 5 7
13 10 3 4 2 1 6 0 3 5 7
17 13 4 4 0 1 6 2 3 5 7
17 14 3 0 4 1 6 2 3 5 7
19 15 4 2 4 1 6 0 3 5 7
18 14 4 4 1 0 6 2 3 5 7
15 11 4 4 2 1 6 3 0 5 7
16 12 4 4 2 1 6 7 3 5 0
18 15 3 0 2 1 6 7 3 5 4
20 16 4 7 2 1 6 0 3 5 4
16 12 4 7 2 1 6 4 3 5 0
19 15 4 7 2 0 6 4 3 5 1
19 15 4 4 2 0 6 7 3 5 1
16 12 4 3 2 1 6 4 0 5 7
17 13 4 3 2 1 6 0 4 5 7
18 15 3 0 2 1 6 3 4 5 7
17 13 4 4 2 1 0 6 3 5 7
18 15 3 0 2 1 4 6 3 5 7
20 16 4 6 2 1 4 0 3 5 7
18 14 4 4 2 0 1 6 3 5 7
15 11 4 6 2 1 0 4 3 5 7
16 12 4 6 2 0 1 4 3 5 7
18 13 5 6 0 2 1 4 3 5 7
18 14 4 0 6 2 1 4 3 5 7
22 17 5 3 6 2 1 4 0 5 7
22 18 4 3 6 2 1 4 5 0 7
24 19 5 3 6 2 1 4 5 7 0
26 22 4 0 6 2 1 4 5 7 3
29 24 5 1 6 2 0 4 5 7 3
29 25 4 1 6 2 3 4 5 7 0
31 28 3 0 6 2 3 4 5 7 1
29 26 3 1 6 2 3 4 5 0 7
31 27 4 1 6 2 3 4 0 5 7
32 28 4 1 0 2 3 4 6 5 7
31 29 2 0 1 2 3 4 6 5 7
35 32 3 6 1 2 3 4 0 5 7
35 33 2 6 1 2 3 4 5 0 7
37 34 3 6 1 2 3 4 5 7 0
39 37 2 0 1 2 3 4 5 7 6
37 34 3 6 1 0 3 4 5 2 7
39 35 4 6 1 3 0 4 5 2 7
40 37 3 0 1 3 6 4 5 2 7
42 38 4 4 1 2 3 0 5 7 6
44 40 4 4 1 2 3 6 5 7 0
46 43 3 0 1 2 3 6 5 7 4
44 41 3 4 1 2 3 6 5 0 7
46 42 4 4 1 2 3 6 0 5 7
36 32 4 7 1 2 3 4 6 5 0
37 33 4 7 1 2 3 4 6 0 5
37 34 3 7 1 2 3 4 0 6 5
39 35 4 7 1 2 3 0 4 6 5
40 37 3 0 1 2 3 7 4 6 5
44 40 4 4 1 2 3 7 0 6 5
45 41 4 4 1 2 3 0 7 6 5
45 43 2 0 1 2 3 4 7 6 5
49 46 3 5 1 2 3 4 7 6 0
53 49 4 5 1 0 3 4 7 6 2
52 48 4 5 1 2 3 0 7 6 4
53 50 3 0 1 2 3 5 7 6 4
57 53 4 7 1 2 3 5 0 6 4
57 54 3 7 1 2 3 0 5 6 4
58 56 2 0 1 2 3 7 5 6 4
58 56 2 7 1 2 3 4 5 6 0
59 59 0 0 1 2 3 4 5 6 7
