0 0 0 0 2 4 5 6 7 1 3
9 3 6 7 2 4 5 6 0 1 3
10 4 6 7 2 4 5 6 1 0 3
11 5 6 7 2 4 5 6 1 3 0
12 8 4 0 2 4 5 6 1 3 7
16 11 5 1 2 4 5 6 0 3 7
16 12 4 1 2 4 5 6 3 0 7
18 13 5 1 2 4 5 6 3 7 0
20 16 4 0 2 4 5 6 3 7 1
23 18 5 5 2 4 0 6 3 7 1
25 21 4 5 2 4 6 0 3 7 1
26 23 3 0 2 4 6 5 3 7 1
26 23 3 5 2 4 6 1 3 7 0
28 26 2 0 2 4 6 1 3 7 5
26 24 2 5 2 4 6 1 3 0 7
28 25 3 5 2 4 6 1 0 3 7
28 25 3 5 2 0 6 1 3 4 7
30 26 4 5 2 6 0 1 3 4 7
31 28 3 0 2 6 5 1 3 4 7
33 29 4 5 2 6 4 1 3 0 7
34 30 4 5 2 0 4 1 3 6 7
34 31 3 5 2 4 0 1 3 6 7
35 33 2 0 2 4 5 1 3 6 7
40 36 4 3 2 4 5 1 0 6 7
41 37 4 3 2 4 5 1 6 0 7
28 24 4 5 2 4 0 1 3 7 6
29 26 3 0 2 4 5 1 3 7 6
33 29 4 6 2 4 5 1 3 7 0
33 30 3 6 2 4 5 1 3 0 7
35 31 4 6 2 4 5 1 0 3 7
35 31 4 6 2 0 5 1 3 4 7
36 32 4 6 2 5 0 1 3 4 7
36 34 2 0 2 5 6 1 3 4 7
41 37 4 3 2 5 6 1 0 4 7
42 38 4 3 2 5 6 1 4 0 7
42 39 3 3 2 0 6 1 4 5 7
44 40 4 3 2 6 0 1 4 5 7
45 42 3 0 2 6 3 1 4 5 7
49 45 4 4 2 6 3 1 0 5 7
44 40 4 3 0 2 6 1 4 5 7
44 41 3 0 3 2 6 1 4 5 7
48 44 4 4 3 2 6 1 0 5 7
48 45 3 4 0 2 6 1 3 5 7
48 46 2 4 2 0 6 1 3 5 7
48 46 2 0 4 2 6 1 3 5 7
50 47 3 4 2 6 0 1 3 5 7
51 49 2 0 2 6 4 1 3 5 7
50 47 3 4 2 5 6 1 3 0 7
52 48 4 4 2 5 6 1 3 7 0
54 51 3 0 2 5 6 1 3 7 4
30 26 4 1 2 4 6 5 3 7 0
30 27 3 1 2 4 6 5 3 0 7
32 28 4 1 2 4 6 5 0 3 7
33 29 4 1 2 4 6 0 5 3 7
33 31 2 0 2 4 6 1 5 3 7
38 34 4 7 2 4 6 1 5 3 0
39 35 4 7 2 4 6 1 5 0 3
39 36 3 7 2 4 6 1 0 5 3
41 37 4 7 2 4 6 0 1 5 3
42 39 3 0 2 4 6 7 1 5 3
46 42 4 1 2 4 6 7 0 5 3
47 43 4 1 2 4 6 0 7 5 3
47 45 2 0 2 4 6 1 7 5 3
51 48 3 3 2 4 6 1 7 5 0
55 51 4 3 2 0 6 1 7 5 4
54 50 4 3 2 4 6 0 7 5 1
55 52 3 0 2 4 6 3 7 5 1
59 55 4 7 2 4 6 3 0 5 1
59 56 3 7 2 4 6 0 3 5 1
60 58 2 0 2 4 6 7 3 5 1
60 58 2 7 2 4 6 1 3 5 0
61 61 0 0 2 4 6 1 3 5 7
