0 0 0 1 7 0 5 6 4 3 2
6 1 5 1 7 5 0 6 4 3 2
6 2 4 1 7 5 2 6 4 3 0
9 4 5 1 7 5 2 0 4 3 6
11 7 4 1 7 5 0 2 4 3 6
11 8 3 1 7 5 6 2 4 3 0
13 9 4 1 7 5 6 2 4 0 3
14 10 4 1 7 5 3 2 4 0 6
13 11 2 1 7 5 3 2 4 6 0
15 12 3 1 7 5 0 2 4 6 3
19 15 4 1 7 5 2 0 4 6 3
20 17 3 1 7 5 2 3 4 6 0
22 18 4 1 7 5 0 3 4 6 2
17 13 4 1 7 5 3 0 4 6 2
20 16 4 1 0 5 3 7 4 6 2
18 14 4 0 7 5 3 2 4 6 1
20 16 4 3 7 5 0 2 4 6 1
20 17 3 3 7 5 1 2 4 6 0
19 15 4 7 0 5 3 2 4 6 1
18 14 4 0 7 5 1 2 4 6 3
19 15 4 7 0 5 1 2 4 6 3
17 13 4 1 7 0 5 2 4 6 3
18 14 4 1 0 7 5 2 4 6 3
22 18 4 1 0 5 2 7 4 6 3
18 14 4 1 7 0 3 2 4 6 5
19 15 4 1 7 3 0 2 4 6 5
19 16 3 1 7 3 5 2 4 6 0
19 15 4 1 0 7 3 2 4 6 5
21 16 5 0 1 7 3 2 4 6 5
23 19 4 5 1 7 3 2 4 6 0
27 22 5 5 1 0 3 2 4 6 7
28 23 5 5 1 3 0 2 4 6 7
27 24 3 5 1 3 7 2 4 6 0
31 27 4 5 1 0 7 2 4 6 3
32 28 4 5 0 1 7 2 4 6 3
33 29 4 0 5 1 7 2 4 6 3
35 32 3 3 5 1 7 2 4 6 0
39 35 4 3 5 0 7 2 4 6 1
39 36 3 3 0 5 7 2 4 6 1
39 37 2 0 3 5 7 2 4 6 1
40 40 0 1 3 5 7 2 4 6 0
