0 0 0 7 0 5 6 3 2 1 4
8 1 7 0 7 5 6 3 2 1 4
10 4 6 4 7 5 6 3 2 1 0
13 6 7 4 7 5 6 0 2 1 3
13 7 6 4 7 5 6 2 0 1 3
14 8 6 4 7 5 6 2 1 0 3
14 9 5 4 7 5 6 2 1 3 0
18 12 6 0 7 5 6 2 1 3 4
20 15 5 1 7 5 6 2 0 3 4
21 16 5 1 7 5 6 2 3 0 4
21 17 4 1 7 5 6 2 3 4 0
23 18 5 1 7 5 0 2 3 4 6
26 21 5 1 7 5 4 2 3 0 6
25 22 3 1 7 5 4 2 3 6 0
27 23 4 1 7 5 0 2 3 6 4
31 26 5 1 7 5 2 0 3 6 4
32 28 4 1 7 5 2 4 3 6 0
34 29 5 1 7 5 0 4 3 6 2
34 29 5 1 0 5 2 7 3 6 4
34 30 4 1 3 5 2 7 0 6 4
35 31 4 1 3 5 2 0 7 6 4
37 34 3 1 3 5 0 2 7 6 4
37 35 2 1 3 5 4 2 7 6 0
36 33 3 1 3 5 2 4 7 6 0
38 34 4 1 3 5 0 4 7 6 2
42 38 4 1 3 0 4 2 7 6 5
43 39 4 1 3 4 0 2 7 6 5
43 40 3 1 3 4 5 2 7 6 0
40 36 4 1 3 5 4 2 7 0 6
41 37 4 1 3 5 4 2 0 7 6
40 36 4 0 3 5 1 2 7 6 4
42 39 3 4 3 5 1 2 7 6 0
44 40 4 4 3 5 0 2 7 6 1
43 39 4 7 3 5 1 2 0 6 4
41 37 4 1 3 5 6 2 7 0 4
41 38 3 1 3 5 6 2 7 4 0
43 39 4 1 3 5 0 2 7 4 6
42 38 4 1 3 5 6 2 0 7 4
42 38 4 0 3 5 4 2 7 6 1
45 41 4 7 3 5 4 2 0 6 1
39 35 4 1 3 0 5 2 7 6 4
41 37 4 1 3 5 4 0 7 6 2
42 38 4 1 3 5 4 7 0 6 2
44 39 5 1 3 5 4 7 6 0 2
44 40 4 1 3 5 4 7 6 2 0
48 43 5 1 3 0 4 7 6 2 5
48 44 4 1 0 3 4 7 6 2 5
50 45 5 0 1 3 4 7 6 2 5
52 48 4 5 1 3 4 7 6 2 0
55 50 5 5 1 3 4 0 6 2 7
56 52 4 0 1 3 4 5 6 2 7
58 55 3 7 1 3 4 5 6 2 0
56 53 3 1 0 3 4 5 6 2 7
58 54 4 1 3 0 4 5 6 2 7
59 55 4 1 3 2 4 5 6 0 7
58 56 2 1 3 2 4 5 6 7 0
62 59 3 1 3 0 4 5 6 7 2
62 60 2 1 0 3 4 5 6 7 2
64 61 3 0 1 3 4 5 6 7 2
66 64 2 2 1 3 4 5 6 7 0
64 61 3 1 6 3 4 5 0 7 2
66 62 4 1 6 3 4 5 7 0 2
66 63 3 1 6 3 4 5 7 2 0
66 62 4 1 6 3 4 0 5 7 2
67 64 3 1 6 3 4 2 5 7 0
69 65 4 1 0 3 4 6 5 7 2
70 66 4 1 5 3 4 6 0 7 2
70 67 3 1 5 3 4 0 6 7 2
71 69 2 1 5 3 4 2 6 7 0
76 72 4 1 5 0 4 2 6 7 3
77 73 4 1 0 5 4 2 6 7 3
71 67 4 2 1 0 4 5 6 7 3
72 68 4 2 0 1 4 5 6 7 3
72 69 3 0 2 1 4 5 6 7 3
74 72 2 3 2 1 4 5 6 7 0
78 75 3 3 2 0 4 5 6 7 1
80 76 4 3 2 4 0 5 6 7 1
80 77 3 3 2 4 1 5 6 7 0
84 80 4 3 2 0 1 5 6 7 4
84 80 4 0 2 4 1 5 6 7 3
85 82 3 1 2 4 0 5 6 7 3
85 83 2 1 2 0 4 5 6 7 3
85 83 2 1 2 4 3 5 6 7 0
89 86 3 1 2 0 3 5 6 7 4
89 87 2 1 2 3 0 5 6 7 4
88 88 0 1 2 3 4 5 6 7 0
