0 0 0 3 6 2 1 5 4 0 7
7 1 6 3 6 2 1 5 0 4 7
7 2 5 3 6 2 1 0 5 4 7
8 4 4 0 6 2 1 3 5 4 7
11 6 5 1 6 2 0 3 5 4 7
13 9 4 1 6 2 3 0 5 4 7
14 11 3 0 6 2 3 1 5 4 7
16 12 4 6 0 2 3 1 5 4 7
16 12 4 1 0 2 3 6 5 4 7
15 13 2 0 1 2 3 6 5 4 7
17 14 3 6 1 2 3 0 5 4 7
21 17 4 6 1 2 0 3 5 4 7
22 19 3 0 1 2 6 3 5 4 7
24 20 4 3 1 2 6 0 5 4 7
24 20 4 6 1 2 4 3 5 0 7
20 16 4 5 1 2 3 6 0 4 7
21 17 4 5 1 2 3 6 4 0 7
21 17 4 5 1 2 3 0 6 4 7
22 19 3 0 1 2 3 5 6 4 7
20 16 4 7 1 2 3 6 5 4 0
22 18 4 7 1 2 3 0 5 4 6
23 20 3 0 1 2 3 7 5 4 6
19 15 4 6 1 2 3 5 0 4 7
20 16 4 6 1 2 3 5 4 0 7
21 17 4 7 1 2 3 6 5 0 4
19 15 4 3 1 2 0 6 5 4 7
22 18 4 3 1 2 4 6 5 0 7
20 16 4 6 1 2 3 7 5 4 0
21 17 4 6 1 2 3 7 5 0 4
23 18 5 6 1 2 3 7 0 5 4
24 19 5 6 1 2 3 0 7 5 4
25 21 4 0 1 2 3 6 7 5 4
25 21 4 6 1 2 3 4 7 5 0
27 24 3 0 1 2 3 4 7 5 6
31 27 4 7 1 2 3 4 0 5 6
31 28 3 7 1 2 3 4 5 0 6
31 29 2 7 1 2 3 4 5 6 0
32 32 0 0 1 2 3 4 5 6 7
