0 0 0 6 1 3 8 5 0 7 4 2
8 1 7 6 1 3 8 0 5 7 4 2
8 2 6 6 1 3 8 4 5 7 0 2
8 3 5 6 1 3 8 4 5 0 7 2
8 5 3 0 1 3 8 4 5 6 7 2
12 8 4 2 1 3 8 4 5 6 7 0
14 10 4 2 1 0 8 4 5 6 7 3
14 12 2 0 1 2 8 4 5 6 7 3
18 15 3 3 1 2 8 4 5 6 7 0
16 13 3 8 1 2 0 4 5 6 7 3
18 14 4 8 1 2 4 0 5 6 7 3
11 7 4 3 1 0 8 4 5 6 7 2
18 14 4 8 1 2 6 4 5 0 7 3
19 16 3 0 1 2 6 4 5 8 7 3
23 19 4 3 1 2 6 4 5 8 7 0
24 21 3 3 1 2 6 4 5 0 7 8
25 23 2 0 1 2 6 4 5 3 7 8
24 22 2 3 1 2 0 4 5 6 7 8
26 23 3 3 1 2 4 0 5 6 7 8
27 24 3 6 1 2 0 4 5 3 7 8
27 25 2 6 1 2 3 4 5 0 7 8
27 27 0 0 1 2 3 4 5 6 7 8
