0 0 0 4 7 2 1 0 6 5 3
8 2 6 4 7 2 1 3 6 5 0
12 5 7 4 7 0 1 3 6 5 2
13 6 7 4 7 1 0 3 6 5 2
14 8 6 0 7 1 4 3 6 5 2
16 11 5 2 7 1 4 3 6 5 0
20 14 6 2 7 0 4 3 6 5 1
21 15 6 2 0 7 4 3 6 5 1
21 16 5 0 2 7 4 3 6 5 1
22 19 3 1 2 7 4 3 6 5 0
26 22 4 1 2 0 4 3 6 5 7
27 23 4 1 2 5 4 3 6 0 7
26 24 2 1 2 5 4 3 6 7 0
30 27 3 1 2 0 4 3 6 7 5
29 26 3 1 2 5 4 0 6 7 3
33 29 4 1 0 5 4 2 6 7 3
34 30 4 1 5 0 4 2 6 7 3
33 29 4 1 2 5 0 4 6 7 3
33 30 3 1 2 5 3 4 6 7 0
37 33 4 1 2 0 3 4 6 7 5
37 34 3 1 2 3 0 4 6 7 5
39 37 2 1 2 3 4 0 6 7 5
39 39 0 1 2 3 4 5 6 7 0
