0 0 0 1 7 4 0 2 3 6 5 8
8 1 7 1 7 4 2 0 3 6 5 8
9 2 7 1 7 4 2 3 0 6 5 8
10 3 7 1 7 0 2 3 4 6 5 8
12 6 6 1 7 6 2 3 4 0 5 8
13 8 5 0 7 6 2 3 4 1 5 8
12 7 5 1 7 6 0 3 4 2 5 8
13 8 5 1 7 6 3 0 4 2 5 8
13 9 4 1 7 6 3 4 0 2 5 8
15 10 5 1 7 6 3 4 8 2 5 0
17 13 4 0 7 6 3 4 8 2 5 1
19 14 5 7 0 6 3 4 8 2 5 1
14 9 5 1 0 6 3 7 4 2 5 8
14 10 4 0 1 6 3 7 4 2 5 8
18 13 5 7 1 6 3 0 4 2 5 8
18 14 4 7 1 6 3 4 0 2 5 8
20 15 5 7 1 6 3 4 8 2 5 0
22 18 4 0 1 6 3 4 8 2 5 7
24 19 5 1 0 6 3 4 8 2 5 7
24 19 5 3 1 6 0 4 8 2 5 7
16 11 5 3 1 6 0 7 4 2 5 8
17 12 5 3 1 6 7 0 4 2 5 8
17 13 4 3 1 6 7 4 0 2 5 8
19 14 5 3 1 6 7 4 8 2 5 0
21 17 4 0 1 6 7 4 8 2 5 3
23 18 5 1 0 6 7 4 8 2 5 3
23 18 5 7 1 6 0 4 8 2 5 3
20 15 5 7 1 0 3 4 6 2 5 8
22 18 4 7 1 2 3 4 6 0 5 8
23 20 3 0 1 2 3 4 6 7 5 8
23 19 4 7 1 2 3 4 6 5 0 8
21 17 4 0 1 7 3 4 6 2 5 8
24 19 5 2 1 7 3 4 6 0 5 8
25 20 5 2 1 7 3 4 6 5 0 8
23 18 5 1 0 7 3 4 6 2 5 8
26 21 5 7 1 2 3 0 6 4 5 8
27 22 5 7 1 2 3 6 0 4 5 8
27 22 5 7 1 2 3 5 6 4 0 8
28 23 5 7 1 2 3 5 6 0 4 8
29 25 4 0 1 2 3 5 6 7 4 8
33 28 5 5 1 2 3 0 6 7 4 8
33 29 4 5 1 2 3 4 6 7 0 8
33 30 3 5 1 2 3 4 6 0 7 8
34 32 2 0 1 2 3 4 6 5 7 8
39 35 4 4 1 2 3 0 6 5 7 8
40 36 4 4 1 2 3 6 0 5 7 8
37 33 4 5 1 0 3 4 6 2 7 8
38 35 3 0 1 5 3 4 6 2 7 8
41 37 4 2 1 5 3 4 6 0 7 8
38 34 4 5 1 6 3 4 0 2 7 8
35 31 4 5 1 2 0 4 6 3 7 8
37 33 4 3 1 2 0 4 6 5 7 8
38 34 4 3 1 2 5 4 6 0 7 8
39 36 3 0 1 2 5 4 6 3 7 8
37 33 4 5 1 2 3 0 6 4 7 8
38 34 4 5 1 2 3 6 0 4 7 8
37 33 4 1 0 2 3 4 6 5 7 8
39 35 4 8 1 2 3 4 6 5 7 0
41 37 4 8 1 2 3 4 6 0 7 5
42 39 3 0 1 2 3 4 6 8 7 5
40 36 4 8 1 2 3 4 0 5 7 6
38 34 4 2 1 0 3 4 6 5 7 8
39 35 4 2 1 6 3 4 0 5 7 8
36 32 4 5 1 2 3 4 6 8 7 0
37 33 4 5 1 2 3 4 0 8 7 6
39 34 5 5 1 2 3 0 4 8 7 6
39 34 5 5 1 0 3 4 2 8 7 6
40 36 4 0 1 5 3 4 2 8 7 6
44 39 5 6 1 5 3 4 2 8 7 0
45 41 4 6 1 5 3 4 2 0 7 8
45 43 2 0 1 5 3 4 2 6 7 8
48 45 3 5 1 0 3 4 2 6 7 8
48 46 2 5 1 2 3 4 0 6 7 8
50 47 3 5 1 2 3 0 4 6 7 8
50 47 3 5 1 2 3 4 8 6 7 0
52 50 2 0 1 2 3 4 8 6 7 5
57 53 4 4 1 2 3 0 8 6 7 5
58 54 4 4 1 2 3 8 0 6 7 5
58 55 3 4 1 2 3 8 5 6 7 0
60 58 2 4 1 2 3 0 5 6 7 8
60 58 2 0 1 2 3 8 5 6 7 4
64 61 3 8 1 2 3 0 5 6 7 4
62 59 3 4 1 2 3 5 0 6 7 8
62 59 3 4 1 2 0 3 5 6 7 8
62 59 3 4 0 2 3 1 5 6 7 8
62 60 2 0 4 2 3 1 5 6 7 8
66 63 3 1 4 2 3 0 5 6 7 8
66 64 2 1 0 2 3 4 5 6 7 8
65 65 0 0 1 2 3 4 5 6 7 8
