0 0 0 7 0 6 2 5 1 4 3
8 1 7 0 7 6 2 5 1 4 3
8 1 7 7 1 6 2 5 0 4 3
8 2 6 7 1 6 2 0 5 4 3
9 4 5 0 1 6 2 7 5 4 3
13 7 6 3 1 6 2 7 5 4 0
14 9 5 3 1 6 2 0 5 4 7
15 11 4 0 1 6 2 3 5 4 7
18 13 5 2 1 6 0 3 5 4 7
20 16 4 2 1 6 3 0 5 4 7
21 18 3 0 1 6 3 2 5 4 7
26 21 5 5 1 6 3 2 0 4 7
27 22 5 5 1 6 3 2 4 0 7
27 23 4 5 1 0 3 2 4 6 7
29 24 5 5 1 3 0 2 4 6 7
30 26 4 0 1 3 5 2 4 6 7
34 29 5 4 1 3 5 2 0 6 7
35 30 5 4 1 3 5 0 2 6 7
35 32 3 0 1 3 5 4 2 6 7
39 35 4 2 1 3 5 4 0 6 7
38 34 4 5 1 3 0 4 2 6 7
38 35 3 5 1 0 3 4 2 6 7
40 36 4 5 0 1 3 4 2 6 7
40 37 3 0 5 1 3 4 2 6 7
44 40 4 2 5 1 3 4 0 6 7
44 41 3 2 0 1 3 4 5 6 7
44 42 2 2 1 0 3 4 5 6 7
44 42 2 0 2 1 3 4 5 6 7
46 43 3 2 1 3 0 4 5 6 7
47 45 2 0 1 3 2 4 5 6 7
46 43 3 2 1 6 3 4 5 0 7
48 44 4 2 1 6 3 4 5 7 0
50 47 3 0 1 6 3 4 5 7 2
51 47 4 2 1 0 3 4 5 7 6
52 48 4 2 1 7 3 4 5 0 6
52 49 3 2 1 7 3 4 5 6 0
54 52 2 0 1 7 3 4 5 6 2
59 55 4 5 1 7 3 4 0 6 2
54 50 4 2 1 7 0 4 5 6 3
55 52 3 0 1 7 2 4 5 6 3
59 55 4 3 1 7 2 4 5 6 0
61 58 3 3 1 0 2 4 5 6 7
61 59 2 3 1 2 0 4 5 6 7
61 61 0 0 1 2 3 4 5 6 7
