0 0 0 6 5 7 1 4 0 3 2
8 1 7 6 5 7 1 0 4 3 2
8 3 5 6 5 7 1 2 4 3 0
12 6 6 6 5 0 1 2 4 3 7
12 7 5 6 0 5 1 2 4 3 7
13 8 5 0 6 5 1 2 4 3 7
15 11 4 7 6 5 1 2 4 3 0
14 10 4 1 6 5 0 2 4 3 7
13 11 2 1 6 5 7 2 4 3 0
15 12 3 1 6 5 7 2 4 0 3
17 13 4 1 6 5 7 2 0 4 3
18 14 4 1 0 5 7 2 6 4 3
17 13 4 1 6 5 3 2 4 0 7
17 14 3 1 6 5 3 2 4 7 0
19 15 4 1 6 5 0 2 4 7 3
17 13 4 1 6 5 7 0 4 3 2
20 16 4 1 0 5 7 6 4 3 2
18 14 4 1 6 0 7 2 4 3 5
19 15 4 1 0 6 7 2 4 3 5
19 15 4 1 6 3 7 2 4 0 5
19 16 3 1 6 3 7 2 4 5 0
18 14 4 0 6 5 7 2 4 3 1
19 15 4 6 0 5 7 2 4 3 1
17 13 4 1 6 0 7 2 4 5 3
18 14 4 1 0 6 7 2 4 5 3
20 15 5 0 1 6 7 2 4 5 3
22 18 4 3 1 6 7 2 4 5 0
26 21 5 3 1 0 7 2 4 5 6
26 22 4 3 1 5 7 2 4 0 6
25 23 2 3 1 5 7 2 4 6 0
29 26 3 0 1 5 7 2 4 6 3
29 27 2 1 0 5 7 2 4 6 3
31 28 3 1 5 0 7 2 4 6 3
31 28 3 1 4 5 7 2 0 6 3
33 29 4 1 4 5 7 2 6 0 3
33 30 3 1 4 5 7 2 6 3 0
33 29 4 1 4 5 7 0 2 6 3
34 31 3 1 4 5 7 3 2 6 0
36 32 4 1 0 5 7 4 2 6 3
37 33 4 1 2 5 7 4 0 6 3
37 34 3 1 2 5 7 0 4 6 3
38 36 2 1 2 5 7 3 4 6 0
43 39 4 1 2 0 7 3 4 6 5
44 40 4 1 0 2 7 3 4 6 5
43 39 4 0 2 5 7 3 4 6 1
44 40 4 2 0 5 7 3 4 6 1
44 40 4 3 2 5 7 0 4 6 1
46 43 3 3 0 5 7 2 4 6 1
46 44 2 0 3 5 7 2 4 6 1
47 47 0 1 3 5 7 2 4 6 0
