0 0 0 6 1 3 7 5 0 2 4
7 1 6 6 1 3 7 0 5 2 4
8 3 5 0 1 3 7 6 5 2 4
8 3 5 6 1 3 7 4 5 2 0
10 6 4 0 1 3 7 4 5 2 6
8 4 4 6 1 3 0 4 5 2 7
9 6 3 0 1 3 6 4 5 2 7
8 5 3 6 1 0 3 4 5 2 7
8 6 2 6 1 2 3 4 5 0 7
10 7 3 6 1 2 3 4 5 7 0
12 10 2 0 1 2 3 4 5 7 6
10 7 3 6 1 2 3 4 0 5 7
12 8 4 6 1 2 3 0 4 5 7
13 10 3 0 1 2 3 6 4 5 7
17 13 4 4 1 2 3 6 0 5 7
17 14 3 4 1 2 3 6 5 0 7
19 15 4 4 1 2 3 6 5 7 0
21 18 3 0 1 2 3 6 5 7 4
19 15 4 4 1 0 3 6 5 2 7
11 7 4 6 1 3 2 4 5 0 7
12 8 4 6 1 0 2 4 5 3 7
12 9 3 6 1 2 0 4 5 3 7
13 11 2 0 1 2 6 4 5 3 7
18 14 4 5 1 2 6 4 0 3 7
19 15 4 5 1 2 6 4 3 0 7
13 9 4 6 1 2 3 0 5 7 4
18 14 4 7 1 2 6 4 5 3 0
19 15 4 7 1 2 6 4 5 0 3
19 15 4 7 1 2 0 4 5 3 6
21 18 3 7 1 2 3 4 5 0 6
21 19 2 7 1 2 3 4 5 6 0
22 22 0 0 1 2 3 4 5 6 7
