0 0 0 4 6 0 1 3 2 5 7
7 1 6 4 6 1 0 3 2 5 7
8 3 5 0 6 1 4 3 2 5 7
12 6 6 2 6 1 4 3 0 5 7
12 7 5 2 6 1 4 0 3 5 7
13 9 4 0 6 1 4 2 3 5 7
16 11 5 4 6 1 0 2 3 5 7
19 14 5 4 6 1 2 0 3 5 7
20 16 4 0 6 1 2 4 3 5 7
22 17 5 6 0 1 2 4 3 5 7
23 18 5 6 1 0 2 4 3 5 7
23 19 4 6 1 2 0 4 3 5 7
24 21 3 0 1 2 6 4 3 5 7
28 24 4 3 1 2 6 4 0 5 7
28 25 3 3 1 2 6 4 5 0 7
30 26 4 3 1 2 6 4 5 7 0
32 29 3 0 1 2 6 4 5 7 3
35 31 4 6 1 2 0 4 5 7 3
35 32 3 6 1 2 3 4 5 7 0
37 35 2 0 1 2 3 4 5 7 6
35 33 2 6 1 2 3 4 5 0 7
37 34 3 6 1 2 3 4 0 5 7
37 34 3 6 1 0 3 4 5 2 7
39 35 4 6 1 3 0 4 5 2 7
40 37 3 0 1 3 6 4 5 2 7
26 22 4 1 0 2 6 4 3 5 7
26 23 3 1 2 0 6 4 3 5 7
28 24 4 1 2 6 0 4 3 5 7
29 26 3 0 2 6 1 4 3 5 7
31 27 4 4 2 6 1 0 3 5 7
33 30 3 4 2 6 0 1 3 5 7
34 32 2 0 2 6 4 1 3 5 7
33 31 2 4 2 0 6 1 3 5 7
35 32 3 4 0 2 6 1 3 5 7
35 33 2 0 4 2 6 1 3 5 7
35 32 3 4 2 5 6 1 3 0 7
37 33 4 4 2 5 6 1 3 7 0
39 36 3 0 2 5 6 1 3 7 4
40 36 4 4 2 0 6 1 3 7 5
41 37 4 4 2 7 6 1 3 0 5
41 38 3 4 2 7 6 1 3 5 0
43 41 2 0 2 7 6 1 3 5 4
48 44 4 3 2 7 6 1 0 5 4
43 39 4 4 2 7 0 1 3 5 6
44 41 3 0 2 7 4 1 3 5 6
48 44 4 6 2 7 4 1 3 5 0
50 47 3 6 2 0 4 1 3 5 7
50 48 2 6 2 4 0 1 3 5 7
50 50 0 0 2 4 6 1 3 5 7
