0 0 0 2 3 6 5 0 1 4 7
8 2 6 0 3 6 5 2 1 4 7
7 1 6 2 3 6 5 1 0 4 7
7 2 5 2 0 6 5 1 3 4 7
6 3 3 0 2 6 5 1 3 4 7
9 5 4 5 2 6 0 1 3 4 7
9 6 3 5 2 0 6 1 3 4 7
9 7 2 5 2 4 6 1 3 0 7
11 8 3 5 2 4 6 1 3 7 0
13 11 2 0 2 4 6 1 3 7 5
11 8 3 5 2 4 6 1 0 3 7
13 9 4 5 2 4 6 0 1 3 7
14 11 3 0 2 4 6 5 1 3 7
18 14 4 1 2 4 6 5 0 3 7
18 15 3 1 2 4 6 5 3 0 7
20 16 4 1 2 4 6 5 3 7 0
22 19 3 0 2 4 6 5 3 7 1
20 16 4 1 2 0 6 5 3 4 7
19 15 4 1 2 4 6 0 5 3 7
19 17 2 0 2 4 6 1 5 3 7
24 20 4 7 2 4 6 1 5 3 0
25 21 4 7 2 4 6 1 5 0 3
25 22 3 7 2 4 6 1 0 5 3
27 23 4 7 2 4 6 0 1 5 3
28 25 3 0 2 4 6 7 1 5 3
32 28 4 1 2 4 6 7 0 5 3
33 29 4 1 2 4 6 0 7 5 3
33 31 2 0 2 4 6 1 7 5 3
37 34 3 3 2 4 6 1 7 5 0
41 37 4 3 2 0 6 1 7 5 4
40 36 4 3 2 4 6 0 7 5 1
41 38 3 0 2 4 6 3 7 5 1
45 41 4 7 2 4 6 3 0 5 1
45 42 3 7 2 4 6 0 3 5 1
46 44 2 0 2 4 6 7 3 5 1
46 44 2 7 2 4 6 1 3 5 0
47 47 0 0 2 4 6 1 3 5 7
