0 0 0 0 1 3 8 4 7 2 6 5
9 3 6 5 1 3 8 4 7 2 6 0
11 5 6 5 1 0 8 4 7 2 6 3
12 7 5 0 1 5 8 4 7 2 6 3
16 10 6 3 1 5 8 4 7 2 6 0
17 11 6 3 1 5 8 4 7 2 0 6
14 8 6 1 0 5 8 4 7 2 6 3
15 9 6 1 5 0 8 4 7 2 6 3
16 11 5 0 5 1 8 4 7 2 6 3
20 14 6 3 5 1 8 4 7 2 6 0
22 16 6 3 5 0 8 4 7 2 6 1
23 18 5 0 5 3 8 4 7 2 6 1
25 19 6 5 0 3 8 4 7 2 6 1
25 20 5 5 3 0 8 4 7 2 6 1
26 22 4 0 3 5 8 4 7 2 6 1
30 25 5 1 3 5 8 4 7 2 6 0
32 27 5 1 3 0 8 4 7 2 6 5
33 29 4 0 3 1 8 4 7 2 6 5
35 30 5 8 3 1 0 4 7 2 6 5
31 26 5 1 3 5 8 4 7 2 0 6
28 23 5 8 3 5 0 4 7 2 6 1
27 22 5 5 3 1 8 4 7 2 6 0
28 23 5 5 3 1 8 4 7 2 0 6
30 24 6 5 3 1 8 4 7 0 2 6
31 26 5 0 3 1 8 4 7 5 2 6
35 29 6 6 3 1 8 4 7 5 2 0
37 31 6 6 3 0 8 4 7 5 2 1
37 33 4 0 3 6 8 4 7 5 2 1
41 36 5 1 3 6 8 4 7 5 2 0
43 38 5 1 3 6 8 4 7 0 2 5
44 40 4 0 3 6 8 4 7 1 2 5
43 39 4 1 3 6 8 4 7 2 0 5
43 40 3 1 3 6 8 4 7 2 5 0
45 43 2 0 3 6 8 4 7 2 5 1
47 44 3 8 3 6 0 4 7 2 5 1
49 45 4 8 3 6 4 0 7 2 5 1
48 44 4 3 0 6 8 4 7 2 5 1
49 45 4 8 3 6 2 4 7 0 5 1
50 47 3 0 3 6 2 4 7 8 5 1
54 50 4 1 3 6 2 4 7 8 5 0
55 52 3 1 3 6 2 4 7 0 5 8
56 54 2 0 3 6 2 4 7 1 5 8
55 53 2 1 3 6 0 4 7 2 5 8
57 54 3 1 3 6 4 0 7 2 5 8
58 55 3 2 3 6 0 4 7 1 5 8
58 56 2 2 3 6 1 4 7 0 5 8
58 58 0 0 3 6 1 4 7 2 5 8
