0 0 0 6 2 5 0 3 4 1 7
5 1 4 6 2 5 7 3 4 1 0
9 4 5 0 2 5 7 3 4 1 6
10 5 5 2 0 5 7 3 4 1 6
10 5 5 3 2 5 7 0 4 1 6
12 8 4 3 0 5 7 2 4 1 6
12 9 3 0 3 5 7 2 4 1 6
14 12 2 6 3 5 7 2 4 1 0
16 13 3 6 3 5 7 2 4 0 1
18 14 4 6 3 5 7 2 0 4 1
16 12 4 4 3 5 7 2 0 1 6
17 13 4 4 3 5 7 2 1 0 6
16 14 2 4 3 5 7 2 1 6 0
20 17 3 0 3 5 7 2 1 6 4
22 20 2 1 3 5 7 2 0 6 4
24 21 3 1 3 5 7 2 6 0 4
24 22 2 1 3 5 7 2 6 4 0
24 21 3 1 3 5 7 0 2 6 4
25 23 2 1 3 5 7 4 2 6 0
24 21 3 1 0 5 7 2 3 6 4
26 22 4 1 5 0 7 2 3 6 4
28 24 4 1 3 5 7 4 2 0 6
29 25 4 1 3 5 7 4 0 2 6
29 26 3 1 3 5 7 0 4 2 6
30 28 2 1 3 5 7 6 4 2 0
32 29 3 1 3 5 7 6 4 0 2
34 30 4 1 3 5 7 6 0 4 2
21 17 4 4 3 0 7 2 1 6 5
27 23 4 1 3 5 0 2 6 4 7
30 26 4 1 3 5 4 2 6 0 7
30 27 3 1 3 5 4 2 6 7 0
30 27 3 1 3 5 4 2 0 6 7
32 28 4 1 3 5 4 0 2 6 7
33 30 3 1 3 5 4 7 2 6 0
32 28 4 1 0 5 4 2 3 6 7
34 30 4 1 3 0 4 2 6 7 5
34 31 3 1 0 3 4 2 6 7 5
36 32 4 0 1 3 4 2 6 7 5
38 35 3 5 1 3 4 2 6 7 0
41 37 4 5 1 3 4 0 6 7 2
42 39 3 0 1 3 4 5 6 7 2
44 42 2 2 1 3 4 5 6 7 0
42 40 2 1 0 3 4 5 6 7 2
44 41 3 1 3 0 4 5 6 7 2
44 41 3 1 6 3 4 5 0 7 2
46 42 4 1 6 3 4 5 7 0 2
46 43 3 1 6 3 4 5 7 2 0
17 13 4 6 3 5 0 2 4 1 7
20 16 4 6 3 5 1 2 4 0 7
20 17 3 6 3 5 1 2 4 7 0
24 20 4 0 3 5 1 2 4 7 6
25 22 3 1 3 5 0 2 4 7 6
27 25 2 1 3 5 7 2 4 0 6
26 26 0 1 3 5 7 2 4 6 0
