0 0 0 6 8 0 1 2 3 7 5 4
7 2 5 0 8 6 1 2 3 7 5 4
11 5 6 2 8 6 1 0 3 7 5 4
12 6 6 2 8 6 1 3 0 7 5 4
13 7 6 2 8 6 1 3 4 7 5 0
15 10 5 0 8 6 1 3 4 7 5 2
19 13 6 3 8 6 1 0 4 7 5 2
19 14 5 3 8 6 1 4 0 7 5 2
20 15 5 3 8 6 1 4 2 7 5 0
22 18 4 0 8 6 1 4 2 7 5 3
25 20 5 7 8 6 1 4 2 0 5 3
27 22 5 7 8 6 1 4 2 3 5 0
29 25 4 0 8 6 1 4 2 3 5 7
31 26 5 8 0 6 1 4 2 3 5 7
28 23 5 7 8 6 1 4 0 3 5 2
24 19 5 8 0 6 1 4 2 7 5 3
22 17 5 3 8 6 1 4 2 0 5 7
26 20 6 3 8 6 1 0 2 4 5 7
27 21 6 3 8 6 1 2 0 4 5 7
27 22 5 3 8 6 1 2 7 4 5 0
29 25 4 0 8 6 1 2 7 4 5 3
33 28 5 2 8 6 1 0 7 4 5 3
34 29 5 2 0 6 1 8 7 4 5 3
34 30 4 0 2 6 1 8 7 4 5 3
38 33 5 8 2 6 1 0 7 4 5 3
38 33 5 3 2 6 1 8 7 4 5 0
40 36 4 3 2 6 1 0 7 4 5 8
41 37 4 3 0 6 1 2 7 4 5 8
40 38 2 0 3 6 1 2 7 4 5 8
44 41 3 2 3 6 1 0 7 4 5 8
43 40 3 4 3 6 1 2 7 0 5 8
45 43 2 4 3 6 1 0 7 2 5 8
47 44 3 4 3 6 1 7 0 2 5 8
47 44 3 4 3 6 0 1 7 2 5 8
47 44 3 4 3 6 1 5 7 2 0 8
47 44 3 4 0 6 1 3 7 2 5 8
47 45 2 0 4 6 1 3 7 2 5 8
51 48 3 3 4 6 1 0 7 2 5 8
51 49 2 3 0 6 1 4 7 2 5 8
50 50 0 0 3 6 1 4 7 2 5 8
