0 0 0 2 0 5 4 3 7 1 6
7 1 6 0 2 5 4 3 7 1 6
9 4 5 6 2 5 4 3 7 1 0
13 7 6 6 2 0 4 3 7 1 5
14 8 6 6 2 1 4 3 7 0 5
14 9 5 6 2 1 4 3 7 5 0
14 9 5 6 2 1 4 3 0 7 5
15 10 5 6 2 1 4 0 3 7 5
15 12 3 6 2 1 4 5 3 7 0
19 15 4 6 2 0 4 5 3 7 1
19 15 4 0 2 1 4 5 3 7 6
22 18 4 3 2 1 4 5 0 7 6
24 19 5 3 2 1 4 5 7 0 6
24 20 4 3 2 1 4 5 7 6 0
28 23 5 3 2 0 4 5 7 6 1
29 24 5 3 2 6 4 5 7 0 1
29 25 4 3 2 6 4 5 7 1 0
29 25 4 3 2 6 4 5 0 7 1
31 26 5 3 2 6 4 0 5 7 1
32 28 4 3 2 6 4 1 5 7 0
36 31 5 3 2 0 4 1 5 7 6
36 31 5 0 2 6 4 1 5 7 3
36 32 4 1 2 6 4 0 5 7 3
37 34 3 1 2 6 4 3 5 7 0
36 33 3 1 2 6 4 5 0 7 3
38 34 4 1 2 6 4 5 7 0 3
38 35 3 1 2 6 4 5 7 3 0
42 38 4 1 2 0 4 5 7 3 6
42 39 3 1 2 3 4 5 7 0 6
42 40 2 1 2 3 4 5 7 6 0
42 40 2 1 2 3 4 5 0 7 6
44 41 3 1 2 3 4 0 5 7 6
45 43 2 1 2 3 4 6 5 7 0
44 41 3 1 0 3 4 5 2 7 6
46 42 4 1 3 0 4 5 2 7 6
46 42 4 0 1 3 4 5 2 7 6
48 45 3 6 1 3 4 5 2 7 0
49 45 4 2 1 3 4 5 0 7 6
50 46 4 2 0 3 4 5 1 7 6
50 47 3 0 2 3 4 5 1 7 6
52 50 2 6 2 3 4 5 1 7 0
57 53 4 6 2 0 4 5 1 7 3
56 52 4 6 2 3 4 0 1 7 5
58 54 4 0 2 3 4 6 1 7 5
60 57 3 1 2 3 4 6 0 7 5
60 58 2 1 2 3 4 0 6 7 5
60 60 0 1 2 3 4 5 6 7 0
