0 0 0 3 4 0 1 5 6 7 2
8 1 7 3 0 4 1 5 6 7 2
8 2 6 0 3 4 1 5 6 7 2
12 5 7 6 3 4 1 5 0 7 2
12 6 6 6 0 4 1 5 3 7 2
12 7 5 0 6 4 1 5 3 7 2
16 10 6 2 6 4 1 5 3 7 0
16 11 5 2 6 4 1 5 3 0 7
18 12 6 2 6 4 1 5 0 3 7
19 13 6 2 6 4 1 0 5 3 7
21 16 5 2 6 4 0 1 5 3 7
22 18 4 0 6 4 2 1 5 3 7
26 21 5 5 6 4 2 1 0 3 7
26 22 4 5 6 4 2 1 3 0 7
28 23 5 5 6 4 2 1 3 7 0
30 26 4 0 6 4 2 1 3 7 5
33 28 5 2 6 4 0 1 3 7 5
36 31 5 2 6 4 7 1 3 0 5
36 32 4 2 6 4 7 1 3 5 0
38 35 3 0 6 4 7 1 3 5 2
36 33 3 2 6 4 0 1 3 5 7
37 35 2 0 6 4 2 1 3 5 7
39 36 3 6 0 4 2 1 3 5 7
41 37 4 6 4 0 2 1 3 5 7
42 38 4 6 4 2 0 1 3 5 7
42 40 2 0 4 2 6 1 3 5 7
44 41 3 4 0 2 6 1 3 5 7
44 42 2 4 2 0 6 1 3 5 7
46 43 3 4 2 6 0 1 3 5 7
47 45 2 0 2 6 4 1 3 5 7
46 43 3 4 2 5 6 1 3 0 7
48 44 4 4 2 5 6 1 3 7 0
50 47 3 0 2 5 6 1 3 7 4
50 46 4 2 0 6 4 1 3 5 7
51 47 4 4 2 0 6 1 3 7 5
52 48 4 4 2 7 6 1 3 0 5
52 49 3 4 2 7 6 1 3 5 0
54 52 2 0 2 7 6 1 3 5 4
59 55 4 3 2 7 6 1 0 5 4
58 54 4 6 2 7 0 1 3 5 4
59 55 4 6 2 0 7 1 3 5 4
59 55 4 6 2 7 4 1 3 5 0
61 58 3 6 2 0 4 1 3 5 7
61 59 2 6 2 4 0 1 3 5 7
61 61 0 0 2 4 6 1 3 5 7
