0 0 0 0 4 2 1 6 7 5 3
10 3 7 7 4 2 1 6 0 5 3
10 4 6 7 4 2 1 6 5 0 3
11 5 6 7 4 2 1 6 5 3 0
12 8 4 0 4 2 1 6 5 3 7
15 10 5 1 4 2 0 6 5 3 7
17 13 4 1 4 2 3 6 5 0 7
19 14 5 1 4 2 3 6 5 7 0
21 17 4 0 4 2 3 6 5 7 1
23 18 5 4 0 2 3 6 5 7 1
23 18 5 6 4 2 3 0 5 7 1
25 21 4 6 0 2 3 4 5 7 1
25 22 3 0 6 2 3 4 5 7 1
29 25 4 1 6 2 3 4 5 7 0
29 26 3 1 6 2 3 4 5 0 7
31 27 4 1 6 2 3 4 0 5 7
32 28 4 1 0 2 3 4 6 5 7
31 29 2 0 1 2 3 4 6 5 7
35 32 3 6 1 2 3 4 0 5 7
35 33 2 6 1 2 3 4 5 0 7
37 34 3 6 1 2 3 4 5 7 0
39 37 2 0 1 2 3 4 5 7 6
37 34 3 6 1 0 3 4 5 2 7
39 35 4 6 1 3 0 4 5 2 7
40 37 3 0 1 3 6 4 5 2 7
39 35 4 6 1 2 0 4 5 7 3
40 37 3 0 1 2 6 4 5 7 3
44 40 4 3 1 2 6 4 5 7 0
44 41 3 3 1 2 6 4 5 0 7
46 42 4 3 1 2 6 4 0 5 7
46 42 4 3 1 0 6 4 5 2 7
47 43 4 3 1 6 0 4 5 2 7
47 45 2 0 1 6 3 4 5 2 7
52 48 4 5 1 6 3 4 0 2 7
53 49 4 5 1 6 3 4 2 0 7
53 50 3 5 1 0 3 4 2 6 7
55 51 4 5 1 3 0 4 2 6 7
56 53 3 0 1 3 5 4 2 6 7
60 56 4 2 1 3 5 4 0 6 7
55 51 4 5 0 1 3 4 2 6 7
55 52 3 0 5 1 3 4 2 6 7
59 55 4 2 5 1 3 4 0 6 7
59 56 3 2 0 1 3 4 5 6 7
59 57 2 2 1 0 3 4 5 6 7
59 57 2 0 2 1 3 4 5 6 7
61 58 3 2 1 6 3 4 5 0 7
61 58 3 2 1 3 0 4 5 6 7
62 60 2 0 1 3 2 4 5 6 7
67 63 4 5 1 3 2 4 0 6 7
43 39 4 3 1 2 0 4 5 7 6
46 42 4 3 1 2 7 4 5 0 6
46 43 3 3 1 2 7 4 5 6 0
48 46 2 0 1 2 7 4 5 6 3
46 44 2 3 1 2 0 4 5 6 7
46 46 0 0 1 2 3 4 5 6 7
