0 0 0 3 7 4 6 2 0 5 1
8 1 7 3 7 4 6 2 5 0 1
8 2 6 3 7 4 6 2 5 1 0
12 5 7 3 7 0 6 2 5 1 4
13 6 7 3 7 6 0 2 5 1 4
13 7 6 3 7 6 4 2 5 1 0
17 10 7 3 7 0 4 2 5 1 6
18 11 7 3 0 7 4 2 5 1 6
18 12 6 0 3 7 4 2 5 1 6
20 15 5 6 3 7 4 2 5 1 0
24 18 6 6 3 0 4 2 5 1 7
25 19 6 6 3 4 0 2 5 1 7
24 20 4 6 3 4 7 2 5 1 0
28 23 5 6 3 0 7 2 5 1 4
29 24 5 6 3 1 7 2 5 0 4
29 25 4 6 3 1 7 2 5 4 0
33 28 5 6 3 0 7 2 5 4 1
33 28 5 0 3 1 7 2 5 4 6
36 31 5 5 3 1 7 2 0 4 6
36 32 4 5 3 1 7 2 4 0 6
35 33 2 5 3 1 7 2 4 6 0
39 36 3 5 3 0 7 2 4 6 1
39 36 3 0 3 1 7 2 4 6 5
43 39 4 4 3 1 7 2 0 6 5
41 37 4 5 3 7 0 2 4 6 1
41 38 3 5 3 7 1 2 4 6 0
45 41 4 5 3 0 1 2 4 6 7
38 34 4 5 3 1 0 2 4 6 7
40 36 4 0 3 1 5 2 4 6 7
42 39 3 7 3 1 5 2 4 6 0
46 42 4 7 3 0 5 2 4 6 1
46 43 3 7 3 5 0 2 4 6 1
47 45 2 0 3 5 7 2 4 6 1
48 48 0 1 3 5 7 2 4 6 0
