0 0 0 5 1 7 3 0 2 4 6
9 2 7 0 1 7 3 5 2 4 6
11 5 6 6 1 7 3 5 2 4 0
9 3 6 1 0 7 3 5 2 4 6
9 4 5 1 2 7 3 5 0 4 6
10 5 5 1 2 7 3 5 4 0 6
10 6 4 1 2 7 3 5 4 6 0
10 6 4 1 2 0 3 5 4 7 6
10 7 3 1 2 3 0 5 4 7 6
10 8 2 1 2 3 6 5 4 7 0
15 11 4 1 2 0 6 5 4 7 3
16 12 4 1 2 6 0 5 4 7 3
16 13 3 1 2 6 3 5 4 7 0
13 9 4 0 2 3 1 5 4 7 6
15 12 3 6 2 3 1 5 4 7 0
17 13 4 6 2 3 0 5 4 7 1
16 12 4 4 2 3 1 5 0 7 6
14 10 4 1 2 3 7 5 4 0 6
14 11 3 1 2 3 7 5 4 6 0
18 14 4 1 2 0 7 5 4 6 3
19 15 4 1 0 2 7 5 4 6 3
17 13 4 1 2 3 7 0 4 6 5
19 16 3 1 0 3 7 2 4 6 5
19 17 2 1 3 0 7 2 4 6 5
21 18 3 1 3 7 0 2 4 6 5
21 19 2 1 3 7 5 2 4 6 0
25 22 3 1 3 0 5 2 4 6 7
25 23 2 1 3 5 0 2 4 6 7
24 24 0 1 3 5 7 2 4 6 0
