0 0 0 3 5 6 4 7 0 2 1
8 1 7 3 5 6 4 7 2 0 1
8 2 6 3 5 6 4 7 2 1 0
12 5 7 3 5 0 4 7 2 1 6
13 6 7 3 0 5 4 7 2 1 6
13 7 6 0 3 5 4 7 2 1 6
15 10 5 6 3 5 4 7 2 1 0
18 12 6 6 3 5 4 0 2 1 7
18 13 5 6 3 5 4 2 0 1 7
19 14 5 6 3 5 4 2 1 0 7
19 15 4 6 3 5 4 2 1 7 0
23 18 5 0 3 5 4 2 1 7 6
25 21 4 1 3 5 4 2 0 7 6
26 22 4 1 3 5 4 2 7 0 6
25 23 2 1 3 5 4 2 7 6 0
27 24 3 1 3 5 0 2 7 6 4
31 27 4 1 3 5 6 2 7 0 4
31 28 3 1 3 5 6 2 7 4 0
33 29 4 1 3 5 0 2 7 4 6
32 28 4 1 3 5 6 2 0 7 4
31 27 4 1 3 5 2 0 7 6 4
32 29 3 1 3 5 2 4 7 6 0
34 30 4 1 3 5 0 4 7 6 2
32 28 4 1 3 5 2 7 0 6 4
30 26 4 1 3 0 4 2 7 6 5
31 27 4 1 3 4 0 2 7 6 5
31 28 3 1 3 4 5 2 7 6 0
29 25 4 1 3 0 5 2 7 6 4
30 26 4 0 3 5 4 2 7 6 1
33 29 4 7 3 5 4 2 0 6 1
32 28 4 4 3 5 0 2 7 6 1
32 29 3 4 3 5 1 2 7 6 0
30 26 4 0 3 5 1 2 7 6 4
33 29 4 7 3 5 1 2 0 6 4
29 25 4 1 3 5 4 0 7 6 2
30 26 4 1 3 5 4 7 0 6 2
32 27 5 1 3 5 4 7 6 0 2
32 28 4 1 3 5 4 7 6 2 0
36 31 5 1 3 0 4 7 6 2 5
36 32 4 1 0 3 4 7 6 2 5
38 33 5 0 1 3 4 7 6 2 5
40 36 4 5 1 3 4 7 6 2 0
43 38 5 5 1 3 4 0 6 2 7
44 40 4 0 1 3 4 5 6 2 7
46 43 3 7 1 3 4 5 6 2 0
44 41 3 1 0 3 4 5 6 2 7
46 42 4 1 3 0 4 5 6 2 7
47 43 4 1 3 2 4 5 6 0 7
46 44 2 1 3 2 4 5 6 7 0
50 47 3 1 3 0 4 5 6 7 2
50 48 2 1 0 3 4 5 6 7 2
52 49 3 0 1 3 4 5 6 7 2
54 52 2 2 1 3 4 5 6 7 0
52 49 3 1 6 3 4 5 0 7 2
54 50 4 1 6 3 4 5 7 0 2
54 51 3 1 6 3 4 5 7 2 0
57 53 4 2 1 3 0 5 6 7 4
59 55 4 0 1 3 2 5 6 7 4
61 58 3 4 1 3 2 5 6 7 0
59 56 3 1 0 3 2 5 6 7 4
61 57 4 1 3 0 2 5 6 7 4
61 57 4 1 6 3 2 5 0 7 4
48 44 4 7 1 3 4 5 6 0 2
51 47 4 0 3 2 4 5 6 7 1
52 48 4 3 0 2 4 5 6 7 1
52 49 3 3 2 0 4 5 6 7 1
54 50 4 3 2 4 0 5 6 7 1
54 51 3 3 2 4 1 5 6 7 0
58 54 4 3 2 0 1 5 6 7 4
59 55 4 3 2 1 0 5 6 7 4
58 56 2 3 2 1 4 5 6 7 0
62 59 3 0 2 1 4 5 6 7 3
66 62 4 6 2 1 4 5 0 7 3
61 57 4 0 2 1 3 5 6 7 4
63 60 3 4 2 1 3 5 6 7 0
67 63 4 4 2 0 3 5 6 7 1
67 64 3 4 2 3 0 5 6 7 1
68 66 2 0 2 3 4 5 6 7 1
69 69 0 1 2 3 4 5 6 7 0
