0 0 0 1 0 7 2 5 6 3 8 4
8 1 7 0 1 7 2 5 6 3 8 4
12 4 8 5 1 7 2 0 6 3 8 4
13 5 8 5 1 7 2 6 0 3 8 4
14 6 8 5 1 7 2 6 4 3 8 0
16 9 7 0 1 7 2 6 4 3 8 5
14 7 7 5 1 7 2 6 4 3 0 8
15 8 7 5 1 7 2 6 4 0 3 8
17 11 6 5 1 7 2 0 4 6 3 8
17 12 5 5 1 7 2 4 0 6 3 8
18 13 5 5 1 0 2 4 7 6 3 8
19 15 4 0 1 5 2 4 7 6 3 8
21 16 5 2 1 5 0 4 7 6 3 8
21 16 5 5 1 6 2 4 7 0 3 8
22 18 4 0 1 6 2 4 7 5 3 8
21 17 4 5 1 6 0 4 7 2 3 8
23 18 5 5 1 6 4 0 7 2 3 8
24 19 5 5 1 6 4 3 7 2 0 8
24 19 5 5 0 6 4 1 7 2 3 8
24 20 4 0 5 6 4 1 7 2 3 8
28 23 5 1 5 6 4 0 7 2 3 8
28 24 4 1 5 6 0 4 7 2 3 8
30 25 5 1 5 6 2 4 7 0 3 8
31 27 4 0 5 6 2 4 7 1 3 8
33 28 5 5 0 6 2 4 7 1 3 8
33 28 5 2 5 6 0 4 7 1 3 8
33 29 4 2 5 6 1 4 7 0 3 8
33 31 2 0 5 6 1 4 7 2 3 8
35 32 3 5 0 6 1 4 7 2 3 8
37 33 4 5 6 0 1 4 7 2 3 8
38 35 3 0 6 5 1 4 7 2 3 8
40 36 4 6 0 5 1 4 7 2 3 8
37 33 4 5 4 6 1 0 7 2 3 8
38 34 4 5 4 6 1 3 7 2 0 8
38 34 4 4 5 6 1 0 7 2 3 8
39 35 4 4 5 6 1 3 7 2 0 8
39 35 4 4 0 6 1 5 7 2 3 8
39 36 3 0 4 6 1 5 7 2 3 8
34 30 4 2 5 6 1 4 7 3 0 8
37 33 4 6 5 0 1 4 7 2 3 8
38 34 4 8 5 6 1 4 7 2 3 0
39 35 4 8 5 6 1 4 7 2 0 3
41 36 5 8 5 6 1 4 7 0 2 3
42 38 4 0 5 6 1 4 7 8 2 3
46 41 5 3 5 6 1 4 7 8 2 0
47 43 4 3 5 6 1 4 7 0 2 8
48 45 3 0 5 6 1 4 7 3 2 8
47 44 3 3 5 6 1 4 7 2 0 8
49 45 4 3 5 6 1 4 7 2 8 0
51 48 3 0 5 6 1 4 7 2 8 3
53 49 4 5 0 6 1 4 7 2 8 3
49 45 4 3 5 6 1 0 7 2 4 8
50 46 4 3 0 6 1 5 7 2 4 8
49 47 2 0 3 6 1 5 7 2 4 8
53 50 3 5 3 6 1 0 7 2 4 8
53 51 2 5 3 6 1 4 7 2 0 8
55 52 3 5 3 6 1 4 7 2 8 0
57 55 2 0 3 6 1 4 7 2 8 5
55 52 3 5 3 6 1 4 7 0 2 8
56 54 2 0 3 6 1 4 7 5 2 8
61 57 4 4 3 6 1 0 7 5 2 8
62 58 4 4 3 6 1 2 7 5 0 8
62 59 3 4 3 6 1 2 7 0 5 8
64 62 2 4 3 6 1 0 7 2 5 8
63 61 2 0 3 6 1 2 7 4 5 8
67 64 3 2 3 6 1 0 7 4 5 8
66 63 3 4 3 6 1 7 0 2 5 8
66 63 3 4 3 6 0 1 7 2 5 8
66 63 3 4 3 6 1 5 7 2 0 8
66 63 3 4 0 6 1 3 7 2 5 8
66 64 2 0 4 6 1 3 7 2 5 8
70 67 3 3 4 6 1 0 7 2 5 8
70 68 2 3 0 6 1 4 7 2 5 8
69 69 0 0 3 6 1 4 7 2 5 8
