0 0 0 0 5 7 6 1 2 3 8 4
12 3 9 1 5 7 6 0 2 3 8 4
13 4 9 1 5 7 6 2 0 3 8 4
13 5 8 1 5 0 6 2 7 3 8 4
14 7 7 0 5 1 6 2 7 3 8 4
18 10 8 2 5 1 6 0 7 3 8 4
19 11 8 2 5 1 0 6 7 3 8 4
20 12 8 2 5 1 3 6 7 0 8 4
20 14 6 0 5 1 3 6 7 2 8 4
24 17 7 6 5 1 3 0 7 2 8 4
25 18 7 6 5 1 0 3 7 2 8 4
25 18 7 6 5 1 3 8 7 2 0 4
26 19 7 6 5 1 3 8 7 2 4 0
28 22 6 6 5 1 3 0 7 2 4 8
28 23 5 6 5 1 3 4 7 2 0 8
30 24 6 6 5 1 3 4 7 2 8 0
32 27 5 0 5 1 3 4 7 2 8 6
35 29 6 1 5 0 3 4 7 2 8 6
36 31 5 1 5 6 3 4 7 2 8 0
38 34 4 0 5 6 3 4 7 2 8 1
36 32 4 1 5 6 3 4 7 2 0 8
38 33 5 1 5 6 3 4 7 0 2 8
39 35 4 0 5 6 3 4 7 1 2 8
41 36 5 5 0 6 3 4 7 1 2 8
41 36 5 3 5 6 0 4 7 1 2 8
41 37 4 3 5 6 1 4 7 0 2 8
42 39 3 0 5 6 1 4 7 3 2 8
41 38 3 3 5 6 1 4 7 2 0 8
43 39 4 3 5 6 1 4 7 2 8 0
45 42 3 0 5 6 1 4 7 2 8 3
47 43 4 5 0 6 1 4 7 2 8 3
43 39 4 3 5 6 1 0 7 2 4 8
44 40 4 3 0 6 1 5 7 2 4 8
43 41 2 0 3 6 1 5 7 2 4 8
47 44 3 5 3 6 1 0 7 2 4 8
47 45 2 5 3 6 1 4 7 2 0 8
49 46 3 5 3 6 1 4 7 2 8 0
51 49 2 0 3 6 1 4 7 2 8 5
49 46 3 5 3 6 1 4 7 0 2 8
50 48 2 0 3 6 1 4 7 5 2 8
55 51 4 4 3 6 1 0 7 5 2 8
56 52 4 4 3 6 1 2 7 5 0 8
56 53 3 4 3 6 1 2 7 0 5 8
58 56 2 4 3 6 1 0 7 2 5 8
57 55 2 0 3 6 1 2 7 4 5 8
61 58 3 2 3 6 1 0 7 4 5 8
60 57 3 4 3 6 1 7 0 2 5 8
60 57 3 4 3 6 0 1 7 2 5 8
60 57 3 4 3 6 1 5 7 2 0 8
60 57 3 4 0 6 1 3 7 2 5 8
60 58 2 0 4 6 1 3 7 2 5 8
64 61 3 3 4 6 1 0 7 2 5 8
64 62 2 3 0 6 1 4 7 2 5 8
63 63 0 0 3 6 1 4 7 2 5 8
