0 0 0 6 4 7 1 8 3 2 5 0
8 3 5 6 4 7 1 0 3 2 5 8
8 4 4 6 0 7 1 4 3 2 5 8
8 5 3 0 6 7 1 4 3 2 5 8
11 7 4 7 6 0 1 4 3 2 5 8
11 8 3 7 0 6 1 4 3 2 5 8
11 9 2 0 7 6 1 4 3 2 5 8
16 12 4 4 7 6 1 0 3 2 5 8
17 13 4 4 7 6 1 3 0 2 5 8
16 12 4 8 7 6 1 4 3 2 5 0
17 13 4 8 7 6 1 4 0 2 5 3
13 9 4 7 4 6 1 0 3 2 5 8
14 10 4 7 4 6 1 3 0 2 5 8
15 11 4 2 7 6 1 4 3 0 5 8
14 10 4 1 7 6 0 4 3 2 5 8
12 8 4 7 6 3 1 4 0 2 5 8
17 13 4 4 0 6 1 7 3 2 5 8
17 14 3 0 4 6 1 7 3 2 5 8
9 5 4 6 7 0 1 4 3 2 5 8
10 6 4 6 7 3 1 4 0 2 5 8
12 7 5 6 7 3 1 0 4 2 5 8
13 8 5 6 0 3 1 7 4 2 5 8
13 9 4 6 3 0 1 7 4 2 5 8
13 11 2 0 3 6 1 7 4 2 5 8
17 14 3 7 3 6 1 0 4 2 5 8
17 15 2 7 3 6 1 4 0 2 5 8
19 16 3 7 3 6 1 4 8 2 5 0
21 19 2 0 3 6 1 4 8 2 5 7
19 16 3 7 3 0 1 4 6 2 5 8
20 18 2 0 3 7 1 4 6 2 5 8
25 21 4 4 3 7 1 0 6 2 5 8
26 22 4 4 3 7 1 6 0 2 5 8
26 23 3 4 3 0 1 6 7 2 5 8
28 26 2 4 3 6 1 0 7 2 5 8
27 25 2 0 3 4 1 6 7 2 5 8
31 28 3 6 3 4 1 0 7 2 5 8
30 27 3 4 3 6 1 7 0 2 5 8
30 27 3 4 3 6 0 1 7 2 5 8
30 27 3 4 3 6 1 5 7 2 0 8
30 27 3 4 0 6 1 3 7 2 5 8
30 28 2 0 4 6 1 3 7 2 5 8
34 31 3 3 4 6 1 0 7 2 5 8
34 32 2 3 0 6 1 4 7 2 5 8
33 33 0 0 3 6 1 4 7 2 5 8
