0 0 0 5 4 2 3 6 7 0 1
8 1 7 5 4 2 3 6 7 1 0
8 1 7 5 4 2 3 6 0 7 1
8 2 6 5 4 2 3 0 6 7 1
9 4 5 0 4 2 3 5 6 7 1
10 7 3 1 4 2 3 5 6 7 0
14 10 4 1 4 0 3 5 6 7 2
14 11 3 1 4 3 0 5 6 7 2
14 12 2 1 4 3 2 5 6 7 0
19 15 4 1 4 0 2 5 6 7 3
20 16 4 1 0 4 2 5 6 7 3
12 8 4 1 4 2 0 5 6 7 3
17 13 4 1 4 3 2 5 6 0 7
18 14 4 1 4 3 5 0 6 7 2
19 16 3 1 4 3 5 2 6 7 0
21 17 4 1 4 3 0 2 6 7 5
21 17 4 1 0 3 5 4 6 7 2
18 14 4 1 4 3 7 5 6 0 2
18 15 3 1 4 3 7 5 6 2 0
20 16 4 1 4 3 0 5 6 2 7
15 11 4 1 0 4 3 5 6 7 2
17 13 4 0 4 3 1 5 6 7 2
19 16 3 2 4 3 1 5 6 7 0
21 17 4 2 4 3 0 5 6 7 1
18 14 4 4 0 3 1 5 6 7 2
19 15 4 0 4 3 2 5 6 7 1
20 16 4 4 0 3 2 5 6 7 1
18 14 4 1 4 3 2 0 6 7 5
21 17 4 1 0 3 2 4 6 7 5
23 18 5 1 3 0 2 4 6 7 5
24 19 5 1 3 2 0 4 6 7 5
26 22 4 1 3 2 4 0 6 7 5
26 24 2 1 3 2 4 5 6 7 0
30 27 3 1 3 0 4 5 6 7 2
30 28 2 1 0 3 4 5 6 7 2
32 29 3 0 1 3 4 5 6 7 2
34 32 2 2 1 3 4 5 6 7 0
32 29 3 1 6 3 4 5 0 7 2
34 30 4 1 6 3 4 5 7 0 2
34 31 3 1 6 3 4 5 7 2 0
37 33 4 2 1 3 0 5 6 7 4
39 35 4 0 1 3 2 5 6 7 4
41 38 3 4 1 3 2 5 6 7 0
39 36 3 1 0 3 2 5 6 7 4
41 37 4 1 3 0 2 5 6 7 4
24 20 4 1 3 2 5 4 6 7 0
31 27 4 0 3 2 4 5 6 7 1
32 28 4 3 0 2 4 5 6 7 1
32 29 3 3 2 0 4 5 6 7 1
34 30 4 3 2 4 0 5 6 7 1
34 31 3 3 2 4 1 5 6 7 0
38 34 4 3 2 0 1 5 6 7 4
39 35 4 3 2 1 0 5 6 7 4
38 36 2 3 2 1 4 5 6 7 0
42 39 3 0 2 1 4 5 6 7 3
46 42 4 6 2 1 4 5 0 7 3
41 37 4 3 2 1 4 5 6 0 7
42 38 4 3 2 0 4 5 6 1 7
29 25 4 1 3 2 4 5 6 0 7
30 26 4 1 3 0 4 5 6 2 7
30 27 3 1 0 3 4 5 6 2 7
32 28 4 0 1 3 4 5 6 2 7
34 31 3 7 1 3 4 5 6 2 0
36 32 4 7 1 3 4 5 6 0 2
32 28 4 1 6 3 4 5 0 2 7
33 29 4 1 6 3 4 5 2 0 7
32 30 2 1 6 3 4 5 2 7 0
37 33 4 1 6 0 4 5 2 7 3
38 34 4 1 0 6 4 5 2 7 3
38 35 3 1 2 6 4 5 0 7 3
40 36 4 1 2 6 4 5 7 0 3
40 37 3 1 2 6 4 5 7 3 0
44 40 4 1 2 0 4 5 7 3 6
44 41 3 1 2 3 4 5 7 0 6
44 42 2 1 2 3 4 5 7 6 0
44 42 2 1 2 3 4 5 0 7 6
46 43 3 1 2 3 4 0 5 7 6
47 45 2 1 2 3 4 6 5 7 0
46 43 3 1 0 3 4 5 2 7 6
48 44 4 1 3 0 4 5 2 7 6
47 43 4 1 2 3 0 5 7 6 4
50 46 4 1 2 3 6 5 7 0 4
50 47 3 1 2 3 6 5 7 4 0
50 47 3 1 2 3 6 5 0 7 4
52 48 4 1 2 3 6 0 5 7 4
53 50 3 1 2 3 6 4 5 7 0
52 48 4 1 0 3 6 5 2 7 4
40 36 4 1 2 6 4 0 5 7 3
41 38 3 1 2 6 4 3 5 7 0
45 41 4 1 2 0 4 3 5 7 6
50 46 4 1 2 3 4 6 5 0 7
51 47 4 1 2 3 4 6 0 5 7
51 48 3 1 2 3 4 0 6 5 7
52 50 2 1 2 3 4 7 6 5 0
54 51 3 1 2 3 4 7 6 0 5
56 52 4 1 2 3 4 7 0 6 5
55 51 4 1 0 3 4 2 6 5 7
56 52 4 1 2 0 4 7 6 3 5
50 46 4 1 0 3 4 2 5 7 6
51 47 4 1 5 3 4 2 0 7 6
52 48 4 1 5 3 4 0 2 7 6
53 50 3 1 5 3 4 6 2 7 0
52 48 4 1 2 0 4 6 5 7 3
52 48 4 1 2 3 0 5 7 4 6
36 32 4 1 6 3 4 0 2 7 5
39 35 4 1 0 3 4 6 2 7 5
39 36 3 1 2 3 4 6 0 7 5
39 37 2 1 2 3 4 0 6 7 5
39 39 0 1 2 3 4 5 6 7 0
