0 0 0 6 2 1 7 3 8 5 0 4
8 1 7 6 2 1 7 3 8 5 4 0
12 4 8 6 2 1 7 0 8 5 4 3
13 5 8 6 2 1 7 8 0 5 4 3
13 6 7 6 2 1 7 8 3 5 4 0
17 9 8 6 2 1 7 0 3 5 4 8
18 10 8 6 2 1 0 7 3 5 4 8
19 11 8 6 2 1 5 7 3 0 4 8
21 14 7 6 2 1 5 0 3 7 4 8
21 15 6 6 2 1 0 5 3 7 4 8
23 16 7 6 2 1 7 5 3 0 4 8
24 18 6 6 2 1 7 5 3 8 4 0
28 21 7 0 2 1 7 5 3 8 4 6
29 23 6 1 2 0 7 5 3 8 4 6
30 25 5 1 2 6 7 5 3 8 4 0
29 24 5 1 2 3 7 5 0 8 4 6
28 25 3 1 2 3 7 5 6 8 4 0
31 27 4 1 2 3 7 5 6 0 4 8
31 28 3 1 2 3 0 5 6 7 4 8
33 29 4 1 2 3 5 0 6 7 4 8
34 30 4 1 2 3 5 4 6 7 0 8
33 31 2 1 2 3 5 4 6 7 8 0
37 34 3 1 2 3 5 0 6 7 8 4
37 35 2 1 2 3 0 5 6 7 8 4
39 36 3 1 2 3 7 5 6 0 8 4
40 38 2 1 2 3 7 5 6 4 8 0
45 41 4 1 2 3 7 0 6 4 8 5
46 42 4 1 2 3 0 7 6 4 8 5
46 43 3 1 2 3 4 7 6 0 8 5
48 46 2 1 2 3 4 0 6 7 8 5
47 45 2 1 2 3 4 7 6 5 8 0
51 48 3 1 2 3 4 0 6 5 8 7
50 47 3 1 2 3 4 6 0 7 8 5
50 48 2 1 2 3 4 6 5 7 8 0
54 51 3 1 2 3 4 0 5 7 8 6
54 52 2 1 2 3 4 5 0 7 8 6
53 53 0 1 2 3 4 5 6 7 8 0
