0 0 0 1 3 4 7 0 5 6 8 2
7 1 6 1 3 4 7 5 0 6 8 2
7 2 5 1 3 4 7 5 2 6 8 0
10 4 6 1 3 0 7 5 2 6 8 4
10 5 5 1 0 3 7 5 2 6 8 4
12 6 6 0 1 3 7 5 2 6 8 4
14 9 5 4 1 3 7 5 2 6 8 0
17 11 6 4 1 3 7 5 2 0 8 6
17 12 5 4 1 3 0 5 2 7 8 6
19 13 6 4 1 3 5 0 2 7 8 6
20 14 6 4 1 3 5 2 0 7 8 6
19 15 4 4 1 3 5 2 6 7 8 0
23 18 5 4 1 3 5 0 6 7 8 2
23 19 4 4 1 3 0 5 6 7 8 2
25 20 5 4 1 3 7 5 6 0 8 2
26 22 4 4 1 3 7 5 6 2 8 0
30 25 5 0 1 3 7 5 6 2 8 4
30 26 4 1 0 3 7 5 6 2 8 4
32 27 5 1 3 0 7 5 6 2 8 4
33 29 4 1 3 4 7 5 6 2 8 0
36 31 5 1 3 4 7 5 6 0 8 2
36 32 4 1 3 4 0 5 6 7 8 2
38 33 5 1 3 4 5 0 6 7 8 2
39 34 5 1 0 4 5 3 6 7 8 2
40 35 5 1 4 0 5 3 6 7 8 2
42 38 4 1 4 3 5 0 6 7 8 2
42 39 3 1 4 3 0 5 6 7 8 2
44 40 4 1 4 3 7 5 6 0 8 2
45 42 3 1 4 3 7 5 6 2 8 0
43 39 4 1 0 3 5 4 6 7 8 2
41 37 4 1 4 2 5 3 6 7 8 0
45 40 5 1 4 2 5 0 6 7 8 3
45 41 4 1 4 2 0 5 6 7 8 3
47 42 5 1 4 2 7 5 6 0 8 3
48 44 4 1 4 2 7 5 6 3 8 0
50 45 5 1 4 2 7 5 6 3 0 8
50 45 5 1 4 2 7 5 0 3 8 6
51 46 5 1 4 0 7 5 2 3 8 6
52 48 4 1 4 6 7 5 2 3 8 0
54 49 5 1 4 6 7 5 2 3 0 8
47 42 5 0 4 3 7 5 6 1 8 2
49 45 4 2 4 3 7 5 6 1 8 0
52 47 5 2 4 3 7 5 6 0 8 1
52 48 4 2 4 3 0 5 6 7 8 1
54 49 5 2 4 3 5 0 6 7 8 1
55 50 5 2 0 3 5 4 6 7 8 1
55 51 4 0 2 3 5 4 6 7 8 1
56 54 2 1 2 3 5 4 6 7 8 0
60 57 3 1 2 3 5 0 6 7 8 4
60 58 2 1 2 3 0 5 6 7 8 4
62 59 3 1 2 3 7 5 6 0 8 4
63 61 2 1 2 3 7 5 6 4 8 0
68 64 4 1 2 3 7 0 6 4 8 5
69 65 4 1 2 3 0 7 6 4 8 5
69 66 3 1 2 3 4 7 6 0 8 5
71 69 2 1 2 3 4 0 6 7 8 5
70 68 2 1 2 3 4 7 6 5 8 0
74 71 3 1 2 3 4 0 6 5 8 7
73 70 3 1 2 3 4 6 0 7 8 5
73 71 2 1 2 3 4 6 5 7 8 0
77 74 3 1 2 3 4 0 5 7 8 6
77 75 2 1 2 3 4 5 0 7 8 6
76 76 0 1 2 3 4 5 6 7 8 0
