0 0 0 2 5 1 4 3 6 0 7
7 1 6 2 5 1 4 3 0 6 7
7 2 5 2 0 1 4 3 5 6 7
7 3 4 2 1 0 4 3 5 6 7
8 4 4 2 1 4 0 3 5 6 7
10 7 3 2 1 4 3 0 5 6 7
11 9 2 0 1 4 3 2 5 6 7
9 6 3 0 1 4 2 3 5 6 7
11 7 4 3 1 4 2 0 5 6 7
13 9 4 2 1 4 3 7 5 6 0
15 12 3 0 1 4 3 7 5 6 2
17 13 4 7 1 4 3 0 5 6 2
16 12 4 2 1 0 3 7 5 6 4
12 8 4 2 1 4 3 5 0 6 7
14 10 4 3 1 4 0 2 5 6 7
15 11 4 3 1 0 4 2 5 6 7
14 10 4 1 0 4 3 2 5 6 7
15 11 4 1 4 0 3 2 5 6 7
7 3 4 0 2 1 4 3 5 6 7
14 10 4 2 0 4 3 1 5 6 7
14 11 3 0 2 4 3 1 5 6 7
18 14 4 5 2 4 3 1 0 6 7
19 15 4 5 2 4 3 1 6 0 7
17 13 4 3 2 4 0 1 5 6 7
19 16 3 3 2 4 6 1 5 0 7
19 17 2 3 2 4 6 1 0 5 7
21 18 3 3 2 4 6 0 1 5 7
22 20 2 0 2 4 6 3 1 5 7
26 23 3 1 2 4 6 3 0 5 7
26 24 2 1 2 4 6 0 3 5 7
26 26 0 0 2 4 6 1 3 5 7
