0 0 0 2 6 3 7 1 4 5 0
9 3 6 2 6 0 7 1 4 5 3
9 4 5 2 6 5 7 1 4 0 3
9 5 4 2 6 5 7 1 4 3 0
13 8 5 0 6 5 7 1 4 3 2
13 9 4 1 6 5 7 0 4 3 2
13 11 2 1 6 5 7 2 4 3 0
15 12 3 1 6 5 7 2 4 0 3
17 13 4 1 6 5 7 2 0 4 3
18 14 4 1 0 5 7 2 6 4 3
18 14 4 0 6 5 7 2 4 3 1
19 15 4 6 0 5 7 2 4 3 1
16 12 4 1 0 5 7 6 4 3 2
17 13 4 1 6 0 7 2 4 5 3
18 14 4 1 0 6 7 2 4 5 3
18 14 4 1 6 0 7 2 4 3 5
19 15 4 1 0 6 7 2 4 3 5
19 15 4 1 6 3 7 2 4 0 5
19 16 3 1 6 3 7 2 4 5 0
16 12 4 1 6 5 0 2 4 3 7
19 15 4 1 6 5 3 2 4 0 7
19 16 3 1 6 5 3 2 4 7 0
21 17 4 1 6 5 0 2 4 7 3
25 20 5 1 6 5 2 0 4 7 3
26 22 4 1 6 5 2 3 4 7 0
28 23 5 1 6 5 2 3 4 0 7
21 16 5 0 1 6 7 2 4 3 5
23 19 4 5 1 6 7 2 4 3 0
27 22 5 5 1 0 7 2 4 3 6
28 23 5 5 0 1 7 2 4 3 6
29 24 5 0 5 1 7 2 4 3 6
31 27 4 6 5 1 7 2 4 3 0
33 28 5 6 5 1 7 2 4 0 3
34 29 5 6 5 0 7 2 4 1 3
34 30 4 6 0 5 7 2 4 1 3
35 31 4 0 6 5 7 2 4 1 3
37 34 3 3 6 5 7 2 4 1 0
39 35 4 3 6 5 7 2 4 0 1
41 36 5 3 6 5 7 2 0 4 1
42 37 5 3 0 5 7 2 6 4 1
42 38 4 0 3 5 7 2 6 4 1
43 41 2 1 3 5 7 2 6 4 0
45 42 3 1 3 5 7 2 6 0 4
45 43 2 1 3 5 7 2 0 6 4
47 44 3 1 3 5 7 0 2 6 4
48 46 2 1 3 5 7 4 2 6 0
47 44 3 1 0 5 7 2 3 6 4
49 45 4 1 5 0 7 2 3 6 4
49 45 4 0 1 5 7 2 3 6 4
51 48 3 4 1 5 7 2 3 6 0
47 43 4 1 3 5 7 0 6 4 2
48 44 4 1 3 5 7 6 0 4 2
48 45 3 1 3 5 7 6 4 0 2
48 46 2 1 3 5 7 6 4 2 0
51 48 3 1 3 5 7 0 4 2 6
55 51 4 1 0 5 7 3 4 2 6
50 46 4 0 3 5 7 1 2 6 4
52 49 3 4 3 5 7 1 2 6 0
55 51 4 4 3 5 7 0 2 6 1
55 52 3 4 3 5 7 2 0 6 1
57 53 4 4 3 5 7 2 6 0 1
57 54 3 4 3 5 7 2 6 1 0
61 57 4 0 3 5 7 2 6 1 4
64 60 4 6 3 5 7 2 0 1 4
65 61 4 6 3 5 7 2 1 0 4
65 62 3 6 3 5 7 2 1 4 0
69 65 4 0 3 5 7 2 1 4 6
71 68 3 1 3 5 7 2 0 4 6
71 69 2 1 3 5 7 2 4 0 6
70 70 0 1 3 5 7 2 4 6 0
