0 0 0 8 0 2 4 6 1 3 7 5
8 1 7 8 2 0 4 6 1 3 7 5
10 4 6 8 2 3 4 6 1 0 7 5
11 6 5 8 2 3 4 6 1 5 7 0
10 5 5 8 2 3 4 6 1 7 0 5
10 6 4 8 2 3 4 6 1 7 5 0
14 9 5 8 2 3 4 0 1 7 5 6
14 10 4 8 2 3 4 5 1 7 0 6
14 11 3 8 2 3 4 5 1 7 6 0
18 14 4 0 2 3 4 5 1 7 6 8
16 12 4 8 2 3 4 5 0 7 6 1
18 13 5 8 2 3 4 0 5 7 6 1
19 14 5 8 2 3 4 6 5 7 0 1
19 15 4 8 2 3 4 6 5 7 1 0
23 18 5 8 2 3 4 0 5 7 1 6
23 19 4 8 2 3 4 5 0 7 1 6
22 20 2 8 2 3 4 5 6 7 1 0
26 23 3 0 2 3 4 5 6 7 1 8
24 21 3 8 2 3 4 5 6 7 0 1
26 22 4 8 2 3 4 5 6 0 7 1
27 24 3 8 2 3 4 5 6 1 7 0
31 27 4 0 2 3 4 5 6 1 7 8
32 29 3 1 2 3 4 5 6 0 7 8
33 31 2 1 2 3 4 5 6 8 7 0
32 30 2 1 2 3 4 5 6 7 0 8
31 31 0 1 2 3 4 5 6 7 8 0
